"cdr3"	"cdr3_aa"	"junction"	"junction_aa"	"v_call"	"d_call"	"j_call"	"v_germline_end"	"d_germline_start"	"d_germline_end"	"j_germline_start"	"np1_length"	"np2_length"	"v_cigar"	"sequence_id"	"sequence"	"rev_comp"	"productive"	"sequence_alignment"	"germline_alignment"	"d_cigar"	"j_cigar"
"CAGTGCCCATCCTGAAGACAGCAGCTTCTACATCTGCAGTGCTACCCCCCCTAGCGTGGAAGCTCCTACGAGCAGTACTTCGGGCCG"	""	"CAGTGCCCATCCTGAAGACAGCAGCTTCTACATCTGCAGTGCTACCCCCCCTAGCGTGGAAGCTCCTACGAGCAGTACTTCGGGCCG"	""	NA	"TCRBD2-1"	"TCRBJ2-7*1"	44	50	56	62	6	6	NA	NA	"CAGTGCCCATCCTGAAGACAGCAGCTTCTACATCTGCAGTGCTACCCCCCCTAGCGTGGAAGCTCCTACGAGCAGTACTTCGGGCCG"	FALSE	FALSE	NA	NA	NA	NA
"TTGGAGATCCAGCGCACAGAGCAGGGGGACTCGGCCATGTATCTCTGTGCCAGCAGCTTGTCGTACGGCGAACTGTTTTTTGGAGAA"	"CASSLSYGELFF"	"TTGGAGATCCAGCGCACAGAGCAGGGGGACTCGGCCATGTATCTCTGTGCCAGCAGCTTGTCGTACGGCGAACTGTTTTTTGGAGAA"	"CASSLSYGELFF"	"TCRBV7-9*1"	NA	"TCRBJ2-2*1"	59	66	69	72	7	3	NA	NA	"TTGGAGATCCAGCGCACAGAGCAGGGGGACTCGGCCATGTATCTCTGTGCCAGCAGCTTGTCGTACGGCGAACTGTTTTTTGGAGAA"	FALSE	TRUE	NA	NA	NA	NA
"CACGCCCTGCAGCCAGAAGACTCAGCCCTGTATCTCTGCGCCAGCAGCCGCACAGGGGTTGGCAATCAGCCCCAGCATTTTGGTGAT"	"CASSRTGVGNQPQHF"	"CACGCCCTGCAGCCAGAAGACTCAGCCCTGTATCTCTGCGCCAGCAGCCGCACAGGGGTTGGCAATCAGCCCCAGCATTTTGGTGAT"	"CASSRTGVGNQPQHF"	"TCRBV4-1*1"	"TCRBD1-1*1"	"TCRBJ1-5*1"	49	51	58	61	2	3	NA	NA	"CACGCCCTGCAGCCAGAAGACTCAGCCCTGTATCTCTGCGCCAGCAGCCGCACAGGGGTTGGCAATCAGCCCCAGCATTTTGGTGAT"	FALSE	TRUE	NA	NA	NA	NA
"ATCCAGCCCTCAGAACCCAGGGACTCAGCTGTGTACTTCTGTGCCAGCAGTCGAGACAGGCTGGGCGGGGAGCTGTTTTTTGGAGAA"	"CASSRDRLGGELFF"	"ATCCAGCCCTCAGAACCCAGGGACTCAGCTGTGTACTTCTGTGCCAGCAGTCGAGACAGGCTGGGCGGGGAGCTGTTTTTTGGAGAA"	"CASSRDRLGGELFF"	NA	"TCRBD1-1*1"	"TCRBJ2-2*1"	51	54	60	65	3	5	NA	NA	"ATCCAGCCCTCAGAACCCAGGGACTCAGCTGTGTACTTCTGTGCCAGCAGTCGAGACAGGCTGGGCGGGGAGCTGTTTTTTGGAGAA"	FALSE	TRUE	NA	NA	NA	NA
"CTGAGCTCTCTGGAGCTGGGGGACTCAGCTTTGTATTTCTGTGCCAGCAGCGCGGGGGCAGAACCCTACGAGCAGTACTTCGGGCCG"	"CASSAGAEPYEQYF"	"CTGAGCTCTCTGGAGCTGGGGGACTCAGCTTTGTATTTCTGTGCCAGCAGCGCGGGGGCAGAACCCTACGAGCAGTACTTCGGGCCG"	"CASSAGAEPYEQYF"	"TCRBV9-1*1"	NA	"TCRBJ2-7*1"	52	53	59	64	1	5	NA	NA	"CTGAGCTCTCTGGAGCTGGGGGACTCAGCTTTGTATTTCTGTGCCAGCAGCGCGGGGGCAGAACCCTACGAGCAGTACTTCGGGCCG"	FALSE	TRUE	NA	NA	NA	NA
"AACGCCTTGGAGCTGGACGACTCGGCCCTGTATCTCTGTGCCAGCAGCCTGATCGGGAGGGCCCAAGAGACCCAGTACTTCGGGCCA"	"CASSLIGRAQETQYF"	"AACGCCTTGGAGCTGGACGACTCGGCCCTGTATCTCTGTGCCAGCAGCCTGATCGGGAGGGCCCAAGAGACCCAGTACTTCGGGCCA"	"CASSLIGRAQETQYF"	"TCRBV5-4*1"	"TCRBD2-1*2"	"TCRBJ2-5*1"	48	53	61	62	5	1	NA	NA	"AACGCCTTGGAGCTGGACGACTCGGCCCTGTATCTCTGTGCCAGCAGCCTGATCGGGAGGGCCCAAGAGACCCAGTACTTCGGGCCA"	FALSE	TRUE	NA	NA	NA	NA
"ACCAGTGCCCATCCTGAAGACAGCAGCTTCTACATCTGCAGTGCTAGAGCCCTAGCGGATCAAACAGATACGCAGTATTTTGGCCCA"	"CSARALADQTDTQYF"	"ACCAGTGCCCATCCTGAAGACAGCAGCTTCTACATCTGCAGTGCTAGAGCCCTAGCGGATCAAACAGATACGCAGTATTTTGGCCCA"	"CSARALADQTDTQYF"	NA	"TCRBD2-1"	"TCRBJ2-3*1"	49	51	58	63	2	5	NA	NA	"ACCAGTGCCCATCCTGAAGACAGCAGCTTCTACATCTGCAGTGCTAGAGCCCTAGCGGATCAAACAGATACGCAGTATTTTGGCCCA"	FALSE	TRUE	NA	NA	NA	NA
"CCCTCAGAACCCAGGGACTCAGCTGTGTACTTCTGTGCCAGCAGTCCCCAGGCGGGACTAAGCTCCTACGAGCAGTACTTCGGGCCG"	"CASSPQAGLSSYEQYF"	"CCCTCAGAACCCAGGGACTCAGCTGTGTACTTCTGTGCCAGCAGTCCCCAGGCGGGACTAAGCTCCTACGAGCAGTACTTCGGGCCG"	"CASSPQAGLSSYEQYF"	NA	"TCRBD2-1"	"TCRBJ2-7*1"	45	53	60	62	8	2	NA	NA	"CCCTCAGAACCCAGGGACTCAGCTGTGTACTTCTGTGCCAGCAGTCCCCAGGCGGGACTAAGCTCCTACGAGCAGTACTTCGGGCCG"	FALSE	TRUE	NA	NA	NA	NA
"AGTTCTAAGAAGCTCCTTCTCAGTGACTCTGGCTTCTATCTCTGTGCCTGGAGTGGGAGGGGTAGTACTGAAGCTTTCTTTGGACAA"	"CAWSGRGSTEAFF"	"AGTTCTAAGAAGCTCCTTCTCAGTGACTCTGGCTTCTATCTCTGTGCCTGGAGTGGGAGGGGTAGTACTGAAGCTTTCTTTGGACAA"	"CAWSGRGSTEAFF"	"TCRBV3-1*1"	"TCRBD2-1*2"	"TCRBJ1-1*1"	-1	55	61	66	56	5	NA	NA	"AGTTCTAAGAAGCTCCTTCTCAGTGACTCTGGCTTCTATCTCTGTGCCTGGAGTGGGAGGGGTAGTACTGAAGCTTTCTTTGGACAA"	FALSE	TRUE	NA	NA	NA	NA
"GATCCAGTCCACGGAGTCAGGGGACACAGCACTGTATTTCTGTGCCAGCTTAGGGGCCCCCAGATCTACGAGCAGTACTTCGGGCCG"	""	"GATCCAGTCCACGGAGTCAGGGGACACAGCACTGTATTTCTGTGCCAGCTTAGGGGCCCCCAGATCTACGAGCAGTACTTCGGGCCG"	""	"TCRBV21-1*1"	"TCRBD1-1*1"	"TCRBJ2-7*1"	49	51	56	65	2	9	NA	NA	"GATCCAGTCCACGGAGTCAGGGGACACAGCACTGTATTTCTGTGCCAGCTTAGGGGCCCCCAGATCTACGAGCAGTACTTCGGGCCG"	FALSE	FALSE	NA	NA	NA	NA
"GCTGCTCCCTCCCAGACATCTGTGTACTTCTGTGCCAGCAGTTACTCGAAGGTCAGTTTCGGTGCCGCGGGGCAGTACTTCGGGCCG"	"CASSYSKVSFGAAGQYF"	"GCTGCTCCCTCCCAGACATCTGTGTACTTCTGTGCCAGCAGTTACTCGAAGGTCAGTTTCGGTGCCGCGGGGCAGTACTTCGGGCCG"	"CASSYSKVSFGAAGQYF"	NA	"TCRBD2-1"	"TCRBJ2-7*1"	47	66	-1	71	19	72	NA	NA	"GCTGCTCCCTCCCAGACATCTGTGTACTTCTGTGCCAGCAGTTACTCGAAGGTCAGTTTCGGTGCCGCGGGGCAGTACTTCGGGCCG"	FALSE	TRUE	NA	NA	NA	NA
"AGGATCCAGCAGGTAGTGCGAGGAGATTCGGCAGCTTATTTCTGTGCCAGCGCAGGGTTAGCCACCGGGGAGCTGTTTTTTGGAGAA"	"CASAGLATGELFF"	"AGGATCCAGCAGGTAGTGCGAGGAGATTCGGCAGCTTATTTCTGTGCCAGCGCAGGGTTAGCCACCGGGGAGCTGTTTTTTGGAGAA"	"CASAGLATGELFF"	"TCRBV18-1*1"	"TCRBD1-1*1"	"TCRBJ2-2*1"	51	52	57	62	1	5	NA	NA	"AGGATCCAGCAGGTAGTGCGAGGAGATTCGGCAGCTTATTTCTGTGCCAGCGCAGGGTTAGCCACCGGGGAGCTGTTTTTTGGAGAA"	FALSE	TRUE	NA	NA	NA	NA
"GCCTTGGAGCTGGACGACTCGGCCCTGTATCTCTGTGCCAGCAGCTTGGCGGGAGGGGGCGGCACCGGGGAGCTGTTTTTTGGAGAA"	"CASSLAGGGGTGELFF"	"GCCTTGGAGCTGGACGACTCGGCCCTGTATCTCTGTGCCAGCAGCTTGGCGGGAGGGGGCGGCACCGGGGAGCTGTTTTTTGGAGAA"	"CASSLAGGGGTGELFF"	"TCRBV5-4*1"	"TCRBD2-1*2"	"TCRBJ2-2*1"	-1	49	57	62	50	5	NA	NA	"GCCTTGGAGCTGGACGACTCGGCCCTGTATCTCTGTGCCAGCAGCTTGGCGGGAGGGGGCGGCACCGGGGAGCTGTTTTTTGGAGAA"	FALSE	TRUE	NA	NA	NA	NA
"AGCTCCTTCTCAGTGACTCTGGCTTCTATCTCTGTGCCTGGAACCAAATGGTGGCGCAGGGAGAAGGAGACCCAGTACTTCGGGCCA"	""	"AGCTCCTTCTCAGTGACTCTGGCTTCTATCTCTGTGCCTGGAACCAAATGGTGGCGCAGGGAGAAGGAGACCCAGTACTTCGGGCCA"	""	"TCRBV3-1*1"	NA	"TCRBJ2-5*1"	42	56	61	66	14	5	NA	NA	"AGCTCCTTCTCAGTGACTCTGGCTTCTATCTCTGTGCCTGGAACCAAATGGTGGCGCAGGGAGAAGGAGACCCAGTACTTCGGGCCA"	FALSE	FALSE	NA	NA	NA	NA
"GAGTCTGCCAGGCCCTCACATACCTCTCAGTACCTCTGTGCCAGCAGTGAAATTGGTGGGCTGGGATATGGCTACACCTTCGGTTCG"	"CASSEIGGLGYGYTF"	"GAGTCTGCCAGGCCCTCACATACCTCTCAGTACCTCTGTGCCAGCAGTGAAATTGGTGGGCTGGGATATGGCTACACCTTCGGTTCG"	"CASSEIGGLGYGYTF"	"TCRBV25-1*1"	NA	"TCRBJ1-2*1"	51	62	-1	66	11	67	NA	NA	"GAGTCTGCCAGGCCCTCACATACCTCTCAGTACCTCTGTGCCAGCAGTGAAATTGGTGGGCTGGGATATGGCTACACCTTCGGTTCG"	FALSE	TRUE	NA	NA	NA	NA
"CACCCTGCAGCCAGAAGACTCGGCCCTGTATCTCTGCGCCAGCAGCCAACCTAGCGGGAGCCTCCCGGGGAGCTGTTTTTTGGAGAA"	""	"CACCCTGCAGCCAGAAGACTCGGCCCTGTATCTCTGCGCCAGCAGCCAACCTAGCGGGAGCCTCCCGGGGAGCTGTTTTTTGGAGAA"	""	"TCRBV4-3*1"	"TCRBD2-1*2"	"TCRBJ2-2*1"	49	50	60	64	1	4	NA	NA	"CACCCTGCAGCCAGAAGACTCGGCCCTGTATCTCTGCGCCAGCAGCCAACCTAGCGGGAGCCTCCCGGGGAGCTGTTTTTTGGAGAA"	FALSE	FALSE	NA	NA	NA	NA
"GTGACCAGTGCCCATCCTGAAGACAGCAGCTTCTACATCTGCAGTGCTAGAGGGTTGAACAGATACAATGAGCAGTTCTTCGGGCCA"	"CSARGLNRYNEQFF"	"GTGACCAGTGCCCATCCTGAAGACAGCAGCTTCTACATCTGCAGTGCTAGAGGGTTGAACAGATACAATGAGCAGTTCTTCGGGCCA"	"CSARGLNRYNEQFF"	NA	"TCRBD1-1*1"	"TCRBJ2-1*1"	52	58	62	63	6	1	NA	NA	"GTGACCAGTGCCCATCCTGAAGACAGCAGCTTCTACATCTGCAGTGCTAGAGGGTTGAACAGATACAATGAGCAGTTCTTCGGGCCA"	FALSE	TRUE	NA	NA	NA	NA
"CTGGAGTCAGCTACCCGCTCCCAGACATCTGTGTATTTCTGCGCCAGCGCTCCGGGGACACAGCCCTACGAGCAGTACTTCGGGCCG"	"CASAPGTQPYEQYF"	"CTGGAGTCAGCTACCCGCTCCCAGACATCTGTGTATTTCTGCGCCAGCGCTCCGGGGACACAGCCCTACGAGCAGTACTTCGGGCCG"	"CASAPGTQPYEQYF"	"TCRBV1-2*1"	"TCRBD1-1*1"	"TCRBJ2-7*1"	48	54	60	64	6	4	NA	NA	"CTGGAGTCAGCTACCCGCTCCCAGACATCTGTGTATTTCTGCGCCAGCGCTCCGGGGACACAGCCCTACGAGCAGTACTTCGGGCCG"	FALSE	TRUE	NA	NA	NA	NA
"GCCCTGCAGCCAGAAGACTCAGCCCTGTATCTCTGCGCCAGCAGCCAAGACCTCAGGAACCCGTACTACGAGCAGTACTTCGGGCCG"	"CASSQDLRNPYYEQYF"	"GCCCTGCAGCCAGAAGACTCAGCCCTGTATCTCTGCGCCAGCAGCCAAGACCTCAGGAACCCGTACTACGAGCAGTACTTCGGGCCG"	"CASSQDLRNPYYEQYF"	"TCRBV4-1*1"	"TCRBD1-1*1"	"TCRBJ2-7*1"	50	53	57	65	3	8	NA	NA	"GCCCTGCAGCCAGAAGACTCAGCCCTGTATCTCTGCGCCAGCAGCCAAGACCTCAGGAACCCGTACTACGAGCAGTACTTCGGGCCG"	FALSE	TRUE	NA	NA	NA	NA
"GTTGCTGGGGGACTCGGCCCTGTATCTCTGTGCCAGCAGCTTGTTCAGGGACAGGGGCATTTGTGTGAGACCCAGTACTTCGGGCCA"	""	"GTTGCTGGGGGACTCGGCCCTGTATCTCTGTGCCAGCAGCTTGTTCAGGGACAGGGGCATTTGTGTGAGACCCAGTACTTCGGGCCA"	""	"TCRBV5-5*1"	"TCRBD1-1*1"	"TCRBJ2-5*1"	43	47	57	66	4	9	NA	NA	"GTTGCTGGGGGACTCGGCCCTGTATCTCTGTGCCAGCAGCTTGTTCAGGGACAGGGGCATTTGTGTGAGACCCAGTACTTCGGGCCA"	FALSE	FALSE	NA	NA	NA	NA
"GTGAGCACCTTGGAGCTGGGGGACTCGGCCCTTTATCTTTGCGCCAGCAGCTTAGGGACAGGGCTATATGGCTACACCTTCGGTTCG"	"CASSLGTGLYGYTF"	"GTGAGCACCTTGGAGCTGGGGGACTCGGCCCTTTATCTTTGCGCCAGCAGCTTAGGGACAGGGCTATATGGCTACACCTTCGGTTCG"	"CASSLGTGLYGYTF"	"TCRBV5-1*1"	"TCRBD1-1*1"	"TCRBJ1-2*1"	53	54	63	66	1	3	NA	NA	"GTGAGCACCTTGGAGCTGGGGGACTCGGCCCTTTATCTTTGCGCCAGCAGCTTAGGGACAGGGCTATATGGCTACACCTTCGGTTCG"	FALSE	TRUE	NA	NA	NA	NA
"CTGAAGACAGCAGCATATATCTCTGCAGCGTATAATTAGCGGGAGGCCCCAAATCGGCGCGAACACAATGAGCAGTTCTTCGGGCCA"	""	"CTGAAGACAGCAGCATATATCTCTGCAGCGTATAATTAGCGGGAGGCCCCAAATCGGCGCGAACACAATGAGCAGTTCTTCGGGCCA"	""	"TCRBV29-1"	"TCRBD2-1*2"	"TCRBJ2-1*1"	31	36	46	64	5	18	NA	NA	"CTGAAGACAGCAGCATATATCTCTGCAGCGTATAATTAGCGGGAGGCCCCAAATCGGCGCGAACACAATGAGCAGTTCTTCGGGCCA"	FALSE	FALSE	NA	NA	NA	NA
"NTGTCGGCTGCTCCCTCCCAGACATCTGTGTACTTCTGTGCCAGCAGTGAAGACGTCAGCGGGGGTGAAAAACTGTTTTTTGGCAGT"	"CASSEDVSGGEKLFF"	"NTGTCGGCTGCTCCCTCCCAGACATCTGTGTACTTCTGTGCCAGCAGTGAAGACGTCAGCGGGGGTGAAAAACTGTTTTTTGGCAGT"	"CASSEDVSGGEKLFF"	"TCRBV6-1*1"	"TCRBD2-1*1"	"TCRBJ1-4*1"	52	57	-1	65	5	66	NA	NA	"NTGTCGGCTGCTCCCTCCCAGACATCTGTGTACTTCTGTGCCAGCAGTGAAGACGTCAGCGGGGGTGAAAAACTGTTTTTTGGCAGT"	FALSE	TRUE	NA	NA	NA	NA
"CCAGCGCACAGAGCAGGGGGACTCGGCCATGTATCTCTGTGCCAGCAGCTTTCGGGGCGGAAAAATTCACCCCTCCACTTTGGGAAT"	""	"CCAGCGCACAGAGCAGGGGGACTCGGCCATGTATCTCTGTGCCAGCAGCTTTCGGGGCGGAAAAATTCACCCCTCCACTTTGGGAAT"	""	"TCRBV7-9*1"	NA	"TCRBJ1-6*1"	51	53	58	63	2	5	NA	NA	"CCAGCGCACAGAGCAGGGGGACTCGGCCATGTATCTCTGTGCCAGCAGCTTTCGGGGCGGAAAAATTCACCCCTCCACTTTGGGAAT"	FALSE	FALSE	NA	NA	NA	NA
"TCAGAACCCAGGGACTCAGCTGTGTATTTTTGTGCTAGTGGTTTGGTACAGGTAGGGGGCTTAGATGAAAAACTGTTTTTTGGCAGT"	"CASGLVQVGGLDEKLFF"	"TCAGAACCCAGGGACTCAGCTGTGTATTTTTGTGCTAGTGGTTTGGTACAGGTAGGGGGCTTAGATGAAAAACTGTTTTTTGGCAGT"	"CASGLVQVGGLDEKLFF"	"TCRBV12-5*1"	"TCRBD1-1*1"	"TCRBJ1-4*1"	47	53	60	64	6	4	NA	NA	"TCAGAACCCAGGGACTCAGCTGTGTATTTTTGTGCTAGTGGTTTGGTACAGGTAGGGGGCTTAGATGAAAAACTGTTTTTTGGCAGT"	FALSE	TRUE	NA	NA	NA	NA
"AGCCTGCAGAGCTTGGGGACTCGGCCATGTATCTCTGTGCCAGCAGCTTAGCGGGGGGGACTCTACAATGAGCAGTTCTTCGGGCCA"	""	"AGCCTGCAGAGCTTGGGGACTCGGCCATGTATCTCTGTGCCAGCAGCTTAGCGGGGGGGACTCTACAATGAGCAGTTCTTCGGGCCA"	""	"TCRBV11-1*1"	"TCRBD2-1*1"	"TCRBJ2-1*1"	-1	52	59	62	53	3	NA	NA	"AGCCTGCAGAGCTTGGGGACTCGGCCATGTATCTCTGTGCCAGCAGCTTAGCGGGGGGGACTCTACAATGAGCAGTTCTTCGGGCCA"	FALSE	FALSE	NA	NA	NA	NA
"CGCACAGAGCAGGGGGACTCGGCCATGTATCTCTGTGCCAGCAGCTTAGCGACAGGGACTGGGGCCAACGTCCTGACTTTCGGGGCC"	"CASSLATGTGANVLTF"	"CGCACAGAGCAGGGGGACTCGGCCATGTATCTCTGTGCCAGCAGCTTAGCGACAGGGACTGGGGCCAACGTCCTGACTTTCGGGGCC"	"CASSLATGTGANVLTF"	"TCRBV7-9*1"	"TCRBD1-1*1"	"TCRBJ2-6*1"	-1	50	57	58	51	1	NA	NA	"CGCACAGAGCAGGGGGACTCGGCCATGTATCTCTGTGCCAGCAGCTTAGCGACAGGGACTGGGGCCAACGTCCTGACTTTCGGGGCC"	FALSE	TRUE	NA	NA	NA	NA
"CTACACGCCCTGCAGCCAGAAGACTCAGCCCTGTATCTCTGCGCCAGCAGCGGACCGTTACGGAACACTGAAGCTTTCTTTGGACAA"	"CASSGPLRNTEAFF"	"CTACACGCCCTGCAGCCAGAAGACTCAGCCCTGTATCTCTGCGCCAGCAGCGGACCGTTACGGAACACTGAAGCTTTCTTTGGACAA"	"CASSGPLRNTEAFF"	"TCRBV4-1*1"	NA	"TCRBJ1-1*1"	-1	51	55	62	52	7	NA	NA	"CTACACGCCCTGCAGCCAGAAGACTCAGCCCTGTATCTCTGCGCCAGCAGCGGACCGTTACGGAACACTGAAGCTTTCTTTGGACAA"	FALSE	TRUE	NA	NA	NA	NA
"AACCCGACAGCTTTCTATCTCTGTGCCAGTAGCCAGACCTGGTCGGACTAGCGGGAGGGGTCCTACAATGAGCAGTTCTTCGGGCCA"	"CASSQTWSD*REGSYNEQFF"	"AACCCGACAGCTTTCTATCTCTGTGCCAGTAGCCAGACCTGGTCGGACTAGCGGGAGGGGTCCTACAATGAGCAGTTCTTCGGGCCA"	"CASSQTWSD*REGSYNEQFF"	"TCRBV19-1*1"	"TCRBD2-1*2"	"TCRBJ2-1*1"	32	44	59	60	12	1	NA	NA	"AACCCGACAGCTTTCTATCTCTGTGCCAGTAGCCAGACCTGGTCGGACTAGCGGGAGGGGTCCTACAATGAGCAGTTCTTCGGGCCA"	FALSE	TRUE	NA	NA	NA	NA
"NTGTCGGCTGCTCCCTCCCAAACATCTGTGTACTTCTGTGCCAGCAGACAGGGACTAGCGGCCTACAATGAGCAGTTCTTCGGGCCA"	"CASRQGLAAYNEQFF"	"NTGTCGGCTGCTCCCTCCCAAACATCTGTGTACTTCTGTGCCAGCAGACAGGGACTAGCGGCCTACAATGAGCAGTTCTTCGGGCCA"	"CASRQGLAAYNEQFF"	NA	"TCRBD2-1"	"TCRBJ2-1*1"	47	50	-1	61	3	62	NA	NA	"NTGTCGGCTGCTCCCTCCCAAACATCTGTGTACTTCTGTGCCAGCAGACAGGGACTAGCGGCCTACAATGAGCAGTTCTTCGGGCCA"	FALSE	TRUE	NA	NA	NA	NA
"TTGGAGCTGGGGGACTCGGCCCTTTATCTTTGCGCCAGCAGCTTGGGGCTAGCGGGAGTTCTCCCCTACGAGCAGTACTTCGGGCCG"	"CASSLGLAGVLPYEQYF"	"TTGGAGCTGGGGGACTCGGCCCTTTATCTTTGCGCCAGCAGCTTGGGGCTAGCGGGAGTTCTCCCCTACGAGCAGTACTTCGGGCCG"	"CASSLGLAGVLPYEQYF"	"TCRBV5-1*1"	"TCRBD2-1*2"	"TCRBJ2-7*1"	46	48	58	64	2	6	NA	NA	"TTGGAGCTGGGGGACTCGGCCCTTTATCTTTGCGCCAGCAGCTTGGGGCTAGCGGGAGTTCTCCCCTACGAGCAGTACTTCGGGCCG"	FALSE	TRUE	NA	NA	NA	NA
"NNNNNNNNNNTGTCGGCTGCTCCCTCCCAGACATCTGTGTACTTCTGTGCCAGCAGTGAAGTTAGAACTGAAGCTTTCTTTGGACAA"	"CASSEVRTEAFF"	"NNNNNNNNNNTGTCGGCTGCTCCCTCCCAGACATCTGTGTACTTCTGTGCCAGCAGTGAAGTTAGAACTGAAGCTTTCTTTGGACAA"	"CASSEVRTEAFF"	"TCRBV6-1*1"	"TCRBD2-1"	"TCRBJ1-1*1"	61	62	65	66	1	1	NA	NA	"NNNNNNNNNNTGTCGGCTGCTCCCTCCCAGACATCTGTGTACTTCTGTGCCAGCAGTGAAGTTAGAACTGAAGCTTTCTTTGGACAA"	FALSE	TRUE	NA	NA	NA	NA
"CTCAGAACCGGGAGACACGGCACTGTATCTCTGCGCCAGCAGTCAATCACCTGGGGTGCTATGAACACTGAAGCTTTCTTTGGACAA"	""	"CTCAGAACCGGGAGACACGGCACTGTATCTCTGCGCCAGCAGTCAATCACCTGGGGTGCTATGAACACTGAAGCTTTCTTTGGACAA"	""	"TCRBV23-1*1"	NA	"TCRBJ1-1*1"	48	52	56	61	4	5	NA	NA	"CTCAGAACCGGGAGACACGGCACTGTATCTCTGCGCCAGCAGTCAATCACCTGGGGTGCTATGAACACTGAAGCTTTCTTTGGACAA"	FALSE	FALSE	NA	NA	NA	NA
"ACATCGGCCCAAAAGAACCCGACAGCTTTCTATCTCTGTGCCAGTAGTAGCGGACTAGCGGTTTGGGATGAGCAGTTCTTCGGGCCA"	"CASSSGLAVWDEQFF"	"ACATCGGCCCAAAAGAACCCGACAGCTTTCTATCTCTGTGCCAGTAGTAGCGGACTAGCGGTTTGGGATGAGCAGTTCTTCGGGCCA"	"CASSSGLAVWDEQFF"	"TCRBV19-1*1"	"TCRBD2-1"	"TCRBJ2-1*1"	49	51	61	67	2	6	NA	NA	"ACATCGGCCCAAAAGAACCCGACAGCTTTCTATCTCTGTGCCAGTAGTAGCGGACTAGCGGTTTGGGATGAGCAGTTCTTCGGGCCA"	FALSE	TRUE	NA	NA	NA	NA
"CTGAGTTCTAAGAAGCTCCTTCTCAGTGACTCTGGCTTCTATCTCTGTGCCTGGAGTCCCTCACATGGCGAGCAGTACTTCGGGCCG"	"CAWSPSHGEQYF"	"CTGAGTTCTAAGAAGCTCCTTCTCAGTGACTCTGGCTTCTATCTCTGTGCCTGGAGTCCCTCACATGGCGAGCAGTACTTCGGGCCG"	"CAWSPSHGEQYF"	"TCRBV3-1*1"	"TCRBD1-1*1"	"TCRBJ2-7*1"	57	62	65	68	5	3	NA	NA	"CTGAGTTCTAAGAAGCTCCTTCTCAGTGACTCTGGCTTCTATCTCTGTGCCTGGAGTCCCTCACATGGCGAGCAGTACTTCGGGCCG"	FALSE	TRUE	NA	NA	NA	NA
"NTGTCGGCTGCTCCCTCCCAGACATCTGTGTACTTCTGTGCCAGCACCGGAAGATGAGGGGACTTCTAAAAACTGTTTTTTGGCAGT"	"CASTGR*GDF*KLFF"	"NTGTCGGCTGCTCCCTCCCAGACATCTGTGTACTTCTGTGCCAGCACCGGAAGATGAGGGGACTTCTAAAAACTGTTTTTTGGCAGT"	"CASTGR*GDF*KLFF"	"TCRBV6-5*1"	"TCRBD2-1"	"TCRBJ1-4*1"	46	58	64	67	12	3	NA	NA	"NTGTCGGCTGCTCCCTCCCAGACATCTGTGTACTTCTGTGCCAGCACCGGAAGATGAGGGGACTTCTAAAAACTGTTTTTTGGCAGT"	FALSE	TRUE	NA	NA	NA	NA
"CCAGCCCTCAGAACCCAGGGACTCAGCTGTGTATTTTTGTGCTAGTGGTTTACCCCGTACTGTAGAGGTGGCTACACCTTCGGTTCG"	""	"CCAGCCCTCAGAACCCAGGGACTCAGCTGTGTATTTTTGTGCTAGTGGTTTACCCCGTACTGTAGAGGTGGCTACACCTTCGGTTCG"	""	"TCRBV12-5*1"	"TCRBD2-1*2"	"TCRBJ1-2*1"	51	64	-1	68	13	69	NA	NA	"CCAGCCCTCAGAACCCAGGGACTCAGCTGTGTATTTTTGTGCTAGTGGTTTACCCCGTACTGTAGAGGTGGCTACACCTTCGGTTCG"	FALSE	FALSE	NA	NA	NA	NA
"AATTCCCTGGAGCTTGGTGACTCTGCTGTGTATTTCTGTGCCAGCAGCCAAGATCCCGGGGGCAGGGCTGAAGCTTTCTTTGGACAA"	"CASSQDPGGRAEAFF"	"AATTCCCTGGAGCTTGGTGACTCTGCTGTGTATTTCTGTGCCAGCAGCCAAGATCCCGGGGGCAGGGCTGAAGCTTTCTTTGGACAA"	"CASSQDPGGRAEAFF"	"TCRBV3-1/3-2*1"	NA	"TCRBJ1-1*1"	53	57	63	67	4	4	NA	NA	"AATTCCCTGGAGCTTGGTGACTCTGCTGTGTATTTCTGTGCCAGCAGCCAAGATCCCGGGGGCAGGGCTGAAGCTTTCTTTGGACAA"	FALSE	TRUE	NA	NA	NA	NA
"CTGGAGTCTGCTGCCTCCTCCCAGACATCTGTATATTTCTGCGCCAGCAGTGAGTCCCGCAGCTACAATGAGCAGTTCTTCGGGCCA"	"CASSESRSYNEQFF"	"CTGGAGTCTGCTGCCTCCTCCCAGACATCTGTATATTTCTGCGCCAGCAGTGAGTCCCGCAGCTACAATGAGCAGTTCTTCGGGCCA"	"CASSESRSYNEQFF"	"TCRBV1-1*1"	"TCRBD1-1*1"	"TCRBJ2-1*1"	56	59	-1	62	3	63	NA	NA	"CTGGAGTCTGCTGCCTCCTCCCAGACATCTGTATATTTCTGCGCCAGCAGTGAGTCCCGCAGCTACAATGAGCAGTTCTTCGGGCCA"	FALSE	TRUE	NA	NA	NA	NA
"TCTGCCATCCCCAACCAGACAGCTCTTTACTTCTGTGCCACCAGTGATTCCGGACTCCTTATGGGAAATGAGCAGTTCTTCGGGCCA"	"CATSDSGLLMGNEQFF"	"TCTGCCATCCCCAACCAGACAGCTCTTTACTTCTGTGCCACCAGTGATTCCGGACTCCTTATGGGAAATGAGCAGTTCTTCGGGCCA"	"CATSDSGLLMGNEQFF"	"TCRBV24-1*1"	"TCRBD2-1"	"TCRBJ2-1*1"	49	51	56	66	2	10	NA	NA	"TCTGCCATCCCCAACCAGACAGCTCTTTACTTCTGTGCCACCAGTGATTCCGGACTCCTTATGGGAAATGAGCAGTTCTTCGGGCCA"	FALSE	TRUE	NA	NA	NA	NA
"ACCTTGGAGCTGGGGGACTCGGCCCTTTATCTTTGCGCCAGCAGCCAACAACTAGCGGGAAGACTGAACGAGCAGTACTTCGGGCCG"	"CASSQQLAGRLNEQYF"	"ACCTTGGAGCTGGGGGACTCGGCCCTTTATCTTTGCGCCAGCAGCCAACAACTAGCGGGAAGACTGAACGAGCAGTACTTCGGGCCG"	"CASSQQLAGRLNEQYF"	"TCRBV5-1*1"	"TCRBD2-1*2"	"TCRBJ2-7*1"	45	50	60	67	5	7	NA	NA	"ACCTTGGAGCTGGGGGACTCGGCCCTTTATCTTTGCGCCAGCAGCCAACAACTAGCGGGAAGACTGAACGAGCAGTACTTCGGGCCG"	FALSE	TRUE	NA	NA	NA	NA
"TCGCCCAGCCCCAACCAGACCTCTCTGTACTTCTGTGCCAGCAGTTTACGGGAGGGCTCCCTCGGATACGAGCAGTACTTCGGGCCG"	"CASSLREGSLGYEQYF"	"TCGCCCAGCCCCAACCAGACCTCTCTGTACTTCTGTGCCAGCAGTTTACGGGAGGGCTCCCTCGGATACGAGCAGTACTTCGGGCCG"	"CASSLREGSLGYEQYF"	"TCRBV27-1*1"	"TCRBD2-1*2"	"TCRBJ2-7*1"	-1	48	56	66	49	10	NA	NA	"TCGCCCAGCCCCAACCAGACCTCTCTGTACTTCTGTGCCAGCAGTTTACGGGAGGGCTCCCTCGGATACGAGCAGTACTTCGGGCCG"	FALSE	TRUE	NA	NA	NA	NA
"ACGATCCAGCGCACAGAGCAGCGGGACTCGGCCATGTATCGCTGTGCCAGCAGCCCTCGGACAGCTAATGAGCAGTTCTTCGGGCCA"	"CASSPRTANEQFF"	"ACGATCCAGCGCACAGAGCAGCGGGACTCGGCCATGTATCGCTGTGCCAGCAGCCCTCGGACAGCTAATGAGCAGTTCTTCGGGCCA"	"CASSPRTANEQFF"	"TCRBV7-6*1"	"TCRBD1-1*1"	"TCRBJ2-1*1"	54	58	64	66	4	2	NA	NA	"ACGATCCAGCGCACAGAGCAGCGGGACTCGGCCATGTATCGCTGTGCCAGCAGCCCTCGGACAGCTAATGAGCAGTTCTTCGGGCCA"	FALSE	TRUE	NA	NA	NA	NA
"GAGTCGCCCAGCCCCAACCAGACCTCTCTGTACTTCTGTGCCAGCACACCCCACACCGACAGCCAGGGAGGCTACACCTTCGGTTCG"	"CASTPHTDSQGGYTF"	"GAGTCGCCCAGCCCCAACCAGACCTCTCTGTACTTCTGTGCCAGCACACCCCACACCGACAGCCAGGGAGGCTACACCTTCGGTTCG"	"CASTPHTDSQGGYTF"	"TCRBV27-1*1"	"TCRBD1-1*1"	"TCRBJ1-2*1"	46	57	62	69	11	7	NA	NA	"GAGTCGCCCAGCCCCAACCAGACCTCTCTGTACTTCTGTGCCAGCACACCCCACACCGACAGCCAGGGAGGCTACACCTTCGGTTCG"	FALSE	TRUE	NA	NA	NA	NA
"ATCCAGCGCACAGAGCGGGGGGACTCAGCCGTGTATCTCTGTGCCAGCAGCCCACAGGGACTTAACACTGAAGCTTTCTTTGGACAA"	"CASSPQGLNTEAFF"	"ATCCAGCGCACAGAGCGGGGGGACTCAGCCGTGTATCTCTGTGCCAGCAGCCCACAGGGACTTAACACTGAAGCTTTCTTTGGACAA"	"CASSPQGLNTEAFF"	"TCRBV7-3*1"	NA	"TCRBJ1-1*1"	51	53	59	63	2	4	NA	NA	"ATCCAGCGCACAGAGCGGGGGGACTCAGCCGTGTATCTCTGTGCCAGCAGCCCACAGGGACTTAACACTGAAGCTTTCTTTGGACAA"	FALSE	TRUE	NA	NA	NA	NA
"ACCCTGCAGCCAGAAGACTCGGCCCTGTATCTCTGTGCCAGCAGCCAAGATATCCACAGGGGCGTTGAGGGCTACACCTTCGGTTCG"	"CASSQDIHRGVEGYTF"	"ACCCTGCAGCCAGAAGACTCGGCCCTGTATCTCTGTGCCAGCAGCCAAGATATCCACAGGGGCGTTGAGGGCTACACCTTCGGTTCG"	"CASSQDIHRGVEGYTF"	"TCRBV4-2*1"	"TCRBD1-1*1"	"TCRBJ1-2*1"	50	55	62	69	5	7	NA	NA	"ACCCTGCAGCCAGAAGACTCGGCCCTGTATCTCTGTGCCAGCAGCCAAGATATCCACAGGGGCGTTGAGGGCTACACCTTCGGTTCG"	FALSE	TRUE	NA	NA	NA	NA
"TCACCAGGCCTGGGGGACGCAGCCATGTACCTGTGTGCCACCAGCAGAGAGTCAAGGACCCCCACAGATACGCAGTATTTTGGCCCA"	"CATSRESRTPTDTQYF"	"TCACCAGGCCTGGGGGACGCAGCCATGTACCTGTGTGCCACCAGCAGAGAGTCAAGGACCCCCACAGATACGCAGTATTTTGGCCCA"	"CATSRESRTPTDTQYF"	"TCRBV15-1*2"	NA	"TCRBJ2-3*1"	50	55	59	62	5	3	NA	NA	"TCACCAGGCCTGGGGGACGCAGCCATGTACCTGTGTGCCACCAGCAGAGAGTCAAGGACCCCCACAGATACGCAGTATTTTGGCCCA"	FALSE	TRUE	NA	NA	NA	NA
"ACAGTGACCAGTGCCCATCCTGAAGACAGCAGCTTCTACATCTGCAGTGCTAGTTCGGGGGATGATCAGCCCCAGCATTTTGGTGAT"	"CSASSGDDQPQHF"	"ACAGTGACCAGTGCCCATCCTGAAGACAGCAGCTTCTACATCTGCAGTGCTAGTTCGGGGGATGATCAGCCCCAGCATTTTGGTGAT"	"CSASSGDDQPQHF"	"TCRBV2-1*4"	"TCRBD2-1*1"	"TCRBJ1-5*1"	54	55	61	64	1	3	NA	NA	"ACAGTGACCAGTGCCCATCCTGAAGACAGCAGCTTCTACATCTGCAGTGCTAGTTCGGGGGATGATCAGCCCCAGCATTTTGGTGAT"	FALSE	TRUE	NA	NA	NA	NA
"ATCCAGCGCACAGAGCAGGGGGACTCGGCCATGTATCTCTGTGCCAGCAGCTCTGGACAGGGGCACACTGAAGCTTTCTTTGGACAA"	"CASSSGQGHTEAFF"	"ATCCAGCGCACAGAGCAGGGGGACTCGGCCATGTATCTCTGTGCCAGCAGCTCTGGACAGGGGCACACTGAAGCTTTCTTTGGACAA"	"CASSSGQGHTEAFF"	"TCRBV7-9*1"	"TCRBD1-1*1"	"TCRBJ1-1*1"	52	54	63	64	2	1	NA	NA	"ATCCAGCGCACAGAGCAGGGGGACTCGGCCATGTATCTCTGTGCCAGCAGCTCTGGACAGGGGCACACTGAAGCTTTCTTTGGACAA"	FALSE	TRUE	NA	NA	NA	NA
"ATCCAGCGCACAGAGCGGGGGGACTCAGCCGTGTATCTCTGTGCCAGCAGCTTGGGATCGCCGGCGGATACGCAGTATTTTGGCCCA"	"CASSLGSPADTQYF"	"ATCCAGCGCACAGAGCGGGGGGACTCAGCCGTGTATCTCTGTGCCAGCAGCTTGGGATCGCCGGCGGATACGCAGTATTTTGGCCCA"	"CASSLGSPADTQYF"	"TCRBV7-3*1"	NA	"TCRBJ2-3*1"	-1	53	57	66	54	9	NA	NA	"ATCCAGCGCACAGAGCGGGGGGACTCAGCCGTGTATCTCTGTGCCAGCAGCTTGGGATCGCCGGCGGATACGCAGTATTTTGGCCCA"	FALSE	TRUE	NA	NA	NA	NA
"TCCGCCAGCACCAACCAGACATCTATGTACCTCTGTGCCAGCAGTTTATCTGGAAAGGGGTGGAGTGGCGGCTACACCTTCGGTTCG"	"CASSLSGKGWSGGYTF"	"TCCGCCAGCACCAACCAGACATCTATGTACCTCTGTGCCAGCAGTTTATCTGGAAAGGGGTGGAGTGGCGGCTACACCTTCGGTTCG"	"CASSLSGKGWSGGYTF"	"TCRBV28-1*1"	"TCRBD1-1*1"	"TCRBJ1-2*1"	49	55	60	69	6	9	NA	NA	"TCCGCCAGCACCAACCAGACATCTATGTACCTCTGTGCCAGCAGTTTATCTGGAAAGGGGTGGAGTGGCGGCTACACCTTCGGTTCG"	FALSE	TRUE	NA	NA	NA	NA
"ACGATCCAGCGCACAGAGCAGCGGGACTCAGCCATGTATCGCTGTGCTAGCAGCTCCCGGGACAGTTATTACCAGTACTTCGGGCCA"	"CASSSRDSYYQYF"	"ACGATCCAGCGCACAGAGCAGCGGGACTCAGCCATGTATCGCTGTGCTAGCAGCTCCCGGGACAGTTATTACCAGTACTTCGGGCCA"	"CASSSRDSYYQYF"	NA	"TCRBD1-1*1"	"TCRBJ2-5*1"	55	58	65	71	3	6	NA	NA	"ACGATCCAGCGCACAGAGCAGCGGGACTCAGCCATGTATCGCTGTGCTAGCAGCTCCCGGGACAGTTATTACCAGTACTTCGGGCCA"	FALSE	TRUE	NA	NA	NA	NA
"CAGCGCACAGAGCAGGAGGACTCGGCCGTGTATCTCTGTGCCAGCAGCGAACAGGGGGTATCTGATCAGCCCCAGCATTTTGGTGAT"	"CASSEQGVSDQPQHF"	"CAGCGCACAGAGCAGGAGGACTCGGCCGTGTATCTCTGTGCCAGCAGCGAACAGGGGGTATCTGATCAGCCCCAGCATTTTGGTGAT"	"CASSEQGVSDQPQHF"	"TCRBV7-2"	"TCRBD1-1*1"	"TCRBJ1-5*1"	48	50	58	64	2	6	NA	NA	"CAGCGCACAGAGCAGGAGGACTCGGCCGTGTATCTCTGTGCCAGCAGCGAACAGGGGGTATCTGATCAGCCCCAGCATTTTGGTGAT"	FALSE	TRUE	NA	NA	NA	NA
"CACTGTGACATCGGCCCAAAAGAACCCGACAGCTTTCTATCTCTGTGCCAGTATGGACGGTTAAATGAAAAACTGTTTTTTGGCAGT"	""	"CACTGTGACATCGGCCCAAAAGAACCCGACAGCTTTCTATCTCTGTGCCAGTATGGACGGTTAAATGAAAAACTGTTTTTTGGCAGT"	""	"TCRBV19-1*1"	NA	"TCRBJ1-4*1"	53	54	58	63	1	5	NA	NA	"CACTGTGACATCGGCCCAAAAGAACCCGACAGCTTTCTATCTCTGTGCCAGTATGGACGGTTAAATGAAAAACTGTTTTTTGGCAGT"	FALSE	FALSE	NA	NA	NA	NA
"ATCCGGTCCACAAAGCTGGAGGACTCAGCCATGTACTTCTGTGCCCGGAGCCTAGACAGGGGAGTCCACGAGCAGTACTTCGGGCCG"	"CARSLDRGVHEQYF"	"ATCCGGTCCACAAAGCTGGAGGACTCAGCCATGTACTTCTGTGCCCGGAGCCTAGACAGGGGAGTCCACGAGCAGTACTTCGGGCCG"	"CARSLDRGVHEQYF"	"TCRBV2-1"	"TCRBD1-1*1"	"TCRBJ2-7*1"	45	54	62	67	9	5	NA	NA	"ATCCGGTCCACAAAGCTGGAGGACTCAGCCATGTACTTCTGTGCCCGGAGCCTAGACAGGGGAGTCCACGAGCAGTACTTCGGGCCG"	FALSE	TRUE	NA	NA	NA	NA
"TCCTTGGAGCTGGGGGACTCAGCCCTGTACTTCTGTGCCAGCAGCCCCCACTCCGGAGGGGGACGCTACGAGCAGTACTTCGGGCCG"	"CASSPHSGGGRYEQYF"	"TCCTTGGAGCTGGGGGACTCAGCCCTGTACTTCTGTGCCAGCAGCCCCCACTCCGGAGGGGGACGCTACGAGCAGTACTTCGGGCCG"	"CASSPHSGGGRYEQYF"	"TCRBV13-1*1"	NA	"TCRBJ2-7*1"	45	56	62	65	11	3	NA	NA	"TCCTTGGAGCTGGGGGACTCAGCCCTGTACTTCTGTGCCAGCAGCCCCCACTCCGGAGGGGGACGCTACGAGCAGTACTTCGGGCCG"	FALSE	TRUE	NA	NA	NA	NA
"CTGATTCTGGAGTCCGCCAGCACCAACCAGACATCTATGTACCTCTGTGCCAGCAGCCGGGACAGGGGTCGCTACACCTTCGGTTCG"	"CASSRDRGRYTF"	"CTGATTCTGGAGTCCGCCAGCACCAACCAGACATCTATGTACCTCTGTGCCAGCAGCCGGGACAGGGGTCGCTACACCTTCGGTTCG"	"CASSRDRGRYTF"	"TCRBV28-1*1"	"TCRBD1-1*1"	"TCRBJ1-2*1"	56	58	68	70	2	2	NA	NA	"CTGATTCTGGAGTCCGCCAGCACCAACCAGACATCTATGTACCTCTGTGCCAGCAGCCGGGACAGGGGTCGCTACACCTTCGGTTCG"	FALSE	TRUE	NA	NA	NA	NA
"GCCTTGGAGCTGGACGACTCGGCCCTGTATCTCTGTGCCAGCAGGGCCGAGGGCGGACTGAACACCGGGGAGCTGTTTTTTGGAGAA"	"CASRAEGGLNTGELFF"	"GCCTTGGAGCTGGACGACTCGGCCCTGTATCTCTGTGCCAGCAGGGCCGAGGGCGGACTGAACACCGGGGAGCTGTTTTTTGGAGAA"	"CASRAEGGLNTGELFF"	"TCRBV5-4*1"	"TCRBD2-1"	"TCRBJ2-2*1"	44	54	-1	59	10	60	NA	NA	"GCCTTGGAGCTGGACGACTCGGCCCTGTATCTCTGTGCCAGCAGGGCCGAGGGCGGACTGAACACCGGGGAGCTGTTTTTTGGAGAA"	FALSE	TRUE	NA	NA	NA	NA
"TTGTTGCTGGGGGACTCGGCCCTCTATCTCTGTGCCAGCAGCTCGGACTGGGGACTAGCGGGGAAAGAGACCCAGTACTTCGGGCCA"	"CASSSDWGLAGKETQYF"	"TTGTTGCTGGGGGACTCGGCCCTCTATCTCTGTGCCAGCAGCTCGGACTGGGGACTAGCGGGGAAAGAGACCCAGTACTTCGGGCCA"	"CASSSDWGLAGKETQYF"	"TCRBV5-6*1"	"TCRBD2-1*1"	"TCRBJ2-5*1"	43	50	63	64	7	1	NA	NA	"TTGTTGCTGGGGGACTCGGCCCTCTATCTCTGTGCCAGCAGCTCGGACTGGGGACTAGCGGGGAAAGAGACCCAGTACTTCGGGCCA"	FALSE	TRUE	NA	NA	NA	NA
"ATCCAGCCCTCAGAACCCAGGGACTCAGCTGTGTACTTCTGTGCCAGCAGGCTAGACAGGCTGGGTGAAAAACTGTTTTTTGGCAGT"	"CASRLDRLGEKLFF"	"ATCCAGCCCTCAGAACCCAGGGACTCAGCTGTGTACTTCTGTGCCAGCAGGCTAGACAGGCTGGGTGAAAAACTGTTTTTTGGCAGT"	"CASRLDRLGEKLFF"	NA	"TCRBD1-1*1"	"TCRBJ1-4*1"	50	54	60	65	4	5	NA	NA	"ATCCAGCCCTCAGAACCCAGGGACTCAGCTGTGTACTTCTGTGCCAGCAGGCTAGACAGGCTGGGTGAAAAACTGTTTTTTGGCAGT"	FALSE	TRUE	NA	NA	NA	NA
"AAGATCCAGCGCACAGAGCGGGGGGACTCAGCCGTGTATCTCTGTGCCAGCAGCTTAAGGGGAGGGGCTCGGCAGTTCTTCGGGCCA"	"CASSLRGGARQFF"	"AAGATCCAGCGCACAGAGCGGGGGGACTCAGCCGTGTATCTCTGTGCCAGCAGCTTAAGGGGAGGGGCTCGGCAGTTCTTCGGGCCA"	"CASSLRGGARQFF"	"TCRBV7-3*1"	"TCRBD2-1*2"	"TCRBJ2-1*1"	58	59	66	71	1	5	NA	NA	"AAGATCCAGCGCACAGAGCGGGGGGACTCAGCCGTGTATCTCTGTGCCAGCAGCTTAAGGGGAGGGGCTCGGCAGTTCTTCGGGCCA"	FALSE	TRUE	NA	NA	NA	NA
"ATTCAGCGCACAGAGCAGGAGGACTCGGCCGTGTATCTCTGTGCCAGCAGCAGGTCAGCGAACACCGGGGAGCTGTTTTTTGGAGAA"	"CASSRSANTGELFF"	"ATTCAGCGCACAGAGCAGGAGGACTCGGCCGTGTATCTCTGTGCCAGCAGCAGGTCAGCGAACACCGGGGAGCTGTTTTTTGGAGAA"	"CASSRSANTGELFF"	"TCRBV7-2"	NA	"TCRBJ2-2*1"	51	55	-1	58	4	59	NA	NA	"ATTCAGCGCACAGAGCAGGAGGACTCGGCCGTGTATCTCTGTGCCAGCAGCAGGTCAGCGAACACCGGGGAGCTGTTTTTTGGAGAA"	FALSE	TRUE	NA	NA	NA	NA
"CAGCGCACAGAGCAGGAGGACTCGGCCGTGTATCTCTGTGCCAGCAGCTTACGTGGATTAAGCAATCAGCCCCAGCATTTTGGTGAT"	"CASSLRGLSNQPQHF"	"CAGCGCACAGAGCAGGAGGACTCGGCCGTGTATCTCTGTGCCAGCAGCTTACGTGGATTAAGCAATCAGCCCCAGCATTTTGGTGAT"	"CASSLRGLSNQPQHF"	"TCRBV7-2"	NA	"TCRBJ1-5*1"	51	54	57	60	3	3	NA	NA	"CAGCGCACAGAGCAGGAGGACTCGGCCGTGTATCTCTGTGCCAGCAGCTTACGTGGATTAAGCAATCAGCCCCAGCATTTTGGTGAT"	FALSE	TRUE	NA	NA	NA	NA
"ATCCAGCCTGCAGAGCTTGGGGACTCGGCCGTGTATCTCTGGACCCTTGGCGGCCAAACCTCCTCCTACGAGCAGTACTTCGGGCCG"	"WTLGGQTSSYEQYF"	"ATCCAGCCTGCAGAGCTTGGGGACTCGGCCGTGTATCTCTGGACCCTTGGCGGCCAAACCTCCTCCTACGAGCAGTACTTCGGGCCG"	"WTLGGQTSSYEQYF"	"TCRBV11-3*1"	"TCRBD2-1"	"TCRBJ2-7*1"	41	49	53	62	8	9	NA	NA	"ATCCAGCCTGCAGAGCTTGGGGACTCGGCCGTGTATCTCTGGACCCTTGGCGGCCAAACCTCCTCCTACGAGCAGTACTTCGGGCCG"	FALSE	TRUE	NA	NA	NA	NA
"NNNNNNNTGTCGGCTGCTCCCTCCCAGACATCTGTGTACTTCTGTGCCAGCAGTTACTTTCCGCTAGAGACCCAGTACTTCGGGCCA"	"CASSYFPLETQYF"	"NNNNNNNTGTCGGCTGCTCCCTCCCAGACATCTGTGTACTTCTGTGCCAGCAGTTACTTTCCGCTAGAGACCCAGTACTTCGGGCCA"	"CASSYFPLETQYF"	"TCRBV6-5*1"	NA	"TCRBJ2-5*1"	58	62	64	65	4	1	NA	NA	"NNNNNNNTGTCGGCTGCTCCCTCCCAGACATCTGTGTACTTCTGTGCCAGCAGTTACTTTCCGCTAGAGACCCAGTACTTCGGGCCA"	FALSE	TRUE	NA	NA	NA	NA
"ATCCAGCGCACAGAGCGGGGGGACTCAGCCGTGTATCTCTGTGCGGGGGGTTCGGGCAGATTGAACACTGAAGCTTTCTTTGGACAA"	"CAGGSGRLNTEAFF"	"ATCCAGCGCACAGAGCGGGGGGACTCAGCCGTGTATCTCTGTGCGGGGGGTTCGGGCAGATTGAACACTGAAGCTTTCTTTGGACAA"	"CAGGSGRLNTEAFF"	"TCRBV7-3*1"	"TCRBD2-1*1"	"TCRBJ1-1*1"	-1	44	50	61	45	11	NA	NA	"ATCCAGCGCACAGAGCGGGGGGACTCAGCCGTGTATCTCTGTGCGGGGGGTTCGGGCAGATTGAACACTGAAGCTTTCTTTGGACAA"	FALSE	TRUE	NA	NA	NA	NA
"ATCCAGTCCACGGAGTCAGGGGACACAGCACTGTATTTCTGTGCCAGCAGCAAAAGGACTAGTACAGATACGCAGTATTTTGGCCCA"	"CASSKRTSTDTQYF"	"ATCCAGTCCACGGAGTCAGGGGACACAGCACTGTATTTCTGTGCCAGCAGCAAAAGGACTAGTACAGATACGCAGTATTTTGGCCCA"	"CASSKRTSTDTQYF"	"TCRBV21-1*1"	"TCRBD2-1"	"TCRBJ2-3*1"	54	55	62	63	1	1	NA	NA	"ATCCAGTCCACGGAGTCAGGGGACACAGCACTGTATTTCTGTGCCAGCAGCAAAAGGACTAGTACAGATACGCAGTATTTTGGCCCA"	FALSE	TRUE	NA	NA	NA	NA
"NNNNNNNNNNTGTCGGCTGCTCCCTCCCAGACATCTGTGTACTTCTGTGCCAGCAGGAATCCCACAGATACGCAGTATTTTGGCCCA"	"CASRNPTDTQYF"	"NNNNNNNNNNTGTCGGCTGCTCCCTCCCAGACATCTGTGTACTTCTGTGCCAGCAGGAATCCCACAGATACGCAGTATTTTGGCCCA"	"CASRNPTDTQYF"	"TCRBV6-5*1"	NA	"TCRBJ2-3*1"	-1	56	58	62	57	4	NA	NA	"NNNNNNNNNNTGTCGGCTGCTCCCTCCCAGACATCTGTGTACTTCTGTGCCAGCAGGAATCCCACAGATACGCAGTATTTTGGCCCA"	FALSE	TRUE	NA	NA	NA	NA
"ATTCTGGAGTCCGCCAGCACCAACCAGACATCTATGTACCTCTGTGCCAGCAGTCCCCTGTACCAAGAGACCCAGTACTTCGGGCCA"	"CASSPLYQETQYF"	"ATTCTGGAGTCCGCCAGCACCAACCAGACATCTATGTACCTCTGTGCCAGCAGTCCCCTGTACCAAGAGACCCAGTACTTCGGGCCA"	"CASSPLYQETQYF"	"TCRBV28-1*1"	"TCRBD2-1"	"TCRBJ2-5*1"	54	57	59	61	3	2	NA	NA	"ATTCTGGAGTCCGCCAGCACCAACCAGACATCTATGTACCTCTGTGCCAGCAGTCCCCTGTACCAAGAGACCCAGTACTTCGGGCCA"	FALSE	TRUE	NA	NA	NA	NA
"ACCAGTGCCCATCCTGAAGACAGCAGCTTCTACATCTGCAGTGCTAGAATCAACCGGCCACACCCTTACGAGCAGTACTTCGGGCCG"	"CSARINRPHPYEQYF"	"ACCAGTGCCCATCCTGAAGACAGCAGCTTCTACATCTGCAGTGCTAGAATCAACCGGCCACACCCTTACGAGCAGTACTTCGGGCCG"	"CSARINRPHPYEQYF"	NA	NA	"TCRBJ2-7*1"	48	59	62	66	11	4	NA	NA	"ACCAGTGCCCATCCTGAAGACAGCAGCTTCTACATCTGCAGTGCTAGAATCAACCGGCCACACCCTTACGAGCAGTACTTCGGGCCG"	FALSE	TRUE	NA	NA	NA	NA
"AATTCCCTGGAGCTTGGTGACTCTGCTGTGTATTTCTGTGCCAGCAGCCAATCGGGGGCTTTCACAGATACGCAGTATTTTGGCCCA"	"CASSQSGAFTDTQYF"	"AATTCCCTGGAGCTTGGTGACTCTGCTGTGTATTTCTGTGCCAGCAGCCAATCGGGGGCTTTCACAGATACGCAGTATTTTGGCCCA"	"CASSQSGAFTDTQYF"	"TCRBV3-1/3-2*1"	NA	"TCRBJ2-3*1"	51	53	59	62	2	3	NA	NA	"AATTCCCTGGAGCTTGGTGACTCTGCTGTGTATTTCTGTGCCAGCAGCCAATCGGGGGCTTTCACAGATACGCAGTATTTTGGCCCA"	FALSE	TRUE	NA	NA	NA	NA
"TCTCTGGAGCTGGGGGACTCAGCTTTGTATTTCTGTGCCAGCAGCCCCCCTAGCGGGAGGGATACCGGGGAGCTGTTTTTTGGAGAA"	"CASSPPSGRDTGELFF"	"TCTCTGGAGCTGGGGGACTCAGCTTTGTATTTCTGTGCCAGCAGCCCCCCTAGCGGGAGGGATACCGGGGAGCTGTTTTTTGGAGAA"	"CASSPPSGRDTGELFF"	"TCRBV9-1*1"	"TCRBD2-1*2"	"TCRBJ2-2*1"	45	49	61	63	4	2	NA	NA	"TCTCTGGAGCTGGGGGACTCAGCTTTGTATTTCTGTGCCAGCAGCCCCCCTAGCGGGAGGGATACCGGGGAGCTGTTTTTTGGAGAA"	FALSE	TRUE	NA	NA	NA	NA
"GATCCTGGAGTCGCCCAGCCCCAACCAGACCTCTCTGTACTTCTGTGCCAGCAGTTTATCACGCCCTACGAGCAGTACTTCGGGCCG"	""	"GATCCTGGAGTCGCCCAGCCCCAACCAGACCTCTCTGTACTTCTGTGCCAGCAGTTTATCACGCCCTACGAGCAGTACTTCGGGCCG"	""	"TCRBV27-1*1"	NA	"TCRBJ2-7*1"	-1	60	62	64	61	2	NA	NA	"GATCCTGGAGTCGCCCAGCCCCAACCAGACCTCTCTGTACTTCTGTGCCAGCAGTTTATCACGCCCTACGAGCAGTACTTCGGGCCG"	FALSE	FALSE	NA	NA	NA	NA
"GTGACATCGGCCCAAAAGAACCCGACAGCTTTCTATCTCTGTGCCAGTAGTGCCCCAGGTGGAGGAAGAGGCTACACCTTCGGTTCG"	"CASSAPGGGRGYTF"	"GTGACATCGGCCCAAAAGAACCCGACAGCTTTCTATCTCTGTGCCAGTAGTGCCCCAGGTGGAGGAAGAGGCTACACCTTCGGTTCG"	"CASSAPGGGRGYTF"	"TCRBV19-1*1"	"TCRBD2-1*2"	"TCRBJ1-2*1"	51	60	65	69	9	4	NA	NA	"GTGACATCGGCCCAAAAGAACCCGACAGCTTTCTATCTCTGTGCCAGTAGTGCCCCAGGTGGAGGAAGAGGCTACACCTTCGGTTCG"	FALSE	TRUE	NA	NA	NA	NA
"CGGTCCACAAAGCTGGAGGACTCAGCCATGTACTTCTGTGCCAGCAATACCGGGACTTCGAACACCGGGGAGCTGTTTTTTGGAGAA"	"CASNTGTSNTGELFF"	"CGGTCCACAAAGCTGGAGGACTCAGCCATGTACTTCTGTGCCAGCAATACCGGGACTTCGAACACCGGGGAGCTGTTTTTTGGAGAA"	"CASNTGTSNTGELFF"	"TCRBV2-1"	"TCRBD2-1"	"TCRBJ2-2*1"	46	51	57	58	5	1	NA	NA	"CGGTCCACAAAGCTGGAGGACTCAGCCATGTACTTCTGTGCCAGCAATACCGGGACTTCGAACACCGGGGAGCTGTTTTTTGGAGAA"	FALSE	TRUE	NA	NA	NA	NA
"GACATCCGCTCACCAGGCCTGGGGGACGCAGCCATGTACCTGTGTGCCACCAGCAACGAAAACACAGATACGCAGTATTTTGGCCCA"	"CATSNENTDTQYF"	"GACATCCGCTCACCAGGCCTGGGGGACGCAGCCATGTACCTGTGTGCCACCAGCAACGAAAACACAGATACGCAGTATTTTGGCCCA"	"CATSNENTDTQYF"	"TCRBV15-1*2"	NA	"TCRBJ2-3*1"	55	57	59	62	2	3	NA	NA	"GACATCCGCTCACCAGGCCTGGGGGACGCAGCCATGTACCTGTGTGCCACCAGCAACGAAAACACAGATACGCAGTATTTTGGCCCA"	FALSE	TRUE	NA	NA	NA	NA
"CACCTACACGCCCTGCAGCCAGAAGACTCAGCCCTGTATCTCTGCGCCAGCAGCCAGTGGACAGGGGCCTACGCTTTCTTTGGACAA"	"CASSQWTGAYAFF"	"CACCTACACGCCCTGCAGCCAGAAGACTCAGCCCTGTATCTCTGCGCCAGCAGCCAGTGGACAGGGGCCTACGCTTTCTTTGGACAA"	"CASSQWTGAYAFF"	"TCRBV4-1*1"	"TCRBD1-1*1"	"TCRBJ1-1*1"	56	58	67	72	2	5	NA	NA	"CACCTACACGCCCTGCAGCCAGAAGACTCAGCCCTGTATCTCTGCGCCAGCAGCCAGTGGACAGGGGCCTACGCTTTCTTTGGACAA"	FALSE	TRUE	NA	NA	NA	NA
"ACATCGGCCCAAAAGAACCCGACAGCTTTCTATCTCTGTGCCAGTAGTATAGCTGCCAGAACCAGTCAGCCCCAGCATTTTGGTGAT"	"CASSIAARTSQPQHF"	"ACATCGGCCCAAAAGAACCCGACAGCTTTCTATCTCTGTGCCAGTAGTATAGCTGCCAGAACCAGTCAGCCCCAGCATTTTGGTGAT"	"CASSIAARTSQPQHF"	"TCRBV19-1*1"	"TCRBD1-1*1"	"TCRBJ1-5*1"	52	56	59	65	4	6	NA	NA	"ACATCGGCCCAAAAGAACCCGACAGCTTTCTATCTCTGTGCCAGTAGTATAGCTGCCAGAACCAGTCAGCCCCAGCATTTTGGTGAT"	FALSE	TRUE	NA	NA	NA	NA
"AGCTCTCTGGAGCTGGGGGACTCAGCTTTGTATTTCTGTGCCAGCAGCGTTGGGGGACAGGGGCTTGGTGAGCAGTACTTCGGGCCG"	"CASSVGGQGLGEQYF"	"AGCTCTCTGGAGCTGGGGGACTCAGCTTTGTATTTCTGTGCCAGCAGCGTTGGGGGACAGGGGCTTGGTGAGCAGTACTTCGGGCCG"	"CASSVGGQGLGEQYF"	"TCRBV9-1*1"	"TCRBD1-1*1"	"TCRBJ2-7*1"	50	53	63	69	3	6	NA	NA	"AGCTCTCTGGAGCTGGGGGACTCAGCTTTGTATTTCTGTGCCAGCAGCGTTGGGGGACAGGGGCTTGGTGAGCAGTACTTCGGGCCG"	FALSE	TRUE	NA	NA	NA	NA
"TCCCTGGAGCTTGGTGACTCTGCTGTGTATTTCTGTGCCAGCAGCCAGGAATGGACGTTTGCAACCGGGGAGCTGTTTTTTGGAGAA"	"CASSQEWTFATGELFF"	"TCCCTGGAGCTTGGTGACTCTGCTGTGTATTTCTGTGCCAGCAGCCAGGAATGGACGTTTGCAACCGGGGAGCTGTTTTTTGGAGAA"	"CASSQEWTFATGELFF"	"TCRBV3-1/3-2*1"	NA	"TCRBJ2-2*1"	47	52	56	63	5	7	NA	NA	"TCCCTGGAGCTTGGTGACTCTGCTGTGTATTTCTGTGCCAGCAGCCAGGAATGGACGTTTGCAACCGGGGAGCTGTTTTTTGGAGAA"	FALSE	TRUE	NA	NA	NA	NA
"CTAGAGTCTGCCATCCCCAACCAGACAGCTCTTTACTTCTGTGCCACCAGTGATCTGACAGGCACAGATACGCAGTATTTTGGCCCA"	"CATSDLTGTDTQYF"	"CTAGAGTCTGCCATCCCCAACCAGACAGCTCTTTACTTCTGTGCCACCAGTGATCTGACAGGCACAGATACGCAGTATTTTGGCCCA"	"CATSDLTGTDTQYF"	"TCRBV24-1*1"	"TCRBD1-1*1"	"TCRBJ2-3*1"	54	56	-1	61	2	62	NA	NA	"CTAGAGTCTGCCATCCCCAACCAGACAGCTCTTTACTTCTGTGCCACCAGTGATCTGACAGGCACAGATACGCAGTATTTTGGCCCA"	FALSE	TRUE	NA	NA	NA	NA
"TCGGCTGCTCCCTCCCAGACATCTGTGTACTTCTGTGCCAGCAGTTACTCGATAACTAGCGGATCCTACGAGCAGTACTTCGGGCCG"	"CASSYSITSGSYEQYF"	"TCGGCTGCTCCCTCCCAGACATCTGTGTACTTCTGTGCCAGCAGTTACTCGATAACTAGCGGATCCTACGAGCAGTACTTCGGGCCG"	"CASSYSITSGSYEQYF"	"TCRBV6-5*1"	"TCRBD2-1"	"TCRBJ2-7*1"	50	54	62	63	4	1	NA	NA	"TCGGCTGCTCCCTCCCAGACATCTGTGTACTTCTGTGCCAGCAGTTACTCGATAACTAGCGGATCCTACGAGCAGTACTTCGGGCCG"	FALSE	TRUE	NA	NA	NA	NA
"CCTGCAGAGCTTGGGGACTCGGCCGTGTATCTCTGTGCCAGCAGCTTAGATTCGGGGGTTGGGGCAGATACGCAGTATTTTGGCCCA"	"CASSLDSGVGADTQYF"	"CCTGCAGAGCTTGGGGACTCGGCCGTGTATCTCTGTGCCAGCAGCTTAGATTCGGGGGTTGGGGCAGATACGCAGTATTTTGGCCCA"	"CASSLDSGVGADTQYF"	"TCRBV11-3*1"	"TCRBD2-1*1"	"TCRBJ2-3*1"	50	52	58	64	2	6	NA	NA	"CCTGCAGAGCTTGGGGACTCGGCCGTGTATCTCTGTGCCAGCAGCTTAGATTCGGGGGTTGGGGCAGATACGCAGTATTTTGGCCCA"	FALSE	TRUE	NA	NA	NA	NA
"CGGTCCACAAAGCTGGAGGACTCAGCCATGTACTTCTGTGCCAGCAAAAGGACTAGCGGGACCGAAAACATTCAGTACTTCGGCGCC"	"CASKRTSGTENIQYF"	"CGGTCCACAAAGCTGGAGGACTCAGCCATGTACTTCTGTGCCAGCAAAAGGACTAGCGGGACCGAAAACATTCAGTACTTCGGCGCC"	"CASKRTSGTENIQYF"	"TCRBV2-1"	"TCRBD2-1*2"	"TCRBJ2-4*1"	46	49	61	64	3	3	NA	NA	"CGGTCCACAAAGCTGGAGGACTCAGCCATGTACTTCTGTGCCAGCAAAAGGACTAGCGGGACCGAAAACATTCAGTACTTCGGCGCC"	FALSE	TRUE	NA	NA	NA	NA
"GACTCGGCCATGTATCGCTGTGCCAGCAGCCCCAAGGATTTCGGTAAGGGACGAGAGCCATGAGGGCTTGAAGCTTTCTTTGGACAA"	"CASSPKDFGKGREP*GLEAFF"	"GACTCGGCCATGTATCGCTGTGCCAGCAGCCCCAAGGATTTCGGTAAGGGACGAGAGCCATGAGGGCTTGAAGCTTTCTTTGGACAA"	"CASSPKDFGKGREP*GLEAFF"	"TCRBV7-6*1"	NA	"TCRBJ1-1*1"	30	47	52	68	17	16	NA	NA	"GACTCGGCCATGTATCGCTGTGCCAGCAGCCCCAAGGATTTCGGTAAGGGACGAGAGCCATGAGGGCTTGAAGCTTTCTTTGGACAA"	FALSE	TRUE	NA	NA	NA	NA
"GAGTCGCCCAGCCCCAACCAGACCTCTCTGTACTTCTGTGCCAGCAGTGCGCTGACAGGGATAAATTCACCCCTCCACTTTGGGAAT"	"CASSALTGINSPLHF"	"GAGTCGCCCAGCCCCAACCAGACCTCTCTGTACTTCTGTGCCAGCAGTGCGCTGACAGGGATAAATTCACCCCTCCACTTTGGGAAT"	"CASSALTGINSPLHF"	"TCRBV27-1*1"	"TCRBD1-1*1"	"TCRBJ1-6*1"	48	53	60	63	5	3	NA	NA	"GAGTCGCCCAGCCCCAACCAGACCTCTCTGTACTTCTGTGCCAGCAGTGCGCTGACAGGGATAAATTCACCCCTCCACTTTGGGAAT"	FALSE	TRUE	NA	NA	NA	NA
"ACCCTGCAGCCAGAAGACTCGGCCCTGTATCTCTGTGCCAGCAGCCAGCTACGGACGGGAATGAACACTGAAGCTTTCTTTGGACAA"	"CASSQLRTGMNTEAFF"	"ACCCTGCAGCCAGAAGACTCGGCCCTGTATCTCTGTGCCAGCAGCCAGCTACGGACGGGAATGAACACTGAAGCTTTCTTTGGACAA"	"CASSQLRTGMNTEAFF"	"TCRBV4-2*1"	"TCRBD2-1*2"	"TCRBJ1-1*1"	47	55	60	61	8	1	NA	NA	"ACCCTGCAGCCAGAAGACTCGGCCCTGTATCTCTGTGCCAGCAGCCAGCTACGGACGGGAATGAACACTGAAGCTTTCTTTGGACAA"	FALSE	TRUE	NA	NA	NA	NA
"CGGTCCACAAAGCTGGAGGACTCAGCCATGTACTTCTGTGCCAGCAGTGATCCGGGACAGGGGAGGACTGAAGCTTTCTTTGGACAA"	"CASSDPGQGRTEAFF"	"CGGTCCACAAAGCTGGAGGACTCAGCCATGTACTTCTGTGCCAGCAGTGATCCGGGACAGGGGAGGACTGAAGCTTTCTTTGGACAA"	"CASSDPGQGRTEAFF"	"TCRBV2-1"	"TCRBD1-1*1"	"TCRBJ1-1*1"	50	53	63	66	3	3	NA	NA	"CGGTCCACAAAGCTGGAGGACTCAGCCATGTACTTCTGTGCCAGCAGTGATCCGGGACAGGGGAGGACTGAAGCTTTCTTTGGACAA"	FALSE	TRUE	NA	NA	NA	NA
"ATCCAGTCCACGGAGTCAGGGGACACAGCACTGTATTTCTGTGCCAGCAAAGAGGCATCTTATAATTCACCCCTCCACTTTGGGAAT"	"CASKEASYNSPLHF"	"ATCCAGTCCACGGAGTCAGGGGACACAGCACTGTATTTCTGTGCCAGCAAAGAGGCATCTTATAATTCACCCCTCCACTTTGGGAAT"	"CASKEASYNSPLHF"	"TCRBV21-1*1"	"TCRBD2-1*2"	"TCRBJ1-6*1"	49	51	55	60	2	5	NA	NA	"ATCCAGTCCACGGAGTCAGGGGACACAGCACTGTATTTCTGTGCCAGCAAAGAGGCATCTTATAATTCACCCCTCCACTTTGGGAAT"	FALSE	TRUE	NA	NA	NA	NA
"NNNNTGTCGGCTGCTCCCTCCCAGACATCTGTGTACTTCTGTGCCAGCAGTGATTCCGGGTATGGTGAAAAACTGTTTTTTGGCAGT"	"CASSDSGYGEKLFF"	"NNNNTGTCGGCTGCTCCCTCCCAGACATCTGTGTACTTCTGTGCCAGCAGTGATTCCGGGTATGGTGAAAAACTGTTTTTTGGCAGT"	"CASSDSGYGEKLFF"	"TCRBV6-1*1"	"TCRBD2-1"	"TCRBJ1-4*1"	53	56	60	65	3	5	NA	NA	"NNNNTGTCGGCTGCTCCCTCCCAGACATCTGTGTACTTCTGTGCCAGCAGTGATTCCGGGTATGGTGAAAAACTGTTTTTTGGCAGT"	FALSE	TRUE	NA	NA	NA	NA
"GAGTCCGCCAGCACCAACCAGACATCTATGTACCTCTGTGCCAGCAGTTTCGGATTTTATAGCAATCAGCCCCAGCATTTTGGTGAT"	"CASSFGFYSNQPQHF"	"GAGTCCGCCAGCACCAACCAGACATCTATGTACCTCTGTGCCAGCAGTTTCGGATTTTATAGCAATCAGCCCCAGCATTTTGGTGAT"	"CASSFGFYSNQPQHF"	"TCRBV28-1*1"	NA	"TCRBJ1-5*1"	50	51	54	59	1	5	NA	NA	"GAGTCCGCCAGCACCAACCAGACATCTATGTACCTCTGTGCCAGCAGTTTCGGATTTTATAGCAATCAGCCCCAGCATTTTGGTGAT"	FALSE	TRUE	NA	NA	NA	NA
"GCACTGTATTTCTGTGCCAGCAGCAGAACCGGGACAGGGGCTTATAGCGGGAAACAGTCCCAAGCCTACGAGCAGTACTTCGGGCCG"	"CASSRTGTGAYSGKQSQAYEQYF"	"GCACTGTATTTCTGTGCCAGCAGCAGAACCGGGACAGGGGCTTATAGCGGGAAACAGTCCCAAGCCTACGAGCAGTACTTCGGGCCG"	"CASSRTGTGAYSGKQSQAYEQYF"	"TCRBV21-1*1"	"TCRBD1-1*1"	"TCRBJ2-7*1"	25	30	40	64	5	24	NA	NA	"GCACTGTATTTCTGTGCCAGCAGCAGAACCGGGACAGGGGCTTATAGCGGGAAACAGTCCCAAGCCTACGAGCAGTACTTCGGGCCG"	FALSE	TRUE	NA	NA	NA	NA
"AGTCCGCTACCAGCTCCCAGACATCTGTGTACTTCTGTGCCATCACGGGGGGCAGCGGGAGGGTGGGATACGCAGTATTTTGGCCCA"	""	"AGTCCGCTACCAGCTCCCAGACATCTGTGTACTTCTGTGCCATCACGGGGGGCAGCGGGAGGGTGGGATACGCAGTATTTTGGCCCA"	""	"TCRBV1-3*1"	"TCRBD2-1*2"	"TCRBJ2-3*1"	45	53	63	66	8	3	NA	NA	"AGTCCGCTACCAGCTCCCAGACATCTGTGTACTTCTGTGCCATCACGGGGGGCAGCGGGAGGGTGGGATACGCAGTATTTTGGCCCA"	FALSE	FALSE	NA	NA	NA	NA
"ATCCTGGAGTCGCCCAGCCCCAACCAGACCTCTCTGTACTTCTGTGCCAGCAGTGCGACAGGCCCCTACGAGCAGTACTTCGGGCCG"	"CASSATGPYEQYF"	"ATCCTGGAGTCGCCCAGCCCCAACCAGACCTCTCTGTACTTCTGTGCCAGCAGTGCGACAGGCCCCTACGAGCAGTACTTCGGGCCG"	"CASSATGPYEQYF"	"TCRBV27-1*1"	"TCRBD1-1*1"	"TCRBJ2-7*1"	54	56	62	64	2	2	NA	NA	"ATCCTGGAGTCGCCCAGCCCCAACCAGACCTCTCTGTACTTCTGTGCCAGCAGTGCGACAGGCCCCTACGAGCAGTACTTCGGGCCG"	FALSE	TRUE	NA	NA	NA	NA
"AATGTGAACGCCTTGTTGCTGGGGGACTCGGCCCTCTATCTCTGTGCCAGCAGCTTGTCGAGGACAGATACGCAGTATTTTGGCCCA"	"CASSLSRTDTQYF"	"AATGTGAACGCCTTGTTGCTGGGGGACTCGGCCCTCTATCTCTGTGCCAGCAGCTTGTCGAGGACAGATACGCAGTATTTTGGCCCA"	"CASSLSRTDTQYF"	"TCRBV5-6*1"	"TCRBD2-1*2"	"TCRBJ2-3*1"	57	59	-1	63	2	64	NA	NA	"AATGTGAACGCCTTGTTGCTGGGGGACTCGGCCCTCTATCTCTGTGCCAGCAGCTTGTCGAGGACAGATACGCAGTATTTTGGCCCA"	FALSE	TRUE	NA	NA	NA	NA
"NTGTCGGCTGCTCCCTCCCAAACATCTGTGTACTTCTGTGCCAGCAGTTACTCGAGGACGGGGGGCTTGTCAGCTTTCTTTGGACAA"	"CASSYSRTGGLSAFF"	"NTGTCGGCTGCTCCCTCCCAAACATCTGTGTACTTCTGTGCCAGCAGTTACTCGAGGACGGGGGGCTTGTCAGCTTTCTTTGGACAA"	"CASSYSRTGGLSAFF"	"TCRBV6-2/6-3*1"	"TCRBD2-1*1"	"TCRBJ1-1*1"	53	58	65	71	5	6	NA	NA	"NTGTCGGCTGCTCCCTCCCAAACATCTGTGTACTTCTGTGCCAGCAGTTACTCGAGGACGGGGGGCTTGTCAGCTTTCTTTGGACAA"	FALSE	TRUE	NA	NA	NA	NA
"NNNNTGTCGGCTGCTCCCTCCCAGACATCTGTGTACTTCTGTGCCAGCAGTTTTGGGACAGGGGCCTCCGAGCAGTACTTCGGGCCG"	"CASSFGTGASEQYF"	"NNNNTGTCGGCTGCTCCCTCCCAGACATCTGTGTACTTCTGTGCCAGCAGTTTTGGGACAGGGGCCTCCGAGCAGTACTTCGGGCCG"	"CASSFGTGASEQYF"	"TCRBV6-5*1"	"TCRBD1-1*1"	"TCRBJ2-7*1"	52	54	64	68	2	4	NA	NA	"NNNNTGTCGGCTGCTCCCTCCCAGACATCTGTGTACTTCTGTGCCAGCAGTTTTGGGACAGGGGCCTCCGAGCAGTACTTCGGGCCG"	FALSE	TRUE	NA	NA	NA	NA
"GCCCATCCTGAAGACAGCAGCTTCTACATCTGCAGTGCTAGAGATCAGGAGACTAGCGGGAGTTTAGAGACCCAGTACTTCGGGCCA"	"CSARDQETSGSLETQYF"	"GCCCATCCTGAAGACAGCAGCTTCTACATCTGCAGTGCTAGAGATCAGGAGACTAGCGGGAGTTTAGAGACCCAGTACTTCGGGCCA"	"CSARDQETSGSLETQYF"	NA	"TCRBD2-1*2"	"TCRBJ2-5*1"	44	50	62	65	6	3	NA	NA	"GCCCATCCTGAAGACAGCAGCTTCTACATCTGCAGTGCTAGAGATCAGGAGACTAGCGGGAGTTTAGAGACCCAGTACTTCGGGCCA"	FALSE	TRUE	NA	NA	NA	NA
"GTCCGCCAGCACCAACCAGACATCTATGTACCTCTGTGCCAGCAGTTTGTACTAGCGGGAGGGCAAGAGACCCAGTACTTCGGGCCA"	""	"GTCCGCCAGCACCAACCAGACATCTATGTACCTCTGTGCCAGCAGTTTGTACTAGCGGGAGGGCAAGAGACCCAGTACTTCGGGCCA"	""	"TCRBV28-1*1"	"TCRBD2-1*2"	"TCRBJ2-5*1"	48	50	-1	63	2	64	NA	NA	"GTCCGCCAGCACCAACCAGACATCTATGTACCTCTGTGCCAGCAGTTTGTACTAGCGGGAGGGCAAGAGACCCAGTACTTCGGGCCA"	FALSE	FALSE	NA	NA	NA	NA
"GAGTCGCCCAGCCCCAACCAGACCTCTCTGTACTTCTGTGCCAGCAGTGCTGCCCGGACAGGGGATCGAGAGCAGTACTTCGGGCCG"	"CASSAARTGDREQYF"	"GAGTCGCCCAGCCCCAACCAGACCTCTCTGTACTTCTGTGCCAGCAGTGCTGCCCGGACAGGGGATCGAGAGCAGTACTTCGGGCCG"	"CASSAARTGDREQYF"	"TCRBV27-1*1"	"TCRBD1-1*1"	"TCRBJ2-7*1"	48	55	64	69	7	5	NA	NA	"GAGTCGCCCAGCCCCAACCAGACCTCTCTGTACTTCTGTGCCAGCAGTGCTGCCCGGACAGGGGATCGAGAGCAGTACTTCGGGCCG"	FALSE	TRUE	NA	NA	NA	NA
"CCTGAGTTCTAAGAAGCTCCTTCTCAGTGACTCTGGCTTCCCAAGCGGGAGGGGTATGGTAGCACAGATACGCAGTATTTTGGCCCA"	""	"CCTGAGTTCTAAGAAGCTCCTTCTCAGTGACTCTGGCTTCCCAAGCGGGAGGGGTATGGTAGCACAGATACGCAGTATTTTGGCCCA"	""	"TCRBV3-1"	"TCRBD2-1*2"	"TCRBJ2-3*1"	40	43	53	60	3	7	NA	NA	"CCTGAGTTCTAAGAAGCTCCTTCTCAGTGACTCTGGCTTCCCAAGCGGGAGGGGTATGGTAGCACAGATACGCAGTATTTTGGCCCA"	FALSE	FALSE	NA	NA	NA	NA
"GCCCTCAGAACCCAGGGACTCAGCTGTGTATTTTTGTGCTAGTGGTTTGGTAACAGGGAGGGTAACTATGGCTACACCTTCGGTTCG"	""	"GCCCTCAGAACCCAGGGACTCAGCTGTGTATTTTTGTGCTAGTGGTTTGGTAACAGGGAGGGTAACTATGGCTACACCTTCGGTTCG"	""	"TCRBV12-5*1"	"TCRBD2-1*2"	"TCRBJ1-2*1"	51	55	-1	62	4	63	NA	NA	"GCCCTCAGAACCCAGGGACTCAGCTGTGTATTTTTGTGCTAGTGGTTTGGTAACAGGGAGGGTAACTATGGCTACACCTTCGGTTCG"	FALSE	FALSE	NA	NA	NA	NA
"TCTCAAGATCCAGCCTGCAGAGCTTGGGGACTCGGCCGTGTATCTCTGTGCCAGCAGCCCATCGGAGATACGCAGTATTTTGGCCCA"	""	"TCTCAAGATCCAGCCTGCAGAGCTTGGGGACTCGGCCGTGTATCTCTGTGCCAGCAGCCCATCGGAGATACGCAGTATTTTGGCCCA"	""	"TCRBV11-3*1"	"TCRBD2-1"	"TCRBJ2-3*1"	58	62	-1	65	4	66	NA	NA	"TCTCAAGATCCAGCCTGCAGAGCTTGGGGACTCGGCCGTGTATCTCTGTGCCAGCAGCCCATCGGAGATACGCAGTATTTTGGCCCA"	FALSE	FALSE	NA	NA	NA	NA
"AGGTAGTGCGAGGAGATTCGGCAGCTTATTTCTGTGCCAGCTCACCCCCCGAGGGAGACGGATCCCCGCGGCTACACCTTCGGTTCG"	""	"AGGTAGTGCGAGGAGATTCGGCAGCTTATTTCTGTGCCAGCTCACCCCCCGAGGGAGACGGATCCCCGCGGCTACACCTTCGGTTCG"	""	"TCRBV18-1*1"	"TCRBD2-1*2"	"TCRBJ1-2*1"	46	52	57	69	6	12	NA	NA	"AGGTAGTGCGAGGAGATTCGGCAGCTTATTTCTGTGCCAGCTCACCCCCCGAGGGAGACGGATCCCCGCGGCTACACCTTCGGTTCG"	FALSE	FALSE	NA	NA	NA	NA
"ACCTTGGAGCTGGGGGACTCGGCCCTTTATCTTTGCGCCAGCAGCCCCGCCGGGACAGGGGAAACCGGGGAGCTGTTTTTTGGAGAA"	"CASSPAGTGETGELFF"	"ACCTTGGAGCTGGGGGACTCGGCCCTTTATCTTTGCGCCAGCAGCCCCGCCGGGACAGGGGAAACCGGGGAGCTGTTTTTTGGAGAA"	"CASSPAGTGETGELFF"	"TCRBV5-1*1"	"TCRBD1-1*1"	"TCRBJ2-2*1"	45	51	61	63	6	2	NA	NA	"ACCTTGGAGCTGGGGGACTCGGCCCTTTATCTTTGCGCCAGCAGCCCCGCCGGGACAGGGGAAACCGGGGAGCTGTTTTTTGGAGAA"	FALSE	TRUE	NA	NA	NA	NA
"TCCGCCAGCACCAACCAGACATCTATGTACCTCTGTGCCAGCAGCAAAATACAGGGGTTTAAACCCTACGAGCAGTACTTCGGGCCG"	"CASSKIQGFKPYEQYF"	"TCCGCCAGCACCAACCAGACATCTATGTACCTCTGTGCCAGCAGCAAAATACAGGGGTTTAAACCCTACGAGCAGTACTTCGGGCCG"	"CASSKIQGFKPYEQYF"	"TCRBV28-1*1"	"TCRBD1-1*1"	"TCRBJ2-7*1"	44	50	57	64	6	7	NA	NA	"TCCGCCAGCACCAACCAGACATCTATGTACCTCTGTGCCAGCAGCAAAATACAGGGGTTTAAACCCTACGAGCAGTACTTCGGGCCG"	FALSE	TRUE	NA	NA	NA	NA
"CGCACAGAGCAGGAGGACTCGGCCGTGTATCTCTGTGCCAGCAGCCCAGGGGGGGAGCTGACTGGAAACACCATATATTTTGGAGAG"	"CASSPGGELTGNTIYF"	"CGCACAGAGCAGGAGGACTCGGCCGTGTATCTCTGTGCCAGCAGCCCAGGGGGGGAGCTGACTGGAAACACCATATATTTTGGAGAG"	"CASSPGGELTGNTIYF"	"TCRBV7-2"	NA	"TCRBJ1-3*1"	45	46	53	61	1	8	NA	NA	"CGCACAGAGCAGGAGGACTCGGCCGTGTATCTCTGTGCCAGCAGCCCAGGGGGGGAGCTGACTGGAAACACCATATATTTTGGAGAG"	FALSE	TRUE	NA	NA	NA	NA
"CAGCCTGCAAAGCTTGAGGACTCGGCCGTGTATCTCTGTGCCAGCAGCTTAGATGGAAGGGGAGATCAGCCCCAGCATTTTGGTGAT"	"CASSLDGRGDQPQHF"	"CAGCCTGCAAAGCTTGAGGACTCGGCCGTGTATCTCTGTGCCAGCAGCTTAGATGGAAGGGGAGATCAGCCCCAGCATTTTGGTGAT"	"CASSLDGRGDQPQHF"	"TCRBV11-2*1"	NA	"TCRBJ1-5*1"	53	57	62	64	4	2	NA	NA	"CAGCCTGCAAAGCTTGAGGACTCGGCCGTGTATCTCTGTGCCAGCAGCTTAGATGGAAGGGGAGATCAGCCCCAGCATTTTGGTGAT"	FALSE	TRUE	NA	NA	NA	NA
"CTCGGCCCTGTATCTCTGTGCCAGCAGCTTGGTGGGACAGGGGCGAACCAAACGCAATGGAAGTAAGAGACCCAGTACTTCGGGCCA"	""	"CTCGGCCCTGTATCTCTGTGCCAGCAGCTTGGTGGGACAGGGGCGAACCAAACGCAATGGAAGTAAGAGACCCAGTACTTCGGGCCA"	""	NA	"TCRBD1-1*1"	"TCRBJ2-5*1"	32	33	43	64	1	21	NA	NA	"CTCGGCCCTGTATCTCTGTGCCAGCAGCTTGGTGGGACAGGGGCGAACCAAACGCAATGGAAGTAAGAGACCCAGTACTTCGGGCCA"	FALSE	FALSE	NA	NA	NA	NA
"TCGGCCATGTATCTCTGTGCCAGCAGCTTAGCGTCCGCTGACGCCGGGACTAGCGGGAGGGTCGGTAAGACCCAGTACTTCGGGCCA"	"CASSLASADAGTSGRVGKTQYF"	"TCGGCCATGTATCTCTGTGCCAGCAGCTTAGCGTCCGCTGACGCCGGGACTAGCGGGAGGGTCGGTAAGACCCAGTACTTCGGGCCA"	"CASSLASADAGTSGRVGKTQYF"	NA	"TCRBD2-1*2"	"TCRBJ2-5*1"	32	45	61	67	13	6	NA	NA	"TCGGCCATGTATCTCTGTGCCAGCAGCTTAGCGTCCGCTGACGCCGGGACTAGCGGGAGGGTCGGTAAGACCCAGTACTTCGGGCCA"	FALSE	TRUE	NA	NA	NA	NA
"GCTGTACCCTCTCAGACATCTGTGTACTTCTGTGCCAGCAGGGGACTAGCGGGATAATACAGCTCCTACGAGCAGTACTTCGGGCCG"	"CASRGLAG*YSSYEQYF"	"GCTGTACCCTCTCAGACATCTGTGTACTTCTGTGCCAGCAGGGGACTAGCGGGATAATACAGCTCCTACGAGCAGTACTTCGGGCCG"	"CASRGLAG*YSSYEQYF"	"TCRBV6-4*1"	"TCRBD2-1*2"	"TCRBJ2-7*1"	-1	41	54	62	42	8	NA	NA	"GCTGTACCCTCTCAGACATCTGTGTACTTCTGTGCCAGCAGGGGACTAGCGGGATAATACAGCTCCTACGAGCAGTACTTCGGGCCG"	FALSE	TRUE	NA	NA	NA	NA
"CGGCTGCTCCCTCCCAAACATCTGTGTACTTCTGTGCCACCACTACCCCGGGACTAGCGGGCTAGTCATGAGCAGTTCTTCGGGCCA"	""	"CGGCTGCTCCCTCCCAAACATCTGTGTACTTCTGTGCCACCACTACCCCGGGACTAGCGGGCTAGTCATGAGCAGTTCTTCGGGCCA"	""	NA	"TCRBD2-1"	"TCRBJ2-1*1"	39	49	61	67	10	6	NA	NA	"CGGCTGCTCCCTCCCAAACATCTGTGTACTTCTGTGCCACCACTACCCCGGGACTAGCGGGCTAGTCATGAGCAGTTCTTCGGGCCA"	FALSE	FALSE	NA	NA	NA	NA
"AGCCCTCAGAACCCAGGGACTCAGCTGTGTATTTTTGTGCTAGTGGTTTACAGGGCCCGCTCCTACAATGAGCAGTTCTTCGGGCCA"	""	"AGCCCTCAGAACCCAGGGACTCAGCTGTGTATTTTTGTGCTAGTGGTTTACAGGGCCCGCTCCTACAATGAGCAGTTCTTCGGGCCA"	""	"TCRBV12-5*1"	"TCRBD1-1*1"	"TCRBJ2-1*1"	-1	49	55	59	50	4	NA	NA	"AGCCCTCAGAACCCAGGGACTCAGCTGTGTATTTTTGTGCTAGTGGTTTACAGGGCCCGCTCCTACAATGAGCAGTTCTTCGGGCCA"	FALSE	FALSE	NA	NA	NA	NA
"GAGATCCAGCGCACAGAGCAGGGGGACTCGGCCATGTATCTCTGTGCCAGCAGCTTAGGCGGAAAGACTGAAGCTTTCTTTGGACAA"	"CASSLGGKTEAFF"	"GAGATCCAGCGCACAGAGCAGGGGGACTCGGCCATGTATCTCTGTGCCAGCAGCTTAGGCGGAAAGACTGAAGCTTTCTTTGGACAA"	"CASSLGGKTEAFF"	"TCRBV7-9*1"	"TCRBD2-1"	"TCRBJ1-1*1"	-1	58	62	66	59	4	NA	NA	"GAGATCCAGCGCACAGAGCAGGGGGACTCGGCCATGTATCTCTGTGCCAGCAGCTTAGGCGGAAAGACTGAAGCTTTCTTTGGACAA"	FALSE	TRUE	NA	NA	NA	NA
"CAGCGCACAGAGCAGGGGGACTCGGCCATGTATCTCTGTGCCAGCAGCTTAGAGGGGGCTATCAATCAGCCCCAGCATTTTGGTGAT"	"CASSLEGAINQPQHF"	"CAGCGCACAGAGCAGGGGGACTCGGCCATGTATCTCTGTGCCAGCAGCTTAGAGGGGGCTATCAATCAGCCCCAGCATTTTGGTGAT"	"CASSLEGAINQPQHF"	"TCRBV7-9*1"	"TCRBD1-1*1"	"TCRBJ1-5*1"	-1	52	59	62	53	3	NA	NA	"CAGCGCACAGAGCAGGGGGACTCGGCCATGTATCTCTGTGCCAGCAGCTTAGAGGGGGCTATCAATCAGCCCCAGCATTTTGGTGAT"	FALSE	TRUE	NA	NA	NA	NA
"ATCCAGCCCTCAGAACCCAGGGACTCAGCTGTGTACTTCTGTGCCAGCAGTACACAAAGGACGAGCAATGAGCAGTTCTTCGGGCCA"	"CASSTQRTSNEQFF"	"ATCCAGCCCTCAGAACCCAGGGACTCAGCTGTGTACTTCTGTGCCAGCAGTACACAAAGGACGAGCAATGAGCAGTTCTTCGGGCCA"	"CASSTQRTSNEQFF"	NA	NA	"TCRBJ2-1*1"	51	58	62	65	7	3	NA	NA	"ATCCAGCCCTCAGAACCCAGGGACTCAGCTGTGTACTTCTGTGCCAGCAGTACACAAAGGACGAGCAATGAGCAGTTCTTCGGGCCA"	FALSE	TRUE	NA	NA	NA	NA
"AATGTGAGCACCTTGGAGCTGGGGGACTCGGCCCTTTATCTTTGCGCCAGCACCCGCGGGAGAGCAGATACGCAGTATTTTGGCCCA"	"CASTRGRADTQYF"	"AATGTGAGCACCTTGGAGCTGGGGGACTCGGCCCTTTATCTTTGCGCCAGCACCCGCGGGAGAGCAGATACGCAGTATTTTGGCCCA"	"CASTRGRADTQYF"	"TCRBV5-1*1"	"TCRBD2-1*2"	"TCRBJ2-3*1"	52	55	62	64	3	2	NA	NA	"AATGTGAGCACCTTGGAGCTGGGGGACTCGGCCCTTTATCTTTGCGCCAGCACCCGCGGGAGAGCAGATACGCAGTATTTTGGCCCA"	FALSE	TRUE	NA	NA	NA	NA
"TTGGCGTCTGCTGTACCCTCTCAGACATCTGTGTACTTCTGTGCCAGCAGTCGGACAGGGGCCACAGATACGCAGTATTTTGGCCCA"	"CASSRTGATDTQYF"	"TTGGCGTCTGCTGTACCCTCTCAGACATCTGTGTACTTCTGTGCCAGCAGTCGGACAGGGGCCACAGATACGCAGTATTTTGGCCCA"	"CASSRTGATDTQYF"	"TCRBV6-4*1"	"TCRBD1-1*1"	"TCRBJ2-3*1"	51	52	61	62	1	1	NA	NA	"TTGGCGTCTGCTGTACCCTCTCAGACATCTGTGTACTTCTGTGCCAGCAGTCGGACAGGGGCCACAGATACGCAGTATTTTGGCCCA"	FALSE	TRUE	NA	NA	NA	NA
"ATCCAGCCCTCAGAACCCAGGGACTCAGCTGTGTACTTCTGTGCCAGCAGTTTCGGGACAGGGCACTACGAGCAGTACTTCGGGCCG"	"CASSFGTGHYEQYF"	"ATCCAGCCCTCAGAACCCAGGGACTCAGCTGTGTACTTCTGTGCCAGCAGTTTCGGGACAGGGCACTACGAGCAGTACTTCGGGCCG"	"CASSFGTGHYEQYF"	NA	"TCRBD1-1*1"	"TCRBJ2-7*1"	53	54	63	65	1	2	NA	NA	"ATCCAGCCCTCAGAACCCAGGGACTCAGCTGTGTACTTCTGTGCCAGCAGTTTCGGGACAGGGCACTACGAGCAGTACTTCGGGCCG"	FALSE	TRUE	NA	NA	NA	NA
"AAGAACCCGACAGCTTTCTATCTCTGTGCCAGTAGCTTAAAGTATCCGGACGGCACCTCTGGGGCCAACGTCCTGACTTTCGGGGCC"	"CASSLKYPDGTSGANVLTF"	"AAGAACCCGACAGCTTTCTATCTCTGTGCCAGTAGCTTAAAGTATCCGGACGGCACCTCTGGGGCCAACGTCCTGACTTTCGGGGCC"	"CASSLKYPDGTSGANVLTF"	"TCRBV19-1*1"	NA	"TCRBJ2-6*1"	35	47	51	56	12	5	NA	NA	"AAGAACCCGACAGCTTTCTATCTCTGTGCCAGTAGCTTAAAGTATCCGGACGGCACCTCTGGGGCCAACGTCCTGACTTTCGGGGCC"	FALSE	TRUE	NA	NA	NA	NA
"TCTGCCAGGCCCTCACATACCTCTCAGTACCTCTGTGCCAGCAGTGAATCTGGTTGGACAGGGGTCTCACCCCTCCACTTTGGGAAT"	"CASSESGWTGVSPLHF"	"TCTGCCAGGCCCTCACATACCTCTCAGTACCTCTGTGCCAGCAGTGAATCTGGTTGGACAGGGGTCTCACCCCTCCACTTTGGGAAT"	"CASSESGWTGVSPLHF"	"TCRBV25-1*1"	"TCRBD1-1*1"	"TCRBJ1-6*1"	49	55	64	66	6	2	NA	NA	"TCTGCCAGGCCCTCACATACCTCTCAGTACCTCTGTGCCAGCAGTGAATCTGGTTGGACAGGGGTCTCACCCCTCCACTTTGGGAAT"	FALSE	TRUE	NA	NA	NA	NA
"CAGCGCACAGAGCAGGGGGACTCGGCCATGTATCTCTGTGCCAGCAGCCCCGAGGCCACTTACACAGATACGCAGTATTTTGGCCCA"	"CASSPEATYTDTQYF"	"CAGCGCACAGAGCAGGGGGACTCGGCCATGTATCTCTGTGCCAGCAGCCCCGAGGCCACTTACACAGATACGCAGTATTTTGGCCCA"	"CASSPEATYTDTQYF"	"TCRBV7-9*1"	"TCRBD2-1*2"	"TCRBJ2-3*1"	48	51	55	62	3	7	NA	NA	"CAGCGCACAGAGCAGGGGGACTCGGCCATGTATCTCTGTGCCAGCAGCCCCGAGGCCACTTACACAGATACGCAGTATTTTGGCCCA"	FALSE	TRUE	NA	NA	NA	NA
"CAGCGCACAGAGCAGGGGGACTCGGCCATGTATCTCTGTGCCAGCAGCTTAGTTCGTGGCAGGGTGGGGGAGCAGTTCTTCGGGCCA"	"CASSLVRGRVGEQFF"	"CAGCGCACAGAGCAGGGGGACTCGGCCATGTATCTCTGTGCCAGCAGCTTAGTTCGTGGCAGGGTGGGGGAGCAGTTCTTCGGGCCA"	"CASSLVRGRVGEQFF"	"TCRBV7-9*1"	"TCRBD1-1*1"	"TCRBJ2-1*1"	52	59	64	69	7	5	NA	NA	"CAGCGCACAGAGCAGGGGGACTCGGCCATGTATCTCTGTGCCAGCAGCTTAGTTCGTGGCAGGGTGGGGGAGCAGTTCTTCGGGCCA"	FALSE	TRUE	NA	NA	NA	NA
"CAGCCTGCAGAGCAGGGGGACTCGGCCGTGTATGTCTGTGCAAGTCGCTTAGTTGGGACCTTCACAGATACGCAGTATTTTGGCCCA"	"CASRLVGTFTDTQYF"	"CAGCCTGCAGAGCAGGGGGACTCGGCCGTGTATGTCTGTGCAAGTCGCTTAGTTGGGACCTTCACAGATACGCAGTATTTTGGCCCA"	"CASRLVGTFTDTQYF"	"TCRBV12-2*1"	NA	"TCRBJ2-3*1"	52	54	59	62	2	3	NA	NA	"CAGCCTGCAGAGCAGGGGGACTCGGCCGTGTATGTCTGTGCAAGTCGCTTAGTTGGGACCTTCACAGATACGCAGTATTTTGGCCCA"	FALSE	TRUE	NA	NA	NA	NA
"NNNNNNNTGTCGGCTGCTCCCTCCCAGACATCTGTGTACTTCTGTGCCAGCTGGCAGGGGCACACAGATACGCAGTATTTTGGCCCA"	"CASWQGHTDTQYF"	"NNNNNNNTGTCGGCTGCTCCCTCCCAGACATCTGTGTACTTCTGTGCCAGCTGGCAGGGGCACACAGATACGCAGTATTTTGGCCCA"	"CASWQGHTDTQYF"	"TCRBV6-5*1"	"TCRBD1-1*1"	"TCRBJ2-3*1"	51	54	60	62	3	2	NA	NA	"NNNNNNNTGTCGGCTGCTCCCTCCCAGACATCTGTGTACTTCTGTGCCAGCTGGCAGGGGCACACAGATACGCAGTATTTTGGCCCA"	FALSE	TRUE	NA	NA	NA	NA
"GCCTGACCTTGTCCACTCTGACAGTGACCAGTGCCCATCCTGAAGACAGCAGCTTCTACATCTGCAGTGCTAGAGAAATTCGGGCCA"	""	"GCCTGACCTTGTCCACTCTGACAGTGACCAGTGCCCATCCTGAAGACAGCAGCTTCTACATCTGCAGTGCTAGAGAAATTCGGGCCA"	""	"TCRBV2-1*1"	NA	NA	-1	-1	76	78	0	2	NA	NA	"GCCTGACCTTGTCCACTCTGACAGTGACCAGTGCCCATCCTGAAGACAGCAGCTTCTACATCTGCAGTGCTAGAGAAATTCGGGCCA"	FALSE	FALSE	NA	NA	NA	NA
"AAGATCCAGCCTGCAAAGCTTGAGGACTCGGCCGTGTATCTCTGTGCCAGCAGCTTGGAGGTAGCAGATACGCAGTATTTTGGCCCA"	"CASSLEVADTQYF"	"AAGATCCAGCCTGCAAAGCTTGAGGACTCGGCCGTGTATCTCTGTGCCAGCAGCTTGGAGGTAGCAGATACGCAGTATTTTGGCCCA"	"CASSLEVADTQYF"	"TCRBV11-2*1"	"TCRBD2-1*2"	"TCRBJ2-3*1"	-1	56	61	64	57	3	NA	NA	"AAGATCCAGCCTGCAAAGCTTGAGGACTCGGCCGTGTATCTCTGTGCCAGCAGCTTGGAGGTAGCAGATACGCAGTATTTTGGCCCA"	FALSE	TRUE	NA	NA	NA	NA
"AGTTCTAAGAAGCTCCTTCTCAGTGACTCTGGCTTCTATCTCTGTGCCTGGAGTGTACTCTCCGTAAATGAGCAGTTCTTCGGGCCA"	"CAWSVLSVNEQFF"	"AGTTCTAAGAAGCTCCTTCTCAGTGACTCTGGCTTCTATCTCTGTGCCTGGAGTGTACTCTCCGTAAATGAGCAGTTCTTCGGGCCA"	"CAWSVLSVNEQFF"	"TCRBV3-1*1"	"TCRBD2-1"	"TCRBJ2-1*1"	-1	56	59	66	57	7	NA	NA	"AGTTCTAAGAAGCTCCTTCTCAGTGACTCTGGCTTCTATCTCTGTGCCTGGAGTGTACTCTCCGTAAATGAGCAGTTCTTCGGGCCA"	FALSE	TRUE	NA	NA	NA	NA
"CTACACGCCCTGCAGCCAGAAGACTCAGCCCTGTATCTCTGCGCCAGCAGCCCCCCCCCAGCCTCCTACGAGCAGTACTTCGGGCCG"	"CASSPPPASYEQYF"	"CTACACGCCCTGCAGCCAGAAGACTCAGCCCTGTATCTCTGCGCCAGCAGCCCCCCCCCAGCCTCCTACGAGCAGTACTTCGGGCCG"	"CASSPPPASYEQYF"	"TCRBV4-1*1"	NA	"TCRBJ2-7*1"	52	58	61	62	6	1	NA	NA	"CTACACGCCCTGCAGCCAGAAGACTCAGCCCTGTATCTCTGCGCCAGCAGCCCCCCCCCAGCCTCCTACGAGCAGTACTTCGGGCCG"	FALSE	TRUE	NA	NA	NA	NA
"GAGTCAGGGGACACAGCACTGTATTTCTGTGCCAGCAGCAAACTAGCGGGAGTGCCGACGTGGGAGAATGAGCAGTTCTTCGGGCCA"	"CASSKLAGVPTWENEQFF"	"GAGTCAGGGGACACAGCACTGTATTTCTGTGCCAGCAGCAAACTAGCGGGAGTGCCGACGTGGGAGAATGAGCAGTTCTTCGGGCCA"	"CASSKLAGVPTWENEQFF"	"TCRBV21-1*1"	"TCRBD2-1*2"	"TCRBJ2-1*1"	-1	42	52	66	43	14	NA	NA	"GAGTCAGGGGACACAGCACTGTATTTCTGTGCCAGCAGCAAACTAGCGGGAGTGCCGACGTGGGAGAATGAGCAGTTCTTCGGGCCA"	FALSE	TRUE	NA	NA	NA	NA
"NNNNTGTCGGCTGCTCCCTCCCAGACATCTGTGTACTTCTGTGCCAGCGGCCGGGTCAACGAATTGGAGACCCAGTACTTCGGGCCA"	"CASGRVNELETQYF"	"NNNNTGTCGGCTGCTCCCTCCCAGACATCTGTGTACTTCTGTGCCAGCGGCCGGGTCAACGAATTGGAGACCCAGTACTTCGGGCCA"	"CASGRVNELETQYF"	"TCRBV6-5*1"	"TCRBD2-1"	"TCRBJ2-5*1"	48	51	55	66	3	11	NA	NA	"NNNNTGTCGGCTGCTCCCTCCCAGACATCTGTGTACTTCTGTGCCAGCGGCCGGGTCAACGAATTGGAGACCCAGTACTTCGGGCCA"	FALSE	TRUE	NA	NA	NA	NA
"GTGACATCGGCCCAAAAGAACCCGACAGCTTTCTATCTCTGTGCCAGTAGTATAGCGGGAGGGAACAATGAGCAGTTCTTCGGGCCA"	"CASSIAGGNNEQFF"	"GTGACATCGGCCCAAAAGAACCCGACAGCTTTCTATCTCTGTGCCAGTAGTATAGCGGGAGGGAACAATGAGCAGTTCTTCGGGCCA"	"CASSIAGGNNEQFF"	"TCRBV19-1*1"	"TCRBD2-1*2"	"TCRBJ2-1*1"	-1	55	63	64	56	1	NA	NA	"GTGACATCGGCCCAAAAGAACCCGACAGCTTTCTATCTCTGTGCCAGTAGTATAGCGGGAGGGAACAATGAGCAGTTCTTCGGGCCA"	FALSE	TRUE	NA	NA	NA	NA
"NNNNTGTCGGCTGCTCCCTCCCAGACATCTGTGTACTTCTGTGCCAGCAGGCGAGCGGGAGAACTAAATACGCAGTATTTTGGCCCA"	"CASRRAGELNTQYF"	"NNNNTGTCGGCTGCTCCCTCCCAGACATCTGTGTACTTCTGTGCCAGCAGGCGAGCGGGAGAACTAAATACGCAGTATTTTGGCCCA"	"CASRRAGELNTQYF"	"TCRBV6-5*1"	"TCRBD2-1*2"	"TCRBJ2-3*1"	50	53	61	67	3	6	NA	NA	"NNNNTGTCGGCTGCTCCCTCCCAGACATCTGTGTACTTCTGTGCCAGCAGGCGAGCGGGAGAACTAAATACGCAGTATTTTGGCCCA"	FALSE	TRUE	NA	NA	NA	NA
"CTGAAGATCCAGCGCACAGAGCGGGGGGACTCAGCCGTGTATCTCTGTGCCAGCAGCTTGAGTACCGGGGAGCTGTTTTTTGGAGAA"	"CASSLSTGELFF"	"CTGAAGATCCAGCGCACAGAGCGGGGGGACTCAGCCGTGTATCTCTGTGCCAGCAGCTTGAGTACCGGGGAGCTGTTTTTTGGAGAA"	"CASSLSTGELFF"	"TCRBV7-3*1"	"TCRBD2-1*2"	"TCRBJ2-2*1"	-1	59	62	63	60	1	NA	NA	"CTGAAGATCCAGCGCACAGAGCGGGGGGACTCAGCCGTGTATCTCTGTGCCAGCAGCTTGAGTACCGGGGAGCTGTTTTTTGGAGAA"	FALSE	TRUE	NA	NA	NA	NA
"CTGAACATGAGCTCCTTGGAGCTGGGGGACTCAGCCCTGTACTTCTGTGCCAGCAGCTCTACTATGGGGGAGCTGTTTTTTGGAGAA"	"CASSSTMGELFF"	"CTGAACATGAGCTCCTTGGAGCTGGGGGACTCAGCCCTGTACTTCTGTGCCAGCAGCTCTACTATGGGGGAGCTGTTTTTTGGAGAA"	"CASSSTMGELFF"	"TCRBV13-1*1"	"TCRBD2-1"	"TCRBJ2-2*1"	58	60	64	66	2	2	NA	NA	"CTGAACATGAGCTCCTTGGAGCTGGGGGACTCAGCCCTGTACTTCTGTGCCAGCAGCTCTACTATGGGGGAGCTGTTTTTTGGAGAA"	FALSE	TRUE	NA	NA	NA	NA
"ACATCGGCCCAAAAGAACCCGACAGCTTTCTATCTCTGTGCCACTTCAAAGGGGGAGGGCCAGACAGATACGCAGTATTTTGGCCCA"	"CATSKGEGQTDTQYF"	"ACATCGGCCCAAAAGAACCCGACAGCTTTCTATCTCTGTGCCACTTCAAAGGGGGAGGGCCAGACAGATACGCAGTATTTTGGCCCA"	"CATSKGEGQTDTQYF"	"TCRBV19-1*1"	"TCRBD2-1*2"	"TCRBJ2-3*1"	43	52	59	63	9	4	NA	NA	"ACATCGGCCCAAAAGAACCCGACAGCTTTCTATCTCTGTGCCACTTCAAAGGGGGAGGGCCAGACAGATACGCAGTATTTTGGCCCA"	FALSE	TRUE	NA	NA	NA	NA
"GCCCTGCAGCCAGAAGACTCAGCCCTGTATCTCTGCGCCAGCAGCCAAGAATCGTCAGCGACAACCTACGAGCAGTACTTCGGGCCG"	"CASSQESSATTYEQYF"	"GCCCTGCAGCCAGAAGACTCAGCCCTGTATCTCTGCGCCAGCAGCCAAGAATCGTCAGCGACAACCTACGAGCAGTACTTCGGGCCG"	"CASSQESSATTYEQYF"	"TCRBV4-1*1"	NA	"TCRBJ2-7*1"	50	59	63	64	9	1	NA	NA	"GCCCTGCAGCCAGAAGACTCAGCCCTGTATCTCTGCGCCAGCAGCCAAGAATCGTCAGCGACAACCTACGAGCAGTACTTCGGGCCG"	FALSE	TRUE	NA	NA	NA	NA
"CTGGAGCTGGGGGACTCAGCTTTGTATTTCTGTGCCAGCAGCGATCCCGGGACTAGCGGGTCCTACAATGAGCAGTTCTTCGGGCCA"	"CASSDPGTSGSYNEQFF"	"CTGGAGCTGGGGGACTCAGCTTTGTATTTCTGTGCCAGCAGCGATCCCGGGACTAGCGGGTCCTACAATGAGCAGTTCTTCGGGCCA"	"CASSDPGTSGSYNEQFF"	"TCRBV9-1*1"	"TCRBD2-1"	"TCRBJ2-1*1"	43	48	-1	60	5	61	NA	NA	"CTGGAGCTGGGGGACTCAGCTTTGTATTTCTGTGCCAGCAGCGATCCCGGGACTAGCGGGTCCTACAATGAGCAGTTCTTCGGGCCA"	FALSE	TRUE	NA	NA	NA	NA
"CAGCCCTCAGAACCCAGGGACTCAGCTGTGTACTTCTGTGCCAGCGGCGGGACCCCCTCGTAGGACACTGAAGCTTTCTTTGGACAA"	"CASGGTPS*DTEAFF"	"CAGCCCTCAGAACCCAGGGACTCAGCTGTGTACTTCTGTGCCAGCGGCGGGACCCCCTCGTAGGACACTGAAGCTTTCTTTGGACAA"	"CASGGTPS*DTEAFF"	NA	"TCRBD2-1*2"	"TCRBJ1-1*1"	45	46	52	64	1	12	NA	NA	"CAGCCCTCAGAACCCAGGGACTCAGCTGTGTACTTCTGTGCCAGCGGCGGGACCCCCTCGTAGGACACTGAAGCTTTCTTTGGACAA"	FALSE	TRUE	NA	NA	NA	NA
"CACCTACACGCCCTGCAGCCAGAAGACTCAGCCCTGTATCTCTGCGCCAGCAGCCTTGGACGGTCCTACGAGCAGTACTTCGGGCCG"	"CASSLGRSYEQYF"	"CACCTACACGCCCTGCAGCCAGAAGACTCAGCCCTGTATCTCTGCGCCAGCAGCCTTGGACGGTCCTACGAGCAGTACTTCGGGCCG"	"CASSLGRSYEQYF"	"TCRBV4-1*1"	NA	"TCRBJ2-7*1"	55	57	61	63	2	2	NA	NA	"CACCTACACGCCCTGCAGCCAGAAGACTCAGCCCTGTATCTCTGCGCCAGCAGCCTTGGACGGTCCTACGAGCAGTACTTCGGGCCG"	FALSE	TRUE	NA	NA	NA	NA
"ACCTTGGAGCTGGGGGACTCGGCCCTTTATCTTTGCGCCAGCAGGTTGGTGTTGGGAGGCAACACCGGGGAGCTGTTTTTTGGAGAA"	"CASRLVLGGNTGELFF"	"ACCTTGGAGCTGGGGGACTCGGCCCTTTATCTTTGCGCCAGCAGGTTGGTGTTGGGAGGCAACACCGGGGAGCTGTTTTTTGGAGAA"	"CASRLVLGGNTGELFF"	"TCRBV5-1*1"	"TCRBD2-1*2"	"TCRBJ2-2*1"	49	53	59	60	4	1	NA	NA	"ACCTTGGAGCTGGGGGACTCGGCCCTTTATCTTTGCGCCAGCAGGTTGGTGTTGGGAGGCAACACCGGGGAGCTGTTTTTTGGAGAA"	FALSE	TRUE	NA	NA	NA	NA
"CGGTCCACAAAGCTGGAGGACTCAGCCATGTACTTCTGTGCCAGCATAGGGAGGTCCTCTGGGGCCAACGTCCTGACTTTCGGGGCC"	"CASIGRSSGANVLTF"	"CGGTCCACAAAGCTGGAGGACTCAGCCATGTACTTCTGTGCCAGCATAGGGAGGTCCTCTGGGGCCAACGTCCTGACTTTCGGGGCC"	"CASIGRSSGANVLTF"	"TCRBV2-1"	"TCRBD2-1*2"	"TCRBJ2-6*1"	46	48	54	56	2	2	NA	NA	"CGGTCCACAAAGCTGGAGGACTCAGCCATGTACTTCTGTGCCAGCATAGGGAGGTCCTCTGGGGCCAACGTCCTGACTTTCGGGGCC"	FALSE	TRUE	NA	NA	NA	NA
"AGCAACATGAGCCCTGAAGACAGCAGCATATATCTCTGCAGCGTCGCCATGACTAGCGGTAGCACAGATACGCAGTATTTTGGCCCA"	"CSVAMTSGSTDTQYF"	"AGCAACATGAGCCCTGAAGACAGCAGCATATATCTCTGCAGCGTCGCCATGACTAGCGGTAGCACAGATACGCAGTATTTTGGCCCA"	"CSVAMTSGSTDTQYF"	"TCRBV29-1"	"TCRBD2-1"	"TCRBJ2-3*1"	44	50	59	60	6	1	NA	NA	"AGCAACATGAGCCCTGAAGACAGCAGCATATATCTCTGCAGCGTCGCCATGACTAGCGGTAGCACAGATACGCAGTATTTTGGCCCA"	FALSE	TRUE	NA	NA	NA	NA
"AGCACCAACCAGACATCTATGTACCTCTGTGCCAGCACCTCCTTTTTCGGACAGGGCACCTATAATTCACCCCTCCACTTTGGGAAT"	"CASTSFFGQGTYNSPLHF"	"AGCACCAACCAGACATCTATGTACCTCTGTGCCAGCACCTCCTTTTTCGGACAGGGCACCTATAATTCACCCCTCCACTTTGGGAAT"	"CASTSFFGQGTYNSPLHF"	"TCRBV28-1*1"	"TCRBD1-1*1"	"TCRBJ1-6*1"	37	48	56	58	11	2	NA	NA	"AGCACCAACCAGACATCTATGTACCTCTGTGCCAGCACCTCCTTTTTCGGACAGGGCACCTATAATTCACCCCTCCACTTTGGGAAT"	FALSE	TRUE	NA	NA	NA	NA
"CTGGAGTTGGCTGCTCCCTCCCAGACATCTGTGTACTTCTGTGCCAGCGGGTACAGTGCAGTCCAAGAGACCCAGTACTTCGGGCCA"	"CASGYSAVQETQYF"	"CTGGAGTTGGCTGCTCCCTCCCAGACATCTGTGTACTTCTGTGCCAGCGGGTACAGTGCAGTCCAAGAGACCCAGTACTTCGGGCCA"	"CASGYSAVQETQYF"	"TCRBV6-6"	"TCRBD1-1*1"	"TCRBJ2-5*1"	48	52	56	62	4	6	NA	NA	"CTGGAGTTGGCTGCTCCCTCCCAGACATCTGTGTACTTCTGTGCCAGCGGGTACAGTGCAGTCCAAGAGACCCAGTACTTCGGGCCA"	FALSE	TRUE	NA	NA	NA	NA
"GAGCTTGGTGACTCTGCTGTGTATTTCTGTGCCAGCAGCCAAGCAGGGGCGGGAGGGAGCTCCTACAATGAGCAGTTCTTCGGGCCA"	"CASSQAGAGGSSYNEQFF"	"GAGCTTGGTGACTCTGCTGTGTATTTCTGTGCCAGCAGCCAAGCAGGGGCGGGAGGGAGCTCCTACAATGAGCAGTTCTTCGGGCCA"	"CASSQAGAGGSSYNEQFF"	"TCRBV3-1/3-2*1"	"TCRBD2-1*2"	"TCRBJ2-1*1"	43	48	57	59	5	2	NA	NA	"GAGCTTGGTGACTCTGCTGTGTATTTCTGTGCCAGCAGCCAAGCAGGGGCGGGAGGGAGCTCCTACAATGAGCAGTTCTTCGGGCCA"	FALSE	TRUE	NA	NA	NA	NA
"AGGGCGACTCGGCTGTGTATCTCTGTGCCAGAAGCTTATAAGTCTAGCGGGAGGCACGCTCGGTTGTACGAGCAGTACTTCGGGCCG"	""	"AGGGCGACTCGGCTGTGTATCTCTGTGCCAGAAGCTTATAAGTCTAGCGGGAGGCACGCTCGGTTGTACGAGCAGTACTTCGGGCCG"	""	"TCRBV7-5*1"	"TCRBD2-1*2"	"TCRBJ2-7*1"	38	43	54	66	5	12	NA	NA	"AGGGCGACTCGGCTGTGTATCTCTGTGCCAGAAGCTTATAAGTCTAGCGGGAGGCACGCTCGGTTGTACGAGCAGTACTTCGGGCCG"	FALSE	FALSE	NA	NA	NA	NA
"CTGCCTCCTCCCAGACATCTGTATATTTCTGCGCCAGCAGGACTAGCGTTCCTTATGCGGGACACCGGGGAGCTGTTTTTTGGAGAA"	""	"CTGCCTCCTCCCAGACATCTGTATATTTCTGCGCCAGCAGGACTAGCGTTCCTTATGCGGGACACCGGGGAGCTGTTTTTTGGAGAA"	""	"TCRBV1-1"	"TCRBD2-1"	"TCRBJ2-2*1"	-1	40	48	61	41	13	NA	NA	"CTGCCTCCTCCCAGACATCTGTATATTTCTGCGCCAGCAGGACTAGCGTTCCTTATGCGGGACACCGGGGAGCTGTTTTTTGGAGAA"	FALSE	FALSE	NA	NA	NA	NA
"CACCTACACACCCTGCAGCCAGAAGACTCGGCCCTGTATCTCTGCGCCAGCAGCCCAAGGACACGGGAAAAACTGTTTTTTGGCAGT"	"CASSPRTREKLFF"	"CACCTACACACCCTGCAGCCAGAAGACTCGGCCCTGTATCTCTGCGCCAGCAGCCCAAGGACACGGGAAAAACTGTTTTTTGGCAGT"	"CASSPRTREKLFF"	"TCRBV4-3*1"	"TCRBD1-1*1"	"TCRBJ1-4*1"	55	58	63	66	3	3	NA	NA	"CACCTACACACCCTGCAGCCAGAAGACTCGGCCCTGTATCTCTGCGCCAGCAGCCCAAGGACACGGGAAAAACTGTTTTTTGGCAGT"	FALSE	TRUE	NA	NA	NA	NA
"ACCCGCTCCCAGACATCTGTGTATTTCTGCGCCAGCAGTGAGTTACGGTGGGTGCAGGCCTAGAACACTGAAGCTTTCTTTGGACAA"	"CASSELRWVQA*NTEAFF"	"ACCCGCTCCCAGACATCTGTGTATTTCTGCGCCAGCAGTGAGTTACGGTGGGTGCAGGCCTAGAACACTGAAGCTTTCTTTGGACAA"	"CASSELRWVQA*NTEAFF"	"TCRBV1-2*1"	"TCRBD1-1*1"	"TCRBJ1-1*1"	43	54	58	62	11	4	NA	NA	"ACCCGCTCCCAGACATCTGTGTATTTCTGCGCCAGCAGTGAGTTACGGTGGGTGCAGGCCTAGAACACTGAAGCTTTCTTTGGACAA"	FALSE	TRUE	NA	NA	NA	NA
"TGACAGTGACCAGTGCCCATCCTGAAGACAGCAGCTTCTACATCTGCACCCACCCCCCGGGAGCGGGAGACCCAGTACTTCGGGCCA"	""	"TGACAGTGACCAGTGCCCATCCTGAAGACAGCAGCTTCTACATCTGCACCCACCCCCCGGGAGCGGGAGACCCAGTACTTCGGGCCA"	""	NA	"TCRBD2-1*2"	"TCRBJ2-5*1"	48	57	63	66	9	3	NA	NA	"TGACAGTGACCAGTGCCCATCCTGAAGACAGCAGCTTCTACATCTGCACCCACCCCCCGGGAGCGGGAGACCCAGTACTTCGGGCCA"	FALSE	FALSE	NA	NA	NA	NA
"AACCTGAGCTCTCTGGAGCTGGGGGACTCAGCTTTGTATTTCTGTGCCAGCAGCGTGGGACCCCGCACTGAAGCTTTCTTTGGACAA"	"CASSVGPRTEAFF"	"AACCTGAGCTCTCTGGAGCTGGGGGACTCAGCTTTGTATTTCTGTGCCAGCAGCGTGGGACCCCGCACTGAAGCTTTCTTTGGACAA"	"CASSVGPRTEAFF"	"TCRBV9-1*1"	NA	"TCRBJ1-1*1"	-1	56	61	65	57	4	NA	NA	"AACCTGAGCTCTCTGGAGCTGGGGGACTCAGCTTTGTATTTCTGTGCCAGCAGCGTGGGACCCCGCACTGAAGCTTTCTTTGGACAA"	FALSE	TRUE	NA	NA	NA	NA
"GCTGGGGGACTCAGCTTTGTATTTCTGTGCCAGCAGCGCCGCTGAAGACGGGAGAACCCTTGAGCAGATACGCAGTATTTTGGCCCA"	""	"GCTGGGGGACTCAGCTTTGTATTTCTGTGCCAGCAGCGCCGCTGAAGACGGGAGAACCCTTGAGCAGATACGCAGTATTTTGGCCCA"	""	"TCRBV9-1*1"	"TCRBD2-1*2"	"TCRBJ2-3*1"	38	48	54	64	10	10	NA	NA	"GCTGGGGGACTCAGCTTTGTATTTCTGTGCCAGCAGCGCCGCTGAAGACGGGAGAACCCTTGAGCAGATACGCAGTATTTTGGCCCA"	FALSE	FALSE	NA	NA	NA	NA
"TCGGCTGCTCCCTCCCAAACATCTGTGTACTTCTGTGCCAGCAGTTCGTGGGAGGGAACGGGCAATCAGCCCCAGCATTTTGGTGAT"	"CASSSWEGTGNQPQHF"	"TCGGCTGCTCCCTCCCAAACATCTGTGTACTTCTGTGCCAGCAGTTCGTGGGAGGGAACGGGCAATCAGCCCCAGCATTTTGGTGAT"	"CASSSWEGTGNQPQHF"	"TCRBV6-2/6-3*1"	"TCRBD2-1*2"	"TCRBJ1-5*1"	46	49	56	61	3	5	NA	NA	"TCGGCTGCTCCCTCCCAAACATCTGTGTACTTCTGTGCCAGCAGTTCGTGGGAGGGAACGGGCAATCAGCCCCAGCATTTTGGTGAT"	FALSE	TRUE	NA	NA	NA	NA
"CTTCACATCAATTCCCTGGAGCTTGGTGACTCTGCTGTGTATTTCTGTGCCAGCAGCCAAGGGGGTAAGACCCAGTACTTCGGGCCA"	"CASSQGGKTQYF"	"CTTCACATCAATTCCCTGGAGCTTGGTGACTCTGCTGTGTATTTCTGTGCCAGCAGCCAAGGGGGTAAGACCCAGTACTTCGGGCCA"	"CASSQGGKTQYF"	"TCRBV3-1/3-2*1"	NA	"TCRBJ2-5*1"	-1	61	65	67	62	2	NA	NA	"CTTCACATCAATTCCCTGGAGCTTGGTGACTCTGCTGTGTATTTCTGTGCCAGCAGCCAAGGGGGTAAGACCCAGTACTTCGGGCCA"	FALSE	TRUE	NA	NA	NA	NA
"ATCCAGCGCACAGAGCAGGAGGACTCGGCCGTGTATCTCTGTGCCAGCAGCTTAGCCTCTGGGGCCAACGTCCTGACTTTCGGGGCC"	"CASSLASGANVLTF"	"ATCCAGCGCACAGAGCAGGAGGACTCGGCCGTGTATCTCTGTGCCAGCAGCTTAGCCTCTGGGGCCAACGTCCTGACTTTCGGGGCC"	"CASSLASGANVLTF"	"TCRBV7-2"	NA	"TCRBJ2-6*1"	-1	-1	-1	56	0	57	NA	NA	"ATCCAGCGCACAGAGCAGGAGGACTCGGCCGTGTATCTCTGTGCCAGCAGCTTAGCCTCTGGGGCCAACGTCCTGACTTTCGGGGCC"	FALSE	TRUE	NA	NA	NA	NA
"ACCTTGGAGCTGGGGGACTCGGCCCTTTATCTTTGCGCCAGCAGCTTGGCGGGACTACCCTCGGTTGGGACCCAGTACTTCGGGCCA"	"CASSLAGLPSVGTQYF"	"ACCTTGGAGCTGGGGGACTCGGCCCTTTATCTTTGCGCCAGCAGCTTGGCGGGACTACCCTCGGTTGGGACCCAGTACTTCGGGCCA"	"CASSLAGLPSVGTQYF"	"TCRBV5-1*1"	"TCRBD2-1"	"TCRBJ2-5*1"	49	50	57	68	1	11	NA	NA	"ACCTTGGAGCTGGGGGACTCGGCCCTTTATCTTTGCGCCAGCAGCTTGGCGGGACTACCCTCGGTTGGGACCCAGTACTTCGGGCCA"	FALSE	TRUE	NA	NA	NA	NA
"GCGTCTGCTGTACCCTCTCAGACATCTGTGTACTTCTGTGCCAGCAGTGACAGGGCGGGAGGGACAGATACGCAGTATTTTGGCCCA"	"CASSDRAGGTDTQYF"	"GCGTCTGCTGTACCCTCTCAGACATCTGTGTACTTCTGTGCCAGCAGTGACAGGGCGGGAGGGACAGATACGCAGTATTTTGGCCCA"	"CASSDRAGGTDTQYF"	"TCRBV6-4*1"	"TCRBD2-1*2"	"TCRBJ2-3*1"	51	54	-1	63	3	64	NA	NA	"GCGTCTGCTGTACCCTCTCAGACATCTGTGTACTTCTGTGCCAGCAGTGACAGGGCGGGAGGGACAGATACGCAGTATTTTGGCCCA"	FALSE	TRUE	NA	NA	NA	NA
"AATGTGAGTGCCTTGGAGCTGGGGGACTCGGCCCTGTATCTCTGTGCCGGATGACGACTAGCGGGCTACGAGCAGTACTTCGGGCCG"	"CAG*RLAGYEQYF"	"AATGTGAGTGCCTTGGAGCTGGGGGACTCGGCCCTGTATCTCTGTGCCGGATGACGACTAGCGGGCTACGAGCAGTACTTCGGGCCG"	"CAG*RLAGYEQYF"	"TCRBV5-3"	"TCRBD2-1"	"TCRBJ2-7*1"	48	55	-1	65	7	66	NA	NA	"AATGTGAGTGCCTTGGAGCTGGGGGACTCGGCCCTGTATCTCTGTGCCGGATGACGACTAGCGGGCTACGAGCAGTACTTCGGGCCG"	FALSE	TRUE	NA	NA	NA	NA
"CGCACAGAGCAGGAGGACTCGGCCGTGTATCTCTGTGCCAGCAGCTCGAAGAGGTGGGTCCGGGGAGAGACCCAGTACTTCGGGCCA"	"CASSSKRWVRGETQYF"	"CGCACAGAGCAGGAGGACTCGGCCGTGTATCTCTGTGCCAGCAGCTCGAAGAGGTGGGTCCGGGGAGAGACCCAGTACTTCGGGCCA"	"CASSSKRWVRGETQYF"	"TCRBV7-2"	"TCRBD2-1*1"	"TCRBJ2-5*1"	46	60	-1	65	14	66	NA	NA	"CGCACAGAGCAGGAGGACTCGGCCGTGTATCTCTGTGCCAGCAGCTCGAAGAGGTGGGTCCGGGGAGAGACCCAGTACTTCGGGCCA"	FALSE	TRUE	NA	NA	NA	NA
"NNNNNNNTGTCGGCTGCTCCCTCCCAGACATCTGTGTACTTCTGTGCCAGCAGGGGGCCCTACCGCTACGAGCAGTACTTCGGGCCG"	"CASRGPYRYEQYF"	"NNNNNNNTGTCGGCTGCTCCCTCCCAGACATCTGTGTACTTCTGTGCCAGCAGGGGGCCCTACCGCTACGAGCAGTACTTCGGGCCG"	"CASRGPYRYEQYF"	"TCRBV6-5*1"	"TCRBD1-1*1"	"TCRBJ2-7*1"	-1	53	58	65	54	7	NA	NA	"NNNNNNNTGTCGGCTGCTCCCTCCCAGACATCTGTGTACTTCTGTGCCAGCAGGGGGCCCTACCGCTACGAGCAGTACTTCGGGCCG"	FALSE	TRUE	NA	NA	NA	NA
"CACACCCTGCAGCCAGAAGACTCGGCCCTGTATCTCTGTGCCAGCAGCCAAGTTCTAGCTAGCAATCAGCCCCAGCATTTTGGTGAT"	"CASSQVLASNQPQHF"	"CACACCCTGCAGCCAGAAGACTCGGCCCTGTATCTCTGTGCCAGCAGCCAAGTTCTAGCTAGCAATCAGCCCCAGCATTTTGGTGAT"	"CASSQVLASNQPQHF"	"TCRBV4-2*1"	"TCRBD2-1"	"TCRBJ1-5*1"	52	54	-1	59	2	60	NA	NA	"CACACCCTGCAGCCAGAAGACTCGGCCCTGTATCTCTGTGCCAGCAGCCAAGTTCTAGCTAGCAATCAGCCCCAGCATTTTGGTGAT"	FALSE	TRUE	NA	NA	NA	NA
"NTGTCGGCTGCTCCCTCCCAAACATCTGTGTACTTCTGTGCCAGCAGTCGACTAGCGGGAGGTTACCACGAGCAGTACTTCGGGCCG"	"CASSRLAGGYHEQYF"	"NTGTCGGCTGCTCCCTCCCAAACATCTGTGTACTTCTGTGCCAGCAGTCGACTAGCGGGAGGTTACCACGAGCAGTACTTCGGGCCG"	"CASSRLAGGYHEQYF"	"TCRBV6-2/6-3*1"	"TCRBD2-1*2"	"TCRBJ2-7*1"	48	49	62	67	1	5	NA	NA	"NTGTCGGCTGCTCCCTCCCAAACATCTGTGTACTTCTGTGCCAGCAGTCGACTAGCGGGAGGTTACCACGAGCAGTACTTCGGGCCG"	FALSE	TRUE	NA	NA	NA	NA
"TGTCGGCTGCTCCCTCCCAGACATCTGTGTACTTCTGTGCCAGCAGCGAGGCAGGGTCCTTCCTACAATGAGCAGTTCTTCGGGCCA"	""	"TGTCGGCTGCTCCCTCCCAGACATCTGTGTACTTCTGTGCCAGCAGCGAGGCAGGGTCCTTCCTACAATGAGCAGTTCTTCGGGCCA"	""	"TCRBV6-5*1"	"TCRBD1-1*1"	"TCRBJ2-1*1"	46	51	56	60	5	4	NA	NA	"TGTCGGCTGCTCCCTCCCAGACATCTGTGTACTTCTGTGCCAGCAGCGAGGCAGGGTCCTTCCTACAATGAGCAGTTCTTCGGGCCA"	FALSE	FALSE	NA	NA	NA	NA
"AATGTGAGCACCTTGGAGCTGGGGGACTCGGCCCTTTATCTTTGCGCCAGCAGCCCAGGACTAGCGGGTGAGCAGTTCTTCGGGCCA"	"CASSPGLAGEQFF"	"AATGTGAGCACCTTGGAGCTGGGGGACTCGGCCCTTTATCTTTGCGCCAGCAGCCCAGGACTAGCGGGTGAGCAGTTCTTCGGGCCA"	"CASSPGLAGEQFF"	"TCRBV5-1*1"	"TCRBD2-1"	"TCRBJ2-1*1"	54	57	-1	68	3	69	NA	NA	"AATGTGAGCACCTTGGAGCTGGGGGACTCGGCCCTTTATCTTTGCGCCAGCAGCCCAGGACTAGCGGGTGAGCAGTTCTTCGGGCCA"	FALSE	TRUE	NA	NA	NA	NA
"ATCCAGCGCACAGAGCAGGGGGACTCGGCCATGTATCTCTGTGCCAGCAGCTCCCGGGCAGGACAAGAGACCCAGTACTTCGGGCCA"	"CASSSRAGQETQYF"	"ATCCAGCGCACAGAGCAGGGGGACTCGGCCATGTATCTCTGTGCCAGCAGCTCCCGGGCAGGACAAGAGACCCAGTACTTCGGGCCA"	"CASSSRAGQETQYF"	"TCRBV7-9*1"	NA	"TCRBJ2-5*1"	52	58	62	63	6	1	NA	NA	"ATCCAGCGCACAGAGCAGGGGGACTCGGCCATGTATCTCTGTGCCAGCAGCTCCCGGGCAGGACAAGAGACCCAGTACTTCGGGCCA"	FALSE	TRUE	NA	NA	NA	NA
"ACAGTGACCAGTGCCCATCCTGAAGACAGCAGCTTCTACATCTGCAGTGCCGTCGGGACTAGCACAGATACGCAGTATTTTGGCCCA"	"CSAVGTSTDTQYF"	"ACAGTGACCAGTGCCCATCCTGAAGACAGCAGCTTCTACATCTGCAGTGCCGTCGGGACTAGCACAGATACGCAGTATTTTGGCCCA"	"CSAVGTSTDTQYF"	NA	"TCRBD2-1"	"TCRBJ2-3*1"	50	54	-1	60	4	61	NA	NA	"ACAGTGACCAGTGCCCATCCTGAAGACAGCAGCTTCTACATCTGCAGTGCCGTCGGGACTAGCACAGATACGCAGTATTTTGGCCCA"	FALSE	TRUE	NA	NA	NA	NA
"TTCTGGAGTCCGCCAGCACCAACCAGACATCTATGTACCTCTGTGCCAGCAGCTCTCAGGGTTAACCAGCCCCAGCATTTTGGTGAT"	""	"TTCTGGAGTCCGCCAGCACCAACCAGACATCTATGTACCTCTGTGCCAGCAGCTCTCAGGGTTAACCAGCCCCAGCATTTTGGTGAT"	""	"TCRBV28-1*1"	"TCRBD1-1*1"	"TCRBJ1-5*1"	52	56	61	66	4	5	NA	NA	"TTCTGGAGTCCGCCAGCACCAACCAGACATCTATGTACCTCTGTGCCAGCAGCTCTCAGGGTTAACCAGCCCCAGCATTTTGGTGAT"	FALSE	FALSE	NA	NA	NA	NA
"TCGGCTGCTCCCTCCCAGACATCTGTGTACTTCTGTGCCAGCAGTTACTCAGGAGGACTAGCGGGAGTCGAGCAGTACTTCGGGCCG"	"CASSYSGGLAGVEQYF"	"TCGGCTGCTCCCTCCCAGACATCTGTGTACTTCTGTGCCAGCAGTTACTCAGGAGGACTAGCGGGAGTCGAGCAGTACTTCGGGCCG"	"CASSYSGGLAGVEQYF"	"TCRBV6-5*1"	"TCRBD2-1*2"	"TCRBJ2-7*1"	50	54	67	68	4	1	NA	NA	"TCGGCTGCTCCCTCCCAGACATCTGTGTACTTCTGTGCCAGCAGTTACTCAGGAGGACTAGCGGGAGTCGAGCAGTACTTCGGGCCG"	FALSE	TRUE	NA	NA	NA	NA
"CTGGAGTCGCCCAGCCCCAACCAGACCTCTCTGTACTTCTGTGCCAGCAGTTTAAACCGGGAGGTCTATGGCTACACCTTCGGTTCG"	"CASSLNREVYGYTF"	"CTGGAGTCGCCCAGCCCCAACCAGACCTCTCTGTACTTCTGTGCCAGCAGTTTAAACCGGGAGGTCTATGGCTACACCTTCGGTTCG"	"CASSLNREVYGYTF"	"TCRBV27-1*1"	"TCRBD2-1*2"	"TCRBJ1-2*1"	54	57	64	65	3	1	NA	NA	"CTGGAGTCGCCCAGCCCCAACCAGACCTCTCTGTACTTCTGTGCCAGCAGTTTAAACCGGGAGGTCTATGGCTACACCTTCGGTTCG"	FALSE	TRUE	NA	NA	NA	NA
"NNNNNNNNNNTGTCGGCTGCTCCCTCCCAGACATCTGTGTACTTCTGTGCCAGCAGTGAAGGGGGAGTGGGGCCGTTCTTCGGGCCA"	"CASSEGGVGPFF"	"NNNNNNNNNNTGTCGGCTGCTCCCTCCCAGACATCTGTGTACTTCTGTGCCAGCAGTGAAGGGGGAGTGGGGCCGTTCTTCGGGCCA"	"CASSEGGVGPFF"	"TCRBV6-1*1"	NA	"TCRBJ2-1*1"	61	68	73	74	7	1	NA	NA	"NNNNNNNNNNTGTCGGCTGCTCCCTCCCAGACATCTGTGTACTTCTGTGCCAGCAGTGAAGGGGGAGTGGGGCCGTTCTTCGGGCCA"	FALSE	TRUE	NA	NA	NA	NA
"CAGCCCTCAGAACCCAGGGACTCAGCTGTGTACTTCTGTGCCAGCAGTTTGGGTTCCGGGGCTAACAATGAGCAGTTCTTCGGGCCA"	"CASSLGSGANNEQFF"	"CAGCCCTCAGAACCCAGGGACTCAGCTGTGTACTTCTGTGCCAGCAGTTTGGGTTCCGGGGCTAACAATGAGCAGTTCTTCGGGCCA"	"CASSLGSGANNEQFF"	NA	NA	"TCRBJ2-1*1"	50	57	62	64	7	2	NA	NA	"CAGCCCTCAGAACCCAGGGACTCAGCTGTGTACTTCTGTGCCAGCAGTTTGGGTTCCGGGGCTAACAATGAGCAGTTCTTCGGGCCA"	FALSE	TRUE	NA	NA	NA	NA
"CACACCCTGCAGCCAGAAGACTCGGCCCTGTATCTCTGTGCCAGCAGCCAAGTGGCGGGAAACACCGGGGAGCTGTTTTTTGGAGAA"	"CASSQVAGNTGELFF"	"CACACCCTGCAGCCAGAAGACTCGGCCCTGTATCTCTGTGCCAGCAGCCAAGTGGCGGGAAACACCGGGGAGCTGTTTTTTGGAGAA"	"CASSQVAGNTGELFF"	"TCRBV4-2*1"	"TCRBD2-1*2"	"TCRBJ2-2*1"	52	54	-1	60	2	61	NA	NA	"CACACCCTGCAGCCAGAAGACTCGGCCCTGTATCTCTGTGCCAGCAGCCAAGTGGCGGGAAACACCGGGGAGCTGTTTTTTGGAGAA"	FALSE	TRUE	NA	NA	NA	NA
"ACAGTGACCAGTGCCCATCCTGAAGACAGCAGCTTCTACATCTGCAGTGCTAGTTTCGGGGGCGGTCAGCCCCAGCATTTTGGTGAT"	"CSASFGGGQPQHF"	"ACAGTGACCAGTGCCCATCCTGAAGACAGCAGCTTCTACATCTGCAGTGCTAGTTTCGGGGGCGGTCAGCCCCAGCATTTTGGTGAT"	"CSASFGGGQPQHF"	"TCRBV2-1*4"	NA	"TCRBJ1-5*1"	54	57	63	65	3	2	NA	NA	"ACAGTGACCAGTGCCCATCCTGAAGACAGCAGCTTCTACATCTGCAGTGCTAGTTTCGGGGGCGGTCAGCCCCAGCATTTTGGTGAT"	FALSE	TRUE	NA	NA	NA	NA
"AACCTGAGCTCTCTGGAGCTGGGGGACTCAGCTTTGTATTTCTGTGCCAGCAGCGGCAATGATGGAAACACCATATATTTTGGAGAG"	"CASSGNDGNTIYF"	"AACCTGAGCTCTCTGGAGCTGGGGGACTCAGCTTTGTATTTCTGTGCCAGCAGCGGCAATGATGGAAACACCATATATTTTGGAGAG"	"CASSGNDGNTIYF"	"TCRBV9-1*1"	NA	"TCRBJ1-3*1"	55	60	-1	62	5	63	NA	NA	"AACCTGAGCTCTCTGGAGCTGGGGGACTCAGCTTTGTATTTCTGTGCCAGCAGCGGCAATGATGGAAACACCATATATTTTGGAGAG"	FALSE	TRUE	NA	NA	NA	NA
"ACTGTGACATCGGCCCAAAAGAACCCGACAGCTTTCTATCTCTGTGCCAGTATTGGCTCGTCCTCCTACGAGCAGTACTTCGGGCCG"	"CASIGSSSYEQYF"	"ACTGTGACATCGGCCCAAAAGAACCCGACAGCTTTCTATCTCTGTGCCAGTATTGGCTCGTCCTCCTACGAGCAGTACTTCGGGCCG"	"CASIGSSSYEQYF"	"TCRBV19-1*1"	"TCRBD1-1*1"	"TCRBJ2-7*1"	52	54	57	62	2	5	NA	NA	"ACTGTGACATCGGCCCAAAAGAACCCGACAGCTTTCTATCTCTGTGCCAGTATTGGCTCGTCCTCCTACGAGCAGTACTTCGGGCCG"	FALSE	TRUE	NA	NA	NA	NA
"CTGCAGCCAGAAGACTCGGCCCTGTATCTCTGTGCCAGCAGCCAAGATCAATCCGGCTCTGGGGCCAACGTCCTGACTTTCGGGGCC"	"CASSQDQSGSGANVLTF"	"CTGCAGCCAGAAGACTCGGCCCTGTATCTCTGTGCCAGCAGCCAAGATCAATCCGGCTCTGGGGCCAACGTCCTGACTTTCGGGGCC"	"CASSQDQSGSGANVLTF"	"TCRBV4-2*1"	"TCRBD2-1"	"TCRBJ2-6*1"	47	53	-1	56	6	57	NA	NA	"CTGCAGCCAGAAGACTCGGCCCTGTATCTCTGTGCCAGCAGCCAAGATCAATCCGGCTCTGGGGCCAACGTCCTGACTTTCGGGGCC"	FALSE	TRUE	NA	NA	NA	NA
"TTGGAGATCCAGCGCACAGAGCAGGGGGACTCGGCCATGTATCTCTGTGCCAGCAGCTTACCCACGGGATCCAAGTACTTCGGGCCG"	"CASSLPTGSKYF"	"TTGGAGATCCAGCGCACAGAGCAGGGGGACTCGGCCATGTATCTCTGTGCCAGCAGCTTACCCACGGGATCCAAGTACTTCGGGCCG"	"CASSLPTGSKYF"	"TCRBV7-9*1"	"TCRBD2-1*2"	"TCRBJ2-7*1"	60	64	69	73	4	4	NA	NA	"TTGGAGATCCAGCGCACAGAGCAGGGGGACTCGGCCATGTATCTCTGTGCCAGCAGCTTACCCACGGGATCCAAGTACTTCGGGCCG"	FALSE	TRUE	NA	NA	NA	NA
"CACGCCCTGCAGCCAGAAGACTCAGCCCTGTATCTCTGCGCCAGCAGCCAAGTTGGACAGCGGGAGGGGACGCAGTATTTTGGCCCA"	"CASSQVGQREGTQYF"	"CACGCCCTGCAGCCAGAAGACTCAGCCCTGTATCTCTGCGCCAGCAGCCAAGTTGGACAGCGGGAGGGGACGCAGTATTTTGGCCCA"	"CASSQVGQREGTQYF"	"TCRBV4-1*1"	"TCRBD2-1*2"	"TCRBJ2-3*1"	52	58	68	69	6	1	NA	NA	"CACGCCCTGCAGCCAGAAGACTCAGCCCTGTATCTCTGCGCCAGCAGCCAAGTTGGACAGCGGGAGGGGACGCAGTATTTTGGCCCA"	FALSE	TRUE	NA	NA	NA	NA
"GTGACCAGTGCCCATCCTGAAGACAGCAGCTTCTACATCTGCAGTGCCAGAGGCGGCAGGGCCTTTGAAAAACTGTTTTTTGGCAGT"	"CSARGGRAFEKLFF"	"GTGACCAGTGCCCATCCTGAAGACAGCAGCTTCTACATCTGCAGTGCCAGAGGCGGCAGGGCCTTTGAAAAACTGTTTTTTGGCAGT"	"CSARGGRAFEKLFF"	NA	"TCRBD1-1*1"	"TCRBJ1-4*1"	52	56	61	65	4	4	NA	NA	"GTGACCAGTGCCCATCCTGAAGACAGCAGCTTCTACATCTGCAGTGCCAGAGGCGGCAGGGCCTTTGAAAAACTGTTTTTTGGCAGT"	FALSE	TRUE	NA	NA	NA	NA
"CCAGCCTGCAAAGCTTGAGGACTCGGCCGTGTATCTCTGTGCCAGCAGCTTAGATTGGGGGCCAATGAAAAACTGTTTTTTGGCAGT"	""	"CCAGCCTGCAAAGCTTGAGGACTCGGCCGTGTATCTCTGTGCCAGCAGCTTAGATTGGGGGCCAATGAAAAACTGTTTTTTGGCAGT"	""	"TCRBV11-2*1"	"TCRBD1-1*1"	"TCRBJ1-4*1"	54	56	62	63	2	1	NA	NA	"CCAGCCTGCAAAGCTTGAGGACTCGGCCGTGTATCTCTGTGCCAGCAGCTTAGATTGGGGGCCAATGAAAAACTGTTTTTTGGCAGT"	FALSE	FALSE	NA	NA	NA	NA
"CTCACTGTGACATCGGCCCAAAAGAACCCGACAGCTTTCTATCTCTGTGCCAGTAGTATAGGTACAGATACGCAGTATTTTGGCCCA"	"CASSIGTDTQYF"	"CTCACTGTGACATCGGCCCAAAAGAACCCGACAGCTTTCTATCTCTGTGCCAGTAGTATAGGTACAGATACGCAGTATTTTGGCCCA"	"CASSIGTDTQYF"	"TCRBV19-1*1"	NA	"TCRBJ2-3*1"	-1	-1	61	63	0	2	NA	NA	"CTCACTGTGACATCGGCCCAAAAGAACCCGACAGCTTTCTATCTCTGTGCCAGTAGTATAGGTACAGATACGCAGTATTTTGGCCCA"	FALSE	TRUE	NA	NA	NA	NA
"AATGTGAGCACCTTGGAGCTGGGGGACTCGGCCCTTTATCTTTGCGCCAGCAGCTTGGGAGGGCACTATGGCTACACCTTCGGTTCG"	"CASSLGGHYGYTF"	"AATGTGAGCACCTTGGAGCTGGGGGACTCGGCCCTTTATCTTTGCGCCAGCAGCTTGGGAGGGCACTATGGCTACACCTTCGGTTCG"	"CASSLGGHYGYTF"	"TCRBV5-1*1"	"TCRBD2-1*2"	"TCRBJ1-2*1"	-1	58	63	64	59	1	NA	NA	"AATGTGAGCACCTTGGAGCTGGGGGACTCGGCCCTTTATCTTTGCGCCAGCAGCTTGGGAGGGCACTATGGCTACACCTTCGGTTCG"	FALSE	TRUE	NA	NA	NA	NA
"TTCCTTCACCTACACACCCTGCAGCCAGAAGACTCGGCCCTGTATCTCTGTGCCAGCAGCCAAGGTAGCGGGAGTTTCTTCGGGCCA"	"CASSQGSGSFF"	"TTCCTTCACCTACACACCCTGCAGCCAGAAGACTCGGCCCTGTATCTCTGTGCCAGCAGCCAAGGTAGCGGGAGTTTCTTCGGGCCA"	"CASSQGSGSFF"	"TCRBV4-2*1"	"TCRBD2-1*2"	"TCRBJ2-1*1"	64	65	74	75	1	1	NA	NA	"TTCCTTCACCTACACACCCTGCAGCCAGAAGACTCGGCCCTGTATCTCTGTGCCAGCAGCCAAGGTAGCGGGAGTTTCTTCGGGCCA"	FALSE	TRUE	NA	NA	NA	NA
"CAGCGCACAGAGCGGGGGGACTCAGCCGTGTATCTCTGTGCCAGCAGCTTTTCGGGGGAGGGTAATTCACCCCTCCACTTTGGGAAT"	"CASSFSGEGNSPLHF"	"CAGCGCACAGAGCGGGGGGACTCAGCCGTGTATCTCTGTGCCAGCAGCTTTTCGGGGGAGGGTAATTCACCCCTCCACTTTGGGAAT"	"CASSFSGEGNSPLHF"	"TCRBV7-3*1"	"TCRBD2-1*2"	"TCRBJ1-6*1"	50	55	-1	62	5	63	NA	NA	"CAGCGCACAGAGCGGGGGGACTCAGCCGTGTATCTCTGTGCCAGCAGCTTTTCGGGGGAGGGTAATTCACCCCTCCACTTTGGGAAT"	FALSE	TRUE	NA	NA	NA	NA
"CTGCAGCCAGAAGACTCGGCCCTGTATCTCTGCGCCAGCAGCCAAGTACCGGGACTAGCGGGAGGGGGTGAGCAGTTCTTCGGGCCA"	"CASSQVPGLAGGGEQFF"	"CTGCAGCCAGAAGACTCGGCCCTGTATCTCTGCGCCAGCAGCCAAGTACCGGGACTAGCGGGAGGGGGTGAGCAGTTCTTCGGGCCA"	"CASSQVPGLAGGGEQFF"	"TCRBV4-3*1"	"TCRBD2-1*2"	"TCRBJ2-1*1"	46	50	66	68	4	2	NA	NA	"CTGCAGCCAGAAGACTCGGCCCTGTATCTCTGCGCCAGCAGCCAAGTACCGGGACTAGCGGGAGGGGGTGAGCAGTTCTTCGGGCCA"	FALSE	TRUE	NA	NA	NA	NA
"ACATCGGCCCAAAAGAACCCGACAGCTTTCTATCTCTGTGCCAGTAGTTCCCTAGCGGGAGGGCCGGAGACCCAGTACTTCGGGCCA"	"CASSSLAGGPETQYF"	"ACATCGGCCCAAAAGAACCCGACAGCTTTCTATCTCTGTGCCAGTAGTTCCCTAGCGGGAGGGCCGGAGACCCAGTACTTCGGGCCA"	"CASSSLAGGPETQYF"	"TCRBV19-1*1"	"TCRBD2-1*2"	"TCRBJ2-5*1"	48	51	63	66	3	3	NA	NA	"ACATCGGCCCAAAAGAACCCGACAGCTTTCTATCTCTGTGCCAGTAGTTCCCTAGCGGGAGGGCCGGAGACCCAGTACTTCGGGCCA"	FALSE	TRUE	NA	NA	NA	NA
"CTGAGCTCTCTGGAGCTGGGGGACTCAGCTTTGTATTTCTGTGCCAGCAGCGTAGCTAGGGCAGACTATGGCTACACCTTCGGTTCG"	"CASSVARADYGYTF"	"CTGAGCTCTCTGGAGCTGGGGGACTCAGCTTTGTATTTCTGTGCCAGCAGCGTAGCTAGGGCAGACTATGGCTACACCTTCGGTTCG"	"CASSVARADYGYTF"	"TCRBV9-1*1"	NA	"TCRBJ1-2*1"	55	57	61	64	2	3	NA	NA	"CTGAGCTCTCTGGAGCTGGGGGACTCAGCTTTGTATTTCTGTGCCAGCAGCGTAGCTAGGGCAGACTATGGCTACACCTTCGGTTCG"	FALSE	TRUE	NA	NA	NA	NA
"GATCCAGCGCACAGAGCAGCGGGACTCGGCCATGTATCGCTGTGCCAGCTGAGGGGAAGATAAAACAATGAGCAGTTCTTCGGGCCA"	""	"GATCCAGCGCACAGAGCAGCGGGACTCGGCCATGTATCGCTGTGCCAGCTGAGGGGAAGATAAAACAATGAGCAGTTCTTCGGGCCA"	""	"TCRBV7-6*1"	NA	"TCRBJ2-1*1"	49	51	56	64	2	8	NA	NA	"GATCCAGCGCACAGAGCAGCGGGACTCGGCCATGTATCGCTGTGCCAGCTGAGGGGAAGATAAAACAATGAGCAGTTCTTCGGGCCA"	FALSE	FALSE	NA	NA	NA	NA
"ACAAAGCTGGAGGACTCAGCCATGTACTTCTGTGCCAGCACCAGGGACAGGGGGCGAAGTGGGGCCAACGTCCTGACTTTCGGGGCC"	"CASTRDRGRSGANVLTF"	"ACAAAGCTGGAGGACTCAGCCATGTACTTCTGTGCCAGCACCAGGGACAGGGGGCGAAGTGGGGCCAACGTCCTGACTTTCGGGGCC"	"CASTRDRGRSGANVLTF"	"TCRBV2-1"	"TCRBD1-1*1"	"TCRBJ2-6*1"	40	43	55	59	3	4	NA	NA	"ACAAAGCTGGAGGACTCAGCCATGTACTTCTGTGCCAGCACCAGGGACAGGGGGCGAAGTGGGGCCAACGTCCTGACTTTCGGGGCC"	FALSE	TRUE	NA	NA	NA	NA
"ACACAGCAGGAGGACTCCGCCGTGTATCTCTGTGCCAGCAGCTCCTTCCGAGGTGGGGGCGGGCCCTACGAGCAGTACTTCGGGCCG"	"CASSSFRGGGGPYEQYF"	"ACACAGCAGGAGGACTCCGCCGTGTATCTCTGTGCCAGCAGCTCCTTCCGAGGTGGGGGCGGGCCCTACGAGCAGTACTTCGGGCCG"	"CASSSFRGGGGPYEQYF"	"TCRBV7-8*1"	"TCRBD1-1*1"	"TCRBJ2-7*1"	43	54	60	64	11	4	NA	NA	"ACACAGCAGGAGGACTCCGCCGTGTATCTCTGTGCCAGCAGCTCCTTCCGAGGTGGGGGCGGGCCCTACGAGCAGTACTTCGGGCCG"	FALSE	TRUE	NA	NA	NA	NA
"ATTCTGGAGTCCGCCAGCACCAACCAGACATCTATGTACCTCTGTGCCAGCAGTTAGGGACAGACCTACGAGCAGTACTTCGGGCCG"	"CASS*GQTYEQYF"	"ATTCTGGAGTCCGCCAGCACCAACCAGACATCTATGTACCTCTGTGCCAGCAGTTAGGGACAGACCTACGAGCAGTACTTCGGGCCG"	"CASS*GQTYEQYF"	"TCRBV28-1*1"	"TCRBD1-1*1"	"TCRBJ2-7*1"	55	56	63	64	1	1	NA	NA	"ATTCTGGAGTCCGCCAGCACCAACCAGACATCTATGTACCTCTGTGCCAGCAGTTAGGGACAGACCTACGAGCAGTACTTCGGGCCG"	FALSE	TRUE	NA	NA	NA	NA
"GTGACCAGTGCCCATCCTGAAGACAGCAGCTTCTACATCTGCAGTGCTAGAGTTTGGAGCGGCTCCTACGAGCAGTACTTCGGGCCG"	"CSARVWSGSYEQYF"	"GTGACCAGTGCCCATCCTGAAGACAGCAGCTTCTACATCTGCAGTGCTAGAGTTTGGAGCGGCTCCTACGAGCAGTACTTCGGGCCG"	"CSARVWSGSYEQYF"	NA	"TCRBD2-1"	"TCRBJ2-7*1"	52	57	-1	62	5	63	NA	NA	"GTGACCAGTGCCCATCCTGAAGACAGCAGCTTCTACATCTGCAGTGCTAGAGTTTGGAGCGGCTCCTACGAGCAGTACTTCGGGCCG"	FALSE	TRUE	NA	NA	NA	NA
"GCCTGCAGAGCTTGGGGACTCGGCCATGTATCTCTGTGCCAGCAGAGTAGTAGACAGGGGGCCAAAAACATTCAGTACTTCGGCGCC"	""	"GCCTGCAGAGCTTGGGGACTCGGCCATGTATCTCTGTGCCAGCAGAGTAGTAGACAGGGGGCCAAAAACATTCAGTACTTCGGCGCC"	""	"TCRBV11-1*1"	"TCRBD1-1*1"	"TCRBJ2-4*1"	45	52	-1	60	7	61	NA	NA	"GCCTGCAGAGCTTGGGGACTCGGCCATGTATCTCTGTGCCAGCAGAGTAGTAGACAGGGGGCCAAAAACATTCAGTACTTCGGCGCC"	FALSE	FALSE	NA	NA	NA	NA
"GTGACATCGGCCCAAAAGAACCCGACAGCTTTCTATCTCTGTGCCAGTAGTCTAGCGGGAGTCAACAATGAGCAGTTCTTCGGGCCA"	"CASSLAGVNNEQFF"	"GTGACATCGGCCCAAAAGAACCCGACAGCTTTCTATCTCTGTGCCAGTAGTCTAGCGGGAGTCAACAATGAGCAGTTCTTCGGGCCA"	"CASSLAGVNNEQFF"	"TCRBV19-1*1"	"TCRBD2-1*2"	"TCRBJ2-1*1"	-1	55	61	64	56	3	NA	NA	"GTGACATCGGCCCAAAAGAACCCGACAGCTTTCTATCTCTGTGCCAGTAGTCTAGCGGGAGTCAACAATGAGCAGTTCTTCGGGCCA"	FALSE	TRUE	NA	NA	NA	NA
"ATCCAGCGCACAGAGCAGGAGGACTCGGCCGTGTATCTCTGTGCCAGCAGCTTAGCTAGCGGGGGTTATGAGCAGTTCTTCGGGCCA"	"CASSLASGGYEQFF"	"ATCCAGCGCACAGAGCAGGAGGACTCGGCCGTGTATCTCTGTGCCAGCAGCTTAGCTAGCGGGGGTTATGAGCAGTTCTTCGGGCCA"	"CASSLASGGYEQFF"	"TCRBV7-2"	"TCRBD2-1*1"	"TCRBJ2-1*1"	-1	56	65	67	57	2	NA	NA	"ATCCAGCGCACAGAGCAGGAGGACTCGGCCGTGTATCTCTGTGCCAGCAGCTTAGCTAGCGGGGGTTATGAGCAGTTCTTCGGGCCA"	FALSE	TRUE	NA	NA	NA	NA
"GTGCAGCCTGCAGAACTGGAGGATTCTGGAGTTTATTTCTGTGCCAGCAGCCAAACGGGACGGAACACTGAAGCTTTCTTTGGACAA"	"CASSQTGRNTEAFF"	"GTGCAGCCTGCAGAACTGGAGGATTCTGGAGTTTATTTCTGTGCCAGCAGCCAAACGGGACGGAACACTGAAGCTTTCTTTGGACAA"	"CASSQTGRNTEAFF"	"TCRBV14-1*1"	NA	"TCRBJ1-1*1"	54	56	61	62	2	1	NA	NA	"GTGCAGCCTGCAGAACTGGAGGATTCTGGAGTTTATTTCTGTGCCAGCAGCCAAACGGGACGGAACACTGAAGCTTTCTTTGGACAA"	FALSE	TRUE	NA	NA	NA	NA
"GAGTCGCCCAGCCCCAACCAGACCTCTCTGTACTTCTGTGCCAGCAGTTTCGTGACCCGACGGCCTTTTGAAGCTTTCTTTGGACAA"	"CASSFVTRRPFEAFF"	"GAGTCGCCCAGCCCCAACCAGACCTCTCTGTACTTCTGTGCCAGCAGTTTCGTGACCCGACGGCCTTTTGAAGCTTTCTTTGGACAA"	"CASSFVTRRPFEAFF"	"TCRBV27-1*1"	NA	"TCRBJ1-1*1"	50	53	56	68	3	12	NA	NA	"GAGTCGCCCAGCCCCAACCAGACCTCTCTGTACTTCTGTGCCAGCAGTTTCGTGACCCGACGGCCTTTTGAAGCTTTCTTTGGACAA"	FALSE	TRUE	NA	NA	NA	NA
"AAGATCCGGTCCACAAAGCTGGAGGACTCAGCCATGTACTTCTGTGCCAGCATGGGACGAGCTAACTATGGCTACACCTTCGGTTCG"	"CASMGRANYGYTF"	"AAGATCCGGTCCACAAAGCTGGAGGACTCAGCCATGTACTTCTGTGCCAGCATGGGACGAGCTAACTATGGCTACACCTTCGGTTCG"	"CASMGRANYGYTF"	"TCRBV2-1"	NA	"TCRBJ1-2*1"	52	53	58	61	1	3	NA	NA	"AAGATCCGGTCCACAAAGCTGGAGGACTCAGCCATGTACTTCTGTGCCAGCATGGGACGAGCTAACTATGGCTACACCTTCGGTTCG"	FALSE	TRUE	NA	NA	NA	NA
"TCCACAAAGCTGGAGGACTCAGCCATGTACTTCTGTGCCAGCACTGGGGAGGACAGGGGCCAACGGGAGACCCAGTACTTCGGGCCA"	"CASTGEDRGQRETQYF"	"TCCACAAAGCTGGAGGACTCAGCCATGTACTTCTGTGCCAGCACTGGGGAGGACAGGGGCCAACGGGAGACCCAGTACTTCGGGCCA"	"CASTGEDRGQRETQYF"	"TCRBV2-1"	"TCRBD1-1*1"	"TCRBJ2-5*1"	43	50	59	66	7	7	NA	NA	"TCCACAAAGCTGGAGGACTCAGCCATGTACTTCTGTGCCAGCACTGGGGAGGACAGGGGCCAACGGGAGACCCAGTACTTCGGGCCA"	FALSE	TRUE	NA	NA	NA	NA
"CCTGACCCTGGAGTCTGCCAGGCCCTCACATACCTCTCAGTACCTCTGTGCCAGCAGAGCCACTACTTCGGCTACACCTTCGGTTCG"	""	"CCTGACCCTGGAGTCTGCCAGGCCCTCACATACCTCTCAGTACCTCTGTGCCAGCAGAGCCACTACTTCGGCTACACCTTCGGTTCG"	""	"TCRBV25-1*1"	"TCRBD2-1"	"TCRBJ1-2*1"	57	61	65	69	4	4	NA	NA	"CCTGACCCTGGAGTCTGCCAGGCCCTCACATACCTCTCAGTACCTCTGTGCCAGCAGAGCCACTACTTCGGCTACACCTTCGGTTCG"	FALSE	FALSE	NA	NA	NA	NA
"AGTGCCCATCCTGAAGACAGCAGCTTCTACATCTGCAGTGCTAGAGACCTGGCGCGGGACTCCTACAATGAGCAGTTCTTCGGGCCA"	"CSARDLARDSYNEQFF"	"AGTGCCCATCCTGAAGACAGCAGCTTCTACATCTGCAGTGCTAGAGACCTGGCGCGGGACTCCTACAATGAGCAGTTCTTCGGGCCA"	"CSARDLARDSYNEQFF"	NA	"TCRBD2-1*2"	"TCRBJ2-1*1"	47	53	-1	59	6	60	NA	NA	"AGTGCCCATCCTGAAGACAGCAGCTTCTACATCTGCAGTGCTAGAGACCTGGCGCGGGACTCCTACAATGAGCAGTTCTTCGGGCCA"	FALSE	TRUE	NA	NA	NA	NA
"CGGAGTCAGGGGACACAGCACTGTATTTCTGTGCCAGCAGCAAAAGCCCCCCTGGCGGGAGGGCCCCACGAGCAGTACTTCGGGCCG"	""	"CGGAGTCAGGGGACACAGCACTGTATTTCTGTGCCAGCAGCAAAAGCCCCCCTGGCGGGAGGGCCCCACGAGCAGTACTTCGGGCCG"	""	"TCRBV21-1*1"	"TCRBD2-1*2"	"TCRBJ2-7*1"	44	54	63	67	10	4	NA	NA	"CGGAGTCAGGGGACACAGCACTGTATTTCTGTGCCAGCAGCAAAAGCCCCCCTGGCGGGAGGGCCCCACGAGCAGTACTTCGGGCCG"	FALSE	FALSE	NA	NA	NA	NA
"AGTCCACGGAGTCAGGGGACACAGCACTGTATTTCTGTGCCAGCAGCGGCAGGGCTCTCTGGGGCCAACGTCCTGACTTTCGGGGCC"	""	"AGTCCACGGAGTCAGGGGACACAGCACTGTATTTCTGTGCCAGCAGCGGCAGGGCTCTCTGGGGCCAACGTCCTGACTTTCGGGGCC"	""	"TCRBV21-1*1"	"TCRBD1-1*1"	"TCRBJ2-6*1"	47	49	54	56	2	2	NA	NA	"AGTCCACGGAGTCAGGGGACACAGCACTGTATTTCTGTGCCAGCAGCGGCAGGGCTCTCTGGGGCCAACGTCCTGACTTTCGGGGCC"	FALSE	FALSE	NA	NA	NA	NA
"ACATCGGCCCAAAAGAACCCGACAGCTTTCTATCTCTGTGCCAGTAGTACCGGGACAGGGAATGGTGAGACCCAGTACTTCGGGCCA"	"CASSTGTGNGETQYF"	"ACATCGGCCCAAAAGAACCCGACAGCTTTCTATCTCTGTGCCAGTAGTACCGGGACAGGGAATGGTGAGACCCAGTACTTCGGGCCA"	"CASSTGTGNGETQYF"	"TCRBV19-1*1"	"TCRBD1-1*1"	"TCRBJ2-5*1"	49	51	60	66	2	6	NA	NA	"ACATCGGCCCAAAAGAACCCGACAGCTTTCTATCTCTGTGCCAGTAGTACCGGGACAGGGAATGGTGAGACCCAGTACTTCGGGCCA"	FALSE	TRUE	NA	NA	NA	NA
"CTGGAGTTGGCTGCTCCCTCCCAGACATCTGTGTACTTCTGTGCCATCTCGACTAGATCCATGAACACTGAAGCTTTCTTTGGACAA"	"CAISTRSMNTEAFF"	"CTGGAGTTGGCTGCTCCCTCCCAGACATCTGTGTACTTCTGTGCCATCTCGACTAGATCCATGAACACTGAAGCTTTCTTTGGACAA"	"CAISTRSMNTEAFF"	"TCRBV6-6"	"TCRBD2-1"	"TCRBJ1-1*1"	46	50	56	61	4	5	NA	NA	"CTGGAGTTGGCTGCTCCCTCCCAGACATCTGTGTACTTCTGTGCCATCTCGACTAGATCCATGAACACTGAAGCTTTCTTTGGACAA"	FALSE	TRUE	NA	NA	NA	NA
"CTGTACCCTCTCAGACATCTGTGTACTTCTGTGCCAGCAGTGGTGACTAGCGGGAGAGATATCGCGGAGACCCAGTACTTCGGGCCA"	""	"CTGTACCCTCTCAGACATCTGTGTACTTCTGTGCCAGCAGTGGTGACTAGCGGGAGAGATATCGCGGAGACCCAGTACTTCGGGCCA"	""	"TCRBV6-4*1"	"TCRBD2-1*2"	"TCRBJ2-5*1"	42	44	56	66	2	10	NA	NA	"CTGTACCCTCTCAGACATCTGTGTACTTCTGTGCCAGCAGTGGTGACTAGCGGGAGAGATATCGCGGAGACCCAGTACTTCGGGCCA"	FALSE	FALSE	NA	NA	NA	NA
"GAGTCCGCCAGCACCAACCAGACATCTATGTACCTCTGTGCCAGCAGCCCAGGGACTAGCGCCTACAATGAGCAGTTCTTCGGGCCA"	"CASSPGTSAYNEQFF"	"GAGTCCGCCAGCACCAACCAGACATCTATGTACCTCTGTGCCAGCAGCCCAGGGACTAGCGCCTACAATGAGCAGTTCTTCGGGCCA"	"CASSPGTSAYNEQFF"	"TCRBV28-1*1"	"TCRBD2-1"	"TCRBJ2-1*1"	47	51	-1	61	4	62	NA	NA	"GAGTCCGCCAGCACCAACCAGACATCTATGTACCTCTGTGCCAGCAGCCCAGGGACTAGCGCCTACAATGAGCAGTTCTTCGGGCCA"	FALSE	TRUE	NA	NA	NA	NA
"ATCCAGCGCACAGAGCAGGAGGACTCGGCCGTGTATCTCTGTGCCAGCAGCTTTCCCGAGACATTTTCACCCCTCCACTTTGGGAAT"	"CASSFPETFSPLHF"	"ATCCAGCGCACAGAGCAGGAGGACTCGGCCGTGTATCTCTGTGCCAGCAGCTTTCCCGAGACATTTTCACCCCTCCACTTTGGGAAT"	"CASSFPETFSPLHF"	"TCRBV7-2"	"TCRBD1-1*1"	"TCRBJ1-6*1"	53	59	63	65	6	2	NA	NA	"ATCCAGCGCACAGAGCAGGAGGACTCGGCCGTGTATCTCTGTGCCAGCAGCTTTCCCGAGACATTTTCACCCCTCCACTTTGGGAAT"	FALSE	TRUE	NA	NA	NA	NA
"TTGGCTGCTCCCTCCCAGACATCTGTGTACTTCTGTGCCAGCAGTAACCCGGGACTAAGGGAATTAAATACGCAGTATTTTGGCCCA"	"CASSNPGLRELNTQYF"	"TTGGCTGCTCCCTCCCAGACATCTGTGTACTTCTGTGCCAGCAGTAACCCGGGACTAAGGGAATTAAATACGCAGTATTTTGGCCCA"	"CASSNPGLRELNTQYF"	"TCRBV6-6"	"TCRBD2-1"	"TCRBJ2-3*1"	45	50	57	67	5	10	NA	NA	"TTGGCTGCTCCCTCCCAGACATCTGTGTACTTCTGTGCCAGCAGTAACCCGGGACTAAGGGAATTAAATACGCAGTATTTTGGCCCA"	FALSE	TRUE	NA	NA	NA	NA
"GACACGGCACTGTATCTCTGCGCCAGCAGTCAATCGGCGACAGGGGGCACAAAGGATTGTTGCAACACTGAAGCTTTCTTTGGACAA"	"CASSQSATGGTKDCCNTEAFF"	"GACACGGCACTGTATCTCTGCGCCAGCAGTCAATCGGCGACAGGGGGCACAAAGGATTGTTGCAACACTGAAGCTTTCTTTGGACAA"	"CASSQSATGGTKDCCNTEAFF"	"TCRBV23-1*1"	"TCRBD1-1*1"	"TCRBJ1-1*1"	35	38	48	63	3	15	NA	NA	"GACACGGCACTGTATCTCTGCGCCAGCAGTCAATCGGCGACAGGGGGCACAAAGGATTGTTGCAACACTGAAGCTTTCTTTGGACAA"	FALSE	TRUE	NA	NA	NA	NA
"GTGACCAGTGCCCATCCTGAAGACAGCAGCTTCTACATCTGCAGTGCTAGAGGACTATTCAGCTCCTACGAGCAGTACTTCGGGCCG"	"CSARGLFSSYEQYF"	"GTGACCAGTGCCCATCCTGAAGACAGCAGCTTCTACATCTGCAGTGCTAGAGGACTATTCAGCTCCTACGAGCAGTACTTCGGGCCG"	"CSARGLFSSYEQYF"	NA	"TCRBD2-1"	"TCRBJ2-7*1"	-1	52	57	62	53	5	NA	NA	"GTGACCAGTGCCCATCCTGAAGACAGCAGCTTCTACATCTGCAGTGCTAGAGGACTATTCAGCTCCTACGAGCAGTACTTCGGGCCG"	FALSE	TRUE	NA	NA	NA	NA
"ACATCGGCCCAAAAGAACCCGACAGCTTTCTATCTCTGTGCCAGTAACAACCTTCCGGGACAGGGGGTGCGTGCTTTCTTTGGACAA"	"CASNNLPGQGVRAFF"	"ACATCGGCCCAAAAGAACCCGACAGCTTTCTATCTCTGTGCCAGTAACAACCTTCCGGGACAGGGGGTGCGTGCTTTCTTTGGACAA"	"CASNNLPGQGVRAFF"	"TCRBV19-1*1"	"TCRBD1-1*1"	"TCRBJ1-1*1"	46	56	67	72	10	5	NA	NA	"ACATCGGCCCAAAAGAACCCGACAGCTTTCTATCTCTGTGCCAGTAACAACCTTCCGGGACAGGGGGTGCGTGCTTTCTTTGGACAA"	FALSE	TRUE	NA	NA	NA	NA
"TCCACAAAGCTGGAGGACTCAGCCATGTACTTCTGTGCCAGCAGCGAAATTAGGCTATCGAGCACCGGGGAGCTGTTTTTTGGAGAA"	"CASSEIRLSSTGELFF"	"TCCACAAAGCTGGAGGACTCAGCCATGTACTTCTGTGCCAGCAGCGAAATTAGGCTATCGAGCACCGGGGAGCTGTTTTTTGGAGAA"	"CASSEIRLSSTGELFF"	"TCRBV2-1"	NA	"TCRBJ2-2*1"	48	51	54	62	3	8	NA	NA	"TCCACAAAGCTGGAGGACTCAGCCATGTACTTCTGTGCCAGCAGCGAAATTAGGCTATCGAGCACCGGGGAGCTGTTTTTTGGAGAA"	FALSE	TRUE	NA	NA	NA	NA
"CTCACTGTGACATCGGCCCAAAAGAACCCGACAGCTTTCTATCTCTGTGCCAGTTCGACAGGGAGAGAGACCCAGTACTTCGGGCCA"	"CASSTGRETQYF"	"CTCACTGTGACATCGGCCCAAAAGAACCCGACAGCTTTCTATCTCTGTGCCAGTTCGACAGGGAGAGAGACCCAGTACTTCGGGCCA"	"CASSTGRETQYF"	"TCRBV19-1*1"	"TCRBD1-1*1"	"TCRBJ2-5*1"	54	56	63	65	2	2	NA	NA	"CTCACTGTGACATCGGCCCAAAAGAACCCGACAGCTTTCTATCTCTGTGCCAGTTCGACAGGGAGAGAGACCCAGTACTTCGGGCCA"	FALSE	TRUE	NA	NA	NA	NA
"GAGCTGGGGGACTCAGCTTTGTATTTCTGTGCCAGCAGCGTAGGGACCAGGGGCGGTGCAACTAATGAAAAACTGTTTTTTGGCAGT"	"CASSVGTRGGATNEKLFF"	"GAGCTGGGGGACTCAGCTTTGTATTTCTGTGCCAGCAGCGTAGGGACCAGGGGCGGTGCAACTAATGAAAAACTGTTTTTTGGCAGT"	"CASSVGTRGGATNEKLFF"	"TCRBV9-1*1"	"TCRBD1-1*1"	"TCRBJ1-4*1"	43	47	53	58	4	5	NA	NA	"GAGCTGGGGGACTCAGCTTTGTATTTCTGTGCCAGCAGCGTAGGGACCAGGGGCGGTGCAACTAATGAAAAACTGTTTTTTGGCAGT"	FALSE	TRUE	NA	NA	NA	NA
"ACTCTGACTGTGAGCAACATGAGCCCTGAAGACAGCAGCATATATCTCTGCAGCGTTGAAAGGGGCTATGGCTACACCTTCGGTTCG"	"CSVERGYGYTF"	"ACTCTGACTGTGAGCAACATGAGCCCTGAAGACAGCAGCATATATCTCTGCAGCGTTGAAAGGGGCTATGGCTACACCTTCGGTTCG"	"CSVERGYGYTF"	"TCRBV29-1*1"	"TCRBD1-1*1"	"TCRBJ1-2*1"	-1	60	-1	65	61	66	NA	NA	"ACTCTGACTGTGAGCAACATGAGCCCTGAAGACAGCAGCATATATCTCTGCAGCGTTGAAAGGGGCTATGGCTACACCTTCGGTTCG"	FALSE	TRUE	NA	NA	NA	NA
"NNNNTGTTGGCTGCTCCCTCCCAGACATCTGTGTACTTCTGTGCCAGCAGTTACACTAACAGGGTTGAGACCCAGTACTTCGGGCCA"	"CASSYTNRVETQYF"	"NNNNTGTTGGCTGCTCCCTCCCAGACATCTGTGTACTTCTGTGCCAGCAGTTACACTAACAGGGTTGAGACCCAGTACTTCGGGCCA"	"CASSYTNRVETQYF"	"TCRBV6-6*1"	"TCRBD1-1*1"	"TCRBJ2-5*1"	54	58	64	66	4	2	NA	NA	"NNNNTGTTGGCTGCTCCCTCCCAGACATCTGTGTACTTCTGTGCCAGCAGTTACACTAACAGGGTTGAGACCCAGTACTTCGGGCCA"	FALSE	TRUE	NA	NA	NA	NA
"CAGCGCACAGAGCAGGGGGACTCGGCCATGTATCTCTGTGCCAGCAGCTCAGGACAGGGAGGGCACGAAAAACTGTTTTTTGGCAGT"	"CASSSGQGGHEKLFF"	"CAGCGCACAGAGCAGGGGGACTCGGCCATGTATCTCTGTGCCAGCAGCTCAGGACAGGGAGGGCACGAAAAACTGTTTTTTGGCAGT"	"CASSSGQGGHEKLFF"	"TCRBV7-9*1"	"TCRBD1-1*1"	"TCRBJ1-4*1"	49	51	59	66	2	7	NA	NA	"CAGCGCACAGAGCAGGGGGACTCGGCCATGTATCTCTGTGCCAGCAGCTCAGGACAGGGAGGGCACGAAAAACTGTTTTTTGGCAGT"	FALSE	TRUE	NA	NA	NA	NA
"ATCCTGGAGTCGCCCAGCCCCAACCAGACCTCTCTGTACTTCTGTGCCAGCAGCCCACAGAGATTCTATGGCTACACCTTCGGTTCG"	"CASSPQRFYGYTF"	"ATCCTGGAGTCGCCCAGCCCCAACCAGACCTCTCTGTACTTCTGTGCCAGCAGCCCACAGAGATTCTATGGCTACACCTTCGGTTCG"	"CASSPQRFYGYTF"	"TCRBV27-1*1"	"TCRBD1-1*1"	"TCRBJ1-2*1"	53	56	60	65	3	5	NA	NA	"ATCCTGGAGTCGCCCAGCCCCAACCAGACCTCTCTGTACTTCTGTGCCAGCAGCCCACAGAGATTCTATGGCTACACCTTCGGTTCG"	FALSE	TRUE	NA	NA	NA	NA
"GTGAACGCCTTGTTGCTGGGGGACTCGGCCCTCTATCTCTGTGCCAGCAGCACCCGGGACCAGTGGTACGAGCAGTACTTCGGGCCG"	"CASSTRDQWYEQYF"	"GTGAACGCCTTGTTGCTGGGGGACTCGGCCCTCTATCTCTGTGCCAGCAGCACCCGGGACCAGTGGTACGAGCAGTACTTCGGGCCG"	"CASSTRDQWYEQYF"	"TCRBV5-6*1"	NA	"TCRBJ2-7*1"	51	55	60	66	4	6	NA	NA	"GTGAACGCCTTGTTGCTGGGGGACTCGGCCCTCTATCTCTGTGCCAGCAGCACCCGGGACCAGTGGTACGAGCAGTACTTCGGGCCG"	FALSE	TRUE	NA	NA	NA	NA
"ATCCTGAGTTCTAAGAAGCTCCTTCTCAGTGACTCTGGCTTCTATCTCTGTGCCTGGAACAGGAACACTGAAGCTTTCTTTGGACAA"	"CAWNRNTEAFF"	"ATCCTGAGTTCTAAGAAGCTCCTTCTCAGTGACTCTGGCTTCTATCTCTGTGCCTGGAACAGGAACACTGAAGCTTTCTTTGGACAA"	"CAWNRNTEAFF"	"TCRBV3-1*1"	"TCRBD1-1*1"	"TCRBJ1-1*1"	-1	58	-1	62	59	63	NA	NA	"ATCCTGAGTTCTAAGAAGCTCCTTCTCAGTGACTCTGGCTTCTATCTCTGTGCCTGGAACAGGAACACTGAAGCTTTCTTTGGACAA"	FALSE	TRUE	NA	NA	NA	NA
"NTGTCGGCTGCTCCCTCCCAAACATCTGTGTACTTCTGTGCCAGCAGTGAACTAGCGGGAGTTCGGCATGAGCAGTTCTTCGGGCCA"	"CASSELAGVRHEQFF"	"NTGTCGGCTGCTCCCTCCCAAACATCTGTGTACTTCTGTGCCAGCAGTGAACTAGCGGGAGTTCGGCATGAGCAGTTCTTCGGGCCA"	"CASSELAGVRHEQFF"	NA	"TCRBD2-1*2"	"TCRBJ2-1*1"	-1	51	61	67	52	6	NA	NA	"NTGTCGGCTGCTCCCTCCCAAACATCTGTGTACTTCTGTGCCAGCAGTGAACTAGCGGGAGTTCGGCATGAGCAGTTCTTCGGGCCA"	FALSE	TRUE	NA	NA	NA	NA
"ACCAGTGCCCATCCTGAAGACAGCAGCTTCTACATCTGCAGTGCTAGAGATCCAGCAGGGTCGAGTGAAAAACTGTTTTTTGGCAGT"	"CSARDPAGSSEKLFF"	"ACCAGTGCCCATCCTGAAGACAGCAGCTTCTACATCTGCAGTGCTAGAGATCCAGCAGGGTCGAGTGAAAAACTGTTTTTTGGCAGT"	"CSARDPAGSSEKLFF"	NA	"TCRBD1-1*1"	"TCRBJ1-4*1"	50	55	60	65	5	5	NA	NA	"ACCAGTGCCCATCCTGAAGACAGCAGCTTCTACATCTGCAGTGCTAGAGATCCAGCAGGGTCGAGTGAAAAACTGTTTTTTGGCAGT"	FALSE	TRUE	NA	NA	NA	NA
"CTGGAGCTGGGGGACTCAGCTTTGTATTTCTGTGCCAGCGCTCGAACCTACGACAGGGCTGGGGCCAACGTCCTGACTTTCGGGGCC"	"CASARTYDRAGANVLTF"	"CTGGAGCTGGGGGACTCAGCTTTGTATTTCTGTGCCAGCGCTCGAACCTACGACAGGGCTGGGGCCAACGTCCTGACTTTCGGGGCC"	"CASARTYDRAGANVLTF"	"TCRBV9-1*1"	"TCRBD1-1*1"	"TCRBJ2-6*1"	39	51	-1	58	12	59	NA	NA	"CTGGAGCTGGGGGACTCAGCTTTGTATTTCTGTGCCAGCGCTCGAACCTACGACAGGGCTGGGGCCAACGTCCTGACTTTCGGGGCC"	FALSE	TRUE	NA	NA	NA	NA
"TTGGAGATCCAGCGCACAGAGCAGGGGGACTCGGCCATGTATCTCTGTGCCAGCAGCTTACTCTACAATGAGCAGTTCTTCGGGCCA"	"CASSLLYNEQFF"	"TTGGAGATCCAGCGCACAGAGCAGGGGGACTCGGCCATGTATCTCTGTGCCAGCAGCTTACTCTACAATGAGCAGTTCTTCGGGCCA"	"CASSLLYNEQFF"	"TCRBV7-9*1"	"TCRBD2-1"	"TCRBJ2-1*1"	-1	60	-1	62	61	63	NA	NA	"TTGGAGATCCAGCGCACAGAGCAGGGGGACTCGGCCATGTATCTCTGTGCCAGCAGCTTACTCTACAATGAGCAGTTCTTCGGGCCA"	FALSE	TRUE	NA	NA	NA	NA
"NNTGTCGGCTGCTCCCTCCCAGACATCTGTGTACTTCTGTGCCAGCAGTTTACAGGGGAAACTAATGAAAAACTGTTTTTTGGCAGT"	""	"NNTGTCGGCTGCTCCCTCCCAGACATCTGTGTACTTCTGTGCCAGCAGTTTACAGGGGAAACTAATGAAAAACTGTTTTTTGGCAGT"	""	"TCRBV6-5*1"	"TCRBD1-1*1"	"TCRBJ1-4*1"	50	51	58	59	1	1	NA	NA	"NNTGTCGGCTGCTCCCTCCCAGACATCTGTGTACTTCTGTGCCAGCAGTTTACAGGGGAAACTAATGAAAAACTGTTTTTTGGCAGT"	FALSE	FALSE	NA	NA	NA	NA
"NNNNTGTCGGCTGCTCCCTCCCAGACATCTGTGTACTTCTGTGCCAGCAGTGAGGGGTCTAGCAATCAGCCCCAGCATTTTGGTGAT"	"CASSEGSSNQPQHF"	"NNNNTGTCGGCTGCTCCCTCCCAGACATCTGTGTACTTCTGTGCCAGCAGTGAGGGGTCTAGCAATCAGCCCCAGCATTTTGGTGAT"	"CASSEGSSNQPQHF"	"TCRBV6-1*1"	NA	"TCRBJ1-5*1"	-1	53	57	59	54	2	NA	NA	"NNNNTGTCGGCTGCTCCCTCCCAGACATCTGTGTACTTCTGTGCCAGCAGTGAGGGGTCTAGCAATCAGCCCCAGCATTTTGGTGAT"	FALSE	TRUE	NA	NA	NA	NA
"GGAGTCCGCCAGCACCAACCAGACATCTATGTACCTCTGTGCCAGCACCTTTAGAGACAGGGGGCCTACGAGCAGTACTTCGGGCCG"	""	"GGAGTCCGCCAGCACCAACCAGACATCTATGTACCTCTGTGCCAGCACCTTTAGAGACAGGGGGCCTACGAGCAGTACTTCGGGCCG"	""	"TCRBV28-1*1"	"TCRBD1-1*1"	"TCRBJ2-7*1"	47	55	-1	64	8	65	NA	NA	"GGAGTCCGCCAGCACCAACCAGACATCTATGTACCTCTGTGCCAGCACCTTTAGAGACAGGGGGCCTACGAGCAGTACTTCGGGCCG"	FALSE	FALSE	NA	NA	NA	NA
"AAGATCCAGCGCACAGAGCGGGGGGACTCAGCCGTGTATCTCTGTGCCAGCAGCTTAAAATACCCCTCCGAGCAGTACTTCGGGCCA"	"CASSLKYPSEQYF"	"AAGATCCAGCGCACAGAGCGGGGGGACTCAGCCGTGTATCTCTGTGCCAGCAGCTTAAAATACCCCTCCGAGCAGTACTTCGGGCCA"	"CASSLKYPSEQYF"	"TCRBV7-3*1"	"TCRBD2-1*2"	"TCRBJ2-5*1"	58	69	-1	72	11	73	NA	NA	"AAGATCCAGCGCACAGAGCGGGGGGACTCAGCCGTGTATCTCTGTGCCAGCAGCTTAAAATACCCCTCCGAGCAGTACTTCGGGCCA"	FALSE	TRUE	NA	NA	NA	NA
"TCCGCCAGCACCAACCAGACATCTATGTACCTCTGTGCCAGCAGTTCGACCCCCGGGGGAGGGCTTCCCCAGACTTTCTTTGGACAA"	"CASSSTPGGGLPQTFF"	"TCCGCCAGCACCAACCAGACATCTATGTACCTCTGTGCCAGCAGTTCGACCCCCGGGGGAGGGCTTCCCCAGACTTTCTTTGGACAA"	"CASSSTPGGGLPQTFF"	"TCRBV28-1*1"	"TCRBD2-1*2"	"TCRBJ1-1*1"	46	56	63	73	10	10	NA	NA	"TCCGCCAGCACCAACCAGACATCTATGTACCTCTGTGCCAGCAGTTCGACCCCCGGGGGAGGGCTTCCCCAGACTTTCTTTGGACAA"	FALSE	TRUE	NA	NA	NA	NA
"GCCTTGGAGCTGGACGACTCGGCCCTGTATCTCTGTGCCAGCAGCTCCTTAGCGGGAGAGTCCTACAATGAGCAGTTCTTCGGGCCA"	"CASSSLAGESYNEQFF"	"GCCTTGGAGCTGGACGACTCGGCCCTGTATCTCTGTGCCAGCAGCTCCTTAGCGGGAGAGTCCTACAATGAGCAGTTCTTCGGGCCA"	"CASSSLAGESYNEQFF"	"TCRBV5-4*1"	"TCRBD2-1*2"	"TCRBJ2-1*1"	46	49	58	60	3	2	NA	NA	"GCCTTGGAGCTGGACGACTCGGCCCTGTATCTCTGTGCCAGCAGCTCCTTAGCGGGAGAGTCCTACAATGAGCAGTTCTTCGGGCCA"	FALSE	TRUE	NA	NA	NA	NA
"AACGCCTTGTTGCTGGGGGACTCGGCCCTCTATCTCTGTGCCAGCAGCCTTTCGTGGACAGGGCAGGGCGGCTACACCTTCGGTTCG"	"CASSLSWTGQGGYTF"	"AACGCCTTGTTGCTGGGGGACTCGGCCCTCTATCTCTGTGCCAGCAGCCTTTCGTGGACAGGGCAGGGCGGCTACACCTTCGGTTCG"	"CASSLSWTGQGGYTF"	"TCRBV5-6*1"	"TCRBD1-1*1"	"TCRBJ1-2*1"	48	55	63	69	7	6	NA	NA	"AACGCCTTGTTGCTGGGGGACTCGGCCCTCTATCTCTGTGCCAGCAGCCTTTCGTGGACAGGGCAGGGCGGCTACACCTTCGGTTCG"	FALSE	TRUE	NA	NA	NA	NA
"CAGCGCACACAGCAGGAGGACTCGGCCGTGTATCTCTGTGCCAGCAGCTTAGGTCTGACTAGCGTCGAGACCCAGTACTTCGGGCCA"	"CASSLGLTSVETQYF"	"CAGCGCACACAGCAGGAGGACTCGGCCGTGTATCTCTGTGCCAGCAGCTTAGGTCTGACTAGCGTCGAGACCCAGTACTTCGGGCCA"	"CASSLGLTSVETQYF"	"TCRBV7-2"	"TCRBD2-1"	"TCRBJ2-5*1"	52	56	64	66	4	2	NA	NA	"CAGCGCACACAGCAGGAGGACTCGGCCGTGTATCTCTGTGCCAGCAGCTTAGGTCTGACTAGCGTCGAGACCCAGTACTTCGGGCCA"	FALSE	TRUE	NA	NA	NA	NA
"ACAGTGACCAGTGCCCATCCTGAAGACAGCAGCTTCTACATCTGCAGTGCCATAGGGACAGGGGGCTCCGAGCAGTACTTCGGGCCG"	"CSAIGTGGSEQYF"	"ACAGTGACCAGTGCCCATCCTGAAGACAGCAGCTTCTACATCTGCAGTGCCATAGGGACAGGGGGCTCCGAGCAGTACTTCGGGCCG"	"CSAIGTGGSEQYF"	NA	"TCRBD1-1*1"	"TCRBJ2-7*1"	50	54	66	68	4	2	NA	NA	"ACAGTGACCAGTGCCCATCCTGAAGACAGCAGCTTCTACATCTGCAGTGCCATAGGGACAGGGGGCTCCGAGCAGTACTTCGGGCCG"	FALSE	TRUE	NA	NA	NA	NA
"GAGCTGGACGACTCGGCCCTGTATCTCTGTGCCAGCAGCGAGGGGACAGGGACGTATCGCCCCCACTATGGCTACACCTTCGGTTCG"	"CASSEGTGTYRPHYGYTF"	"GAGCTGGACGACTCGGCCCTGTATCTCTGTGCCAGCAGCGAGGGGACAGGGACGTATCGCCCCCACTATGGCTACACCTTCGGTTCG"	"CASSEGTGTYRPHYGYTF"	"TCRBV5-4*1"	"TCRBD1-1*1"	"TCRBJ1-2*1"	39	42	51	64	3	13	NA	NA	"GAGCTGGACGACTCGGCCCTGTATCTCTGTGCCAGCAGCGAGGGGACAGGGACGTATCGCCCCCACTATGGCTACACCTTCGGTTCG"	FALSE	TRUE	NA	NA	NA	NA
"GGAGATCCAGCGCACAGAGCAGGGGGACTCGGCCATGTATCTCTGTGCCAGCAGCTTAGACCTTATTACGAGCAGTACTTCGGGCCG"	""	"GGAGATCCAGCGCACAGAGCAGGGGGACTCGGCCATGTATCTCTGTGCCAGCAGCTTAGACCTTATTACGAGCAGTACTTCGGGCCG"	""	"TCRBV7-9*1"	NA	"TCRBJ2-7*1"	-1	59	61	66	60	5	NA	NA	"GGAGATCCAGCGCACAGAGCAGGGGGACTCGGCCATGTATCTCTGTGCCAGCAGCTTAGACCTTATTACGAGCAGTACTTCGGGCCG"	FALSE	FALSE	NA	NA	NA	NA
"CCCAGCCCCAACCAGACCTCTCTGTACTTCTGTGCCAGCATACGTCAGGGGGGGTTCCCGAACACCGGGGAGCTGTTTTTTGGAGAA"	"CASIRQGGFPNTGELFF"	"CCCAGCCCCAACCAGACCTCTCTGTACTTCTGTGCCAGCATACGTCAGGGGGGGTTCCCGAACACCGGGGAGCTGTTTTTTGGAGAA"	"CASIRQGGFPNTGELFF"	"TCRBV27-1*1"	NA	"TCRBJ2-2*1"	40	45	52	58	5	6	NA	NA	"CCCAGCCCCAACCAGACCTCTCTGTACTTCTGTGCCAGCATACGTCAGGGGGGGTTCCCGAACACCGGGGAGCTGTTTTTTGGAGAA"	FALSE	TRUE	NA	NA	NA	NA
"CTGCTCCCTCCCAGACATCTGTGTACTTCTGTGCCAGCAGTTACTCGTGGGGACTAGCGGGAGTTGGATACGCAGTATTTTGGCCCA"	""	"CTGCTCCCTCCCAGACATCTGTGTACTTCTGTGCCAGCAGTTACTCGTGGGGACTAGCGGGAGTTGGATACGCAGTATTTTGGCCCA"	""	NA	"TCRBD2-1*2"	"TCRBJ2-3*1"	46	49	63	66	3	3	NA	NA	"CTGCTCCCTCCCAGACATCTGTGTACTTCTGTGCCAGCAGTTACTCGTGGGGACTAGCGGGAGTTGGATACGCAGTATTTTGGCCCA"	FALSE	FALSE	NA	NA	NA	NA
"CTGGAGTCCGCCAGCACCAACCAGACATCTATGTACCTCTGTGCCAGCAGTCTCAGTAGCGGTGTATACGAGCAGTACTTCGGGCCG"	"CASSLSSGVYEQYF"	"CTGGAGTCCGCCAGCACCAACCAGACATCTATGTACCTCTGTGCCAGCAGTCTCAGTAGCGGTGTATACGAGCAGTACTTCGGGCCG"	"CASSLSSGVYEQYF"	"TCRBV28-1*1"	"TCRBD2-1"	"TCRBJ2-7*1"	51	56	62	66	5	4	NA	NA	"CTGGAGTCCGCCAGCACCAACCAGACATCTATGTACCTCTGTGCCAGCAGTCTCAGTAGCGGTGTATACGAGCAGTACTTCGGGCCG"	FALSE	TRUE	NA	NA	NA	NA
"ACATCGGCCCAAAAGAACCCGACAGCTTTCTATCTCTGTGCCAGTAGTATAGATCTACGCCCAGGGGTCAGAGCTTTCTTTGGACAA"	"CASSIDLRPGVRAFF"	"ACATCGGCCCAAAAGAACCCGACAGCTTTCTATCTCTGTGCCAGTAGTATAGATCTACGCCCAGGGGTCAGAGCTTTCTTTGGACAA"	"CASSIDLRPGVRAFF"	"TCRBV19-1*1"	"TCRBD1-1*1"	"TCRBJ1-1*1"	53	61	67	71	8	4	NA	NA	"ACATCGGCCCAAAAGAACCCGACAGCTTTCTATCTCTGTGCCAGTAGTATAGATCTACGCCCAGGGGTCAGAGCTTTCTTTGGACAA"	FALSE	TRUE	NA	NA	NA	NA
"TCACATCAATTCCCTGGAGCTTGGTGACTCTGCTGTGTATTTCTGTGCCAGCAGCCCAAGGACAGGGACGAGCAGTACTTCGGGCCG"	""	"TCACATCAATTCCCTGGAGCTTGGTGACTCTGCTGTGTATTTCTGTGCCAGCAGCCCAAGGACAGGGACGAGCAGTACTTCGGGCCG"	""	"TCRBV3-1/3-2*1"	"TCRBD1-1*1"	"TCRBJ2-7*1"	56	59	-1	67	3	68	NA	NA	"TCACATCAATTCCCTGGAGCTTGGTGACTCTGCTGTGTATTTCTGTGCCAGCAGCCCAAGGACAGGGACGAGCAGTACTTCGGGCCG"	FALSE	FALSE	NA	NA	NA	NA
"GCTGCTCCCTCCCAAACATCTGTGTACTTCTGTGCCAGCAGTGCCAGGGGTACGCTAGCGGGGATCTACGAGCAGTACTTCGGGCCG"	"CASSARGTLAGIYEQYF"	"GCTGCTCCCTCCCAAACATCTGTGTACTTCTGTGCCAGCAGTGCCAGGGGTACGCTAGCGGGGATCTACGAGCAGTACTTCGGGCCG"	"CASSARGTLAGIYEQYF"	"TCRBV6-2/6-3*1"	"TCRBD2-1*1"	"TCRBJ2-7*1"	42	54	63	65	12	2	NA	NA	"GCTGCTCCCTCCCAAACATCTGTGTACTTCTGTGCCAGCAGTGCCAGGGGTACGCTAGCGGGGATCTACGAGCAGTACTTCGGGCCG"	FALSE	TRUE	NA	NA	NA	NA
"ATCCTGGAGTCGCCCAGCCCCAACCAGACCTCTCTGTACTTCTGTGCCAGCAGTTTAGCTAGTTTCTACGAGCAGTACTTCGGGCCG"	"CASSLASFYEQYF"	"ATCCTGGAGTCGCCCAGCCCCAACCAGACCTCTCTGTACTTCTGTGCCAGCAGTTTAGCTAGTTTCTACGAGCAGTACTTCGGGCCG"	"CASSLASFYEQYF"	"TCRBV27-1*1"	"TCRBD2-1"	"TCRBJ2-7*1"	57	58	62	65	1	3	NA	NA	"ATCCTGGAGTCGCCCAGCCCCAACCAGACCTCTCTGTACTTCTGTGCCAGCAGTTTAGCTAGTTTCTACGAGCAGTACTTCGGGCCG"	FALSE	TRUE	NA	NA	NA	NA
"ATCCAGCAGGTAGTGCGAGGAGATTCGGCAGCTTATTTCTGTGCCAGCTCACCCGGCAGGGGGCCATGGGAGCTGTTTTTTGGAGAA"	"CASSPGRGPWELFF"	"ATCCAGCAGGTAGTGCGAGGAGATTCGGCAGCTTATTTCTGTGCCAGCTCACCCGGCAGGGGGCCATGGGAGCTGTTTTTTGGAGAA"	"CASSPGRGPWELFF"	"TCRBV18-1*1"	"TCRBD1-1*1"	"TCRBJ2-2*1"	53	56	64	67	3	3	NA	NA	"ATCCAGCAGGTAGTGCGAGGAGATTCGGCAGCTTATTTCTGTGCCAGCTCACCCGGCAGGGGGCCATGGGAGCTGTTTTTTGGAGAA"	FALSE	TRUE	NA	NA	NA	NA
"NNNNTGTCGGCTGCTCCCTCCCAAACATCTGTGTACTTCTGTGCCAGCAGTTACTTGGGCAGCACAGATACGCAGTATTTTGGCCCA"	"CASSYLGSTDTQYF"	"NNNNTGTCGGCTGCTCCCTCCCAAACATCTGTGTACTTCTGTGCCAGCAGTTACTTGGGCAGCACAGATACGCAGTATTTTGGCCCA"	"CASSYLGSTDTQYF"	"TCRBV6-2/6-3*1"	"TCRBD1-1*1"	"TCRBJ2-3*1"	55	56	-1	60	1	61	NA	NA	"NNNNTGTCGGCTGCTCCCTCCCAAACATCTGTGTACTTCTGTGCCAGCAGTTACTTGGGCAGCACAGATACGCAGTATTTTGGCCCA"	FALSE	TRUE	NA	NA	NA	NA
"TTCATCCTGAGTTCTAAGAAGCTCCTTCTCAGTGACTCTGGCTTCTATCTCTGTGCCTCAGCTAACTATGGCTACACCTTCGGTTCG"	"CASANYGYTF"	"TTCATCCTGAGTTCTAAGAAGCTCCTTCTCAGTGACTCTGGCTTCTATCTCTGTGCCTCAGCTAACTATGGCTACACCTTCGGTTCG"	"CASANYGYTF"	"TCRBV3-1"	"TCRBD1-1*1"	"TCRBJ1-2*1"	-1	58	-1	61	59	62	NA	NA	"TTCATCCTGAGTTCTAAGAAGCTCCTTCTCAGTGACTCTGGCTTCTATCTCTGTGCCTCAGCTAACTATGGCTACACCTTCGGTTCG"	FALSE	TRUE	NA	NA	NA	NA
"AGCAGGTAGTGCGAGGAGATTCGGCAGCTTATTTCTGTGCCAGCTCACCGGGGACTAGCGGGAGAATAAGAGCAGTTCTTCGGGCCA"	""	"AGCAGGTAGTGCGAGGAGATTCGGCAGCTTATTTCTGTGCCAGCTCACCGGGGACTAGCGGGAGAATAAGAGCAGTTCTTCGGGCCA"	""	"TCRBV18-1*1"	"TCRBD2-1*2"	"TCRBJ2-1*1"	49	50	64	69	1	5	NA	NA	"AGCAGGTAGTGCGAGGAGATTCGGCAGCTTATTTCTGTGCCAGCTCACCGGGGACTAGCGGGAGAATAAGAGCAGTTCTTCGGGCCA"	FALSE	FALSE	NA	NA	NA	NA
"NNNNTGTCGGCTGCTCCCTCCCAGACATCTGTGTACTTCTGTGCCAGCAGTGAAACCTACCTCTCCTACGAGCAGTACTTCGGGCCG"	"CASSETYLSYEQYF"	"NNNNTGTCGGCTGCTCCCTCCCAGACATCTGTGTACTTCTGTGCCAGCAGTGAAACCTACCTCTCCTACGAGCAGTACTTCGGGCCG"	"CASSETYLSYEQYF"	"TCRBV6-1*1"	"TCRBD2-1"	"TCRBJ2-7*1"	54	56	59	62	2	3	NA	NA	"NNNNTGTCGGCTGCTCCCTCCCAGACATCTGTGTACTTCTGTGCCAGCAGTGAAACCTACCTCTCCTACGAGCAGTACTTCGGGCCG"	FALSE	TRUE	NA	NA	NA	NA
"CTGGAGCTGGGGGACTCAGCTTTGTATTTCTGTGCCAGCAGCGTAGGGGCTAGCGGGAGGGCCGGCTACGAGCAGTACTTCGGGCCG"	"CASSVGASGRAGYEQYF"	"CTGGAGCTGGGGGACTCAGCTTTGTATTTCTGTGCCAGCAGCGTAGGGGCTAGCGGGAGGGCCGGCTACGAGCAGTACTTCGGGCCG"	"CASSVGASGRAGYEQYF"	"TCRBV9-1*1"	"TCRBD2-1*2"	"TCRBJ2-7*1"	46	49	61	65	3	4	NA	NA	"CTGGAGCTGGGGGACTCAGCTTTGTATTTCTGTGCCAGCAGCGTAGGGGCTAGCGGGAGGGCCGGCTACGAGCAGTACTTCGGGCCG"	FALSE	TRUE	NA	NA	NA	NA
"ATCCAGCCCTCAGAACCCAGGGACTCAGCTGTGTACTTCTGTGCCAGCAGCCCCCAGCGCCCCCATAATGAGCAGTTCTTCGGGCCA"	"CASSPQRPHNEQFF"	"ATCCAGCCCTCAGAACCCAGGGACTCAGCTGTGTACTTCTGTGCCAGCAGCCCCCAGCGCCCCCATAATGAGCAGTTCTTCGGGCCA"	"CASSPQRPHNEQFF"	NA	"TCRBD2-1"	"TCRBJ2-1*1"	50	55	59	66	5	7	NA	NA	"ATCCAGCCCTCAGAACCCAGGGACTCAGCTGTGTACTTCTGTGCCAGCAGCCCCCAGCGCCCCCATAATGAGCAGTTCTTCGGGCCA"	FALSE	TRUE	NA	NA	NA	NA
"ACATCGGCCCAAAAGAACCCGACAGCTTTCTATCTCTGTGCCAGTAGTATACCGGGACACGACCCATACGAGCAGTACTTCGGGCCG"	"CASSIPGHDPYEQYF"	"ACATCGGCCCAAAAGAACCCGACAGCTTTCTATCTCTGTGCCAGTAGTATACCGGGACACGACCCATACGAGCAGTACTTCGGGCCG"	"CASSIPGHDPYEQYF"	"TCRBV19-1*1"	"TCRBD1-1*1"	"TCRBJ2-7*1"	51	53	59	66	2	7	NA	NA	"ACATCGGCCCAAAAGAACCCGACAGCTTTCTATCTCTGTGCCAGTAGTATACCGGGACACGACCCATACGAGCAGTACTTCGGGCCG"	FALSE	TRUE	NA	NA	NA	NA
"TCCTTCTCAGTGACTCTGGCTTCTATCTCTGTGCCTGGCCCGGACTAGCGGGAGTTAGAAACCTACAATGAGCAGTTCTTCGGGCCA"	""	"TCCTTCTCAGTGACTCTGGCTTCTATCTCTGTGCCTGGCCCGGACTAGCGGGAGTTAGAAACCTACAATGAGCAGTTCTTCGGGCCA"	""	"TCRBV3-1"	"TCRBD2-1*2"	"TCRBJ2-1*1"	38	41	54	61	3	7	NA	NA	"TCCTTCTCAGTGACTCTGGCTTCTATCTCTGTGCCTGGCCCGGACTAGCGGGAGTTAGAAACCTACAATGAGCAGTTCTTCGGGCCA"	FALSE	FALSE	NA	NA	NA	NA
"CTGAGCTCTCTGGAGCTGGGGGACTCAGCTTTGTATTTCTGTGCCAGCAACCCACCCGACGAAAACACTGAAGCTTTCTTTGGACAA"	"CASNPPDENTEAFF"	"CTGAGCTCTCTGGAGCTGGGGGACTCAGCTTTGTATTTCTGTGCCAGCAACCCACCCGACGAAAACACTGAAGCTTTCTTTGGACAA"	"CASNPPDENTEAFF"	"TCRBV9-1*1"	NA	"TCRBJ1-1*1"	49	57	60	63	8	3	NA	NA	"CTGAGCTCTCTGGAGCTGGGGGACTCAGCTTTGTATTTCTGTGCCAGCAACCCACCCGACGAAAACACTGAAGCTTTCTTTGGACAA"	FALSE	TRUE	NA	NA	NA	NA
"NNNNTGTCGGCTGCTCCCTCCCAAACATCTGTGTACTTCTGTGCCAGCAGTTACTCGTGGAATTCAGATACGCAGTATTTTGGCCCA"	"CASSYSWNSDTQYF"	"NNNNTGTCGGCTGCTCCCTCCCAAACATCTGTGTACTTCTGTGCCAGCAGTTACTCGTGGAATTCAGATACGCAGTATTTTGGCCCA"	"CASSYSWNSDTQYF"	"TCRBV6-2/6-3*1"	NA	"TCRBJ2-3*1"	56	58	61	64	2	3	NA	NA	"NNNNTGTCGGCTGCTCCCTCCCAAACATCTGTGTACTTCTGTGCCAGCAGTTACTCGTGGAATTCAGATACGCAGTATTTTGGCCCA"	FALSE	TRUE	NA	NA	NA	NA
"ATCCAGCCTGCAGAGCTTGGGGACTCGGCCGTGTATCTCTGTGCCAGCAGCTTGTACAGGGGGAACACTGAAGCTTTCTTTGGACAA"	"CASSLYRGNTEAFF"	"ATCCAGCCTGCAGAGCTTGGGGACTCGGCCGTGTATCTCTGTGCCAGCAGCTTGTACAGGGGGAACACTGAAGCTTTCTTTGGACAA"	"CASSLYRGNTEAFF"	"TCRBV11-3*1"	"TCRBD1-1*1"	"TCRBJ1-1*1"	53	55	-1	62	2	63	NA	NA	"ATCCAGCCTGCAGAGCTTGGGGACTCGGCCGTGTATCTCTGTGCCAGCAGCTTGTACAGGGGGAACACTGAAGCTTTCTTTGGACAA"	FALSE	TRUE	NA	NA	NA	NA
"TCGGCTGCTCCCTCCCAGACATCTGTGTACTTCTGTGCCAGCAGTTACTCCTTCGGGAGGGCCTCAGATACGCAGTATTTTGGCCCA"	"CASSYSFGRASDTQYF"	"TCGGCTGCTCCCTCCCAGACATCTGTGTACTTCTGTGCCAGCAGTTACTCCTTCGGGAGGGCCTCAGATACGCAGTATTTTGGCCCA"	"CASSYSFGRASDTQYF"	"TCRBV6-5*1"	"TCRBD2-1*2"	"TCRBJ2-3*1"	50	53	61	64	3	3	NA	NA	"TCGGCTGCTCCCTCCCAGACATCTGTGTACTTCTGTGCCAGCAGTTACTCCTTCGGGAGGGCCTCAGATACGCAGTATTTTGGCCCA"	FALSE	TRUE	NA	NA	NA	NA
"TCTAAGAAGCTCCTTCTCAGTGACTCTGGCTTCTATCTCTGTGCCTGGTCCGGGTCCGGCAGCACAGATACGCAGTATTTTGGCCCA"	"CAWSGSGSTDTQYF"	"TCTAAGAAGCTCCTTCTCAGTGACTCTGGCTTCTATCTCTGTGCCTGGTCCGGGTCCGGCAGCACAGATACGCAGTATTTTGGCCCA"	"CAWSGSGSTDTQYF"	"TCRBV3-1"	"TCRBD2-1"	"TCRBJ2-3*1"	48	50	54	60	2	6	NA	NA	"TCTAAGAAGCTCCTTCTCAGTGACTCTGGCTTCTATCTCTGTGCCTGGTCCGGGTCCGGCAGCACAGATACGCAGTATTTTGGCCCA"	FALSE	TRUE	NA	NA	NA	NA
"GAGATCCAGCGCACAGAGCAGGGGGACTCGGCCATGTATCTCTGTGCCAGCAGTAAGGACCTGGACGGGGAGCTGTTTTTTGGAGAA"	"CASSKDLDGELFF"	"GAGATCCAGCGCACAGAGCAGGGGGACTCGGCCATGTATCTCTGTGCCAGCAGTAAGGACCTGGACGGGGAGCTGTTTTTTGGAGAA"	"CASSKDLDGELFF"	"TCRBV7-9*1"	NA	"TCRBJ2-2*1"	53	56	60	65	3	5	NA	NA	"GAGATCCAGCGCACAGAGCAGGGGGACTCGGCCATGTATCTCTGTGCCAGCAGTAAGGACCTGGACGGGGAGCTGTTTTTTGGAGAA"	FALSE	TRUE	NA	NA	NA	NA
"ACCAGTGCCCATCCTGAAGACAGCAGCTTCTACATCTGCAGTGCTGAATCTGCCGGGTCGAGCACCTATGGCTACACCTTCGGTTCG"	"CSAESAGSSTYGYTF"	"ACCAGTGCCCATCCTGAAGACAGCAGCTTCTACATCTGCAGTGCTGAATCTGCCGGGTCGAGCACCTATGGCTACACCTTCGGTTCG"	"CSAESAGSSTYGYTF"	NA	"TCRBD2-1"	"TCRBJ1-2*1"	45	53	57	65	8	8	NA	NA	"ACCAGTGCCCATCCTGAAGACAGCAGCTTCTACATCTGCAGTGCTGAATCTGCCGGGTCGAGCACCTATGGCTACACCTTCGGTTCG"	FALSE	TRUE	NA	NA	NA	NA
"CTGGAGTCGCCCAGCCCCAACCAGACCTCTCTGTACTTCTGTGCCAGCATCCCGCCGGGTCCTGGAAACACCATATATTTTGGAGAG"	"CASIPPGPGNTIYF"	"CTGGAGTCGCCCAGCCCCAACCAGACCTCTCTGTACTTCTGTGCCAGCATCCCGCCGGGTCCTGGAAACACCATATATTTTGGAGAG"	"CASIPPGPGNTIYF"	"TCRBV27-1*1"	"TCRBD2-1"	"TCRBJ1-3*1"	49	55	59	61	6	2	NA	NA	"CTGGAGTCGCCCAGCCCCAACCAGACCTCTCTGTACTTCTGTGCCAGCATCCCGCCGGGTCCTGGAAACACCATATATTTTGGAGAG"	FALSE	TRUE	NA	NA	NA	NA
"ATCCGGTCCACAAAGCTGGAGGACTCAGCCATGTACTTCTGTGCCAGCAGTGTAGGTATCTCTGGAAACACCATATATTTTGGAGAG"	"CASSVGISGNTIYF"	"ATCCGGTCCACAAAGCTGGAGGACTCAGCCATGTACTTCTGTGCCAGCAGTGTAGGTATCTCTGGAAACACCATATATTTTGGAGAG"	"CASSVGISGNTIYF"	"TCRBV2-1"	NA	"TCRBJ1-3*1"	52	53	56	59	1	3	NA	NA	"ATCCGGTCCACAAAGCTGGAGGACTCAGCCATGTACTTCTGTGCCAGCAGTGTAGGTATCTCTGGAAACACCATATATTTTGGAGAG"	FALSE	TRUE	NA	NA	NA	NA
"NTGTCGGCTGCTCCCTCCCAGACATCTGTGTACTTCTGTGCCAGCAGTTACTCGATCAAGGGGGCGTGGGGCTACACCTTCGGTTCG"	"CASSYSIKGAWGYTF"	"NTGTCGGCTGCTCCCTCCCAGACATCTGTGTACTTCTGTGCCAGCAGTTACTCGATCAAGGGGGCGTGGGGCTACACCTTCGGTTCG"	"CASSYSIKGAWGYTF"	"TCRBV6-5*1"	"TCRBD1-1*1"	"TCRBJ1-2*1"	53	58	65	69	5	4	NA	NA	"NTGTCGGCTGCTCCCTCCCAGACATCTGTGTACTTCTGTGCCAGCAGTTACTCGATCAAGGGGGCGTGGGGCTACACCTTCGGTTCG"	FALSE	TRUE	NA	NA	NA	NA
"CATCCTGAAGACAGCAGCTTCTACATCTGCAGTGCTAGAGATTTCTTACGCCGAGGACAGGGTGAACGCGAAGCTTTCTTTGGACAA"	"CSARDFLRRGQGEREAFF"	"CATCCTGAAGACAGCAGCTTCTACATCTGCAGTGCTAGAGATTTCTTACGCCGAGGACAGGGTGAACGCGAAGCTTTCTTTGGACAA"	"CSARDFLRRGQGEREAFF"	NA	"TCRBD1-1*1"	"TCRBJ1-1*1"	41	54	62	69	13	7	NA	NA	"CATCCTGAAGACAGCAGCTTCTACATCTGCAGTGCTAGAGATTTCTTACGCCGAGGACAGGGTGAACGCGAAGCTTTCTTTGGACAA"	FALSE	TRUE	NA	NA	NA	NA
"GAGTTGGCTGCTCCCTCCCAGACATCTGTGTACTTCTGTGCCAGCAGCCCCGGGACAGATCACACCGGGGAGCTGTTTTTTGGAGAA"	"CASSPGTDHTGELFF"	"GAGTTGGCTGCTCCCTCCCAGACATCTGTGTACTTCTGTGCCAGCAGCCCCGGGACAGATCACACCGGGGAGCTGTTTTTTGGAGAA"	"CASSPGTDHTGELFF"	"TCRBV6-6"	"TCRBD1-1*1"	"TCRBJ2-2*1"	47	51	58	61	4	3	NA	NA	"GAGTTGGCTGCTCCCTCCCAGACATCTGTGTACTTCTGTGCCAGCAGCCCCGGGACAGATCACACCGGGGAGCTGTTTTTTGGAGAA"	FALSE	TRUE	NA	NA	NA	NA
"AGCTCTCTGGAGCTGGGGGACTCAGCTTTGTATTTCTGTGCCAGCAGCGTACGACAGACAATGAACACTGAAGCTTTCTTTGGACAA"	"CASSVRQTMNTEAFF"	"AGCTCTCTGGAGCTGGGGGACTCAGCTTTGTATTTCTGTGCCAGCAGCGTACGACAGACAATGAACACTGAAGCTTTCTTTGGACAA"	"CASSVRQTMNTEAFF"	"TCRBV9-1*1"	"TCRBD1-1*1"	"TCRBJ1-1*1"	51	52	57	61	1	4	NA	NA	"AGCTCTCTGGAGCTGGGGGACTCAGCTTTGTATTTCTGTGCCAGCAGCGTACGACAGACAATGAACACTGAAGCTTTCTTTGGACAA"	FALSE	TRUE	NA	NA	NA	NA
"AGTGCCCATCCTGAAGACAGCAGCTTCTACATCTGCAGTGCTGGCCGGGACAGGGGGATTTGGAACACTGAAGCTTTCTTTGGACAA"	"CSAGRDRGIWNTEAFF"	"AGTGCCCATCCTGAAGACAGCAGCTTCTACATCTGCAGTGCTGGCCGGGACAGGGGGATTTGGAACACTGAAGCTTTCTTTGGACAA"	"CSAGRDRGIWNTEAFF"	NA	"TCRBD1-1*1"	"TCRBJ1-1*1"	42	46	57	62	4	5	NA	NA	"AGTGCCCATCCTGAAGACAGCAGCTTCTACATCTGCAGTGCTGGCCGGGACAGGGGGATTTGGAACACTGAAGCTTTCTTTGGACAA"	FALSE	TRUE	NA	NA	NA	NA
"ATCCAGCGCACAGAGCAGGAGGACTCGGCCGTGTATCTCTGTGCCAGCAGCTTATTGGGAGGGATACACGAGCAGTACTTCGGGCCG"	"CASSLLGGIHEQYF"	"ATCCAGCGCACAGAGCAGGAGGACTCGGCCGTGTATCTCTGTGCCAGCAGCTTATTGGGAGGGATACACGAGCAGTACTTCGGGCCG"	"CASSLLGGIHEQYF"	"TCRBV7-2"	"TCRBD2-1*2"	"TCRBJ2-7*1"	54	56	63	67	2	4	NA	NA	"ATCCAGCGCACAGAGCAGGAGGACTCGGCCGTGTATCTCTGTGCCAGCAGCTTATTGGGAGGGATACACGAGCAGTACTTCGGGCCG"	FALSE	TRUE	NA	NA	NA	NA
"NNNNNNNNNNTGTCGGCTGCTCCCTCCCAGACATCTGTGTACTTCTGTGCCAGCAGACAGGTCAATCAGCCCCAGCATTTTGGTGAT"	"CASRQVNQPQHF"	"NNNNNNNNNNTGTCGGCTGCTCCCTCCCAGACATCTGTGTACTTCTGTGCCAGCAGACAGGTCAATCAGCCCCAGCATTTTGGTGAT"	"CASRQVNQPQHF"	"TCRBV6-5*1"	"TCRBD1-1*1"	"TCRBJ1-5*1"	-1	56	61	62	57	1	NA	NA	"NNNNNNNNNNTGTCGGCTGCTCCCTCCCAGACATCTGTGTACTTCTGTGCCAGCAGACAGGTCAATCAGCCCCAGCATTTTGGTGAT"	FALSE	TRUE	NA	NA	NA	NA
"CCCAGACATCTGTGTACTTCTGTGCCATCAGTGAGTCGACTCGAGGTCCGGGTCTCCCGCTCCTACAATGAGCAGTTCTTCGGGCCA"	""	"CCCAGACATCTGTGTACTTCTGTGCCATCAGTGAGTCGACTCGAGGTCCGGGTCTCCCGCTCCTACAATGAGCAGTTCTTCGGGCCA"	""	"TCRBV1-3*1"	"TCRBD2-1"	"TCRBJ2-1*1"	-1	37	41	59	38	18	NA	NA	"CCCAGACATCTGTGTACTTCTGTGCCATCAGTGAGTCGACTCGAGGTCCGGGTCTCCCGCTCCTACAATGAGCAGTTCTTCGGGCCA"	FALSE	FALSE	NA	NA	NA	NA
"CCCAACCAGACAGCTCTTTACTTCTGTGCCACCACGTTTGGACCTCCCTGACGGAGCGGGAGGCCCGGGGAGCTGTTTTTTGGAGAA"	"CATTFGPP*RSGRPGELFF"	"CCCAACCAGACAGCTCTTTACTTCTGTGCCACCACGTTTGGACCTCCCTGACGGAGCGGGAGGCCCGGGGAGCTGTTTTTTGGAGAA"	"CATTFGPP*RSGRPGELFF"	"TCRBV24-1*1"	"TCRBD2-1*2"	"TCRBJ2-2*1"	34	54	63	64	20	1	NA	NA	"CCCAACCAGACAGCTCTTTACTTCTGTGCCACCACGTTTGGACCTCCCTGACGGAGCGGGAGGCCCGGGGAGCTGTTTTTTGGAGAA"	FALSE	TRUE	NA	NA	NA	NA
"GTGACCAGTGCCCATCCTGAAGACAGCAGCTTCTACATCTGCAGTGCTAAAGGCGGGACGGACTACAATGAGCAGTTCTTCGGGCCA"	"CSAKGGTDYNEQFF"	"GTGACCAGTGCCCATCCTGAAGACAGCAGCTTCTACATCTGCAGTGCTAAAGGCGGGACGGACTACAATGAGCAGTTCTTCGGGCCA"	"CSAKGGTDYNEQFF"	NA	"TCRBD2-1*2"	"TCRBJ2-1*1"	49	52	58	62	3	4	NA	NA	"GTGACCAGTGCCCATCCTGAAGACAGCAGCTTCTACATCTGCAGTGCTAAAGGCGGGACGGACTACAATGAGCAGTTCTTCGGGCCA"	FALSE	TRUE	NA	NA	NA	NA
"TGGAGTCGCCCAGCCCCAACCAGACCTCTCTGTACTTCTGTGCGCAAAAGAGTAGCGGGAGGGGCAGATACGCAGTATTTTGGCCCA"	""	"TGGAGTCGCCCAGCCCCAACCAGACCTCTCTGTACTTCTGTGCGCAAAAGAGTAGCGGGAGGGGCAGATACGCAGTATTTTGGCCCA"	""	"TCRBV27-1*1"	"TCRBD2-1*2"	"TCRBJ2-3*1"	43	52	63	64	9	1	NA	NA	"TGGAGTCGCCCAGCCCCAACCAGACCTCTCTGTACTTCTGTGCGCAAAAGAGTAGCGGGAGGGGCAGATACGCAGTATTTTGGCCCA"	FALSE	FALSE	NA	NA	NA	NA
"CGCACACAGCAGGAGGACTCGGCCGTGTATCTCTGTGCCAGCAGCTTCACCGGCTCGTCCCGCGTTAATGAGCAGTTCTTCGGGCCA"	"CASSFTGSSRVNEQFF"	"CGCACACAGCAGGAGGACTCGGCCGTGTATCTCTGTGCCAGCAGCTTCACCGGCTCGTCCCGCGTTAATGAGCAGTTCTTCGGGCCA"	"CASSFTGSSRVNEQFF"	"TCRBV7-2"	NA	"TCRBJ2-1*1"	47	51	54	66	4	12	NA	NA	"CGCACACAGCAGGAGGACTCGGCCGTGTATCTCTGTGCCAGCAGCTTCACCGGCTCGTCCCGCGTTAATGAGCAGTTCTTCGGGCCA"	FALSE	TRUE	NA	NA	NA	NA
"CTTGGAGATCCAGCGCACAGAGCAGGGGGACTCGGCCATGTATCTCTGTGCCAGCAGCCGAGGGGCGGGGAGCTGTTTTTTGGAGAA"	""	"CTTGGAGATCCAGCGCACAGAGCAGGGGGACTCGGCCATGTATCTCTGTGCCAGCAGCCGAGGGGCGGGGAGCTGTTTTTTGGAGAA"	""	"TCRBV7-9*1"	NA	"TCRBJ2-2*1"	58	60	-1	65	2	66	NA	NA	"CTTGGAGATCCAGCGCACAGAGCAGGGGGACTCGGCCATGTATCTCTGTGCCAGCAGCCGAGGGGCGGGGAGCTGTTTTTTGGAGAA"	FALSE	FALSE	NA	NA	NA	NA
"GAGTCGCCCAGCCCCAACCAGACCTCTCTGTACTTCTGTGCCAGCAGTCCCTTAATGGGGATAAACACTGAAGCTTTCTTTGGACAA"	"CASSPLMGINTEAFF"	"GAGTCGCCCAGCCCCAACCAGACCTCTCTGTACTTCTGTGCCAGCAGTCCCTTAATGGGGATAAACACTGAAGCTTTCTTTGGACAA"	"CASSPLMGINTEAFF"	"TCRBV27-1*1"	NA	"TCRBJ1-1*1"	48	57	61	63	9	2	NA	NA	"GAGTCGCCCAGCCCCAACCAGACCTCTCTGTACTTCTGTGCCAGCAGTCCCTTAATGGGGATAAACACTGAAGCTTTCTTTGGACAA"	FALSE	TRUE	NA	NA	NA	NA
"ATGAATGTGAGCACCTTGGAGCTGGGGGACTCGGCCCTTTATCTTTGCGCCAGCAGCGCGCGCCAAGAGACCCAGTACTTCGGGCCA"	"CASSARQETQYF"	"ATGAATGTGAGCACCTTGGAGCTGGGGGACTCGGCCCTTTATCTTTGCGCCAGCAGCGCGCGCCAAGAGACCCAGTACTTCGGGCCA"	"CASSARQETQYF"	"TCRBV5-1*1"	"TCRBD2-1"	"TCRBJ2-5*1"	-1	57	60	62	58	2	NA	NA	"ATGAATGTGAGCACCTTGGAGCTGGGGGACTCGGCCCTTTATCTTTGCGCCAGCAGCGCGCGCCAAGAGACCCAGTACTTCGGGCCA"	FALSE	TRUE	NA	NA	NA	NA
"TTGTTGCTGGGGGACTCGGCCCTCTATCTCTGTGCCAGCAGCCCTAGATGGCGGGCCTCGTACACAGATACGCAGTATTTTGGCCCA"	"CASSPRWRASYTDTQYF"	"TTGTTGCTGGGGGACTCGGCCCTCTATCTCTGTGCCAGCAGCCCTAGATGGCGGGCCTCGTACACAGATACGCAGTATTTTGGCCCA"	"CASSPRWRASYTDTQYF"	"TCRBV5-6*1"	"TCRBD2-1"	"TCRBJ2-3*1"	42	50	55	62	8	7	NA	NA	"TTGTTGCTGGGGGACTCGGCCCTCTATCTCTGTGCCAGCAGCCCTAGATGGCGGGCCTCGTACACAGATACGCAGTATTTTGGCCCA"	FALSE	TRUE	NA	NA	NA	NA
"TCGCCCAGCCCCAACCAGACCTCTCTGTACTTCTGTGCCAGCCGCCCACAAAGGGACAGCCCTAACTATGGCTACACCTTCGGTTCG"	"CASRPQRDSPNYGYTF"	"TCGCCCAGCCCCAACCAGACCTCTCTGTACTTCTGTGCCAGCCGCCCACAAAGGGACAGCCCTAACTATGGCTACACCTTCGGTTCG"	"CASRPQRDSPNYGYTF"	"TCRBV27-1*1"	"TCRBD1-1*1"	"TCRBJ1-2*1"	42	52	59	61	10	2	NA	NA	"TCGCCCAGCCCCAACCAGACCTCTCTGTACTTCTGTGCCAGCCGCCCACAAAGGGACAGCCCTAACTATGGCTACACCTTCGGTTCG"	FALSE	TRUE	NA	NA	NA	NA
"NNNNTGTCGGCTGCTCCCTCCCAGACATCTGTGTACTTCTGTGCCAGCAGTTACACCTTACAGGGGGGTGGCTACACCTTCGGTTCG"	"CASSYTLQGGGYTF"	"NNNNTGTCGGCTGCTCCCTCCCAGACATCTGTGTACTTCTGTGCCAGCAGTTACACCTTACAGGGGGGTGGCTACACCTTCGGTTCG"	"CASSYTLQGGGYTF"	"TCRBV6-5*1"	"TCRBD1-1*1"	"TCRBJ1-2*1"	54	59	67	68	5	1	NA	NA	"NNNNTGTCGGCTGCTCCCTCCCAGACATCTGTGTACTTCTGTGCCAGCAGTTACACCTTACAGGGGGGTGGCTACACCTTCGGTTCG"	FALSE	TRUE	NA	NA	NA	NA
"ATTCAGCGCACAGAGCAGCGGGACTCGGCCATGTATCGCTGTGCCAGCAGCTACAAGGACAGGGTCTACGAGCAGTACTTCGGGCCG"	"CASSYKDRVYEQYF"	"ATTCAGCGCACAGAGCAGCGGGACTCGGCCATGTATCGCTGTGCCAGCAGCTACAAGGACAGGGTCTACGAGCAGTACTTCGGGCCG"	"CASSYKDRVYEQYF"	NA	"TCRBD1-1*1"	"TCRBJ2-7*1"	52	56	64	65	4	1	NA	NA	"ATTCAGCGCACAGAGCAGCGGGACTCGGCCATGTATCGCTGTGCCAGCAGCTACAAGGACAGGGTCTACGAGCAGTACTTCGGGCCG"	FALSE	TRUE	NA	NA	NA	NA
"CCTGATTCTGGAGTCCGCCAGCACCAACCAGACATCTATGTACCTCTGTGCCAGCACACCAGAACCTACGAGCAGTACTTCGGGCCG"	""	"CCTGATTCTGGAGTCCGCCAGCACCAACCAGACATCTATGTACCTCTGTGCCAGCACACCAGAACCTACGAGCAGTACTTCGGGCCG"	""	"TCRBV28-1*1"	"TCRBD1-1*1"	"TCRBJ2-7*1"	56	59	62	64	3	2	NA	NA	"CCTGATTCTGGAGTCCGCCAGCACCAACCAGACATCTATGTACCTCTGTGCCAGCACACCAGAACCTACGAGCAGTACTTCGGGCCG"	FALSE	FALSE	NA	NA	NA	NA
"TGCTCCCTCCCAGACATCTGTGTACTTCTGTGCCAGCAGGCAGACCCCTTACTAGCGGGCCACCGGGATACGCAGTATTTTGGCCCA"	""	"TGCTCCCTCCCAGACATCTGTGTACTTCTGTGCCAGCAGGCAGACCCCTTACTAGCGGGCCACCGGGATACGCAGTATTTTGGCCCA"	""	NA	"TCRBD2-1"	"TCRBJ2-3*1"	39	50	59	66	11	7	NA	NA	"TGCTCCCTCCCAGACATCTGTGTACTTCTGTGCCAGCAGGCAGACCCCTTACTAGCGGGCCACCGGGATACGCAGTATTTTGGCCCA"	FALSE	FALSE	NA	NA	NA	NA
"NTGTCGGCTGCTCCCTCCCAGACATCTGTGTACTTCTGTGCCAGCAGGGGGGAGGGGTTAATGAACACTGAAGCTTTCTTTGGACAA"	"CASRGEGLMNTEAFF"	"NTGTCGGCTGCTCCCTCCCAGACATCTGTGTACTTCTGTGCCAGCAGGGGGGAGGGGTTAATGAACACTGAAGCTTTCTTTGGACAA"	"CASRGEGLMNTEAFF"	"TCRBV6-5*1"	"TCRBD2-1*2"	"TCRBJ1-1*1"	47	49	56	61	2	5	NA	NA	"NTGTCGGCTGCTCCCTCCCAGACATCTGTGTACTTCTGTGCCAGCAGGGGGGAGGGGTTAATGAACACTGAAGCTTTCTTTGGACAA"	FALSE	TRUE	NA	NA	NA	NA
"CCCTCAGAACCCAGGGACTCAGCTGTGTATTTTTGTGCTAGTGGTTTGGTAAACCCCAGGGGCAATCAGCCCCAGCATTTTGGTGAT"	"CASGLVNPRGNQPQHF"	"CCCTCAGAACCCAGGGACTCAGCTGTGTATTTTTGTGCTAGTGGTTTGGTAAACCCCAGGGGCAATCAGCCCCAGCATTTTGGTGAT"	"CASGLVNPRGNQPQHF"	"TCRBV12-5*1"	"TCRBD1-1*1"	"TCRBJ1-5*1"	50	56	-1	61	6	62	NA	NA	"CCCTCAGAACCCAGGGACTCAGCTGTGTATTTTTGTGCTAGTGGTTTGGTAAACCCCAGGGGCAATCAGCCCCAGCATTTTGGTGAT"	FALSE	TRUE	NA	NA	NA	NA
"NNNNNNNTGTCGGCTGCTCCCTCCCAAACATCTGTGTACTTCTGTGCCAGCAGTTACTCGGACAACAATGAGCAGTTCTTCGGGCCA"	"CASSYSDNNEQFF"	"NNNNNNNTGTCGGCTGCTCCCTCCCAAACATCTGTGTACTTCTGTGCCAGCAGTTACTCGGACAACAATGAGCAGTTCTTCGGGCCA"	"CASSYSDNNEQFF"	"TCRBV6-2/6-3*1"	"TCRBD1-1*1"	"TCRBJ2-1*1"	-1	59	-1	64	60	65	NA	NA	"NNNNNNNTGTCGGCTGCTCCCTCCCAAACATCTGTGTACTTCTGTGCCAGCAGTTACTCGGACAACAATGAGCAGTTCTTCGGGCCA"	FALSE	TRUE	NA	NA	NA	NA
"NTGTCGGCTGCTCCCTCCCAGACATCTGTGTACTTCTGTGCCAGCAGGGACAGGGGCACTATCACAGATACGCAGTATTTTGGCCCA"	"CASRDRGTITDTQYF"	"NTGTCGGCTGCTCCCTCCCAGACATCTGTGTACTTCTGTGCCAGCAGGGACAGGGGCACTATCACAGATACGCAGTATTTTGGCCCA"	"CASRDRGTITDTQYF"	"TCRBV6-5*1"	"TCRBD1-1*1"	"TCRBJ2-3*1"	-1	47	56	62	48	6	NA	NA	"NTGTCGGCTGCTCCCTCCCAGACATCTGTGTACTTCTGTGCCAGCAGGGACAGGGGCACTATCACAGATACGCAGTATTTTGGCCCA"	FALSE	TRUE	NA	NA	NA	NA
"ATCAATTCCCTGGAGCTTGGTGACTCTGCTGTGTATTTCTGTGCCAGCAGCGACGGTACATACACAGATACGCAGTATTTTGGCCCA"	"CASSDGTYTDTQYF"	"ATCAATTCCCTGGAGCTTGGTGACTCTGCTGTGTATTTCTGTGCCAGCAGCGACGGTACATACACAGATACGCAGTATTTTGGCCCA"	"CASSDGTYTDTQYF"	"TCRBV3-1/3-2*1"	NA	"TCRBJ2-3*1"	-1	51	54	62	52	8	NA	NA	"ATCAATTCCCTGGAGCTTGGTGACTCTGCTGTGTATTTCTGTGCCAGCAGCGACGGTACATACACAGATACGCAGTATTTTGGCCCA"	FALSE	TRUE	NA	NA	NA	NA
"CGCACAGAGCGGGGGGACTCAGCCGTGTATCTCTGTGCCAGCAGCCACCCGAACCAAGTAGCCGCCAATGAGCAGTTCTTCGGGCCA"	"CASSHPNQVAANEQFF"	"CGCACAGAGCGGGGGGACTCAGCCGTGTATCTCTGTGCCAGCAGCCACCCGAACCAAGTAGCCGCCAATGAGCAGTTCTTCGGGCCA"	"CASSHPNQVAANEQFF"	"TCRBV7-3*1"	"TCRBD2-1"	"TCRBJ2-1*1"	45	58	62	65	13	3	NA	NA	"CGCACAGAGCGGGGGGACTCAGCCGTGTATCTCTGTGCCAGCAGCCACCCGAACCAAGTAGCCGCCAATGAGCAGTTCTTCGGGCCA"	FALSE	TRUE	NA	NA	NA	NA
"CAGCGCACAGAGCGGGGGGACTCAGCCGTGTATCTCTGTGCCAGCAGCTTAACGGCGTCGTCATCCTACGAGCAGTACTTCGGGCCG"	"CASSLTASSSYEQYF"	"CAGCGCACAGAGCGGGGGGACTCAGCCGTGTATCTCTGTGCCAGCAGCTTAACGGCGTCGTCATCCTACGAGCAGTACTTCGGGCCG"	"CASSLTASSSYEQYF"	"TCRBV7-3*1"	NA	"TCRBJ2-7*1"	-1	53	56	63	54	7	NA	NA	"CAGCGCACAGAGCGGGGGGACTCAGCCGTGTATCTCTGTGCCAGCAGCTTAACGGCGTCGTCATCCTACGAGCAGTACTTCGGGCCG"	FALSE	TRUE	NA	NA	NA	NA
"ACTCTGGAGTCCGCTACCAGCTCCCAGACATCTGTGTACTTCTGTGCCATCAGTGTGAGGACAGCGTATGGCTACACCTTCGGTTCG"	"CAISVRTAYGYTF"	"ACTCTGGAGTCCGCTACCAGCTCCCAGACATCTGTGTACTTCTGTGCCATCAGTGTGAGGACAGCGTATGGCTACACCTTCGGTTCG"	"CAISVRTAYGYTF"	"TCRBV1-3*1"	"TCRBD1-1*1"	"TCRBJ1-2*1"	55	58	64	66	3	2	NA	NA	"ACTCTGGAGTCCGCTACCAGCTCCCAGACATCTGTGTACTTCTGTGCCATCAGTGTGAGGACAGCGTATGGCTACACCTTCGGTTCG"	FALSE	TRUE	NA	NA	NA	NA
"CAGGTAGTGCGAGGAGATTCGGCAGCTTATTTCTGTGCCAGCTCACCTCCCTTGGGATTTATGAACACTGAAGCTTTCTTTGGACAA"	"CASSPPLGFMNTEAFF"	"CAGGTAGTGCGAGGAGATTCGGCAGCTTATTTCTGTGCCAGCTCACCTCCCTTGGGATTTATGAACACTGAAGCTTTCTTTGGACAA"	"CASSPPLGFMNTEAFF"	"TCRBV18-1*1"	NA	"TCRBJ1-1*1"	47	53	57	61	6	4	NA	NA	"CAGGTAGTGCGAGGAGATTCGGCAGCTTATTTCTGTGCCAGCTCACCTCCCTTGGGATTTATGAACACTGAAGCTTTCTTTGGACAA"	FALSE	TRUE	NA	NA	NA	NA
"CGGTCCACAAAGCTGGAGGACTCAGCCATGTACTTCTGTGCCAGCAGTGATAGGGGACAGCGTGTTTACGAGCAGTACTTCGGGCCG"	"CASSDRGQRVYEQYF"	"CGGTCCACAAAGCTGGAGGACTCAGCCATGTACTTCTGTGCCAGCAGTGATAGGGGACAGCGTGTTTACGAGCAGTACTTCGGGCCG"	"CASSDRGQRVYEQYF"	"TCRBV2-1"	"TCRBD1-1*1"	"TCRBJ2-7*1"	50	53	60	66	3	6	NA	NA	"CGGTCCACAAAGCTGGAGGACTCAGCCATGTACTTCTGTGCCAGCAGTGATAGGGGACAGCGTGTTTACGAGCAGTACTTCGGGCCG"	FALSE	TRUE	NA	NA	NA	NA
"AGTTCTAAGAAGCTCCTTCTCAGTGACTCTGGCTTCTATCTCTGTGCCTGGAAGCCTAGCGGAGACTACGAGCAGTACTTCGGGCCG"	"CAWKPSGDYEQYF"	"AGTTCTAAGAAGCTCCTTCTCAGTGACTCTGGCTTCTATCTCTGTGCCTGGAAGCCTAGCGGAGACTACGAGCAGTACTTCGGGCCG"	"CAWKPSGDYEQYF"	"TCRBV3-1*1"	"TCRBD2-1"	"TCRBJ2-7*1"	52	55	62	65	3	3	NA	NA	"AGTTCTAAGAAGCTCCTTCTCAGTGACTCTGGCTTCTATCTCTGTGCCTGGAAGCCTAGCGGAGACTACGAGCAGTACTTCGGGCCG"	FALSE	TRUE	NA	NA	NA	NA
"CTGCAGCCAGAAGACTCAGCCCTGTATCTCTGCGCCAGCAGCCAAGATCGCGCAGGAGTTCCCACAGATACGCAGTATTTTGGCCCA"	"CASSQDRAGVPTDTQYF"	"CTGCAGCCAGAAGACTCAGCCCTGTATCTCTGCGCCAGCAGCCAAGATCGCGCAGGAGTTCCCACAGATACGCAGTATTTTGGCCCA"	"CASSQDRAGVPTDTQYF"	"TCRBV4-1*1"	NA	"TCRBJ2-3*1"	47	52	56	62	5	6	NA	NA	"CTGCAGCCAGAAGACTCAGCCCTGTATCTCTGCGCCAGCAGCCAAGATCGCGCAGGAGTTCCCACAGATACGCAGTATTTTGGCCCA"	FALSE	TRUE	NA	NA	NA	NA
"TCTGCTGTACCCTCTCAGACATCTGTGTACTTCTGTGCCAGCAGTGAAGGGGCAACAAAGCAGACCGGGGAGCTGTTTTTTGGAGAA"	"CASSEGATKQTGELFF"	"TCTGCTGTACCCTCTCAGACATCTGTGTACTTCTGTGCCAGCAGTGAAGGGGCAACAAAGCAGACCGGGGAGCTGTTTTTTGGAGAA"	"CASSEGATKQTGELFF"	"TCRBV6-4*1"	"TCRBD1-1*1"	"TCRBJ2-2*1"	-1	47	52	63	48	11	NA	NA	"TCTGCTGTACCCTCTCAGACATCTGTGTACTTCTGTGCCAGCAGTGAAGGGGCAACAAAGCAGACCGGGGAGCTGTTTTTTGGAGAA"	FALSE	TRUE	NA	NA	NA	NA
"AATTCCCTGGAGCTTGGTGACTCTGCTGTGTATTTCTGTGCCAGCAGCCGCTACGGGACAGGGCGAGAAAAACTGTTTTTTGGCAGT"	"CASSRYGTGREKLFF"	"AATTCCCTGGAGCTTGGTGACTCTGCTGTGTATTTCTGTGCCAGCAGCCGCTACGGGACAGGGCGAGAAAAACTGTTTTTTGGCAGT"	"CASSRYGTGREKLFF"	"TCRBV3-1/3-2*1"	"TCRBD1-1*1"	"TCRBJ1-4*1"	49	54	63	66	5	3	NA	NA	"AATTCCCTGGAGCTTGGTGACTCTGCTGTGTATTTCTGTGCCAGCAGCCGCTACGGGACAGGGCGAGAAAAACTGTTTTTTGGCAGT"	FALSE	TRUE	NA	NA	NA	NA
"ACCAGTGCCCATCCTGAAGACAGCAGCTTCTACATCTGCAGTGCTCGACAGGGGGCGCGGAGGGACACTGAAGCTTTCTTTGGACAA"	"CSARQGARRDTEAFF"	"ACCAGTGCCCATCCTGAAGACAGCAGCTTCTACATCTGCAGTGCTCGACAGGGGGCGCGGAGGGACACTGAAGCTTTCTTTGGACAA"	"CSARQGARRDTEAFF"	NA	"TCRBD1-1*1"	"TCRBJ1-1*1"	45	46	56	64	1	8	NA	NA	"ACCAGTGCCCATCCTGAAGACAGCAGCTTCTACATCTGCAGTGCTCGACAGGGGGCGCGGAGGGACACTGAAGCTTTCTTTGGACAA"	FALSE	TRUE	NA	NA	NA	NA
"CCCTCAGAACCCAGGGACTCAGCTGTGTATTTTTGTGCTAGTGGCCGGGGGACTAGCGGGAGGGTTGGTGAGCAGTTCTTCGGGCCA"	"CASGRGTSGRVGEQFF"	"CCCTCAGAACCCAGGGACTCAGCTGTGTATTTTTGTGCTAGTGGCCGGGGGACTAGCGGGAGGGTTGGTGAGCAGTTCTTCGGGCCA"	"CASGRGTSGRVGEQFF"	"TCRBV12-5*1"	"TCRBD2-1*2"	"TCRBJ2-1*1"	44	48	64	68	4	4	NA	NA	"CCCTCAGAACCCAGGGACTCAGCTGTGTATTTTTGTGCTAGTGGCCGGGGGACTAGCGGGAGGGTTGGTGAGCAGTTCTTCGGGCCA"	FALSE	TRUE	NA	NA	NA	NA
"CAGCCTGCAGAACTGGAGGATTCTGGAGTTTATTTCTGTGCCAGCAACCTACTAGCGGGAGATTACAATGAGCAGTTCTTCGGGCCA"	"CASNLLAGDYNEQFF"	"CAGCCTGCAGAACTGGAGGATTCTGGAGTTTATTTCTGTGCCAGCAACCTACTAGCGGGAGATTACAATGAGCAGTTCTTCGGGCCA"	"CASNLLAGDYNEQFF"	"TCRBV14-1*1"	"TCRBD2-1*2"	"TCRBJ2-1*1"	46	50	61	63	4	2	NA	NA	"CAGCCTGCAGAACTGGAGGATTCTGGAGTTTATTTCTGTGCCAGCAACCTACTAGCGGGAGATTACAATGAGCAGTTCTTCGGGCCA"	FALSE	TRUE	NA	NA	NA	NA
"CTGGAGTCGCCCAGCCCCAACCAGACCTCTCTGTACTTCTGTGCCAGCCGGGATAGCGGGTCCCGGCGGACCCAGTACTTCGGGCCA"	"CASRDSGSRRTQYF"	"CTGGAGTCGCCCAGCCCCAACCAGACCTCTCTGTACTTCTGTGCCAGCCGGGATAGCGGGTCCCGGCGGACCCAGTACTTCGGGCCA"	"CASRDSGSRRTQYF"	"TCRBV27-1*1"	"TCRBD2-1"	"TCRBJ2-5*1"	48	53	60	68	5	8	NA	NA	"CTGGAGTCGCCCAGCCCCAACCAGACCTCTCTGTACTTCTGTGCCAGCCGGGATAGCGGGTCCCGGCGGACCCAGTACTTCGGGCCA"	FALSE	TRUE	NA	NA	NA	NA
"AATGTGAGCACCTTGGAGCTGGGGGACTCGGCCCTTTATCTTTGCGCCAGCAGTCGGGACAGCTTATACGAGCAGTACTTCGGGCCG"	"CASSRDSLYEQYF"	"AATGTGAGCACCTTGGAGCTGGGGGACTCGGCCCTTTATCTTTGCGCCAGCAGTCGGGACAGCTTATACGAGCAGTACTTCGGGCCG"	"CASSRDSLYEQYF"	"TCRBV5-1*1"	"TCRBD1-1*1"	"TCRBJ2-7*1"	53	55	62	66	2	4	NA	NA	"AATGTGAGCACCTTGGAGCTGGGGGACTCGGCCCTTTATCTTTGCGCCAGCAGTCGGGACAGCTTATACGAGCAGTACTTCGGGCCG"	FALSE	TRUE	NA	NA	NA	NA
"CAGCAGGTAGTGCGAGGAGATTCGGCAGCTTATTTCTGTGCCAGCTCACCAGACATCGCGAACACCGGGGAGCTGTTTTTTGGAGAA"	"CASSPDIANTGELFF"	"CAGCAGGTAGTGCGAGGAGATTCGGCAGCTTATTTCTGTGCCAGCTCACCAGACATCGCGAACACCGGGGAGCTGTTTTTTGGAGAA"	"CASSPDIANTGELFF"	"TCRBV18-1*1"	"TCRBD1-1*1"	"TCRBJ2-2*1"	-1	51	55	58	52	3	NA	NA	"CAGCAGGTAGTGCGAGGAGATTCGGCAGCTTATTTCTGTGCCAGCTCACCAGACATCGCGAACACCGGGGAGCTGTTTTTTGGAGAA"	FALSE	TRUE	NA	NA	NA	NA
"GGTGACTCTGCTGTGTATTTCTGTGCCAGCAGCCAAGATAGAGGTGGGGATCATCACGATTAATACAATGAGCAGTTCTTCGGGCCA"	"CASSQDRGGDHHD*YNEQFF"	"GGTGACTCTGCTGTGTATTTCTGTGCCAGCAGCCAAGATAGAGGTGGGGATCATCACGATTAATACAATGAGCAGTTCTTCGGGCCA"	"CASSQDRGGDHHD*YNEQFF"	"TCRBV3-1/3-2*1"	NA	"TCRBJ2-1*1"	38	46	50	63	8	13	NA	NA	"GGTGACTCTGCTGTGTATTTCTGTGCCAGCAGCCAAGATAGAGGTGGGGATCATCACGATTAATACAATGAGCAGTTCTTCGGGCCA"	FALSE	TRUE	NA	NA	NA	NA
"GTGACATCGGCCCAAAAGAACCCGACAGCTTTCTATCTCTGTGCCAGCAATCCGGGACAGGGACCCTACGAGCAGTACTTCGGGCCG"	"CASNPGQGPYEQYF"	"GTGACATCGGCCCAAAAGAACCCGACAGCTTTCTATCTCTGTGCCAGCAATCCGGGACAGGGACCCTACGAGCAGTACTTCGGGCCG"	"CASNPGQGPYEQYF"	"TCRBV19-1*1"	"TCRBD1-1*1"	"TCRBJ2-7*1"	47	53	62	64	6	2	NA	NA	"GTGACATCGGCCCAAAAGAACCCGACAGCTTTCTATCTCTGTGCCAGCAATCCGGGACAGGGACCCTACGAGCAGTACTTCGGGCCG"	FALSE	TRUE	NA	NA	NA	NA
"CTGACGATCCAGCGCACAGAGCAGGAGGACTCGGCCGTGTATCTCTGTGCCAGCAGCAACCCCCAGACAGACTACACCTTCGGTTCG"	"CASSNPQTDYTF"	"CTGACGATCCAGCGCACAGAGCAGGAGGACTCGGCCGTGTATCTCTGTGCCAGCAGCAACCCCCAGACAGACTACACCTTCGGTTCG"	"CASSNPQTDYTF"	"TCRBV7-2"	"TCRBD1-1*1"	"TCRBJ1-2*1"	57	65	70	71	8	1	NA	NA	"CTGACGATCCAGCGCACAGAGCAGGAGGACTCGGCCGTGTATCTCTGTGCCAGCAGCAACCCCCAGACAGACTACACCTTCGGTTCG"	FALSE	TRUE	NA	NA	NA	NA
"CTGGAGTCCGCTACCAGCTCCCAGACATCTGTGTACTTCTGTGCCAGCTCGACTAGCGGGAGTTCTTACGAGCAGTACTTCGGGCCG"	"CASSTSGSSYEQYF"	"CTGGAGTCCGCTACCAGCTCCCAGACATCTGTGTACTTCTGTGCCAGCTCGACTAGCGGGAGTTCTTACGAGCAGTACTTCGGGCCG"	"CASSTSGSSYEQYF"	"TCRBV1-3*1"	"TCRBD2-1*2"	"TCRBJ2-7*1"	46	50	62	66	4	4	NA	NA	"CTGGAGTCCGCTACCAGCTCCCAGACATCTGTGTACTTCTGTGCCAGCTCGACTAGCGGGAGTTCTTACGAGCAGTACTTCGGGCCG"	FALSE	TRUE	NA	NA	NA	NA
"ATCCTGGAGTCGCCCAGCCCCAACCAGACCTCTCTGTACTTCTGTGCCAGCAGTTTGAGGGGAGGGTATGGCTACACCTTCGGTTCG"	"CASSLRGGYGYTF"	"ATCCTGGAGTCGCCCAGCCCCAACCAGACCTCTCTGTACTTCTGTGCCAGCAGTTTGAGGGGAGGGTATGGCTACACCTTCGGTTCG"	"CASSLRGGYGYTF"	"TCRBV27-1*1"	"TCRBD2-1*2"	"TCRBJ1-2*1"	56	59	-1	66	3	67	NA	NA	"ATCCTGGAGTCGCCCAGCCCCAACCAGACCTCTCTGTACTTCTGTGCCAGCAGTTTGAGGGGAGGGTATGGCTACACCTTCGGTTCG"	FALSE	TRUE	NA	NA	NA	NA
"CAGCGCACAGAGCAGGGGGACTCGGCCATGTATCTCTGTGCCAGCAGCTTAGTGGTGGGGGCCGTTGAAAAACTGTTTTTTGGCAGT"	"CASSLVVGAVEKLFF"	"CAGCGCACAGAGCAGGGGGACTCGGCCATGTATCTCTGTGCCAGCAGCTTAGTGGTGGGGGCCGTTGAAAAACTGTTTTTTGGCAGT"	"CASSLVVGAVEKLFF"	"TCRBV7-9*1"	"TCRBD1-1*1"	"TCRBJ1-4*1"	52	56	62	65	4	3	NA	NA	"CAGCGCACAGAGCAGGGGGACTCGGCCATGTATCTCTGTGCCAGCAGCTTAGTGGTGGGGGCCGTTGAAAAACTGTTTTTTGGCAGT"	FALSE	TRUE	NA	NA	NA	NA
"AGCACCTTGGAGCTGGGGGACTCGGCCCTTTATCTTTGCGCCAGCAGCGGGACAGTCGGCTCTGGAAACACCATATATTTTGGAGAG"	"CASSGTVGSGNTIYF"	"AGCACCTTGGAGCTGGGGGACTCGGCCCTTTATCTTTGCGCCAGCAGCGGGACAGTCGGCTCTGGAAACACCATATATTTTGGAGAG"	"CASSGTVGSGNTIYF"	"TCRBV5-1*1"	"TCRBD1-1*1"	"TCRBJ1-3*1"	-1	48	55	59	49	4	NA	NA	"AGCACCTTGGAGCTGGGGGACTCGGCCCTTTATCTTTGCGCCAGCAGCGGGACAGTCGGCTCTGGAAACACCATATATTTTGGAGAG"	FALSE	TRUE	NA	NA	NA	NA
"CTGGAGTCTGCTGCCTCCTCCCAGACATCTGTATATTTCTGCGCCAGCAGTGACTCCGGGACTAACTATGGCTACACCTTCGGTTCG"	"CASSDSGTNYGYTF"	"CTGGAGTCTGCTGCCTCCTCCCAGACATCTGTATATTTCTGCGCCAGCAGTGACTCCGGGACTAACTATGGCTACACCTTCGGTTCG"	"CASSDSGTNYGYTF"	"TCRBV1-1*1"	"TCRBD2-1*2"	"TCRBJ1-2*1"	53	56	-1	61	3	62	NA	NA	"CTGGAGTCTGCTGCCTCCTCCCAGACATCTGTATATTTCTGCGCCAGCAGTGACTCCGGGACTAACTATGGCTACACCTTCGGTTCG"	FALSE	TRUE	NA	NA	NA	NA
"GACCAGTGCCCATCCTGAAGACAGCAGCTTCTACATCTGCAGTGCTAGCTAGCGGTATTCAGCTCCTACGAGCAGTACTTCGGGCCG"	""	"GACCAGTGCCCATCCTGAAGACAGCAGCTTCTACATCTGCAGTGCTAGCTAGCGGTATTCAGCTCCTACGAGCAGTACTTCGGGCCG"	""	NA	"TCRBD2-1"	"TCRBJ2-7*1"	-1	48	55	62	49	7	NA	NA	"GACCAGTGCCCATCCTGAAGACAGCAGCTTCTACATCTGCAGTGCTAGCTAGCGGTATTCAGCTCCTACGAGCAGTACTTCGGGCCG"	FALSE	FALSE	NA	NA	NA	NA
"CTACACACCCTGCAGCCAGAAGACTCGGCCCTGTATCTCTGCGCCAGCAGCCAACAGCGGTTATCCTACGAGCAGTACTTCGGGCCG"	"CASSQQRLSYEQYF"	"CTACACACCCTGCAGCCAGAAGACTCGGCCCTGTATCTCTGCGCCAGCAGCCAACAGCGGTTATCCTACGAGCAGTACTTCGGGCCG"	"CASSQQRLSYEQYF"	"TCRBV4-3*1"	"TCRBD2-1"	"TCRBJ2-7*1"	54	55	60	63	1	3	NA	NA	"CTACACACCCTGCAGCCAGAAGACTCGGCCCTGTATCTCTGCGCCAGCAGCCAACAGCGGTTATCCTACGAGCAGTACTTCGGGCCG"	FALSE	TRUE	NA	NA	NA	NA
"CTCACTGTGACATCGGCCCAAAAGAACCCGACAGCTTTCTATCTCTGTGCCACGTCAGTAAGGGGGGGTGAAGCTTTCTTTGGACAA"	"CATSVRGGEAFF"	"CTCACTGTGACATCGGCCCAAAAGAACCCGACAGCTTTCTATCTCTGTGCCACGTCAGTAAGGGGGGGTGAAGCTTTCTTTGGACAA"	"CATSVRGGEAFF"	"TCRBV19-1*1"	"TCRBD2-1*1"	"TCRBJ1-1*1"	52	61	-1	68	9	69	NA	NA	"CTCACTGTGACATCGGCCCAAAAGAACCCGACAGCTTTCTATCTCTGTGCCACGTCAGTAAGGGGGGGTGAAGCTTTCTTTGGACAA"	FALSE	TRUE	NA	NA	NA	NA
"NNNNTGTCGGCTGCTCCCTCCCAGACATCTGTGTACTTCTGTGCCAGCAGTTCCCCAGAGATGAACACTGAAGCTTTCTTTGGACAA"	"CASSSPEMNTEAFF"	"NNNNTGTCGGCTGCTCCCTCCCAGACATCTGTGTACTTCTGTGCCAGCAGTTCCCCAGAGATGAACACTGAAGCTTTCTTTGGACAA"	"CASSSPEMNTEAFF"	"TCRBV6-5*1"	NA	"TCRBJ1-1*1"	52	55	58	61	3	3	NA	NA	"NNNNTGTCGGCTGCTCCCTCCCAGACATCTGTGTACTTCTGTGCCAGCAGTTCCCCAGAGATGAACACTGAAGCTTTCTTTGGACAA"	FALSE	TRUE	NA	NA	NA	NA
"CTGAGCTCTCTGGAGCTGGGGGACTCAGCTTTGTATTTCTGTGCCAGCAGCGTAGGTCATAGCGGGTACGAGCAGTACTTCGGGCCG"	"CASSVGHSGYEQYF"	"CTGAGCTCTCTGGAGCTGGGGGACTCAGCTTTGTATTTCTGTGCCAGCAGCGTAGGTCATAGCGGGTACGAGCAGTACTTCGGGCCG"	"CASSVGHSGYEQYF"	"TCRBV9-1*1"	"TCRBD2-1"	"TCRBJ2-7*1"	55	59	-1	66	4	67	NA	NA	"CTGAGCTCTCTGGAGCTGGGGGACTCAGCTTTGTATTTCTGTGCCAGCAGCGTAGGTCATAGCGGGTACGAGCAGTACTTCGGGCCG"	FALSE	TRUE	NA	NA	NA	NA
"ATCCAGTCCACGGAGTCAGGGGACACAGCACTGTATTTCTGTGCCAGCAGCTAAGCGGGGGGGGACTATGGCTACACCTTCGGTTCG"	"CASS*AGGDYGYTF"	"ATCCAGTCCACGGAGTCAGGGGACACAGCACTGTATTTCTGTGCCAGCAGCTAAGCGGGGGGGGACTATGGCTACACCTTCGGTTCG"	"CASS*AGGDYGYTF"	"TCRBV21-1*1"	"TCRBD2-1*1"	"TCRBJ1-2*1"	-1	56	63	64	57	1	NA	NA	"ATCCAGTCCACGGAGTCAGGGGACACAGCACTGTATTTCTGTGCCAGCAGCTAAGCGGGGGGGGACTATGGCTACACCTTCGGTTCG"	FALSE	TRUE	NA	NA	NA	NA
"AGTGCCCATCCTGAAGACAGCAGCTTCTACATCTGCAGTGTCTCTGGCGGGAGGGGGACAGGGAGAGGTGGCTACACCTTCGGTTCG"	"CSVSGGRGTGRGGYTF"	"AGTGCCCATCCTGAAGACAGCAGCTTCTACATCTGCAGTGTCTCTGGCGGGAGGGGGACAGGGAGAGGTGGCTACACCTTCGGTTCG"	"CSVSGGRGTGRGGYTF"	NA	NA	"TCRBJ1-2*1"	40	54	63	68	14	5	NA	NA	"AGTGCCCATCCTGAAGACAGCAGCTTCTACATCTGCAGTGTCTCTGGCGGGAGGGGGACAGGGAGAGGTGGCTACACCTTCGGTTCG"	FALSE	TRUE	NA	NA	NA	NA
"CAGCGCACAGAGCAGGGGGACTCGGCCATGTATCTCTGTGCCAGCAGCTTCGGGGGACAGAGCACAGATACGCAGTATTTTGGCCCA"	"CASSFGGQSTDTQYF"	"CAGCGCACAGAGCAGGGGGACTCGGCCATGTATCTCTGTGCCAGCAGCTTCGGGGGACAGAGCACAGATACGCAGTATTTTGGCCCA"	"CASSFGGQSTDTQYF"	"TCRBV7-9*1"	"TCRBD1-1*1"	"TCRBJ2-3*1"	50	53	-1	60	3	61	NA	NA	"CAGCGCACAGAGCAGGGGGACTCGGCCATGTATCTCTGTGCCAGCAGCTTCGGGGGACAGAGCACAGATACGCAGTATTTTGGCCCA"	FALSE	TRUE	NA	NA	NA	NA
"TCTGCTGTACCCTCTCAGACATCTGTGTACTTCTGTGCCAGCAGTGACTCACTAGCGGGGGACACCGGGGAGCTGTTTTTTGGAGAA"	"CASSDSLAGDTGELFF"	"TCTGCTGTACCCTCTCAGACATCTGTGTACTTCTGTGCCAGCAGTGACTCACTAGCGGGGGACACCGGGGAGCTGTTTTTTGGAGAA"	"CASSDSLAGDTGELFF"	"TCRBV6-4*1"	"TCRBD2-1*1"	"TCRBJ2-2*1"	-1	50	-1	61	51	62	NA	NA	"TCTGCTGTACCCTCTCAGACATCTGTGTACTTCTGTGCCAGCAGTGACTCACTAGCGGGGGACACCGGGGAGCTGTTTTTTGGAGAA"	FALSE	TRUE	NA	NA	NA	NA
"CTGGAGTCCGCCAGCACCAACCAGACATCTATGTACCTCTGTGCCAGCAGTCAGGGAGAGGGGAACACTGAAGCTTTCTTTGGACAA"	"CASSQGEGNTEAFF"	"CTGGAGTCCGCCAGCACCAACCAGACATCTATGTACCTCTGTGCCAGCAGTCAGGGAGAGGGGAACACTGAAGCTTTCTTTGGACAA"	"CASSQGEGNTEAFF"	"TCRBV28-1*1"	NA	"TCRBJ1-1*1"	-1	51	56	62	52	6	NA	NA	"CTGGAGTCCGCCAGCACCAACCAGACATCTATGTACCTCTGTGCCAGCAGTCAGGGAGAGGGGAACACTGAAGCTTTCTTTGGACAA"	FALSE	TRUE	NA	NA	NA	NA
"ACCCTGCAGCCAGAAGACTCGGCCCTGTATCTCTGTGCCAGCAGCCAAGAGCGGGATAGAAACACAGATACGCAGTATTTTGGCCCA"	"CASSQERDRNTDTQYF"	"ACCCTGCAGCCAGAAGACTCGGCCCTGTATCTCTGTGCCAGCAGCCAAGAGCGGGATAGAAACACAGATACGCAGTATTTTGGCCCA"	"CASSQERDRNTDTQYF"	"TCRBV4-2*1"	"TCRBD2-1*2"	"TCRBJ2-3*1"	-1	50	56	62	51	6	NA	NA	"ACCCTGCAGCCAGAAGACTCGGCCCTGTATCTCTGTGCCAGCAGCCAAGAGCGGGATAGAAACACAGATACGCAGTATTTTGGCCCA"	FALSE	TRUE	NA	NA	NA	NA
"ACCAGTGCCCATCCTGAAGACAGCAGCTTCTACATCTGCAGTGCTGGGGGACTAGCGGGACGCACAGATACGCAGTATTTTGGCCCA"	"CSAGGLAGRTDTQYF"	"ACCAGTGCCCATCCTGAAGACAGCAGCTTCTACATCTGCAGTGCTGGGGGACTAGCGGGACGCACAGATACGCAGTATTTTGGCCCA"	"CSAGGLAGRTDTQYF"	NA	"TCRBD2-1*2"	"TCRBJ2-3*1"	45	47	60	61	2	1	NA	NA	"ACCAGTGCCCATCCTGAAGACAGCAGCTTCTACATCTGCAGTGCTGGGGGACTAGCGGGACGCACAGATACGCAGTATTTTGGCCCA"	FALSE	TRUE	NA	NA	NA	NA
"CACATCAATTCCCTGGAGCTTGGTGACTCTGCTGTGTATTTCTGTGCCAGCAGTCCCCCTTTGGGTATCGGGCAGTTCTTCGGGCCA"	"CASSPPLGIGQFF"	"CACATCAATTCCCTGGAGCTTGGTGACTCTGCTGTGTATTTCTGTGCCAGCAGTCCCCCTTTGGGTATCGGGCAGTTCTTCGGGCCA"	"CASSPPLGIGQFF"	"TCRBV3-1/3-2*1"	NA	"TCRBJ2-1*1"	53	62	65	71	9	6	NA	NA	"CACATCAATTCCCTGGAGCTTGGTGACTCTGCTGTGTATTTCTGTGCCAGCAGTCCCCCTTTGGGTATCGGGCAGTTCTTCGGGCCA"	FALSE	TRUE	NA	NA	NA	NA
"TCCTCAGAACCGGGAGACACGGCACTGTATCTCTGCGCCAGCTGAACGCGGGGGAGCTCCTATAATTCACCCCTCCACTTTGGGAAT"	"CAS*TRGSSYNSPLHF"	"TCCTCAGAACCGGGAGACACGGCACTGTATCTCTGCGCCAGCTGAACGCGGGGGAGCTCCTATAATTCACCCCTCCACTTTGGGAAT"	"CAS*TRGSSYNSPLHF"	"TCRBV23-1*1"	"TCRBD2-1*1"	"TCRBJ1-6*1"	42	47	54	56	5	2	NA	NA	"TCCTCAGAACCGGGAGACACGGCACTGTATCTCTGCGCCAGCTGAACGCGGGGGAGCTCCTATAATTCACCCCTCCACTTTGGGAAT"	FALSE	TRUE	NA	NA	NA	NA
"NTGTCGGCTGCTCCCTCCCAGACATCTGTGTACTTCTGTGCCAGCAGTTACAGGCGGGATAATAATTCACCCCTCCACTTTGGGAAT"	"CASSYRRDNNSPLHF"	"NTGTCGGCTGCTCCCTCCCAGACATCTGTGTACTTCTGTGCCAGCAGTTACAGGCGGGATAATAATTCACCCCTCCACTTTGGGAAT"	"CASSYRRDNNSPLHF"	"TCRBV6-5*1"	"TCRBD2-1*2"	"TCRBJ1-6*1"	51	53	59	61	2	2	NA	NA	"NTGTCGGCTGCTCCCTCCCAGACATCTGTGTACTTCTGTGCCAGCAGTTACAGGCGGGATAATAATTCACCCCTCCACTTTGGGAAT"	FALSE	TRUE	NA	NA	NA	NA
"CTGACAGTGACCAGTGCCCATCCTGAAGACAGCAGCTTCTACATCTGCAGTGGATCCGGGGTAGCAGATACGCAGTATTTTGGCCCA"	"CSGSGVADTQYF"	"CTGACAGTGACCAGTGCCCATCCTGAAGACAGCAGCTTCTACATCTGCAGTGGATCCGGGGTAGCAGATACGCAGTATTTTGGCCCA"	"CSGSGVADTQYF"	NA	"TCRBD2-1*1"	"TCRBJ2-3*1"	52	56	61	64	4	3	NA	NA	"CTGACAGTGACCAGTGCCCATCCTGAAGACAGCAGCTTCTACATCTGCAGTGGATCCGGGGTAGCAGATACGCAGTATTTTGGCCCA"	FALSE	TRUE	NA	NA	NA	NA
"CGTTGGCGTCTGCTGTACCCTCTCAGACATCTGTGTACTTCTGTGCCAGCTAAATACCCTGCGGGTGGTGAGCAGTTCTTCGGGCCA"	""	"CGTTGGCGTCTGCTGTACCCTCTCAGACATCTGTGTACTTCTGTGCCAGCTAAATACCCTGCGGGTGGTGAGCAGTTCTTCGGGCCA"	""	"TCRBV6-4*1"	"TCRBD2-1"	"TCRBJ2-1*1"	50	60	65	68	10	3	NA	NA	"CGTTGGCGTCTGCTGTACCCTCTCAGACATCTGTGTACTTCTGTGCCAGCTAAATACCCTGCGGGTGGTGAGCAGTTCTTCGGGCCA"	FALSE	FALSE	NA	NA	NA	NA
"GACTCGGCCGTGTATCTCTGTGCCAGCAGCCGATTTGTTACCGGGACTAGCGGGAGTATGAGCTCCTACGAGCAGTACTTCGGGCCG"	"CASSRFVTGTSGSMSSYEQYF"	"GACTCGGCCGTGTATCTCTGTGCCAGCAGCCGATTTGTTACCGGGACTAGCGGGAGTATGAGCTCCTACGAGCAGTACTTCGGGCCG"	"CASSRFVTGTSGSMSSYEQYF"	NA	"TCRBD2-1*2"	"TCRBJ2-7*1"	30	42	56	62	12	6	NA	NA	"GACTCGGCCGTGTATCTCTGTGCCAGCAGCCGATTTGTTACCGGGACTAGCGGGAGTATGAGCTCCTACGAGCAGTACTTCGGGCCG"	FALSE	TRUE	NA	NA	NA	NA
"GTCCACGGAGTCAGGGGACACAGCACTGTATTTCTGTGCCAGCAGCCGAATGACCGGGACAGCTACAATGAGCAGTTCTTCGGGCCA"	""	"GTCCACGGAGTCAGGGGACACAGCACTGTATTTCTGTGCCAGCAGCCGAATGACCGGGACAGCTACAATGAGCAGTTCTTCGGGCCA"	""	"TCRBV21-1*1"	"TCRBD1-1*1"	"TCRBJ2-1*1"	46	55	-1	62	9	63	NA	NA	"GTCCACGGAGTCAGGGGACACAGCACTGTATTTCTGTGCCAGCAGCCGAATGACCGGGACAGCTACAATGAGCAGTTCTTCGGGCCA"	FALSE	FALSE	NA	NA	NA	NA
"CTGGAGTCGCCCAGCCCCAACCAGACCTCTCTGTACTTCTGTGCCAGCAGAAAGGGACAGTGGGGAGAGACCCAGTACTTCGGGCCA"	"CASRKGQWGETQYF"	"CTGGAGTCGCCCAGCCCCAACCAGACCTCTCTGTACTTCTGTGCCAGCAGAAAGGGACAGTGGGGAGAGACCCAGTACTTCGGGCCA"	"CASRKGQWGETQYF"	"TCRBV27-1*1"	"TCRBD1-1*1"	"TCRBJ2-5*1"	50	53	60	65	3	5	NA	NA	"CTGGAGTCGCCCAGCCCCAACCAGACCTCTCTGTACTTCTGTGCCAGCAGAAAGGGACAGTGGGGAGAGACCCAGTACTTCGGGCCA"	FALSE	TRUE	NA	NA	NA	NA
"ACATCGGCCCAAAAGAACCCGACAGCTTTCTATCTCTGTGCCAGTAGTTTCCGGACCCTAGTGCACAATGAGCAGTTCTTCGGGCCA"	"CASSFRTLVHNEQFF"	"ACATCGGCCCAAAAGAACCCGACAGCTTTCTATCTCTGTGCCAGTAGTTTCCGGACCCTAGTGCACAATGAGCAGTTCTTCGGGCCA"	"CASSFRTLVHNEQFF"	"TCRBV19-1*1"	NA	"TCRBJ2-1*1"	48	52	56	64	4	8	NA	NA	"ACATCGGCCCAAAAGAACCCGACAGCTTTCTATCTCTGTGCCAGTAGTTTCCGGACCCTAGTGCACAATGAGCAGTTCTTCGGGCCA"	FALSE	TRUE	NA	NA	NA	NA
"CTGACAGTGACCAGTGCCCATCCTGAAGACAGCAGCTTCTACATCTGCAGTGCTATTCAGGGAGTTCCTGAAGCTTTCTTTGGACAA"	"CSAIQGVPEAFF"	"CTGACAGTGACCAGTGCCCATCCTGAAGACAGCAGCTTCTACATCTGCAGTGCTATTCAGGGAGTTCCTGAAGCTTTCTTTGGACAA"	"CSAIQGVPEAFF"	NA	NA	"TCRBJ1-1*1"	55	57	62	67	2	5	NA	NA	"CTGACAGTGACCAGTGCCCATCCTGAAGACAGCAGCTTCTACATCTGCAGTGCTATTCAGGGAGTTCCTGAAGCTTTCTTTGGACAA"	FALSE	TRUE	NA	NA	NA	NA
"ATCCGGTCCACAAAGCTGGAGGACTCAGCCATGTACTTCTGTGCCAGCAGGGGACTAGCGGGAGGAGATACGCAGTATTTTGGCCCA"	"CASRGLAGGDTQYF"	"ATCCGGTCCACAAAGCTGGAGGACTCAGCCATGTACTTCTGTGCCAGCAGGGGACTAGCGGGAGGAGATACGCAGTATTTTGGCCCA"	"CASRGLAGGDTQYF"	"TCRBV2-1"	"TCRBD2-1*2"	"TCRBJ2-3*1"	-1	50	-1	65	51	66	NA	NA	"ATCCGGTCCACAAAGCTGGAGGACTCAGCCATGTACTTCTGTGCCAGCAGGGGACTAGCGGGAGGAGATACGCAGTATTTTGGCCCA"	FALSE	TRUE	NA	NA	NA	NA
"CACTCTGAACTAAACCTGAGCTCTCTGGAGCTGGGGGACTCAGCTTTGTATTTCTGTGCCAGCGGTCCTGAAGCTTTCTTTGGACAA"	"CASGPEAFF"	"CACTCTGAACTAAACCTGAGCTCTCTGGAGCTGGGGGACTCAGCTTTGTATTTCTGTGCCAGCGGTCCTGAAGCTTTCTTTGGACAA"	"CASGPEAFF"	"TCRBV9-1*1"	NA	"TCRBJ1-1*1"	-1	63	65	67	64	2	NA	NA	"CACTCTGAACTAAACCTGAGCTCTCTGGAGCTGGGGGACTCAGCTTTGTATTTCTGTGCCAGCGGTCCTGAAGCTTTCTTTGGACAA"	FALSE	TRUE	NA	NA	NA	NA
"CGCACACAGCAGGAGGACTCCGCCGTGTATCTCTGTGCCAGCAGCTTAGGAGGACTAGCGGGGACCTACGAGCAGTACTTCGGGCCG"	"CASSLGGLAGTYEQYF"	"CGCACACAGCAGGAGGACTCCGCCGTGTATCTCTGTGCCAGCAGCTTAGGAGGACTAGCGGGGACCTACGAGCAGTACTTCGGGCCG"	"CASSLGGLAGTYEQYF"	"TCRBV7-8*1"	"TCRBD2-1*1"	"TCRBJ2-7*1"	49	51	63	64	2	1	NA	NA	"CGCACACAGCAGGAGGACTCCGCCGTGTATCTCTGTGCCAGCAGCTTAGGAGGACTAGCGGGGACCTACGAGCAGTACTTCGGGCCG"	FALSE	TRUE	NA	NA	NA	NA
"AGCACCTTGGAGCTGGGGGACTCGGCCCTTTATCTTTGCGCCAGCAGCATTCCAGGGAGCAAACGCTATGGCTACACCTTCGGTTCG"	"CASSIPGSKRYGYTF"	"AGCACCTTGGAGCTGGGGGACTCGGCCCTTTATCTTTGCGCCAGCAGCATTCCAGGGAGCAAACGCTATGGCTACACCTTCGGTTCG"	"CASSIPGSKRYGYTF"	"TCRBV5-1*1"	NA	"TCRBJ1-2*1"	48	52	57	65	4	8	NA	NA	"AGCACCTTGGAGCTGGGGGACTCGGCCCTTTATCTTTGCGCCAGCAGCATTCCAGGGAGCAAACGCTATGGCTACACCTTCGGTTCG"	FALSE	TRUE	NA	NA	NA	NA
"CTGGAGTCCGCCAGCACCAACCAGACATCTATGTACCTCTGTGAAAGTAGCGGGAGGGCCCTCACAGATACGCAGTATTTTGGCCCA"	"CESSGRALTDTQYF"	"CTGGAGTCCGCCAGCACCAACCAGACATCTATGTACCTCTGTGAAAGTAGCGGGAGGGCCCTCACAGATACGCAGTATTTTGGCCCA"	"CESSGRALTDTQYF"	"TCRBV28-1*1"	"TCRBD2-1*2"	"TCRBJ2-3*1"	43	47	58	62	4	4	NA	NA	"CTGGAGTCCGCCAGCACCAACCAGACATCTATGTACCTCTGTGAAAGTAGCGGGAGGGCCCTCACAGATACGCAGTATTTTGGCCCA"	FALSE	TRUE	NA	NA	NA	NA
"ACAGTGACCAGTGCCCATCCTGAAGACAGCAGCTTCTACATCTGCAGTGCTAGAGTTGGAGTCACCGGGGAGCTGTTTTTTGGAGAA"	"CSARVGVTGELFF"	"ACAGTGACCAGTGCCCATCCTGAAGACAGCAGCTTCTACATCTGCAGTGCTAGAGTTGGAGTCACCGGGGAGCTGTTTTTTGGAGAA"	"CSARVGVTGELFF"	NA	"TCRBD2-1*2"	"TCRBJ2-2*1"	55	57	61	62	2	1	NA	NA	"ACAGTGACCAGTGCCCATCCTGAAGACAGCAGCTTCTACATCTGCAGTGCTAGAGTTGGAGTCACCGGGGAGCTGTTTTTTGGAGAA"	FALSE	TRUE	NA	NA	NA	NA
"TCACTCTGGAGTCTGCTGCCTCCTCCCAGACATCTGTATATTTCTGCGCCAGCAGTGAGCAGTCCCTACGAGCAGTACTTCGGGCCG"	""	"TCACTCTGGAGTCTGCTGCCTCCTCCCAGACATCTGTATATTTCTGCGCCAGCAGTGAGCAGTCCCTACGAGCAGTACTTCGGGCCG"	""	"TCRBV1-1*1"	"TCRBD1-1*1"	"TCRBJ2-7*1"	-1	59	62	64	60	2	NA	NA	"TCACTCTGGAGTCTGCTGCCTCCTCCCAGACATCTGTATATTTCTGCGCCAGCAGTGAGCAGTCCCTACGAGCAGTACTTCGGGCCG"	FALSE	FALSE	NA	NA	NA	NA
"CTTCACATCAATTCCCTGGAGCTTGGTGACTCTGCTGTGTATTTCTGTGCCAGCAGCCCCGGGAGGCAGGTGCAGTTCTTCGGGCCA"	"CASSPGRQVQFF"	"CTTCACATCAATTCCCTGGAGCTTGGTGACTCTGCTGTGTATTTCTGTGCCAGCAGCCCCGGGAGGCAGGTGCAGTTCTTCGGGCCA"	"CASSPGRQVQFF"	"TCRBV3-1/3-2*1"	"TCRBD2-1*2"	"TCRBJ2-1*1"	58	59	66	71	1	5	NA	NA	"CTTCACATCAATTCCCTGGAGCTTGGTGACTCTGCTGTGTATTTCTGTGCCAGCAGCCCCGGGAGGCAGGTGCAGTTCTTCGGGCCA"	FALSE	TRUE	NA	NA	NA	NA
"TGCTCCCTCCCAGACATCTGTGTACTTCTGTGCCAGCAGTTACTCGGCGGAAACCGGGACACCACCTACGAGCAGTACTTCGGGCCG"	""	"TGCTCCCTCCCAGACATCTGTGTACTTCTGTGCCAGCAGTTACTCGGCGGAAACCGGGACACCACCTACGAGCAGTACTTCGGGCCG"	""	NA	"TCRBD1-1*1"	"TCRBJ2-7*1"	45	55	61	64	10	3	NA	NA	"TGCTCCCTCCCAGACATCTGTGTACTTCTGTGCCAGCAGTTACTCGGCGGAAACCGGGACACCACCTACGAGCAGTACTTCGGGCCG"	FALSE	FALSE	NA	NA	NA	NA
"ACATCGGCCCAAAAGAACCCGACAGCTTTCTATCTCTGTGCCAGTACAGGTCGCCAGGGGGCTGGAAACACCATATATTTTGGAGAG"	"CASTGRQGAGNTIYF"	"ACATCGGCCCAAAAGAACCCGACAGCTTTCTATCTCTGTGCCAGTACAGGTCGCCAGGGGGCTGGAAACACCATATATTTTGGAGAG"	"CASTGRQGAGNTIYF"	"TCRBV19-1*1"	"TCRBD1-1*1"	"TCRBJ1-3*1"	46	54	-1	61	8	62	NA	NA	"ACATCGGCCCAAAAGAACCCGACAGCTTTCTATCTCTGTGCCAGTACAGGTCGCCAGGGGGCTGGAAACACCATATATTTTGGAGAG"	FALSE	TRUE	NA	NA	NA	NA
"CCTCAGAACCGGGAGACACGGCACTGTATCTCTGCGCCAGCAGTCAATCCACGCGGGACAGAAACCTACGAGCAGTACTTCGGGCCG"	""	"CCTCAGAACCGGGAGACACGGCACTGTATCTCTGCGCCAGCAGTCAATCCACGCGGGACAGAAACCTACGAGCAGTACTTCGGGCCG"	""	"TCRBV23-1*1"	"TCRBD1-1*1"	"TCRBJ2-7*1"	49	54	61	64	5	3	NA	NA	"CCTCAGAACCGGGAGACACGGCACTGTATCTCTGCGCCAGCAGTCAATCCACGCGGGACAGAAACCTACGAGCAGTACTTCGGGCCG"	FALSE	FALSE	NA	NA	NA	NA
"CAGCCCTCAGAACCCAGGGACTCAGCTGTGTATTTTTGTGCTAGTGGTCGAAGCACCGGGACTAGCAATGAGCAGTTCTTCGGGCCA"	"CASGRSTGTSNEQFF"	"CAGCCCTCAGAACCCAGGGACTCAGCTGTGTATTTTTGTGCTAGTGGTCGAAGCACCGGGACTAGCAATGAGCAGTTCTTCGGGCCA"	"CASGRSTGTSNEQFF"	"TCRBV12-5*1"	"TCRBD2-1"	"TCRBJ2-1*1"	48	57	-1	65	9	66	NA	NA	"CAGCCCTCAGAACCCAGGGACTCAGCTGTGTATTTTTGTGCTAGTGGTCGAAGCACCGGGACTAGCAATGAGCAGTTCTTCGGGCCA"	FALSE	TRUE	NA	NA	NA	NA
"GCTGCTCCCTCCCAGACATCTGTGTACTTCTGTGCCAGCAGTTACTCGAGTGGGGACAAGGGACACTATGGCTACACCTTCGGTTCG"	"CASSYSSGDKGHYGYTF"	"GCTGCTCCCTCCCAGACATCTGTGTACTTCTGTGCCAGCAGTTACTCGAGTGGGGACAAGGGACACTATGGCTACACCTTCGGTTCG"	"CASSYSSGDKGHYGYTF"	NA	"TCRBD1-1*1"	"TCRBJ1-2*1"	47	52	58	64	5	6	NA	NA	"GCTGCTCCCTCCCAGACATCTGTGTACTTCTGTGCCAGCAGTTACTCGAGTGGGGACAAGGGACACTATGGCTACACCTTCGGTTCG"	FALSE	TRUE	NA	NA	NA	NA
"GTGAGCACCTTGGAGCTGGGGGACTCGGCCCTTTATCTTTGCGCCAGCAGCACAGGAGACAACGATGAAAAACTGTTTTTTGGCAGT"	"CASSTGDNDEKLFF"	"GTGAGCACCTTGGAGCTGGGGGACTCGGCCCTTTATCTTTGCGCCAGCAGCACAGGAGACAACGATGAAAAACTGTTTTTTGGCAGT"	"CASSTGDNDEKLFF"	"TCRBV5-1*1"	"TCRBD1-1*1"	"TCRBJ1-4*1"	-1	51	56	64	52	8	NA	NA	"GTGAGCACCTTGGAGCTGGGGGACTCGGCCCTTTATCTTTGCGCCAGCAGCACAGGAGACAACGATGAAAAACTGTTTTTTGGCAGT"	FALSE	TRUE	NA	NA	NA	NA
"AAGATCCAGCCTGCAGAGCTTGGGGACTCGGCCATGTATCTCTGTGCCAGCAGCTTTGGAGAAACGGACGGCTACACCTTCGGTTCG"	"CASSFGETDGYTF"	"AAGATCCAGCCTGCAGAGCTTGGGGACTCGGCCATGTATCTCTGTGCCAGCAGCTTTGGAGAAACGGACGGCTACACCTTCGGTTCG"	"CASSFGETDGYTF"	"TCRBV11-1*1"	NA	"TCRBJ1-2*1"	56	65	-1	69	9	70	NA	NA	"AAGATCCAGCCTGCAGAGCTTGGGGACTCGGCCATGTATCTCTGTGCCAGCAGCTTTGGAGAAACGGACGGCTACACCTTCGGTTCG"	FALSE	TRUE	NA	NA	NA	NA
"ACAGTGACCAGTGCCCATCCTGAAGACAGCAGCTTCTACATCTGCAGTGTTACTCAGGCCGACAGTAATGGGCAGTACTTCGGGCCG"	"CSVTQADSNGQYF"	"ACAGTGACCAGTGCCCATCCTGAAGACAGCAGCTTCTACATCTGCAGTGTTACTCAGGCCGACAGTAATGGGCAGTACTTCGGGCCG"	"CSVTQADSNGQYF"	NA	"TCRBD1-1*1"	"TCRBJ2-7*1"	49	60	65	71	11	6	NA	NA	"ACAGTGACCAGTGCCCATCCTGAAGACAGCAGCTTCTACATCTGCAGTGTTACTCAGGCCGACAGTAATGGGCAGTACTTCGGGCCG"	FALSE	TRUE	NA	NA	NA	NA
"TCTGGAGTCCGCTACCCGCTCCCAGACATCTGTGTATTTCTGCGCCAGCAGTGAAGGACAGTGAACAATGAGCAGTTCTTCGGGCCA"	""	"TCTGGAGTCCGCTACCCGCTCCCAGACATCTGTGTATTTCTGCGCCAGCAGTGAAGGACAGTGAACAATGAGCAGTTCTTCGGGCCA"	""	"TCRBV1-2*1"	"TCRBD1-1*1"	"TCRBJ2-1*1"	54	55	61	64	1	3	NA	NA	"TCTGGAGTCCGCTACCCGCTCCCAGACATCTGTGTATTTCTGCGCCAGCAGTGAAGGACAGTGAACAATGAGCAGTTCTTCGGGCCA"	FALSE	FALSE	NA	NA	NA	NA
"CGCACAGAGCAGGGGGACTCGGCCATGTATCTCTGTGCCAGCAGCCCTCCTCCGGGAGAGTTGGCCGATGAGCAGTTCTTCGGGCCA"	"CASSPPPGELADEQFF"	"CGCACAGAGCAGGGGGACTCGGCCATGTATCTCTGTGCCAGCAGCCCTCCTCCGGGAGAGTTGGCCGATGAGCAGTTCTTCGGGCCA"	"CASSPPPGELADEQFF"	"TCRBV7-9*1"	"TCRBD2-1*2"	"TCRBJ2-1*1"	45	52	58	67	7	9	NA	NA	"CGCACAGAGCAGGGGGACTCGGCCATGTATCTCTGTGCCAGCAGCCCTCCTCCGGGAGAGTTGGCCGATGAGCAGTTCTTCGGGCCA"	FALSE	TRUE	NA	NA	NA	NA
"TCGGCCCAAAAGAACCCGACAGCTTTCTATCTCTGTGCCAGTCTGAGCAGGGGGCGGGAGGATTCGGACATTCAGTACTTCGGCGCC"	"CASLSRGREDSDIQYF"	"TCGGCCCAAAAGAACCCGACAGCTTTCTATCTCTGTGCCAGTCTGAGCAGGGGGCGGGAGGATTCGGACATTCAGTACTTCGGCGCC"	"CASLSRGREDSDIQYF"	"TCRBV19-1*1"	NA	"TCRBJ2-4*1"	42	47	55	67	5	12	NA	NA	"TCGGCCCAAAAGAACCCGACAGCTTTCTATCTCTGTGCCAGTCTGAGCAGGGGGCGGGAGGATTCGGACATTCAGTACTTCGGCGCC"	FALSE	TRUE	NA	NA	NA	NA
"CTCACTCTGGAGTCCGCTACCCGCTCCCAGACATCTGTGTATTTCTGCGCCAGCAGTGTAACATACAATGAGCAGTTCTTCGGGCCA"	"CASSVTYNEQFF"	"CTCACTCTGGAGTCCGCTACCCGCTCCCAGACATCTGTGTATTTCTGCGCCAGCAGTGTAACATACAATGAGCAGTTCTTCGGGCCA"	"CASSVTYNEQFF"	"TCRBV1-2*1"	"TCRBD1-1*1"	"TCRBJ2-1*1"	58	60	-1	63	2	64	NA	NA	"CTCACTCTGGAGTCCGCTACCCGCTCCCAGACATCTGTGTATTTCTGCGCCAGCAGTGTAACATACAATGAGCAGTTCTTCGGGCCA"	FALSE	TRUE	NA	NA	NA	NA
"GTGAACGCCTTGGAGCTGGACGACTCGGCCCTGTATCTCTGTGCCAGCAGCCCCGCACAGGGGACAGATACGCAGTATTTTGGCCCA"	"CASSPAQGTDTQYF"	"GTGAACGCCTTGGAGCTGGACGACTCGGCCCTGTATCTCTGTGCCAGCAGCCCCGCACAGGGGACAGATACGCAGTATTTTGGCCCA"	"CASSPAQGTDTQYF"	"TCRBV5-4*1"	"TCRBD1-1*1"	"TCRBJ2-3*1"	51	56	-1	63	5	64	NA	NA	"GTGAACGCCTTGGAGCTGGACGACTCGGCCCTGTATCTCTGTGCCAGCAGCCCCGCACAGGGGACAGATACGCAGTATTTTGGCCCA"	FALSE	TRUE	NA	NA	NA	NA
"AGCACCTTGGAGCTGGGGGACTCGGCCCTTTATCTTTGCGCCAGCAGCTATGGGACTAGCGGGTTAGAGACCCAGTACTTCGGGCCA"	"CASSYGTSGLETQYF"	"AGCACCTTGGAGCTGGGGGACTCGGCCCTTTATCTTTGCGCCAGCAGCTATGGGACTAGCGGGTTAGAGACCCAGTACTTCGGGCCA"	"CASSYGTSGLETQYF"	"TCRBV5-1*1"	"TCRBD2-1"	"TCRBJ2-5*1"	49	51	63	65	2	2	NA	NA	"AGCACCTTGGAGCTGGGGGACTCGGCCCTTTATCTTTGCGCCAGCAGCTATGGGACTAGCGGGTTAGAGACCCAGTACTTCGGGCCA"	FALSE	TRUE	NA	NA	NA	NA
"ACAGTGACCAGTGCCCATCCTGAAGACAGCAGCTTCTACATCTGCAGTGCCGGACTAGGTGCCAAAAACATTCAGTACTTCGGCGCC"	"CSAGLGAKNIQYF"	"ACAGTGACCAGTGCCCATCCTGAAGACAGCAGCTTCTACATCTGCAGTGCCGGACTAGGTGCCAAAAACATTCAGTACTTCGGCGCC"	"CSAGLGAKNIQYF"	NA	"TCRBD2-1"	"TCRBJ2-4*1"	50	51	58	60	1	2	NA	NA	"ACAGTGACCAGTGCCCATCCTGAAGACAGCAGCTTCTACATCTGCAGTGCCGGACTAGGTGCCAAAAACATTCAGTACTTCGGCGCC"	FALSE	TRUE	NA	NA	NA	NA
"CTGGAGTCTGCCAGGCCCTCACATACCTCTCAGTACCTCTGTGCCAGTTGGACAGGGAGGGGATACTACGAGCAGTACTTCGGGCCG"	"CASWTGRGYYEQYF"	"CTGGAGTCTGCCAGGCCCTCACATACCTCTCAGTACCTCTGTGCCAGTTGGACAGGGAGGGGATACTACGAGCAGTACTTCGGGCCG"	"CASWTGRGYYEQYF"	"TCRBV25-1*1"	"TCRBD1-1*1"	"TCRBJ2-7*1"	47	49	57	65	2	8	NA	NA	"CTGGAGTCTGCCAGGCCCTCACATACCTCTCAGTACCTCTGTGCCAGTTGGACAGGGAGGGGATACTACGAGCAGTACTTCGGGCCG"	FALSE	TRUE	NA	NA	NA	NA
"CAAAAGAACCCGACAGCTTTCTATCTCTGTGCCAGTAGTATAGTAAGAGGGTTTGGGGTGTGGAACACTGAAGCTTTCTTTGGACAA"	"CASSIVRGFGVWNTEAFF"	"CAAAAGAACCCGACAGCTTTCTATCTCTGTGCCAGTAGTATAGTAAGAGGGTTTGGGGTGTGGAACACTGAAGCTTTCTTTGGACAA"	"CASSIVRGFGVWNTEAFF"	"TCRBV19-1*1"	"TCRBD2-1*2"	"TCRBJ1-1*1"	43	46	51	62	3	11	NA	NA	"CAAAAGAACCCGACAGCTTTCTATCTCTGTGCCAGTAGTATAGTAAGAGGGTTTGGGGTGTGGAACACTGAAGCTTTCTTTGGACAA"	FALSE	TRUE	NA	NA	NA	NA
"CTGGAGCTGGGGGACTCAGCTTTGTATTTCTGTGCCAGCAGGGATGACGGGGGCGGGACGAACACCGGGGAGCTGTTTTTTGGAGAA"	"CASRDDGGGTNTGELFF"	"CTGGAGCTGGGGGACTCAGCTTTGTATTTCTGTGCCAGCAGGGATGACGGGGGCGGGACGAACACCGGGGAGCTGTTTTTTGGAGAA"	"CASRDDGGGTNTGELFF"	"TCRBV9-1*1"	NA	"TCRBJ2-2*1"	41	48	54	58	7	4	NA	NA	"CTGGAGCTGGGGGACTCAGCTTTGTATTTCTGTGCCAGCAGGGATGACGGGGGCGGGACGAACACCGGGGAGCTGTTTTTTGGAGAA"	FALSE	TRUE	NA	NA	NA	NA
"GATGAATGTGAGCACCTTGGAGCTGGGGGACTCGGCCCTTTATCTTTGCGCCAGCAGCTCCTGAGTGGCGAGCAGTACTTCGGGCCG"	""	"GATGAATGTGAGCACCTTGGAGCTGGGGGACTCGGCCCTTTATCTTTGCGCCAGCAGCTCCTGAGTGGCGAGCAGTACTTCGGGCCG"	""	"TCRBV5-1*1"	"TCRBD2-1*2"	"TCRBJ2-7*1"	59	62	65	68	3	3	NA	NA	"GATGAATGTGAGCACCTTGGAGCTGGGGGACTCGGCCCTTTATCTTTGCGCCAGCAGCTCCTGAGTGGCGAGCAGTACTTCGGGCCG"	FALSE	FALSE	NA	NA	NA	NA
"GTGACATCGGCCCAAAAGAACCCGACAGCTTTCTATCTCTGTGCCAGTAGTTCCCAGCGGGAGTGGGATACGCAGTATTTTGGCCCA"	"CASSSQREWDTQYF"	"GTGACATCGGCCCAAAAGAACCCGACAGCTTTCTATCTCTGTGCCAGTAGTTCCCAGCGGGAGTGGGATACGCAGTATTTTGGCCCA"	"CASSSQREWDTQYF"	"TCRBV19-1*1"	"TCRBD2-1*2"	"TCRBJ2-3*1"	51	55	63	66	4	3	NA	NA	"GTGACATCGGCCCAAAAGAACCCGACAGCTTTCTATCTCTGTGCCAGTAGTTCCCAGCGGGAGTGGGATACGCAGTATTTTGGCCCA"	FALSE	TRUE	NA	NA	NA	NA
"AGTGCCCATCCTGAAGACAGCAGCTTCTACATCTGCAGTGCTAGGACTAGCGGGAGGTCCTCCTACAATGAGCAGTTCTTCGGGCCA"	"CSARTSGRSSYNEQFF"	"AGTGCCCATCCTGAAGACAGCAGCTTCTACATCTGCAGTGCTAGGACTAGCGGGAGGTCCTCCTACAATGAGCAGTTCTTCGGGCCA"	"CSARTSGRSSYNEQFF"	NA	"TCRBD2-1*2"	"TCRBJ2-1*1"	-1	44	57	59	45	2	NA	NA	"AGTGCCCATCCTGAAGACAGCAGCTTCTACATCTGCAGTGCTAGGACTAGCGGGAGGTCCTCCTACAATGAGCAGTTCTTCGGGCCA"	FALSE	TRUE	NA	NA	NA	NA
"GTGACCAGTGCCCATCCTGAAGACAGCAGCTTCTACATCTGCAGTGCTCCGCGACTAGCGGGTCCCTACGAGCAGTACTTCGGGCCG"	"CSAPRLAGPYEQYF"	"GTGACCAGTGCCCATCCTGAAGACAGCAGCTTCTACATCTGCAGTGCTCCGCGACTAGCGGGTCCCTACGAGCAGTACTTCGGGCCG"	"CSAPRLAGPYEQYF"	NA	"TCRBD2-1"	"TCRBJ2-7*1"	48	52	62	64	4	2	NA	NA	"GTGACCAGTGCCCATCCTGAAGACAGCAGCTTCTACATCTGCAGTGCTCCGCGACTAGCGGGTCCCTACGAGCAGTACTTCGGGCCG"	FALSE	TRUE	NA	NA	NA	NA
"TCTGACAGTGACCAGTGCCCATCCTGAAGACAGCAGCTTCTACATCTGCAGTGCTAGTTACTAGTCAATGAGCAGTTCTTCGGGCCA"	""	"TCTGACAGTGACCAGTGCCCATCCTGAAGACAGCAGCTTCTACATCTGCAGTGCTAGTTACTAGTCAATGAGCAGTTCTTCGGGCCA"	""	"TCRBV2-1*4"	"TCRBD2-1"	"TCRBJ2-1*1"	58	59	64	65	1	1	NA	NA	"TCTGACAGTGACCAGTGCCCATCCTGAAGACAGCAGCTTCTACATCTGCAGTGCTAGTTACTAGTCAATGAGCAGTTCTTCGGGCCA"	FALSE	FALSE	NA	NA	NA	NA
"GTGAACGCCTTGTTGCTGGGGGACTCGGCCCTGTATCTCTGTGCCAGCAGCTTGGTGGGACAGGGGAGGGGCTACACCTTCGGTTCG"	"CASSLVGQGRGYTF"	"GTGAACGCCTTGTTGCTGGGGGACTCGGCCCTGTATCTCTGTGCCAGCAGCTTGGTGGGACAGGGGAGGGGCTACACCTTCGGTTCG"	"CASSLVGQGRGYTF"	"TCRBV5-5*1"	"TCRBD1-1*1"	"TCRBJ1-2*1"	55	56	66	69	1	3	NA	NA	"GTGAACGCCTTGTTGCTGGGGGACTCGGCCCTGTATCTCTGTGCCAGCAGCTTGGTGGGACAGGGGAGGGGCTACACCTTCGGTTCG"	FALSE	TRUE	NA	NA	NA	NA
"TCTAAGAAGCTCCTTCTCAGTGACTCTGGCTTCTATCTCTGTGCCTGGGAAGGACAGGGGTACAACTATGGCTACACCTTCGGTTCG"	"CAWEGQGYNYGYTF"	"TCTAAGAAGCTCCTTCTCAGTGACTCTGGCTTCTATCTCTGTGCCTGGGAAGGACAGGGGTACAACTATGGCTACACCTTCGGTTCG"	"CAWEGQGYNYGYTF"	"TCRBV3-1*5"	"TCRBD1-1*1"	"TCRBJ1-2*1"	49	51	60	63	2	3	NA	NA	"TCTAAGAAGCTCCTTCTCAGTGACTCTGGCTTCTATCTCTGTGCCTGGGAAGGACAGGGGTACAACTATGGCTACACCTTCGGTTCG"	FALSE	TRUE	NA	NA	NA	NA
"ATTCTGGAGTCCGCCAGCACCAACCAGACATCTATGTACCTCTGTGCCAGCAGTTTTACAGGACACTACGGCTACACCTTCGGTTCG"	"CASSFTGHYGYTF"	"ATTCTGGAGTCCGCCAGCACCAACCAGACATCTATGTACCTCTGTGCCAGCAGTTTTACAGGACACTACGGCTACACCTTCGGTTCG"	"CASSFTGHYGYTF"	"TCRBV28-1*1"	"TCRBD1-1*1"	"TCRBJ1-2*1"	56	60	65	69	4	4	NA	NA	"ATTCTGGAGTCCGCCAGCACCAACCAGACATCTATGTACCTCTGTGCCAGCAGTTTTACAGGACACTACGGCTACACCTTCGGTTCG"	FALSE	TRUE	NA	NA	NA	NA
"GCACAGAGCAGGGGGACTCGGCCATGTATCTCTGTGCCAGCAGCGCCCAGACTAGCTGGAGCGCAAGAGACCCAGTACTTCGGGCCA"	""	"GCACAGAGCAGGGGGACTCGGCCATGTATCTCTGTGCCAGCAGCGCCCAGACTAGCTGGAGCGCAAGAGACCCAGTACTTCGGGCCA"	""	"TCRBV7-9*1"	"TCRBD2-1"	"TCRBJ2-5*1"	44	49	56	63	5	7	NA	NA	"GCACAGAGCAGGGGGACTCGGCCATGTATCTCTGTGCCAGCAGCGCCCAGACTAGCTGGAGCGCAAGAGACCCAGTACTTCGGGCCA"	FALSE	FALSE	NA	NA	NA	NA
"GTGAGCACCTTGGAGCTGGGGGACTCGGCCCTTTATCTTTGCGCCAGCAGGGGACTAGCGCCTCAAGAGACCCAGTACTTCGGGCCA"	"CASRGLAPQETQYF"	"GTGAGCACCTTGGAGCTGGGGGACTCGGCCCTTTATCTTTGCGCCAGCAGGGGACTAGCGCCTCAAGAGACCCAGTACTTCGGGCCA"	"CASRGLAPQETQYF"	"TCRBV5-1*1"	"TCRBD2-1"	"TCRBJ2-5*1"	-1	50	60	63	51	3	NA	NA	"GTGAGCACCTTGGAGCTGGGGGACTCGGCCCTTTATCTTTGCGCCAGCAGGGGACTAGCGCCTCAAGAGACCCAGTACTTCGGGCCA"	FALSE	TRUE	NA	NA	NA	NA
"ATCCAGCGCACACAGCAGGAGGACTCCGCCGTGTATCTCTGTGCCAGCAGCTTAGGCCAGGGGGCGAAGCCCCAGCATTTTGGTGAT"	"CASSLGQGAKPQHF"	"ATCCAGCGCACACAGCAGGAGGACTCCGCCGTGTATCTCTGTGCCAGCAGCTTAGGCCAGGGGGCGAAGCCCCAGCATTTTGGTGAT"	"CASSLGQGAKPQHF"	"TCRBV7-8*1"	"TCRBD1-1*1"	"TCRBJ1-5*1"	55	57	65	67	2	2	NA	NA	"ATCCAGCGCACACAGCAGGAGGACTCCGCCGTGTATCTCTGTGCCAGCAGCTTAGGCCAGGGGGCGAAGCCCCAGCATTTTGGTGAT"	FALSE	TRUE	NA	NA	NA	NA
"ATTCTGGAGTCCGCCAGCACCAACCAGACATCTATGTACCTCTGTGCCACCGAGGGACTGCCCCAAGAGACCCAGTACTTCGGGCCA"	"CATEGLPQETQYF"	"ATTCTGGAGTCCGCCAGCACCAACCAGACATCTATGTACCTCTGTGCCACCGAGGGACTGCCCCAAGAGACCCAGTACTTCGGGCCA"	"CATEGLPQETQYF"	"TCRBV28-1*1"	"TCRBD2-1"	"TCRBJ2-5*1"	49	53	59	62	4	3	NA	NA	"ATTCTGGAGTCCGCCAGCACCAACCAGACATCTATGTACCTCTGTGCCACCGAGGGACTGCCCCAAGAGACCCAGTACTTCGGGCCA"	FALSE	TRUE	NA	NA	NA	NA
"CTGACAGTGACCAGTGCCCATCCTGAAGACAGCAGCTTCTACATCTGCAGTGCTAGAACTAGTCTCACTGAGCAGTTCTTCGGGCCA"	"CSARTSLTEQFF"	"CTGACAGTGACCAGTGCCCATCCTGAAGACAGCAGCTTCTACATCTGCAGTGCTAGAACTAGTCTCACTGAGCAGTTCTTCGGGCCA"	"CSARTSLTEQFF"	NA	"TCRBD2-1"	"TCRBJ2-1*1"	-1	57	62	68	58	6	NA	NA	"CTGACAGTGACCAGTGCCCATCCTGAAGACAGCAGCTTCTACATCTGCAGTGCTAGAACTAGTCTCACTGAGCAGTTCTTCGGGCCA"	FALSE	TRUE	NA	NA	NA	NA
"GAACGCCTTGGAGCTGGACGACTCGGCCCTGTATCTCTGTGCCAGCATCCGTCGCTGACAGTCAGATATGGCTACACCTTCGGTTCG"	""	"GAACGCCTTGGAGCTGGACGACTCGGCCCTGTATCTCTGTGCCAGCATCCGTCGCTGACAGTCAGATATGGCTACACCTTCGGTTCG"	""	"TCRBV5-4*1"	"TCRBD1-1*1"	"TCRBJ1-2*1"	47	56	61	66	9	5	NA	NA	"GAACGCCTTGGAGCTGGACGACTCGGCCCTGTATCTCTGTGCCAGCATCCGTCGCTGACAGTCAGATATGGCTACACCTTCGGTTCG"	FALSE	FALSE	NA	NA	NA	NA
"AACGCCTTGGAGCTGGACGACTCGGCCCTGTATCTCTGTGCCAGCAGCCCCTGGACGGTCAGCACAGATACGCAGTATTTTGGCCCA"	"CASSPWTVSTDTQYF"	"AACGCCTTGGAGCTGGACGACTCGGCCCTGTATCTCTGTGCCAGCAGCCCCTGGACGGTCAGCACAGATACGCAGTATTTTGGCCCA"	"CASSPWTVSTDTQYF"	"TCRBV5-4*1"	NA	"TCRBJ2-3*1"	48	52	56	60	4	4	NA	NA	"AACGCCTTGGAGCTGGACGACTCGGCCCTGTATCTCTGTGCCAGCAGCCCCTGGACGGTCAGCACAGATACGCAGTATTTTGGCCCA"	FALSE	TRUE	NA	NA	NA	NA
"ATCCTGGAGTCGCCCAGCCCCAACCAGACCTCTCTGTACTTCTGTGCCAGTAGTGGGACCCTAGGATACGAGCAGTACTTCGGGCCG"	"CASSGTLGYEQYF"	"ATCCTGGAGTCGCCCAGCCCCAACCAGACCTCTCTGTACTTCTGTGCCAGTAGTGGGACCCTAGGATACGAGCAGTACTTCGGGCCG"	"CASSGTLGYEQYF"	"TCRBV27-1*1"	NA	"TCRBJ2-7*1"	-1	54	59	66	55	7	NA	NA	"ATCCTGGAGTCGCCCAGCCCCAACCAGACCTCTCTGTACTTCTGTGCCAGTAGTGGGACCCTAGGATACGAGCAGTACTTCGGGCCG"	FALSE	TRUE	NA	NA	NA	NA
"CTGAGCTCTCTGGAGCTGGGGGACTCAGCTTTGTATTTCTGTGCCAGCAGTAAACAGGGGGCTGCTCAGCCCCAGCATTTTGGTGAT"	"CASSKQGAAQPQHF"	"CTGAGCTCTCTGGAGCTGGGGGACTCAGCTTTGTATTTCTGTGCCAGCAGTAAACAGGGGGCTGCTCAGCCCCAGCATTTTGGTGAT"	"CASSKQGAAQPQHF"	"TCRBV9-1*1"	"TCRBD1-1*1"	"TCRBJ1-5*1"	50	53	62	65	3	3	NA	NA	"CTGAGCTCTCTGGAGCTGGGGGACTCAGCTTTGTATTTCTGTGCCAGCAGTAAACAGGGGGCTGCTCAGCCCCAGCATTTTGGTGAT"	FALSE	TRUE	NA	NA	NA	NA
"AGGATCCAGCAGGTAGTGCGAGGAGATTCGGCAGCTTATTTCTGTGCCAGCTCACCAATGGGTAACACTGAAGCTTTCTTTGGACAA"	"CASSPMGNTEAFF"	"AGGATCCAGCAGGTAGTGCGAGGAGATTCGGCAGCTTATTTCTGTGCCAGCTCACCAATGGGTAACACTGAAGCTTTCTTTGGACAA"	"CASSPMGNTEAFF"	"TCRBV18-1*1"	NA	"TCRBJ1-1*1"	57	59	62	63	2	1	NA	NA	"AGGATCCAGCAGGTAGTGCGAGGAGATTCGGCAGCTTATTTCTGTGCCAGCTCACCAATGGGTAACACTGAAGCTTTCTTTGGACAA"	FALSE	TRUE	NA	NA	NA	NA
"GTGACCAGTGCCCATCCTGAAGACAGCAGCTTCTACATCTGCAGTGCTAGAGCGGGGCAAGGTGGAAACACCATATATTTTGGAGAG"	"CSARAGQGGNTIYF"	"GTGACCAGTGCCCATCCTGAAGACAGCAGCTTCTACATCTGCAGTGCTAGAGCGGGGCAAGGTGGAAACACCATATATTTTGGAGAG"	"CSARAGQGGNTIYF"	NA	NA	"TCRBJ1-3*1"	52	53	58	62	1	4	NA	NA	"GTGACCAGTGCCCATCCTGAAGACAGCAGCTTCTACATCTGCAGTGCTAGAGCGGGGCAAGGTGGAAACACCATATATTTTGGAGAG"	FALSE	TRUE	NA	NA	NA	NA
"CAGCCTGCAGAACTGGAGGATTCTGGAGTTTATTTCTGTGCCAGCAGCCAAGATTCTAGCGGGGTCTACGAGCAGTACTTCGGGCCG"	"CASSQDSSGVYEQYF"	"CAGCCTGCAGAACTGGAGGATTCTGGAGTTTATTTCTGTGCCAGCAGCCAAGATTCTAGCGGGGTCTACGAGCAGTACTTCGGGCCG"	"CASSQDSSGVYEQYF"	"TCRBV14-1*1"	"TCRBD2-1*1"	"TCRBJ2-7*1"	53	55	64	65	2	1	NA	NA	"CAGCCTGCAGAACTGGAGGATTCTGGAGTTTATTTCTGTGCCAGCAGCCAAGATTCTAGCGGGGTCTACGAGCAGTACTTCGGGCCG"	FALSE	TRUE	NA	NA	NA	NA
"CTGGAGTTGGCTGCTCCCTCCCAGACATCTGTGTACTTCTGTGCCAGCTCGCCGGGGACAGGGACCCGTAGCTACACCTTCGGTTCG"	"CASSPGTGTRSYTF"	"CTGGAGTTGGCTGCTCCCTCCCAGACATCTGTGTACTTCTGTGCCAGCTCGCCGGGGACAGGGACCCGTAGCTACACCTTCGGTTCG"	"CASSPGTGTRSYTF"	"TCRBV6-6"	"TCRBD1-1*1"	"TCRBJ1-2*1"	48	54	63	70	6	7	NA	NA	"CTGGAGTTGGCTGCTCCCTCCCAGACATCTGTGTACTTCTGTGCCAGCTCGCCGGGGACAGGGACCCGTAGCTACACCTTCGGTTCG"	FALSE	TRUE	NA	NA	NA	NA
"ATCCAGCCCTCAGAACCCAGGGACTCAGCTGTGTACTTCTGTGCCAGCACCCACCCAGGGGTTGGGGGTGAGCAGTTCTTCGGGCCA"	"CASTHPGVGGEQFF"	"ATCCAGCCCTCAGAACCCAGGGACTCAGCTGTGTACTTCTGTGCCAGCACCCACCCAGGGGTTGGGGGTGAGCAGTTCTTCGGGCCA"	"CASTHPGVGGEQFF"	NA	"TCRBD1-1*1"	"TCRBJ2-1*1"	49	55	61	68	6	7	NA	NA	"ATCCAGCCCTCAGAACCCAGGGACTCAGCTGTGTACTTCTGTGCCAGCACCCACCCAGGGGTTGGGGGTGAGCAGTTCTTCGGGCCA"	FALSE	TRUE	NA	NA	NA	NA
"ATAGCTCTGAGCTGAATGTGAACGCCTTGGAGCTGGAGGACTCGGCCCTGTATCTCTGTGCCACCTACGCACTTCACCTTCGGTTCG"	""	"ATAGCTCTGAGCTGAATGTGAACGCCTTGGAGCTGGAGGACTCGGCCCTGTATCTCTGTGCCACCTACGCACTTCACCTTCGGTTCG"	""	"TCRBV5-8*1"	"TCRBD2-1"	"TCRBJ1-2*1"	63	70	73	74	7	1	NA	NA	"ATAGCTCTGAGCTGAATGTGAACGCCTTGGAGCTGGAGGACTCGGCCCTGTATCTCTGTGCCACCTACGCACTTCACCTTCGGTTCG"	FALSE	FALSE	NA	NA	NA	NA
"ACCAGTGCCCATCCTGAAGACAGCAGCTTCTACATCTGCAGTGCGTACTCCGGGACCCACACCTTGGGTGAGCAGTTCTTCGGGCCA"	"CSAYSGTHTLGEQFF"	"ACCAGTGCCCATCCTGAAGACAGCAGCTTCTACATCTGCAGTGCGTACTCCGGGACCCACACCTTGGGTGAGCAGTTCTTCGGGCCA"	"CSAYSGTHTLGEQFF"	NA	NA	"TCRBJ2-1*1"	44	51	56	68	7	12	NA	NA	"ACCAGTGCCCATCCTGAAGACAGCAGCTTCTACATCTGCAGTGCGTACTCCGGGACCCACACCTTGGGTGAGCAGTTCTTCGGGCCA"	FALSE	TRUE	NA	NA	NA	NA
"TTGGCGTCTGCTGTACCCTCTCAGACATCTGTGTACTTCTGTGCCAGCAGTATTAAGGCTAGCACGAATGAGCAGTTCTTCGGGCCA"	"CASSIKASTNEQFF"	"TTGGCGTCTGCTGTACCCTCTCAGACATCTGTGTACTTCTGTGCCAGCAGTATTAAGGCTAGCACGAATGAGCAGTTCTTCGGGCCA"	"CASSIKASTNEQFF"	"TCRBV6-4*1"	"TCRBD2-1"	"TCRBJ2-1*1"	51	58	63	66	7	3	NA	NA	"TTGGCGTCTGCTGTACCCTCTCAGACATCTGTGTACTTCTGTGCCAGCAGTATTAAGGCTAGCACGAATGAGCAGTTCTTCGGGCCA"	FALSE	TRUE	NA	NA	NA	NA
"GTGACCAGTGCCCATCCTGAAGACAGCAGCTTCTACATCTGCAGTGCTCTCCTAGGACGGAAAAACAATGAGCAGTTCTTCGGGCCA"	"CSALLGRKNNEQFF"	"GTGACCAGTGCCCATCCTGAAGACAGCAGCTTCTACATCTGCAGTGCTCTCCTAGGACGGAAAAACAATGAGCAGTTCTTCGGGCCA"	"CSALLGRKNNEQFF"	NA	NA	"TCRBJ2-1*1"	48	54	58	64	6	6	NA	NA	"GTGACCAGTGCCCATCCTGAAGACAGCAGCTTCTACATCTGCAGTGCTCTCCTAGGACGGAAAAACAATGAGCAGTTCTTCGGGCCA"	FALSE	TRUE	NA	NA	NA	NA
"GGGACTCAGCCGTGTATCTCTGTGCCAGCAGTTATAGCAGTCGGGGGGCGCCCCGGTGTGACTACCGGGGAGCTGTTTTTTGGAGAA"	""	"GGGACTCAGCCGTGTATCTCTGTGCCAGCAGTTATAGCAGTCGGGGGGCGCCCCGGTGTGACTACCGGGGAGCTGTTTTTTGGAGAA"	""	"TCRBV7-3*1"	"TCRBD2-1*1"	"TCRBJ2-2*1"	31	41	48	63	10	15	NA	NA	"GGGACTCAGCCGTGTATCTCTGTGCCAGCAGTTATAGCAGTCGGGGGGCGCCCCGGTGTGACTACCGGGGAGCTGTTTTTTGGAGAA"	FALSE	FALSE	NA	NA	NA	NA
"ATCCAGCCTGCAAAGCTTGAGGACTCGGCCGTGTATCTCTGTGCCAGCACCCTGAGAGGGGGGCTCTACGAGCAGTACTTCGGGCCG"	"CASTLRGGLYEQYF"	"ATCCAGCCTGCAAAGCTTGAGGACTCGGCCGTGTATCTCTGTGCCAGCACCCTGAGAGGGGGGCTCTACGAGCAGTACTTCGGGCCG"	"CASTLRGGLYEQYF"	"TCRBV11-2*1"	NA	"TCRBJ2-7*1"	49	56	62	65	7	3	NA	NA	"ATCCAGCCTGCAAAGCTTGAGGACTCGGCCGTGTATCTCTGTGCCAGCACCCTGAGAGGGGGGCTCTACGAGCAGTACTTCGGGCCG"	FALSE	TRUE	NA	NA	NA	NA
"ATCCTGGAGTCGCCCAGCCCCAACCAGACCTCTCTGTACTTCTGTGCCAGCAGTTTTGGGGTGGGGAGCATTCAGTACTTCGGCGCC"	"CASSFGVGSIQYF"	"ATCCTGGAGTCGCCCAGCCCCAACCAGACCTCTCTGTACTTCTGTGCCAGCAGTTTTGGGGTGGGGAGCATTCAGTACTTCGGCGCC"	"CASSFGVGSIQYF"	"TCRBV27-1*1"	"TCRBD2-1*2"	"TCRBJ2-4*1"	56	63	-1	68	7	69	NA	NA	"ATCCTGGAGTCGCCCAGCCCCAACCAGACCTCTCTGTACTTCTGTGCCAGCAGTTTTGGGGTGGGGAGCATTCAGTACTTCGGCGCC"	FALSE	TRUE	NA	NA	NA	NA
"CTAGAGTCTGCCATCCCCAACCAGACAGCTCTTTACTTCTGTGCCACCAGTGATCCGAAGACGAGGGATGAGCAGTTCTTCGGGCCA"	"CATSDPKTRDEQFF"	"CTAGAGTCTGCCATCCCCAACCAGACAGCTCTTTACTTCTGTGCCACCAGTGATCCGAAGACGAGGGATGAGCAGTTCTTCGGGCCA"	"CATSDPKTRDEQFF"	"TCRBV24-1*1"	"TCRBD2-1*2"	"TCRBJ2-1*1"	54	62	-1	67	8	68	NA	NA	"CTAGAGTCTGCCATCCCCAACCAGACAGCTCTTTACTTCTGTGCCACCAGTGATCCGAAGACGAGGGATGAGCAGTTCTTCGGGCCA"	FALSE	TRUE	NA	NA	NA	NA
"CTGGAGTTGGCTGCTCCCTCCCAGACATCTGTGTACTTCTGTGCCAGCAGTTACTCAGGGATCCAAGAGACCCAGTACTTCGGGCCA"	"CASSYSGIQETQYF"	"CTGGAGTTGGCTGCTCCCTCCCAGACATCTGTGTACTTCTGTGCCAGCAGTTACTCAGGGATCCAAGAGACCCAGTACTTCGGGCCA"	"CASSYSGIQETQYF"	"TCRBV6-6*1"	NA	"TCRBJ2-5*1"	56	57	61	62	1	1	NA	NA	"CTGGAGTTGGCTGCTCCCTCCCAGACATCTGTGTACTTCTGTGCCAGCAGTTACTCAGGGATCCAAGAGACCCAGTACTTCGGGCCA"	FALSE	TRUE	NA	NA	NA	NA
"GTGAACGCCTTGGAGCTGGAGGACTCGGCCCTGTATCTCTGTGCCAGCAGCTTGGTCCGGGACAATCAGCCCCAGCATTTTGGTGAT"	"CASSLVRDNQPQHF"	"GTGAACGCCTTGGAGCTGGAGGACTCGGCCCTGTATCTCTGTGCCAGCAGCTTGGTCCGGGACAATCAGCCCCAGCATTTTGGTGAT"	"CASSLVRDNQPQHF"	"TCRBV5-8*1"	"TCRBD2-1*2"	"TCRBJ1-5*1"	55	57	-1	62	2	63	NA	NA	"GTGAACGCCTTGGAGCTGGAGGACTCGGCCCTGTATCTCTGTGCCAGCAGCTTGGTCCGGGACAATCAGCCCCAGCATTTTGGTGAT"	FALSE	TRUE	NA	NA	NA	NA
"ACCCTGCAGCCAGAAGACTCGGCCCTGTATCTCTGCGCCAGCAGCCCCCTGGGACTAGCGGGATACAATGAGCAGTTCTTCGGGCCA"	"CASSPLGLAGYNEQFF"	"ACCCTGCAGCCAGAAGACTCGGCCCTGTATCTCTGCGCCAGCAGCCCCCTGGGACTAGCGGGATACAATGAGCAGTTCTTCGGGCCA"	"CASSPLGLAGYNEQFF"	"TCRBV4-3*1"	"TCRBD2-1*2"	"TCRBJ2-1*1"	46	50	-1	63	4	64	NA	NA	"ACCCTGCAGCCAGAAGACTCGGCCCTGTATCTCTGCGCCAGCAGCCCCCTGGGACTAGCGGGATACAATGAGCAGTTCTTCGGGCCA"	FALSE	TRUE	NA	NA	NA	NA
"AGTGCCCATCCTGAAGACAGCAGCTTCTACATCTGCAGTGCTAATTAGCGGGAATATGAAGAAAAAGAGACCCAGTACTTCGGGCCA"	"CSAN*REYEEKETQYF"	"AGTGCCCATCCTGAAGACAGCAGCTTCTACATCTGCAGTGCTAATTAGCGGGAATATGAAGAAAAAGAGACCCAGTACTTCGGGCCA"	"CSAN*REYEEKETQYF"	NA	"TCRBD2-1*2"	"TCRBJ2-5*1"	43	45	53	64	2	11	NA	NA	"AGTGCCCATCCTGAAGACAGCAGCTTCTACATCTGCAGTGCTAATTAGCGGGAATATGAAGAAAAAGAGACCCAGTACTTCGGGCCA"	FALSE	TRUE	NA	NA	NA	NA
"ACATCGGCCCAAAAGAACCCGACAGCTTTCTATCTCTGTGCCAGTAGTCCAATAACTAGCAGCTACAATGAGCAGTTCTTCGGGCCA"	"CASSPITSSYNEQFF"	"ACATCGGCCCAAAAGAACCCGACAGCTTTCTATCTCTGTGCCAGTAGTCCAATAACTAGCAGCTACAATGAGCAGTTCTTCGGGCCA"	"CASSPITSSYNEQFF"	"TCRBV19-1*1"	"TCRBD2-1"	"TCRBJ2-1*1"	48	54	60	62	6	2	NA	NA	"ACATCGGCCCAAAAGAACCCGACAGCTTTCTATCTCTGTGCCAGTAGTCCAATAACTAGCAGCTACAATGAGCAGTTCTTCGGGCCA"	FALSE	TRUE	NA	NA	NA	NA
"GAGTCGCCCAGCCCCAACCAGACCTCTCTGTACTTCTGTGCCAGCTCCACCGGGTCGGGATTCTCCTACGAGCAGTACTTCGGGCCG"	"CASSTGSGFSYEQYF"	"GAGTCGCCCAGCCCCAACCAGACCTCTCTGTACTTCTGTGCCAGCTCCACCGGGTCGGGATTCTCCTACGAGCAGTACTTCGGGCCG"	"CASSTGSGFSYEQYF"	"TCRBV27-1*1"	"TCRBD2-1*2"	"TCRBJ2-7*1"	45	55	60	62	10	2	NA	NA	"GAGTCGCCCAGCCCCAACCAGACCTCTCTGTACTTCTGTGCCAGCTCCACCGGGTCGGGATTCTCCTACGAGCAGTACTTCGGGCCG"	FALSE	TRUE	NA	NA	NA	NA
"ATCCAGCGCACAGAGCAGGAGGACTCGGCCGTGTATCTCTGTGCCAGCAGCTTACCGGCGGGGGGGCGGGAGCAGTACTTCGGGCCG"	"CASSLPAGGREQYF"	"ATCCAGCGCACAGAGCAGGAGGACTCGGCCGTGTATCTCTGTGCCAGCAGCTTACCGGCGGGGGGGCGGGAGCAGTACTTCGGGCCG"	"CASSLPAGGREQYF"	"TCRBV7-2"	"TCRBD2-1*1"	"TCRBJ2-7*1"	54	57	66	69	3	3	NA	NA	"ATCCAGCGCACAGAGCAGGAGGACTCGGCCGTGTATCTCTGTGCCAGCAGCTTACCGGCGGGGGGGCGGGAGCAGTACTTCGGGCCG"	FALSE	TRUE	NA	NA	NA	NA
"CTAAACCTGAGCTCTCTGGAGCTGGGGGACTCAGCTTTGTATTTCTGTGCCAGCAGCTCCAGGAACAATGAGCAGTTCTTCGGGCCA"	"CASSSRNNEQFF"	"CTAAACCTGAGCTCTCTGGAGCTGGGGGACTCAGCTTTGTATTTCTGTGCCAGCAGCTCCAGGAACAATGAGCAGTTCTTCGGGCCA"	"CASSSRNNEQFF"	"TCRBV9-1*1"	"TCRBD1-1*1"	"TCRBJ2-1*1"	57	59	63	64	2	1	NA	NA	"CTAAACCTGAGCTCTCTGGAGCTGGGGGACTCAGCTTTGTATTTCTGTGCCAGCAGCTCCAGGAACAATGAGCAGTTCTTCGGGCCA"	FALSE	TRUE	NA	NA	NA	NA
"GATCCGGTCCACAAAGCTGGAGGACTCAGCCATGTACTTCTGTGCCAGCATCTCCGGGACAGGGGCACTGAAGCTTTCTTTGGACAA"	""	"GATCCGGTCCACAAAGCTGGAGGACTCAGCCATGTACTTCTGTGCCAGCATCTCCGGGACAGGGGCACTGAAGCTTTCTTTGGACAA"	""	"TCRBV2-1"	"TCRBD1-1*1"	"TCRBJ1-1*1"	50	55	-1	65	5	66	NA	NA	"GATCCGGTCCACAAAGCTGGAGGACTCAGCCATGTACTTCTGTGCCAGCATCTCCGGGACAGGGGCACTGAAGCTTTCTTTGGACAA"	FALSE	FALSE	NA	NA	NA	NA
"ATCCGGTCCACAAAGCTGGAGGACTCAGCCATGTACTTCTGTGCCAGCAGTCGGGACAGTGGCCTAGGCGAGCAGTACTTCGGGCCG"	"CASSRDSGLGEQYF"	"ATCCGGTCCACAAAGCTGGAGGACTCAGCCATGTACTTCTGTGCCAGCAGTCGGGACAGTGGCCTAGGCGAGCAGTACTTCGGGCCG"	"CASSRDSGLGEQYF"	"TCRBV2-1"	"TCRBD1-1*1"	"TCRBJ2-7*1"	51	52	59	68	1	9	NA	NA	"ATCCGGTCCACAAAGCTGGAGGACTCAGCCATGTACTTCTGTGCCAGCAGTCGGGACAGTGGCCTAGGCGAGCAGTACTTCGGGCCG"	FALSE	TRUE	NA	NA	NA	NA
"ATCCAGCGCACAGAGCAGGAGGACTCGGCCGTGTATCTCTGTGCCAGCAGCTTAAGGAAAGTTCGCAATGAGCAGTTCTTCGGGCCA"	"CASSLRKVRNEQFF"	"ATCCAGCGCACAGAGCAGGAGGACTCGGCCGTGTATCTCTGTGCCAGCAGCTTAAGGAAAGTTCGCAATGAGCAGTTCTTCGGGCCA"	"CASSLRKVRNEQFF"	"TCRBV7-2"	NA	"TCRBJ2-1*1"	54	55	58	65	1	7	NA	NA	"ATCCAGCGCACAGAGCAGGAGGACTCGGCCGTGTATCTCTGTGCCAGCAGCTTAAGGAAAGTTCGCAATGAGCAGTTCTTCGGGCCA"	FALSE	TRUE	NA	NA	NA	NA
"CGGTCCACAAAGCTGGAGGACTCAGCCATGTACTTCTGTGCCAGCTGGGGACAGGGTTGGGGAAACACTGAAGCTTTCTTTGGACAA"	"CASWGQGWGNTEAFF"	"CGGTCCACAAAGCTGGAGGACTCAGCCATGTACTTCTGTGCCAGCTGGGGACAGGGTTGGGGAAACACTGAAGCTTTCTTTGGACAA"	"CASWGQGWGNTEAFF"	"TCRBV2-1"	"TCRBD1-1*1"	"TCRBJ1-1*1"	45	47	56	63	2	7	NA	NA	"CGGTCCACAAAGCTGGAGGACTCAGCCATGTACTTCTGTGCCAGCTGGGGACAGGGTTGGGGAAACACTGAAGCTTTCTTTGGACAA"	FALSE	TRUE	NA	NA	NA	NA
"GGAGTCTGCCAGGCCCTCACATACCTCTCAGTACCTCTGTGCCAGCAGTGACACATCGACAGGGCCACTGAAGCTTTCTTTGGACAA"	""	"GGAGTCTGCCAGGCCCTCACATACCTCTCAGTACCTCTGTGCCAGCAGTGACACATCGACAGGGCCACTGAAGCTTTCTTTGGACAA"	""	"TCRBV25-1*1"	"TCRBD1-1*1"	"TCRBJ1-1*1"	51	57	64	65	6	1	NA	NA	"GGAGTCTGCCAGGCCCTCACATACCTCTCAGTACCTCTGTGCCAGCAGTGACACATCGACAGGGCCACTGAAGCTTTCTTTGGACAA"	FALSE	FALSE	NA	NA	NA	NA
"CAGCCCTCAGAACCCAGGGACTCAGCTGTGTACTTCTGTGCCAGCAGGGTGACAGGGGGAAAGAACAATGAGCAGTTCTTCGGGCCA"	"CASRVTGGKNNEQFF"	"CAGCCCTCAGAACCCAGGGACTCAGCTGTGTACTTCTGTGCCAGCAGGGTGACAGGGGGAAAGAACAATGAGCAGTTCTTCGGGCCA"	"CASRVTGGKNNEQFF"	NA	"TCRBD1-1*1"	"TCRBJ2-1*1"	47	50	59	64	3	5	NA	NA	"CAGCCCTCAGAACCCAGGGACTCAGCTGTGTACTTCTGTGCCAGCAGGGTGACAGGGGGAAAGAACAATGAGCAGTTCTTCGGGCCA"	FALSE	TRUE	NA	NA	NA	NA
"NNNNNNNTGTCGGCTGCTCCCTCCCAAACATCTGTGTACTTCTGTGCCAGCAGTTACAATCCCAATCAGCCCCAGCATTTTGGTGAT"	"CASSYNPNQPQHF"	"NNNNNNNTGTCGGCTGCTCCCTCCCAAACATCTGTGTACTTCTGTGCCAGCAGTTACAATCCCAATCAGCCCCAGCATTTTGGTGAT"	"CASSYNPNQPQHF"	"TCRBV6-2/6-3*1"	NA	"TCRBJ1-5*1"	-1	-1	57	62	0	5	NA	NA	"NNNNNNNTGTCGGCTGCTCCCTCCCAAACATCTGTGTACTTCTGTGCCAGCAGTTACAATCCCAATCAGCCCCAGCATTTTGGTGAT"	FALSE	TRUE	NA	NA	NA	NA
"ACATCGGCCCAAAAGAACCCGACAGCTTTCTATCTCTGTGCCAGTAGTCCTCTGGACAGGGGAGCCTACGAGCAGTACTTCGGGCCG"	"CASSPLDRGAYEQYF"	"ACATCGGCCCAAAAGAACCCGACAGCTTTCTATCTCTGTGCCAGTAGTCCTCTGGACAGGGGAGCCTACGAGCAGTACTTCGGGCCG"	"CASSPLDRGAYEQYF"	"TCRBV19-1*1"	"TCRBD1-1*1"	"TCRBJ2-7*1"	48	53	62	64	5	2	NA	NA	"ACATCGGCCCAAAAGAACCCGACAGCTTTCTATCTCTGTGCCAGTAGTCCTCTGGACAGGGGAGCCTACGAGCAGTACTTCGGGCCG"	FALSE	TRUE	NA	NA	NA	NA
"GGCGTCTGCTGTACCCTCTCAGACATCTGTGTACTTCTGTGCCAGCAGTGAGGACAGGGATGGCCCTACGAGCAGTACTTCGGGCCG"	""	"GGCGTCTGCTGTACCCTCTCAGACATCTGTGTACTTCTGTGCCAGCAGTGAGGACAGGGATGGCCCTACGAGCAGTACTTCGGGCCG"	""	"TCRBV6-4*1"	"TCRBD1-1*1"	"TCRBJ2-7*1"	-1	51	59	64	52	5	NA	NA	"GGCGTCTGCTGTACCCTCTCAGACATCTGTGTACTTCTGTGCCAGCAGTGAGGACAGGGATGGCCCTACGAGCAGTACTTCGGGCCG"	FALSE	FALSE	NA	NA	NA	NA
"TCCACGGAGTCAGGGGACACAGCACTGTATTTCTGTGCCAGCAGCAAAGACGGAGGCCTAGCCAAAAACATTCAGTACTTCGGCGCC"	"CASSKDGGLAKNIQYF"	"TCCACGGAGTCAGGGGACACAGCACTGTATTTCTGTGCCAGCAGCAAAGACGGAGGCCTAGCCAAAAACATTCAGTACTTCGGCGCC"	"CASSKDGGLAKNIQYF"	"TCRBV21-1*1"	"TCRBD2-1*2"	"TCRBJ2-4*1"	49	51	56	59	2	3	NA	NA	"TCCACGGAGTCAGGGGACACAGCACTGTATTTCTGTGCCAGCAGCAAAGACGGAGGCCTAGCCAAAAACATTCAGTACTTCGGCGCC"	FALSE	TRUE	NA	NA	NA	NA
"GCCAGCACCAACCAGACATCTATGTACCTCTGTGCCAGCAGTCTCCCACTTCTACAGGGGAAGAACACTGAAGCTTTCTTTGGACAA"	"CASSLPLLQGKNTEAFF"	"GCCAGCACCAACCAGACATCTATGTACCTCTGTGCCAGCAGTCTCCCACTTCTACAGGGGAAGAACACTGAAGCTTTCTTTGGACAA"	"CASSLPLLQGKNTEAFF"	"TCRBV28-1*1"	"TCRBD1-1*1"	"TCRBJ1-1*1"	42	53	60	62	11	2	NA	NA	"GCCAGCACCAACCAGACATCTATGTACCTCTGTGCCAGCAGTCTCCCACTTCTACAGGGGAAGAACACTGAAGCTTTCTTTGGACAA"	FALSE	TRUE	NA	NA	NA	NA
"ACCTTGGAGCTGGGGGACTCGGCCCTTTATCTTTGCGCCAGCAGCTGGGACACAGGGGGGATATACAATGAGCAGTTCTTCGGGCCA"	"CASSWDTGGIYNEQFF"	"ACCTTGGAGCTGGGGGACTCGGCCCTTTATCTTTGCGCCAGCAGCTGGGACACAGGGGGGATATACAATGAGCAGTTCTTCGGGCCA"	"CASSWDTGGIYNEQFF"	"TCRBV5-1*1"	"TCRBD1-1*1"	"TCRBJ2-1*1"	46	51	59	63	5	4	NA	NA	"ACCTTGGAGCTGGGGGACTCGGCCCTTTATCTTTGCGCCAGCAGCTGGGACACAGGGGGGATATACAATGAGCAGTTCTTCGGGCCA"	FALSE	TRUE	NA	NA	NA	NA
"TCCCTAGAGTCTGCCATCCCCAACCAGACAGCTCTTTACTTCTGTGCCACCAGCAGGACAGGGTACACTGAAGCTTTCTTTGGACAA"	"CATSRTGYTEAFF"	"TCCCTAGAGTCTGCCATCCCCAACCAGACAGCTCTTTACTTCTGTGCCACCAGCAGGACAGGGTACACTGAAGCTTTCTTTGGACAA"	"CATSRTGYTEAFF"	"TCRBV24-1*1"	"TCRBD1-1*1"	"TCRBJ1-1*1"	53	55	63	64	2	1	NA	NA	"TCCCTAGAGTCTGCCATCCCCAACCAGACAGCTCTTTACTTCTGTGCCACCAGCAGGACAGGGTACACTGAAGCTTTCTTTGGACAA"	FALSE	TRUE	NA	NA	NA	NA
"AGCCCCAACCAGACCTCTCTGTACTTCTGTGCCAGCAGTTTTCGCGGGGTCTTTGGGGGAGGTCAATACGAGCAGTACTTCGGGCCG"	"CASSFRGVFGGGQYEQYF"	"AGCCCCAACCAGACCTCTCTGTACTTCTGTGCCAGCAGTTTTCGCGGGGTCTTTGGGGGAGGTCAATACGAGCAGTACTTCGGGCCG"	"CASSFRGVFGGGQYEQYF"	"TCRBV27-1*1"	"TCRBD2-1"	"TCRBJ2-7*1"	41	43	49	66	2	17	NA	NA	"AGCCCCAACCAGACCTCTCTGTACTTCTGTGCCAGCAGTTTTCGCGGGGTCTTTGGGGGAGGTCAATACGAGCAGTACTTCGGGCCG"	FALSE	TRUE	NA	NA	NA	NA
"AGGCTGGAGTTGGCTGCTCCCTCCCAGACATCTGTGTACTTCTGTGCCAGCAGGGCAGGGTCTAATTCACCCCTCCACTTTGGGAAT"	"CASRAGSNSPLHF"	"AGGCTGGAGTTGGCTGCTCCCTCCCAGACATCTGTGTACTTCTGTGCCAGCAGGGCAGGGTCTAATTCACCCCTCCACTTTGGGAAT"	"CASRAGSNSPLHF"	"TCRBV6-6"	"TCRBD1-1*1"	"TCRBJ1-6*1"	53	55	60	62	2	2	NA	NA	"AGGCTGGAGTTGGCTGCTCCCTCCCAGACATCTGTGTACTTCTGTGCCAGCAGGGCAGGGTCTAATTCACCCCTCCACTTTGGGAAT"	FALSE	TRUE	NA	NA	NA	NA
"TCGCCCAGCCCCAACCAGACCTCTCTGTACTTCTGTGCCAGCAGTTCCCGGGACAGGGGGCCGGGCACTGAAGCTTTCTTTGGACAA"	"CASSSRDRGPGTEAFF"	"TCGCCCAGCCCCAACCAGACCTCTCTGTACTTCTGTGCCAGCAGTTCCCGGGACAGGGGGCCGGGCACTGAAGCTTTCTTTGGACAA"	"CASSSRDRGPGTEAFF"	"TCRBV27-1*1"	"TCRBD1-1*1"	"TCRBJ1-1*1"	46	49	61	65	3	4	NA	NA	"TCGCCCAGCCCCAACCAGACCTCTCTGTACTTCTGTGCCAGCAGTTCCCGGGACAGGGGGCCGGGCACTGAAGCTTTCTTTGGACAA"	FALSE	TRUE	NA	NA	NA	NA
"ACGATCCAGCGCACAGAGCAGGAGGACTCCGCCGTGTATCTCTGTGCCAGCAGCTTGACAGGGAATCCTGAAGCTTTCTTTGGACAA"	"CASSLTGNPEAFF"	"ACGATCCAGCGCACAGAGCAGGAGGACTCCGCCGTGTATCTCTGTGCCAGCAGCTTGACAGGGAATCCTGAAGCTTTCTTTGGACAA"	"CASSLTGNPEAFF"	"TCRBV7-8*1"	"TCRBD1-1*1"	"TCRBJ1-1*1"	-1	56	63	67	57	4	NA	NA	"ACGATCCAGCGCACAGAGCAGGAGGACTCCGCCGTGTATCTCTGTGCCAGCAGCTTGACAGGGAATCCTGAAGCTTTCTTTGGACAA"	FALSE	TRUE	NA	NA	NA	NA
"AGCACCTTGGAGCTGGGGGACTCGGCCCTTTATCTTTGCGCCAGCAGCTCCTACAGGGGGCTGGCCACTGAAGCTTTCTTTGGACAA"	"CASSSYRGLATEAFF"	"AGCACCTTGGAGCTGGGGGACTCGGCCCTTTATCTTTGCGCCAGCAGCTCCTACAGGGGGCTGGCCACTGAAGCTTTCTTTGGACAA"	"CASSSYRGLATEAFF"	"TCRBV5-1*1"	"TCRBD1-1*1"	"TCRBJ1-1*1"	49	52	61	65	3	4	NA	NA	"AGCACCTTGGAGCTGGGGGACTCGGCCCTTTATCTTTGCGCCAGCAGCTCCTACAGGGGGCTGGCCACTGAAGCTTTCTTTGGACAA"	FALSE	TRUE	NA	NA	NA	NA
"TGTCCTCAGAACCGGGAGACACGGCACTGTATCTCTGCGCCAGCAGTGGGATTGGGACTAGCATAAAATGAGCAGTTCTTCGGGCCA"	""	"TGTCCTCAGAACCGGGAGACACGGCACTGTATCTCTGCGCCAGCAGTGGGATTGGGACTAGCATAAAATGAGCAGTTCTTCGGGCCA"	""	"TCRBV23-1*1"	"TCRBD2-1"	"TCRBJ2-1*1"	47	53	62	66	6	4	NA	NA	"TGTCCTCAGAACCGGGAGACACGGCACTGTATCTCTGCGCCAGCAGTGGGATTGGGACTAGCATAAAATGAGCAGTTCTTCGGGCCA"	FALSE	FALSE	NA	NA	NA	NA
"TCTGCCATCCCCAACCAGACAGCTCTTTACTTCTGTGCCACCAGTGATGGGGTGGCACTTACCTACAATGAGCAGTTCTTCGGGCCA"	"CATSDGVALTYNEQFF"	"TCTGCCATCCCCAACCAGACAGCTCTTTACTTCTGTGCCACCAGTGATGGGGTGGCACTTACCTACAATGAGCAGTTCTTCGGGCCA"	"CATSDGVALTYNEQFF"	"TCRBV24-1*1"	NA	"TCRBJ2-1*1"	-1	48	52	61	49	9	NA	NA	"TCTGCCATCCCCAACCAGACAGCTCTTTACTTCTGTGCCACCAGTGATGGGGTGGCACTTACCTACAATGAGCAGTTCTTCGGGCCA"	FALSE	TRUE	NA	NA	NA	NA
"CTGCAGCAAGAAGACTCAGCTGCGTATCTCTGCACCAGCAGCCAAGATGGGGGTCGGGATAGCTCCTACGAGCAGTACTTCGGGCCG"	"CTSSQDGGRDSSYEQYF"	"CTGCAGCAAGAAGACTCAGCTGCGTATCTCTGCACCAGCAGCCAAGATGGGGGTCGGGATAGCTCCTACGAGCAGTACTTCGGGCCG"	"CTSSQDGGRDSSYEQYF"	"TCRBV1-1*1"	NA	"TCRBJ2-7*1"	47	48	53	62	1	9	NA	NA	"CTGCAGCAAGAAGACTCAGCTGCGTATCTCTGCACCAGCAGCCAAGATGGGGGTCGGGATAGCTCCTACGAGCAGTACTTCGGGCCG"	FALSE	TRUE	NA	NA	NA	NA
"NTGAAGATCCAGCCCTCAGAACCCAGGGACTCAGCTGTGTACTTCTGTGCCAGCAGTTTTTCAGTTACTGAAGCTTTCTTTGGACAA"	"CASSFSVTEAFF"	"NTGAAGATCCAGCCCTCAGAACCCAGGGACTCAGCTGTGTACTTCTGTGCCAGCAGTTTTTCAGTTACTGAAGCTTTCTTTGGACAA"	"CASSFSVTEAFF"	"TCRBV12-3/12-4*1"	"TCRBD1-1*1"	"TCRBJ1-1*1"	59	61	64	66	2	2	NA	NA	"NTGAAGATCCAGCCCTCAGAACCCAGGGACTCAGCTGTGTACTTCTGTGCCAGCAGTTTTTCAGTTACTGAAGCTTTCTTTGGACAA"	FALSE	TRUE	NA	NA	NA	NA
"CACCTACACGCCCTGCAGCCAGAAGACTCAGCCCTGTATCTCTGCGCCAGCAGCCCCGTGCTGGATAACGAGCAGTACTTCGGGCCG"	"CASSPVLDNEQYF"	"CACCTACACGCCCTGCAGCCAGAAGACTCAGCCCTGTATCTCTGCGCCAGCAGCCCCGTGCTGGATAACGAGCAGTACTTCGGGCCG"	"CASSPVLDNEQYF"	"TCRBV4-1*1"	NA	"TCRBJ2-7*1"	55	62	65	67	7	2	NA	NA	"CACCTACACGCCCTGCAGCCAGAAGACTCAGCCCTGTATCTCTGCGCCAGCAGCCCCGTGCTGGATAACGAGCAGTACTTCGGGCCG"	FALSE	TRUE	NA	NA	NA	NA
"NNNNNAGCCTGGCAATCCTGTCCTCAGAACCGGGAGACACGGCACTGTATCTCTGCGCCAGCAGTCAATCCGAGTCCCTTCGGGCCG"	""	"NNNNNAGCCTGGCAATCCTGTCCTCAGAACCGGGAGACACGGCACTGTATCTCTGCGCCAGCAGTCAATCCGAGTCCCTTCGGGCCG"	""	"TCRBV23-1*1"	"TCRBD2-1*2"	"TCRBJ2-7*1"	70	71	74	77	1	3	NA	NA	"NNNNNAGCCTGGCAATCCTGTCCTCAGAACCGGGAGACACGGCACTGTATCTCTGCGCCAGCAGTCAATCCGAGTCCCTTCGGGCCG"	FALSE	FALSE	NA	NA	NA	NA
"TTGGAGATCCAGCGCACAGAGCAGGGGGACTCGGCCATGTATCTCTGTGCCAGCAGCCTAGGTGGCAATGAGCAGTTCTTCGGGCCA"	"CASSLGGNEQFF"	"TTGGAGATCCAGCGCACAGAGCAGGGGGACTCGGCCATGTATCTCTGTGCCAGCAGCCTAGGTGGCAATGAGCAGTTCTTCGGGCCA"	"CASSLGGNEQFF"	"TCRBV7-9*1"	NA	"TCRBJ2-1*1"	61	63	-1	65	2	66	NA	NA	"TTGGAGATCCAGCGCACAGAGCAGGGGGACTCGGCCATGTATCTCTGTGCCAGCAGCCTAGGTGGCAATGAGCAGTTCTTCGGGCCA"	FALSE	TRUE	NA	NA	NA	NA
"GAGTCGCCCAGCCCCAACCAGACCTCTCTGTACTTCTGTGCCAGCAGTTATTCGGGAACGAACACCGGGGAGCTGTTTTTTGGAGAA"	"CASSYSGTNTGELFF"	"GAGTCGCCCAGCCCCAACCAGACCTCTCTGTACTTCTGTGCCAGCAGTTATTCGGGAACGAACACCGGGGAGCTGTTTTTTGGAGAA"	"CASSYSGTNTGELFF"	"TCRBV27-1*1"	"TCRBD2-1*2"	"TCRBJ2-2*1"	49	52	57	58	3	1	NA	NA	"GAGTCGCCCAGCCCCAACCAGACCTCTCTGTACTTCTGTGCCAGCAGTTATTCGGGAACGAACACCGGGGAGCTGTTTTTTGGAGAA"	FALSE	TRUE	NA	NA	NA	NA
"CTGATTCTGGAGTCCGCCAGCACCAACCAGACATCTATGTACCTCTGTGCCAGCAGTCGAGATGGAAACACCATATATTTTGGAGAG"	"CASSRDGNTIYF"	"CTGATTCTGGAGTCCGCCAGCACCAACCAGACATCTATGTACCTCTGTGCCAGCAGTCGAGATGGAAACACCATATATTTTGGAGAG"	"CASSRDGNTIYF"	"TCRBV28-1*1"	"TCRBD2-1*2"	"TCRBJ1-3*1"	57	58	61	62	1	1	NA	NA	"CTGATTCTGGAGTCCGCCAGCACCAACCAGACATCTATGTACCTCTGTGCCAGCAGTCGAGATGGAAACACCATATATTTTGGAGAG"	FALSE	TRUE	NA	NA	NA	NA
"CAGCGCACAGAGCAGGGGGACTCGGCCATGTATCTCTGTGCCAGCAGCAACCAGGACCCTTGGGCAAACATTCAGTACTTCGGCGCC"	"CASSNQDPWANIQYF"	"CAGCGCACAGAGCAGGGGGACTCGGCCATGTATCTCTGTGCCAGCAGCAACCAGGACCCTTGGGCAAACATTCAGTACTTCGGCGCC"	"CASSNQDPWANIQYF"	"TCRBV7-9*1"	NA	"TCRBJ2-4*1"	48	53	57	65	5	8	NA	NA	"CAGCGCACAGAGCAGGGGGACTCGGCCATGTATCTCTGTGCCAGCAGCAACCAGGACCCTTGGGCAAACATTCAGTACTTCGGCGCC"	FALSE	TRUE	NA	NA	NA	NA
"CCTGCAGAGCTTGAGGACTCGGCCGTGTATCTCTGTGCCAGCAGCTTGAGGGCGGGCTGGGTCTACAATGAGCAGTTCTTCGGGCCA"	"CASSLRAGWVYNEQFF"	"CCTGCAGAGCTTGAGGACTCGGCCGTGTATCTCTGTGCCAGCAGCTTGAGGGCGGGCTGGGTCTACAATGAGCAGTTCTTCGGGCCA"	"CASSLRAGWVYNEQFF"	NA	"TCRBD2-1"	"TCRBJ2-1*1"	47	51	56	62	4	6	NA	NA	"CCTGCAGAGCTTGAGGACTCGGCCGTGTATCTCTGTGCCAGCAGCTTGAGGGCGGGCTGGGTCTACAATGAGCAGTTCTTCGGGCCA"	FALSE	TRUE	NA	NA	NA	NA
"CTGGAGTCCGCCAGCACCAACCAGACATCTATGTACCTCTGTGCCAGCAGTCCTACAGGGGTGGCCTACGAGCAGTACTTCGGGCCG"	"CASSPTGVAYEQYF"	"CTGGAGTCCGCCAGCACCAACCAGACATCTATGTACCTCTGTGCCAGCAGTCCTACAGGGGTGGCCTACGAGCAGTACTTCGGGCCG"	"CASSPTGVAYEQYF"	"TCRBV28-1*1"	"TCRBD1-1*1"	"TCRBJ2-7*1"	51	54	61	64	3	3	NA	NA	"CTGGAGTCCGCCAGCACCAACCAGACATCTATGTACCTCTGTGCCAGCAGTCCTACAGGGGTGGCCTACGAGCAGTACTTCGGGCCG"	FALSE	TRUE	NA	NA	NA	NA
"CAGCGCACACAGCAGGAGGACTCCGCCGTGTATCTCTGTGCCAGCAGCCGAACAGGGGTAGGGGCCAACGTCCTGACTTTCGGGGCC"	"CASSRTGVGANVLTF"	"CAGCGCACACAGCAGGAGGACTCCGCCGTGTATCTCTGTGCCAGCAGCCGAACAGGGGTAGGGGCCAACGTCCTGACTTTCGGGGCC"	"CASSRTGVGANVLTF"	"TCRBV7-8*3"	"TCRBD1-1*1"	"TCRBJ2-6*1"	-1	51	58	60	52	2	NA	NA	"CAGCGCACACAGCAGGAGGACTCCGCCGTGTATCTCTGTGCCAGCAGCCGAACAGGGGTAGGGGCCAACGTCCTGACTTTCGGGGCC"	FALSE	TRUE	NA	NA	NA	NA
"TCCACGGAGTCAGGGGACACAGCACTGTATTTCTGTGCCAGCAGCAACCGGGACGCCCGGACGACAGATACGCAGTATTTTGGCCCA"	"CASSNRDARTTDTQYF"	"TCCACGGAGTCAGGGGACACAGCACTGTATTTCTGTGCCAGCAGCAACCGGGACGCCCGGACGACAGATACGCAGTATTTTGGCCCA"	"CASSNRDARTTDTQYF"	"TCRBV21-1*1"	NA	"TCRBJ2-3*1"	47	49	54	63	2	9	NA	NA	"TCCACGGAGTCAGGGGACACAGCACTGTATTTCTGTGCCAGCAGCAACCGGGACGCCCGGACGACAGATACGCAGTATTTTGGCCCA"	FALSE	TRUE	NA	NA	NA	NA
"CAGCCCTCAGAACCCAGGGACTCAGCTGTGTATTTTTGTGCTAGTGCTGTTAGCAGTTTGAACACCGGGGAGCTGTTTTTTGGAGAA"	"CASAVSSLNTGELFF"	"CAGCCCTCAGAACCCAGGGACTCAGCTGTGTATTTTTGTGCTAGTGCTGTTAGCAGTTTGAACACCGGGGAGCTGTTTTTTGGAGAA"	"CASAVSSLNTGELFF"	"TCRBV12-5*1"	"TCRBD2-1"	"TCRBJ2-2*1"	46	50	54	59	4	5	NA	NA	"CAGCCCTCAGAACCCAGGGACTCAGCTGTGTATTTTTGTGCTAGTGCTGTTAGCAGTTTGAACACCGGGGAGCTGTTTTTTGGAGAA"	FALSE	TRUE	NA	NA	NA	NA
"CCGCCAGCACCAACCAGACATCTATGTACCTCTGTGCCAGCAGTTTACCCCTAAGCGGGAGGGCCCAGTGAGCAGTTCTTCGGGCCA"	""	"CCGCCAGCACCAACCAGACATCTATGTACCTCTGTGCCAGCAGTTTACCCCTAAGCGGGAGGGCCCAGTGAGCAGTTCTTCGGGCCA"	""	"TCRBV28-1*1"	"TCRBD2-1*2"	"TCRBJ2-1*1"	47	53	63	68	6	5	NA	NA	"CCGCCAGCACCAACCAGACATCTATGTACCTCTGTGCCAGCAGTTTACCCCTAAGCGGGAGGGCCCAGTGAGCAGTTCTTCGGGCCA"	FALSE	FALSE	NA	NA	NA	NA
"GAGTCCGCTACCAGCTCCCAGACATCTGTGTACTTCTGTGCCATCAGTGTCGACTCCCAAGTCCAAGAGACCCAGTACTTCGGGCCA"	"CAISVDSQVQETQYF"	"GAGTCCGCTACCAGCTCCCAGACATCTGTGTACTTCTGTGCCATCAGTGTCGACTCCCAAGTCCAAGAGACCCAGTACTTCGGGCCA"	"CAISVDSQVQETQYF"	"TCRBV1-3*1"	"TCRBD2-1"	"TCRBJ2-5*1"	49	51	55	62	2	7	NA	NA	"GAGTCCGCTACCAGCTCCCAGACATCTGTGTACTTCTGTGCCATCAGTGTCGACTCCCAAGTCCAAGAGACCCAGTACTTCGGGCCA"	FALSE	TRUE	NA	NA	NA	NA
"GAGTCTGCTGCCTCCTCCCAGACATCTGTATATTTCTGCGCCAGCAGTGAATCAGATCGGCCATCAGATACGCAGTATTTTGGCCCA"	"CASSESDRPSDTQYF"	"GAGTCTGCTGCCTCCTCCCAGACATCTGTATATTTCTGCGCCAGCAGTGAATCAGATCGGCCATCAGATACGCAGTATTTTGGCCCA"	"CASSESDRPSDTQYF"	"TCRBV1-1*1"	NA	"TCRBJ2-3*1"	50	52	55	64	2	9	NA	NA	"GAGTCTGCTGCCTCCTCCCAGACATCTGTATATTTCTGCGCCAGCAGTGAATCAGATCGGCCATCAGATACGCAGTATTTTGGCCCA"	FALSE	TRUE	NA	NA	NA	NA
"GGCGTCTGCTGTACCCTCTCAGACATCTGTGTACTTCTGTGCCAGCAGTGACTCTCATGTCCAACCTACGAGCAGTACTTCGGGCCG"	""	"GGCGTCTGCTGTACCCTCTCAGACATCTGTGTACTTCTGTGCCAGCAGTGACTCTCATGTCCAACCTACGAGCAGTACTTCGGGCCG"	""	"TCRBV6-4*1"	"TCRBD1-1*1"	"TCRBJ2-7*1"	54	55	57	64	1	7	NA	NA	"GGCGTCTGCTGTACCCTCTCAGACATCTGTGTACTTCTGTGCCAGCAGTGACTCTCATGTCCAACCTACGAGCAGTACTTCGGGCCG"	FALSE	FALSE	NA	NA	NA	NA
"CAGCGCACAGAGCAGGGGGACTCGGCCATGTATCTCTGTGCCAGCAGGCTACTAGCGGGAGGGGAGGATACGCAGTATTTTGGCCCA"	"CASRLLAGGEDTQYF"	"CAGCGCACAGAGCAGGGGGACTCGGCCATGTATCTCTGTGCCAGCAGGCTACTAGCGGGAGGGGAGGATACGCAGTATTTTGGCCCA"	"CASRLLAGGEDTQYF"	"TCRBV7-9*1"	"TCRBD2-1*2"	"TCRBJ2-3*1"	47	50	63	66	3	3	NA	NA	"CAGCGCACAGAGCAGGGGGACTCGGCCATGTATCTCTGTGCCAGCAGGCTACTAGCGGGAGGGGAGGATACGCAGTATTTTGGCCCA"	FALSE	TRUE	NA	NA	NA	NA
"GCTTGAGGACTCGGCCGTGTATCTCTGTGCCAGCAGCTACCGACTAGCGGGCCGGGCACTAGCACAGATACGCAGTATTTTGGCCCA"	""	"GCTTGAGGACTCGGCCGTGTATCTCTGTGCCAGCAGCTACCGACTAGCGGGCCGGGCACTAGCACAGATACGCAGTATTTTGGCCCA"	""	"TCRBV11-2"	"TCRBD2-1"	"TCRBJ2-3*1"	38	41	51	60	3	9	NA	NA	"GCTTGAGGACTCGGCCGTGTATCTCTGTGCCAGCAGCTACCGACTAGCGGGCCGGGCACTAGCACAGATACGCAGTATTTTGGCCCA"	FALSE	FALSE	NA	NA	NA	NA
"CCCTCAGAACCCAGGGACTCAGCTGTGTACTTCTGTGCCAGCAGTTTAGGTACGGGAGCTAGCACAGATACGCAGTATTTTGGCCCA"	"CASSLGTGASTDTQYF"	"CCCTCAGAACCCAGGGACTCAGCTGTGTACTTCTGTGCCAGCAGTTTAGGTACGGGAGCTAGCACAGATACGCAGTATTTTGGCCCA"	"CASSLGTGASTDTQYF"	NA	"TCRBD2-1*2"	"TCRBJ2-3*1"	49	52	58	60	3	2	NA	NA	"CCCTCAGAACCCAGGGACTCAGCTGTGTACTTCTGTGCCAGCAGTTTAGGTACGGGAGCTAGCACAGATACGCAGTATTTTGGCCCA"	FALSE	TRUE	NA	NA	NA	NA
"TGCCTCCTCCCAGACATCTGTATATTTCTGCGCCAGCAGTGAGACAACGCCGGATCCCCTGCCAACTATGGCTACACCTTCGGTTCG"	""	"TGCCTCCTCCCAGACATCTGTATATTTCTGCGCCAGCAGTGAGACAACGCCGGATCCCCTGCCAACTATGGCTACACCTTCGGTTCG"	""	"TCRBV1-1"	NA	"TCRBJ1-2*1"	43	51	54	63	8	9	NA	NA	"TGCCTCCTCCCAGACATCTGTATATTTCTGCGCCAGCAGTGAGACAACGCCGGATCCCCTGCCAACTATGGCTACACCTTCGGTTCG"	FALSE	FALSE	NA	NA	NA	NA
"CTGGAGTCTGCCAGGCCCTCACATACCTCTCAGTACCTCTGTGCCAGCAGTGAATGGGGCATGCGGGGCGGCTACACCTTCGGTTCG"	"CASSEWGMRGGYTF"	"CTGGAGTCTGCCAGGCCCTCACATACCTCTCAGTACCTCTGTGCCAGCAGTGAATGGGGCATGCGGGGCGGCTACACCTTCGGTTCG"	"CASSEWGMRGGYTF"	"TCRBV25-1*1"	"TCRBD2-1*1"	"TCRBJ1-2*1"	55	62	68	69	7	1	NA	NA	"CTGGAGTCTGCCAGGCCCTCACATACCTCTCAGTACCTCTGTGCCAGCAGTGAATGGGGCATGCGGGGCGGCTACACCTTCGGTTCG"	FALSE	TRUE	NA	NA	NA	NA
"TTGGAGATCCAGTCCACGGAGTCAGGGGACACAGCACTGTATTTCTGTGCCAGCAGCAACCCCGGGACAGAGCAGTTCTTCGGGCCA"	"CASSNPGTEQFF"	"TTGGAGATCCAGTCCACGGAGTCAGGGGACACAGCACTGTATTTCTGTGCCAGCAGCAACCCCGGGACAGAGCAGTTCTTCGGGCCA"	"CASSNPGTEQFF"	"TCRBV21-1*1"	"TCRBD1-1*1"	"TCRBJ2-1*1"	59	63	-1	69	4	70	NA	NA	"TTGGAGATCCAGTCCACGGAGTCAGGGGACACAGCACTGTATTTCTGTGCCAGCAGCAACCCCGGGACAGAGCAGTTCTTCGGGCCA"	FALSE	TRUE	NA	NA	NA	NA
"TCGGCCCAAAAGAACCCGACAGCTTTCTATCTCTGTGCCAGTAGTATCGGTCTGCTGGGAGGCACAGATACGCAGTATTTTGGCCCA"	"CASSIGLLGGTDTQYF"	"TCGGCCCAAAAGAACCCGACAGCTTTCTATCTCTGTGCCAGTAGTATCGGTCTGCTGGGAGGCACAGATACGCAGTATTTTGGCCCA"	"CASSIGLLGGTDTQYF"	"TCRBV19-1*1"	"TCRBD2-1*2"	"TCRBJ2-3*1"	47	56	-1	61	9	62	NA	NA	"TCGGCCCAAAAGAACCCGACAGCTTTCTATCTCTGTGCCAGTAGTATCGGTCTGCTGGGAGGCACAGATACGCAGTATTTTGGCCCA"	FALSE	TRUE	NA	NA	NA	NA
"AACGCCTTGGAGCTGGACGACTCGGCCCTGTATCTCTGTGCCAGCAGTCTGGGACCTACCTTGGCAGATACGCAGTATTTTGGCCCA"	"CASSLGPTLADTQYF"	"AACGCCTTGGAGCTGGACGACTCGGCCCTGTATCTCTGTGCCAGCAGTCTGGGACCTACCTTGGCAGATACGCAGTATTTTGGCCCA"	"CASSLGPTLADTQYF"	"TCRBV5-4*1"	NA	"TCRBJ2-3*1"	47	50	55	64	3	9	NA	NA	"AACGCCTTGGAGCTGGACGACTCGGCCCTGTATCTCTGTGCCAGCAGTCTGGGACCTACCTTGGCAGATACGCAGTATTTTGGCCCA"	FALSE	TRUE	NA	NA	NA	NA
"CTGAAGATCCAGCGCACACAGCAGGAGGACTCCGCCGTGTATCTCTGTGCCAGCAGCGCAACAGGTTACGAGCAGTACTTCGGGCCG"	"CASSATGYEQYF"	"CTGAAGATCCAGCGCACACAGCAGGAGGACTCCGCCGTGTATCTCTGTGCCAGCAGCGCAACAGGTTACGAGCAGTACTTCGGGCCG"	"CASSATGYEQYF"	"TCRBV7-8"	"TCRBD1-1*1"	"TCRBJ2-7*1"	57	60	65	66	3	1	NA	NA	"CTGAAGATCCAGCGCACACAGCAGGAGGACTCCGCCGTGTATCTCTGTGCCAGCAGCGCAACAGGTTACGAGCAGTACTTCGGGCCG"	FALSE	TRUE	NA	NA	NA	NA
"GTGAGCAACATGAGCCCTGAAGACAGCAGCATATATCTCTGCAGCGTTGAAATGGCAGGGGGGGACAATGAGCAGTTCTTCGGGCCA"	"CSVEMAGGDNEQFF"	"GTGAGCAACATGAGCCCTGAAGACAGCAGCATATATCTCTGCAGCGTTGAAATGGCAGGGGGGGACAATGAGCAGTTCTTCGGGCCA"	"CSVEMAGGDNEQFF"	"TCRBV29-1"	NA	"TCRBJ2-1*1"	51	55	62	64	4	2	NA	NA	"GTGAGCAACATGAGCCCTGAAGACAGCAGCATATATCTCTGCAGCGTTGAAATGGCAGGGGGGGACAATGAGCAGTTCTTCGGGCCA"	FALSE	TRUE	NA	NA	NA	NA
"CTGAGTTCTAAGAAGCTCCTTCTCAGTGACTCTGGCTTCTATCTCTGTGCCTGGGAGGGACAGGGTAACGGCTACACCTTCGGTTCG"	"CAWEGQGNGYTF"	"CTGAGTTCTAAGAAGCTCCTTCTCAGTGACTCTGGCTTCTATCTCTGTGCCTGGGAGGGACAGGGTAACGGCTACACCTTCGGTTCG"	"CAWEGQGNGYTF"	"TCRBV3-1*5"	"TCRBD1-1*1"	"TCRBJ1-2*1"	55	56	65	69	1	4	NA	NA	"CTGAGTTCTAAGAAGCTCCTTCTCAGTGACTCTGGCTTCTATCTCTGTGCCTGGGAGGGACAGGGTAACGGCTACACCTTCGGTTCG"	FALSE	TRUE	NA	NA	NA	NA
"GCGCACAGAGCAGGGGGACTCAGCTGTGTATCTCTGTGCCAGCAGCCGGGGACAGACCCTAGCACAGATACGCAGTATTTTGGCCCA"	""	"GCGCACAGAGCAGGGGGACTCAGCTGTGTATCTCTGTGCCAGCAGCCGGGGACAGACCCTAGCACAGATACGCAGTATTTTGGCCCA"	""	"TCRBV7-4*1"	"TCRBD1-1*1"	"TCRBJ2-3*1"	46	48	55	60	2	5	NA	NA	"GCGCACAGAGCAGGGGGACTCAGCTGTGTATCTCTGTGCCAGCAGCCGGGGACAGACCCTAGCACAGATACGCAGTATTTTGGCCCA"	FALSE	FALSE	NA	NA	NA	NA
"CAGCCCTCAGAACCCAGGGACTCAGCTGTGTACTTCTGTGCCAGCAGAAATGACAGATTCTTTAACACTGAAGCTTTCTTTGGACAA"	"CASRNDRFFNTEAFF"	"CAGCCCTCAGAACCCAGGGACTCAGCTGTGTACTTCTGTGCCAGCAGAAATGACAGATTCTTTAACACTGAAGCTTTCTTTGGACAA"	"CASRNDRFFNTEAFF"	NA	"TCRBD1-1*1"	"TCRBJ1-1*1"	47	51	56	63	4	7	NA	NA	"CAGCCCTCAGAACCCAGGGACTCAGCTGTGTACTTCTGTGCCAGCAGAAATGACAGATTCTTTAACACTGAAGCTTTCTTTGGACAA"	FALSE	TRUE	NA	NA	NA	NA
"AAGGTGCAGCCTGCAGAACTGGAGGATTCTGGAGTTTATTTCTGTGCCAGCAGCCAAGGGCTGAATCAGCCCCAGCATTTTGGTGAT"	"CASSQGLNQPQHF"	"AAGGTGCAGCCTGCAGAACTGGAGGATTCTGGAGTTTATTTCTGTGCCAGCAGCCAAGGGCTGAATCAGCCCCAGCATTTTGGTGAT"	"CASSQGLNQPQHF"	"TCRBV14-1*1"	"TCRBD1-1*1"	"TCRBJ1-5*1"	-1	58	61	63	59	2	NA	NA	"AAGGTGCAGCCTGCAGAACTGGAGGATTCTGGAGTTTATTTCTGTGCCAGCAGCCAAGGGCTGAATCAGCCCCAGCATTTTGGTGAT"	FALSE	TRUE	NA	NA	NA	NA
"CAGCCCTCAGAACCCAGGGACTCAGCTGTGTACTTCTGTGCCAGCACCAGGGGGGGTTCGGTTTCCTACGAGCAGTACTTCGGGCCG"	"CASTRGGSVSYEQYF"	"CAGCCCTCAGAACCCAGGGACTCAGCTGTGTACTTCTGTGCCAGCACCAGGGGGGGTTCGGTTTCCTACGAGCAGTACTTCGGGCCG"	"CASTRGGSVSYEQYF"	NA	NA	"TCRBJ2-7*1"	46	47	54	63	1	9	NA	NA	"CAGCCCTCAGAACCCAGGGACTCAGCTGTGTACTTCTGTGCCAGCACCAGGGGGGGTTCGGTTTCCTACGAGCAGTACTTCGGGCCG"	FALSE	TRUE	NA	NA	NA	NA
"GAGTCAGCTACCCGCTCCCAGACATCTGTGTATTTCTGCGCCAGCAGCGTCGGACTAGGGACTCAAGAGACCCAGTACTTCGGGCCA"	"CASSVGLGTQETQYF"	"GAGTCAGCTACCCGCTCCCAGACATCTGTGTATTTCTGCGCCAGCAGCGTCGGACTAGGGACTCAAGAGACCCAGTACTTCGGGCCA"	"CASSVGLGTQETQYF"	"TCRBV1-2*1"	"TCRBD2-1"	"TCRBJ2-5*1"	47	51	58	63	4	5	NA	NA	"GAGTCAGCTACCCGCTCCCAGACATCTGTGTATTTCTGCGCCAGCAGCGTCGGACTAGGGACTCAAGAGACCCAGTACTTCGGGCCA"	FALSE	TRUE	NA	NA	NA	NA
"CTGGAGTCAGCTACCCGCTCCCAGACATCTGTGTATTTCTGCGCCACCACTCCCACTAGAACTAACAATGAGCAGTTCTTCGGGCCA"	"CATTPTRTNNEQFF"	"CTGGAGTCAGCTACCCGCTCCCAGACATCTGTGTATTTCTGCGCCACCACTCCCACTAGAACTAACAATGAGCAGTTCTTCGGGCCA"	"CATTPTRTNNEQFF"	"TCRBV1-2*1"	"TCRBD2-1"	"TCRBJ2-1*1"	46	54	59	64	8	5	NA	NA	"CTGGAGTCAGCTACCCGCTCCCAGACATCTGTGTATTTCTGCGCCACCACTCCCACTAGAACTAACAATGAGCAGTTCTTCGGGCCA"	FALSE	TRUE	NA	NA	NA	NA
"CGCTCACCAGGCCTGGGGGACGCAGCCATGTACCTGTGTGCCACCAGCAGAGGGTTCCGGGAAGGAGTGACCCAGTACTTCGGGCCA"	"CATSRGFREGVTQYF"	"CGCTCACCAGGCCTGGGGGACGCAGCCATGTACCTGTGTGCCACCAGCAGAGGGTTCCGGGAAGGAGTGACCCAGTACTTCGGGCCA"	"CATSRGFREGVTQYF"	"TCRBV15-1*2"	"TCRBD2-1*2"	"TCRBJ2-5*1"	52	57	62	68	5	6	NA	NA	"CGCTCACCAGGCCTGGGGGACGCAGCCATGTACCTGTGTGCCACCAGCAGAGGGTTCCGGGAAGGAGTGACCCAGTACTTCGGGCCA"	FALSE	TRUE	NA	NA	NA	NA
"CTCTCTGGAGCTGGGGGACTCAGCTTTGTATTTCTGTGCCAGCAGCGCAGTGACTAGCGGGACACCAATGAGCAGTTCTTCGGGCCA"	""	"CTCTCTGGAGCTGGGGGACTCAGCTTTGTATTTCTGTGCCAGCAGCGCAGTGACTAGCGGGACACCAATGAGCAGTTCTTCGGGCCA"	""	"TCRBV9-1*1"	"TCRBD2-1*2"	"TCRBJ2-1*1"	47	51	62	65	4	3	NA	NA	"CTCTCTGGAGCTGGGGGACTCAGCTTTGTATTTCTGTGCCAGCAGCGCAGTGACTAGCGGGACACCAATGAGCAGTTCTTCGGGCCA"	FALSE	FALSE	NA	NA	NA	NA
"ATCCAGCGCACACAGCAGGAGGACTCCGCCGTGTATCTCTGTGCCAGCAGCCCCCGGGACAGGGTCCGGGAGCTGTTTTTTGGAGAA"	"CASSPRDRVRELFF"	"ATCCAGCGCACACAGCAGGAGGACTCCGCCGTGTATCTCTGTGCCAGCAGCCCCCGGGACAGGGTCCGGGAGCTGTTTTTTGGAGAA"	"CASSPRDRVRELFF"	"TCRBV7-8*3"	"TCRBD1-1*1"	"TCRBJ2-2*1"	52	55	64	67	3	3	NA	NA	"ATCCAGCGCACACAGCAGGAGGACTCCGCCGTGTATCTCTGTGCCAGCAGCCCCCGGGACAGGGTCCGGGAGCTGTTTTTTGGAGAA"	FALSE	TRUE	NA	NA	NA	NA
"ACTCTGACTGTGAGCAACATGAGCCCTGAAGACAGCAGCATATATCTCTGCAGCGTTGAAAATCACCTCGAGCAGTACTTCGGGCCG"	"CSVENHLEQYF"	"ACTCTGACTGTGAGCAACATGAGCCCTGAAGACAGCAGCATATATCTCTGCAGCGTTGAAAATCACCTCGAGCAGTACTTCGGGCCG"	"CSVENHLEQYF"	"TCRBV29-1*1"	NA	"TCRBJ2-7*1"	60	64	66	68	4	2	NA	NA	"ACTCTGACTGTGAGCAACATGAGCCCTGAAGACAGCAGCATATATCTCTGCAGCGTTGAAAATCACCTCGAGCAGTACTTCGGGCCG"	FALSE	TRUE	NA	NA	NA	NA
"TCGGCTGCTCCCTCCCAGACATCTGTGTACTTCTGTGCCAGCAGTGAAGCCCCCGGGACAGGGGGCGATGAGCAGTTCTTCGGGCCA"	"CASSEAPGTGGDEQFF"	"TCGGCTGCTCCCTCCCAGACATCTGTGTACTTCTGTGCCAGCAGTGAAGCCCCCGGGACAGGGGGCGATGAGCAGTTCTTCGGGCCA"	"CASSEAPGTGGDEQFF"	"TCRBV6-1*1"	"TCRBD1-1*1"	"TCRBJ2-1*1"	50	54	66	67	4	1	NA	NA	"TCGGCTGCTCCCTCCCAGACATCTGTGTACTTCTGTGCCAGCAGTGAAGCCCCCGGGACAGGGGGCGATGAGCAGTTCTTCGGGCCA"	FALSE	TRUE	NA	NA	NA	NA
"CAGTCCACGGAGTCAGGGGACACAGCACTGTATTTCTGTGCCAGCAGCAAAGGGACTAGCGGGAACTACGAGCAGTACTTCGGGCCG"	"CASSKGTSGNYEQYF"	"CAGTCCACGGAGTCAGGGGACACAGCACTGTATTTCTGTGCCAGCAGCAAAGGGACTAGCGGGAACTACGAGCAGTACTTCGGGCCG"	"CASSKGTSGNYEQYF"	"TCRBV21-1*1"	"TCRBD2-1*2"	"TCRBJ2-7*1"	-1	52	64	65	53	1	NA	NA	"CAGTCCACGGAGTCAGGGGACACAGCACTGTATTTCTGTGCCAGCAGCAAAGGGACTAGCGGGAACTACGAGCAGTACTTCGGGCCG"	FALSE	TRUE	NA	NA	NA	NA
"GCCTTGTTGCTGGGGGACTCGGCCCTGTATCTCTGTGCCAGCAGCTTCCTAGCGGGAGTAGTACGCAATGAGCAGTTCTTCGGGCCA"	"CASSFLAGVVRNEQFF"	"GCCTTGTTGCTGGGGGACTCGGCCCTGTATCTCTGTGCCAGCAGCTTCCTAGCGGGAGTAGTACGCAATGAGCAGTTCTTCGGGCCA"	"CASSFLAGVVRNEQFF"	"TCRBV5-5*1"	"TCRBD2-1*2"	"TCRBJ2-1*1"	47	48	58	65	1	7	NA	NA	"GCCTTGTTGCTGGGGGACTCGGCCCTGTATCTCTGTGCCAGCAGCTTCCTAGCGGGAGTAGTACGCAATGAGCAGTTCTTCGGGCCA"	FALSE	TRUE	NA	NA	NA	NA
"TCCACGGAGTCAGGGGACACAGCACTGTATTTCTGTGCCAGCAGCAAAGGACTAGCGGTCCCCTACAATGAGCAGTTCTTCGGGCCA"	"CASSKGLAVPYNEQFF"	"TCCACGGAGTCAGGGGACACAGCACTGTATTTCTGTGCCAGCAGCAAAGGACTAGCGGTCCCCTACAATGAGCAGTTCTTCGGGCCA"	"CASSKGLAVPYNEQFF"	"TCRBV21-1*1"	"TCRBD2-1"	"TCRBJ2-1*1"	-1	49	58	61	50	3	NA	NA	"TCCACGGAGTCAGGGGACACAGCACTGTATTTCTGTGCCAGCAGCAAAGGACTAGCGGTCCCCTACAATGAGCAGTTCTTCGGGCCA"	FALSE	TRUE	NA	NA	NA	NA
"TGGAGTCGCCCAGCCCCAACCAGACCTCTCTGTACTTCTGTGCCAGCACTTCACCTCCGGGCAGATTACGAGCAGTACTTCGGGCCG"	""	"TGGAGTCGCCCAGCCCCAACCAGACCTCTCTGTACTTCTGTGCCAGCACTTCACCTCCGGGCAGATTACGAGCAGTACTTCGGGCCG"	""	"TCRBV27-1*1"	NA	"TCRBJ2-7*1"	48	58	62	66	10	4	NA	NA	"TGGAGTCGCCCAGCCCCAACCAGACCTCTCTGTACTTCTGTGCCAGCACTTCACCTCCGGGCAGATTACGAGCAGTACTTCGGGCCG"	FALSE	FALSE	NA	NA	NA	NA
"ACCAGCTCCCAGACATCTGTGTACTTCTGTGCCATCAGCGAATACCTAGAAGGACTAGAGATTCAAGAGACCCAGTACTTCGGGCCA"	"CAISEYLEGLEIQETQYF"	"ACCAGCTCCCAGACATCTGTGTACTTCTGTGCCATCAGCGAATACCTAGAAGGACTAGAGATTCAAGAGACCCAGTACTTCGGGCCA"	"CAISEYLEGLEIQETQYF"	"TCRBV1-3*1"	"TCRBD2-1"	"TCRBJ2-5*1"	38	51	58	63	13	5	NA	NA	"ACCAGCTCCCAGACATCTGTGTACTTCTGTGCCATCAGCGAATACCTAGAAGGACTAGAGATTCAAGAGACCCAGTACTTCGGGCCA"	FALSE	TRUE	NA	NA	NA	NA
"CTGGAGTCCGCCAGCACCAACCAGACATCTATGTACCTCTGTGCCAGCAGTGTACAGGGGCAAAATCAGCCCCAGCATTTTGGTGAT"	"CASSVQGQNQPQHF"	"CTGGAGTCCGCCAGCACCAACCAGACATCTATGTACCTCTGTGCCAGCAGTGTACAGGGGCAAAATCAGCCCCAGCATTTTGGTGAT"	"CASSVQGQNQPQHF"	"TCRBV28-1*1"	"TCRBD1-1*1"	"TCRBJ1-5*1"	51	53	60	63	2	3	NA	NA	"CTGGAGTCCGCCAGCACCAACCAGACATCTATGTACCTCTGTGCCAGCAGTGTACAGGGGCAAAATCAGCCCCAGCATTTTGGTGAT"	FALSE	TRUE	NA	NA	NA	NA
"ATCCAGCCCTCAGAACCCAGGGACTCAGCTGTGTACTTCTGTGCCAGCAGTTTGCGGGACGACTACAATGAGCAGTTCTTCGGGCCA"	"CASSLRDDYNEQFF"	"ATCCAGCCCTCAGAACCCAGGGACTCAGCTGTGTACTTCTGTGCCAGCAGTTTGCGGGACGACTACAATGAGCAGTTCTTCGGGCCA"	"CASSLRDDYNEQFF"	NA	"TCRBD2-1*2"	"TCRBJ2-1*1"	-1	53	59	62	54	3	NA	NA	"ATCCAGCCCTCAGAACCCAGGGACTCAGCTGTGTACTTCTGTGCCAGCAGTTTGCGGGACGACTACAATGAGCAGTTCTTCGGGCCA"	FALSE	TRUE	NA	NA	NA	NA
"NNNNTGTCGGCTGCTCCCTCCCAGACATCTGTGTACTTCTGTGCCAGCAGTTACTCGATGGGTGACGGTGAGCAGTTCTTCGGGCCA"	"CASSYSMGDGEQFF"	"NNNNTGTCGGCTGCTCCCTCCCAGACATCTGTGTACTTCTGTGCCAGCAGTTACTCGATGGGTGACGGTGAGCAGTTCTTCGGGCCA"	"CASSYSMGDGEQFF"	"TCRBV6-5*1"	NA	"TCRBJ2-1*1"	56	59	62	68	3	6	NA	NA	"NNNNTGTCGGCTGCTCCCTCCCAGACATCTGTGTACTTCTGTGCCAGCAGTTACTCGATGGGTGACGGTGAGCAGTTCTTCGGGCCA"	FALSE	TRUE	NA	NA	NA	NA
"CAGCGCACACAGCAGGAGGACTCCGCCGTGTATCTCTGTGCCAGCAGTTTCCCGGGACAGGGATACAATGAGCAGTTCTTCGGGCCA"	"CASSFPGQGYNEQFF"	"CAGCGCACACAGCAGGAGGACTCCGCCGTGTATCTCTGTGCCAGCAGTTTCCCGGGACAGGGATACAATGAGCAGTTCTTCGGGCCA"	"CASSFPGQGYNEQFF"	"TCRBV7-8"	"TCRBD1-1*1"	"TCRBJ2-1*1"	47	53	62	63	6	1	NA	NA	"CAGCGCACACAGCAGGAGGACTCCGCCGTGTATCTCTGTGCCAGCAGTTTCCCGGGACAGGGATACAATGAGCAGTTCTTCGGGCCA"	FALSE	TRUE	NA	NA	NA	NA
"TCCAGTCCACGGAGTCAGGGGACACAGCACTGTATTTCTGTGCCAGCAGCTAGCGGGAGGGAGTGAAATGAGCAGTTCTTCGGGCCA"	""	"TCCAGTCCACGGAGTCAGGGGACACAGCACTGTATTTCTGTGCCAGCAGCTAGCGGGAGGGAGTGAAATGAGCAGTTCTTCGGGCCA"	""	"TCRBV21-1*1"	"TCRBD2-1*2"	"TCRBJ2-1*1"	-1	50	61	66	51	5	NA	NA	"TCCAGTCCACGGAGTCAGGGGACACAGCACTGTATTTCTGTGCCAGCAGCTAGCGGGAGGGAGTGAAATGAGCAGTTCTTCGGGCCA"	FALSE	FALSE	NA	NA	NA	NA
"GACATCCGCTCACCAGGCCTGGGGGACGCAGCCATGTACCTGTGTGCCACCAGCAGAGGTAACCGGGACAGTTCATACTTTGGACAA"	"CATSRGNRDSSYF"	"GACATCCGCTCACCAGGCCTGGGGGACGCAGCCATGTACCTGTGTGCCACCAGCAGAGGTAACCGGGACAGTTCATACTTTGGACAA"	"CATSRGNRDSSYF"	"TCRBV15-1*2"	"TCRBD1-1*1"	"TCRBJ1-1*1"	58	64	71	77	6	6	NA	NA	"GACATCCGCTCACCAGGCCTGGGGGACGCAGCCATGTACCTGTGTGCCACCAGCAGAGGTAACCGGGACAGTTCATACTTTGGACAA"	FALSE	TRUE	NA	NA	NA	NA
"ACCAGTGCCCATCCTGAAGACAGCAGCTTCTACATCTGCAGTGCTAGATCCCTTCGCGGGAGCCCCTACGAGCAGTACTTCGGGCCG"	"CSARSLRGSPYEQYF"	"ACCAGTGCCCATCCTGAAGACAGCAGCTTCTACATCTGCAGTGCTAGATCCCTTCGCGGGAGCCCCTACGAGCAGTACTTCGGGCCG"	"CSARSLRGSPYEQYF"	NA	"TCRBD2-1*2"	"TCRBJ2-7*1"	48	55	62	64	7	2	NA	NA	"ACCAGTGCCCATCCTGAAGACAGCAGCTTCTACATCTGCAGTGCTAGATCCCTTCGCGGGAGCCCCTACGAGCAGTACTTCGGGCCG"	FALSE	TRUE	NA	NA	NA	NA
"TGGAGATCCAGTCCACGGAGTCAGGGGACACAGCACTGTATTTCTGTGCCAGCACGGCAAGGGGAGAGGGAGCAGTACTTCGGGCCG"	""	"TGGAGATCCAGTCCACGGAGTCAGGGGACACAGCACTGTATTTCTGTGCCAGCACGGCAAGGGGAGAGGGAGCAGTACTTCGGGCCG"	""	"TCRBV21-1*1"	NA	"TCRBJ2-7*1"	54	59	64	69	5	5	NA	NA	"TGGAGATCCAGTCCACGGAGTCAGGGGACACAGCACTGTATTTCTGTGCCAGCACGGCAAGGGGAGAGGGAGCAGTACTTCGGGCCG"	FALSE	FALSE	NA	NA	NA	NA
"ACGCCCTGCAGCCAGAAGACTCAGCCCTGTATCTCTGCGCCAGCAGCCAAGTTGGGTTATAGCAATCAGCCCCAGCATTTTGGTGAT"	""	"ACGCCCTGCAGCCAGAAGACTCAGCCCTGTATCTCTGCGCCAGCAGCCAAGTTGGGTTATAGCAATCAGCCCCAGCATTTTGGTGAT"	""	"TCRBV4-1*1"	NA	"TCRBJ1-5*1"	51	53	56	59	2	3	NA	NA	"ACGCCCTGCAGCCAGAAGACTCAGCCCTGTATCTCTGCGCCAGCAGCCAAGTTGGGTTATAGCAATCAGCCCCAGCATTTTGGTGAT"	FALSE	FALSE	NA	NA	NA	NA
"NTGTCGGCTGCTCCCTCCCAGACATCTGTGTACTTCTGTGCCAGCAGTTACACGCGAGGGGGCTCGGTTGAAGCTTTCTTTGGACAA"	"CASSYTRGGSVEAFF"	"NTGTCGGCTGCTCCCTCCCAGACATCTGTGTACTTCTGTGCCAGCAGTTACACGCGAGGGGGCTCGGTTGAAGCTTTCTTTGGACAA"	"CASSYTRGGSVEAFF"	"TCRBV6-5*1"	"TCRBD1-1*1"	"TCRBJ1-1*1"	51	56	63	68	5	5	NA	NA	"NTGTCGGCTGCTCCCTCCCAGACATCTGTGTACTTCTGTGCCAGCAGTTACACGCGAGGGGGCTCGGTTGAAGCTTTCTTTGGACAA"	FALSE	TRUE	NA	NA	NA	NA
"CTGAATGTGAACGCCTTGGAGCTGGACGACTCGGCCCTGTATCTCTGTGCCAGCAGTCTCCTCCAAGAGACCCAGTACTTCGGGCCA"	"CASSLLQETQYF"	"CTGAATGTGAACGCCTTGGAGCTGGACGACTCGGCCCTGTATCTCTGTGCCAGCAGTCTCCTCCAAGAGACCCAGTACTTCGGGCCA"	"CASSLLQETQYF"	"TCRBV5-4*1"	"TCRBD2-1"	"TCRBJ2-5*1"	56	57	59	62	1	3	NA	NA	"CTGAATGTGAACGCCTTGGAGCTGGACGACTCGGCCCTGTATCTCTGTGCCAGCAGTCTCCTCCAAGAGACCCAGTACTTCGGGCCA"	FALSE	TRUE	NA	NA	NA	NA
"TGTGACATCGGCCCAAAAGAACCCGACAGCTTTCTATCTCTGTGCCAGAAACAGGGGATTAGCAATCAGCCCCAGCATTTTGGTGAT"	""	"TGTGACATCGGCCCAAAAGAACCCGACAGCTTTCTATCTCTGTGCCAGAAACAGGGGATTAGCAATCAGCCCCAGCATTTTGGTGAT"	""	"TCRBV19-1*1"	"TCRBD1-1*1"	"TCRBJ1-5*1"	48	50	57	59	2	2	NA	NA	"TGTGACATCGGCCCAAAAGAACCCGACAGCTTTCTATCTCTGTGCCAGAAACAGGGGATTAGCAATCAGCCCCAGCATTTTGGTGAT"	FALSE	FALSE	NA	NA	NA	NA
"CAGCCTGCAGAGCTTGGGGACTCGGCCGTGTATCTCTGTGCCAGCAGCTTAGTTTCTGGGATCACAGATACGCAGTATTTTGGCCCA"	"CASSLVSGITDTQYF"	"CAGCCTGCAGAGCTTGGGGACTCGGCCGTGTATCTCTGTGCCAGCAGCTTAGTTTCTGGGATCACAGATACGCAGTATTTTGGCCCA"	"CASSLVSGITDTQYF"	"TCRBV11-3*1"	NA	"TCRBJ2-3*1"	52	57	61	62	5	1	NA	NA	"CAGCCTGCAGAGCTTGGGGACTCGGCCGTGTATCTCTGTGCCAGCAGCTTAGTTTCTGGGATCACAGATACGCAGTATTTTGGCCCA"	FALSE	TRUE	NA	NA	NA	NA
"CACGCCCTGCAGCCAGAAGACTCAGCCCTGTATCTCTGCGCCAGCAGCCGAAGAGGTCTCTCTGGAAACACCATATATTTTGGAGAG"	"CASSRRGLSGNTIYF"	"CACGCCCTGCAGCCAGAAGACTCAGCCCTGTATCTCTGCGCCAGCAGCCGAAGAGGTCTCTCTGGAAACACCATATATTTTGGAGAG"	"CASSRRGLSGNTIYF"	"TCRBV4-1*1"	"TCRBD2-1*2"	"TCRBJ1-3*1"	49	52	56	59	3	3	NA	NA	"CACGCCCTGCAGCCAGAAGACTCAGCCCTGTATCTCTGCGCCAGCAGCCGAAGAGGTCTCTCTGGAAACACCATATATTTTGGAGAG"	FALSE	TRUE	NA	NA	NA	NA
"CAGGTAGTGCGAGGAGATTCGGCAGCTTATTTCTGTGCCAGCTCACCACCGGGACTACCTTCCTCCGGGGAGCTGTTTTTTGGAGAA"	"CASSPPGLPSSGELFF"	"CAGGTAGTGCGAGGAGATTCGGCAGCTTATTTCTGTGCCAGCTCACCACCGGGACTACCTTCCTCCGGGGAGCTGTTTTTTGGAGAA"	"CASSPPGLPSSGELFF"	"TCRBV18-1*1"	"TCRBD2-1"	"TCRBJ2-2*1"	-1	50	57	64	51	7	NA	NA	"CAGGTAGTGCGAGGAGATTCGGCAGCTTATTTCTGTGCCAGCTCACCACCGGGACTACCTTCCTCCGGGGAGCTGTTTTTTGGAGAA"	FALSE	TRUE	NA	NA	NA	NA
"CCCAGCCCCAACCAGACCTCTCTGTACTTCTGTGCCAGCAGTTTTACCCTCAGCGGGAGGTCCTCCTACGAGCAGTACTTCGGGCCG"	"CASSFTLSGRSSYEQYF"	"CCCAGCCCCAACCAGACCTCTCTGTACTTCTGTGCCAGCAGTTTTACCCTCAGCGGGAGGTCCTCCTACGAGCAGTACTTCGGGCCG"	"CASSFTLSGRSSYEQYF"	"TCRBV27-1*1"	"TCRBD2-1*2"	"TCRBJ2-7*1"	44	51	60	62	7	2	NA	NA	"CCCAGCCCCAACCAGACCTCTCTGTACTTCTGTGCCAGCAGTTTTACCCTCAGCGGGAGGTCCTCCTACGAGCAGTACTTCGGGCCG"	FALSE	TRUE	NA	NA	NA	NA
"GCCTTGGAGCTGGACGACTCGGCCCTGTATCTCTGTGCCAGCAGCTTGGGACCGACAGGGCTGAATCAGCCCCAGCATTTTGGTGAT"	"CASSLGPTGLNQPQHF"	"GCCTTGGAGCTGGACGACTCGGCCCTGTATCTCTGTGCCAGCAGCTTGGGACCGACAGGGCTGAATCAGCCCCAGCATTTTGGTGAT"	"CASSLGPTGLNQPQHF"	"TCRBV5-4*1"	"TCRBD1-1*1"	"TCRBJ1-5*1"	49	53	60	63	4	3	NA	NA	"GCCTTGGAGCTGGACGACTCGGCCCTGTATCTCTGTGCCAGCAGCTTGGGACCGACAGGGCTGAATCAGCCCCAGCATTTTGGTGAT"	FALSE	TRUE	NA	NA	NA	NA
"CGCACACAGCAGGAGGACTCCGCCGTGTATCTCTGTGCCAGCAGCCCTAGGGGACAGCTAAGGCGTACTGAAGCTTTCTTTGGACAA"	"CASSPRGQLRRTEAFF"	"CGCACACAGCAGGAGGACTCCGCCGTGTATCTCTGTGCCAGCAGCCCTAGGGGACAGCTAAGGCGTACTGAAGCTTTCTTTGGACAA"	"CASSPRGQLRRTEAFF"	"TCRBV7-8*3"	"TCRBD1-1*1"	"TCRBJ1-1*1"	46	50	57	66	4	9	NA	NA	"CGCACACAGCAGGAGGACTCCGCCGTGTATCTCTGTGCCAGCAGCCCTAGGGGACAGCTAAGGCGTACTGAAGCTTTCTTTGGACAA"	FALSE	TRUE	NA	NA	NA	NA
"CTAGAGTCTGCCATCCCCAACCAGACAGCTCTTTACTTCTGTGCCACATCGCCGGGGCTACTTACCGGGGAGCTGTTTTTTGGAGAA"	"CATSPGLLTGELFF"	"CTAGAGTCTGCCATCCCCAACCAGACAGCTCTTTACTTCTGTGCCACATCGCCGGGGCTACTTACCGGGGAGCTGTTTTTTGGAGAA"	"CATSPGLLTGELFF"	"TCRBV24-1*1"	NA	"TCRBJ2-2*1"	47	53	58	63	6	5	NA	NA	"CTAGAGTCTGCCATCCCCAACCAGACAGCTCTTTACTTCTGTGCCACATCGCCGGGGCTACTTACCGGGGAGCTGTTTTTTGGAGAA"	FALSE	TRUE	NA	NA	NA	NA
"CAGCCCTCAGAACCCAGGGACTCAGCTGTGTACTTCTGTGCCAGCAGTATGCTAGCGGGAGCATACAATGAGCAGTTCTTCGGGCCA"	"CASSMLAGAYNEQFF"	"CAGCCCTCAGAACCCAGGGACTCAGCTGTGTACTTCTGTGCCAGCAGTATGCTAGCGGGAGCATACAATGAGCAGTTCTTCGGGCCA"	"CASSMLAGAYNEQFF"	NA	"TCRBD2-1*2"	"TCRBJ2-1*1"	48	51	61	63	3	2	NA	NA	"CAGCCCTCAGAACCCAGGGACTCAGCTGTGTACTTCTGTGCCAGCAGTATGCTAGCGGGAGCATACAATGAGCAGTTCTTCGGGCCA"	FALSE	TRUE	NA	NA	NA	NA
"NNNNNNNNTGTCGGCTGCTCCCTCCCAGACATCTGTGTACTTCTGTGCCAGCAGTGTCTGGGGAGGGACTTTTGGTTCTTCGGGCCA"	""	"NNNNNNNNTGTCGGCTGCTCCCTCCCAGACATCTGTGTACTTCTGTGCCAGCAGTGTCTGGGGAGGGACTTTTGGTTCTTCGGGCCA"	""	NA	"TCRBD2-1*2"	"TCRBJ2-1*1"	56	60	67	74	4	7	NA	NA	"NNNNNNNNTGTCGGCTGCTCCCTCCCAGACATCTGTGTACTTCTGTGCCAGCAGTGTCTGGGGAGGGACTTTTGGTTCTTCGGGCCA"	FALSE	FALSE	NA	NA	NA	NA
"AGAACTGGAGGATTCTGGAGTTTATTTCTGTGCCAGCAGCCCTGAGCGGTATGGTCCAAAAGGCCTTACGAGCAGTACTTCGGGCCG"	""	"AGAACTGGAGGATTCTGGAGTTTATTTCTGTGCCAGCAGCCCTGAGCGGTATGGTCCAAAAGGCCTTACGAGCAGTACTTCGGGCCG"	""	"TCRBV14-1*1"	"TCRBD2-1"	"TCRBJ2-7*1"	41	44	49	66	3	17	NA	NA	"AGAACTGGAGGATTCTGGAGTTTATTTCTGTGCCAGCAGCCCTGAGCGGTATGGTCCAAAAGGCCTTACGAGCAGTACTTCGGGCCG"	FALSE	FALSE	NA	NA	NA	NA
"CTGGAGTCCGCCAGCACCAACCAGACATCTATGTACCTCTGTGCCAGCAGTCCCGCGTCCTTGAACACTGAAGCTTTCTTTGGACAA"	"CASSPASLNTEAFF"	"CTGGAGTCCGCCAGCACCAACCAGACATCTATGTACCTCTGTGCCAGCAGTCCCGCGTCCTTGAACACTGAAGCTTTCTTTGGACAA"	"CASSPASLNTEAFF"	"TCRBV28-1*1"	"TCRBD2-1"	"TCRBJ1-1*1"	51	54	57	61	3	4	NA	NA	"CTGGAGTCCGCCAGCACCAACCAGACATCTATGTACCTCTGTGCCAGCAGTCCCGCGTCCTTGAACACTGAAGCTTTCTTTGGACAA"	FALSE	TRUE	NA	NA	NA	NA
"CAGCCAGAAGACTCGGCCCTGTATCTCTGTGCCAGCAGCCAAGGGACTAGCGGGACCTCTAGCACAGATACGCAGTATTTTGGCCCA"	"CASSQGTSGTSSTDTQYF"	"CAGCCAGAAGACTCGGCCCTGTATCTCTGTGCCAGCAGCCAAGGGACTAGCGGGACCTCTAGCACAGATACGCAGTATTTTGGCCCA"	"CASSQGTSGTSSTDTQYF"	"TCRBV4-2*1"	"TCRBD2-1*2"	"TCRBJ2-3*1"	-1	43	55	60	44	5	NA	NA	"CAGCCAGAAGACTCGGCCCTGTATCTCTGTGCCAGCAGCCAAGGGACTAGCGGGACCTCTAGCACAGATACGCAGTATTTTGGCCCA"	FALSE	TRUE	NA	NA	NA	NA
"GCCCAAAAGAACCCGACAGCTTTCTATCTCTGTGCCAGTAGGATAATCGACAGGGGGCTATGGAACACTGAAGCTTTCTTTGGACAA"	"CASRIIDRGLWNTEAFF"	"GCCCAAAAGAACCCGACAGCTTTCTATCTCTGTGCCAGTAGGATAATCGACAGGGGGCTATGGAACACTGAAGCTTTCTTTGGACAA"	"CASRIIDRGLWNTEAFF"	"TCRBV19-1*1"	"TCRBD1-1*1"	"TCRBJ1-1*1"	45	48	58	62	3	4	NA	NA	"GCCCAAAAGAACCCGACAGCTTTCTATCTCTGTGCCAGTAGGATAATCGACAGGGGGCTATGGAACACTGAAGCTTTCTTTGGACAA"	FALSE	TRUE	NA	NA	NA	NA
"GCCCAAAAGAACCCGACAGCTTTCTATCTCTGTGCCAGTAACGCTTATTACGGACAGGGTGGTCAAAACATTCAGTACTTCGGCGCC"	"CASNAYYGQGGQNIQYF"	"GCCCAAAAGAACCCGACAGCTTTCTATCTCTGTGCCAGTAACGCTTATTACGGACAGGGTGGTCAAAACATTCAGTACTTCGGCGCC"	"CASNAYYGQGGQNIQYF"	"TCRBV19-1*1"	"TCRBD1-1*1"	"TCRBJ2-4*1"	40	51	59	64	11	5	NA	NA	"GCCCAAAAGAACCCGACAGCTTTCTATCTCTGTGCCAGTAACGCTTATTACGGACAGGGTGGTCAAAACATTCAGTACTTCGGCGCC"	FALSE	TRUE	NA	NA	NA	NA
"GAGTCGCCCAGCCCCAACCAGACCTCTCTGTACTTCTGTGCCAGCAGACCTAAACCGGGACGTTTTTACGAGCAGTACTTCGGGCCG"	"CASRPKPGRFYEQYF"	"GAGTCGCCCAGCCCCAACCAGACCTCTCTGTACTTCTGTGCCAGCAGACCTAAACCGGGACGTTTTTACGAGCAGTACTTCGGGCCG"	"CASRPKPGRFYEQYF"	"TCRBV27-1*1"	NA	"TCRBJ2-7*1"	47	56	61	66	9	5	NA	NA	"GAGTCGCCCAGCCCCAACCAGACCTCTCTGTACTTCTGTGCCAGCAGACCTAAACCGGGACGTTTTTACGAGCAGTACTTCGGGCCG"	FALSE	TRUE	NA	NA	NA	NA
"AATGTGAGCACCTTGGAGCTGGGGGACTCGGCCCTTTATCTTTGCGCCAGCAGCCCTACTAGCGTAGGTGAGCAGTTCTTCGGGCCA"	"CASSPTSVGEQFF"	"AATGTGAGCACCTTGGAGCTGGGGGACTCGGCCCTTTATCTTTGCGCCAGCAGCCCTACTAGCGTAGGTGAGCAGTTCTTCGGGCCA"	"CASSPTSVGEQFF"	"TCRBV5-1*1"	"TCRBD2-1"	"TCRBJ2-1*1"	54	57	64	68	3	4	NA	NA	"AATGTGAGCACCTTGGAGCTGGGGGACTCGGCCCTTTATCTTTGCGCCAGCAGCCCTACTAGCGTAGGTGAGCAGTTCTTCGGGCCA"	FALSE	TRUE	NA	NA	NA	NA
"GCCCTGCAGCCAGAAGACTCAGCCCTGTATCTCTGCGCCAGCAGCCAAGATAAGAGCGGTCAAAAAAACATTCAGTACTTCGGCGCC"	"CASSQDKSGQKNIQYF"	"GCCCTGCAGCCAGAAGACTCAGCCCTGTATCTCTGCGCCAGCAGCCAAGATAAGAGCGGTCAAAAAAACATTCAGTACTTCGGCGCC"	"CASSQDKSGQKNIQYF"	"TCRBV4-1*1"	"TCRBD2-1"	"TCRBJ2-4*1"	50	54	59	63	4	4	NA	NA	"GCCCTGCAGCCAGAAGACTCAGCCCTGTATCTCTGCGCCAGCAGCCAAGATAAGAGCGGTCAAAAAAACATTCAGTACTTCGGCGCC"	FALSE	TRUE	NA	NA	NA	NA
"GAGCAGGAGGACTCGGCCGTGTATCTCTGTGCCAGCAGCTCCCGTTCTAGGACAGGCCCGGGGCGGACTGAAGCTTTCTTTGGACAA"	"CASSSRSRTGPGRTEAFF"	"GAGCAGGAGGACTCGGCCGTGTATCTCTGTGCCAGCAGCTCCCGTTCTAGGACAGGCCCGGGGCGGACTGAAGCTTTCTTTGGACAA"	"CASSSRSRTGPGRTEAFF"	"TCRBV7-2"	"TCRBD1-1*1"	"TCRBJ1-1*1"	40	49	56	66	9	10	NA	NA	"GAGCAGGAGGACTCGGCCGTGTATCTCTGTGCCAGCAGCTCCCGTTCTAGGACAGGCCCGGGGCGGACTGAAGCTTTCTTTGGACAA"	FALSE	TRUE	NA	NA	NA	NA
"CTGCAGCCAGAAGACTCGGCCCTGTATCTCTGTGCCAGCAGCCTCCCGAGACAGGGAACGGGGACCGGGGAGCTGTTTTTTGGAGAA"	"CASSLPRQGTGTGELFF"	"CTGCAGCCAGAAGACTCGGCCCTGTATCTCTGTGCCAGCAGCCTCCCGAGACAGGGAACGGGGACCGGGGAGCTGTTTTTTGGAGAA"	"CASSLPRQGTGTGELFF"	"TCRBV4-2*1"	"TCRBD1-1*1"	"TCRBJ2-2*1"	43	49	56	63	6	7	NA	NA	"CTGCAGCCAGAAGACTCGGCCCTGTATCTCTGTGCCAGCAGCCTCCCGAGACAGGGAACGGGGACCGGGGAGCTGTTTTTTGGAGAA"	FALSE	TRUE	NA	NA	NA	NA
"AGCACCTTGGAGCTGGGGGACTCGGCCCTTTATCTTTGCGCCAGCAGCTTGGCCTTCCAGGGAGCAGATACGCAGTATTTTGGCCCA"	"CASSLAFQGADTQYF"	"AGCACCTTGGAGCTGGGGGACTCGGCCCTTTATCTTTGCGCCAGCAGCTTGGCCTTCCAGGGAGCAGATACGCAGTATTTTGGCCCA"	"CASSLAFQGADTQYF"	"TCRBV5-1*1"	NA	"TCRBJ2-3*1"	52	57	62	64	5	2	NA	NA	"AGCACCTTGGAGCTGGGGGACTCGGCCCTTTATCTTTGCGCCAGCAGCTTGGCCTTCCAGGGAGCAGATACGCAGTATTTTGGCCCA"	FALSE	TRUE	NA	NA	NA	NA
"CTGGAGTCGCCCAGCCCCAACCAGACCTCTCTGTACTTCTGTGCCAGCAGTTTAGTCAGGTTGTATTCACCCCTCCACTTTGGGAAT"	"CASSLVRLYSPLHF"	"CTGGAGTCGCCCAGCCCCAACCAGACCTCTCTGTACTTCTGTGCCAGCAGTTTAGTCAGGTTGTATTCACCCCTCCACTTTGGGAAT"	"CASSLVRLYSPLHF"	"TCRBV27-1*1"	"TCRBD1-1*1"	"TCRBJ1-6*1"	54	56	60	64	2	4	NA	NA	"CTGGAGTCGCCCAGCCCCAACCAGACCTCTCTGTACTTCTGTGCCAGCAGTTTAGTCAGGTTGTATTCACCCCTCCACTTTGGGAAT"	FALSE	TRUE	NA	NA	NA	NA
"GGACTCAGCCGTGTATCTCTGTGCCAGCAGCCAACAACCGAGTCCGGACTAGCGGGACTAGCCAAAAACATTCAGTACTTCGGCGCC"	""	"GGACTCAGCCGTGTATCTCTGTGCCAGCAGCCAACAACCGAGTCCGGACTAGCGGGACTAGCCAAAAACATTCAGTACTTCGGCGCC"	""	"TCRBV7-3*1"	"TCRBD2-1*2"	"TCRBJ2-4*1"	31	45	57	59	14	2	NA	NA	"GGACTCAGCCGTGTATCTCTGTGCCAGCAGCCAACAACCGAGTCCGGACTAGCGGGACTAGCCAAAAACATTCAGTACTTCGGCGCC"	FALSE	FALSE	NA	NA	NA	NA
"NNNNNNNNNNTGTCGGCTGCTCCCTCCCAGACATCTGTGTACTTCTGTGCCAGCAGTTGGGACCGCTATGGCTACACCTTCGGTTCG"	"CASSWDRYGYTF"	"NNNNNNNNNNTGTCGGCTGCTCCCTCCCAGACATCTGTGTACTTCTGTGCCAGCAGTTGGGACCGCTATGGCTACACCTTCGGTTCG"	"CASSWDRYGYTF"	"TCRBV6-5*1"	NA	"TCRBJ1-2*1"	-1	58	63	65	59	2	NA	NA	"NNNNNNNNNNTGTCGGCTGCTCCCTCCCAGACATCTGTGTACTTCTGTGCCAGCAGTTGGGACCGCTATGGCTACACCTTCGGTTCG"	FALSE	TRUE	NA	NA	NA	NA
"AAGGTGCAGCCTGCAGAACTGGAGGATTCTGGAGTTTATTTCTGTGCCAGCAGCCAAGATTTGGGTGAGACCCAGTACTTCGGGCCA"	"CASSQDLGETQYF"	"AAGGTGCAGCCTGCAGAACTGGAGGATTCTGGAGTTTATTTCTGTGCCAGCAGCCAAGATTTGGGTGAGACCCAGTACTTCGGGCCA"	"CASSQDLGETQYF"	"TCRBV14-1*1"	NA	"TCRBJ2-5*1"	59	62	65	66	3	1	NA	NA	"AAGGTGCAGCCTGCAGAACTGGAGGATTCTGGAGTTTATTTCTGTGCCAGCAGCCAAGATTTGGGTGAGACCCAGTACTTCGGGCCA"	FALSE	TRUE	NA	NA	NA	NA
"AGCACCTTGGAGCTGGGGGACTCGGCCCTTTATCTTTGCGCCAGCAGCTTTAGCGGCAGCTCCTACAATGAGCAGTTCTTCGGGCCA"	"CASSFSGSSYNEQFF"	"AGCACCTTGGAGCTGGGGGACTCGGCCCTTTATCTTTGCGCCAGCAGCTTTAGCGGCAGCTCCTACAATGAGCAGTTCTTCGGGCCA"	"CASSFSGSSYNEQFF"	"TCRBV5-1*1"	"TCRBD2-1"	"TCRBJ2-1*1"	-1	50	56	59	51	3	NA	NA	"AGCACCTTGGAGCTGGGGGACTCGGCCCTTTATCTTTGCGCCAGCAGCTTTAGCGGCAGCTCCTACAATGAGCAGTTCTTCGGGCCA"	FALSE	TRUE	NA	NA	NA	NA
"ACCAGTGCCCATCCTGAAGACAGCAGCTTCTACATCTGCAGTGCCAGACCGGGACAGGGCATCTCCTACGAGCAGTACTTCGGGCCG"	"CSARPGQGISYEQYF"	"ACCAGTGCCCATCCTGAAGACAGCAGCTTCTACATCTGCAGTGCCAGACCGGGACAGGGCATCTCCTACGAGCAGTACTTCGGGCCG"	"CSARPGQGISYEQYF"	NA	"TCRBD1-1*1"	"TCRBJ2-7*1"	48	50	59	62	2	3	NA	NA	"ACCAGTGCCCATCCTGAAGACAGCAGCTTCTACATCTGCAGTGCCAGACCGGGACAGGGCATCTCCTACGAGCAGTACTTCGGGCCG"	FALSE	TRUE	NA	NA	NA	NA
"TCCACGGAGTCAGGGGACACAGCACTGTATTTCTGTGCCAGCAGCTGTCCCGGGACAGGGGAATACAATGAGCAGTTCTTCGGGCCA"	"CASSCPGTGEYNEQFF"	"TCCACGGAGTCAGGGGACACAGCACTGTATTTCTGTGCCAGCAGCTGTCCCGGGACAGGGGAATACAATGAGCAGTTCTTCGGGCCA"	"CASSCPGTGEYNEQFF"	"TCRBV21-1*1"	"TCRBD1-1*1"	"TCRBJ2-1*1"	45	51	61	63	6	2	NA	NA	"TCCACGGAGTCAGGGGACACAGCACTGTATTTCTGTGCCAGCAGCTGTCCCGGGACAGGGGAATACAATGAGCAGTTCTTCGGGCCA"	FALSE	TRUE	NA	NA	NA	NA
"GAGCTTGGGGACTCGGCCGTGTATCTCTGTGCCAGCAGCTTGCTCCGGTTGGTACCGGCGAACACCGGGGAGCTGTTTTTTGGAGAA"	"CASSLLRLVPANTGELFF"	"GAGCTTGGGGACTCGGCCGTGTATCTCTGTGCCAGCAGCTTGCTCCGGTTGGTACCGGCGAACACCGGGGAGCTGTTTTTTGGAGAA"	"CASSLLRLVPANTGELFF"	"TCRBV11-3*1"	"TCRBD2-1"	"TCRBJ2-2*1"	41	45	48	58	4	10	NA	NA	"GAGCTTGGGGACTCGGCCGTGTATCTCTGTGCCAGCAGCTTGCTCCGGTTGGTACCGGCGAACACCGGGGAGCTGTTTTTTGGAGAA"	FALSE	TRUE	NA	NA	NA	NA
"CAAAAGAACCCGACAGCTTTCTATCTCTGTGCCAGTAGTACGAAAGGGGCTGGACAATCGCTAACCTACGAGCAGTACTTCGGGCCG"	"CASSTKGAGQSLTYEQYF"	"CAAAAGAACCCGACAGCTTTCTATCTCTGTGCCAGTAGTACGAAAGGGGCTGGACAATCGCTAACCTACGAGCAGTACTTCGGGCCG"	"CASSTKGAGQSLTYEQYF"	"TCRBV19-1*1"	"TCRBD1-1*1"	"TCRBJ2-7*1"	40	51	56	64	11	8	NA	NA	"CAAAAGAACCCGACAGCTTTCTATCTCTGTGCCAGTAGTACGAAAGGGGCTGGACAATCGCTAACCTACGAGCAGTACTTCGGGCCG"	FALSE	TRUE	NA	NA	NA	NA
"TCCCTGGAGCTTGGTGACTCTGCTGTGTATTTCTGTGCCAGCAGCCAGGAAACTAGCGGGAGTACAGATACGCAGTATTTTGGCCCA"	"CASSQETSGSTDTQYF"	"TCCCTGGAGCTTGGTGACTCTGCTGTGTATTTCTGTGCCAGCAGCCAGGAAACTAGCGGGAGTACAGATACGCAGTATTTTGGCCCA"	"CASSQETSGSTDTQYF"	"TCRBV3-1/3-2*1"	"TCRBD2-1*2"	"TCRBJ2-3*1"	47	51	62	63	4	1	NA	NA	"TCCCTGGAGCTTGGTGACTCTGCTGTGTATTTCTGTGCCAGCAGCCAGGAAACTAGCGGGAGTACAGATACGCAGTATTTTGGCCCA"	FALSE	TRUE	NA	NA	NA	NA
"GAGTCCGCCAGCACCAACCAGACATCTATGTACCTCTGTGCCAGCAGCGACGGGACAGGGGCTCCCTACGAGCAGTACTTCGGGCCG"	"CASSDGTGAPYEQYF"	"GAGTCCGCCAGCACCAACCAGACATCTATGTACCTCTGTGCCAGCAGCGACGGGACAGGGGCTCCCTACGAGCAGTACTTCGGGCCG"	"CASSDGTGAPYEQYF"	"TCRBV28-1*1"	"TCRBD1-1*1"	"TCRBJ2-7*1"	47	51	61	64	4	3	NA	NA	"GAGTCCGCCAGCACCAACCAGACATCTATGTACCTCTGTGCCAGCAGCGACGGGACAGGGGCTCCCTACGAGCAGTACTTCGGGCCG"	FALSE	TRUE	NA	NA	NA	NA
"ATCCAGCCTGCAAAGCTTGAGGACTCGGCCGTGTATCTCTGTGCCAGCAGCGTAGGACAGAGTTACAATGAGCAGTTCTTCGGGCCA"	"CASSVGQSYNEQFF"	"ATCCAGCCTGCAAAGCTTGAGGACTCGGCCGTGTATCTCTGTGCCAGCAGCGTAGGACAGAGTTACAATGAGCAGTTCTTCGGGCCA"	"CASSVGQSYNEQFF"	"TCRBV11-2*1"	"TCRBD1-1*1"	"TCRBJ2-1*1"	-1	55	60	63	56	3	NA	NA	"ATCCAGCCTGCAAAGCTTGAGGACTCGGCCGTGTATCTCTGTGCCAGCAGCGTAGGACAGAGTTACAATGAGCAGTTCTTCGGGCCA"	FALSE	TRUE	NA	NA	NA	NA
"GTAGTGCGAGGAGATTCGGCAGCTTATTTCTGTGCCAGCTCACCACCGAGCCAGGGCCTGTCGAGGGAGACCCAGTACTTCGGGCCA"	"CASSPPSQGLSRETQYF"	"GTAGTGCGAGGAGATTCGGCAGCTTATTTCTGTGCCAGCTCACCACCGAGCCAGGGCCTGTCGAGGGAGACCCAGTACTTCGGGCCA"	"CASSPPSQGLSRETQYF"	"TCRBV18-1*1"	"TCRBD1-1*1"	"TCRBJ2-5*1"	47	51	56	66	4	10	NA	NA	"GTAGTGCGAGGAGATTCGGCAGCTTATTTCTGTGCCAGCTCACCACCGAGCCAGGGCCTGTCGAGGGAGACCCAGTACTTCGGGCCA"	FALSE	TRUE	NA	NA	NA	NA
"CACACCCTGCAGCCAGAAGACTCGGCCCTGTATCTCTGCGCCAGCAGAAGGCGGGATGGTAGCACAGATACGCAGTATTTTGGCCCA"	"CASRRRDGSTDTQYF"	"CACACCCTGCAGCCAGAAGACTCGGCCCTGTATCTCTGCGCCAGCAGAAGGCGGGATGGTAGCACAGATACGCAGTATTTTGGCCCA"	"CASRRRDGSTDTQYF"	"TCRBV4-3*1"	"TCRBD2-1*2"	"TCRBJ2-3*1"	47	50	56	60	3	4	NA	NA	"CACACCCTGCAGCCAGAAGACTCGGCCCTGTATCTCTGCGCCAGCAGAAGGCGGGATGGTAGCACAGATACGCAGTATTTTGGCCCA"	FALSE	TRUE	NA	NA	NA	NA
"ACAGAGCAGCGGGACTCGGCCATGTATCGCTGTGCCAGCAGCCCCAGCTCCCGGGACAGGTTGGCCGGGGAGCTGTTTTTTGGAGAA"	"CASSPSSRDRLAGELFF"	"ACAGAGCAGCGGGACTCGGCCATGTATCGCTGTGCCAGCAGCCCCAGCTCCCGGGACAGGTTGGCCGGGGAGCTGTTTTTTGGAGAA"	"CASSPSSRDRLAGELFF"	"TCRBV7-6*1"	"TCRBD1-1*1"	"TCRBJ2-2*1"	42	52	60	64	10	4	NA	NA	"ACAGAGCAGCGGGACTCGGCCATGTATCGCTGTGCCAGCAGCCCCAGCTCCCGGGACAGGTTGGCCGGGGAGCTGTTTTTTGGAGAA"	FALSE	TRUE	NA	NA	NA	NA
"TTCATCCTGAGTTCTAAGAAGCTCCTTCTCAGTGACTCTGGCTTCTATCTCTGTGCCTGGAGCGACACTCGGGCTTTCTTTGGACAA"	"CAWSDTRAFF"	"TTCATCCTGAGTTCTAAGAAGCTCCTTCTCAGTGACTCTGGCTTCTATCTCTGTGCCTGGAGCGACACTCGGGCTTTCTTTGGACAA"	"CAWSDTRAFF"	"TCRBV3-1*1"	"TCRBD1-1*1"	"TCRBJ1-1*1"	62	63	67	72	1	5	NA	NA	"TTCATCCTGAGTTCTAAGAAGCTCCTTCTCAGTGACTCTGGCTTCTATCTCTGTGCCTGGAGCGACACTCGGGCTTTCTTTGGACAA"	FALSE	TRUE	NA	NA	NA	NA
"ACAGAGCAGGGGGACTCGGCCATGTATCTCTGTGCCAGCAGCTTACTAGCGGGAGGGGGTTTGACCTACGAGCAGTACTTCGGGCCG"	"CASSLLAGGGLTYEQYF"	"ACAGAGCAGGGGGACTCGGCCATGTATCTCTGTGCCAGCAGCTTACTAGCGGGAGGGGGTTTGACCTACGAGCAGTACTTCGGGCCG"	"CASSLLAGGGLTYEQYF"	"TCRBV7-9*1"	"TCRBD2-1*2"	"TCRBJ2-7*1"	-1	45	57	64	46	7	NA	NA	"ACAGAGCAGGGGGACTCGGCCATGTATCTCTGTGCCAGCAGCTTACTAGCGGGAGGGGGTTTGACCTACGAGCAGTACTTCGGGCCG"	FALSE	TRUE	NA	NA	NA	NA
"TCCGCCAGCACCAACCAGACATCTATGTACCTCTGTGCCAGCAGTTTACAGGGATTTGATTCTCTCTATGGCTACACCTTCGGTTCG"	"CASSLQGFDSLYGYTF"	"TCCGCCAGCACCAACCAGACATCTATGTACCTCTGTGCCAGCAGTTTACAGGGATTTGATTCTCTCTATGGCTACACCTTCGGTTCG"	"CASSLQGFDSLYGYTF"	"TCRBV28-1*1"	"TCRBD1-1*1"	"TCRBJ1-2*1"	-1	48	53	65	49	12	NA	NA	"TCCGCCAGCACCAACCAGACATCTATGTACCTCTGTGCCAGCAGTTTACAGGGATTTGATTCTCTCTATGGCTACACCTTCGGTTCG"	FALSE	TRUE	NA	NA	NA	NA
"CTGGAGTCCGCCAGCACCAACCAGACATCTATGTACCTCTGTGCCAGCAGTCCAATCCTAGGTGGCGGGGAGCTGTTTTTTGGAGAA"	"CASSPILGGGELFF"	"CTGGAGTCCGCCAGCACCAACCAGACATCTATGTACCTCTGTGCCAGCAGTCCAATCCTAGGTGGCGGGGAGCTGTTTTTTGGAGAA"	"CASSPILGGGELFF"	"TCRBV28-1*1"	"TCRBD2-1"	"TCRBJ2-2*1"	51	57	61	65	6	4	NA	NA	"CTGGAGTCCGCCAGCACCAACCAGACATCTATGTACCTCTGTGCCAGCAGTCCAATCCTAGGTGGCGGGGAGCTGTTTTTTGGAGAA"	FALSE	TRUE	NA	NA	NA	NA
"CCTGCAAAGCTTGAGGACTCGGCCGTGTATCTCTGTGCCAGCAGCTTAGATCTCGGGAGACTTGTCGGGGAGCTGTTTTTTGGAGAA"	"CASSLDLGRLVGELFF"	"CCTGCAAAGCTTGAGGACTCGGCCGTGTATCTCTGTGCCAGCAGCTTAGATCTCGGGAGACTTGTCGGGGAGCTGTTTTTTGGAGAA"	"CASSLDLGRLVGELFF"	"TCRBV11-2"	"TCRBD2-1*2"	"TCRBJ2-2*1"	50	53	59	65	3	6	NA	NA	"CCTGCAAAGCTTGAGGACTCGGCCGTGTATCTCTGTGCCAGCAGCTTAGATCTCGGGAGACTTGTCGGGGAGCTGTTTTTTGGAGAA"	FALSE	TRUE	NA	NA	NA	NA
"CTGCAGAGCTTGGGGACTCGGCCGTGTATCTCTGTGCCAGCAGCTTTGTCTGGATCCAAACCCGGCTACGAGCAGTACTTCGGGCCG"	""	"CTGCAGAGCTTGGGGACTCGGCCGTGTATCTCTGTGCCAGCAGCTTTGTCTGGATCCAAACCCGGCTACGAGCAGTACTTCGGGCCG"	""	"TCRBV11-3*1"	NA	"TCRBJ2-7*1"	46	51	54	65	5	11	NA	NA	"CTGCAGAGCTTGGGGACTCGGCCGTGTATCTCTGTGCCAGCAGCTTTGTCTGGATCCAAACCCGGCTACGAGCAGTACTTCGGGCCG"	FALSE	FALSE	NA	NA	NA	NA
"CAGCAGGTAGTGCGAGGAGATTCGGCAGCTTATTTCTGTGCCAGCTCACGACAGAGCTCCTCCACCGGGGAGCTGTTTTTTGGAGAA"	"CASSRQSSSTGELFF"	"CAGCAGGTAGTGCGAGGAGATTCGGCAGCTTATTTCTGTGCCAGCTCACGACAGAGCTCCTCCACCGGGGAGCTGTTTTTTGGAGAA"	"CASSRQSSSTGELFF"	"TCRBV18-1*1"	"TCRBD1-1*1"	"TCRBJ2-2*1"	-1	49	54	62	50	8	NA	NA	"CAGCAGGTAGTGCGAGGAGATTCGGCAGCTTATTTCTGTGCCAGCTCACGACAGAGCTCCTCCACCGGGGAGCTGTTTTTTGGAGAA"	FALSE	TRUE	NA	NA	NA	NA
"CGCTCACCAGGCCTGGGGGACGCAGCCATGTACCTGTGTGCCACCAGCAGCGAGCGGGAAAGCTCCTACGAGCAGTACTTCGGGCCG"	"CATSSERESSYEQYF"	"CGCTCACCAGGCCTGGGGGACGCAGCCATGTACCTGTGTGCCACCAGCAGCGAGCGGGAAAGCTCCTACGAGCAGTACTTCGGGCCG"	"CATSSERESSYEQYF"	"TCRBV15-1*2"	"TCRBD2-1*2"	"TCRBJ2-7*1"	50	52	59	62	2	3	NA	NA	"CGCTCACCAGGCCTGGGGGACGCAGCCATGTACCTGTGTGCCACCAGCAGCGAGCGGGAAAGCTCCTACGAGCAGTACTTCGGGCCG"	FALSE	TRUE	NA	NA	NA	NA
"GAGCCCTGAAGACAGCAGCATATATCTCTGCAGCGCACCGTACAGGTACCTTAACCTGACGGTGCGGGTGAGCAGTTCTTCGGGCCA"	""	"GAGCCCTGAAGACAGCAGCATATATCTCTGCAGCGCACCGTACAGGTACCTTAACCTGACGGTGCGGGTGAGCAGTTCTTCGGGCCA"	""	"TCRBV29-1*3"	NA	"TCRBJ2-1*1"	36	41	46	68	5	22	NA	NA	"GAGCCCTGAAGACAGCAGCATATATCTCTGCAGCGCACCGTACAGGTACCTTAACCTGACGGTGCGGGTGAGCAGTTCTTCGGGCCA"	FALSE	FALSE	NA	NA	NA	NA
"TCGGCTGCTCCCTCCCAGACATCTGTGTACTTCTGTGCCAGCAGTTACAGAGGAGGTAGCTCCTACAATGAGCAGTTCTTCGGGCCA"	"CASSYRGGSSYNEQFF"	"TCGGCTGCTCCCTCCCAGACATCTGTGTACTTCTGTGCCAGCAGTTACAGAGGAGGTAGCTCCTACAATGAGCAGTTCTTCGGGCCA"	"CASSYRGGSSYNEQFF"	"TCRBV6-5*1"	"TCRBD2-1*2"	"TCRBJ2-1*1"	48	51	56	59	3	3	NA	NA	"TCGGCTGCTCCCTCCCAGACATCTGTGTACTTCTGTGCCAGCAGTTACAGAGGAGGTAGCTCCTACAATGAGCAGTTCTTCGGGCCA"	FALSE	TRUE	NA	NA	NA	NA
"ACGGAGTCAGGGGACACAGCACTGTATTTCTGTGCCAGCAGTCCTTAGCGGGAGGCTGATCTCACAGATACGCAGTATTTTGGCCCA"	"CASSP*READLTDTQYF"	"ACGGAGTCAGGGGACACAGCACTGTATTTCTGTGCCAGCAGTCCTTAGCGGGAGGCTGATCTCACAGATACGCAGTATTTTGGCCCA"	"CASSP*READLTDTQYF"	"TCRBV21-1*1"	"TCRBD2-1*2"	"TCRBJ2-3*1"	41	45	55	62	4	7	NA	NA	"ACGGAGTCAGGGGACACAGCACTGTATTTCTGTGCCAGCAGTCCTTAGCGGGAGGCTGATCTCACAGATACGCAGTATTTTGGCCCA"	FALSE	TRUE	NA	NA	NA	NA
"ACCGGGAGACACGGCACTGTATCTCTGCGCCAGCAGTCCCCCTTTCTAGCGGGAGGGCCTGCATACAATGAGCAGTTCTTCGGGCCA"	""	"ACCGGGAGACACGGCACTGTATCTCTGCGCCAGCAGTCCCCCTTTCTAGCGGGAGGGCCTGCATACAATGAGCAGTTCTTCGGGCCA"	""	"TCRBV23-1*1"	"TCRBD2-1*2"	"TCRBJ2-1*1"	38	45	57	63	7	6	NA	NA	"ACCGGGAGACACGGCACTGTATCTCTGCGCCAGCAGTCCCCCTTTCTAGCGGGAGGGCCTGCATACAATGAGCAGTTCTTCGGGCCA"	FALSE	FALSE	NA	NA	NA	NA
"ACCTTGGAGCTGGGGGACTCGGCCCTTTATCTTTGCGCCAGCAGCCTCACCGGGCAGGGACTCCAAGAGACCCAGTACTTCGGGCCA"	"CASSLTGQGLQETQYF"	"ACCTTGGAGCTGGGGGACTCGGCCCTTTATCTTTGCGCCAGCAGCCTCACCGGGCAGGGACTCCAAGAGACCCAGTACTTCGGGCCA"	"CASSLTGQGLQETQYF"	"TCRBV5-1*1"	"TCRBD2-1"	"TCRBJ2-5*1"	45	56	-1	62	11	63	NA	NA	"ACCTTGGAGCTGGGGGACTCGGCCCTTTATCTTTGCGCCAGCAGCCTCACCGGGCAGGGACTCCAAGAGACCCAGTACTTCGGGCCA"	FALSE	TRUE	NA	NA	NA	NA
"GTGAACGCCTTGGAGCTGGACGACTCGGCCCTGTATCTCTGTGCCAGCAGCTTATATAACAGCAATTCACCCCTCCACTTTGGGAAT"	"CASSLYNSNSPLHF"	"GTGAACGCCTTGGAGCTGGACGACTCGGCCCTGTATCTCTGTGCCAGCAGCTTATATAACAGCAATTCACCCCTCCACTTTGGGAAT"	"CASSLYNSNSPLHF"	"TCRBV5-4*1"	"TCRBD1-1*1"	"TCRBJ1-6*1"	53	58	62	63	5	1	NA	NA	"GTGAACGCCTTGGAGCTGGACGACTCGGCCCTGTATCTCTGTGCCAGCAGCTTATATAACAGCAATTCACCCCTCCACTTTGGGAAT"	FALSE	TRUE	NA	NA	NA	NA
"NNNTGTCGGCTGCTCCCTCCCAGACATCTGTGTACTTCTGTGCCAGCAGTGGGGGACTAAGCGGGGGATGAGCAGTTCTTCGGGCCA"	""	"NNNTGTCGGCTGCTCCCTCCCAGACATCTGTGTACTTCTGTGCCAGCAGTGGGGGACTAAGCGGGGGATGAGCAGTTCTTCGGGCCA"	""	NA	"TCRBD2-1*1"	"TCRBJ2-1*1"	51	59	-1	67	8	68	NA	NA	"NNNTGTCGGCTGCTCCCTCCCAGACATCTGTGTACTTCTGTGCCAGCAGTGGGGGACTAAGCGGGGGATGAGCAGTTCTTCGGGCCA"	FALSE	FALSE	NA	NA	NA	NA
"AGTGCCCATCCTGAAGACAGCAGCTTCTACATCTGCAGTGCTAGAGATTCCCTAGCGGGAGAATCAGAGACCCAGTACTTCGGGCCA"	"CSARDSLAGESETQYF"	"AGTGCCCATCCTGAAGACAGCAGCTTCTACATCTGCAGTGCTAGAGATTCCCTAGCGGGAGAATCAGAGACCCAGTACTTCGGGCCA"	"CSARDSLAGESETQYF"	NA	"TCRBD2-1*2"	"TCRBJ2-5*1"	47	51	61	65	4	4	NA	NA	"AGTGCCCATCCTGAAGACAGCAGCTTCTACATCTGCAGTGCTAGAGATTCCCTAGCGGGAGAATCAGAGACCCAGTACTTCGGGCCA"	FALSE	TRUE	NA	NA	NA	NA
"NNNNNNNTGTCGGCTGCTCCCTCCCAGACATCTGTGTACTTCTGTGCCAGCAGAAGACAGGGCGGCAATGGCTACACCTTCGGTTCG"	"CASRRQGGNGYTF"	"NNNNNNNTGTCGGCTGCTCCCTCCCAGACATCTGTGTACTTCTGTGCCAGCAGAAGACAGGGCGGCAATGGCTACACCTTCGGTTCG"	"CASRRQGGNGYTF"	"TCRBV6-5*1"	"TCRBD1-1*1"	"TCRBJ1-2*1"	53	55	62	67	2	5	NA	NA	"NNNNNNNTGTCGGCTGCTCCCTCCCAGACATCTGTGTACTTCTGTGCCAGCAGAAGACAGGGCGGCAATGGCTACACCTTCGGTTCG"	FALSE	TRUE	NA	NA	NA	NA
"GTGACCAGTGCCCATCCTGAAGACAGCAGCTTCTACATCTGCAGTGCTAGAGATGGTCGGGACCACAATGAGCAGTTCTTCGGGCCA"	"CSARDGRDHNEQFF"	"GTGACCAGTGCCCATCCTGAAGACAGCAGCTTCTACATCTGCAGTGCTAGAGATGGTCGGGACCACAATGAGCAGTTCTTCGGGCCA"	"CSARDGRDHNEQFF"	NA	NA	"TCRBJ2-1*1"	53	58	63	64	5	1	NA	NA	"GTGACCAGTGCCCATCCTGAAGACAGCAGCTTCTACATCTGCAGTGCTAGAGATGGTCGGGACCACAATGAGCAGTTCTTCGGGCCA"	FALSE	TRUE	NA	NA	NA	NA
"TGTCGGCTGCTCCCTCCCAAACATCTGTGTACTTCTGTGCCAGCAGTTACACGATTAGCGGGAGGCTACGAGCAGTACTTCGGGCCG"	""	"TGTCGGCTGCTCCCTCCCAAACATCTGTGTACTTCTGTGCCAGCAGTTACACGATTAGCGGGAGGCTACGAGCAGTACTTCGGGCCG"	""	"TCRBV6-2/6-3*1"	"TCRBD2-1*2"	"TCRBJ2-7*1"	50	55	-1	65	5	66	NA	NA	"TGTCGGCTGCTCCCTCCCAAACATCTGTGTACTTCTGTGCCAGCAGTTACACGATTAGCGGGAGGCTACGAGCAGTACTTCGGGCCG"	FALSE	FALSE	NA	NA	NA	NA
"ACCAGTGCCCATCCTGAAGACAGCAGCTTCTACATCTGCAGTGCAAACACCGGACCCCTTGAACCGCACATTCAGTACTTCGGCGCC"	"CSANTGPLEPHIQYF"	"ACCAGTGCCCATCCTGAAGACAGCAGCTTCTACATCTGCAGTGCAAACACCGGACCCCTTGAACCGCACATTCAGTACTTCGGCGCC"	"CSANTGPLEPHIQYF"	NA	NA	"TCRBJ2-4*1"	44	51	55	67	7	12	NA	NA	"ACCAGTGCCCATCCTGAAGACAGCAGCTTCTACATCTGCAGTGCAAACACCGGACCCCTTGAACCGCACATTCAGTACTTCGGCGCC"	FALSE	TRUE	NA	NA	NA	NA
"ACCCTGCAGCCAGAAGACTCGGCCCTGTATCTCTGTGCCAGCAGCCAAGATTGGTCGAGACCTAACTATGGCTACACCTTCGGTTCG"	"CASSQDWSRPNYGYTF"	"ACCCTGCAGCCAGAAGACTCGGCCCTGTATCTCTGTGCCAGCAGCCAAGATTGGTCGAGACCTAACTATGGCTACACCTTCGGTTCG"	"CASSQDWSRPNYGYTF"	"TCRBV4-2*1"	NA	"TCRBJ1-2*1"	50	58	-1	61	8	62	NA	NA	"ACCCTGCAGCCAGAAGACTCGGCCCTGTATCTCTGTGCCAGCAGCCAAGATTGGTCGAGACCTAACTATGGCTACACCTTCGGTTCG"	FALSE	TRUE	NA	NA	NA	NA
"AGCACCTTGGAGCTGGGGGACTCGGCCCTTTATCTTTGCGCCAGCAGCTTTAATACGGGAAACACCGGGGAGCTGTTTTTTGGAGAA"	"CASSFNTGNTGELFF"	"AGCACCTTGGAGCTGGGGGACTCGGCCCTTTATCTTTGCGCCAGCAGCTTTAATACGGGAAACACCGGGGAGCTGTTTTTTGGAGAA"	"CASSFNTGNTGELFF"	"TCRBV5-1*1"	"TCRBD2-1*2"	"TCRBJ2-2*1"	50	55	-1	60	5	61	NA	NA	"AGCACCTTGGAGCTGGGGGACTCGGCCCTTTATCTTTGCGCCAGCAGCTTTAATACGGGAAACACCGGGGAGCTGTTTTTTGGAGAA"	FALSE	TRUE	NA	NA	NA	NA
"CCACGGAGTCAGGGGACACAGCACTGTATTTCTGTGCCAGCAGCAAAGGGGGGGACCCGAGGGAACACTGAAGCTTTCTTTGGACAA"	""	"CCACGGAGTCAGGGGACACAGCACTGTATTTCTGTGCCAGCAGCAAAGGGGGGGACCCGAGGGAACACTGAAGCTTTCTTTGGACAA"	""	"TCRBV21-1*1"	"TCRBD2-1*1"	"TCRBJ1-1*1"	-1	48	54	62	49	8	NA	NA	"CCACGGAGTCAGGGGACACAGCACTGTATTTCTGTGCCAGCAGCAAAGGGGGGGACCCGAGGGAACACTGAAGCTTTCTTTGGACAA"	FALSE	FALSE	NA	NA	NA	NA
"AATTCCCTGGAGCTTGGTGACTCTGCTGTGTATTTCTGTGCCAGCAGCCAAGGCATGGGGGACACAGATACGCAGTATTTTGGCCCA"	"CASSQGMGDTDTQYF"	"AATTCCCTGGAGCTTGGTGACTCTGCTGTGTATTTCTGTGCCAGCAGCCAAGGCATGGGGGACACAGATACGCAGTATTTTGGCCCA"	"CASSQGMGDTDTQYF"	"TCRBV3-1/3-2*1"	NA	"TCRBJ2-3*1"	52	56	61	62	4	1	NA	NA	"AATTCCCTGGAGCTTGGTGACTCTGCTGTGTATTTCTGTGCCAGCAGCCAAGGCATGGGGGACACAGATACGCAGTATTTTGGCCCA"	FALSE	TRUE	NA	NA	NA	NA
"TCCCAGACATCTGTGTACTTGTGTGCCAGCAGTTATTGGGGGACTAGCGGGAATATCGATCTGGGCAATGAGCAGTTCTTCGGGCCA"	"CASSYWGTSGNIDLGNEQFF"	"TCCCAGACATCTGTGTACTTGTGTGCCAGCAGTTATTGGGGGACTAGCGGGAATATCGATCTGGGCAATGAGCAGTTCTTCGGGCCA"	"CASSYWGTSGNIDLGNEQFF"	"TCRBV6-8*1"	"TCRBD2-1*2"	"TCRBJ2-1*1"	35	39	52	65	4	13	NA	NA	"TCCCAGACATCTGTGTACTTGTGTGCCAGCAGTTATTGGGGGACTAGCGGGAATATCGATCTGGGCAATGAGCAGTTCTTCGGGCCA"	FALSE	TRUE	NA	NA	NA	NA
"TCGGCCCAAAAGAACCCGACAGCTTTCTATCTCTGTGCCAGTACGCGGATACGCGGGGGACACACAGATACGCAGTATTTTGGCCCA"	"CASTRIRGGHTDTQYF"	"TCGGCCCAAAAGAACCCGACAGCTTTCTATCTCTGTGCCAGTACGCGGATACGCGGGGGACACACAGATACGCAGTATTTTGGCCCA"	"CASTRIRGGHTDTQYF"	"TCRBV19-1*1"	"TCRBD2-1*1"	"TCRBJ2-3*1"	43	52	59	62	9	3	NA	NA	"TCGGCCCAAAAGAACCCGACAGCTTTCTATCTCTGTGCCAGTACGCGGATACGCGGGGGACACACAGATACGCAGTATTTTGGCCCA"	FALSE	TRUE	NA	NA	NA	NA
"GCAGCCTGCAGAACTGGAGGATTCTGGAGTTTATTTCTGTGCCAGCGGGGGGGACCGAAGTGAAATTCACCCCTCCACTTTGGGAAT"	""	"GCAGCCTGCAGAACTGGAGGATTCTGGAGTTTATTTCTGTGCCAGCGGGGGGGACCGAAGTGAAATTCACCCCTCCACTTTGGGAAT"	""	"TCRBV14-1*1"	"TCRBD2-1*1"	"TCRBJ1-6*1"	-1	46	53	63	47	10	NA	NA	"GCAGCCTGCAGAACTGGAGGATTCTGGAGTTTATTTCTGTGCCAGCGGGGGGGACCGAAGTGAAATTCACCCCTCCACTTTGGGAAT"	FALSE	FALSE	NA	NA	NA	NA
"ATCCAGCGCACAGAGCAGGAGGACTCGGCCGTGTATCTCTGTGCCAGCAGCGTATACAGGGGCACAGATACGCAGTATTTTGGCCCA"	"CASSVYRGTDTQYF"	"ATCCAGCGCACAGAGCAGGAGGACTCGGCCGTGTATCTCTGTGCCAGCAGCGTATACAGGGGCACAGATACGCAGTATTTTGGCCCA"	"CASSVYRGTDTQYF"	"TCRBV7-2"	"TCRBD1-1*1"	"TCRBJ2-3*1"	51	55	-1	61	4	62	NA	NA	"ATCCAGCGCACAGAGCAGGAGGACTCGGCCGTGTATCTCTGTGCCAGCAGCGTATACAGGGGCACAGATACGCAGTATTTTGGCCCA"	FALSE	TRUE	NA	NA	NA	NA
"AACGCCTTGTTGCTGGGGGACTCGGCCCTGTATCTCTGTGCCAGCAGCTTGGAGGGGGCCTACGCTTACGAGCAGTACTTCGGGCCG"	"CASSLEGAYAYEQYF"	"AACGCCTTGTTGCTGGGGGACTCGGCCCTGTATCTCTGTGCCAGCAGCTTGGAGGGGGCCTACGCTTACGAGCAGTACTTCGGGCCG"	"CASSLEGAYAYEQYF"	"TCRBV5-5*1"	"TCRBD1-1*1"	"TCRBJ2-7*1"	-1	52	59	66	53	7	NA	NA	"AACGCCTTGTTGCTGGGGGACTCGGCCCTGTATCTCTGTGCCAGCAGCTTGGAGGGGGCCTACGCTTACGAGCAGTACTTCGGGCCG"	FALSE	TRUE	NA	NA	NA	NA
"GAGCTGGGGGACTCAGCTTTGTATTTCTGTGCCAGCAGCACGGGACTAGCGGGAGGCGGGACGAACAATGAGCAGTTCTTCGGGCCA"	"CASSTGLAGGGTNNEQFF"	"GAGCTGGGGGACTCAGCTTTGTATTTCTGTGCCAGCAGCACGGGACTAGCGGGAGGCGGGACGAACAATGAGCAGTTCTTCGGGCCA"	"CASSTGLAGGGTNNEQFF"	"TCRBV9-1*1"	"TCRBD2-1*2"	"TCRBJ2-1*1"	39	41	56	64	2	8	NA	NA	"GAGCTGGGGGACTCAGCTTTGTATTTCTGTGCCAGCAGCACGGGACTAGCGGGAGGCGGGACGAACAATGAGCAGTTCTTCGGGCCA"	FALSE	TRUE	NA	NA	NA	NA
"ACAGTGACCAGTGCCCATCCTGAAGACAGCAGCTTCTACATCTGCAGTGCCTCCGGGACAGGGAGCTACGAGCAGTACTTCGGGCCG"	"CSASGTGSYEQYF"	"ACAGTGACCAGTGCCCATCCTGAAGACAGCAGCTTCTACATCTGCAGTGCCTCCGGGACAGGGAGCTACGAGCAGTACTTCGGGCCG"	"CSASGTGSYEQYF"	NA	"TCRBD1-1*1"	"TCRBJ2-7*1"	50	54	63	65	4	2	NA	NA	"ACAGTGACCAGTGCCCATCCTGAAGACAGCAGCTTCTACATCTGCAGTGCCTCCGGGACAGGGAGCTACGAGCAGTACTTCGGGCCG"	FALSE	TRUE	NA	NA	NA	NA
"CTAGAGTCTGCCATCCCCAACCAGACAGCTCTTTACTTCTGTGCCACCAGTATAAGCGGATCCACAGATACGCAGTATTTTGGCCCA"	"CATSISGSTDTQYF"	"CTAGAGTCTGCCATCCCCAACCAGACAGCTCTTTACTTCTGTGCCACCAGTATAAGCGGATCCACAGATACGCAGTATTTTGGCCCA"	"CATSISGSTDTQYF"	"TCRBV24-1*1"	"TCRBD2-1"	"TCRBJ2-3*1"	51	54	59	62	3	3	NA	NA	"CTAGAGTCTGCCATCCCCAACCAGACAGCTCTTTACTTCTGTGCCACCAGTATAAGCGGATCCACAGATACGCAGTATTTTGGCCCA"	FALSE	TRUE	NA	NA	NA	NA
"NNNNNNNNNNTGTCGGCTGCTCCCTCCCAAACATCTGTGTACTTCTGTGCCAGCAGGTCTACTATCAATGAGCAGTTCTTCGGGCCA"	"CASRSTINEQFF"	"NNNNNNNNNNTGTCGGCTGCTCCCTCCCAAACATCTGTGTACTTCTGTGCCAGCAGGTCTACTATCAATGAGCAGTTCTTCGGGCCA"	"CASRSTINEQFF"	NA	"TCRBD2-1"	"TCRBJ2-1*1"	56	60	64	65	4	1	NA	NA	"NNNNNNNNNNTGTCGGCTGCTCCCTCCCAAACATCTGTGTACTTCTGTGCCAGCAGGTCTACTATCAATGAGCAGTTCTTCGGGCCA"	FALSE	TRUE	NA	NA	NA	NA
"ATCCAGCCTGCAAAGCTTGAGGACTCGGCCGTGTATCTCTGTGCCAGCAGCTTAGGGACGACAGTCTACGAGCAGTACTTCGGGCCG"	"CASSLGTTVYEQYF"	"ATCCAGCCTGCAAAGCTTGAGGACTCGGCCGTGTATCTCTGTGCCAGCAGCTTAGGGACGACAGTCTACGAGCAGTACTTCGGGCCG"	"CASSLGTTVYEQYF"	"TCRBV11-2*1"	"TCRBD1-1*1"	"TCRBJ2-7*1"	55	59	64	65	4	1	NA	NA	"ATCCAGCCTGCAAAGCTTGAGGACTCGGCCGTGTATCTCTGTGCCAGCAGCTTAGGGACGACAGTCTACGAGCAGTACTTCGGGCCG"	FALSE	TRUE	NA	NA	NA	NA
"ACAGTGACCAGTGCCCATCCTGAAGACAGCAGCTTCTACATCTGCAGTGCAGCCGGACAGGGCGGCACTGAAGCTTTCTTTGGACAA"	"CSAAGQGGTEAFF"	"ACAGTGACCAGTGCCCATCCTGAAGACAGCAGCTTCTACATCTGCAGTGCAGCCGGACAGGGCGGCACTGAAGCTTTCTTTGGACAA"	"CSAAGQGGTEAFF"	NA	"TCRBD1-1*1"	"TCRBJ1-1*1"	50	54	62	65	4	3	NA	NA	"ACAGTGACCAGTGCCCATCCTGAAGACAGCAGCTTCTACATCTGCAGTGCAGCCGGACAGGGCGGCACTGAAGCTTTCTTTGGACAA"	FALSE	TRUE	NA	NA	NA	NA
"CCAGCCCCAACCAGACCTCTCTGTACTTCTGTGCCAGCCAGTTCGGGACCGATATACTAGGCCTCCTACGAGCAGTACTTCGGGCCG"	""	"CCAGCCCCAACCAGACCTCTCTGTACTTCTGTGCCAGCCAGTTCGGGACCGATATACTAGGCCTCCTACGAGCAGTACTTCGGGCCG"	""	"TCRBV27-1*1"	NA	"TCRBJ2-7*1"	38	44	49	62	6	13	NA	NA	"CCAGCCCCAACCAGACCTCTCTGTACTTCTGTGCCAGCCAGTTCGGGACCGATATACTAGGCCTCCTACGAGCAGTACTTCGGGCCG"	FALSE	FALSE	NA	NA	NA	NA
"ACAGTGACCAGTGCCCATCCTGAAGACAGCAGCTTCTACATCTGCAGTGCTAGAGATGATGTGGCTCAGCCCCAGCATTTTGGTGAT"	"CSARDDVAQPQHF"	"ACAGTGACCAGTGCCCATCCTGAAGACAGCAGCTTCTACATCTGCAGTGCTAGAGATGATGTGGCTCAGCCCCAGCATTTTGGTGAT"	"CSARDDVAQPQHF"	NA	"TCRBD1-1*1"	"TCRBJ1-5*1"	56	62	-1	65	6	66	NA	NA	"ACAGTGACCAGTGCCCATCCTGAAGACAGCAGCTTCTACATCTGCAGTGCTAGAGATGATGTGGCTCAGCCCCAGCATTTTGGTGAT"	FALSE	TRUE	NA	NA	NA	NA
"GAGCTCTCTGGAGCTGGGGGACTCAGCTTTGTATTTCTGTGCCAGCAGCGTCGCAGGGACCCCACCTACGAGCAGTACTTCGGGCCG"	""	"GAGCTCTCTGGAGCTGGGGGACTCAGCTTTGTATTTCTGTGCCAGCAGCGTCGCAGGGACCCCACCTACGAGCAGTACTTCGGGCCG"	""	"TCRBV9-1*1"	NA	"TCRBJ2-7*1"	51	55	60	64	4	4	NA	NA	"GAGCTCTCTGGAGCTGGGGGACTCAGCTTTGTATTTCTGTGCCAGCAGCGTCGCAGGGACCCCACCTACGAGCAGTACTTCGGGCCG"	FALSE	FALSE	NA	NA	NA	NA
"CAGCAGGTAGTGCGAGGAGATTCGGCAGCTTATTTCTGTGCCAGCTCACCACCGACTTCCTCCAAAAACATTCAGTACTTCGGCGCC"	"CASSPPTSSKNIQYF"	"CAGCAGGTAGTGCGAGGAGATTCGGCAGCTTATTTCTGTGCCAGCTCACCACCGACTTCCTCCAAAAACATTCAGTACTTCGGCGCC"	"CASSPPTSSKNIQYF"	"TCRBV18-1*1"	"TCRBD2-1"	"TCRBJ2-4*1"	-1	53	57	61	54	4	NA	NA	"CAGCAGGTAGTGCGAGGAGATTCGGCAGCTTATTTCTGTGCCAGCTCACCACCGACTTCCTCCAAAAACATTCAGTACTTCGGCGCC"	FALSE	TRUE	NA	NA	NA	NA
"CTGGAGTCAGCTACCAGCTCCCAGACATCTGTGTACTTCTGTGCCATCAGTGATAGACAGGGGGATCAGCCCCAGCATTTTGGTGAT"	"CAISDRQGDQPQHF"	"CTGGAGTCAGCTACCAGCTCCCAGACATCTGTGTACTTCTGTGCCATCAGTGATAGACAGGGGGATCAGCCCCAGCATTTTGGTGAT"	"CAISDRQGDQPQHF"	"TCRBV1-3*1"	"TCRBD1-1*1"	"TCRBJ1-5*1"	53	55	-1	64	2	65	NA	NA	"CTGGAGTCAGCTACCAGCTCCCAGACATCTGTGTACTTCTGTGCCATCAGTGATAGACAGGGGGATCAGCCCCAGCATTTTGGTGAT"	FALSE	TRUE	NA	NA	NA	NA
"AACGCCTTGTTGCTGGGGGACTCGGCCCTCTATCTCTGTGCCAGCAGCCCGCTAGCGGGAGGCACAGATACGCAGTATTTTGGCCCA"	"CASSPLAGGTDTQYF"	"AACGCCTTGTTGCTGGGGGACTCGGCCCTCTATCTCTGTGCCAGCAGCCCGCTAGCGGGAGGCACAGATACGCAGTATTTTGGCCCA"	"CASSPLAGGTDTQYF"	"TCRBV5-6*1"	"TCRBD2-1*2"	"TCRBJ2-3*1"	48	51	-1	61	3	62	NA	NA	"AACGCCTTGTTGCTGGGGGACTCGGCCCTCTATCTCTGTGCCAGCAGCCCGCTAGCGGGAGGCACAGATACGCAGTATTTTGGCCCA"	FALSE	TRUE	NA	NA	NA	NA
"GAGTCCGCCAGCACCAACCAGACATCTATGTACCTCTGTGCCAGTGATATTGCGACTAGCGGACGCTACGAGCAGTACTTCGGGCCG"	"CASDIATSGRYEQYF"	"GAGTCCGCCAGCACCAACCAGACATCTATGTACCTCTGTGCCAGTGATATTGCGACTAGCGGACGCTACGAGCAGTACTTCGGGCCG"	"CASDIATSGRYEQYF"	"TCRBV28-1*1"	"TCRBD2-1"	"TCRBJ2-7*1"	44	53	62	65	9	3	NA	NA	"GAGTCCGCCAGCACCAACCAGACATCTATGTACCTCTGTGCCAGTGATATTGCGACTAGCGGACGCTACGAGCAGTACTTCGGGCCG"	FALSE	TRUE	NA	NA	NA	NA
"ACTGTGACATCGGCCCAAAAGAACCCGACAGCTTTCTATCTCTGTGCCAGTAGGGGGACAGTATTCGATGAGCAGTTCTTCGGGCCA"	"CASRGTVFDEQFF"	"ACTGTGACATCGGCCCAAAAGAACCCGACAGCTTTCTATCTCTGTGCCAGTAGGGGGACAGTATTCGATGAGCAGTTCTTCGGGCCA"	"CASRGTVFDEQFF"	"TCRBV19-1*1"	"TCRBD1-1*1"	"TCRBJ2-1*1"	53	54	61	67	1	6	NA	NA	"ACTGTGACATCGGCCCAAAAGAACCCGACAGCTTTCTATCTCTGTGCCAGTAGGGGGACAGTATTCGATGAGCAGTTCTTCGGGCCA"	FALSE	TRUE	NA	NA	NA	NA
"NNNNTGTCGGCTGCTCCCTCCCAGACATCTGTGTACTTCTGTGCCAGCAGTGTGGGCAGGGGGCTCTACGAGCAGTACTTCGGGCCG"	"CASSVGRGLYEQYF"	"NNNNTGTCGGCTGCTCCCTCCCAGACATCTGTGTACTTCTGTGCCAGCAGTGTGGGCAGGGGGCTCTACGAGCAGTACTTCGGGCCG"	"CASSVGRGLYEQYF"	NA	"TCRBD1-1*1"	"TCRBJ2-7*1"	52	56	64	65	4	1	NA	NA	"NNNNTGTCGGCTGCTCCCTCCCAGACATCTGTGTACTTCTGTGCCAGCAGTGTGGGCAGGGGGCTCTACGAGCAGTACTTCGGGCCG"	FALSE	TRUE	NA	NA	NA	NA
"GCTTGGTGACTCTGCTGTGTATTTCTGTGCCAGCAGCCAAGATAAGACGGGGGACTTCTCTCCTACAATGAGCAGTTCTTCGGGCCA"	""	"GCTTGGTGACTCTGCTGTGTATTTCTGTGCCAGCAGCCAAGATAAGACGGGGGACTTCTCTCCTACAATGAGCAGTTCTTCGGGCCA"	""	"TCRBV3-1/3-2*1"	"TCRBD2-1"	"TCRBJ2-1*1"	42	50	56	59	8	3	NA	NA	"GCTTGGTGACTCTGCTGTGTATTTCTGTGCCAGCAGCCAAGATAAGACGGGGGACTTCTCTCCTACAATGAGCAGTTCTTCGGGCCA"	FALSE	FALSE	NA	NA	NA	NA
"CAGCGCACAGAGCAGGGGGACTCGGCCATGTATCTCTGTGCCAGCAGCTCGGGACTTCAAGACGGTGAGACCCAGTACTTCGGGCCA"	"CASSSGLQDGETQYF"	"CAGCGCACAGAGCAGGGGGACTCGGCCATGTATCTCTGTGCCAGCAGCTCGGGACTTCAAGACGGTGAGACCCAGTACTTCGGGCCA"	"CASSSGLQDGETQYF"	"TCRBV7-9*1"	"TCRBD2-1"	"TCRBJ2-5*1"	49	50	56	66	1	10	NA	NA	"CAGCGCACAGAGCAGGGGGACTCGGCCATGTATCTCTGTGCCAGCAGCTCGGGACTTCAAGACGGTGAGACCCAGTACTTCGGGCCA"	FALSE	TRUE	NA	NA	NA	NA
"CTTGAGGACTCGGCCGTGTATCTCTGTGCCAGCAGCTTAGGACTAGCGGGAGTAAGGCAGGGGACAGATACGCAGTATTTTGGCCCA"	"CASSLGLAGVRQGTDTQYF"	"CTTGAGGACTCGGCCGTGTATCTCTGTGCCAGCAGCTTAGGACTAGCGGGAGTAAGGCAGGGGACAGATACGCAGTATTTTGGCCCA"	"CASSLGLAGVRQGTDTQYF"	"TCRBV11-2"	"TCRBD2-1*2"	"TCRBJ2-3*1"	-1	40	52	63	41	11	NA	NA	"CTTGAGGACTCGGCCGTGTATCTCTGTGCCAGCAGCTTAGGACTAGCGGGAGTAAGGCAGGGGACAGATACGCAGTATTTTGGCCCA"	FALSE	TRUE	NA	NA	NA	NA
"ACCAGTGCCCATCCTGAAGACAGCAGCTTCTACATCTGCAGTGCTAGAGATTATACCCGGGTAGACACTGAAGCTTTCTTTGGACAA"	"CSARDYTRVDTEAFF"	"ACCAGTGCCCATCCTGAAGACAGCAGCTTCTACATCTGCAGTGCTAGAGATTATACCCGGGTAGACACTGAAGCTTTCTTTGGACAA"	"CSARDYTRVDTEAFF"	NA	"TCRBD2-1"	"TCRBJ1-1*1"	50	57	61	64	7	3	NA	NA	"ACCAGTGCCCATCCTGAAGACAGCAGCTTCTACATCTGCAGTGCTAGAGATTATACCCGGGTAGACACTGAAGCTTTCTTTGGACAA"	FALSE	TRUE	NA	NA	NA	NA
"CCTGCAAAGCTTGAGGACTCGGCCGTGTATCTCTGTGCCAGCAGCTTAACCAGGGCGTCAACTAATGAAAAACTGTTTTTTGGCAGT"	"CASSLTRASTNEKLFF"	"CCTGCAAAGCTTGAGGACTCGGCCGTGTATCTCTGTGCCAGCAGCTTAACCAGGGCGTCAACTAATGAAAAACTGTTTTTTGGCAGT"	"CASSLTRASTNEKLFF"	"TCRBV11-2"	"TCRBD1-1*1"	"TCRBJ1-4*1"	48	50	55	58	2	3	NA	NA	"CCTGCAAAGCTTGAGGACTCGGCCGTGTATCTCTGTGCCAGCAGCTTAACCAGGGCGTCAACTAATGAAAAACTGTTTTTTGGCAGT"	FALSE	TRUE	NA	NA	NA	NA
"CTGAATGTGAACGCCTTGGAGCTGGACGACTCGGCCCTGTATCTCTGTGCCAGCAGCTTACTTTCTAATGAGCAGTTCTTCGGGCCA"	"CASSLLSNEQFF"	"CTGAATGTGAACGCCTTGGAGCTGGACGACTCGGCCCTGTATCTCTGTGCCAGCAGCTTACTTTCTAATGAGCAGTTCTTCGGGCCA"	"CASSLLSNEQFF"	"TCRBV5-4*1"	"TCRBD2-1"	"TCRBJ2-1*1"	-1	59	62	66	60	4	NA	NA	"CTGAATGTGAACGCCTTGGAGCTGGACGACTCGGCCCTGTATCTCTGTGCCAGCAGCTTACTTTCTAATGAGCAGTTCTTCGGGCCA"	FALSE	TRUE	NA	NA	NA	NA
"AATGTGAACGCCTTGGAGCTGGAGGACTCGGCCCTGTATCTCTGTGCCAGCAGCCTAGGGAATTCCTACGAGCAGTACTTCGGGCCG"	"CASSLGNSYEQYF"	"AATGTGAACGCCTTGGAGCTGGAGGACTCGGCCCTGTATCTCTGTGCCAGCAGCCTAGGGAATTCCTACGAGCAGTACTTCGGGCCG"	"CASSLGNSYEQYF"	"TCRBV5-8*1"	NA	"TCRBJ2-7*1"	54	57	61	63	3	2	NA	NA	"AATGTGAACGCCTTGGAGCTGGAGGACTCGGCCCTGTATCTCTGTGCCAGCAGCCTAGGGAATTCCTACGAGCAGTACTTCGGGCCG"	FALSE	TRUE	NA	NA	NA	NA
"GTGAGCACCTTGGAGCTGGGGGACTCGGCCCTTTATCTTTGCGCCAGCAGCTTCGGACAGACAACAGATACGCAGTATTTTGGCCCA"	"CASSFGQTTDTQYF"	"GTGAGCACCTTGGAGCTGGGGGACTCGGCCCTTTATCTTTGCGCCAGCAGCTTCGGACAGACAACAGATACGCAGTATTTTGGCCCA"	"CASSFGQTTDTQYF"	"TCRBV5-1*1"	"TCRBD1-1*1"	"TCRBJ2-3*1"	53	54	60	63	1	3	NA	NA	"GTGAGCACCTTGGAGCTGGGGGACTCGGCCCTTTATCTTTGCGCCAGCAGCTTCGGACAGACAACAGATACGCAGTATTTTGGCCCA"	FALSE	TRUE	NA	NA	NA	NA
"ATCCAGCCTGCAGAGCTTGGGGACTCGGCCGTGTATCTCTGTGCCAGCAGCTTCGGGAAGATGAATTCACCCCTCCACTTTGGGAAT"	"CASSFGKMNSPLHF"	"ATCCAGCCTGCAGAGCTTGGGGACTCGGCCGTGTATCTCTGTGCCAGCAGCTTCGGGAAGATGAATTCACCCCTCCACTTTGGGAAT"	"CASSFGKMNSPLHF"	"TCRBV11-3*1"	"TCRBD2-1*2"	"TCRBJ1-6*1"	-1	53	58	63	54	5	NA	NA	"ATCCAGCCTGCAGAGCTTGGGGACTCGGCCGTGTATCTCTGTGCCAGCAGCTTCGGGAAGATGAATTCACCCCTCCACTTTGGGAAT"	FALSE	TRUE	NA	NA	NA	NA
"CGCTCACCAGGCCTGGGGGACGCAGCCATGTACCTGTGTGCCACCAGCAGAGGGGACAGGGGGGACACTGAAGCTTTCTTTGGACAA"	"CATSRGDRGDTEAFF"	"CGCTCACCAGGCCTGGGGGACGCAGCCATGTACCTGTGTGCCACCAGCAGAGGGGACAGGGGGGACACTGAAGCTTTCTTTGGACAA"	"CATSRGDRGDTEAFF"	"TCRBV15-1*2"	"TCRBD1-1*1"	"TCRBJ1-1*1"	-1	52	63	64	53	1	NA	NA	"CGCTCACCAGGCCTGGGGGACGCAGCCATGTACCTGTGTGCCACCAGCAGAGGGGACAGGGGGGACACTGAAGCTTTCTTTGGACAA"	FALSE	TRUE	NA	NA	NA	NA
"GCGCACAGAGCAGGGGGACTCGGCCATGTATCTCTGTGCCAGCAGTCATGGACAGGGTCGGGCAATTCACCCCTCCACTTTGGGAAT"	""	"GCGCACAGAGCAGGGGGACTCGGCCATGTATCTCTGTGCCAGCAGTCATGGACAGGGTCGGGCAATTCACCCCTCCACTTTGGGAAT"	""	"TCRBV7-9*1"	"TCRBD1-1*1"	"TCRBJ1-6*1"	45	49	57	63	4	6	NA	NA	"GCGCACAGAGCAGGGGGACTCGGCCATGTATCTCTGTGCCAGCAGTCATGGACAGGGTCGGGCAATTCACCCCTCCACTTTGGGAAT"	FALSE	FALSE	NA	NA	NA	NA
"GCCCATCCTGAAGACAGCAGCTTCTACATCTGCAGTGCTAGTTCAGCAGGGGGCGGCGGGAGTAGGTACGAGCAGTACTTCGGGCCG"	"CSASSAGGGGSRYEQYF"	"GCCCATCCTGAAGACAGCAGCTTCTACATCTGCAGTGCTAGTTCAGCAGGGGGCGGCGGGAGTAGGTACGAGCAGTACTTCGGGCCG"	"CSASSAGGGGSRYEQYF"	"TCRBV2-1*4"	"TCRBD1-1*1"	"TCRBJ2-7*1"	42	46	54	66	4	12	NA	NA	"GCCCATCCTGAAGACAGCAGCTTCTACATCTGCAGTGCTAGTTCAGCAGGGGGCGGCGGGAGTAGGTACGAGCAGTACTTCGGGCCG"	FALSE	TRUE	NA	NA	NA	NA
"CTGGAGTCCGCCAGCACCAACCAGACATCTATGTACCTCTGTGCCAGCAGGGCGGCACAGGTGAACACTGAAGCTTTCTTTGGACAA"	"CASRAAQVNTEAFF"	"CTGGAGTCCGCCAGCACCAACCAGACATCTATGTACCTCTGTGCCAGCAGGGCGGCACAGGTGAACACTGAAGCTTTCTTTGGACAA"	"CASRAAQVNTEAFF"	"TCRBV28-1*1"	"TCRBD1-1*1"	"TCRBJ1-1*1"	50	56	-1	61	6	62	NA	NA	"CTGGAGTCCGCCAGCACCAACCAGACATCTATGTACCTCTGTGCCAGCAGGGCGGCACAGGTGAACACTGAAGCTTTCTTTGGACAA"	FALSE	TRUE	NA	NA	NA	NA
"ACCAGTGCCCATCCTGAAGACAGCAGCTTCTACATCTGCAGTGCTAGTTTTGTACCGGAGGGCCGAGATACGCAGTATTTTGGCCCA"	"CSASFVPEGRDTQYF"	"ACCAGTGCCCATCCTGAAGACAGCAGCTTCTACATCTGCAGTGCTAGTTTTGTACCGGAGGGCCGAGATACGCAGTATTTTGGCCCA"	"CSASFVPEGRDTQYF"	"TCRBV2-1*4"	"TCRBD2-1*2"	"TCRBJ2-3*1"	48	56	62	65	8	3	NA	NA	"ACCAGTGCCCATCCTGAAGACAGCAGCTTCTACATCTGCAGTGCTAGTTTTGTACCGGAGGGCCGAGATACGCAGTATTTTGGCCCA"	FALSE	TRUE	NA	NA	NA	NA
"CCCCTCACTCTGGAGTCTGCTGCCTCCTCCCAGACATCTGTATATTTCTGCGCCAGCAGCTCTACCGGGGAGCTGTTTTTTGGAGAA"	"CASSSTGELFF"	"CCCCTCACTCTGGAGTCTGCTGCCTCCTCCCAGACATCTGTATATTTCTGCGCCAGCAGCTCTACCGGGGAGCTGTTTTTTGGAGAA"	"CASSSTGELFF"	"TCRBV1-1*1"	"TCRBD2-1"	"TCRBJ2-2*1"	-1	59	61	63	60	2	NA	NA	"CCCCTCACTCTGGAGTCTGCTGCCTCCTCCCAGACATCTGTATATTTCTGCGCCAGCAGCTCTACCGGGGAGCTGTTTTTTGGAGAA"	FALSE	TRUE	NA	NA	NA	NA
"CTCAAGATCCAGCCTGCAGAGCTTGGGGACTCGGCCGTGTATCTCTGTGCCAGCAGCCCTGCCACCGGGGAGCTGTTTTTTGGAGAA"	"CASSPATGELFF"	"CTCAAGATCCAGCCTGCAGAGCTTGGGGACTCGGCCGTGTATCTCTGTGCCAGCAGCCCTGCCACCGGGGAGCTGTTTTTTGGAGAA"	"CASSPATGELFF"	"TCRBV11-3*1"	NA	"TCRBJ2-2*1"	57	60	-1	62	3	63	NA	NA	"CTCAAGATCCAGCCTGCAGAGCTTGGGGACTCGGCCGTGTATCTCTGTGCCAGCAGCCCTGCCACCGGGGAGCTGTTTTTTGGAGAA"	FALSE	TRUE	NA	NA	NA	NA
"ACGCCTTGGAGCTGGAGGACTCGGCCCTGTATCTCTGTGCCAGCCCTCGATTGGGACTCCAACTCCTACGAGCAGTACTTCGGGCCG"	""	"ACGCCTTGGAGCTGGAGGACTCGGCCCTGTATCTCTGTGCCAGCCCTCGATTGGGACTCCAACTCCTACGAGCAGTACTTCGGGCCG"	""	"TCRBV5-8*1"	"TCRBD2-1"	"TCRBJ2-7*1"	44	52	58	62	8	4	NA	NA	"ACGCCTTGGAGCTGGAGGACTCGGCCCTGTATCTCTGTGCCAGCCCTCGATTGGGACTCCAACTCCTACGAGCAGTACTTCGGGCCG"	FALSE	FALSE	NA	NA	NA	NA
"CAGCCCTCAGAACCCAGGGACTCAGCTGTGTACTTCTGTGCCAGCAGTTTAGCGGGAGGAGATTCCTACGAGCAGTACTTCGGGCCG"	"CASSLAGGDSYEQYF"	"CAGCCCTCAGAACCCAGGGACTCAGCTGTGTACTTCTGTGCCAGCAGTTTAGCGGGAGGAGATTCCTACGAGCAGTACTTCGGGCCG"	"CASSLAGGDSYEQYF"	NA	"TCRBD2-1*2"	"TCRBJ2-7*1"	-1	53	59	63	54	4	NA	NA	"CAGCCCTCAGAACCCAGGGACTCAGCTGTGTACTTCTGTGCCAGCAGTTTAGCGGGAGGAGATTCCTACGAGCAGTACTTCGGGCCG"	FALSE	TRUE	NA	NA	NA	NA
"GAGTCGCCCAGCCCCAACCAGACCTCTCTGTACTTCTGTGCCAGCAGCCCGGACAGGTTATTAACCTACGAGCAGTACTTCGGGCCG"	"CASSPDRLLTYEQYF"	"GAGTCGCCCAGCCCCAACCAGACCTCTCTGTACTTCTGTGCCAGCAGCCCGGACAGGTTATTAACCTACGAGCAGTACTTCGGGCCG"	"CASSPDRLLTYEQYF"	"TCRBV27-1*1"	"TCRBD1-1*1"	"TCRBJ2-7*1"	47	50	57	64	3	7	NA	NA	"GAGTCGCCCAGCCCCAACCAGACCTCTCTGTACTTCTGTGCCAGCAGCCCGGACAGGTTATTAACCTACGAGCAGTACTTCGGGCCG"	FALSE	TRUE	NA	NA	NA	NA
"AGATCCAGTCCACGGAGTCAGGGGACACAGCACTGTATTTCTGTGCCAGCAGCCCTAGGCGGTAATGAAAAACTGTTTTTTGGCAGT"	""	"AGATCCAGTCCACGGAGTCAGGGGACACAGCACTGTATTTCTGTGCCAGCAGCCCTAGGCGGTAATGAAAAACTGTTTTTTGGCAGT"	""	"TCRBV21-1*1"	"TCRBD2-1"	"TCRBJ1-4*1"	53	54	58	62	1	4	NA	NA	"AGATCCAGTCCACGGAGTCAGGGGACACAGCACTGTATTTCTGTGCCAGCAGCCCTAGGCGGTAATGAAAAACTGTTTTTTGGCAGT"	FALSE	FALSE	NA	NA	NA	NA
"CGCACAGAGCAGGGGGACTCGGCCATGTATCTCTGTGCCAGCAGCCCCACCTTTAGCGGTCCGTTCTACGAGCAGTACTTCGGGCCG"	"CASSPTFSGPFYEQYF"	"CGCACAGAGCAGGGGGACTCGGCCATGTATCTCTGTGCCAGCAGCCCCACCTTTAGCGGTCCGTTCTACGAGCAGTACTTCGGGCCG"	"CASSPTFSGPFYEQYF"	"TCRBV7-9*1"	"TCRBD2-1"	"TCRBJ2-7*1"	45	53	59	65	8	6	NA	NA	"CGCACAGAGCAGGGGGACTCGGCCATGTATCTCTGTGCCAGCAGCCCCACCTTTAGCGGTCCGTTCTACGAGCAGTACTTCGGGCCG"	FALSE	TRUE	NA	NA	NA	NA
"GGAGTCGCCCAGCCCCAACCAGACCTCTCTGTACTTCTGTGCCAGCAGTTATCAGGGGTAAGACGGGAGACCCAGTACTTCGGGCCA"	""	"GGAGTCGCCCAGCCCCAACCAGACCTCTCTGTACTTCTGTGCCAGCAGTTATCAGGGGTAAGACGGGAGACCCAGTACTTCGGGCCA"	""	"TCRBV27-1*1"	"TCRBD1-1*1"	"TCRBJ2-5*1"	50	52	58	66	2	8	NA	NA	"GGAGTCGCCCAGCCCCAACCAGACCTCTCTGTACTTCTGTGCCAGCAGTTATCAGGGGTAAGACGGGAGACCCAGTACTTCGGGCCA"	FALSE	FALSE	NA	NA	NA	NA
"CGCACAGAGCAGGGGGACTCGGCCATGTATCTCTGTGCCAGCAGCCCGGCCCTTGGGGGCCACAACAATGAGCAGTTCTTCGGGCCA"	"CASSPALGGHNNEQFF"	"CGCACAGAGCAGGGGGACTCGGCCATGTATCTCTGTGCCAGCAGCCCGGCCCTTGGGGGCCACAACAATGAGCAGTTCTTCGGGCCA"	"CASSPALGGHNNEQFF"	"TCRBV7-9*1"	"TCRBD1-1*1"	"TCRBJ2-1*1"	45	54	60	64	9	4	NA	NA	"CGCACAGAGCAGGGGGACTCGGCCATGTATCTCTGTGCCAGCAGCCCGGCCCTTGGGGGCCACAACAATGAGCAGTTCTTCGGGCCA"	FALSE	TRUE	NA	NA	NA	NA
"CAACCAGACAGCTCTTTACTTCTGTGCCACCAGTGACCACCACATCCCGACGGGACCTAATACACAGATACGCAGTATTTTGGCCCA"	""	"CAACCAGACAGCTCTTTACTTCTGTGCCACCAGTGACCACCACATCCCGACGGGACCTAATACACAGATACGCAGTATTTTGGCCCA"	""	"TCRBV24-1*1"	NA	"TCRBJ2-3*1"	36	51	56	62	15	6	NA	NA	"CAACCAGACAGCTCTTTACTTCTGTGCCACCAGTGACCACCACATCCCGACGGGACCTAATACACAGATACGCAGTATTTTGGCCCA"	FALSE	FALSE	NA	NA	NA	NA
"NNNNNNNNNNTGTCGGCTGCTCCCTCCCAAACATCTGTGTACTTCTGTGCCAGCAGCTACGCCGATCAGCCCCAGCATTTTGGTGAT"	"CASSYADQPQHF"	"NNNNNNNNNNTGTCGGCTGCTCCCTCCCAAACATCTGTGTACTTCTGTGCCAGCAGCTACGCCGATCAGCCCCAGCATTTTGGTGAT"	"CASSYADQPQHF"	NA	NA	"TCRBJ1-5*1"	-1	60	62	64	61	2	NA	NA	"NNNNNNNNNNTGTCGGCTGCTCCCTCCCAAACATCTGTGTACTTCTGTGCCAGCAGCTACGCCGATCAGCCCCAGCATTTTGGTGAT"	FALSE	TRUE	NA	NA	NA	NA
"ACAGAGCAGGAGGACTCGGCCGTGTATCTCTGTGCCAGCAGCTCAGAGGGGGCCCGGACCGGCACAGATACGCAGTATTTTGGCCCA"	"CASSSEGARTGTDTQYF"	"ACAGAGCAGGAGGACTCGGCCGTGTATCTCTGTGCCAGCAGCTCAGAGGGGGCCCGGACCGGCACAGATACGCAGTATTTTGGCCCA"	"CASSSEGARTGTDTQYF"	"TCRBV7-2"	"TCRBD1-1*1"	"TCRBJ2-3*1"	43	46	53	61	3	8	NA	NA	"ACAGAGCAGGAGGACTCGGCCGTGTATCTCTGTGCCAGCAGCTCAGAGGGGGCCCGGACCGGCACAGATACGCAGTATTTTGGCCCA"	FALSE	TRUE	NA	NA	NA	NA
"NTGTCGGCTGCTCCCTCCCAGACATCTGTGTACTTCTGTGCCAGCAGTGAACGTGAAAGCGGAGGTTACGAGCAGTACTTCGGGCCG"	"CASSERESGGYEQYF"	"NTGTCGGCTGCTCCCTCCCAGACATCTGTGTACTTCTGTGCCAGCAGTGAACGTGAAAGCGGAGGTTACGAGCAGTACTTCGGGCCG"	"CASSERESGGYEQYF"	"TCRBV6-1*1"	"TCRBD2-1"	"TCRBJ2-7*1"	51	57	62	66	6	4	NA	NA	"NTGTCGGCTGCTCCCTCCCAGACATCTGTGTACTTCTGTGCCAGCAGTGAACGTGAAAGCGGAGGTTACGAGCAGTACTTCGGGCCG"	FALSE	TRUE	NA	NA	NA	NA
"TCGGCTGCTCCCTCCCAAACATCTGTGTACTTCTGTGCCAGCAGTTACCTTCGGGTAGCGGACACCGGGGAGCTGTTTTTTGGAGAA"	"CASSYLRVADTGELFF"	"TCGGCTGCTCCCTCCCAAACATCTGTGTACTTCTGTGCCAGCAGTTACCTTCGGGTAGCGGACACCGGGGAGCTGTTTTTTGGAGAA"	"CASSYLRVADTGELFF"	"TCRBV6-2/6-3*1"	"TCRBD2-1"	"TCRBJ2-2*1"	48	55	-1	61	7	62	NA	NA	"TCGGCTGCTCCCTCCCAAACATCTGTGTACTTCTGTGCCAGCAGTTACCTTCGGGTAGCGGACACCGGGGAGCTGTTTTTTGGAGAA"	FALSE	TRUE	NA	NA	NA	NA
"CAGCCTGCAAAGCTTGAGGACTCGGCCGTGTATCTCTGTGCCAGCAGCTCCCTTAGGGGCGGGAGTTACGAGCAGTACTTCGGGCCG"	"CASSSLRGGSYEQYF"	"CAGCCTGCAAAGCTTGAGGACTCGGCCGTGTATCTCTGTGCCAGCAGCTCCCTTAGGGGCGGGAGTTACGAGCAGTACTTCGGGCCG"	"CASSSLRGGSYEQYF"	"TCRBV11-2*1"	"TCRBD2-1*2"	"TCRBJ2-7*1"	49	58	65	66	9	1	NA	NA	"CAGCCTGCAAAGCTTGAGGACTCGGCCGTGTATCTCTGTGCCAGCAGCTCCCTTAGGGGCGGGAGTTACGAGCAGTACTTCGGGCCG"	FALSE	TRUE	NA	NA	NA	NA
"ACAGAGCGGGGGGACTCAGCCGTGTATCTCTGTGCCAGCAGCTTAAGTGGGGACTAGCTGAACACCGGGGAGCTGTTTTTTGGAGAA"	"CASSLSGD*LNTGELFF"	"ACAGAGCGGGGGGACTCAGCCGTGTATCTCTGTGCCAGCAGCTTAAGTGGGGACTAGCTGAACACCGGGGAGCTGTTTTTTGGAGAA"	"CASSLSGD*LNTGELFF"	"TCRBV7-3*1"	"TCRBD2-1"	"TCRBJ2-2*1"	46	49	58	59	3	1	NA	NA	"ACAGAGCGGGGGGACTCAGCCGTGTATCTCTGTGCCAGCAGCTTAAGTGGGGACTAGCTGAACACCGGGGAGCTGTTTTTTGGAGAA"	FALSE	TRUE	NA	NA	NA	NA
"GTCTGCTGCCTCCTCCCAGACATCTGTATATTTCTGCGCCAGCAGCTGACAGCGCGGCGAGATAATGAAAAACTGTTTTTTGGCAGT"	""	"GTCTGCTGCCTCCTCCCAGACATCTGTATATTTCTGCGCCAGCAGCTGACAGCGCGGCGAGATAATGAAAAACTGTTTTTTGGCAGT"	""	"TCRBV1-1"	"TCRBD1-1*1"	"TCRBJ1-4*1"	45	47	52	62	2	10	NA	NA	"GTCTGCTGCCTCCTCCCAGACATCTGTATATTTCTGCGCCAGCAGCTGACAGCGCGGCGAGATAATGAAAAACTGTTTTTTGGCAGT"	FALSE	FALSE	NA	NA	NA	NA
"CCTGCAAAGCTTGAGGACTCGGCCGTGTATCTCTGTGCCAGCAGCTTATGGGAGACTAGCGGCTACAATGAGCAGTTCTTCGGGCCA"	"CASSLWETSGYNEQFF"	"CCTGCAAAGCTTGAGGACTCGGCCGTGTATCTCTGTGCCAGCAGCTTATGGGAGACTAGCGGCTACAATGAGCAGTTCTTCGGGCCA"	"CASSLWETSGYNEQFF"	"TCRBV11-2"	"TCRBD2-1"	"TCRBJ2-1*1"	48	53	-1	62	5	63	NA	NA	"CCTGCAAAGCTTGAGGACTCGGCCGTGTATCTCTGTGCCAGCAGCTTATGGGAGACTAGCGGCTACAATGAGCAGTTCTTCGGGCCA"	FALSE	TRUE	NA	NA	NA	NA
"AGAGTCTGCCATCCCCAACCAGACAGCTCTTTACTTCTGTGCCGTCCGGGACAGGGCGTGTATAATTCACCCCTCCACTTTGGGAAT"	""	"AGAGTCTGCCATCCCCAACCAGACAGCTCTTTACTTCTGTGCCGTCCGGGACAGGGCGTGTATAATTCACCCCTCCACTTTGGGAAT"	""	"TCRBV24-1*1"	"TCRBD1-1*1"	"TCRBJ1-6*1"	43	47	56	60	4	4	NA	NA	"AGAGTCTGCCATCCCCAACCAGACAGCTCTTTACTTCTGTGCCGTCCGGGACAGGGCGTGTATAATTCACCCCTCCACTTTGGGAAT"	FALSE	FALSE	NA	NA	NA	NA
"GGTCCACAAAGCTGGAGGACTCAGCCATGTACTTCTGTGCCAGCAGCTCGAACTAGCGGGTTCACCGGGGAGCTGTTTTTTGGAGAA"	""	"GGTCCACAAAGCTGGAGGACTCAGCCATGTACTTCTGTGCCAGCAGCTCGAACTAGCGGGTTCACCGGGGAGCTGTTTTTTGGAGAA"	""	"TCRBV2-1"	"TCRBD2-1"	"TCRBJ2-2*1"	46	51	60	62	5	2	NA	NA	"GGTCCACAAAGCTGGAGGACTCAGCCATGTACTTCTGTGCCAGCAGCTCGAACTAGCGGGTTCACCGGGGAGCTGTTTTTTGGAGAA"	FALSE	FALSE	NA	NA	NA	NA
"GAGTCCGCCAGCACCAACCAGACATCTATGTACCTCTGTGCCAGCAGTCCCCGAATGGGGGAAGGGACTGAAGCTTTCTTTGGACAA"	"CASSPRMGEGTEAFF"	"GAGTCCGCCAGCACCAACCAGACATCTATGTACCTCTGTGCCAGCAGTCCCCGAATGGGGGAAGGGACTGAAGCTTTCTTTGGACAA"	"CASSPRMGEGTEAFF"	"TCRBV28-1*1"	NA	"TCRBJ1-1*1"	48	56	61	66	8	5	NA	NA	"GAGTCCGCCAGCACCAACCAGACATCTATGTACCTCTGTGCCAGCAGTCCCCGAATGGGGGAAGGGACTGAAGCTTTCTTTGGACAA"	FALSE	TRUE	NA	NA	NA	NA
"TGGGGGACTCGGCCCTGTATCTCTGTGCCAGAATTGGTTACTCCGACAGGAAGGAAGGTTTATACCGGGGAGCTGTTTTTTGGAGAA"	""	"TGGGGGACTCGGCCCTGTATCTCTGTGCCAGAATTGGTTACTCCGACAGGAAGGAAGGTTTATACCGGGGAGCTGTTTTTTGGAGAA"	""	"TCRBV5-3"	"TCRBD1-1*1"	"TCRBJ2-2*1"	33	44	50	63	11	13	NA	NA	"TGGGGGACTCGGCCCTGTATCTCTGTGCCAGAATTGGTTACTCCGACAGGAAGGAAGGTTTATACCGGGGAGCTGTTTTTTGGAGAA"	FALSE	FALSE	NA	NA	NA	NA
"AGTCGCCCAGCCCCAACCAGACCTCTCTGTACTTCTGTGCCAGCGTCCCATAAGCGGGAGGGCACAGATACGCAGTATTTTGGCCCA"	""	"AGTCGCCCAGCCCCAACCAGACCTCTCTGTACTTCTGTGCCAGCGTCCCATAAGCGGGAGGGCACAGATACGCAGTATTTTGGCCCA"	""	"TCRBV27-1*1"	"TCRBD2-1*2"	"TCRBJ2-3*1"	44	52	-1	61	8	62	NA	NA	"AGTCGCCCAGCCCCAACCAGACCTCTCTGTACTTCTGTGCCAGCGTCCCATAAGCGGGAGGGCACAGATACGCAGTATTTTGGCCCA"	FALSE	FALSE	NA	NA	NA	NA
"GTGAGCACCTTGGAGCTGGGGGACTCGGCCCTTTATCTTTGCGCCAGCAGCTTTACGGAATCTGGAAACACCATATATTTTGGAGAG"	"CASSFTESGNTIYF"	"GTGAGCACCTTGGAGCTGGGGGACTCGGCCCTTTATCTTTGCGCCAGCAGCTTTACGGAATCTGGAAACACCATATATTTTGGAGAG"	"CASSFTESGNTIYF"	"TCRBV5-1*1"	NA	"TCRBJ1-3*1"	53	56	59	60	3	1	NA	NA	"GTGAGCACCTTGGAGCTGGGGGACTCGGCCCTTTATCTTTGCGCCAGCAGCTTTACGGAATCTGGAAACACCATATATTTTGGAGAG"	FALSE	TRUE	NA	NA	NA	NA
"CTGGGGGACTCGGCCCTGTATCTCTGTGCCAGCAGCTCATCATCTAGCGGGAGGTCCCCCATAGTGGGCGAGCAGTACTTCGGGCCG"	"CASSSSSSGRSPIVGEQYF"	"CTGGGGGACTCGGCCCTGTATCTCTGTGCCAGCAGCTCATCATCTAGCGGGAGGTCCCCCATAGTGGGCGAGCAGTACTTCGGGCCG"	"CASSSSSSGRSPIVGEQYF"	"TCRBV5-5*1"	"TCRBD2-1*2"	"TCRBJ2-7*1"	37	43	54	68	6	14	NA	NA	"CTGGGGGACTCGGCCCTGTATCTCTGTGCCAGCAGCTCATCATCTAGCGGGAGGTCCCCCATAGTGGGCGAGCAGTACTTCGGGCCG"	FALSE	TRUE	NA	NA	NA	NA
"CGGTCCACAAAGCTGGAGGACTCAGCCATGTACTTCTGTGCCAGCGCGCAGGGGGTCATGACAAACTACGAGCAGTACTTCGGGCCG"	"CASAQGVMTNYEQYF"	"CGGTCCACAAAGCTGGAGGACTCAGCCATGTACTTCTGTGCCAGCGCGCAGGGGGTCATGACAAACTACGAGCAGTACTTCGGGCCG"	"CASAQGVMTNYEQYF"	"TCRBV2-1"	"TCRBD1-1*1"	"TCRBJ2-7*1"	45	48	55	65	3	10	NA	NA	"CGGTCCACAAAGCTGGAGGACTCAGCCATGTACTTCTGTGCCAGCGCGCAGGGGGTCATGACAAACTACGAGCAGTACTTCGGGCCG"	FALSE	TRUE	NA	NA	NA	NA
"ACTCTGACGATCCAGCGCACAGAGCAGGAGGACTCGGCCGTGTATCTCTGTGCCAGCAGCTTAGGGGATACGCAGTATTTTGGCCCA"	"CASSLGDTQYF"	"ACTCTGACGATCCAGCGCACAGAGCAGGAGGACTCGGCCGTGTATCTCTGTGCCAGCAGCTTAGGGGATACGCAGTATTTTGGCCCA"	"CASSLGDTQYF"	"TCRBV7-2"	NA	"TCRBJ2-3*1"	-1	64	-1	66	65	67	NA	NA	"ACTCTGACGATCCAGCGCACAGAGCAGGAGGACTCGGCCGTGTATCTCTGTGCCAGCAGCTTAGGGGATACGCAGTATTTTGGCCCA"	FALSE	TRUE	NA	NA	NA	NA
"TCCGCCAGCACCAACCAGACATCTATGTACCTCTGTGCCAGCAGTCTCGGGGCCGGGGGATGGACCGGGGAGCTGTTTTTTGGAGAA"	"CASSLGAGGWTGELFF"	"TCCGCCAGCACCAACCAGACATCTATGTACCTCTGTGCCAGCAGTCTCGGGGCCGGGGGATGGACCGGGGAGCTGTTTTTTGGAGAA"	"CASSLGAGGWTGELFF"	"TCRBV28-1*1"	"TCRBD2-1*1"	"TCRBJ2-2*1"	45	53	59	63	8	4	NA	NA	"TCCGCCAGCACCAACCAGACATCTATGTACCTCTGTGCCAGCAGTCTCGGGGCCGGGGGATGGACCGGGGAGCTGTTTTTTGGAGAA"	FALSE	TRUE	NA	NA	NA	NA
"AACCCAGGGACTCAGCTGTGTACTTCTGTGCCAGCAGTATACGGACTAGCGGGTGATTTCAACTCCTACGAGCAGTACTTCGGGCCG"	""	"AACCCAGGGACTCAGCTGTGTACTTCTGTGCCAGCAGTATACGGACTAGCGGGTGATTTCAACTCCTACGAGCAGTACTTCGGGCCG"	""	NA	"TCRBD2-1"	"TCRBJ2-7*1"	38	42	53	62	4	9	NA	NA	"AACCCAGGGACTCAGCTGTGTACTTCTGTGCCAGCAGTATACGGACTAGCGGGTGATTTCAACTCCTACGAGCAGTACTTCGGGCCG"	FALSE	FALSE	NA	NA	NA	NA
"CTGACGATCCAGCGCACAGAGCAGGAGGACTCGGCCGTGTATCTCTGTGCCTCCCGGGGGGCTGGGTACGAGCAGTACTTCGGGCCG"	"CASRGAGYEQYF"	"CTGACGATCCAGCGCACAGAGCAGGAGGACTCGGCCGTGTATCTCTGTGCCTCCCGGGGGGCTGGGTACGAGCAGTACTTCGGGCCG"	"CASRGAGYEQYF"	"TCRBV7-2"	"TCRBD2-1*1"	"TCRBJ2-7*1"	51	54	61	66	3	5	NA	NA	"CTGACGATCCAGCGCACAGAGCAGGAGGACTCGGCCGTGTATCTCTGTGCCTCCCGGGGGGCTGGGTACGAGCAGTACTTCGGGCCG"	FALSE	TRUE	NA	NA	NA	NA
"TTCTCCCTGATTCTGGAGTCCGCCAGCACCAACCAGACATCTATGTACCTCTGTGCCAGCAGTTTTTATGAGCAGTTCTTCGGGCCA"	"CASSFYEQFF"	"TTCTCCCTGATTCTGGAGTCCGCCAGCACCAACCAGACATCTATGTACCTCTGTGCCAGCAGTTTTTATGAGCAGTTCTTCGGGCCA"	"CASSFYEQFF"	"TCRBV28-1*1"	NA	"TCRBJ2-1*1"	-1	-1	65	67	0	2	NA	NA	"TTCTCCCTGATTCTGGAGTCCGCCAGCACCAACCAGACATCTATGTACCTCTGTGCCAGCAGTTTTTATGAGCAGTTCTTCGGGCCA"	FALSE	TRUE	NA	NA	NA	NA
"NTGTCGGCTGCTCCCTCCCAGACATCTGTGTACTTCTGTGCCAGCAGACGCGGGGGGGTTAGGGATTCACCCCTCCACTTTGGGAAT"	"CASRRGGVRDSPLHF"	"NTGTCGGCTGCTCCCTCCCAGACATCTGTGTACTTCTGTGCCAGCAGACGCGGGGGGGTTAGGGATTCACCCCTCCACTTTGGGAAT"	"CASRRGGVRDSPLHF"	"TCRBV6-5*1"	"TCRBD2-1*1"	"TCRBJ1-6*1"	47	49	58	64	2	6	NA	NA	"NTGTCGGCTGCTCCCTCCCAGACATCTGTGTACTTCTGTGCCAGCAGACGCGGGGGGGTTAGGGATTCACCCCTCCACTTTGGGAAT"	FALSE	TRUE	NA	NA	NA	NA
"AGCACCTTGGAGCTGGGGGACTCGGCCCTTTATCTTTGCGCCAGCAGCTTGGAGGCGGCCTCCTACAATGAGCAGTTCTTCGGGCCA"	"CASSLEAASYNEQFF"	"AGCACCTTGGAGCTGGGGGACTCGGCCCTTTATCTTTGCGCCAGCAGCTTGGAGGCGGCCTCCTACAATGAGCAGTTCTTCGGGCCA"	"CASSLEAASYNEQFF"	"TCRBV5-1*1"	"TCRBD2-1"	"TCRBJ2-1*1"	52	54	58	59	2	1	NA	NA	"AGCACCTTGGAGCTGGGGGACTCGGCCCTTTATCTTTGCGCCAGCAGCTTGGAGGCGGCCTCCTACAATGAGCAGTTCTTCGGGCCA"	FALSE	TRUE	NA	NA	NA	NA
"TCTGAAGATCCAGCGCACAGAGCGGGGGGACTCAGCCGTGTATCTCTGTGCCAGCAGCTTAAAGGGTCTGAAGCTTTCTTTGGACAA"	""	"TCTGAAGATCCAGCGCACAGAGCGGGGGGACTCAGCCGTGTATCTCTGTGCCAGCAGCTTAAAGGGTCTGAAGCTTTCTTTGGACAA"	""	"TCRBV7-3*1"	NA	"TCRBJ1-1*1"	-1	62	66	67	63	1	NA	NA	"TCTGAAGATCCAGCGCACAGAGCGGGGGGACTCAGCCGTGTATCTCTGTGCCAGCAGCTTAAAGGGTCTGAAGCTTTCTTTGGACAA"	FALSE	FALSE	NA	NA	NA	NA
"AGAGCAGGGGGACTCGGCCATGTATCTCTGTGCCAGCAGCCCCAAGACCAACAGGGTTATCATAATTCACCCCTCCACTTTGGGAAT"	""	"AGAGCAGGGGGACTCGGCCATGTATCTCTGTGCCAGCAGCCCCAAGACCAACAGGGTTATCATAATTCACCCCTCCACTTTGGGAAT"	""	"TCRBV7-9*1"	"TCRBD1-1*1"	"TCRBJ1-6*1"	40	50	56	61	10	5	NA	NA	"AGAGCAGGGGGACTCGGCCATGTATCTCTGTGCCAGCAGCCCCAAGACCAACAGGGTTATCATAATTCACCCCTCCACTTTGGGAAT"	FALSE	FALSE	NA	NA	NA	NA
"CACGGAGTCAGGGGACACAGCACTGTATTTCTGTGCCAGCAGCCAAACGCGGTGGCTCGGCCTAACTACGAGCAGTACTTCGGGCCG"	""	"CACGGAGTCAGGGGACACAGCACTGTATTTCTGTGCCAGCAGCCAAACGCGGTGGCTCGGCCTAACTACGAGCAGTACTTCGGGCCG"	""	"TCRBV21-1*1"	"TCRBD2-1"	"TCRBJ2-7*1"	43	48	52	65	5	13	NA	NA	"CACGGAGTCAGGGGACACAGCACTGTATTTCTGTGCCAGCAGCCAAACGCGGTGGCTCGGCCTAACTACGAGCAGTACTTCGGGCCG"	FALSE	FALSE	NA	NA	NA	NA
"GCTGCTCCCTCCCAGACATCTGTGTACTTCTGTGCCAGCAGTTATGGGCAGGGGAGCTCCTATAATTCACCCCTCCACTTTGGGAAT"	"CASSYGQGSSYNSPLHF"	"GCTGCTCCCTCCCAGACATCTGTGTACTTCTGTGCCAGCAGTTATGGGCAGGGGAGCTCCTATAATTCACCCCTCCACTTTGGGAAT"	"CASSYGQGSSYNSPLHF"	NA	"TCRBD1-1*1"	"TCRBJ1-6*1"	44	48	54	56	4	2	NA	NA	"GCTGCTCCCTCCCAGACATCTGTGTACTTCTGTGCCAGCAGTTATGGGCAGGGGAGCTCCTATAATTCACCCCTCCACTTTGGGAAT"	FALSE	TRUE	NA	NA	NA	NA
"GCCAGCACCAACCAGACATCTATGTACCTCTGTGCCAGCAGTCCCGACCGGACAGGGAATGTTGGAAACATTCAGTACTTCGGCGCC"	"CASSPDRTGNVGNIQYF"	"GCCAGCACCAACCAGACATCTATGTACCTCTGTGCCAGCAGTCCCGACCGGACAGGGAATGTTGGAAACATTCAGTACTTCGGCGCC"	"CASSPDRTGNVGNIQYF"	"TCRBV28-1*1"	"TCRBD1-1*1"	"TCRBJ2-4*1"	42	49	57	65	7	8	NA	NA	"GCCAGCACCAACCAGACATCTATGTACCTCTGTGCCAGCAGTCCCGACCGGACAGGGAATGTTGGAAACATTCAGTACTTCGGCGCC"	FALSE	TRUE	NA	NA	NA	NA
"NNNNNNNTGTCGGCTGCTCCCTCCCAAACATCTGTGTACTTCTGTGCCAGCAGTTACTCCGAAGCCGGGGAGCTGTTTTTTGGAGAA"	"CASSYSEAGELFF"	"NNNNNNNTGTCGGCTGCTCCCTCCCAAACATCTGTGTACTTCTGTGCCAGCAGTTACTCCGAAGCCGGGGAGCTGTTTTTTGGAGAA"	"CASSYSEAGELFF"	"TCRBV6-2/6-3*1"	NA	"TCRBJ2-2*1"	59	60	62	64	1	2	NA	NA	"NNNNNNNTGTCGGCTGCTCCCTCCCAAACATCTGTGTACTTCTGTGCCAGCAGTTACTCCGAAGCCGGGGAGCTGTTTTTTGGAGAA"	FALSE	TRUE	NA	NA	NA	NA
"CTGCAGCCAGAAGACTCAGCCCTGTATCTCTGCGCCAGCAGCCAAAAGGATAGCGGGACAGGGGATTCACCCCTCCACTTTGGGAAT"	"CASSQKDSGTGDSPLHF"	"CTGCAGCCAGAAGACTCAGCCCTGTATCTCTGCGCCAGCAGCCAAAAGGATAGCGGGACAGGGGATTCACCCCTCCACTTTGGGAAT"	"CASSQKDSGTGDSPLHF"	"TCRBV4-1*1"	"TCRBD1-1*1"	"TCRBJ1-6*1"	45	54	-1	64	9	65	NA	NA	"CTGCAGCCAGAAGACTCAGCCCTGTATCTCTGCGCCAGCAGCCAAAAGGATAGCGGGACAGGGGATTCACCCCTCCACTTTGGGAAT"	FALSE	TRUE	NA	NA	NA	NA
"TTCACATCAATTCCCTGGAGCTTGGTGACTCTGCTGTGTATTTCTGTGCCAGCAGCCAGTGGGACGAGAGGCTACACCTTCGGTTCG"	""	"TTCACATCAATTCCCTGGAGCTTGGTGACTCTGCTGTGTATTTCTGTGCCAGCAGCCAGTGGGACGAGAGGCTACACCTTCGGTTCG"	""	"TCRBV3-1/3-2*1"	NA	"TCRBJ1-2*1"	58	60	65	69	2	4	NA	NA	"TTCACATCAATTCCCTGGAGCTTGGTGACTCTGCTGTGTATTTCTGTGCCAGCAGCCAGTGGGACGAGAGGCTACACCTTCGGTTCG"	FALSE	FALSE	NA	NA	NA	NA
"CCCAGCCCCAACCAGACCTCTCTGTACTTCTGTGCCAGCAGTTTATCCGGTGGCGGACGTAGCAATCAGCCCCAGCATTTTGGTGAT"	"CASSLSGGGRSNQPQHF"	"CCCAGCCCCAACCAGACCTCTCTGTACTTCTGTGCCAGCAGTTTATCCGGTGGCGGACGTAGCAATCAGCCCCAGCATTTTGGTGAT"	"CASSLSGGGRSNQPQHF"	"TCRBV27-1*1"	NA	"TCRBJ1-5*1"	47	54	58	59	7	1	NA	NA	"CCCAGCCCCAACCAGACCTCTCTGTACTTCTGTGCCAGCAGTTTATCCGGTGGCGGACGTAGCAATCAGCCCCAGCATTTTGGTGAT"	FALSE	TRUE	NA	NA	NA	NA
"TCCTCAGAACCGGGAGACACGGCACTGTATCTCTGCGCCAGCAGGTGCAGGGGGCGACATGAAGACACTGAAGCTTTCTTTGGACAA"	"CASRCRGRHEDTEAFF"	"TCCTCAGAACCGGGAGACACGGCACTGTATCTCTGCGCCAGCAGGTGCAGGGGGCGACATGAAGACACTGAAGCTTTCTTTGGACAA"	"CASRCRGRHEDTEAFF"	"TCRBV23-1*1"	"TCRBD1-1*1"	"TCRBJ1-1*1"	44	47	55	64	3	9	NA	NA	"TCCTCAGAACCGGGAGACACGGCACTGTATCTCTGCGCCAGCAGGTGCAGGGGGCGACATGAAGACACTGAAGCTTTCTTTGGACAA"	FALSE	TRUE	NA	NA	NA	NA
"GCTGTACCCTCTCAGACATCTGTGTACTTCTGTGCCAGCAGTGACTCGCTCAAACTGGTGAGCCTTAATGAGCAGTTCTTCGGGCCA"	"CASSDSLKLVSLNEQFF"	"GCTGTACCCTCTCAGACATCTGTGTACTTCTGTGCCAGCAGTGACTCGCTCAAACTGGTGAGCCTTAATGAGCAGTTCTTCGGGCCA"	"CASSDSLKLVSLNEQFF"	"TCRBV6-4*1"	"TCRBD2-1"	"TCRBJ2-1*1"	47	53	56	66	6	10	NA	NA	"GCTGTACCCTCTCAGACATCTGTGTACTTCTGTGCCAGCAGTGACTCGCTCAAACTGGTGAGCCTTAATGAGCAGTTCTTCGGGCCA"	FALSE	TRUE	NA	NA	NA	NA
"TCTGCCATCCCCAACCAGACAGCTCTTTACTTCTGTGCCACCAGTGACCTAGGGGGAGTCAGCACAGATACGCAGTATTTTGGCCCA"	"CATSDLGGVSTDTQYF"	"TCTGCCATCCCCAACCAGACAGCTCTTTACTTCTGTGCCACCAGTGACCTAGGGGGAGTCAGCACAGATACGCAGTATTTTGGCCCA"	"CATSDLGGVSTDTQYF"	"TCRBV24-1*1"	"TCRBD1-1*1"	"TCRBJ2-3*1"	47	50	56	60	3	4	NA	NA	"TCTGCCATCCCCAACCAGACAGCTCTTTACTTCTGTGCCACCAGTGACCTAGGGGGAGTCAGCACAGATACGCAGTATTTTGGCCCA"	FALSE	TRUE	NA	NA	NA	NA
"NNTGTCGGCTGCTCCCTCCCAGACATCTGTGTACTTCTGTGCCAGCAACCCCCGGGACAGGGCTGGTCACCCCTCCACTTTGGGAAT"	""	"NNTGTCGGCTGCTCCCTCCCAGACATCTGTGTACTTCTGTGCCAGCAACCCCCGGGACAGGGCTGGTCACCCCTCCACTTTGGGAAT"	""	"TCRBV6-5*1"	"TCRBD1-1*1"	"TCRBJ1-6*1"	47	53	62	66	6	4	NA	NA	"NNTGTCGGCTGCTCCCTCCCAGACATCTGTGTACTTCTGTGCCAGCAACCCCCGGGACAGGGCTGGTCACCCCTCCACTTTGGGAAT"	FALSE	FALSE	NA	NA	NA	NA
"NNNNTGAAGATCCAGCCCTCAGAACCCAGGGACTCAGCTGTGTACTTCTGTGCCAGCAGTTTCCCCGGGGAGCTGTTTTTTGGAGAA"	"CASSFPGELFF"	"NNNNTGAAGATCCAGCCCTCAGAACCCAGGGACTCAGCTGTGTACTTCTGTGCCAGCAGTTTCCCCGGGGAGCTGTTTTTTGGAGAA"	"CASSFPGELFF"	"TCRBV12-3/12-4*1"	NA	"TCRBJ2-2*1"	-1	-1	62	64	0	2	NA	NA	"NNNNTGAAGATCCAGCCCTCAGAACCCAGGGACTCAGCTGTGTACTTCTGTGCCAGCAGTTTCCCCGGGGAGCTGTTTTTTGGAGAA"	FALSE	TRUE	NA	NA	NA	NA
"NNNNNNNTGTCGGCTGCTCCCTCCCAGACATCTGTGTACTTCTGTGCCAGCAGTGAACAGGGGGCCACTGAAGCTTTCTTTGGACAA"	"CASSEQGATEAFF"	"NNNNNNNTGTCGGCTGCTCCCTCCCAGACATCTGTGTACTTCTGTGCCAGCAGTGAACAGGGGGCCACTGAAGCTTTCTTTGGACAA"	"CASSEQGATEAFF"	"TCRBV6-1*1"	"TCRBD1-1*1"	"TCRBJ1-1*1"	-1	57	-1	65	58	66	NA	NA	"NNNNNNNTGTCGGCTGCTCCCTCCCAGACATCTGTGTACTTCTGTGCCAGCAGTGAACAGGGGGCCACTGAAGCTTTCTTTGGACAA"	FALSE	TRUE	NA	NA	NA	NA
"AGTGCCCATCCTGAAGACAGCAGCTTCTACATCTGCAGTGCTAGCCGAGACAGGGGGAATAGCAATCAGCCCCAGCATTTTGGTGAT"	"CSASRDRGNSNQPQHF"	"AGTGCCCATCCTGAAGACAGCAGCTTCTACATCTGCAGTGCTAGCCGAGACAGGGGGAATAGCAATCAGCCCCAGCATTTTGGTGAT"	"CSASRDRGNSNQPQHF"	NA	"TCRBD1-1*1"	"TCRBJ1-5*1"	44	48	57	59	4	2	NA	NA	"AGTGCCCATCCTGAAGACAGCAGCTTCTACATCTGCAGTGCTAGCCGAGACAGGGGGAATAGCAATCAGCCCCAGCATTTTGGTGAT"	FALSE	TRUE	NA	NA	NA	NA
"ACAGTGACCAGTGCCCATCCTGAAGACAGCAGCTTCTACATCTGCAGTGCTAGAGATGTAGCGAGGGAGACCCAGTACTTCGGGCCA"	"CSARDVARETQYF"	"ACAGTGACCAGTGCCCATCCTGAAGACAGCAGCTTCTACATCTGCAGTGCTAGAGATGTAGCGAGGGAGACCCAGTACTTCGGGCCA"	"CSARDVARETQYF"	NA	"TCRBD2-1"	"TCRBJ2-5*1"	56	58	63	66	2	3	NA	NA	"ACAGTGACCAGTGCCCATCCTGAAGACAGCAGCTTCTACATCTGCAGTGCTAGAGATGTAGCGAGGGAGACCCAGTACTTCGGGCCA"	FALSE	TRUE	NA	NA	NA	NA
"AAGCTCCTTCTCAGTGACTCTGGCTTCTATCTCTGTGCCTGGAGTGTATACGGGACTATTACCTACAATGAGCAGTTCTTCGGGCCA"	"CAWSVYGTITYNEQFF"	"AAGCTCCTTCTCAGTGACTCTGGCTTCTATCTCTGTGCCTGGAGTGTATACGGGACTATTACCTACAATGAGCAGTTCTTCGGGCCA"	"CAWSVYGTITYNEQFF"	"TCRBV3-1*1"	"TCRBD2-1"	"TCRBJ2-1*1"	47	51	58	61	4	3	NA	NA	"AAGCTCCTTCTCAGTGACTCTGGCTTCTATCTCTGTGCCTGGAGTGTATACGGGACTATTACCTACAATGAGCAGTTCTTCGGGCCA"	FALSE	TRUE	NA	NA	NA	NA
"ATTCTGGAGTCCGCCAGCACCAACCAGACATCTATGTACCTCTGTGCCAGCACAGAGCAGGGGGCGTTTGGCTACACCTTCGGTTCG"	"CASTEQGAFGYTF"	"ATTCTGGAGTCCGCCAGCACCAACCAGACATCTATGTACCTCTGTGCCAGCACAGAGCAGGGGGCGTTTGGCTACACCTTCGGTTCG"	"CASTEQGAFGYTF"	"TCRBV28-1*1"	"TCRBD1-1*1"	"TCRBJ1-2*1"	52	57	65	68	5	3	NA	NA	"ATTCTGGAGTCCGCCAGCACCAACCAGACATCTATGTACCTCTGTGCCAGCACAGAGCAGGGGGCGTTTGGCTACACCTTCGGTTCG"	FALSE	TRUE	NA	NA	NA	NA
"CAGGAGGACTCGGCCGTGTATCTCTGTGCCAGCAGCTTAGCGGCGAGCGGGGCGGGAGGGCCGACAGATACGCAGTATTTTGGCCCA"	"CASSLAASGAGGPTDTQYF"	"CAGGAGGACTCGGCCGTGTATCTCTGTGCCAGCAGCTTAGCGGCGAGCGGGGCGGGAGGGCCGACAGATACGCAGTATTTTGGCCCA"	"CASSLAASGAGGPTDTQYF"	"TCRBV7-2"	"TCRBD2-1*2"	"TCRBJ2-3*1"	41	51	60	63	10	3	NA	NA	"CAGGAGGACTCGGCCGTGTATCTCTGTGCCAGCAGCTTAGCGGCGAGCGGGGCGGGAGGGCCGACAGATACGCAGTATTTTGGCCCA"	FALSE	TRUE	NA	NA	NA	NA
"NNNNTGTCGGCTGCTCCCTCCCAGACATCTGTGTACTTCTGTGCCAGCAGTCCCACTTCGTTAGGAAACACCATATATTTTGGAGAG"	"CASSPTSLGNTIYF"	"NNNNTGTCGGCTGCTCCCTCCCAGACATCTGTGTACTTCTGTGCCAGCAGTCCCACTTCGTTAGGAAACACCATATATTTTGGAGAG"	"CASSPTSLGNTIYF"	"TCRBV6-5*1"	"TCRBD2-1"	"TCRBJ1-3*1"	51	54	57	63	3	6	NA	NA	"NNNNTGTCGGCTGCTCCCTCCCAGACATCTGTGTACTTCTGTGCCAGCAGTCCCACTTCGTTAGGAAACACCATATATTTTGGAGAG"	FALSE	TRUE	NA	NA	NA	NA
"AGGATCCAGCAGGTAGTGCGAGGAGATTCGGCAGCTTATTTCTGTGCCAGCTCACCAATCCCTCAAGAGACCCAGTACTTCGGGCCA"	"CASSPIPQETQYF"	"AGGATCCAGCAGGTAGTGCGAGGAGATTCGGCAGCTTATTTCTGTGCCAGCTCACCAATCCCTCAAGAGACCCAGTACTTCGGGCCA"	"CASSPIPQETQYF"	"TCRBV18-1*1"	"TCRBD2-1"	"TCRBJ2-5*1"	57	61	-1	63	4	64	NA	NA	"AGGATCCAGCAGGTAGTGCGAGGAGATTCGGCAGCTTATTTCTGTGCCAGCTCACCAATCCCTCAAGAGACCCAGTACTTCGGGCCA"	FALSE	TRUE	NA	NA	NA	NA
"GCAGAGCTTGGGGACTCGGCCGTGTATCTCTGTGCCAGCACCCCCGGGGTGGCTAGCGGGAGTAGGGATGAGCAGTTCTTCGGGCCA"	"CASTPGVASGSRDEQFF"	"GCAGAGCTTGGGGACTCGGCCGTGTATCTCTGTGCCAGCACCCCCGGGGTGGCTAGCGGGAGTAGGGATGAGCAGTTCTTCGGGCCA"	"CASTPGVASGSRDEQFF"	"TCRBV11-3*1"	"TCRBD2-1*2"	"TCRBJ2-1*1"	40	52	62	67	12	5	NA	NA	"GCAGAGCTTGGGGACTCGGCCGTGTATCTCTGTGCCAGCACCCCCGGGGTGGCTAGCGGGAGTAGGGATGAGCAGTTCTTCGGGCCA"	FALSE	TRUE	NA	NA	NA	NA
"ACTGTGAGCAACATGAGCCCTGAAGACAGCAGCATATATCTCTGCAGCGTTGTAGCGGGGCCCTCCTACGAGCAGTACTTCGGGCCG"	"CSVVAGPSYEQYF"	"ACTGTGAGCAACATGAGCCCTGAAGACAGCAGCATATATCTCTGCAGCGTTGTAGCGGGGCCCTCCTACGAGCAGTACTTCGGGCCG"	"CSVVAGPSYEQYF"	"TCRBV29-1"	"TCRBD2-1*1"	"TCRBJ2-7*1"	-1	52	60	62	53	2	NA	NA	"ACTGTGAGCAACATGAGCCCTGAAGACAGCAGCATATATCTCTGCAGCGTTGTAGCGGGGCCCTCCTACGAGCAGTACTTCGGGCCG"	FALSE	TRUE	NA	NA	NA	NA
"GGGGACTCGGCCCTTTATCTTTGCGCCAGCAGCTTGGCCAGGGGGGGCTGGCGGGAGGCATTCTACAATGAGCAGTTCTTCGGGCCA"	"CASSLARGGWREAFYNEQFF"	"GGGGACTCGGCCCTTTATCTTTGCGCCAGCAGCTTGGCCAGGGGGGGCTGGCGGGAGGCATTCTACAATGAGCAGTTCTTCGGGCCA"	"CASSLARGGWREAFYNEQFF"	"TCRBV5-1*1"	"TCRBD2-1*2"	"TCRBJ2-1*1"	37	50	58	62	13	4	NA	NA	"GGGGACTCGGCCCTTTATCTTTGCGCCAGCAGCTTGGCCAGGGGGGGCTGGCGGGAGGCATTCTACAATGAGCAGTTCTTCGGGCCA"	FALSE	TRUE	NA	NA	NA	NA
"TTGTTGCTGGGGGACTCGGCCCTCTATCTCTGTGCCAGCAGCGCGACCGCGGGCGAATACCGCACAGATACGCAGTATTTTGGCCCA"	"CASSATAGEYRTDTQYF"	"TTGTTGCTGGGGGACTCGGCCCTCTATCTCTGTGCCAGCAGCGCGACCGCGGGCGAATACCGCACAGATACGCAGTATTTTGGCCCA"	"CASSATAGEYRTDTQYF"	"TCRBV5-6*1"	"TCRBD2-1"	"TCRBJ2-3*1"	42	48	53	61	6	8	NA	NA	"TTGTTGCTGGGGGACTCGGCCCTCTATCTCTGTGCCAGCAGCGCGACCGCGGGCGAATACCGCACAGATACGCAGTATTTTGGCCCA"	FALSE	TRUE	NA	NA	NA	NA
"CTGAGGATCCAGCAGGTAGTGCGAGGAGATTCGGCAGCTTATTTCTGTGCCAGCTCACCGGGCAAGGATGGCTACACCTTCGGTTCG"	"CASSPGKDGYTF"	"CTGAGGATCCAGCAGGTAGTGCGAGGAGATTCGGCAGCTTATTTCTGTGCCAGCTCACCGGGCAAGGATGGCTACACCTTCGGTTCG"	"CASSPGKDGYTF"	"TCRBV18-1*1"	"TCRBD1-1*1"	"TCRBJ1-2*1"	-1	59	63	67	60	4	NA	NA	"CTGAGGATCCAGCAGGTAGTGCGAGGAGATTCGGCAGCTTATTTCTGTGCCAGCTCACCGGGCAAGGATGGCTACACCTTCGGTTCG"	FALSE	TRUE	NA	NA	NA	NA
"GAACCCGACAGCTTTCTATCTCTGTGCCAGTAGTATAGGAGTCCCCCCTAGCGGGAGGGCCGCGGCGGGGAGCTGTTTTTTGGAGAA"	""	"GAACCCGACAGCTTTCTATCTCTGTGCCAGTAGTATAGGAGTCCCCCCTAGCGGGAGGGCCGCGGCGGGGAGCTGTTTTTTGGAGAA"	""	"TCRBV19-1*1"	"TCRBD2-1*2"	"TCRBJ2-2*1"	38	47	59	65	9	6	NA	NA	"GAACCCGACAGCTTTCTATCTCTGTGCCAGTAGTATAGGAGTCCCCCCTAGCGGGAGGGCCGCGGCGGGGAGCTGTTTTTTGGAGAA"	FALSE	FALSE	NA	NA	NA	NA
"GAGTCGCCCAGCCCCAACCAGACCTCTCTGTACTTCTGTGCCAGCCGCCCTGGGACTAGCATTAGCAATGAGCAGTTCTTCGGGCCA"	"CASRPGTSISNEQFF"	"GAGTCGCCCAGCCCCAACCAGACCTCTCTGTACTTCTGTGCCAGCCGCCCTGGGACTAGCATTAGCAATGAGCAGTTCTTCGGGCCA"	"CASRPGTSISNEQFF"	"TCRBV27-1*1"	"TCRBD2-1"	"TCRBJ2-1*1"	45	51	60	65	6	5	NA	NA	"GAGTCGCCCAGCCCCAACCAGACCTCTCTGTACTTCTGTGCCAGCCGCCCTGGGACTAGCATTAGCAATGAGCAGTTCTTCGGGCCA"	FALSE	TRUE	NA	NA	NA	NA
"CGCTCACCAGGCCTGGGGGACGCAGCCATGTACCTGTGTGCCACCAGAGAATCAGGGAGCTCTAACTATGGCTACACCTTCGGTTCG"	"CATRESGSSNYGYTF"	"CGCTCACCAGGCCTGGGGGACGCAGCCATGTACCTGTGTGCCACCAGAGAATCAGGGAGCTCTAACTATGGCTACACCTTCGGTTCG"	"CATRESGSSNYGYTF"	"TCRBV15-1*2"	NA	"TCRBJ1-2*1"	47	52	57	61	5	4	NA	NA	"CGCTCACCAGGCCTGGGGGACGCAGCCATGTACCTGTGTGCCACCAGAGAATCAGGGAGCTCTAACTATGGCTACACCTTCGGTTCG"	FALSE	TRUE	NA	NA	NA	NA
"ATCCAGCCTGCAAAGCTTGAGGACTCGGCCGTGTATCTCTGTGCCAGCAGCTTAGTTGGGACTAGCGACGAGCAGTACTTCGGGCCG"	"CASSLVGTSDEQYF"	"ATCCAGCCTGCAAAGCTTGAGGACTCGGCCGTGTATCTCTGTGCCAGCAGCTTAGTTGGGACTAGCGACGAGCAGTACTTCGGGCCG"	"CASSLVGTSDEQYF"	"TCRBV11-2*1"	"TCRBD2-1"	"TCRBJ2-7*1"	55	57	-1	67	2	68	NA	NA	"ATCCAGCCTGCAAAGCTTGAGGACTCGGCCGTGTATCTCTGTGCCAGCAGCTTAGTTGGGACTAGCGACGAGCAGTACTTCGGGCCG"	FALSE	TRUE	NA	NA	NA	NA
"CAGCCTGCAGAACTGGAGGATTCTGGAGTTTATTTCTGTGCCAGCAGCCTACTGACAAGAGGAAATGAAAAACTGTTTTTTGGCAGT"	"CASSLLTRGNEKLFF"	"CAGCCTGCAGAACTGGAGGATTCTGGAGTTTATTTCTGTGCCAGCAGCCTACTGACAAGAGGAAATGAAAAACTGTTTTTTGGCAGT"	"CASSLLTRGNEKLFF"	"TCRBV14-1*1"	NA	"TCRBJ1-4*1"	49	53	57	63	4	6	NA	NA	"CAGCCTGCAGAACTGGAGGATTCTGGAGTTTATTTCTGTGCCAGCAGCCTACTGACAAGAGGAAATGAAAAACTGTTTTTTGGCAGT"	FALSE	TRUE	NA	NA	NA	NA
"CCCTCACATACCTCTCAGTACCTCTGTGCCAGCTTAACAAAAAAACCCCCGCCAAAACCTAGCACAGATACGCAGTATTTTGGCCCA"	"CASLTKKPPPKPSTDTQYF"	"CCCTCACATACCTCTCAGTACCTCTGTGCCAGCTTAACAAAAAAACCCCCGCCAAAACCTAGCACAGATACGCAGTATTTTGGCCCA"	"CASLTKKPPPKPSTDTQYF"	NA	"TCRBD1-1*1"	"TCRBJ2-3*1"	33	36	39	60	3	21	NA	NA	"CCCTCACATACCTCTCAGTACCTCTGTGCCAGCTTAACAAAAAAACCCCCGCCAAAACCTAGCACAGATACGCAGTATTTTGGCCCA"	FALSE	TRUE	NA	NA	NA	NA
"CCCTCCCAGACATCTGTGTACTTCTGTGCCAGCAGTGGACGGACAGGGGGATTTTACTCTGGGGCCAACGTCCTGACTTTCGGGGCC"	"CASSGRTGGFYSGANVLTF"	"CCCTCCCAGACATCTGTGTACTTCTGTGCCAGCAGTGGACGGACAGGGGGATTTTACTCTGGGGCCAACGTCCTGACTTTCGGGGCC"	"CASSGRTGGFYSGANVLTF"	"TCRBV6-1*1"	"TCRBD1-1*1"	"TCRBJ2-6*1"	37	40	50	56	3	6	NA	NA	"CCCTCCCAGACATCTGTGTACTTCTGTGCCAGCAGTGGACGGACAGGGGGATTTTACTCTGGGGCCAACGTCCTGACTTTCGGGGCC"	FALSE	TRUE	NA	NA	NA	NA
"ACAGTGACCAGTGCCCATCCTGAAGACAGCAGCTTCTACATCTGCAGTGTTCAGCGGGGGGGAAGTGGGGTGCAGTACTTCGGGCCG"	"CSVQRGGSGVQYF"	"ACAGTGACCAGTGCCCATCCTGAAGACAGCAGCTTCTACATCTGCAGTGTTCAGCGGGGGGGAAGTGGGGTGCAGTACTTCGGGCCG"	"CSVQRGGSGVQYF"	NA	"TCRBD2-1*1"	"TCRBJ2-7*1"	49	52	62	71	3	9	NA	NA	"ACAGTGACCAGTGCCCATCCTGAAGACAGCAGCTTCTACATCTGCAGTGTTCAGCGGGGGGGAAGTGGGGTGCAGTACTTCGGGCCG"	FALSE	TRUE	NA	NA	NA	NA
"CAGCGCACAGAGCAGCGGGACTCGGCCATGTATCGCTGTGCCAGCAGCTATACCCATGGTAGCGGAGACGAGCAGTTCTTCGGGCCA"	"CASSYTHGSGDEQFF"	"CAGCGCACAGAGCAGCGGGACTCGGCCATGTATCGCTGTGCCAGCAGCTATACCCATGGTAGCGGAGACGAGCAGTTCTTCGGGCCA"	"CASSYTHGSGDEQFF"	"TCRBV7-6*1"	"TCRBD2-1"	"TCRBJ2-1*1"	49	59	65	69	10	4	NA	NA	"CAGCGCACAGAGCAGCGGGACTCGGCCATGTATCGCTGTGCCAGCAGCTATACCCATGGTAGCGGAGACGAGCAGTTCTTCGGGCCA"	FALSE	TRUE	NA	NA	NA	NA
"CAGCCAGAAGACTCGGCCCTGTATCTCTGTGCCAGCAGCCACCACGCGGACGGACTCTCTGGGGCCAACGTCCTGACTTTCGGGGCC"	"CASSHHADGLSGANVLTF"	"CAGCCAGAAGACTCGGCCCTGTATCTCTGTGCCAGCAGCCACCACGCGGACGGACTCTCTGGGGCCAACGTCCTGACTTTCGGGGCC"	"CASSHHADGLSGANVLTF"	"TCRBV4-2*1"	"TCRBD2-1"	"TCRBJ2-6*1"	41	51	-1	56	10	57	NA	NA	"CAGCCAGAAGACTCGGCCCTGTATCTCTGTGCCAGCAGCCACCACGCGGACGGACTCTCTGGGGCCAACGTCCTGACTTTCGGGGCC"	FALSE	TRUE	NA	NA	NA	NA
"AAGCTGGAGGACTCAGCCATGTACTTCTGTGCCAGCAGTGAATTGGGAGCCGGGACAGGGTTGAATTCACCCCTCCACTTTGGGAAT"	"CASSELGAGTGLNSPLHF"	"AAGCTGGAGGACTCAGCCATGTACTTCTGTGCCAGCAGTGAATTGGGAGCCGGGACAGGGTTGAATTCACCCCTCCACTTTGGGAAT"	"CASSELGAGTGLNSPLHF"	"TCRBV2-1"	"TCRBD1-1*1"	"TCRBJ1-6*1"	42	51	60	63	9	3	NA	NA	"AAGCTGGAGGACTCAGCCATGTACTTCTGTGCCAGCAGTGAATTGGGAGCCGGGACAGGGTTGAATTCACCCCTCCACTTTGGGAAT"	FALSE	TRUE	NA	NA	NA	NA
"AGAAGACTCAGCTGCGTATCTCTGCACCAGCAGCCAAGATTGGGGGTACCGGGACTAGCGGGCCAGCATGAGCAGTTCTTCGGGCCA"	""	"AGAAGACTCAGCTGCGTATCTCTGCACCAGCAGCCAAGATTGGGGGTACCGGGACTAGCGGGCCAGCATGAGCAGTTCTTCGGGCCA"	""	"TCRBV1-1*1"	"TCRBD2-1"	"TCRBJ2-1*1"	39	50	62	67	11	5	NA	NA	"AGAAGACTCAGCTGCGTATCTCTGCACCAGCAGCCAAGATTGGGGGTACCGGGACTAGCGGGCCAGCATGAGCAGTTCTTCGGGCCA"	FALSE	FALSE	NA	NA	NA	NA
"TTGGAGCTGGACGACTCGGCCCTGTATCTCTGTGCCAGCAGCGCGTACAGGGCCTTCAGCTCTGGAAACACCATATATTTTGGAGAG"	"CASSAYRAFSSGNTIYF"	"TTGGAGCTGGACGACTCGGCCCTGTATCTCTGTGCCAGCAGCGCGTACAGGGCCTTCAGCTCTGGAAACACCATATATTTTGGAGAG"	"CASSAYRAFSSGNTIYF"	"TCRBV5-4*1"	"TCRBD1-1*1"	"TCRBJ1-3*1"	42	46	52	59	4	7	NA	NA	"TTGGAGCTGGACGACTCGGCCCTGTATCTCTGTGCCAGCAGCGCGTACAGGGCCTTCAGCTCTGGAAACACCATATATTTTGGAGAG"	FALSE	TRUE	NA	NA	NA	NA
"ATCCGGTCCACAAAGCTGGAGGACTCAGCCATGTACTTCTGTGCCAGCAGTGAATATCCAGGCAGTTACGAGCAGTACTTCGGGCCG"	"CASSEYPGSYEQYF"	"ATCCGGTCCACAAAGCTGGAGGACTCAGCCATGTACTTCTGTGCCAGCAGTGAATATCCAGGCAGTTACGAGCAGTACTTCGGGCCG"	"CASSEYPGSYEQYF"	"TCRBV2-1"	"TCRBD1-1*1"	"TCRBJ2-7*1"	54	58	62	66	4	4	NA	NA	"ATCCGGTCCACAAAGCTGGAGGACTCAGCCATGTACTTCTGTGCCAGCAGTGAATATCCAGGCAGTTACGAGCAGTACTTCGGGCCG"	FALSE	TRUE	NA	NA	NA	NA
"GAGCTGGGGGACTCAGCTTTGTATTTCTGTGCCAGCAGCGCAACCCTAGGACAGGCCGGCGGCGGCGGGGAGCTGTTTTTTGGAGAA"	"CASSATLGQAGGGGELFF"	"GAGCTGGGGGACTCAGCTTTGTATTTCTGTGCCAGCAGCGCAACCCTAGGACAGGCCGGCGGCGGCGGGGAGCTGTTTTTTGGAGAA"	"CASSATLGQAGGGGELFF"	"TCRBV9-1*1"	"TCRBD1-1*1"	"TCRBJ2-2*1"	40	48	55	65	8	10	NA	NA	"GAGCTGGGGGACTCAGCTTTGTATTTCTGTGCCAGCAGCGCAACCCTAGGACAGGCCGGCGGCGGCGGGGAGCTGTTTTTTGGAGAA"	FALSE	TRUE	NA	NA	NA	NA
"ATCCTGGAGTCGCCCAGCCCCAACCAGACCTCTCTGTACTTCTGTGCCAGCAGTTGGGCCAGACCATACGAGCAGTACTTCGGGCCG"	"CASSWARPYEQYF"	"ATCCTGGAGTCGCCCAGCCCCAACCAGACCTCTCTGTACTTCTGTGCCAGCAGTTGGGCCAGACCATACGAGCAGTACTTCGGGCCG"	"CASSWARPYEQYF"	"TCRBV27-1*1"	"TCRBD1-1*1"	"TCRBJ2-7*1"	-1	55	59	66	56	7	NA	NA	"ATCCTGGAGTCGCCCAGCCCCAACCAGACCTCTCTGTACTTCTGTGCCAGCAGTTGGGCCAGACCATACGAGCAGTACTTCGGGCCG"	FALSE	TRUE	NA	NA	NA	NA
"GGGGACTCGGCCATGTATCTCTGTGCCAGCAGCTTATCTCGAATTTCGGGCGGACGCTCTGGGGCCAACGTCCTGACTTTCGGGGCC"	"CASSLSRISGGRSGANVLTF"	"GGGGACTCGGCCATGTATCTCTGTGCCAGCAGCTTATCTCGAATTTCGGGCGGACGCTCTGGGGCCAACGTCCTGACTTTCGGGGCC"	"CASSLSRISGGRSGANVLTF"	NA	NA	"TCRBJ2-6*1"	36	51	55	56	15	1	NA	NA	"GGGGACTCGGCCATGTATCTCTGTGCCAGCAGCTTATCTCGAATTTCGGGCGGACGCTCTGGGGCCAACGTCCTGACTTTCGGGGCC"	FALSE	TRUE	NA	NA	NA	NA
"CGGTCCACAAAGCTGGAGGACTCAGCCATGTACTTCTGTGCCAGCAGTGAAGCGAGAGCAGTCAACTATGGCTACACCTTCGGTTCG"	"CASSEARAVNYGYTF"	"CGGTCCACAAAGCTGGAGGACTCAGCCATGTACTTCTGTGCCAGCAGTGAAGCGAGAGCAGTCAACTATGGCTACACCTTCGGTTCG"	"CASSEARAVNYGYTF"	"TCRBV2-1"	NA	"TCRBJ1-2*1"	53	58	61	63	5	2	NA	NA	"CGGTCCACAAAGCTGGAGGACTCAGCCATGTACTTCTGTGCCAGCAGTGAAGCGAGAGCAGTCAACTATGGCTACACCTTCGGTTCG"	FALSE	TRUE	NA	NA	NA	NA
"CTGAGCTCTCTGGAGCTGGGGGACTCAGCTTTGTATTTCTGTGCCAGCAGCGTGGGACAGGGGGCCTACGAGCAGTACTTCGGGCCG"	"CASSVGQGAYEQYF"	"CTGAGCTCTCTGGAGCTGGGGGACTCAGCTTTGTATTTCTGTGCCAGCAGCGTGGGACAGGGGGCCTACGAGCAGTACTTCGGGCCG"	"CASSVGQGAYEQYF"	"TCRBV9-1*1"	"TCRBD1-1*1"	"TCRBJ2-7*1"	-1	53	-1	64	54	65	NA	NA	"CTGAGCTCTCTGGAGCTGGGGGACTCAGCTTTGTATTTCTGTGCCAGCAGCGTGGGACAGGGGGCCTACGAGCAGTACTTCGGGCCG"	FALSE	TRUE	NA	NA	NA	NA
"CTGAATGTGAACGCCTTGGAGCTGGAGGACTCGGCCCTGTATCTCTGTGCCAGCAGCTGGCACAAGGGGGCCCAGCATTTTGGTGAT"	"CASSWHKGAQHF"	"CTGAATGTGAACGCCTTGGAGCTGGAGGACTCGGCCCTGTATCTCTGTGCCAGCAGCTGGCACAAGGGGGCCCAGCATTTTGGTGAT"	"CASSWHKGAQHF"	"TCRBV5-8*1"	"TCRBD1-1*1"	"TCRBJ1-5*1"	58	64	-1	70	6	71	NA	NA	"CTGAATGTGAACGCCTTGGAGCTGGAGGACTCGGCCCTGTATCTCTGTGCCAGCAGCTGGCACAAGGGGGCCCAGCATTTTGGTGAT"	FALSE	TRUE	NA	NA	NA	NA
"ATCCAGCGCACACAGCAGGAGGACTCCGCCGTGTATCTCTGTGCCAGCAGCTTTGGGACTATCTCCTACGAGCAGTACTTCGGGCCG"	"CASSFGTISYEQYF"	"ATCCAGCGCACACAGCAGGAGGACTCCGCCGTGTATCTCTGTGCCAGCAGCTTTGGGACTATCTCCTACGAGCAGTACTTCGGGCCG"	"CASSFGTISYEQYF"	"TCRBV7-8*1"	"TCRBD2-1"	"TCRBJ2-7*1"	53	54	61	62	1	1	NA	NA	"ATCCAGCGCACACAGCAGGAGGACTCCGCCGTGTATCTCTGTGCCAGCAGCTTTGGGACTATCTCCTACGAGCAGTACTTCGGGCCG"	FALSE	TRUE	NA	NA	NA	NA
"GATCCGGTCCACAAAGCTGGAGGACTCAGCCATGTACTTCTGTGCCAGCAGTGAAGATGCAGGCCCCATGAGCAGTTCTTCGGGCCA"	""	"GATCCGGTCCACAAAGCTGGAGGACTCAGCCATGTACTTCTGTGCCAGCAGTGAAGATGCAGGCCCCATGAGCAGTTCTTCGGGCCA"	""	"TCRBV2-1"	"TCRBD1-1*1"	"TCRBJ2-1*1"	56	59	63	67	3	4	NA	NA	"GATCCGGTCCACAAAGCTGGAGGACTCAGCCATGTACTTCTGTGCCAGCAGTGAAGATGCAGGCCCCATGAGCAGTTCTTCGGGCCA"	FALSE	FALSE	NA	NA	NA	NA
"AATTCCCTGGAGCTTGGTGACTCTGCTGTGTATTTCTGTGCCAGCAGCCACAGGGGACTGTACCAAGAGACCCAGTACTTCGGGCCA"	"CASSHRGLYQETQYF"	"AATTCCCTGGAGCTTGGTGACTCTGCTGTGTATTTCTGTGCCAGCAGCCACAGGGGACTGTACCAAGAGACCCAGTACTTCGGGCCA"	"CASSHRGLYQETQYF"	"TCRBV3-1/3-2*1"	NA	"TCRBJ2-5*1"	-1	50	56	61	51	5	NA	NA	"AATTCCCTGGAGCTTGGTGACTCTGCTGTGTATTTCTGTGCCAGCAGCCACAGGGGACTGTACCAAGAGACCCAGTACTTCGGGCCA"	FALSE	TRUE	NA	NA	NA	NA
"AAGATCCAGCGCACAGAGCGGGGGGACTCAGCCGTGTATCTCTGTGCCAGCAGCTTACGGCGGAATCAGCCCCAGCATTTTGGTGAT"	"CASSLRRNQPQHF"	"AAGATCCAGCGCACAGAGCGGGGGGACTCAGCCGTGTATCTCTGTGCCAGCAGCTTACGGCGGAATCAGCCCCAGCATTTTGGTGAT"	"CASSLRRNQPQHF"	"TCRBV7-3*1"	"TCRBD2-1"	"TCRBJ1-5*1"	57	59	-1	63	2	64	NA	NA	"AAGATCCAGCGCACAGAGCGGGGGGACTCAGCCGTGTATCTCTGTGCCAGCAGCTTACGGCGGAATCAGCCCCAGCATTTTGGTGAT"	FALSE	TRUE	NA	NA	NA	NA
"AGTCTGCCATCCCCAACCAGACAGCTCTTTACTTCTGTGCCACCTCTCCAGGTAGTTAGTTTACCCTACGAGCAGTACTTCGGGCCG"	""	"AGTCTGCCATCCCCAACCAGACAGCTCTTTACTTCTGTGCCACCTCTCCAGGTAGTTAGTTTACCCTACGAGCAGTACTTCGGGCCG"	""	"TCRBV24-1*1"	"TCRBD1-1*1"	"TCRBJ2-7*1"	44	48	52	64	4	12	NA	NA	"AGTCTGCCATCCCCAACCAGACAGCTCTTTACTTCTGTGCCACCTCTCCAGGTAGTTAGTTTACCCTACGAGCAGTACTTCGGGCCG"	FALSE	FALSE	NA	NA	NA	NA
"CCTCACTCTGGAGTCAGCTACCCGCTCCCAGACATCTGTGTATTTCTGCGCCAACCCGGACTGGATAATGAGCAGTTCTTCGGGCCA"	""	"CCTCACTCTGGAGTCAGCTACCCGCTCCCAGACATCTGTGTATTTCTGCGCCAACCCGGACTGGATAATGAGCAGTTCTTCGGGCCA"	""	"TCRBV1-2*1"	"TCRBD2-1"	"TCRBJ2-1*1"	53	57	62	66	4	4	NA	NA	"CCTCACTCTGGAGTCAGCTACCCGCTCCCAGACATCTGTGTATTTCTGCGCCAACCCGGACTGGATAATGAGCAGTTCTTCGGGCCA"	FALSE	FALSE	NA	NA	NA	NA
"CTGACTGTGAGCAACATGAGCCCTGAAGACAGCAGCATATATCTCTGCAGTATGGGACTCTCCCAAGAGACCCAGTACTTCGGGCCA"	"CSMGLSQETQYF"	"CTGACTGTGAGCAACATGAGCCCTGAAGACAGCAGCATATATCTCTGCAGTATGGGACTCTCCCAAGAGACCCAGTACTTCGGGCCA"	"CSMGLSQETQYF"	"TCRBV29-1"	"TCRBD2-1"	"TCRBJ2-5*1"	50	53	59	62	3	3	NA	NA	"CTGACTGTGAGCAACATGAGCCCTGAAGACAGCAGCATATATCTCTGCAGTATGGGACTCTCCCAAGAGACCCAGTACTTCGGGCCA"	FALSE	TRUE	NA	NA	NA	NA
"AGTGCCCATCCTGAAGACAGCAGCTTCTACATCTGCAGTGCTAGAGAATTCGGACAGGGGAACACAGATACGCAGTATTTTGGCCCA"	"CSAREFGQGNTDTQYF"	"AGTGCCCATCCTGAAGACAGCAGCTTCTACATCTGCAGTGCTAGAGAATTCGGACAGGGGAACACAGATACGCAGTATTTTGGCCCA"	"CSAREFGQGNTDTQYF"	NA	"TCRBD1-1*1"	"TCRBJ2-3*1"	47	51	60	62	4	2	NA	NA	"AGTGCCCATCCTGAAGACAGCAGCTTCTACATCTGCAGTGCTAGAGAATTCGGACAGGGGAACACAGATACGCAGTATTTTGGCCCA"	FALSE	TRUE	NA	NA	NA	NA
"CTGTTTGTTGTGTTGGCTGCTCCCTCCCAGACATCTGTGTACTTCTGTGCCAGCAGTGGATGGAGGGTTGAAGCTTTCTTTGGACAA"	"CASSGWRVEAFF"	"CTGTTTGTTGTGTTGGCTGCTCCCTCCCAGACATCTGTGTACTTCTGTGCCAGCAGTGGATGGAGGGTTGAAGCTTTCTTTGGACAA"	"CASSGWRVEAFF"	"TCRBV6-6*4"	"TCRBD2-1*2"	"TCRBJ1-1*1"	-1	61	67	68	62	1	NA	NA	"CTGTTTGTTGTGTTGGCTGCTCCCTCCCAGACATCTGTGTACTTCTGTGCCAGCAGTGGATGGAGGGTTGAAGCTTTCTTTGGACAA"	FALSE	TRUE	NA	NA	NA	NA
"GCCAGCACCAACCAGACATCTATGTACCTCTGTGCCAGCAGTTCAGGGGCGGGGTCGCGAAGCAATCAGCCCCAGCATTTTGGTGAT"	"CASSSGAGSRSNQPQHF"	"GCCAGCACCAACCAGACATCTATGTACCTCTGTGCCAGCAGTTCAGGGGCGGGGTCGCGAAGCAATCAGCCCCAGCATTTTGGTGAT"	"CASSSGAGSRSNQPQHF"	"TCRBV28-1*1"	NA	"TCRBJ1-5*1"	-1	43	49	60	44	11	NA	NA	"GCCAGCACCAACCAGACATCTATGTACCTCTGTGCCAGCAGTTCAGGGGCGGGGTCGCGAAGCAATCAGCCCCAGCATTTTGGTGAT"	FALSE	TRUE	NA	NA	NA	NA
"GTGAACGCCTTGTTGCTGGGGGACTCGGCCCTGTATCTCTGTGCCAGCAGCCTCGGGCTCTAGGGAGATACGCAGTATTTTGGCCCA"	"CASSLGL*GDTQYF"	"GTGAACGCCTTGTTGCTGGGGGACTCGGCCCTGTATCTCTGTGCCAGCAGCCTCGGGCTCTAGGGAGATACGCAGTATTTTGGCCCA"	"CASSLGL*GDTQYF"	"TCRBV5-5*1"	NA	"TCRBJ2-3*1"	51	61	-1	65	10	66	NA	NA	"GTGAACGCCTTGTTGCTGGGGGACTCGGCCCTGTATCTCTGTGCCAGCAGCCTCGGGCTCTAGGGAGATACGCAGTATTTTGGCCCA"	FALSE	TRUE	NA	NA	NA	NA
"GCCATCCCCAACCAGACAGCTCTTTACTTCTGTGCCACCAGTGCAGCAGAGACCCCGGTCTGGGCCAACGTCCTGACTTTCGGGGCC"	"CATSAAETPVWANVLTF"	"GCCATCCCCAACCAGACAGCTCTTTACTTCTGTGCCACCAGTGCAGCAGAGACCCCGGTCTGGGCCAACGTCCTGACTTTCGGGGCC"	"CATSAAETPVWANVLTF"	"TCRBV24-1*1"	NA	"TCRBJ2-6*1"	43	50	53	61	7	8	NA	NA	"GCCATCCCCAACCAGACAGCTCTTTACTTCTGTGCCACCAGTGCAGCAGAGACCCCGGTCTGGGCCAACGTCCTGACTTTCGGGGCC"	FALSE	TRUE	NA	NA	NA	NA
"NNNNTGTCGGCTGCTCCCTCCCAGACATCTGTGTACTTCTGTGCCAGCAGTGATCAACTAGCTGTCGGGGAGCTGTTTTTTGGAGAA"	"CASSDQLAVGELFF"	"NNNNTGTCGGCTGCTCCCTCCCAGACATCTGTGTACTTCTGTGCCAGCAGTGATCAACTAGCTGTCGGGGAGCTGTTTTTTGGAGAA"	"CASSDQLAVGELFF"	"TCRBV6-1*1"	"TCRBD2-1"	"TCRBJ2-2*1"	53	56	62	65	3	3	NA	NA	"NNNNTGTCGGCTGCTCCCTCCCAGACATCTGTGTACTTCTGTGCCAGCAGTGATCAACTAGCTGTCGGGGAGCTGTTTTTTGGAGAA"	FALSE	TRUE	NA	NA	NA	NA
"ATCCGGTCCACAAAGCTGGAGGACTCAGCCATGTACTTCTGTGCCAGCAGTGGGGACGGACCCTACAATGAGCAGTTCTTCGGGCCA"	"CASSGDGPYNEQFF"	"ATCCGGTCCACAAAGCTGGAGGACTCAGCCATGTACTTCTGTGCCAGCAGTGGGGACGGACCCTACAATGAGCAGTTCTTCGGGCCA"	"CASSGDGPYNEQFF"	"TCRBV2-1"	NA	"TCRBJ2-1*1"	-1	52	57	61	53	4	NA	NA	"ATCCGGTCCACAAAGCTGGAGGACTCAGCCATGTACTTCTGTGCCAGCAGTGGGGACGGACCCTACAATGAGCAGTTCTTCGGGCCA"	FALSE	TRUE	NA	NA	NA	NA
"TCCGCCAGCACCAACCAGACATCTATGTACCTCTGTGCCAGCAGCGGGTACAGTCTTACCCTGGGGAATGAGCAGTTCTTCGGGCCA"	"CASSGYSLTLGNEQFF"	"TCCGCCAGCACCAACCAGACATCTATGTACCTCTGTGCCAGCAGCGGGTACAGTCTTACCCTGGGGAATGAGCAGTTCTTCGGGCCA"	"CASSGYSLTLGNEQFF"	"TCRBV28-1*1"	NA	"TCRBJ2-1*1"	44	49	53	66	5	13	NA	NA	"TCCGCCAGCACCAACCAGACATCTATGTACCTCTGTGCCAGCAGCGGGTACAGTCTTACCCTGGGGAATGAGCAGTTCTTCGGGCCA"	FALSE	TRUE	NA	NA	NA	NA
"GCCCTGCAGCCAGAAGACTCAGCCCTGTATCTCTGCGCCAGCAGCCAAGTGAGGACAGGCCTATCCTACGAGCAGTACTTCGGGCCG"	"CASSQVRTGLSYEQYF"	"GCCCTGCAGCCAGAAGACTCAGCCCTGTATCTCTGCGCCAGCAGCCAAGTGAGGACAGGCCTATCCTACGAGCAGTACTTCGGGCCG"	"CASSQVRTGLSYEQYF"	"TCRBV4-1*1"	"TCRBD1-1*1"	"TCRBJ2-7*1"	49	52	59	63	3	4	NA	NA	"GCCCTGCAGCCAGAAGACTCAGCCCTGTATCTCTGCGCCAGCAGCCAAGTGAGGACAGGCCTATCCTACGAGCAGTACTTCGGGCCG"	FALSE	TRUE	NA	NA	NA	NA
"GCCCAAAAGAACCCGACAGCTTTCTATCTCTGTGCCAGTAGCAGACCGGGACAGCCAGACTCTGGAAACACCATATATTTTGGAGAG"	"CASSRPGQPDSGNTIYF"	"GCCCAAAAGAACCCGACAGCTTTCTATCTCTGTGCCAGTAGCAGACCGGGACAGCCAGACTCTGGAAACACCATATATTTTGGAGAG"	"CASSRPGQPDSGNTIYF"	"TCRBV19-1*1"	"TCRBD1-1*1"	"TCRBJ1-3*1"	41	47	54	59	6	5	NA	NA	"GCCCAAAAGAACCCGACAGCTTTCTATCTCTGTGCCAGTAGCAGACCGGGACAGCCAGACTCTGGAAACACCATATATTTTGGAGAG"	FALSE	TRUE	NA	NA	NA	NA
"NTGTCGGCTGCTCCCTCCCAGACATCTGTGTACTTCTGTGCCAGCAGTTACTCCCCGGCAATTCTGGGCGAGCAGTACTTCGGGCCG"	"CASSYSPAILGEQYF"	"NTGTCGGCTGCTCCCTCCCAGACATCTGTGTACTTCTGTGCCAGCAGTTACTCCCCGGCAATTCTGGGCGAGCAGTACTTCGGGCCG"	"CASSYSPAILGEQYF"	"TCRBV6-5*1"	NA	"TCRBJ2-7*1"	53	65	-1	68	12	69	NA	NA	"NTGTCGGCTGCTCCCTCCCAGACATCTGTGTACTTCTGTGCCAGCAGTTACTCCCCGGCAATTCTGGGCGAGCAGTACTTCGGGCCG"	FALSE	TRUE	NA	NA	NA	NA
"CAGGGGACACAGCACTGTATTTCTGTGCCAGCAGCACAATCGGCTAGCGGGAGGGCCCGATGGATCGGGGAGCTGTTTTTTGGAGAA"	""	"CAGGGGACACAGCACTGTATTTCTGTGCCAGCAGCACAATCGGCTAGCGGGAGGGCCCGATGGATCGGGGAGCTGTTTTTTGGAGAA"	""	"TCRBV21-1*1"	"TCRBD2-1*2"	"TCRBJ2-2*1"	36	43	55	65	7	10	NA	NA	"CAGGGGACACAGCACTGTATTTCTGTGCCAGCAGCACAATCGGCTAGCGGGAGGGCCCGATGGATCGGGGAGCTGTTTTTTGGAGAA"	FALSE	FALSE	NA	NA	NA	NA
"AAGATCCAGCCTGCAGAGCTTGGGGACTCGGCCGTGTATCTCTGTGCCAGCAGGGCCGGGGGCGGTGAGACCCAGTACTTCGGGCCA"	"CASRAGGGETQYF"	"AAGATCCAGCCTGCAGAGCTTGGGGACTCGGCCGTGTATCTCTGTGCCAGCAGGGCCGGGGGCGGTGAGACCCAGTACTTCGGGCCA"	"CASRAGGGETQYF"	"TCRBV11-3*1"	NA	"TCRBJ2-5*1"	53	57	63	66	4	3	NA	NA	"AAGATCCAGCCTGCAGAGCTTGGGGACTCGGCCGTGTATCTCTGTGCCAGCAGGGCCGGGGGCGGTGAGACCCAGTACTTCGGGCCA"	FALSE	TRUE	NA	NA	NA	NA
"CAGCGCACAGAGCAGGAGGACTCGGCCGTGTATCTCTGTGCCAGCAGCTTAAGTGGACACAACACCGGGGAGCTGTTTTTTGGAGAA"	"CASSLSGHNTGELFF"	"CAGCGCACAGAGCAGGAGGACTCGGCCGTGTATCTCTGTGCCAGCAGCTTAAGTGGACACAACACCGGGGAGCTGTTTTTTGGAGAA"	"CASSLSGHNTGELFF"	"TCRBV7-2"	"TCRBD1-1*1"	"TCRBJ2-2*1"	51	54	59	60	3	1	NA	NA	"CAGCGCACAGAGCAGGAGGACTCGGCCGTGTATCTCTGTGCCAGCAGCTTAAGTGGACACAACACCGGGGAGCTGTTTTTTGGAGAA"	FALSE	TRUE	NA	NA	NA	NA
"CACAGAGCAGCGGGACTCAGCCATGTATCGCTGTGCTAGCAGCTTATTAGAGTCCAGCGGAAGACGGGGGAGCTGTTTTTTGGAGAA"	""	"CACAGAGCAGCGGGACTCAGCCATGTATCGCTGTGCTAGCAGCTTATTAGAGTCCAGCGGAAGACGGGGGAGCTGTTTTTTGGAGAA"	""	"TCRBV7-7*1"	"TCRBD2-1"	"TCRBJ2-2*1"	46	55	60	66	9	6	NA	NA	"CACAGAGCAGCGGGACTCAGCCATGTATCGCTGTGCTAGCAGCTTATTAGAGTCCAGCGGAAGACGGGGGAGCTGTTTTTTGGAGAA"	FALSE	FALSE	NA	NA	NA	NA
"NTGTCGGCTGCTCCCTCCCAGACATCTGTGTACTTCTGTGCCAGCAGTTACTCATCTGTGATGGAACTAGCCCTAAACTTCGGGCCA"	"CASSYSSVMELALNF"	"NTGTCGGCTGCTCCCTCCCAGACATCTGTGTACTTCTGTGCCAGCAGTTACTCATCTGTGATGGAACTAGCCCTAAACTTCGGGCCA"	"CASSYSSVMELALNF"	"TCRBV6-5*1"	"TCRBD2-1"	"TCRBJ2-5*1"	53	65	71	76	12	5	NA	NA	"NTGTCGGCTGCTCCCTCCCAGACATCTGTGTACTTCTGTGCCAGCAGTTACTCATCTGTGATGGAACTAGCCCTAAACTTCGGGCCA"	FALSE	TRUE	NA	NA	NA	NA
"CTGATCCTGGAGTCGCCCAGCCCCAACCAGACCTCTCTGTACTTCTGTGCCAGCAGTTTATTAGGCGGGGAGCTGTTTTTTGGAGAA"	"CASSLLGGELFF"	"CTGATCCTGGAGTCGCCCAGCCCCAACCAGACCTCTCTGTACTTCTGTGCCAGCAGTTTATTAGGCGGGGAGCTGTTTTTTGGAGAA"	"CASSLLGGELFF"	"TCRBV27-1*1"	NA	"TCRBJ2-2*1"	61	62	-1	65	1	66	NA	NA	"CTGATCCTGGAGTCGCCCAGCCCCAACCAGACCTCTCTGTACTTCTGTGCCAGCAGTTTATTAGGCGGGGAGCTGTTTTTTGGAGAA"	FALSE	TRUE	NA	NA	NA	NA
"TCCACAAAGCTGGAGGACTCAGCCATGTACTTCTGTGCCAGCAGCTACCCGGGGGACTCCCGTTCCTACGAGCAGTACTTCGGGCCG"	"CASSYPGDSRSYEQYF"	"TCCACAAAGCTGGAGGACTCAGCCATGTACTTCTGTGCCAGCAGCTACCCGGGGGACTCCCGTTCCTACGAGCAGTACTTCGGGCCG"	"CASSYPGDSRSYEQYF"	"TCRBV2-1"	"TCRBD2-1"	"TCRBJ2-7*1"	44	52	58	63	8	5	NA	NA	"TCCACAAAGCTGGAGGACTCAGCCATGTACTTCTGTGCCAGCAGCTACCCGGGGGACTCCCGTTCCTACGAGCAGTACTTCGGGCCG"	FALSE	TRUE	NA	NA	NA	NA
"GAGTCAGCTGCTCCCTCTCAGACTTCTGTTTACTTCTGTGCCAGCAGTTACGTGATAGCGGGAGCCTACGAGCAGTACTTCGGGCCG"	"CASSYVIAGAYEQYF"	"GAGTCAGCTGCTCCCTCTCAGACTTCTGTTTACTTCTGTGCCAGCAGTTACGTGATAGCGGGAGCCTACGAGCAGTACTTCGGGCCG"	"CASSYVIAGAYEQYF"	"TCRBV6-7*1"	"TCRBD2-1*2"	"TCRBJ2-7*1"	51	55	-1	64	4	65	NA	NA	"GAGTCAGCTGCTCCCTCTCAGACTTCTGTTTACTTCTGTGCCAGCAGTTACGTGATAGCGGGAGCCTACGAGCAGTACTTCGGGCCG"	FALSE	TRUE	NA	NA	NA	NA
"GGACGACTCGGCCCTGTATCTCTGTGCCAGCAGCCCCGACGAACAGGGTAGCGGGAGCTGGCCAAAAACATTCAGTACTTCGGCGCC"	""	"GGACGACTCGGCCCTGTATCTCTGTGCCAGCAGCCCCGACGAACAGGGTAGCGGGAGCTGGCCAAAAACATTCAGTACTTCGGCGCC"	""	"TCRBV5-4*1"	"TCRBD2-1*2"	"TCRBJ2-4*1"	34	48	57	60	14	3	NA	NA	"GGACGACTCGGCCCTGTATCTCTGTGCCAGCAGCCCCGACGAACAGGGTAGCGGGAGCTGGCCAAAAACATTCAGTACTTCGGCGCC"	FALSE	FALSE	NA	NA	NA	NA
"TTGGGGACTCGGCCGTGTATCTCTGTGCCAGCAGCTTATGTTCTAGCGGGGACATTTTCTAGCACAGATACGCAGTATTTTGGCCCA"	""	"TTGGGGACTCGGCCGTGTATCTCTGTGCCAGCAGCTTATGTTCTAGCGGGGACATTTTCTAGCACAGATACGCAGTATTTTGGCCCA"	""	"TCRBV11-3*1"	"TCRBD2-1*1"	"TCRBJ2-3*1"	38	42	51	60	4	9	NA	NA	"TTGGGGACTCGGCCGTGTATCTCTGTGCCAGCAGCTTATGTTCTAGCGGGGACATTTTCTAGCACAGATACGCAGTATTTTGGCCCA"	FALSE	FALSE	NA	NA	NA	NA
"AGCTCTCTGGAGCTGGGGGACTCAGCTTTGTATTTCTGTGCCAGCAGCGTAGTAGCGGACTCCTCCTACGAGCAGTACTTCGGGCCG"	"CASSVVADSSYEQYF"	"AGCTCTCTGGAGCTGGGGGACTCAGCTTTGTATTTCTGTGCCAGCAGCGTAGTAGCGGACTCCTCCTACGAGCAGTACTTCGGGCCG"	"CASSVVADSSYEQYF"	"TCRBV9-1*1"	"TCRBD2-1"	"TCRBJ2-7*1"	-1	52	58	62	53	4	NA	NA	"AGCTCTCTGGAGCTGGGGGACTCAGCTTTGTATTTCTGTGCCAGCAGCGTAGTAGCGGACTCCTCCTACGAGCAGTACTTCGGGCCG"	FALSE	TRUE	NA	NA	NA	NA
"ATGAGCTCCTTGGAGCTGGGGGACTCAGCCCTGTACTTCTGTGCCAGCAGCTTAAGCGCAGGGTGGAATGGCTACACCTTCGGTTCG"	"CASSLSAGWNGYTF"	"ATGAGCTCCTTGGAGCTGGGGGACTCAGCCCTGTACTTCTGTGCCAGCAGCTTAAGCGCAGGGTGGAATGGCTACACCTTCGGTTCG"	"CASSLSAGWNGYTF"	"TCRBV13-1*1"	"TCRBD1-1*1"	"TCRBJ1-2*1"	54	58	63	67	4	4	NA	NA	"ATGAGCTCCTTGGAGCTGGGGGACTCAGCCCTGTACTTCTGTGCCAGCAGCTTAAGCGCAGGGTGGAATGGCTACACCTTCGGTTCG"	FALSE	TRUE	NA	NA	NA	NA
"AGCCCCAACCAGACCTCTCTGTACTTCTGTGCCAGCAGTTTAAGGTAGGGGCGGGTCGGAATCCAAGAGACCCAGTACTTCGGGCCA"	"CASSLR*GRVGIQETQYF"	"AGCCCCAACCAGACCTCTCTGTACTTCTGTGCCAGCAGTTTAAGGTAGGGGCGGGTCGGAATCCAAGAGACCCAGTACTTCGGGCCA"	"CASSLR*GRVGIQETQYF"	"TCRBV27-1*1"	NA	"TCRBJ2-5*1"	42	46	51	62	4	11	NA	NA	"AGCCCCAACCAGACCTCTCTGTACTTCTGTGCCAGCAGTTTAAGGTAGGGGCGGGTCGGAATCCAAGAGACCCAGTACTTCGGGCCA"	FALSE	TRUE	NA	NA	NA	NA
"GTGACCAGTGCCCATCCTGAAGACAGCAGCTTCTACATCTGCAGTGCTAGTATCTTGCCCGGCTCCTACGAGCAGTACTTCGGGCCG"	"CSASILPGSYEQYF"	"GTGACCAGTGCCCATCCTGAAGACAGCAGCTTCTACATCTGCAGTGCTAGTATCTTGCCCGGCTCCTACGAGCAGTACTTCGGGCCG"	"CSASILPGSYEQYF"	"TCRBV2-1*4"	"TCRBD2-1"	"TCRBJ2-7*1"	51	59	-1	62	8	63	NA	NA	"GTGACCAGTGCCCATCCTGAAGACAGCAGCTTCTACATCTGCAGTGCTAGTATCTTGCCCGGCTCCTACGAGCAGTACTTCGGGCCG"	FALSE	TRUE	NA	NA	NA	NA
"CGGTCCACAAAGCTGGAGGACTCAGCCATGTACTTCTGTGCCAGCAGGCAGGGACTAGCGAGCACAGATACGCAGTATTTTGGCCCA"	"CASRQGLASTDTQYF"	"CGGTCCACAAAGCTGGAGGACTCAGCCATGTACTTCTGTGCCAGCAGGCAGGGACTAGCGAGCACAGATACGCAGTATTTTGGCCCA"	"CASRQGLASTDTQYF"	"TCRBV2-1"	"TCRBD2-1"	"TCRBJ2-3*1"	47	50	-1	60	3	61	NA	NA	"CGGTCCACAAAGCTGGAGGACTCAGCCATGTACTTCTGTGCCAGCAGGCAGGGACTAGCGAGCACAGATACGCAGTATTTTGGCCCA"	FALSE	TRUE	NA	NA	NA	NA
"CTGACTGTGAGCAACATGAGCCCTGAAGACAGCAGCATATATCTCTGCAGCGCAGAACAGGGGGGCTATGAGCAGTTCTTCGGGCCA"	"CSAEQGGYEQFF"	"CTGACTGTGAGCAACATGAGCCCTGAAGACAGCAGCATATATCTCTGCAGCGCAGAACAGGGGGGCTATGAGCAGTTCTTCGGGCCA"	"CSAEQGGYEQFF"	"TCRBV29-1*3"	"TCRBD1-1*1"	"TCRBJ2-1*1"	53	56	64	67	3	3	NA	NA	"CTGACTGTGAGCAACATGAGCCCTGAAGACAGCAGCATATATCTCTGCAGCGCAGAACAGGGGGGCTATGAGCAGTTCTTCGGGCCA"	FALSE	TRUE	NA	NA	NA	NA
"ATCCAGCCCTCAGAACCCAGGGACTCAGCTGTGTACTTCTGTGCCAGCAGTTTCGCCTGGAGCTCCTACGAGCAGTACTTCGGGCCG"	"CASSFAWSSYEQYF"	"ATCCAGCCCTCAGAACCCAGGGACTCAGCTGTGTACTTCTGTGCCAGCAGTTTCGCCTGGAGCTCCTACGAGCAGTACTTCGGGCCG"	"CASSFAWSSYEQYF"	NA	"TCRBD2-1*2"	"TCRBJ2-7*1"	53	58	-1	62	5	63	NA	NA	"ATCCAGCCCTCAGAACCCAGGGACTCAGCTGTGTACTTCTGTGCCAGCAGTTTCGCCTGGAGCTCCTACGAGCAGTACTTCGGGCCG"	FALSE	TRUE	NA	NA	NA	NA
"GCTGCTCCCTCCCAGACATCTGTGTACTTCTGTGCCAGCAGTCCGCCCAACAGGACTCCGAACACCGGGGAGCTGTTTTTTGGAGAA"	"CASSPPNRTPNTGELFF"	"GCTGCTCCCTCCCAGACATCTGTGTACTTCTGTGCCAGCAGTCCGCCCAACAGGACTCCGAACACCGGGGAGCTGTTTTTTGGAGAA"	"CASSPPNRTPNTGELFF"	"TCRBV6-6*4"	NA	"TCRBJ2-2*1"	43	49	54	58	6	4	NA	NA	"GCTGCTCCCTCCCAGACATCTGTGTACTTCTGTGCCAGCAGTCCGCCCAACAGGACTCCGAACACCGGGGAGCTGTTTTTTGGAGAA"	FALSE	TRUE	NA	NA	NA	NA
"CGCACACAGCAGGAGGACTCCGCCGTGTATCTCTGTGCCAGCAGCCCCTTGGCTAGCGGGGTCCAAGAGACCCAGTACTTCGGGCCA"	"CASSPLASGVQETQYF"	"CGCACACAGCAGGAGGACTCCGCCGTGTATCTCTGTGCCAGCAGCCCCTTGGCTAGCGGGGTCCAAGAGACCCAGTACTTCGGGCCA"	"CASSPLASGVQETQYF"	"TCRBV7-8*3"	"TCRBD2-1*1"	"TCRBJ2-5*1"	46	52	61	62	6	1	NA	NA	"CGCACACAGCAGGAGGACTCCGCCGTGTATCTCTGTGCCAGCAGCCCCTTGGCTAGCGGGGTCCAAGAGACCCAGTACTTCGGGCCA"	FALSE	TRUE	NA	NA	NA	NA
"CTGCAGCCAGAAGACTCGGCCCTGTATCTCTGTGCCAGCAGCAATCCGGACAGGGGGGACTATAATGAAAAACTGTTTTTTGGCAGT"	"CASSNPDRGDYNEKLFF"	"CTGCAGCCAGAAGACTCGGCCCTGTATCTCTGTGCCAGCAGCAATCCGGACAGGGGGGACTATAATGAAAAACTGTTTTTTGGCAGT"	"CASSNPDRGDYNEKLFF"	"TCRBV4-2*1"	"TCRBD1-1*1"	"TCRBJ1-4*1"	42	47	57	62	5	5	NA	NA	"CTGCAGCCAGAAGACTCGGCCCTGTATCTCTGTGCCAGCAGCAATCCGGACAGGGGGGACTATAATGAAAAACTGTTTTTTGGCAGT"	FALSE	TRUE	NA	NA	NA	NA
"ACATCGGCCCAAAAGAACCCGACAGCTTTCTATCTCTGTGCCAGTAGTAATGTTCCAGGGTCCTCCTACGAGCAGTACTTCGGGCCG"	"CASSNVPGSSYEQYF"	"ACATCGGCCCAAAAGAACCCGACAGCTTTCTATCTCTGTGCCAGTAGTAATGTTCCAGGGTCCTCCTACGAGCAGTACTTCGGGCCG"	"CASSNVPGSSYEQYF"	"TCRBV19-1*1"	"TCRBD1-1*1"	"TCRBJ2-7*1"	49	55	60	62	6	2	NA	NA	"ACATCGGCCCAAAAGAACCCGACAGCTTTCTATCTCTGTGCCAGTAGTAATGTTCCAGGGTCCTCCTACGAGCAGTACTTCGGGCCG"	FALSE	TRUE	NA	NA	NA	NA
"ACAGAGCAGGAGGACTCGGCCGTGTATCTCTGTGCCAGCAGCTTAGACGGGAGCGAATTTCTAGGGAGTGGCTACACCTTCGGTTCG"	"CASSLDGSEFLGSGYTF"	"ACAGAGCAGGAGGACTCGGCCGTGTATCTCTGTGCCAGCAGCTTAGACGGGAGCGAATTTCTAGGGAGTGGCTACACCTTCGGTTCG"	"CASSLDGSEFLGSGYTF"	"TCRBV7-2"	"TCRBD2-1*2"	"TCRBJ1-2*1"	46	47	53	68	1	15	NA	NA	"ACAGAGCAGGAGGACTCGGCCGTGTATCTCTGTGCCAGCAGCTTAGACGGGAGCGAATTTCTAGGGAGTGGCTACACCTTCGGTTCG"	FALSE	TRUE	NA	NA	NA	NA
"CTGACCCTGGAGTCTGCCAGGCCCTCACATACCTCTCAGTACCTCTGTGCCAGCGGAACAGGGCATTCACCCCTCCACTTTGGGAAT"	"CASGTGHSPLHF"	"CTGACCCTGGAGTCTGCCAGGCCCTCACATACCTCTCAGTACCTCTGTGCCAGCGGAACAGGGCATTCACCCCTCCACTTTGGGAAT"	"CASGTGHSPLHF"	"TCRBV25-1*1"	"TCRBD1-1*1"	"TCRBJ1-6*1"	54	57	63	64	3	1	NA	NA	"CTGACCCTGGAGTCTGCCAGGCCCTCACATACCTCTCAGTACCTCTGTGCCAGCGGAACAGGGCATTCACCCCTCCACTTTGGGAAT"	FALSE	TRUE	NA	NA	NA	NA
"AAGATCCGGTCCACAAAGCTGGAGGACTCAGCCATGTACTTCTGTGCCAGCAGTGGATTTGGAGGGAACGAGCAGTACTTCGGGCCG"	"CASSGFGGNEQYF"	"AAGATCCGGTCCACAAAGCTGGAGGACTCAGCCATGTACTTCTGTGCCAGCAGTGGATTTGGAGGGAACGAGCAGTACTTCGGGCCG"	"CASSGFGGNEQYF"	"TCRBV2-1"	"TCRBD2-1*2"	"TCRBJ2-7*1"	55	60	66	67	5	1	NA	NA	"AAGATCCGGTCCACAAAGCTGGAGGACTCAGCCATGTACTTCTGTGCCAGCAGTGGATTTGGAGGGAACGAGCAGTACTTCGGGCCG"	FALSE	TRUE	NA	NA	NA	NA
"CAGCGCACAGAGCAGGAGGACTCGGCCGTGTATCTCTGTGCCACAGACGAGGTGAGCGGGAGCAGCTACGAGCAGTACTTCGGGCCG"	"CATDEVSGSSYEQYF"	"CAGCGCACAGAGCAGGAGGACTCGGCCGTGTATCTCTGTGCCACAGACGAGGTGAGCGGGAGCAGCTACGAGCAGTACTTCGGGCCG"	"CATDEVSGSSYEQYF"	"TCRBV7-2"	"TCRBD2-1*2"	"TCRBJ2-7*1"	43	54	62	65	11	3	NA	NA	"CAGCGCACAGAGCAGGAGGACTCGGCCGTGTATCTCTGTGCCACAGACGAGGTGAGCGGGAGCAGCTACGAGCAGTACTTCGGGCCG"	FALSE	TRUE	NA	NA	NA	NA
"TCTAAGAAGCTCCTTCTCAGTGACTCTGGCTTCTATCTCTGTGCCTGGAGTTCTGGCGGGGACTACAATGAGCAGTTCTTCGGGCCA"	"CAWSSGGDYNEQFF"	"TCTAAGAAGCTCCTTCTCAGTGACTCTGGCTTCTATCTCTGTGCCTGGAGTTCTGGCGGGGACTACAATGAGCAGTTCTTCGGGCCA"	"CAWSSGGDYNEQFF"	"TCRBV3-1*1"	"TCRBD2-1*1"	"TCRBJ2-1*1"	51	55	61	62	4	1	NA	NA	"TCTAAGAAGCTCCTTCTCAGTGACTCTGGCTTCTATCTCTGTGCCTGGAGTTCTGGCGGGGACTACAATGAGCAGTTCTTCGGGCCA"	FALSE	TRUE	NA	NA	NA	NA
"GTCGGCTGCTCCCTCCCAGACATCTGTGTACTTCTGTGCCAGCAGAGCATCCTAGCAATCCCCACAGATACGCAGTATTTTGGCCCA"	""	"GTCGGCTGCTCCCTCCCAGACATCTGTGTACTTCTGTGCCAGCAGAGCATCCTAGCAATCCCCACAGATACGCAGTATTTTGGCCCA"	""	NA	"TCRBD2-1"	"TCRBJ2-3*1"	45	51	56	62	6	6	NA	NA	"GTCGGCTGCTCCCTCCCAGACATCTGTGTACTTCTGTGCCAGCAGAGCATCCTAGCAATCCCCACAGATACGCAGTATTTTGGCCCA"	FALSE	FALSE	NA	NA	NA	NA
"AATTCCCTGGAGCTTGGTGACTCTGCTGTGTATTTCTGTGCCAGCAGCCAAGCTTCGGGACTAGCGAAAACGCAGTATTTTGGCCCA"	"CASSQASGLAKTQYF"	"AATTCCCTGGAGCTTGGTGACTCTGCTGTGTATTTCTGTGCCAGCAGCCAAGCTTCGGGACTAGCGAAAACGCAGTATTTTGGCCCA"	"CASSQASGLAKTQYF"	"TCRBV3-1/3-2*1"	"TCRBD2-1"	"TCRBJ2-3*1"	52	56	66	69	4	3	NA	NA	"AATTCCCTGGAGCTTGGTGACTCTGCTGTGTATTTCTGTGCCAGCAGCCAAGCTTCGGGACTAGCGAAAACGCAGTATTTTGGCCCA"	FALSE	TRUE	NA	NA	NA	NA
"ACTGTGAGCAACATGAGCCCTGAAGACAGCAGCATATATCTCTGCAGCGTTGAGCCCAGGGTCAACACTGAAGCTTTCTTTGGACAA"	"CSVEPRVNTEAFF"	"ACTGTGAGCAACATGAGCCCTGAAGACAGCAGCATATATCTCTGCAGCGTTGAGCCCAGGGTCAACACTGAAGCTTTCTTTGGACAA"	"CSVEPRVNTEAFF"	"TCRBV29-1"	"TCRBD1-1*1"	"TCRBJ1-1*1"	53	56	61	63	3	2	NA	NA	"ACTGTGAGCAACATGAGCCCTGAAGACAGCAGCATATATCTCTGCAGCGTTGAGCCCAGGGTCAACACTGAAGCTTTCTTTGGACAA"	FALSE	TRUE	NA	NA	NA	NA
"GAGTCAGCTACCCGCTCCCAGACATCTGTGTATTTCTGCGCCAGCAGTGAAGGAGCGGGACGCTCCTACGAGCAGTACTTCGGGCCG"	"CASSEGAGRSYEQYF"	"GAGTCAGCTACCCGCTCCCAGACATCTGTGTATTTCTGCGCCAGCAGTGAAGGAGCGGGACGCTCCTACGAGCAGTACTTCGGGCCG"	"CASSEGAGRSYEQYF"	"TCRBV1-2*1"	"TCRBD2-1*2"	"TCRBJ2-7*1"	50	53	60	62	3	2	NA	NA	"GAGTCAGCTACCCGCTCCCAGACATCTGTGTATTTCTGCGCCAGCAGTGAAGGAGCGGGACGCTCCTACGAGCAGTACTTCGGGCCG"	FALSE	TRUE	NA	NA	NA	NA
"AGTGCCCATCCTGAAGACAGCAGCTTCTACATCTGCAGTGCCTCAGTCGGCCAGGGGGTGGGCACAGATACGCAGTATTTTGGCCCA"	"CSASVGQGVGTDTQYF"	"AGTGCCCATCCTGAAGACAGCAGCTTCTACATCTGCAGTGCCTCAGTCGGCCAGGGGGTGGGCACAGATACGCAGTATTTTGGCCCA"	"CSASVGQGVGTDTQYF"	NA	"TCRBD1-1*1"	"TCRBJ2-3*1"	41	51	58	61	10	3	NA	NA	"AGTGCCCATCCTGAAGACAGCAGCTTCTACATCTGCAGTGCCTCAGTCGGCCAGGGGGTGGGCACAGATACGCAGTATTTTGGCCCA"	FALSE	TRUE	NA	NA	NA	NA
"CTGGAGTCTGCTGCCTCCTCCCAGACATCTGTATATTTCTGCGCCAGCAGTCAACAGGGGGCTGAAAACACCATATATTTTGGAGAG"	"CASSQQGAENTIYF"	"CTGGAGTCTGCTGCCTCCTCCCAGACATCTGTATATTTCTGCGCCAGCAGTCAACAGGGGGCTGAAAACACCATATATTTTGGAGAG"	"CASSQQGAENTIYF"	"TCRBV1-1*1"	"TCRBD1-1*1"	"TCRBJ1-3*1"	51	53	62	65	2	3	NA	NA	"CTGGAGTCTGCTGCCTCCTCCCAGACATCTGTATATTTCTGCGCCAGCAGTCAACAGGGGGCTGAAAACACCATATATTTTGGAGAG"	FALSE	TRUE	NA	NA	NA	NA
"CAGTGACCAGTGCCCATCCTGAAGACAGCAGCTTCTACATCTGCAGTGCTCCGGGACAGGGTGGGCGAGACCCAGTACTTCGGGCCA"	""	"CAGTGACCAGTGCCCATCCTGAAGACAGCAGCTTCTACATCTGCAGTGCTCCGGGACAGGGTGGGCGAGACCCAGTACTTCGGGCCA"	""	NA	"TCRBD1-1*1"	"TCRBJ2-5*1"	50	52	61	66	2	5	NA	NA	"CAGTGACCAGTGCCCATCCTGAAGACAGCAGCTTCTACATCTGCAGTGCTCCGGGACAGGGTGGGCGAGACCCAGTACTTCGGGCCA"	FALSE	FALSE	NA	NA	NA	NA
"AGCACCTTGGAGCTGGGGGACTCGGCCCTTTATCTTTGCGCCAGCAGCTTGGGGGACAGGGGAGCCTACGAGCAGTACTTCGGGCCG"	"CASSLGDRGAYEQYF"	"AGCACCTTGGAGCTGGGGGACTCGGCCCTTTATCTTTGCGCCAGCAGCTTGGGGGACAGGGGAGCCTACGAGCAGTACTTCGGGCCG"	"CASSLGDRGAYEQYF"	"TCRBV5-1*1"	"TCRBD1-1*1"	"TCRBJ2-7*1"	-1	52	62	64	53	2	NA	NA	"AGCACCTTGGAGCTGGGGGACTCGGCCCTTTATCTTTGCGCCAGCAGCTTGGGGGACAGGGGAGCCTACGAGCAGTACTTCGGGCCG"	FALSE	TRUE	NA	NA	NA	NA
"TCCCCTGACCCTGGAGTCTGCCAGGCCCTCACATACCTCTCAGTACCTCTGTGCCAGCAGTGAAACGCGGGACGGTTCTTCGGGCCA"	""	"TCCCCTGACCCTGGAGTCTGCCAGGCCCTCACATACCTCTCAGTACCTCTGTGCCAGCAGTGAAACGCGGGACGGTTCTTCGGGCCA"	""	"TCRBV25-1*1"	"TCRBD2-1*2"	"TCRBJ2-1*1"	64	66	72	74	2	2	NA	NA	"TCCCCTGACCCTGGAGTCTGCCAGGCCCTCACATACCTCTCAGTACCTCTGTGCCAGCAGTGAAACGCGGGACGGTTCTTCGGGCCA"	FALSE	FALSE	NA	NA	NA	NA
"AGCACCAACCAGACATCTATGTACCTCTGTGCCAGCAGTTTCATGGCCCCAGGGGTTTAGTTCCCCGGGGAGCTGTTTTTTGGAGAA"	"CASSFMAPGV*FPGELFF"	"AGCACCAACCAGACATCTATGTACCTCTGTGCCAGCAGTTTCATGGCCCCAGGGGTTTAGTTCCCCGGGGAGCTGTTTTTTGGAGAA"	"CASSFMAPGV*FPGELFF"	"TCRBV28-1*1"	"TCRBD1-1*1"	"TCRBJ2-2*1"	41	49	55	64	8	9	NA	NA	"AGCACCAACCAGACATCTATGTACCTCTGTGCCAGCAGTTTCATGGCCCCAGGGGTTTAGTTCCCCGGGGAGCTGTTTTTTGGAGAA"	FALSE	TRUE	NA	NA	NA	NA
"GTGACCAGTGCCCATCCTGAAGACAGCAGCTTCTACATCTGCAGTGCTCCATTACAGGGAAGTTCCTACGAGCAGTACTTCGGGCCG"	"CSAPLQGSSYEQYF"	"GTGACCAGTGCCCATCCTGAAGACAGCAGCTTCTACATCTGCAGTGCTCCATTACAGGGAAGTTCCTACGAGCAGTACTTCGGGCCG"	"CSAPLQGSSYEQYF"	NA	"TCRBD1-1*1"	"TCRBJ2-7*1"	48	53	59	63	5	4	NA	NA	"GTGACCAGTGCCCATCCTGAAGACAGCAGCTTCTACATCTGCAGTGCTCCATTACAGGGAAGTTCCTACGAGCAGTACTTCGGGCCG"	FALSE	TRUE	NA	NA	NA	NA
"ACCAGTGCCCATCCTGAAGACAGCAGCTTCTACATCTGCAGTGCTAGTTTTCAGGGCGATTATAATTCACCCCTCCACTTTGGGAAT"	"CSASFQGDYNSPLHF"	"ACCAGTGCCCATCCTGAAGACAGCAGCTTCTACATCTGCAGTGCTAGTTTTCAGGGCGATTATAATTCACCCCTCCACTTTGGGAAT"	"CSASFQGDYNSPLHF"	"TCRBV2-1*4"	"TCRBD1-1*1"	"TCRBJ1-6*1"	48	51	56	60	3	4	NA	NA	"ACCAGTGCCCATCCTGAAGACAGCAGCTTCTACATCTGCAGTGCTAGTTTTCAGGGCGATTATAATTCACCCCTCCACTTTGGGAAT"	FALSE	TRUE	NA	NA	NA	NA
"ATCCAGCGCACAGAGCGGGGGGACTCAGCCGTGTATCTCTGTGCCAGCAGCTTAGGCGGGAGGTCCTACGAGCAGTACTTCGGGCCG"	"CASSLGGRSYEQYF"	"ATCCAGCGCACAGAGCGGGGGGACTCAGCCGTGTATCTCTGTGCCAGCAGCTTAGGCGGGAGGTCCTACGAGCAGTACTTCGGGCCG"	"CASSLGGRSYEQYF"	"TCRBV7-3*1"	"TCRBD2-1*2"	"TCRBJ2-7*1"	54	55	-1	63	1	64	NA	NA	"ATCCAGCGCACAGAGCGGGGGGACTCAGCCGTGTATCTCTGTGCCAGCAGCTTAGGCGGGAGGTCCTACGAGCAGTACTTCGGGCCG"	FALSE	TRUE	NA	NA	NA	NA
"GTGCCTTGGAGCTGGGGGACTCGGCCCTGTATCTCTGTGCCAGAAGCTCGGACAGGGAGGAACACCGGGGAGCTGTTTTTTGGAGAA"	""	"GTGCCTTGGAGCTGGGGGACTCGGCCCTGTATCTCTGTGCCAGAAGCTCGGACAGGGAGGAACACCGGGGAGCTGTTTTTTGGAGAA"	""	"TCRBV5-3"	"TCRBD1-1*1"	"TCRBJ2-2*1"	48	49	57	59	1	2	NA	NA	"GTGCCTTGGAGCTGGGGGACTCGGCCCTGTATCTCTGTGCCAGAAGCTCGGACAGGGAGGAACACCGGGGAGCTGTTTTTTGGAGAA"	FALSE	FALSE	NA	NA	NA	NA
"AGCAACATGAGCCCTGAAGACAGCAGCATATATCTCTGCAGCGTTTCCCAGGGAAGGGTCGGTAATTCACCCCTCCACTTTGGGAAT"	"CSVSQGRVGNSPLHF"	"AGCAACATGAGCCCTGAAGACAGCAGCATATATCTCTGCAGCGTTTCCCAGGGAAGGGTCGGTAATTCACCCCTCCACTTTGGGAAT"	"CSVSQGRVGNSPLHF"	"TCRBV29-1"	"TCRBD1-1*1"	"TCRBJ1-6*1"	45	48	53	62	3	9	NA	NA	"AGCAACATGAGCCCTGAAGACAGCAGCATATATCTCTGCAGCGTTTCCCAGGGAAGGGTCGGTAATTCACCCCTCCACTTTGGGAAT"	FALSE	TRUE	NA	NA	NA	NA
"CCCTGCAGCCAGAAGACTCGGCCCTGTATCTCTGTGCCAGCAGCCAAGATTACCGGACAGGGTGATTGTGGCTACACCTTCGGTTCG"	""	"CCCTGCAGCCAGAAGACTCGGCCCTGTATCTCTGTGCCAGCAGCCAAGATTACCGGACAGGGTGATTGTGGCTACACCTTCGGTTCG"	""	"TCRBV4-2*1"	"TCRBD1-1*1"	"TCRBJ1-2*1"	49	54	62	68	5	6	NA	NA	"CCCTGCAGCCAGAAGACTCGGCCCTGTATCTCTGTGCCAGCAGCCAAGATTACCGGACAGGGTGATTGTGGCTACACCTTCGGTTCG"	FALSE	FALSE	NA	NA	NA	NA
"AGCCTGCAGAACTGGAGGATTCTGGAGTTTATTTCTGTGCCAGCAGCCTACCAGACAAAAAGCACAGATACGCAGTATTTTGGCCCA"	""	"AGCCTGCAGAACTGGAGGATTCTGGAGTTTATTTCTGTGCCAGCAGCCTACCAGACAAAAAGCACAGATACGCAGTATTTTGGCCCA"	""	"TCRBV14-1*1"	"TCRBD1-1*1"	"TCRBJ2-3*1"	48	53	57	60	5	3	NA	NA	"AGCCTGCAGAACTGGAGGATTCTGGAGTTTATTTCTGTGCCAGCAGCCTACCAGACAAAAAGCACAGATACGCAGTATTTTGGCCCA"	FALSE	FALSE	NA	NA	NA	NA
"GCCTTGGAGCTGGACGACTCGGCCCTGTATCTCTGTGCCAGCAGCCCCGGGGGAGGGGGAGTCAGCGGGGAGCTGTTTTTTGGAGAA"	"CASSPGGGGVSGELFF"	"GCCTTGGAGCTGGACGACTCGGCCCTGTATCTCTGTGCCAGCAGCCCCGGGGGAGGGGGAGTCAGCGGGGAGCTGTTTTTTGGAGAA"	"CASSPGGGGVSGELFF"	"TCRBV5-4*1"	"TCRBD2-1*2"	"TCRBJ2-2*1"	45	50	57	65	5	8	NA	NA	"GCCTTGGAGCTGGACGACTCGGCCCTGTATCTCTGTGCCAGCAGCCCCGGGGGAGGGGGAGTCAGCGGGGAGCTGTTTTTTGGAGAA"	FALSE	TRUE	NA	NA	NA	NA
"NTGTCGGCTGCTCCCTCCCAGACATCTGTGTACTTCTGTGCCAGCAGTGAGTCGGGACCGGGCTATCAGCCCCAGCATTTTGGTGAT"	"CASSESGPGYQPQHF"	"NTGTCGGCTGCTCCCTCCCAGACATCTGTGTACTTCTGTGCCAGCAGTGAGTCGGGACCGGGCTATCAGCCCCAGCATTTTGGTGAT"	"CASSESGPGYQPQHF"	"TCRBV6-1*1"	NA	"TCRBJ1-5*1"	50	53	58	64	3	6	NA	NA	"NTGTCGGCTGCTCCCTCCCAGACATCTGTGTACTTCTGTGCCAGCAGTGAGTCGGGACCGGGCTATCAGCCCCAGCATTTTGGTGAT"	FALSE	TRUE	NA	NA	NA	NA
"ATCAATTCCCTGGAGCTTGGTGACTCTGCTGTGTATTTCTGTGCCAGCAGCCAAGTGGCTGTATCCTATGGCTACACCTTCGGTTCG"	"CASSQVAVSYGYTF"	"ATCAATTCCCTGGAGCTTGGTGACTCTGCTGTGTATTTCTGTGCCAGCAGCCAAGTGGCTGTATCCTATGGCTACACCTTCGGTTCG"	"CASSQVAVSYGYTF"	"TCRBV3-1/3-2*1"	"TCRBD1-1*1"	"TCRBJ1-2*1"	55	56	59	65	1	6	NA	NA	"ATCAATTCCCTGGAGCTTGGTGACTCTGCTGTGTATTTCTGTGCCAGCAGCCAAGTGGCTGTATCCTATGGCTACACCTTCGGTTCG"	FALSE	TRUE	NA	NA	NA	NA
"CCCAACCAGACCTCTCTGTACTTCTGTGCCAGCAGTTTTAGGGGTGGGACTAGGCTGAAGTCGGGCAACATTCAGTACTTCGGCGCC"	"CASSFRGGTRLKSGNIQYF"	"CCCAACCAGACCTCTCTGTACTTCTGTGCCAGCAGTTTTAGGGGTGGGACTAGGCTGAAGTCGGGCAACATTCAGTACTTCGGCGCC"	"CASSFRGGTRLKSGNIQYF"	"TCRBV27-1*1"	"TCRBD2-1"	"TCRBJ2-4*1"	38	45	53	66	7	13	NA	NA	"CCCAACCAGACCTCTCTGTACTTCTGTGCCAGCAGTTTTAGGGGTGGGACTAGGCTGAAGTCGGGCAACATTCAGTACTTCGGCGCC"	FALSE	TRUE	NA	NA	NA	NA
"TCCCTGGAGCTTGGTGACTCTGCTGTGTATTTCTGTGCCAGCAGCCGCTCCCTAGCGGGAGCTGGTAATGAGCAGTTCTTCGGGCCA"	"CASSRSLAGAGNEQFF"	"TCCCTGGAGCTTGGTGACTCTGCTGTGTATTTCTGTGCCAGCAGCCGCTCCCTAGCGGGAGCTGGTAATGAGCAGTTCTTCGGGCCA"	"CASSRSLAGAGNEQFF"	"TCRBV3-1/3-2*1"	"TCRBD2-1*2"	"TCRBJ2-1*1"	46	51	61	66	5	5	NA	NA	"TCCCTGGAGCTTGGTGACTCTGCTGTGTATTTCTGTGCCAGCAGCCGCTCCCTAGCGGGAGCTGGTAATGAGCAGTTCTTCGGGCCA"	FALSE	TRUE	NA	NA	NA	NA
"ATGAATGTGAGCACCTTGGAGCTGGGGGACTCGGCCCTTTATCTTTGCGCCAGCAGCTTGGTTCGGGATGAAGCTTTCTTTGGACAA"	"CASSLVRDEAFF"	"ATGAATGTGAGCACCTTGGAGCTGGGGGACTCGGCCCTTTATCTTTGCGCCAGCAGCTTGGTTCGGGATGAAGCTTTCTTTGGACAA"	"CASSLVRDEAFF"	"TCRBV5-1*1"	"TCRBD2-1*2"	"TCRBJ1-1*1"	61	63	-1	68	2	69	NA	NA	"ATGAATGTGAGCACCTTGGAGCTGGGGGACTCGGCCCTTTATCTTTGCGCCAGCAGCTTGGTTCGGGATGAAGCTTTCTTTGGACAA"	FALSE	TRUE	NA	NA	NA	NA
"GTGAGCACCTTGGAGCTGGGGGACTCGGCCCTTTATCTTTGCGCCAGCAGAGAACAGGGCCTGAACACTGAAGCTTTCTTTGGACAA"	"CASREQGLNTEAFF"	"GTGAGCACCTTGGAGCTGGGGGACTCGGCCCTTTATCTTTGCGCCAGCAGAGAACAGGGCCTGAACACTGAAGCTTTCTTTGGACAA"	"CASREQGLNTEAFF"	"TCRBV5-1*1"	"TCRBD1-1*1"	"TCRBJ1-1*1"	50	53	59	61	3	2	NA	NA	"GTGAGCACCTTGGAGCTGGGGGACTCGGCCCTTTATCTTTGCGCCAGCAGAGAACAGGGCCTGAACACTGAAGCTTTCTTTGGACAA"	FALSE	TRUE	NA	NA	NA	NA
"CAGGTAGTGCGAGGAGATTCGGCAGCTTATTTCTGTGCCAGCTCACCACCCGGAGACTAGCGGTACAATGAGCAGTTCTTCGGGCCA"	"CASSPPGD*RYNEQFF"	"CAGGTAGTGCGAGGAGATTCGGCAGCTTATTTCTGTGCCAGCTCACCACCCGGAGACTAGCGGTACAATGAGCAGTTCTTCGGGCCA"	"CASSPPGD*RYNEQFF"	"TCRBV18-1*1"	"TCRBD2-1"	"TCRBJ2-1*1"	50	54	-1	63	4	64	NA	NA	"CAGGTAGTGCGAGGAGATTCGGCAGCTTATTTCTGTGCCAGCTCACCACCCGGAGACTAGCGGTACAATGAGCAGTTCTTCGGGCCA"	FALSE	TRUE	NA	NA	NA	NA
"AGGGGACACAGCACTGTATTTCTGTGCCAGCAGCTTTCGACAGGGTGCTTTAGTTTGACTTACAATCAGCCCCAGCATTTTGGTGAT"	""	"AGGGGACACAGCACTGTATTTCTGTGCCAGCAGCTTTCGACAGGGTGCTTTAGTTTGACTTACAATCAGCCCCAGCATTTTGGTGAT"	""	"TCRBV21-1*1"	"TCRBD1-1*1"	"TCRBJ1-5*1"	34	38	45	62	4	17	NA	NA	"AGGGGACACAGCACTGTATTTCTGTGCCAGCAGCTTTCGACAGGGTGCTTTAGTTTGACTTACAATCAGCCCCAGCATTTTGGTGAT"	FALSE	FALSE	NA	NA	NA	NA
"TCCAGTCCACGGAGTCAGGGGACACAGCACTGTATTTCTGTGCCAGCAGCCCTAAGTGGCTCTGGAAACACCATATATTTTGGAGAG"	""	"TCCAGTCCACGGAGTCAGGGGACACAGCACTGTATTTCTGTGCCAGCAGCCCTAAGTGGCTCTGGAAACACCATATATTTTGGAGAG"	""	"TCRBV21-1*1"	"TCRBD2-1"	"TCRBJ1-3*1"	50	51	54	59	1	5	NA	NA	"TCCAGTCCACGGAGTCAGGGGACACAGCACTGTATTTCTGTGCCAGCAGCCCTAAGTGGCTCTGGAAACACCATATATTTTGGAGAG"	FALSE	FALSE	NA	NA	NA	NA
"ATCCAGCGCACAGAGCAGGGGGACTCGGCCATGTATCTCTGTGCCAGCAGCTTGGGGGGTTCCTACAATGAGCAGTTCTTCGGGCCA"	"CASSLGGSYNEQFF"	"ATCCAGCGCACAGAGCAGGGGGACTCGGCCATGTATCTCTGTGCCAGCAGCTTGGGGGGTTCCTACAATGAGCAGTTCTTCGGGCCA"	"CASSLGGSYNEQFF"	"TCRBV7-9*1"	"TCRBD2-1*1"	"TCRBJ2-1*1"	-1	53	59	60	54	1	NA	NA	"ATCCAGCGCACAGAGCAGGGGGACTCGGCCATGTATCTCTGTGCCAGCAGCTTGGGGGGTTCCTACAATGAGCAGTTCTTCGGGCCA"	FALSE	TRUE	NA	NA	NA	NA
"GTGAACGCCTTGGAGCTGGACGACTCGGCCCTGTATCTCTGTGCCAGCAGCTTGGATCTCAACCGGGACGAGCAGTACTTCGGGCCG"	"CASSLDLNRDEQYF"	"GTGAACGCCTTGGAGCTGGACGACTCGGCCCTGTATCTCTGTGCCAGCAGCTTGGATCTCAACCGGGACGAGCAGTACTTCGGGCCG"	"CASSLDLNRDEQYF"	"TCRBV5-4*1"	"TCRBD2-1"	"TCRBJ2-7*1"	55	63	-1	67	8	68	NA	NA	"GTGAACGCCTTGGAGCTGGACGACTCGGCCCTGTATCTCTGTGCCAGCAGCTTGGATCTCAACCGGGACGAGCAGTACTTCGGGCCG"	FALSE	TRUE	NA	NA	NA	NA
"TCTAAGAAGCTCCTTCTCAGTGACTCTGGCTTCTATCTCTGTGCCTGGAGTGTACGTCGACAGGAGTATGGCTACACCTTCGGTTCG"	"CAWSVRRQEYGYTF"	"TCTAAGAAGCTCCTTCTCAGTGACTCTGGCTTCTATCTCTGTGCCTGGAGTGTACGTCGACAGGAGTATGGCTACACCTTCGGTTCG"	"CAWSVRRQEYGYTF"	"TCRBV3-1*1"	"TCRBD1-1*1"	"TCRBJ1-2*1"	53	58	64	66	5	2	NA	NA	"TCTAAGAAGCTCCTTCTCAGTGACTCTGGCTTCTATCTCTGTGCCTGGAGTGTACGTCGACAGGAGTATGGCTACACCTTCGGTTCG"	FALSE	TRUE	NA	NA	NA	NA
"AGGATCCAGCAGGTAGTGCGAGGAGATTCGGCAGCTTATTTCTGTGCCAGCTCACCGGGACTAGCGGGCGAGCAGTACTTCGGGCCG"	"CASSPGLAGEQYF"	"AGGATCCAGCAGGTAGTGCGAGGAGATTCGGCAGCTTATTTCTGTGCCAGCTCACCGGGACTAGCGGGCGAGCAGTACTTCGGGCCG"	"CASSPGLAGEQYF"	"TCRBV18-1*1"	"TCRBD2-1"	"TCRBJ2-7*1"	-1	56	-1	68	57	69	NA	NA	"AGGATCCAGCAGGTAGTGCGAGGAGATTCGGCAGCTTATTTCTGTGCCAGCTCACCGGGACTAGCGGGCGAGCAGTACTTCGGGCCG"	FALSE	TRUE	NA	NA	NA	NA
"AGAACCCAGGGACTCAGCTGTGTACTTCTGTGCCAGCAGTTTAACATCCGGGACAAGTATAGCAATCAGCCCCAGCATTTTGGTGAT"	""	"AGAACCCAGGGACTCAGCTGTGTACTTCTGTGCCAGCAGTTTAACATCCGGGACAAGTATAGCAATCAGCCCCAGCATTTTGGTGAT"	""	NA	"TCRBD1-1*1"	"TCRBJ1-5*1"	43	49	55	59	6	4	NA	NA	"AGAACCCAGGGACTCAGCTGTGTACTTCTGTGCCAGCAGTTTAACATCCGGGACAAGTATAGCAATCAGCCCCAGCATTTTGGTGAT"	FALSE	FALSE	NA	NA	NA	NA
"GCTACCAGCTCCCAGACATCTGTGTACTTCTGTGCCATCCTAGGCCTAGCGAATGGAAGCTCCTACAATGAGCAGTTCTTCGGGCCA"	"CAILGLANGSSYNEQFF"	"GCTACCAGCTCCCAGACATCTGTGTACTTCTGTGCCATCCTAGGCCTAGCGAATGGAAGCTCCTACAATGAGCAGTTCTTCGGGCCA"	"CAILGLANGSSYNEQFF"	"TCRBV1-3*1"	"TCRBD2-1"	"TCRBJ2-1*1"	39	45	51	59	6	8	NA	NA	"GCTACCAGCTCCCAGACATCTGTGTACTTCTGTGCCATCCTAGGCCTAGCGAATGGAAGCTCCTACAATGAGCAGTTCTTCGGGCCA"	FALSE	TRUE	NA	NA	NA	NA
"CGCTACCAGCTCCCAGACATCTGTGTACTTCTGTGCCATCGACGCAGGGGGCTTCTGGGGTGGGAAAACATTCAGTACTTCGGCGCC"	""	"CGCTACCAGCTCCCAGACATCTGTGTACTTCTGTGCCATCGACGCAGGGGGCTTCTGGGGTGGGAAAACATTCAGTACTTCGGCGCC"	""	"TCRBV1-3*1"	"TCRBD1-1*1"	"TCRBJ2-4*1"	40	44	52	64	4	12	NA	NA	"CGCTACCAGCTCCCAGACATCTGTGTACTTCTGTGCCATCGACGCAGGGGGCTTCTGGGGTGGGAAAACATTCAGTACTTCGGCGCC"	FALSE	FALSE	NA	NA	NA	NA
"NNNTGTCGGCTGCTCCCTCCCAGACATCTGTGTACTTGTGTGCCAGCAGTTACCCGACTAGCCAAAAACATTCAGTACTTCGGCGCC"	""	"NNNTGTCGGCTGCTCCCTCCCAGACATCTGTGTACTTGTGTGCCAGCAGTTACCCGACTAGCCAAAAACATTCAGTACTTCGGCGCC"	""	"TCRBV6-8*1"	"TCRBD2-1"	"TCRBJ2-4*1"	53	55	-1	59	2	60	NA	NA	"NNNTGTCGGCTGCTCCCTCCCAGACATCTGTGTACTTGTGTGCCAGCAGTTACCCGACTAGCCAAAAACATTCAGTACTTCGGCGCC"	FALSE	FALSE	NA	NA	NA	NA
"AGCACCTTGGAGCTGGGGGACTCGGCCCTTTATCTTTGCGCCAGCAGCCCTGGGACAGGGGGCGGTCAGCCCCAGCATTTTGGTGAT"	"CASSPGTGGGQPQHF"	"AGCACCTTGGAGCTGGGGGACTCGGCCCTTTATCTTTGCGCCAGCAGCCCTGGGACAGGGGGCGGTCAGCCCCAGCATTTTGGTGAT"	"CASSPGTGGGQPQHF"	"TCRBV5-1*1"	"TCRBD1-1*1"	"TCRBJ1-5*1"	48	51	63	65	3	2	NA	NA	"AGCACCTTGGAGCTGGGGGACTCGGCCCTTTATCTTTGCGCCAGCAGCCCTGGGACAGGGGGCGGTCAGCCCCAGCATTTTGGTGAT"	FALSE	TRUE	NA	NA	NA	NA
"TCCCTGATTCTGGAGTCCGCCAGCACCAACCAGACATCTATGTACCTCTGTGCCAGCAGTTTAATGGGGGAGCAGTACTTCGGGCCG"	"CASSLMGEQYF"	"TCCCTGATTCTGGAGTCCGCCAGCACCAACCAGACATCTATGTACCTCTGTGCCAGCAGTTTAATGGGGGAGCAGTACTTCGGGCCG"	"CASSLMGEQYF"	"TCRBV28-1*1"	NA	"TCRBJ2-7*1"	63	65	-1	69	2	70	NA	NA	"TCCCTGATTCTGGAGTCCGCCAGCACCAACCAGACATCTATGTACCTCTGTGCCAGCAGTTTAATGGGGGAGCAGTACTTCGGGCCG"	FALSE	TRUE	NA	NA	NA	NA
"TCGGCTGCTCCCTCCCAGACATCTGTGTACTTCTGTGCCAGCAGGGGTGTACTGAGCCGTAGCAAAGAGACCCAGTACTTCGGGCCA"	"CASRGVLSRSKETQYF"	"TCGGCTGCTCCCTCCCAGACATCTGTGTACTTCTGTGCCAGCAGGGGTGTACTGAGCCGTAGCAAAGAGACCCAGTACTTCGGGCCA"	"CASRGVLSRSKETQYF"	NA	"TCRBD2-1"	"TCRBJ2-5*1"	44	59	63	64	15	1	NA	NA	"TCGGCTGCTCCCTCCCAGACATCTGTGTACTTCTGTGCCAGCAGGGGTGTACTGAGCCGTAGCAAAGAGACCCAGTACTTCGGGCCA"	FALSE	TRUE	NA	NA	NA	NA
"NNTGTCGGCTGCTCCCTCCCAGACATCTGTGTACTTGTGTGCCAGCAGTTACTCTTCAGGGGTAACTACGAGCAGTACTTCGGGCCG"	""	"NNTGTCGGCTGCTCCCTCCCAGACATCTGTGTACTTGTGTGCCAGCAGTTACTCTTCAGGGGTAACTACGAGCAGTACTTCGGGCCG"	""	"TCRBV6-8*1"	"TCRBD1-1*1"	"TCRBJ2-7*1"	54	56	62	65	2	3	NA	NA	"NNTGTCGGCTGCTCCCTCCCAGACATCTGTGTACTTGTGTGCCAGCAGTTACTCTTCAGGGGTAACTACGAGCAGTACTTCGGGCCG"	FALSE	FALSE	NA	NA	NA	NA
"ACAGTGACCAGTGCCCATCCTGAAGACAGCAGCTTCTACATCTGCAGTGCTAGAAGGACAGGCTCCTACGAGCAGTACTTCGGGCCG"	"CSARRTGSYEQYF"	"ACAGTGACCAGTGCCCATCCTGAAGACAGCAGCTTCTACATCTGCAGTGCTAGAAGGACAGGCTCCTACGAGCAGTACTTCGGGCCG"	"CSARRTGSYEQYF"	NA	"TCRBD1-1*1"	"TCRBJ2-7*1"	54	55	-1	62	1	63	NA	NA	"ACAGTGACCAGTGCCCATCCTGAAGACAGCAGCTTCTACATCTGCAGTGCTAGAAGGACAGGCTCCTACGAGCAGTACTTCGGGCCG"	FALSE	TRUE	NA	NA	NA	NA
"GAGTCGCCCAGCCCCAACCAGACCTCTCTGTACTTCTGTGCCAGCAGTTTAAGATGGACGGTACAAGAGACCCAGTACTTCGGGCCA"	"CASSLRWTVQETQYF"	"GAGTCGCCCAGCCCCAACCAGACCTCTCTGTACTTCTGTGCCAGCAGTTTAAGATGGACGGTACAAGAGACCCAGTACTTCGGGCCA"	"CASSLRWTVQETQYF"	"TCRBV27-1*1"	NA	"TCRBJ2-5*1"	51	55	59	63	4	4	NA	NA	"GAGTCGCCCAGCCCCAACCAGACCTCTCTGTACTTCTGTGCCAGCAGTTTAAGATGGACGGTACAAGAGACCCAGTACTTCGGGCCA"	FALSE	TRUE	NA	NA	NA	NA
"NNNNTGTCGGCTGCTCCCTCCCAAACATCTGTGTACTTCTGTGCCAGCAGACTAGCGGGAGGGACCAACGAGCAGTACTTCGGGCCG"	"CASRLAGGTNEQYF"	"NNNNTGTCGGCTGCTCCCTCCCAAACATCTGTGTACTTCTGTGCCAGCAGACTAGCGGGAGGGACCAACGAGCAGTACTTCGGGCCG"	"CASRLAGGTNEQYF"	NA	"TCRBD2-1*2"	"TCRBJ2-7*1"	-1	50	63	67	51	4	NA	NA	"NNNNTGTCGGCTGCTCCCTCCCAAACATCTGTGTACTTCTGTGCCAGCAGACTAGCGGGAGGGACCAACGAGCAGTACTTCGGGCCG"	FALSE	TRUE	NA	NA	NA	NA
"CGCACACAGCAGGAGGACTCCGCCGTGTATCTCTGTGCCAGCAGCCACGGAGATGGGTGGGGAGGCACTGAAGCTTTCTTTGGACAA"	"CASSHGDGWGGTEAFF"	"CGCACACAGCAGGAGGACTCCGCCGTGTATCTCTGTGCCAGCAGCCACGGAGATGGGTGGGGAGGCACTGAAGCTTTCTTTGGACAA"	"CASSHGDGWGGTEAFF"	"TCRBV7-8*3"	"TCRBD2-1*2"	"TCRBJ1-1*1"	46	59	-1	65	13	66	NA	NA	"CGCACACAGCAGGAGGACTCCGCCGTGTATCTCTGTGCCAGCAGCCACGGAGATGGGTGGGGAGGCACTGAAGCTTTCTTTGGACAA"	FALSE	TRUE	NA	NA	NA	NA
"ACAGAGCAGGAGGACTCGGCCGTGTATCTCTGTGCCAGCCATCAGACAGGGGTCATCTCCTATAATTCACCCCTCCACTTTGGGAAT"	"CASHQTGVISYNSPLHF"	"ACAGAGCAGGAGGACTCGGCCGTGTATCTCTGTGCCAGCCATCAGACAGGGGTCATCTCCTATAATTCACCCCTCCACTTTGGGAAT"	"CASHQTGVISYNSPLHF"	"TCRBV7-2"	"TCRBD1-1*1"	"TCRBJ1-6*1"	39	44	52	56	5	4	NA	NA	"ACAGAGCAGGAGGACTCGGCCGTGTATCTCTGTGCCAGCCATCAGACAGGGGTCATCTCCTATAATTCACCCCTCCACTTTGGGAAT"	FALSE	TRUE	NA	NA	NA	NA
"AGCACCTTGGAGCTGGGGGACTCGGCCCTTTATCTTTGCGCCAGCGGTAACAGTGTGGAGGGTCACTACGAGCAGTACTTCGGGCCG"	"CASGNSVEGHYEQYF"	"AGCACCTTGGAGCTGGGGGACTCGGCCCTTTATCTTTGCGCCAGCGGTAACAGTGTGGAGGGTCACTACGAGCAGTACTTCGGGCCG"	"CASGNSVEGHYEQYF"	"TCRBV5-1*1"	"TCRBD2-1*2"	"TCRBJ2-7*1"	45	56	62	65	11	3	NA	NA	"AGCACCTTGGAGCTGGGGGACTCGGCCCTTTATCTTTGCGCCAGCGGTAACAGTGTGGAGGGTCACTACGAGCAGTACTTCGGGCCG"	FALSE	TRUE	NA	NA	NA	NA
"ATCCAGCGCACACAGCAGGAGGACTCGGCCGTGTATCTCTGTGCCAGCAGCTTAGGGGAGTACTACTATGGCTACACCTTCGGTTCG"	"CASSLGEYYYGYTF"	"ATCCAGCGCACACAGCAGGAGGACTCGGCCGTGTATCTCTGTGCCAGCAGCTTAGGGGAGTACTACTATGGCTACACCTTCGGTTCG"	"CASSLGEYYYGYTF"	"TCRBV7-2"	"TCRBD2-1*2"	"TCRBJ1-2*1"	-1	55	60	64	56	4	NA	NA	"ATCCAGCGCACACAGCAGGAGGACTCGGCCGTGTATCTCTGTGCCAGCAGCTTAGGGGAGTACTACTATGGCTACACCTTCGGTTCG"	FALSE	TRUE	NA	NA	NA	NA
"GAGTCCGCCAGCACCAACCAGACATCTATGTACCTCTGTGCCAGCGGAGAGAGACACCGCTCTGGAAACACCATATATTTTGGAGAG"	"CASGERHRSGNTIYF"	"GAGTCCGCCAGCACCAACCAGACATCTATGTACCTCTGTGCCAGCGGAGAGAGACACCGCTCTGGAAACACCATATATTTTGGAGAG"	"CASGERHRSGNTIYF"	"TCRBV28-1*1"	NA	"TCRBJ1-3*1"	45	52	56	59	7	3	NA	NA	"GAGTCCGCCAGCACCAACCAGACATCTATGTACCTCTGTGCCAGCGGAGAGAGACACCGCTCTGGAAACACCATATATTTTGGAGAG"	FALSE	TRUE	NA	NA	NA	NA
"TGGAGGATTCTGGAGTTTATTTCTGTGCCAGCAGGCCAAACCGGGACAGGGATAGTCGGGAGCTCCTACGAGCAGTACTTCGGGCCG"	""	"TGGAGGATTCTGGAGTTTATTTCTGTGCCAGCAGGCCAAACCGGGACAGGGATAGTCGGGAGCTCCTACGAGCAGTACTTCGGGCCG"	""	"TCRBV14-1*1"	"TCRBD1-1*1"	"TCRBJ2-7*1"	34	42	51	62	8	11	NA	NA	"TGGAGGATTCTGGAGTTTATTTCTGTGCCAGCAGGCCAAACCGGGACAGGGATAGTCGGGAGCTCCTACGAGCAGTACTTCGGGCCG"	FALSE	FALSE	NA	NA	NA	NA
"TTGGAGCTGGGGGACTCGGCCCTTTATCTTTGCGCCAGCAGCTTGGAGCTCCGGACCGGGGGTCCCTATGGCTACACCTTCGGTTCG"	"CASSLELRTGGPYGYTF"	"TTGGAGCTGGGGGACTCGGCCCTTTATCTTTGCGCCAGCAGCTTGGAGCTCCGGACCGGGGGTCCCTATGGCTACACCTTCGGTTCG"	"CASSLELRTGGPYGYTF"	"TCRBV5-1*1"	"TCRBD2-1*1"	"TCRBJ1-2*1"	46	56	62	65	10	3	NA	NA	"TTGGAGCTGGGGGACTCGGCCCTTTATCTTTGCGCCAGCAGCTTGGAGCTCCGGACCGGGGGTCCCTATGGCTACACCTTCGGTTCG"	FALSE	TRUE	NA	NA	NA	NA
"CTGAAGATCCAGCGCACAGAGCGGGGGGACTCAGCCGTGTATCTCTGTGCCAGCAGCCCAAACTCCTACGAGCAGTACTTCGGGCCG"	"CASSPNSYEQYF"	"CTGAAGATCCAGCGCACAGAGCGGGGGGACTCAGCCGTGTATCTCTGTGCCAGCAGCCCAAACTCCTACGAGCAGTACTTCGGGCCG"	"CASSPNSYEQYF"	"TCRBV7-3*1"	"TCRBD1-1*1"	"TCRBJ2-7*1"	57	58	60	62	1	2	NA	NA	"CTGAAGATCCAGCGCACAGAGCGGGGGGACTCAGCCGTGTATCTCTGTGCCAGCAGCCCAAACTCCTACGAGCAGTACTTCGGGCCG"	FALSE	TRUE	NA	NA	NA	NA
"CTACACGCCCTGCAGCCAGAAGACTCAGCCCTGTATCTCTGCGCCAGCAGCCAAGCCCAGACTAATGAAAAACTGTTTTTTGGCAGT"	"CASSQAQTNEKLFF"	"CTACACGCCCTGCAGCCAGAAGACTCAGCCCTGTATCTCTGCGCCAGCAGCCAAGCCCAGACTAATGAAAAACTGTTTTTTGGCAGT"	"CASSQAQTNEKLFF"	"TCRBV4-1*1"	"TCRBD1-1*1"	"TCRBJ1-4*1"	55	57	-1	60	2	61	NA	NA	"CTACACGCCCTGCAGCCAGAAGACTCAGCCCTGTATCTCTGCGCCAGCAGCCAAGCCCAGACTAATGAAAAACTGTTTTTTGGCAGT"	FALSE	TRUE	NA	NA	NA	NA
"TCAGCTACCCGCTCCCAGACATCTGTGTATTTCTGCGCCAGCAGTGAGTGGGGCAGTAACGGGAATCAGCCCCAGCATTTTGGTGAT"	"CASSEWGSNGNQPQHF"	"TCAGCTACCCGCTCCCAGACATCTGTGTATTTCTGCGCCAGCAGTGAGTGGGGCAGTAACGGGAATCAGCCCCAGCATTTTGGTGAT"	"CASSEWGSNGNQPQHF"	"TCRBV1-2*1"	"TCRBD1-1*1"	"TCRBJ1-5*1"	-1	49	54	63	50	9	NA	NA	"TCAGCTACCCGCTCCCAGACATCTGTGTATTTCTGCGCCAGCAGTGAGTGGGGCAGTAACGGGAATCAGCCCCAGCATTTTGGTGAT"	FALSE	TRUE	NA	NA	NA	NA
"CCCAGCCCCAACCAGACCTCTCTGTACTTCTGTGCCAGCAGTTTTTGGCGGGAGGTAATCTCCTACAATGAGCAGTTCTTCGGGCCA"	"CASSFWREVISYNEQFF"	"CCCAGCCCCAACCAGACCTCTCTGTACTTCTGTGCCAGCAGTTTTTGGCGGGAGGTAATCTCCTACAATGAGCAGTTCTTCGGGCCA"	"CASSFWREVISYNEQFF"	"TCRBV27-1*1"	"TCRBD2-1*2"	"TCRBJ2-1*1"	44	47	55	59	3	4	NA	NA	"CCCAGCCCCAACCAGACCTCTCTGTACTTCTGTGCCAGCAGTTTTTGGCGGGAGGTAATCTCCTACAATGAGCAGTTCTTCGGGCCA"	FALSE	TRUE	NA	NA	NA	NA
"GCCCATCCTGAAGACAGCAGCTTCTACATCTGCAGTGCTAGAGATTCGGGGGAGGGTTATATTGGCAATGAGCAGTTCTTCGGGCCA"	"CSARDSGEGYIGNEQFF"	"GCCCATCCTGAAGACAGCAGCTTCTACATCTGCAGTGCTAGAGATTCGGGGGAGGGTTATATTGGCAATGAGCAGTTCTTCGGGCCA"	"CSARDSGEGYIGNEQFF"	NA	"TCRBD2-1*2"	"TCRBJ2-1*1"	44	49	56	65	5	9	NA	NA	"GCCCATCCTGAAGACAGCAGCTTCTACATCTGCAGTGCTAGAGATTCGGGGGAGGGTTATATTGGCAATGAGCAGTTCTTCGGGCCA"	FALSE	TRUE	NA	NA	NA	NA
"AACGCCTTGGAGCTGGACGACTCGGCCCTGTATCTCTGTGCCAGCAGCTTGGCACAGGGGGCTGAAGATACGCAGTATTTTGGCCCA"	"CASSLAQGAEDTQYF"	"AACGCCTTGGAGCTGGACGACTCGGCCCTGTATCTCTGTGCCAGCAGCTTGGCACAGGGGGCTGAAGATACGCAGTATTTTGGCCCA"	"CASSLAQGAEDTQYF"	"TCRBV5-4*1"	"TCRBD1-1*1"	"TCRBJ2-3*1"	52	53	62	65	1	3	NA	NA	"AACGCCTTGGAGCTGGACGACTCGGCCCTGTATCTCTGTGCCAGCAGCTTGGCACAGGGGGCTGAAGATACGCAGTATTTTGGCCCA"	FALSE	TRUE	NA	NA	NA	NA
"CAGCCCTCAGAACCCAGGGACTCAGCTGTGTACTTCTGTGCCAGCAGTTTAGTGCCCAGCGGCACAGATACGCAGTATTTTGGCCCA"	"CASSLVPSGTDTQYF"	"CAGCCCTCAGAACCCAGGGACTCAGCTGTGTACTTCTGTGCCAGCAGTTTAGTGCCCAGCGGCACAGATACGCAGTATTTTGGCCCA"	"CASSLVPSGTDTQYF"	NA	"TCRBD2-1"	"TCRBJ2-3*1"	52	57	-1	61	5	62	NA	NA	"CAGCCCTCAGAACCCAGGGACTCAGCTGTGTACTTCTGTGCCAGCAGTTTAGTGCCCAGCGGCACAGATACGCAGTATTTTGGCCCA"	FALSE	TRUE	NA	NA	NA	NA
"AGTGCCCATCCTGAAGACAGCAGCTTCTACATCTGCAGTGCCCGGGGACTAGCGGGAGCCCGCACCGGGGAGCTGTTTTTTGGAGAA"	"CSARGLAGARTGELFF"	"AGTGCCCATCCTGAAGACAGCAGCTTCTACATCTGCAGTGCCCGGGGACTAGCGGGAGCCCGCACCGGGGAGCTGTTTTTTGGAGAA"	"CSARGLAGARTGELFF"	NA	"TCRBD2-1*2"	"TCRBJ2-2*1"	41	44	58	62	3	4	NA	NA	"AGTGCCCATCCTGAAGACAGCAGCTTCTACATCTGCAGTGCCCGGGGACTAGCGGGAGCCCGCACCGGGGAGCTGTTTTTTGGAGAA"	FALSE	TRUE	NA	NA	NA	NA
"CTGGAGTCTGCCAGGCCCTCACATACCTCTCAGTACCTCTGTGCCAGCAGTGTCGCCGGTCATACCCGGGAGCAGTTCTTCGGGCCA"	"CASSVAGHTREQFF"	"CTGGAGTCTGCCAGGCCCTCACATACCTCTCAGTACCTCTGTGCCAGCAGTGTCGCCGGTCATACCCGGGAGCAGTTCTTCGGGCCA"	"CASSVAGHTREQFF"	"TCRBV25-1*1"	"TCRBD2-1"	"TCRBJ2-1*1"	52	56	59	69	4	10	NA	NA	"CTGGAGTCTGCCAGGCCCTCACATACCTCTCAGTACCTCTGTGCCAGCAGTGTCGCCGGTCATACCCGGGAGCAGTTCTTCGGGCCA"	FALSE	TRUE	NA	NA	NA	NA
"ACGTTGGCGTCTGCTGTACCCTCTCAGACATCTGTGTACTTCTGTGCCAGTTCGACAGGGGATAATTCACCCCTCCACTTTGGGAAT"	"CASSTGDNSPLHF"	"ACGTTGGCGTCTGCTGTACCCTCTCAGACATCTGTGTACTTCTGTGCCAGTTCGACAGGGGATAATTCACCCCTCCACTTTGGGAAT"	"CASSTGDNSPLHF"	"TCRBV6-4*1"	"TCRBD1-1*1"	"TCRBJ1-6*1"	50	53	-1	61	3	62	NA	NA	"ACGTTGGCGTCTGCTGTACCCTCTCAGACATCTGTGTACTTCTGTGCCAGTTCGACAGGGGATAATTCACCCCTCCACTTTGGGAAT"	FALSE	TRUE	NA	NA	NA	NA
"ACGATTCAGCGCACAGAGCAGCGGGACTCGGCCATGTATCGCTGTGCCAGCAGCATTCGGGCGGCCGGGGAGCTGTTTTTTGGAGAA"	"CASSIRAAGELFF"	"ACGATTCAGCGCACAGAGCAGCGGGACTCGGCCATGTATCGCTGTGCCAGCAGCATTCGGGCGGCCGGGGAGCTGTTTTTTGGAGAA"	"CASSIRAAGELFF"	NA	NA	"TCRBJ2-2*1"	54	58	62	64	4	2	NA	NA	"ACGATTCAGCGCACAGAGCAGCGGGACTCGGCCATGTATCGCTGTGCCAGCAGCATTCGGGCGGCCGGGGAGCTGTTTTTTGGAGAA"	FALSE	TRUE	NA	NA	NA	NA
"CAGCGCACAGAGCAGGAGGACTCGGCCGTGTATCTCTGTGCCAGCACCTCCCCGGGACGCCCCGGGTACGAGCAGTACTTCGGGCCG"	"CASTSPGRPGYEQYF"	"CAGCGCACAGAGCAGGAGGACTCGGCCGTGTATCTCTGTGCCAGCACCTCCCCGGGACGCCCCGGGTACGAGCAGTACTTCGGGCCG"	"CASTSPGRPGYEQYF"	"TCRBV7-2"	NA	"TCRBJ2-7*1"	46	53	58	66	7	8	NA	NA	"CAGCGCACAGAGCAGGAGGACTCGGCCGTGTATCTCTGTGCCAGCACCTCCCCGGGACGCCCCGGGTACGAGCAGTACTTCGGGCCG"	FALSE	TRUE	NA	NA	NA	NA
"CTGGAGTCCGCTACCAGCTCCCAGACATCTGTGTACTTCTGTGCCATCGCCTCACGTTCCGAAGGATACGAGCAGTACTTCGGGCCG"	"CAIASRSEGYEQYF"	"CTGGAGTCCGCTACCAGCTCCCAGACATCTGTGTACTTCTGTGCCATCGCCTCACGTTCCGAAGGATACGAGCAGTACTTCGGGCCG"	"CAIASRSEGYEQYF"	"TCRBV1-3*1"	NA	"TCRBJ2-7*1"	48	63	-1	66	15	67	NA	NA	"CTGGAGTCCGCTACCAGCTCCCAGACATCTGTGTACTTCTGTGCCATCGCCTCACGTTCCGAAGGATACGAGCAGTACTTCGGGCCG"	FALSE	TRUE	NA	NA	NA	NA
"GCTCACCAGGCCTGGGGGACGCAGCCATGTACCTGTGTGCCACCAGCAGAGTGGCGGGGTGAAGTCTACGAGCAGTACTTCGGGCCG"	""	"GCTCACCAGGCCTGGGGGACGCAGCCATGTACCTGTGTGCCACCAGCAGAGTGGCGGGGTGAAGTCTACGAGCAGTACTTCGGGCCG"	""	"TCRBV15-1*2"	"TCRBD2-1*1"	"TCRBJ2-7*1"	51	53	59	65	2	6	NA	NA	"GCTCACCAGGCCTGGGGGACGCAGCCATGTACCTGTGTGCCACCAGCAGAGTGGCGGGGTGAAGTCTACGAGCAGTACTTCGGGCCG"	FALSE	FALSE	NA	NA	NA	NA
"CACGCCCTGCAGCCAGAAGACTCAGCCCTGTATCTCTGCGCCAGCAGCCAAGGCGTAGAGGGTCGAGTCCCTCCGTTCTTCGGGCCA"	"CASSQGVEGRVPPFF"	"CACGCCCTGCAGCCAGAAGACTCAGCCCTGTATCTCTGCGCCAGCAGCCAAGGCGTAGAGGGTCGAGTCCCTCCGTTCTTCGGGCCA"	"CASSQGVEGRVPPFF"	"TCRBV4-1*1"	"TCRBD2-1*2"	"TCRBJ2-1*1"	52	57	62	74	5	12	NA	NA	"CACGCCCTGCAGCCAGAAGACTCAGCCCTGTATCTCTGCGCCAGCAGCCAAGGCGTAGAGGGTCGAGTCCCTCCGTTCTTCGGGCCA"	FALSE	TRUE	NA	NA	NA	NA
"CGCACAGAGCAGGGGGACTCGGCCATGTATCTCTGTGCCAGCAGCCCCTTACTAGGACGATTACAAGAGACCCAGTACTTCGGGCCA"	"CASSPLLGRLQETQYF"	"CGCACAGAGCAGGGGGACTCGGCCATGTATCTCTGTGCCAGCAGCCCCTTACTAGGACGATTACAAGAGACCCAGTACTTCGGGCCA"	"CASSPLLGRLQETQYF"	"TCRBV7-9*1"	"TCRBD2-1"	"TCRBJ2-5*1"	45	50	55	63	5	8	NA	NA	"CGCACAGAGCAGGGGGACTCGGCCATGTATCTCTGTGCCAGCAGCCCCTTACTAGGACGATTACAAGAGACCCAGTACTTCGGGCCA"	FALSE	TRUE	NA	NA	NA	NA
"NNNNNNNTGTCGGCTGCTCCCTCCCAGACATCTGTGTACTTCTGTGCCAGCAGTTACTCGTACTACTACGAGCAGTACTTCGGGCCG"	"CASSYSYYYEQYF"	"NNNNNNNTGTCGGCTGCTCCCTCCCAGACATCTGTGTACTTCTGTGCCAGCAGTTACTCGTACTACTACGAGCAGTACTTCGGGCCG"	"CASSYSYYYEQYF"	"TCRBV6-5*1"	"TCRBD2-1"	"TCRBJ2-7*1"	59	61	-1	65	2	66	NA	NA	"NNNNNNNTGTCGGCTGCTCCCTCCCAGACATCTGTGTACTTCTGTGCCAGCAGTTACTCGTACTACTACGAGCAGTACTTCGGGCCG"	FALSE	TRUE	NA	NA	NA	NA
"GTGACCAGTGCCCATCCTGAAGACAGCAGCTTCTACATCTGCAGTGCATTACCCGGGACAGGGAATGAAAAACTGTTTTTTGGCAGT"	"CSALPGTGNEKLFF"	"GTGACCAGTGCCCATCCTGAAGACAGCAGCTTCTACATCTGCAGTGCATTACCCGGGACAGGGAATGAAAAACTGTTTTTTGGCAGT"	"CSALPGTGNEKLFF"	NA	"TCRBD1-1*1"	"TCRBJ1-4*1"	47	54	-1	63	7	64	NA	NA	"GTGACCAGTGCCCATCCTGAAGACAGCAGCTTCTACATCTGCAGTGCATTACCCGGGACAGGGAATGAAAAACTGTTTTTTGGCAGT"	FALSE	TRUE	NA	NA	NA	NA
"GGGGACTCAGCCGTGTATCTCTGTGCCAGCAGCTCGACATCCCAAGTACAGGGCCGAGGGGCCAAAAACATTCAGTACTTCGGCGCC"	"CASSSTSQVQGRGAKNIQYF"	"GGGGACTCAGCCGTGTATCTCTGTGCCAGCAGCTCGACATCCCAAGTACAGGGCCGAGGGGCCAAAAACATTCAGTACTTCGGCGCC"	"CASSSTSQVQGRGAKNIQYF"	"TCRBV7-3*1"	"TCRBD1-1*1"	"TCRBJ2-4*1"	34	47	53	60	13	7	NA	NA	"GGGGACTCAGCCGTGTATCTCTGTGCCAGCAGCTCGACATCCCAAGTACAGGGCCGAGGGGCCAAAAACATTCAGTACTTCGGCGCC"	FALSE	TRUE	NA	NA	NA	NA
"GTGACCAGTGCCCATCCTGAAGACAGCAGCTTCTACATCTGCAGTGCTACTGGACAGGGCCAATACTATGGCTACACCTTCGGTTCG"	"CSATGQGQYYGYTF"	"GTGACCAGTGCCCATCCTGAAGACAGCAGCTTCTACATCTGCAGTGCTACTGGACAGGGCCAATACTATGGCTACACCTTCGGTTCG"	"CSATGQGQYYGYTF"	NA	"TCRBD1-1*1"	"TCRBJ1-2*1"	49	51	59	64	2	5	NA	NA	"GTGACCAGTGCCCATCCTGAAGACAGCAGCTTCTACATCTGCAGTGCTACTGGACAGGGCCAATACTATGGCTACACCTTCGGTTCG"	FALSE	TRUE	NA	NA	NA	NA
"ACAGTGACCAGTGCCCATCCTGAAGACAGCAGCTTCTACATCTGCAGTGCAAAGGGGACAGGACCGTACGAGCAGTACTTCGGGCCG"	"CSAKGTGPYEQYF"	"ACAGTGACCAGTGCCCATCCTGAAGACAGCAGCTTCTACATCTGCAGTGCAAAGGGGACAGGACCGTACGAGCAGTACTTCGGGCCG"	"CSAKGTGPYEQYF"	NA	"TCRBD1-1*1"	"TCRBJ2-7*1"	50	54	62	66	4	4	NA	NA	"ACAGTGACCAGTGCCCATCCTGAAGACAGCAGCTTCTACATCTGCAGTGCAAAGGGGACAGGACCGTACGAGCAGTACTTCGGGCCG"	FALSE	TRUE	NA	NA	NA	NA
"CTCAAGATCCAGCCTGCAAAGCTTGAGGACTCGGCCGTGTATCTCTGTGCCAGCAGCTTAACCCGCTACGAGCAGTACTTCGGGCCG"	"CASSLTRYEQYF"	"CTCAAGATCCAGCCTGCAAAGCTTGAGGACTCGGCCGTGTATCTCTGTGCCAGCAGCTTAACCCGCTACGAGCAGTACTTCGGGCCG"	"CASSLTRYEQYF"	"TCRBV11-2*1"	NA	"TCRBJ2-7*1"	-1	60	62	65	61	3	NA	NA	"CTCAAGATCCAGCCTGCAAAGCTTGAGGACTCGGCCGTGTATCTCTGTGCCAGCAGCTTAACCCGCTACGAGCAGTACTTCGGGCCG"	FALSE	TRUE	NA	NA	NA	NA
"TCTCTGGAGCTGGGGGACTCAGCTTTGTATTTCTGTGCCAGCAGCCTCTCCGGGGACGAAAGGGGAGAGACCCAGTACTTCGGGCCA"	"CASSLSGDERGETQYF"	"TCTCTGGAGCTGGGGGACTCAGCTTTGTATTTCTGTGCCAGCAGCCTCTCCGGGGACGAAAGGGGAGAGACCCAGTACTTCGGGCCA"	"CASSLSGDERGETQYF"	"TCRBV9-1*1"	NA	"TCRBJ2-5*1"	45	52	57	65	7	8	NA	NA	"TCTCTGGAGCTGGGGGACTCAGCTTTGTATTTCTGTGCCAGCAGCCTCTCCGGGGACGAAAGGGGAGAGACCCAGTACTTCGGGCCA"	FALSE	TRUE	NA	NA	NA	NA
"TGTCGGCTGCTCCCTCCCAAACATCTGTGTACTTCTGTGCCAGCAGCTCAAAGCCGGGACAGGGGGAACGAGCAGTACTTCGGGCCG"	""	"TGTCGGCTGCTCCCTCCCAAACATCTGTGTACTTCTGTGCCAGCAGCTCAAAGCCGGGACAGGGGGAACGAGCAGTACTTCGGGCCG"	""	"TCRBV6-2*2"	"TCRBD1-1*1"	"TCRBJ2-7*1"	47	55	66	67	8	1	NA	NA	"TGTCGGCTGCTCCCTCCCAAACATCTGTGTACTTCTGTGCCAGCAGCTCAAAGCCGGGACAGGGGGAACGAGCAGTACTTCGGGCCG"	FALSE	FALSE	NA	NA	NA	NA
"AGCTGGGGGACTCGGCCCTTTATCTTTGCGCCAGCAGCTCCCCTAGCGGGAACAGGATGGAACACCGGGGAGCTGTTTTTTGGAGAA"	""	"AGCTGGGGGACTCGGCCCTTTATCTTTGCGCCAGCAGCTCCCCTAGCGGGAACAGGATGGAACACCGGGGAGCTGTTTTTTGGAGAA"	""	"TCRBV5-1*1"	"TCRBD2-1*2"	"TCRBJ2-2*1"	39	42	51	59	3	8	NA	NA	"AGCTGGGGGACTCGGCCCTTTATCTTTGCGCCAGCAGCTCCCCTAGCGGGAACAGGATGGAACACCGGGGAGCTGTTTTTTGGAGAA"	FALSE	FALSE	NA	NA	NA	NA
"GACTCCGCCGTGTATCTCTGTGCCAGCAGCTTCCTCCGCCAGGCCTTGCACCGCGGCTACGGGTCGGCGGGCTACACCTTCGGTTCG"	"CASSFLRQALHRGYGSAGYTF"	"GACTCCGCCGTGTATCTCTGTGCCAGCAGCTTCCTCCGCCAGGCCTTGCACCGCGGCTACGGGTCGGCGGGCTACACCTTCGGTTCG"	"CASSFLRQALHRGYGSAGYTF"	"TCRBV7-8"	NA	"TCRBJ1-2*1"	32	39	43	69	7	26	NA	NA	"GACTCCGCCGTGTATCTCTGTGCCAGCAGCTTCCTCCGCCAGGCCTTGCACCGCGGCTACGGGTCGGCGGGCTACACCTTCGGTTCG"	FALSE	TRUE	NA	NA	NA	NA
"ATCCGCTCACCAGGCCTGGGGGACGCAGCCATGTACCTGTGTGCCACCAGCAGAGAGGACGGCCGCTATGGCTACACCTTCGGTTCG"	"CATSREDGRYGYTF"	"ATCCGCTCACCAGGCCTGGGGGACGCAGCCATGTACCTGTGTGCCACCAGCAGAGAGGACGGCCGCTATGGCTACACCTTCGGTTCG"	"CATSREDGRYGYTF"	"TCRBV15-1*2"	NA	"TCRBJ1-2*1"	-1	56	60	65	57	5	NA	NA	"ATCCGCTCACCAGGCCTGGGGGACGCAGCCATGTACCTGTGTGCCACCAGCAGAGAGGACGGCCGCTATGGCTACACCTTCGGTTCG"	FALSE	TRUE	NA	NA	NA	NA
"CTGATTCTGGAGTCCGCCAGCACCAACCAGACATCTATGTACCTCTGTGCCAGCAGTTTTAGAGGAAACACCATATATTTTGGAGAG"	"CASSFRGNTIYF"	"CTGATTCTGGAGTCCGCCAGCACCAACCAGACATCTATGTACCTCTGTGCCAGCAGTTTTAGAGGAAACACCATATATTTTGGAGAG"	"CASSFRGNTIYF"	"TCRBV28-1*1"	"TCRBD2-1"	"TCRBJ1-3*1"	-1	59	62	63	60	1	NA	NA	"CTGATTCTGGAGTCCGCCAGCACCAACCAGACATCTATGTACCTCTGTGCCAGCAGTTTTAGAGGAAACACCATATATTTTGGAGAG"	FALSE	TRUE	NA	NA	NA	NA
"AAGATCCAGCCCTCAGAACCCAGGGACTCAGCTGTGTACTTCTGTGCCAGCAGTTTAGCCCTACGCGGCGAGCAGTACTTCGGGCCG"	"CASSLALRGEQYF"	"AAGATCCAGCCCTCAGAACCCAGGGACTCAGCTGTGTACTTCTGTGCCAGCAGTTTAGCCCTACGCGGCGAGCAGTACTTCGGGCCG"	"CASSLALRGEQYF"	"TCRBV12-3/12-4*1"	"TCRBD2-1"	"TCRBJ2-7*1"	59	64	-1	68	5	69	NA	NA	"AAGATCCAGCCCTCAGAACCCAGGGACTCAGCTGTGTACTTCTGTGCCAGCAGTTTAGCCCTACGCGGCGAGCAGTACTTCGGGCCG"	FALSE	TRUE	NA	NA	NA	NA
"CAGCAGGTAGTGCGAGGAGATTCGGCAGCTTATTTCTGTGCCAGCTCACAGGGATTATTGGGCAATCAGCCCCAGCATTTTGGTGAT"	"CASSQGLLGNQPQHF"	"CAGCAGGTAGTGCGAGGAGATTCGGCAGCTTATTTCTGTGCCAGCTCACAGGGATTATTGGGCAATCAGCCCCAGCATTTTGGTGAT"	"CASSQGLLGNQPQHF"	"TCRBV18-1*1"	NA	"TCRBJ1-5*1"	49	50	54	61	1	7	NA	NA	"CAGCAGGTAGTGCGAGGAGATTCGGCAGCTTATTTCTGTGCCAGCTCACAGGGATTATTGGGCAATCAGCCCCAGCATTTTGGTGAT"	FALSE	TRUE	NA	NA	NA	NA
"ACCTACACACCCTGCAGCCAGAAGACTCGGCCCTGTATCTCTGCGCCAGCAGGTCGGAGCATTTATCAGCCCCAGCATTTTGGTGAT"	""	"ACCTACACACCCTGCAGCCAGAAGACTCGGCCCTGTATCTCTGCGCCAGCAGGTCGGAGCATTTATCAGCCCCAGCATTTTGGTGAT"	""	"TCRBV4-3*1"	"TCRBD2-1*2"	"TCRBJ1-5*1"	52	55	59	64	3	5	NA	NA	"ACCTACACACCCTGCAGCCAGAAGACTCGGCCCTGTATCTCTGCGCCAGCAGGTCGGAGCATTTATCAGCCCCAGCATTTTGGTGAT"	FALSE	FALSE	NA	NA	NA	NA
"AACCAGACAGCTCTTTACTTCTGTGCCACCAGTTCGGACAGGGGAGGTTCCGACCCCGTGGGGTACAATGAGCAGTTCTTCGGGCCA"	"CATSSDRGGSDPVGYNEQFF"	"AACCAGACAGCTCTTTACTTCTGTGCCACCAGTTCGGACAGGGGAGGTTCCGACCCCGTGGGGTACAATGAGCAGTTCTTCGGGCCA"	"CATSSDRGGSDPVGYNEQFF"	"TCRBV24-1*1"	"TCRBD1-1*1"	"TCRBJ2-1*1"	33	35	44	63	2	19	NA	NA	"AACCAGACAGCTCTTTACTTCTGTGCCACCAGTTCGGACAGGGGAGGTTCCGACCCCGTGGGGTACAATGAGCAGTTCTTCGGGCCA"	FALSE	TRUE	NA	NA	NA	NA
"CTGAGCTCTCTGGAGCTGGGGGACTCAGCTTTGTATTTCTGTGCCAGCAGCGTAGGTCCAGGGGACTATGGCTACACCTTCGGTTCG"	"CASSVGPGDYGYTF"	"CTGAGCTCTCTGGAGCTGGGGGACTCAGCTTTGTATTTCTGTGCCAGCAGCGTAGGTCCAGGGGACTATGGCTACACCTTCGGTTCG"	"CASSVGPGDYGYTF"	"TCRBV9-1*1"	"TCRBD1-1*1"	"TCRBJ1-2*1"	55	58	-1	64	3	65	NA	NA	"CTGAGCTCTCTGGAGCTGGGGGACTCAGCTTTGTATTTCTGTGCCAGCAGCGTAGGTCCAGGGGACTATGGCTACACCTTCGGTTCG"	FALSE	TRUE	NA	NA	NA	NA
"ACTGTGAGCAACATGAGCCCTGAAGACAGCAGCATATATCTCTGCAGCGTGGGACAGGGGCAAAACTATGGCTACACCTTCGGTTCG"	"CSVGQGQNYGYTF"	"ACTGTGAGCAACATGAGCCCTGAAGACAGCAGCATATATCTCTGCAGCGTGGGACAGGGGCAAAACTATGGCTACACCTTCGGTTCG"	"CSVGQGQNYGYTF"	"TCRBV29-1"	"TCRBD1-1*1"	"TCRBJ1-2*1"	-1	50	60	63	51	3	NA	NA	"ACTGTGAGCAACATGAGCCCTGAAGACAGCAGCATATATCTCTGCAGCGTGGGACAGGGGCAAAACTATGGCTACACCTTCGGTTCG"	FALSE	TRUE	NA	NA	NA	NA
"CTGGAGTCGCCCAGCCCCAACCAGACCTCTCTGTACTTCTGTGCCAGCAGCCCCTCCGGACAGGGTGGGACAGCTTTCTTTGGACAA"	"CASSPSGQGGTAFF"	"CTGGAGTCGCCCAGCCCCAACCAGACCTCTCTGTACTTCTGTGCCAGCAGCCCCTCCGGACAGGGTGGGACAGCTTTCTTTGGACAA"	"CASSPSGQGGTAFF"	"TCRBV27-1*1"	"TCRBD1-1*1"	"TCRBJ1-1*1"	50	57	65	71	7	6	NA	NA	"CTGGAGTCGCCCAGCCCCAACCAGACCTCTCTGTACTTCTGTGCCAGCAGCCCCTCCGGACAGGGTGGGACAGCTTTCTTTGGACAA"	FALSE	TRUE	NA	NA	NA	NA
"GTGACATCGGCCCAAAAGAACCCGACAGCTTTCTATCTCTGTGCCAGTAGTAGACAGACCATGAACACTGAAGCTTTCTTTGGACAA"	"CASSRQTMNTEAFF"	"GTGACATCGGCCCAAAAGAACCCGACAGCTTTCTATCTCTGTGCCAGTAGTAGACAGACCATGAACACTGAAGCTTTCTTTGGACAA"	"CASSRQTMNTEAFF"	"TCRBV19-1*1"	"TCRBD1-1*1"	"TCRBJ1-1*1"	-1	52	57	61	53	4	NA	NA	"GTGACATCGGCCCAAAAGAACCCGACAGCTTTCTATCTCTGTGCCAGTAGTAGACAGACCATGAACACTGAAGCTTTCTTTGGACAA"	FALSE	TRUE	NA	NA	NA	NA
"GCCATCCCCAACCAGACAGCTCTTTACTTCTGTGCCACCGGGGGTTACCTTACTAGCGTGAACACCGGGGAGCTGTTTTTTGGAGAA"	"CATGGYLTSVNTGELFF"	"GCCATCCCCAACCAGACAGCTCTTTACTTCTGTGCCACCGGGGGTTACCTTACTAGCGTGAACACCGGGGAGCTGTTTTTTGGAGAA"	"CATGGYLTSVNTGELFF"	"TCRBV24-1*1"	"TCRBD2-1"	"TCRBJ2-2*1"	39	51	58	59	12	1	NA	NA	"GCCATCCCCAACCAGACAGCTCTTTACTTCTGTGCCACCGGGGGTTACCTTACTAGCGTGAACACCGGGGAGCTGTTTTTTGGAGAA"	FALSE	TRUE	NA	NA	NA	NA
"CACGTTGGCGTCTGCTGTACCCTCTCAGACATCTGTGTACTTCTGTGCCAGCAGTGCGCGGACCCCAACGAGCAGTACTTCGGGCCG"	""	"CACGTTGGCGTCTGCTGTACCCTCTCAGACATCTGTGTACTTCTGTGCCAGCAGTGCGCGGACCCCAACGAGCAGTACTTCGGGCCG"	""	"TCRBV6-4*1"	NA	"TCRBJ2-7*1"	56	59	63	67	3	4	NA	NA	"CACGTTGGCGTCTGCTGTACCCTCTCAGACATCTGTGTACTTCTGTGCCAGCAGTGCGCGGACCCCAACGAGCAGTACTTCGGGCCG"	FALSE	FALSE	NA	NA	NA	NA
"GCGCACACAGCAGGAGGACTCGGCCGTGTATCTCTGTGCCAGCAGCTTAACGCTAGCTTCCCGGCCTACGAGCAGTACTTCGGGCCG"	""	"GCGCACACAGCAGGAGGACTCGGCCGTGTATCTCTGTGCCAGCAGCTTAACGCTAGCTTCCCGGCCTACGAGCAGTACTTCGGGCCG"	""	"TCRBV7-2"	"TCRBD2-1"	"TCRBJ2-7*1"	49	52	57	64	3	7	NA	NA	"GCGCACACAGCAGGAGGACTCGGCCGTGTATCTCTGTGCCAGCAGCTTAACGCTAGCTTCCCGGCCTACGAGCAGTACTTCGGGCCG"	FALSE	FALSE	NA	NA	NA	NA
"CCCCTGACCCTGGAGTCTGCCAGGCCCTCACATACCTCTCAGTACCTCTGTGCCAGCAGTGAATCCGCCGAGCAGTACTTCGGGCCG"	"CASSESAEQYF"	"CCCCTGACCCTGGAGTCTGCCAGGCCCTCACATACCTCTCAGTACCTCTGTGCCAGCAGTGAATCCGCCGAGCAGTACTTCGGGCCG"	"CASSESAEQYF"	"TCRBV25-1*1"	NA	"TCRBJ2-7*1"	64	66	-1	68	2	69	NA	NA	"CCCCTGACCCTGGAGTCTGCCAGGCCCTCACATACCTCTCAGTACCTCTGTGCCAGCAGTGAATCCGCCGAGCAGTACTTCGGGCCG"	FALSE	TRUE	NA	NA	NA	NA
"GAATGTGAACGCCTTGTTGCTAGGGGACTCGGCCCTCTATCTCTGTGCCAGCAGCTTGGCCTTGTGTAAGGCTACACCTTCGGTTCG"	""	"GAATGTGAACGCCTTGTTGCTAGGGGACTCGGCCCTCTATCTCTGTGCCAGCAGCTTGGCCTTGTGTAAGGCTACACCTTCGGTTCG"	""	"TCRBV5-7*1"	"TCRBD2-1"	"TCRBJ1-2*1"	59	60	62	69	1	7	NA	NA	"GAATGTGAACGCCTTGTTGCTAGGGGACTCGGCCCTCTATCTCTGTGCCAGCAGCTTGGCCTTGTGTAAGGCTACACCTTCGGTTCG"	FALSE	FALSE	NA	NA	NA	NA
"TCCCTGGAGCTTGGTGACTCTGCTGTGTATTTCTGTGCCAGCAGCCAAGAAACCACCTCTAGCACAGATACGCAGTATTTTGGCCCA"	"CASSQETTSSTDTQYF"	"TCCCTGGAGCTTGGTGACTCTGCTGTGTATTTCTGTGCCAGCAGCCAAGAAACCACCTCTAGCACAGATACGCAGTATTTTGGCCCA"	"CASSQETTSSTDTQYF"	"TCRBV3-1/3-2*1"	NA	"TCRBJ2-3*1"	50	51	53	60	1	7	NA	NA	"TCCCTGGAGCTTGGTGACTCTGCTGTGTATTTCTGTGCCAGCAGCCAAGAAACCACCTCTAGCACAGATACGCAGTATTTTGGCCCA"	FALSE	TRUE	NA	NA	NA	NA
"AACCTGAGCTCTCTGGAGCTGGGGGACTCAGCTTTGTATTTCTGTGCCAGCAGCGTACTGGGGAACTATGGCTACACCTTCGGTTCG"	"CASSVLGNYGYTF"	"AACCTGAGCTCTCTGGAGCTGGGGGACTCAGCTTTGTATTTCTGTGCCAGCAGCGTACTGGGGAACTATGGCTACACCTTCGGTTCG"	"CASSVLGNYGYTF"	"TCRBV9-1*1"	NA	"TCRBJ1-2*1"	57	59	-1	63	2	64	NA	NA	"AACCTGAGCTCTCTGGAGCTGGGGGACTCAGCTTTGTATTTCTGTGCCAGCAGCGTACTGGGGAACTATGGCTACACCTTCGGTTCG"	FALSE	TRUE	NA	NA	NA	NA
"ACGGAGTCAGGGGACACAGCACTGTATTTCTGTGCCAGCAGTCCGGGACAGGGGACGGATAGCAATCAGCCCCAGCATTTTGGTGAT"	"CASSPGQGTDSNQPQHF"	"ACGGAGTCAGGGGACACAGCACTGTATTTCTGTGCCAGCAGTCCGGGACAGGGGACGGATAGCAATCAGCCCCAGCATTTTGGTGAT"	"CASSPGQGTDSNQPQHF"	"TCRBV21-1*1"	"TCRBD1-1*1"	"TCRBJ1-5*1"	41	44	54	59	3	5	NA	NA	"ACGGAGTCAGGGGACACAGCACTGTATTTCTGTGCCAGCAGTCCGGGACAGGGGACGGATAGCAATCAGCCCCAGCATTTTGGTGAT"	FALSE	TRUE	NA	NA	NA	NA
"ACGTTGGCGTCTGCTGTACCCTCTCAGACATCTGTGTACTTCTGTGCCAGCAGTCAACAGGGAACCGGGGAGCTGTTTTTTGGAGAA"	"CASSQQGTGELFF"	"ACGTTGGCGTCTGCTGTACCCTCTCAGACATCTGTGTACTTCTGTGCCAGCAGTCAACAGGGAACCGGGGAGCTGTTTTTTGGAGAA"	"CASSQQGTGELFF"	"TCRBV6-4*1"	"TCRBD1-1*1"	"TCRBJ2-2*1"	54	56	62	63	2	1	NA	NA	"ACGTTGGCGTCTGCTGTACCCTCTCAGACATCTGTGTACTTCTGTGCCAGCAGTCAACAGGGAACCGGGGAGCTGTTTTTTGGAGAA"	FALSE	TRUE	NA	NA	NA	NA
"ACATCGGCCCAAAAGAACCCGACAGCTTTCTATCTCTGTGCCAGTAGTATAGGACAGGCTCTGGATCAGCCCCAGCATTTTGGTGAT"	"CASSIGQALDQPQHF"	"ACATCGGCCCAAAAGAACCCGACAGCTTTCTATCTCTGTGCCAGTAGTATAGGACAGGCTCTGGATCAGCCCCAGCATTTTGGTGAT"	"CASSIGQALDQPQHF"	"TCRBV19-1*1"	"TCRBD1-1*1"	"TCRBJ1-5*1"	-1	52	58	64	53	6	NA	NA	"ACATCGGCCCAAAAGAACCCGACAGCTTTCTATCTCTGTGCCAGTAGTATAGGACAGGCTCTGGATCAGCCCCAGCATTTTGGTGAT"	FALSE	TRUE	NA	NA	NA	NA
"AATCTTCACATCAATTCCCTGGAGCTTGGTGACTCTGCTGTGTATTTCTGTGCCAGCAGGAGGGACTACGAGCAGTACTTCGGGCCG"	"CASRRDYEQYF"	"AATCTTCACATCAATTCCCTGGAGCTTGGTGACTCTGCTGTGTATTTCTGTGCCAGCAGGAGGGACTACGAGCAGTACTTCGGGCCG"	"CASRRDYEQYF"	"TCRBV3-1/3-2*1"	"TCRBD2-1*2"	"TCRBJ2-7*1"	-1	59	64	65	60	1	NA	NA	"AATCTTCACATCAATTCCCTGGAGCTTGGTGACTCTGCTGTGTATTTCTGTGCCAGCAGGAGGGACTACGAGCAGTACTTCGGGCCG"	FALSE	TRUE	NA	NA	NA	NA
"CCTGAGCTCTCTGGAGCTGGGGGACTCAGCTTTGTATTTCTGTGCCAGCCCTAGCGGGAGGGCCGATAGACCCAGTACTTCGGGCCA"	""	"CCTGAGCTCTCTGGAGCTGGGGGACTCAGCTTTGTATTTCTGTGCCAGCCCTAGCGGGAGGGCCGATAGACCCAGTACTTCGGGCCA"	""	"TCRBV9-1*1"	"TCRBD2-1*2"	"TCRBJ2-5*1"	49	50	62	67	1	5	NA	NA	"CCTGAGCTCTCTGGAGCTGGGGGACTCAGCTTTGTATTTCTGTGCCAGCCCTAGCGGGAGGGCCGATAGACCCAGTACTTCGGGCCA"	FALSE	FALSE	NA	NA	NA	NA
"ATCCGCTCACCAGGCCTGGGGGACGCAGCCATGTACCTGTGTGCCACCAGCAGAGATCGGGGTGCCCAGCCCCAGCATTTTGGTGAT"	"CATSRDRGAQPQHF"	"ATCCGCTCACCAGGCCTGGGGGACGCAGCCATGTACCTGTGTGCCACCAGCAGAGATCGGGGTGCCCAGCCCCAGCATTTTGGTGAT"	"CATSRDRGAQPQHF"	"TCRBV15-1*2"	"TCRBD2-1*1"	"TCRBJ1-5*1"	56	57	62	66	1	4	NA	NA	"ATCCGCTCACCAGGCCTGGGGGACGCAGCCATGTACCTGTGTGCCACCAGCAGAGATCGGGGTGCCCAGCCCCAGCATTTTGGTGAT"	FALSE	TRUE	NA	NA	NA	NA
"TCGGCTGCTCCCTCCCAGACATCTGTGTACTTCTGTGCCAGCAGTGAAGTATGGGGGAGCTCTGGAAACACCATATATTTTGGAGAG"	"CASSEVWGSSGNTIYF"	"TCGGCTGCTCCCTCCCAGACATCTGTGTACTTCTGTGCCAGCAGTGAAGTATGGGGGAGCTCTGGAAACACCATATATTTTGGAGAG"	"CASSEVWGSSGNTIYF"	"TCRBV6-1*1"	NA	"TCRBJ1-3*1"	49	52	57	59	3	2	NA	NA	"TCGGCTGCTCCCTCCCAGACATCTGTGTACTTCTGTGCCAGCAGTGAAGTATGGGGGAGCTCTGGAAACACCATATATTTTGGAGAG"	FALSE	TRUE	NA	NA	NA	NA
"GAACTGAACATGAGCTCCTTGGAGCTGGGGGACTCAGCCCTGTACTTCTGTGCCAGCAGCTCACAGAGGGAGCAGTACTTCGGGCCG"	"CASSSQREQYF"	"GAACTGAACATGAGCTCCTTGGAGCTGGGGGACTCAGCCCTGTACTTCTGTGCCAGCAGCTCACAGAGGGAGCAGTACTTCGGGCCG"	"CASSSQREQYF"	"TCRBV13-1*1"	NA	"TCRBJ2-7*1"	61	62	66	69	1	3	NA	NA	"GAACTGAACATGAGCTCCTTGGAGCTGGGGGACTCAGCCCTGTACTTCTGTGCCAGCAGCTCACAGAGGGAGCAGTACTTCGGGCCG"	FALSE	TRUE	NA	NA	NA	NA
"GTGACATCGGCCCAAAAGAACCCGACAGCTTTCTATCTCTGTGCCAGTACCCCGGACAGGGGGGTTTCACCCCTCCACTTTGGGAAT"	"CASTPDRGVSPLHF"	"GTGACATCGGCCCAAAAGAACCCGACAGCTTTCTATCTCTGTGCCAGTACCCCGGACAGGGGGGTTTCACCCCTCCACTTTGGGAAT"	"CASTPDRGVSPLHF"	"TCRBV19-1*1"	"TCRBD1-1*1"	"TCRBJ1-6*1"	49	53	63	65	4	2	NA	NA	"GTGACATCGGCCCAAAAGAACCCGACAGCTTTCTATCTCTGTGCCAGTACCCCGGACAGGGGGGTTTCACCCCTCCACTTTGGGAAT"	FALSE	TRUE	NA	NA	NA	NA
"GGGGGACTCAGCCGTGTATCTCTGTGCCAGCAGCCCTAATGGCGGACTAGCGGGAGGTTGGCGTTAGGTACGCAGTATTTTGGCCCA"	""	"GGGGGACTCAGCCGTGTATCTCTGTGCCAGCAGCCCTAATGGCGGACTAGCGGGAGGTTGGCGTTAGGTACGCAGTATTTTGGCCCA"	""	"TCRBV7-3*1"	"TCRBD2-1*2"	"TCRBJ2-3*1"	34	43	57	68	9	11	NA	NA	"GGGGGACTCAGCCGTGTATCTCTGTGCCAGCAGCCCTAATGGCGGACTAGCGGGAGGTTGGCGTTAGGTACGCAGTATTTTGGCCCA"	FALSE	FALSE	NA	NA	NA	NA
"ATCCGCTCACCAGGCCTGGGGGACGCAGCCATGTACCTGTGTGCCACCAGCAGAGATGGGGGACAGTATGGCTACACCTTCGGTTCG"	"CATSRDGGQYGYTF"	"ATCCGCTCACCAGGCCTGGGGGACGCAGCCATGTACCTGTGTGCCACCAGCAGAGATGGGGGACAGTATGGCTACACCTTCGGTTCG"	"CATSRDGGQYGYTF"	"TCRBV15-1*2"	"TCRBD1-1*1"	"TCRBJ1-2*1"	56	59	-1	66	3	67	NA	NA	"ATCCGCTCACCAGGCCTGGGGGACGCAGCCATGTACCTGTGTGCCACCAGCAGAGATGGGGGACAGTATGGCTACACCTTCGGTTCG"	FALSE	TRUE	NA	NA	NA	NA
"NTGTCGGCTGCTCCCTCCCAGACATCTGTGTACTTCTGTGCCAGCACCGCAACTAGCGGGAGCTACAATGAGCAGTTCTTCGGGCCA"	"CASTATSGSYNEQFF"	"NTGTCGGCTGCTCCCTCCCAGACATCTGTGTACTTCTGTGCCAGCACCGCAACTAGCGGGAGCTACAATGAGCAGTTCTTCGGGCCA"	"CASTATSGSYNEQFF"	"TCRBV6-5*1"	"TCRBD2-1*2"	"TCRBJ2-1*1"	46	51	-1	62	5	63	NA	NA	"NTGTCGGCTGCTCCCTCCCAGACATCTGTGTACTTCTGTGCCAGCACCGCAACTAGCGGGAGCTACAATGAGCAGTTCTTCGGGCCA"	FALSE	TRUE	NA	NA	NA	NA
"GAGTCTGCCATCCCCAACCAGACAGCTCTTTACTTCTGTGCCACCAGTGATTCGACCCGAGGAAGGGAAAAACTGTTTTTTGGCAGT"	"CATSDSTRGREKLFF"	"GAGTCTGCCATCCCCAACCAGACAGCTCTTTACTTCTGTGCCACCAGTGATTCGACCCGAGGAAGGGAAAAACTGTTTTTTGGCAGT"	"CATSDSTRGREKLFF"	"TCRBV24-1*1"	"TCRBD2-1*2"	"TCRBJ1-4*1"	52	58	62	66	6	4	NA	NA	"GAGTCTGCCATCCCCAACCAGACAGCTCTTTACTTCTGTGCCACCAGTGATTCGACCCGAGGAAGGGAAAAACTGTTTTTTGGCAGT"	FALSE	TRUE	NA	NA	NA	NA
"CGCACAGAGCAGGGGGACTCGGCCATGTATCTCTGTGCCAGCAGCAACCCGCGGGACTTAAGGATAAATGAGCAGTTCTTCGGGCCA"	"CASSNPRDLRINEQFF"	"CGCACAGAGCAGGGGGACTCGGCCATGTATCTCTGTGCCAGCAGCAACCCGCGGGACTTAAGGATAAATGAGCAGTTCTTCGGGCCA"	"CASSNPRDLRINEQFF"	"TCRBV7-9*1"	"TCRBD2-1"	"TCRBJ2-1*1"	45	52	58	66	7	8	NA	NA	"CGCACAGAGCAGGGGGACTCGGCCATGTATCTCTGTGCCAGCAGCAACCCGCGGGACTTAAGGATAAATGAGCAGTTCTTCGGGCCA"	FALSE	TRUE	NA	NA	NA	NA
"ATCCAGCGCACAGAGCAGCGGGACTCGGCCATGTATCGCTGTGCCAGCAGCTGGGGAGGACAGGGGGACGAGCAGTACTTCGGGCCG"	"CASSWGGQGDEQYF"	"ATCCAGCGCACAGAGCAGCGGGACTCGGCCATGTATCGCTGTGCCAGCAGCTGGGGAGGACAGGGGGACGAGCAGTACTTCGGGCCG"	"CASSWGGQGDEQYF"	"TCRBV7-6*1"	"TCRBD1-1*1"	"TCRBJ2-7*1"	52	57	-1	67	5	68	NA	NA	"ATCCAGCGCACAGAGCAGCGGGACTCGGCCATGTATCGCTGTGCCAGCAGCTGGGGAGGACAGGGGGACGAGCAGTACTTCGGGCCG"	FALSE	TRUE	NA	NA	NA	NA
"AATTCCCTGGAGCTTGGTGACTCTGCTGTGTATTTCTGTGCCAGCAGCTTCCGGATTGACAGGGTCCACGAGCAGTACTTCGGGCCG"	"CASSFRIDRVHEQYF"	"AATTCCCTGGAGCTTGGTGACTCTGCTGTGTATTTCTGTGCCAGCAGCTTCCGGATTGACAGGGTCCACGAGCAGTACTTCGGGCCG"	"CASSFRIDRVHEQYF"	"TCRBV3-1/3-2*1"	"TCRBD1-1*1"	"TCRBJ2-7*1"	48	57	64	67	9	3	NA	NA	"AATTCCCTGGAGCTTGGTGACTCTGCTGTGTATTTCTGTGCCAGCAGCTTCCGGATTGACAGGGTCCACGAGCAGTACTTCGGGCCG"	FALSE	TRUE	NA	NA	NA	NA
"GAGATCCAGCGCACAGAGCAGGGGGACTCGGCCATGTATCTCTGTGCCAGCAGCTTAGACGGTAATGAAAAACTGTTTTTTGGCAGT"	"CASSLDGNEKLFF"	"GAGATCCAGCGCACAGAGCAGGGGGACTCGGCCATGTATCTCTGTGCCAGCAGCTTAGACGGTAATGAAAAACTGTTTTTTGGCAGT"	"CASSLDGNEKLFF"	"TCRBV7-9*1"	"TCRBD2-1"	"TCRBJ1-4*1"	58	59	-1	62	1	63	NA	NA	"GAGATCCAGCGCACAGAGCAGGGGGACTCGGCCATGTATCTCTGTGCCAGCAGCTTAGACGGTAATGAAAAACTGTTTTTTGGCAGT"	FALSE	TRUE	NA	NA	NA	NA
"CAGCCCTCAGAACCCAGGGACTCAGCTGTGTATTTTTGTGCTAGTGGTTTGGTAACGGGGGGGTTGGATGAGCAGTTCTTCGGGCCA"	"CASGLVTGGLDEQFF"	"CAGCCCTCAGAACCCAGGGACTCAGCTGTGTATTTTTGTGCTAGTGGTTTGGTAACGGGGGGGTTGGATGAGCAGTTCTTCGGGCCA"	"CASGLVTGGLDEQFF"	"TCRBV12-5*1"	"TCRBD2-1*1"	"TCRBJ2-1*1"	53	55	63	67	2	4	NA	NA	"CAGCCCTCAGAACCCAGGGACTCAGCTGTGTATTTTTGTGCTAGTGGTTTGGTAACGGGGGGGTTGGATGAGCAGTTCTTCGGGCCA"	FALSE	TRUE	NA	NA	NA	NA
"CACATACCTCTCAGTACCTCTGTGCCAGCAGTGAATACCCCGGACTAGCGGGAACCACACAACCCCTACGAGCAGTACTTCGGGCCG"	""	"CACATACCTCTCAGTACCTCTGTGCCAGCAGTGAATACCCCGGACTAGCGGGAACCACACAACCCCTACGAGCAGTACTTCGGGCCG"	""	NA	"TCRBD2-1*2"	"TCRBJ2-7*1"	37	41	53	64	4	11	NA	NA	"CACATACCTCTCAGTACCTCTGTGCCAGCAGTGAATACCCCGGACTAGCGGGAACCACACAACCCCTACGAGCAGTACTTCGGGCCG"	FALSE	FALSE	NA	NA	NA	NA
"TCACCAGGCCTGGGGGACGCAGCCATGTACCTGTGTGCCACCAGCAGAGGTGAGGGGGGGAAGTACAATGAGCAGTTCTTCGGGCCA"	"CATSRGEGGKYNEQFF"	"TCACCAGGCCTGGGGGACGCAGCCATGTACCTGTGTGCCACCAGCAGAGGTGAGGGGGGGAAGTACAATGAGCAGTTCTTCGGGCCA"	"CATSRGEGGKYNEQFF"	"TCRBV15-1*2"	"TCRBD2-1*1"	"TCRBJ2-1*1"	49	53	60	63	4	3	NA	NA	"TCACCAGGCCTGGGGGACGCAGCCATGTACCTGTGTGCCACCAGCAGAGGTGAGGGGGGGAAGTACAATGAGCAGTTCTTCGGGCCA"	FALSE	TRUE	NA	NA	NA	NA
"AGTGACCAGTGCCCATCCTGAAGACAGCAGCTTCTACATCTGCAGTGCCACGTCTTCACTTAAGAAGAGACCCAGTACTTCGGGCCA"	""	"AGTGACCAGTGCCCATCCTGAAGACAGCAGCTTCTACATCTGCAGTGCCACGTCTTCACTTAAGAAGAGACCCAGTACTTCGGGCCA"	""	NA	"TCRBD2-1"	"TCRBJ2-5*1"	48	57	60	64	9	4	NA	NA	"AGTGACCAGTGCCCATCCTGAAGACAGCAGCTTCTACATCTGCAGTGCCACGTCTTCACTTAAGAAGAGACCCAGTACTTCGGGCCA"	FALSE	FALSE	NA	NA	NA	NA
"ACCAGTGCCCATCCTGAAGACAGCAGCTTCTACATCTGCAGTGCTCTCGGTCTGGGAGAGGCAAATCAGCCCCAGCATTTTGGTGAT"	"CSALGLGEANQPQHF"	"ACCAGTGCCCATCCTGAAGACAGCAGCTTCTACATCTGCAGTGCTCTCGGTCTGGGAGAGGCAAATCAGCCCCAGCATTTTGGTGAT"	"CSALGLGEANQPQHF"	NA	"TCRBD2-1*2"	"TCRBJ1-5*1"	45	53	58	63	8	5	NA	NA	"ACCAGTGCCCATCCTGAAGACAGCAGCTTCTACATCTGCAGTGCTCTCGGTCTGGGAGAGGCAAATCAGCCCCAGCATTTTGGTGAT"	FALSE	TRUE	NA	NA	NA	NA
"AACATTCTCAACTCTGACTGTGAGCAACATGAGCCCTGAAGACAGCAGCATATATCTCTGGGACCTAGGGCTGCCCCTTTTGGCCCA"	""	"AACATTCTCAACTCTGACTGTGAGCAACATGAGCCCTGAAGACAGCAGCATATATCTCTGGGACCTAGGGCTGCCCCTTTTGGCCCA"	""	"TCRBV29-1"	NA	"TCRBJ2-3*1"	-1	60	64	77	61	13	NA	NA	"AACATTCTCAACTCTGACTGTGAGCAACATGAGCCCTGAAGACAGCAGCATATATCTCTGGGACCTAGGGCTGCCCCTTTTGGCCCA"	FALSE	FALSE	NA	NA	NA	NA
"CGCTCACCAGGCCTGGGGGACGCAGCCATGTACCTGTGTGCCACCAGCAGAGAGGGGGACGGGCCCTACGAGCAGTACTTCGGGCCG"	"CATSREGDGPYEQYF"	"CGCTCACCAGGCCTGGGGGACGCAGCCATGTACCTGTGTGCCACCAGCAGAGAGGGGGACGGGCCCTACGAGCAGTACTTCGGGCCG"	"CATSREGDGPYEQYF"	"TCRBV15-1*2"	NA	"TCRBJ2-7*1"	53	55	60	64	2	4	NA	NA	"CGCTCACCAGGCCTGGGGGACGCAGCCATGTACCTGTGTGCCACCAGCAGAGAGGGGGACGGGCCCTACGAGCAGTACTTCGGGCCG"	FALSE	TRUE	NA	NA	NA	NA
"CCTGCAGAGCTTGGGGACTCGGCCGTGTATCTCTGTGCCAGCAGCCCTGGACTAGCGGGAGGGAAAGAGACCCAGTACTTCGGGCCA"	"CASSPGLAGGKETQYF"	"CCTGCAGAGCTTGGGGACTCGGCCGTGTATCTCTGTGCCAGCAGCCCTGGACTAGCGGGAGGGAAAGAGACCCAGTACTTCGGGCCA"	"CASSPGLAGGKETQYF"	"TCRBV11-3*1"	"TCRBD2-1*2"	"TCRBJ2-5*1"	45	48	63	64	3	1	NA	NA	"CCTGCAGAGCTTGGGGACTCGGCCGTGTATCTCTGTGCCAGCAGCCCTGGACTAGCGGGAGGGAAAGAGACCCAGTACTTCGGGCCA"	FALSE	TRUE	NA	NA	NA	NA
"ACCAGTGCCCATCCTGAAGACAGCAGCTTCTACATCTGCAGTGCTCCCAAAGCGGGAGGGCCCTACAATGAGCAGTTCTTCGGGCCA"	"CSAPKAGGPYNEQFF"	"ACCAGTGCCCATCCTGAAGACAGCAGCTTCTACATCTGCAGTGCTCCCAAAGCGGGAGGGCCCTACAATGAGCAGTTCTTCGGGCCA"	"CSAPKAGGPYNEQFF"	NA	"TCRBD2-1*2"	"TCRBJ2-1*1"	45	50	60	61	5	1	NA	NA	"ACCAGTGCCCATCCTGAAGACAGCAGCTTCTACATCTGCAGTGCTCCCAAAGCGGGAGGGCCCTACAATGAGCAGTTCTTCGGGCCA"	FALSE	TRUE	NA	NA	NA	NA
"CACATCAATTCCCTGGAGCTTGGTGACTCTGCTGTGTATTTCTGTGCCAGCAGCCAAGTAGGGGGGAACACCATATATTTTGGAGAG"	"CASSQVGGNTIYF"	"CACATCAATTCCCTGGAGCTTGGTGACTCTGCTGTGTATTTCTGTGCCAGCAGCCAAGTAGGGGGGAACACCATATATTTTGGAGAG"	"CASSQVGGNTIYF"	"TCRBV3-1/3-2*1"	NA	"TCRBJ1-3*1"	58	59	65	66	1	1	NA	NA	"CACATCAATTCCCTGGAGCTTGGTGACTCTGCTGTGTATTTCTGTGCCAGCAGCCAAGTAGGGGGGAACACCATATATTTTGGAGAG"	FALSE	TRUE	NA	NA	NA	NA
"CTTCACCTACACACCCTGCAGCCAGAAGACTCGGCCCTGTATCTCTGCGCCAGCAGCCAAGGTCCCTATGGCTACACCTTCGGTTCG"	"CASSQGPYGYTF"	"CTTCACCTACACACCCTGCAGCCAGAAGACTCGGCCCTGTATCTCTGCGCCAGCAGCCAAGGTCCCTATGGCTACACCTTCGGTTCG"	"CASSQGPYGYTF"	"TCRBV4-3*1"	NA	"TCRBJ1-2*1"	-1	-1	61	65	0	4	NA	NA	"CTTCACCTACACACCCTGCAGCCAGAAGACTCGGCCCTGTATCTCTGCGCCAGCAGCCAAGGTCCCTATGGCTACACCTTCGGTTCG"	FALSE	TRUE	NA	NA	NA	NA
"GTCCACGGAGTCAGGGGACACAGCACTGTATTTCTGTGCCAGCCCGTCTAGCGGGAGGTTGACACCGGGGAGCTGTTTTTTGGAGAA"	""	"GTCCACGGAGTCAGGGGACACAGCACTGTATTTCTGTGCCAGCCCGTCTAGCGGGAGGTTGACACCGGGGAGCTGTTTTTTGGAGAA"	""	"TCRBV21-1*1"	"TCRBD2-1*2"	"TCRBJ2-2*1"	43	47	58	61	4	3	NA	NA	"GTCCACGGAGTCAGGGGACACAGCACTGTATTTCTGTGCCAGCCCGTCTAGCGGGAGGTTGACACCGGGGAGCTGTTTTTTGGAGAA"	FALSE	FALSE	NA	NA	NA	NA
"CTAGAGTCTGCCATCCCCAACCAGACAGCTCTTTACTTCTGTGCCACCAGTGATTTGCTGGGTTCCGGGGAGCTGTTTTTTGGAGAA"	"CATSDLLGSGELFF"	"CTAGAGTCTGCCATCCCCAACCAGACAGCTCTTTACTTCTGTGCCACCAGTGATTTGCTGGGTTCCGGGGAGCTGTTTTTTGGAGAA"	"CATSDLLGSGELFF"	"TCRBV24-1*1"	NA	"TCRBJ2-2*1"	57	59	62	64	2	2	NA	NA	"CTAGAGTCTGCCATCCCCAACCAGACAGCTCTTTACTTCTGTGCCACCAGTGATTTGCTGGGTTCCGGGGAGCTGTTTTTTGGAGAA"	FALSE	TRUE	NA	NA	NA	NA
"ACCAGCTCCCAGACATCTGTGTACTTCTGTGCCATCAGCACAACCAGACCAAACAGGTCATCGCTGGGGGAGCAGTACTTCGGGCCG"	"CAISTTRPNRSSLGEQYF"	"ACCAGCTCCCAGACATCTGTGTACTTCTGTGCCATCAGCACAACCAGACCAAACAGGTCATCGCTGGGGGAGCAGTACTTCGGGCCG"	"CAISTTRPNRSSLGEQYF"	"TCRBV1-3*1"	"TCRBD1-1*1"	"TCRBJ2-7*1"	38	52	57	69	14	12	NA	NA	"ACCAGCTCCCAGACATCTGTGTACTTCTGTGCCATCAGCACAACCAGACCAAACAGGTCATCGCTGGGGGAGCAGTACTTCGGGCCG"	FALSE	TRUE	NA	NA	NA	NA
"CAGGTAGTGCGAGGAGATTCGGCAGCTTATTTCTGTGCCAGCTCACCAACCGGGACAGGGCTTCAAGAGACCCAGTACTTCGGGCCA"	"CASSPTGTGLQETQYF"	"CAGGTAGTGCGAGGAGATTCGGCAGCTTATTTCTGTGCCAGCTCACCAACCGGGACAGGGCTTCAAGAGACCCAGTACTTCGGGCCA"	"CASSPTGTGLQETQYF"	"TCRBV18-1*1"	"TCRBD1-1*1"	"TCRBJ2-5*1"	48	51	60	63	3	3	NA	NA	"CAGGTAGTGCGAGGAGATTCGGCAGCTTATTTCTGTGCCAGCTCACCAACCGGGACAGGGCTTCAAGAGACCCAGTACTTCGGGCCA"	FALSE	TRUE	NA	NA	NA	NA
"ACTCTCAAGATCCAGCCTGCAGAGCTTGGGGACTCGGCCGTGTATCTCTGTGCCAGCAGCTTTACCTACGAGCAGTACTTCGGGCCG"	"CASSFTYEQYF"	"ACTCTCAAGATCCAGCCTGCAGAGCTTGGGGACTCGGCCGTGTATCTCTGTGCCAGCAGCTTTACCTACGAGCAGTACTTCGGGCCG"	"CASSFTYEQYF"	"TCRBV11-3*1"	"TCRBD2-1"	"TCRBJ2-7*1"	-1	62	-1	64	63	65	NA	NA	"ACTCTCAAGATCCAGCCTGCAGAGCTTGGGGACTCGGCCGTGTATCTCTGTGCCAGCAGCTTTACCTACGAGCAGTACTTCGGGCCG"	FALSE	TRUE	NA	NA	NA	NA
"AGCCGTGTATCTCTGTGCCAGCAGCTTGTCTTCTTACTGGAGTCGCGACTCAAGGGGGCGGGATGGGAGACCCAGTACTTCGGGCCA"	""	"AGCCGTGTATCTCTGTGCCAGCAGCTTGTCTTCTTACTGGAGTCGCGACTCAAGGGGGCGGGATGGGAGACCCAGTACTTCGGGCCA"	""	"TCRBV7-3*1"	"TCRBD1-1*1"	"TCRBJ2-5*1"	27	52	59	66	25	7	NA	NA	"AGCCGTGTATCTCTGTGCCAGCAGCTTGTCTTCTTACTGGAGTCGCGACTCAAGGGGGCGGGATGGGAGACCCAGTACTTCGGGCCA"	FALSE	FALSE	NA	NA	NA	NA
"GTGCCCATCCTGAAGACAGCAGCTTCTACATCTGCAGTGCTAGAGATGGCGGGAGGGCATAGGTCCTACGAGCAGTACTTCGGGCCG"	""	"GTGCCCATCCTGAAGACAGCAGCTTCTACATCTGCAGTGCTAGAGATGGCGGGAGGGCATAGGTCCTACGAGCAGTACTTCGGGCCG"	""	NA	"TCRBD2-1*2"	"TCRBJ2-7*1"	46	48	57	63	2	6	NA	NA	"GTGCCCATCCTGAAGACAGCAGCTTCTACATCTGCAGTGCTAGAGATGGCGGGAGGGCATAGGTCCTACGAGCAGTACTTCGGGCCG"	FALSE	FALSE	NA	NA	NA	NA
"TCGCCCAGCCCCAACCAGACCTCTCTGTACTTCTGTGCCAGCAGTTTCTGGTAGGGGGAAGACACCGGGGAGCTGTTTTTTGGAGAA"	"CASSFW*GEDTGELFF"	"TCGCCCAGCCCCAACCAGACCTCTCTGTACTTCTGTGCCAGCAGTTTCTGGTAGGGGGAAGACACCGGGGAGCTGTTTTTTGGAGAA"	"CASSFW*GEDTGELFF"	"TCRBV27-1*1"	"TCRBD1-1*1"	"TCRBJ2-2*1"	47	52	58	61	5	3	NA	NA	"TCGCCCAGCCCCAACCAGACCTCTCTGTACTTCTGTGCCAGCAGTTTCTGGTAGGGGGAAGACACCGGGGAGCTGTTTTTTGGAGAA"	FALSE	TRUE	NA	NA	NA	NA
"ACCAGTGCCCATCCTGAAGACAGCAGCTTCTACATCTGCAGTGCTAGAGACATCGGCTCTGGGGCCAACGTCCTGACTTTCGGGGCC"	"CSARDIGSGANVLTF"	"ACCAGTGCCCATCCTGAAGACAGCAGCTTCTACATCTGCAGTGCTAGAGACATCGGCTCTGGGGCCAACGTCCTGACTTTCGGGGCC"	"CSARDIGSGANVLTF"	NA	"TCRBD2-1"	"TCRBJ2-6*1"	50	53	-1	56	3	57	NA	NA	"ACCAGTGCCCATCCTGAAGACAGCAGCTTCTACATCTGCAGTGCTAGAGACATCGGCTCTGGGGCCAACGTCCTGACTTTCGGGGCC"	FALSE	TRUE	NA	NA	NA	NA
"NTGTCGGCTGCTCCCTCCCAAACATCTGTGTACTTCTGTGCCAGCAGGAGTCATTCACTAGCCAAAAACATTCAGTACTTCGGCGCC"	"CASRSHSLAKNIQYF"	"NTGTCGGCTGCTCCCTCCCAAACATCTGTGTACTTCTGTGCCAGCAGGAGTCATTCACTAGCCAAAAACATTCAGTACTTCGGCGCC"	"CASRSHSLAKNIQYF"	NA	"TCRBD2-1"	"TCRBJ2-4*1"	47	56	-1	59	9	60	NA	NA	"NTGTCGGCTGCTCCCTCCCAAACATCTGTGTACTTCTGTGCCAGCAGGAGTCATTCACTAGCCAAAAACATTCAGTACTTCGGCGCC"	FALSE	TRUE	NA	NA	NA	NA
"ATCCTGAGTTCTAAGAAGCTCCTTCTCAGTGACTCTGGCTTCTATCTCTGTGCCTGGATCAGAAGGATAGAAGCTTTCTTTGGACAA"	"CAWIRRIEAFF"	"ATCCTGAGTTCTAAGAAGCTCCTTCTCAGTGACTCTGGCTTCTATCTCTGTGCCTGGATCAGAAGGATAGAAGCTTTCTTTGGACAA"	"CAWIRRIEAFF"	"TCRBV3-1*1"	NA	"TCRBJ1-1*1"	58	64	67	69	6	2	NA	NA	"ATCCTGAGTTCTAAGAAGCTCCTTCTCAGTGACTCTGGCTTCTATCTCTGTGCCTGGATCAGAAGGATAGAAGCTTTCTTTGGACAA"	FALSE	TRUE	NA	NA	NA	NA
"CTGGAGTCCGCCAGCACCAACCAGACATCTATGTACCTCTGTGCCAGCAGTTTCCGCGGAAATACCTACGAGCAGTACTTCGGGCCG"	"CASSFRGNTYEQYF"	"CTGGAGTCCGCCAGCACCAACCAGACATCTATGTACCTCTGTGCCAGCAGTTTCCGCGGAAATACCTACGAGCAGTACTTCGGGCCG"	"CASSFRGNTYEQYF"	"TCRBV28-1*1"	"TCRBD2-1"	"TCRBJ2-7*1"	53	55	59	64	2	5	NA	NA	"CTGGAGTCCGCCAGCACCAACCAGACATCTATGTACCTCTGTGCCAGCAGTTTCCGCGGAAATACCTACGAGCAGTACTTCGGGCCG"	FALSE	TRUE	NA	NA	NA	NA
"ATCCTGGAGTCGCCCAGCCCCAACCAGACCTCTCTGTACTTCTGTGCCAGCAGCCCCGGCGGCACAGATACGCAGTATTTTGGCCCA"	"CASSPGGTDTQYF"	"ATCCTGGAGTCGCCCAGCCCCAACCAGACCTCTCTGTACTTCTGTGCCAGCAGCCCCGGCGGCACAGATACGCAGTATTTTGGCCCA"	"CASSPGGTDTQYF"	"TCRBV27-1*1"	NA	"TCRBJ2-3*1"	53	57	60	61	4	1	NA	NA	"ATCCTGGAGTCGCCCAGCCCCAACCAGACCTCTCTGTACTTCTGTGCCAGCAGCCCCGGCGGCACAGATACGCAGTATTTTGGCCCA"	FALSE	TRUE	NA	NA	NA	NA
"ATCAATTCCCTGGAGCTTGGTGACTCTGCTGTGTATTTCTGTGCCAGCAGCCCCCGACAGGGTGGAAACACCATATATTTTGGAGAG"	"CASSPRQGGNTIYF"	"ATCAATTCCCTGGAGCTTGGTGACTCTGCTGTGTATTTCTGTGCCAGCAGCCCCCGACAGGGTGGAAACACCATATATTTTGGAGAG"	"CASSPRQGGNTIYF"	"TCRBV3-1/3-2*1"	"TCRBD1-1*1"	"TCRBJ1-3*1"	52	55	-1	62	3	63	NA	NA	"ATCAATTCCCTGGAGCTTGGTGACTCTGCTGTGTATTTCTGTGCCAGCAGCCCCCGACAGGGTGGAAACACCATATATTTTGGAGAG"	FALSE	TRUE	NA	NA	NA	NA
"GAGTCGCCCAGCCCCAACCAGACCTCTCTGTACTTCTGTGCCAGCAGTTTATTGGTCCGGGGGGACACTGAAGCTTTCTTTGGACAA"	"CASSLLVRGDTEAFF"	"GAGTCGCCCAGCCCCAACCAGACCTCTCTGTACTTCTGTGCCAGCAGTTTATTGGTCCGGGGGGACACTGAAGCTTTCTTTGGACAA"	"CASSLLVRGDTEAFF"	"TCRBV27-1*1"	"TCRBD2-1*1"	"TCRBJ1-1*1"	52	57	-1	64	5	65	NA	NA	"GAGTCGCCCAGCCCCAACCAGACCTCTCTGTACTTCTGTGCCAGCAGTTTATTGGTCCGGGGGGACACTGAAGCTTTCTTTGGACAA"	FALSE	TRUE	NA	NA	NA	NA
"TCTGGAGTCCGCCAGCACCAACCAGACATCTATGTACCTCTGTGCCAGCAGTTTAACAGGGTGTCCTACGAGCAGTACTTCGGGCCG"	""	"TCTGGAGTCCGCCAGCACCAACCAGACATCTATGTACCTCTGTGCCAGCAGTTTAACAGGGTGTCCTACGAGCAGTACTTCGGGCCG"	""	"TCRBV28-1*1"	"TCRBD1-1*1"	"TCRBJ2-7*1"	-1	55	61	63	56	2	NA	NA	"TCTGGAGTCCGCCAGCACCAACCAGACATCTATGTACCTCTGTGCCAGCAGTTTAACAGGGTGTCCTACGAGCAGTACTTCGGGCCG"	FALSE	FALSE	NA	NA	NA	NA
"ACAGAGCAGGGGGACTCGGCCATGTATCTCTGTAGCTCTGAGTCCAGGGAACAACTTAGCTCCTACAATGAGCAGTTCTTCGGGCCA"	"CSSESREQLSSYNEQFF"	"ACAGAGCAGGGGGACTCGGCCATGTATCTCTGTAGCTCTGAGTCCAGGGAACAACTTAGCTCCTACAATGAGCAGTTCTTCGGGCCA"	"CSSESREQLSSYNEQFF"	"TCRBV7-9"	"TCRBD1-1*1"	"TCRBJ2-1*1"	33	44	49	59	11	10	NA	NA	"ACAGAGCAGGGGGACTCGGCCATGTATCTCTGTAGCTCTGAGTCCAGGGAACAACTTAGCTCCTACAATGAGCAGTTCTTCGGGCCA"	FALSE	TRUE	NA	NA	NA	NA
"ACCTTGGAGCTGGGGGACTCGGCCCTTTATCTTTGCGCCAGCAGCTTGGCAGGGGGCTCTGGGGCCAACGTCCTGACTTTCGGGGCC"	"CASSLAGGSGANVLTF"	"ACCTTGGAGCTGGGGGACTCGGCCCTTTATCTTTGCGCCAGCAGCTTGGCAGGGGGCTCTGGGGCCAACGTCCTGACTTTCGGGGCC"	"CASSLAGGSGANVLTF"	"TCRBV5-1*1"	"TCRBD1-1*1"	"TCRBJ2-6*1"	-1	49	-1	56	50	57	NA	NA	"ACCTTGGAGCTGGGGGACTCGGCCCTTTATCTTTGCGCCAGCAGCTTGGCAGGGGGCTCTGGGGCCAACGTCCTGACTTTCGGGGCC"	FALSE	TRUE	NA	NA	NA	NA
"CTACACACCCTGCAGCCAGAAGACTCGGCCCTGTATCTCTGCGCCAGCAGCCAAGACCTCCGGGATTCACCCCTCCACTTTGGGAAT"	"CASSQDLRDSPLHF"	"CTACACACCCTGCAGCCAGAAGACTCGGCCCTGTATCTCTGCGCCAGCAGCCAAGACCTCCGGGATTCACCCCTCCACTTTGGGAAT"	"CASSQDLRDSPLHF"	"TCRBV4-3*1"	"TCRBD2-1"	"TCRBJ1-6*1"	56	60	-1	64	4	65	NA	NA	"CTACACACCCTGCAGCCAGAAGACTCGGCCCTGTATCTCTGCGCCAGCAGCCAAGACCTCCGGGATTCACCCCTCCACTTTGGGAAT"	FALSE	TRUE	NA	NA	NA	NA
"CTTCACCTACACGCCCTGCAGCCAGAAGACTCAGCCCTGTATCTCTGCGCCAGCAGCCAAGATCCCAGTGAAGCTTTCTTTGGACAA"	"CASSQDPSEAFF"	"CTTCACCTACACGCCCTGCAGCCAGAAGACTCAGCCCTGTATCTCTGCGCCAGCAGCCAAGATCCCAGTGAAGCTTTCTTTGGACAA"	"CASSQDPSEAFF"	"TCRBV4-1*1"	"TCRBD1-1*1"	"TCRBJ1-1*1"	62	65	-1	68	3	69	NA	NA	"CTTCACCTACACGCCCTGCAGCCAGAAGACTCAGCCCTGTATCTCTGCGCCAGCAGCCAAGATCCCAGTGAAGCTTTCTTTGGACAA"	FALSE	TRUE	NA	NA	NA	NA
"ACCCTGCAGCCAGAAGACTCGGCCCTGTATCTCTGTGCCAGCAGCCAAGATATTCTTCTTTCGGGGGATACGCAGTATTTTGGCCCA"	"CASSQDILLSGDTQYF"	"ACCCTGCAGCCAGAAGACTCGGCCCTGTATCTCTGTGCCAGCAGCCAAGATATTCTTCTTTCGGGGGATACGCAGTATTTTGGCCCA"	"CASSQDILLSGDTQYF"	"TCRBV4-2*1"	"TCRBD2-1*1"	"TCRBJ2-3*1"	50	61	-1	66	11	67	NA	NA	"ACCCTGCAGCCAGAAGACTCGGCCCTGTATCTCTGTGCCAGCAGCCAAGATATTCTTCTTTCGGGGGATACGCAGTATTTTGGCCCA"	FALSE	TRUE	NA	NA	NA	NA
"GAGCACCTTGGAGCTGGGGGACTCGGCCCTTTATCTTTGCGCCAGCAGCTAAGGACAGCTAGCAATCAGCCCCAGCATTTTGGTGAT"	""	"GAGCACCTTGGAGCTGGGGGACTCGGCCCTTTATCTTTGCGCCAGCAGCTAAGGACAGCTAGCAATCAGCCCCAGCATTTTGGTGAT"	""	"TCRBV5-1*1"	"TCRBD1-1*1"	"TCRBJ1-5*1"	50	52	58	59	2	1	NA	NA	"GAGCACCTTGGAGCTGGGGGACTCGGCCCTTTATCTTTGCGCCAGCAGCTAAGGACAGCTAGCAATCAGCCCCAGCATTTTGGTGAT"	FALSE	FALSE	NA	NA	NA	NA
"NTGTCGGCTGCTCCCTCCCAGACATCTGTGTACTTCTGTGCCAGCATCGACAGTTCCCCAACTAATGAAAAACTGTTTTTTGGCAGT"	"CASIDSSPTNEKLFF"	"NTGTCGGCTGCTCCCTCCCAGACATCTGTGTACTTCTGTGCCAGCATCGACAGTTCCCCAACTAATGAAAAACTGTTTTTTGGCAGT"	"CASIDSSPTNEKLFF"	"TCRBV6-5*1"	"TCRBD1-1*1"	"TCRBJ1-4*1"	46	48	53	58	2	5	NA	NA	"NTGTCGGCTGCTCCCTCCCAGACATCTGTGTACTTCTGTGCCAGCATCGACAGTTCCCCAACTAATGAAAAACTGTTTTTTGGCAGT"	FALSE	TRUE	NA	NA	NA	NA
"GCCAGCACCAACCAGACATCTATGTACCTCTGTGCCAGCAGTCGAAAAGCCTGGGACAGGGGGGACTACGAGCAGTACTTCGGGCCG"	"CASSRKAWDRGDYEQYF"	"GCCAGCACCAACCAGACATCTATGTACCTCTGTGCCAGCAGTCGAAAAGCCTGGGACAGGGGGGACTACGAGCAGTACTTCGGGCCG"	"CASSRKAWDRGDYEQYF"	"TCRBV28-1*1"	"TCRBD1-1*1"	"TCRBJ2-7*1"	42	52	63	65	10	2	NA	NA	"GCCAGCACCAACCAGACATCTATGTACCTCTGTGCCAGCAGTCGAAAAGCCTGGGACAGGGGGGACTACGAGCAGTACTTCGGGCCG"	FALSE	TRUE	NA	NA	NA	NA
"AAGATCCAGCCCTCAGAACCCAGGGACTCAGCTGTGTACTTCTGTGCCAGCAGTTTATCCAGGTTTGAAAAACTGTTTTTTGGCAGT"	"CASSLSRFEKLFF"	"AAGATCCAGCCCTCAGAACCCAGGGACTCAGCTGTGTACTTCTGTGCCAGCAGTTTATCCAGGTTTGAAAAACTGTTTTTTGGCAGT"	"CASSLSRFEKLFF"	"TCRBV12-3/12-4*1"	"TCRBD1-1*1"	"TCRBJ1-4*1"	57	59	63	65	2	2	NA	NA	"AAGATCCAGCCCTCAGAACCCAGGGACTCAGCTGTGTACTTCTGTGCCAGCAGTTTATCCAGGTTTGAAAAACTGTTTTTTGGCAGT"	FALSE	TRUE	NA	NA	NA	NA
"ACCTTGGAGCTGGGGGACTCGGCCCTTTATCTTTGCGCCAGCAGCTTTAGCTCAGGGGGTCCCAACAATGAGCAGTTCTTCGGGCCA"	"CASSFSSGGPNNEQFF"	"ACCTTGGAGCTGGGGGACTCGGCCCTTTATCTTTGCGCCAGCAGCTTTAGCTCAGGGGGTCCCAACAATGAGCAGTTCTTCGGGCCA"	"CASSFSSGGPNNEQFF"	"TCRBV5-1*1"	"TCRBD1-1*1"	"TCRBJ2-1*1"	47	52	59	64	5	5	NA	NA	"ACCTTGGAGCTGGGGGACTCGGCCCTTTATCTTTGCGCCAGCAGCTTTAGCTCAGGGGGTCCCAACAATGAGCAGTTCTTCGGGCCA"	FALSE	TRUE	NA	NA	NA	NA
"GTGACCAGTGCCCATCCTGAAGACAGCAGCTTCTACATCTGCAGTCCAAATATCCCCGGGACAAACTATGGCTACACCTTCGGTTCG"	"CSPNIPGTNYGYTF"	"GTGACCAGTGCCCATCCTGAAGACAGCAGCTTCTACATCTGCAGTCCAAATATCCCCGGGACAAACTATGGCTACACCTTCGGTTCG"	"CSPNIPGTNYGYTF"	NA	"TCRBD1-1*1"	"TCRBJ1-2*1"	45	57	-1	63	12	64	NA	NA	"GTGACCAGTGCCCATCCTGAAGACAGCAGCTTCTACATCTGCAGTCCAAATATCCCCGGGACAAACTATGGCTACACCTTCGGTTCG"	FALSE	TRUE	NA	NA	NA	NA
"ACCAGTGCCCATCCTGAAGACAGCAGCTTCTACATCTGCAGTGCTAGAGAGGTAGAGGGGCCTAATTCACCCCTCCACTTTGGGAAT"	"CSAREVEGPNSPLHF"	"ACCAGTGCCCATCCTGAAGACAGCAGCTTCTACATCTGCAGTGCTAGAGAGGTAGAGGGGCCTAATTCACCCCTCCACTTTGGGAAT"	"CSAREVEGPNSPLHF"	NA	NA	"TCRBJ1-6*1"	50	55	60	62	5	2	NA	NA	"ACCAGTGCCCATCCTGAAGACAGCAGCTTCTACATCTGCAGTGCTAGAGAGGTAGAGGGGCCTAATTCACCCCTCCACTTTGGGAAT"	FALSE	TRUE	NA	NA	NA	NA
"GACACAGCACTGTATTTCTGTGCCAGCAGCAATGCAGGGACGGGGGACTTAGCGGGAGGCGGGGCAGATACGCAGTATTTTGGCCCA"	"CASSNAGTGDLAGGGADTQYF"	"GACACAGCACTGTATTTCTGTGCCAGCAGCAATGCAGGGACGGGGGACTTAGCGGGAGGCGGGGCAGATACGCAGTATTTTGGCCCA"	"CASSNAGTGDLAGGGADTQYF"	"TCRBV21-1*1"	"TCRBD2-1*2"	"TCRBJ2-3*1"	32	49	59	64	17	5	NA	NA	"GACACAGCACTGTATTTCTGTGCCAGCAGCAATGCAGGGACGGGGGACTTAGCGGGAGGCGGGGCAGATACGCAGTATTTTGGCCCA"	FALSE	TRUE	NA	NA	NA	NA
"ACATCGGCCCAAAAGAACCCGACAGCTTTCTATCTCTGTGCCAGTAGTATTACTAGCGGTAGCACAGATACGCAGTATTTTGGCCCA"	"CASSITSGSTDTQYF"	"ACATCGGCCCAAAAGAACCCGACAGCTTTCTATCTCTGTGCCAGTAGTATTACTAGCGGTAGCACAGATACGCAGTATTTTGGCCCA"	"CASSITSGSTDTQYF"	"TCRBV19-1*1"	"TCRBD2-1"	"TCRBJ2-3*1"	50	51	59	60	1	1	NA	NA	"ACATCGGCCCAAAAGAACCCGACAGCTTTCTATCTCTGTGCCAGTAGTATTACTAGCGGTAGCACAGATACGCAGTATTTTGGCCCA"	FALSE	TRUE	NA	NA	NA	NA
"AAGATCCGGTCCACAAAGCTGGAGGACTCAGCCATGTACTTCTGTGCCAGCAGAGGACAGACGTTCTATGGCTACACCTTCGGTTCG"	"CASRGQTFYGYTF"	"AAGATCCGGTCCACAAAGCTGGAGGACTCAGCCATGTACTTCTGTGCCAGCAGAGGACAGACGTTCTATGGCTACACCTTCGGTTCG"	"CASRGQTFYGYTF"	"TCRBV2-1"	"TCRBD1-1*1"	"TCRBJ1-2*1"	53	54	60	65	1	5	NA	NA	"AAGATCCGGTCCACAAAGCTGGAGGACTCAGCCATGTACTTCTGTGCCAGCAGAGGACAGACGTTCTATGGCTACACCTTCGGTTCG"	FALSE	TRUE	NA	NA	NA	NA
"GCCCATCCTGAAGACAGCAGCTTCTACATCTGCAGTGCTAACCCCTCCGGGGGACTAGCGGGCCCAGATACGCAGTATTTTGGCCCA"	"CSANPSGGLAGPDTQYF"	"GCCCATCCTGAAGACAGCAGCTTCTACATCTGCAGTGCTAACCCCTCCGGGGGACTAGCGGGCCCAGATACGCAGTATTTTGGCCCA"	"CSANPSGGLAGPDTQYF"	NA	"TCRBD2-1"	"TCRBJ2-3*1"	40	50	62	64	10	2	NA	NA	"GCCCATCCTGAAGACAGCAGCTTCTACATCTGCAGTGCTAACCCCTCCGGGGGACTAGCGGGCCCAGATACGCAGTATTTTGGCCCA"	FALSE	TRUE	NA	NA	NA	NA
"TGGACGACTCGGCCCTGTATCTCTGTGCCAGCAGCTCGCCATCCGGGCTAGCGGCCGGGGGACACCGGGGAGCTGTTTTTTGGAGAA"	""	"TGGACGACTCGGCCCTGTATCTCTGTGCCAGCAGCTCGCCATCCGGGCTAGCGGCCGGGGGACACCGGGGAGCTGTTTTTTGGAGAA"	""	"TCRBV5-4*1"	"TCRBD2-1"	"TCRBJ2-2*1"	36	47	54	61	11	7	NA	NA	"TGGACGACTCGGCCCTGTATCTCTGTGCCAGCAGCTCGCCATCCGGGCTAGCGGCCGGGGGACACCGGGGAGCTGTTTTTTGGAGAA"	FALSE	FALSE	NA	NA	NA	NA
"CAGCGCACAGAGCAGGGGGACTCGGCCATGTATCTCTGTGCCAGCAGCAGAAAAAGTGACACATCCTACGAGCAGTACTTCGGGCCG"	"CASSRKSDTSYEQYF"	"CAGCGCACAGAGCAGGGGGACTCGGCCATGTATCTCTGTGCCAGCAGCAGAAAAAGTGACACATCCTACGAGCAGTACTTCGGGCCG"	"CASSRKSDTSYEQYF"	"TCRBV7-9*1"	"TCRBD1-1*1"	"TCRBJ2-7*1"	48	57	61	63	9	2	NA	NA	"CAGCGCACAGAGCAGGGGGACTCGGCCATGTATCTCTGTGCCAGCAGCAGAAAAAGTGACACATCCTACGAGCAGTACTTCGGGCCG"	FALSE	TRUE	NA	NA	NA	NA
"GTGAGCACCTTGGAGCTGGGGGACTCGGCCCTTTATCTTTGCGCCAGCAGCTTGGCCGGGGGAGAGGGGGAGCAGTACTTCGGGCCG"	"CASSLAGGEGEQYF"	"GTGAGCACCTTGGAGCTGGGGGACTCGGCCCTTTATCTTTGCGCCAGCAGCTTGGCCGGGGGAGAGGGGGAGCAGTACTTCGGGCCG"	"CASSLAGGEGEQYF"	"TCRBV5-1*1"	"TCRBD2-1*1"	"TCRBJ2-7*1"	55	56	62	69	1	7	NA	NA	"GTGAGCACCTTGGAGCTGGGGGACTCGGCCCTTTATCTTTGCGCCAGCAGCTTGGCCGGGGGAGAGGGGGAGCAGTACTTCGGGCCG"	FALSE	TRUE	NA	NA	NA	NA
"GAGTCCGCTACCCGCTCCCAGACATCTGTGTATTTCTGCGCCAGCGAACAGGGTAATAGGATGAACACTGAAGCTTTCTTTGGACAA"	"CASEQGNRMNTEAFF"	"GAGTCCGCTACCCGCTCCCAGACATCTGTGTATTTCTGCGCCAGCGAACAGGGTAATAGGATGAACACTGAAGCTTTCTTTGGACAA"	"CASEQGNRMNTEAFF"	"TCRBV1-2*1"	"TCRBD1-1*1"	"TCRBJ1-1*1"	45	47	53	61	2	8	NA	NA	"GAGTCCGCTACCCGCTCCCAGACATCTGTGTATTTCTGCGCCAGCGAACAGGGTAATAGGATGAACACTGAAGCTTTCTTTGGACAA"	FALSE	TRUE	NA	NA	NA	NA
"GAGTCCGCCAGCACCAACCAGACATCTATGTACCTCTGTGCCAGCATGGGGTTTTGGGATCGCTCCTACGAGCAGTACTTCGGGCCG"	"CASMGFWDRSYEQYF"	"GAGTCCGCCAGCACCAACCAGACATCTATGTACCTCTGTGCCAGCATGGGGTTTTGGGATCGCTCCTACGAGCAGTACTTCGGGCCG"	"CASMGFWDRSYEQYF"	"TCRBV28-1*1"	NA	"TCRBJ2-7*1"	46	55	59	62	9	3	NA	NA	"GAGTCCGCCAGCACCAACCAGACATCTATGTACCTCTGTGCCAGCATGGGGTTTTGGGATCGCTCCTACGAGCAGTACTTCGGGCCG"	FALSE	TRUE	NA	NA	NA	NA
"GCAGAGCAGGGGGACTCGGCCGTGTATGTCTGTGCAAGTCGCTTAGAAAGTTGGCGGGAGGGGATTAAGAAGCAGTTCTTCGGGCCA"	"CASRLESWREGIKKQFF"	"GCAGAGCAGGGGGACTCGGCCGTGTATGTCTGTGCAAGTCGCTTAGAAAGTTGGCGGGAGGGGATTAAGAAGCAGTTCTTCGGGCCA"	"CASRLESWREGIKKQFF"	"TCRBV12-2*1"	"TCRBD2-1*2"	"TCRBJ2-1*1"	46	53	62	70	7	8	NA	NA	"GCAGAGCAGGGGGACTCGGCCGTGTATGTCTGTGCAAGTCGCTTAGAAAGTTGGCGGGAGGGGATTAAGAAGCAGTTCTTCGGGCCA"	FALSE	TRUE	NA	NA	NA	NA
"CAGCCCTCAGAACCCAGGGACTCAGCTGTGTACTTCTGTGCCAGCAGCGGGGGAGGGTTCGTGGCGTATGGCTACACCTTCGGTTCG"	"CASSGGGFVAYGYTF"	"CAGCCCTCAGAACCCAGGGACTCAGCTGTGTACTTCTGTGCCAGCAGCGGGGGAGGGTTCGTGGCGTATGGCTACACCTTCGGTTCG"	"CASSGGGFVAYGYTF"	NA	"TCRBD2-1*2"	"TCRBJ1-2*1"	47	50	57	66	3	9	NA	NA	"CAGCCCTCAGAACCCAGGGACTCAGCTGTGTACTTCTGTGCCAGCAGCGGGGGAGGGTTCGTGGCGTATGGCTACACCTTCGGTTCG"	FALSE	TRUE	NA	NA	NA	NA
"NNNNTGTCGGCTGCTCCCTCCCAGACATCTGTGTACTTCTGTGCCAGCACAAAAATAGGAGTTCGGGGTGAGCAGTTCTTCGGGCCA"	"CASTKIGVRGEQFF"	"NNNNTGTCGGCTGCTCCCTCCCAGACATCTGTGTACTTCTGTGCCAGCACAAAAATAGGAGTTCGGGGTGAGCAGTTCTTCGGGCCA"	"CASTKIGVRGEQFF"	"TCRBV6-5*1"	"TCRBD2-1*1"	"TCRBJ2-1*1"	49	63	-1	68	14	69	NA	NA	"NNNNTGTCGGCTGCTCCCTCCCAGACATCTGTGTACTTCTGTGCCAGCACAAAAATAGGAGTTCGGGGTGAGCAGTTCTTCGGGCCA"	FALSE	TRUE	NA	NA	NA	NA
"CTTCACATCAATTCCCTGGAGCTTGGTGACTCTGCTGTGTATTTCTGTGCCAGCAGCCGATTTAGCCACGAGCAGTACTTCGGGCCG"	"CASSRFSHEQYF"	"CTTCACATCAATTCCCTGGAGCTTGGTGACTCTGCTGTGTATTTCTGTGCCAGCAGCCGATTTAGCCACGAGCAGTACTTCGGGCCG"	"CASSRFSHEQYF"	"TCRBV3-1/3-2*1"	"TCRBD2-1"	"TCRBJ2-7*1"	58	62	66	67	4	1	NA	NA	"CTTCACATCAATTCCCTGGAGCTTGGTGACTCTGCTGTGTATTTCTGTGCCAGCAGCCGATTTAGCCACGAGCAGTACTTCGGGCCG"	FALSE	TRUE	NA	NA	NA	NA
"AACATGAGCCCTGAAGACAGCAGCATATATCTCTGCAGCGGATCCCCTATAGTAGCGGCTAGCACAGATACGCAGTATTTTGGCCCA"	"CSGSPIVAASTDTQYF"	"AACATGAGCCCTGAAGACAGCAGCATATATCTCTGCAGCGGATCCCCTATAGTAGCGGCTAGCACAGATACGCAGTATTTTGGCCCA"	"CSGSPIVAASTDTQYF"	"TCRBV29-1"	"TCRBD2-1"	"TCRBJ2-3*1"	40	52	58	60	12	2	NA	NA	"AACATGAGCCCTGAAGACAGCAGCATATATCTCTGCAGCGGATCCCCTATAGTAGCGGCTAGCACAGATACGCAGTATTTTGGCCCA"	FALSE	TRUE	NA	NA	NA	NA
"GTGAGCACCTTGGAGCTGGGGGACTCGGCCCTTTATCTTTGCGCCAGCAGTGACACTTGGGGATACAATGAGCAGTTCTTCGGGCCA"	"CASSDTWGYNEQFF"	"GTGAGCACCTTGGAGCTGGGGGACTCGGCCCTTTATCTTTGCGCCAGCAGTGACACTTGGGGATACAATGAGCAGTTCTTCGGGCCA"	"CASSDTWGYNEQFF"	"TCRBV5-1*1"	NA	"TCRBJ2-1*1"	50	59	-1	63	9	64	NA	NA	"GTGAGCACCTTGGAGCTGGGGGACTCGGCCCTTTATCTTTGCGCCAGCAGTGACACTTGGGGATACAATGAGCAGTTCTTCGGGCCA"	FALSE	TRUE	NA	NA	NA	NA
"AGACATCTGTATATTTCTGCGCCAGCAATGGGGGCCGGGACTAGCGGGGGAGCATCCAAGAACACCGGGGAGCTGTTTTTTGGAGAA"	""	"AGACATCTGTATATTTCTGCGCCAGCAATGGGGGCCGGGACTAGCGGGGGAGCATCCAAGAACACCGGGGAGCTGTTTTTTGGAGAA"	""	"TCRBV1-1"	"TCRBD2-1*1"	"TCRBJ2-2*1"	27	36	50	59	9	9	NA	NA	"AGACATCTGTATATTTCTGCGCCAGCAATGGGGGCCGGGACTAGCGGGGGAGCATCCAAGAACACCGGGGAGCTGTTTTTTGGAGAA"	FALSE	FALSE	NA	NA	NA	NA
"CAGGGGGACTCGGCCGTGTATGTCTGTGCAAGTCGCTTGGGATCCGGGACTAGCGGGAGGGCCGCCTACGAGCAGTACTTCGGGCCG"	"CASRLGSGTSGRAAYEQYF"	"CAGGGGGACTCGGCCGTGTATGTCTGTGCAAGTCGCTTGGGATCCGGGACTAGCGGGAGGGCCGCCTACGAGCAGTACTTCGGGCCG"	"CASRLGSGTSGRAAYEQYF"	"TCRBV12-2*1"	"TCRBD2-1*2"	"TCRBJ2-7*1"	38	45	61	64	7	3	NA	NA	"CAGGGGGACTCGGCCGTGTATGTCTGTGCAAGTCGCTTGGGATCCGGGACTAGCGGGAGGGCCGCCTACGAGCAGTACTTCGGGCCG"	FALSE	TRUE	NA	NA	NA	NA
"CCAGCCTGCAGAGCAGGGGGACTCGGCCGTGTATGTCTGTGCAAGTCGCTTATTTCCAGCGTCTCCTACGAGCAGTACTTCGGGCCG"	""	"CCAGCCTGCAGAGCAGGGGGACTCGGCCGTGTATGTCTGTGCAAGTCGCTTATTTCCAGCGTCTCCTACGAGCAGTACTTCGGGCCG"	""	"TCRBV12-2*1"	"TCRBD2-1"	"TCRBJ2-7*1"	52	57	61	62	5	1	NA	NA	"CCAGCCTGCAGAGCAGGGGGACTCGGCCGTGTATGTCTGTGCAAGTCGCTTATTTCCAGCGTCTCCTACGAGCAGTACTTCGGGCCG"	FALSE	FALSE	NA	NA	NA	NA
"CCTGAAGACAGCAGCTTCTACATCTGCAGTGCTAGAGATTGGGCTAGCGGGAGGTCCCAGGACCAAGCAACGCAGTATTTTGGCCCA"	"CSARDWASGRSQDQATQYF"	"CCTGAAGACAGCAGCTTCTACATCTGCAGTGCTAGAGATTGGGCTAGCGGGAGGTCCCAGGACCAAGCAACGCAGTATTTTGGCCCA"	"CSARDWASGRSQDQATQYF"	NA	"TCRBD2-1*2"	"TCRBJ2-3*1"	38	43	54	69	5	15	NA	NA	"CCTGAAGACAGCAGCTTCTACATCTGCAGTGCTAGAGATTGGGCTAGCGGGAGGTCCCAGGACCAAGCAACGCAGTATTTTGGCCCA"	FALSE	TRUE	NA	NA	NA	NA
"TCCACTCTGACAGTGACCAGTGCCCATCCTGAAGACAGCAGCTTCTACATCTGCAGTGCCGGAGGAAACACCATATATTTTGGAGAG"	"CSAGGNTIYF"	"TCCACTCTGACAGTGACCAGTGCCCATCCTGAAGACAGCAGCTTCTACATCTGCAGTGCCGGAGGAAACACCATATATTTTGGAGAG"	"CSAGGNTIYF"	"TCRBV2-1"	NA	"TCRBJ1-3*1"	59	60	-1	63	1	64	NA	NA	"TCCACTCTGACAGTGACCAGTGCCCATCCTGAAGACAGCAGCTTCTACATCTGCAGTGCCGGAGGAAACACCATATATTTTGGAGAG"	FALSE	TRUE	NA	NA	NA	NA
"CTAAACCTGAGCTCTCTGGAGCTGGGGGACTCAGCTTTGTATTTCTGTGCCAGCAGCGCGAGGGGGGAGACCCAGTACTTCGGGCCA"	"CASSARGETQYF"	"CTAAACCTGAGCTCTCTGGAGCTGGGGGACTCAGCTTTGTATTTCTGTGCCAGCAGCGCGAGGGGGGAGACCCAGTACTTCGGGCCA"	"CASSARGETQYF"	"TCRBV9-1*1"	"TCRBD1-1*1"	"TCRBJ2-5*1"	58	60	-1	66	2	67	NA	NA	"CTAAACCTGAGCTCTCTGGAGCTGGGGGACTCAGCTTTGTATTTCTGTGCCAGCAGCGCGAGGGGGGAGACCCAGTACTTCGGGCCA"	FALSE	TRUE	NA	NA	NA	NA
"GACATCCGCTCACCAGGCCTGGGGGACGCAGCCATGTACCTGTGTGCCACCAGCAAAAGTAGGGGGACTGAAGCTTTCTTTGGACAA"	"CATSKSRGTEAFF"	"GACATCCGCTCACCAGGCCTGGGGGACGCAGCCATGTACCTGTGTGCCACCAGCAAAAGTAGGGGGACTGAAGCTTTCTTTGGACAA"	"CATSKSRGTEAFF"	"TCRBV15-1*2"	"TCRBD1-1*1"	"TCRBJ1-1*1"	55	60	-1	66	5	67	NA	NA	"GACATCCGCTCACCAGGCCTGGGGGACGCAGCCATGTACCTGTGTGCCACCAGCAAAAGTAGGGGGACTGAAGCTTTCTTTGGACAA"	FALSE	TRUE	NA	NA	NA	NA
"AGCAACATGAGCCCTGAAGACAGCAGCATATATCTCTGCAGCGGGGTCCTAGCGGGAGGCTTAGGAGAGACCCAGTACTTCGGGCCA"	"CSGVLAGGLGETQYF"	"AGCAACATGAGCCCTGAAGACAGCAGCATATATCTCTGCAGCGGGGTCCTAGCGGGAGGCTTAGGAGAGACCCAGTACTTCGGGCCA"	"CSGVLAGGLGETQYF"	"TCRBV29-1"	"TCRBD2-1*2"	"TCRBJ2-5*1"	43	48	59	65	5	6	NA	NA	"AGCAACATGAGCCCTGAAGACAGCAGCATATATCTCTGCAGCGGGGTCCTAGCGGGAGGCTTAGGAGAGACCCAGTACTTCGGGCCA"	FALSE	TRUE	NA	NA	NA	NA
"GAGTCTGCCAGGCCCTCACATACCTCTCAGTACCTCTGTGCCAGCAGTGAAGCCGGGAGTGCAGATCAGCCCCAGCATTTTGGTGAT"	"CASSEAGSADQPQHF"	"GAGTCTGCCAGGCCCTCACATACCTCTCAGTACCTCTGTGCCAGCAGTGAAGCCGGGAGTGCAGATCAGCCCCAGCATTTTGGTGAT"	"CASSEAGSADQPQHF"	"TCRBV25-1*1"	"TCRBD2-1*2"	"TCRBJ1-5*1"	51	53	59	64	2	5	NA	NA	"GAGTCTGCCAGGCCCTCACATACCTCTCAGTACCTCTGTGCCAGCAGTGAAGCCGGGAGTGCAGATCAGCCCCAGCATTTTGGTGAT"	FALSE	TRUE	NA	NA	NA	NA
"CCAGCGCACAGAGCGGGGGGACTCAGCCGTGTATCTCTGTGCCAGCAGTCCGCCGGACAGAGGGGCCCTGAAGCTTTCTTTGGACAA"	""	"CCAGCGCACAGAGCGGGGGGACTCAGCCGTGTATCTCTGTGCCAGCAGTCCGCCGGACAGAGGGGCCCTGAAGCTTTCTTTGGACAA"	""	"TCRBV7-3*1"	"TCRBD1-1*1"	"TCRBJ1-1*1"	48	54	60	67	6	7	NA	NA	"CCAGCGCACAGAGCGGGGGGACTCAGCCGTGTATCTCTGTGCCAGCAGTCCGCCGGACAGAGGGGCCCTGAAGCTTTCTTTGGACAA"	FALSE	FALSE	NA	NA	NA	NA
"ACAGTGACCAGTGCCCATCCTGAAGACAGCAGCTTCTACATCTGCAGTGCTAGAGAAGTTGGGGATCAGCCCCAGCATTTTGGTGAT"	"CSAREVGDQPQHF"	"ACAGTGACCAGTGCCCATCCTGAAGACAGCAGCTTCTACATCTGCAGTGCTAGAGAAGTTGGGGATCAGCCCCAGCATTTTGGTGAT"	"CSAREVGDQPQHF"	NA	NA	"TCRBJ1-5*1"	56	60	-1	64	4	65	NA	NA	"ACAGTGACCAGTGCCCATCCTGAAGACAGCAGCTTCTACATCTGCAGTGCTAGAGAAGTTGGGGATCAGCCCCAGCATTTTGGTGAT"	FALSE	TRUE	NA	NA	NA	NA
"ACATCGGCCCAAAAGAACCCGACAGCTTTCTATCTCTGTGCCAGTACTCCGACGACTAGCGGGAAGGAGACCCAGTACTTCGGGCCA"	"CASTPTTSGKETQYF"	"ACATCGGCCCAAAAGAACCCGACAGCTTTCTATCTCTGTGCCAGTACTCCGACGACTAGCGGGAAGGAGACCCAGTACTTCGGGCCA"	"CASTPTTSGKETQYF"	"TCRBV19-1*1"	"TCRBD2-1*2"	"TCRBJ2-5*1"	46	53	64	66	7	2	NA	NA	"ACATCGGCCCAAAAGAACCCGACAGCTTTCTATCTCTGTGCCAGTACTCCGACGACTAGCGGGAAGGAGACCCAGTACTTCGGGCCA"	FALSE	TRUE	NA	NA	NA	NA
"CTGACGATCCAGCGCACAGAGCAGCGGGACTCGGCCATGTATCGCTGTGCCAGCAGGCCAGGGGTCGGGGAGCTGTTTTTTGGAGAA"	"CASRPGVGELFF"	"CTGACGATCCAGCGCACAGAGCAGCGGGACTCGGCCATGTATCGCTGTGCCAGCAGGCCAGGGGTCGGGGAGCTGTTTTTTGGAGAA"	"CASRPGVGELFF"	"TCRBV7-6*1"	"TCRBD1-1*1"	"TCRBJ2-2*1"	56	58	64	65	2	1	NA	NA	"CTGACGATCCAGCGCACAGAGCAGCGGGACTCGGCCATGTATCGCTGTGCCAGCAGGCCAGGGGTCGGGGAGCTGTTTTTTGGAGAA"	FALSE	TRUE	NA	NA	NA	NA
"ACAGAGCAGCGGGACTCAGCCATGTATCGCTGTGCTAGCAGCGCATCTGACTAGCGGGAGGGGCCAGATACGCAGTATTTTGGCCCA"	"CASSASD*REGPDTQYF"	"ACAGAGCAGCGGGACTCAGCCATGTATCGCTGTGCTAGCAGCGCATCTGACTAGCGGGAGGGGCCAGATACGCAGTATTTTGGCCCA"	"CASSASD*REGPDTQYF"	"TCRBV7-7*1"	"TCRBD2-1*2"	"TCRBJ2-3*1"	42	48	62	64	6	2	NA	NA	"ACAGAGCAGCGGGACTCAGCCATGTATCGCTGTGCTAGCAGCGCATCTGACTAGCGGGAGGGGCCAGATACGCAGTATTTTGGCCCA"	FALSE	TRUE	NA	NA	NA	NA
"CTCCCTCCCAGACATCTGTGTACTTCTGTGCCAGCAGTTACATTATAAATTCCAGGGTGCTCTGGAAACACCATATATTTTGGAGAG"	""	"CTCCCTCCCAGACATCTGTGTACTTCTGTGCCAGCAGTTACATTATAAATTCCAGGGTGCTCTGGAAACACCATATATTTTGGAGAG"	""	NA	"TCRBD1-1*1"	"TCRBJ1-3*1"	41	52	57	59	11	2	NA	NA	"CTCCCTCCCAGACATCTGTGTACTTCTGTGCCAGCAGTTACATTATAAATTCCAGGGTGCTCTGGAAACACCATATATTTTGGAGAG"	FALSE	FALSE	NA	NA	NA	NA
"AAGATCCAGCCTGCAAAGCTTGAGGACTCGGCCGTGTATCTCTGTGCCAGCAGCCCCCTCCCCAATCAGCCCCAGCATTTTGGTGAT"	"CASSPLPNQPQHF"	"AAGATCCAGCCTGCAAAGCTTGAGGACTCGGCCGTGTATCTCTGTGCCAGCAGCCCCCTCCCCAATCAGCCCCAGCATTTTGGTGAT"	"CASSPLPNQPQHF"	"TCRBV11-2*1"	"TCRBD2-1"	"TCRBJ1-5*1"	54	57	59	62	3	3	NA	NA	"AAGATCCAGCCTGCAAAGCTTGAGGACTCGGCCGTGTATCTCTGTGCCAGCAGCCCCCTCCCCAATCAGCCCCAGCATTTTGGTGAT"	FALSE	TRUE	NA	NA	NA	NA
"CCCTAGAGTCTGCCATCCCCAACCAGACAGCTCTTTACTTCTGTGCCACCAGCCGACCTAGCGGGACCCTCCCAGAACTTCGGGCCG"	""	"CCCTAGAGTCTGCCATCCCCAACCAGACAGCTCTTTACTTCTGTGCCACCAGCCGACCTAGCGGGACCCTCCCAGAACTTCGGGCCG"	""	"TCRBV24-1*1"	"TCRBD2-1*2"	"TCRBJ2-7*1"	52	57	66	76	5	10	NA	NA	"CCCTAGAGTCTGCCATCCCCAACCAGACAGCTCTTTACTTCTGTGCCACCAGCCGACCTAGCGGGACCCTCCCAGAACTTCGGGCCG"	FALSE	FALSE	NA	NA	NA	NA
"ACCTTGGAGCTGGGGGACTCGGCCCTTTATCTTTGCGCCAGCAGCTTCCGCCTCGACAGTAATCAAGAGACCCAGTACTTCGGGCCA"	"CASSFRLDSNQETQYF"	"ACCTTGGAGCTGGGGGACTCGGCCCTTTATCTTTGCGCCAGCAGCTTCCGCCTCGACAGTAATCAAGAGACCCAGTACTTCGGGCCA"	"CASSFRLDSNQETQYF"	"TCRBV5-1*1"	"TCRBD1-1*1"	"TCRBJ2-5*1"	47	54	59	63	7	4	NA	NA	"ACCTTGGAGCTGGGGGACTCGGCCCTTTATCTTTGCGCCAGCAGCTTCCGCCTCGACAGTAATCAAGAGACCCAGTACTTCGGGCCA"	FALSE	TRUE	NA	NA	NA	NA
"TGAGCTCCTTGGAGCTGGGGGACTCAGCCCTGTACTTCTGTGCCAGCAGAACGGAGGACAGAGACCTACGAGCAGTACTTCGGGCCG"	""	"TGAGCTCCTTGGAGCTGGGGGACTCAGCCCTGTACTTCTGTGCCAGCAGAACGGAGGACAGAGACCTACGAGCAGTACTTCGGGCCG"	""	"TCRBV13-1*1"	"TCRBD1-1*1"	"TCRBJ2-7*1"	49	55	61	64	6	3	NA	NA	"TGAGCTCCTTGGAGCTGGGGGACTCAGCCCTGTACTTCTGTGCCAGCAGAACGGAGGACAGAGACCTACGAGCAGTACTTCGGGCCG"	FALSE	FALSE	NA	NA	NA	NA
"CTGCAGCCAGAAGACTCAGCCCTGTATCTCTGCGCCAGCAGCCAAGGGACAGCCGCCGCAACTAATGAAAAACTGTTTTTTGGCAGT"	"CASSQGTAAATNEKLFF"	"CTGCAGCCAGAAGACTCAGCCCTGTATCTCTGCGCCAGCAGCCAAGGGACAGCCGCCGCAACTAATGAAAAACTGTTTTTTGGCAGT"	"CASSQGTAAATNEKLFF"	"TCRBV4-1*1"	"TCRBD1-1*1"	"TCRBJ1-4*1"	-1	46	52	58	47	6	NA	NA	"CTGCAGCCAGAAGACTCAGCCCTGTATCTCTGCGCCAGCAGCCAAGGGACAGCCGCCGCAACTAATGAAAAACTGTTTTTTGGCAGT"	FALSE	TRUE	NA	NA	NA	NA
"GAGTCGCCCAGCCCCAACCAGACCTCTCTGTACTTCTGTGCCAGCAGTACAGGACCCGGAGGCTCCTACGAGCAGTACTTCGGGCCG"	"CASSTGPGGSYEQYF"	"GAGTCGCCCAGCCCCAACCAGACCTCTCTGTACTTCTGTGCCAGCAGTACAGGACCCGGAGGCTCCTACGAGCAGTACTTCGGGCCG"	"CASSTGPGGSYEQYF"	"TCRBV27-1*1"	NA	"TCRBJ2-7*1"	-1	48	53	62	49	9	NA	NA	"GAGTCGCCCAGCCCCAACCAGACCTCTCTGTACTTCTGTGCCAGCAGTACAGGACCCGGAGGCTCCTACGAGCAGTACTTCGGGCCG"	FALSE	TRUE	NA	NA	NA	NA
"CAGCGCACAGAGCAGGGGGACTCGGCCATGTATCTCTGTGCCAGCAGCTTAAACAGGGACATGAACACTGAAGCTTTCTTTGGACAA"	"CASSLNRDMNTEAFF"	"CAGCGCACAGAGCAGGGGGACTCGGCCATGTATCTCTGTGCCAGCAGCTTAAACAGGGACATGAACACTGAAGCTTTCTTTGGACAA"	"CASSLNRDMNTEAFF"	"TCRBV7-9*1"	"TCRBD1-1*1"	"TCRBJ1-1*1"	51	55	-1	61	4	62	NA	NA	"CAGCGCACAGAGCAGGGGGACTCGGCCATGTATCTCTGTGCCAGCAGCTTAAACAGGGACATGAACACTGAAGCTTTCTTTGGACAA"	FALSE	TRUE	NA	NA	NA	NA
"AGCACCTTGGAGCTGGGGGACTCGGCCCTTTATCTTTGCGCCAGCAGCTTGGAGGTGGTGGGCAAAAACATTCAGTACTTCGGCGCC"	"CASSLEVVGKNIQYF"	"AGCACCTTGGAGCTGGGGGACTCGGCCCTTTATCTTTGCGCCAGCAGCTTGGAGGTGGTGGGCAAAAACATTCAGTACTTCGGCGCC"	"CASSLEVVGKNIQYF"	"TCRBV5-1*1"	NA	"TCRBJ2-4*1"	52	59	-1	62	7	63	NA	NA	"AGCACCTTGGAGCTGGGGGACTCGGCCCTTTATCTTTGCGCCAGCAGCTTGGAGGTGGTGGGCAAAAACATTCAGTACTTCGGCGCC"	FALSE	TRUE	NA	NA	NA	NA
"TCAGAACCGGGAGACACGGCACTGTATCTCTGCGCCAGCAAAGAGGGGGCCCCCACCCGCTCCTACAATGAGCAGTTCTTCGGGCCA"	"CASKEGAPTRSYNEQFF"	"TCAGAACCGGGAGACACGGCACTGTATCTCTGCGCCAGCAAAGAGGGGGCCCCCACCCGCTCCTACAATGAGCAGTTCTTCGGGCCA"	"CASKEGAPTRSYNEQFF"	"TCRBV23-1*1"	"TCRBD1-1*1"	"TCRBJ2-1*1"	40	43	50	59	3	9	NA	NA	"TCAGAACCGGGAGACACGGCACTGTATCTCTGCGCCAGCAAAGAGGGGGCCCCCACCCGCTCCTACAATGAGCAGTTCTTCGGGCCA"	FALSE	TRUE	NA	NA	NA	NA
"AACGCCTTGTTGCTGGGGGACTCGGCCCTGTATCTCTGTGCCAGCAGCTTGGACGACCTGAACACCGGGGAGCTGTTTTTTGGAGAA"	"CASSLDDLNTGELFF"	"AACGCCTTGTTGCTGGGGGACTCGGCCCTGTATCTCTGTGCCAGCAGCTTGGACGACCTGAACACCGGGGAGCTGTTTTTTGGAGAA"	"CASSLDDLNTGELFF"	"TCRBV5-5*1"	NA	"TCRBJ2-2*1"	52	54	57	59	2	2	NA	NA	"AACGCCTTGTTGCTGGGGGACTCGGCCCTGTATCTCTGTGCCAGCAGCTTGGACGACCTGAACACCGGGGAGCTGTTTTTTGGAGAA"	FALSE	TRUE	NA	NA	NA	NA
"AGAGCTTGGGGACTCGGCCGTGTATCTCTGTGCCTGAACCCGTCTCCCGCGGGAAAAGATGGCAATCAGCCCCAGCATTTTGGTGAT"	""	"AGAGCTTGGGGACTCGGCCGTGTATCTCTGTGCCTGAACCCGTCTCCCGCGGGAAAAGATGGCAATCAGCCCCAGCATTTTGGTGAT"	""	"TCRBV11-3*1"	"TCRBD2-1*2"	"TCRBJ1-5*1"	34	48	54	61	14	7	NA	NA	"AGAGCTTGGGGACTCGGCCGTGTATCTCTGTGCCTGAACCCGTCTCCCGCGGGAAAAGATGGCAATCAGCCCCAGCATTTTGGTGAT"	FALSE	FALSE	NA	NA	NA	NA
"CCCTCAGAACCCAGGGACTCAGCTGTGTACTTCTGTGCCAGCAGTTTTTTCGGGACTAGAGAGGGTGGTGAGCAGTTCTTCGGGCCA"	"CASSFFGTREGGEQFF"	"CCCTCAGAACCCAGGGACTCAGCTGTGTACTTCTGTGCCAGCAGTTTTTTCGGGACTAGAGAGGGTGGTGAGCAGTTCTTCGGGCCA"	"CASSFFGTREGGEQFF"	NA	"TCRBD2-1"	"TCRBJ2-1*1"	47	51	59	68	4	9	NA	NA	"CCCTCAGAACCCAGGGACTCAGCTGTGTACTTCTGTGCCAGCAGTTTTTTCGGGACTAGAGAGGGTGGTGAGCAGTTCTTCGGGCCA"	FALSE	TRUE	NA	NA	NA	NA
"TCTGACAGTGACCAGTGCCCATCCTGAAGACAGCAGCTTCTACATCTGCAGTGCTGCGACAGGGATCAGCCCCAGCATTTTGGTGAT"	""	"TCTGACAGTGACCAGTGCCCATCCTGAAGACAGCAGCTTCTACATCTGCAGTGCTGCGACAGGGATCAGCCCCAGCATTTTGGTGAT"	""	NA	"TCRBD1-1*1"	"TCRBJ1-5*1"	55	57	-1	64	2	65	NA	NA	"TCTGACAGTGACCAGTGCCCATCCTGAAGACAGCAGCTTCTACATCTGCAGTGCTGCGACAGGGATCAGCCCCAGCATTTTGGTGAT"	FALSE	FALSE	NA	NA	NA	NA
"TCCGCCAGCACCAACCAGACATCTATGTACCTCTGTGCCAGTAACAAATTAACCGGGATTATGAACACTGAAGCTTTCTTTGGACAA"	"CASNKLTGIMNTEAFF"	"TCCGCCAGCACCAACCAGACATCTATGTACCTCTGTGCCAGTAACAAATTAACCGGGATTATGAACACTGAAGCTTTCTTTGGACAA"	"CASNKLTGIMNTEAFF"	"TCRBV28-1*1"	"TCRBD2-1*2"	"TCRBJ1-1*1"	41	53	58	61	12	3	NA	NA	"TCCGCCAGCACCAACCAGACATCTATGTACCTCTGTGCCAGTAACAAATTAACCGGGATTATGAACACTGAAGCTTTCTTTGGACAA"	FALSE	TRUE	NA	NA	NA	NA
"CAGCAGGTAGTGCGAGGAGATTCGGCAGCTTATTTCTGTGCCAGCTCACCCGCCAACAGGGTTGAGTACGAGCAGTACTTCGGGCCG"	"CASSPANRVEYEQYF"	"CAGCAGGTAGTGCGAGGAGATTCGGCAGCTTATTTCTGTGCCAGCTCACCCGCCAACAGGGTTGAGTACGAGCAGTACTTCGGGCCG"	"CASSPANRVEYEQYF"	"TCRBV18-1*1"	"TCRBD1-1*1"	"TCRBJ2-7*1"	50	55	61	66	5	5	NA	NA	"CAGCAGGTAGTGCGAGGAGATTCGGCAGCTTATTTCTGTGCCAGCTCACCCGCCAACAGGGTTGAGTACGAGCAGTACTTCGGGCCG"	FALSE	TRUE	NA	NA	NA	NA
"CAGCCTGCAAAGCTTGAGGACTCGGCCGTGTATCTCTGTGCCAGCAGCTCGCGACTAGCGGGAGGACACGAGCAGTACTTCGGGCCG"	"CASSSRLAGGHEQYF"	"CAGCCTGCAAAGCTTGAGGACTCGGCCGTGTATCTCTGTGCCAGCAGCTCGCGACTAGCGGGAGGACACGAGCAGTACTTCGGGCCG"	"CASSSRLAGGHEQYF"	"TCRBV11-2*1"	"TCRBD2-1*2"	"TCRBJ2-7*1"	49	52	65	67	3	2	NA	NA	"CAGCCTGCAAAGCTTGAGGACTCGGCCGTGTATCTCTGTGCCAGCAGCTCGCGACTAGCGGGAGGACACGAGCAGTACTTCGGGCCG"	FALSE	TRUE	NA	NA	NA	NA
"TGACCAGTGCCCATCCTGAAGACAGCAGCTTCTACATCTGCAAGAAACCGCGAGCGGGAGGGGTCCTACGAGCAGTACTTCGGGCCG"	""	"TGACCAGTGCCCATCCTGAAGACAGCAGCTTCTACATCTGCAAGAAACCGCGAGCGGGAGGGGTCCTACGAGCAGTACTTCGGGCCG"	""	NA	"TCRBD2-1*2"	"TCRBJ2-7*1"	42	52	62	63	10	1	NA	NA	"TGACCAGTGCCCATCCTGAAGACAGCAGCTTCTACATCTGCAAGAAACCGCGAGCGGGAGGGGTCCTACGAGCAGTACTTCGGGCCG"	FALSE	FALSE	NA	NA	NA	NA
"AGCTCTCTGGAGCTGGGGGACTCAGCTTTGTATTTCTGTGCCAGCAGCGTGGGACTAGCAGTCTACAATGAGCAGTTCTTCGGGCCA"	"CASSVGLAVYNEQFF"	"AGCTCTCTGGAGCTGGGGGACTCAGCTTTGTATTTCTGTGCCAGCAGCGTGGGACTAGCAGTCTACAATGAGCAGTTCTTCGGGCCA"	"CASSVGLAVYNEQFF"	"TCRBV9-1*1"	"TCRBD2-1"	"TCRBJ2-1*1"	-1	50	59	62	51	3	NA	NA	"AGCTCTCTGGAGCTGGGGGACTCAGCTTTGTATTTCTGTGCCAGCAGCGTGGGACTAGCAGTCTACAATGAGCAGTTCTTCGGGCCA"	FALSE	TRUE	NA	NA	NA	NA
"CTCAAGATCCAGCCTGCAGAGCTTGGGGACTCGGCCGTGTATCTCTGTGCCAGCAGCCGCAGGGGCACTGAAGCTTTCTTTGGACAA"	"CASSRRGTEAFF"	"CTCAAGATCCAGCCTGCAGAGCTTGGGGACTCGGCCGTGTATCTCTGTGCCAGCAGCCGCAGGGGCACTGAAGCTTTCTTTGGACAA"	"CASSRRGTEAFF"	"TCRBV11-3*1"	"TCRBD1-1*1"	"TCRBJ1-1*1"	57	59	-1	65	2	66	NA	NA	"CTCAAGATCCAGCCTGCAGAGCTTGGGGACTCGGCCGTGTATCTCTGTGCCAGCAGCCGCAGGGGCACTGAAGCTTTCTTTGGACAA"	FALSE	TRUE	NA	NA	NA	NA
"NNNNNNNNNNTGTCGGCTGCTCCCTCCCAGACATCTGTGTACTTCTGTGCCAGCACCCACGACAGCTATGGCTACACCTTCGGTTCG"	"CASTHDSYGYTF"	"NNNNNNNNNNTGTCGGCTGCTCCCTCCCAGACATCTGTGTACTTCTGTGCCAGCACCCACGACAGCTATGGCTACACCTTCGGTTCG"	"CASTHDSYGYTF"	"TCRBV6-5*1"	"TCRBD1-1*1"	"TCRBJ1-2*1"	55	60	-1	65	5	66	NA	NA	"NNNNNNNNNNTGTCGGCTGCTCCCTCCCAGACATCTGTGTACTTCTGTGCCAGCACCCACGACAGCTATGGCTACACCTTCGGTTCG"	FALSE	TRUE	NA	NA	NA	NA
"AGTCAGGGGACACAGCACTGTATTTCTGTGCCAGCAGCCCCAGCCAGGCAGGTAAGCTATAGCAATCAGCCCCAGCATTTTGGTGAT"	""	"AGTCAGGGGACACAGCACTGTATTTCTGTGCCAGCAGCCCCAGCCAGGCAGGTAAGCTATAGCAATCAGCCCCAGCATTTTGGTGAT"	""	"TCRBV21-1*1"	"TCRBD1-1*1"	"TCRBJ1-5*1"	38	44	48	59	6	11	NA	NA	"AGTCAGGGGACACAGCACTGTATTTCTGTGCCAGCAGCCCCAGCCAGGCAGGTAAGCTATAGCAATCAGCCCCAGCATTTTGGTGAT"	FALSE	FALSE	NA	NA	NA	NA
"AGCCCCAACCAGACCTCTCTGTACTTCTGTGCCAGCAGTTTATCATGGAGTCGACTAGATGGTTCCTACGAGCAGTACTTCGGGCCG"	"CASSLSWSRLDGSYEQYF"	"AGCCCCAACCAGACCTCTCTGTACTTCTGTGCCAGCAGTTTATCATGGAGTCGACTAGATGGTTCCTACGAGCAGTACTTCGGGCCG"	"CASSLSWSRLDGSYEQYF"	"TCRBV27-1*1"	"TCRBD2-1"	"TCRBJ2-7*1"	44	52	58	63	8	5	NA	NA	"AGCCCCAACCAGACCTCTCTGTACTTCTGTGCCAGCAGTTTATCATGGAGTCGACTAGATGGTTCCTACGAGCAGTACTTCGGGCCG"	FALSE	TRUE	NA	NA	NA	NA
"ATCCAGCCCTCAGAACCCAGGGACTCAGCTGTGTATTTTTGTGCTAGCGCAGGGGGCGGGGGCACCGGGGAGCTGTTTTTTGGAGAA"	"CASAGGGGTGELFF"	"ATCCAGCCCTCAGAACCCAGGGACTCAGCTGTGTATTTTTGTGCTAGCGCAGGGGGCGGGGGCACCGGGGAGCTGTTTTTTGGAGAA"	"CASAGGGGTGELFF"	"TCRBV12-5*1"	"TCRBD1-1*1"	"TCRBJ2-2*1"	47	49	57	62	2	5	NA	NA	"ATCCAGCCCTCAGAACCCAGGGACTCAGCTGTGTATTTTTGTGCTAGCGCAGGGGGCGGGGGCACCGGGGAGCTGTTTTTTGGAGAA"	FALSE	TRUE	NA	NA	NA	NA
"CCCTCAGAACCCAGGGACTCAGCTGTGTACTTCTGTGCCAGCAGGATGGGACTAGCGGGATTTACCGGGGAGCTGTTTTTTGGAGAA"	"CASRMGLAGFTGELFF"	"CCCTCAGAACCCAGGGACTCAGCTGTGTACTTCTGTGCCAGCAGGATGGGACTAGCGGGATTTACCGGGGAGCTGTTTTTTGGAGAA"	"CASRMGLAGFTGELFF"	NA	"TCRBD2-1*2"	"TCRBJ2-2*1"	44	47	60	63	3	3	NA	NA	"CCCTCAGAACCCAGGGACTCAGCTGTGTACTTCTGTGCCAGCAGGATGGGACTAGCGGGATTTACCGGGGAGCTGTTTTTTGGAGAA"	FALSE	TRUE	NA	NA	NA	NA
"AGAACCGGGAGACACGGCACTGTATCTCTGCGCCAGCAGTCAAGCCTGTCCGGGACGGCTGATAATTCACCCCTCCACTTTGGGAAT"	""	"AGAACCGGGAGACACGGCACTGTATCTCTGCGCCAGCAGTCAAGCCTGTCCGGGACGGCTGATAATTCACCCCTCCACTTTGGGAAT"	""	"TCRBV23-1*1"	NA	"TCRBJ1-6*1"	43	51	56	61	8	5	NA	NA	"AGAACCGGGAGACACGGCACTGTATCTCTGCGCCAGCAGTCAAGCCTGTCCGGGACGGCTGATAATTCACCCCTCCACTTTGGGAAT"	FALSE	FALSE	NA	NA	NA	NA
"CACAGAGCAGGGGGACTCGGCCATGTATCTCTGTGCCAGCAGCCCACGACATTTAGGGCTTGGTCCTACGAGCAGTACTTCGGGCCG"	""	"CACAGAGCAGGGGGACTCGGCCATGTATCTCTGTGCCAGCAGCCCACGACATTTAGGGCTTGGTCCTACGAGCAGTACTTCGGGCCG"	""	"TCRBV7-9*1"	NA	"TCRBJ2-7*1"	43	47	51	63	4	12	NA	NA	"CACAGAGCAGGGGGACTCGGCCATGTATCTCTGTGCCAGCAGCCCACGACATTTAGGGCTTGGTCCTACGAGCAGTACTTCGGGCCG"	FALSE	FALSE	NA	NA	NA	NA
"CGCACAGAGCAGGAGGACTCGGCCGTGTATCTCTGTGCCAGCAGCCCGACGCTAGCGGGAGCCTACAATGAGCAGTTCTTCGGGCCA"	"CASSPTLAGAYNEQFF"	"CGCACAGAGCAGGAGGACTCGGCCGTGTATCTCTGTGCCAGCAGCCCGACGCTAGCGGGAGCCTACAATGAGCAGTTCTTCGGGCCA"	"CASSPTLAGAYNEQFF"	"TCRBV7-2"	"TCRBD2-1*2"	"TCRBJ2-1*1"	45	51	-1	61	6	62	NA	NA	"CGCACAGAGCAGGAGGACTCGGCCGTGTATCTCTGTGCCAGCAGCCCGACGCTAGCGGGAGCCTACAATGAGCAGTTCTTCGGGCCA"	FALSE	TRUE	NA	NA	NA	NA
"CCAAAAGAACCCGACAGCTTTCTATCTCTGTGCCAGTAGTATTCCCTAACCTGGGGAGGTCCCCAAGAGACCCAGTACTTCGGGCCA"	""	"CCAAAAGAACCCGACAGCTTTCTATCTCTGTGCCAGTAGTATTCCCTAACCTGGGGAGGTCCCCAAGAGACCCAGTACTTCGGGCCA"	""	"TCRBV19-1*1"	"TCRBD2-1*2"	"TCRBJ2-5*1"	42	53	59	62	11	3	NA	NA	"CCAAAAGAACCCGACAGCTTTCTATCTCTGTGCCAGTAGTATTCCCTAACCTGGGGAGGTCCCCAAGAGACCCAGTACTTCGGGCCA"	FALSE	FALSE	NA	NA	NA	NA
"GTGAGCACCTTGGAGCTGGGGGACTCGGCCCTTTATCTTTGCGCCAGCAGCTTCGGGGTTACGAACACTGAAGCTTTCTTTGGACAA"	"CASSFGVTNTEAFF"	"GTGAGCACCTTGGAGCTGGGGGACTCGGCCCTTTATCTTTGCGCCAGCAGCTTCGGGGTTACGAACACTGAAGCTTTCTTTGGACAA"	"CASSFGVTNTEAFF"	"TCRBV5-1*1"	"TCRBD2-1*1"	"TCRBJ1-1*1"	-1	53	58	62	54	4	NA	NA	"GTGAGCACCTTGGAGCTGGGGGACTCGGCCCTTTATCTTTGCGCCAGCAGCTTCGGGGTTACGAACACTGAAGCTTTCTTTGGACAA"	FALSE	TRUE	NA	NA	NA	NA
"AAGATCCAGCGCACAGAGCGGGGGGACTCAGCCGTGTATCTCTGTGCCAGCAGCTTGGGGGGGAACACTGAAGCTTTCTTTGGACAA"	"CASSLGGNTEAFF"	"AAGATCCAGCGCACAGAGCGGGGGGACTCAGCCGTGTATCTCTGTGCCAGCAGCTTGGGGGGGAACACTGAAGCTTTCTTTGGACAA"	"CASSLGGNTEAFF"	"TCRBV7-3*1"	"TCRBD2-1*1"	"TCRBJ1-1*1"	-1	56	-1	62	57	63	NA	NA	"AAGATCCAGCGCACAGAGCGGGGGGACTCAGCCGTGTATCTCTGTGCCAGCAGCTTGGGGGGGAACACTGAAGCTTTCTTTGGACAA"	FALSE	TRUE	NA	NA	NA	NA
"CCCAGGGACTCAGCTGTGTACTTCTGTGCCAGCAGTTTAGGCAGGGGCAGAGGGATTTTACGGGACACTGAAGCTTTCTTTGGACAA"	"CASSLGRGRGILRDTEAFF"	"CCCAGGGACTCAGCTGTGTACTTCTGTGCCAGCAGTTTAGGCAGGGGCAGAGGGATTTTACGGGACACTGAAGCTTTCTTTGGACAA"	"CASSLGRGRGILRDTEAFF"	NA	"TCRBD1-1*1"	"TCRBJ1-1*1"	40	41	47	64	1	17	NA	NA	"CCCAGGGACTCAGCTGTGTACTTCTGTGCCAGCAGTTTAGGCAGGGGCAGAGGGATTTTACGGGACACTGAAGCTTTCTTTGGACAA"	FALSE	TRUE	NA	NA	NA	NA
"CGCACAGAGCAGCGGGACTCGGCCATGTATCGCTGTGCCAGCAGCTTTCTAGACTCGAACCCTTCAGATACGCAGTATTTTGGCCCA"	"CASSFLDSNPSDTQYF"	"CGCACAGAGCAGCGGGACTCGGCCATGTATCGCTGTGCCAGCAGCTTTCTAGACTCGAACCCTTCAGATACGCAGTATTTTGGCCCA"	"CASSFLDSNPSDTQYF"	"TCRBV7-6*1"	"TCRBD2-1"	"TCRBJ2-3*1"	47	51	55	64	4	9	NA	NA	"CGCACAGAGCAGCGGGACTCGGCCATGTATCGCTGTGCCAGCAGCTTTCTAGACTCGAACCCTTCAGATACGCAGTATTTTGGCCCA"	FALSE	TRUE	NA	NA	NA	NA
"GTGACCAGTGCCCATCCTGAAGACAGCAGCTTCTACATCTGCAGTGCAATACAGGGGAGGAAGCATCAGCCCCAGTATTTTGGTGAT"	"CSAIQGRKHQPQYF"	"GTGACCAGTGCCCATCCTGAAGACAGCAGCTTCTACATCTGCAGTGCAATACAGGGGAGGAAGCATCAGCCCCAGTATTTTGGTGAT"	"CSAIQGRKHQPQYF"	NA	"TCRBD1-1*1"	"TCRBJ1-5*1"	47	50	57	76	3	19	NA	NA	"GTGACCAGTGCCCATCCTGAAGACAGCAGCTTCTACATCTGCAGTGCAATACAGGGGAGGAAGCATCAGCCCCAGTATTTTGGTGAT"	FALSE	TRUE	NA	NA	NA	NA
"ATGAATGTGAGCACCTTGGAGCTGGGGGACTCGGCCCTTTATCTTTGCGCCAGCAGCTTGCCGGAGGACGAGCAGTTCTTCGGGCCA"	"CASSLPEDEQFF"	"ATGAATGTGAGCACCTTGGAGCTGGGGGACTCGGCCCTTTATCTTTGCGCCAGCAGCTTGCCGGAGGACGAGCAGTTCTTCGGGCCA"	"CASSLPEDEQFF"	"TCRBV5-1*1"	"TCRBD2-1*2"	"TCRBJ2-1*1"	60	62	67	69	2	2	NA	NA	"ATGAATGTGAGCACCTTGGAGCTGGGGGACTCGGCCCTTTATCTTTGCGCCAGCAGCTTGCCGGAGGACGAGCAGTTCTTCGGGCCA"	FALSE	TRUE	NA	NA	NA	NA
"ATCCAGCGCACAGAGCAGGGGGACTCGGCCATGTATCTCTGTGCCAGCAGCTTGGGTATGGGGGCGAGTGAGCAGTACTTCGGGCCG"	"CASSLGMGASEQYF"	"ATCCAGCGCACAGAGCAGGGGGACTCGGCCATGTATCTCTGTGCCAGCAGCTTGGGTATGGGGGCGAGTGAGCAGTACTTCGGGCCG"	"CASSLGMGASEQYF"	"TCRBV7-9*1"	"TCRBD1-1*1"	"TCRBJ2-7*1"	53	59	65	69	6	4	NA	NA	"ATCCAGCGCACAGAGCAGGGGGACTCGGCCATGTATCTCTGTGCCAGCAGCTTGGGTATGGGGGCGAGTGAGCAGTACTTCGGGCCG"	FALSE	TRUE	NA	NA	NA	NA
"GGACTCGGCCGTGTATCTCTGTGCCAGCAGCCGCACACCGGGACTAGCGGGAGGTTCAGCTCCTACAATGAGCAGTTCTTCGGGCCA"	""	"GGACTCGGCCGTGTATCTCTGTGCCAGCAGCCGCACACCGGGACTAGCGGGAGGTTCAGCTCCTACAATGAGCAGTTCTTCGGGCCA"	""	NA	"TCRBD2-1*2"	"TCRBJ2-1*1"	31	39	54	59	8	5	NA	NA	"GGACTCGGCCGTGTATCTCTGTGCCAGCAGCCGCACACCGGGACTAGCGGGAGGTTCAGCTCCTACAATGAGCAGTTCTTCGGGCCA"	FALSE	FALSE	NA	NA	NA	NA
"TGTCGGCTGCTCCCTCCCAGACATCTGTGTACTTCTGTGCCGGGGGACAGTTGGGCGGCTGGGGCCAACGTCCTGACTTTCGGGGCC"	""	"TGTCGGCTGCTCCCTCCCAGACATCTGTGTACTTCTGTGCCGGGGGACAGTTGGGCGGCTGGGGCCAACGTCCTGACTTTCGGGGCC"	""	"TCRBV6-5*1"	"TCRBD1-1*1"	"TCRBJ2-6*1"	41	43	50	58	2	8	NA	NA	"TGTCGGCTGCTCCCTCCCAGACATCTGTGTACTTCTGTGCCGGGGGACAGTTGGGCGGCTGGGGCCAACGTCCTGACTTTCGGGGCC"	FALSE	FALSE	NA	NA	NA	NA
"CAGCGCACAGAGCAGGGGGACTCGGCCATGTATCTCTGTGCCAGCAGCTCCGTTCTGAATTCCTACAATGAGCAGTTCTTCGGGCCA"	"CASSSVLNSYNEQFF"	"CAGCGCACAGAGCAGGGGGACTCGGCCATGTATCTCTGTGCCAGCAGCTCCGTTCTGAATTCCTACAATGAGCAGTTCTTCGGGCCA"	"CASSSVLNSYNEQFF"	"TCRBV7-9*1"	NA	"TCRBJ2-1*1"	49	56	58	60	7	2	NA	NA	"CAGCGCACAGAGCAGGGGGACTCGGCCATGTATCTCTGTGCCAGCAGCTCCGTTCTGAATTCCTACAATGAGCAGTTCTTCGGGCCA"	FALSE	TRUE	NA	NA	NA	NA
"CTAGAGTCTGCCATCCCCAACCAGACAGCTCTTTACTTCTGTGCCACCTGTGGCGGGAGGGTCACAGATACGCAGTATTTTGGCCCA"	"CATCGGRVTDTQYF"	"CTAGAGTCTGCCATCCCCAACCAGACAGCTCTTTACTTCTGTGCCACCTGTGGCGGGAGGGTCACAGATACGCAGTATTTTGGCCCA"	"CATCGGRVTDTQYF"	"TCRBV24-1*1"	"TCRBD2-1*2"	"TCRBJ2-3*1"	-1	52	61	62	53	1	NA	NA	"CTAGAGTCTGCCATCCCCAACCAGACAGCTCTTTACTTCTGTGCCACCTGTGGCGGGAGGGTCACAGATACGCAGTATTTTGGCCCA"	FALSE	TRUE	NA	NA	NA	NA
"CCTGCAAAGCTTGAGGACTCGGCCGTGTATCTCTGTGCCAGCAGCTTAAGGGGTAGCGGGAGTTCAAATGAGCAGTTCTTCGGGCCA"	"CASSLRGSGSSNEQFF"	"CCTGCAAAGCTTGAGGACTCGGCCGTGTATCTCTGTGCCAGCAGCTTAAGGGGTAGCGGGAGTTCAAATGAGCAGTTCTTCGGGCCA"	"CASSLRGSGSSNEQFF"	"TCRBV11-2"	"TCRBD2-1*2"	"TCRBJ2-1*1"	48	53	62	66	5	4	NA	NA	"CCTGCAAAGCTTGAGGACTCGGCCGTGTATCTCTGTGCCAGCAGCTTAAGGGGTAGCGGGAGTTCAAATGAGCAGTTCTTCGGGCCA"	FALSE	TRUE	NA	NA	NA	NA
"CTAGAGTCTGCCATCCCCAACCAGACAGCTCTTTACTTCTGTGCCACCAGTGAGACGGCGAACACCGGGGAGCTGTTTTTTGGAGAA"	"CATSETANTGELFF"	"CTAGAGTCTGCCATCCCCAACCAGACAGCTCTTTACTTCTGTGCCACCAGTGAGACGGCGAACACCGGGGAGCTGTTTTTTGGAGAA"	"CATSETANTGELFF"	"TCRBV24-1*1"	NA	"TCRBJ2-2*1"	-1	53	56	58	54	2	NA	NA	"CTAGAGTCTGCCATCCCCAACCAGACAGCTCTTTACTTCTGTGCCACCAGTGAGACGGCGAACACCGGGGAGCTGTTTTTTGGAGAA"	FALSE	TRUE	NA	NA	NA	NA
"CTGGAGTCGCCCAGCCCCAACCAGACCTCTCTGTACTTCTGTGCCAGCAGTCGCGGGGGGGTTACCTACGGCTACACCTTCGGTTCG"	"CASSRGGVTYGYTF"	"CTGGAGTCGCCCAGCCCCAACCAGACCTCTCTGTACTTCTGTGCCAGCAGTCGCGGGGGGGTTACCTACGGCTACACCTTCGGTTCG"	"CASSRGGVTYGYTF"	"TCRBV27-1*1"	"TCRBD2-1*1"	"TCRBJ1-2*1"	51	52	61	69	1	8	NA	NA	"CTGGAGTCGCCCAGCCCCAACCAGACCTCTCTGTACTTCTGTGCCAGCAGTCGCGGGGGGGTTACCTACGGCTACACCTTCGGTTCG"	FALSE	TRUE	NA	NA	NA	NA
"TCAGAACCCAGGGACTCAGCTGTGTACTTCTGTGCCAGCCCCTTCCCCATGGAGGGATCTCCCGGGTGGACGCAGTATTTTGGCCCA"	"CASPFPMEGSPGWTQYF"	"TCAGAACCCAGGGACTCAGCTGTGTACTTCTGTGCCAGCCCCTTCCCCATGGAGGGATCTCCCGGGTGGACGCAGTATTTTGGCCCA"	"CASPFPMEGSPGWTQYF"	NA	"TCRBD2-1*2"	"TCRBJ2-3*1"	39	50	56	69	11	13	NA	NA	"TCAGAACCCAGGGACTCAGCTGTGTACTTCTGTGCCAGCCCCTTCCCCATGGAGGGATCTCCCGGGTGGACGCAGTATTTTGGCCCA"	FALSE	TRUE	NA	NA	NA	NA
"ACATCGGCCCAAAAGAACCCGACAGCTTTCTATCTCTGTGCCACCTCGGACAGCGGGAGGGCCACAGATACGCAGTATTTTGGCCCA"	"CATSDSGRATDTQYF"	"ACATCGGCCCAAAAGAACCCGACAGCTTTCTATCTCTGTGCCACCTCGGACAGCGGGAGGGCCACAGATACGCAGTATTTTGGCCCA"	"CATSDSGRATDTQYF"	"TCRBV19-1*1"	"TCRBD2-1*2"	"TCRBJ2-3*1"	43	51	61	62	8	1	NA	NA	"ACATCGGCCCAAAAGAACCCGACAGCTTTCTATCTCTGTGCCACCTCGGACAGCGGGAGGGCCACAGATACGCAGTATTTTGGCCCA"	FALSE	TRUE	NA	NA	NA	NA
"TTGCTGGGGGACTCGGCCCTCTATCTCTGTGCCAGCAGCCGTCGGACAGGGGTCTCATATAGCAATCAGCCCCAGCATTTTGGTGAT"	"CASSRRTGVSYSNQPQHF"	"TTGCTGGGGGACTCGGCCCTCTATCTCTGTGCCAGCAGCCGTCGGACAGGGGTCTCATATAGCAATCAGCCCCAGCATTTTGGTGAT"	"CASSRRTGVSYSNQPQHF"	"TCRBV5-6*1"	"TCRBD1-1*1"	"TCRBJ1-5*1"	39	43	52	59	4	7	NA	NA	"TTGCTGGGGGACTCGGCCCTCTATCTCTGTGCCAGCAGCCGTCGGACAGGGGTCTCATATAGCAATCAGCCCCAGCATTTTGGTGAT"	FALSE	TRUE	NA	NA	NA	NA
"ATCCTGAAGACAGCAGCTTCTACATCTGCAGTGCTAGAGGGGAGACTAGCGGGAGAGACTCTGCACAATGAGCAGTTCTTCGGGCCA"	""	"ATCCTGAAGACAGCAGCTTCTACATCTGCAGTGCTAGAGGGGAGACTAGCGGGAGAGACTCTGCACAATGAGCAGTTCTTCGGGCCA"	""	NA	"TCRBD2-1*2"	"TCRBJ2-1*1"	39	43	55	64	4	9	NA	NA	"ATCCTGAAGACAGCAGCTTCTACATCTGCAGTGCTAGAGGGGAGACTAGCGGGAGAGACTCTGCACAATGAGCAGTTCTTCGGGCCA"	FALSE	FALSE	NA	NA	NA	NA
"GCCTTGGAGCTGGAGGACTCGGCCCTGTATCTCTGTGCCAGCAGCTTGGGTCTTGCAGAATTTAATGAAAAACTGTTTTTTGGCAGT"	"CASSLGLAEFNEKLFF"	"GCCTTGGAGCTGGAGGACTCGGCCCTGTATCTCTGTGCCAGCAGCTTGGGTCTTGCAGAATTTAATGAAAAACTGTTTTTTGGCAGT"	"CASSLGLAEFNEKLFF"	"TCRBV5-8*1"	"TCRBD1-1*1"	"TCRBJ1-4*1"	49	55	58	62	6	4	NA	NA	"GCCTTGGAGCTGGAGGACTCGGCCCTGTATCTCTGTGCCAGCAGCTTGGGTCTTGCAGAATTTAATGAAAAACTGTTTTTTGGCAGT"	FALSE	TRUE	NA	NA	NA	NA
"TCCCAGACATCTGTGTACTTCTGTGCCAGCAGCCCATTACCTTTCGGACTAGCGGGAGGGCCACAAGAGACCCAGTACTTCGGGCCA"	"CASSPLPFGLAGGPQETQYF"	"TCCCAGACATCTGTGTACTTCTGTGCCAGCAGCCCATTACCTTTCGGACTAGCGGGAGGGCCACAAGAGACCCAGTACTTCGGGCCA"	"CASSPLPFGLAGGPQETQYF"	"TCRBV6-6*5"	"TCRBD2-1*2"	"TCRBJ2-5*1"	33	45	60	63	12	3	NA	NA	"TCCCAGACATCTGTGTACTTCTGTGCCAGCAGCCCATTACCTTTCGGACTAGCGGGAGGGCCACAAGAGACCCAGTACTTCGGGCCA"	FALSE	TRUE	NA	NA	NA	NA
"CCTGCAGAACTGGAGGATTCTGGAGTTTATTTCTGTGCCAGCAGCCAAGTGTCCCGATACCTCTACAATGAGCAGTTCTTCGGGCCA"	"CASSQVSRYLYNEQFF"	"CCTGCAGAACTGGAGGATTCTGGAGTTTATTTCTGTGCCAGCAGCCAAGTGTCCCGATACCTCTACAATGAGCAGTTCTTCGGGCCA"	"CASSQVSRYLYNEQFF"	"TCRBV14-1*1"	NA	"TCRBJ2-1*1"	49	55	57	62	6	5	NA	NA	"CCTGCAGAACTGGAGGATTCTGGAGTTTATTTCTGTGCCAGCAGCCAAGTGTCCCGATACCTCTACAATGAGCAGTTCTTCGGGCCA"	FALSE	TRUE	NA	NA	NA	NA
"CATCCGCTCACCAGGCCTGGGGGACGCAGCCATGTACCTGTGTGCCACCAGCACCAACAGGGGGCCGAGACCCAGTACTTCGGGCCA"	""	"CATCCGCTCACCAGGCCTGGGGGACGCAGCCATGTACCTGTGTGCCACCAGCACCAACAGGGGGCCGAGACCCAGTACTTCGGGCCA"	""	"TCRBV15-1*2"	"TCRBD1-1*1"	"TCRBJ2-5*1"	53	56	65	66	3	1	NA	NA	"CATCCGCTCACCAGGCCTGGGGGACGCAGCCATGTACCTGTGTGCCACCAGCACCAACAGGGGGCCGAGACCCAGTACTTCGGGCCA"	FALSE	FALSE	NA	NA	NA	NA
"CACACCCTGCAGCCAGAAGACTCGGCCCTGTATCTCTGTGCCAGCAGCCAGAAACGGGAGGGCGCAGATACGCAGTATTTTGGCCCA"	"CASSQKREGADTQYF"	"CACACCCTGCAGCCAGAAGACTCGGCCCTGTATCTCTGTGCCAGCAGCCAGAAACGGGAGGGCGCAGATACGCAGTATTTTGGCCCA"	"CASSQKREGADTQYF"	"TCRBV4-2*1"	"TCRBD2-1*2"	"TCRBJ2-3*1"	50	54	62	64	4	2	NA	NA	"CACACCCTGCAGCCAGAAGACTCGGCCCTGTATCTCTGTGCCAGCAGCCAGAAACGGGAGGGCGCAGATACGCAGTATTTTGGCCCA"	FALSE	TRUE	NA	NA	NA	NA
"ACATCGGCCCAAAAGAACCCGACAGCTTTCTATCTCTGTGCCAGTATCCCCCAGGGGAAGGGGAACACTGAAGCTTTCTTTGGACAA"	"CASIPQGKGNTEAFF"	"ACATCGGCCCAAAAGAACCCGACAGCTTTCTATCTCTGTGCCAGTATCCCCCAGGGGAAGGGGAACACTGAAGCTTTCTTTGGACAA"	"CASIPQGKGNTEAFF"	"TCRBV19-1*1"	"TCRBD1-1*1"	"TCRBJ1-1*1"	46	51	57	62	5	5	NA	NA	"ACATCGGCCCAAAAGAACCCGACAGCTTTCTATCTCTGTGCCAGTATCCCCCAGGGGAAGGGGAACACTGAAGCTTTCTTTGGACAA"	FALSE	TRUE	NA	NA	NA	NA
"ACAAAGCTGGAGGACTCAGCCATGTACTTCTGTGCCAGCAGTGCTCGGGGGGTGGGGACACCTCAAGAGACCCAGTACTTCGGGCCA"	"CASSARGVGTPQETQYF"	"ACAAAGCTGGAGGACTCAGCCATGTACTTCTGTGCCAGCAGTGCTCGGGGGGTGGGGACACCTCAAGAGACCCAGTACTTCGGGCCA"	"CASSARGVGTPQETQYF"	"TCRBV2-1"	"TCRBD2-1*1"	"TCRBJ2-5*1"	43	45	52	63	2	11	NA	NA	"ACAAAGCTGGAGGACTCAGCCATGTACTTCTGTGCCAGCAGTGCTCGGGGGGTGGGGACACCTCAAGAGACCCAGTACTTCGGGCCA"	FALSE	TRUE	NA	NA	NA	NA
"ATCCAGTCCACGGAGTCAGGGGACACAGCACTGTATTTCTGTGCCAGCAGTCCGCCCCCCCTTGCCGGGGAGCTGTTTTTTGGAGAA"	"CASSPPPLAGELFF"	"ATCCAGTCCACGGAGTCAGGGGACACAGCACTGTATTTCTGTGCCAGCAGTCCGCCCCCCCTTGCCGGGGAGCTGTTTTTTGGAGAA"	"CASSPPPLAGELFF"	"TCRBV21-1*1"	NA	"TCRBJ2-2*1"	50	53	55	64	3	9	NA	NA	"ATCCAGTCCACGGAGTCAGGGGACACAGCACTGTATTTCTGTGCCAGCAGTCCGCCCCCCCTTGCCGGGGAGCTGTTTTTTGGAGAA"	FALSE	TRUE	NA	NA	NA	NA
"TCCCTGTCCCTAGAGTCTGCCATCCCCAACCAGACAGCTCTTTACTTCTGTGCCGTGGGGTCTGAGGTAGCTATCACCTTCGGTTCG"	"CAVGSEVAITF"	"TCCCTGTCCCTAGAGTCTGCCATCCCCAACCAGACAGCTCTTTACTTCTGTGCCGTGGGGTCTGAGGTAGCTATCACCTTCGGTTCG"	"CAVGSEVAITF"	"TCRBV24-1*1"	NA	"TCRBJ1-2*1"	54	56	60	74	2	14	NA	NA	"TCCCTGTCCCTAGAGTCTGCCATCCCCAACCAGACAGCTCTTTACTTCTGTGCCGTGGGGTCTGAGGTAGCTATCACCTTCGGTTCG"	FALSE	TRUE	NA	NA	NA	NA
"NNNNNNGATTTCCTCCTCACTCTGGAGTCCGCTACCAGCTCCCAGACATCTGTGTACTTCTGTGCCATCAGTGAGTACTTCGGCGCC"	"CAISEYF"	"NNNNNNGATTTCCTCCTCACTCTGGAGTCCGCTACCAGCTCCCAGACATCTGTGTACTTCTGTGCCATCAGTGAGTACTTCGGCGCC"	"CAISEYF"	"TCRBV1-3*1"	NA	"TCRBJ2-4*1"	-1	-1	-1	73	0	74	NA	NA	"NNNNNNGATTTCCTCCTCACTCTGGAGTCCGCTACCAGCTCCCAGACATCTGTGTACTTCTGTGCCATCAGTGAGTACTTCGGCGCC"	FALSE	TRUE	NA	NA	NA	NA
"TCAGAACCCAGGGACTCAGCTGTGTACTTCTGTGCCAGCAGTCCCCGCCGGACAGGACCAAAAGACTACGAGCAGTACTTCGGGCCG"	"CASSPRRTGPKDYEQYF"	"TCAGAACCCAGGGACTCAGCTGTGTACTTCTGTGCCAGCAGTCCCCGCCGGACAGGACCAAAAGACTACGAGCAGTACTTCGGGCCG"	"CASSPRRTGPKDYEQYF"	NA	"TCRBD1-1*1"	"TCRBJ2-7*1"	42	49	56	65	7	9	NA	NA	"TCAGAACCCAGGGACTCAGCTGTGTACTTCTGTGCCAGCAGTCCCCGCCGGACAGGACCAAAAGACTACGAGCAGTACTTCGGGCCG"	FALSE	TRUE	NA	NA	NA	NA
"TTGGCTGCTCCCTCCCAGACATCTGTGTACTTCTGTGCCAGCAGTTTTGGACAGCCAGCGGCTAATGAAAAACTGTTTTTTGGCAGT"	"CASSFGQPAANEKLFF"	"TTGGCTGCTCCCTCCCAGACATCTGTGTACTTCTGTGCCAGCAGTTTTGGACAGCCAGCGGCTAATGAAAAACTGTTTTTTGGCAGT"	"CASSFGQPAANEKLFF"	"TCRBV6-6*1"	"TCRBD1-1*1"	"TCRBJ1-4*1"	46	48	54	61	2	7	NA	NA	"TTGGCTGCTCCCTCCCAGACATCTGTGTACTTCTGTGCCAGCAGTTTTGGACAGCCAGCGGCTAATGAAAAACTGTTTTTTGGCAGT"	FALSE	TRUE	NA	NA	NA	NA
"GAGTCCGCTACCAGCTCCCAGACATCTGTGTACTTCTGTGCCATCAGTGAGATAGTAGGGCTTCAAGAGACCCAGTACTTCGGGCCA"	"CAISEIVGLQETQYF"	"GAGTCCGCTACCAGCTCCCAGACATCTGTGTACTTCTGTGCCATCAGTGAGATAGTAGGGCTTCAAGAGACCCAGTACTTCGGGCCA"	"CAISEIVGLQETQYF"	"TCRBV1-3*1"	NA	"TCRBJ2-5*1"	51	56	60	63	5	3	NA	NA	"GAGTCCGCTACCAGCTCCCAGACATCTGTGTACTTCTGTGCCATCAGTGAGATAGTAGGGCTTCAAGAGACCCAGTACTTCGGGCCA"	FALSE	TRUE	NA	NA	NA	NA
"ACCAGTGCCCATCCTGAAGACAGCAGCTTCTACATCTGCAGTGCTAGAGACGACACGGGCCGAAGCCAGCCCCAGCATTTTGGTGAT"	"CSARDDTGRSQPQHF"	"ACCAGTGCCCATCCTGAAGACAGCAGCTTCTACATCTGCAGTGCTAGAGACGACACGGGCCGAAGCCAGCCCCAGCATTTTGGTGAT"	"CSARDDTGRSQPQHF"	NA	NA	"TCRBJ1-5*1"	50	51	55	66	1	11	NA	NA	"ACCAGTGCCCATCCTGAAGACAGCAGCTTCTACATCTGCAGTGCTAGAGACGACACGGGCCGAAGCCAGCCCCAGCATTTTGGTGAT"	FALSE	TRUE	NA	NA	NA	NA
"ACTGTGAGCAACATGAGCCCTGAAGACAGCAGCATATATCTCTGCAGCGCTACAGGGAGCTCTGGAAACACCATATATTTTGGAGAG"	"CSATGSSGNTIYF"	"ACTGTGAGCAACATGAGCCCTGAAGACAGCAGCATATATCTCTGCAGCGCTACAGGGAGCTCTGGAAACACCATATATTTTGGAGAG"	"CSATGSSGNTIYF"	"TCRBV29-1*3"	"TCRBD1-1*1"	"TCRBJ1-3*1"	50	51	57	59	1	2	NA	NA	"ACTGTGAGCAACATGAGCCCTGAAGACAGCAGCATATATCTCTGCAGCGCTACAGGGAGCTCTGGAAACACCATATATTTTGGAGAG"	FALSE	TRUE	NA	NA	NA	NA
"TGTCCTCAGAACCGGGAGACACGGCACTGTATCTCTGCGCCAGCTACGTAGGGCGGAGGTTGGAACACTGAAGCTTTCTTTGGACAA"	""	"TGTCCTCAGAACCGGGAGACACGGCACTGTATCTCTGCGCCAGCTACGTAGGGCGGAGGTTGGAACACTGAAGCTTTCTTTGGACAA"	""	"TCRBV23-1*1"	"TCRBD2-1*2"	"TCRBJ1-1*1"	44	54	59	62	10	3	NA	NA	"TGTCCTCAGAACCGGGAGACACGGCACTGTATCTCTGCGCCAGCTACGTAGGGCGGAGGTTGGAACACTGAAGCTTTCTTTGGACAA"	FALSE	FALSE	NA	NA	NA	NA
"CACGGAGTCAGGGGACACAGCACTGTATTTCTGGGCCAGCAAAGGGTCTAGCGGGACCCGAGGTACAATGAGCAGTTCTTCGGGCCA"	""	"CACGGAGTCAGGGGACACAGCACTGTATTTCTGGGCCAGCAAAGGGTCTAGCGGGACCCGAGGTACAATGAGCAGTTCTTCGGGCCA"	""	"TCRBV21-1*1"	"TCRBD2-1*2"	"TCRBJ2-1*1"	41	47	56	63	6	7	NA	NA	"CACGGAGTCAGGGGACACAGCACTGTATTTCTGGGCCAGCAAAGGGTCTAGCGGGACCCGAGGTACAATGAGCAGTTCTTCGGGCCA"	FALSE	FALSE	NA	NA	NA	NA
"NNTGAAGATCCAGCCCTCAGAACCCAGGGACTCAGCTGTGTATTTTTGTGCTAGTGGTCCCGGGACAGGGTGGGTGCATTTGGCAGT"	""	"NNTGAAGATCCAGCCCTCAGAACCCAGGGACTCAGCTGTGTATTTTTGTGCTAGTGGTCCCGGGACAGGGTGGGTGCATTTGGCAGT"	""	"TCRBV12-5*1"	"TCRBD1-1*1"	"TCRBJ1-4*1"	58	61	70	78	3	8	NA	NA	"NNTGAAGATCCAGCCCTCAGAACCCAGGGACTCAGCTGTGTATTTTTGTGCTAGTGGTCCCGGGACAGGGTGGGTGCATTTGGCAGT"	FALSE	FALSE	NA	NA	NA	NA
"TTGGAGATCCAGCGCACAGAGCAGGGGGACTCGGCCATGTATCTCTGTGCCAGCAGCCAAGCCGGGACAGACGAGCCGCCCGGGCCA"	"CASSQAGTDEPP"	"TTGGAGATCCAGCGCACAGAGCAGGGGGACTCGGCCATGTATCTCTGTGCCAGCAGCCAAGCCGGGACAGACGAGCCGCCCGGGCCA"	"CASSQAGTDEPP"	"TCRBV7-9*1"	"TCRBD1-1*1"	NA	57	63	70	80	6	10	NA	NA	"TTGGAGATCCAGCGCACAGAGCAGGGGGACTCGGCCATGTATCTCTGTGCCAGCAGCCAAGCCGGGACAGACGAGCCGCCCGGGCCA"	FALSE	TRUE	NA	NA	NA	NA
"ATCCGGTCCACAAAGCTGGAGGACTCAGCCATGTACTTCTGTGCCAGCAGGCAGACACATAACACCGGGGAGCTGTTTTTTGGAGAA"	"CASRQTHNTGELFF"	"ATCCGGTCCACAAAGCTGGAGGACTCAGCCATGTACTTCTGTGCCAGCAGGCAGACACATAACACCGGGGAGCTGTTTTTTGGAGAA"	"CASRQTHNTGELFF"	"TCRBV2-1"	"TCRBD1-1*1"	"TCRBJ2-2*1"	50	53	57	60	3	3	NA	NA	"ATCCGGTCCACAAAGCTGGAGGACTCAGCCATGTACTTCTGTGCCAGCAGGCAGACACATAACACCGGGGAGCTGTTTTTTGGAGAA"	FALSE	TRUE	NA	NA	NA	NA
"GACATCCGCTCACCAGGCCTGGGGGACGCAGCCATGTACCTGTGTGCCACCAGCGCCGGGACAGGGTGGGAAGCTTTCTTTGGACAA"	"CATSAGTGWEAFF"	"GACATCCGCTCACCAGGCCTGGGGGACGCAGCCATGTACCTGTGTGCCACCAGCGCCGGGACAGGGTGGGAAGCTTTCTTTGGACAA"	"CATSAGTGWEAFF"	"TCRBV15-1*2"	"TCRBD1-1*1"	"TCRBJ1-1*1"	54	57	66	69	3	3	NA	NA	"GACATCCGCTCACCAGGCCTGGGGGACGCAGCCATGTACCTGTGTGCCACCAGCGCCGGGACAGGGTGGGAAGCTTTCTTTGGACAA"	FALSE	TRUE	NA	NA	NA	NA
"TGGAGCTTGGTGACTCTGCTGTGTATTTCTGTGCCAGCAGCCCTCGGGACAGGGGGTTTGGAAGAAAACATTCAGTACTTCGGCGCC"	""	"TGGAGCTTGGTGACTCTGCTGTGTATTTCTGTGCCAGCAGCCCTCGGGACAGGGGGTTTGGAAGAAAACATTCAGTACTTCGGCGCC"	""	"TCRBV3-1/3-2*1"	"TCRBD1-1*1"	"TCRBJ2-4*1"	42	45	56	64	3	8	NA	NA	"TGGAGCTTGGTGACTCTGCTGTGTATTTCTGTGCCAGCAGCCCTCGGGACAGGGGGTTTGGAAGAAAACATTCAGTACTTCGGCGCC"	FALSE	FALSE	NA	NA	NA	NA
"CTGGAGTCCGCCAGCACCAACCAGACATCTATGTACCTCTGTGCCAGCACCCCGTCGAGTTCCTACAATGAGCAGTTCTTCGGGCCA"	"CASTPSSSYNEQFF"	"CTGGAGTCCGCCAGCACCAACCAGACATCTATGTACCTCTGTGCCAGCACCCCGTCGAGTTCCTACAATGAGCAGTTCTTCGGGCCA"	"CASTPSSSYNEQFF"	"TCRBV28-1*1"	"TCRBD2-1*2"	"TCRBJ2-1*1"	49	56	59	60	7	1	NA	NA	"CTGGAGTCCGCCAGCACCAACCAGACATCTATGTACCTCTGTGCCAGCACCCCGTCGAGTTCCTACAATGAGCAGTTCTTCGGGCCA"	FALSE	TRUE	NA	NA	NA	NA
"GCCTGCAGAGCTTGGGGACTCGGCCGTGTATCTCTGTGCCAGCAGCTTAGGGCGGACAGGGGGGGGACTGAAGCTTTCTTTGGACAA"	""	"GCCTGCAGAGCTTGGGGACTCGGCCGTGTATCTCTGTGCCAGCAGCTTAGGGCGGACAGGGGGGGGACTGAAGCTTTCTTTGGACAA"	""	"TCRBV11-3*1"	"TCRBD1-1*1"	"TCRBJ1-1*1"	50	53	63	66	3	3	NA	NA	"GCCTGCAGAGCTTGGGGACTCGGCCGTGTATCTCTGTGCCAGCAGCTTAGGGCGGACAGGGGGGGGACTGAAGCTTTCTTTGGACAA"	FALSE	FALSE	NA	NA	NA	NA
"NNNNNNNNNNTGTCGGCTGCTCCCTCCCAGACATCTGTGTACTTCTGTGCCAGCACCCTAGGCCAGACGAAGCAGTTCTTCGGGCCA"	"CASTLGQTKQFF"	"NNNNNNNNNNTGTCGGCTGCTCCCTCCCAGACATCTGTGTACTTCTGTGCCAGCACCCTAGGCCAGACGAAGCAGTTCTTCGGGCCA"	"CASTLGQTKQFF"	"TCRBV6-5*1"	"TCRBD2-1"	"TCRBJ2-1*1"	55	57	61	70	2	9	NA	NA	"NNNNNNNNNNTGTCGGCTGCTCCCTCCCAGACATCTGTGTACTTCTGTGCCAGCACCCTAGGCCAGACGAAGCAGTTCTTCGGGCCA"	FALSE	TRUE	NA	NA	NA	NA
"TCGGCCCAAAAGAACCCGACAGCTTTCTATCTCTGTGCCAGTAGTATACCGGACAGGGTGTATGTCTATGGCTACACCTTCGGTTCG"	"CASSIPDRVYVYGYTF"	"TCGGCCCAAAAGAACCCGACAGCTTTCTATCTCTGTGCCAGTAGTATACCGGACAGGGTGTATGTCTATGGCTACACCTTCGGTTCG"	"CASSIPDRVYVYGYTF"	"TCRBV19-1*1"	"TCRBD1-1*1"	"TCRBJ1-2*1"	48	50	58	65	2	7	NA	NA	"TCGGCCCAAAAGAACCCGACAGCTTTCTATCTCTGTGCCAGTAGTATACCGGACAGGGTGTATGTCTATGGCTACACCTTCGGTTCG"	FALSE	TRUE	NA	NA	NA	NA
"AGCTCTCTGGAGCTGGGGGACTCAGCTTTGTATTTCTGTGCCAGCAGCGTTAGCTGGGGGGGAAACTACGAGCAGTACTTCGGGCCG"	"CASSVSWGGNYEQYF"	"AGCTCTCTGGAGCTGGGGGACTCAGCTTTGTATTTCTGTGCCAGCAGCGTTAGCTGGGGGGGAAACTACGAGCAGTACTTCGGGCCG"	"CASSVSWGGNYEQYF"	"TCRBV9-1*1"	"TCRBD2-1*1"	"TCRBJ2-7*1"	50	55	62	65	5	3	NA	NA	"AGCTCTCTGGAGCTGGGGGACTCAGCTTTGTATTTCTGTGCCAGCAGCGTTAGCTGGGGGGGAAACTACGAGCAGTACTTCGGGCCG"	FALSE	TRUE	NA	NA	NA	NA
"GAAGACAGCAGCTTCTACATCTGCAGTGCTAGAGACCCTTTTTCCCTGACTAGCGGGGCGGGCGGGGCGAAGCAGTACTTCGGGCCG"	"CSARDPFSLTSGAGGAKQYF"	"GAAGACAGCAGCTTCTACATCTGCAGTGCTAGAGACCCTTTTTCCCTGACTAGCGGGGCGGGCGGGGCGAAGCAGTACTTCGGGCCG"	"CSARDPFSLTSGAGGAKQYF"	NA	"TCRBD2-1*1"	"TCRBJ2-7*1"	35	47	58	70	12	12	NA	NA	"GAAGACAGCAGCTTCTACATCTGCAGTGCTAGAGACCCTTTTTCCCTGACTAGCGGGGCGGGCGGGGCGAAGCAGTACTTCGGGCCG"	FALSE	TRUE	NA	NA	NA	NA
"GTGACCAGTGCCCATCCTGAAGACAGCAGCTTCTACATCTGCAGTGCTGAACAGCGGACTAGCACAGATACGCAGTATTTTGGCCCA"	"CSAEQRTSTDTQYF"	"GTGACCAGTGCCCATCCTGAAGACAGCAGCTTCTACATCTGCAGTGCTGAACAGCGGACTAGCACAGATACGCAGTATTTTGGCCCA"	"CSAEQRTSTDTQYF"	NA	"TCRBD2-1"	"TCRBJ2-3*1"	48	55	-1	60	7	61	NA	NA	"GTGACCAGTGCCCATCCTGAAGACAGCAGCTTCTACATCTGCAGTGCTGAACAGCGGACTAGCACAGATACGCAGTATTTTGGCCCA"	FALSE	TRUE	NA	NA	NA	NA
"CTGGAGTCAGCTACCCGCTCCCAGACATCTGTGTATTTCTGCGCCAGCAGTGAGTCGACTCGGGGGTCACCCCTCCACTTTGGGAAT"	"CASSESTRGSPLHF"	"CTGGAGTCAGCTACCCGCTCCCAGACATCTGTGTATTTCTGCGCCAGCAGTGAGTCGACTCGGGGGTCACCCCTCCACTTTGGGAAT"	"CASSESTRGSPLHF"	"TCRBV1-2*1"	"TCRBD2-1*1"	"TCRBJ1-6*1"	56	60	-1	66	4	67	NA	NA	"CTGGAGTCAGCTACCCGCTCCCAGACATCTGTGTATTTCTGCGCCAGCAGTGAGTCGACTCGGGGGTCACCCCTCCACTTTGGGAAT"	FALSE	TRUE	NA	NA	NA	NA
"AACGCCTTGGAGCTGGAGGACTCGGCCCTGTATCTCTGTGCCAGCAGCTTGCGGACAGGGGCGGCCGGGGAGCTGTTTTTTGGAGAA"	"CASSLRTGAAGELFF"	"AACGCCTTGGAGCTGGAGGACTCGGCCCTGTATCTCTGTGCCAGCAGCTTGCGGACAGGGGCGGCCGGGGAGCTGTTTTTTGGAGAA"	"CASSLRTGAAGELFF"	"TCRBV5-8*1"	"TCRBD1-1*1"	"TCRBJ2-2*1"	51	52	61	64	1	3	NA	NA	"AACGCCTTGGAGCTGGAGGACTCGGCCCTGTATCTCTGTGCCAGCAGCTTGCGGACAGGGGCGGCCGGGGAGCTGTTTTTTGGAGAA"	FALSE	TRUE	NA	NA	NA	NA
"AAGATCCAGCCTGCAAAGCTTGAGGACTCGGCCGTGTATCTCTGTGCCAGCAGCTTAGATAACGCCCACGAGCAGTACTTCGGGCCG"	"CASSLDNAHEQYF"	"AAGATCCAGCCTGCAAAGCTTGAGGACTCGGCCGTGTATCTCTGTGCCAGCAGCTTAGATAACGCCCACGAGCAGTACTTCGGGCCG"	"CASSLDNAHEQYF"	"TCRBV11-2*1"	NA	"TCRBJ2-7*1"	59	61	63	67	2	4	NA	NA	"AAGATCCAGCCTGCAAAGCTTGAGGACTCGGCCGTGTATCTCTGTGCCAGCAGCTTAGATAACGCCCACGAGCAGTACTTCGGGCCG"	FALSE	TRUE	NA	NA	NA	NA
"AATGTGAGCACCTTGGAGCTGGGGGACTCGGCCCTTTATCTTTGCGCCAGCAGCTCGGACGGGACCTATGGCTACACCTTCGGTTCG"	"CASSSDGTYGYTF"	"AATGTGAGCACCTTGGAGCTGGGGGACTCGGCCCTTTATCTTTGCGCCAGCAGCTCGGACGGGACCTATGGCTACACCTTCGGTTCG"	"CASSSDGTYGYTF"	"TCRBV5-1*1"	NA	"TCRBJ1-2*1"	55	60	-1	65	5	66	NA	NA	"AATGTGAGCACCTTGGAGCTGGGGGACTCGGCCCTTTATCTTTGCGCCAGCAGCTCGGACGGGACCTATGGCTACACCTTCGGTTCG"	FALSE	TRUE	NA	NA	NA	NA
"AGTGCCCATCCTGAAGACAGCAGCTTCTACATCTGCAGTGCTAGAGATCCCACTAGCGGGAGGGCCCGTACGCAGTATTTTGGCCCA"	"CSARDPTSGRARTQYF"	"AGTGCCCATCCTGAAGACAGCAGCTTCTACATCTGCAGTGCTAGAGATCCCACTAGCGGGAGGGCCCGTACGCAGTATTTTGGCCCA"	"CSARDPTSGRARTQYF"	NA	"TCRBD2-1*2"	"TCRBJ2-3*1"	47	51	64	68	4	4	NA	NA	"AGTGCCCATCCTGAAGACAGCAGCTTCTACATCTGCAGTGCTAGAGATCCCACTAGCGGGAGGGCCCGTACGCAGTATTTTGGCCCA"	FALSE	TRUE	NA	NA	NA	NA
"ACGATTCAGCGCACAGAGCAGCGGGACTCGGCCATGTATCGCTGTGCCAGCAGCTTAAATGTGAACACTGAAGCTTTCTTTGGACAA"	"CASSLNVNTEAFF"	"ACGATTCAGCGCACAGAGCAGCGGGACTCGGCCATGTATCGCTGTGCCAGCAGCTTAAATGTGAACACTGAAGCTTTCTTTGGACAA"	"CASSLNVNTEAFF"	NA	NA	"TCRBJ1-1*1"	-1	-1	57	61	0	4	NA	NA	"ACGATTCAGCGCACAGAGCAGCGGGACTCGGCCATGTATCGCTGTGCCAGCAGCTTAAATGTGAACACTGAAGCTTTCTTTGGACAA"	FALSE	TRUE	NA	NA	NA	NA
"TCCCTAGAGTCTGCCATCCCCAACCAGACAGCTCTTTACTTCTGTGCCACCAGTGACACACGACAGGGGGCATACACCTTCGGTTCG"	"CATSDTRQGAYTF"	"TCCCTAGAGTCTGCCATCCCCAACCAGACAGCTCTTTACTTCTGTGCCACCAGTGACACACGACAGGGGGCATACACCTTCGGTTCG"	"CATSDTRQGAYTF"	"TCRBV24-1*1"	"TCRBD1-1*1"	"TCRBJ1-2*1"	56	61	71	72	5	1	NA	NA	"TCCCTAGAGTCTGCCATCCCCAACCAGACAGCTCTTTACTTCTGTGCCACCAGTGACACACGACAGGGGGCATACACCTTCGGTTCG"	FALSE	TRUE	NA	NA	NA	NA
"GCCCAGCCCCAACCAGACCTCTCTGTACTTCTGTGCCAGCAGTATCGGGACAGGGTTTCTGGGGCCAACGTCCTGACTTTCGGGGCC"	""	"GCCCAGCCCCAACCAGACCTCTCTGTACTTCTGTGCCAGCAGTATCGGGACAGGGTTTCTGGGGCCAACGTCCTGACTTTCGGGGCC"	""	"TCRBV27-1*1"	"TCRBD1-1*1"	"TCRBJ2-6*1"	43	46	55	57	3	2	NA	NA	"GCCCAGCCCCAACCAGACCTCTCTGTACTTCTGTGCCAGCAGTATCGGGACAGGGTTTCTGGGGCCAACGTCCTGACTTTCGGGGCC"	FALSE	FALSE	NA	NA	NA	NA
"CAGAACCGGGAGACACGGCACTGTATCTCTGCGCCAGCAGTCAATATCGGACAGGGACTCTTTAATTCACCCCTCCACTTTGGGAAT"	""	"CAGAACCGGGAGACACGGCACTGTATCTCTGCGCCAGCAGTCAATATCGGACAGGGACTCTTTAATTCACCCCTCCACTTTGGGAAT"	""	"TCRBV23-1*1"	"TCRBD1-1*1"	"TCRBJ1-6*1"	45	48	56	62	3	6	NA	NA	"CAGAACCGGGAGACACGGCACTGTATCTCTGCGCCAGCAGTCAATATCGGACAGGGACTCTTTAATTCACCCCTCCACTTTGGGAAT"	FALSE	FALSE	NA	NA	NA	NA
"CGCTCACCAGGCCTGGGGGACGCAGCCATGTACCTGTGTGCCACCAGCAGAGAAGATTTAGCGGGAGAGGCCCAGTACTTCGGGCCA"	"CATSREDLAGEAQYF"	"CGCTCACCAGGCCTGGGGGACGCAGCCATGTACCTGTGTGCCACCAGCAGAGAAGATTTAGCGGGAGAGGCCCAGTACTTCGGGCCA"	"CATSREDLAGEAQYF"	"TCRBV15-1*2"	"TCRBD2-1*2"	"TCRBJ2-5*1"	53	58	67	70	5	3	NA	NA	"CGCTCACCAGGCCTGGGGGACGCAGCCATGTACCTGTGTGCCACCAGCAGAGAAGATTTAGCGGGAGAGGCCCAGTACTTCGGGCCA"	FALSE	TRUE	NA	NA	NA	NA
"AAGATCCAGCGCACACAGCAGGAGGACTCGGCCGTGTATCTCTGTGCCAGCAGCCCCCTCCGGGGAACTGAAGCTTTCTTTGGACAA"	"CASSPLRGTEAFF"	"AAGATCCAGCGCACACAGCAGGAGGACTCGGCCGTGTATCTCTGTGCCAGCAGCCCCCTCCGGGGAACTGAAGCTTTCTTTGGACAA"	"CASSPLRGTEAFF"	NA	"TCRBD2-1*1"	"TCRBJ1-1*1"	54	60	65	66	6	1	NA	NA	"AAGATCCAGCGCACACAGCAGGAGGACTCGGCCGTGTATCTCTGTGCCAGCAGCCCCCTCCGGGGAACTGAAGCTTTCTTTGGACAA"	FALSE	TRUE	NA	NA	NA	NA
"NTGTCGGCTGCTCCCTCCCAAACATCTGTGTACTTCTGTGCCAGCAGTTACTCATCTTGGGTTCAAGAGACCCAGTACTTCGGGCCA"	"CASSYSSWVQETQYF"	"NTGTCGGCTGCTCCCTCCCAAACATCTGTGTACTTCTGTGCCAGCAGTTACTCATCTTGGGTTCAAGAGACCCAGTACTTCGGGCCA"	"CASSYSSWVQETQYF"	"TCRBV6-2/6-3*1"	NA	"TCRBJ2-5*1"	53	58	61	63	5	2	NA	NA	"NTGTCGGCTGCTCCCTCCCAAACATCTGTGTACTTCTGTGCCAGCAGTTACTCATCTTGGGTTCAAGAGACCCAGTACTTCGGGCCA"	FALSE	TRUE	NA	NA	NA	NA
"CTAAACCTGAGCTCTCTGGAGCTGGGGGACTCAGCTTTGTATTTCTGTGCCAGCAGCGCAGGGACAGGGCGGGCTTTCTTTGGACAA"	"CASSAGTGRAFF"	"CTAAACCTGAGCTCTCTGGAGCTGGGGGACTCAGCTTTGTATTTCTGTGCCAGCAGCGCAGGGACAGGGCGGGCTTTCTTTGGACAA"	"CASSAGTGRAFF"	"TCRBV9-1*1"	"TCRBD1-1*1"	"TCRBJ1-1*1"	58	60	69	72	2	3	NA	NA	"CTAAACCTGAGCTCTCTGGAGCTGGGGGACTCAGCTTTGTATTTCTGTGCCAGCAGCGCAGGGACAGGGCGGGCTTTCTTTGGACAA"	FALSE	TRUE	NA	NA	NA	NA
"GCTGCTCCCTCCCAGACATCTGTGTACTTCTGTGCCAGCAGTGACAGGGGGCCTCGCAATAACCCCTACGAGCAGTACTTCGGGCCG"	"CASSDRGPRNNPYEQYF"	"GCTGCTCCCTCCCAGACATCTGTGTACTTCTGTGCCAGCAGTGACAGGGGGCCTCGCAATAACCCCTACGAGCAGTACTTCGGGCCG"	"CASSDRGPRNNPYEQYF"	"TCRBV6-1*1"	"TCRBD1-1*1"	"TCRBJ2-7*1"	-1	44	52	64	45	12	NA	NA	"GCTGCTCCCTCCCAGACATCTGTGTACTTCTGTGCCAGCAGTGACAGGGGGCCTCGCAATAACCCCTACGAGCAGTACTTCGGGCCG"	FALSE	TRUE	NA	NA	NA	NA
"TCCCTAGAGTCTGCCATCCCCAACCAGACAGCTCTTTACTTCTGTGCCACCAGTGATCCGGGGAACAATGAGCAGTTCTTCGGGCCA"	"CATSDPGNNEQFF"	"TCCCTAGAGTCTGCCATCCCCAACCAGACAGCTCTTTACTTCTGTGCCACCAGTGATCCGGGGAACAATGAGCAGTTCTTCGGGCCA"	"CATSDPGNNEQFF"	"TCRBV24-1*1"	"TCRBD2-1*1"	"TCRBJ2-1*1"	57	58	63	64	1	1	NA	NA	"TCCCTAGAGTCTGCCATCCCCAACCAGACAGCTCTTTACTTCTGTGCCACCAGTGATCCGGGGAACAATGAGCAGTTCTTCGGGCCA"	FALSE	TRUE	NA	NA	NA	NA
"CTGAGCTCTCTGGAGCTGGGGGACTCAGCTTTGTATTTCTGTGCCAGCAGAGGGTTATCTGGGGCCAACGTCCTGACTTTCGGGGCC"	"CASRGLSGANVLTF"	"CTGAGCTCTCTGGAGCTGGGGGACTCAGCTTTGTATTTCTGTGCCAGCAGAGGGTTATCTGGGGCCAACGTCCTGACTTTCGGGGCC"	"CASRGLSGANVLTF"	"TCRBV9-1*1"	NA	"TCRBJ2-6*1"	-1	50	54	57	51	3	NA	NA	"CTGAGCTCTCTGGAGCTGGGGGACTCAGCTTTGTATTTCTGTGCCAGCAGAGGGTTATCTGGGGCCAACGTCCTGACTTTCGGGGCC"	FALSE	TRUE	NA	NA	NA	NA
"CACACCCTGCAGCCAGAAGACTCGGCCCTGTATCTCTGTGCCAGCAGCCAAGACAAGGGTGGTTGGGAAAAACTGTTTTTTGGCAGT"	"CASSQDKGGWEKLFF"	"CACACCCTGCAGCCAGAAGACTCGGCCCTGTATCTCTGTGCCAGCAGCCAAGACAAGGGTGGTTGGGAAAAACTGTTTTTTGGCAGT"	"CASSQDKGGWEKLFF"	"TCRBV4-2*1"	NA	"TCRBJ1-4*1"	53	55	59	66	2	7	NA	NA	"CACACCCTGCAGCCAGAAGACTCGGCCCTGTATCTCTGTGCCAGCAGCCAAGACAAGGGTGGTTGGGAAAAACTGTTTTTTGGCAGT"	FALSE	TRUE	NA	NA	NA	NA
"ATTCTGGAGTCCGCCAGCACCAACCAGACATCTATGTACCTCTGTGCCAGCAGAGGGGGACTGCAAAACACCATATATTTTGGAGAG"	"CASRGGLQNTIYF"	"ATTCTGGAGTCCGCCAGCACCAACCAGACATCTATGTACCTCTGTGCCAGCAGAGGGGGACTGCAAAACACCATATATTTTGGAGAG"	"CASRGGLQNTIYF"	"TCRBV28-1*1"	NA	"TCRBJ1-3*1"	-1	53	59	65	54	6	NA	NA	"ATTCTGGAGTCCGCCAGCACCAACCAGACATCTATGTACCTCTGTGCCAGCAGAGGGGGACTGCAAAACACCATATATTTTGGAGAG"	FALSE	TRUE	NA	NA	NA	NA
"CCTGCAGAGCTTGGGGACTCGGCCATGTATCTCTGTGCCAGCAGCTTAGGGGGGACTAGCGGCTACAATGAGCAGTTCTTCGGGCCA"	"CASSLGGTSGYNEQFF"	"CCTGCAGAGCTTGGGGACTCGGCCATGTATCTCTGTGCCAGCAGCTTAGGGGGGACTAGCGGCTACAATGAGCAGTTCTTCGGGCCA"	"CASSLGGTSGYNEQFF"	"TCRBV11-1*1"	"TCRBD2-1"	"TCRBJ2-1*1"	49	51	-1	62	2	63	NA	NA	"CCTGCAGAGCTTGGGGACTCGGCCATGTATCTCTGTGCCAGCAGCTTAGGGGGGACTAGCGGCTACAATGAGCAGTTCTTCGGGCCA"	FALSE	TRUE	NA	NA	NA	NA
"TTGGCGTCTGCTGTACCCTCTCAGACATCTGTGTACTTCTGTGCCAGCAGTGACGGAGGAGACCTTTCACCCCTCCACTTTGGGAAT"	"CASSDGGDLSPLHF"	"TTGGCGTCTGCTGTACCCTCTCAGACATCTGTGTACTTCTGTGCCAGCAGTGACGGAGGAGACCTTTCACCCCTCCACTTTGGGAAT"	"CASSDGGDLSPLHF"	"TCRBV6-4*1"	"TCRBD2-1*2"	"TCRBJ1-6*1"	-1	54	59	65	55	6	NA	NA	"TTGGCGTCTGCTGTACCCTCTCAGACATCTGTGTACTTCTGTGCCAGCAGTGACGGAGGAGACCTTTCACCCCTCCACTTTGGGAAT"	FALSE	TRUE	NA	NA	NA	NA
"TCCCTCCCAGACATCTGTGTACTTCTGTGCCAGCAGTGAAGGAGGTAGCGGGAGGGTTCGGGGTACAATGAGCAGTTCTTCGGGCCA"	""	"TCCCTCCCAGACATCTGTGTACTTCTGTGCCAGCAGTGAAGGAGGTAGCGGGAGGGTTCGGGGTACAATGAGCAGTTCTTCGGGCCA"	""	"TCRBV6-1*1"	"TCRBD2-1*2"	"TCRBJ2-1*1"	41	45	56	63	4	7	NA	NA	"TCCCTCCCAGACATCTGTGTACTTCTGTGCCAGCAGTGAAGGAGGTAGCGGGAGGGTTCGGGGTACAATGAGCAGTTCTTCGGGCCA"	FALSE	FALSE	NA	NA	NA	NA
"CCGCTACCCGCTCCCAGACATCTGTGTATTTCTGCGCCAGCAGTGATCAACTAGCCCACCCGCACAGATACGCAGTATTTTGGCCCA"	""	"CCGCTACCCGCTCCCAGACATCTGTGTATTTCTGCGCCAGCAGTGATCAACTAGCCCACCCGCACAGATACGCAGTATTTTGGCCCA"	""	"TCRBV1-2*1"	"TCRBD2-1"	"TCRBJ2-3*1"	46	49	55	61	3	6	NA	NA	"CCGCTACCCGCTCCCAGACATCTGTGTATTTCTGCGCCAGCAGTGATCAACTAGCCCACCCGCACAGATACGCAGTATTTTGGCCCA"	FALSE	FALSE	NA	NA	NA	NA
"ATTCCCTGGAGCTTGGTGACTCTGCTGTGTATTTCTGTGCCAGCACCTCTCGGGGGTAGCGTATCCTACGAGCAGTACTTCGGGCCG"	""	"ATTCCCTGGAGCTTGGTGACTCTGCTGTGTATTTCTGTGCCAGCACCTCTCGGGGGTAGCGTATCCTACGAGCAGTACTTCGGGCCG"	""	"TCRBV3-1/3-2*1"	"TCRBD2-1*1"	"TCRBJ2-7*1"	45	50	56	63	5	7	NA	NA	"ATTCCCTGGAGCTTGGTGACTCTGCTGTGTATTTCTGTGCCAGCACCTCTCGGGGGTAGCGTATCCTACGAGCAGTACTTCGGGCCG"	FALSE	FALSE	NA	NA	NA	NA
"TCCGCTACCAGCTCCCAGACATCTGTGTACTTCTGTGCCATCAGGAATATTGACAGGGGGGCCACAGATACGCAGTATTTTGGCCCA"	"CAIRNIDRGATDTQYF"	"TCCGCTACCAGCTCCCAGACATCTGTGTACTTCTGTGCCATCAGGAATATTGACAGGGGGGCCACAGATACGCAGTATTTTGGCCCA"	"CAIRNIDRGATDTQYF"	"TCRBV1-3*1"	"TCRBD1-1*1"	"TCRBJ2-3*1"	44	51	60	62	7	2	NA	NA	"TCCGCTACCAGCTCCCAGACATCTGTGTACTTCTGTGCCATCAGGAATATTGACAGGGGGGCCACAGATACGCAGTATTTTGGCCCA"	FALSE	TRUE	NA	NA	NA	NA
"CTGGAGTCCGCTACCAGCTCCCAGACATCTGTGTACTTCTGTGCCATCAGGGAAACAGGGGCCAACTATGGCTACACCTTCGGTTCG"	"CAIRETGANYGYTF"	"CTGGAGTCCGCTACCAGCTCCCAGACATCTGTGTACTTCTGTGCCATCAGGGAAACAGGGGCCAACTATGGCTACACCTTCGGTTCG"	"CAIRETGANYGYTF"	"TCRBV1-3*1"	"TCRBD1-1*1"	"TCRBJ1-2*1"	50	54	61	63	4	2	NA	NA	"CTGGAGTCCGCTACCAGCTCCCAGACATCTGTGTACTTCTGTGCCATCAGGGAAACAGGGGCCAACTATGGCTACACCTTCGGTTCG"	FALSE	TRUE	NA	NA	NA	NA
"ATCCAGCCTGCAGAGCTTGGGGACTCGGCCATGTATCTCTGTGCCAGCAGCTCTAGGGGACAGGAAGAGACCCAGTACTTCGGGCCA"	"CASSSRGQEETQYF"	"ATCCAGCCTGCAGAGCTTGGGGACTCGGCCATGTATCTCTGTGCCAGCAGCTCTAGGGGACAGGAAGAGACCCAGTACTTCGGGCCA"	"CASSSRGQEETQYF"	"TCRBV11-1*1"	"TCRBD1-1*1"	"TCRBJ2-5*1"	52	56	-1	64	4	65	NA	NA	"ATCCAGCCTGCAGAGCTTGGGGACTCGGCCATGTATCTCTGTGCCAGCAGCTCTAGGGGACAGGAAGAGACCCAGTACTTCGGGCCA"	FALSE	TRUE	NA	NA	NA	NA
"GCCTTGTTGCTGGGGGACTCGGCCCTGTATCTCTGTGCCAGCAGCTTGCAAACAGGGGAGTACTCCTACGAGCAGTACTTCGGGCCG"	"CASSLQTGEYSYEQYF"	"GCCTTGTTGCTGGGGGACTCGGCCCTGTATCTCTGTGCCAGCAGCTTGCAAACAGGGGAGTACTCCTACGAGCAGTACTTCGGGCCG"	"CASSLQTGEYSYEQYF"	"TCRBV5-5*1"	"TCRBD1-1*1"	"TCRBJ2-7*1"	48	51	58	62	3	4	NA	NA	"GCCTTGTTGCTGGGGGACTCGGCCCTGTATCTCTGTGCCAGCAGCTTGCAAACAGGGGAGTACTCCTACGAGCAGTACTTCGGGCCG"	FALSE	TRUE	NA	NA	NA	NA
"CAGCGCACACAGCAGGAGGACTCGGCCGTGTATCTCTGTGCCAGCAGCTTCGACGGGAGCCCTATCTACGAGCAGTACTTCGGGCCG"	"CASSFDGSPIYEQYF"	"CAGCGCACACAGCAGGAGGACTCGGCCGTGTATCTCTGTGCCAGCAGCTTCGACGGGAGCCCTATCTACGAGCAGTACTTCGGGCCG"	"CASSFDGSPIYEQYF"	"TCRBV7-2"	"TCRBD2-1*2"	"TCRBJ2-7*1"	50	53	59	65	3	6	NA	NA	"CAGCGCACACAGCAGGAGGACTCGGCCGTGTATCTCTGTGCCAGCAGCTTCGACGGGAGCCCTATCTACGAGCAGTACTTCGGGCCG"	FALSE	TRUE	NA	NA	NA	NA
"GGAGATCCAGCGCACAGAGCAGGGGGACTCGGCCATGTATCTCTGTGCCAGCAGCTTGACAGCGCGGGGGAGCAGTACTTCGGGCCG"	""	"GGAGATCCAGCGCACAGAGCAGGGGGACTCGGCCATGTATCTCTGTGCCAGCAGCTTGACAGCGCGGGGGAGCAGTACTTCGGGCCG"	""	"TCRBV7-9*1"	"TCRBD2-1*1"	"TCRBJ2-7*1"	57	63	-1	69	6	70	NA	NA	"GGAGATCCAGCGCACAGAGCAGGGGGACTCGGCCATGTATCTCTGTGCCAGCAGCTTGACAGCGCGGGGGAGCAGTACTTCGGGCCG"	FALSE	FALSE	NA	NA	NA	NA
"ATCCAGCGCACAGAGCGGGGGGACTCAGCCGTGTATCTCTGTGCCAGCAGCTTTGGGAGAATGAACACTGAAGCTTTCTTTGGACAA"	"CASSFGRMNTEAFF"	"ATCCAGCGCACAGAGCGGGGGGACTCAGCCGTGTATCTCTGTGCCAGCAGCTTTGGGAGAATGAACACTGAAGCTTTCTTTGGACAA"	"CASSFGRMNTEAFF"	"TCRBV7-3*1"	"TCRBD2-1*2"	"TCRBJ1-1*1"	53	54	59	61	1	2	NA	NA	"ATCCAGCGCACAGAGCGGGGGGACTCAGCCGTGTATCTCTGTGCCAGCAGCTTTGGGAGAATGAACACTGAAGCTTTCTTTGGACAA"	FALSE	TRUE	NA	NA	NA	NA
"CCCAGCCCCAACCAGACCTCTCTGTACTTCTGTGCCAGCACCATTCTCCCGGGACAGGGACTGATCAATGAGCAGTTCTTCGGGCCA"	"CASTILPGQGLINEQFF"	"CCCAGCCCCAACCAGACCTCTCTGTACTTCTGTGCCAGCACCATTCTCCCGGGACAGGGACTGATCAATGAGCAGTTCTTCGGGCCA"	"CASTILPGQGLINEQFF"	"TCRBV27-1*1"	"TCRBD1-1*1"	"TCRBJ2-1*1"	40	50	59	65	10	6	NA	NA	"CCCAGCCCCAACCAGACCTCTCTGTACTTCTGTGCCAGCACCATTCTCCCGGGACAGGGACTGATCAATGAGCAGTTCTTCGGGCCA"	FALSE	TRUE	NA	NA	NA	NA
"TCGGCTGCTCCCTCCCAGACATCTGTGTACTTCTGTGCCAGCAGGACAACAGGGATACAAATGAACACTGAAGCTTTCTTTGGACAA"	"CASRTTGIQMNTEAFF"	"TCGGCTGCTCCCTCCCAGACATCTGTGTACTTCTGTGCCAGCAGGACAACAGGGATACAAATGAACACTGAAGCTTTCTTTGGACAA"	"CASRTTGIQMNTEAFF"	NA	"TCRBD1-1*1"	"TCRBJ1-1*1"	44	48	54	61	4	7	NA	NA	"TCGGCTGCTCCCTCCCAGACATCTGTGTACTTCTGTGCCAGCAGGACAACAGGGATACAAATGAACACTGAAGCTTTCTTTGGACAA"	FALSE	TRUE	NA	NA	NA	NA
"CTGACGATTCAGCGCACAGAGCAGCGGGACTCGGCCATGTATCGCTGTGCCAGCAGCCCCAGGACAGATACGCAGTATTTTGGCCCA"	"CASSPRTDTQYF"	"CTGACGATTCAGCGCACAGAGCAGCGGGACTCGGCCATGTATCGCTGTGCCAGCAGCCCCAGGACAGATACGCAGTATTTTGGCCCA"	"CASSPRTDTQYF"	NA	"TCRBD1-1*1"	"TCRBJ2-3*1"	57	59	-1	63	2	64	NA	NA	"CTGACGATTCAGCGCACAGAGCAGCGGGACTCGGCCATGTATCGCTGTGCCAGCAGCCCCAGGACAGATACGCAGTATTTTGGCCCA"	FALSE	TRUE	NA	NA	NA	NA
"GCCTTGGAGCTGGACGACTCGGCCCTGTATCTCTGTGCCAGCAGCTTGGTTAGCGGGGTTAGCACAGATACGCAGTATTTTGGCCCA"	"CASSLVSGVSTDTQYF"	"GCCTTGGAGCTGGACGACTCGGCCCTGTATCTCTGTGCCAGCAGCTTGGTTAGCGGGGTTAGCACAGATACGCAGTATTTTGGCCCA"	"CASSLVSGVSTDTQYF"	"TCRBV5-4*1"	"TCRBD2-1*1"	"TCRBJ2-3*1"	49	50	58	60	1	2	NA	NA	"GCCTTGGAGCTGGACGACTCGGCCCTGTATCTCTGTGCCAGCAGCTTGGTTAGCGGGGTTAGCACAGATACGCAGTATTTTGGCCCA"	FALSE	TRUE	NA	NA	NA	NA
"NTGAAGATCCAGCCCTCAGAACCCAGGGACTCAGCTGTGTACTTCTGTGCCAGCAGTTTTGGTCGGACTGAAGCTTTCTTTGGACAA"	"CASSFGRTEAFF"	"NTGAAGATCCAGCCCTCAGAACCCAGGGACTCAGCTGTGTACTTCTGTGCCAGCAGTTTTGGTCGGACTGAAGCTTTCTTTGGACAA"	"CASSFGRTEAFF"	"TCRBV12-3/12-4*1"	"TCRBD2-1"	"TCRBJ1-1*1"	59	63	-1	66	4	67	NA	NA	"NTGAAGATCCAGCCCTCAGAACCCAGGGACTCAGCTGTGTACTTCTGTGCCAGCAGTTTTGGTCGGACTGAAGCTTTCTTTGGACAA"	FALSE	TRUE	NA	NA	NA	NA
"GTGACCAGTGCCCATCCTGAAGACAGCAGCTTCTACATCTGCAGTGCTAGAGCAGGACTGGCACAAGAGACCCAGTACTTCGGGCCA"	"CSARAGLAQETQYF"	"GTGACCAGTGCCCATCCTGAAGACAGCAGCTTCTACATCTGCAGTGCTAGAGCAGGACTGGCACAAGAGACCCAGTACTTCGGGCCA"	"CSARAGLAQETQYF"	NA	"TCRBD2-1"	"TCRBJ2-5*1"	52	54	59	63	2	4	NA	NA	"GTGACCAGTGCCCATCCTGAAGACAGCAGCTTCTACATCTGCAGTGCTAGAGCAGGACTGGCACAAGAGACCCAGTACTTCGGGCCA"	FALSE	TRUE	NA	NA	NA	NA
"CCAGGCCTGGGGGACGCAGCCATGTACCTGTGTGCCACCAGCCCAGGGGAGGACAGTAATAGCAATCAGCCCCAGCATTTTGGTGAT"	"CATSPGEDSNSNQPQHF"	"CCAGGCCTGGGGGACGCAGCCATGTACCTGTGTGCCACCAGCCCAGGGGAGGACAGTAATAGCAATCAGCCCCAGCATTTTGGTGAT"	"CATSPGEDSNSNQPQHF"	"TCRBV15-1*2"	NA	"TCRBJ1-5*1"	42	50	56	59	8	3	NA	NA	"CCAGGCCTGGGGGACGCAGCCATGTACCTGTGTGCCACCAGCCCAGGGGAGGACAGTAATAGCAATCAGCCCCAGCATTTTGGTGAT"	FALSE	TRUE	NA	NA	NA	NA
"ACTCTGAAGGTGCAGCCTGCAGAACTGGAGGATTCTGGAGTTTATTTCTGTGCCAGCAGCCAAGCTTCCAAGCTGTTTTTTGGAGAA"	"CASSQASKLFF"	"ACTCTGAAGGTGCAGCCTGCAGAACTGGAGGATTCTGGAGTTTATTTCTGTGCCAGCAGCCAAGCTTCCAAGCTGTTTTTTGGAGAA"	"CASSQASKLFF"	"TCRBV14-1*1"	NA	"TCRBJ2-2*1"	64	68	-1	70	4	71	NA	NA	"ACTCTGAAGGTGCAGCCTGCAGAACTGGAGGATTCTGGAGTTTATTTCTGTGCCAGCAGCCAAGCTTCCAAGCTGTTTTTTGGAGAA"	FALSE	TRUE	NA	NA	NA	NA
"AGCACCTTGGAGCTGGGGGACTCGGCCCTTTATCTTTGCGCCAGCACCACTGGAGGCCTCCCGCTCGCTGGCTACACCTTCGGTTCG"	"CASTTGGLPLAGYTF"	"AGCACCTTGGAGCTGGGGGACTCGGCCCTTTATCTTTGCGCCAGCACCACTGGAGGCCTCCCGCTCGCTGGCTACACCTTCGGTTCG"	"CASTTGGLPLAGYTF"	"TCRBV5-1*1"	"TCRBD2-1*2"	"TCRBJ1-2*1"	46	51	56	68	5	12	NA	NA	"AGCACCTTGGAGCTGGGGGACTCGGCCCTTTATCTTTGCGCCAGCACCACTGGAGGCCTCCCGCTCGCTGGCTACACCTTCGGTTCG"	FALSE	TRUE	NA	NA	NA	NA
"CTGGAGTCGCCCAGCCCCAACCAGACCTCTCTGTACTTCTGTGCCAGCAGCACCGTTGGGGGGCATGAGACCCAGTACTTCGGGCCA"	"CASSTVGGHETQYF"	"CTGGAGTCGCCCAGCCCCAACCAGACCTCTCTGTACTTCTGTGCCAGCAGCACCGTTGGGGGGCATGAGACCCAGTACTTCGGGCCA"	"CASSTVGGHETQYF"	"TCRBV27-1*1"	NA	"TCRBJ2-5*1"	50	58	64	66	8	2	NA	NA	"CTGGAGTCGCCCAGCCCCAACCAGACCTCTCTGTACTTCTGTGCCAGCAGCACCGTTGGGGGGCATGAGACCCAGTACTTCGGGCCA"	FALSE	TRUE	NA	NA	NA	NA
"ATCCAGCCTGCAAAGCTTGAGGACTCGGCCGTGTATCTCTGTGCCAGCAGCACCCTAGCGGGAGGCAATGAGCAGTTCTTCGGGCCA"	"CASSTLAGGNEQFF"	"ATCCAGCCTGCAAAGCTTGAGGACTCGGCCGTGTATCTCTGTGCCAGCAGCACCCTAGCGGGAGGCAATGAGCAGTTCTTCGGGCCA"	"CASSTLAGGNEQFF"	"TCRBV11-2*1"	"TCRBD2-1*2"	"TCRBJ2-1*1"	51	54	-1	65	3	66	NA	NA	"ATCCAGCCTGCAAAGCTTGAGGACTCGGCCGTGTATCTCTGTGCCAGCAGCACCCTAGCGGGAGGCAATGAGCAGTTCTTCGGGCCA"	FALSE	TRUE	NA	NA	NA	NA
"CCTAGAGTCTGCCATCCCCAACCAGACAGCTCTTTACTTCTGTGCCGAAAATGGACAGACAACACCGGGGAGCTGTTTTTTGGAGAA"	""	"CCTAGAGTCTGCCATCCCCAACCAGACAGCTCTTTACTTCTGTGCCGAAAATGGACAGACAACACCGGGGAGCTGTTTTTTGGAGAA"	""	"TCRBV24-1*1"	"TCRBD1-1*1"	"TCRBJ2-2*1"	46	52	58	60	6	2	NA	NA	"CCTAGAGTCTGCCATCCCCAACCAGACAGCTCTTTACTTCTGTGCCGAAAATGGACAGACAACACCGGGGAGCTGTTTTTTGGAGAA"	FALSE	FALSE	NA	NA	NA	NA
"CAGCGCACAGAGCAGGAGGACTCGGCCGTGTATCTCTGTGCCAGCAGCTTAGCCACGGGAGTGGGAAATGAGCAGTTCTTCGGGCCA"	"CASSLATGVGNEQFF"	"CAGCGCACAGAGCAGGAGGACTCGGCCGTGTATCTCTGTGCCAGCAGCTTAGCCACGGGAGTGGGAAATGAGCAGTTCTTCGGGCCA"	"CASSLATGVGNEQFF"	"TCRBV7-2"	"TCRBD2-1*2"	"TCRBJ2-1*1"	53	55	61	66	2	5	NA	NA	"CAGCGCACAGAGCAGGAGGACTCGGCCGTGTATCTCTGTGCCAGCAGCTTAGCCACGGGAGTGGGAAATGAGCAGTTCTTCGGGCCA"	FALSE	TRUE	NA	NA	NA	NA
"CAGCGCACAGAGCAGCGGGACTCGGCCATGTATCGCTGTGCCAGCAGCCCCCAAGGGTTGGGCAATCAGCCCCAGCATTTTGGTGAT"	"CASSPQGLGNQPQHF"	"CAGCGCACAGAGCAGCGGGACTCGGCCATGTATCGCTGTGCCAGCAGCCCCCAAGGGTTGGGCAATCAGCCCCAGCATTTTGGTGAT"	"CASSPQGLGNQPQHF"	"TCRBV7-6*1"	NA	"TCRBJ1-5*1"	48	53	57	61	5	4	NA	NA	"CAGCGCACAGAGCAGCGGGACTCGGCCATGTATCGCTGTGCCAGCAGCCCCCAAGGGTTGGGCAATCAGCCCCAGCATTTTGGTGAT"	FALSE	TRUE	NA	NA	NA	NA
"CGCACAGAGCAGCGGGACTCGGCCATGTATCGCTGTGCCAGCAGCCAACAGGGCATGGTAACTGGAAACACCATATATTTTGGAGAG"	"CASSQQGMVTGNTIYF"	"CGCACAGAGCAGCGGGACTCGGCCATGTATCGCTGTGCCAGCAGCCAACAGGGCATGGTAACTGGAAACACCATATATTTTGGAGAG"	"CASSQQGMVTGNTIYF"	"TCRBV7-6*1"	"TCRBD1-1*1"	"TCRBJ1-3*1"	45	47	53	61	2	8	NA	NA	"CGCACAGAGCAGCGGGACTCGGCCATGTATCGCTGTGCCAGCAGCCAACAGGGCATGGTAACTGGAAACACCATATATTTTGGAGAG"	FALSE	TRUE	NA	NA	NA	NA
"CAGCCTGCAGAGCTTGGGGACTCGGCCGTGTATCTCTGTGCCAGCAGCTCTTCTATCGCGAACACCGGGGAGCTGTTTTTTGGAGAA"	"CASSSSIANTGELFF"	"CAGCCTGCAGAGCTTGGGGACTCGGCCGTGTATCTCTGTGCCAGCAGCTCTTCTATCGCGAACACCGGGGAGCTGTTTTTTGGAGAA"	"CASSSSIANTGELFF"	"TCRBV11-3*1"	"TCRBD2-1"	"TCRBJ2-2*1"	49	52	55	58	3	3	NA	NA	"CAGCCTGCAGAGCTTGGGGACTCGGCCGTGTATCTCTGTGCCAGCAGCTCTTCTATCGCGAACACCGGGGAGCTGTTTTTTGGAGAA"	FALSE	TRUE	NA	NA	NA	NA
"TCTCTGGAGCTGGGGGACTCAGCTTTGTATTTCTGTGCCAGCAGCCCTCAGCAGGGGGGGTGGGGAAACGAGCAGTACTTCGGGCCG"	"CASSPQQGGWGNEQYF"	"TCTCTGGAGCTGGGGGACTCAGCTTTGTATTTCTGTGCCAGCAGCCCTCAGCAGGGGGGGTGGGGAAACGAGCAGTACTTCGGGCCG"	"CASSPQQGGWGNEQYF"	"TCRBV9-1*1"	NA	"TCRBJ2-7*1"	45	51	58	67	6	9	NA	NA	"TCTCTGGAGCTGGGGGACTCAGCTTTGTATTTCTGTGCCAGCAGCCCTCAGCAGGGGGGGTGGGGAAACGAGCAGTACTTCGGGCCG"	FALSE	TRUE	NA	NA	NA	NA
"NNNNNNNTGTCGGCTGCTCCCTCCCAGACATCTGTGTACTTCTGTGCCAGCAGTACAGGGTCTGCTCAGCCCCAGCATTTTGGTGAT"	"CASSTGSAQPQHF"	"NNNNNNNTGTCGGCTGCTCCCTCCCAGACATCTGTGTACTTCTGTGCCAGCAGTACAGGGTCTGCTCAGCCCCAGCATTTTGGTGAT"	"CASSTGSAQPQHF"	"TCRBV6-5*1"	"TCRBD1-1*1"	"TCRBJ1-5*1"	-1	54	60	65	55	5	NA	NA	"NNNNNNNTGTCGGCTGCTCCCTCCCAGACATCTGTGTACTTCTGTGCCAGCAGTACAGGGTCTGCTCAGCCCCAGCATTTTGGTGAT"	FALSE	TRUE	NA	NA	NA	NA
"GTGAACGCCTTGGAGCTGGACGACTCGGCCCTGTATCTCTGTGCCAGCAGCTTATTGTGGGGAAACACTGAAGCTTTCTTTGGACAA"	"CASSLLWGNTEAFF"	"GTGAACGCCTTGGAGCTGGACGACTCGGCCCTGTATCTCTGTGCCAGCAGCTTATTGTGGGGAAACACTGAAGCTTTCTTTGGACAA"	"CASSLLWGNTEAFF"	"TCRBV5-4*1"	NA	"TCRBJ1-1*1"	53	59	-1	63	6	64	NA	NA	"GTGAACGCCTTGGAGCTGGACGACTCGGCCCTGTATCTCTGTGCCAGCAGCTTATTGTGGGGAAACACTGAAGCTTTCTTTGGACAA"	FALSE	TRUE	NA	NA	NA	NA
"AGCACCTTGGAGCTGGGGGACTCGGCCCTTTATCTTTGCGCCAGCAGCTTGGAGGGCCTAATATACAATGAGCAGTTCTTCGGGCCA"	"CASSLEGLIYNEQFF"	"AGCACCTTGGAGCTGGGGGACTCGGCCCTTTATCTTTGCGCCAGCAGCTTGGAGGGCCTAATATACAATGAGCAGTTCTTCGGGCCA"	"CASSLEGLIYNEQFF"	"TCRBV5-1*1"	NA	"TCRBJ2-1*1"	-1	52	56	63	53	7	NA	NA	"AGCACCTTGGAGCTGGGGGACTCGGCCCTTTATCTTTGCGCCAGCAGCTTGGAGGGCCTAATATACAATGAGCAGTTCTTCGGGCCA"	FALSE	TRUE	NA	NA	NA	NA
"GCCCAAAAGAACCCGACAGCTTTCTATCTCTGTGCCAGTAGTATCCGGGACAGACAAAGAAGCTCCTACGAGCAGTACTTCGGGCCG"	"CASSIRDRQRSSYEQYF"	"GCCCAAAAGAACCCGACAGCTTTCTATCTCTGTGCCAGTAGTATCCGGGACAGACAAAGAAGCTCCTACGAGCAGTACTTCGGGCCG"	"CASSIRDRQRSSYEQYF"	"TCRBV19-1*1"	"TCRBD1-1*1"	"TCRBJ2-7*1"	44	46	53	62	2	9	NA	NA	"GCCCAAAAGAACCCGACAGCTTTCTATCTCTGTGCCAGTAGTATCCGGGACAGACAAAGAAGCTCCTACGAGCAGTACTTCGGGCCG"	FALSE	TRUE	NA	NA	NA	NA
"ACTCTCAAGATCCAGCCTGCAAAGCTTGAGGACTCGGCCGTGTATCTCTGTGCCAGCAACCGAGGCAATGAGCAGTTCTTCGGGCCA"	"CASNRGNEQFF"	"ACTCTCAAGATCCAGCCTGCAAAGCTTGAGGACTCGGCCGTGTATCTCTGTGCCAGCAACCGAGGCAATGAGCAGTTCTTCGGGCCA"	"CASNRGNEQFF"	"TCRBV11-2*1"	"TCRBD2-1*2"	"TCRBJ2-1*1"	58	61	-1	65	3	66	NA	NA	"ACTCTCAAGATCCAGCCTGCAAAGCTTGAGGACTCGGCCGTGTATCTCTGTGCCAGCAACCGAGGCAATGAGCAGTTCTTCGGGCCA"	FALSE	TRUE	NA	NA	NA	NA
"CTGACTGTGAGCAACATGAGCCCTGAAGACAGCAGCATATATCTCTGCAGCGGTGGGGGGGCTAATTATGGCTACACCTTCGGTTCG"	"CSGGGANYGYTF"	"CTGACTGTGAGCAACATGAGCCCTGAAGACAGCAGCATATATCTCTGCAGCGGTGGGGGGGCTAATTATGGCTACACCTTCGGTTCG"	"CSGGGANYGYTF"	"TCRBV29-1"	"TCRBD2-1*1"	"TCRBJ1-2*1"	52	54	61	66	2	5	NA	NA	"CTGACTGTGAGCAACATGAGCCCTGAAGACAGCAGCATATATCTCTGCAGCGGTGGGGGGGCTAATTATGGCTACACCTTCGGTTCG"	FALSE	TRUE	NA	NA	NA	NA
"ACCTTGGAGCTGGGGGACTCGGCCCTTTATCTTTGCGCCAGCAGCTTGAATTCAGCAGTAATGAACACTGAAGCTTTCTTTGGACAA"	"CASSLNSAVMNTEAFF"	"ACCTTGGAGCTGGGGGACTCGGCCCTTTATCTTTGCGCCAGCAGCTTGAATTCAGCAGTAATGAACACTGAAGCTTTCTTTGGACAA"	"CASSLNSAVMNTEAFF"	"TCRBV5-1*1"	NA	"TCRBJ1-1*1"	48	52	55	61	4	6	NA	NA	"ACCTTGGAGCTGGGGGACTCGGCCCTTTATCTTTGCGCCAGCAGCTTGAATTCAGCAGTAATGAACACTGAAGCTTTCTTTGGACAA"	FALSE	TRUE	NA	NA	NA	NA
"AACATGAGCTCCTTGGAGCTGGGGGACTCAGCCCTGTACTTCTGTGCCAGCAGCTTCCGTCCGCCCAATGAGCAGTTCTTCGGGCCA"	"CASSFRPPNEQFF"	"AACATGAGCTCCTTGGAGCTGGGGGACTCAGCCCTGTACTTCTGTGCCAGCAGCTTCCGTCCGCCCAATGAGCAGTTCTTCGGGCCA"	"CASSFRPPNEQFF"	"TCRBV13-1*1"	NA	"TCRBJ2-1*1"	56	62	64	65	6	1	NA	NA	"AACATGAGCTCCTTGGAGCTGGGGGACTCAGCCCTGTACTTCTGTGCCAGCAGCTTCCGTCCGCCCAATGAGCAGTTCTTCGGGCCA"	FALSE	TRUE	NA	NA	NA	NA
"GCCTTGGAGCTGGACGACTCGGCCCTGTATCTCTGTGCCAGCAGCTTGGAGCCTCGGACGGTTCCCTACGAGCAGTACTTCGGGCCG"	"CASSLEPRTVPYEQYF"	"GCCTTGGAGCTGGACGACTCGGCCCTGTATCTCTGTGCCAGCAGCTTGGAGCCTCGGACGGTTCCCTACGAGCAGTACTTCGGGCCG"	"CASSLEPRTVPYEQYF"	"TCRBV5-4*1"	NA	"TCRBJ2-7*1"	49	55	59	64	6	5	NA	NA	"GCCTTGGAGCTGGACGACTCGGCCCTGTATCTCTGTGCCAGCAGCTTGGAGCCTCGGACGGTTCCCTACGAGCAGTACTTCGGGCCG"	FALSE	TRUE	NA	NA	NA	NA
"TCGGCTGCTCCCTCCCAGACATCTGTGTACTTCTGTGCCAGCAGCCATGGCCTCGGGACACTAGATCAGCCCCAGCATTTTGGTGAT"	"CASSHGLGTLDQPQHF"	"TCGGCTGCTCCCTCCCAGACATCTGTGTACTTCTGTGCCAGCAGCCATGGCCTCGGGACACTAGATCAGCCCCAGCATTTTGGTGAT"	"CASSHGLGTLDQPQHF"	NA	"TCRBD1-1*1"	"TCRBJ1-5*1"	44	54	60	64	10	4	NA	NA	"TCGGCTGCTCCCTCCCAGACATCTGTGTACTTCTGTGCCAGCAGCCATGGCCTCGGGACACTAGATCAGCCCCAGCATTTTGGTGAT"	FALSE	TRUE	NA	NA	NA	NA
"GCCAGGCCCTCACATACCTCTCAGTACCTCTGTGCCAGCAGTGCCAGTGCCCGAGTACTGGGCACAGATACGCAGTATTTTGGCCCA"	"CASSASARVLGTDTQYF"	"GCCAGGCCCTCACATACCTCTCAGTACCTCTGTGCCAGCAGTGCCAGTGCCCGAGTACTGGGCACAGATACGCAGTATTTTGGCCCA"	"CASSASARVLGTDTQYF"	"TCRBV25-1*1"	NA	"TCRBJ2-3*1"	43	44	47	61	1	14	NA	NA	"GCCAGGCCCTCACATACCTCTCAGTACCTCTGTGCCAGCAGTGCCAGTGCCCGAGTACTGGGCACAGATACGCAGTATTTTGGCCCA"	FALSE	TRUE	NA	NA	NA	NA
"GCCCTGCAGCCAGAAGACTCAGCCCTGTATCTCTGCGCCAGCAGCCCTTTCGGGACTAGCTGGACCGGGGAGCTGTTTTTTGGAGAA"	"CASSPFGTSWTGELFF"	"GCCCTGCAGCCAGAAGACTCAGCCCTGTATCTCTGCGCCAGCAGCCCTTTCGGGACTAGCTGGACCGGGGAGCTGTTTTTTGGAGAA"	"CASSPFGTSWTGELFF"	"TCRBV4-1*1"	"TCRBD2-1"	"TCRBJ2-2*1"	46	51	60	63	5	3	NA	NA	"GCCCTGCAGCCAGAAGACTCAGCCCTGTATCTCTGCGCCAGCAGCCCTTTCGGGACTAGCTGGACCGGGGAGCTGTTTTTTGGAGAA"	FALSE	TRUE	NA	NA	NA	NA
"CTGAGCTCTCTGGAGCTGGGGGACTCAGCTTTGTATTTCTGTGCCAGCAGCCCTCAGGGGATGTCCTACGAGCAGTACTTCGGGCCG"	"CASSPQGMSYEQYF"	"CTGAGCTCTCTGGAGCTGGGGGACTCAGCTTTGTATTTCTGTGCCAGCAGCCCTCAGGGGATGTCCTACGAGCAGTACTTCGGGCCG"	"CASSPQGMSYEQYF"	"TCRBV9-1*1"	"TCRBD1-1*1"	"TCRBJ2-7*1"	51	54	60	63	3	3	NA	NA	"CTGAGCTCTCTGGAGCTGGGGGACTCAGCTTTGTATTTCTGTGCCAGCAGCCCTCAGGGGATGTCCTACGAGCAGTACTTCGGGCCG"	FALSE	TRUE	NA	NA	NA	NA
"CTGCAGCAAGAAGACTCAGCTGCGTATCTCTGCACCAGCAGCCCCAATGTGAGCGGGAGGCCCCCAGATACGCAGTATTTTGGCCCA"	"CTSSPNVSGRPPDTQYF"	"CTGCAGCAAGAAGACTCAGCTGCGTATCTCTGCACCAGCAGCCCCAATGTGAGCGGGAGGCCCCCAGATACGCAGTATTTTGGCCCA"	"CTSSPNVSGRPPDTQYF"	"TCRBV1-1*1"	"TCRBD2-1*2"	"TCRBJ2-3*1"	43	51	60	64	8	4	NA	NA	"CTGCAGCAAGAAGACTCAGCTGCGTATCTCTGCACCAGCAGCCCCAATGTGAGCGGGAGGCCCCCAGATACGCAGTATTTTGGCCCA"	FALSE	TRUE	NA	NA	NA	NA
"CTGAGTTCTAAGAAGCTCCTTCTCAGTGACTCTGGCTTCTATCTCTGTGCCTGGAGATCTGTATACACTGAAGCTTTCTTTGGACAA"	"CAWRSVYTEAFF"	"CTGAGTTCTAAGAAGCTCCTTCTCAGTGACTCTGGCTTCTATCTCTGTGCCTGGAGATCTGTATACACTGAAGCTTTCTTTGGACAA"	"CAWRSVYTEAFF"	"TCRBV3-1*1"	"TCRBD2-1"	"TCRBJ1-1*1"	56	58	60	64	2	4	NA	NA	"CTGAGTTCTAAGAAGCTCCTTCTCAGTGACTCTGGCTTCTATCTCTGTGCCTGGAGATCTGTATACACTGAAGCTTTCTTTGGACAA"	FALSE	TRUE	NA	NA	NA	NA
"GTCGCCCAGCCCCAACCAGACCTCTCTGTACTTCTGTGCCAGCAGTCCCACCCGGACAGGTACACCGGGGAGCTGTTTTTTGGAGAA"	""	"GTCGCCCAGCCCCAACCAGACCTCTCTGTACTTCTGTGCCAGCAGTCCCACCCGGACAGGTACACCGGGGAGCTGTTTTTTGGAGAA"	""	"TCRBV27-1*1"	"TCRBD1-1*1"	"TCRBJ2-2*1"	46	53	60	61	7	1	NA	NA	"GTCGCCCAGCCCCAACCAGACCTCTCTGTACTTCTGTGCCAGCAGTCCCACCCGGACAGGTACACCGGGGAGCTGTTTTTTGGAGAA"	FALSE	FALSE	NA	NA	NA	NA
"CGTCTGCTGTACCCTCTCAGACATCTGTGTACTTCTGTGCCAGCAGTGGACAGACCAGATATTTACAATGAGCAGTTCTTCGGGCCG"	""	"CGTCTGCTGTACCCTCTCAGACATCTGTGTACTTCTGTGCCAGCAGTGGACAGACCAGATATTTACAATGAGCAGTTCTTCGGGCCG"	""	"TCRBV6-4*1"	"TCRBD1-1*1"	"TCRBJ2-7*1"	-1	48	53	77	49	24	NA	NA	"CGTCTGCTGTACCCTCTCAGACATCTGTGTACTTCTGTGCCAGCAGTGGACAGACCAGATATTTACAATGAGCAGTTCTTCGGGCCG"	FALSE	FALSE	NA	NA	NA	NA
"NTGTCGGCTGCTCCCTCCCAGACATCTGTGTACTTCTGTGCCACCCAGTCTGCGGGACAGGGCGTCAACGAGCAGTACTTCGGGCCG"	"CATQSAGQGVNEQYF"	"NTGTCGGCTGCTCCCTCCCAGACATCTGTGTACTTCTGTGCCACCCAGTCTGCGGGACAGGGCGTCAACGAGCAGTACTTCGGGCCG"	"CATQSAGQGVNEQYF"	"TCRBV6-5*1"	"TCRBD1-1*1"	"TCRBJ2-7*1"	43	53	62	67	10	5	NA	NA	"NTGTCGGCTGCTCCCTCCCAGACATCTGTGTACTTCTGTGCCACCCAGTCTGCGGGACAGGGCGTCAACGAGCAGTACTTCGGGCCG"	FALSE	TRUE	NA	NA	NA	NA
"TCAGGGGACACAGCACTGTATTTCTGTGCCAGCAGCAAATACTCGCGAGTAAGACCTCATGGAGGCTACGAGCAGTACTTCGGGCCG"	"CASSKYSRVRPHGGYEQYF"	"TCAGGGGACACAGCACTGTATTTCTGTGCCAGCAGCAAATACTCGCGAGTAAGACCTCATGGAGGCTACGAGCAGTACTTCGGGCCG"	"CASSKYSRVRPHGGYEQYF"	"TCRBV21-1*1"	"TCRBD2-1*2"	"TCRBJ2-7*1"	39	60	-1	65	21	66	NA	NA	"TCAGGGGACACAGCACTGTATTTCTGTGCCAGCAGCAAATACTCGCGAGTAAGACCTCATGGAGGCTACGAGCAGTACTTCGGGCCG"	FALSE	TRUE	NA	NA	NA	NA
"CCTGGAGTCGCCCAGCCCCAACCAGACCTCTCTGTACTTCTGTGCCAGCAGATAGCAGGGGTTGCCACTGAAGCTTTCTTTGGACAA"	""	"CCTGGAGTCGCCCAGCCCCAACCAGACCTCTCTGTACTTCTGTGCCAGCAGATAGCAGGGGTTGCCACTGAAGCTTTCTTTGGACAA"	""	"TCRBV27-1*1"	"TCRBD1-1*1"	"TCRBJ1-1*1"	51	55	61	65	4	4	NA	NA	"CCTGGAGTCGCCCAGCCCCAACCAGACCTCTCTGTACTTCTGTGCCAGCAGATAGCAGGGGTTGCCACTGAAGCTTTCTTTGGACAA"	FALSE	FALSE	NA	NA	NA	NA
"ACAGAGCAGGAGGACTCGGCCGTGTATCTCTGTGCCAGCAGCTTAGCCTCTAGCGGGAGCCCTCAAGAGACCCAGTACTTCGGGCCA"	"CASSLASSGSPQETQYF"	"ACAGAGCAGGAGGACTCGGCCGTGTATCTCTGTGCCAGCAGCTTAGCCTCTAGCGGGAGCCCTCAAGAGACCCAGTACTTCGGGCCA"	"CASSLASSGSPQETQYF"	"TCRBV7-2"	"TCRBD2-1*2"	"TCRBJ2-5*1"	47	49	59	63	2	4	NA	NA	"ACAGAGCAGGAGGACTCGGCCGTGTATCTCTGTGCCAGCAGCTTAGCCTCTAGCGGGAGCCCTCAAGAGACCCAGTACTTCGGGCCA"	FALSE	TRUE	NA	NA	NA	NA
"AGCACCTTGGAGCTGGGGGACTCGGCCCTTTATCTTTGCGCCAGCAGCTGGACAGGCTTATCAGGAGACATTCAGTACTTCGGCGCC"	"CASSWTGLSGDIQYF"	"AGCACCTTGGAGCTGGGGGACTCGGCCCTTTATCTTTGCGCCAGCAGCTGGACAGGCTTATCAGGAGACATTCAGTACTTCGGCGCC"	"CASSWTGLSGDIQYF"	"TCRBV5-1*1"	"TCRBD1-1*1"	"TCRBJ2-4*1"	-1	49	56	67	50	11	NA	NA	"AGCACCTTGGAGCTGGGGGACTCGGCCCTTTATCTTTGCGCCAGCAGCTGGACAGGCTTATCAGGAGACATTCAGTACTTCGGCGCC"	FALSE	TRUE	NA	NA	NA	NA
"AATTCCCTGGAGCTTGGTGACTCTGCTGTGTATTTCTGTGCCAGCAGCAAAAACAGGGGCTATACCGGGGAGCTGTTTTTTGGAGAA"	"CASSKNRGYTGELFF"	"AATTCCCTGGAGCTTGGTGACTCTGCTGTGTATTTCTGTGCCAGCAGCAAAAACAGGGGCTATACCGGGGAGCTGTTTTTTGGAGAA"	"CASSKNRGYTGELFF"	"TCRBV3-1/3-2*1"	"TCRBD1-1*1"	"TCRBJ2-2*1"	48	52	59	63	4	4	NA	NA	"AATTCCCTGGAGCTTGGTGACTCTGCTGTGTATTTCTGTGCCAGCAGCAAAAACAGGGGCTATACCGGGGAGCTGTTTTTTGGAGAA"	FALSE	TRUE	NA	NA	NA	NA
"ACTGTGACATCGGCCCAAAAGAACCCGACAGCTTTCTATCTCTGTGCCAGCAAATTCAGCGGGGTGGACGAGCAGTACTTCGGGCCG"	"CASKFSGVDEQYF"	"ACTGTGACATCGGCCCAAAAGAACCCGACAGCTTTCTATCTCTGTGCCAGCAAATTCAGCGGGGTGGACGAGCAGTACTTCGGGCCG"	"CASKFSGVDEQYF"	"TCRBV19-1*1"	"TCRBD2-1*1"	"TCRBJ2-7*1"	50	57	64	67	7	3	NA	NA	"ACTGTGACATCGGCCCAAAAGAACCCGACAGCTTTCTATCTCTGTGCCAGCAAATTCAGCGGGGTGGACGAGCAGTACTTCGGGCCG"	FALSE	TRUE	NA	NA	NA	NA
"TCCACGGAGTCAGGGGACACAGCACTGTATTTCTGTGCCAGCAGCAATGAGGCGGGAGCGAACACCGGGGAGCTGTTTTTTGGAGAA"	"CASSNEAGANTGELFF"	"TCCACGGAGTCAGGGGACACAGCACTGTATTTCTGTGCCAGCAGCAATGAGGCGGGAGCGAACACCGGGGAGCTGTTTTTTGGAGAA"	"CASSNEAGANTGELFF"	"TCRBV21-1*1"	"TCRBD2-1*2"	"TCRBJ2-2*1"	47	51	-1	58	4	59	NA	NA	"TCCACGGAGTCAGGGGACACAGCACTGTATTTCTGTGCCAGCAGCAATGAGGCGGGAGCGAACACCGGGGAGCTGTTTTTTGGAGAA"	FALSE	TRUE	NA	NA	NA	NA
"CTGAGCTCTCTGGAGCTGGGGGACTCAGCTTTGTATTTCTGTGCCAGCAGCCTACGAGGGTTCACAGATACGCAGTATTTTGGCCCA"	"CASSLRGFTDTQYF"	"CTGAGCTCTCTGGAGCTGGGGGACTCAGCTTTGTATTTCTGTGCCAGCAGCCTACGAGGGTTCACAGATACGCAGTATTTTGGCCCA"	"CASSLRGFTDTQYF"	"TCRBV9-1*1"	"TCRBD2-1*2"	"TCRBJ2-3*1"	51	55	60	62	4	2	NA	NA	"CTGAGCTCTCTGGAGCTGGGGGACTCAGCTTTGTATTTCTGTGCCAGCAGCCTACGAGGGTTCACAGATACGCAGTATTTTGGCCCA"	FALSE	TRUE	NA	NA	NA	NA
"CAGCCTGCAAAGCTTGAGGACTCGGCCGTGTATCTCTGTGCCAGCAGCTTACGGGGTGGTAGCAATGAAAAACTGTTTTTTGGCAGT"	"CASSLRGGSNEKLFF"	"CAGCCTGCAAAGCTTGAGGACTCGGCCGTGTATCTCTGTGCCAGCAGCTTACGGGGTGGTAGCAATGAAAAACTGTTTTTTGGCAGT"	"CASSLRGGSNEKLFF"	"TCRBV11-2*1"	"TCRBD2-1*1"	"TCRBJ1-4*1"	-1	51	56	63	52	7	NA	NA	"CAGCCTGCAAAGCTTGAGGACTCGGCCGTGTATCTCTGTGCCAGCAGCTTACGGGGTGGTAGCAATGAAAAACTGTTTTTTGGCAGT"	FALSE	TRUE	NA	NA	NA	NA
"ACGATCCAGCGCACAGAGCAGCGGGACTCGGCCATGTATCGCTGTGCCAGCAGCTCCGCCACCTACAATGAGCAGTTCTTCGGGCCA"	"CASSSATYNEQFF"	"ACGATCCAGCGCACAGAGCAGCGGGACTCGGCCATGTATCGCTGTGCCAGCAGCTCCGCCACCTACAATGAGCAGTTCTTCGGGCCA"	"CASSSATYNEQFF"	"TCRBV7-6*1"	NA	"TCRBJ2-1*1"	55	59	-1	61	4	62	NA	NA	"ACGATCCAGCGCACAGAGCAGCGGGACTCGGCCATGTATCGCTGTGCCAGCAGCTCCGCCACCTACAATGAGCAGTTCTTCGGGCCA"	FALSE	TRUE	NA	NA	NA	NA
"GTGCAGCCTGCAGAACTGGAGGATTCTGGAGTTTATTTCTGTGCCAGCAGCCTACAAACGACGGGCTACGAGCAGTACTTCGGGCCG"	"CASSLQTTGYEQYF"	"GTGCAGCCTGCAGAACTGGAGGATTCTGGAGTTTATTTCTGTGCCAGCAGCCTACAAACGACGGGCTACGAGCAGTACTTCGGGCCG"	"CASSLQTTGYEQYF"	"TCRBV14-1*1"	"TCRBD2-1"	"TCRBJ2-7*1"	52	61	-1	65	9	66	NA	NA	"GTGCAGCCTGCAGAACTGGAGGATTCTGGAGTTTATTTCTGTGCCAGCAGCCTACAAACGACGGGCTACGAGCAGTACTTCGGGCCG"	FALSE	TRUE	NA	NA	NA	NA
"AGCACCAACCAGACATCTATGTACCTCTGTGCCAGCAGTTTGATGGGACTAGCGGGAGGGCCGGGGGATACGCAGTATTTTGGCCCA"	"CASSLMGLAGGPGDTQYF"	"AGCACCAACCAGACATCTATGTACCTCTGTGCCAGCAGTTTGATGGGACTAGCGGGAGGGCCGGGGGATACGCAGTATTTTGGCCCA"	"CASSLMGLAGGPGDTQYF"	"TCRBV28-1*1"	"TCRBD2-1*2"	"TCRBJ2-3*1"	41	44	60	66	3	6	NA	NA	"AGCACCAACCAGACATCTATGTACCTCTGTGCCAGCAGTTTGATGGGACTAGCGGGAGGGCCGGGGGATACGCAGTATTTTGGCCCA"	FALSE	TRUE	NA	NA	NA	NA
"AATGTGAACGCCTTGGAGCTGGACGACTCGGCCCTGTATCTCTGTGCCAGCAGCCCGGTGGGTGCCTCCGAGCAGTACTTCGGGCCG"	"CASSPVGASEQYF"	"AATGTGAACGCCTTGGAGCTGGACGACTCGGCCCTGTATCTCTGTGCCAGCAGCCCGGTGGGTGCCTCCGAGCAGTACTTCGGGCCG"	"CASSPVGASEQYF"	"TCRBV5-4*1"	NA	"TCRBJ2-7*1"	54	59	62	68	5	6	NA	NA	"AATGTGAACGCCTTGGAGCTGGACGACTCGGCCCTGTATCTCTGTGCCAGCAGCCCGGTGGGTGCCTCCGAGCAGTACTTCGGGCCG"	FALSE	TRUE	NA	NA	NA	NA
"TCCCTGGAGCTTGGTGACTCTGCTGTGTATTTCTGTGCCAGCAGCCAAGTTGGGGGAGACGGGACAGATACGCAGTATTTTGGCCCA"	"CASSQVGGDGTDTQYF"	"TCCCTGGAGCTTGGTGACTCTGCTGTGTATTTCTGTGCCAGCAGCCAAGTTGGGGGAGACGGGACAGATACGCAGTATTTTGGCCCA"	"CASSQVGGDGTDTQYF"	"TCRBV3-1/3-2*1"	NA	"TCRBJ2-3*1"	49	51	56	63	2	7	NA	NA	"TCCCTGGAGCTTGGTGACTCTGCTGTGTATTTCTGTGCCAGCAGCCAAGTTGGGGGAGACGGGACAGATACGCAGTATTTTGGCCCA"	FALSE	TRUE	NA	NA	NA	NA
"NTGTCGGCTGCTCCCTCCCAGACATCTGTGTACTTCTGTGCCAGCAGCCCCAGGGGGCACTGGGGTCAGCCCCAGCATTTTGGTGAT"	"CASSPRGHWGQPQHF"	"NTGTCGGCTGCTCCCTCCCAGACATCTGTGTACTTCTGTGCCAGCAGCCCCAGGGGGCACTGGGGTCAGCCCCAGCATTTTGGTGAT"	"CASSPRGHWGQPQHF"	"TCRBV6-5*1"	"TCRBD1-1*1"	"TCRBJ1-5*1"	47	50	58	65	3	7	NA	NA	"NTGTCGGCTGCTCCCTCCCAGACATCTGTGTACTTCTGTGCCAGCAGCCCCAGGGGGCACTGGGGTCAGCCCCAGCATTTTGGTGAT"	FALSE	TRUE	NA	NA	NA	NA
"CCTTGTTGCTGGGGGACTCGGCCCTGTATCTCTGTGCCAGCAGCTTGGAGGAGGGAGGGGATTGGCAATGAGCAGTTCTTCGGGCCA"	""	"CCTTGTTGCTGGGGGACTCGGCCCTGTATCTCTGTGCCAGCAGCTTGGAGGAGGGAGGGGATTGGCAATGAGCAGTTCTTCGGGCCA"	""	"TCRBV5-5*1"	"TCRBD2-1*2"	"TCRBJ2-1*1"	48	52	59	65	4	6	NA	NA	"CCTTGTTGCTGGGGGACTCGGCCCTGTATCTCTGTGCCAGCAGCTTGGAGGAGGGAGGGGATTGGCAATGAGCAGTTCTTCGGGCCA"	FALSE	FALSE	NA	NA	NA	NA
"AAGCTTGAGGACTCGGCCGTGTATCTCTGTGCCAGCAGCTTAGATCTGTGGAACGGGAGGTCTGTGGATGAGCAGTTCTTCGGGCCA"	"CASSLDLWNGRSVDEQFF"	"AAGCTTGAGGACTCGGCCGTGTATCTCTGTGCCAGCAGCTTAGATCTGTGGAACGGGAGGTCTGTGGATGAGCAGTTCTTCGGGCCA"	"CASSLDLWNGRSVDEQFF"	"TCRBV11-2"	"TCRBD2-1*2"	"TCRBJ2-1*1"	44	53	60	67	9	7	NA	NA	"AAGCTTGAGGACTCGGCCGTGTATCTCTGTGCCAGCAGCTTAGATCTGTGGAACGGGAGGTCTGTGGATGAGCAGTTCTTCGGGCCA"	FALSE	TRUE	NA	NA	NA	NA
"AACCTGAGCTCTCTGGAGCTGGGGGACTCAGCTTTGTATTTCTGTGCCAGCAGCGTAATAGGGACCGGGGAGCTGTTTTTTGGAGAA"	"CASSVIGTGELFF"	"AACCTGAGCTCTCTGGAGCTGGGGGACTCAGCTTTGTATTTCTGTGCCAGCAGCGTAATAGGGACCGGGGAGCTGTTTTTTGGAGAA"	"CASSVIGTGELFF"	"TCRBV9-1*1"	NA	"TCRBJ2-2*1"	57	59	-1	63	2	64	NA	NA	"AACCTGAGCTCTCTGGAGCTGGGGGACTCAGCTTTGTATTTCTGTGCCAGCAGCGTAATAGGGACCGGGGAGCTGTTTTTTGGAGAA"	FALSE	TRUE	NA	NA	NA	NA
"TCAGCTACCCGCTCCCAGACATCTGTGTATTTCTGCGCCAGCAGTGAGTCCTTTCGTACAGGGCTGAACGAGCAGTACTTCGGGCCG"	"CASSESFRTGLNEQYF"	"TCAGCTACCCGCTCCCAGACATCTGTGTATTTCTGCGCCAGCAGTGAGTCCTTTCGTACAGGGCTGAACGAGCAGTACTTCGGGCCG"	"CASSESFRTGLNEQYF"	"TCRBV1-2*1"	"TCRBD1-1*1"	"TCRBJ2-7*1"	50	57	63	67	7	4	NA	NA	"TCAGCTACCCGCTCCCAGACATCTGTGTATTTCTGCGCCAGCAGTGAGTCCTTTCGTACAGGGCTGAACGAGCAGTACTTCGGGCCG"	FALSE	TRUE	NA	NA	NA	NA
"CACACCCTGCAGCCAGAAGACTCGGCCCTGTATCTCTGCGCCAGCAGCCAAGTCACGGGGGAGTCCTTTGGCTACACCTTCGGTTCG"	"CASSQVTGESFGYTF"	"CACACCCTGCAGCCAGAAGACTCGGCCCTGTATCTCTGCGCCAGCAGCCAAGTCACGGGGGAGTCCTTTGGCTACACCTTCGGTTCG"	"CASSQVTGESFGYTF"	"TCRBV4-3*1"	"TCRBD2-1*1"	"TCRBJ1-2*1"	52	55	61	68	3	7	NA	NA	"CACACCCTGCAGCCAGAAGACTCGGCCCTGTATCTCTGCGCCAGCAGCCAAGTCACGGGGGAGTCCTTTGGCTACACCTTCGGTTCG"	FALSE	TRUE	NA	NA	NA	NA
"CGCACAGAGCAGGGGGACTCGGCCATGTATCTCTGTGCCAGCAGCCCAGGGGCGAGGGTCCCGGCAGATACGCAGTATTTTGGCCCA"	"CASSPGARVPADTQYF"	"CGCACAGAGCAGGGGGACTCGGCCATGTATCTCTGTGCCAGCAGCCCAGGGGCGAGGGTCCCGGCAGATACGCAGTATTTTGGCCCA"	"CASSPGARVPADTQYF"	"TCRBV7-9*1"	"TCRBD1-1*1"	"TCRBJ2-3*1"	45	46	52	64	1	12	NA	NA	"CGCACAGAGCAGGGGGACTCGGCCATGTATCTCTGTGCCAGCAGCCCAGGGGCGAGGGTCCCGGCAGATACGCAGTATTTTGGCCCA"	FALSE	TRUE	NA	NA	NA	NA
"CACGGAGTCAGGGGACACAGCACTGTATTTCTGTGCCAGCAGCAAAGAGGGGGGGCAATGAACACCGGGGAGCTGTTTTTTGGAGAA"	""	"CACGGAGTCAGGGGACACAGCACTGTATTTCTGTGCCAGCAGCAAAGAGGGGGGGCAATGAACACCGGGGAGCTGTTTTTTGGAGAA"	""	"TCRBV21-1*1"	"TCRBD2-1*1"	"TCRBJ2-2*1"	47	48	55	59	1	4	NA	NA	"CACGGAGTCAGGGGACACAGCACTGTATTTCTGTGCCAGCAGCAAAGAGGGGGGGCAATGAACACCGGGGAGCTGTTTTTTGGAGAA"	FALSE	FALSE	NA	NA	NA	NA
"AAGAAGCTCCTTCTCAGTGACTCTGGCTTCTATCTCTGTGCCTGGAGTCGGGGGAACCCCTCTTCGTTCGAGCAGTACTTCGGGCCG"	"CAWSRGNPSSFEQYF"	"AAGAAGCTCCTTCTCAGTGACTCTGGCTTCTATCTCTGTGCCTGGAGTCGGGGGAACCCCTCTTCGTTCGAGCAGTACTTCGGGCCG"	"CAWSRGNPSSFEQYF"	"TCRBV3-1*1"	"TCRBD2-1*1"	"TCRBJ2-7*1"	-1	48	54	68	49	14	NA	NA	"AAGAAGCTCCTTCTCAGTGACTCTGGCTTCTATCTCTGTGCCTGGAGTCGGGGGAACCCCTCTTCGTTCGAGCAGTACTTCGGGCCG"	FALSE	TRUE	NA	NA	NA	NA
"ATTCAGCGCACAGAGCAGCGGGACTCGGCCATGTATCGCTGTGCCAGCAGAAGCGGGCCACTGGTAGAGACCCAGTACTTCGGGCCA"	"CASRSGPLVETQYF"	"ATTCAGCGCACAGAGCAGCGGGACTCGGCCATGTATCGCTGTGCCAGCAGAAGCGGGCCACTGGTAGAGACCCAGTACTTCGGGCCA"	"CASRSGPLVETQYF"	NA	"TCRBD2-1"	"TCRBJ2-5*1"	50	51	57	65	1	8	NA	NA	"ATTCAGCGCACAGAGCAGCGGGACTCGGCCATGTATCGCTGTGCCAGCAGAAGCGGGCCACTGGTAGAGACCCAGTACTTCGGGCCA"	FALSE	TRUE	NA	NA	NA	NA
"CTGAGCTCTCTGGAGCTGGGGGACTCAGCTTTGTATTTCTGTGCCAGCAGCGCTTTCTCTGGGGCCAACGTCCTGACTTTCGGGGCC"	"CASSAFSGANVLTF"	"CTGAGCTCTCTGGAGCTGGGGGACTCAGCTTTGTATTTCTGTGCCAGCAGCGCTTTCTCTGGGGCCAACGTCCTGACTTTCGGGGCC"	"CASSAFSGANVLTF"	"TCRBV9-1*1"	"TCRBD2-1"	"TCRBJ2-6*1"	-1	52	54	56	53	2	NA	NA	"CTGAGCTCTCTGGAGCTGGGGGACTCAGCTTTGTATTTCTGTGCCAGCAGCGCTTTCTCTGGGGCCAACGTCCTGACTTTCGGGGCC"	FALSE	TRUE	NA	NA	NA	NA
"ACTGTGAGCAACATGAGCCCTGAAGACAGCAGCATATATCTCTGCAGCGTATCTACAGGGGCATACAATGAGCAGTTCTTCGGGCCA"	"CSVSTGAYNEQFF"	"ACTGTGAGCAACATGAGCCCTGAAGACAGCAGCATATATCTCTGCAGCGTATCTACAGGGGCATACAATGAGCAGTTCTTCGGGCCA"	"CSVSTGAYNEQFF"	"TCRBV29-1"	"TCRBD1-1*1"	"TCRBJ2-1*1"	50	54	61	63	4	2	NA	NA	"ACTGTGAGCAACATGAGCCCTGAAGACAGCAGCATATATCTCTGCAGCGTATCTACAGGGGCATACAATGAGCAGTTCTTCGGGCCA"	FALSE	TRUE	NA	NA	NA	NA
"GATTCAGCGCACAGAGCAGCGGGACTCAGCCATGTATCGCTGTGCTAGCAGCTGGACAGGGGGAACTATGGCTACACCTTCGGTTCG"	""	"GATTCAGCGCACAGAGCAGCGGGACTCAGCCATGTATCGCTGTGCTAGCAGCTGGACAGGGGGAACTATGGCTACACCTTCGGTTCG"	""	"TCRBV7-7*1"	"TCRBD1-1*1"	"TCRBJ1-2*1"	-1	53	-1	63	54	64	NA	NA	"GATTCAGCGCACAGAGCAGCGGGACTCAGCCATGTATCGCTGTGCTAGCAGCTGGACAGGGGGAACTATGGCTACACCTTCGGTTCG"	FALSE	FALSE	NA	NA	NA	NA
"TTGGAGCTGGGGGACTCGGCCCTTTATCTTTGCGCCAGCAGCCTTGGACTAGCGGGAGGGATTGACAATGAGCAGTTCTTCGGGCCA"	"CASSLGLAGGIDNEQFF"	"TTGGAGCTGGGGGACTCGGCCCTTTATCTTTGCGCCAGCAGCCTTGGACTAGCGGGAGGGATTGACAATGAGCAGTTCTTCGGGCCA"	"CASSLGLAGGIDNEQFF"	"TCRBV5-1*1"	"TCRBD2-1*2"	"TCRBJ2-1*1"	42	45	60	64	3	4	NA	NA	"TTGGAGCTGGGGGACTCGGCCCTTTATCTTTGCGCCAGCAGCCTTGGACTAGCGGGAGGGATTGACAATGAGCAGTTCTTCGGGCCA"	FALSE	TRUE	NA	NA	NA	NA
"AGTCGCCCAGCCCCAACCAGACCTCTCTGTACTTCTGTGCGGTGGCGCTAGCGGGAGGCGAGCACAGATACGCAGTATTTTGGCCCA"	""	"AGTCGCCCAGCCCCAACCAGACCTCTCTGTACTTCTGTGCGGTGGCGCTAGCGGGAGGCGAGCACAGATACGCAGTATTTTGGCCCA"	""	"TCRBV27-1*1"	"TCRBD2-1*2"	"TCRBJ2-3*1"	40	47	58	60	7	2	NA	NA	"AGTCGCCCAGCCCCAACCAGACCTCTCTGTACTTCTGTGCGGTGGCGCTAGCGGGAGGCGAGCACAGATACGCAGTATTTTGGCCCA"	FALSE	FALSE	NA	NA	NA	NA
"ACACAGCAGGAGGACTCCGCCGTGTATCTCTGTGCCAGCAGCTTCCAACCTCGACTAGCGCTCTCCTACGAGCAGTACTTCGGGCCG"	"CASSFQPRLALSYEQYF"	"ACACAGCAGGAGGACTCCGCCGTGTATCTCTGTGCCAGCAGCTTCCAACCTCGACTAGCGCTCTCCTACGAGCAGTACTTCGGGCCG"	"CASSFQPRLALSYEQYF"	"TCRBV7-8*1"	"TCRBD2-1"	"TCRBJ2-7*1"	44	52	60	62	8	2	NA	NA	"ACACAGCAGGAGGACTCCGCCGTGTATCTCTGTGCCAGCAGCTTCCAACCTCGACTAGCGCTCTCCTACGAGCAGTACTTCGGGCCG"	FALSE	TRUE	NA	NA	NA	NA
"ACAGTGACCAGTGCCCATCCTGAAGACAGCAGCTTCTACATCTGCAGTGCTAGACGCAGAATAGCAGATACGCAGTATTTTGGCCCA"	"CSARRRIADTQYF"	"ACAGTGACCAGTGCCCATCCTGAAGACAGCAGCTTCTACATCTGCAGTGCTAGACGCAGAATAGCAGATACGCAGTATTTTGGCCCA"	"CSARRRIADTQYF"	NA	NA	"TCRBJ2-3*1"	54	56	59	64	2	5	NA	NA	"ACAGTGACCAGTGCCCATCCTGAAGACAGCAGCTTCTACATCTGCAGTGCTAGACGCAGAATAGCAGATACGCAGTATTTTGGCCCA"	FALSE	TRUE	NA	NA	NA	NA
"CCCGACAGCTTTCTATCTCTGTGCCAGTAGTACTGATGGGACTAGCGGGAGGGCCTAGTATCCTACAATGAGCAGTTCTTCGGGCCA"	""	"CCCGACAGCTTTCTATCTCTGTGCCAGTAGTACTGATGGGACTAGCGGGAGGGCCTAGTATCCTACAATGAGCAGTTCTTCGGGCCA"	""	"TCRBV19-1*1"	"TCRBD2-1*2"	"TCRBJ2-1*1"	32	37	53	60	5	7	NA	NA	"CCCGACAGCTTTCTATCTCTGTGCCAGTAGTACTGATGGGACTAGCGGGAGGGCCTAGTATCCTACAATGAGCAGTTCTTCGGGCCA"	FALSE	FALSE	NA	NA	NA	NA
"ATCCAGCCCTCAGAACCCAGGGACTCAGCTGTGTACTTCTGTGCCAGTTCTGGACAGCTCTCCTACAATGAGCAGTTCTTCGGGCCA"	"CASSGQLSYNEQFF"	"ATCCAGCCCTCAGAACCCAGGGACTCAGCTGTGTACTTCTGTGCCAGTTCTGGACAGCTCTCCTACAATGAGCAGTTCTTCGGGCCA"	"CASSGQLSYNEQFF"	NA	"TCRBD1-1*1"	"TCRBJ2-1*1"	47	51	57	59	4	2	NA	NA	"ATCCAGCCCTCAGAACCCAGGGACTCAGCTGTGTACTTCTGTGCCAGTTCTGGACAGCTCTCCTACAATGAGCAGTTCTTCGGGCCA"	FALSE	TRUE	NA	NA	NA	NA
"TCGGCTGCTCCCTCCCAGACATCTGTGTACTTCTGTGCCAGCAGTCCCGGGCAGACCTCAACTAATGAAAAACTGTTTTTTGGCAGT"	"CASSPGQTSTNEKLFF"	"TCGGCTGCTCCCTCCCAGACATCTGTGTACTTCTGTGCCAGCAGTCCCGGGCAGACCTCAACTAATGAAAAACTGTTTTTTGGCAGT"	"CASSPGQTSTNEKLFF"	NA	NA	"TCRBJ1-4*1"	45	48	52	58	3	6	NA	NA	"TCGGCTGCTCCCTCCCAGACATCTGTGTACTTCTGTGCCAGCAGTCCCGGGCAGACCTCAACTAATGAAAAACTGTTTTTTGGCAGT"	FALSE	TRUE	NA	NA	NA	NA
"GCCCAAAAGAACCCGACAGCTTTCTATCTCTGTGCCAGTAGTATAGTTCTGACTAGCGGGAGAGAATACGAGCAGTACTTCGGGCCG"	"CASSIVLTSGREYEQYF"	"GCCCAAAAGAACCCGACAGCTTTCTATCTCTGTGCCAGTAGTATAGTTCTGACTAGCGGGAGAGAATACGAGCAGTACTTCGGGCCG"	"CASSIVLTSGREYEQYF"	"TCRBV19-1*1"	"TCRBD2-1*2"	"TCRBJ2-7*1"	46	50	62	66	4	4	NA	NA	"GCCCAAAAGAACCCGACAGCTTTCTATCTCTGTGCCAGTAGTATAGTTCTGACTAGCGGGAGAGAATACGAGCAGTACTTCGGGCCG"	FALSE	TRUE	NA	NA	NA	NA
"CAGTCCACGGAGTCAGGGGACACAGCACTGTATTTCTGTGCCAGCAGCAAAGTTTAGGGGAGGTACAATGAGCAGTTCTTCGGGCCA"	"CASSKV*GRYNEQFF"	"CAGTCCACGGAGTCAGGGGACACAGCACTGTATTTCTGTGCCAGCAGCAAAGTTTAGGGGAGGTACAATGAGCAGTTCTTCGGGCCA"	"CASSKV*GRYNEQFF"	"TCRBV21-1*1"	"TCRBD2-1*2"	"TCRBJ2-1*1"	52	57	-1	63	5	64	NA	NA	"CAGTCCACGGAGTCAGGGGACACAGCACTGTATTTCTGTGCCAGCAGCAAAGTTTAGGGGAGGTACAATGAGCAGTTCTTCGGGCCA"	FALSE	TRUE	NA	NA	NA	NA
"CTTGGTGACTCTGCTGTGTATTTCTGTGCCAGCAGCCAAGATGCCCCTAGCGGGAGGGCCGTCTACAATGAGCAGTTCTTCGGGCCA"	"CASSQDAPSGRAVYNEQFF"	"CTTGGTGACTCTGCTGTGTATTTCTGTGCCAGCAGCCAAGATGCCCCTAGCGGGAGGGCCGTCTACAATGAGCAGTTCTTCGGGCCA"	"CASSQDAPSGRAVYNEQFF"	"TCRBV3-1/3-2*1"	"TCRBD2-1*2"	"TCRBJ2-1*1"	41	46	58	62	5	4	NA	NA	"CTTGGTGACTCTGCTGTGTATTTCTGTGCCAGCAGCCAAGATGCCCCTAGCGGGAGGGCCGTCTACAATGAGCAGTTCTTCGGGCCA"	FALSE	TRUE	NA	NA	NA	NA
"CCAGCCCTCAGAACCCAGGGACTCAGCTGTGTACTTCTGTGCCAGCAGTTTGGTGGGGGGGGCAATCAGCCCCAGCATTTTGGTGAT"	""	"CCAGCCCTCAGAACCCAGGGACTCAGCTGTGTACTTCTGTGCCAGCAGTTTGGTGGGGGGGGCAATCAGCCCCAGCATTTTGGTGAT"	""	NA	"TCRBD2-1*1"	"TCRBJ1-5*1"	51	54	-1	61	3	62	NA	NA	"CCAGCCCTCAGAACCCAGGGACTCAGCTGTGTACTTCTGTGCCAGCAGTTTGGTGGGGGGGGCAATCAGCCCCAGCATTTTGGTGAT"	FALSE	FALSE	NA	NA	NA	NA
"GAGTCAGGGGACACAGCACTGTATTTCTGTGCCAGCAGCAAAGAAGGTGGGCCTAGGGAGGGCAATCAGCCCCAGCATTTTGGTGAT"	"CASSKEGGPREGNQPQHF"	"GAGTCAGGGGACACAGCACTGTATTTCTGTGCCAGCAGCAAAGAAGGTGGGCCTAGGGAGGGCAATCAGCCCCAGCATTTTGGTGAT"	"CASSKEGGPREGNQPQHF"	"TCRBV21-1*1"	"TCRBD2-1*2"	"TCRBJ1-5*1"	43	55	-1	61	12	62	NA	NA	"GAGTCAGGGGACACAGCACTGTATTTCTGTGCCAGCAGCAAAGAAGGTGGGCCTAGGGAGGGCAATCAGCCCCAGCATTTTGGTGAT"	FALSE	TRUE	NA	NA	NA	NA
"TCGGCTGCTCCCTCCCAGACATCTGTGTACTTCTGTGCCAGCAGTGAAGCTGCGGGAGGGGGCACAGATACGCAGTATTTTGGCCCA"	"CASSEAAGGGTDTQYF"	"TCGGCTGCTCCCTCCCAGACATCTGTGTACTTCTGTGCCAGCAGTGAAGCTGCGGGAGGGGGCACAGATACGCAGTATTTTGGCCCA"	"CASSEAAGGGTDTQYF"	"TCRBV6-1*1"	"TCRBD2-1*2"	"TCRBJ2-3*1"	50	51	60	61	1	1	NA	NA	"TCGGCTGCTCCCTCCCAGACATCTGTGTACTTCTGTGCCAGCAGTGAAGCTGCGGGAGGGGGCACAGATACGCAGTATTTTGGCCCA"	FALSE	TRUE	NA	NA	NA	NA
"GCCTGCAGAACTGGAGGATTCTGGAGTTTATTTCTGTGCCAGCAGCCAAGGGGCCGGCCTAGCTCCTACGAGCAGTACTTCGGGCCG"	""	"GCCTGCAGAACTGGAGGATTCTGGAGTTTATTTCTGTGCCAGCAGCCAAGGGGCCGGCCTAGCTCCTACGAGCAGTACTTCGGGCCG"	""	"TCRBV14-1*1"	NA	"TCRBJ2-7*1"	-1	50	54	62	51	8	NA	NA	"GCCTGCAGAACTGGAGGATTCTGGAGTTTATTTCTGTGCCAGCAGCCAAGGGGCCGGCCTAGCTCCTACGAGCAGTACTTCGGGCCG"	FALSE	FALSE	NA	NA	NA	NA
"ACATCGGCCCAAAAGAACCCGACAGCTTTCTATCTCTGTGCCAGTAGTATAACAGGGGTGGGAAATCAGCCCCAGCATTTTGGTGAT"	"CASSITGVGNQPQHF"	"ACATCGGCCCAAAAGAACCCGACAGCTTTCTATCTCTGTGCCAGTAGTATAACAGGGGTGGGAAATCAGCCCCAGCATTTTGGTGAT"	"CASSITGVGNQPQHF"	"TCRBV19-1*1"	"TCRBD1-1*1"	"TCRBJ1-5*1"	-1	51	58	63	52	5	NA	NA	"ACATCGGCCCAAAAGAACCCGACAGCTTTCTATCTCTGTGCCAGTAGTATAACAGGGGTGGGAAATCAGCCCCAGCATTTTGGTGAT"	FALSE	TRUE	NA	NA	NA	NA
"ACCAGTGCCCATCCTGAAGACAGCAGCTTCTACATCTGCAGTGCTAGAGACCGATTACTAGGCATCAATGAGCAGTTCTTCGGGCCA"	"CSARDRLLGINEQFF"	"ACCAGTGCCCATCCTGAAGACAGCAGCTTCTACATCTGCAGTGCTAGAGACCGATTACTAGGCATCAATGAGCAGTTCTTCGGGCCA"	"CSARDRLLGINEQFF"	NA	"TCRBD2-1"	"TCRBJ2-1*1"	50	56	61	65	6	4	NA	NA	"ACCAGTGCCCATCCTGAAGACAGCAGCTTCTACATCTGCAGTGCTAGAGACCGATTACTAGGCATCAATGAGCAGTTCTTCGGGCCA"	FALSE	TRUE	NA	NA	NA	NA
"CAGTCCACGGAGTCAGGGGACACAGCACTGTATTTCTGTGCCAGCAGCAAGGACTAGCGGAACACAGATACGCAGTATTTTGGCCCA"	"CASSKD*RNTDTQYF"	"CAGTCCACGGAGTCAGGGGACACAGCACTGTATTTCTGTGCCAGCAGCAAGGACTAGCGGAACACAGATACGCAGTATTTTGGCCCA"	"CASSKD*RNTDTQYF"	"TCRBV21-1*1"	"TCRBD2-1"	"TCRBJ2-3*1"	-1	50	60	62	51	2	NA	NA	"CAGTCCACGGAGTCAGGGGACACAGCACTGTATTTCTGTGCCAGCAGCAAGGACTAGCGGAACACAGATACGCAGTATTTTGGCCCA"	FALSE	TRUE	NA	NA	NA	NA
"ACCCTGCAGCCAGAAGACTCGGCCCTGTATCTCTGTGCCAGCAGCCAAGACCCGGGACAGGGGAATTCACCCCTCCACTTTGGGAAT"	"CASSQDPGQGNSPLHF"	"ACCCTGCAGCCAGAAGACTCGGCCCTGTATCTCTGTGCCAGCAGCCAAGACCCGGGACAGGGGAATTCACCCCTCCACTTTGGGAAT"	"CASSQDPGQGNSPLHF"	"TCRBV4-2*1"	"TCRBD1-1*1"	"TCRBJ1-6*1"	50	53	-1	63	3	64	NA	NA	"ACCCTGCAGCCAGAAGACTCGGCCCTGTATCTCTGTGCCAGCAGCCAAGACCCGGGACAGGGGAATTCACCCCTCCACTTTGGGAAT"	FALSE	TRUE	NA	NA	NA	NA
"CTGACAGTGACCAGTGCCCATCCTGAAGACAGCAGCTTCTACATCTGCAGTGCTACCCGGGAGTTCTACGAGCAGTACTTCGGGCCG"	"CSATREFYEQYF"	"CTGACAGTGACCAGTGCCCATCCTGAAGACAGCAGCTTCTACATCTGCAGTGCTACCCGGGAGTTCTACGAGCAGTACTTCGGGCCG"	"CSATREFYEQYF"	NA	"TCRBD2-1*2"	"TCRBJ2-7*1"	55	57	63	65	2	2	NA	NA	"CTGACAGTGACCAGTGCCCATCCTGAAGACAGCAGCTTCTACATCTGCAGTGCTACCCGGGAGTTCTACGAGCAGTACTTCGGGCCG"	FALSE	TRUE	NA	NA	NA	NA
"GTGAGCAACATGAGCCCTGAAGACAGCAGCATATATCTCTGCAGCGTTGGGGGGCGTCCTTTCACAGATACGCAGTATTTTGGCCCA"	"CSVGGRPFTDTQYF"	"GTGAGCAACATGAGCCCTGAAGACAGCAGCATATATCTCTGCAGCGTTGGGGGGCGTCCTTTCACAGATACGCAGTATTTTGGCCCA"	"CSVGGRPFTDTQYF"	"TCRBV29-1"	"TCRBD1-1*1"	"TCRBJ2-3*1"	-1	49	55	62	50	7	NA	NA	"GTGAGCAACATGAGCCCTGAAGACAGCAGCATATATCTCTGCAGCGTTGGGGGGCGTCCTTTCACAGATACGCAGTATTTTGGCCCA"	FALSE	TRUE	NA	NA	NA	NA
"CCTGCAAAGCTTGAGGACTCGGCCGTGTATCTCTGTGCCAGCAGCTTAGAGGCTAGCGACGTTTACAATGAGCAGTTCTTCGGGCCA"	"CASSLEASDVYNEQFF"	"CCTGCAAAGCTTGAGGACTCGGCCGTGTATCTCTGTGCCAGCAGCTTAGAGGCTAGCGACGTTTACAATGAGCAGTTCTTCGGGCCA"	"CASSLEASDVYNEQFF"	"TCRBV11-2"	"TCRBD2-1"	"TCRBJ2-1*1"	50	52	58	63	2	5	NA	NA	"CCTGCAAAGCTTGAGGACTCGGCCGTGTATCTCTGTGCCAGCAGCTTAGAGGCTAGCGACGTTTACAATGAGCAGTTCTTCGGGCCA"	FALSE	TRUE	NA	NA	NA	NA
"ACTGTGACATCGGCCCAAAAGAACCCGACAGCTTTCTATCTCTGTGCCAGTTCCACAGGGGTTTTCGACGAGCAGTACTTCGGGCCG"	"CASSTGVFDEQYF"	"ACTGTGACATCGGCCCAAAAGAACCCGACAGCTTTCTATCTCTGTGCCAGTTCCACAGGGGTTTTCGACGAGCAGTACTTCGGGCCG"	"CASSTGVFDEQYF"	"TCRBV19-1*1"	"TCRBD1-1*1"	"TCRBJ2-7*1"	51	54	61	67	3	6	NA	NA	"ACTGTGACATCGGCCCAAAAGAACCCGACAGCTTTCTATCTCTGTGCCAGTTCCACAGGGGTTTTCGACGAGCAGTACTTCGGGCCG"	FALSE	TRUE	NA	NA	NA	NA
"GGAGTCAGGGGACACAGCACTGTATTTCTGTGCCAGCAGCCCGAGTCGTGGCGGGAGGGCCACCAAGAGACCCAGTACTTCGGGCCA"	""	"GGAGTCAGGGGACACAGCACTGTATTTCTGTGCCAGCAGCCCGAGTCGTGGCGGGAGGGCCACCAAGAGACCCAGTACTTCGGGCCA"	""	"TCRBV21-1*1"	"TCRBD2-1*2"	"TCRBJ2-5*1"	40	50	59	61	10	2	NA	NA	"GGAGTCAGGGGACACAGCACTGTATTTCTGTGCCAGCAGCCCGAGTCGTGGCGGGAGGGCCACCAAGAGACCCAGTACTTCGGGCCA"	FALSE	FALSE	NA	NA	NA	NA
"ATCCAGCGCACACAGCAGGAGGACTCGGCCGTGTATCTCTGTGCCAGCAGTTTCGGGACCCTCCCCTACGAGCAGTACTTCGGGCCG"	"CASSFGTLPYEQYF"	"ATCCAGCGCACACAGCAGGAGGACTCGGCCGTGTATCTCTGTGCCAGCAGTTTCGGGACCCTCCCCTACGAGCAGTACTTCGGGCCG"	"CASSFGTLPYEQYF"	"TCRBV7-2"	NA	"TCRBJ2-7*1"	50	54	59	64	4	5	NA	NA	"ATCCAGCGCACACAGCAGGAGGACTCGGCCGTGTATCTCTGTGCCAGCAGTTTCGGGACCCTCCCCTACGAGCAGTACTTCGGGCCG"	FALSE	TRUE	NA	NA	NA	NA
"GTGACATCGGCCCAAAAGAACCCGACAGCTTTCTATCTCTGTGCCAGTAGCCCCGTCCTTCGGTCCGCCTTTAGGACCTTCGGTTCG"	"CASSPVLRSAFRTF"	"GTGACATCGGCCCAAAAGAACCCGACAGCTTTCTATCTCTGTGCCAGTAGCCCCGTCCTTCGGTCCGCCTTTAGGACCTTCGGTTCG"	"CASSPVLRSAFRTF"	"TCRBV19-1*1"	NA	"TCRBJ1-2*1"	50	72	-1	75	22	76	NA	NA	"GTGACATCGGCCCAAAAGAACCCGACAGCTTTCTATCTCTGTGCCAGTAGCCCCGTCCTTCGGTCCGCCTTTAGGACCTTCGGTTCG"	FALSE	TRUE	NA	NA	NA	NA
"GCCTTGGAGCTGGACGACTCGGCCCTGTATCTCTGTGCCAGCAGCTCGGCGACTAGCGGGGGATCGGGTGAGCAGTTCTTCGGGCCA"	"CASSSATSGGSGEQFF"	"GCCTTGGAGCTGGACGACTCGGCCCTGTATCTCTGTGCCAGCAGCTCGGCGACTAGCGGGGGATCGGGTGAGCAGTTCTTCGGGCCA"	"CASSSATSGGSGEQFF"	"TCRBV5-4*1"	"TCRBD2-1*1"	"TCRBJ2-1*1"	46	50	62	68	4	6	NA	NA	"GCCTTGGAGCTGGACGACTCGGCCCTGTATCTCTGTGCCAGCAGCTCGGCGACTAGCGGGGGATCGGGTGAGCAGTTCTTCGGGCCA"	FALSE	TRUE	NA	NA	NA	NA
"GCGTCTGCTGTACCCTCTCAGACATCTGTGTACTTCTGTGCCACCACACACCCACCCCACAGGGACTATGAGCAGTTCTTCGGGCCA"	"CATTHPPHRDYEQFF"	"GCGTCTGCTGTACCCTCTCAGACATCTGTGTACTTCTGTGCCACCACACACCCACCCCACAGGGACTATGAGCAGTTCTTCGGGCCA"	"CATTHPPHRDYEQFF"	"TCRBV6-4*1"	NA	"TCRBJ2-1*1"	43	58	64	67	15	3	NA	NA	"GCGTCTGCTGTACCCTCTCAGACATCTGTGTACTTCTGTGCCACCACACACCCACCCCACAGGGACTATGAGCAGTTCTTCGGGCCA"	FALSE	TRUE	NA	NA	NA	NA
"AAGATCCAGCGCACAGAGCGGGGGGACTCAGCCGTGTATCTCTGTGCCAGCAGCCCCGATCGGGGGACTGAAGCTTTCTTTGGACAA"	"CASSPDRGTEAFF"	"AAGATCCAGCGCACAGAGCGGGGGGACTCAGCCGTGTATCTCTGTGCCAGCAGCCCCGATCGGGGGACTGAAGCTTTCTTTGGACAA"	"CASSPDRGTEAFF"	"TCRBV7-3*1"	"TCRBD2-1*1"	"TCRBJ1-1*1"	54	60	-1	66	6	67	NA	NA	"AAGATCCAGCGCACAGAGCGGGGGGACTCAGCCGTGTATCTCTGTGCCAGCAGCCCCGATCGGGGGACTGAAGCTTTCTTTGGACAA"	FALSE	TRUE	NA	NA	NA	NA
"CAGCGCACAGAGCAGGAGGACTCGGCCGTGTATCTCTGTGCCAGCAGCTCCGGGACTAGACGAAACAATGAGCAGTTCTTCGGGCCA"	"CASSSGTRRNNEQFF"	"CAGCGCACAGAGCAGGAGGACTCGGCCGTGTATCTCTGTGCCAGCAGCTCCGGGACTAGACGAAACAATGAGCAGTTCTTCGGGCCA"	"CASSSGTRRNNEQFF"	"TCRBV7-2"	"TCRBD2-1"	"TCRBJ2-1*1"	49	51	59	64	2	5	NA	NA	"CAGCGCACAGAGCAGGAGGACTCGGCCGTGTATCTCTGTGCCAGCAGCTCCGGGACTAGACGAAACAATGAGCAGTTCTTCGGGCCA"	FALSE	TRUE	NA	NA	NA	NA
"TTGGAGCTGGGGGACTCGGCCCTTTATCTTTGCGCCAGCAGCTTGGAAGTGATTGGCGGAGGGGGTTATGAGCAGTTCTTCGGGCCA"	"CASSLEVIGGGGYEQFF"	"TTGGAGCTGGGGGACTCGGCCCTTTATCTTTGCGCCAGCAGCTTGGAAGTGATTGGCGGAGGGGGTTATGAGCAGTTCTTCGGGCCA"	"CASSLEVIGGGGYEQFF"	"TCRBV5-1*1"	NA	"TCRBJ2-1*1"	46	59	65	67	13	2	NA	NA	"TTGGAGCTGGGGGACTCGGCCCTTTATCTTTGCGCCAGCAGCTTGGAAGTGATTGGCGGAGGGGGTTATGAGCAGTTCTTCGGGCCA"	FALSE	TRUE	NA	NA	NA	NA
"TCTCTGGAGCTGGGGGACTCAGCTTTGTATTTCTGTGCCAGCAGCGGGTGGGGGGGCCAAACCCCAGATGGCTACACCTTCGGTTCG"	"CASSGWGGQTPDGYTF"	"TCTCTGGAGCTGGGGGACTCAGCTTTGTATTTCTGTGCCAGCAGCGGGTGGGGGGGCCAAACCCCAGATGGCTACACCTTCGGTTCG"	"CASSGWGGQTPDGYTF"	"TCRBV9-1*1"	"TCRBD2-1*1"	"TCRBJ1-2*1"	46	49	56	67	3	11	NA	NA	"TCTCTGGAGCTGGGGGACTCAGCTTTGTATTTCTGTGCCAGCAGCGGGTGGGGGGGCCAAACCCCAGATGGCTACACCTTCGGTTCG"	FALSE	TRUE	NA	NA	NA	NA
"GTGACATCGGCCCAAAAGAACCCGACAGCTTTCTATCTCTGTGCCAGTAGTCCCGACCCCACCGGAACTGAAGCTTTCTTTGGACAA"	"CASSPDPTGTEAFF"	"GTGACATCGGCCCAAAAGAACCCGACAGCTTTCTATCTCTGTGCCAGTAGTCCCGACCCCACCGGAACTGAAGCTTTCTTTGGACAA"	"CASSPDPTGTEAFF"	"TCRBV19-1*1"	NA	"TCRBJ1-1*1"	51	63	-1	66	12	67	NA	NA	"GTGACATCGGCCCAAAAGAACCCGACAGCTTTCTATCTCTGTGCCAGTAGTCCCGACCCCACCGGAACTGAAGCTTTCTTTGGACAA"	FALSE	TRUE	NA	NA	NA	NA
"GAGCAGGGGGACTCGGCCATGTATCTCTGTGCCAGCAGCTTAAGGTGGAGGGACCTTCAGGGGAGGGAGACCCAGTACTTCGGGCCA"	"CASSLRWRDLQGRETQYF"	"GAGCAGGGGGACTCGGCCATGTATCTCTGTGCCAGCAGCTTAAGGTGGAGGGACCTTCAGGGGAGGGAGACCCAGTACTTCGGGCCA"	"CASSLRWRDLQGRETQYF"	"TCRBV7-9*1"	NA	"TCRBJ2-5*1"	42	57	63	66	15	3	NA	NA	"GAGCAGGGGGACTCGGCCATGTATCTCTGTGCCAGCAGCTTAAGGTGGAGGGACCTTCAGGGGAGGGAGACCCAGTACTTCGGGCCA"	FALSE	TRUE	NA	NA	NA	NA
"TCCCTGGAGCTTGGTGACTCTGCTGTGTATTTCTGTGCCAGCAGCCAAGAGGTATCCTTTAACACCGGGGAGCTGTTTTTTGGAGAA"	"CASSQEVSFNTGELFF"	"TCCCTGGAGCTTGGTGACTCTGCTGTGTATTTCTGTGCCAGCAGCCAAGAGGTATCCTTTAACACCGGGGAGCTGTTTTTTGGAGAA"	"CASSQEVSFNTGELFF"	"TCRBV3-1/3-2*1"	NA	"TCRBJ2-2*1"	-1	50	52	60	51	8	NA	NA	"TCCCTGGAGCTTGGTGACTCTGCTGTGTATTTCTGTGCCAGCAGCCAAGAGGTATCCTTTAACACCGGGGAGCTGTTTTTTGGAGAA"	FALSE	TRUE	NA	NA	NA	NA
"AGCAACATGAGCCCTGAAGACAGCAGCATATATCTCTGCAGCGTTGGGTTGGCAGGGGGCCCCACAGATACGCAGTATTTTGGCCCA"	"CSVGLAGGPTDTQYF"	"AGCAACATGAGCCCTGAAGACAGCAGCATATATCTCTGCAGCGTTGGGTTGGCAGGGGGCCCCACAGATACGCAGTATTTTGGCCCA"	"CSVGLAGGPTDTQYF"	"TCRBV29-1"	"TCRBD1-1*1"	"TCRBJ2-3*1"	46	52	60	62	6	2	NA	NA	"AGCAACATGAGCCCTGAAGACAGCAGCATATATCTCTGCAGCGTTGGGTTGGCAGGGGGCCCCACAGATACGCAGTATTTTGGCCCA"	FALSE	TRUE	NA	NA	NA	NA
"AGCAACATGAGCCCTGAAGACAGCAGCATATATCTCTGCAGCGTCGAGTTCCAGGTCGACTCTGGAAACACCATATATTTTGGAGAG"	"CSVEFQVDSGNTIYF"	"AGCAACATGAGCCCTGAAGACAGCAGCATATATCTCTGCAGCGTCGAGTTCCAGGTCGACTCTGGAAACACCATATATTTTGGAGAG"	"CSVEFQVDSGNTIYF"	"TCRBV29-1"	"TCRBD1-1*1"	"TCRBJ1-3*1"	44	51	55	59	7	4	NA	NA	"AGCAACATGAGCCCTGAAGACAGCAGCATATATCTCTGCAGCGTCGAGTTCCAGGTCGACTCTGGAAACACCATATATTTTGGAGAG"	FALSE	TRUE	NA	NA	NA	NA
"CCTGAAGACAGCAGCTTCTACATCTGCAGTGCTACCACCTGGACTAGCATCACAACCACCCACAAGAGCGAGCAGTACTTCGGGCCG"	"CSATTWTSITTTHKSEQYF"	"CCTGAAGACAGCAGCTTCTACATCTGCAGTGCTACCACCTGGACTAGCATCACAACCACCCACAAGAGCGAGCAGTACTTCGGGCCG"	"CSATTWTSITTTHKSEQYF"	NA	"TCRBD2-1"	"TCRBJ2-7*1"	34	40	48	68	6	20	NA	NA	"CCTGAAGACAGCAGCTTCTACATCTGCAGTGCTACCACCTGGACTAGCATCACAACCACCCACAAGAGCGAGCAGTACTTCGGGCCG"	FALSE	TRUE	NA	NA	NA	NA
"GCCTGCAGAGCTTGGGGACTCGGCCGTGTATCTCTGTGCCAGCAGCCCTGCTCACCGGGACGCGTGGAGACCCAGTACTTCGGGCCA"	""	"GCCTGCAGAGCTTGGGGACTCGGCCGTGTATCTCTGTGCCAGCAGCCCTGCTCACCGGGACGCGTGGAGACCCAGTACTTCGGGCCA"	""	"TCRBV11-3*1"	NA	"TCRBJ2-5*1"	46	56	61	66	10	5	NA	NA	"GCCTGCAGAGCTTGGGGACTCGGCCGTGTATCTCTGTGCCAGCAGCCCTGCTCACCGGGACGCGTGGAGACCCAGTACTTCGGGCCA"	FALSE	FALSE	NA	NA	NA	NA
"ACCAGTGCCCATCCTGAAGACAGCAGCTTCTACATCTGCAGTGCTAGAGATTACCAGGCCTCTGGAAACACCATATATTTTGGAGAG"	"CSARDYQASGNTIYF"	"ACCAGTGCCCATCCTGAAGACAGCAGCTTCTACATCTGCAGTGCTAGAGATTACCAGGCCTCTGGAAACACCATATATTTTGGAGAG"	"CSARDYQASGNTIYF"	NA	"TCRBD1-1*1"	"TCRBJ1-3*1"	50	54	58	59	4	1	NA	NA	"ACCAGTGCCCATCCTGAAGACAGCAGCTTCTACATCTGCAGTGCTAGAGATTACCAGGCCTCTGGAAACACCATATATTTTGGAGAG"	FALSE	TRUE	NA	NA	NA	NA
"CTGGAGTCCGCCAGCACCAACCAGACATCTATGTACCTCTGTGCCAGCAGTTTGACAGGGGACTTCTATGGCTACACCTTCGGTTCG"	"CASSLTGDFYGYTF"	"CTGGAGTCCGCCAGCACCAACCAGACATCTATGTACCTCTGTGCCAGCAGTTTGACAGGGGACTTCTATGGCTACACCTTCGGTTCG"	"CASSLTGDFYGYTF"	"TCRBV28-1*1"	"TCRBD1-1*1"	"TCRBJ1-2*1"	-1	53	61	65	54	4	NA	NA	"CTGGAGTCCGCCAGCACCAACCAGACATCTATGTACCTCTGTGCCAGCAGTTTGACAGGGGACTTCTATGGCTACACCTTCGGTTCG"	FALSE	TRUE	NA	NA	NA	NA
"TCGGCTGCTCCCTCCCAAACATCTGTGTACTTCTGTGCCAGCAGTTACGCCGGGACAGGGCACTACAATGAGCAGTTCTTCGGGCCA"	"CASSYAGTGHYNEQFF"	"TCGGCTGCTCCCTCCCAAACATCTGTGTACTTCTGTGCCAGCAGTTACGCCGGGACAGGGCACTACAATGAGCAGTTCTTCGGGCCA"	"CASSYAGTGHYNEQFF"	"TCRBV6-2/6-3*1"	"TCRBD1-1*1"	"TCRBJ2-1*1"	48	51	60	62	3	2	NA	NA	"TCGGCTGCTCCCTCCCAAACATCTGTGTACTTCTGTGCCAGCAGTTACGCCGGGACAGGGCACTACAATGAGCAGTTCTTCGGGCCA"	FALSE	TRUE	NA	NA	NA	NA
"NNNNNNNTGAAGATCCAGCCCTCAGAACCCAGGGACTCAGCTGTGTACTTCTGTGCCAGCAGTCTCGGGACCGAAGCCTTCGGTTCG"	"CASSLGTEAF"	"NNNNNNNTGAAGATCCAGCCCTCAGAACCCAGGGACTCAGCTGTGTACTTCTGTGCCAGCAGTCTCGGGACCGAAGCCTTCGGTTCG"	"CASSLGTEAF"	"TCRBV12-3/12-4*1"	NA	"TCRBJ1-2*1"	63	66	71	76	3	5	NA	NA	"NNNNNNNTGAAGATCCAGCCCTCAGAACCCAGGGACTCAGCTGTGTACTTCTGTGCCAGCAGTCTCGGGACCGAAGCCTTCGGTTCG"	FALSE	TRUE	NA	NA	NA	NA
"AGTCCACGGAGTCAGGGGACACAGCACTGTATTTCTGTGCCAGCACCGACCGGGACTAGCGGGAGCTATGAGCAGTTCTTCGGGCCA"	""	"AGTCCACGGAGTCAGGGGACACAGCACTGTATTTCTGTGCCAGCACCGACCGGGACTAGCGGGAGCTATGAGCAGTTCTTCGGGCCA"	""	"TCRBV21-1*1"	"TCRBD2-1*2"	"TCRBJ2-1*1"	45	51	65	67	6	2	NA	NA	"AGTCCACGGAGTCAGGGGACACAGCACTGTATTTCTGTGCCAGCACCGACCGGGACTAGCGGGAGCTATGAGCAGTTCTTCGGGCCA"	FALSE	FALSE	NA	NA	NA	NA
"GCCCAAAAGAACCCGACAGCTTTCTATCTCTGTGCCAGTTCATCTCATTTAGCGGGAGACGGCTACAATGAGCAGTTCTTCGGGCCA"	"CASSSHLAGDGYNEQFF"	"GCCCAAAAGAACCCGACAGCTTTCTATCTCTGTGCCAGTTCATCTCATTTAGCGGGAGACGGCTACAATGAGCAGTTCTTCGGGCCA"	"CASSSHLAGDGYNEQFF"	"TCRBV19-1*1"	"TCRBD2-1*2"	"TCRBJ2-1*1"	39	49	58	62	10	4	NA	NA	"GCCCAAAAGAACCCGACAGCTTTCTATCTCTGTGCCAGTTCATCTCATTTAGCGGGAGACGGCTACAATGAGCAGTTCTTCGGGCCA"	FALSE	TRUE	NA	NA	NA	NA
"GTGACCAGTGCCCATCCTGAAGACAGCAGCTTCTACATCTGCAGTGCTAGAGGGCCGGGAGGGGGCAATGAGCAGTTCTTCGGGCCA"	"CSARGPGGGNEQFF"	"GTGACCAGTGCCCATCCTGAAGACAGCAGCTTCTACATCTGCAGTGCTAGAGGGCCGGGAGGGGGCAATGAGCAGTTCTTCGGGCCA"	"CSARGPGGGNEQFF"	NA	"TCRBD2-1*2"	"TCRBJ2-1*1"	52	55	63	65	3	2	NA	NA	"GTGACCAGTGCCCATCCTGAAGACAGCAGCTTCTACATCTGCAGTGCTAGAGGGCCGGGAGGGGGCAATGAGCAGTTCTTCGGGCCA"	FALSE	TRUE	NA	NA	NA	NA
"CAGCCCTCAGAACCCAGGGACTCAGCTGTGTACTTCTGTGCCAGCAGCCGGACAGGGGGCGTCGTCGGGGAGCTGTTTTTTGGAGAA"	"CASSRTGGVVGELFF"	"CAGCCCTCAGAACCCAGGGACTCAGCTGTGTACTTCTGTGCCAGCAGCCGGACAGGGGGCGTCGTCGGGGAGCTGTTTTTTGGAGAA"	"CASSRTGGVVGELFF"	NA	"TCRBD1-1*1"	"TCRBJ2-2*1"	47	49	60	65	2	5	NA	NA	"CAGCCCTCAGAACCCAGGGACTCAGCTGTGTACTTCTGTGCCAGCAGCCGGACAGGGGGCGTCGTCGGGGAGCTGTTTTTTGGAGAA"	FALSE	TRUE	NA	NA	NA	NA
"AGCTCTCTGGAGCTGGGGGACTCAGCTTTGTATTTCTGTGCCAGCAGCGGACACTAGCGGAGGATCTACGAGCAGTACTTCGGGCCG"	"CASSGH*RRIYEQYF"	"AGCTCTCTGGAGCTGGGGGACTCAGCTTTGTATTTCTGTGCCAGCAGCGGACACTAGCGGAGGATCTACGAGCAGTACTTCGGGCCG"	"CASSGH*RRIYEQYF"	"TCRBV9-1*1"	"TCRBD2-1"	"TCRBJ2-7*1"	49	52	60	65	3	5	NA	NA	"AGCTCTCTGGAGCTGGGGGACTCAGCTTTGTATTTCTGTGCCAGCAGCGGACACTAGCGGAGGATCTACGAGCAGTACTTCGGGCCG"	FALSE	TRUE	NA	NA	NA	NA
"ATCCGCTCACCAGGCCTGGGGGACGCAGCCATGTACCTGTGTGCCACCAGCACCAGACAGCTAAATGAAAAACTGTTTTTTGGCAGT"	"CATSTRQLNEKLFF"	"ATCCGCTCACCAGGCCTGGGGGACGCAGCCATGTACCTGTGTGCCACCAGCACCAGACAGCTAAATGAAAAACTGTTTTTTGGCAGT"	"CATSTRQLNEKLFF"	"TCRBV15-1*2"	"TCRBD1-1*1"	"TCRBJ1-4*1"	52	55	60	63	3	3	NA	NA	"ATCCGCTCACCAGGCCTGGGGGACGCAGCCATGTACCTGTGTGCCACCAGCACCAGACAGCTAAATGAAAAACTGTTTTTTGGCAGT"	FALSE	TRUE	NA	NA	NA	NA
"TTCATCCTGAGTTCTAAGAAGCTCCTTCTCAGTGACTCTGGCTTCTATCTCTGGGGGGGAGGGACCTACGAGCAGTACTTCGGGCCG"	"WGGGTYEQYF"	"TTCATCCTGAGTTCTAAGAAGCTCCTTCTCAGTGACTCTGGCTTCTATCTCTGGGGGGGAGGGACCTACGAGCAGTACTTCGGGCCG"	"WGGGTYEQYF"	"TCRBV3-1"	"TCRBD2-1*2"	"TCRBJ2-7*1"	53	56	63	64	3	1	NA	NA	"TTCATCCTGAGTTCTAAGAAGCTCCTTCTCAGTGACTCTGGCTTCTATCTCTGGGGGGGAGGGACCTACGAGCAGTACTTCGGGCCG"	FALSE	TRUE	NA	NA	NA	NA
"NNNNTGTCGGCTGCTCCCTCCCAGACATCTGTGTACTTCTGTGCCACCAATCGGGACCGAAACACCGGGGAGCTGTTTTTTGGAGAA"	"CATNRDRNTGELFF"	"NNNNTGTCGGCTGCTCCCTCCCAGACATCTGTGTACTTCTGTGCCACCAATCGGGACCGAAACACCGGGGAGCTGTTTTTTGGAGAA"	"CATNRDRNTGELFF"	"TCRBV6-5*1"	NA	"TCRBJ2-2*1"	46	52	57	60	6	3	NA	NA	"NNNNTGTCGGCTGCTCCCTCCCAGACATCTGTGTACTTCTGTGCCACCAATCGGGACCGAAACACCGGGGAGCTGTTTTTTGGAGAA"	FALSE	TRUE	NA	NA	NA	NA
"ATCCTGGAGTCGCCCAGCCCCAACCAGACCTCTCTGTACTTCTGTGCCAGCAGTTTAGGAGGGGGTGAAAAACTGTTTTTTGGCAGT"	"CASSLGGGEKLFF"	"ATCCTGGAGTCGCCCAGCCCCAACCAGACCTCTCTGTACTTCTGTGCCAGCAGTTTAGGAGGGGGTGAAAAACTGTTTTTTGGCAGT"	"CASSLGGGEKLFF"	"TCRBV27-1*1"	NA	"TCRBJ1-4*1"	57	59	-1	65	2	66	NA	NA	"ATCCTGGAGTCGCCCAGCCCCAACCAGACCTCTCTGTACTTCTGTGCCAGCAGTTTAGGAGGGGGTGAAAAACTGTTTTTTGGCAGT"	FALSE	TRUE	NA	NA	NA	NA
"GAGTCGCCCAGCCCCAACCAGACCTCTCTGTACTTCTGTGCCAGCAGTTTATCCCGATGGGGTCACAATGAGCAGTTCTTCGGGCCA"	"CASSLSRWGHNEQFF"	"GAGTCGCCCAGCCCCAACCAGACCTCTCTGTACTTCTGTGCCAGCAGTTTATCCCGATGGGGTCACAATGAGCAGTTCTTCGGGCCA"	"CASSLSRWGHNEQFF"	"TCRBV27-1*1"	NA	"TCRBJ2-1*1"	53	58	62	64	5	2	NA	NA	"GAGTCGCCCAGCCCCAACCAGACCTCTCTGTACTTCTGTGCCAGCAGTTTATCCCGATGGGGTCACAATGAGCAGTTCTTCGGGCCA"	FALSE	TRUE	NA	NA	NA	NA
"GAGCTGAATGTGAACGCCTTGGAGCTGGACGACTCGGCCCTGTATCTCTGTGCCAGCAGCTTGGCCAATGAGCAGTTCTTCGGGCCA"	"CASSLANEQFF"	"GAGCTGAATGTGAACGCCTTGGAGCTGGACGACTCGGCCCTGTATCTCTGTGCCAGCAGCTTGGCCAATGAGCAGTTCTTCGGGCCA"	"CASSLANEQFF"	"TCRBV5-4*1"	NA	"TCRBJ2-1*1"	-1	-1	64	65	0	1	NA	NA	"GAGCTGAATGTGAACGCCTTGGAGCTGGACGACTCGGCCCTGTATCTCTGTGCCAGCAGCTTGGCCAATGAGCAGTTCTTCGGGCCA"	FALSE	TRUE	NA	NA	NA	NA
"AAGGTGCAGCCTGCAGAACTGGAGGATTCTGGAGTTTATTTCTGTGCCAGCAGCCAAGATTTGGCCTCACCCCTCCACTTTGGGAAT"	"CASSQDLASPLHF"	"AAGGTGCAGCCTGCAGAACTGGAGGATTCTGGAGTTTATTTCTGTGCCAGCAGCCAAGATTTGGCCTCACCCCTCCACTTTGGGAAT"	"CASSQDLASPLHF"	"TCRBV14-1*1"	"TCRBD1-1*1"	"TCRBJ1-6*1"	59	62	65	66	3	1	NA	NA	"AAGGTGCAGCCTGCAGAACTGGAGGATTCTGGAGTTTATTTCTGTGCCAGCAGCCAAGATTTGGCCTCACCCCTCCACTTTGGGAAT"	FALSE	TRUE	NA	NA	NA	NA
"ACATCGGCCCAAAAGAACCCGACAGCTTTCTATCTCTGTGCCAGTAGTGGGGGACTAGCGGGAGTCGATGAGCAGTTCTTCGGGCCA"	"CASSGGLAGVDEQFF"	"ACATCGGCCCAAAAGAACCCGACAGCTTTCTATCTCTGTGCCAGTAGTGGGGGACTAGCGGGAGTCGATGAGCAGTTCTTCGGGCCA"	"CASSGGLAGVDEQFF"	"TCRBV19-1*1"	"TCRBD2-1*2"	"TCRBJ2-1*1"	48	50	64	67	2	3	NA	NA	"ACATCGGCCCAAAAGAACCCGACAGCTTTCTATCTCTGTGCCAGTAGTGGGGGACTAGCGGGAGTCGATGAGCAGTTCTTCGGGCCA"	FALSE	TRUE	NA	NA	NA	NA
"ATTCAGCGCACAGAGCAGGAGGACTCGGCCGTGTATCTCTGTGCCAGCAGCTGGAGAGGGGGGGCCACTGAAGCTTTCTTTGGACAA"	"CASSWRGGATEAFF"	"ATTCAGCGCACAGAGCAGGAGGACTCGGCCGTGTATCTCTGTGCCAGCAGCTGGAGAGGGGGGGCCACTGAAGCTTTCTTTGGACAA"	"CASSWRGGATEAFF"	"TCRBV7-2"	"TCRBD2-1*1"	"TCRBJ1-1*1"	52	57	64	65	5	1	NA	NA	"ATTCAGCGCACAGAGCAGGAGGACTCGGCCGTGTATCTCTGTGCCAGCAGCTGGAGAGGGGGGGCCACTGAAGCTTTCTTTGGACAA"	FALSE	TRUE	NA	NA	NA	NA
"CTTCACATCAATTCCCTGGAGCTTGGTGACTCTGCTGTGTATTTCTGTGCCAGCAGCCAACGGGACACTGAAGCTTTCTTTGGACAA"	"CASSQRDTEAFF"	"CTTCACATCAATTCCCTGGAGCTTGGTGACTCTGCTGTGTATTTCTGTGCCAGCAGCCAACGGGACACTGAAGCTTTCTTTGGACAA"	"CASSQRDTEAFF"	"TCRBV3-1/3-2*1"	"TCRBD2-1"	"TCRBJ1-1*1"	-1	60	-1	64	61	65	NA	NA	"CTTCACATCAATTCCCTGGAGCTTGGTGACTCTGCTGTGTATTTCTGTGCCAGCAGCCAACGGGACACTGAAGCTTTCTTTGGACAA"	FALSE	TRUE	NA	NA	NA	NA
"GTGAGCACCTTGGAGCTGGGGGACTCGGCCCTTTATCTTTGCGCCAGCAGCTCTGGGGCGGGACGCAATGAGCAGTTCTTCGGGCCA"	"CASSSGAGRNEQFF"	"GTGAGCACCTTGGAGCTGGGGGACTCGGCCCTTTATCTTTGCGCCAGCAGCTCTGGGGCGGGACGCAATGAGCAGTTCTTCGGGCCA"	"CASSSGAGRNEQFF"	"TCRBV5-1*1"	"TCRBD2-1*2"	"TCRBJ2-1*1"	52	57	63	65	5	2	NA	NA	"GTGAGCACCTTGGAGCTGGGGGACTCGGCCCTTTATCTTTGCGCCAGCAGCTCTGGGGCGGGACGCAATGAGCAGTTCTTCGGGCCA"	FALSE	TRUE	NA	NA	NA	NA
"CAATCCTGTCCTCAGAACCGGGAGACACGGCACTGTATCTCTGCGCCAGCAGTCAAAAGAATAATCTACGAGCAGTACTTCGGGCCG"	""	"CAATCCTGTCCTCAGAACCGGGAGACACGGCACTGTATCTCTGCGCCAGCAGTCAAAAGAATAATCTACGAGCAGTACTTCGGGCCG"	""	"TCRBV23-1*1"	NA	"TCRBJ2-7*1"	56	58	60	65	2	5	NA	NA	"CAATCCTGTCCTCAGAACCGGGAGACACGGCACTGTATCTCTGCGCCAGCAGTCAAAAGAATAATCTACGAGCAGTACTTCGGGCCG"	FALSE	FALSE	NA	NA	NA	NA
"TAGGGGACTCGGCCCTCTATCTCTGTGCCAGCAGCTCTAGGACTCGGGACTCCATTTTACGCTGGAAACACCATATATTTTGGAGAG"	""	"TAGGGGACTCGGCCCTCTATCTCTGTGCCAGCAGCTCTAGGACTCGGGACTCCATTTTACGCTGGAAACACCATATATTTTGGAGAG"	""	"TCRBV5-7*1"	"TCRBD2-1"	"TCRBJ1-3*1"	36	45	51	61	9	10	NA	NA	"TAGGGGACTCGGCCCTCTATCTCTGTGCCAGCAGCTCTAGGACTCGGGACTCCATTTTACGCTGGAAACACCATATATTTTGGAGAG"	FALSE	FALSE	NA	NA	NA	NA
"GCCCATCCTGAAGACAGCAGCTTCTACATCTGCAGTGCTACTAAGGCCCTAGGTGACTACTCCTACAATGAGCAGTTCTTCGGGCCA"	"CSATKALGDYSYNEQFF"	"GCCCATCCTGAAGACAGCAGCTTCTACATCTGCAGTGCTACTAAGGCCCTAGGTGACTACTCCTACAATGAGCAGTTCTTCGGGCCA"	"CSATKALGDYSYNEQFF"	NA	"TCRBD2-1"	"TCRBJ2-1*1"	40	54	-1	59	14	60	NA	NA	"GCCCATCCTGAAGACAGCAGCTTCTACATCTGCAGTGCTACTAAGGCCCTAGGTGACTACTCCTACAATGAGCAGTTCTTCGGGCCA"	FALSE	TRUE	NA	NA	NA	NA
"NNNNTGTCGGCTGCTCCCTCCCAAACATCTGTGTACTTCTGTGCCAGCAGTAGGTCTAGCTCCTACAATGAGCAGTTCTTCGGGCCA"	"CASSRSSSYNEQFF"	"NNNNTGTCGGCTGCTCCCTCCCAAACATCTGTGTACTTCTGTGCCAGCAGTAGGTCTAGCTCCTACAATGAGCAGTTCTTCGGGCCA"	"CASSRSSSYNEQFF"	"TCRBV6-2/6-3*1"	"TCRBD2-1"	"TCRBJ2-1*1"	51	55	-1	59	4	60	NA	NA	"NNNNTGTCGGCTGCTCCCTCCCAAACATCTGTGTACTTCTGTGCCAGCAGTAGGTCTAGCTCCTACAATGAGCAGTTCTTCGGGCCA"	FALSE	TRUE	NA	NA	NA	NA
"GAGATCCAGCGCACAGAGCAGGGGGACTCGGCCATGTATCTCTGTGCCAGCAGCCGAGACAGGGACTATGAAGCTTTCTTTGGACAA"	"CASSRDRDYEAFF"	"GAGATCCAGCGCACAGAGCAGGGGGACTCGGCCATGTATCTCTGTGCCAGCAGCCGAGACAGGGACTATGAAGCTTTCTTTGGACAA"	"CASSRDRDYEAFF"	"TCRBV7-9*1"	NA	"TCRBJ1-1*1"	54	57	64	68	3	4	NA	NA	"GAGATCCAGCGCACAGAGCAGGGGGACTCGGCCATGTATCTCTGTGCCAGCAGCCGAGACAGGGACTATGAAGCTTTCTTTGGACAA"	FALSE	TRUE	NA	NA	NA	NA
"TCTCTGGAGCTGGGGGACTCAGCTTTGTATTTCTGTGCCAGCAGCACCGGACAGGGGGCCTCCTACAATGAGCAGTTCTTCGGGCCA"	"CASSTGQGASYNEQFF"	"TCTCTGGAGCTGGGGGACTCAGCTTTGTATTTCTGTGCCAGCAGCACCGGACAGGGGGCCTCCTACAATGAGCAGTTCTTCGGGCCA"	"CASSTGQGASYNEQFF"	"TCRBV9-1*1"	"TCRBD1-1*1"	"TCRBJ2-1*1"	45	48	-1	59	3	60	NA	NA	"TCTCTGGAGCTGGGGGACTCAGCTTTGTATTTCTGTGCCAGCAGCACCGGACAGGGGGCCTCCTACAATGAGCAGTTCTTCGGGCCA"	FALSE	TRUE	NA	NA	NA	NA
"TTGGAGATCCAGCGCACAGAGCAGCGGGACTCGGCCATGTATCGCTGTGCCAGCACCCTAGGGGCAGAGACCCAGTACTTCGGGCCA"	"CASTLGAETQYF"	"TTGGAGATCCAGCGCACAGAGCAGCGGGACTCGGCCATGTATCGCTGTGCCAGCACCCTAGGGGCAGAGACCCAGTACTTCGGGCCA"	"CASTLGAETQYF"	"TCRBV7-9*5"	"TCRBD1-1*1"	"TCRBJ2-5*1"	57	59	64	65	2	1	NA	NA	"TTGGAGATCCAGCGCACAGAGCAGCGGGACTCGGCCATGTATCGCTGTGCCAGCACCCTAGGGGCAGAGACCCAGTACTTCGGGCCA"	FALSE	TRUE	NA	NA	NA	NA
"GACATCTGTGTACTTCTGTGCCAGCAGTGACCTATTATGGCGGGAAACTAATATAGGAGCTCCTACAATGAGCAGTTCTTCGGGCCA"	""	"GACATCTGTGTACTTCTGTGCCAGCAGTGACCTATTATGGCGGGAAACTAATATAGGAGCTCCTACAATGAGCAGTTCTTCGGGCCA"	""	"TCRBV6-4*1"	"TCRBD2-1*2"	"TCRBJ2-1*1"	31	39	45	59	8	14	NA	NA	"GACATCTGTGTACTTCTGTGCCAGCAGTGACCTATTATGGCGGGAAACTAATATAGGAGCTCCTACAATGAGCAGTTCTTCGGGCCA"	FALSE	FALSE	NA	NA	NA	NA
"AAGATCCAGCCTGCAGAGCTTGGGGACTCGGCCGTGTATCTCTGTGCCAGCAGCTTATTGTTTGGGTAGACCCAGTACTTCGGGCCA"	"CASSLLFG*TQYF"	"AAGATCCAGCCTGCAGAGCTTGGGGACTCGGCCGTGTATCTCTGTGCCAGCAGCTTATTGTTTGGGTAGACCCAGTACTTCGGGCCA"	"CASSLLFG*TQYF"	"TCRBV11-3*1"	NA	"TCRBJ2-5*1"	57	63	66	67	6	1	NA	NA	"AAGATCCAGCCTGCAGAGCTTGGGGACTCGGCCGTGTATCTCTGTGCCAGCAGCTTATTGTTTGGGTAGACCCAGTACTTCGGGCCA"	FALSE	TRUE	NA	NA	NA	NA
"ACCCTGGAGTCTGCCAGGCCCTCACATACCTCTCAGTACCTCTGTGCCAGCAGCCAGAGTGGGATTTACGAGCAGTACTTCGGGCCG"	"CASSQSGIYEQYF"	"ACCCTGGAGTCTGCCAGGCCCTCACATACCTCTCAGTACCTCTGTGCCAGCAGCCAGAGTGGGATTTACGAGCAGTACTTCGGGCCG"	"CASSQSGIYEQYF"	"TCRBV25-1*1"	NA	"TCRBJ2-7*1"	53	60	64	66	7	2	NA	NA	"ACCCTGGAGTCTGCCAGGCCCTCACATACCTCTCAGTACCTCTGTGCCAGCAGCCAGAGTGGGATTTACGAGCAGTACTTCGGGCCG"	FALSE	TRUE	NA	NA	NA	NA
"AACCTGAGCTCTCTGGAGCTGGGGGACTCAGCTTTGTATTTCTGTGCCAGCAGCGTAGGAGTGGTGGGGGGCTACACCTTCGGTTCG"	"CASSVGVVGGYTF"	"AACCTGAGCTCTCTGGAGCTGGGGGACTCAGCTTTGTATTTCTGTGCCAGCAGCGTAGGAGTGGTGGGGGGCTACACCTTCGGTTCG"	"CASSVGVVGGYTF"	"TCRBV9-1*1"	NA	"TCRBJ1-2*1"	58	65	-1	69	7	70	NA	NA	"AACCTGAGCTCTCTGGAGCTGGGGGACTCAGCTTTGTATTTCTGTGCCAGCAGCGTAGGAGTGGTGGGGGGCTACACCTTCGGTTCG"	FALSE	TRUE	NA	NA	NA	NA
"AGCTCTCTGGAGCTGGGGGACTCAGCTTTGTATTTCTGTGCCAGCAGCGTAGACAGTTCGGGGGTCACTGAAGCTTTCTTTGGACAA"	"CASSVDSSGVTEAFF"	"AGCTCTCTGGAGCTGGGGGACTCAGCTTTGTATTTCTGTGCCAGCAGCGTAGACAGTTCGGGGGTCACTGAAGCTTTCTTTGGACAA"	"CASSVDSSGVTEAFF"	"TCRBV9-1*1"	"TCRBD2-1*1"	"TCRBJ1-1*1"	52	58	64	65	6	1	NA	NA	"AGCTCTCTGGAGCTGGGGGACTCAGCTTTGTATTTCTGTGCCAGCAGCGTAGACAGTTCGGGGGTCACTGAAGCTTTCTTTGGACAA"	FALSE	TRUE	NA	NA	NA	NA
"AATGTGAGCACCTTGGAGCTGGGGGACTCGGCCCTTTATCTTTGCGCCAGCAGCTTGGGGATTAACTATGGCTACACCTTCGGTTCG"	"CASSLGINYGYTF"	"AATGTGAGCACCTTGGAGCTGGGGGACTCGGCCCTTTATCTTTGCGCCAGCAGCTTGGGGATTAACTATGGCTACACCTTCGGTTCG"	"CASSLGINYGYTF"	"TCRBV5-1*1"	NA	"TCRBJ1-2*1"	-1	58	61	62	59	1	NA	NA	"AATGTGAGCACCTTGGAGCTGGGGGACTCGGCCCTTTATCTTTGCGCCAGCAGCTTGGGGATTAACTATGGCTACACCTTCGGTTCG"	FALSE	TRUE	NA	NA	NA	NA
"TGATTCTGGAGTCCGCCAGCACCAACCAGACATCTATGTACCTCTGTGCCAGCACCGCCCACTTACTATGGCTACACCTTCGGTTCG"	""	"TGATTCTGGAGTCCGCCAGCACCAACCAGACATCTATGTACCTCTGTGCCAGCACCGCCCACTTACTATGGCTACACCTTCGGTTCG"	""	"TCRBV28-1*1"	"TCRBD2-1"	"TCRBJ1-2*1"	54	60	63	64	6	1	NA	NA	"TGATTCTGGAGTCCGCCAGCACCAACCAGACATCTATGTACCTCTGTGCCAGCACCGCCCACTTACTATGGCTACACCTTCGGTTCG"	FALSE	FALSE	NA	NA	NA	NA
"TCTGCCAGGCCCTCACATACCTCTCAGTACCTCTGTGCCAGCAGTGAAGATGGAGCGGGAGCCCCAGATACGCAGTATTTTGGCCCA"	"CASSEDGAGAPDTQYF"	"TCTGCCAGGCCCTCACATACCTCTCAGTACCTCTGTGCCAGCAGTGAAGATGGAGCGGGAGCCCCAGATACGCAGTATTTTGGCCCA"	"CASSEDGAGAPDTQYF"	"TCRBV25-1*1"	"TCRBD2-1*2"	"TCRBJ2-3*1"	48	53	61	64	5	3	NA	NA	"TCTGCCAGGCCCTCACATACCTCTCAGTACCTCTGTGCCAGCAGTGAAGATGGAGCGGGAGCCCCAGATACGCAGTATTTTGGCCCA"	FALSE	TRUE	NA	NA	NA	NA
"CTTGTCCACTCTGACAGTGACCAGTGCCCATCCTGAAGACAGCAGCTTCTACATCTGCAGTGCAATTATACGCAGTATTTTGGCCCA"	""	"CTTGTCCACTCTGACAGTGACCAGTGCCCATCCTGAAGACAGCAGCTTCTACATCTGCAGTGCAATTATACGCAGTATTTTGGCCCA"	""	"TCRBV2-1"	NA	"TCRBJ2-3*1"	-1	-1	63	67	0	4	NA	NA	"CTTGTCCACTCTGACAGTGACCAGTGCCCATCCTGAAGACAGCAGCTTCTACATCTGCAGTGCAATTATACGCAGTATTTTGGCCCA"	FALSE	FALSE	NA	NA	NA	NA
"AAGATCCAGCCCTCAGAACCCAGGGACTCAGCTGTGTACTTCTGTGCCAGCAGCTCGGGGACAACTACTGAAGCTTTCTTTGGACAA"	"CASSSGTTTEAFF"	"AAGATCCAGCCCTCAGAACCCAGGGACTCAGCTGTGTACTTCTGTGCCAGCAGCTCGGGGACAACTACTGAAGCTTTCTTTGGACAA"	"CASSSGTTTEAFF"	"TCRBV12-3/12-4*1"	"TCRBD1-1*1"	"TCRBJ1-1*1"	53	57	63	66	4	3	NA	NA	"AAGATCCAGCCCTCAGAACCCAGGGACTCAGCTGTGTACTTCTGTGCCAGCAGCTCGGGGACAACTACTGAAGCTTTCTTTGGACAA"	FALSE	TRUE	NA	NA	NA	NA
"ACCTTGGAGCTGGGGGACTCGGCCCTTTATCTTTGCGCCAGCAGCTTGCTAGCCAGCGCGAACACCGGGGAGCTGTTTTTTGGAGAA"	"CASSLLASANTGELFF"	"ACCTTGGAGCTGGGGGACTCGGCCCTTTATCTTTGCGCCAGCAGCTTGCTAGCCAGCGCGAACACCGGGGAGCTGTTTTTTGGAGAA"	"CASSLLASANTGELFF"	"TCRBV5-1*1"	"TCRBD2-1"	"TCRBJ2-2*1"	-1	48	53	58	49	5	NA	NA	"ACCTTGGAGCTGGGGGACTCGGCCCTTTATCTTTGCGCCAGCAGCTTGCTAGCCAGCGCGAACACCGGGGAGCTGTTTTTTGGAGAA"	FALSE	TRUE	NA	NA	NA	NA
"TGGGGGACGCAGCCATGTACCTGTGTGCCACCAGCAGAGATGTAGGTGGCTAGCGGCAGCGGGTTCGATGAGCAGTTCTTCGGGCCA"	""	"TGGGGGACGCAGCCATGTACCTGTGTGCCACCAGCAGAGATGTAGGTGGCTAGCGGCAGCGGGTTCGATGAGCAGTTCTTCGGGCCA"	""	"TCRBV15-1*2"	"TCRBD2-1"	"TCRBJ2-1*1"	40	49	56	67	9	11	NA	NA	"TGGGGGACGCAGCCATGTACCTGTGTGCCACCAGCAGAGATGTAGGTGGCTAGCGGCAGCGGGTTCGATGAGCAGTTCTTCGGGCCA"	FALSE	FALSE	NA	NA	NA	NA
"TTGGAGCTGGGGGACTCGGCCCTTTATCTTTGCGCCAGCACCCGAGCCACCGAGACAGGGCCGAACACTGAAGCTTTCTTTGGACAA"	"CASTRATETGPNTEAFF"	"TTGGAGCTGGGGGACTCGGCCCTTTATCTTTGCGCCAGCACCCGAGCCACCGAGACAGGGCCGAACACTGAAGCTTTCTTTGGACAA"	"CASTRATETGPNTEAFF"	"TCRBV5-1*1"	"TCRBD1-1*1"	"TCRBJ1-1*1"	40	53	60	62	13	2	NA	NA	"TTGGAGCTGGGGGACTCGGCCCTTTATCTTTGCGCCAGCACCCGAGCCACCGAGACAGGGCCGAACACTGAAGCTTTCTTTGGACAA"	FALSE	TRUE	NA	NA	NA	NA
"ACTGGAGGATTCTGGAGTTTATTTCTGTGCCAGCAGCCAAGCAGGACGGACTAGCGGGATACCTACAATGAGCAGTTCTTCGGGCCA"	""	"ACTGGAGGATTCTGGAGTTTATTTCTGTGCCAGCAGCCAAGCAGGACGGACTAGCGGGATACCTACAATGAGCAGTTCTTCGGGCCA"	""	"TCRBV14-1*1"	"TCRBD2-1*2"	"TCRBJ2-1*1"	41	47	59	61	6	2	NA	NA	"ACTGGAGGATTCTGGAGTTTATTTCTGTGCCAGCAGCCAAGCAGGACGGACTAGCGGGATACCTACAATGAGCAGTTCTTCGGGCCA"	FALSE	FALSE	NA	NA	NA	NA
"CAGGTAGTGCGAGGAGATTCGGCAGCTTATTTCTGTGCCAGCTCACCACGGGCGGGAGGGCCCTCGAACGAGCAGTACTTCGGGCCG"	"CASSPRAGGPSNEQYF"	"CAGGTAGTGCGAGGAGATTCGGCAGCTTATTTCTGTGCCAGCTCACCACGGGCGGGAGGGCCCTCGAACGAGCAGTACTTCGGGCCG"	"CASSPRAGGPSNEQYF"	"TCRBV18-1*1"	"TCRBD2-1*2"	"TCRBJ2-7*1"	49	51	60	67	2	7	NA	NA	"CAGGTAGTGCGAGGAGATTCGGCAGCTTATTTCTGTGCCAGCTCACCACGGGCGGGAGGGCCCTCGAACGAGCAGTACTTCGGGCCG"	FALSE	TRUE	NA	NA	NA	NA
"GTGAACGCCTTGGAGCTGGAGGACTCGGCCCTGTATCTCTGTGCCAGCAGCCTGGAGAGCAGGGACGGTGGCTACACCTTCGGTTCG"	"CASSLESRDGGYTF"	"GTGAACGCCTTGGAGCTGGAGGACTCGGCCCTGTATCTCTGTGCCAGCAGCCTGGAGAGCAGGGACGGTGGCTACACCTTCGGTTCG"	"CASSLESRDGGYTF"	"TCRBV5-8*1"	NA	"TCRBJ1-2*1"	55	61	66	68	6	2	NA	NA	"GTGAACGCCTTGGAGCTGGAGGACTCGGCCCTGTATCTCTGTGCCAGCAGCCTGGAGAGCAGGGACGGTGGCTACACCTTCGGTTCG"	FALSE	TRUE	NA	NA	NA	NA
"ATCCAGCCTGCAAAGCTTGAGGACTCGGCCGTGTATCTCTGTGCCAGCAGCCCACCTAAATACACCGGGGAGCTGTTTTTTGGAGAA"	"CASSPPKYTGELFF"	"ATCCAGCCTGCAAAGCTTGAGGACTCGGCCGTGTATCTCTGTGCCAGCAGCCCACCTAAATACACCGGGGAGCTGTTTTTTGGAGAA"	"CASSPPKYTGELFF"	"TCRBV11-2*1"	"TCRBD2-1"	"TCRBJ2-2*1"	51	55	58	61	4	3	NA	NA	"ATCCAGCCTGCAAAGCTTGAGGACTCGGCCGTGTATCTCTGTGCCAGCAGCCCACCTAAATACACCGGGGAGCTGTTTTTTGGAGAA"	FALSE	TRUE	NA	NA	NA	NA
"CACACCCTGCAGCCAGAAGACTCGGCCCTGTATCTCTGTGCCAGCAGCCAAGATCTGGGGGGTTCTCGCGAGCAGTACTTCGGGCCG"	"CASSQDLGGSREQYF"	"CACACCCTGCAGCCAGAAGACTCGGCCCTGTATCTCTGTGCCAGCAGCCAAGATCTGGGGGGTTCTCGCGAGCAGTACTTCGGGCCG"	"CASSQDLGGSREQYF"	"TCRBV4-2*1"	"TCRBD2-1*1"	"TCRBJ2-7*1"	53	56	62	68	3	6	NA	NA	"CACACCCTGCAGCCAGAAGACTCGGCCCTGTATCTCTGTGCCAGCAGCCAAGATCTGGGGGGTTCTCGCGAGCAGTACTTCGGGCCG"	FALSE	TRUE	NA	NA	NA	NA
"ATCCGCTCACCAGGCCTGGGGGACGCAGCCATGTACCTGTGTGCCACCAGCAGAGGACAGGGCCCCTACGAGCAGTACTTCGGGCCG"	"CATSRGQGPYEQYF"	"ATCCGCTCACCAGGCCTGGGGGACGCAGCCATGTACCTGTGTGCCACCAGCAGAGGACAGGGCCCCTACGAGCAGTACTTCGGGCCG"	"CATSRGQGPYEQYF"	"TCRBV15-1*2"	"TCRBD1-1*1"	"TCRBJ2-7*1"	-1	55	62	64	56	2	NA	NA	"ATCCGCTCACCAGGCCTGGGGGACGCAGCCATGTACCTGTGTGCCACCAGCAGAGGACAGGGCCCCTACGAGCAGTACTTCGGGCCG"	FALSE	TRUE	NA	NA	NA	NA
"CCTGCAAAGCTTGAGGACTCGGCCGTGTATCTCTGTGCCAGCAGCTTGGAGGGGAATTTGTTCACAGATACGCAGTATTTTGGCCCA"	"CASSLEGNLFTDTQYF"	"CCTGCAAAGCTTGAGGACTCGGCCGTGTATCTCTGTGCCAGCAGCTTGGAGGGGAATTTGTTCACAGATACGCAGTATTTTGGCCCA"	"CASSLEGNLFTDTQYF"	"TCRBV11-2"	"TCRBD2-1*2"	"TCRBJ2-3*1"	-1	47	53	62	48	9	NA	NA	"CCTGCAAAGCTTGAGGACTCGGCCGTGTATCTCTGTGCCAGCAGCTTGGAGGGGAATTTGTTCACAGATACGCAGTATTTTGGCCCA"	FALSE	TRUE	NA	NA	NA	NA
"GTGACATCGGCCCAAAAGAACCCGACAGCTTTCTATCTCTGTGCCAGTAAGTCCGGGACTACCACAGATACGCAGTATTTTGGCCCA"	"CASKSGTTTDTQYF"	"GTGACATCGGCCCAAAAGAACCCGACAGCTTTCTATCTCTGTGCCAGTAAGTCCGGGACTACCACAGATACGCAGTATTTTGGCCCA"	"CASKSGTTTDTQYF"	"TCRBV19-1*1"	"TCRBD2-1"	"TCRBJ2-3*1"	49	54	61	62	5	1	NA	NA	"GTGACATCGGCCCAAAAGAACCCGACAGCTTTCTATCTCTGTGCCAGTAAGTCCGGGACTACCACAGATACGCAGTATTTTGGCCCA"	FALSE	TRUE	NA	NA	NA	NA
"TCGGCTGCTCCCTCCCAGACATCTGTGTACTTCTGTGCCAGCAGTAACTCCAAAGGACAGGGCGGTGAAAAACTGTTTTTTGGCAGT"	"CASSNSKGQGGEKLFF"	"TCGGCTGCTCCCTCCCAGACATCTGTGTACTTCTGTGCCAGCAGTAACTCCAAAGGACAGGGCGGTGAAAAACTGTTTTTTGGCAGT"	"CASSNSKGQGGEKLFF"	"TCRBV6-5*1"	"TCRBD1-1*1"	"TCRBJ1-4*1"	50	54	62	65	4	3	NA	NA	"TCGGCTGCTCCCTCCCAGACATCTGTGTACTTCTGTGCCAGCAGTAACTCCAAAGGACAGGGCGGTGAAAAACTGTTTTTTGGCAGT"	FALSE	TRUE	NA	NA	NA	NA
"GACAGCAGCTTCTACATCTGCAGTGCTAGCACCTTCCCGGGACAGGCCTTACCGGGAGGGCCGTCAGATACGCAGTATTTTGGCCCA"	"CSASTFPGQALPGGPSDTQYF"	"GACAGCAGCTTCTACATCTGCAGTGCTAGCACCTTCCCGGGACAGGCCTTACCGGGAGGGCCGTCAGATACGCAGTATTTTGGCCCA"	"CSASTFPGQALPGGPSDTQYF"	NA	NA	"TCRBJ2-3*1"	29	38	46	64	9	18	NA	NA	"GACAGCAGCTTCTACATCTGCAGTGCTAGCACCTTCCCGGGACAGGCCTTACCGGGAGGGCCGTCAGATACGCAGTATTTTGGCCCA"	FALSE	TRUE	NA	NA	NA	NA
"GGCGTCTGCTGTACCCTCTCAGACATCTGTGTACTTCTGTGCCAGCTGGGACTAGCGGGAGTTTGGAATGAGCAGTTCTTCGGGCCA"	""	"GGCGTCTGCTGTACCCTCTCAGACATCTGTGTACTTCTGTGCCAGCTGGGACTAGCGGGAGTTTGGAATGAGCAGTTCTTCGGGCCA"	""	"TCRBV6-4*1"	"TCRBD2-1*2"	"TCRBJ2-1*1"	-1	53	61	66	54	5	NA	NA	"GGCGTCTGCTGTACCCTCTCAGACATCTGTGTACTTCTGTGCCAGCTGGGACTAGCGGGAGTTTGGAATGAGCAGTTCTTCGGGCCA"	FALSE	FALSE	NA	NA	NA	NA
"ACCCTGCAGCCAGAAGACTCGGCCCTGTATCTCTGCGCCAGCAGCCAAGATTGGCCAGGGGAAGGTGAAAAACTGTTTTTTGGCAGT"	"CASSQDWPGEGEKLFF"	"ACCCTGCAGCCAGAAGACTCGGCCCTGTATCTCTGCGCCAGCAGCCAAGATTGGCCAGGGGAAGGTGAAAAACTGTTTTTTGGCAGT"	"CASSQDWPGEGEKLFF"	"TCRBV4-3*1"	"TCRBD1-1*1"	"TCRBJ1-4*1"	50	55	61	65	5	4	NA	NA	"ACCCTGCAGCCAGAAGACTCGGCCCTGTATCTCTGCGCCAGCAGCCAAGATTGGCCAGGGGAAGGTGAAAAACTGTTTTTTGGCAGT"	FALSE	TRUE	NA	NA	NA	NA
"ATCCGGTCCACAAAGCTGGAGGACTCAGCCATGTACTTCTGTGCCAGCAGGCGGAGGGGGCAGTACGATGGCTACACCTTCGGTTCG"	"CASRRRGQYDGYTF"	"ATCCGGTCCACAAAGCTGGAGGACTCAGCCATGTACTTCTGTGCCAGCAGGCGGAGGGGGCAGTACGATGGCTACACCTTCGGTTCG"	"CASRRRGQYDGYTF"	"TCRBV2-1"	"TCRBD1-1*1"	"TCRBJ1-2*1"	50	54	61	67	4	6	NA	NA	"ATCCGGTCCACAAAGCTGGAGGACTCAGCCATGTACTTCTGTGCCAGCAGGCGGAGGGGGCAGTACGATGGCTACACCTTCGGTTCG"	FALSE	TRUE	NA	NA	NA	NA
"CAGGTAGTGCGAGGAGATTCGGCAGCTTATTTCTGTGCCAGCTCACCCCGATTCTAGCGGTGACAAGAGACCCAGTACTTCGGGCCA"	"CASSPRF*R*QETQYF"	"CAGGTAGTGCGAGGAGATTCGGCAGCTTATTTCTGTGCCAGCTCACCCCGATTCTAGCGGTGACAAGAGACCCAGTACTTCGGGCCA"	"CASSPRF*R*QETQYF"	"TCRBV18-1*1"	"TCRBD2-1"	"TCRBJ2-5*1"	47	53	60	63	6	3	NA	NA	"CAGGTAGTGCGAGGAGATTCGGCAGCTTATTTCTGTGCCAGCTCACCCCGATTCTAGCGGTGACAAGAGACCCAGTACTTCGGGCCA"	FALSE	TRUE	NA	NA	NA	NA
"ATCCGCTCACCAGGCCTGGGGGACGCAGCCATGTACCTGTGTGCCACCAGCAGAGTTGGACAGGCCGAGACCCAGTACTTCGGGCCA"	"CATSRVGQAETQYF"	"ATCCGCTCACCAGGCCTGGGGGACGCAGCCATGTACCTGTGTGCCACCAGCAGAGTTGGACAGGCCGAGACCCAGTACTTCGGGCCA"	"CATSRVGQAETQYF"	"TCRBV15-1*2"	"TCRBD1-1*1"	"TCRBJ2-5*1"	55	57	64	66	2	2	NA	NA	"ATCCGCTCACCAGGCCTGGGGGACGCAGCCATGTACCTGTGTGCCACCAGCAGAGTTGGACAGGCCGAGACCCAGTACTTCGGGCCA"	FALSE	TRUE	NA	NA	NA	NA
"ACCTTGGAGATCCAGCGCACAGAGCAGGGGGACTCGGCCATGTATCTCTGTGCCAGCAGCTTAGGCCAGCCCCAGCATTTTGGTGAT"	"CASSLGQPQHF"	"ACCTTGGAGATCCAGCGCACAGAGCAGGGGGACTCGGCCATGTATCTCTGTGCCAGCAGCTTAGGCCAGCCCCAGCATTTTGGTGAT"	"CASSLGQPQHF"	"TCRBV7-9*1"	NA	"TCRBJ1-5*1"	-1	64	-1	66	65	67	NA	NA	"ACCTTGGAGATCCAGCGCACAGAGCAGGGGGACTCGGCCATGTATCTCTGTGCCAGCAGCTTAGGCCAGCCCCAGCATTTTGGTGAT"	FALSE	TRUE	NA	NA	NA	NA
"CTGGAGTCCGCTACCAGCTCCCAGACATCTGTGTACTTCTGTGCCATCAGTGAGTCGACAGGACACACTGAAGCTTTCTTTGGACAA"	"CAISESTGHTEAFF"	"CTGGAGTCCGCTACCAGCTCCCAGACATCTGTGTACTTCTGTGCCATCAGTGAGTCGACAGGACACACTGAAGCTTTCTTTGGACAA"	"CAISESTGHTEAFF"	"TCRBV1-3*1"	"TCRBD1-1*1"	"TCRBJ1-1*1"	-1	56	62	64	57	2	NA	NA	"CTGGAGTCCGCTACCAGCTCCCAGACATCTGTGTACTTCTGTGCCATCAGTGAGTCGACAGGACACACTGAAGCTTTCTTTGGACAA"	FALSE	TRUE	NA	NA	NA	NA
"AACCAGACATCTATGTACCTCTGTGCCAGCAGTTTACTCTCCGGGACTAGCGGGGGTATGAACACCGGGGAGCTGTTTTTTGGAGAA"	"CASSLLSGTSGGMNTGELFF"	"AACCAGACATCTATGTACCTCTGTGCCAGCAGTTTACTCTCCGGGACTAGCGGGGGTATGAACACCGGGGAGCTGTTTTTTGGAGAA"	"CASSLLSGTSGGMNTGELFF"	"TCRBV28-1*1"	"TCRBD2-1*1"	"TCRBJ2-2*1"	36	42	56	59	6	3	NA	NA	"AACCAGACATCTATGTACCTCTGTGCCAGCAGTTTACTCTCCGGGACTAGCGGGGGTATGAACACCGGGGAGCTGTTTTTTGGAGAA"	FALSE	TRUE	NA	NA	NA	NA
"TCCCTAGAGTCTGCCATCCCCAACCAGACAGCTCTTTACTTCTGTGCCACCAGTGATGGACATCATCGAGAGCAGTTCTTCGGGCCA"	"CATSDGHHREQFF"	"TCCCTAGAGTCTGCCATCCCCAACCAGACAGCTCTTTACTTCTGTGCCACCAGTGATGGACATCATCGAGAGCAGTTCTTCGGGCCA"	"CATSDGHHREQFF"	"TCRBV24-1*1"	"TCRBD1-1*1"	"TCRBJ2-1*1"	-1	57	62	69	58	7	NA	NA	"TCCCTAGAGTCTGCCATCCCCAACCAGACAGCTCTTTACTTCTGTGCCACCAGTGATGGACATCATCGAGAGCAGTTCTTCGGGCCA"	FALSE	TRUE	NA	NA	NA	NA
"ACGATTCAGCGCACAGAGCAGCGGGACTCGGCCATGTATCGCTGTGCCAGCAGCTTAAGCAGGGATCAGCCCCAGCATTTTGGTGAT"	"CASSLSRDQPQHF"	"ACGATTCAGCGCACAGAGCAGCGGGACTCGGCCATGTATCGCTGTGCCAGCAGCTTAAGCAGGGATCAGCCCCAGCATTTTGGTGAT"	"CASSLSRDQPQHF"	NA	"TCRBD1-1*1"	"TCRBJ1-5*1"	57	59	-1	64	2	65	NA	NA	"ACGATTCAGCGCACAGAGCAGCGGGACTCGGCCATGTATCGCTGTGCCAGCAGCTTAAGCAGGGATCAGCCCCAGCATTTTGGTGAT"	FALSE	TRUE	NA	NA	NA	NA
"ATTCAGCGCACAGAGCAGGAGGACTCGGCCGTGTATCTCTGTGCCAGCAGCCCTTGGGGGATCCGGAATGAGCAGTTCTTCGGGCCA"	"CASSPWGIRNEQFF"	"ATTCAGCGCACAGAGCAGGAGGACTCGGCCGTGTATCTCTGTGCCAGCAGCCCTTGGGGGATCCGGAATGAGCAGTTCTTCGGGCCA"	"CASSPWGIRNEQFF"	"TCRBV7-2"	NA	"TCRBJ2-1*1"	51	55	60	66	4	6	NA	NA	"ATTCAGCGCACAGAGCAGGAGGACTCGGCCGTGTATCTCTGTGCCAGCAGCCCTTGGGGGATCCGGAATGAGCAGTTCTTCGGGCCA"	FALSE	TRUE	NA	NA	NA	NA
"AGTGACCAGTGCCCATCCTGAAGACAGCAGCTTCTACATCTGCAGTGCTAGGGGTACCGCAGGGTCTATGGCTACACCTTCGGTTCG"	""	"AGTGACCAGTGCCCATCCTGAAGACAGCAGCTTCTACATCTGCAGTGCTAGGGGTACCGCAGGGTCTATGGCTACACCTTCGGTTCG"	""	NA	"TCRBD1-1*1"	"TCRBJ1-2*1"	51	59	64	65	8	1	NA	NA	"AGTGACCAGTGCCCATCCTGAAGACAGCAGCTTCTACATCTGCAGTGCTAGGGGTACCGCAGGGTCTATGGCTACACCTTCGGTTCG"	FALSE	FALSE	NA	NA	NA	NA
"TCGGCTGCTCCCTCCCAAACATCTGTGTACTTCTGTGCCAGCAGTCCAAAGGGACTACTGAAAGCCTACGAGCAGTACTTCGGGCCG"	"CASSPKGLLKAYEQYF"	"TCGGCTGCTCCCTCCCAAACATCTGTGTACTTCTGTGCCAGCAGTCCAAAGGGACTACTGAAAGCCTACGAGCAGTACTTCGGGCCG"	"CASSPKGLLKAYEQYF"	"TCRBV6-2/6-3*1"	"TCRBD2-1"	"TCRBJ2-7*1"	45	50	57	64	5	7	NA	NA	"TCGGCTGCTCCCTCCCAAACATCTGTGTACTTCTGTGCCAGCAGTCCAAAGGGACTACTGAAAGCCTACGAGCAGTACTTCGGGCCG"	FALSE	TRUE	NA	NA	NA	NA
"ATCCGGTCCACAAAGCTGGAGGACTCAGCCATGTACTTCTGTGCCAGCACGGGGGACAGCCTCAATCAGCCCCAGCATTTTGGTGAT"	"CASTGDSLNQPQHF"	"ATCCGGTCCACAAAGCTGGAGGACTCAGCCATGTACTTCTGTGCCAGCACGGGGGACAGCCTCAATCAGCCCCAGCATTTTGGTGAT"	"CASTGDSLNQPQHF"	"TCRBV2-1"	"TCRBD1-1*1"	"TCRBJ1-5*1"	49	52	59	62	3	3	NA	NA	"ATCCGGTCCACAAAGCTGGAGGACTCAGCCATGTACTTCTGTGCCAGCACGGGGGACAGCCTCAATCAGCCCCAGCATTTTGGTGAT"	FALSE	TRUE	NA	NA	NA	NA
"NNNNTGTCGGCTGCTCCCTCCCAGACATCTGTGTACTTCTGTGCCAGCAGTTACTCTGGGGAAGACAATGAGCAGTTCTTCGGGCCA"	"CASSYSGEDNEQFF"	"NNNNTGTCGGCTGCTCCCTCCCAGACATCTGTGTACTTCTGTGCCAGCAGTTACTCTGGGGAAGACAATGAGCAGTTCTTCGGGCCA"	"CASSYSGEDNEQFF"	"TCRBV6-5*1"	NA	"TCRBJ2-1*1"	56	58	62	64	2	2	NA	NA	"NNNNTGTCGGCTGCTCCCTCCCAGACATCTGTGTACTTCTGTGCCAGCAGTTACTCTGGGGAAGACAATGAGCAGTTCTTCGGGCCA"	FALSE	TRUE	NA	NA	NA	NA
"GAGCTTGGGGACTCGGCCGTGTATCTCTGTGCCAGCAGCTTAGCTCACCTGGGGGTTGCCTACCAAGAGACCCAGTACTTCGGGCCA"	"CASSLAHLGVAYQETQYF"	"GAGCTTGGGGACTCGGCCGTGTATCTCTGTGCCAGCAGCTTAGCTCACCTGGGGGTTGCCTACCAAGAGACCCAGTACTTCGGGCCA"	"CASSLAHLGVAYQETQYF"	"TCRBV11-3*1"	NA	"TCRBJ2-5*1"	43	50	55	61	7	6	NA	NA	"GAGCTTGGGGACTCGGCCGTGTATCTCTGTGCCAGCAGCTTAGCTCACCTGGGGGTTGCCTACCAAGAGACCCAGTACTTCGGGCCA"	FALSE	TRUE	NA	NA	NA	NA
"GCCCATCCTGAAGACAGCAGCTTCTACATCTGCAGTGCTAGAGATTTAAGGCGGATGGTGGTAGGCACTGAAGCTTTCTTTGGACAA"	"CSARDLRRMVVGTEAFF"	"GCCCATCCTGAAGACAGCAGCTTCTACATCTGCAGTGCTAGAGATTTAAGGCGGATGGTGGTAGGCACTGAAGCTTTCTTTGGACAA"	"CSARDLRRMVVGTEAFF"	NA	"TCRBD2-1"	"TCRBJ1-1*1"	44	50	54	65	6	11	NA	NA	"GCCCATCCTGAAGACAGCAGCTTCTACATCTGCAGTGCTAGAGATTTAAGGCGGATGGTGGTAGGCACTGAAGCTTTCTTTGGACAA"	FALSE	TRUE	NA	NA	NA	NA
"CTGGAGTCCGCTACCCGCTCCCAGACATCTGTGTATTTCTGCGCCAGCAGGGGGGACAGTGTCGGATACGAGCAGTACTTCGGGCCG"	"CASRGDSVGYEQYF"	"CTGGAGTCCGCTACCCGCTCCCAGACATCTGTGTATTTCTGCGCCAGCAGGGGGGACAGTGTCGGATACGAGCAGTACTTCGGGCCG"	"CASRGDSVGYEQYF"	"TCRBV1-2*1"	"TCRBD1-1*1"	"TCRBJ2-7*1"	50	52	59	66	2	7	NA	NA	"CTGGAGTCCGCTACCCGCTCCCAGACATCTGTGTATTTCTGCGCCAGCAGGGGGGACAGTGTCGGATACGAGCAGTACTTCGGGCCG"	FALSE	TRUE	NA	NA	NA	NA
"CACGTTGGCGTCTGCTGTACCCTCTCAGACATCTGTGTACTTCTGTGCCAGCAGTGAGTGGGAAACTATGGCTACACCTTCGGTTCG"	""	"CACGTTGGCGTCTGCTGTACCCTCTCAGACATCTGTGTACTTCTGTGCCAGCAGTGAGTGGGAAACTATGGCTACACCTTCGGTTCG"	""	"TCRBV6-4*1"	NA	"TCRBJ1-2*1"	57	59	-1	63	2	64	NA	NA	"CACGTTGGCGTCTGCTGTACCCTCTCAGACATCTGTGTACTTCTGTGCCAGCAGTGAGTGGGAAACTATGGCTACACCTTCGGTTCG"	FALSE	FALSE	NA	NA	NA	NA
"AAGAAGCTCCTTCTCAGTGACTCTGGCTTCTATCTCTGTGCCTGGAGTGTACTTGCACAGGGGACCGGGGAGCTGTTTTTTGGAGAA"	"CAWSVLAQGTGELFF"	"AAGAAGCTCCTTCTCAGTGACTCTGGCTTCTATCTCTGTGCCTGGAGTGTACTTGCACAGGGGACCGGGGAGCTGTTTTTTGGAGAA"	"CAWSVLAQGTGELFF"	"TCRBV3-1*1"	"TCRBD1-1*1"	"TCRBJ2-2*1"	50	56	-1	63	6	64	NA	NA	"AAGAAGCTCCTTCTCAGTGACTCTGGCTTCTATCTCTGTGCCTGGAGTGTACTTGCACAGGGGACCGGGGAGCTGTTTTTTGGAGAA"	FALSE	TRUE	NA	NA	NA	NA
"ATCCAGCGCACAGAGCAGGGGGACTCGGCCATGTATCTCTGTGCCAGCAGCTTAATAGACTGGACAGATACGCAGTATTTTGGCCCA"	"CASSLIDWTDTQYF"	"ATCCAGCGCACAGAGCAGGGGGACTCGGCCATGTATCTCTGTGCCAGCAGCTTAATAGACTGGACAGATACGCAGTATTTTGGCCCA"	"CASSLIDWTDTQYF"	"TCRBV7-9*1"	"TCRBD2-1"	"TCRBJ2-3*1"	54	57	61	63	3	2	NA	NA	"ATCCAGCGCACAGAGCAGGGGGACTCGGCCATGTATCTCTGTGCCAGCAGCTTAATAGACTGGACAGATACGCAGTATTTTGGCCCA"	FALSE	TRUE	NA	NA	NA	NA
"TTCTGGAGTCCGCCAGCACCAACCAGACATCTATGTACCTCTGTGCCAGCAGTTTGCCGGGGGGGCAATGGCTACACCTTCGGTTCG"	""	"TTCTGGAGTCCGCCAGCACCAACCAGACATCTATGTACCTCTGTGCCAGCAGTTTGCCGGGGGGGCAATGGCTACACCTTCGGTTCG"	""	"TCRBV28-1*1"	"TCRBD2-1*1"	"TCRBJ1-2*1"	55	57	65	67	2	2	NA	NA	"TTCTGGAGTCCGCCAGCACCAACCAGACATCTATGTACCTCTGTGCCAGCAGTTTGCCGGGGGGGCAATGGCTACACCTTCGGTTCG"	FALSE	FALSE	NA	NA	NA	NA
"CCTGCAAAGCTTGAGGACTCGGCCGTGTATCTCTGTGCCAGCAGCCAAGGGGCAGGGGGGAGCCAAGAGACCCAGTACTTCGGGCCA"	"CASSQGAGGSQETQYF"	"CCTGCAAAGCTTGAGGACTCGGCCGTGTATCTCTGTGCCAGCAGCCAAGGGGCAGGGGGGAGCCAAGAGACCCAGTACTTCGGGCCA"	"CASSQGAGGSQETQYF"	"TCRBV11-2"	"TCRBD1-1*1"	"TCRBJ2-5*1"	45	52	59	62	7	3	NA	NA	"CCTGCAAAGCTTGAGGACTCGGCCGTGTATCTCTGTGCCAGCAGCCAAGGGGCAGGGGGGAGCCAAGAGACCCAGTACTTCGGGCCA"	FALSE	TRUE	NA	NA	NA	NA
"AGCACCAACCAGACATCTATGTACCTCTGTGCCAGCAGTTTATGCAGCGGAGTCAGACAGTTGTGTCAGCCCCAGCATTTTGGTGAT"	"CASSLCSGVRQLCQPQHF"	"AGCACCAACCAGACATCTATGTACCTCTGTGCCAGCAGTTTATGCAGCGGAGTCAGACAGTTGTGTCAGCCCCAGCATTTTGGTGAT"	"CASSLCSGVRQLCQPQHF"	"TCRBV28-1*1"	NA	"TCRBJ1-5*1"	44	55	60	65	11	5	NA	NA	"AGCACCAACCAGACATCTATGTACCTCTGTGCCAGCAGTTTATGCAGCGGAGTCAGACAGTTGTGTCAGCCCCAGCATTTTGGTGAT"	FALSE	TRUE	NA	NA	NA	NA
"AATGTGAGCACCTTGGAGCTGGGGGACTCGGCCCTTTATCTTTGCGCCAGCAGCGATAGTTTTGGCTACGAGCAGTACTTCGGGCCG"	"CASSDSFGYEQYF"	"AATGTGAGCACCTTGGAGCTGGGGGACTCGGCCCTTTATCTTTGCGCCAGCAGCGATAGTTTTGGCTACGAGCAGTACTTCGGGCCG"	"CASSDSFGYEQYF"	"TCRBV5-1*1"	"TCRBD2-1"	"TCRBJ2-7*1"	54	56	59	65	2	6	NA	NA	"AATGTGAGCACCTTGGAGCTGGGGGACTCGGCCCTTTATCTTTGCGCCAGCAGCGATAGTTTTGGCTACGAGCAGTACTTCGGGCCG"	FALSE	TRUE	NA	NA	NA	NA
"ACGTTGGCGTCTGCTGTACCCTCTCAGACATCTGTGTACTTCTGTGCCAGCAGTGATTCCTCTAGGAATGAGCAGTTCTTCGGGCCA"	"CASSDSSRNEQFF"	"ACGTTGGCGTCTGCTGTACCCTCTCAGACATCTGTGTACTTCTGTGCCAGCAGTGATTCCTCTAGGAATGAGCAGTTCTTCGGGCCA"	"CASSDSSRNEQFF"	"TCRBV6-4*1"	"TCRBD2-1"	"TCRBJ2-1*1"	56	61	65	66	5	1	NA	NA	"ACGTTGGCGTCTGCTGTACCCTCTCAGACATCTGTGTACTTCTGTGCCAGCAGTGATTCCTCTAGGAATGAGCAGTTCTTCGGGCCA"	FALSE	TRUE	NA	NA	NA	NA
"ACTGTGAGCAACATGAGCCCTGAAGACAGCAGCATATATCTCTGCAGCGTTGTGGTCATGAACACCGGGGAGCTGTTTTTTGGAGAA"	"CSVVVMNTGELFF"	"ACTGTGAGCAACATGAGCCCTGAAGACAGCAGCATATATCTCTGCAGCGTTGTGGTCATGAACACCGGGGAGCTGTTTTTTGGAGAA"	"CSVVVMNTGELFF"	"TCRBV29-1"	NA	"TCRBJ2-2*1"	52	53	55	59	1	4	NA	NA	"ACTGTGAGCAACATGAGCCCTGAAGACAGCAGCATATATCTCTGCAGCGTTGTGGTCATGAACACCGGGGAGCTGTTTTTTGGAGAA"	FALSE	TRUE	NA	NA	NA	NA
"CAGCCAGAAGACTCGGCCCTGTATCTCTGCGCCAGCAGCCAACTTAAGACTAGCGGGCTGAACACCGGGGAGCTGTTTTTTGGAGAA"	"CASSQLKTSGLNTGELFF"	"CAGCCAGAAGACTCGGCCCTGTATCTCTGCGCCAGCAGCCAACTTAAGACTAGCGGGCTGAACACCGGGGAGCTGTTTTTTGGAGAA"	"CASSQLKTSGLNTGELFF"	"TCRBV4-3*1"	"TCRBD2-1"	"TCRBJ2-2*1"	42	47	57	59	5	2	NA	NA	"CAGCCAGAAGACTCGGCCCTGTATCTCTGCGCCAGCAGCCAACTTAAGACTAGCGGGCTGAACACCGGGGAGCTGTTTTTTGGAGAA"	FALSE	TRUE	NA	NA	NA	NA
"AACGCCTTGTTGCTGGGGGACTCGGCCCTGTATCTCTGTGCCAGCACACCGGGACAGGGAGGCAATCAGCCCCAGCATTTTGGTGAT"	"CASTPGQGGNQPQHF"	"AACGCCTTGTTGCTGGGGGACTCGGCCCTGTATCTCTGTGCCAGCACACCGGGACAGGGAGGCAATCAGCCCCAGCATTTTGGTGAT"	"CASTPGQGGNQPQHF"	"TCRBV5-5*1"	"TCRBD1-1*1"	"TCRBJ1-5*1"	46	50	59	61	4	2	NA	NA	"AACGCCTTGTTGCTGGGGGACTCGGCCCTGTATCTCTGTGCCAGCACACCGGGACAGGGAGGCAATCAGCCCCAGCATTTTGGTGAT"	FALSE	TRUE	NA	NA	NA	NA
"CTGGAGTCGCCCAGCCCCAACCAGACCTCTCTGTACTTCTGTGCCAGCAGTTTGGGGGTGAGTGCCTACGAGCAGTACTTCGGGCCG"	"CASSLGVSAYEQYF"	"CTGGAGTCGCCCAGCCCCAACCAGACCTCTCTGTACTTCTGTGCCAGCAGTTTGGGGGTGAGTGCCTACGAGCAGTACTTCGGGCCG"	"CASSLGVSAYEQYF"	"TCRBV27-1*1"	NA	"TCRBJ2-7*1"	-1	53	58	64	54	6	NA	NA	"CTGGAGTCGCCCAGCCCCAACCAGACCTCTCTGTACTTCTGTGCCAGCAGTTTGGGGGTGAGTGCCTACGAGCAGTACTTCGGGCCG"	FALSE	TRUE	NA	NA	NA	NA
"AAGATCCGGTCCACAAAGCTGGAGGACTCAGCCATGTACTTCTGTGCCAGCAGAACGGGAGAATTCCATGAGCAGTTCTTCGGGCCA"	"CASRTGEFHEQFF"	"AAGATCCGGTCCACAAAGCTGGAGGACTCAGCCATGTACTTCTGTGCCAGCAGAACGGGAGAATTCCATGAGCAGTTCTTCGGGCCA"	"CASRTGEFHEQFF"	"TCRBV2-1"	"TCRBD2-1*2"	"TCRBJ2-1*1"	53	55	61	67	2	6	NA	NA	"AAGATCCGGTCCACAAAGCTGGAGGACTCAGCCATGTACTTCTGTGCCAGCAGAACGGGAGAATTCCATGAGCAGTTCTTCGGGCCA"	FALSE	TRUE	NA	NA	NA	NA
"CTGGAGTCCGCTACCAGCTCCCAGACATCTGTGTACTTCTGTGCCATCAGTCAGACAGGGGGCTTGGGGGAGCAGTACTTCGGGCCG"	"CAISQTGGLGEQYF"	"CTGGAGTCCGCTACCAGCTCCCAGACATCTGTGTACTTCTGTGCCATCAGTCAGACAGGGGGCTTGGGGGAGCAGTACTTCGGGCCG"	"CAISQTGGLGEQYF"	"TCRBV1-3*1"	"TCRBD1-1*1"	"TCRBJ2-7*1"	51	53	63	69	2	6	NA	NA	"CTGGAGTCCGCTACCAGCTCCCAGACATCTGTGTACTTCTGTGCCATCAGTCAGACAGGGGGCTTGGGGGAGCAGTACTTCGGGCCG"	FALSE	TRUE	NA	NA	NA	NA
"CAGCCCTCAGAACCCAGGGACTCAGCTGTGTACTTCTGTGCCAGCAGTTTAGTCAGGGAAGCTAACTATGGCTACACCTTCGGTTCG"	"CASSLVREANYGYTF"	"CAGCCCTCAGAACCCAGGGACTCAGCTGTGTACTTCTGTGCCAGCAGTTTAGTCAGGGAAGCTAACTATGGCTACACCTTCGGTTCG"	"CASSLVREANYGYTF"	NA	"TCRBD1-1*1"	"TCRBJ1-2*1"	52	53	58	61	1	3	NA	NA	"CAGCCCTCAGAACCCAGGGACTCAGCTGTGTACTTCTGTGCCAGCAGTTTAGTCAGGGAAGCTAACTATGGCTACACCTTCGGTTCG"	FALSE	TRUE	NA	NA	NA	NA
"GTGAGTGCCTTGGAGCTGGGGGACTCGGCCCTGTATCTCTGTGCCAGAAATCCAGGACAGCATAATGAAAAACTGTTTTTTGGCAGT"	"CARNPGQHNEKLFF"	"GTGAGTGCCTTGGAGCTGGGGGACTCGGCCCTGTATCTCTGTGCCAGAAATCCAGGACAGCATAATGAAAAACTGTTTTTTGGCAGT"	"CARNPGQHNEKLFF"	"TCRBV5-3"	"TCRBD1-1*1"	"TCRBJ1-4*1"	49	54	60	62	5	2	NA	NA	"GTGAGTGCCTTGGAGCTGGGGGACTCGGCCCTGTATCTCTGTGCCAGAAATCCAGGACAGCATAATGAAAAACTGTTTTTTGGCAGT"	FALSE	TRUE	NA	NA	NA	NA
"GAGTCCGCCAGCACCAACCAGACATCTATGTACCTCTGTGCCAGCAGGCCAAGACAGGGGGCGGGTCAGCCCCAGCATTTTGGTGAT"	"CASRPRQGAGQPQHF"	"GAGTCCGCCAGCACCAACCAGACATCTATGTACCTCTGTGCCAGCAGGCCAAGACAGGGGGCGGGTCAGCCCCAGCATTTTGGTGAT"	"CASRPRQGAGQPQHF"	"TCRBV28-1*1"	"TCRBD1-1*1"	"TCRBJ1-5*1"	47	52	62	65	5	3	NA	NA	"GAGTCCGCCAGCACCAACCAGACATCTATGTACCTCTGTGCCAGCAGGCCAAGACAGGGGGCGGGTCAGCCCCAGCATTTTGGTGAT"	FALSE	TRUE	NA	NA	NA	NA
"GGAGTCTGCCAGGCCCTCACATACCTCTCAGTACCTCTGTGCCAGCAGTGAAACGGGTTTATGAACACTGAAGCTTTCTTTGGACAA"	""	"GGAGTCTGCCAGGCCCTCACATACCTCTCAGTACCTCTGTGCCAGCAGTGAAACGGGTTTATGAACACTGAAGCTTTCTTTGGACAA"	""	"TCRBV25-1*1"	"TCRBD2-1"	"TCRBJ1-1*1"	52	53	57	61	1	4	NA	NA	"GGAGTCTGCCAGGCCCTCACATACCTCTCAGTACCTCTGTGCCAGCAGTGAAACGGGTTTATGAACACTGAAGCTTTCTTTGGACAA"	FALSE	FALSE	NA	NA	NA	NA
"ACTCTCAAGATCCAGCCTGCAGAGCTTGGGGACTCGGCCGTGTATCTCTGTGCCAGCAGCAGCCCCTACGAGCAGTACTTCGGGCCG"	"CASSSPYEQYF"	"ACTCTCAAGATCCAGCCTGCAGAGCTTGGGGACTCGGCCGTGTATCTCTGTGCCAGCAGCAGCCCCTACGAGCAGTACTTCGGGCCG"	"CASSSPYEQYF"	"TCRBV11-3*1"	"TCRBD2-1"	"TCRBJ2-7*1"	-1	60	63	64	61	1	NA	NA	"ACTCTCAAGATCCAGCCTGCAGAGCTTGGGGACTCGGCCGTGTATCTCTGTGCCAGCAGCAGCCCCTACGAGCAGTACTTCGGGCCG"	FALSE	TRUE	NA	NA	NA	NA
"AACGCCTTGGAGCTGGACGACTCGGCCCTGTATCTCTGTGCCAGCAGCTTAATGAGGAGCTCTGGAAACACCATATATTTTGGAGAG"	"CASSLMRSSGNTIYF"	"AACGCCTTGGAGCTGGACGACTCGGCCCTGTATCTCTGTGCCAGCAGCTTAATGAGGAGCTCTGGAAACACCATATATTTTGGAGAG"	"CASSLMRSSGNTIYF"	"TCRBV5-4*1"	"TCRBD2-1*2"	"TCRBJ1-3*1"	50	55	-1	59	5	60	NA	NA	"AACGCCTTGGAGCTGGACGACTCGGCCCTGTATCTCTGTGCCAGCAGCTTAATGAGGAGCTCTGGAAACACCATATATTTTGGAGAG"	FALSE	TRUE	NA	NA	NA	NA
"TAGAGTCTGCCATCCCCAACCAGACAGCTCTTTACTTCTGTGCCACCAGTGGGGGGGCTGGGGTAGTATGAGCAGTTCTTCGGGCCA"	""	"TAGAGTCTGCCATCCCCAACCAGACAGCTCTTTACTTCTGTGCCACCAGTGGGGGGGCTGGGGTAGTATGAGCAGTTCTTCGGGCCA"	""	"TCRBV24-1*1"	NA	"TCRBJ2-1*1"	51	52	58	67	1	9	NA	NA	"TAGAGTCTGCCATCCCCAACCAGACAGCTCTTTACTTCTGTGCCACCAGTGGGGGGGCTGGGGTAGTATGAGCAGTTCTTCGGGCCA"	FALSE	FALSE	NA	NA	NA	NA
"TCGGCTGCTCCCTCCCAGACATCTGTGTACTTCTGTGCCAGCAAGGGCCCCGCGGACAGGGGAGATTCACCCCTCCACTTTGGGAAT"	"CASKGPADRGDSPLHF"	"TCGGCTGCTCCCTCCCAGACATCTGTGTACTTCTGTGCCAGCAAGGGCCCCGCGGACAGGGGAGATTCACCCCTCCACTTTGGGAAT"	"CASKGPADRGDSPLHF"	NA	"TCRBD1-1*1"	"TCRBJ1-6*1"	43	53	62	64	10	2	NA	NA	"TCGGCTGCTCCCTCCCAGACATCTGTGTACTTCTGTGCCAGCAAGGGCCCCGCGGACAGGGGAGATTCACCCCTCCACTTTGGGAAT"	FALSE	TRUE	NA	NA	NA	NA
"ACTGTGACATCGGCCCAAAAGAACCCGACAGCTTTCTATCTCTGTGCCAGTAGTATAGATCAGGGAACTGAAGCTTTCTTTGGACAA"	"CASSIDQGTEAFF"	"ACTGTGACATCGGCCCAAAAGAACCCGACAGCTTTCTATCTCTGTGCCAGTAGTATAGATCAGGGAACTGAAGCTTTCTTTGGACAA"	"CASSIDQGTEAFF"	"TCRBV19-1*1"	"TCRBD1-1*1"	"TCRBJ1-1*1"	59	60	65	66	1	1	NA	NA	"ACTGTGACATCGGCCCAAAAGAACCCGACAGCTTTCTATCTCTGTGCCAGTAGTATAGATCAGGGAACTGAAGCTTTCTTTGGACAA"	FALSE	TRUE	NA	NA	NA	NA
"AGTGCCCATCCTGAAGACAGCAGCTTCTACATCTGCAGTGCTAGAGGGCATAGCGGGATAAGCTCCTACGAGCAGTACTTCGGGCCG"	"CSARGHSGISSYEQYF"	"AGTGCCCATCCTGAAGACAGCAGCTTCTACATCTGCAGTGCTAGAGGGCATAGCGGGATAAGCTCCTACGAGCAGTACTTCGGGCCG"	"CSARGHSGISSYEQYF"	NA	"TCRBD2-1*2"	"TCRBJ2-7*1"	46	50	58	62	4	4	NA	NA	"AGTGCCCATCCTGAAGACAGCAGCTTCTACATCTGCAGTGCTAGAGGGCATAGCGGGATAAGCTCCTACGAGCAGTACTTCGGGCCG"	FALSE	TRUE	NA	NA	NA	NA
"CAGCCTGCAGAACTGGAGGATTCTGGAGTTTATTTCTGTGCCAGCAGCCAAGAACGGGGAGATACCTACGAGCAGTACTTCGGGCCG"	"CASSQERGDTYEQYF"	"CAGCCTGCAGAACTGGAGGATTCTGGAGTTTATTTCTGTGCCAGCAGCCAAGAACGGGGAGATACCTACGAGCAGTACTTCGGGCCG"	"CASSQERGDTYEQYF"	"TCRBV14-1*1"	"TCRBD2-1"	"TCRBJ2-7*1"	53	54	59	64	1	5	NA	NA	"CAGCCTGCAGAACTGGAGGATTCTGGAGTTTATTTCTGTGCCAGCAGCCAAGAACGGGGAGATACCTACGAGCAGTACTTCGGGCCG"	FALSE	TRUE	NA	NA	NA	NA
"ACAGAGCGGGGGGACTCAGCCGTGTATCTCTGTGCCAGCAGCTTGCAAAGCAAATAGCGGGAATCCTACGAGCAGTACTTCGGGCCG"	"CASSLQSK*RESYEQYF"	"ACAGAGCGGGGGGACTCAGCCGTGTATCTCTGTGCCAGCAGCTTGCAAAGCAAATAGCGGGAATCCTACGAGCAGTACTTCGGGCCG"	"CASSLQSK*RESYEQYF"	"TCRBV7-3*1"	"TCRBD2-1*2"	"TCRBJ2-7*1"	44	54	62	63	10	1	NA	NA	"ACAGAGCGGGGGGACTCAGCCGTGTATCTCTGTGCCAGCAGCTTGCAAAGCAAATAGCGGGAATCCTACGAGCAGTACTTCGGGCCG"	FALSE	TRUE	NA	NA	NA	NA
"GTGAGCACCTTGGAGCTGGGGGACTCGGCCCTTTATCTTTGCGCCAGCAGCGCGAGGGTCGGGACAGATACGCAGTATTTTGGCCCA"	"CASSARVGTDTQYF"	"GTGAGCACCTTGGAGCTGGGGGACTCGGCCCTTTATCTTTGCGCCAGCAGCGCGAGGGTCGGGACAGATACGCAGTATTTTGGCCCA"	"CASSARVGTDTQYF"	"TCRBV5-1*1"	"TCRBD2-1*2"	"TCRBJ2-3*1"	51	53	58	63	2	5	NA	NA	"GTGAGCACCTTGGAGCTGGGGGACTCGGCCCTTTATCTTTGCGCCAGCAGCGCGAGGGTCGGGACAGATACGCAGTATTTTGGCCCA"	FALSE	TRUE	NA	NA	NA	NA
"CCCTGTCCCTAGAGTCTGCCATCCCCAACCAGACAGCTCTTTACTTCTGTGCCACCAGTGATATACGTAGAGCAGTACTTCGGGCCG"	""	"CCCTGTCCCTAGAGTCTGCCATCCCCAACCAGACAGCTCTTTACTTCTGTGCCACCAGTGATATACGTAGAGCAGTACTTCGGGCCG"	""	"TCRBV24-1*1"	NA	"TCRBJ2-7*1"	62	64	66	69	2	3	NA	NA	"CCCTGTCCCTAGAGTCTGCCATCCCCAACCAGACAGCTCTTTACTTCTGTGCCACCAGTGATATACGTAGAGCAGTACTTCGGGCCG"	FALSE	FALSE	NA	NA	NA	NA
"GCTGCTCCCTCCCAGACATCTGTGTACTTCTGTGCCAGCAGTTACTTCCAAGCGGCTAGCGGGAGGAATGAGCAGTACTTCGGGCCG"	"CASSYFQAASGRNEQYF"	"GCTGCTCCCTCCCAGACATCTGTGTACTTCTGTGCCAGCAGTTACTTCCAAGCGGCTAGCGGGAGGAATGAGCAGTACTTCGGGCCG"	"CASSYFQAASGRNEQYF"	NA	"TCRBD2-1*2"	"TCRBJ2-7*1"	46	55	66	69	9	3	NA	NA	"GCTGCTCCCTCCCAGACATCTGTGTACTTCTGTGCCAGCAGTTACTTCCAAGCGGCTAGCGGGAGGAATGAGCAGTACTTCGGGCCG"	FALSE	TRUE	NA	NA	NA	NA
"TTGGAGATCCAGCGCACAGAGCAGGGGGACTCGGCCATGTATCTCTGTGCCAGCCCACCTCGGGTGGGCGAGCAGTACTTCGGGCCG"	"CASPPRVGEQYF"	"TTGGAGATCCAGCGCACAGAGCAGGGGGACTCGGCCATGTATCTCTGTGCCAGCCCACCTCGGGTGGGCGAGCAGTACTTCGGGCCG"	"CASPPRVGEQYF"	"TCRBV7-9"	"TCRBD2-1"	"TCRBJ2-7*1"	54	60	64	68	6	4	NA	NA	"TTGGAGATCCAGCGCACAGAGCAGGGGGACTCGGCCATGTATCTCTGTGCCAGCCCACCTCGGGTGGGCGAGCAGTACTTCGGGCCG"	FALSE	TRUE	NA	NA	NA	NA
"NNNNTGTCGGCTGCTCCCTCCCAAACATCTGTGTACTTCTGTGCCAGCAACAGACAGAGCTCTGGAAACACCATATATTTTGGAGAG"	"CASNRQSSGNTIYF"	"NNNNTGTCGGCTGCTCCCTCCCAAACATCTGTGTACTTCTGTGCCAGCAACAGACAGAGCTCTGGAAACACCATATATTTTGGAGAG"	"CASNRQSSGNTIYF"	NA	"TCRBD1-1*1"	"TCRBJ1-3*1"	49	52	57	59	3	2	NA	NA	"NNNNTGTCGGCTGCTCCCTCCCAAACATCTGTGTACTTCTGTGCCAGCAACAGACAGAGCTCTGGAAACACCATATATTTTGGAGAG"	FALSE	TRUE	NA	NA	NA	NA
"CTGAGCTCTCTGGAGCTGGGGGACTCAGCTTTGTATTTCTGTGCCAGCAGCGCGGGACAGGGCCCCTACGAGCAGTACTTCGGGCCG"	"CASSAGQGPYEQYF"	"CTGAGCTCTCTGGAGCTGGGGGACTCAGCTTTGTATTTCTGTGCCAGCAGCGCGGGACAGGGCCCCTACGAGCAGTACTTCGGGCCG"	"CASSAGQGPYEQYF"	"TCRBV9-1*1"	"TCRBD1-1*1"	"TCRBJ2-7*1"	52	53	62	64	1	2	NA	NA	"CTGAGCTCTCTGGAGCTGGGGGACTCAGCTTTGTATTTCTGTGCCAGCAGCGCGGGACAGGGCCCCTACGAGCAGTACTTCGGGCCG"	FALSE	TRUE	NA	NA	NA	NA
"CTTGGGGACTCGGCCGTGTATCTCTGTGCCAGCAGCTCCGACCCGGACTAGCGGGAGGTCAACACCGGGGAGCTGTTTTTTGGAGAA"	"CASSSDPD*REVNTGELFF"	"CTTGGGGACTCGGCCGTGTATCTCTGTGCCAGCAGCTCCGACCCGGACTAGCGGGAGGTCAACACCGGGGAGCTGTTTTTTGGAGAA"	"CASSSDPD*REVNTGELFF"	"TCRBV11-3*1"	"TCRBD2-1*2"	"TCRBJ2-2*1"	37	44	58	60	7	2	NA	NA	"CTTGGGGACTCGGCCGTGTATCTCTGTGCCAGCAGCTCCGACCCGGACTAGCGGGAGGTCAACACCGGGGAGCTGTTTTTTGGAGAA"	FALSE	TRUE	NA	NA	NA	NA
"AGGCTGGAGTTGGCTGCTCCCTCCCAGACATCTGTGTACTTCTGTGCCAGCAGCCCCAGGACGAACACTGAAGCTTTCTTTGGACAA"	"CASSPRTNTEAFF"	"AGGCTGGAGTTGGCTGCTCCCTCCCAGACATCTGTGTACTTCTGTGCCAGCAGCCCCAGGACGAACACTGAAGCTTTCTTTGGACAA"	"CASSPRTNTEAFF"	"TCRBV6-6"	NA	"TCRBJ1-1*1"	53	58	-1	62	5	63	NA	NA	"AGGCTGGAGTTGGCTGCTCCCTCCCAGACATCTGTGTACTTCTGTGCCAGCAGCCCCAGGACGAACACTGAAGCTTTCTTTGGACAA"	FALSE	TRUE	NA	NA	NA	NA
"CAGCGCACACAGCAGGAGGACTCCGCCGTGTATCTCTGTGCCAGCAGCTCCACGAAGGGGGGGGGTGAGCCCCAGCATTTTGGTGAT"	"CASSSTKGGGEPQHF"	"CAGCGCACACAGCAGGAGGACTCCGCCGTGTATCTCTGTGCCAGCAGCTCCACGAAGGGGGGGGGTGAGCCCCAGCATTTTGGTGAT"	"CASSSTKGGGEPQHF"	"TCRBV7-8*1"	"TCRBD2-1*1"	"TCRBJ1-5*1"	49	56	63	67	7	4	NA	NA	"CAGCGCACACAGCAGGAGGACTCCGCCGTGTATCTCTGTGCCAGCAGCTCCACGAAGGGGGGGGGTGAGCCCCAGCATTTTGGTGAT"	FALSE	TRUE	NA	NA	NA	NA
"GTGACATCGGCCCAAAAGAACCCGACAGCTTTCTATCTCTGTGCCAGTAGTAAACAGGGTTCCCCCGGGGAGCTGTTTTTTGGAGAA"	"CASSKQGSPGELFF"	"GTGACATCGGCCCAAAAGAACCCGACAGCTTTCTATCTCTGTGCCAGTAGTAAACAGGGTTCCCCCGGGGAGCTGTTTTTTGGAGAA"	"CASSKQGSPGELFF"	"TCRBV19-1*1"	"TCRBD1-1*1"	"TCRBJ2-2*1"	52	53	59	64	1	5	NA	NA	"GTGACATCGGCCCAAAAGAACCCGACAGCTTTCTATCTCTGTGCCAGTAGTAAACAGGGTTCCCCCGGGGAGCTGTTTTTTGGAGAA"	FALSE	TRUE	NA	NA	NA	NA
"CTGCAGCCAGAAGACTCGGCCCTGTATCTCTGCGCCAGCAGCCAGACAGGACTATTCGGCGGCACAGATACGCAGTATTTTGGCCCA"	"CASSQTGLFGGTDTQYF"	"CTGCAGCCAGAAGACTCGGCCCTGTATCTCTGCGCCAGCAGCCAGACAGGACTATTCGGCGGCACAGATACGCAGTATTTTGGCCCA"	"CASSQTGLFGGTDTQYF"	"TCRBV4-3*1"	NA	"TCRBJ2-3*1"	-1	44	50	61	45	11	NA	NA	"CTGCAGCCAGAAGACTCGGCCCTGTATCTCTGCGCCAGCAGCCAGACAGGACTATTCGGCGGCACAGATACGCAGTATTTTGGCCCA"	FALSE	TRUE	NA	NA	NA	NA
"CCCTCTCAGACATCTGTGTACTTCTGTGCCAGCAGTGACCCAACGGGGGGGGCAGTAGCACACGACACTGAAGCTTTCTTTGGACAA"	"CASSDPTGGAVAHDTEAFF"	"CCCTCTCAGACATCTGTGTACTTCTGTGCCAGCAGTGACCCAACGGGGGGGGCAGTAGCACACGACACTGAAGCTTTCTTTGGACAA"	"CASSDPTGGAVAHDTEAFF"	"TCRBV6-4*1"	"TCRBD2-1*1"	"TCRBJ1-1*1"	39	43	51	64	4	13	NA	NA	"CCCTCTCAGACATCTGTGTACTTCTGTGCCAGCAGTGACCCAACGGGGGGGGCAGTAGCACACGACACTGAAGCTTTCTTTGGACAA"	FALSE	TRUE	NA	NA	NA	NA
"AAGATCCGGTCCACAAAGCTGGAGGACTCAGCCATGTACTTCTGTGCCAGCAAGAGGGACAGGAACACTGAAGCTTTCTTTGGACAA"	"CASKRDRNTEAFF"	"AAGATCCGGTCCACAAAGCTGGAGGACTCAGCCATGTACTTCTGTGCCAGCAAGAGGGACAGGAACACTGAAGCTTTCTTTGGACAA"	"CASKRDRNTEAFF"	"TCRBV2-1"	"TCRBD1-1*1"	"TCRBJ1-1*1"	52	55	-1	62	3	63	NA	NA	"AAGATCCGGTCCACAAAGCTGGAGGACTCAGCCATGTACTTCTGTGCCAGCAAGAGGGACAGGAACACTGAAGCTTTCTTTGGACAA"	FALSE	TRUE	NA	NA	NA	NA
"CCTTGGAGCTGGGGGACTCGGCCCTGTATCTCTGTGCCAGAAGCTTGGGACTAGCGGGAGGGGTAGGAGACCCAGTACTTCGGGCCA"	""	"CCTTGGAGCTGGGGGACTCGGCCCTGTATCTCTGTGCCAGAAGCTTGGGACTAGCGGGAGGGGTAGGAGACCCAGTACTTCGGGCCA"	""	"TCRBV5-3"	"TCRBD2-1*2"	"TCRBJ2-5*1"	-1	48	62	66	49	4	NA	NA	"CCTTGGAGCTGGGGGACTCGGCCCTGTATCTCTGTGCCAGAAGCTTGGGACTAGCGGGAGGGGTAGGAGACCCAGTACTTCGGGCCA"	FALSE	FALSE	NA	NA	NA	NA
"TGACATCGGCCCAAAAGAACCCGACAGCTTTCTATCTCTGTGCCAGGGGAGGAGTTGCCTGGGGCCAACGTCCTGACTTTCGGGGCC"	""	"TGACATCGGCCCAAAAGAACCCGACAGCTTTCTATCTCTGTGCCAGGGGAGGAGTTGCCTGGGGCCAACGTCCTGACTTTCGGGGCC"	""	"TCRBV19-1*1"	"TCRBD2-1*2"	"TCRBJ2-6*1"	-1	46	52	58	47	6	NA	NA	"TGACATCGGCCCAAAAGAACCCGACAGCTTTCTATCTCTGTGCCAGGGGAGGAGTTGCCTGGGGCCAACGTCCTGACTTTCGGGGCC"	FALSE	FALSE	NA	NA	NA	NA
"GCAAAGCTTGAGGACTCGGCCGTGTATCTCTGTGCCAGCAGCTTAGATTTTTGGGGAGCTTTGGACAATGAGCAGTTCTTCGGGCCA"	"CASSLDFWGALDNEQFF"	"GCAAAGCTTGAGGACTCGGCCGTGTATCTCTGTGCCAGCAGCTTAGATTTTTGGGGAGCTTTGGACAATGAGCAGTTCTTCGGGCCA"	"CASSLDFWGALDNEQFF"	"TCRBV11-2"	"TCRBD2-1*2"	"TCRBJ2-1*1"	47	53	58	64	6	6	NA	NA	"GCAAAGCTTGAGGACTCGGCCGTGTATCTCTGTGCCAGCAGCTTAGATTTTTGGGGAGCTTTGGACAATGAGCAGTTCTTCGGGCCA"	FALSE	TRUE	NA	NA	NA	NA
"ACCAGTGCCCATCCTGAAGACAGCAGCTTCTACATCTGCAGTGCTGATACACTAGCGGCGAACACCGGGGAGCTGTTTTTTGGAGAA"	"CSADTLAANTGELFF"	"ACCAGTGCCCATCCTGAAGACAGCAGCTTCTACATCTGCAGTGCTGATACACTAGCGGCGAACACCGGGGAGCTGTTTTTTGGAGAA"	"CSADTLAANTGELFF"	NA	"TCRBD2-1"	"TCRBJ2-2*1"	45	50	-1	58	5	59	NA	NA	"ACCAGTGCCCATCCTGAAGACAGCAGCTTCTACATCTGCAGTGCTGATACACTAGCGGCGAACACCGGGGAGCTGTTTTTTGGAGAA"	FALSE	TRUE	NA	NA	NA	NA
"CAGCAGGTAGTGCGAGGAGATTCGGCAGCTTATTTCTGTGCCAGCTCAGGCAAACAACAGGGGAACACTGAAGCTTTCTTTGGACAA"	"CASSGKQQGNTEAFF"	"CAGCAGGTAGTGCGAGGAGATTCGGCAGCTTATTTCTGTGCCAGCTCAGGCAAACAACAGGGGAACACTGAAGCTTTCTTTGGACAA"	"CASSGKQQGNTEAFF"	"TCRBV18-1*1"	"TCRBD1-1*1"	"TCRBJ1-1*1"	48	56	-1	62	8	63	NA	NA	"CAGCAGGTAGTGCGAGGAGATTCGGCAGCTTATTTCTGTGCCAGCTCAGGCAAACAACAGGGGAACACTGAAGCTTTCTTTGGACAA"	FALSE	TRUE	NA	NA	NA	NA
"ACCAGTGCCCATCCTGAAGACAGCAGCTTCTACATCTGCAGTGCTAGAGATATTACAGGCCGCCGATATGGCTACACCTTCGGTTCG"	"CSARDITGRRYGYTF"	"ACCAGTGCCCATCCTGAAGACAGCAGCTTCTACATCTGCAGTGCTAGAGATATTACAGGCCGCCGATATGGCTACACCTTCGGTTCG"	"CSARDITGRRYGYTF"	NA	"TCRBD1-1*1"	"TCRBJ1-2*1"	50	54	59	66	4	7	NA	NA	"ACCAGTGCCCATCCTGAAGACAGCAGCTTCTACATCTGCAGTGCTAGAGATATTACAGGCCGCCGATATGGCTACACCTTCGGTTCG"	FALSE	TRUE	NA	NA	NA	NA
"GTGACCAGTGCCCATCCTGAAGACAGCAGCTTCTACATCTGCAGTGCTTCCCAAAGGGGAGTAGCCTATGGCTACACCTTCGGTTCG"	"CSASQRGVAYGYTF"	"GTGACCAGTGCCCATCCTGAAGACAGCAGCTTCTACATCTGCAGTGCTTCCCAAAGGGGAGTAGCCTATGGCTACACCTTCGGTTCG"	"CSASQRGVAYGYTF"	NA	NA	"TCRBJ1-2*1"	48	54	59	65	6	6	NA	NA	"GTGACCAGTGCCCATCCTGAAGACAGCAGCTTCTACATCTGCAGTGCTTCCCAAAGGGGAGTAGCCTATGGCTACACCTTCGGTTCG"	FALSE	TRUE	NA	NA	NA	NA
"ATTCTGGAGTCCGCCAGCACCAACCAGACATCTATGTACCTCTGTGCCAGCAGCCGGACGAGGGATCAGCCCCAGCATTTTGGTGAT"	"CASSRTRDQPQHF"	"ATTCTGGAGTCCGCCAGCACCAACCAGACATCTATGTACCTCTGTGCCAGCAGCCGGACGAGGGATCAGCCCCAGCATTTTGGTGAT"	"CASSRTRDQPQHF"	"TCRBV28-1*1"	"TCRBD2-1*2"	"TCRBJ1-5*1"	53	59	-1	64	6	65	NA	NA	"ATTCTGGAGTCCGCCAGCACCAACCAGACATCTATGTACCTCTGTGCCAGCAGCCGGACGAGGGATCAGCCCCAGCATTTTGGTGAT"	FALSE	TRUE	NA	NA	NA	NA
"ACCTTGGAGATCCAGCGCACAGAGCAGGGGGACTCGGCCATGTATCTCTGTGCCAGCAGCGCGGGAGGTGGCTACACCTTCGGTTCG"	"CASSAGGGYTF"	"ACCTTGGAGATCCAGCGCACAGAGCAGGGGGACTCGGCCATGTATCTCTGTGCCAGCAGCGCGGGAGGTGGCTACACCTTCGGTTCG"	"CASSAGGGYTF"	"TCRBV7-9*1"	"TCRBD2-1*2"	"TCRBJ1-2*1"	-1	60	-1	68	61	69	NA	NA	"ACCTTGGAGATCCAGCGCACAGAGCAGGGGGACTCGGCCATGTATCTCTGTGCCAGCAGCGCGGGAGGTGGCTACACCTTCGGTTCG"	FALSE	TRUE	NA	NA	NA	NA
"TCAGAACCCAGGGACTCAGCTGTGTACTTCTGTGCCAGCAGTTTAGCGGGACTAGCGGGAGAGACAGATACGCAGTATTTTGGCCCA"	"CASSLAGLAGETDTQYF"	"TCAGAACCCAGGGACTCAGCTGTGTACTTCTGTGCCAGCAGTTTAGCGGGACTAGCGGGAGAGACAGATACGCAGTATTTTGGCCCA"	"CASSLAGLAGETDTQYF"	NA	"TCRBD2-1*2"	"TCRBJ2-3*1"	-1	47	61	63	48	2	NA	NA	"TCAGAACCCAGGGACTCAGCTGTGTACTTCTGTGCCAGCAGTTTAGCGGGACTAGCGGGAGAGACAGATACGCAGTATTTTGGCCCA"	FALSE	TRUE	NA	NA	NA	NA
"TCCAGCGCACAGAGCGGGGGGACTCAGCCGTGTATCTCTGTGCCAGCAGCGGACTAGCGGGGCACCGGGGAGCTGTTTTTTGGAGAA"	""	"TCCAGCGCACAGAGCGGGGGGACTCAGCCGTGTATCTCTGTGCCAGCAGCGGACTAGCGGGGCACCGGGGAGCTGTTTTTTGGAGAA"	""	"TCRBV7-3*1"	"TCRBD2-1*1"	"TCRBJ2-2*1"	-1	50	-1	62	51	63	NA	NA	"TCCAGCGCACAGAGCGGGGGGACTCAGCCGTGTATCTCTGTGCCAGCAGCGGACTAGCGGGGCACCGGGGAGCTGTTTTTTGGAGAA"	FALSE	FALSE	NA	NA	NA	NA
"CTCCCTCCCAAACATCTGTGTACTTCTGTGCCAGCAGGTAGATACCCCGGGACTAGTTCGTTCGCAGATACGCAGTATTTTGGCCCA"	""	"CTCCCTCCCAAACATCTGTGTACTTCTGTGCCAGCAGGTAGATACCCCGGGACTAGTTCGTTCGCAGATACGCAGTATTTTGGCCCA"	""	NA	"TCRBD2-1"	"TCRBJ2-3*1"	37	48	56	64	11	8	NA	NA	"CTCCCTCCCAAACATCTGTGTACTTCTGTGCCAGCAGGTAGATACCCCGGGACTAGTTCGTTCGCAGATACGCAGTATTTTGGCCCA"	FALSE	FALSE	NA	NA	NA	NA
"NTGTCGGCTGCTCCCTCCCAGACATCTGTGTACTTCTGTGCCAGCAGGCTAGGATCATCCGGGGCCAACGTCCTGACTTTCGGGGCC"	"CASRLGSSGANVLTF"	"NTGTCGGCTGCTCCCTCCCAGACATCTGTGTACTTCTGTGCCAGCAGGCTAGGATCATCCGGGGCCAACGTCCTGACTTTCGGGGCC"	"CASRLGSSGANVLTF"	"TCRBV6-5*1"	"TCRBD2-1"	"TCRBJ2-6*1"	47	48	52	60	1	8	NA	NA	"NTGTCGGCTGCTCCCTCCCAGACATCTGTGTACTTCTGTGCCAGCAGGCTAGGATCATCCGGGGCCAACGTCCTGACTTTCGGGGCC"	FALSE	TRUE	NA	NA	NA	NA
"GACTCAGCTTTGTATTTCTGTGCCAGCAGCGTCTCCGGTAAGACAGGGCGATCCCTCCTCCAACCTTATGGCTACACCTTCGGTTCG"	"CASSVSGKTGRSLLQPYGYTF"	"GACTCAGCTTTGTATTTCTGTGCCAGCAGCGTCTCCGGTAAGACAGGGCGATCCCTCCTCCAACCTTATGGCTACACCTTCGGTTCG"	"CASSVSGKTGRSLLQPYGYTF"	"TCRBV9-1*1"	"TCRBD1-1*1"	"TCRBJ1-2*1"	32	41	48	66	9	18	NA	NA	"GACTCAGCTTTGTATTTCTGTGCCAGCAGCGTCTCCGGTAAGACAGGGCGATCCCTCCTCCAACCTTATGGCTACACCTTCGGTTCG"	FALSE	TRUE	NA	NA	NA	NA
"AAGATCCAGCCCTCAGAACCCAGGGACTCAGCTGTGTACTTCTGTGCCAGCAGTTTAGGCAGGAACTATGGCTACACCTTCGGTTCG"	"CASSLGRNYGYTF"	"AAGATCCAGCCCTCAGAACCCAGGGACTCAGCTGTGTACTTCTGTGCCAGCAGTTTAGGCAGGAACTATGGCTACACCTTCGGTTCG"	"CASSLGRNYGYTF"	"TCRBV12-3/12-4*1"	"TCRBD1-1*1"	"TCRBJ1-2*1"	58	59	-1	63	1	64	NA	NA	"AAGATCCAGCCCTCAGAACCCAGGGACTCAGCTGTGTACTTCTGTGCCAGCAGTTTAGGCAGGAACTATGGCTACACCTTCGGTTCG"	FALSE	TRUE	NA	NA	NA	NA
"GTGAGCACCTTGGAGCTGGGGGACTCGGCCCTTTATCTTTGCGCCAGCCGAGTAGCTATGTTCCGGGAGACCCAGTACTTCGGGCCA"	"CASRVAMFRETQYF"	"GTGAGCACCTTGGAGCTGGGGGACTCGGCCCTTTATCTTTGCGCCAGCCGAGTAGCTATGTTCCGGGAGACCCAGTACTTCGGGCCA"	"CASRVAMFRETQYF"	"TCRBV5-1*1"	"TCRBD2-1"	"TCRBJ2-5*1"	48	52	56	66	4	10	NA	NA	"GTGAGCACCTTGGAGCTGGGGGACTCGGCCCTTTATCTTTGCGCCAGCCGAGTAGCTATGTTCCGGGAGACCCAGTACTTCGGGCCA"	FALSE	TRUE	NA	NA	NA	NA
"CCCCTGACCCTGGAGTCTGCCAGGCCCTCACATACCTCTCAGTACCTCTGTGCCAGCAGTGAATCCTACGAGCAGTACTTCGGGCCG"	"CASSESYEQYF"	"CCCCTGACCCTGGAGTCTGCCAGGCCCTCACATACCTCTCAGTACCTCTGTGCCAGCAGTGAATCCTACGAGCAGTACTTCGGGCCG"	"CASSESYEQYF"	"TCRBV25-1*1"	NA	"TCRBJ2-7*1"	-1	-1	-1	63	0	64	NA	NA	"CCCCTGACCCTGGAGTCTGCCAGGCCCTCACATACCTCTCAGTACCTCTGTGCCAGCAGTGAATCCTACGAGCAGTACTTCGGGCCG"	FALSE	TRUE	NA	NA	NA	NA
"ATCCTGAGTTCTAAGAAGCTCCTTCTCAGTGACTCTGGCTTCTATCTCTGTGCCTGGGTGAGCTCCTACGAGCAGTACTTCGGGCCG"	"CAWVSSYEQYF"	"ATCCTGAGTTCTAAGAAGCTCCTTCTCAGTGACTCTGGCTTCTATCTCTGTGCCTGGGTGAGCTCCTACGAGCAGTACTTCGGGCCG"	"CAWVSSYEQYF"	"TCRBV3-1*5"	"TCRBD2-1*2"	"TCRBJ2-7*1"	58	59	-1	62	1	63	NA	NA	"ATCCTGAGTTCTAAGAAGCTCCTTCTCAGTGACTCTGGCTTCTATCTCTGTGCCTGGGTGAGCTCCTACGAGCAGTACTTCGGGCCG"	FALSE	TRUE	NA	NA	NA	NA
"TCCGCCAGCACCAACCAGACATCTATGTACCTCTGTGCCAGCAGTCTCCCCGGGGAGCTGTTCCCGCGGGAGCAGTACTTCGGGCCG"	"CASSLPGELFPREQYF"	"TCCGCCAGCACCAACCAGACATCTATGTACCTCTGTGCCAGCAGTCTCCCCGGGGAGCTGTTCCCGCGGGAGCAGTACTTCGGGCCG"	"CASSLPGELFPREQYF"	"TCRBV28-1*1"	"TCRBD2-1"	"TCRBJ2-7*1"	45	50	55	69	5	14	NA	NA	"TCCGCCAGCACCAACCAGACATCTATGTACCTCTGTGCCAGCAGTCTCCCCGGGGAGCTGTTCCCGCGGGAGCAGTACTTCGGGCCG"	FALSE	TRUE	NA	NA	NA	NA
"TGCTGTACCCTCTCAGACATCTGTGTACTTCTGTGCCAGCAGTGACTCGAAAACTACTAGCGTTACTACGAGCAGTACTTCGGGCCG"	""	"TGCTGTACCCTCTCAGACATCTGTGTACTTCTGTGCCAGCAGTGACTCGAAAACTACTAGCGTTACTACGAGCAGTACTTCGGGCCG"	""	"TCRBV6-4*1"	"TCRBD2-1"	"TCRBJ2-7*1"	48	55	62	65	7	3	NA	NA	"TGCTGTACCCTCTCAGACATCTGTGTACTTCTGTGCCAGCAGTGACTCGAAAACTACTAGCGTTACTACGAGCAGTACTTCGGGCCG"	FALSE	FALSE	NA	NA	NA	NA
"TGCAGAGCTTGGGGACTCGGCCGTGTATCTCTGTGCCAGCAGCTTAGGCCCTGGGCTAGCGACAACAATGAGCAGTTCTTCGGGCCA"	""	"TGCAGAGCTTGGGGACTCGGCCGTGTATCTCTGTGCCAGCAGCTTAGGCCCTGGGCTAGCGACAACAATGAGCAGTTCTTCGGGCCA"	""	"TCRBV11-3*1"	"TCRBD2-1"	"TCRBJ2-1*1"	47	55	61	64	8	3	NA	NA	"TGCAGAGCTTGGGGACTCGGCCGTGTATCTCTGTGCCAGCAGCTTAGGCCCTGGGCTAGCGACAACAATGAGCAGTTCTTCGGGCCA"	FALSE	FALSE	NA	NA	NA	NA
"CAGAACTGGAGGATTCTGGAGTTTATTTCTGTGCCAGCAGCCAAGTAACCCGACAGTAATTCGTACAATGAGCAGTTCTTCGGGCCA"	""	"CAGAACTGGAGGATTCTGGAGTTTATTTCTGTGCCAGCAGCCAAGTAACCCGACAGTAATTCGTACAATGAGCAGTTCTTCGGGCCA"	""	"TCRBV14-1*1"	"TCRBD1-1*1"	"TCRBJ2-1*1"	45	51	56	63	6	7	NA	NA	"CAGAACTGGAGGATTCTGGAGTTTATTTCTGTGCCAGCAGCCAAGTAACCCGACAGTAATTCGTACAATGAGCAGTTCTTCGGGCCA"	FALSE	FALSE	NA	NA	NA	NA
"CAAGATCCAGCCTGCAGAGCTTGGGGACTCGGCCGTGTATCTCTGTGCCAGCAACACCTTGACGTCTATGGCTACACCTTCGGTTCG"	""	"CAAGATCCAGCCTGCAGAGCTTGGGGACTCGGCCGTGTATCTCTGTGCCAGCAACACCTTGACGTCTATGGCTACACCTTCGGTTCG"	""	"TCRBV11-3*1"	NA	"TCRBJ1-2*1"	53	60	63	65	7	2	NA	NA	"CAAGATCCAGCCTGCAGAGCTTGGGGACTCGGCCGTGTATCTCTGTGCCAGCAACACCTTGACGTCTATGGCTACACCTTCGGTTCG"	FALSE	FALSE	NA	NA	NA	NA
"TCAGCTTTGTATTTCTGTGCCAGCAGCGGGCAAGGGATGGGGGACTTCCGACCCGAAAGCTCCTACAATGAGCAGTTCTTCGGGCCA"	"CASSGQGMGDFRPESSYNEQFF"	"TCAGCTTTGTATTTCTGTGCCAGCAGCGGGCAAGGGATGGGGGACTTCCGACCCGAAAGCTCCTACAATGAGCAGTTCTTCGGGCCA"	"CASSGQGMGDFRPESSYNEQFF"	"TCRBV9-1*1"	"TCRBD2-1"	"TCRBJ2-1*1"	28	40	46	59	12	13	NA	NA	"TCAGCTTTGTATTTCTGTGCCAGCAGCGGGCAAGGGATGGGGGACTTCCGACCCGAAAGCTCCTACAATGAGCAGTTCTTCGGGCCA"	FALSE	TRUE	NA	NA	NA	NA
"CTCCTCCCAGACATCTGTATATTTCTGCGCCAGCAGTGCTAGAAACAGGGAATTCAAGGGGAGACCGGGGAGCTGTTTTTTGGAGAA"	""	"CTCCTCCCAGACATCTGTATATTTCTGCGCCAGCAGTGCTAGAAACAGGGAATTCAAGGGGAGACCGGGGAGCTGTTTTTTGGAGAA"	""	"TCRBV1-1"	"TCRBD1-1*1"	"TCRBJ2-2*1"	38	44	50	63	6	13	NA	NA	"CTCCTCCCAGACATCTGTATATTTCTGCGCCAGCAGTGCTAGAAACAGGGAATTCAAGGGGAGACCGGGGAGCTGTTTTTTGGAGAA"	FALSE	FALSE	NA	NA	NA	NA
"GTTTTTTGGGTTGTTCCTTCCCAGACATCTGTGTACTTCTGTGCCAGCAGCCAACAGGGGGCTTCCTACGAGCAGTACTTCGGGCCG"	"CASSQQGASYEQYF"	"GTTTTTTGGGTTGTTCCTTCCCAGACATCTGTGTACTTCTGTGCCAGCAGCCAACAGGGGGCTTCCTACGAGCAGTACTTCGGGCCG"	"CASSQQGASYEQYF"	NA	"TCRBD1-1*1"	"TCRBJ2-7*1"	50	53	62	63	3	1	NA	NA	"GTTTTTTGGGTTGTTCCTTCCCAGACATCTGTGTACTTCTGTGCCAGCAGCCAACAGGGGGCTTCCTACGAGCAGTACTTCGGGCCG"	FALSE	TRUE	NA	NA	NA	NA
"CTTGGGGACTCGGCCGTGTATCTCTGTGCCAGCAGCTCTAACCTTAGCCTACGGACAGGTTTGAACGAAAAACTGTTTTTTGGCAGT"	"CASSSNLSLRTGLNEKLFF"	"CTTGGGGACTCGGCCGTGTATCTCTGTGCCAGCAGCTCTAACCTTAGCCTACGGACAGGTTTGAACGAAAAACTGTTTTTTGGCAGT"	"CASSSNLSLRTGLNEKLFF"	"TCRBV11-3*1"	"TCRBD1-1*1"	"TCRBJ1-4*1"	37	52	59	66	15	7	NA	NA	"CTTGGGGACTCGGCCGTGTATCTCTGTGCCAGCAGCTCTAACCTTAGCCTACGGACAGGTTTGAACGAAAAACTGTTTTTTGGCAGT"	FALSE	TRUE	NA	NA	NA	NA
"CAGCGCACAGAGCAGCGGGACTCAGCCATGTATCGCTGTGCTAGCAGCCTCACTAGCGGGAGTACGAATGAGCAGTTCTTCGGGCCA"	"CASSLTSGSTNEQFF"	"CAGCGCACAGAGCAGCGGGACTCAGCCATGTATCGCTGTGCTAGCAGCCTCACTAGCGGGAGTACGAATGAGCAGTTCTTCGGGCCA"	"CASSLTSGSTNEQFF"	"TCRBV7-7*1"	"TCRBD2-1*2"	"TCRBJ2-1*1"	48	51	62	66	3	4	NA	NA	"CAGCGCACAGAGCAGCGGGACTCAGCCATGTATCGCTGTGCTAGCAGCCTCACTAGCGGGAGTACGAATGAGCAGTTCTTCGGGCCA"	FALSE	TRUE	NA	NA	NA	NA
"AGCCCCAACCAGACCTCTCTGTACTTCTGTGCCAGCAGTTTATACCCCGCTGGGATAGCGGGGACAGATACGCAGTATTTTGGCCCA"	"CASSLYPAGIAGTDTQYF"	"AGCCCCAACCAGACCTCTCTGTACTTCTGTGCCAGCAGTTTATACCCCGCTGGGATAGCGGGGACAGATACGCAGTATTTTGGCCCA"	"CASSLYPAGIAGTDTQYF"	"TCRBV27-1*1"	"TCRBD2-1*1"	"TCRBJ2-3*1"	43	55	-1	63	12	64	NA	NA	"AGCCCCAACCAGACCTCTCTGTACTTCTGTGCCAGCAGTTTATACCCCGCTGGGATAGCGGGGACAGATACGCAGTATTTTGGCCCA"	FALSE	TRUE	NA	NA	NA	NA
"TGTCCTCAGAACCGGGAGACACGGCACTGTATCTCTGCGCCAGCTCCCAACCGAGGGGGAGTGACCGGGGAGCTGTTTTTTGGAGAA"	""	"TGTCCTCAGAACCGGGAGACACGGCACTGTATCTCTGCGCCAGCTCCCAACCGAGGGGGAGTGACCGGGGAGCTGTTTTTTGGAGAA"	""	"TCRBV23-1*1"	"TCRBD1-1*1"	"TCRBJ2-2*1"	44	53	59	63	9	4	NA	NA	"TGTCCTCAGAACCGGGAGACACGGCACTGTATCTCTGCGCCAGCTCCCAACCGAGGGGGAGTGACCGGGGAGCTGTTTTTTGGAGAA"	FALSE	FALSE	NA	NA	NA	NA
"GAGATCCAGCGCACAGAGCAGGGGGACTCGGCCATGTATCTCTGTGCCAGCAGCCCAACCGGGGACACTGAAGCTTTCTTTGGACAA"	"CASSPTGDTEAFF"	"GAGATCCAGCGCACAGAGCAGGGGGACTCGGCCATGTATCTCTGTGCCAGCAGCCCAACCGGGGACACTGAAGCTTTCTTTGGACAA"	"CASSPTGDTEAFF"	"TCRBV7-9*1"	"TCRBD2-1*1"	"TCRBJ1-1*1"	54	59	-1	64	5	65	NA	NA	"GAGATCCAGCGCACAGAGCAGGGGGACTCGGCCATGTATCTCTGTGCCAGCAGCCCAACCGGGGACACTGAAGCTTTCTTTGGACAA"	FALSE	TRUE	NA	NA	NA	NA
"CGCACAGAGCAGCGGGACTCAGCCATGTATCGCTGTGCTAGCAGCTCTAACTTCGCGGGCGGGTACAATGAGCAGTTCTTCGGGCCA"	"CASSSNFAGGYNEQFF"	"CGCACAGAGCAGCGGGACTCAGCCATGTATCGCTGTGCTAGCAGCTCTAACTTCGCGGGCGGGTACAATGAGCAGTTCTTCGGGCCA"	"CASSSNFAGGYNEQFF"	"TCRBV7-7*1"	"TCRBD2-1"	"TCRBJ2-1*1"	46	54	59	63	8	4	NA	NA	"CGCACAGAGCAGCGGGACTCAGCCATGTATCGCTGTGCTAGCAGCTCTAACTTCGCGGGCGGGTACAATGAGCAGTTCTTCGGGCCA"	FALSE	TRUE	NA	NA	NA	NA
"GATCCAGCCTGCAGAGCAGGGGGACTCGGCCGTGTATGTCTGTGCAAGTCGCTTCTCGCGACAGGGAGGGAGCAGTACTTCGGGCCG"	""	"GATCCAGCCTGCAGAGCAGGGGGACTCGGCCGTGTATGTCTGTGCAAGTCGCTTCTCGCGACAGGGAGGGAGCAGTACTTCGGGCCG"	""	"TCRBV12-2*1"	"TCRBD1-1*1"	"TCRBJ2-7*1"	54	59	66	69	5	3	NA	NA	"GATCCAGCCTGCAGAGCAGGGGGACTCGGCCGTGTATGTCTGTGCAAGTCGCTTCTCGCGACAGGGAGGGAGCAGTACTTCGGGCCG"	FALSE	FALSE	NA	NA	NA	NA
"GGACTCGGCCATGTATCGCTGTGCCAGCAGCTTAAACGGACAGGGTCTTAGCGGGAGTAAGGCACAGATACGCAGTATTTTGGCCCA"	""	"GGACTCGGCCATGTATCGCTGTGCCAGCAGCTTAAACGGACAGGGTCTTAGCGGGAGTAAGGCACAGATACGCAGTATTTTGGCCCA"	""	"TCRBV7-6*1"	"TCRBD2-1*2"	"TCRBJ2-3*1"	34	48	57	61	14	4	NA	NA	"GGACTCGGCCATGTATCGCTGTGCCAGCAGCTTAAACGGACAGGGTCTTAGCGGGAGTAAGGCACAGATACGCAGTATTTTGGCCCA"	FALSE	FALSE	NA	NA	NA	NA
"AGAGCGGGGGGACTCAGCCGTGTATCTCTGTGCCAGCAGCTTAACGTCAGCAGGGAACTAGCCAAAAACATTCAGTACTTCGGCGCC"	""	"AGAGCGGGGGGACTCAGCCGTGTATCTCTGTGCCAGCAGCTTAACGTCAGCAGGGAACTAGCCAAAAACATTCAGTACTTCGGCGCC"	""	"TCRBV7-3*1"	"TCRBD1-1*1"	"TCRBJ2-4*1"	45	50	55	59	5	4	NA	NA	"AGAGCGGGGGGACTCAGCCGTGTATCTCTGTGCCAGCAGCTTAACGTCAGCAGGGAACTAGCCAAAAACATTCAGTACTTCGGCGCC"	FALSE	FALSE	NA	NA	NA	NA
"GCCCAAAAGAACCCGACAGCTTTCTATCTCTGTGCCAGTAGTATTAAGTTAGCGGCCAACCAGGGCAATGAGCAGTTCTTCGGGCCA"	"CASSIKLAANQGNEQFF"	"GCCCAAAAGAACCCGACAGCTTTCTATCTCTGTGCCAGTAGTATTAAGTTAGCGGCCAACCAGGGCAATGAGCAGTTCTTCGGGCCA"	"CASSIKLAANQGNEQFF"	"TCRBV19-1*1"	"TCRBD2-1"	"TCRBJ2-1*1"	44	49	55	65	5	10	NA	NA	"GCCCAAAAGAACCCGACAGCTTTCTATCTCTGTGCCAGTAGTATTAAGTTAGCGGCCAACCAGGGCAATGAGCAGTTCTTCGGGCCA"	FALSE	TRUE	NA	NA	NA	NA
"GCTCCCTCCCAAACATCTGTGTACTTCTGTGCCAGCAGTAGGGGGACTAGCGGGATTTTCGGAAACAATGAGCAGTTCTTCGGGCCA"	"CASSRGTSGIFGNNEQFF"	"GCTCCCTCCCAAACATCTGTGTACTTCTGTGCCAGCAGTAGGGGGACTAGCGGGATTTTCGGAAACAATGAGCAGTTCTTCGGGCCA"	"CASSRGTSGIFGNNEQFF"	"TCRBV6-2/6-3*1"	"TCRBD2-1*2"	"TCRBJ2-1*1"	39	42	55	64	3	9	NA	NA	"GCTCCCTCCCAAACATCTGTGTACTTCTGTGCCAGCAGTAGGGGGACTAGCGGGATTTTCGGAAACAATGAGCAGTTCTTCGGGCCA"	FALSE	TRUE	NA	NA	NA	NA
"AAGATCCAGCCCTCAGAACCCAGGGACTCAGCTGTGTACTTCTGTGCCAGCAGACTGGATGGGGTCAATGAGCAGTTCTTCGGGCCA"	"CASRLDGVNEQFF"	"AAGATCCAGCCCTCAGAACCCAGGGACTCAGCTGTGTACTTCTGTGCCAGCAGACTGGATGGGGTCAATGAGCAGTTCTTCGGGCCA"	"CASRLDGVNEQFF"	"TCRBV12-3/12-4*1"	NA	"TCRBJ2-1*1"	53	60	64	65	7	1	NA	NA	"AAGATCCAGCCCTCAGAACCCAGGGACTCAGCTGTGTACTTCTGTGCCAGCAGACTGGATGGGGTCAATGAGCAGTTCTTCGGGCCA"	FALSE	TRUE	NA	NA	NA	NA
"AGTGACCAGTGCCCATCCTGAAGACAGCAGCTTCTACATCTGCAGTGCGGAACTAGCGGGAGCGCAGATACGCAGTATTTTGGCCCA"	""	"AGTGACCAGTGCCCATCCTGAAGACAGCAGCTTCTACATCTGCAGTGCGGAACTAGCGGGAGCGCAGATACGCAGTATTTTGGCCCA"	""	NA	"TCRBD2-1*2"	"TCRBJ2-3*1"	48	51	62	64	3	2	NA	NA	"AGTGACCAGTGCCCATCCTGAAGACAGCAGCTTCTACATCTGCAGTGCGGAACTAGCGGGAGCGCAGATACGCAGTATTTTGGCCCA"	FALSE	FALSE	NA	NA	NA	NA
"AGTGACCAGTGCCCATCCTGAAGACAGCAGCTTCTACATCTGCAGTGCTATATTAGGGGGCTAAGCACTGAAGCTTTCTTTGGACAA"	""	"AGTGACCAGTGCCCATCCTGAAGACAGCAGCTTCTACATCTGCAGTGCTATATTAGGGGGCTAAGCACTGAAGCTTTCTTTGGACAA"	""	NA	"TCRBD1-1*1"	"TCRBJ1-1*1"	50	54	61	65	4	4	NA	NA	"AGTGACCAGTGCCCATCCTGAAGACAGCAGCTTCTACATCTGCAGTGCTATATTAGGGGGCTAAGCACTGAAGCTTTCTTTGGACAA"	FALSE	FALSE	NA	NA	NA	NA
"TGACAGTGACCAGTGCCCATCCTGAAGACAGCAGCTTCTACATCTGCAATGGGACTCTTAAACTCCTACGAGCAGTACTTCGGGCCG"	""	"TGACAGTGACCAGTGCCCATCCTGAAGACAGCAGCTTCTACATCTGCAATGGGACTCTTAAACTCCTACGAGCAGTACTTCGGGCCG"	""	NA	"TCRBD2-1"	"TCRBJ2-7*1"	48	50	56	62	2	6	NA	NA	"TGACAGTGACCAGTGCCCATCCTGAAGACAGCAGCTTCTACATCTGCAATGGGACTCTTAAACTCCTACGAGCAGTACTTCGGGCCG"	FALSE	FALSE	NA	NA	NA	NA
"NNNNNTGTTGGCTGCTCCCTCCCAGACATCTGTGTACTTCTGTGCCAGCTCTATGTGGGCAGGGTCTAGACCCAGTACTTCGGGCCA"	""	"NNNNNTGTTGGCTGCTCCCTCCCAGACATCTGTGTACTTCTGTGCCAGCTCTATGTGGGCAGGGTCTAGACCCAGTACTTCGGGCCA"	""	"TCRBV6-6"	"TCRBD1-1*1"	"TCRBJ2-5*1"	49	59	64	67	10	3	NA	NA	"NNNNNTGTTGGCTGCTCCCTCCCAGACATCTGTGTACTTCTGTGCCAGCTCTATGTGGGCAGGGTCTAGACCCAGTACTTCGGGCCA"	FALSE	FALSE	NA	NA	NA	NA
"ACTCTCAAGATCCAGCCTGCAGAGCTTGGGGACTCGGCCGTGTATCTCTGTGCCAGCAGCAACCTGGACATTCAGTACTTCGGCGCC"	"CASSNLDIQYF"	"ACTCTCAAGATCCAGCCTGCAGAGCTTGGGGACTCGGCCGTGTATCTCTGTGCCAGCAGCAACCTGGACATTCAGTACTTCGGCGCC"	"CASSNLDIQYF"	"TCRBV11-3*1"	NA	"TCRBJ2-4*1"	60	65	-1	67	5	68	NA	NA	"ACTCTCAAGATCCAGCCTGCAGAGCTTGGGGACTCGGCCGTGTATCTCTGTGCCAGCAGCAACCTGGACATTCAGTACTTCGGCGCC"	FALSE	TRUE	NA	NA	NA	NA
"AATTCCCTGGAGCTTGGTGACTCTGCTGTGTATTTCTGTGCCAGCAGCCCCGGGACTAGGGTTCGGGGGGAGCTGTTTTTTGGAGAA"	"CASSPGTRVRGELFF"	"AATTCCCTGGAGCTTGGTGACTCTGCTGTGTATTTCTGTGCCAGCAGCCCCGGGACTAGGGTTCGGGGGGAGCTGTTTTTTGGAGAA"	"CASSPGTRVRGELFF"	"TCRBV3-1/3-2*1"	"TCRBD2-1"	"TCRBJ2-2*1"	49	51	59	66	2	7	NA	NA	"AATTCCCTGGAGCTTGGTGACTCTGCTGTGTATTTCTGTGCCAGCAGCCCCGGGACTAGGGTTCGGGGGGAGCTGTTTTTTGGAGAA"	FALSE	TRUE	NA	NA	NA	NA
"CTGGAGCTGGGGGACTCAGCTTTGTATTTCTGTGCCAGCAGCGTAGCGGGGGACAGGGGGCGAATCGGGGAGCTGTTTTTTGGAGAA"	"CASSVAGDRGRIGELFF"	"CTGGAGCTGGGGGACTCAGCTTTGTATTTCTGTGCCAGCAGCGTAGCGGGGGACAGGGGGCGAATCGGGGAGCTGTTTTTTGGAGAA"	"CASSVAGDRGRIGELFF"	"TCRBV9-1*1"	"TCRBD1-1*1"	"TCRBJ2-2*1"	46	49	61	65	3	4	NA	NA	"CTGGAGCTGGGGGACTCAGCTTTGTATTTCTGTGCCAGCAGCGTAGCGGGGGACAGGGGGCGAATCGGGGAGCTGTTTTTTGGAGAA"	FALSE	TRUE	NA	NA	NA	NA
"NTGTCGGCTGCTCCCTCCCAGACATCTGTGTACTTCTGTGCCAGCAGTTACAAAACGACAGGGACCTATGGCTACACCTTCGGTTCG"	"CASSYKTTGTYGYTF"	"NTGTCGGCTGCTCCCTCCCAGACATCTGTGTACTTCTGTGCCAGCAGTTACAAAACGACAGGGACCTATGGCTACACCTTCGGTTCG"	"CASSYKTTGTYGYTF"	"TCRBV6-5*1"	"TCRBD1-1*1"	"TCRBJ1-2*1"	51	56	63	65	5	2	NA	NA	"NTGTCGGCTGCTCCCTCCCAGACATCTGTGTACTTCTGTGCCAGCAGTTACAAAACGACAGGGACCTATGGCTACACCTTCGGTTCG"	FALSE	TRUE	NA	NA	NA	NA
"NTGTCGGCTGCTCCCTCCCAGACATCTGTGTACTTCTGTGCCAGCAGGCGAAAGGGCACCCCTGGAAACACCATATATTTTGGAGAG"	"CASRRKGTPGNTIYF"	"NTGTCGGCTGCTCCCTCCCAGACATCTGTGTACTTCTGTGCCAGCAGGCGAAAGGGCACCCCTGGAAACACCATATATTTTGGAGAG"	"CASRRKGTPGNTIYF"	"TCRBV6-5*1"	NA	"TCRBJ1-3*1"	47	52	56	61	5	5	NA	NA	"NTGTCGGCTGCTCCCTCCCAGACATCTGTGTACTTCTGTGCCAGCAGGCGAAAGGGCACCCCTGGAAACACCATATATTTTGGAGAG"	FALSE	TRUE	NA	NA	NA	NA
"CAGCCCTCAGAACCCAGGGACTCAGCTGTGTATTTTTGTGCTAGTGGTTTGGACGGGACCCTCGGCAATGAGCAGTTCTTCGGGCCA"	"CASGLDGTLGNEQFF"	"CAGCCCTCAGAACCCAGGGACTCAGCTGTGTATTTTTGTGCTAGTGGTTTGGACGGGACCCTCGGCAATGAGCAGTTCTTCGGGCCA"	"CASGLDGTLGNEQFF"	"TCRBV12-5*1"	NA	"TCRBJ2-1*1"	52	54	59	65	2	6	NA	NA	"CAGCCCTCAGAACCCAGGGACTCAGCTGTGTATTTTTGTGCTAGTGGTTTGGACGGGACCCTCGGCAATGAGCAGTTCTTCGGGCCA"	FALSE	TRUE	NA	NA	NA	NA
"AGCACCTTGGAGCTGGGGGACTCGGCCCTTTATCTTTGCGCCAGCAGCCTGAGCGGGACAACCTACAATGAGCAGTTCTTCGGGCCA"	"CASSLSGTTYNEQFF"	"AGCACCTTGGAGCTGGGGGACTCGGCCCTTTATCTTTGCGCCAGCAGCCTGAGCGGGACAACCTACAATGAGCAGTTCTTCGGGCCA"	"CASSLSGTTYNEQFF"	"TCRBV5-1*1"	"TCRBD2-1*2"	"TCRBJ2-1*1"	48	51	58	61	3	3	NA	NA	"AGCACCTTGGAGCTGGGGGACTCGGCCCTTTATCTTTGCGCCAGCAGCCTGAGCGGGACAACCTACAATGAGCAGTTCTTCGGGCCA"	FALSE	TRUE	NA	NA	NA	NA
"AGGTGCAGCCTGCAGAACTGGAGGATTCTGGAGTTTATTTCTGTGCCAGCAGCTAGGGGACCTCTCTATGGCTACACCTTCGGTTCG"	""	"AGGTGCAGCCTGCAGAACTGGAGGATTCTGGAGTTTATTTCTGTGCCAGCAGCTAGGGGACCTCTCTATGGCTACACCTTCGGTTCG"	""	"TCRBV14-1*1"	NA	"TCRBJ1-2*1"	53	56	61	65	3	4	NA	NA	"AGGTGCAGCCTGCAGAACTGGAGGATTCTGGAGTTTATTTCTGTGCCAGCAGCTAGGGGACCTCTCTATGGCTACACCTTCGGTTCG"	FALSE	FALSE	NA	NA	NA	NA
"AAGAACCCGACAGCTTTCTATCTCTGTGCCAGTATCTCAGACGGGGACTAGCGGATACACTCCTACAATGAGCAGTTCTTCGGGCCA"	"CASISDGD*RIHSYNEQFF"	"AAGAACCCGACAGCTTTCTATCTCTGTGCCAGTATCTCAGACGGGGACTAGCGGATACACTCCTACAATGAGCAGTTCTTCGGGCCA"	"CASISDGD*RIHSYNEQFF"	"TCRBV19-1*1"	"TCRBD2-1"	"TCRBJ2-1*1"	34	43	54	59	9	5	NA	NA	"AAGAACCCGACAGCTTTCTATCTCTGTGCCAGTATCTCAGACGGGGACTAGCGGATACACTCCTACAATGAGCAGTTCTTCGGGCCA"	FALSE	TRUE	NA	NA	NA	NA
"ATCCAGCGCACAGAGCAGGAGGACTCGGCCGTGTATCTCTGTGCCAGCAGCTTAGACCCAGGGGTCTATGGCTACACCTTCGGTTCG"	"CASSLDPGVYGYTF"	"ATCCAGCGCACAGAGCAGGAGGACTCGGCCGTGTATCTCTGTGCCAGCAGCTTAGACCCAGGGGTCTATGGCTACACCTTCGGTTCG"	"CASSLDPGVYGYTF"	"TCRBV7-2"	"TCRBD1-1*1"	"TCRBJ1-2*1"	55	58	64	65	3	1	NA	NA	"ATCCAGCGCACAGAGCAGGAGGACTCGGCCGTGTATCTCTGTGCCAGCAGCTTAGACCCAGGGGTCTATGGCTACACCTTCGGTTCG"	FALSE	TRUE	NA	NA	NA	NA
"GTGACATCGGCCCAAAAGAACCCGACAGCTTTCTATCTCTGTGCCAGTAACCGCGGGAACGGTTACAATGAGCAGTTCTTCGGGCCA"	"CASNRGNGYNEQFF"	"GTGACATCGGCCCAAAAGAACCCGACAGCTTTCTATCTCTGTGCCAGTAACCGCGGGAACGGTTACAATGAGCAGTTCTTCGGGCCA"	"CASNRGNGYNEQFF"	"TCRBV19-1*1"	"TCRBD2-1*2"	"TCRBJ2-1*1"	49	52	58	63	3	5	NA	NA	"GTGACATCGGCCCAAAAGAACCCGACAGCTTTCTATCTCTGTGCCAGTAACCGCGGGAACGGTTACAATGAGCAGTTCTTCGGGCCA"	FALSE	TRUE	NA	NA	NA	NA
"TGTACCCTCTCAGACATCTGTGTACTTCTGTGCCAGCAGTGACTCACAGGGGGAGGTCTAGGGGAACAGCCCCAGCATTTTGGTGAT"	""	"TGTACCCTCTCAGACATCTGTGTACTTCTGTGCCAGCAGTGACTCACAGGGGGAGGTCTAGGGGAACAGCCCCAGCATTTTGGTGAT"	""	"TCRBV6-4*1"	"TCRBD1-1*1"	"TCRBJ1-5*1"	-1	45	53	66	46	13	NA	NA	"TGTACCCTCTCAGACATCTGTGTACTTCTGTGCCAGCAGTGACTCACAGGGGGAGGTCTAGGGGAACAGCCCCAGCATTTTGGTGAT"	FALSE	FALSE	NA	NA	NA	NA
"CCCAACCAGACCTCTCTGTACTTCTGTGCCAGCAGTCAAAGCCCGGGACAGGGGGCGCGAGGGGCCAACGTCCTGACTTTCGGGGCC"	"CASSQSPGQGARGANVLTF"	"CCCAACCAGACCTCTCTGTACTTCTGTGCCAGCAGTCAAAGCCCGGGACAGGGGGCGCGAGGGGCCAACGTCCTGACTTTCGGGGCC"	"CASSQSPGQGARGANVLTF"	"TCRBV27-1*1"	"TCRBD1-1*1"	"TCRBJ2-6*1"	36	44	56	60	8	4	NA	NA	"CCCAACCAGACCTCTCTGTACTTCTGTGCCAGCAGTCAAAGCCCGGGACAGGGGGCGCGAGGGGCCAACGTCCTGACTTTCGGGGCC"	FALSE	TRUE	NA	NA	NA	NA
"TGCTGCCTCCTCCCAGACATCTGTATATTTCTGCGCCAGCAGTGGGGCTAGCGGGAGAGTGTGTCCGAGACCCAGTACTTCGGGCCA"	""	"TGCTGCCTCCTCCCAGACATCTGTATATTTCTGCGCCAGCAGTGGGGCTAGCGGGAGAGTGTGTCCGAGACCCAGTACTTCGGGCCA"	""	"TCRBV1-1"	"TCRBD2-1*2"	"TCRBJ2-5*1"	44	47	57	66	3	9	NA	NA	"TGCTGCCTCCTCCCAGACATCTGTATATTTCTGCGCCAGCAGTGGGGCTAGCGGGAGAGTGTGTCCGAGACCCAGTACTTCGGGCCA"	FALSE	FALSE	NA	NA	NA	NA
"GTGACCAGTGCCCATCCTGAAGACAGCAGCTTCTACATCTGCAGTGCTAAAAAGGACAACGGAAACTATGGCTACACCTTCGGTTCG"	"CSAKKDNGNYGYTF"	"GTGACCAGTGCCCATCCTGAAGACAGCAGCTTCTACATCTGCAGTGCTAAAAAGGACAACGGAAACTATGGCTACACCTTCGGTTCG"	"CSAKKDNGNYGYTF"	NA	"TCRBD1-1*1"	"TCRBJ1-2*1"	49	53	58	63	4	5	NA	NA	"GTGACCAGTGCCCATCCTGAAGACAGCAGCTTCTACATCTGCAGTGCTAAAAAGGACAACGGAAACTATGGCTACACCTTCGGTTCG"	FALSE	TRUE	NA	NA	NA	NA
"ACCTTGGAGCTGGGGGACTCGGCCCTTTATCTTTGCGCCAGCAGCCCGAGACTCTCTAGTGACTCCTACGAGCAGTACTTCGGGCCG"	"CASSPRLSSDSYEQYF"	"ACCTTGGAGCTGGGGGACTCGGCCCTTTATCTTTGCGCCAGCAGCCCGAGACTCTCTAGTGACTCCTACGAGCAGTACTTCGGGCCG"	"CASSPRLSSDSYEQYF"	"TCRBV5-1*1"	"TCRBD2-1"	"TCRBJ2-7*1"	45	49	53	62	4	9	NA	NA	"ACCTTGGAGCTGGGGGACTCGGCCCTTTATCTTTGCGCCAGCAGCCCGAGACTCTCTAGTGACTCCTACGAGCAGTACTTCGGGCCG"	FALSE	TRUE	NA	NA	NA	NA
"NNCATCCTGAGGATCCAGCAGGTAGTGCGAGGAGATTCGGCAGCTTATTTCTGTGCCAGCGCTAAAGAGACCCAGTACTTCGGGCCA"	"CASAKETQYF"	"NNCATCCTGAGGATCCAGCAGGTAGTGCGAGGAGATTCGGCAGCTTATTTCTGTGCCAGCGCTAAAGAGACCCAGTACTTCGGGCCA"	"CASAKETQYF"	"TCRBV18-1*1"	"TCRBD2-1"	"TCRBJ2-5*1"	60	61	-1	64	1	65	NA	NA	"NNCATCCTGAGGATCCAGCAGGTAGTGCGAGGAGATTCGGCAGCTTATTTCTGTGCCAGCGCTAAAGAGACCCAGTACTTCGGGCCA"	FALSE	TRUE	NA	NA	NA	NA
"ATCCAGCGCACAGAGCAGCGGGACTCGGCCATGTATCGCTGTGCCAGCAGCTTAGCCCTGCAGAACAATGAGCAGTTCTTCGGGCCA"	"CASSLALQNNEQFF"	"ATCCAGCGCACAGAGCAGCGGGACTCGGCCATGTATCGCTGTGCCAGCAGCTTAGCCCTGCAGAACAATGAGCAGTTCTTCGGGCCA"	"CASSLALQNNEQFF"	"TCRBV7-6*1"	"TCRBD1-1*1"	"TCRBJ2-1*1"	56	60	63	64	4	1	NA	NA	"ATCCAGCGCACAGAGCAGCGGGACTCGGCCATGTATCGCTGTGCCAGCAGCTTAGCCCTGCAGAACAATGAGCAGTTCTTCGGGCCA"	FALSE	TRUE	NA	NA	NA	NA
"ACGATTCAGCGCACAGAGCAGCGGGACTCAGCCATGTATCGCTGTGCTAGCAGCTTAAGCAGGGGCTACGAGCAGTACTTCGGGCCG"	"CASSLSRGYEQYF"	"ACGATTCAGCGCACAGAGCAGCGGGACTCAGCCATGTATCGCTGTGCTAGCAGCTTAAGCAGGGGCTACGAGCAGTACTTCGGGCCG"	"CASSLSRGYEQYF"	"TCRBV7-7*1"	"TCRBD1-1*1"	"TCRBJ2-7*1"	57	59	-1	65	2	66	NA	NA	"ACGATTCAGCGCACAGAGCAGCGGGACTCAGCCATGTATCGCTGTGCTAGCAGCTTAAGCAGGGGCTACGAGCAGTACTTCGGGCCG"	FALSE	TRUE	NA	NA	NA	NA
"TCCGCCAGCACCAACCAGACATCTATGTACCTCTGTGCCAGCAGTTCCCCGGGACAGGGGGTAGGGGATGAGCAGTTCTTCGGGCCA"	"CASSSPGQGVGDEQFF"	"TCCGCCAGCACCAACCAGACATCTATGTACCTCTGTGCCAGCAGTTCCCCGGGACAGGGGGTAGGGGATGAGCAGTTCTTCGGGCCA"	"CASSSPGQGVGDEQFF"	"TCRBV28-1*1"	"TCRBD1-1*1"	"TCRBJ2-1*1"	46	50	61	67	4	6	NA	NA	"TCCGCCAGCACCAACCAGACATCTATGTACCTCTGTGCCAGCAGTTCCCCGGGACAGGGGGTAGGGGATGAGCAGTTCTTCGGGCCA"	FALSE	TRUE	NA	NA	NA	NA
"GCTCCCTCCCAGACATCTGTGTACTTCTGTGCCAGCAGTGACCGAGGCCCCTCAGACTATAGCAATCAGCCCCAGCATTTTGGTGAT"	"CASSDRGPSDYSNQPQHF"	"GCTCCCTCCCAGACATCTGTGTACTTCTGTGCCAGCAGTGACCGAGGCCCCTCAGACTATAGCAATCAGCCCCAGCATTTTGGTGAT"	"CASSDRGPSDYSNQPQHF"	"TCRBV6-1*1"	"TCRBD2-1"	"TCRBJ1-5*1"	41	54	-1	59	13	60	NA	NA	"GCTCCCTCCCAGACATCTGTGTACTTCTGTGCCAGCAGTGACCGAGGCCCCTCAGACTATAGCAATCAGCCCCAGCATTTTGGTGAT"	FALSE	TRUE	NA	NA	NA	NA
"GTGAACGCCTTGTTGCTGGGGGACTCGGCCCTGTATCTCTGTGCCAGCAGCCTAAGTACACAGATCTACGAGCAGTACTTCGGGCCG"	"CASSLSTQIYEQYF"	"GTGAACGCCTTGTTGCTGGGGGACTCGGCCCTGTATCTCTGTGCCAGCAGCCTAAGTACACAGATCTACGAGCAGTACTTCGGGCCG"	"CASSLSTQIYEQYF"	"TCRBV5-5*1"	"TCRBD1-1*1"	"TCRBJ2-7*1"	51	59	63	65	8	2	NA	NA	"GTGAACGCCTTGTTGCTGGGGGACTCGGCCCTGTATCTCTGTGCCAGCAGCCTAAGTACACAGATCTACGAGCAGTACTTCGGGCCG"	FALSE	TRUE	NA	NA	NA	NA
"AGCTCTCTGGAGCTGGGGGACTCAGCTTTGTATTTCTGTGCCAGCAGCGTAGAAGGGTCAGAAGATTCACCCCTCCACTTTGGGAAT"	"CASSVEGSEDSPLHF"	"AGCTCTCTGGAGCTGGGGGACTCAGCTTTGTATTTCTGTGCCAGCAGCGTAGAAGGGTCAGAAGATTCACCCCTCCACTTTGGGAAT"	"CASSVEGSEDSPLHF"	"TCRBV9-1*1"	NA	"TCRBJ1-6*1"	52	53	57	64	1	7	NA	NA	"AGCTCTCTGGAGCTGGGGGACTCAGCTTTGTATTTCTGTGCCAGCAGCGTAGAAGGGTCAGAAGATTCACCCCTCCACTTTGGGAAT"	FALSE	TRUE	NA	NA	NA	NA
"GACTCAGCCATGTATCGCTGTGCTAGCAGCTTAGGTGAACTAGCGGACCTGTCAAGTACCTCCTACAATGAGCAGTTCTTCGGGCCA"	"CASSLGELADLSSTSYNEQFF"	"GACTCAGCCATGTATCGCTGTGCTAGCAGCTTAGGTGAACTAGCGGACCTGTCAAGTACCTCCTACAATGAGCAGTTCTTCGGGCCA"	"CASSLGELADLSSTSYNEQFF"	"TCRBV7-7*1"	"TCRBD2-1"	"TCRBJ2-1*1"	34	38	46	59	4	13	NA	NA	"GACTCAGCCATGTATCGCTGTGCTAGCAGCTTAGGTGAACTAGCGGACCTGTCAAGTACCTCCTACAATGAGCAGTTCTTCGGGCCA"	FALSE	TRUE	NA	NA	NA	NA
"ATCCGGTCCACAAAGCTGGAGGACTCAGCCATGTACTTCTGTGCCAGCGGACAGGGGACGAACACCGGGGAGCTGTTTTTTGGAGAA"	"CASGQGTNTGELFF"	"ATCCGGTCCACAAAGCTGGAGGACTCAGCCATGTACTTCTGTGCCAGCGGACAGGGGACGAACACCGGGGAGCTGTTTTTTGGAGAA"	"CASGQGTNTGELFF"	"TCRBV2-1"	"TCRBD1-1*1"	"TCRBJ2-2*1"	-1	48	57	58	49	1	NA	NA	"ATCCGGTCCACAAAGCTGGAGGACTCAGCCATGTACTTCTGTGCCAGCGGACAGGGGACGAACACCGGGGAGCTGTTTTTTGGAGAA"	FALSE	TRUE	NA	NA	NA	NA
"CTTCACATCAATTCCCTGGAGCTTGGTGACTCTGCTGTGTATTTCTGTGCCAGCAGCTCCATCACAGATACGCAGTATTTTGGCCCA"	"CASSSITDTQYF"	"CTTCACATCAATTCCCTGGAGCTTGGTGACTCTGCTGTGTATTTCTGTGCCAGCAGCTCCATCACAGATACGCAGTATTTTGGCCCA"	"CASSSITDTQYF"	"TCRBV3-1/3-2*1"	"TCRBD1-1*1"	"TCRBJ2-3*1"	57	59	61	62	2	1	NA	NA	"CTTCACATCAATTCCCTGGAGCTTGGTGACTCTGCTGTGTATTTCTGTGCCAGCAGCTCCATCACAGATACGCAGTATTTTGGCCCA"	FALSE	TRUE	NA	NA	NA	NA
"CTGGAGTCCGCTACCAGCTCCCAGACATCTGTGTACTTCTGTGCCACCCATGCCGTTGGGGGGAACACTGAAGCTTTCTTTGGACAA"	"CATHAVGGNTEAFF"	"CTGGAGTCCGCTACCAGCTCCCAGACATCTGTGTACTTCTGTGCCACCCATGCCGTTGGGGGGAACACTGAAGCTTTCTTTGGACAA"	"CATHAVGGNTEAFF"	"TCRBV1-3*1"	NA	"TCRBJ1-1*1"	46	57	-1	62	11	63	NA	NA	"CTGGAGTCCGCTACCAGCTCCCAGACATCTGTGTACTTCTGTGCCACCCATGCCGTTGGGGGGAACACTGAAGCTTTCTTTGGACAA"	FALSE	TRUE	NA	NA	NA	NA
"CTTCTCAGTGACTCTGGCTTCTATCTCTGTGCCTGGACCGACGGGAGGGGGCTAAGCTTGAACACCGGGGAGCTGTTTTTTGGAGAA"	"CAWTDGRGLSLNTGELFF"	"CTTCTCAGTGACTCTGGCTTCTATCTCTGTGCCTGGACCGACGGGAGGGGGCTAAGCTTGAACACCGGGGAGCTGTTTTTTGGAGAA"	"CAWTDGRGLSLNTGELFF"	"TCRBV3-1*1"	"TCRBD2-1*2"	"TCRBJ2-2*1"	37	41	49	59	4	10	NA	NA	"CTTCTCAGTGACTCTGGCTTCTATCTCTGTGCCTGGACCGACGGGAGGGGGCTAAGCTTGAACACCGGGGAGCTGTTTTTTGGAGAA"	FALSE	TRUE	NA	NA	NA	NA
"ATCCAGCAGGTAGTGCGAGGAGATTCGGCAGCTTATTTCTGTGCCAGCTCACCTCTACAGACTTCCTACGAGCAGTACTTCGGGCCG"	"CASSPLQTSYEQYF"	"ATCCAGCAGGTAGTGCGAGGAGATTCGGCAGCTTATTTCTGTGCCAGCTCACCTCTACAGACTTCCTACGAGCAGTACTTCGGGCCG"	"CASSPLQTSYEQYF"	"TCRBV18-1*1"	NA	"TCRBJ2-7*1"	53	56	60	63	3	3	NA	NA	"ATCCAGCAGGTAGTGCGAGGAGATTCGGCAGCTTATTTCTGTGCCAGCTCACCTCTACAGACTTCCTACGAGCAGTACTTCGGGCCG"	FALSE	TRUE	NA	NA	NA	NA
"ACCCTGCAGCCAGAAGACTCGGCCCTGTATCTCTGTGCCAGCAGCCAAGTGGGAGGACTAGCGGGAGGATTTAAGTACTTCGGGCCG"	"CASSQVGGLAGGFKYF"	"ACCCTGCAGCCAGAAGACTCGGCCCTGTATCTCTGTGCCAGCAGCCAAGTGGGAGGACTAGCGGGAGGATTTAAGTACTTCGGGCCG"	"CASSQVGGLAGGFKYF"	"TCRBV4-2*1"	"TCRBD2-1*2"	"TCRBJ2-7*1"	49	54	68	73	5	5	NA	NA	"ACCCTGCAGCCAGAAGACTCGGCCCTGTATCTCTGTGCCAGCAGCCAAGTGGGAGGACTAGCGGGAGGATTTAAGTACTTCGGGCCG"	FALSE	TRUE	NA	NA	NA	NA
"TCGGCCCAAAAGAACCCGACAGCTTTCTATCTCTGTGCCAGTAGTTCGAGATCTAGCGGGAGGGCCTACGAGCAGTACTTCGGGCCG"	"CASSSRSSGRAYEQYF"	"TCGGCCCAAAAGAACCCGACAGCTTTCTATCTCTGTGCCAGTAGTTCGAGATCTAGCGGGAGGGCCTACGAGCAGTACTTCGGGCCG"	"CASSSRSSGRAYEQYF"	"TCRBV19-1*1"	"TCRBD2-1*2"	"TCRBJ2-7*1"	45	52	-1	64	7	65	NA	NA	"TCGGCCCAAAAGAACCCGACAGCTTTCTATCTCTGTGCCAGTAGTTCGAGATCTAGCGGGAGGGCCTACGAGCAGTACTTCGGGCCG"	FALSE	TRUE	NA	NA	NA	NA
"TCCACGGAGTCAGGGGACACAGCACTGTATTTCTGTGCCAGCAGCAAACCTGTGGACTAGCAGCTCTACGAGCAGTACTTCGGGCCG"	"CASSKPVD*QLYEQYF"	"TCCACGGAGTCAGGGGACACAGCACTGTATTTCTGTGCCAGCAGCAAACCTGTGGACTAGCAGCTCTACGAGCAGTACTTCGGGCCG"	"CASSKPVD*QLYEQYF"	"TCRBV21-1*1"	"TCRBD2-1"	"TCRBJ2-7*1"	48	53	61	65	5	4	NA	NA	"TCCACGGAGTCAGGGGACACAGCACTGTATTTCTGTGCCAGCAGCAAACCTGTGGACTAGCAGCTCTACGAGCAGTACTTCGGGCCG"	FALSE	TRUE	NA	NA	NA	NA
"GTGAGCAACATGAGCCCTGAAGACAGCAGCATATATCTCTGCAGCGTTGTGATATGGCCCCACCGGGATGAGCAGTTCTTCGGGCCA"	"CSVVIWPHRDEQFF"	"GTGAGCAACATGAGCCCTGAAGACAGCAGCATATATCTCTGCAGCGTTGTGATATGGCCCCACCGGGATGAGCAGTTCTTCGGGCCA"	"CSVVIWPHRDEQFF"	"TCRBV29-1"	"TCRBD2-1"	"TCRBJ2-1*1"	49	63	-1	67	14	68	NA	NA	"GTGAGCAACATGAGCCCTGAAGACAGCAGCATATATCTCTGCAGCGTTGTGATATGGCCCCACCGGGATGAGCAGTTCTTCGGGCCA"	FALSE	TRUE	NA	NA	NA	NA
"NNNNNNNTGTCGGCTGCTCCCTCCCAAACATCTGTGTACTTCTGTGCCACCACCGGGACCAACACCGGGGAGCTGTTTTTTGGAGAA"	"CATTGTNTGELFF"	"NNNNNNNTGTCGGCTGCTCCCTCCCAAACATCTGTGTACTTCTGTGCCACCACCGGGACCAACACCGGGGAGCTGTTTTTTGGAGAA"	"CATTGTNTGELFF"	NA	NA	"TCRBJ2-2*1"	49	54	59	60	5	1	NA	NA	"NNNNNNNTGTCGGCTGCTCCCTCCCAAACATCTGTGTACTTCTGTGCCACCACCGGGACCAACACCGGGGAGCTGTTTTTTGGAGAA"	FALSE	TRUE	NA	NA	NA	NA
"NNNNNNNNNNTGTCGGCTGCTCCCTCCCAGACATCTGTGTACTTCTGTGCCAGCAGAACCGAGGGCTATGGCTACACCTTCGGTTCG"	"CASRTEGYGYTF"	"NNNNNNNNNNTGTCGGCTGCTCCCTCCCAGACATCTGTGTACTTCTGTGCCAGCAGAACCGAGGGCTATGGCTACACCTTCGGTTCG"	"CASRTEGYGYTF"	"TCRBV6-5*1"	"TCRBD2-1*2"	"TCRBJ1-2*1"	56	60	-1	65	4	66	NA	NA	"NNNNNNNNNNTGTCGGCTGCTCCCTCCCAGACATCTGTGTACTTCTGTGCCAGCAGAACCGAGGGCTATGGCTACACCTTCGGTTCG"	FALSE	TRUE	NA	NA	NA	NA
"NNNNNNNTGTCGGCTGCTCCCTCCCAGACATCTGTGTACTTCTGTGCCTCCAGGGGACTAGCGGTGAATGAGCAGTTCTTCGGGCCA"	"CASRGLAVNEQFF"	"NNNNNNNTGTCGGCTGCTCCCTCCCAGACATCTGTGTACTTCTGTGCCTCCAGGGGACTAGCGGTGAATGAGCAGTTCTTCGGGCCA"	"CASRGLAVNEQFF"	"TCRBV6-5*1"	"TCRBD2-1"	"TCRBJ2-1*1"	48	53	64	66	5	2	NA	NA	"NNNNNNNTGTCGGCTGCTCCCTCCCAGACATCTGTGTACTTCTGTGCCTCCAGGGGACTAGCGGTGAATGAGCAGTTCTTCGGGCCA"	FALSE	TRUE	NA	NA	NA	NA
"NNNNNTGTCGGCTGCTCCCTCCCAGACATCTGTGTACTTCTGTGCCAGCAGTGAAGCGCTTAAGGGATTGGTGCGAACTTCGGCGCC"	""	"NNNNNTGTCGGCTGCTCCCTCCCAGACATCTGTGTACTTCTGTGCCAGCAGTGAAGCGCTTAAGGGATTGGTGCGAACTTCGGCGCC"	""	"TCRBV6-1*1"	NA	"TCRBJ2-4*1"	57	63	67	76	6	9	NA	NA	"NNNNNTGTCGGCTGCTCCCTCCCAGACATCTGTGTACTTCTGTGCCAGCAGTGAAGCGCTTAAGGGATTGGTGCGAACTTCGGCGCC"	FALSE	FALSE	NA	NA	NA	NA
"AGCACCTTGGAGCTGGGGGACTCGGCCCTTTATCTTTGCGCCAGCAGCTTGTTCGGGTCAGGGACCTATGGCTACACCTTCGGTTCG"	"CASSLFGSGTYGYTF"	"AGCACCTTGGAGCTGGGGGACTCGGCCCTTTATCTTTGCGCCAGCAGCTTGTTCGGGTCAGGGACCTATGGCTACACCTTCGGTTCG"	"CASSLFGSGTYGYTF"	"TCRBV5-1*1"	NA	"TCRBJ1-2*1"	51	60	-1	65	9	66	NA	NA	"AGCACCTTGGAGCTGGGGGACTCGGCCCTTTATCTTTGCGCCAGCAGCTTGTTCGGGTCAGGGACCTATGGCTACACCTTCGGTTCG"	FALSE	TRUE	NA	NA	NA	NA
"TCTGGAGTCCGCCAGCACCAACCAGACATCTATGTACCTCTGTGCCAGCAGTTTGGACTCCGCTCCTACGAGCAGTACTTCGGGCCG"	""	"TCTGGAGTCCGCCAGCACCAACCAGACATCTATGTACCTCTGTGCCAGCAGTTTGGACTCCGCTCCTACGAGCAGTACTTCGGGCCG"	""	"TCRBV28-1*1"	"TCRBD2-1"	"TCRBJ2-7*1"	-1	54	59	62	55	3	NA	NA	"TCTGGAGTCCGCCAGCACCAACCAGACATCTATGTACCTCTGTGCCAGCAGTTTGGACTCCGCTCCTACGAGCAGTACTTCGGGCCG"	FALSE	FALSE	NA	NA	NA	NA
"GTCGGCTGCTCCCTCCCAGACATCTGTGTACTTCTGTGCCAGCAGTGGTACCGGGACCCGGCATAATATGGCTACACCTTCGGTTCG"	""	"GTCGGCTGCTCCCTCCCAGACATCTGTGTACTTCTGTGCCAGCAGTGGTACCGGGACCCGGCATAATATGGCTACACCTTCGGTTCG"	""	"TCRBV6-1*1"	NA	"TCRBJ1-2*1"	47	52	57	66	5	9	NA	NA	"GTCGGCTGCTCCCTCCCAGACATCTGTGTACTTCTGTGCCAGCAGTGGTACCGGGACCCGGCATAATATGGCTACACCTTCGGTTCG"	FALSE	FALSE	NA	NA	NA	NA
"TCGCACTGCAGCAAGAAGACTCAGCTGCGTATCTCTGCACCAGCAGCCAAGATACCGGGAGCGGCCTACGAGCAGTACTTCGGGCCG"	""	"TCGCACTGCAGCAAGAAGACTCAGCTGCGTATCTCTGCACCAGCAGCCAAGATACCGGGAGCGGCCTACGAGCAGTACTTCGGGCCG"	""	"TCRBV1-1*1"	"TCRBD2-1*2"	"TCRBJ2-7*1"	52	55	61	64	3	3	NA	NA	"TCGCACTGCAGCAAGAAGACTCAGCTGCGTATCTCTGCACCAGCAGCCAAGATACCGGGAGCGGCCTACGAGCAGTACTTCGGGCCG"	FALSE	FALSE	NA	NA	NA	NA
"TCTGCTGTACCCTCTCAGACATCTGTGTACTTCTGTGCCAGCAGTCCCTCTGTTGTGGATGGGGCCAACGTCCTGACTTTCGGGGCC"	"CASSPSVVDGANVLTF"	"TCTGCTGTACCCTCTCAGACATCTGTGTACTTCTGTGCCAGCAGTCCCTCTGTTGTGGATGGGGCCAACGTCCTGACTTTCGGGGCC"	"CASSPSVVDGANVLTF"	"TCRBV6-4*1"	NA	"TCRBJ2-6*1"	45	56	-1	59	11	60	NA	NA	"TCTGCTGTACCCTCTCAGACATCTGTGTACTTCTGTGCCAGCAGTCCCTCTGTTGTGGATGGGGCCAACGTCCTGACTTTCGGGGCC"	FALSE	TRUE	NA	NA	NA	NA
"ATCCAGCGCACACAGCAGGAGGACTCCGCCGTGTATCTCTGTGCCAGCGCACGAGGGGCTGGCAATCAGCCCCAGCATTTTGGTGAT"	"CASARGAGNQPQHF"	"ATCCAGCGCACACAGCAGGAGGACTCCGCCGTGTATCTCTGTGCCAGCGCACGAGGGGCTGGCAATCAGCCCCAGCATTTTGGTGAT"	"CASARGAGNQPQHF"	"TCRBV7-8"	NA	"TCRBJ1-5*1"	48	53	58	61	5	3	NA	NA	"ATCCAGCGCACACAGCAGGAGGACTCCGCCGTGTATCTCTGTGCCAGCGCACGAGGGGCTGGCAATCAGCCCCAGCATTTTGGTGAT"	FALSE	TRUE	NA	NA	NA	NA
"CTACCCGCTCCCAGACATCTGTGTATTTCTGCGCCAGCAGTGAGAGTAGCGGGAGTGTTTGCCTACAATGAGCAGTTCTTCGGGCCA"	""	"CTACCCGCTCCCAGACATCTGTGTATTTCTGCGCCAGCAGTGAGAGTAGCGGGAGTGTTTGCCTACAATGAGCAGTTCTTCGGGCCA"	""	"TCRBV1-2*1"	"TCRBD2-1*2"	"TCRBJ2-1*1"	44	46	55	61	2	6	NA	NA	"CTACCCGCTCCCAGACATCTGTGTATTTCTGCGCCAGCAGTGAGAGTAGCGGGAGTGTTTGCCTACAATGAGCAGTTCTTCGGGCCA"	FALSE	FALSE	NA	NA	NA	NA
"NTGTCGGCTGCTCCCTCCCAGACATCTGTGTACTTCTGTGCCAGCAGGGACTAGCGGGAATCAGAAGATACGCAGTATTTTGGCCCA"	"CASRD*RESEDTQYF"	"NTGTCGGCTGCTCCCTCCCAGACATCTGTGTACTTCTGTGCCAGCAGGGACTAGCGGGAATCAGAAGATACGCAGTATTTTGGCCCA"	"CASRD*RESEDTQYF"	"TCRBV6-5*1"	"TCRBD2-1*2"	"TCRBJ2-3*1"	-1	47	59	65	48	6	NA	NA	"NTGTCGGCTGCTCCCTCCCAGACATCTGTGTACTTCTGTGCCAGCAGGGACTAGCGGGAATCAGAAGATACGCAGTATTTTGGCCCA"	FALSE	TRUE	NA	NA	NA	NA
"CCTGCAAAGCTTGAGGACTCGGCCGTGTATCTCTGTGCCAGCAGCGATATAGGACGGGTCCACACCGGGGAGCTGTTTTTTGGAGAA"	"CASSDIGRVHTGELFF"	"CCTGCAAAGCTTGAGGACTCGGCCGTGTATCTCTGTGCCAGCAGCGATATAGGACGGGTCCACACCGGGGAGCTGTTTTTTGGAGAA"	"CASSDIGRVHTGELFF"	"TCRBV11-2"	NA	"TCRBJ2-2*1"	45	51	55	61	6	6	NA	NA	"CCTGCAAAGCTTGAGGACTCGGCCGTGTATCTCTGTGCCAGCAGCGATATAGGACGGGTCCACACCGGGGAGCTGTTTTTTGGAGAA"	FALSE	TRUE	NA	NA	NA	NA
"CAGCCTGCAGAACTGGAGGATTCTGGAGTTTATTTCTGTGCCAGCAGCCAAGGCCGGGCCCGGGGAGATACGCAGTATTTTGGCCCA"	"CASSQGRARGDTQYF"	"CAGCCTGCAGAACTGGAGGATTCTGGAGTTTATTTCTGTGCCAGCAGCCAAGGCCGGGCCCGGGGAGATACGCAGTATTTTGGCCCA"	"CASSQGRARGDTQYF"	"TCRBV14-1*1"	"TCRBD2-1*1"	"TCRBJ2-3*1"	52	60	-1	65	8	66	NA	NA	"CAGCCTGCAGAACTGGAGGATTCTGGAGTTTATTTCTGTGCCAGCAGCCAAGGCCGGGCCCGGGGAGATACGCAGTATTTTGGCCCA"	FALSE	TRUE	NA	NA	NA	NA
"CTGGAGCTTGGTGACTCTGCTGTGTATTTCTGTGCCAGCAGCGAGGGACTAGCGGGTCGGCTGTCCTACGAGCAGTACTTCGGGCCG"	"CASSEGLAGRLSYEQYF"	"CTGGAGCTTGGTGACTCTGCTGTGTATTTCTGTGCCAGCAGCGAGGGACTAGCGGGTCGGCTGTCCTACGAGCAGTACTTCGGGCCG"	"CASSEGLAGRLSYEQYF"	"TCRBV3-1/3-2*1"	"TCRBD2-1"	"TCRBJ2-7*1"	42	44	56	63	2	7	NA	NA	"CTGGAGCTTGGTGACTCTGCTGTGTATTTCTGTGCCAGCAGCGAGGGACTAGCGGGTCGGCTGTCCTACGAGCAGTACTTCGGGCCG"	FALSE	TRUE	NA	NA	NA	NA
"TTGGCTGCTCCCTCCCAGACATCTGTGTACTTCTGTGCCAGCCTCAGGGGGCGTCGCGGTATGAACACTGAAGCTTTCTTTGGACAA"	"CASLRGRRGMNTEAFF"	"TTGGCTGCTCCCTCCCAGACATCTGTGTACTTCTGTGCCAGCCTCAGGGGGCGTCGCGGTATGAACACTGAAGCTTTCTTTGGACAA"	"CASLRGRRGMNTEAFF"	"TCRBV6-6"	"TCRBD1-1*1"	"TCRBJ1-1*1"	42	44	52	61	2	9	NA	NA	"TTGGCTGCTCCCTCCCAGACATCTGTGTACTTCTGTGCCAGCCTCAGGGGGCGTCGCGGTATGAACACTGAAGCTTTCTTTGGACAA"	FALSE	TRUE	NA	NA	NA	NA
"ACCAGTGCCCATCCTGAAGACAGCAGCTTCTACATCTGCAGTGCTAGATGGACAGGGAGCTCTGGAAACACCATATATTTTGGAGAG"	"CSARWTGSSGNTIYF"	"ACCAGTGCCCATCCTGAAGACAGCAGCTTCTACATCTGCAGTGCTAGATGGACAGGGAGCTCTGGAAACACCATATATTTTGGAGAG"	"CSARWTGSSGNTIYF"	NA	"TCRBD1-1*1"	"TCRBJ1-3*1"	48	49	57	59	1	2	NA	NA	"ACCAGTGCCCATCCTGAAGACAGCAGCTTCTACATCTGCAGTGCTAGATGGACAGGGAGCTCTGGAAACACCATATATTTTGGAGAG"	FALSE	TRUE	NA	NA	NA	NA
"CAGCGCACAGAGCAGCGGGACTCAGCCATGTATCGCTGTGCTAGCAGCCCGGGTCCGCGGGGCCAAGAGACCCAGTACTTCGGGCCA"	"CASSPGPRGQETQYF"	"CAGCGCACAGAGCAGCGGGACTCAGCCATGTATCGCTGTGCTAGCAGCCCGGGTCCGCGGGGCCAAGAGACCCAGTACTTCGGGCCA"	"CASSPGPRGQETQYF"	"TCRBV7-7*1"	"TCRBD2-1*1"	"TCRBJ2-5*1"	48	56	-1	62	8	63	NA	NA	"CAGCGCACAGAGCAGCGGGACTCAGCCATGTATCGCTGTGCTAGCAGCCCGGGTCCGCGGGGCCAAGAGACCCAGTACTTCGGGCCA"	FALSE	TRUE	NA	NA	NA	NA
"NNNNTGTCGGCTGCTCCCTCCCAAACATCTGTGTACTTCTGTGCCAGCAGAGGGGTCAGGGGGCGTTTCGAGCAGTACTTCGGGCCG"	"CASRGVRGRFEQYF"	"NNNNTGTCGGCTGCTCCCTCCCAAACATCTGTGTACTTCTGTGCCAGCAGAGGGGTCAGGGGGCGTTTCGAGCAGTACTTCGGGCCG"	"CASRGVRGRFEQYF"	NA	"TCRBD1-1*1"	"TCRBJ2-7*1"	50	56	64	68	6	4	NA	NA	"NNNNTGTCGGCTGCTCCCTCCCAAACATCTGTGTACTTCTGTGCCAGCAGAGGGGTCAGGGGGCGTTTCGAGCAGTACTTCGGGCCG"	FALSE	TRUE	NA	NA	NA	NA
"ATCCTGGAGTCGCCCAGCCCCAACCAGACCTCTCTGTACTTCTGTGCCAGCAGTCCCGGGACAGGCACGGGGCGGTTCTTCGGGCCA"	"CASSPGTGTGRFF"	"ATCCTGGAGTCGCCCAGCCCCAACCAGACCTCTCTGTACTTCTGTGCCAGCAGTCCCGGGACAGGCACGGGGCGGTTCTTCGGGCCA"	"CASSPGTGTGRFF"	"TCRBV27-1*1"	"TCRBD1-1*1"	"TCRBJ2-1*1"	54	57	65	74	3	9	NA	NA	"ATCCTGGAGTCGCCCAGCCCCAACCAGACCTCTCTGTACTTCTGTGCCAGCAGTCCCGGGACAGGCACGGGGCGGTTCTTCGGGCCA"	FALSE	TRUE	NA	NA	NA	NA
"ACATCGGCCCAAAAGAACCCGACAGCTTTCTATCTCTGTGCCAGTAGTACGACCCTTGATAGCAATCAGCCCCAGCATTTTGGTGAT"	"CASSTTLDSNQPQHF"	"ACATCGGCCCAAAAGAACCCGACAGCTTTCTATCTCTGTGCCAGTAGTACGACCCTTGATAGCAATCAGCCCCAGCATTTTGGTGAT"	"CASSTTLDSNQPQHF"	"TCRBV19-1*1"	NA	"TCRBJ1-5*1"	49	50	53	59	1	6	NA	NA	"ACATCGGCCCAAAAGAACCCGACAGCTTTCTATCTCTGTGCCAGTAGTACGACCCTTGATAGCAATCAGCCCCAGCATTTTGGTGAT"	FALSE	TRUE	NA	NA	NA	NA
"CAGCGCACAGAGCAGGGGGACTCGGCCATGTATCTCTGTGCCAGCAAGGACTCGGACAGGGCGGTCTACGAGCAGTACTTCGGGCCG"	"CASKDSDRAVYEQYF"	"CAGCGCACAGAGCAGGGGGACTCGGCCATGTATCTCTGTGCCAGCAAGGACTCGGACAGGGCGGTCTACGAGCAGTACTTCGGGCCG"	"CASKDSDRAVYEQYF"	"TCRBV7-9"	"TCRBD1-1*1"	"TCRBJ2-7*1"	46	53	61	65	7	4	NA	NA	"CAGCGCACAGAGCAGGGGGACTCGGCCATGTATCTCTGTGCCAGCAAGGACTCGGACAGGGCGGTCTACGAGCAGTACTTCGGGCCG"	FALSE	TRUE	NA	NA	NA	NA
"AAGATCCAGCCTGCAGAGCTTGGGGACTCGGCCATGTATCTCTGTGCCAGCGCTCGGACAGACTCCTACGAGCAGTACTTCGGGCCG"	"CASARTDSYEQYF"	"AAGATCCAGCCTGCAGAGCTTGGGGACTCGGCCATGTATCTCTGTGCCAGCGCTCGGACAGACTCCTACGAGCAGTACTTCGGGCCG"	"CASARTDSYEQYF"	"TCRBV11-1*1"	"TCRBD1-1*1"	"TCRBJ2-7*1"	51	55	61	62	4	1	NA	NA	"AAGATCCAGCCTGCAGAGCTTGGGGACTCGGCCATGTATCTCTGTGCCAGCGCTCGGACAGACTCCTACGAGCAGTACTTCGGGCCG"	FALSE	TRUE	NA	NA	NA	NA
"GTGAGCACCTTGGAGCTGGGGGACTCGGCCCTTTATCTTTGCGCCAGCAGCTCGGGGTCCAACACCGGGGAGCTGTTTTTTGGAGAA"	"CASSSGSNTGELFF"	"GTGAGCACCTTGGAGCTGGGGGACTCGGCCCTTTATCTTTGCGCCAGCAGCTCGGGGTCCAACACCGGGGAGCTGTTTTTTGGAGAA"	"CASSSGSNTGELFF"	"TCRBV5-1*1"	"TCRBD2-1*1"	"TCRBJ2-2*1"	-1	52	57	60	53	3	NA	NA	"GTGAGCACCTTGGAGCTGGGGGACTCGGCCCTTTATCTTTGCGCCAGCAGCTCGGGGTCCAACACCGGGGAGCTGTTTTTTGGAGAA"	FALSE	TRUE	NA	NA	NA	NA
"AGGGGGACTCGGCCATGTATCTCTGTGCCAGCAGCCAGCCGGGACAGGGTCAACCGCCTAGCCAAAAACATTCAGTACTTCGGCGCC"	""	"AGGGGGACTCGGCCATGTATCTCTGTGCCAGCAGCCAGCCGGGACAGGGTCAACCGCCTAGCCAAAAACATTCAGTACTTCGGCGCC"	""	"TCRBV7-9"	"TCRBD1-1*1"	"TCRBJ2-4*1"	35	40	49	59	5	10	NA	NA	"AGGGGGACTCGGCCATGTATCTCTGTGCCAGCAGCCAGCCGGGACAGGGTCAACCGCCTAGCCAAAAACATTCAGTACTTCGGCGCC"	FALSE	FALSE	NA	NA	NA	NA
"AGATCCAGCCCTCAGAACCCAGGGACTCAGCTGTGTACTTCTGTGCCAGCAGTCCCAGGTTCCTCCGGTGAAGCTTTCTTTGGACAA"	""	"AGATCCAGCCCTCAGAACCCAGGGACTCAGCTGTGTACTTCTGTGCCAGCAGTCCCAGGTTCCTCCGGTGAAGCTTTCTTTGGACAA"	""	"TCRBV12-3/12-4*1"	"TCRBD1-1*1"	"TCRBJ1-1*1"	53	55	59	68	2	9	NA	NA	"AGATCCAGCCCTCAGAACCCAGGGACTCAGCTGTGTACTTCTGTGCCAGCAGTCCCAGGTTCCTCCGGTGAAGCTTTCTTTGGACAA"	FALSE	FALSE	NA	NA	NA	NA
"GCCCAAAAGAACCCGACAGCTTTCTATCTCTGTGCCAGTAGTATTTACGACAGGGCATTTAGCAATCAGCCCCAGCATTTTGGTGAT"	"CASSIYDRAFSNQPQHF"	"GCCCAAAAGAACCCGACAGCTTTCTATCTCTGTGCCAGTAGTATTTACGACAGGGCATTTAGCAATCAGCCCCAGCATTTTGGTGAT"	"CASSIYDRAFSNQPQHF"	"TCRBV19-1*1"	"TCRBD1-1*1"	"TCRBJ1-5*1"	44	48	55	59	4	4	NA	NA	"GCCCAAAAGAACCCGACAGCTTTCTATCTCTGTGCCAGTAGTATTTACGACAGGGCATTTAGCAATCAGCCCCAGCATTTTGGTGAT"	FALSE	TRUE	NA	NA	NA	NA
"CTGGAGTCCGCCAGCACCAACCAGACATCTATGTACCTCTGTGCCAGCAGCGAAGCGGGAGTGACAGAGACCCAGTACTTCGGGCCA"	"CASSEAGVTETQYF"	"CTGGAGTCCGCCAGCACCAACCAGACATCTATGTACCTCTGTGCCAGCAGCGAAGCGGGAGTGACAGAGACCCAGTACTTCGGGCCA"	"CASSEAGVTETQYF"	"TCRBV28-1*1"	"TCRBD2-1*2"	"TCRBJ2-5*1"	50	53	61	65	3	4	NA	NA	"CTGGAGTCCGCCAGCACCAACCAGACATCTATGTACCTCTGTGCCAGCAGCGAAGCGGGAGTGACAGAGACCCAGTACTTCGGGCCA"	FALSE	TRUE	NA	NA	NA	NA
"AGTGCCCATCCTGAAGACAGCAGCTTCTACATCTGCAGTGCCGGGACTAGCGGGAGCATAAGCACAGATACGCAGTATTTTGGCCCA"	"CSAGTSGSISTDTQYF"	"AGTGCCCATCCTGAAGACAGCAGCTTCTACATCTGCAGTGCCGGGACTAGCGGGAGCATAAGCACAGATACGCAGTATTTTGGCCCA"	"CSAGTSGSISTDTQYF"	NA	"TCRBD2-1*2"	"TCRBJ2-3*1"	41	42	56	60	1	4	NA	NA	"AGTGCCCATCCTGAAGACAGCAGCTTCTACATCTGCAGTGCCGGGACTAGCGGGAGCATAAGCACAGATACGCAGTATTTTGGCCCA"	FALSE	TRUE	NA	NA	NA	NA
"ATCTGTGTACTTCTGTGCCAGCAGTGAACCGGGACTTGGGCTCCACTAGCGGGAGGTCCGGGGGACAATGAGCAGTTCTTCGGGCCA"	""	"ATCTGTGTACTTCTGTGCCAGCAGTGAACCGGGACTTGGGCTCCACTAGCGGGAGGTCCGGGGGACAATGAGCAGTTCTTCGGGCCA"	""	"TCRBV6-1*1"	"TCRBD2-1*2"	"TCRBJ2-1*1"	28	44	56	64	16	8	NA	NA	"ATCTGTGTACTTCTGTGCCAGCAGTGAACCGGGACTTGGGCTCCACTAGCGGGAGGTCCGGGGGACAATGAGCAGTTCTTCGGGCCA"	FALSE	FALSE	NA	NA	NA	NA
"TCTAAGAAGCTCCTTCTCAGTGACTCTGGCTTCTATCTCTGTGCCTGGAGTTTAAGACAGGGGAGTCAGCCCCAGCATTTTGGTGAT"	"CAWSLRQGSQPQHF"	"TCTAAGAAGCTCCTTCTCAGTGACTCTGGCTTCTATCTCTGTGCCTGGAGTTTAAGACAGGGGAGTCAGCCCCAGCATTTTGGTGAT"	"CAWSLRQGSQPQHF"	"TCRBV3-1*1"	"TCRBD1-1*1"	"TCRBJ1-5*1"	51	55	63	65	4	2	NA	NA	"TCTAAGAAGCTCCTTCTCAGTGACTCTGGCTTCTATCTCTGTGCCTGGAGTTTAAGACAGGGGAGTCAGCCCCAGCATTTTGGTGAT"	FALSE	TRUE	NA	NA	NA	NA
"AGATCCAGCCTGCAAAGCTTGAGGACTCGGCCGTGTATCTCTGTGCCAGCAGCCCCTTACAACACCGGGGAGCTGTTTTTTGGAGAA"	""	"AGATCCAGCCTGCAAAGCTTGAGGACTCGGCCGTGTATCTCTGTGCCAGCAGCCCCTTACAACACCGGGGAGCTGTTTTTTGGAGAA"	""	"TCRBV11-2*1"	NA	"TCRBJ2-2*1"	53	58	-1	60	5	61	NA	NA	"AGATCCAGCCTGCAAAGCTTGAGGACTCGGCCGTGTATCTCTGTGCCAGCAGCCCCTTACAACACCGGGGAGCTGTTTTTTGGAGAA"	FALSE	FALSE	NA	NA	NA	NA
"ACAGAGCAGGGGGACTCGGCCATGTATCTCTGTGCCAGCAGCTTAACTCGGTCGGCGGGATCCTACAATGAGCAGTTCTTCGGGCCA"	"CASSLTRSAGSYNEQFF"	"ACAGAGCAGGGGGACTCGGCCATGTATCTCTGTGCCAGCAGCTTAACTCGGTCGGCGGGATCCTACAATGAGCAGTTCTTCGGGCCA"	"CASSLTRSAGSYNEQFF"	"TCRBV7-9*1"	"TCRBD2-1*2"	"TCRBJ2-1*1"	45	54	-1	60	9	61	NA	NA	"ACAGAGCAGGGGGACTCGGCCATGTATCTCTGTGCCAGCAGCTTAACTCGGTCGGCGGGATCCTACAATGAGCAGTTCTTCGGGCCA"	FALSE	TRUE	NA	NA	NA	NA
"CTGCAGCCAGAAGACTCGGCCCTGTATCTCTGCGCCAGCAGCCAAAGAATGGCTTAACAGGGGGCGGACGAGCAGTACTTCGGGCCG"	"CASSQRMA*QGADEQYF"	"CTGCAGCCAGAAGACTCGGCCCTGTATCTCTGCGCCAGCAGCCAAAGAATGGCTTAACAGGGGGCGGACGAGCAGTACTTCGGGCCG"	"CASSQRMA*QGADEQYF"	"TCRBV4-3*1"	"TCRBD1-1*1"	"TCRBJ2-7*1"	45	56	65	67	11	2	NA	NA	"CTGCAGCCAGAAGACTCGGCCCTGTATCTCTGCGCCAGCAGCCAAAGAATGGCTTAACAGGGGGCGGACGAGCAGTACTTCGGGCCG"	FALSE	TRUE	NA	NA	NA	NA
"AATGTGAGCACCTTGGAGCTGGGGGACTCGGCCCTTTATCTTTGCGCCAGCAGGGAGAGCTCCTACAATGAGCAGTTCTTCGGGCCA"	"CASRESSYNEQFF"	"AATGTGAGCACCTTGGAGCTGGGGGACTCGGCCCTTTATCTTTGCGCCAGCAGGGAGAGCTCCTACAATGAGCAGTTCTTCGGGCCA"	"CASRESSYNEQFF"	"TCRBV5-1*1"	"TCRBD2-1*2"	"TCRBJ2-1*1"	-1	53	57	59	54	2	NA	NA	"AATGTGAGCACCTTGGAGCTGGGGGACTCGGCCCTTTATCTTTGCGCCAGCAGGGAGAGCTCCTACAATGAGCAGTTCTTCGGGCCA"	FALSE	TRUE	NA	NA	NA	NA
"CAGCGCACAGAGCAGGGGGACTCGGCCATGTATCTCTGTGCCAGCAGCCCCCCCGGGACAGCCGTGGATGAGCAGTTCTTCGGGCCA"	"CASSPPGTAVDEQFF"	"CAGCGCACAGAGCAGGGGGACTCGGCCATGTATCTCTGTGCCAGCAGCCCCCCCGGGACAGCCGTGGATGAGCAGTTCTTCGGGCCA"	"CASSPPGTAVDEQFF"	"TCRBV7-9*1"	"TCRBD1-1*1"	"TCRBJ2-1*1"	48	54	61	67	6	6	NA	NA	"CAGCGCACAGAGCAGGGGGACTCGGCCATGTATCTCTGTGCCAGCAGCCCCCCCGGGACAGCCGTGGATGAGCAGTTCTTCGGGCCA"	FALSE	TRUE	NA	NA	NA	NA
"CTGACTGTGAGCAACATGAGCCCTGAAGACAGCAGCATATATCTCTGCAGCGGTCGGACAGGGATCCACGAGCAGTACTTCGGGCCG"	"CSGRTGIHEQYF"	"CTGACTGTGAGCAACATGAGCCCTGAAGACAGCAGCATATATCTCTGCAGCGGTCGGACAGGGATCCACGAGCAGTACTTCGGGCCG"	"CSGRTGIHEQYF"	"TCRBV29-1"	"TCRBD1-1*1"	"TCRBJ2-7*1"	52	55	63	67	3	4	NA	NA	"CTGACTGTGAGCAACATGAGCCCTGAAGACAGCAGCATATATCTCTGCAGCGGTCGGACAGGGATCCACGAGCAGTACTTCGGGCCG"	FALSE	TRUE	NA	NA	NA	NA
"CAGCGCACAGAGCAGGAGGACTCGGCCGTGTATCTCTGTGCCAGCAGTCCCGTAGCGGGAACGACAGATACGCAGTATTTTGGCCCA"	"CASSPVAGTTDTQYF"	"CAGCGCACAGAGCAGGAGGACTCGGCCGTGTATCTCTGTGCCAGCAGTCCCGTAGCGGGAACGACAGATACGCAGTATTTTGGCCCA"	"CASSPVAGTTDTQYF"	"TCRBV7-2"	"TCRBD2-1*2"	"TCRBJ2-3*1"	47	52	60	63	5	3	NA	NA	"CAGCGCACAGAGCAGGAGGACTCGGCCGTGTATCTCTGTGCCAGCAGTCCCGTAGCGGGAACGACAGATACGCAGTATTTTGGCCCA"	FALSE	TRUE	NA	NA	NA	NA
"CTGAGCTCTCTGGAGCTGGGGGACTCAGCTTTGTATTTCTGTGCCAGCAGCGTAGGGGTGGGGGCCTACGAGCAGTACTTCGGGCCG"	"CASSVGVGAYEQYF"	"CTGAGCTCTCTGGAGCTGGGGGACTCAGCTTTGTATTTCTGTGCCAGCAGCGTAGGGGTGGGGGCCTACGAGCAGTACTTCGGGCCG"	"CASSVGVGAYEQYF"	"TCRBV9-1*1"	NA	"TCRBJ2-7*1"	55	59	-1	64	4	65	NA	NA	"CTGAGCTCTCTGGAGCTGGGGGACTCAGCTTTGTATTTCTGTGCCAGCAGCGTAGGGGTGGGGGCCTACGAGCAGTACTTCGGGCCG"	FALSE	TRUE	NA	NA	NA	NA
"GAGTCTGCCATCCCCAACCAGACAGCTCTTTACTTCTGTGCCACCAGTGATTTCCTAGCGGGATCTGATGAGCAGTTCTTCGGGCCA"	"CATSDFLAGSDEQFF"	"GAGTCTGCCATCCCCAACCAGACAGCTCTTTACTTCTGTGCCACCAGTGATTTCCTAGCGGGATCTGATGAGCAGTTCTTCGGGCCA"	"CATSDFLAGSDEQFF"	"TCRBV24-1*1"	"TCRBD2-1*2"	"TCRBJ2-1*1"	53	54	63	67	1	4	NA	NA	"GAGTCTGCCATCCCCAACCAGACAGCTCTTTACTTCTGTGCCACCAGTGATTTCCTAGCGGGATCTGATGAGCAGTTCTTCGGGCCA"	FALSE	TRUE	NA	NA	NA	NA
"ATGAATGTGAGCACCTTGGAGCTGGGGGACTCGGCCCTTTATCTTTGCGCCAGCAGCAATAACCCAAACATTCAGTACTTCGGCGCC"	"CASSNNPNIQYF"	"ATGAATGTGAGCACCTTGGAGCTGGGGGACTCGGCCCTTTATCTTTGCGCCAGCAGCAATAACCCAAACATTCAGTACTTCGGCGCC"	"CASSNNPNIQYF"	"TCRBV5-1*1"	NA	"TCRBJ2-4*1"	57	61	63	65	4	2	NA	NA	"ATGAATGTGAGCACCTTGGAGCTGGGGGACTCGGCCCTTTATCTTTGCGCCAGCAGCAATAACCCAAACATTCAGTACTTCGGCGCC"	FALSE	TRUE	NA	NA	NA	NA
"ATCCTGGAGTCGCCCAGCCCCAACCAGACCTCTCTGTACTTCTGTGCCAGCAGTTCCTTGAACTCCTACGAGCAGTACTTCGGGCCG"	"CASSSLNSYEQYF"	"ATCCTGGAGTCGCCCAGCCCCAACCAGACCTCTCTGTACTTCTGTGCCAGCAGTTCCTTGAACTCCTACGAGCAGTACTTCGGGCCG"	"CASSSLNSYEQYF"	"TCRBV27-1*1"	NA	"TCRBJ2-7*1"	55	59	61	62	4	1	NA	NA	"ATCCTGGAGTCGCCCAGCCCCAACCAGACCTCTCTGTACTTCTGTGCCAGCAGTTCCTTGAACTCCTACGAGCAGTACTTCGGGCCG"	FALSE	TRUE	NA	NA	NA	NA
"CTAGAGTCTGCCATCCCCAACCAGACAGCTCTTTACTTCTGTGCCACCAGTGATGCCGGGACAGGCTACGAGCAGTACTTCGGGCCG"	"CATSDAGTGYEQYF"	"CTAGAGTCTGCCATCCCCAACCAGACAGCTCTTTACTTCTGTGCCACCAGTGATGCCGGGACAGGCTACGAGCAGTACTTCGGGCCG"	"CATSDAGTGYEQYF"	"TCRBV24-1*1"	"TCRBD1-1*1"	"TCRBJ2-7*1"	54	57	-1	65	3	66	NA	NA	"CTAGAGTCTGCCATCCCCAACCAGACAGCTCTTTACTTCTGTGCCACCAGTGATGCCGGGACAGGCTACGAGCAGTACTTCGGGCCG"	FALSE	TRUE	NA	NA	NA	NA
"AACGCCTTGGAGCTGGACGACTCGGCCCTGTATCTCTGTGCCAGCAGCTTTCAACAGGGGTACAACTATGGCTACACCTTCGGTTCG"	"CASSFQQGYNYGYTF"	"AACGCCTTGGAGCTGGACGACTCGGCCCTGTATCTCTGTGCCAGCAGCTTTCAACAGGGGTACAACTATGGCTACACCTTCGGTTCG"	"CASSFQQGYNYGYTF"	"TCRBV5-4*1"	"TCRBD1-1*1"	"TCRBJ1-2*1"	50	53	60	63	3	3	NA	NA	"AACGCCTTGGAGCTGGACGACTCGGCCCTGTATCTCTGTGCCAGCAGCTTTCAACAGGGGTACAACTATGGCTACACCTTCGGTTCG"	FALSE	TRUE	NA	NA	NA	NA
"CTGATTCTGGAGTCCGCCAGCACCAACCAGACATCTATGTACCTCTGTGCCAGCAGTCCCCGGGCCTGGGGCTACACCTTCGGTTCG"	"CASSPRAWGYTF"	"CTGATTCTGGAGTCCGCCAGCACCAACCAGACATCTATGTACCTCTGTGCCAGCAGTCCCCGGGCCTGGGGCTACACCTTCGGTTCG"	"CASSPRAWGYTF"	"TCRBV28-1*1"	NA	"TCRBJ1-2*1"	57	61	65	69	4	4	NA	NA	"CTGATTCTGGAGTCCGCCAGCACCAACCAGACATCTATGTACCTCTGTGCCAGCAGTCCCCGGGCCTGGGGCTACACCTTCGGTTCG"	FALSE	TRUE	NA	NA	NA	NA
"CGGCCCAAAAGAACCCGACAGCTTTCTATCTCTGTGCCAGTAGTTCCGGTTACTAGCGGACCAACTTACGAGCAGTACTTCGGGCCG"	""	"CGGCCCAAAAGAACCCGACAGCTTTCTATCTCTGTGCCAGTAGTTCCGGTTACTAGCGGACCAACTTACGAGCAGTACTTCGGGCCG"	""	"TCRBV19-1*1"	"TCRBD2-1"	"TCRBJ2-7*1"	44	51	59	66	7	7	NA	NA	"CGGCCCAAAAGAACCCGACAGCTTTCTATCTCTGTGCCAGTAGTTCCGGTTACTAGCGGACCAACTTACGAGCAGTACTTCGGGCCG"	FALSE	FALSE	NA	NA	NA	NA
"CCCCTGACCCTGGAGTCTGCCAGGCCCTCACATACCTCTCAGTACCTCTGTGCCAGCAGTGCCCCGGGAGGCTACACCTTCGGTTCG"	"CASSAPGGYTF"	"CCCCTGACCCTGGAGTCTGCCAGGCCCTCACATACCTCTCAGTACCTCTGTGCCAGCAGTGCCCCGGGAGGCTACACCTTCGGTTCG"	"CASSAPGGYTF"	"TCRBV25-1*1"	"TCRBD2-1*2"	"TCRBJ1-2*1"	61	64	-1	69	3	70	NA	NA	"CCCCTGACCCTGGAGTCTGCCAGGCCCTCACATACCTCTCAGTACCTCTGTGCCAGCAGTGCCCCGGGAGGCTACACCTTCGGTTCG"	FALSE	TRUE	NA	NA	NA	NA
"GTGACATCGGCCCAAAAGAACCCGACAGCTTTCTATCTCTGTGCCAGTAGAAAGGAGGAGGCGAACACTGAAGCTTTCTTTGGACAA"	"CASRKEEANTEAFF"	"GTGACATCGGCCCAAAAGAACCCGACAGCTTTCTATCTCTGTGCCAGTAGAAAGGAGGAGGCGAACACTGAAGCTTTCTTTGGACAA"	"CASRKEEANTEAFF"	"TCRBV19-1*1"	"TCRBD2-1*2"	"TCRBJ1-1*1"	50	53	58	62	3	4	NA	NA	"GTGACATCGGCCCAAAAGAACCCGACAGCTTTCTATCTCTGTGCCAGTAGAAAGGAGGAGGCGAACACTGAAGCTTTCTTTGGACAA"	FALSE	TRUE	NA	NA	NA	NA
"CAGCCCTCAGAACCCAGGGACTCAGCTGTGTACTTCTGTGCCAGCAGTCCGACAGGGTTGGGAGGCACTGAAGCTTTCTTTGGACAA"	"CASSPTGLGGTEAFF"	"CAGCCCTCAGAACCCAGGGACTCAGCTGTGTACTTCTGTGCCAGCAGTCCGACAGGGTTGGGAGGCACTGAAGCTTTCTTTGGACAA"	"CASSPTGLGGTEAFF"	NA	"TCRBD1-1*1"	"TCRBJ1-1*1"	48	50	57	65	2	8	NA	NA	"CAGCCCTCAGAACCCAGGGACTCAGCTGTGTACTTCTGTGCCAGCAGTCCGACAGGGTTGGGAGGCACTGAAGCTTTCTTTGGACAA"	FALSE	TRUE	NA	NA	NA	NA
"ACCAGTGCCCATCCTGAAGACAGCAGCTTCTACATCTGCAGTGCTCCGGGACAGCCTCGCCGGGGGTACGAGCAGTACTTCGGGCCG"	"CSAPGQPRRGYEQYF"	"ACCAGTGCCCATCCTGAAGACAGCAGCTTCTACATCTGCAGTGCTCCGGGACAGCCTCGCCGGGGGTACGAGCAGTACTTCGGGCCG"	"CSAPGQPRRGYEQYF"	NA	"TCRBD1-1*1"	"TCRBJ2-7*1"	45	47	54	66	2	12	NA	NA	"ACCAGTGCCCATCCTGAAGACAGCAGCTTCTACATCTGCAGTGCTCCGGGACAGCCTCGCCGGGGGTACGAGCAGTACTTCGGGCCG"	FALSE	TRUE	NA	NA	NA	NA
"AGCACCTTGGAGCTGGGGGACTCGGCCCTTTATCTTTGCGCCAGCAGCTTGGCGGGGACTAGCGGTTACGAGCAGTACTTCGGGCCG"	"CASSLAGTSGYEQYF"	"AGCACCTTGGAGCTGGGGGACTCGGCCCTTTATCTTTGCGCCAGCAGCTTGGCGGGGACTAGCGGTTACGAGCAGTACTTCGGGCCG"	"CASSLAGTSGYEQYF"	"TCRBV5-1*1"	"TCRBD2-1"	"TCRBJ2-7*1"	52	54	65	66	2	1	NA	NA	"AGCACCTTGGAGCTGGGGGACTCGGCCCTTTATCTTTGCGCCAGCAGCTTGGCGGGGACTAGCGGTTACGAGCAGTACTTCGGGCCG"	FALSE	TRUE	NA	NA	NA	NA
"ACCAGTGCCCATCCTGAAGACAGCAGCTTCTACATCTGCAGTGCTACACCCGGTGCAGGGGGCTCTCAGCCCCAGCATTTTGGTGAT"	"CSATPGAGGSQPQHF"	"ACCAGTGCCCATCCTGAAGACAGCAGCTTCTACATCTGCAGTGCTACACCCGGTGCAGGGGGCTCTCAGCCCCAGCATTTTGGTGAT"	"CSATPGAGGSQPQHF"	NA	"TCRBD1-1*1"	"TCRBJ1-5*1"	46	55	63	65	9	2	NA	NA	"ACCAGTGCCCATCCTGAAGACAGCAGCTTCTACATCTGCAGTGCTACACCCGGTGCAGGGGGCTCTCAGCCCCAGCATTTTGGTGAT"	FALSE	TRUE	NA	NA	NA	NA
"TGACCAGTGCCCATCCTGAAGACAGCAGCTTCTACATCTGCAGTGCTAGAGGCGGGAGCAAGTTAAGGCGAGCAGTACTTCGGGCCG"	""	"TGACCAGTGCCCATCCTGAAGACAGCAGCTTCTACATCTGCAGTGCTAGAGGCGGGAGCAAGTTAAGGCGAGCAGTACTTCGGGCCG"	""	NA	"TCRBD2-1*2"	"TCRBJ2-7*1"	-1	51	58	68	52	10	NA	NA	"TGACCAGTGCCCATCCTGAAGACAGCAGCTTCTACATCTGCAGTGCTAGAGGCGGGAGCAAGTTAAGGCGAGCAGTACTTCGGGCCG"	FALSE	FALSE	NA	NA	NA	NA
"CACCTACACACCCTGCAGCCAGAAGACTCGGCCCTGTATCTCTGCGCCAGCAGCCAGCCAGCTAGCGGGAGTTTGTTCTTCGGGCCA"	"CASSQPASGSLFF"	"CACCTACACACCCTGCAGCCAGAAGACTCGGCCCTGTATCTCTGCGCCAGCAGCCAGCCAGCTAGCGGGAGTTTGTTCTTCGGGCCA"	"CASSQPASGSLFF"	"TCRBV4-3*1"	"TCRBD2-1*2"	"TCRBJ2-1*1"	56	61	71	74	5	3	NA	NA	"CACCTACACACCCTGCAGCCAGAAGACTCGGCCCTGTATCTCTGCGCCAGCAGCCAGCCAGCTAGCGGGAGTTTGTTCTTCGGGCCA"	FALSE	TRUE	NA	NA	NA	NA
"GGTGACTCTGCTGTGTATTTCTGTGCCAGCAGCCACGACGGATAGCGTCAATAAAAGGGGACCCAAGAGACCCAGTACTTCGGGCCA"	"CASSHDG*RQ*KGTQETQYF"	"GGTGACTCTGCTGTGTATTTCTGTGCCAGCAGCCACGACGGATAGCGTCAATAAAAGGGGACCCAAGAGACCCAGTACTTCGGGCCA"	"CASSHDG*RQ*KGTQETQYF"	"TCRBV3-1/3-2*1"	NA	"TCRBJ2-5*1"	35	57	-1	62	22	63	NA	NA	"GGTGACTCTGCTGTGTATTTCTGTGCCAGCAGCCACGACGGATAGCGTCAATAAAAGGGGACCCAAGAGACCCAGTACTTCGGGCCA"	FALSE	TRUE	NA	NA	NA	NA
"ACCAGTGCCCATCCTGAAGACAGCAGCTTCTACATCTGCAGTGCCCCTGGACTAGCGGGAGGTTACAATGAGCAGTTCTTCGGGCCA"	"CSAPGLAGGYNEQFF"	"ACCAGTGCCCATCCTGAAGACAGCAGCTTCTACATCTGCAGTGCCCCTGGACTAGCGGGAGGTTACAATGAGCAGTTCTTCGGGCCA"	"CSAPGLAGGYNEQFF"	NA	"TCRBD2-1*2"	"TCRBJ2-1*1"	44	48	62	63	4	1	NA	NA	"ACCAGTGCCCATCCTGAAGACAGCAGCTTCTACATCTGCAGTGCCCCTGGACTAGCGGGAGGTTACAATGAGCAGTTCTTCGGGCCA"	FALSE	TRUE	NA	NA	NA	NA
"ATCCAGCCTGCAGAGCTTGGGGACTCGGCCATGTATCTCTGTGCCAGCAGCCCGTGTTAGGTGACAGATACGCAGTATTTTGGCCCA"	"CASSPC*VTDTQYF"	"ATCCAGCCTGCAGAGCTTGGGGACTCGGCCATGTATCTCTGTGCCAGCAGCCCGTGTTAGGTGACAGATACGCAGTATTTTGGCCCA"	"CASSPC*VTDTQYF"	"TCRBV11-1*1"	NA	"TCRBJ2-3*1"	51	58	61	63	7	2	NA	NA	"ATCCAGCCTGCAGAGCTTGGGGACTCGGCCATGTATCTCTGTGCCAGCAGCCCGTGTTAGGTGACAGATACGCAGTATTTTGGCCCA"	FALSE	TRUE	NA	NA	NA	NA
"CTCAGAACCCAGGGACTCAGCTGTGTACTTCTGTGCCAGCAGTTGCGAAAGGACTAGCGGGGGGGCAATGAGCAGTTCTTCGGGCCA"	""	"CTCAGAACCCAGGGACTCAGCTGTGTACTTCTGTGCCAGCAGTTGCGAAAGGACTAGCGGGGGGGCAATGAGCAGTTCTTCGGGCCA"	""	NA	"TCRBD2-1*1"	"TCRBJ2-1*1"	44	50	-1	65	6	66	NA	NA	"CTCAGAACCCAGGGACTCAGCTGTGTACTTCTGTGCCAGCAGTTGCGAAAGGACTAGCGGGGGGGCAATGAGCAGTTCTTCGGGCCA"	FALSE	FALSE	NA	NA	NA	NA
"CAGCCTGCAAAGCTTGAGGACTCGGCCGTGTATCTCTGTGCCAGCAGCTTTCCCGGAGTGGGTATCACTGAGCAGTTCTTCGGGCCA"	"CASSFPGVGITEQFF"	"CAGCCTGCAAAGCTTGAGGACTCGGCCGTGTATCTCTGTGCCAGCAGCTTTCCCGGAGTGGGTATCACTGAGCAGTTCTTCGGGCCA"	"CASSFPGVGITEQFF"	"TCRBV11-2*1"	"TCRBD2-1*2"	"TCRBJ2-1*1"	50	54	58	68	4	10	NA	NA	"CAGCCTGCAAAGCTTGAGGACTCGGCCGTGTATCTCTGTGCCAGCAGCTTTCCCGGAGTGGGTATCACTGAGCAGTTCTTCGGGCCA"	FALSE	TRUE	NA	NA	NA	NA
"GTGACCAGTGCCCATCCTGAAGACAGCAGCTTCTACATCTGCAGTGCTAGCCCGCGGACGAGCTCCTACGAGCAGTACTTCGGGCCG"	"CSASPRTSSYEQYF"	"GTGACCAGTGCCCATCCTGAAGACAGCAGCTTCTACATCTGCAGTGCTAGCCCGCGGACGAGCTCCTACGAGCAGTACTTCGGGCCG"	"CSASPRTSSYEQYF"	NA	NA	"TCRBJ2-7*1"	50	55	59	62	5	3	NA	NA	"GTGACCAGTGCCCATCCTGAAGACAGCAGCTTCTACATCTGCAGTGCTAGCCCGCGGACGAGCTCCTACGAGCAGTACTTCGGGCCG"	FALSE	TRUE	NA	NA	NA	NA
"ACCAGTGCCCATCCTGAAGACAGCAGCTTCTACATCTGCAGTGCTAGGATTGCGGGACAGCCCTACAATGAGCAGTTCTTCGGGCCA"	"CSARIAGQPYNEQFF"	"ACCAGTGCCCATCCTGAAGACAGCAGCTTCTACATCTGCAGTGCTAGGATTGCGGGACAGCCCTACAATGAGCAGTTCTTCGGGCCA"	"CSARIAGQPYNEQFF"	NA	"TCRBD1-1*1"	"TCRBJ2-1*1"	47	53	60	61	6	1	NA	NA	"ACCAGTGCCCATCCTGAAGACAGCAGCTTCTACATCTGCAGTGCTAGGATTGCGGGACAGCCCTACAATGAGCAGTTCTTCGGGCCA"	FALSE	TRUE	NA	NA	NA	NA
"GATCCAGCGCACAGAGCAGGGGGACTCGGCCATGTATCTCTGTGCCAGCACCGGACAGGGTTGTGTGATGAGCAGTTCTTCGGGCCA"	""	"GATCCAGCGCACAGAGCAGGGGGACTCGGCCATGTATCTCTGTGCCAGCACCGGACAGGGTTGTGTGATGAGCAGTTCTTCGGGCCA"	""	"TCRBV7-9*5"	"TCRBD1-1*1"	"TCRBJ2-1*1"	-1	52	60	67	53	7	NA	NA	"GATCCAGCGCACAGAGCAGGGGGACTCGGCCATGTATCTCTGTGCCAGCACCGGACAGGGTTGTGTGATGAGCAGTTCTTCGGGCCA"	FALSE	FALSE	NA	NA	NA	NA
"GTGAACGCCTTGTTGCTGGGGGACTCGGCCCTCTATCTCTGTGCCAGCAGCCCAGGGTTTTTGCGGGAAAAACTGTTTTTTGGCAGT"	"CASSPGFLREKLFF"	"GTGAACGCCTTGTTGCTGGGGGACTCGGCCCTCTATCTCTGTGCCAGCAGCCCAGGGTTTTTGCGGGAAAAACTGTTTTTTGGCAGT"	"CASSPGFLREKLFF"	"TCRBV5-6*1"	"TCRBD1-1*1"	"TCRBJ1-4*1"	51	52	57	66	1	9	NA	NA	"GTGAACGCCTTGTTGCTGGGGGACTCGGCCCTCTATCTCTGTGCCAGCAGCCCAGGGTTTTTGCGGGAAAAACTGTTTTTTGGCAGT"	FALSE	TRUE	NA	NA	NA	NA
"ATCCAGCGCACAGAGCGGGGGGACTCAGCCGTGTATCTCTGTGCCAGCAGCCCGGGGACGGGGCTCTATGGCTACACCTTCGGTTCG"	"CASSPGTGLYGYTF"	"ATCCAGCGCACAGAGCGGGGGGACTCAGCCGTGTATCTCTGTGCCAGCAGCCCGGGGACGGGGCTCTATGGCTACACCTTCGGTTCG"	"CASSPGTGLYGYTF"	"TCRBV7-3*1"	NA	"TCRBJ1-2*1"	51	54	59	65	3	6	NA	NA	"ATCCAGCGCACAGAGCGGGGGGACTCAGCCGTGTATCTCTGTGCCAGCAGCCCGGGGACGGGGCTCTATGGCTACACCTTCGGTTCG"	FALSE	TRUE	NA	NA	NA	NA
"GAGTCGCCCAGCCCCAACCAGACCTCTCTGTACTTCTGTGCCAGCAGTTTCGGGGCGGGCACCGCCGGGGAGCTGTTTTTTGGAGAA"	"CASSFGAGTAGELFF"	"GAGTCGCCCAGCCCCAACCAGACCTCTCTGTACTTCTGTGCCAGCAGTTTCGGGGCGGGCACCGCCGGGGAGCTGTTTTTTGGAGAA"	"CASSFGAGTAGELFF"	"TCRBV27-1*1"	NA	"TCRBJ2-2*1"	50	51	56	64	1	8	NA	NA	"GAGTCGCCCAGCCCCAACCAGACCTCTCTGTACTTCTGTGCCAGCAGTTTCGGGGCGGGCACCGCCGGGGAGCTGTTTTTTGGAGAA"	FALSE	TRUE	NA	NA	NA	NA
"CGCACACAGCAGGAGGACTCCGCCGTGTATCTCTGTGCCAGCAGCTTAGCGTCAGGAGTGATCACCGGGGAGCTGTTTTTTGGAGAA"	"CASSLASGVITGELFF"	"CGCACACAGCAGGAGGACTCCGCCGTGTATCTCTGTGCCAGCAGCTTAGCGTCAGGAGTGATCACCGGGGAGCTGTTTTTTGGAGAA"	"CASSLASGVITGELFF"	"TCRBV7-8*1"	NA	"TCRBJ2-2*1"	50	52	56	62	2	6	NA	NA	"CGCACACAGCAGGAGGACTCCGCCGTGTATCTCTGTGCCAGCAGCTTAGCGTCAGGAGTGATCACCGGGGAGCTGTTTTTTGGAGAA"	FALSE	TRUE	NA	NA	NA	NA
"AATGTGAGCACCTTGGAGCTGGGGGACTCGGCCCTTTATCTTTGCGCCAGCAGCTATGGGGGGCTGGTTGGCTACACCTTCGGTTCG"	"CASSYGGLVGYTF"	"AATGTGAGCACCTTGGAGCTGGGGGACTCGGCCCTTTATCTTTGCGCCAGCAGCTATGGGGGGCTGGTTGGCTACACCTTCGGTTCG"	"CASSYGGLVGYTF"	"TCRBV5-1*1"	NA	"TCRBJ1-2*1"	55	58	64	68	3	4	NA	NA	"AATGTGAGCACCTTGGAGCTGGGGGACTCGGCCCTTTATCTTTGCGCCAGCAGCTATGGGGGGCTGGTTGGCTACACCTTCGGTTCG"	FALSE	TRUE	NA	NA	NA	NA
"GAGTCCGCCAGCACCAACCAGACATCTATGTACCTCTGTGCCAGCAGTCCCCCCGGGACTAGTGAGTACGAGCAGTACTTCGGGCCG"	"CASSPPGTSEYEQYF"	"GAGTCCGCCAGCACCAACCAGACATCTATGTACCTCTGTGCCAGCAGTCCCCCCGGGACTAGTGAGTACGAGCAGTACTTCGGGCCG"	"CASSPPGTSEYEQYF"	"TCRBV28-1*1"	"TCRBD2-1"	"TCRBJ2-7*1"	48	54	62	66	6	4	NA	NA	"GAGTCCGCCAGCACCAACCAGACATCTATGTACCTCTGTGCCAGCAGTCCCCCCGGGACTAGTGAGTACGAGCAGTACTTCGGGCCG"	FALSE	TRUE	NA	NA	NA	NA
"CGCACAGAGCAGCGGGACTCGGCCATGTATCGCTGTGCCAGCAGCTTAGCGTCTGGTAGGGGAAGGACTGAAGCTTTCTTTGGACAA"	"CASSLASGRGRTEAFF"	"CGCACAGAGCAGCGGGACTCGGCCATGTATCGCTGTGCCAGCAGCTTAGCGTCTGGTAGGGGAAGGACTGAAGCTTTCTTTGGACAA"	"CASSLASGRGRTEAFF"	"TCRBV7-6*1"	"TCRBD1-1*1"	"TCRBJ1-1*1"	50	57	62	66	7	4	NA	NA	"CGCACAGAGCAGCGGGACTCGGCCATGTATCGCTGTGCCAGCAGCTTAGCGTCTGGTAGGGGAAGGACTGAAGCTTTCTTTGGACAA"	FALSE	TRUE	NA	NA	NA	NA
"CTCAAGATCCAGCCTGCAAAGCTTGAGGACTCGGCCGTGTATCTCTGTGCCAGCAGCTTAGAGAGAGGTACGCAGTATTTTGGCCCA"	"CASSLERGTQYF"	"CTCAAGATCCAGCCTGCAAAGCTTGAGGACTCGGCCGTGTATCTCTGTGCCAGCAGCTTAGAGAGAGGTACGCAGTATTTTGGCCCA"	"CASSLERGTQYF"	"TCRBV11-2*1"	"TCRBD2-1*2"	"TCRBJ2-3*1"	62	64	-1	68	2	69	NA	NA	"CTCAAGATCCAGCCTGCAAAGCTTGAGGACTCGGCCGTGTATCTCTGTGCCAGCAGCTTAGAGAGAGGTACGCAGTATTTTGGCCCA"	FALSE	TRUE	NA	NA	NA	NA
"AGTGCCCATCCTGAAGACAGCAGCTTCTACATCTGCAGTGCTAGTGCCCGGACTCGGCCGACCCGGGGTGGCTACACCTTCGGTTCG"	"CSASARTRPTRGGYTF"	"AGTGCCCATCCTGAAGACAGCAGCTTCTACATCTGCAGTGCTAGTGCCCGGACTCGGCCGACCCGGGGTGGCTACACCTTCGGTTCG"	"CSASARTRPTRGGYTF"	"TCRBV2-1*4"	"TCRBD2-1"	"TCRBJ1-2*1"	46	49	54	68	3	14	NA	NA	"AGTGCCCATCCTGAAGACAGCAGCTTCTACATCTGCAGTGCTAGTGCCCGGACTCGGCCGACCCGGGGTGGCTACACCTTCGGTTCG"	FALSE	TRUE	NA	NA	NA	NA
"NNNNNNNTGTCGGCTGCTCCCTCCCAGACATCTGTGTACTTCTGTGCCAGCAGCCGAGGGCAGGGTGGTGGCTACACCTTCGGTTCG"	"CASSRGQGGGYTF"	"NNNNNNNTGTCGGCTGCTCCCTCCCAGACATCTGTGTACTTCTGTGCCAGCAGCCGAGGGCAGGGTGGTGGCTACACCTTCGGTTCG"	"CASSRGQGGGYTF"	"TCRBV6-5*1"	NA	"TCRBJ1-2*1"	53	60	65	68	7	3	NA	NA	"NNNNNNNTGTCGGCTGCTCCCTCCCAGACATCTGTGTACTTCTGTGCCAGCAGCCGAGGGCAGGGTGGTGGCTACACCTTCGGTTCG"	FALSE	TRUE	NA	NA	NA	NA
"ATCCAGCGCACACAGCAGGAGGACTCGGCCGTGTATCTCTGTGCCAGCAGCTTAGGATCTCGGGACCTTGAAGCTTTCTTTGGACAA"	"CASSLGSRDLEAFF"	"ATCCAGCGCACACAGCAGGAGGACTCGGCCGTGTATCTCTGTGCCAGCAGCTTAGGATCTCGGGACCTTGAAGCTTTCTTTGGACAA"	"CASSLGSRDLEAFF"	"TCRBV7-2"	NA	"TCRBJ1-1*1"	55	61	66	68	6	2	NA	NA	"ATCCAGCGCACACAGCAGGAGGACTCGGCCGTGTATCTCTGTGCCAGCAGCTTAGGATCTCGGGACCTTGAAGCTTTCTTTGGACAA"	FALSE	TRUE	NA	NA	NA	NA
"ATCCAGCCCTCAGAACCCAGGGACTCAGCTGTGTACTTCTGTGCCAGCGGCGGAGATCGTCCTGGAAACACCATATATTTTGGAGAG"	"CASGGDRPGNTIYF"	"ATCCAGCCCTCAGAACCCAGGGACTCAGCTGTGTACTTCTGTGCCAGCGGCGGAGATCGTCCTGGAAACACCATATATTTTGGAGAG"	"CASGGDRPGNTIYF"	NA	"TCRBD2-1"	"TCRBJ1-3*1"	48	49	53	61	1	8	NA	NA	"ATCCAGCCCTCAGAACCCAGGGACTCAGCTGTGTACTTCTGTGCCAGCGGCGGAGATCGTCCTGGAAACACCATATATTTTGGAGAG"	FALSE	TRUE	NA	NA	NA	NA
"TTGGCGTCTGCTGTACCCTCTCAGACATCTGTGTACTTCTGTGCCAGCAGTGACGGGACAGAGAACACTGAAGCTTTCTTTGGACAA"	"CASSDGTENTEAFF"	"TTGGCGTCTGCTGTACCCTCTCAGACATCTGTGTACTTCTGTGCCAGCAGTGACGGGACAGAGAACACTGAAGCTTTCTTTGGACAA"	"CASSDGTENTEAFF"	"TCRBV6-4*1"	"TCRBD1-1*1"	"TCRBJ1-1*1"	-1	54	61	62	55	1	NA	NA	"TTGGCGTCTGCTGTACCCTCTCAGACATCTGTGTACTTCTGTGCCAGCAGTGACGGGACAGAGAACACTGAAGCTTTCTTTGGACAA"	FALSE	TRUE	NA	NA	NA	NA
"CCCAGCCCCAACCAGACCTCTCTGTACTTCTGTGCCAGCAGAGGGGAGCCTAGGATCCTACGAGTCGGCGAGCAGTACTTCGGGCCG"	"CASRGEPRILRVGEQYF"	"CCCAGCCCCAACCAGACCTCTCTGTACTTCTGTGCCAGCAGAGGGGAGCCTAGGATCCTACGAGTCGGCGAGCAGTACTTCGGGCCG"	"CASRGEPRILRVGEQYF"	"TCRBV27-1*1"	NA	"TCRBJ2-7*1"	-1	41	46	68	42	22	NA	NA	"CCCAGCCCCAACCAGACCTCTCTGTACTTCTGTGCCAGCAGAGGGGAGCCTAGGATCCTACGAGTCGGCGAGCAGTACTTCGGGCCG"	FALSE	TRUE	NA	NA	NA	NA
"CAGCCTGCAGAGCTTGGGGACTCGGCCGTGTATCTCTGTGCCAGCAGCCGACGGGACAATTCTCTTGCCGGCTACACCTTCGGTTCG"	"CASSRRDNSLAGYTF"	"CAGCCTGCAGAGCTTGGGGACTCGGCCGTGTATCTCTGTGCCAGCAGCCGACGGGACAATTCTCTTGCCGGCTACACCTTCGGTTCG"	"CASSRRDNSLAGYTF"	"TCRBV11-3*1"	"TCRBD1-1*1"	"TCRBJ1-2*1"	48	52	58	69	4	11	NA	NA	"CAGCCTGCAGAGCTTGGGGACTCGGCCGTGTATCTCTGTGCCAGCAGCCGACGGGACAATTCTCTTGCCGGCTACACCTTCGGTTCG"	FALSE	TRUE	NA	NA	NA	NA
"ATTCAGCGCACAGAGCAGGAGGACTCGGCCGTGTATCTCTGTGCCAGCAGCCTGACAAGCTCCCTCTACGAGCAGTACTTCGGGCCG"	"CASSLTSSLYEQYF"	"ATTCAGCGCACAGAGCAGGAGGACTCGGCCGTGTATCTCTGTGCCAGCAGCCTGACAAGCTCCCTCTACGAGCAGTACTTCGGGCCG"	"CASSLTSSLYEQYF"	"TCRBV7-2"	"TCRBD1-1*1"	"TCRBJ2-7*1"	51	53	57	65	2	8	NA	NA	"ATTCAGCGCACAGAGCAGGAGGACTCGGCCGTGTATCTCTGTGCCAGCAGCCTGACAAGCTCCCTCTACGAGCAGTACTTCGGGCCG"	FALSE	TRUE	NA	NA	NA	NA
"GTGAGCACCTTGGAGCTGGGGGACTCGGCCCTTTATCTTTGCGCCAGCAGCTACGAGACTAGCCCTGGAGAGCAGTTCTTCGGGCCA"	"CASSYETSPGEQFF"	"GTGAGCACCTTGGAGCTGGGGGACTCGGCCCTTTATCTTTGCGCCAGCAGCTACGAGACTAGCCCTGGAGAGCAGTTCTTCGGGCCA"	"CASSYETSPGEQFF"	"TCRBV5-1*1"	"TCRBD2-1"	"TCRBJ2-1*1"	52	56	63	69	4	6	NA	NA	"GTGAGCACCTTGGAGCTGGGGGACTCGGCCCTTTATCTTTGCGCCAGCAGCTACGAGACTAGCCCTGGAGAGCAGTTCTTCGGGCCA"	FALSE	TRUE	NA	NA	NA	NA
"CAGGAGGACTCCGCCGTGTATCTCTGTGCCAGCAGCTTACCCCGGACTGGCCGAGGGGGAGGGAACACTGAAGCTTTCTTTGGACAA"	"CASSLPRTGRGGGNTEAFF"	"CAGGAGGACTCCGCCGTGTATCTCTGTGCCAGCAGCTTACCCCGGACTGGCCGAGGGGGAGGGAACACTGAAGCTTTCTTTGGACAA"	"CASSLPRTGRGGGNTEAFF"	"TCRBV7-8*1"	NA	"TCRBJ1-1*1"	39	53	59	62	14	3	NA	NA	"CAGGAGGACTCCGCCGTGTATCTCTGTGCCAGCAGCTTACCCCGGACTGGCCGAGGGGGAGGGAACACTGAAGCTTTCTTTGGACAA"	FALSE	TRUE	NA	NA	NA	NA
"CAGGTAGTGCGAGGAGATTCGGCAGCTTATTTCTGTGCCAGCTCACTACGGGCCCTGGACAGCAATCAGCCCCAGCATTTTGGTGAT"	"CASSLRALDSNQPQHF"	"CAGGTAGTGCGAGGAGATTCGGCAGCTTATTTCTGTGCCAGCTCACTACGGGCCCTGGACAGCAATCAGCCCCAGCATTTTGGTGAT"	"CASSLRALDSNQPQHF"	"TCRBV18-1*1"	NA	"TCRBJ1-5*1"	46	56	-1	60	10	61	NA	NA	"CAGGTAGTGCGAGGAGATTCGGCAGCTTATTTCTGTGCCAGCTCACTACGGGCCCTGGACAGCAATCAGCCCCAGCATTTTGGTGAT"	FALSE	TRUE	NA	NA	NA	NA
"CCTGGAGTCTGCCAGGCCCTCACATACCTCTCAGTACCTCTGTGCCAGTACTCACGGGTCCTGAACACTGAAGCTTTCTTTGGACAA"	""	"CCTGGAGTCTGCCAGGCCCTCACATACCTCTCAGTACCTCTGTGCCAGTACTCACGGGTCCTGAACACTGAAGCTTTCTTTGGACAA"	""	"TCRBV25-1*1"	"TCRBD2-1"	"TCRBJ1-1*1"	48	54	58	61	6	3	NA	NA	"CCTGGAGTCTGCCAGGCCCTCACATACCTCTCAGTACCTCTGTGCCAGTACTCACGGGTCCTGAACACTGAAGCTTTCTTTGGACAA"	FALSE	FALSE	NA	NA	NA	NA
"AAGATCCAGCCTGCAAAGCTTGAGGACTCGGCCGTGTATCTCTGTGCCAGCAGCTCCCTTGGGCTAGCGGAGCAGTTCTTCGGGCCA"	"CASSSLGLAEQFF"	"AAGATCCAGCCTGCAAAGCTTGAGGACTCGGCCGTGTATCTCTGTGCCAGCAGCTCCCTTGGGCTAGCGGAGCAGTTCTTCGGGCCA"	"CASSSLGLAEQFF"	"TCRBV11-2*1"	"TCRBD2-1"	"TCRBJ2-1*1"	55	63	-1	69	8	70	NA	NA	"AAGATCCAGCCTGCAAAGCTTGAGGACTCGGCCGTGTATCTCTGTGCCAGCAGCTCCCTTGGGCTAGCGGAGCAGTTCTTCGGGCCA"	FALSE	TRUE	NA	NA	NA	NA
"CGGAGTCAGGGGACACAGCACTGTATTTCTGTGCCAGCAGCCCCCCCCTCACAGGGTAGTGCCTATTCACCCCTCCACTTTGGGAAT"	""	"CGGAGTCAGGGGACACAGCACTGTATTTCTGTGCCAGCAGCCCCCCCCTCACAGGGTAGTGCCTATTCACCCCTCCACTTTGGGAAT"	""	"TCRBV21-1*1"	"TCRBD1-1*1"	"TCRBJ1-6*1"	41	50	56	64	9	8	NA	NA	"CGGAGTCAGGGGACACAGCACTGTATTTCTGTGCCAGCAGCCCCCCCCTCACAGGGTAGTGCCTATTCACCCCTCCACTTTGGGAAT"	FALSE	FALSE	NA	NA	NA	NA
"AAGCTGGAGGACTCAGCCATGTACTTCTGTGCCATCAATAGACTAGCGGGGGGAAACGAGGGTACCGGGGAGCTGTTTTTTGGAGAA"	"CAINRLAGGNEGTGELFF"	"AAGCTGGAGGACTCAGCCATGTACTTCTGTGCCATCAATAGACTAGCGGGGGGAAACGAGGGTACCGGGGAGCTGTTTTTTGGAGAA"	"CAINRLAGGNEGTGELFF"	"TCRBV2-1"	"TCRBD2-1*1"	"TCRBJ2-2*1"	34	40	53	63	6	10	NA	NA	"AAGCTGGAGGACTCAGCCATGTACTTCTGTGCCATCAATAGACTAGCGGGGGGAAACGAGGGTACCGGGGAGCTGTTTTTTGGAGAA"	FALSE	TRUE	NA	NA	NA	NA
"CTGGAGTCCGCTACCCGCTCCCAGACATCTGTGTATTTCTGCGCCAGCAGTGAAGGTGGGACCTACAATGAGCAGTTCTTCGGGCCA"	"CASSEGGTYNEQFF"	"CTGGAGTCCGCTACCCGCTCCCAGACATCTGTGTATTTCTGCGCCAGCAGTGAAGGTGGGACCTACAATGAGCAGTTCTTCGGGCCA"	"CASSEGGTYNEQFF"	"TCRBV1-2*1"	NA	"TCRBJ2-1*1"	53	57	-1	61	4	62	NA	NA	"CTGGAGTCCGCTACCCGCTCCCAGACATCTGTGTATTTCTGCGCCAGCAGTGAAGGTGGGACCTACAATGAGCAGTTCTTCGGGCCA"	FALSE	TRUE	NA	NA	NA	NA
"GAGTCTGCCAGGCCCTCACATACCTCTCAGTACCTCTGTGCCAGCAGTGAGTGGGGAGGCAGTGATCAGCCCCAGCATTTTGGTGAT"	"CASSEWGGSDQPQHF"	"GAGTCTGCCAGGCCCTCACATACCTCTCAGTACCTCTGTGCCAGCAGTGAGTGGGGAGGCAGTGATCAGCCCCAGCATTTTGGTGAT"	"CASSEWGGSDQPQHF"	"TCRBV25-1*1"	"TCRBD2-1*2"	"TCRBJ1-5*1"	50	53	59	64	3	5	NA	NA	"GAGTCTGCCAGGCCCTCACATACCTCTCAGTACCTCTGTGCCAGCAGTGAGTGGGGAGGCAGTGATCAGCCCCAGCATTTTGGTGAT"	FALSE	TRUE	NA	NA	NA	NA
"CTGGAGTCGCCCAGCCCCAACCAGACCTCTCTGTACTTCTGTGCCAGCAGTTCCGGACTAGTCCTCTACGAGCAGTACTTCGGGCCG"	"CASSSGLVLYEQYF"	"CTGGAGTCGCCCAGCCCCAACCAGACCTCTCTGTACTTCTGTGCCAGCAGTTCCGGACTAGTCCTCTACGAGCAGTACTTCGGGCCG"	"CASSSGLVLYEQYF"	"TCRBV27-1*1"	"TCRBD2-1"	"TCRBJ2-7*1"	52	54	61	65	2	4	NA	NA	"CTGGAGTCGCCCAGCCCCAACCAGACCTCTCTGTACTTCTGTGCCAGCAGTTCCGGACTAGTCCTCTACGAGCAGTACTTCGGGCCG"	FALSE	TRUE	NA	NA	NA	NA
"NNNNTGTCGGCTGCTCCCTCCCAGACATCTGTGTACTTCTGTGCCAGCAGGGGTCTTAAAGTTAATCAGCCCCAGCATTTTGGTGAT"	"CASRGLKVNQPQHF"	"NNNNTGTCGGCTGCTCCCTCCCAGACATCTGTGTACTTCTGTGCCAGCAGGGGTCTTAAAGTTAATCAGCCCCAGCATTTTGGTGAT"	"CASRGLKVNQPQHF"	"TCRBV6-5*1"	NA	"TCRBJ1-5*1"	-1	50	53	63	51	10	NA	NA	"NNNNTGTCGGCTGCTCCCTCCCAGACATCTGTGTACTTCTGTGCCAGCAGGGGTCTTAAAGTTAATCAGCCCCAGCATTTTGGTGAT"	FALSE	TRUE	NA	NA	NA	NA
"GACGCAGCCATGTACCTGTGTGCCACCAGCAGAGATCGAGTTGCTGGTGCGGGCAGGGCGAGCACCGGGGAGCTGTTTTTTGGAGAA"	"CATSRDRVAGAGRASTGELFF"	"GACGCAGCCATGTACCTGTGTGCCACCAGCAGAGATCGAGTTGCTGGTGCGGGCAGGGCGAGCACCGGGGAGCTGTTTTTTGGAGAA"	"CATSRDRVAGAGRASTGELFF"	"TCRBV15-1*2"	NA	"TCRBJ2-2*1"	35	53	58	62	18	4	NA	NA	"GACGCAGCCATGTACCTGTGTGCCACCAGCAGAGATCGAGTTGCTGGTGCGGGCAGGGCGAGCACCGGGGAGCTGTTTTTTGGAGAA"	FALSE	TRUE	NA	NA	NA	NA
"TGAGCACCTTGGAGCTGGGGGACTCGGCCCTTTATCTTTGCGCCAGCAGCTAGTAGAAGCAGAACCTACGAGCAGTACTTCGGGCCG"	""	"TGAGCACCTTGGAGCTGGGGGACTCGGCCCTTTATCTTTGCGCCAGCAGCTAGTAGAAGCAGAACCTACGAGCAGTACTTCGGGCCG"	""	"TCRBV5-1*1"	NA	"TCRBJ2-7*1"	51	59	62	64	8	2	NA	NA	"TGAGCACCTTGGAGCTGGGGGACTCGGCCCTTTATCTTTGCGCCAGCAGCTAGTAGAAGCAGAACCTACGAGCAGTACTTCGGGCCG"	FALSE	FALSE	NA	NA	NA	NA
"GCGCACAGAGCAGCGGGACTCGGCCATGTATCGCTGTGCCAGCAGCTTAAGAGGAGGCCAAACTACTACGAGCAGTACTTCGGGCCG"	""	"GCGCACAGAGCAGCGGGACTCGGCCATGTATCGCTGTGCCAGCAGCTTAAGAGGAGGCCAAACTACTACGAGCAGTACTTCGGGCCG"	""	"TCRBV7-6*1"	"TCRBD2-1*2"	"TCRBJ2-7*1"	49	52	57	65	3	8	NA	NA	"GCGCACAGAGCAGCGGGACTCGGCCATGTATCGCTGTGCCAGCAGCTTAAGAGGAGGCCAAACTACTACGAGCAGTACTTCGGGCCG"	FALSE	FALSE	NA	NA	NA	NA
"ATTCAGCGCACAGAGCAGGAGGACTCGGCCGTGTATCTCTGTGCCAGCAGCTTAGGCGGGGGGAACACTGAAGCTTTCTTTGGACAA"	"CASSLGGGNTEAFF"	"ATTCAGCGCACAGAGCAGGAGGACTCGGCCGTGTATCTCTGTGCCAGCAGCTTAGGCGGGGGGAACACTGAAGCTTTCTTTGGACAA"	"CASSLGGGNTEAFF"	"TCRBV7-2"	"TCRBD2-1*1"	"TCRBJ1-1*1"	-1	55	-1	62	56	63	NA	NA	"ATTCAGCGCACAGAGCAGGAGGACTCGGCCGTGTATCTCTGTGCCAGCAGCTTAGGCGGGGGGAACACTGAAGCTTTCTTTGGACAA"	FALSE	TRUE	NA	NA	NA	NA
"ACGATCCAGCGCACAGAGCAGGAGGACTCGGCCGTGTATCTCTGTGCCAGCAGCTTGGGGTTCTCCTACGAGCAGTACTTCGGGCCG"	"CASSLGFSYEQYF"	"ACGATCCAGCGCACAGAGCAGGAGGACTCGGCCGTGTATCTCTGTGCCAGCAGCTTGGGGTTCTCCTACGAGCAGTACTTCGGGCCG"	"CASSLGFSYEQYF"	"TCRBV7-2"	NA	"TCRBJ2-7*1"	-1	56	60	62	57	2	NA	NA	"ACGATCCAGCGCACAGAGCAGGAGGACTCGGCCGTGTATCTCTGTGCCAGCAGCTTGGGGTTCTCCTACGAGCAGTACTTCGGGCCG"	FALSE	TRUE	NA	NA	NA	NA
"ACCCTGCAGCCAGAAGACTCGGCCCTGTATCTCTGCGCCAGCAGCCAAGGGGGTCGGGAATATGGAGATACGCAGTATTTTGGCCCA"	"CASSQGGREYGDTQYF"	"ACCCTGCAGCCAGAAGACTCGGCCCTGTATCTCTGCGCCAGCAGCCAAGGGGGTCGGGAATATGGAGATACGCAGTATTTTGGCCCA"	"CASSQGGREYGDTQYF"	"TCRBV4-3*1"	"TCRBD2-1*2"	"TCRBJ2-3*1"	49	54	59	65	5	6	NA	NA	"ACCCTGCAGCCAGAAGACTCGGCCCTGTATCTCTGCGCCAGCAGCCAAGGGGGTCGGGAATATGGAGATACGCAGTATTTTGGCCCA"	FALSE	TRUE	NA	NA	NA	NA
"CAGCGCACAGAGCAGGAGGACTCCGCCGTGTATCTCTGTGCCAGCAGCTTAACCCCGGGACAGGTACTTGAAGCTTTCTTTGGACAA"	"CASSLTPGQVLEAFF"	"CAGCGCACAGAGCAGGAGGACTCCGCCGTGTATCTCTGTGCCAGCAGCTTAACCCCGGGACAGGTACTTGAAGCTTTCTTTGGACAA"	"CASSLTPGQVLEAFF"	"TCRBV7-8*1"	"TCRBD1-1*1"	"TCRBJ1-1*1"	51	56	64	68	5	4	NA	NA	"CAGCGCACAGAGCAGGAGGACTCCGCCGTGTATCTCTGTGCCAGCAGCTTAACCCCGGGACAGGTACTTGAAGCTTTCTTTGGACAA"	FALSE	TRUE	NA	NA	NA	NA
"CTGGGGGACTCGGCCCTTTATCTTTGCGCCAGCAGTCGGGATTGGGGGGACCGACGGCCTGGCACAGATACGCAGTATTTTGGCCCA"	"CASSRDWGDRRPGTDTQYF"	"CTGGGGGACTCGGCCCTTTATCTTTGCGCCAGCAGTCGGGATTGGGGGGACCGACGGCCTGGCACAGATACGCAGTATTTTGGCCCA"	"CASSRDWGDRRPGTDTQYF"	"TCRBV5-1*1"	"TCRBD2-1*1"	"TCRBJ2-3*1"	35	43	49	61	8	12	NA	NA	"CTGGGGGACTCGGCCCTTTATCTTTGCGCCAGCAGTCGGGATTGGGGGGACCGACGGCCTGGCACAGATACGCAGTATTTTGGCCCA"	FALSE	TRUE	NA	NA	NA	NA
"GAGTTGGCTGCTCCCTCCCAGACATCTGTGTACTTCTGTGCCAGCAGTTACTCGGCTCCGAACACCGGGGAGCTGTTTTTTGGAGAA"	"CASSYSAPNTGELFF"	"GAGTTGGCTGCTCCCTCCCAGACATCTGTGTACTTCTGTGCCAGCAGTTACTCGGCTCCGAACACCGGGGAGCTGTTTTTTGGAGAA"	"CASSYSAPNTGELFF"	"TCRBV6-6*1"	"TCRBD1-1*1"	"TCRBJ2-2*1"	-1	53	56	58	54	2	NA	NA	"GAGTTGGCTGCTCCCTCCCAGACATCTGTGTACTTCTGTGCCAGCAGTTACTCGGCTCCGAACACCGGGGAGCTGTTTTTTGGAGAA"	FALSE	TRUE	NA	NA	NA	NA
"ATCCAGCGCACAGAGCAGGGGGACTCGGCCATGTATCTCTGTGCCAGCAGCCGACCCGGACAGGGGTGAGGCTACACCTTCGGTTCG"	"CASSRPGQG*GYTF"	"ATCCAGCGCACAGAGCAGGGGGACTCGGCCATGTATCTCTGTGCCAGCAGCCGACCCGGACAGGGGTGAGGCTACACCTTCGGTTCG"	"CASSRPGQG*GYTF"	"TCRBV7-9*1"	"TCRBD1-1*1"	"TCRBJ1-2*1"	51	57	66	69	6	3	NA	NA	"ATCCAGCGCACAGAGCAGGGGGACTCGGCCATGTATCTCTGTGCCAGCAGCCGACCCGGACAGGGGTGAGGCTACACCTTCGGTTCG"	FALSE	TRUE	NA	NA	NA	NA
"CTGGAGTCCGCTACCAGCTCCCAGACATCTGTGTACTTCTGTGCCATCAGTGGAGACGGAAGCTCCTACGAGCAGTACTTCGGGCCG"	"CAISGDGSSYEQYF"	"CTGGAGTCCGCTACCAGCTCCCAGACATCTGTGTACTTCTGTGCCATCAGTGGAGACGGAAGCTCCTACGAGCAGTACTTCGGGCCG"	"CAISGDGSSYEQYF"	"TCRBV1-3*1"	NA	"TCRBJ2-7*1"	52	57	60	62	5	2	NA	NA	"CTGGAGTCCGCTACCAGCTCCCAGACATCTGTGTACTTCTGTGCCATCAGTGGAGACGGAAGCTCCTACGAGCAGTACTTCGGGCCG"	FALSE	TRUE	NA	NA	NA	NA
"AGCACCTTGGAGCTGGGGGACTCGGCCCTTTATCTTTGCGCCAGCTCCACTCGGGGACTAGCGGGAGAGCCACAGTTCTTCGGGCCA"	"CASSTRGLAGEPQFF"	"AGCACCTTGGAGCTGGGGGACTCGGCCCTTTATCTTTGCGCCAGCTCCACTCGGGGACTAGCGGGAGAGCCACAGTTCTTCGGGCCA"	"CASSTRGLAGEPQFF"	"TCRBV5-1*1"	"TCRBD2-1*2"	"TCRBJ2-1*1"	45	53	67	72	8	5	NA	NA	"AGCACCTTGGAGCTGGGGGACTCGGCCCTTTATCTTTGCGCCAGCTCCACTCGGGGACTAGCGGGAGAGCCACAGTTCTTCGGGCCA"	FALSE	TRUE	NA	NA	NA	NA
"GCCATCCCCAACCAGACAGCTCTTTACTTCTGTGCCACCAGTGACTCCCGGGACGGGGGGCGGGTAGATACGCAGTATTTTGGCCCA"	"CATSDSRDGGRVDTQYF"	"GCCATCCCCAACCAGACAGCTCTTTACTTCTGTGCCACCAGTGACTCCCGGGACGGGGGGCGGGTAGATACGCAGTATTTTGGCCCA"	"CATSDSRDGGRVDTQYF"	"TCRBV24-1*1"	"TCRBD2-1*1"	"TCRBJ2-3*1"	44	53	60	65	9	5	NA	NA	"GCCATCCCCAACCAGACAGCTCTTTACTTCTGTGCCACCAGTGACTCCCGGGACGGGGGGCGGGTAGATACGCAGTATTTTGGCCCA"	FALSE	TRUE	NA	NA	NA	NA
"GGCGTCTGCTGTACCCTCTCAGACATCTGTGTACTTCTGTGCCAGCAGTGACTCCTGACTTTCAAAAACATTCAGTACTTCGGCGCC"	""	"GGCGTCTGCTGTACCCTCTCAGACATCTGTGTACTTCTGTGCCAGCAGTGACTCCTGACTTTCAAAAACATTCAGTACTTCGGCGCC"	""	"TCRBV6-4*1"	"TCRBD2-1"	"TCRBJ2-4*1"	54	56	60	62	2	2	NA	NA	"GGCGTCTGCTGTACCCTCTCAGACATCTGTGTACTTCTGTGCCAGCAGTGACTCCTGACTTTCAAAAACATTCAGTACTTCGGCGCC"	FALSE	FALSE	NA	NA	NA	NA
"ATCCGGTCCACAAAGCTGGAGGACTCAGCCATGTACTTCTGTGCCAGCAGTGAACAGGGTATCGCAGATACGCAGTATTTTGGCCCA"	"CASSEQGIADTQYF"	"ATCCGGTCCACAAAGCTGGAGGACTCAGCCATGTACTTCTGTGCCAGCAGTGAACAGGGTATCGCAGATACGCAGTATTTTGGCCCA"	"CASSEQGIADTQYF"	"TCRBV2-1"	"TCRBD1-1*1"	"TCRBJ2-3*1"	-1	54	59	64	55	5	NA	NA	"ATCCGGTCCACAAAGCTGGAGGACTCAGCCATGTACTTCTGTGCCAGCAGTGAACAGGGTATCGCAGATACGCAGTATTTTGGCCCA"	FALSE	TRUE	NA	NA	NA	NA
"ATCAATTCCCTGGAGCTTGGTGACTCTGCTGTGTATTTCTGTGCCAGCATGGGCCACAGGCCGAATTCACCCCTCCACTTTGGGAAT"	"CASMGHRPNSPLHF"	"ATCAATTCCCTGGAGCTTGGTGACTCTGCTGTGTATTTCTGTGCCAGCATGGGCCACAGGCCGAATTCACCCCTCCACTTTGGGAAT"	"CASMGHRPNSPLHF"	"TCRBV3-1/3-2*1"	"TCRBD1-1*1"	"TCRBJ1-6*1"	49	55	60	63	6	3	NA	NA	"ATCAATTCCCTGGAGCTTGGTGACTCTGCTGTGTATTTCTGTGCCAGCATGGGCCACAGGCCGAATTCACCCCTCCACTTTGGGAAT"	FALSE	TRUE	NA	NA	NA	NA
"TCCGCTCACCAGGCCTGGGGGACGCAGCCATGTACCTGTGTGCCACCAATGATGAGTGGCTATAATTCACCCCTCCACTTTGGGAAT"	""	"TCCGCTCACCAGGCCTGGGGGACGCAGCCATGTACCTGTGTGCCACCAATGATGAGTGGCTATAATTCACCCCTCCACTTTGGGAAT"	""	"TCRBV15-1*2"	"TCRBD2-1*2"	"TCRBJ1-6*1"	48	53	56	59	5	3	NA	NA	"TCCGCTCACCAGGCCTGGGGGACGCAGCCATGTACCTGTGTGCCACCAATGATGAGTGGCTATAATTCACCCCTCCACTTTGGGAAT"	FALSE	FALSE	NA	NA	NA	NA
"CGCACAGAGCAGGGGGACTCGGCCATGTATCTCTGTGCCAGCAGAGAGGCCAAGAGGGGTATCGACTACGAGCAGTACTTCGGGCCG"	"CASREAKRGIDYEQYF"	"CGCACAGAGCAGGGGGACTCGGCCATGTATCTCTGTGCCAGCAGAGAGGCCAAGAGGGGTATCGACTACGAGCAGTACTTCGGGCCG"	"CASREAKRGIDYEQYF"	"TCRBV7-9*1"	NA	"TCRBJ2-7*1"	44	54	59	65	10	6	NA	NA	"CGCACAGAGCAGGGGGACTCGGCCATGTATCTCTGTGCCAGCAGAGAGGCCAAGAGGGGTATCGACTACGAGCAGTACTTCGGGCCG"	FALSE	TRUE	NA	NA	NA	NA
"ACCAGTGCCCATCCTGAAGACAGCAGCTTCTACATCTGCAGTGCTAGAGGAGGTAGCGGGAGGGCAGATACGCAGTATTTTGGCCCA"	"CSARGGSGRADTQYF"	"ACCAGTGCCCATCCTGAAGACAGCAGCTTCTACATCTGCAGTGCTAGAGGAGGTAGCGGGAGGGCAGATACGCAGTATTTTGGCCCA"	"CSARGGSGRADTQYF"	NA	"TCRBD2-1*2"	"TCRBJ2-3*1"	49	53	-1	64	4	65	NA	NA	"ACCAGTGCCCATCCTGAAGACAGCAGCTTCTACATCTGCAGTGCTAGAGGAGGTAGCGGGAGGGCAGATACGCAGTATTTTGGCCCA"	FALSE	TRUE	NA	NA	NA	NA
"CCTGCAAAGCTTGAGGACTCGGCCGTGTATCTCTGTGCCAGCAGCGTACAGCAGGGGATCACTGGAAACACCATATATTTTGGAGAG"	"CASSVQQGITGNTIYF"	"CCTGCAAAGCTTGAGGACTCGGCCGTGTATCTCTGTGCCAGCAGCGTACAGCAGGGGATCACTGGAAACACCATATATTTTGGAGAG"	"CASSVQQGITGNTIYF"	"TCRBV11-2"	"TCRBD1-1*1"	"TCRBJ1-3*1"	45	51	57	61	6	4	NA	NA	"CCTGCAAAGCTTGAGGACTCGGCCGTGTATCTCTGTGCCAGCAGCGTACAGCAGGGGATCACTGGAAACACCATATATTTTGGAGAG"	FALSE	TRUE	NA	NA	NA	NA
"AGAAGCTCCTTCTCAGTGACTCTGGCTTCTATCTCTGTGCCTGGAGTTCCCGGGACGGGGAATAATTCACCCCTCCACTTTGGGAAT"	""	"AGAAGCTCCTTCTCAGTGACTCTGGCTTCTATCTCTGTGCCTGGAGTTCCCGGGACGGGGAATAATTCACCCCTCCACTTTGGGAAT"	""	"TCRBV3-1*1"	NA	"TCRBJ1-6*1"	47	51	56	61	4	5	NA	NA	"AGAAGCTCCTTCTCAGTGACTCTGGCTTCTATCTCTGTGCCTGGAGTTCCCGGGACGGGGAATAATTCACCCCTCCACTTTGGGAAT"	FALSE	FALSE	NA	NA	NA	NA
"GAGTCGCCCAGCCCCAACCAGACCTCTCTGTACTTCTGTGCCAGCAGTTTTATCGGGACAGGGGTGGAGACCCAGTACTTCGGGCCA"	"CASSFIGTGVETQYF"	"GAGTCGCCCAGCCCCAACCAGACCTCTCTGTACTTCTGTGCCAGCAGTTTTATCGGGACAGGGGTGGAGACCCAGTACTTCGGGCCA"	"CASSFIGTGVETQYF"	"TCRBV27-1*1"	"TCRBD1-1*1"	"TCRBJ2-5*1"	50	54	64	66	4	2	NA	NA	"GAGTCGCCCAGCCCCAACCAGACCTCTCTGTACTTCTGTGCCAGCAGTTTTATCGGGACAGGGGTGGAGACCCAGTACTTCGGGCCA"	FALSE	TRUE	NA	NA	NA	NA
"ACAGAGCAGGGGGACTCGGCCATGTATCTCTGTGCCAGCAGCTTAGGAACGCGGCGGGGCCTCCTCAATGAGCAGTTCTTCGGGCCA"	"CASSLGTRRGLLNEQFF"	"ACAGAGCAGGGGGACTCGGCCATGTATCTCTGTGCCAGCAGCTTAGGAACGCGGCGGGGCCTCCTCAATGAGCAGTTCTTCGGGCCA"	"CASSLGTRRGLLNEQFF"	"TCRBV7-9*1"	"TCRBD2-1*1"	"TCRBJ2-1*1"	46	53	59	65	7	6	NA	NA	"ACAGAGCAGGGGGACTCGGCCATGTATCTCTGTGCCAGCAGCTTAGGAACGCGGCGGGGCCTCCTCAATGAGCAGTTCTTCGGGCCA"	FALSE	TRUE	NA	NA	NA	NA
"AGGCCCTCACATACCTCTCAGTACCTCTGTGCCAGCAGTGACCCAAAGGGACTAGCCGGGGTGGCTGCTGAGCAGTTCTTCGGGCCA"	"CASSDPKGLAGVAAEQFF"	"AGGCCCTCACATACCTCTCAGTACCTCTGTGCCAGCAGTGACCCAAAGGGACTAGCCGGGGTGGCTGCTGAGCAGTTCTTCGGGCCA"	"CASSDPKGLAGVAAEQFF"	"TCRBV25-1*1"	"TCRBD2-1"	"TCRBJ2-1*1"	41	47	56	68	6	12	NA	NA	"AGGCCCTCACATACCTCTCAGTACCTCTGTGCCAGCAGTGACCCAAAGGGACTAGCCGGGGTGGCTGCTGAGCAGTTCTTCGGGCCA"	FALSE	TRUE	NA	NA	NA	NA
"GAGCTGAATGTGAACGCCTTGTTGCTGGGGGACTCGGCCCTCTATCTCTGTGCCAGCAGCTCCCGCTACGAGCAGTACTTCGGGCCG"	"CASSSRYEQYF"	"GAGCTGAATGTGAACGCCTTGTTGCTGGGGGACTCGGCCCTCTATCTCTGTGCCAGCAGCTCCCGCTACGAGCAGTACTTCGGGCCG"	"CASSSRYEQYF"	"TCRBV5-6*1"	"TCRBD2-1"	"TCRBJ2-7*1"	61	63	-1	65	2	66	NA	NA	"GAGCTGAATGTGAACGCCTTGTTGCTGGGGGACTCGGCCCTCTATCTCTGTGCCAGCAGCTCCCGCTACGAGCAGTACTTCGGGCCG"	FALSE	TRUE	NA	NA	NA	NA
"NNNNNTGTCGGCTGCTCCCTCCCAGACATCTGTGTACTTCTGTGCCAGCAGTAAACCGGGACAGGGCTTGAGCAGTTCTTCGGGCCA"	""	"NNNNNTGTCGGCTGCTCCCTCCCAGACATCTGTGTACTTCTGTGCCAGCAGTAAACCGGGACAGGGCTTGAGCAGTTCTTCGGGCCA"	""	"TCRBV6-5*1"	"TCRBD1-1*1"	"TCRBJ2-1*1"	52	57	66	68	5	2	NA	NA	"NNNNNTGTCGGCTGCTCCCTCCCAGACATCTGTGTACTTCTGTGCCAGCAGTAAACCGGGACAGGGCTTGAGCAGTTCTTCGGGCCA"	FALSE	FALSE	NA	NA	NA	NA
"CGCTCACCAGGCCTGGGGGACGCAGCCATGTACCTGTGTGCCACCAAAACTGGACAGGGGGGGAACAATGAGCAGTTCTTCGGGCCA"	"CATKTGQGGNNEQFF"	"CGCTCACCAGGCCTGGGGGACGCAGCCATGTACCTGTGTGCCACCAAAACTGGACAGGGGGGGAACAATGAGCAGTTCTTCGGGCCA"	"CATKTGQGGNNEQFF"	"TCRBV15-1*2"	"TCRBD1-1*1"	"TCRBJ2-1*1"	46	51	61	64	5	3	NA	NA	"CGCTCACCAGGCCTGGGGGACGCAGCCATGTACCTGTGTGCCACCAAAACTGGACAGGGGGGGAACAATGAGCAGTTCTTCGGGCCA"	FALSE	TRUE	NA	NA	NA	NA
"CAGCAGGAGGACTCGGCCGTGTATCTCTGTGCCAGCAGCTTAGTCGGACTAGCGGACCTTAGCTCCTACGAGCAGTACTTCGGGCCG"	"CASSLVGLADLSSYEQYF"	"CAGCAGGAGGACTCGGCCGTGTATCTCTGTGCCAGCAGCTTAGTCGGACTAGCGGACCTTAGCTCCTACGAGCAGTACTTCGGGCCG"	"CASSLVGLADLSSYEQYF"	"TCRBV7-2"	"TCRBD2-1"	"TCRBJ2-7*1"	43	45	55	62	2	7	NA	NA	"CAGCAGGAGGACTCGGCCGTGTATCTCTGTGCCAGCAGCTTAGTCGGACTAGCGGACCTTAGCTCCTACGAGCAGTACTTCGGGCCG"	FALSE	TRUE	NA	NA	NA	NA
"NTGTCGGCTGCTCCCTCCCAGACATCTGTGTACTTCTGTGCCAGCAGTCGACTAGCGGGAGGGATAGATACGCAGTATTTTGGCCCA"	"CASSRLAGGIDTQYF"	"NTGTCGGCTGCTCCCTCCCAGACATCTGTGTACTTCTGTGCCAGCAGTCGACTAGCGGGAGGGATAGATACGCAGTATTTTGGCCCA"	"CASSRLAGGIDTQYF"	"TCRBV6-5*1"	"TCRBD2-1*2"	"TCRBJ2-3*1"	48	49	63	65	1	2	NA	NA	"NTGTCGGCTGCTCCCTCCCAGACATCTGTGTACTTCTGTGCCAGCAGTCGACTAGCGGGAGGGATAGATACGCAGTATTTTGGCCCA"	FALSE	TRUE	NA	NA	NA	NA
"TTCACCTACACGCCCTGCAGCCAGAAGACTCAGCCCTGTATCTCTGCGCCAGCAGCATTCGGGCCCTACGAGCAGTACTTCGGGCCG"	""	"TTCACCTACACGCCCTGCAGCCAGAAGACTCAGCCCTGTATCTCTGCGCCAGCAGCATTCGGGCCCTACGAGCAGTACTTCGGGCCG"	""	"TCRBV4-1*1"	NA	"TCRBJ2-7*1"	56	60	-1	64	4	65	NA	NA	"TTCACCTACACGCCCTGCAGCCAGAAGACTCAGCCCTGTATCTCTGCGCCAGCAGCATTCGGGCCCTACGAGCAGTACTTCGGGCCG"	FALSE	FALSE	NA	NA	NA	NA
"TCCGCCAGCACCAACCAGACATCTATGTACCTCTGTGCCAGCAGTCCCCCCCCCGGACAGGCGGGAAACACCATATATTTTGGAGAG"	"CASSPPPGQAGNTIYF"	"TCCGCCAGCACCAACCAGACATCTATGTACCTCTGTGCCAGCAGTCCCCCCCCCGGACAGGCGGGAAACACCATATATTTTGGAGAG"	"CASSPPPGQAGNTIYF"	"TCRBV28-1*1"	"TCRBD1-1*1"	"TCRBJ1-3*1"	45	54	61	63	9	2	NA	NA	"TCCGCCAGCACCAACCAGACATCTATGTACCTCTGTGCCAGCAGTCCCCCCCCCGGACAGGCGGGAAACACCATATATTTTGGAGAG"	FALSE	TRUE	NA	NA	NA	NA
"ATCCAGCCTGCAGAGCTTGGGGACTCGGCCGTGTATCTCTGTGCCAGCAGCTCCTCTGGGGTTAGTTCAAGGCAGTACTTCGGGCCG"	"CASSSSGVSSRQYF"	"ATCCAGCCTGCAGAGCTTGGGGACTCGGCCGTGTATCTCTGTGCCAGCAGCTCCTCTGGGGTTAGTTCAAGGCAGTACTTCGGGCCG"	"CASSSSGVSSRQYF"	"TCRBV11-3*1"	NA	"TCRBJ2-7*1"	52	57	61	71	5	10	NA	NA	"ATCCAGCCTGCAGAGCTTGGGGACTCGGCCGTGTATCTCTGTGCCAGCAGCTCCTCTGGGGTTAGTTCAAGGCAGTACTTCGGGCCG"	FALSE	TRUE	NA	NA	NA	NA
"ACTCTGACGATTCAGCGCACAGAGCAGGAGGACTCGGCCGTGTATCTCTGTGCCAGCAGCTTAGACAGCGAGCAGTTCTTCGGGCCA"	"CASSLDSEQFF"	"ACTCTGACGATTCAGCGCACAGAGCAGGAGGACTCGGCCGTGTATCTCTGTGCCAGCAGCTTAGACAGCGAGCAGTTCTTCGGGCCA"	"CASSLDSEQFF"	"TCRBV7-2"	"TCRBD1-1*1"	"TCRBJ2-1*1"	-1	64	68	69	65	1	NA	NA	"ACTCTGACGATTCAGCGCACAGAGCAGGAGGACTCGGCCGTGTATCTCTGTGCCAGCAGCTTAGACAGCGAGCAGTTCTTCGGGCCA"	FALSE	TRUE	NA	NA	NA	NA
"CAGCCTGCAGAGCTTGGGGACTCGGCCGTGTATCTCTGTGCCAGCAGCTTAGCCGGAGCAGGGCCCTACGAGCAGTACTTCGGGCCG"	"CASSLAGAGPYEQYF"	"CAGCCTGCAGAGCTTGGGGACTCGGCCGTGTATCTCTGTGCCAGCAGCTTAGCCGGAGCAGGGCCCTACGAGCAGTACTTCGGGCCG"	"CASSLAGAGPYEQYF"	"TCRBV11-3*1"	"TCRBD1-1*1"	"TCRBJ2-7*1"	52	58	63	64	6	1	NA	NA	"CAGCCTGCAGAGCTTGGGGACTCGGCCGTGTATCTCTGTGCCAGCAGCTTAGCCGGAGCAGGGCCCTACGAGCAGTACTTCGGGCCG"	FALSE	TRUE	NA	NA	NA	NA
"NTGTCGGCTGCTCCCTCCCAGACATCTGTGTACTTCTGTGCCAGCAGTGGCTGGGGCGCACAGGATGGGAAACTGTTTTTTGGCAGT"	"CASSGWGAQDGKLFF"	"NTGTCGGCTGCTCCCTCCCAGACATCTGTGTACTTCTGTGCCAGCAGTGGCTGGGGCGCACAGGATGGGAAACTGTTTTTTGGCAGT"	"CASSGWGAQDGKLFF"	NA	"TCRBD1-1*1"	"TCRBJ1-4*1"	49	59	64	69	10	5	NA	NA	"NTGTCGGCTGCTCCCTCCCAGACATCTGTGTACTTCTGTGCCAGCAGTGGCTGGGGCGCACAGGATGGGAAACTGTTTTTTGGCAGT"	FALSE	TRUE	NA	NA	NA	NA
"CAGCGCACACAGCAGGAGGACTCCGCCGTGTATCTCTGTGCCAGCAGCCGGTGGATAGGGGGATTGGAGACCCAGTACTTCGGGCCA"	"CASSRWIGGLETQYF"	"CAGCGCACACAGCAGGAGGACTCCGCCGTGTATCTCTGTGCCAGCAGCCGGTGGATAGGGGGATTGGAGACCCAGTACTTCGGGCCA"	"CASSRWIGGLETQYF"	"TCRBV7-8*3"	"TCRBD1-1*1"	"TCRBJ2-5*1"	50	56	62	66	6	4	NA	NA	"CAGCGCACACAGCAGGAGGACTCCGCCGTGTATCTCTGTGCCAGCAGCCGGTGGATAGGGGGATTGGAGACCCAGTACTTCGGGCCA"	FALSE	TRUE	NA	NA	NA	NA
"ATCCTGGAGTCGCCCAGCCCCAACCAGACCTCTCTGTACTTCTGTGCCAGCAGTGCGCACAGGTACTATGGCTACACCTTCGGTTCG"	"CASSAHRYYGYTF"	"ATCCTGGAGTCGCCCAGCCCCAACCAGACCTCTCTGTACTTCTGTGCCAGCAGTGCGCACAGGTACTATGGCTACACCTTCGGTTCG"	"CASSAHRYYGYTF"	"TCRBV27-1*1"	"TCRBD1-1*1"	"TCRBJ1-2*1"	54	58	63	64	4	1	NA	NA	"ATCCTGGAGTCGCCCAGCCCCAACCAGACCTCTCTGTACTTCTGTGCCAGCAGTGCGCACAGGTACTATGGCTACACCTTCGGTTCG"	FALSE	TRUE	NA	NA	NA	NA
"TAAGAAGCTCCTTCTCAGTGACTCTGGCTTCTATCTCTGTGCCTGGTCGTAAGGACAGGTGGTGGGGATACGCAGTATTTTGGCCCA"	""	"TAAGAAGCTCCTTCTCAGTGACTCTGGCTTCTATCTCTGTGCCTGGTCGTAAGGACAGGTGGTGGGGATACGCAGTATTTTGGCCCA"	""	"TCRBV3-1"	"TCRBD1-1*1"	"TCRBJ2-3*1"	46	52	59	66	6	7	NA	NA	"TAAGAAGCTCCTTCTCAGTGACTCTGGCTTCTATCTCTGTGCCTGGTCGTAAGGACAGGTGGTGGGGATACGCAGTATTTTGGCCCA"	FALSE	FALSE	NA	NA	NA	NA
"GAGTCTGCCATCCCCAACCAGACAGCTCTTTACTTCTGTGCCACCAGTGATTCAAGCATAACAGGGAATGAGCAGTTCTTCGGGCCA"	"CATSDSSITGNEQFF"	"GAGTCTGCCATCCCCAACCAGACAGCTCTTTACTTCTGTGCCACCAGTGATTCAAGCATAACAGGGAATGAGCAGTTCTTCGGGCCA"	"CATSDSSITGNEQFF"	"TCRBV24-1*1"	"TCRBD1-1*1"	"TCRBJ2-1*1"	52	60	-1	66	8	67	NA	NA	"GAGTCTGCCATCCCCAACCAGACAGCTCTTTACTTCTGTGCCACCAGTGATTCAAGCATAACAGGGAATGAGCAGTTCTTCGGGCCA"	FALSE	TRUE	NA	NA	NA	NA
"TCCGCCAGCACCAACCAGACATCTATGTACCTCTGTGCCAGCAGTTTACTCCGGGACAGTTACACCGGGGAGCTGTTTTTTGGAGAA"	"CASSLLRDSYTGELFF"	"TCCGCCAGCACCAACCAGACATCTATGTACCTCTGTGCCAGCAGTTTACTCCGGGACAGTTACACCGGGGAGCTGTTTTTTGGAGAA"	"CASSLLRDSYTGELFF"	"TCRBV28-1*1"	"TCRBD1-1*1"	"TCRBJ2-2*1"	48	52	59	61	4	2	NA	NA	"TCCGCCAGCACCAACCAGACATCTATGTACCTCTGTGCCAGCAGTTTACTCCGGGACAGTTACACCGGGGAGCTGTTTTTTGGAGAA"	FALSE	TRUE	NA	NA	NA	NA
"CGGTCCACAAAGCTGGAGGACTCAGCCATGTACTTCTGTGCCAGCAGTGCACAGGGGCCCAACACAGATACGCAGTATTTTGGCCCA"	"CASSAQGPNTDTQYF"	"CGGTCCACAAAGCTGGAGGACTCAGCCATGTACTTCTGTGCCAGCAGTGCACAGGGGCCCAACACAGATACGCAGTATTTTGGCCCA"	"CASSAQGPNTDTQYF"	"TCRBV2-1"	"TCRBD1-1*1"	"TCRBJ2-3*1"	49	50	57	62	1	5	NA	NA	"CGGTCCACAAAGCTGGAGGACTCAGCCATGTACTTCTGTGCCAGCAGTGCACAGGGGCCCAACACAGATACGCAGTATTTTGGCCCA"	FALSE	TRUE	NA	NA	NA	NA
"CAGCGCACAGAGCAGGGGGACTCGGCCATGTATCTCTGTGCCAGCAGCCCGGACATCTCAACTAATGAAAAACTGTTTTTTGGCAGT"	"CASSPDISTNEKLFF"	"CAGCGCACAGAGCAGGGGGACTCGGCCATGTATCTCTGTGCCAGCAGCCCGGACATCTCAACTAATGAAAAACTGTTTTTTGGCAGT"	"CASSPDISTNEKLFF"	"TCRBV7-9*1"	"TCRBD1-1*1"	"TCRBJ1-4*1"	48	50	55	58	2	3	NA	NA	"CAGCGCACAGAGCAGGGGGACTCGGCCATGTATCTCTGTGCCAGCAGCCCGGACATCTCAACTAATGAAAAACTGTTTTTTGGCAGT"	FALSE	TRUE	NA	NA	NA	NA
"GCTGCTCCCTCCCAGACATCTGTGTACTTCTGTGCCAGCAGTTACTCCGACCGGACGTCTTATGGAAACACCATATATTTTGGAGAG"	"CASSYSDRTSYGNTIYF"	"GCTGCTCCCTCCCAGACATCTGTGTACTTCTGTGCCAGCAGTTACTCCGACCGGACGTCTTATGGAAACACCATATATTTTGGAGAG"	"CASSYSDRTSYGNTIYF"	NA	NA	"TCRBJ1-3*1"	47	52	56	62	5	6	NA	NA	"GCTGCTCCCTCCCAGACATCTGTGTACTTCTGTGCCAGCAGTTACTCCGACCGGACGTCTTATGGAAACACCATATATTTTGGAGAG"	FALSE	TRUE	NA	NA	NA	NA
"AGTCAGGGGACACAGCACTGTATTTCTGTGCCAGCAGCAAACGCGGGGCCCTACCATATAAGCAATCAGCCCCAGCATTTTGGTGAT"	""	"AGTCAGGGGACACAGCACTGTATTTCTGTGCCAGCAGCAAACGCGGGGCCCTACCATATAAGCAATCAGCCCCAGCATTTTGGTGAT"	""	"TCRBV21-1*1"	"TCRBD2-1*1"	"TCRBJ1-5*1"	41	42	48	60	1	12	NA	NA	"AGTCAGGGGACACAGCACTGTATTTCTGTGCCAGCAGCAAACGCGGGGCCCTACCATATAAGCAATCAGCCCCAGCATTTTGGTGAT"	FALSE	FALSE	NA	NA	NA	NA
"CAGCGCACACAGCAGGAGGACTCGGCCGTGTATCTCTGTGCCAGCAGCTTAGGGAGGACTAGCTCCTACGAGCAGTACTTCGGGCCG"	"CASSLGRTSSYEQYF"	"CAGCGCACACAGCAGGAGGACTCGGCCGTGTATCTCTGTGCCAGCAGCTTAGGGAGGACTAGCTCCTACGAGCAGTACTTCGGGCCG"	"CASSLGRTSSYEQYF"	"TCRBV7-2"	"TCRBD2-1"	"TCRBJ2-7*1"	52	55	-1	62	3	63	NA	NA	"CAGCGCACACAGCAGGAGGACTCGGCCGTGTATCTCTGTGCCAGCAGCTTAGGGAGGACTAGCTCCTACGAGCAGTACTTCGGGCCG"	FALSE	TRUE	NA	NA	NA	NA
"TCAAGATCCAGCCTGCAGAGCTTGGGGACTCGGCCGTGTATCTCTGTGCCAGCAGCATCGGGTATATACGAGCAGTACTTCGGGCCG"	""	"TCAAGATCCAGCCTGCAGAGCTTGGGGACTCGGCCGTGTATCTCTGTGCCAGCAGCATCGGGTATATACGAGCAGTACTTCGGGCCG"	""	"TCRBV11-3*1"	"TCRBD2-1"	"TCRBJ2-7*1"	56	58	62	66	2	4	NA	NA	"TCAAGATCCAGCCTGCAGAGCTTGGGGACTCGGCCGTGTATCTCTGTGCCAGCAGCATCGGGTATATACGAGCAGTACTTCGGGCCG"	FALSE	FALSE	NA	NA	NA	NA
"CTGGAGTCGCCCAGCCCCAACCAGACCTCTCTGTACTTCTGTGCCAGCAGTCCGACTAGTTTAGGCGAGACCCAGTACTTCGGGCCA"	"CASSPTSLGETQYF"	"CTGGAGTCGCCCAGCCCCAACCAGACCTCTCTGTACTTCTGTGCCAGCAGTCCGACTAGTTTAGGCGAGACCCAGTACTTCGGGCCA"	"CASSPTSLGETQYF"	"TCRBV27-1*1"	"TCRBD2-1"	"TCRBJ2-5*1"	51	53	59	66	2	7	NA	NA	"CTGGAGTCGCCCAGCCCCAACCAGACCTCTCTGTACTTCTGTGCCAGCAGTCCGACTAGTTTAGGCGAGACCCAGTACTTCGGGCCA"	FALSE	TRUE	NA	NA	NA	NA
"GCCATGTATCGCTGTGCCAGCAGCTCCCAACGGGTCAGACAGGGAGTTCTCCGGGACCACTCCTACTACGAGCAGTACTTCGGGCCG"	"CASSSQRVRQGVLRDHSYYEQYF"	"GCCATGTATCGCTGTGCCAGCAGCTCCCAACGGGTCAGACAGGGAGTTCTCCGGGACCACTCCTACTACGAGCAGTACTTCGGGCCG"	"CASSSQRVRQGVLRDHSYYEQYF"	NA	"TCRBD1-1*1"	"TCRBJ2-7*1"	25	37	44	65	12	21	NA	NA	"GCCATGTATCGCTGTGCCAGCAGCTCCCAACGGGTCAGACAGGGAGTTCTCCGGGACCACTCCTACTACGAGCAGTACTTCGGGCCG"	FALSE	TRUE	NA	NA	NA	NA
"ACTGTGAGCAACATGAGCCCTGAAGACAGCAGCATATATCTCTGCAGCGGATCCAGGGGAGTCCCGACTGAAGCTTTCTTTGGACAA"	"CSGSRGVPTEAFF"	"ACTGTGAGCAACATGAGCCCTGAAGACAGCAGCATATATCTCTGCAGCGGATCCAGGGGAGTCCCGACTGAAGCTTTCTTTGGACAA"	"CSGSRGVPTEAFF"	"TCRBV29-1"	"TCRBD1-1*1"	"TCRBJ1-1*1"	49	53	59	66	4	7	NA	NA	"ACTGTGAGCAACATGAGCCCTGAAGACAGCAGCATATATCTCTGCAGCGGATCCAGGGGAGTCCCGACTGAAGCTTTCTTTGGACAA"	FALSE	TRUE	NA	NA	NA	NA
"CTGAGCTCTCTGGAGCTGGGGGACTCAGCTTTGTATTTCTGTGCCAGCAGCCCCAGGCTGGGGTCAGAAAAACTGTTTTTTGGCAGT"	"CASSPRLGSEKLFF"	"CTGAGCTCTCTGGAGCTGGGGGACTCAGCTTTGTATTTCTGTGCCAGCAGCCCCAGGCTGGGGTCAGAAAAACTGTTTTTTGGCAGT"	"CASSPRLGSEKLFF"	"TCRBV9-1*1"	NA	"TCRBJ1-4*1"	51	53	57	66	2	9	NA	NA	"CTGAGCTCTCTGGAGCTGGGGGACTCAGCTTTGTATTTCTGTGCCAGCAGCCCCAGGCTGGGGTCAGAAAAACTGTTTTTTGGCAGT"	FALSE	TRUE	NA	NA	NA	NA
"GTCAGCTGCTCCCTCTCAGACTTCTGTTTACTTCTGTGCCAGCAGCTGCCACCGGGACAGAATAATGAAAAACTGTTTTTTGGCAGT"	""	"GTCAGCTGCTCCCTCTCAGACTTCTGTTTACTTCTGTGCCAGCAGCTGCCACCGGGACAGAATAATGAAAAACTGTTTTTTGGCAGT"	""	"TCRBV6-7*1"	"TCRBD1-1*1"	"TCRBJ1-4*1"	45	53	60	62	8	2	NA	NA	"GTCAGCTGCTCCCTCTCAGACTTCTGTTTACTTCTGTGCCAGCAGCTGCCACCGGGACAGAATAATGAAAAACTGTTTTTTGGCAGT"	FALSE	FALSE	NA	NA	NA	NA
"TCGCACTGCAGCAAGAAGACTCAGCTGCGTATCTCTGCACCAGCAGCCAAGCTTAGACAGGGGGCTCAGCCCCAGCATTTTGGTGAT"	""	"TCGCACTGCAGCAAGAAGACTCAGCTGCGTATCTCTGCACCAGCAGCCAAGCTTAGACAGGGGGCTCAGCCCCAGCATTTTGGTGAT"	""	"TCRBV1-1*1"	"TCRBD1-1*1"	"TCRBJ1-5*1"	51	55	-1	65	4	66	NA	NA	"TCGCACTGCAGCAAGAAGACTCAGCTGCGTATCTCTGCACCAGCAGCCAAGCTTAGACAGGGGGCTCAGCCCCAGCATTTTGGTGAT"	FALSE	FALSE	NA	NA	NA	NA
"CAGCGCACAGAGCAGGGGGACTCGGCCATGTATCTCTGTGCCAGCAGCCAGACCACGTACCGGTCCTACGAGCAGTACTTCGGGCCG"	"CASSQTTYRSYEQYF"	"CAGCGCACAGAGCAGGGGGACTCGGCCATGTATCTCTGTGCCAGCAGCCAGACCACGTACCGGTCCTACGAGCAGTACTTCGGGCCG"	"CASSQTTYRSYEQYF"	"TCRBV7-9*1"	NA	"TCRBJ2-7*1"	48	50	53	63	2	10	NA	NA	"CAGCGCACAGAGCAGGGGGACTCGGCCATGTATCTCTGTGCCAGCAGCCAGACCACGTACCGGTCCTACGAGCAGTACTTCGGGCCG"	FALSE	TRUE	NA	NA	NA	NA
"AAGATCCAGCCTGCAGAGCTTGGGGACTCGGCCATGTATCTCTGTGCCAGCAGCTTAAATCCCGCTAACGAGCAGTACTTCGGGCCG"	"CASSLNPANEQYF"	"AAGATCCAGCCTGCAGAGCTTGGGGACTCGGCCATGTATCTCTGTGCCAGCAGCTTAAATCCCGCTAACGAGCAGTACTTCGGGCCG"	"CASSLNPANEQYF"	"TCRBV11-1*1"	"TCRBD2-1"	"TCRBJ2-7*1"	57	64	-1	67	7	68	NA	NA	"AAGATCCAGCCTGCAGAGCTTGGGGACTCGGCCATGTATCTCTGTGCCAGCAGCTTAAATCCCGCTAACGAGCAGTACTTCGGGCCG"	FALSE	TRUE	NA	NA	NA	NA
"CCAGGCCTGGGGGACGCAGCCATGTACCTGTGTGCCACCAGCAGAGATTCCCCTAGCGGTAGCACAGATACGCAGTATTTTGGCCCA"	"CATSRDSPSGSTDTQYF"	"CCAGGCCTGGGGGACGCAGCCATGTACCTGTGTGCCACCAGCAGAGATTCCCCTAGCGGTAGCACAGATACGCAGTATTTTGGCCCA"	"CATSRDSPSGSTDTQYF"	"TCRBV15-1*2"	"TCRBD2-1"	"TCRBJ2-3*1"	47	52	59	60	5	1	NA	NA	"CCAGGCCTGGGGGACGCAGCCATGTACCTGTGTGCCACCAGCAGAGATTCCCCTAGCGGTAGCACAGATACGCAGTATTTTGGCCCA"	FALSE	TRUE	NA	NA	NA	NA
"GTTGGCGTCTGCTGTACCCTCTCAGACATCTGTGTACTTCTGTGCCAGCAGAACCGGGACAGGTCCTACGAGCAGTACTTCGGGCCG"	""	"GTTGGCGTCTGCTGTACCCTCTCAGACATCTGTGTACTTCTGTGCCAGCAGAACCGGGACAGGTCCTACGAGCAGTACTTCGGGCCG"	""	"TCRBV6-4*1"	"TCRBD1-1*1"	"TCRBJ2-7*1"	51	55	-1	63	4	64	NA	NA	"GTTGGCGTCTGCTGTACCCTCTCAGACATCTGTGTACTTCTGTGCCAGCAGAACCGGGACAGGTCCTACGAGCAGTACTTCGGGCCG"	FALSE	FALSE	NA	NA	NA	NA
"CCTGCAGCCAGAAGACTCGGCCCTGTATCTCTGTGCCAGCAGCCAAGCATTCGAGCGGGAGGGAACAATGAGCAGTTCTTCGGGCCA"	""	"CCTGCAGCCAGAAGACTCGGCCCTGTATCTCTGTGCCAGCAGCCAAGCATTCGAGCGGGAGGGAACAATGAGCAGTTCTTCGGGCCA"	""	"TCRBV4-2*1"	"TCRBD2-1*2"	"TCRBJ2-1*1"	47	53	63	64	6	1	NA	NA	"CCTGCAGCCAGAAGACTCGGCCCTGTATCTCTGTGCCAGCAGCCAAGCATTCGAGCGGGAGGGAACAATGAGCAGTTCTTCGGGCCA"	FALSE	FALSE	NA	NA	NA	NA
"AATGTGAACGCCTTGTTGCTGGGGGACTCGGCCCTCTATCTCTGTGCCAGCAGCTTGCGGGTCGGAGAGACCCAGTACTTCGGGCCA"	"CASSLRVGETQYF"	"AATGTGAACGCCTTGTTGCTGGGGGACTCGGCCCTCTATCTCTGTGCCAGCAGCTTGCGGGTCGGAGAGACCCAGTACTTCGGGCCA"	"CASSLRVGETQYF"	"TCRBV5-6*1"	"TCRBD2-1"	"TCRBJ2-5*1"	-1	57	61	65	58	4	NA	NA	"AATGTGAACGCCTTGTTGCTGGGGGACTCGGCCCTCTATCTCTGTGCCAGCAGCTTGCGGGTCGGAGAGACCCAGTACTTCGGGCCA"	FALSE	TRUE	NA	NA	NA	NA
"AGATCCAGTCCACGGAGTCAGGGGACACAGCACTGTATTTCTGTGCCAGCAGCATCCAGGCAGTCGGAGACCCAGTACTTCGGGCCA"	""	"AGATCCAGTCCACGGAGTCAGGGGACACAGCACTGTATTTCTGTGCCAGCAGCATCCAGGCAGTCGGAGACCCAGTACTTCGGGCCA"	""	"TCRBV21-1*1"	"TCRBD1-1*1"	"TCRBJ2-5*1"	54	56	60	66	2	6	NA	NA	"AGATCCAGTCCACGGAGTCAGGGGACACAGCACTGTATTTCTGTGCCAGCAGCATCCAGGCAGTCGGAGACCCAGTACTTCGGGCCA"	FALSE	FALSE	NA	NA	NA	NA
"ACCAGTGCCCATCCTGAAGACAGCAGCTTCTACATCTGCAGTGCTGGAGCTAGCGGGAGGGGCACAGATACGCAGTATTTTGGCCCA"	"CSAGASGRGTDTQYF"	"ACCAGTGCCCATCCTGAAGACAGCAGCTTCTACATCTGCAGTGCTGGAGCTAGCGGGAGGGGCACAGATACGCAGTATTTTGGCCCA"	"CSAGASGRGTDTQYF"	NA	"TCRBD2-1*2"	"TCRBJ2-3*1"	-1	49	-1	61	50	62	NA	NA	"ACCAGTGCCCATCCTGAAGACAGCAGCTTCTACATCTGCAGTGCTGGAGCTAGCGGGAGGGGCACAGATACGCAGTATTTTGGCCCA"	FALSE	TRUE	NA	NA	NA	NA
"NNNNNNNNNNTGTCGGCTGCTCCCTCCCAGACATCTGTGTACTTCTGTGCCAGCAGGGAAGTAGGGGATACGCAGTATTTTGGCCCA"	"CASREVGDTQYF"	"NNNNNNNNNNTGTCGGCTGCTCCCTCCCAGACATCTGTGTACTTCTGTGCCAGCAGGGAAGTAGGGGATACGCAGTATTTTGGCCCA"	"CASREVGDTQYF"	"TCRBV6-1*1"	NA	"TCRBJ2-3*1"	61	62	-1	66	1	67	NA	NA	"NNNNNNNNNNTGTCGGCTGCTCCCTCCCAGACATCTGTGTACTTCTGTGCCAGCAGGGAAGTAGGGGATACGCAGTATTTTGGCCCA"	FALSE	TRUE	NA	NA	NA	NA
"ATCAATTCCCTGGAGCTTGGTGACTCTGCTGTGTATTTCTGTGCCAGCAGCCAAGAGCGGGAATCTTACGAGCAGTACTTCGGGCCG"	"CASSQERESYEQYF"	"ATCAATTCCCTGGAGCTTGGTGACTCTGCTGTGTATTTCTGTGCCAGCAGCCAAGAGCGGGAATCTTACGAGCAGTACTTCGGGCCG"	"CASSQERESYEQYF"	"TCRBV3-1/3-2*1"	"TCRBD2-1*2"	"TCRBJ2-7*1"	-1	56	62	66	57	4	NA	NA	"ATCAATTCCCTGGAGCTTGGTGACTCTGCTGTGTATTTCTGTGCCAGCAGCCAAGAGCGGGAATCTTACGAGCAGTACTTCGGGCCG"	FALSE	TRUE	NA	NA	NA	NA
"CCCTCAGAACCCAGGGACTCAGCTGTGTACTTCTGTGCCAGCAGTTTATCTAGCGGGGGAAACACCGGGGAGCTGTTTTTTGGAGAA"	"CASSLSSGGNTGELFF"	"CCCTCAGAACCCAGGGACTCAGCTGTGTACTTCTGTGCCAGCAGTTTATCTAGCGGGGGAAACACCGGGGAGCTGTTTTTTGGAGAA"	"CASSLSSGGNTGELFF"	NA	"TCRBD2-1*1"	"TCRBJ2-2*1"	48	49	59	60	1	1	NA	NA	"CCCTCAGAACCCAGGGACTCAGCTGTGTACTTCTGTGCCAGCAGTTTATCTAGCGGGGGAAACACCGGGGAGCTGTTTTTTGGAGAA"	FALSE	TRUE	NA	NA	NA	NA
"AAGATCCAGCGCACAGAGCAGGAGGACTCGGCCGTGTATCTCTGTGCCAGCAGCTCCCGGGACTTCAATGAGCAGTTCTTCGGGCCA"	"CASSSRDFNEQFF"	"AAGATCCAGCGCACAGAGCAGGAGGACTCGGCCGTGTATCTCTGTGCCAGCAGCTCCCGGGACTTCAATGAGCAGTTCTTCGGGCCA"	"CASSSRDFNEQFF"	"TCRBV7-2"	"TCRBD2-1"	"TCRBJ2-1*1"	55	58	64	65	3	1	NA	NA	"AAGATCCAGCGCACAGAGCAGGAGGACTCGGCCGTGTATCTCTGTGCCAGCAGCTCCCGGGACTTCAATGAGCAGTTCTTCGGGCCA"	FALSE	TRUE	NA	NA	NA	NA
"ACAGAGCAGGGGGACTCGGCCATGTATCTCTGTGCCAGCAGCCATGGGCCGGGACTAGTGTTCTCCGGGGAGCTGTTTTTTGGAGAA"	"CASSHGPGLVFSGELFF"	"ACAGAGCAGGGGGACTCGGCCATGTATCTCTGTGCCAGCAGCCATGGGCCGGGACTAGTGTTCTCCGGGGAGCTGTTTTTTGGAGAA"	"CASSHGPGLVFSGELFF"	"TCRBV7-9*1"	"TCRBD2-1"	"TCRBJ2-2*1"	42	50	58	64	8	6	NA	NA	"ACAGAGCAGGGGGACTCGGCCATGTATCTCTGTGCCAGCAGCCATGGGCCGGGACTAGTGTTCTCCGGGGAGCTGTTTTTTGGAGAA"	FALSE	TRUE	NA	NA	NA	NA
"CAGAGCAGCGGGACTCAGCCATGTATCGCTGTGCTAGCAGCTTAGGGCTGAAATAAACGAATCTCAGATACGCAGTATTTTGGCCCA"	""	"CAGAGCAGCGGGACTCAGCCATGTATCGCTGTGCTAGCAGCTTAGGGCTGAAATAAACGAATCTCAGATACGCAGTATTTTGGCCCA"	""	"TCRBV7-7*1"	"TCRBD1-1*1"	"TCRBJ2-3*1"	-1	45	48	64	46	16	NA	NA	"CAGAGCAGCGGGACTCAGCCATGTATCGCTGTGCTAGCAGCTTAGGGCTGAAATAAACGAATCTCAGATACGCAGTATTTTGGCCCA"	FALSE	FALSE	NA	NA	NA	NA
"TCGGCTGCTCCCTCCCAAACATCTGTGTACTTCTGTGCCAGCAGAAATACAGCGGGAGGGCCACACTACGAGCAGTACTTCGGGCCG"	"CASRNTAGGPHYEQYF"	"TCGGCTGCTCCCTCCCAAACATCTGTGTACTTCTGTGCCAGCAGAAATACAGCGGGAGGGCCACACTACGAGCAGTACTTCGGGCCG"	"CASRNTAGGPHYEQYF"	NA	"TCRBD2-1*2"	"TCRBJ2-7*1"	44	50	60	65	6	5	NA	NA	"TCGGCTGCTCCCTCCCAAACATCTGTGTACTTCTGTGCCAGCAGAAATACAGCGGGAGGGCCACACTACGAGCAGTACTTCGGGCCG"	FALSE	TRUE	NA	NA	NA	NA
"CTAGAGTCTGCCATCCCCAACCAGACAGCTCTTTACTTCTGTGCCACCAGTGGGACAGGGGGCTACAATGAGCAGTTCTTCGGGCCA"	"CATSGTGGYNEQFF"	"CTAGAGTCTGCCATCCCCAACCAGACAGCTCTTTACTTCTGTGCCACCAGTGGGACAGGGGGCTACAATGAGCAGTTCTTCGGGCCA"	"CATSGTGGYNEQFF"	"TCRBV24-1*1"	"TCRBD1-1*1"	"TCRBJ2-1*1"	-1	52	-1	62	53	63	NA	NA	"CTAGAGTCTGCCATCCCCAACCAGACAGCTCTTTACTTCTGTGCCACCAGTGGGACAGGGGGCTACAATGAGCAGTTCTTCGGGCCA"	FALSE	TRUE	NA	NA	NA	NA
"CACAGAGCAGCGGGACTCGGCCATGTATCGCTGTGCCAGCAGCTGAGTGGCCCTGCGGAGGGGTGTCCTGAAGCTTTCTTTGGACAA"	""	"CACAGAGCAGCGGGACTCGGCCATGTATCGCTGTGCCAGCAGCTGAGTGGCCCTGCGGAGGGGTGTCCTGAAGCTTTCTTTGGACAA"	""	"TCRBV7-6*1"	"TCRBD2-1*2"	"TCRBJ1-1*1"	44	56	62	67	12	5	NA	NA	"CACAGAGCAGCGGGACTCGGCCATGTATCGCTGTGCCAGCAGCTGAGTGGCCCTGCGGAGGGGTGTCCTGAAGCTTTCTTTGGACAA"	FALSE	FALSE	NA	NA	NA	NA
"ACCCTGGAGTCTGCCAGGCCCTCACATACCTCTCAGTACCTCTGTGCCAACTCCTCTTAGACAGGCTACGAGCAGTACTTCGGGCCG"	"CANSS*TGYEQYF"	"ACCCTGGAGTCTGCCAGGCCCTCACATACCTCTCAGTACCTCTGTGCCAACTCCTCTTAGACAGGCTACGAGCAGTACTTCGGGCCG"	"CANSS*TGYEQYF"	"TCRBV25-1*1"	"TCRBD1-1*1"	"TCRBJ2-7*1"	49	59	-1	65	10	66	NA	NA	"ACCCTGGAGTCTGCCAGGCCCTCACATACCTCTCAGTACCTCTGTGCCAACTCCTCTTAGACAGGCTACGAGCAGTACTTCGGGCCG"	FALSE	TRUE	NA	NA	NA	NA
"GCCATCCCCAACCAGACAGCTCTTTACTTCTGTGCCACCAGTGACACTTCTAGCAGGAGCTCCTACAATGAGCAGTTCTTCGGGCCA"	"CATSDTSSRSSYNEQFF"	"GCCATCCCCAACCAGACAGCTCTTTACTTCTGTGCCACCAGTGACACTTCTAGCAGGAGCTCCTACAATGAGCAGTTCTTCGGGCCA"	"CATSDTSSRSSYNEQFF"	"TCRBV24-1*1"	"TCRBD2-1"	"TCRBJ2-1*1"	44	49	54	59	5	5	NA	NA	"GCCATCCCCAACCAGACAGCTCTTTACTTCTGTGCCACCAGTGACACTTCTAGCAGGAGCTCCTACAATGAGCAGTTCTTCGGGCCA"	FALSE	TRUE	NA	NA	NA	NA
"ATCCTGGAGTCGCCCAGCCCCAACCAGACCTCTCTGTACTTCTGTGCCAGCAGTCGATTTAGCGGTAATGAGCAGTTCTTCGGGCCA"	"CASSRFSGNEQFF"	"ATCCTGGAGTCGCCCAGCCCCAACCAGACCTCTCTGTACTTCTGTGCCAGCAGTCGATTTAGCGGTAATGAGCAGTTCTTCGGGCCA"	"CASSRFSGNEQFF"	"TCRBV27-1*1"	"TCRBD2-1"	"TCRBJ2-1*1"	54	59	65	66	5	1	NA	NA	"ATCCTGGAGTCGCCCAGCCCCAACCAGACCTCTCTGTACTTCTGTGCCAGCAGTCGATTTAGCGGTAATGAGCAGTTCTTCGGGCCA"	FALSE	TRUE	NA	NA	NA	NA
"CTTGAGGACTCGGCCGTGTATCTCTGTGCCAGCAGCCCCCACCCTCGTCCCACTAGCGGGGAGACGCATGAGCAGTTCTTCGGGCCA"	"CASSPHPRPTSGETHEQFF"	"CTTGAGGACTCGGCCGTGTATCTCTGTGCCAGCAGCCCCCACCCTCGTCCCACTAGCGGGGAGACGCATGAGCAGTTCTTCGGGCCA"	"CASSPHPRPTSGETHEQFF"	"TCRBV11-2"	"TCRBD2-1*1"	"TCRBJ2-1*1"	36	51	61	67	15	6	NA	NA	"CTTGAGGACTCGGCCGTGTATCTCTGTGCCAGCAGCCCCCACCCTCGTCCCACTAGCGGGGAGACGCATGAGCAGTTCTTCGGGCCA"	FALSE	TRUE	NA	NA	NA	NA
"CAGCGCACAGAGCGGGGGGACTCAGCCGTGTATCTCTGTGCCAGCAGCTTATTTGGGGAAGTCACCGGGGAGCTGTTTTTTGGAGAA"	"CASSLFGEVTGELFF"	"CAGCGCACAGAGCGGGGGGACTCAGCCGTGTATCTCTGTGCCAGCAGCTTATTTGGGGAAGTCACCGGGGAGCTGTTTTTTGGAGAA"	"CASSLFGEVTGELFF"	"TCRBV7-3*1"	NA	"TCRBJ2-2*1"	51	55	59	62	4	3	NA	NA	"CAGCGCACAGAGCGGGGGGACTCAGCCGTGTATCTCTGTGCCAGCAGCTTATTTGGGGAAGTCACCGGGGAGCTGTTTTTTGGAGAA"	FALSE	TRUE	NA	NA	NA	NA
"AACGCCTTGTTGCTGGGGGACTCGGCCCTCTATCTCTGTGCCAGCAGCTTGGTGGCCAAAGCTAACTATGGCTACACCTTCGGTTCG"	"CASSLVAKANYGYTF"	"AACGCCTTGTTGCTGGGGGACTCGGCCCTCTATCTCTGTGCCAGCAGCTTGGTGGCCAAAGCTAACTATGGCTACACCTTCGGTTCG"	"CASSLVAKANYGYTF"	"TCRBV5-6*1"	"TCRBD1-1*1"	"TCRBJ1-2*1"	52	53	56	61	1	5	NA	NA	"AACGCCTTGTTGCTGGGGGACTCGGCCCTCTATCTCTGTGCCAGCAGCTTGGTGGCCAAAGCTAACTATGGCTACACCTTCGGTTCG"	FALSE	TRUE	NA	NA	NA	NA
"NTGTCGGCTGCTCCCTCCCAGACATCTGTGTACTTCTGTGCCAGCAGTTACTCGATCGGGCAGTCCTACGAGCAGTACTTCGGGCCG"	"CASSYSIGQSYEQYF"	"NTGTCGGCTGCTCCCTCCCAGACATCTGTGTACTTCTGTGCCAGCAGTTACTCGATCGGGCAGTCCTACGAGCAGTACTTCGGGCCG"	"CASSYSIGQSYEQYF"	"TCRBV6-5*1"	NA	"TCRBJ2-7*1"	53	57	61	63	4	2	NA	NA	"NTGTCGGCTGCTCCCTCCCAGACATCTGTGTACTTCTGTGCCAGCAGTTACTCGATCGGGCAGTCCTACGAGCAGTACTTCGGGCCG"	FALSE	TRUE	NA	NA	NA	NA
"GTCGCCCAGCCCCAACCAGACCTCTCTGTACTTCTGTGCCAGCAGATGACAAGGGAGAATAGCAATCAGCCCCAGCATTTTGGTGAT"	""	"GTCGCCCAGCCCCAACCAGACCTCTCTGTACTTCTGTGCCAGCAGATGACAAGGGAGAATAGCAATCAGCCCCAGCATTTTGGTGAT"	""	"TCRBV27-1*1"	"TCRBD2-1*2"	"TCRBJ1-5*1"	45	52	57	59	7	2	NA	NA	"GTCGCCCAGCCCCAACCAGACCTCTCTGTACTTCTGTGCCAGCAGATGACAAGGGAGAATAGCAATCAGCCCCAGCATTTTGGTGAT"	FALSE	FALSE	NA	NA	NA	NA
"CTTGGAGCTGGGGGACTCGGCCCTTTATCTTTGCGCCAGCAGCTCGGACTAGCATCAGATAGGACGGGGGAGCTGTTTTTTGGAGAA"	""	"CTTGGAGCTGGGGGACTCGGCCCTTTATCTTTGCGCCAGCAGCTCGGACTAGCATCAGATAGGACGGGGGAGCTGTTTTTTGGAGAA"	""	"TCRBV5-1*1"	"TCRBD2-1"	"TCRBJ2-2*1"	44	45	53	66	1	13	NA	NA	"CTTGGAGCTGGGGGACTCGGCCCTTTATCTTTGCGCCAGCAGCTCGGACTAGCATCAGATAGGACGGGGGAGCTGTTTTTTGGAGAA"	FALSE	FALSE	NA	NA	NA	NA
"NNNNNNNTGTCGGCTGCTCCCTCCCAGACATCTGTGTACTTCTGTGCCAGCAGCCAGTCGGGGCAAGGTGGCTACACCTTCGGTTCG"	"CASSQSGQGGYTF"	"NNNNNNNTGTCGGCTGCTCCCTCCCAGACATCTGTGTACTTCTGTGCCAGCAGCCAGTCGGGGCAAGGTGGCTACACCTTCGGTTCG"	"CASSQSGQGGYTF"	"TCRBV6-5*1"	NA	"TCRBJ1-2*1"	53	59	64	68	6	4	NA	NA	"NNNNNNNTGTCGGCTGCTCCCTCCCAGACATCTGTGTACTTCTGTGCCAGCAGCCAGTCGGGGCAAGGTGGCTACACCTTCGGTTCG"	FALSE	TRUE	NA	NA	NA	NA
"CTGGAGGATTCTGGAGTTTATTTCTGTGCCAGCAGCCAAGAAGGAAGGATTGTCACAGACTTCTACAATGAGCAGTTCTTCGGGCCA"	"CASSQEGRIVTDFYNEQFF"	"CTGGAGGATTCTGGAGTTTATTTCTGTGCCAGCAGCCAAGAAGGAAGGATTGTCACAGACTTCTACAATGAGCAGTTCTTCGGGCCA"	"CASSQEGRIVTDFYNEQFF"	"TCRBV14-1*1"	NA	"TCRBJ2-1*1"	41	54	58	62	13	4	NA	NA	"CTGGAGGATTCTGGAGTTTATTTCTGTGCCAGCAGCCAAGAAGGAAGGATTGTCACAGACTTCTACAATGAGCAGTTCTTCGGGCCA"	FALSE	TRUE	NA	NA	NA	NA
"CGCACAGAGCGGGGGGACTCAGCCGTGTATCTCTGTGCCAGCAGCTTAGGGCTAGCGGGAGTGGCCGGGGAGCTGTTTTTTGGAGAA"	"CASSLGLAGVAGELFF"	"CGCACAGAGCGGGGGGACTCAGCCGTGTATCTCTGTGCCAGCAGCTTAGGGCTAGCGGGAGTGGCCGGGGAGCTGTTTTTTGGAGAA"	"CASSLGLAGVAGELFF"	"TCRBV7-3*1"	"TCRBD2-1*2"	"TCRBJ2-2*1"	48	51	61	64	3	3	NA	NA	"CGCACAGAGCGGGGGGACTCAGCCGTGTATCTCTGTGCCAGCAGCTTAGGGCTAGCGGGAGTGGCCGGGGAGCTGTTTTTTGGAGAA"	FALSE	TRUE	NA	NA	NA	NA
"CAGCCCTCAGAACCCAGGGACTCAGCTGTGTACTTCTGTGCCAGCAGCGACGACAGGGCGAGCAATCAGCCCCAGCATTTTGGTGAT"	"CASSDDRASNQPQHF"	"CAGCCCTCAGAACCCAGGGACTCAGCTGTGTACTTCTGTGCCAGCAGCGACGACAGGGCGAGCAATCAGCCCCAGCATTTTGGTGAT"	"CASSDDRASNQPQHF"	NA	"TCRBD1-1*1"	"TCRBJ1-5*1"	47	51	58	60	4	2	NA	NA	"CAGCCCTCAGAACCCAGGGACTCAGCTGTGTACTTCTGTGCCAGCAGCGACGACAGGGCGAGCAATCAGCCCCAGCATTTTGGTGAT"	FALSE	TRUE	NA	NA	NA	NA
"CACATCAATTCCCTGGAGCTTGGTGACTCTGCTGTGTATTTCTGTGCCAGCAGCCAAAAACGGAACACTGAAGCTTTCTTTGGACAA"	"CASSQKRNTEAFF"	"CACATCAATTCCCTGGAGCTTGGTGACTCTGCTGTGTATTTCTGTGCCAGCAGCCAAAAACGGAACACTGAAGCTTTCTTTGGACAA"	"CASSQKRNTEAFF"	"TCRBV3-1/3-2*1"	NA	"TCRBJ1-1*1"	57	59	61	62	2	1	NA	NA	"CACATCAATTCCCTGGAGCTTGGTGACTCTGCTGTGTATTTCTGTGCCAGCAGCCAAAAACGGAACACTGAAGCTTTCTTTGGACAA"	FALSE	TRUE	NA	NA	NA	NA
"CTTCACATCAATTCCCTGGAGCTTGGTGACTCTGCTGTGTATTTCTGTGCCAGCAGCCTTGAGTCTTACGAGCAGTACTTCGGGCCG"	"CASSLESYEQYF"	"CTTCACATCAATTCCCTGGAGCTTGGTGACTCTGCTGTGTATTTCTGTGCCAGCAGCCTTGAGTCTTACGAGCAGTACTTCGGGCCG"	"CASSLESYEQYF"	"TCRBV3-1/3-2*1"	"TCRBD2-1*2"	"TCRBJ2-7*1"	58	60	63	66	2	3	NA	NA	"CTTCACATCAATTCCCTGGAGCTTGGTGACTCTGCTGTGTATTTCTGTGCCAGCAGCCTTGAGTCTTACGAGCAGTACTTCGGGCCG"	FALSE	TRUE	NA	NA	NA	NA
"CTTCACCTACACGCCCTGCAGCCAGAAGACTCAGCCCTGTATCTCTGCGCCAGCAGCGAAACGGGATTTGAGCAGTTCTTCGGGCCA"	"CASSETGFEQFF"	"CTTCACCTACACGCCCTGCAGCCAGAAGACTCAGCCCTGTATCTCTGCGCCAGCAGCGAAACGGGATTTGAGCAGTTCTTCGGGCCA"	"CASSETGFEQFF"	"TCRBV4-1*1"	"TCRBD2-1*2"	"TCRBJ2-1*1"	57	61	66	68	4	2	NA	NA	"CTTCACCTACACGCCCTGCAGCCAGAAGACTCAGCCCTGTATCTCTGCGCCAGCAGCGAAACGGGATTTGAGCAGTTCTTCGGGCCA"	FALSE	TRUE	NA	NA	NA	NA
"NNNNNNNNNNTGTCGGCTGCTCCCTCCCAGACATCTGTGTACTTCTGTGCCAGCAGTGAAGCGGGAGAAAAACTGTTTTTTGGCAGT"	"CASSEAGEKLFF"	"NNNNNNNNNNTGTCGGCTGCTCCCTCCCAGACATCTGTGTACTTCTGTGCCAGCAGTGAAGCGGGAGAAAAACTGTTTTTTGGCAGT"	"CASSEAGEKLFF"	"TCRBV6-1*1"	NA	"TCRBJ1-4*1"	-1	62	-1	66	63	67	NA	NA	"NNNNNNNNNNTGTCGGCTGCTCCCTCCCAGACATCTGTGTACTTCTGTGCCAGCAGTGAAGCGGGAGAAAAACTGTTTTTTGGCAGT"	FALSE	TRUE	NA	NA	NA	NA
"ACATCGGCCCAAAAGAACCCGACAGCTTTCTATCTCTGTGCCAGTAGTATGGCAGGGGTGGGCAATCAGCCCCAGCATTTTGGTGAT"	"CASSMAGVGNQPQHF"	"ACATCGGCCCAAAAGAACCCGACAGCTTTCTATCTCTGTGCCAGTAGTATGGCAGGGGTGGGCAATCAGCCCCAGCATTTTGGTGAT"	"CASSMAGVGNQPQHF"	"TCRBV19-1*1"	"TCRBD1-1*1"	"TCRBJ1-5*1"	50	52	58	61	2	3	NA	NA	"ACATCGGCCCAAAAGAACCCGACAGCTTTCTATCTCTGTGCCAGTAGTATGGCAGGGGTGGGCAATCAGCCCCAGCATTTTGGTGAT"	FALSE	TRUE	NA	NA	NA	NA
"AGTTCTAAGAAGCTCCTTCTCAGTGACTCTGGCTTCTATCTCTGTGCCTGGAGTGGGGGTAGGAACTACGAGCAGTACTTCGGGCCG"	"CAWSGGRNYEQYF"	"AGTTCTAAGAAGCTCCTTCTCAGTGACTCTGGCTTCTATCTCTGTGCCTGGAGTGGGGGTAGGAACTACGAGCAGTACTTCGGGCCG"	"CAWSGGRNYEQYF"	"TCRBV3-1*1"	NA	"TCRBJ2-7*1"	-1	55	59	65	56	6	NA	NA	"AGTTCTAAGAAGCTCCTTCTCAGTGACTCTGGCTTCTATCTCTGTGCCTGGAGTGGGGGTAGGAACTACGAGCAGTACTTCGGGCCG"	FALSE	TRUE	NA	NA	NA	NA
"ACTGTGACATCGGCCCAAAAGAACCCGACAGCTTTCTATCTCTGTGCCAGTAGTTTCGGGGTTTCTCAGCCCCAGCATTTTGGTGAT"	"CASSFGVSQPQHF"	"ACTGTGACATCGGCCCAAAAGAACCCGACAGCTTTCTATCTCTGTGCCAGTAGTTTCGGGGTTTCTCAGCCCCAGCATTTTGGTGAT"	"CASSFGVSQPQHF"	"TCRBV19-1*1"	"TCRBD2-1*1"	"TCRBJ1-5*1"	54	56	61	65	2	4	NA	NA	"ACTGTGACATCGGCCCAAAAGAACCCGACAGCTTTCTATCTCTGTGCCAGTAGTTTCGGGGTTTCTCAGCCCCAGCATTTTGGTGAT"	FALSE	TRUE	NA	NA	NA	NA
"CCCTCAGAACCCAGGGACTCAGCTGTGTACTTCTGTGCCAGCCGAATGACTAGCGGAGATGTCACAGATACGCAGTATTTTGGCCCA"	"CASRMTSGDVTDTQYF"	"CCCTCAGAACCCAGGGACTCAGCTGTGTACTTCTGTGCCAGCCGAATGACTAGCGGAGATGTCACAGATACGCAGTATTTTGGCCCA"	"CASRMTSGDVTDTQYF"	NA	"TCRBD2-1"	"TCRBJ2-3*1"	42	47	56	62	5	6	NA	NA	"CCCTCAGAACCCAGGGACTCAGCTGTGTACTTCTGTGCCAGCCGAATGACTAGCGGAGATGTCACAGATACGCAGTATTTTGGCCCA"	FALSE	TRUE	NA	NA	NA	NA
"GAGTCTGCCATCCCCAACCAGACAGCTCTTTACTTCTGTGCCACCAGTGGGACCAACAGGGGTTCTTTGACCCAGTACTTCGGGCCA"	"CATSGTNRGSLTQYF"	"GAGTCTGCCATCCCCAACCAGACAGCTCTTTACTTCTGTGCCACCAGTGGGACCAACAGGGGTTCTTTGACCCAGTACTTCGGGCCA"	"CATSGTNRGSLTQYF"	"TCRBV24-1*1"	"TCRBD1-1*1"	"TCRBJ2-5*1"	49	55	62	68	6	6	NA	NA	"GAGTCTGCCATCCCCAACCAGACAGCTCTTTACTTCTGTGCCACCAGTGGGACCAACAGGGGTTCTTTGACCCAGTACTTCGGGCCA"	FALSE	TRUE	NA	NA	NA	NA
"TCGGCCCAAAAGAACCCGACAGCTTTCTATCTCTGTGCCAGTACCCCCGACTCTAGCCTCTCCTACAATGAGCAGTTCTTCGGGCCA"	"CASTPDSSLSYNEQFF"	"TCGGCCCAAAAGAACCCGACAGCTTTCTATCTCTGTGCCAGTACCCCCGACTCTAGCCTCTCCTACAATGAGCAGTTCTTCGGGCCA"	"CASTPDSSLSYNEQFF"	"TCRBV19-1*1"	"TCRBD2-1"	"TCRBJ2-1*1"	43	52	57	59	9	2	NA	NA	"TCGGCCCAAAAGAACCCGACAGCTTTCTATCTCTGTGCCAGTACCCCCGACTCTAGCCTCTCCTACAATGAGCAGTTCTTCGGGCCA"	FALSE	TRUE	NA	NA	NA	NA
"AATTCCCTGGAGCTTGGTGACTCTGCTGTGTATTTCTGTGCCAGCAGCCGCTCGGACAGGGGGTGGGAGACCCAGTACTTCGGGCCA"	"CASSRSDRGWETQYF"	"AATTCCCTGGAGCTTGGTGACTCTGCTGTGTATTTCTGTGCCAGCAGCCGCTCGGACAGGGGGTGGGAGACCCAGTACTTCGGGCCA"	"CASSRSDRGWETQYF"	"TCRBV3-1/3-2*1"	"TCRBD1-1*1"	"TCRBJ2-5*1"	49	53	63	66	4	3	NA	NA	"AATTCCCTGGAGCTTGGTGACTCTGCTGTGTATTTCTGTGCCAGCAGCCGCTCGGACAGGGGGTGGGAGACCCAGTACTTCGGGCCA"	FALSE	TRUE	NA	NA	NA	NA
"ACTCTGGAGTCCGCTACCAGCTCCCAGACATCTGTGTACTTCTGTGCCATCAGTGAGGCAGGGGGCACTGAAGCTTTCTTTGGACAA"	"CAISEAGGTEAFF"	"ACTCTGGAGTCCGCTACCAGCTCCCAGACATCTGTGTACTTCTGTGCCATCAGTGAGGCAGGGGGCACTGAAGCTTTCTTTGGACAA"	"CAISEAGGTEAFF"	"TCRBV1-3*1"	"TCRBD1-1*1"	"TCRBJ1-1*1"	57	58	-1	65	1	66	NA	NA	"ACTCTGGAGTCCGCTACCAGCTCCCAGACATCTGTGTACTTCTGTGCCATCAGTGAGGCAGGGGGCACTGAAGCTTTCTTTGGACAA"	FALSE	TRUE	NA	NA	NA	NA
"GAGTCCGCCAGCACCAACCAGACATCTATGTACCTCTGTGCCAGCAGACCCGGGACAGGGGGCGACTATGGCTACACCTTCGGTTCG"	"CASRPGTGGDYGYTF"	"GAGTCCGCCAGCACCAACCAGACATCTATGTACCTCTGTGCCAGCAGACCCGGGACAGGGGGCGACTATGGCTACACCTTCGGTTCG"	"CASRPGTGGDYGYTF"	"TCRBV28-1*1"	"TCRBD1-1*1"	"TCRBJ1-2*1"	47	51	63	64	4	1	NA	NA	"GAGTCCGCCAGCACCAACCAGACATCTATGTACCTCTGTGCCAGCAGACCCGGGACAGGGGGCGACTATGGCTACACCTTCGGTTCG"	FALSE	TRUE	NA	NA	NA	NA
"ATCCTGAAGACAGCAGCTTCTACATCTGCAGTGCTAGAGGGCGGGACACGCAACCCTAATAGCAATCAGCCCCAGCATTTTGGTGAT"	""	"ATCCTGAAGACAGCAGCTTCTACATCTGCAGTGCTAGAGGGCGGGACACGCAACCCTAATAGCAATCAGCCCCAGCATTTTGGTGAT"	""	NA	NA	"TCRBJ1-5*1"	39	42	48	59	3	11	NA	NA	"ATCCTGAAGACAGCAGCTTCTACATCTGCAGTGCTAGAGGGCGGGACACGCAACCCTAATAGCAATCAGCCCCAGCATTTTGGTGAT"	FALSE	FALSE	NA	NA	NA	NA
"AGCGGGACTCGGCCATGTATCGCTGTGCCAGCAGCTTATTTCCGGACTAGCGGGAGATGGGGCACCGGGGAGCTGTTTTTTGGAGAA"	""	"AGCGGGACTCGGCCATGTATCGCTGTGCCAGCAGCTTATTTCCGGACTAGCGGGAGATGGGGCACCGGGGAGCTGTTTTTTGGAGAA"	""	"TCRBV7-6*1"	"TCRBD2-1*2"	"TCRBJ2-2*1"	38	43	56	62	5	6	NA	NA	"AGCGGGACTCGGCCATGTATCGCTGTGCCAGCAGCTTATTTCCGGACTAGCGGGAGATGGGGCACCGGGGAGCTGTTTTTTGGAGAA"	FALSE	FALSE	NA	NA	NA	NA
"ATCCAGCCTGCAAAGCTTGAGGACTCGGCCGTGTATCTCTGTGCCAGCAGCTTCCGGGACCAAAACAATGAGCAGTTCTTCGGGCCA"	"CASSFRDQNNEQFF"	"ATCCAGCCTGCAAAGCTTGAGGACTCGGCCGTGTATCTCTGTGCCAGCAGCTTCCGGGACCAAAACAATGAGCAGTTCTTCGGGCCA"	"CASSFRDQNNEQFF"	"TCRBV11-2*1"	NA	"TCRBJ2-1*1"	53	55	60	64	2	4	NA	NA	"ATCCAGCCTGCAAAGCTTGAGGACTCGGCCGTGTATCTCTGTGCCAGCAGCTTCCGGGACCAAAACAATGAGCAGTTCTTCGGGCCA"	FALSE	TRUE	NA	NA	NA	NA
"ATCCAGCCTGCAGAGCTTGGGGACTCGGCCGTGTATCTCTGTGCCAGCGGTTGGGCAGGCCGCACAGATACGCAGTATTTTGGCCCA"	"CASGWAGRTDTQYF"	"ATCCAGCCTGCAGAGCTTGGGGACTCGGCCGTGTATCTCTGTGCCAGCGGTTGGGCAGGCCGCACAGATACGCAGTATTTTGGCCCA"	"CASGWAGRTDTQYF"	"TCRBV11-3*1"	"TCRBD1-1*1"	"TCRBJ2-3*1"	48	55	59	61	7	2	NA	NA	"ATCCAGCCTGCAGAGCTTGGGGACTCGGCCGTGTATCTCTGTGCCAGCGGTTGGGCAGGCCGCACAGATACGCAGTATTTTGGCCCA"	FALSE	TRUE	NA	NA	NA	NA
"GAGCTGAATGTGAACGCCTTGTTGCTGGGGGACTCGGCCCTCTATCTCTGTGCCAGCAGCTTGGCTGAGACCCAGTACTTCGGGCCA"	"CASSLAETQYF"	"GAGCTGAATGTGAACGCCTTGTTGCTGGGGGACTCGGCCCTCTATCTCTGTGCCAGCAGCTTGGCTGAGACCCAGTACTTCGGGCCA"	"CASSLAETQYF"	"TCRBV5-6*1"	"TCRBD2-1"	"TCRBJ2-5*1"	-1	64	-1	66	65	67	NA	NA	"GAGCTGAATGTGAACGCCTTGTTGCTGGGGGACTCGGCCCTCTATCTCTGTGCCAGCAGCTTGGCTGAGACCCAGTACTTCGGGCCA"	FALSE	TRUE	NA	NA	NA	NA
"ACCTTGGAGCTGGGGGACTCGGCCCTTTATCTTTGCGCCAGCAGCCTTACGGGAACAGAGAATGGAAACACCATATATTTTGGAGAG"	"CASSLTGTENGNTIYF"	"ACCTTGGAGCTGGGGGACTCGGCCCTTTATCTTTGCGCCAGCAGCCTTACGGGAACAGAGAATGGAAACACCATATATTTTGGAGAG"	"CASSLTGTENGNTIYF"	"TCRBV5-1*1"	"TCRBD2-1*2"	"TCRBJ1-3*1"	45	49	54	62	4	8	NA	NA	"ACCTTGGAGCTGGGGGACTCGGCCCTTTATCTTTGCGCCAGCAGCCTTACGGGAACAGAGAATGGAAACACCATATATTTTGGAGAG"	FALSE	TRUE	NA	NA	NA	NA
"GAAGCTCCTTCTCAGTGACTCTGGCTTCTATCTCTGTGCCTGGGGAAAAACGGGACAGGGTTCGTTAACACCATATATTTTGGAGAG"	""	"GAAGCTCCTTCTCAGTGACTCTGGCTTCTATCTCTGTGCCTGGGGAAAAACGGGACAGGGTTCGTTAACACCATATATTTTGGAGAG"	""	"TCRBV3-1*5"	"TCRBD1-1*1"	"TCRBJ1-3*1"	46	51	60	66	5	6	NA	NA	"GAAGCTCCTTCTCAGTGACTCTGGCTTCTATCTCTGTGCCTGGGGAAAAACGGGACAGGGTTCGTTAACACCATATATTTTGGAGAG"	FALSE	FALSE	NA	NA	NA	NA
"GGGGACTCGGCCATGTATCTCTGTGCCAGCAGCTTAGCGAGGGGACAGGGCTCAAACTACCCTTCCTACGAGCAGTACTTCGGGCCG"	"CASSLARGQGSNYPSYEQYF"	"GGGGACTCGGCCATGTATCTCTGTGCCAGCAGCTTAGCGAGGGGACAGGGCTCAAACTACCCTTCCTACGAGCAGTACTTCGGGCCG"	"CASSLARGQGSNYPSYEQYF"	NA	"TCRBD1-1*1"	"TCRBJ2-7*1"	38	41	50	63	3	13	NA	NA	"GGGGACTCGGCCATGTATCTCTGTGCCAGCAGCTTAGCGAGGGGACAGGGCTCAAACTACCCTTCCTACGAGCAGTACTTCGGGCCG"	FALSE	TRUE	NA	NA	NA	NA
"AAGATCCAGCCCTCAGAACCCAGGGACTCAGCTGTGTACTTCTGTGCCAGCAGTTGGGGAGGGGACACTGAAGCTTTCTTTGGACAA"	"CASSWGGDTEAFF"	"AAGATCCAGCCCTCAGAACCCAGGGACTCAGCTGTGTACTTCTGTGCCAGCAGTTGGGGAGGGGACACTGAAGCTTTCTTTGGACAA"	"CASSWGGDTEAFF"	"TCRBV12-3/12-4*1"	"TCRBD2-1*2"	"TCRBJ1-1*1"	55	56	63	64	1	1	NA	NA	"AAGATCCAGCCCTCAGAACCCAGGGACTCAGCTGTGTACTTCTGTGCCAGCAGTTGGGGAGGGGACACTGAAGCTTTCTTTGGACAA"	FALSE	TRUE	NA	NA	NA	NA
"CAGGTAGTGCGAGGAGATTCGGCAGCTTATTTCTGTGCCAGCTCATCGATCACGGGACAGGGCCCGTACGAGCAGTACTTCGGGCCG"	"CASSSITGQGPYEQYF"	"CAGGTAGTGCGAGGAGATTCGGCAGCTTATTTCTGTGCCAGCTCATCGATCACGGGACAGGGCCCGTACGAGCAGTACTTCGGGCCG"	"CASSSITGQGPYEQYF"	"TCRBV18-1*1"	"TCRBD1-1*1"	"TCRBJ2-7*1"	45	53	62	66	8	4	NA	NA	"CAGGTAGTGCGAGGAGATTCGGCAGCTTATTTCTGTGCCAGCTCATCGATCACGGGACAGGGCCCGTACGAGCAGTACTTCGGGCCG"	FALSE	TRUE	NA	NA	NA	NA
"TCGGCTGCTCCCTCCCAGACATCTGTGTACTTCTGTGCCAGCAGTTACGGCGCTAGCCAGAGTCGGGACGAGCAGTACTTCGGGCCG"	"CASSYGASQSRDEQYF"	"TCGGCTGCTCCCTCCCAGACATCTGTGTACTTCTGTGCCAGCAGTTACGGCGCTAGCCAGAGTCGGGACGAGCAGTACTTCGGGCCG"	"CASSYGASQSRDEQYF"	"TCRBV6-5*1"	"TCRBD2-1"	"TCRBJ2-7*1"	48	52	57	67	4	10	NA	NA	"TCGGCTGCTCCCTCCCAGACATCTGTGTACTTCTGTGCCAGCAGTTACGGCGCTAGCCAGAGTCGGGACGAGCAGTACTTCGGGCCG"	FALSE	TRUE	NA	NA	NA	NA
"CACGCCCTGCAGCCAGAAGACTCAGCCCTGTATCTCTGCGCCAGCAGCCAGGATTCCGCAACTAATGAAAAACTGTTTTTTGGCAGT"	"CASSQDSATNEKLFF"	"CACGCCCTGCAGCCAGAAGACTCAGCCCTGTATCTCTGCGCCAGCAGCCAGGATTCCGCAACTAATGAAAAACTGTTTTTTGGCAGT"	"CASSQDSATNEKLFF"	"TCRBV4-1*1"	NA	"TCRBJ1-4*1"	-1	50	53	58	51	5	NA	NA	"CACGCCCTGCAGCCAGAAGACTCAGCCCTGTATCTCTGCGCCAGCAGCCAGGATTCCGCAACTAATGAAAAACTGTTTTTTGGCAGT"	FALSE	TRUE	NA	NA	NA	NA
"ATCCAGCGCACAGAGCAGGGGGACTCGGCCATGTATCTCTGTGCCAGCAGCTTAATAACCCTCCCCAATGAGCAGTTCTTCGGGCCA"	"CASSLITLPNEQFF"	"ATCCAGCGCACAGAGCAGGGGGACTCGGCCATGTATCTCTGTGCCAGCAGCTTAATAACCCTCCCCAATGAGCAGTTCTTCGGGCCA"	"CASSLITLPNEQFF"	"TCRBV7-9*1"	NA	"TCRBJ2-1*1"	54	57	59	65	3	6	NA	NA	"ATCCAGCGCACAGAGCAGGGGGACTCGGCCATGTATCTCTGTGCCAGCAGCTTAATAACCCTCCCCAATGAGCAGTTCTTCGGGCCA"	FALSE	TRUE	NA	NA	NA	NA
"ACTGTGAGCAACATGAGCCCTGAAGACAGCAGCATATATCTCTGCAGCGTTCGACAGGGGCAGGAGTACGAGCAGTACTTCGGGCCG"	"CSVRQGQEYEQYF"	"ACTGTGAGCAACATGAGCCCTGAAGACAGCAGCATATATCTCTGCAGCGTTCGACAGGGGCAGGAGTACGAGCAGTACTTCGGGCCG"	"CSVRQGQEYEQYF"	"TCRBV29-1"	"TCRBD1-1*1"	"TCRBJ2-7*1"	51	52	60	66	1	6	NA	NA	"ACTGTGAGCAACATGAGCCCTGAAGACAGCAGCATATATCTCTGCAGCGTTCGACAGGGGCAGGAGTACGAGCAGTACTTCGGGCCG"	FALSE	TRUE	NA	NA	NA	NA
"GCACCTTGGAGCTGGGGGACTCGGCCCTTTATCTTTGCGCCAGCAGAGCCGCCACTTCGTATCTGTGATACGCAGTATTTTGGCCCA"	""	"GCACCTTGGAGCTGGGGGACTCGGCCCTTTATCTTTGCGCCAGCAGAGCCGCCACTTCGTATCTGTGATACGCAGTATTTTGGCCCA"	""	"TCRBV5-1*1"	"TCRBD2-1"	"TCRBJ2-3*1"	46	53	56	66	7	10	NA	NA	"GCACCTTGGAGCTGGGGGACTCGGCCCTTTATCTTTGCGCCAGCAGAGCCGCCACTTCGTATCTGTGATACGCAGTATTTTGGCCCA"	FALSE	FALSE	NA	NA	NA	NA
"AGCACCTTGGAGCTGGGGGACTCGGCCCTTTATCTTTGCGCCAGCAACCCAGCGGGAGGGAGCACAGATACGCAGTATTTTGGCCCA"	"CASNPAGGSTDTQYF"	"AGCACCTTGGAGCTGGGGGACTCGGCCCTTTATCTTTGCGCCAGCAACCCAGCGGGAGGGAGCACAGATACGCAGTATTTTGGCCCA"	"CASNPAGGSTDTQYF"	"TCRBV5-1*1"	"TCRBD2-1*2"	"TCRBJ2-3*1"	46	50	-1	60	4	61	NA	NA	"AGCACCTTGGAGCTGGGGGACTCGGCCCTTTATCTTTGCGCCAGCAACCCAGCGGGAGGGAGCACAGATACGCAGTATTTTGGCCCA"	FALSE	TRUE	NA	NA	NA	NA
"GGAGTCGCCCAGCCCCAACCAGACCTCTCTGTACTTCTGTGCCAGCAGTCTCGACAGGGGAGCAATCAGCCCCAGCATTTTGGTGAT"	""	"GGAGTCGCCCAGCCCCAACCAGACCTCTCTGTACTTCTGTGCCAGCAGTCTCGACAGGGGAGCAATCAGCCCCAGCATTTTGGTGAT"	""	"TCRBV27-1*1"	"TCRBD1-1*1"	"TCRBJ1-5*1"	49	52	-1	60	3	61	NA	NA	"GGAGTCGCCCAGCCCCAACCAGACCTCTCTGTACTTCTGTGCCAGCAGTCTCGACAGGGGAGCAATCAGCCCCAGCATTTTGGTGAT"	FALSE	FALSE	NA	NA	NA	NA
"ATGAATGTGAGCACCTTGGAGCTGGGGGACTCGGCCCTTTATCTTTGCGCCAGCAGCTACGACCCCTACGAGCAGTACTTCGGGCCG"	"CASSYDPYEQYF"	"ATGAATGTGAGCACCTTGGAGCTGGGGGACTCGGCCCTTTATCTTTGCGCCAGCAGCTACGACCCCTACGAGCAGTACTTCGGGCCG"	"CASSYDPYEQYF"	"TCRBV5-1*1"	NA	"TCRBJ2-7*1"	58	60	63	64	2	1	NA	NA	"ATGAATGTGAGCACCTTGGAGCTGGGGGACTCGGCCCTTTATCTTTGCGCCAGCAGCTACGACCCCTACGAGCAGTACTTCGGGCCG"	FALSE	TRUE	NA	NA	NA	NA
"CAGTGCCCATCCTGAAGACAGCAGCTTCTACATCTGCAGTGCTTAAAGGGGGGATACCATCGAGGCGGGGAGCTGTTTTTTGGAGAA"	""	"CAGTGCCCATCCTGAAGACAGCAGCTTCTACATCTGCAGTGCTTAAAGGGGGGATACCATCGAGGCGGGGAGCTGTTTTTTGGAGAA"	""	NA	NA	"TCRBJ2-2*1"	43	46	52	65	3	13	NA	NA	"CAGTGCCCATCCTGAAGACAGCAGCTTCTACATCTGCAGTGCTTAAAGGGGGGATACCATCGAGGCGGGGAGCTGTTTTTTGGAGAA"	FALSE	FALSE	NA	NA	NA	NA
"AGCACCTTGGAGCTGGGGGACTCGGCCCTTTATCTTTGCGCCAGCAGCCAAGACAGGGGCTCTGGAAACACCATATATTTTGGAGAG"	"CASSQDRGSGNTIYF"	"AGCACCTTGGAGCTGGGGGACTCGGCCCTTTATCTTTGCGCCAGCAGCCAAGACAGGGGCTCTGGAAACACCATATATTTTGGAGAG"	"CASSQDRGSGNTIYF"	"TCRBV5-1*1"	"TCRBD1-1*1"	"TCRBJ1-3*1"	48	51	-1	59	3	60	NA	NA	"AGCACCTTGGAGCTGGGGGACTCGGCCCTTTATCTTTGCGCCAGCAGCCAAGACAGGGGCTCTGGAAACACCATATATTTTGGAGAG"	FALSE	TRUE	NA	NA	NA	NA
"CCCAGCCCCAACCAGACCTCTCTGTACTTCTGTGCCAGCAGTTTTCGTACAGGGGGCGCCCTTACCTACGAGCAGTACTTCGGGCCG"	"CASSFRTGGALTYEQYF"	"CCCAGCCCCAACCAGACCTCTCTGTACTTCTGTGCCAGCAGTTTTCGTACAGGGGGCGCCCTTACCTACGAGCAGTACTTCGGGCCG"	"CASSFRTGGALTYEQYF"	"TCRBV27-1*1"	"TCRBD1-1*1"	"TCRBJ2-7*1"	44	48	57	64	4	7	NA	NA	"CCCAGCCCCAACCAGACCTCTCTGTACTTCTGTGCCAGCAGTTTTCGTACAGGGGGCGCCCTTACCTACGAGCAGTACTTCGGGCCG"	FALSE	TRUE	NA	NA	NA	NA
"NTGTCGGCTGCTCCCTCCCAGACATCTGTGTACTTCTGTGCCAGCAGCAAAGAGAACAGGGAGGGTTTTGAAGCTTTCTTTGGACAA"	"CASSKENREGFEAFF"	"NTGTCGGCTGCTCCCTCCCAGACATCTGTGTACTTCTGTGCCAGCAGCAAAGAGAACAGGGAGGGTTTTGAAGCTTTCTTTGGACAA"	"CASSKENREGFEAFF"	"TCRBV6-5*1"	"TCRBD2-1*2"	"TCRBJ1-1*1"	47	58	65	68	11	3	NA	NA	"NTGTCGGCTGCTCCCTCCCAGACATCTGTGTACTTCTGTGCCAGCAGCAAAGAGAACAGGGAGGGTTTTGAAGCTTTCTTTGGACAA"	FALSE	TRUE	NA	NA	NA	NA
"AAGATCCGGTCCACAAAGCTGGAGGACTCAGCCATGTACTTCTGTGCCAGCAGAGCAGCGGGATACAATGAGCAGTTCTTCGGGCCA"	"CASRAAGYNEQFF"	"AAGATCCGGTCCACAAAGCTGGAGGACTCAGCCATGTACTTCTGTGCCAGCAGAGCAGCGGGATACAATGAGCAGTTCTTCGGGCCA"	"CASRAAGYNEQFF"	"TCRBV2-1"	"TCRBD2-1*2"	"TCRBJ2-1*1"	53	56	-1	63	3	64	NA	NA	"AAGATCCGGTCCACAAAGCTGGAGGACTCAGCCATGTACTTCTGTGCCAGCAGAGCAGCGGGATACAATGAGCAGTTCTTCGGGCCA"	FALSE	TRUE	NA	NA	NA	NA
"AGCTCTCTGGAGCTGGGGGACTCAGCTTTGTATTTCTGTGCCAGCAGCCAGGGACAGGGTAGGAACTATGGCTACACCTTCGGTTCG"	"CASSQGQGRNYGYTF"	"AGCTCTCTGGAGCTGGGGGACTCAGCTTTGTATTTCTGTGCCAGCAGCCAGGGACAGGGTAGGAACTATGGCTACACCTTCGGTTCG"	"CASSQGQGRNYGYTF"	"TCRBV9-1*1"	"TCRBD1-1*1"	"TCRBJ1-2*1"	48	50	59	63	2	4	NA	NA	"AGCTCTCTGGAGCTGGGGGACTCAGCTTTGTATTTCTGTGCCAGCAGCCAGGGACAGGGTAGGAACTATGGCTACACCTTCGGTTCG"	FALSE	TRUE	NA	NA	NA	NA
"NNNNTGTCGGCTGCTCCCTCCCAAACATCTGTGTACTTCTGTGCCAGCAGATCCACTAGGACACCCTACGAGCAGTACTTCGGGCCG"	"CASRSTRTPYEQYF"	"NNNNTGTCGGCTGCTCCCTCCCAAACATCTGTGTACTTCTGTGCCAGCAGATCCACTAGGACACCCTACGAGCAGTACTTCGGGCCG"	"CASRSTRTPYEQYF"	NA	NA	"TCRBJ2-7*1"	50	58	63	64	8	1	NA	NA	"NNNNTGTCGGCTGCTCCCTCCCAAACATCTGTGTACTTCTGTGCCAGCAGATCCACTAGGACACCCTACGAGCAGTACTTCGGGCCG"	FALSE	TRUE	NA	NA	NA	NA
"GCGTCTGCTGTACCCTCTCAGACATCTGTGTACTTCTGTGCCAGCAGTGACCGGAGCTCTGGGGCCAACGTCCTGACTTTCGGGGCC"	"CASSDRSSGANVLTF"	"GCGTCTGCTGTACCCTCTCAGACATCTGTGTACTTCTGTGCCAGCAGTGACCGGAGCTCTGGGGCCAACGTCCTGACTTTCGGGGCC"	"CASSDRSSGANVLTF"	"TCRBV6-4*1"	"TCRBD2-1*2"	"TCRBJ2-6*1"	51	52	-1	56	1	57	NA	NA	"GCGTCTGCTGTACCCTCTCAGACATCTGTGTACTTCTGTGCCAGCAGTGACCGGAGCTCTGGGGCCAACGTCCTGACTTTCGGGGCC"	FALSE	TRUE	NA	NA	NA	NA
"CAGCCCTCAGAACCCAGGGACTCAGCTGTGTACTTCTGTGCCAGCAGTCGGACGTCTCACAGGTACAATGAGCAGTTCTTCGGGCCA"	"CASSRTSHRYNEQFF"	"CAGCCCTCAGAACCCAGGGACTCAGCTGTGTACTTCTGTGCCAGCAGTCGGACGTCTCACAGGTACAATGAGCAGTTCTTCGGGCCA"	"CASSRTSHRYNEQFF"	NA	"TCRBD1-1*1"	"TCRBJ2-1*1"	48	58	-1	63	10	64	NA	NA	"CAGCCCTCAGAACCCAGGGACTCAGCTGTGTACTTCTGTGCCAGCAGTCGGACGTCTCACAGGTACAATGAGCAGTTCTTCGGGCCA"	FALSE	TRUE	NA	NA	NA	NA
"TTGGTGACTCTGCTGTGTATTTCTGTGCCGGAAAATAAAGAACAGGGATTTAAGCGGGACCCAACCTACGAGCAGTACTTCGGGCCG"	""	"TTGGTGACTCTGCTGTGTATTTCTGTGCCGGAAAATAAAGAACAGGGATTTAAGCGGGACCCAACCTACGAGCAGTACTTCGGGCCG"	""	"TCRBV3-1/3-2*1"	"TCRBD2-1*2"	"TCRBJ2-7*1"	29	52	59	64	23	5	NA	NA	"TTGGTGACTCTGCTGTGTATTTCTGTGCCGGAAAATAAAGAACAGGGATTTAAGCGGGACCCAACCTACGAGCAGTACTTCGGGCCG"	FALSE	FALSE	NA	NA	NA	NA
"TCCTGGAGTCGCCCAGCCCCAACCAGACCTCTCTGTACTTCTGTGCCAGCAGTTCCAAATAGCCTTTCACCCCTCCACTTTGGGAAT"	""	"TCCTGGAGTCGCCCAGCCCCAACCAGACCTCTCTGTACTTCTGTGCCAGCAGTTCCAAATAGCCTTTCACCCCTCCACTTTGGGAAT"	""	"TCRBV27-1*1"	"TCRBD2-1"	"TCRBJ1-6*1"	54	59	63	65	5	2	NA	NA	"TCCTGGAGTCGCCCAGCCCCAACCAGACCTCTCTGTACTTCTGTGCCAGCAGTTCCAAATAGCCTTTCACCCCTCCACTTTGGGAAT"	FALSE	FALSE	NA	NA	NA	NA
"ATCCTGGAGTCGCCCAGCCCCAACCAGACCTCTCTGTACTTCTGTGCCAGCAGTCGCGGGAGCGACAATGAGCAGTTCTTCGGGCCA"	"CASSRGSDNEQFF"	"ATCCTGGAGTCGCCCAGCCCCAACCAGACCTCTCTGTACTTCTGTGCCAGCAGTCGCGGGAGCGACAATGAGCAGTTCTTCGGGCCA"	"CASSRGSDNEQFF"	"TCRBV27-1*1"	"TCRBD2-1*2"	"TCRBJ2-1*1"	54	55	62	64	1	2	NA	NA	"ATCCTGGAGTCGCCCAGCCCCAACCAGACCTCTCTGTACTTCTGTGCCAGCAGTCGCGGGAGCGACAATGAGCAGTTCTTCGGGCCA"	FALSE	TRUE	NA	NA	NA	NA
"ATCCTGGAGTCGCCCAGCCCCAACCAGACCTCTCTGTACTTCTGTGCCAGCAGAGATCTAAGCTCCTACGAGCAGTACTTCGGGCCG"	"CASRDLSSYEQYF"	"ATCCTGGAGTCGCCCAGCCCCAACCAGACCTCTCTGTACTTCTGTGCCAGCAGAGATCTAAGCTCCTACGAGCAGTACTTCGGGCCG"	"CASRDLSSYEQYF"	"TCRBV27-1*1"	"TCRBD2-1"	"TCRBJ2-7*1"	53	57	60	62	4	2	NA	NA	"ATCCTGGAGTCGCCCAGCCCCAACCAGACCTCTCTGTACTTCTGTGCCAGCAGAGATCTAAGCTCCTACGAGCAGTACTTCGGGCCG"	FALSE	TRUE	NA	NA	NA	NA
"ACCTTGGAGCTGGGGGACTCGGCCCTTTATCTTTGCGCCAGCAGCTCGGGACTAGCGGGGAAAATCTACGAGCAGTACTTCGGGCCG"	"CASSSGLAGKIYEQYF"	"ACCTTGGAGCTGGGGGACTCGGCCCTTTATCTTTGCGCCAGCAGCTCGGGACTAGCGGGGAAAATCTACGAGCAGTACTTCGGGCCG"	"CASSSGLAGKIYEQYF"	"TCRBV5-1*1"	"TCRBD2-1*1"	"TCRBJ2-7*1"	46	47	60	65	1	5	NA	NA	"ACCTTGGAGCTGGGGGACTCGGCCCTTTATCTTTGCGCCAGCAGCTCGGGACTAGCGGGGAAAATCTACGAGCAGTACTTCGGGCCG"	FALSE	TRUE	NA	NA	NA	NA
"AGCTCTCTGGAGCTGGGGGACTCAGCTTTGTATTTCTGTGCCAGCAGCGTAGAAGGGGATCCCACCTACGAGCAGTACTTCGGGCCG"	"CASSVEGDPTYEQYF"	"AGCTCTCTGGAGCTGGGGGACTCAGCTTTGTATTTCTGTGCCAGCAGCGTAGAAGGGGATCCCACCTACGAGCAGTACTTCGGGCCG"	"CASSVEGDPTYEQYF"	"TCRBV9-1*1"	"TCRBD1-1*1"	"TCRBJ2-7*1"	52	53	58	64	1	6	NA	NA	"AGCTCTCTGGAGCTGGGGGACTCAGCTTTGTATTTCTGTGCCAGCAGCGTAGAAGGGGATCCCACCTACGAGCAGTACTTCGGGCCG"	FALSE	TRUE	NA	NA	NA	NA
"GCTCCCTCCCAGACATCTGTATACTTCTGTGCCAGCAGTCCCGTTGCGGGAGGCTCCCCGAACACCGGGGAGCTGTTTTTTGGAGAA"	"CASSPVAGGSPNTGELFF"	"GCTCCCTCCCAGACATCTGTATACTTCTGTGCCAGCAGTCCCGTTGCGGGAGGCTCCCCGAACACCGGGGAGCTGTTTTTTGGAGAA"	"CASSPVAGGSPNTGELFF"	"TCRBV6-9*1"	"TCRBD2-1*2"	"TCRBJ2-2*1"	39	45	53	58	6	5	NA	NA	"GCTCCCTCCCAGACATCTGTATACTTCTGTGCCAGCAGTCCCGTTGCGGGAGGCTCCCCGAACACCGGGGAGCTGTTTTTTGGAGAA"	FALSE	TRUE	NA	NA	NA	NA
"ACTGTGAGCAACATGAGCCCTGAAGACAGCAGCATATATCTCTGCAGCGTGACGGACAGGGGGACCGGGGAGCTGTTTTTTGGAGAA"	"CSVTDRGTGELFF"	"ACTGTGAGCAACATGAGCCCTGAAGACAGCAGCATATATCTCTGCAGCGTGACGGACAGGGGGACCGGGGAGCTGTTTTTTGGAGAA"	"CSVTDRGTGELFF"	"TCRBV29-1"	"TCRBD1-1*1"	"TCRBJ2-2*1"	50	53	-1	63	3	64	NA	NA	"ACTGTGAGCAACATGAGCCCTGAAGACAGCAGCATATATCTCTGCAGCGTGACGGACAGGGGGACCGGGGAGCTGTTTTTTGGAGAA"	FALSE	TRUE	NA	NA	NA	NA
"ACCCTGCAGCCAGAAGACTCGGCCCTGTATCTCTGTGCCAGCAGACAAGGTACTAGCGGGCACCAAGAGACCCAGTACTTCGGGCCA"	"CASRQGTSGHQETQYF"	"ACCCTGCAGCCAGAAGACTCGGCCCTGTATCTCTGTGCCAGCAGACAAGGTACTAGCGGGCACCAAGAGACCCAGTACTTCGGGCCA"	"CASRQGTSGHQETQYF"	"TCRBV4-2*1"	"TCRBD2-1"	"TCRBJ2-5*1"	49	51	60	61	2	1	NA	NA	"ACCCTGCAGCCAGAAGACTCGGCCCTGTATCTCTGTGCCAGCAGACAAGGTACTAGCGGGCACCAAGAGACCCAGTACTTCGGGCCA"	FALSE	TRUE	NA	NA	NA	NA
"CGCACAGAGCAGGAGGACTCGGCCGTGTATCTCTGTGCCAGCAGCGCCAGACGTTCCCTCGGCCCAGATACGCAGTATTTTGGCCCA"	"CASSARRSLGPDTQYF"	"CGCACAGAGCAGGAGGACTCGGCCGTGTATCTCTGTGCCAGCAGCGCCAGACGTTCCCTCGGCCCAGATACGCAGTATTTTGGCCCA"	"CASSARRSLGPDTQYF"	"TCRBV7-2"	NA	"TCRBJ2-3*1"	45	49	52	64	4	12	NA	NA	"CGCACAGAGCAGGAGGACTCGGCCGTGTATCTCTGTGCCAGCAGCGCCAGACGTTCCCTCGGCCCAGATACGCAGTATTTTGGCCCA"	FALSE	TRUE	NA	NA	NA	NA
"GCCTTGGAGCTGGACGACTCGGCCCTGTATCTCTGTGCCAGCAGCCGCCCTAGCGGGCGCTCCTACAATGAGCAGTTCTTCGGGCCA"	"CASSRPSGRSYNEQFF"	"GCCTTGGAGCTGGACGACTCGGCCCTGTATCTCTGTGCCAGCAGCCGCCCTAGCGGGCGCTCCTACAATGAGCAGTTCTTCGGGCCA"	"CASSRPSGRSYNEQFF"	"TCRBV5-4*1"	"TCRBD2-1"	"TCRBJ2-1*1"	45	49	57	59	4	2	NA	NA	"GCCTTGGAGCTGGACGACTCGGCCCTGTATCTCTGTGCCAGCAGCCGCCCTAGCGGGCGCTCCTACAATGAGCAGTTCTTCGGGCCA"	FALSE	TRUE	NA	NA	NA	NA
"GCGAGGAGATTCGGCAGCTTATTTCTGTGCCAGCTCACCACCGGGACTAGCGGGGGAAGCTCCTACAATGAGCAGTTCTTCGGGCCA"	""	"GCGAGGAGATTCGGCAGCTTATTTCTGTGCCAGCTCACCACCGGGACTAGCGGGGGAAGCTCCTACAATGAGCAGTTCTTCGGGCCA"	""	"TCRBV18-1*1"	"TCRBD2-1*1"	"TCRBJ2-1*1"	-1	42	56	59	43	3	NA	NA	"GCGAGGAGATTCGGCAGCTTATTTCTGTGCCAGCTCACCACCGGGACTAGCGGGGGAAGCTCCTACAATGAGCAGTTCTTCGGGCCA"	FALSE	FALSE	NA	NA	NA	NA
"NNNNNNNTGTCGGCTGCTCCCTCCCAGACATCTGTGTACTTCTGTGCCAGCAGACCTGGGACAGGGGTCGGCTACACCTTCGGTTCG"	"CASRPGTGVGYTF"	"NNNNNNNTGTCGGCTGCTCCCTCCCAGACATCTGTGTACTTCTGTGCCAGCAGACCTGGGACAGGGGTCGGCTACACCTTCGGTTCG"	"CASRPGTGVGYTF"	"TCRBV6-5*1"	"TCRBD1-1*1"	"TCRBJ1-2*1"	53	57	67	69	4	2	NA	NA	"NNNNNNNTGTCGGCTGCTCCCTCCCAGACATCTGTGTACTTCTGTGCCAGCAGACCTGGGACAGGGGTCGGCTACACCTTCGGTTCG"	FALSE	TRUE	NA	NA	NA	NA
"CAGCCTGCAGAGCTTGGGGACTCGGCCGTGTATCTCTGTGCCAGCAGCTTAGACTAGCGGGAGCCGCGGACCCAGTACTTCGGGCCA"	"CASSLD*REPRTQYF"	"CAGCCTGCAGAGCTTGGGGACTCGGCCGTGTATCTCTGTGCCAGCAGCTTAGACTAGCGGGAGCCGCGGACCCAGTACTTCGGGCCA"	"CASSLD*REPRTQYF"	"TCRBV11-3*1"	"TCRBD2-1*2"	"TCRBJ2-5*1"	-1	53	63	68	54	5	NA	NA	"CAGCCTGCAGAGCTTGGGGACTCGGCCGTGTATCTCTGTGCCAGCAGCTTAGACTAGCGGGAGCCGCGGACCCAGTACTTCGGGCCA"	FALSE	TRUE	NA	NA	NA	NA
"AGCACCTTGGAGCTGGGGGACTCGGCCCTTTATCTTTGCGCCAGCAGCTTGGAAGGGCGCTCCTACAATGAGCAGTTCTTCGGGCCA"	"CASSLEGRSYNEQFF"	"AGCACCTTGGAGCTGGGGGACTCGGCCCTTTATCTTTGCGCCAGCAGCTTGGAAGGGCGCTCCTACAATGAGCAGTTCTTCGGGCCA"	"CASSLEGRSYNEQFF"	"TCRBV5-1*1"	NA	"TCRBJ2-1*1"	52	53	57	59	1	2	NA	NA	"AGCACCTTGGAGCTGGGGGACTCGGCCCTTTATCTTTGCGCCAGCAGCTTGGAAGGGCGCTCCTACAATGAGCAGTTCTTCGGGCCA"	FALSE	TRUE	NA	NA	NA	NA
"GAGTCTGCCATCCCCAACCAGACAGCTCTTTACTTCTGTGCCACCAGTGAGGGGGGGACTAGCGGGATCACGCAGTATTTTGGCCCA"	"CATSEGGTSGITQYF"	"GAGTCTGCCATCCCCAACCAGACAGCTCTTTACTTCTGTGCCACCAGTGAGGGGGGGACTAGCGGGATCACGCAGTATTTTGGCCCA"	"CATSEGGTSGITQYF"	"TCRBV24-1*1"	"TCRBD2-1*2"	"TCRBJ2-3*1"	50	54	67	69	4	2	NA	NA	"GAGTCTGCCATCCCCAACCAGACAGCTCTTTACTTCTGTGCCACCAGTGAGGGGGGGACTAGCGGGATCACGCAGTATTTTGGCCCA"	FALSE	TRUE	NA	NA	NA	NA
"NNNNNNNNNNTGTCGGCTGCTCCCTCCCAAACATCTGTGTACTTCTGTGCCAGCAGTTATCGTACCGGGGAGCTGTTTTTTGGAGAA"	"CASSYRTGELFF"	"NNNNNNNNNNTGTCGGCTGCTCCCTCCCAAACATCTGTGTACTTCTGTGCCAGCAGTTATCGTACCGGGGAGCTGTTTTTTGGAGAA"	"CASSYRTGELFF"	"TCRBV6-2/6-3*1"	"TCRBD2-1"	"TCRBJ2-2*1"	59	60	62	63	1	1	NA	NA	"NNNNNNNNNNTGTCGGCTGCTCCCTCCCAAACATCTGTGTACTTCTGTGCCAGCAGTTATCGTACCGGGGAGCTGTTTTTTGGAGAA"	FALSE	TRUE	NA	NA	NA	NA
"NTGAAGATCCAGCCCTCAGAACCCAGGGACTCAGCTGTGTATTTTTGTGCTAGTGGTTTTTCCAACTATGGCTACACCTTCGGTTCG"	"CASGFSNYGYTF"	"NTGAAGATCCAGCCCTCAGAACCCAGGGACTCAGCTGTGTATTTTTGTGCTAGTGGTTTTTCCAACTATGGCTACACCTTCGGTTCG"	"CASGFSNYGYTF"	"TCRBV12-5*1"	NA	"TCRBJ1-2*1"	-1	-1	59	63	0	4	NA	NA	"NTGAAGATCCAGCCCTCAGAACCCAGGGACTCAGCTGTGTATTTTTGTGCTAGTGGTTTTTCCAACTATGGCTACACCTTCGGTTCG"	FALSE	TRUE	NA	NA	NA	NA
"TGCCATCCCCAACCAGACAGCTCTTTACTTCTGTGCCACCAGTGATTTGGGACTAGCCCCTTCACAGATACGCAGTATTTTGGCCCA"	""	"TGCCATCCCCAACCAGACAGCTCTTTACTTCTGTGCCACCAGTGATTTGGGACTAGCCCCTTCACAGATACGCAGTATTTTGGCCCA"	""	"TCRBV24-1*1"	"TCRBD2-1"	"TCRBJ2-3*1"	-1	49	57	62	50	5	NA	NA	"TGCCATCCCCAACCAGACAGCTCTTTACTTCTGTGCCACCAGTGATTTGGGACTAGCCCCTTCACAGATACGCAGTATTTTGGCCCA"	FALSE	FALSE	NA	NA	NA	NA
"CTGAGCTCTCTGGAGCTGGGGGACTCAGCTTTGTATTTCTGTGCCAGCAGCAGAAGGACAGGGTTCGATGGCTACACCTTCGGTTCG"	"CASSRRTGFDGYTF"	"CTGAGCTCTCTGGAGCTGGGGGACTCAGCTTTGTATTTCTGTGCCAGCAGCAGAAGGACAGGGTTCGATGGCTACACCTTCGGTTCG"	"CASSRRTGFDGYTF"	"TCRBV9-1*1"	"TCRBD1-1*1"	"TCRBJ1-2*1"	51	55	63	67	4	4	NA	NA	"CTGAGCTCTCTGGAGCTGGGGGACTCAGCTTTGTATTTCTGTGCCAGCAGCAGAAGGACAGGGTTCGATGGCTACACCTTCGGTTCG"	FALSE	TRUE	NA	NA	NA	NA
"AACGCCTTGGAGCTGGACGACTCGGCCCTGTATCTCTGTGCCAGCAGCTTTGGTGACAGGAGGGAACTTGAAGCTTTCTTTGGACAA"	"CASSFGDRRELEAFF"	"AACGCCTTGGAGCTGGACGACTCGGCCCTGTATCTCTGTGCCAGCAGCTTTGGTGACAGGAGGGAACTTGAAGCTTTCTTTGGACAA"	"CASSFGDRRELEAFF"	"TCRBV5-4*1"	NA	"TCRBJ1-1*1"	50	54	60	68	4	8	NA	NA	"AACGCCTTGGAGCTGGACGACTCGGCCCTGTATCTCTGTGCCAGCAGCTTTGGTGACAGGAGGGAACTTGAAGCTTTCTTTGGACAA"	FALSE	TRUE	NA	NA	NA	NA
"TCCTCAGAACCGGGAGACACGGCACTGTATCTCTGCGCCAGCAGTCAATCGTCCCCGGGACACCTCTAGACCCAGTACTTCGGGCCA"	"CASSQSSPGHL*TQYF"	"TCCTCAGAACCGGGAGACACGGCACTGTATCTCTGCGCCAGCAGTCAATCGTCCCCGGGACACCTCTAGACCCAGTACTTCGGGCCA"	"CASSQSSPGHL*TQYF"	"TCRBV23-1*1"	"TCRBD1-1*1"	"TCRBJ2-5*1"	50	56	62	67	6	5	NA	NA	"TCCTCAGAACCGGGAGACACGGCACTGTATCTCTGCGCCAGCAGTCAATCGTCCCCGGGACACCTCTAGACCCAGTACTTCGGGCCA"	FALSE	TRUE	NA	NA	NA	NA
"ATCCAGCGCACAGAGCAGGGGGACTCAGCTGTGTATCTCTGTGCCAGCAGCTTACTGCCAGTAAACTATGGCTACACCTTCGGTTCG"	"CASSLLPVNYGYTF"	"ATCCAGCGCACAGAGCAGGGGGACTCAGCTGTGTATCTCTGTGCCAGCAGCTTACTGCCAGTAAACTATGGCTACACCTTCGGTTCG"	"CASSLLPVNYGYTF"	"TCRBV7-4*1"	"TCRBD1-1*1"	"TCRBJ1-2*1"	54	58	61	63	4	2	NA	NA	"ATCCAGCGCACAGAGCAGGGGGACTCAGCTGTGTATCTCTGTGCCAGCAGCTTACTGCCAGTAAACTATGGCTACACCTTCGGTTCG"	FALSE	TRUE	NA	NA	NA	NA
"CACCTTGGAGCTGGGGGACTCGGCCCTTTATCTTTGCGCCAGCAGCGCCAACTAGCGGGAGAGTGTGGCGAGCAGTACTTCGGGCCG"	""	"CACCTTGGAGCTGGGGGACTCGGCCCTTTATCTTTGCGCCAGCAGCGCCAACTAGCGGGAGAGTGTGGCGAGCAGTACTTCGGGCCG"	""	"TCRBV5-1*1"	"TCRBD2-1*2"	"TCRBJ2-7*1"	46	50	61	68	4	7	NA	NA	"CACCTTGGAGCTGGGGGACTCGGCCCTTTATCTTTGCGCCAGCAGCGCCAACTAGCGGGAGAGTGTGGCGAGCAGTACTTCGGGCCG"	FALSE	FALSE	NA	NA	NA	NA
"TCTGCCATCCCCAACCAGACAGCTCTTTACTTCTGTGCCACCAGTGATTTGATGTTTGGAGACAGCAATGAGCAGTTCTTCGGGCCA"	"CATSDLMFGDSNEQFF"	"TCTGCCATCCCCAACCAGACAGCTCTTTACTTCTGTGCCACCAGTGATTTGATGTTTGGAGACAGCAATGAGCAGTTCTTCGGGCCA"	"CATSDLMFGDSNEQFF"	"TCRBV24-1*1"	"TCRBD1-1*1"	"TCRBJ2-1*1"	51	60	-1	65	9	66	NA	NA	"TCTGCCATCCCCAACCAGACAGCTCTTTACTTCTGTGCCACCAGTGATTTGATGTTTGGAGACAGCAATGAGCAGTTCTTCGGGCCA"	FALSE	TRUE	NA	NA	NA	NA
"CTCTCTGGAGCTGGGGGACTCAGCTTTGTATTTCTGCTTCGAATAGCGTAGACAGGGTGTACCCCCACTGAAGCTTTCTTTGGACAA"	""	"CTCTCTGGAGCTGGGGGACTCAGCTTTGTATTTCTGCTTCGAATAGCGTAGACAGGGTGTACCCCCACTGAAGCTTTCTTTGGACAA"	""	"TCRBV9-1*1"	"TCRBD1-1*1"	"TCRBJ1-1*1"	36	50	57	65	14	8	NA	NA	"CTCTCTGGAGCTGGGGGACTCAGCTTTGTATTTCTGCTTCGAATAGCGTAGACAGGGTGTACCCCCACTGAAGCTTTCTTTGGACAA"	FALSE	FALSE	NA	NA	NA	NA
"TCTAAGAAGCTCCTTCTCAGTGACTCTGGCTTCTATCTCTGTGCCTGGAGGGACCGGGGAGGGGGAAACACCATATATTTTGGAGAG"	"CAWRDRGGGNTIYF"	"TCTAAGAAGCTCCTTCTCAGTGACTCTGGCTTCTATCTCTGTGCCTGGAGGGACCGGGGAGGGGGAAACACCATATATTTTGGAGAG"	"CAWRDRGGGNTIYF"	"TCRBV3-1*1"	"TCRBD2-1*2"	"TCRBJ1-3*1"	50	56	-1	63	6	64	NA	NA	"TCTAAGAAGCTCCTTCTCAGTGACTCTGGCTTCTATCTCTGTGCCTGGAGGGACCGGGGAGGGGGAAACACCATATATTTTGGAGAG"	FALSE	TRUE	NA	NA	NA	NA
"ATCCAGCGCACAGAGCAGGGGGACTCGGCCATGTATCTCTGTGCCAGCAGCAAAGGACAGCAGAACACTGAAGCTTTCTTTGGACAA"	"CASSKGQQNTEAFF"	"ATCCAGCGCACAGAGCAGGGGGACTCGGCCATGTATCTCTGTGCCAGCAGCAAAGGACAGCAGAACACTGAAGCTTTCTTTGGACAA"	"CASSKGQQNTEAFF"	"TCRBV7-9*5"	"TCRBD1-1*1"	"TCRBJ1-1*1"	-1	55	60	62	56	2	NA	NA	"ATCCAGCGCACAGAGCAGGGGGACTCGGCCATGTATCTCTGTGCCAGCAGCAAAGGACAGCAGAACACTGAAGCTTTCTTTGGACAA"	FALSE	TRUE	NA	NA	NA	NA
"ACAAAGCTGGAGGACTCAGCCATGTACTTCTGTGCCAGCAGTGCGGGACAGGGAAGCGCTGGGGCCAACGTCCTGACTTTCGGGGCC"	"CASSAGQGSAGANVLTF"	"ACAAAGCTGGAGGACTCAGCCATGTACTTCTGTGCCAGCAGTGCGGGACAGGGAAGCGCTGGGGCCAACGTCCTGACTTTCGGGGCC"	"CASSAGQGSAGANVLTF"	"TCRBV2-1"	"TCRBD1-1*1"	"TCRBJ2-6*1"	43	44	53	58	1	5	NA	NA	"ACAAAGCTGGAGGACTCAGCCATGTACTTCTGTGCCAGCAGTGCGGGACAGGGAAGCGCTGGGGCCAACGTCCTGACTTTCGGGGCC"	FALSE	TRUE	NA	NA	NA	NA
"ACGATCCAGCGCACAGAGCAGGAGGACTCGGCCGTGTATCTCTGTGCCAGCAGCTTGGGGGGTGGGCCATGGCAGTATTTTGGCCCA"	"CASSLGGGPWQYF"	"ACGATCCAGCGCACAGAGCAGGAGGACTCGGCCGTGTATCTCTGTGCCAGCAGCTTGGGGGGTGGGCCATGGCAGTATTTTGGCCCA"	"CASSLGGGPWQYF"	"TCRBV7-2"	"TCRBD2-1*1"	"TCRBJ2-3*1"	-1	56	62	71	57	9	NA	NA	"ACGATCCAGCGCACAGAGCAGGAGGACTCGGCCGTGTATCTCTGTGCCAGCAGCTTGGGGGGTGGGCCATGGCAGTATTTTGGCCCA"	FALSE	TRUE	NA	NA	NA	NA
"TAGAGTCTGCCATCCCCAACCAGACAGCTCTTTACTTCTGTGCCACCAATACGGGGGGCAGGTAATGAAAAACTGTTTTTTGGCAGT"	""	"TAGAGTCTGCCATCCCCAACCAGACAGCTCTTTACTTCTGTGCCACCAATACGGGGGGCAGGTAATGAAAAACTGTTTTTTGGCAGT"	""	"TCRBV24-1*1"	"TCRBD2-1*1"	"TCRBJ1-4*1"	48	51	58	62	3	4	NA	NA	"TAGAGTCTGCCATCCCCAACCAGACAGCTCTTTACTTCTGTGCCACCAATACGGGGGGCAGGTAATGAAAAACTGTTTTTTGGCAGT"	FALSE	FALSE	NA	NA	NA	NA
"ATCCAGCAGGTAGTGCGAGGAGATTCGGCAGCTTATTTCTGTGCCAGCTCACAACCTCGGACAGGCGCTGAAGCTTTCTTTGGACAA"	"CASSQPRTGAEAFF"	"ATCCAGCAGGTAGTGCGAGGAGATTCGGCAGCTTATTTCTGTGCCAGCTCACAACCTCGGACAGGCGCTGAAGCTTTCTTTGGACAA"	"CASSQPRTGAEAFF"	"TCRBV18-1*1"	"TCRBD1-1*1"	"TCRBJ1-1*1"	56	58	65	67	2	2	NA	NA	"ATCCAGCAGGTAGTGCGAGGAGATTCGGCAGCTTATTTCTGTGCCAGCTCACAACCTCGGACAGGCGCTGAAGCTTTCTTTGGACAA"	FALSE	TRUE	NA	NA	NA	NA
"ACTCTGACAGTGACCAGTGCCCATCCTGAAGACAGCAGCTTCTACATCTGCAGTGCTAGTTGGACGGGGTGGGCTTTCTTTGGACAA"	"CSASWTGWAFF"	"ACTCTGACAGTGACCAGTGCCCATCCTGAAGACAGCAGCTTCTACATCTGCAGTGCTAGTTGGACGGGGTGGGCTTTCTTTGGACAA"	"CSASWTGWAFF"	"TCRBV2-1*4"	"TCRBD2-1*1"	"TCRBJ1-1*1"	60	64	69	72	4	3	NA	NA	"ACTCTGACAGTGACCAGTGCCCATCCTGAAGACAGCAGCTTCTACATCTGCAGTGCTAGTTGGACGGGGTGGGCTTTCTTTGGACAA"	FALSE	TRUE	NA	NA	NA	NA
"GAGTCAGCTACCAGCTCCCAGACATCTGTGTACTTCTGTGCCATCAACAAGGGGGCTGGGCCAACAGATACGCAGTATTTTGGCCCA"	"CAINKGAGPTDTQYF"	"GAGTCAGCTACCAGCTCCCAGACATCTGTGTACTTCTGTGCCATCAACAAGGGGGCTGGGCCAACAGATACGCAGTATTTTGGCCCA"	"CAINKGAGPTDTQYF"	"TCRBV1-3*1"	"TCRBD1-1*1"	"TCRBJ2-3*1"	46	49	56	63	3	7	NA	NA	"GAGTCAGCTACCAGCTCCCAGACATCTGTGTACTTCTGTGCCATCAACAAGGGGGCTGGGCCAACAGATACGCAGTATTTTGGCCCA"	FALSE	TRUE	NA	NA	NA	NA
"TTCTCCCTGTCCCTAGAGTCTGCCATCCCCAACCAGACAGCTCTTTACTTCTGTGCCACCAGTGGCTGGGCCATATATTTTGGAGAG"	"CATSGWAIYF"	"TTCTCCCTGTCCCTAGAGTCTGCCATCCCCAACCAGACAGCTCTTTACTTCTGTGCCACCAGTGGCTGGGCCATATATTTTGGAGAG"	"CATSGWAIYF"	"TCRBV24-1*1"	NA	"TCRBJ1-3*1"	64	67	-1	70	3	71	NA	NA	"TTCTCCCTGTCCCTAGAGTCTGCCATCCCCAACCAGACAGCTCTTTACTTCTGTGCCACCAGTGGCTGGGCCATATATTTTGGAGAG"	FALSE	TRUE	NA	NA	NA	NA
"GCAATCCTGTCCTCAGAACCGGGAGACACGGCACTGTATCTCTGCGCCAGCCCCGGACTGATCACAGATACGCAGTATTTTGGCCCA"	"CASPGLITDTQYF"	"GCAATCCTGTCCTCAGAACCGGGAGACACGGCACTGTATCTCTGCGCCAGCCCCGGACTGATCACAGATACGCAGTATTTTGGCCCA"	"CASPGLITDTQYF"	"TCRBV23-1*1"	"TCRBD2-1"	"TCRBJ2-3*1"	51	54	59	62	3	3	NA	NA	"GCAATCCTGTCCTCAGAACCGGGAGACACGGCACTGTATCTCTGCGCCAGCCCCGGACTGATCACAGATACGCAGTATTTTGGCCCA"	FALSE	TRUE	NA	NA	NA	NA
"ACTGTGACATCGGCCCAAAAGAACCCGACAGCTTTCTATCTCTGTGCCAGTAGTATAGGCAGGAACACTGAAGCTTTCTTTGGACAA"	"CASSIGRNTEAFF"	"ACTGTGACATCGGCCCAAAAGAACCCGACAGCTTTCTATCTCTGTGCCAGTAGTATAGGCAGGAACACTGAAGCTTTCTTTGGACAA"	"CASSIGRNTEAFF"	"TCRBV19-1*1"	"TCRBD1-1*1"	"TCRBJ1-1*1"	58	59	-1	62	1	63	NA	NA	"ACTGTGACATCGGCCCAAAAGAACCCGACAGCTTTCTATCTCTGTGCCAGTAGTATAGGCAGGAACACTGAAGCTTTCTTTGGACAA"	FALSE	TRUE	NA	NA	NA	NA
"GTCCACGGAGTCAGGGGACACAGCACTGTATTTCTGTGCCAGCAGCAGTAAGATCGACAGGGGGCATGGGAGCTGTTTTTTGGAGAA"	""	"GTCCACGGAGTCAGGGGACACAGCACTGTATTTCTGTGCCAGCAGCAGTAAGATCGACAGGGGGCATGGGAGCTGTTTTTTGGAGAA"	""	"TCRBV21-1*1"	"TCRBD1-1*1"	"TCRBJ2-2*1"	47	55	65	67	8	2	NA	NA	"GTCCACGGAGTCAGGGGACACAGCACTGTATTTCTGTGCCAGCAGCAGTAAGATCGACAGGGGGCATGGGAGCTGTTTTTTGGAGAA"	FALSE	FALSE	NA	NA	NA	NA
"CCAGCAGGTAGTGCGAGGAGATTCGGCAGCTTATTTCTGTGCCAGCTCAGCTGGGACAGGGTTTCCTACGAGCAGTACTTCGGGCCG"	""	"CCAGCAGGTAGTGCGAGGAGATTCGGCAGCTTATTTCTGTGCCAGCTCAGCTGGGACAGGGTTTCCTACGAGCAGTACTTCGGGCCG"	""	"TCRBV18-1*1"	"TCRBD1-1*1"	"TCRBJ2-7*1"	49	52	61	63	3	2	NA	NA	"CCAGCAGGTAGTGCGAGGAGATTCGGCAGCTTATTTCTGTGCCAGCTCAGCTGGGACAGGGTTTCCTACGAGCAGTACTTCGGGCCG"	FALSE	FALSE	NA	NA	NA	NA
"CCTGAAGACAGCAGCTTCTACATCTGCAGTGCTAGAGATAAGGTAGGGACAGGGTTGTGGAGCAATCAGCCCCAGCATTTTGGTGAT"	"CSARDKVGTGLWSNQPQHF"	"CCTGAAGACAGCAGCTTCTACATCTGCAGTGCTAGAGATAAGGTAGGGACAGGGTTGTGGAGCAATCAGCCCCAGCATTTTGGTGAT"	"CSARDKVGTGLWSNQPQHF"	NA	"TCRBD1-1*1"	"TCRBJ1-5*1"	38	45	54	60	7	6	NA	NA	"CCTGAAGACAGCAGCTTCTACATCTGCAGTGCTAGAGATAAGGTAGGGACAGGGTTGTGGAGCAATCAGCCCCAGCATTTTGGTGAT"	FALSE	TRUE	NA	NA	NA	NA
"CTGAATGTGAACGCCTTGGAGCTGGACGACTCGGCCCTGTATCTCTGTGCCAGCAGCTTACAGAATTCACCCCTCCACTTTGGGAAT"	"CASSLQNSPLHF"	"CTGAATGTGAACGCCTTGGAGCTGGACGACTCGGCCCTGTATCTCTGTGCCAGCAGCTTACAGAATTCACCCCTCCACTTTGGGAAT"	"CASSLQNSPLHF"	"TCRBV5-4*1"	"TCRBD1-1*1"	"TCRBJ1-6*1"	-1	59	-1	63	60	64	NA	NA	"CTGAATGTGAACGCCTTGGAGCTGGACGACTCGGCCCTGTATCTCTGTGCCAGCAGCTTACAGAATTCACCCCTCCACTTTGGGAAT"	FALSE	TRUE	NA	NA	NA	NA
"ACCTTGGAGCTGGGGGACTCGGCCCTTTATCTTTGCGCCAGCAGATCTACTAGCGGAGATGCGTGGAATGAGCAGTTCTTCGGGCCA"	"CASRSTSGDAWNEQFF"	"ACCTTGGAGCTGGGGGACTCGGCCCTTTATCTTTGCGCCAGCAGATCTACTAGCGGAGATGCGTGGAATGAGCAGTTCTTCGGGCCA"	"CASRSTSGDAWNEQFF"	"TCRBV5-1*1"	"TCRBD2-1"	"TCRBJ2-1*1"	44	48	56	66	4	10	NA	NA	"ACCTTGGAGCTGGGGGACTCGGCCCTTTATCTTTGCGCCAGCAGATCTACTAGCGGAGATGCGTGGAATGAGCAGTTCTTCGGGCCA"	FALSE	TRUE	NA	NA	NA	NA
"GAGATCCAGCGCACAGAGCAGGGGGACTCGGCCATGTATCTCTGTGCCAGCAGCCTGGGGCAGGGCTATGGCTACACCTTCGGTTCG"	"CASSLGQGYGYTF"	"GAGATCCAGCGCACAGAGCAGGGGGACTCGGCCATGTATCTCTGTGCCAGCAGCCTGGGGCAGGGCTATGGCTACACCTTCGGTTCG"	"CASSLGQGYGYTF"	"TCRBV7-9*1"	"TCRBD1-1*1"	"TCRBJ1-2*1"	54	60	-1	65	6	66	NA	NA	"GAGATCCAGCGCACAGAGCAGGGGGACTCGGCCATGTATCTCTGTGCCAGCAGCCTGGGGCAGGGCTATGGCTACACCTTCGGTTCG"	FALSE	TRUE	NA	NA	NA	NA
"AGTTCTAAGAAGCTCCTTCTCAGTGACTCTGGCTTCTATCTCTGTGCCTGGAGTCCCCACAGCACAGATACGCAGTATTTTGGCCCA"	"CAWSPHSTDTQYF"	"AGTTCTAAGAAGCTCCTTCTCAGTGACTCTGGCTTCTATCTCTGTGCCTGGAGTCCCCACAGCACAGATACGCAGTATTTTGGCCCA"	"CAWSPHSTDTQYF"	"TCRBV3-1*1"	NA	"TCRBJ2-3*1"	54	58	-1	60	4	61	NA	NA	"AGTTCTAAGAAGCTCCTTCTCAGTGACTCTGGCTTCTATCTCTGTGCCTGGAGTCCCCACAGCACAGATACGCAGTATTTTGGCCCA"	FALSE	TRUE	NA	NA	NA	NA
"NNNNTGTCGGCTGCTCCCTCCCAAACATCTGTGTACTTCTGTGCCAGCAGTCGGACAGGGAGTCTTGAGACCCAGTACTTCGGGCCA"	"CASSRTGSLETQYF"	"NNNNTGTCGGCTGCTCCCTCCCAAACATCTGTGTACTTCTGTGCCAGCAGTCGGACAGGGAGTCTTGAGACCCAGTACTTCGGGCCA"	"CASSRTGSLETQYF"	"TCRBV6-2/6-3*1"	"TCRBD1-1*1"	"TCRBJ2-5*1"	51	52	60	66	1	6	NA	NA	"NNNNTGTCGGCTGCTCCCTCCCAAACATCTGTGTACTTCTGTGCCAGCAGTCGGACAGGGAGTCTTGAGACCCAGTACTTCGGGCCA"	FALSE	TRUE	NA	NA	NA	NA
"AACCTGAGCTCTCTGGAGCTGGGGGACTCAGCTTTGTATTTCTGTGCCAGCAGCGTAGGGGACTCCCACGAGCAGTACTTCGGGCCG"	"CASSVGDSHEQYF"	"AACCTGAGCTCTCTGGAGCTGGGGGACTCAGCTTTGTATTTCTGTGCCAGCAGCGTAGGGGACTCCCACGAGCAGTACTTCGGGCCG"	"CASSVGDSHEQYF"	"TCRBV9-1*1"	"TCRBD2-1"	"TCRBJ2-7*1"	-1	58	64	67	59	3	NA	NA	"AACCTGAGCTCTCTGGAGCTGGGGGACTCAGCTTTGTATTTCTGTGCCAGCAGCGTAGGGGACTCCCACGAGCAGTACTTCGGGCCG"	FALSE	TRUE	NA	NA	NA	NA
"AGCACCTTGGAGCTGGGGGACTCGGCCCTTTATCTTTGCGCCAGCAGCTTGGACGCCCCAGGGGATCAGCCCCAGCATTTTGGTGAT"	"CASSLDAPGDQPQHF"	"AGCACCTTGGAGCTGGGGGACTCGGCCCTTTATCTTTGCGCCAGCAGCTTGGACGCCCCAGGGGATCAGCCCCAGCATTTTGGTGAT"	"CASSLDAPGDQPQHF"	"TCRBV5-1*1"	"TCRBD1-1*1"	"TCRBJ1-5*1"	52	58	-1	64	6	65	NA	NA	"AGCACCTTGGAGCTGGGGGACTCGGCCCTTTATCTTTGCGCCAGCAGCTTGGACGCCCCAGGGGATCAGCCCCAGCATTTTGGTGAT"	FALSE	TRUE	NA	NA	NA	NA
"CACATCAATTCCCTGGAGCTTGGTGACTCTGCTGTGTATTTCTGTGCCAGCAGCCAAGATTGGGGAGGCGGCTACACCTTCGGTTCG"	"CASSQDWGGGYTF"	"CACATCAATTCCCTGGAGCTTGGTGACTCTGCTGTGTATTTCTGTGCCAGCAGCCAAGATTGGGGAGGCGGCTACACCTTCGGTTCG"	"CASSQDWGGGYTF"	"TCRBV3-1/3-2*1"	"TCRBD2-1*2"	"TCRBJ1-2*1"	59	62	68	69	3	1	NA	NA	"CACATCAATTCCCTGGAGCTTGGTGACTCTGCTGTGTATTTCTGTGCCAGCAGCCAAGATTGGGGAGGCGGCTACACCTTCGGTTCG"	FALSE	TRUE	NA	NA	NA	NA
"TCCCTGGAGCTTGGTGACTCTGCTGTGTATTTCTGTGCCAGCAGCCAAGGGTGGAGACTAGCTTCTGACGAGCAGTACTTCGGGCCG"	"CASSQGWRLASDEQYF"	"TCCCTGGAGCTTGGTGACTCTGCTGTGTATTTCTGTGCCAGCAGCCAAGGGTGGAGACTAGCTTCTGACGAGCAGTACTTCGGGCCG"	"CASSQGWRLASDEQYF"	"TCRBV3-1/3-2*1"	"TCRBD2-1"	"TCRBJ2-7*1"	49	55	62	67	6	5	NA	NA	"TCCCTGGAGCTTGGTGACTCTGCTGTGTATTTCTGTGCCAGCAGCCAAGGGTGGAGACTAGCTTCTGACGAGCAGTACTTCGGGCCG"	FALSE	TRUE	NA	NA	NA	NA
"CTGAAGATCCGGTCCACAAAGCTGGAGGACTCAGCCATGTACTTCTGTGCCAGCAGGATTGACAGTTATGGCTACACCTTCGGTTCG"	"CASRIDSYGYTF"	"CTGAAGATCCGGTCCACAAAGCTGGAGGACTCAGCCATGTACTTCTGTGCCAGCAGGATTGACAGTTATGGCTACACCTTCGGTTCG"	"CASRIDSYGYTF"	"TCRBV2-1"	"TCRBD1-1*1"	"TCRBJ1-2*1"	56	60	65	66	4	1	NA	NA	"CTGAAGATCCGGTCCACAAAGCTGGAGGACTCAGCCATGTACTTCTGTGCCAGCAGGATTGACAGTTATGGCTACACCTTCGGTTCG"	FALSE	TRUE	NA	NA	NA	NA
"CACACCCTGCAGCCAGAAGACTCGGCCCTGTATCTCTGTGCCAGCAGCCAAGGGCTAGCGGGCTCCTACGAGCAGTACTTCGGGCCG"	"CASSQGLAGSYEQYF"	"CACACCCTGCAGCCAGAAGACTCGGCCCTGTATCTCTGTGCCAGCAGCCAAGGGCTAGCGGGCTCCTACGAGCAGTACTTCGGGCCG"	"CASSQGLAGSYEQYF"	"TCRBV4-2*1"	"TCRBD2-1"	"TCRBJ2-7*1"	52	54	-1	62	2	63	NA	NA	"CACACCCTGCAGCCAGAAGACTCGGCCCTGTATCTCTGTGCCAGCAGCCAAGGGCTAGCGGGCTCCTACGAGCAGTACTTCGGGCCG"	FALSE	TRUE	NA	NA	NA	NA
"AGCCCCAACCAGACCTCTCTGTACTTCTGTGCCAGCAGTTTATGGGGCCCCGAGGTCTTGAGCACAGATACGCAGTATTTTGGCCCA"	"CASSLWGPEVLSTDTQYF"	"AGCCCCAACCAGACCTCTCTGTACTTCTGTGCCAGCAGTTTATGGGGCCCCGAGGTCTTGAGCACAGATACGCAGTATTTTGGCCCA"	"CASSLWGPEVLSTDTQYF"	"TCRBV27-1*1"	"TCRBD1-1*1"	"TCRBJ2-3*1"	-1	43	48	60	44	12	NA	NA	"AGCCCCAACCAGACCTCTCTGTACTTCTGTGCCAGCAGTTTATGGGGCCCCGAGGTCTTGAGCACAGATACGCAGTATTTTGGCCCA"	FALSE	TRUE	NA	NA	NA	NA
"GCTACCAGCTCCCAGACATCTGTGTACTTCTGTGCCATCAGTGATAGCGGGAGGCCTTCGAACACCGGGGAGCTGTTTTTTGGAGAA"	"CAISDSGRPSNTGELFF"	"GCTACCAGCTCCCAGACATCTGTGTACTTCTGTGCCATCAGTGATAGCGGGAGGCCTTCGAACACCGGGGAGCTGTTTTTTGGAGAA"	"CAISDSGRPSNTGELFF"	"TCRBV1-3*1"	"TCRBD2-1*2"	"TCRBJ2-2*1"	-1	44	54	58	45	4	NA	NA	"GCTACCAGCTCCCAGACATCTGTGTACTTCTGTGCCATCAGTGATAGCGGGAGGCCTTCGAACACCGGGGAGCTGTTTTTTGGAGAA"	FALSE	TRUE	NA	NA	NA	NA
"ACACCCTGCAGCCAGAAGACTCGGCCCTGTATCTCTGTGCCAGCAGCCAAATTCGTTTGCTCCTACAATGAGCAGTTCTTCGGGCCA"	""	"ACACCCTGCAGCCAGAAGACTCGGCCCTGTATCTCTGTGCCAGCAGCCAAATTCGTTTGCTCCTACAATGAGCAGTTCTTCGGGCCA"	""	"TCRBV4-2*1"	"TCRBD2-1"	"TCRBJ2-1*1"	50	53	55	59	3	4	NA	NA	"ACACCCTGCAGCCAGAAGACTCGGCCCTGTATCTCTGTGCCAGCAGCCAAATTCGTTTGCTCCTACAATGAGCAGTTCTTCGGGCCA"	FALSE	FALSE	NA	NA	NA	NA
"AGCACCTTGGAGCTGGGGGACTCGGCCCTTTATCTTTGCGCCAGCAGCGTGACTAGAGGGTCCTACAATGAGCAGTTCTTCGGGCCA"	"CASSVTRGSYNEQFF"	"AGCACCTTGGAGCTGGGGGACTCGGCCCTTTATCTTTGCGCCAGCAGCGTGACTAGAGGGTCCTACAATGAGCAGTTCTTCGGGCCA"	"CASSVTRGSYNEQFF"	"TCRBV5-1*1"	"TCRBD2-1"	"TCRBJ2-1*1"	48	50	56	60	2	4	NA	NA	"AGCACCTTGGAGCTGGGGGACTCGGCCCTTTATCTTTGCGCCAGCAGCGTGACTAGAGGGTCCTACAATGAGCAGTTCTTCGGGCCA"	FALSE	TRUE	NA	NA	NA	NA
"CCCTCCCAGACATCTGTGTACTTCTGTGCCAGCAGTTATGGGACTAGCGGAGGTGGGGGGGCCACAGATACGCAGTATTTTGGCCCA"	"CASSYGTSGGGGATDTQYF"	"CCCTCCCAGACATCTGTGTACTTCTGTGCCAGCAGTTATGGGACTAGCGGAGGTGGGGGGGCCACAGATACGCAGTATTTTGGCCCA"	"CASSYGTSGGGGATDTQYF"	NA	"TCRBD2-1"	"TCRBJ2-3*1"	38	39	50	62	1	12	NA	NA	"CCCTCCCAGACATCTGTGTACTTCTGTGCCAGCAGTTATGGGACTAGCGGAGGTGGGGGGGCCACAGATACGCAGTATTTTGGCCCA"	FALSE	TRUE	NA	NA	NA	NA
"CTGAAGATCCGGTCCACAAAGCTGGAGGACTCAGCCATGTACTTCTGTGCCAGCAGGACCACAATCAATGAGCAGTTCTTCGGGCCA"	"CASRTTINEQFF"	"CTGAAGATCCGGTCCACAAAGCTGGAGGACTCAGCCATGTACTTCTGTGCCAGCAGGACCACAATCAATGAGCAGTTCTTCGGGCCA"	"CASRTTINEQFF"	"TCRBV2-1"	NA	"TCRBJ2-1*1"	-1	56	59	65	57	6	NA	NA	"CTGAAGATCCGGTCCACAAAGCTGGAGGACTCAGCCATGTACTTCTGTGCCAGCAGGACCACAATCAATGAGCAGTTCTTCGGGCCA"	FALSE	TRUE	NA	NA	NA	NA
"CTAGAGTCTGCCATCCCCAACCAGACAGCTCTTTACTTCTGTGCCACCAGTCGGACAGGGGGCGGTCAGCCCCAGCATTTTGGTGAT"	"CATSRTGGGQPQHF"	"CTAGAGTCTGCCATCCCCAACCAGACAGCTCTTTACTTCTGTGCCACCAGTCGGACAGGGGGCGGTCAGCCCCAGCATTTTGGTGAT"	"CATSRTGGGQPQHF"	"TCRBV24-1*1"	"TCRBD1-1*1"	"TCRBJ1-5*1"	51	52	63	65	1	2	NA	NA	"CTAGAGTCTGCCATCCCCAACCAGACAGCTCTTTACTTCTGTGCCACCAGTCGGACAGGGGGCGGTCAGCCCCAGCATTTTGGTGAT"	FALSE	TRUE	NA	NA	NA	NA
"ATCCAGCCTGCAAAGCTTGAGGACTCGGCCGTGTATCTCTGTGCCAGCAGCCAAGGATTGAACACCGGGGAGCTGTTTTTTGGAGAA"	"CASSQGLNTGELFF"	"ATCCAGCCTGCAAAGCTTGAGGACTCGGCCGTGTATCTCTGTGCCAGCAGCCAAGGATTGAACACCGGGGAGCTGTTTTTTGGAGAA"	"CASSQGLNTGELFF"	"TCRBV11-2*1"	NA	"TCRBJ2-2*1"	51	54	57	59	3	2	NA	NA	"ATCCAGCCTGCAAAGCTTGAGGACTCGGCCGTGTATCTCTGTGCCAGCAGCCAAGGATTGAACACCGGGGAGCTGTTTTTTGGAGAA"	FALSE	TRUE	NA	NA	NA	NA
"CAGCGCACACAGCAGGAGGACTCCGCCGTGTATCTCTGTGCCAGCAGCTTAAGCAGACTAGGCCAAGAGACCCAGTACTTCGGGCCA"	"CASSLSRLGQETQYF"	"CAGCGCACACAGCAGGAGGACTCCGCCGTGTATCTCTGTGCCAGCAGCTTAAGCAGACTAGGCCAAGAGACCCAGTACTTCGGGCCA"	"CASSLSRLGQETQYF"	"TCRBV7-8*1"	"TCRBD2-1"	"TCRBJ2-5*1"	51	55	61	62	4	1	NA	NA	"CAGCGCACACAGCAGGAGGACTCCGCCGTGTATCTCTGTGCCAGCAGCTTAAGCAGACTAGGCCAAGAGACCCAGTACTTCGGGCCA"	FALSE	TRUE	NA	NA	NA	NA
"TACTCTGAAGGTGCAGCCTGCAGAACTGGAGGATTCTGGAGTTTATTTCTGTGCCAGCAGGCTTAAGAGACCCAGTACTTCGGGCCA"	""	"TACTCTGAAGGTGCAGCCTGCAGAACTGGAGGATTCTGGAGTTTATTTCTGTGCCAGCAGGCTTAAGAGACCCAGTACTTCGGGCCA"	""	"TCRBV14-1*1"	NA	"TCRBJ2-5*1"	-1	60	62	64	61	2	NA	NA	"TACTCTGAAGGTGCAGCCTGCAGAACTGGAGGATTCTGGAGTTTATTTCTGTGCCAGCAGGCTTAAGAGACCCAGTACTTCGGGCCA"	FALSE	FALSE	NA	NA	NA	NA
"TGCAGAGCAGGGGGACTCGGCCGTGTATGTCTGTGCAAGTCGCTTAGCTTAAGACTAGCGGGACACTACGAGCAGTACTTCGGGCCG"	""	"TGCAGAGCAGGGGGACTCGGCCGTGTATGTCTGTGCAAGTCGCTTAGCTTAAGACTAGCGGGACACTACGAGCAGTACTTCGGGCCG"	""	"TCRBV12-2*1"	"TCRBD2-1*2"	"TCRBJ2-7*1"	48	52	63	65	4	2	NA	NA	"TGCAGAGCAGGGGGACTCGGCCGTGTATGTCTGTGCAAGTCGCTTAGCTTAAGACTAGCGGGACACTACGAGCAGTACTTCGGGCCG"	FALSE	FALSE	NA	NA	NA	NA
"CAGCCCTCAGAACCCAGGGACTCAGCTGTGTACTTCTGTGCCAGCAGTTTAGGGCTTTCCTCCTACAATGAGCAGTTCTTCGGGCCA"	"CASSLGLSSYNEQFF"	"CAGCCCTCAGAACCCAGGGACTCAGCTGTGTACTTCTGTGCCAGCAGTTTAGGGCTTTCCTCCTACAATGAGCAGTTCTTCGGGCCA"	"CASSLGLSSYNEQFF"	NA	"TCRBD1-1*1"	"TCRBJ2-1*1"	-1	52	55	59	53	4	NA	NA	"CAGCCCTCAGAACCCAGGGACTCAGCTGTGTACTTCTGTGCCAGCAGTTTAGGGCTTTCCTCCTACAATGAGCAGTTCTTCGGGCCA"	FALSE	TRUE	NA	NA	NA	NA
"NNNNNNNNNNTGTCGGCTGCTCCCTCCCAAACATCTGTGTACTTCTGTGCCAGCGCGGACAGACAAGAGACCCAGTACTTCGGGCCA"	"CASADRQETQYF"	"NNNNNNNNNNTGTCGGCTGCTCCCTCCCAAACATCTGTGTACTTCTGTGCCAGCGCGGACAGACAAGAGACCCAGTACTTCGGGCCA"	"CASADRQETQYF"	NA	"TCRBD1-1*1"	"TCRBJ2-5*1"	54	56	62	63	2	1	NA	NA	"NNNNNNNNNNTGTCGGCTGCTCCCTCCCAAACATCTGTGTACTTCTGTGCCAGCGCGGACAGACAAGAGACCCAGTACTTCGGGCCA"	FALSE	TRUE	NA	NA	NA	NA
"CAGTGACCAGTGCCCATCCTGAAGACAGCAGCTTCTACATCTGCGGAAGGCATCCCCATAGCCAAAAACATTCAGTACTTCGGCGCC"	""	"CAGTGACCAGTGCCCATCCTGAAGACAGCAGCTTCTACATCTGCGGAAGGCATCCCCATAGCCAAAAACATTCAGTACTTCGGCGCC"	""	NA	NA	"TCRBJ2-4*1"	-1	44	47	59	45	12	NA	NA	"CAGTGACCAGTGCCCATCCTGAAGACAGCAGCTTCTACATCTGCGGAAGGCATCCCCATAGCCAAAAACATTCAGTACTTCGGCGCC"	FALSE	FALSE	NA	NA	NA	NA
"NTGTCGGCTGCTCCCTCCCAGACATCTGTGTACTTCTGTGCCAGCACCTAAAGGTCTTGACGGAACTATGGCTACACCTTCGGTTCG"	"CAST*RS*RNYGYTF"	"NTGTCGGCTGCTCCCTCCCAGACATCTGTGTACTTCTGTGCCAGCACCTAAAGGTCTTGACGGAACTATGGCTACACCTTCGGTTCG"	"CAST*RS*RNYGYTF"	"TCRBV6-5*1"	NA	"TCRBJ1-2*1"	46	58	61	63	12	2	NA	NA	"NTGTCGGCTGCTCCCTCCCAGACATCTGTGTACTTCTGTGCCAGCACCTAAAGGTCTTGACGGAACTATGGCTACACCTTCGGTTCG"	FALSE	TRUE	NA	NA	NA	NA
"AGTGACTCTGGCTTCTATCTCTGTGCCCTGCATAGGGGCAAGGAACTAGCGGAGATCTCTGGGGCCAACGTCCTGACTTTCGGGGCC"	"CALHRGKELAEISGANVLTF"	"AGTGACTCTGGCTTCTATCTCTGTGCCCTGCATAGGGGCAAGGAACTAGCGGAGATCTCTGGGGCCAACGTCCTGACTTTCGGGGCC"	"CALHRGKELAEISGANVLTF"	"TCRBV3-1"	"TCRBD2-1"	"TCRBJ2-6*1"	27	44	52	56	17	4	NA	NA	"AGTGACTCTGGCTTCTATCTCTGTGCCCTGCATAGGGGCAAGGAACTAGCGGAGATCTCTGGGGCCAACGTCCTGACTTTCGGGGCC"	FALSE	TRUE	NA	NA	NA	NA
"GTGACCAGTGCCCATCCTGAAGACAGCAGCTTCTACATCTGCAGTGCTGTCTCGGCCAGCGGGAGAGAGACCCAGTACTTCGGGCCA"	"CSAVSASGRETQYF"	"GTGACCAGTGCCCATCCTGAAGACAGCAGCTTCTACATCTGCAGTGCTGTCTCGGCCAGCGGGAGAGAGACCCAGTACTTCGGGCCA"	"CSAVSASGRETQYF"	NA	"TCRBD2-1*2"	"TCRBJ2-5*1"	48	57	-1	65	9	66	NA	NA	"GTGACCAGTGCCCATCCTGAAGACAGCAGCTTCTACATCTGCAGTGCTGTCTCGGCCAGCGGGAGAGAGACCCAGTACTTCGGGCCA"	FALSE	TRUE	NA	NA	NA	NA
"NTGTCGGCTGCTCCCTCCCAGACATCTGTGTACTTCTGTGCCAGCAGACGTCAACAGGGGATAAACACTGAAGCTTTCTTTGGACAA"	"CASRRQQGINTEAFF"	"NTGTCGGCTGCTCCCTCCCAGACATCTGTGTACTTCTGTGCCAGCAGACGTCAACAGGGGATAAACACTGAAGCTTTCTTTGGACAA"	"CASRRQQGINTEAFF"	"TCRBV6-5*1"	"TCRBD1-1*1"	"TCRBJ1-1*1"	47	53	60	63	6	3	NA	NA	"NTGTCGGCTGCTCCCTCCCAGACATCTGTGTACTTCTGTGCCAGCAGACGTCAACAGGGGATAAACACTGAAGCTTTCTTTGGACAA"	FALSE	TRUE	NA	NA	NA	NA
"CATCCCCAACCAGACAGCTCTTTACTTCTGTGCCACCAAGCTAGCGGGAGTAGTTTTACTAGCACAGATACGCAGTCTTTTGGCCCA"	""	"CATCCCCAACCAGACAGCTCTTTACTTCTGTGCCACCAAGCTAGCGGGAGTAGTTTTACTAGCACAGATACGCAGTCTTTTGGCCCA"	""	"TCRBV24-1*1"	"TCRBD2-1*2"	"TCRBJ2-3*1"	38	40	50	77	2	27	NA	NA	"CATCCCCAACCAGACAGCTCTTTACTTCTGTGCCACCAAGCTAGCGGGAGTAGTTTTACTAGCACAGATACGCAGTCTTTTGGCCCA"	FALSE	FALSE	NA	NA	NA	NA
"GAGCTGGGGGACTCGGCCCTTTATCTTTGCGCCAGCAGCAAGGGACAGGGGGCATGGGGTTTGATAGAGACCCAGTACTTCGGGCCA"	"CASSKGQGAWGLIETQYF"	"GAGCTGGGGGACTCGGCCCTTTATCTTTGCGCCAGCAGCAAGGGACAGGGGGCATGGGGTTTGATAGAGACCCAGTACTTCGGGCCA"	"CASSKGQGAWGLIETQYF"	"TCRBV5-1*1"	"TCRBD1-1*1"	"TCRBJ2-5*1"	39	41	53	65	2	12	NA	NA	"GAGCTGGGGGACTCGGCCCTTTATCTTTGCGCCAGCAGCAAGGGACAGGGGGCATGGGGTTTGATAGAGACCCAGTACTTCGGGCCA"	FALSE	TRUE	NA	NA	NA	NA
"GCAAAGCTTGAGGACTCGGCCGTGTATCTCTGTGCCAGCAGCTTAGTTCTAGCGGGAGCTCCCCCAGATACGCAGTATTTTGGCCCA"	"CASSLVLAGAPPDTQYF"	"GCAAAGCTTGAGGACTCGGCCGTGTATCTCTGTGCCAGCAGCTTAGTTCTAGCGGGAGCTCCCCCAGATACGCAGTATTTTGGCCCA"	"CASSLVLAGAPPDTQYF"	"TCRBV11-2"	"TCRBD2-1*2"	"TCRBJ2-3*1"	46	48	58	64	2	6	NA	NA	"GCAAAGCTTGAGGACTCGGCCGTGTATCTCTGTGCCAGCAGCTTAGTTCTAGCGGGAGCTCCCCCAGATACGCAGTATTTTGGCCCA"	FALSE	TRUE	NA	NA	NA	NA
"AAGATCCAGCCCTCAGAACCCAGGGACTCAGCTGTGTACTTCTGTGCCAGCAGTTTCGGCCAAATCTACGAGCAGTACTTCGGGCCG"	"CASSFGQIYEQYF"	"AAGATCCAGCCCTCAGAACCCAGGGACTCAGCTGTGTACTTCTGTGCCAGCAGTTTCGGCCAAATCTACGAGCAGTACTTCGGGCCG"	"CASSFGQIYEQYF"	"TCRBV12-3/12-4*1"	NA	"TCRBJ2-7*1"	56	57	60	65	1	5	NA	NA	"AAGATCCAGCCCTCAGAACCCAGGGACTCAGCTGTGTACTTCTGTGCCAGCAGTTTCGGCCAAATCTACGAGCAGTACTTCGGGCCG"	FALSE	TRUE	NA	NA	NA	NA
"CAGCCTGCAGAGCTTGGGGACTCGGCCGTGTATCTCTGTGCCAGCAGCTCCCCACTAGCGGGAGGCGATGAGCAGTTCTTCGGGCCA"	"CASSSPLAGGDEQFF"	"CAGCCTGCAGAGCTTGGGGACTCGGCCGTGTATCTCTGTGCCAGCAGCTCCCCACTAGCGGGAGGCGATGAGCAGTTCTTCGGGCCA"	"CASSSPLAGGDEQFF"	"TCRBV11-3*1"	"TCRBD2-1*2"	"TCRBJ2-1*1"	49	53	65	67	4	2	NA	NA	"CAGCCTGCAGAGCTTGGGGACTCGGCCGTGTATCTCTGTGCCAGCAGCTCCCCACTAGCGGGAGGCGATGAGCAGTTCTTCGGGCCA"	FALSE	TRUE	NA	NA	NA	NA
"CTCAGCCGTGTATCTCTGTGCCAGCAGCTTATTCCCCACTGGGCTAGCGGGAGGTATTTGTCCTACAATGAGCAGTTCTTCGGGCCA"	""	"CTCAGCCGTGTATCTCTGTGCCAGCAGCTTATTCCCCACTGGGCTAGCGGGAGGTATTTGTCCTACAATGAGCAGTTCTTCGGGCCA"	""	"TCRBV7-3*1"	"TCRBD2-1*2"	"TCRBJ2-1*1"	31	43	54	60	12	6	NA	NA	"CTCAGCCGTGTATCTCTGTGCCAGCAGCTTATTCCCCACTGGGCTAGCGGGAGGTATTTGTCCTACAATGAGCAGTTCTTCGGGCCA"	FALSE	FALSE	NA	NA	NA	NA
"CTGAATGTGAACGCCTTGTTGCTGGGGGACTCGGCCCTGTATCTCTGTGCCAGCAGCCCGGACAGCTATGGCTACACCTTCGGTTCG"	"CASSPDSYGYTF"	"CTGAATGTGAACGCCTTGTTGCTGGGGGACTCGGCCCTGTATCTCTGTGCCAGCAGCCCGGACAGCTATGGCTACACCTTCGGTTCG"	"CASSPDSYGYTF"	"TCRBV5-5*1"	"TCRBD1-1*1"	"TCRBJ1-2*1"	57	59	-1	65	2	66	NA	NA	"CTGAATGTGAACGCCTTGTTGCTGGGGGACTCGGCCCTGTATCTCTGTGCCAGCAGCCCGGACAGCTATGGCTACACCTTCGGTTCG"	FALSE	TRUE	NA	NA	NA	NA
"CAGTCCACGGAGTCAGGGGACACAGCACTGTATTTCTGTGCCAGCAGCATTCGGAGGAAGAGCTCCTACGAGCAGTACTTCGGGCCG"	"CASSIRRKSSYEQYF"	"CAGTCCACGGAGTCAGGGGACACAGCACTGTATTTCTGTGCCAGCAGCATTCGGAGGAAGAGCTCCTACGAGCAGTACTTCGGGCCG"	"CASSIRRKSSYEQYF"	"TCRBV21-1*1"	"TCRBD2-1*2"	"TCRBJ2-7*1"	49	52	57	62	3	5	NA	NA	"CAGTCCACGGAGTCAGGGGACACAGCACTGTATTTCTGTGCCAGCAGCATTCGGAGGAAGAGCTCCTACGAGCAGTACTTCGGGCCG"	FALSE	TRUE	NA	NA	NA	NA
"GCTGCTCCCTCCCAGACATCTGTGTACTTCTGTGCCAGCAGTCTACACCTCCGGCAGGGGGAAAAGGTGACCCAGTACTTCGGGCCA"	"CASSLHLRQGEKVTQYF"	"GCTGCTCCCTCCCAGACATCTGTGTACTTCTGTGCCAGCAGTCTACACCTCCGGCAGGGGGAAAAGGTGACCCAGTACTTCGGGCCA"	"CASSLHLRQGEKVTQYF"	"TCRBV6-6*4"	"TCRBD1-1*1"	"TCRBJ2-5*1"	43	54	61	68	11	7	NA	NA	"GCTGCTCCCTCCCAGACATCTGTGTACTTCTGTGCCAGCAGTCTACACCTCCGGCAGGGGGAAAAGGTGACCCAGTACTTCGGGCCA"	FALSE	TRUE	NA	NA	NA	NA
"CTGACGATCCAGCGCACAGAGCAGGAGGACTCGGCCGTGTATCTCTGTGCCAGCAGCCCCTTATACAATGAGCAGTTCTTCGGGCCA"	"CASSPLYNEQFF"	"CTGACGATCCAGCGCACAGAGCAGGAGGACTCGGCCGTGTATCTCTGTGCCAGCAGCCCCTTATACAATGAGCAGTTCTTCGGGCCA"	"CASSPLYNEQFF"	"TCRBV7-2"	"TCRBD2-1"	"TCRBJ2-1*1"	57	59	61	63	2	2	NA	NA	"CTGACGATCCAGCGCACAGAGCAGGAGGACTCGGCCGTGTATCTCTGTGCCAGCAGCCCCTTATACAATGAGCAGTTCTTCGGGCCA"	FALSE	TRUE	NA	NA	NA	NA
"ATCCAGCCCTCAGAACCCAGGGACTCAGCTGTGTACTTCTGTGCCAGCAGATTAGCGGGAGGGAAGAACGAGCAGTACTTCGGGCCG"	"CASRLAGGKNEQYF"	"ATCCAGCCCTCAGAACCCAGGGACTCAGCTGTGTACTTCTGTGCCAGCAGATTAGCGGGAGGGAAGAACGAGCAGTACTTCGGGCCG"	"CASRLAGGKNEQYF"	NA	"TCRBD2-1*2"	"TCRBJ2-7*1"	-1	56	63	67	57	4	NA	NA	"ATCCAGCCCTCAGAACCCAGGGACTCAGCTGTGTACTTCTGTGCCAGCAGATTAGCGGGAGGGAAGAACGAGCAGTACTTCGGGCCG"	FALSE	TRUE	NA	NA	NA	NA
"AACGCCTTGTTGCTGGGGGACTCGGCCCTCTATCTCTGTGCCAGCAGCTCCGCGGCGATCTTTGGTTGGGAGCAGTACTTCGGGCCG"	"CASSSAAIFGWEQYF"	"AACGCCTTGTTGCTGGGGGACTCGGCCCTCTATCTCTGTGCCAGCAGCTCCGCGGCGATCTTTGGTTGGGAGCAGTACTTCGGGCCG"	"CASSSAAIFGWEQYF"	"TCRBV5-6*1"	"TCRBD2-1"	"TCRBJ2-7*1"	49	51	55	69	2	14	NA	NA	"AACGCCTTGTTGCTGGGGGACTCGGCCCTCTATCTCTGTGCCAGCAGCTCCGCGGCGATCTTTGGTTGGGAGCAGTACTTCGGGCCG"	FALSE	TRUE	NA	NA	NA	NA
"CTGAGTTCTAAGAAGCTCCTTCTCAGTGACTCTGGCTTCTATCTCTGTGCCTGGAGTTCAGGGGCGGGTGGCTACACCTTCGGTTCG"	"CAWSSGAGGYTF"	"CTGAGTTCTAAGAAGCTCCTTCTCAGTGACTCTGGCTTCTATCTCTGTGCCTGGAGTTCAGGGGCGGGTGGCTACACCTTCGGTTCG"	"CAWSSGAGGYTF"	"TCRBV3-1*1"	"TCRBD1-1*1"	"TCRBJ1-2*1"	57	58	64	68	1	4	NA	NA	"CTGAGTTCTAAGAAGCTCCTTCTCAGTGACTCTGGCTTCTATCTCTGTGCCTGGAGTTCAGGGGCGGGTGGCTACACCTTCGGTTCG"	FALSE	TRUE	NA	NA	NA	NA
"TCCACGGAGTCAGGGGACACAGCACTGTATTTCTGTGCCAGCAGCAAAGCGCTCGGGGTTCTGAACACTGAAGCTTTCTTTGGACAA"	"CASSKALGVLNTEAFF"	"TCCACGGAGTCAGGGGACACAGCACTGTATTTCTGTGCCAGCAGCAAAGCGCTCGGGGTTCTGAACACTGAAGCTTTCTTTGGACAA"	"CASSKALGVLNTEAFF"	"TCRBV21-1*1"	"TCRBD2-1*1"	"TCRBJ1-1*1"	50	53	58	61	3	3	NA	NA	"TCCACGGAGTCAGGGGACACAGCACTGTATTTCTGTGCCAGCAGCAAAGCGCTCGGGGTTCTGAACACTGAAGCTTTCTTTGGACAA"	FALSE	TRUE	NA	NA	NA	NA
"ATCCTGGAGTCGCCCAGCCCCAACCAGACCTCTCTGTACTTCTGTGCCAGCAGTCTGAGGGGGCGCGGCGAGCAGTACTTCGGGCCG"	"CASSLRGRGEQYF"	"ATCCTGGAGTCGCCCAGCCCCAACCAGACCTCTCTGTACTTCTGTGCCAGCAGTCTGAGGGGGCGCGGCGAGCAGTACTTCGGGCCG"	"CASSLRGRGEQYF"	"TCRBV27-1*1"	"TCRBD1-1*1"	"TCRBJ2-7*1"	54	57	64	68	3	4	NA	NA	"ATCCTGGAGTCGCCCAGCCCCAACCAGACCTCTCTGTACTTCTGTGCCAGCAGTCTGAGGGGGCGCGGCGAGCAGTACTTCGGGCCG"	FALSE	TRUE	NA	NA	NA	NA
"CTGAAGATCCAGCGCACAGAGCGGGGGGACTCAGCCGTGTATCTCTGTGCCAGCAGCACCACCGGGACCGAGCAGTACTTCGGGCCG"	"CASSTTGTEQYF"	"CTGAAGATCCAGCGCACAGAGCGGGGGGACTCAGCCGTGTATCTCTGTGCCAGCAGCACCACCGGGACCGAGCAGTACTTCGGGCCG"	"CASSTTGTEQYF"	"TCRBV7-3*1"	NA	"TCRBJ2-7*1"	57	63	-1	68	6	69	NA	NA	"CTGAAGATCCAGCGCACAGAGCGGGGGGACTCAGCCGTGTATCTCTGTGCCAGCAGCACCACCGGGACCGAGCAGTACTTCGGGCCG"	FALSE	TRUE	NA	NA	NA	NA
"CTGAGTTCTAAGAAGCTCCTTCTCAGTGACTCTGGCTTCTATCTCTGTGCCTGGAATGTCGATTTCTACGAGCAGTACTTCGGGCCG"	"CAWNVDFYEQYF"	"CTGAGTTCTAAGAAGCTCCTTCTCAGTGACTCTGGCTTCTATCTCTGTGCCTGGAATGTCGATTTCTACGAGCAGTACTTCGGGCCG"	"CAWNVDFYEQYF"	"TCRBV3-1*1"	NA	"TCRBJ2-7*1"	59	60	62	65	1	3	NA	NA	"CTGAGTTCTAAGAAGCTCCTTCTCAGTGACTCTGGCTTCTATCTCTGTGCCTGGAATGTCGATTTCTACGAGCAGTACTTCGGGCCG"	FALSE	TRUE	NA	NA	NA	NA
"GATTCTGGAGTTTATTTCTGTGCCAGCAGCCAAGCACAAGGCGGGACGACTACTAGCGGGAGATTCAATGAGCAGTTCTTCGGGCCA"	"CASSQAQGGTTTSGRFNEQFF"	"GATTCTGGAGTTTATTTCTGTGCCAGCAGCCAAGCACAAGGCGGGACGACTACTAGCGGGAGATTCAATGAGCAGTTCTTCGGGCCA"	"CASSQAQGGTTTSGRFNEQFF"	"TCRBV14-1*1"	"TCRBD2-1*2"	"TCRBJ2-1*1"	34	51	62	65	17	3	NA	NA	"GATTCTGGAGTTTATTTCTGTGCCAGCAGCCAAGCACAAGGCGGGACGACTACTAGCGGGAGATTCAATGAGCAGTTCTTCGGGCCA"	FALSE	TRUE	NA	NA	NA	NA
"CTGAGCTCTCTGGAGCTGGGGGACTCAGCTTTGTATTTCTGTGCCAGCAGCGTAGATTCCCAGACCCGGCCCCAGCATTTTGGTGAT"	"CASSVDSQTRPQHF"	"CTGAGCTCTCTGGAGCTGGGGGACTCAGCTTTGTATTTCTGTGCCAGCAGCGTAGATTCCCAGACCCGGCCCCAGCATTTTGGTGAT"	"CASSVDSQTRPQHF"	"TCRBV9-1*1"	NA	"TCRBJ1-5*1"	55	62	65	68	7	3	NA	NA	"CTGAGCTCTCTGGAGCTGGGGGACTCAGCTTTGTATTTCTGTGCCAGCAGCGTAGATTCCCAGACCCGGCCCCAGCATTTTGGTGAT"	FALSE	TRUE	NA	NA	NA	NA
"GTGACCAGTGCCCATCCTGAAGACAGCAGCTTCTACATCTGCAGTGCTAGAGGCCTGAAGGACGGTAATGAGCAGTTCTTCGGGCCA"	"CSARGLKDGNEQFF"	"GTGACCAGTGCCCATCCTGAAGACAGCAGCTTCTACATCTGCAGTGCTAGAGGCCTGAAGGACGGTAATGAGCAGTTCTTCGGGCCA"	"CSARGLKDGNEQFF"	NA	NA	"TCRBJ2-1*1"	52	59	63	66	7	3	NA	NA	"GTGACCAGTGCCCATCCTGAAGACAGCAGCTTCTACATCTGCAGTGCTAGAGGCCTGAAGGACGGTAATGAGCAGTTCTTCGGGCCA"	FALSE	TRUE	NA	NA	NA	NA
"CGCCCAGCCCCAACCAGACCTCTCTGTACTTCTGTGCCAGCGACAGACTAGCGGGAGTTTTCTCGCGGCGAGCAGTACTTCGGGCCG"	""	"CGCCCAGCCCCAACCAGACCTCTCTGTACTTCTGTGCCAGCGACAGACTAGCGGGAGTTTTCTCGCGGCGAGCAGTACTTCGGGCCG"	""	"TCRBV27-1*1"	"TCRBD2-1*2"	"TCRBJ2-7*1"	41	45	57	68	4	11	NA	NA	"CGCCCAGCCCCAACCAGACCTCTCTGTACTTCTGTGCCAGCGACAGACTAGCGGGAGTTTTCTCGCGGCGAGCAGTACTTCGGGCCG"	FALSE	FALSE	NA	NA	NA	NA
"GCTCCCTCCCAGACATCTGTGTACTTCTGTGCCCGATGCAGTGTTACAGGGCAGCCTCTAAGTAATTCACCCCTCCACTTTGGGAAT"	"CARCSVTGQPLSNSPLHF"	"GCTCCCTCCCAGACATCTGTGTACTTCTGTGCCCGATGCAGTGTTACAGGGCAGCCTCTAAGTAATTCACCCCTCCACTTTGGGAAT"	"CARCSVTGQPLSNSPLHF"	NA	"TCRBD1-1*1"	"TCRBJ1-6*1"	33	45	51	62	12	11	NA	NA	"GCTCCCTCCCAGACATCTGTGTACTTCTGTGCCCGATGCAGTGTTACAGGGCAGCCTCTAAGTAATTCACCCCTCCACTTTGGGAAT"	FALSE	TRUE	NA	NA	NA	NA
"AAGATCCAGCCCTCAGAACCCAGGGACTCAGCTGTGTACTTCTGTGCCAGCAGTTTCGTCGGTGACTACGAGCAGTACTTCGGGCCG"	"CASSFVGDYEQYF"	"AAGATCCAGCCCTCAGAACCCAGGGACTCAGCTGTGTACTTCTGTGCCAGCAGTTTCGTCGGTGACTACGAGCAGTACTTCGGGCCG"	"CASSFVGDYEQYF"	"TCRBV12-3/12-4*1"	"TCRBD2-1"	"TCRBJ2-7*1"	56	59	62	65	3	3	NA	NA	"AAGATCCAGCCCTCAGAACCCAGGGACTCAGCTGTGTACTTCTGTGCCAGCAGTTTCGTCGGTGACTACGAGCAGTACTTCGGGCCG"	FALSE	TRUE	NA	NA	NA	NA
"ACAGTGACCAGTGCCCATCCTGAAGACAGCAGCTTCTACATCTGCAGTGTGGGGGGCAGTAGCAATCAGCCCCAGCATTTTGGTGAT"	"CSVGGSSNQPQHF"	"ACAGTGACCAGTGCCCATCCTGAAGACAGCAGCTTCTACATCTGCAGTGTGGGGGGCAGTAGCAATCAGCCCCAGCATTTTGGTGAT"	"CSVGGSSNQPQHF"	NA	NA	"TCRBJ1-5*1"	49	51	57	59	2	2	NA	NA	"ACAGTGACCAGTGCCCATCCTGAAGACAGCAGCTTCTACATCTGCAGTGTGGGGGGCAGTAGCAATCAGCCCCAGCATTTTGGTGAT"	FALSE	TRUE	NA	NA	NA	NA
"CCTGCAGAACTGGAGGATTCTGGAGTTTATTTCTGTGCCAGCAGCCAAGCGGAGCTAGCGGTTTATAATGAGCAGTTCTTCGGGCCA"	"CASSQAELAVYNEQFF"	"CCTGCAGAACTGGAGGATTCTGGAGTTTATTTCTGTGCCAGCAGCCAAGCGGAGCTAGCGGTTTATAATGAGCAGTTCTTCGGGCCA"	"CASSQAELAVYNEQFF"	"TCRBV14-1*1"	"TCRBD2-1"	"TCRBJ2-1*1"	49	54	61	66	5	5	NA	NA	"CCTGCAGAACTGGAGGATTCTGGAGTTTATTTCTGTGCCAGCAGCCAAGCGGAGCTAGCGGTTTATAATGAGCAGTTCTTCGGGCCA"	FALSE	TRUE	NA	NA	NA	NA
"GAGGACTCCGCCGTGTATCTCTGTGCCAGCAGCCACAGTAACAAAGACAGGGGGCGAGTGTGATGTTACGAGCAGTACTTCGGGCCG"	"CASSHSNKDRGRV*CYEQYF"	"GAGGACTCCGCCGTGTATCTCTGTGCCAGCAGCCACAGTAACAAAGACAGGGGGCGAGTGTGATGTTACGAGCAGTACTTCGGGCCG"	"CASSHSNKDRGRV*CYEQYF"	"TCRBV7-8*3"	"TCRBD1-1*1"	"TCRBJ2-7*1"	34	45	55	66	11	11	NA	NA	"GAGGACTCCGCCGTGTATCTCTGTGCCAGCAGCCACAGTAACAAAGACAGGGGGCGAGTGTGATGTTACGAGCAGTACTTCGGGCCG"	FALSE	TRUE	NA	NA	NA	NA
"CGCCCAGCCCCAACCAGACCTCTCTGTACTTCTGTGCCAGCAGTTCCTATCAGGACAGGGAAATACTATGGCTACACCTTCGGTTCG"	""	"CGCCCAGCCCCAACCAGACCTCTCTGTACTTCTGTGCCAGCAGTTCCTATCAGGACAGGGAAATACTATGGCTACACCTTCGGTTCG"	""	"TCRBV27-1*1"	"TCRBD1-1*1"	"TCRBJ1-2*1"	45	52	60	64	7	4	NA	NA	"CGCCCAGCCCCAACCAGACCTCTCTGTACTTCTGTGCCAGCAGTTCCTATCAGGACAGGGAAATACTATGGCTACACCTTCGGTTCG"	FALSE	FALSE	NA	NA	NA	NA
"GAGTCCGCTACCAGCTCCCAGACATCTGTGTACTTCTGTGCCATCGCGCGAGGACGGGAAATAGACAATGAGCAGTTCTTCGGGCCA"	"CAIARGREIDNEQFF"	"GAGTCCGCTACCAGCTCCCAGACATCTGTGTACTTCTGTGCCATCGCGCGAGGACGGGAAATAGACAATGAGCAGTTCTTCGGGCCA"	"CAIARGREIDNEQFF"	"TCRBV1-3*1"	"TCRBD2-1*2"	"TCRBJ2-1*1"	45	54	59	64	9	5	NA	NA	"GAGTCCGCTACCAGCTCCCAGACATCTGTGTACTTCTGTGCCATCGCGCGAGGACGGGAAATAGACAATGAGCAGTTCTTCGGGCCA"	FALSE	TRUE	NA	NA	NA	NA
"ACAGTGACCAGTGCCCATCCTGAAGACAGCAGCTTCTACATCTGCAGTGCCCCAGCCGTACAAGGAAACACCATATATTTTGGAGAG"	"CSAPAVQGNTIYF"	"ACAGTGACCAGTGCCCATCCTGAAGACAGCAGCTTCTACATCTGCAGTGCCCCAGCCGTACAAGGAAACACCATATATTTTGGAGAG"	"CSAPAVQGNTIYF"	NA	NA	"TCRBJ1-3*1"	50	59	62	63	9	1	NA	NA	"ACAGTGACCAGTGCCCATCCTGAAGACAGCAGCTTCTACATCTGCAGTGCCCCAGCCGTACAAGGAAACACCATATATTTTGGAGAG"	FALSE	TRUE	NA	NA	NA	NA
"GATCCTGGAGTCGCCCAGCCCCAACCAGACCTCTCTGTACTTCTGTGCCAGCACCCCAACCGGGACGGGCCCCAGCATTTTGGTGAT"	""	"GATCCTGGAGTCGCCCAGCCCCAACCAGACCTCTCTGTACTTCTGTGCCAGCACCCCAACCGGGACGGGCCCCAGCATTTTGGTGAT"	""	"TCRBV27-1*1"	NA	"TCRBJ1-5*1"	53	61	66	68	8	2	NA	NA	"GATCCTGGAGTCGCCCAGCCCCAACCAGACCTCTCTGTACTTCTGTGCCAGCACCCCAACCGGGACGGGCCCCAGCATTTTGGTGAT"	FALSE	FALSE	NA	NA	NA	NA
"GCAGCCAGAAGACTCAGCCCTGTATCTCTGCGCCAGCAGCCAAGATCCGCATCGCGTACCGTCTCCTACGAGCAGTACTTCGGGCCG"	""	"GCAGCCAGAAGACTCAGCCCTGTATCTCTGCGCCAGCAGCCAAGATCCGCATCGCGTACCGTCTCCTACGAGCAGTACTTCGGGCCG"	""	"TCRBV4-1*1"	"TCRBD2-1"	"TCRBJ2-7*1"	45	53	56	62	8	6	NA	NA	"GCAGCCAGAAGACTCAGCCCTGTATCTCTGCGCCAGCAGCCAAGATCCGCATCGCGTACCGTCTCCTACGAGCAGTACTTCGGGCCG"	FALSE	FALSE	NA	NA	NA	NA
"GTGACCAGTGCCCATCCTGAAGACAGCAGCTTCTACATCTGCAGTGCGGTCCTTGTAGCGGGAGTCATCGAGCAGTACTTCGGGCCG"	"CSAVLVAGVIEQYF"	"GTGACCAGTGCCCATCCTGAAGACAGCAGCTTCTACATCTGCAGTGCGGTCCTTGTAGCGGGAGTCATCGAGCAGTACTTCGGGCCG"	"CSAVLVAGVIEQYF"	NA	"TCRBD2-1*2"	"TCRBJ2-7*1"	47	55	64	68	8	4	NA	NA	"GTGACCAGTGCCCATCCTGAAGACAGCAGCTTCTACATCTGCAGTGCGGTCCTTGTAGCGGGAGTCATCGAGCAGTACTTCGGGCCG"	FALSE	TRUE	NA	NA	NA	NA
"AGCACCTTGGAGCTGGGGGACTCGGCCCTTTATCTTTGCGCCAGCAGCTGGGGTGGCGGGGGCAAAGATACGCAGTATTTTGGCCCA"	"CASSWGGGGKDTQYF"	"AGCACCTTGGAGCTGGGGGACTCGGCCCTTTATCTTTGCGCCAGCAGCTGGGGTGGCGGGGGCAAAGATACGCAGTATTTTGGCCCA"	"CASSWGGGGKDTQYF"	"TCRBV5-1*1"	"TCRBD2-1*1"	"TCRBJ2-3*1"	49	55	62	65	6	3	NA	NA	"AGCACCTTGGAGCTGGGGGACTCGGCCCTTTATCTTTGCGCCAGCAGCTGGGGTGGCGGGGGCAAAGATACGCAGTATTTTGGCCCA"	FALSE	TRUE	NA	NA	NA	NA
"CTGCAGCCAGAAGACTCAGCCCTGTATCTCTGCGCCAGCAGCCCACCTAGCGGGAGGCCCCCCTACAATGAGCAGTTCTTCGGGCCA"	"CASSPPSGRPPYNEQFF"	"CTGCAGCCAGAAGACTCAGCCCTGTATCTCTGCGCCAGCAGCCCACCTAGCGGGAGGCCCCCCTACAATGAGCAGTTCTTCGGGCCA"	"CASSPPSGRPPYNEQFF"	"TCRBV4-1*1"	"TCRBD2-1*2"	"TCRBJ2-1*1"	43	46	57	61	3	4	NA	NA	"CTGCAGCCAGAAGACTCAGCCCTGTATCTCTGCGCCAGCAGCCCACCTAGCGGGAGGCCCCCCTACAATGAGCAGTTCTTCGGGCCA"	FALSE	TRUE	NA	NA	NA	NA
"CCAGACCTCTCTGTACTTCTGTGCCAGCAGACCCGGGACAGAACTAGCGGGAGGGCCTCTGGGGCCAACGTCCTGACTTTCGGGGCC"	""	"CCAGACCTCTCTGTACTTCTGTGCCAGCAGACCCGGGACAGAACTAGCGGGAGGGCCTCTGGGGCCAACGTCCTGACTTTCGGGGCC"	""	"TCRBV27-1*1"	"TCRBD2-1*2"	"TCRBJ2-6*1"	30	42	55	56	12	1	NA	NA	"CCAGACCTCTCTGTACTTCTGTGCCAGCAGACCCGGGACAGAACTAGCGGGAGGGCCTCTGGGGCCAACGTCCTGACTTTCGGGGCC"	FALSE	FALSE	NA	NA	NA	NA
"CTGGAGTCCGCCAGCACCAACCAGACATCTATGTACCTCTGTGCCAGCAGGGATACAGGGTTTGCCTACGAGCAGTACTTCGGGCCG"	"CASRDTGFAYEQYF"	"CTGGAGTCCGCCAGCACCAACCAGACATCTATGTACCTCTGTGCCAGCAGGGATACAGGGTTTGCCTACGAGCAGTACTTCGGGCCG"	"CASRDTGFAYEQYF"	"TCRBV28-1*1"	"TCRBD1-1*1"	"TCRBJ2-7*1"	50	54	60	64	4	4	NA	NA	"CTGGAGTCCGCCAGCACCAACCAGACATCTATGTACCTCTGTGCCAGCAGGGATACAGGGTTTGCCTACGAGCAGTACTTCGGGCCG"	FALSE	TRUE	NA	NA	NA	NA
"ACGTTGGCGTCTGCTGTACCCTCTCAGACATCTGTGTACTTCTGTGCCAGCAGACGCAGGGAGGGGGCTGAAGCTTTCTTTGGACAA"	"CASRRREGAEAFF"	"ACGTTGGCGTCTGCTGTACCCTCTCAGACATCTGTGTACTTCTGTGCCAGCAGACGCAGGGAGGGGGCTGAAGCTTTCTTTGGACAA"	"CASRRREGAEAFF"	"TCRBV6-4*1"	"TCRBD2-1*2"	"TCRBJ1-1*1"	53	58	65	67	5	2	NA	NA	"ACGTTGGCGTCTGCTGTACCCTCTCAGACATCTGTGTACTTCTGTGCCAGCAGACGCAGGGAGGGGGCTGAAGCTTTCTTTGGACAA"	FALSE	TRUE	NA	NA	NA	NA
"CAGCGCACAGAGCGGGGGGACTCAGCCGTGTATCTCTGTGCCAGCAGCGGGGGTACTAGCAGCACAGATACGCAGTATTTTGGCCCA"	"CASSGGTSSTDTQYF"	"CAGCGCACAGAGCGGGGGGACTCAGCCGTGTATCTCTGTGCCAGCAGCGGGGGTACTAGCAGCACAGATACGCAGTATTTTGGCCCA"	"CASSGGTSSTDTQYF"	"TCRBV7-3*1"	"TCRBD2-1"	"TCRBJ2-3*1"	48	54	-1	60	6	61	NA	NA	"CAGCGCACAGAGCGGGGGGACTCAGCCGTGTATCTCTGTGCCAGCAGCGGGGGTACTAGCAGCACAGATACGCAGTATTTTGGCCCA"	FALSE	TRUE	NA	NA	NA	NA
"CGGTCCACAAAGCTGGAGGACTCAGCCATGTACTTCTGTGCCAGCAGGGATAGGGACAGAATGAACACTGAAGCTTTCTTTGGACAA"	"CASRDRDRMNTEAFF"	"CGGTCCACAAAGCTGGAGGACTCAGCCATGTACTTCTGTGCCAGCAGGGATAGGGACAGAATGAACACTGAAGCTTTCTTTGGACAA"	"CASRDRDRMNTEAFF"	"TCRBV2-1"	"TCRBD1-1*1"	"TCRBJ1-1*1"	47	52	59	61	5	2	NA	NA	"CGGTCCACAAAGCTGGAGGACTCAGCCATGTACTTCTGTGCCAGCAGGGATAGGGACAGAATGAACACTGAAGCTTTCTTTGGACAA"	FALSE	TRUE	NA	NA	NA	NA
"TCTACTCTGAAGATCCAGCGCACAGAGCGGGGGGACTCAGCCGTGTATCTCTGTGCCAGCAGCCGAGACAGCTACACCTTCGGTTCG"	"CASSRDSYTF"	"TCTACTCTGAAGATCCAGCGCACAGAGCGGGGGGACTCAGCCGTGTATCTCTGTGCCAGCAGCCGAGACAGCTACACCTTCGGTTCG"	"CASSRDSYTF"	"TCRBV7-3*1"	"TCRBD1-1*1"	"TCRBJ1-2*1"	63	66	-1	70	3	71	NA	NA	"TCTACTCTGAAGATCCAGCGCACAGAGCGGGGGGACTCAGCCGTGTATCTCTGTGCCAGCAGCCGAGACAGCTACACCTTCGGTTCG"	FALSE	TRUE	NA	NA	NA	NA
"CCAGCTCCCAGACATCTGTGTACTTCTGTGCCATCAGTGACTAGCGGGAGGGAAAAAAGCTCCTACAATGAGCAGTTCTTCGGGCCA"	""	"CCAGCTCCCAGACATCTGTGTACTTCTGTGCCATCAGTGACTAGCGGGAGGGAAAAAAGCTCCTACAATGAGCAGTTCTTCGGGCCA"	""	"TCRBV1-3*1"	"TCRBD2-1*2"	"TCRBJ2-1*1"	-1	40	52	59	41	7	NA	NA	"CCAGCTCCCAGACATCTGTGTACTTCTGTGCCATCAGTGACTAGCGGGAGGGAAAAAAGCTCCTACAATGAGCAGTTCTTCGGGCCA"	FALSE	FALSE	NA	NA	NA	NA
"CAGCGCACACAGCAGGAGGACTCCGCCGTGTATCTCTGTGCCAGCACCGGATCGGTAGCGGGACGAGAGACCCAGTACTTCGGGCCA"	"CASTGSVAGRETQYF"	"CAGCGCACACAGCAGGAGGACTCCGCCGTGTATCTCTGTGCCAGCACCGGATCGGTAGCGGGACGAGAGACCCAGTACTTCGGGCCA"	"CASTGSVAGRETQYF"	"TCRBV7-8"	"TCRBD2-1*2"	"TCRBJ2-5*1"	46	55	63	65	9	2	NA	NA	"CAGCGCACACAGCAGGAGGACTCCGCCGTGTATCTCTGTGCCAGCACCGGATCGGTAGCGGGACGAGAGACCCAGTACTTCGGGCCA"	FALSE	TRUE	NA	NA	NA	NA
"GTCGGCTGCTCCCTCCCAGACATCTGTGTACTTCTGTGCCAGCAGTGAATCCCGGGATTCAAGACCGGGGAGCTGTTTTTTGGAGAA"	""	"GTCGGCTGCTCCCTCCCAGACATCTGTGTACTTCTGTGCCAGCAGTGAATCCCGGGATTCAAGACCGGGGAGCTGTTTTTTGGAGAA"	""	"TCRBV6-1*1"	"TCRBD2-1*2"	"TCRBJ2-2*1"	49	52	57	63	3	6	NA	NA	"GTCGGCTGCTCCCTCCCAGACATCTGTGTACTTCTGTGCCAGCAGTGAATCCCGGGATTCAAGACCGGGGAGCTGTTTTTTGGAGAA"	FALSE	FALSE	NA	NA	NA	NA
"ATCAATTCCCTGGAGCTTGGTGACTCTGCTGTGTATTTCTGTGCCAGCAGCCAAGGCGATGCGAACACTGAAGCTTTCTTTGGACAA"	"CASSQGDANTEAFF"	"ATCAATTCCCTGGAGCTTGGTGACTCTGCTGTGTATTTCTGTGCCAGCAGCCAAGGCGATGCGAACACTGAAGCTTTCTTTGGACAA"	"CASSQGDANTEAFF"	"TCRBV3-1/3-2*1"	"TCRBD2-1"	"TCRBJ1-1*1"	-1	55	58	62	56	4	NA	NA	"ATCAATTCCCTGGAGCTTGGTGACTCTGCTGTGTATTTCTGTGCCAGCAGCCAAGGCGATGCGAACACTGAAGCTTTCTTTGGACAA"	FALSE	TRUE	NA	NA	NA	NA
"CCAGAAGACTCGGCCCTGTATCTCTGTGCCAGCAGCCAAGAGGGCCCCAGCGCGACCTTTCTAAACAATGAGCAGTTCTTCGGGCCA"	"CASSQEGPSATFLNNEQFF"	"CCAGAAGACTCGGCCCTGTATCTCTGTGCCAGCAGCCAAGAGGGCCCCAGCGCGACCTTTCTAAACAATGAGCAGTTCTTCGGGCCA"	"CASSQEGPSATFLNNEQFF"	"TCRBV4-2*1"	NA	"TCRBJ2-1*1"	-1	41	45	64	42	19	NA	NA	"CCAGAAGACTCGGCCCTGTATCTCTGTGCCAGCAGCCAAGAGGGCCCCAGCGCGACCTTTCTAAACAATGAGCAGTTCTTCGGGCCA"	FALSE	TRUE	NA	NA	NA	NA
"CCCCAACCAGACCTCTCTGTACTTCTGTGCCAGCAGCACAGGGGGACCTCTAGCGTAACTAGCACAGATACGCAGTATTTTGGCCCA"	""	"CCCCAACCAGACCTCTCTGTACTTCTGTGCCAGCAGCACAGGGGGACCTCTAGCGTAACTAGCACAGATACGCAGTATTTTGGCCCA"	""	"TCRBV27-1*1"	"TCRBD1-1*1"	"TCRBJ2-3*1"	36	37	45	60	1	15	NA	NA	"CCCCAACCAGACCTCTCTGTACTTCTGTGCCAGCAGCACAGGGGGACCTCTAGCGTAACTAGCACAGATACGCAGTATTTTGGCCCA"	FALSE	FALSE	NA	NA	NA	NA
"ATCAATTCCCTGGAGCTTGGTGACTCTGCTGTGTATTTCTGTGCCAGCAGCCACAGTCTGGGCGTAGATACGCAGTATTTTGGCCCA"	"CASSHSLGVDTQYF"	"ATCAATTCCCTGGAGCTTGGTGACTCTGCTGTGTATTTCTGTGCCAGCAGCCACAGTCTGGGCGTAGATACGCAGTATTTTGGCCCA"	"CASSHSLGVDTQYF"	"TCRBV3-1/3-2*1"	"TCRBD1-1*1"	"TCRBJ2-3*1"	53	59	63	65	6	2	NA	NA	"ATCAATTCCCTGGAGCTTGGTGACTCTGCTGTGTATTTCTGTGCCAGCAGCCACAGTCTGGGCGTAGATACGCAGTATTTTGGCCCA"	FALSE	TRUE	NA	NA	NA	NA
"AATGTGAGCACCTTGGAGCTGGGGGACTCGGCCCTTTATCTTTGCGCCAGCAGCTTGTTTTCAGTCGACGAGCAGTACTTCGGGCCG"	"CASSLFSVDEQYF"	"AATGTGAGCACCTTGGAGCTGGGGGACTCGGCCCTTTATCTTTGCGCCAGCAGCTTGTTTTCAGTCGACGAGCAGTACTTCGGGCCG"	"CASSLFSVDEQYF"	"TCRBV5-1*1"	"TCRBD1-1*1"	"TCRBJ2-7*1"	57	61	64	67	4	3	NA	NA	"AATGTGAGCACCTTGGAGCTGGGGGACTCGGCCCTTTATCTTTGCGCCAGCAGCTTGTTTTCAGTCGACGAGCAGTACTTCGGGCCG"	FALSE	TRUE	NA	NA	NA	NA
"TCCAGCGCACAGAGCGGGGGGACTCAGCCGTGTATCTCTGTGCCAGCAGCTTACGGGGGGCGGACAGATACGCAGTATTTTGGCCCA"	""	"TCCAGCGCACAGAGCGGGGGGACTCAGCCGTGTATCTCTGTGCCAGCAGCTTACGGGGGGCGGACAGATACGCAGTATTTTGGCCCA"	""	"TCRBV7-3*1"	"TCRBD2-1*1"	"TCRBJ2-3*1"	-1	53	60	63	54	3	NA	NA	"TCCAGCGCACAGAGCGGGGGGACTCAGCCGTGTATCTCTGTGCCAGCAGCTTACGGGGGGCGGACAGATACGCAGTATTTTGGCCCA"	FALSE	FALSE	NA	NA	NA	NA
"CTGGAGTCGCCCAGCCCCAACCAGACCTCTCTGTACTTCTGTGCCAGCAGTTTAGTAGGGGGCTTGAACGAGCAGTACTTCGGGCCG"	"CASSLVGGLNEQYF"	"CTGGAGTCGCCCAGCCCCAACCAGACCTCTCTGTACTTCTGTGCCAGCAGTTTAGTAGGGGGCTTGAACGAGCAGTACTTCGGGCCG"	"CASSLVGGLNEQYF"	"TCRBV27-1*1"	"TCRBD1-1*1"	"TCRBJ2-7*1"	54	56	63	67	2	4	NA	NA	"CTGGAGTCGCCCAGCCCCAACCAGACCTCTCTGTACTTCTGTGCCAGCAGTTTAGTAGGGGGCTTGAACGAGCAGTACTTCGGGCCG"	FALSE	TRUE	NA	NA	NA	NA
"AAGATCCAGCCTGCAAAGCTTGAGGACTCGGCCGTGTATCTCTGTGCCAGCAGCCTCAGGGGGGCTAGCGAGCAGTACTTCGGGCCG"	"CASSLRGASEQYF"	"AAGATCCAGCCTGCAAAGCTTGAGGACTCGGCCGTGTATCTCTGTGCCAGCAGCCTCAGGGGGGCTAGCGAGCAGTACTTCGGGCCG"	"CASSLRGASEQYF"	"TCRBV11-2*1"	"TCRBD1-1*1"	"TCRBJ2-7*1"	54	56	63	68	2	5	NA	NA	"AAGATCCAGCCTGCAAAGCTTGAGGACTCGGCCGTGTATCTCTGTGCCAGCAGCCTCAGGGGGGCTAGCGAGCAGTACTTCGGGCCG"	FALSE	TRUE	NA	NA	NA	NA
"CGCACAGAGCAGGGGGACTCGGCCATGTATCTCTGTGCCAGCTTCCGGGGTAGCGGGAGTCACACCGGGGAGCTGTTTTTTGGAGAA"	"CASFRGSGSHTGELFF"	"CGCACAGAGCAGGGGGACTCGGCCATGTATCTCTGTGCCAGCTTCCGGGGTAGCGGGAGTCACACCGGGGAGCTGTTTTTTGGAGAA"	"CASFRGSGSHTGELFF"	"TCRBV7-9"	"TCRBD2-1*2"	"TCRBJ2-2*1"	42	50	59	61	8	2	NA	NA	"CGCACAGAGCAGGGGGACTCGGCCATGTATCTCTGTGCCAGCTTCCGGGGTAGCGGGAGTCACACCGGGGAGCTGTTTTTTGGAGAA"	FALSE	TRUE	NA	NA	NA	NA
"ACTCTGGAGTCCGCTACCAGCTCCCAGACATCTGTGTACTTCTGTGCCATCCGGGACCGTATTAACTATGGCTACACCTTCGGTTCG"	"CAIRDRINYGYTF"	"ACTCTGGAGTCCGCTACCAGCTCCCAGACATCTGTGTACTTCTGTGCCATCCGGGACCGTATTAACTATGGCTACACCTTCGGTTCG"	"CAIRDRINYGYTF"	"TCRBV1-3*1"	NA	"TCRBJ1-2*1"	51	52	57	62	1	5	NA	NA	"ACTCTGGAGTCCGCTACCAGCTCCCAGACATCTGTGTACTTCTGTGCCATCCGGGACCGTATTAACTATGGCTACACCTTCGGTTCG"	FALSE	TRUE	NA	NA	NA	NA
"CCTGCAGAGCTTGGGGACTCGGCCGTGTATCTCTGTGCCAGCAGCACCCGACTAGCGGGAGTATATAATGAGCAGTTCTTCGGGCCA"	"CASSTRLAGVYNEQFF"	"CCTGCAGAGCTTGGGGACTCGGCCGTGTATCTCTGTGCCAGCAGCACCCGACTAGCGGGAGTATATAATGAGCAGTTCTTCGGGCCA"	"CASSTRLAGVYNEQFF"	"TCRBV11-3*1"	"TCRBD2-1*2"	"TCRBJ2-1*1"	45	49	61	66	4	5	NA	NA	"CCTGCAGAGCTTGGGGACTCGGCCGTGTATCTCTGTGCCAGCAGCACCCGACTAGCGGGAGTATATAATGAGCAGTTCTTCGGGCCA"	FALSE	TRUE	NA	NA	NA	NA
"GCCTTGTTGCTGGGGGACTCGGCCCTCTATCTCTGTGCCAGCAGCTTTAGGACAGGGGCCGCCGGGAAGACCCAGTACTTCGGGCCA"	"CASSFRTGAAGKTQYF"	"GCCTTGTTGCTGGGGGACTCGGCCCTCTATCTCTGTGCCAGCAGCTTTAGGACAGGGGCCGCCGGGAAGACCCAGTACTTCGGGCCA"	"CASSFRTGAAGKTQYF"	"TCRBV5-6*1"	"TCRBD1-1*1"	"TCRBJ2-5*1"	47	49	58	67	2	9	NA	NA	"GCCTTGTTGCTGGGGGACTCGGCCCTCTATCTCTGTGCCAGCAGCTTTAGGACAGGGGCCGCCGGGAAGACCCAGTACTTCGGGCCA"	FALSE	TRUE	NA	NA	NA	NA
"CTGGAGTCGCCCAGCCCCAACCAGACCTCTCTGTACTTCTGTGCCAGCAGTTTTCGGGGCTCTGGAAACACCATATATTTTGGAGAG"	"CASSFRGSGNTIYF"	"CTGGAGTCGCCCAGCCCCAACCAGACCTCTCTGTACTTCTGTGCCAGCAGTTTTCGGGGCTCTGGAAACACCATATATTTTGGAGAG"	"CASSFRGSGNTIYF"	"TCRBV27-1*1"	"TCRBD2-1*1"	"TCRBJ1-3*1"	53	54	-1	59	1	60	NA	NA	"CTGGAGTCGCCCAGCCCCAACCAGACCTCTCTGTACTTCTGTGCCAGCAGTTTTCGGGGCTCTGGAAACACCATATATTTTGGAGAG"	FALSE	TRUE	NA	NA	NA	NA
"ATCCAGCCTGCAGAGCTTGGGGACTCGGCCGTGTATCTCTGTGCCAGCATCCAGACAGGGAGGTTCACTGAAGCTTTCTTTGGACAA"	"CASIQTGRFTEAFF"	"ATCCAGCCTGCAGAGCTTGGGGACTCGGCCGTGTATCTCTGTGCCAGCATCCAGACAGGGAGGTTCACTGAAGCTTTCTTTGGACAA"	"CASIQTGRFTEAFF"	"TCRBV11-3*1"	"TCRBD1-1*1"	"TCRBJ1-1*1"	49	53	60	65	4	5	NA	NA	"ATCCAGCCTGCAGAGCTTGGGGACTCGGCCGTGTATCTCTGTGCCAGCATCCAGACAGGGAGGTTCACTGAAGCTTTCTTTGGACAA"	FALSE	TRUE	NA	NA	NA	NA
"TCACTCTGGAGTCTGCTGCCTCCTCCCAGACATCTGTATATTTCTGCGCCAGCAGTGAGGGCGGTCTACGAGCAGTACTTCGGGCCG"	""	"TCACTCTGGAGTCTGCTGCCTCCTCCCAGACATCTGTATATTTCTGCGCCAGCAGTGAGGGCGGTCTACGAGCAGTACTTCGGGCCG"	""	"TCRBV1-1*1"	"TCRBD2-1"	"TCRBJ2-7*1"	59	60	64	65	1	1	NA	NA	"TCACTCTGGAGTCTGCTGCCTCCTCCCAGACATCTGTATATTTCTGCGCCAGCAGTGAGGGCGGTCTACGAGCAGTACTTCGGGCCG"	FALSE	FALSE	NA	NA	NA	NA
"ACTCTGGAGTCCGCTACCAGCTCCCAGACATCTGTGTACTTCTGTGCCATCAGTGAACGGGGAAACTATGGCTACACCTTCGGTTCG"	"CAISERGNYGYTF"	"ACTCTGGAGTCCGCTACCAGCTCCCAGACATCTGTGTACTTCTGTGCCATCAGTGAACGGGGAAACTATGGCTACACCTTCGGTTCG"	"CAISERGNYGYTF"	"TCRBV1-3*1"	"TCRBD2-1*1"	"TCRBJ1-2*1"	56	57	62	63	1	1	NA	NA	"ACTCTGGAGTCCGCTACCAGCTCCCAGACATCTGTGTACTTCTGTGCCATCAGTGAACGGGGAAACTATGGCTACACCTTCGGTTCG"	FALSE	TRUE	NA	NA	NA	NA
"AACCTTCACCTACACGCCCTGCAGCCAGAAGACTCAGCCCTGTATCTCTGCGCCAGCAGCCAAGGGTACGAGCAGTACTTCGGGCCG"	"CASSQGYEQYF"	"AACCTTCACCTACACGCCCTGCAGCCAGAAGACTCAGCCCTGTATCTCTGCGCCAGCAGCCAAGGGTACGAGCAGTACTTCGGGCCG"	"CASSQGYEQYF"	"TCRBV4-1*1"	NA	"TCRBJ2-7*1"	-1	64	-1	66	65	67	NA	NA	"AACCTTCACCTACACGCCCTGCAGCCAGAAGACTCAGCCCTGTATCTCTGCGCCAGCAGCCAAGGGTACGAGCAGTACTTCGGGCCG"	FALSE	TRUE	NA	NA	NA	NA
"NTGTCGGCTGCTCCCTCCCAGACATCTGTGTACTTCTGTGCCAGCAGTGCCGAGAGCTCTGGGGCCAACGTCCTGACTTTCGGGGCC"	"CASSAESSGANVLTF"	"NTGTCGGCTGCTCCCTCCCAGACATCTGTGTACTTCTGTGCCAGCAGTGCCGAGAGCTCTGGGGCCAACGTCCTGACTTTCGGGGCC"	"CASSAESSGANVLTF"	NA	"TCRBD2-1*2"	"TCRBJ2-6*1"	49	51	54	56	2	2	NA	NA	"NTGTCGGCTGCTCCCTCCCAGACATCTGTGTACTTCTGTGCCAGCAGTGCCGAGAGCTCTGGGGCCAACGTCCTGACTTTCGGGGCC"	FALSE	TRUE	NA	NA	NA	NA
"CTGGACGACTCGGCCCTGTATCTCTGTGCCAGCAGCTTGTACGGCCAGTTGGGAGTCCCTAACCCCAGCGAGCAGTACTTCGGGCCG"	"CASSLYGQLGVPNPSEQYF"	"CTGGACGACTCGGCCCTGTATCTCTGTGCCAGCAGCTTGTACGGCCAGTTGGGAGTCCCTAACCCCAGCGAGCAGTACTTCGGGCCG"	"CASSLYGQLGVPNPSEQYF"	"TCRBV5-4*1"	"TCRBD2-1*2"	"TCRBJ2-7*1"	39	50	55	68	11	13	NA	NA	"CTGGACGACTCGGCCCTGTATCTCTGTGCCAGCAGCTTGTACGGCCAGTTGGGAGTCCCTAACCCCAGCGAGCAGTACTTCGGGCCG"	FALSE	TRUE	NA	NA	NA	NA
"ACCTTGGAGCTGGGGGACTCGGCCCTTTATCTTTGCGCCAGCAGCTTGTTCCCGGGGGTAATAACAGATACGCAGTATTTTGGCCCA"	"CASSLFPGVITDTQYF"	"ACCTTGGAGCTGGGGGACTCGGCCCTTTATCTTTGCGCCAGCAGCTTGTTCCCGGGGGTAATAACAGATACGCAGTATTTTGGCCCA"	"CASSLFPGVITDTQYF"	"TCRBV5-1*1"	"TCRBD2-1*1"	"TCRBJ2-3*1"	48	52	58	63	4	5	NA	NA	"ACCTTGGAGCTGGGGGACTCGGCCCTTTATCTTTGCGCCAGCAGCTTGTTCCCGGGGGTAATAACAGATACGCAGTATTTTGGCCCA"	FALSE	TRUE	NA	NA	NA	NA
"TTGGAGCTGGACGACTCGGCCCTGTATCTCTGTGCCAGCAGCAACGCCGGGACAGGGGGCGCCCACTATGGCTACACCTTCGGTTCG"	"CASSNAGTGGAHYGYTF"	"TTGGAGCTGGACGACTCGGCCCTGTATCTCTGTGCCAGCAGCAACGCCGGGACAGGGGGCGCCCACTATGGCTACACCTTCGGTTCG"	"CASSNAGTGGAHYGYTF"	"TCRBV5-4*1"	"TCRBD1-1*1"	"TCRBJ1-2*1"	42	48	60	64	6	4	NA	NA	"TTGGAGCTGGACGACTCGGCCCTGTATCTCTGTGCCAGCAGCAACGCCGGGACAGGGGGCGCCCACTATGGCTACACCTTCGGTTCG"	FALSE	TRUE	NA	NA	NA	NA
"CAGCCCTCAGAACCCAGGGACTCAGCTGTGTACTTCTGTGCCAGCAGTTTGGCTACAAGAAGCAATCAGCCCCAGCATTTTGGTGAT"	"CASSLATRSNQPQHF"	"CAGCCCTCAGAACCCAGGGACTCAGCTGTGTACTTCTGTGCCAGCAGTTTGGCTACAAGAAGCAATCAGCCCCAGCATTTTGGTGAT"	"CASSLATRSNQPQHF"	NA	NA	"TCRBJ1-5*1"	50	54	57	60	4	3	NA	NA	"CAGCCCTCAGAACCCAGGGACTCAGCTGTGTACTTCTGTGCCAGCAGTTTGGCTACAAGAAGCAATCAGCCCCAGCATTTTGGTGAT"	FALSE	TRUE	NA	NA	NA	NA
"CTGGAGTCGCCCAGCCCCAACCAGACCTCTCTGTACTTCTGTGCCAGCAGCCGGGACTACAACACCGGGGAGCTGTTTTTTGGAGAA"	"CASSRDYNTGELFF"	"CTGGAGTCGCCCAGCCCCAACCAGACCTCTCTGTACTTCTGTGCCAGCAGCCGGGACTACAACACCGGGGAGCTGTTTTTTGGAGAA"	"CASSRDYNTGELFF"	"TCRBV27-1*1"	"TCRBD2-1"	"TCRBJ2-2*1"	50	52	59	60	2	1	NA	NA	"CTGGAGTCGCCCAGCCCCAACCAGACCTCTCTGTACTTCTGTGCCAGCAGCCGGGACTACAACACCGGGGAGCTGTTTTTTGGAGAA"	FALSE	TRUE	NA	NA	NA	NA
"GGACTCGGCCGTGTATCTCTGTGCCAGCAGCTTAGCGTAACCGGGACTAGCGGGAGGGCCAGTGTCTACGAGCAGTACTTCGGGCCG"	""	"GGACTCGGCCGTGTATCTCTGTGCCAGCAGCTTAGCGTAACCGGGACTAGCGGGAGGGCCAGTGTCTACGAGCAGTACTTCGGGCCG"	""	"TCRBV7-2"	"TCRBD2-1*2"	"TCRBJ2-7*1"	36	42	58	65	6	7	NA	NA	"GGACTCGGCCGTGTATCTCTGTGCCAGCAGCTTAGCGTAACCGGGACTAGCGGGAGGGCCAGTGTCTACGAGCAGTACTTCGGGCCG"	FALSE	FALSE	NA	NA	NA	NA
"ATGAATGTGAGCACCTTGGAGCTGGGGGACTCGGCCCTTTATCTTTGCGCCAGCAGCTTGGAGGGCCATACGCAGTATTTTGGCCCA"	"CASSLEGHTQYF"	"ATGAATGTGAGCACCTTGGAGCTGGGGGACTCGGCCCTTTATCTTTGCGCCAGCAGCTTGGAGGGCCATACGCAGTATTTTGGCCCA"	"CASSLEGHTQYF"	"TCRBV5-1*1"	NA	"TCRBJ2-3*1"	-1	61	65	67	62	2	NA	NA	"ATGAATGTGAGCACCTTGGAGCTGGGGGACTCGGCCCTTTATCTTTGCGCCAGCAGCTTGGAGGGCCATACGCAGTATTTTGGCCCA"	FALSE	TRUE	NA	NA	NA	NA
"GGAGATCCAGTCCACGGAGTCAGGGGACACAGCACTGTATTTCTGTGCCAGAGGACAGTACACAATGGGCCCCAGCATTTTGGTGAT"	""	"GGAGATCCAGTCCACGGAGTCAGGGGACACAGCACTGTATTTCTGTGCCAGAGGACAGTACACAATGGGCCCCAGCATTTTGGTGAT"	""	"TCRBV21-1*1"	"TCRBD1-1*1"	"TCRBJ1-5*1"	51	52	58	68	1	10	NA	NA	"GGAGATCCAGTCCACGGAGTCAGGGGACACAGCACTGTATTTCTGTGCCAGAGGACAGTACACAATGGGCCCCAGCATTTTGGTGAT"	FALSE	FALSE	NA	NA	NA	NA
"AAGATCCGGTCCACAAAGCTGGAGGACTCAGCCATGTACTTCTGTGCCAGCAGTGTCAAGGTTTTCACTGAAGCTTTCTTTGGACAA"	"CASSVKVFTEAFF"	"AAGATCCGGTCCACAAAGCTGGAGGACTCAGCCATGTACTTCTGTGCCAGCAGTGTCAAGGTTTTCACTGAAGCTTTCTTTGGACAA"	"CASSVKVFTEAFF"	"TCRBV2-1"	NA	"TCRBJ1-1*1"	55	58	61	65	3	4	NA	NA	"AAGATCCGGTCCACAAAGCTGGAGGACTCAGCCATGTACTTCTGTGCCAGCAGTGTCAAGGTTTTCACTGAAGCTTTCTTTGGACAA"	FALSE	TRUE	NA	NA	NA	NA
"TCAGCCCTGTATCTCTGCGCCAGCAGCCAAAGCCTCACCACAAGGGAGGAGAGGGTAGTGGCTAATGAAAAACTGTTTTTTGGCAGT"	"CASSQSLTTREERVVANEKLFF"	"TCAGCCCTGTATCTCTGCGCCAGCAGCCAAAGCCTCACCACAAGGGAGGAGAGGGTAGTGGCTAATGAAAAACTGTTTTTTGGCAGT"	"CASSQSLTTREERVVANEKLFF"	"TCRBV4-1*1"	"TCRBD2-1*2"	"TCRBJ1-4*1"	30	43	49	61	13	12	NA	NA	"TCAGCCCTGTATCTCTGCGCCAGCAGCCAAAGCCTCACCACAAGGGAGGAGAGGGTAGTGGCTAATGAAAAACTGTTTTTTGGCAGT"	FALSE	TRUE	NA	NA	NA	NA
"TCCACAAAGCTGGAGGACTCAGCCATGTACTTCTGTGCCAGCAGTGTAGTCTCCGGGGGCCTCTACAATGAGCAGTTCTTCGGGCCA"	"CASSVVSGGLYNEQFF"	"TCCACAAAGCTGGAGGACTCAGCCATGTACTTCTGTGCCAGCAGTGTAGTCTCCGGGGGCCTCTACAATGAGCAGTTCTTCGGGCCA"	"CASSVVSGGLYNEQFF"	"TCRBV2-1"	NA	"TCRBJ2-1*1"	46	54	60	62	8	2	NA	NA	"TCCACAAAGCTGGAGGACTCAGCCATGTACTTCTGTGCCAGCAGTGTAGTCTCCGGGGGCCTCTACAATGAGCAGTTCTTCGGGCCA"	FALSE	TRUE	NA	NA	NA	NA
"CACTCTGGAGTCTGCTGCCTCCTCCCAGACATCTGTATATTTCTGCGCCAGCCCCGAGGACAGGGCGACGAGCAGTACTTCGGGCCG"	""	"CACTCTGGAGTCTGCTGCCTCCTCCCAGACATCTGTATATTTCTGCGCCAGCCCCGAGGACAGGGCGACGAGCAGTACTTCGGGCCG"	""	"TCRBV1-1*1"	"TCRBD1-1*1"	"TCRBJ2-7*1"	52	57	65	67	5	2	NA	NA	"CACTCTGGAGTCTGCTGCCTCCTCCCAGACATCTGTATATTTCTGCGCCAGCCCCGAGGACAGGGCGACGAGCAGTACTTCGGGCCG"	FALSE	FALSE	NA	NA	NA	NA
"CTGAAGATCCAGCGCACACAGCAGGAGGACTCCGCCGTGTATCTCTGTGCCAGCAGCCGGGAGGACTATGGCTACACCTTCGGTTCG"	"CASSREDYGYTF"	"CTGAAGATCCAGCGCACACAGCAGGAGGACTCCGCCGTGTATCTCTGTGCCAGCAGCCGGGAGGACTATGGCTACACCTTCGGTTCG"	"CASSREDYGYTF"	"TCRBV7-8*3"	"TCRBD2-1*2"	"TCRBJ1-2*1"	-1	59	-1	64	60	65	NA	NA	"CTGAAGATCCAGCGCACACAGCAGGAGGACTCCGCCGTGTATCTCTGTGCCAGCAGCCGGGAGGACTATGGCTACACCTTCGGTTCG"	FALSE	TRUE	NA	NA	NA	NA
"NTGTCGGCTGCTCCCTCCCAGACATCTGTGTACTTCTGTGCCAGCAGTTACTCCGACGGACTAGGAAACACCATATATTTTGGAGAG"	"CASSYSDGLGNTIYF"	"NTGTCGGCTGCTCCCTCCCAGACATCTGTGTACTTCTGTGCCAGCAGTTACTCCGACGGACTAGGAAACACCATATATTTTGGAGAG"	"CASSYSDGLGNTIYF"	"TCRBV6-5*1"	"TCRBD2-1"	"TCRBJ1-3*1"	53	57	-1	63	4	64	NA	NA	"NTGTCGGCTGCTCCCTCCCAGACATCTGTGTACTTCTGTGCCAGCAGTTACTCCGACGGACTAGGAAACACCATATATTTTGGAGAG"	FALSE	TRUE	NA	NA	NA	NA
"CAGCGCACAGAGCAGGAGGACTCGGCCGTGTATCTCTGTGCCAGCAGCTTGGCTAGCGGGAGGCTGTACGAGCAGTACTTCGGGCCG"	"CASSLASGRLYEQYF"	"CAGCGCACAGAGCAGGAGGACTCGGCCGTGTATCTCTGTGCCAGCAGCTTGGCTAGCGGGAGGCTGTACGAGCAGTACTTCGGGCCG"	"CASSLASGRLYEQYF"	"TCRBV7-2"	"TCRBD2-1*2"	"TCRBJ2-7*1"	50	52	63	66	2	3	NA	NA	"CAGCGCACAGAGCAGGAGGACTCGGCCGTGTATCTCTGTGCCAGCAGCTTGGCTAGCGGGAGGCTGTACGAGCAGTACTTCGGGCCG"	FALSE	TRUE	NA	NA	NA	NA
"AAGATCCAGCCTGCAGAGCTTGGGGACTCGGCCGTGTATCTCTGTGCCAGCAGCTTAGAGGGTAACACTGAAGCTTTCTTTGGACAA"	"CASSLEGNTEAFF"	"AAGATCCAGCCTGCAGAGCTTGGGGACTCGGCCGTGTATCTCTGTGCCAGCAGCTTAGAGGGTAACACTGAAGCTTTCTTTGGACAA"	"CASSLEGNTEAFF"	"TCRBV11-3*1"	NA	"TCRBJ1-1*1"	-1	59	62	63	60	1	NA	NA	"AAGATCCAGCCTGCAGAGCTTGGGGACTCGGCCGTGTATCTCTGTGCCAGCAGCTTAGAGGGTAACACTGAAGCTTTCTTTGGACAA"	FALSE	TRUE	NA	NA	NA	NA
"TACACACCCTGCAGCCAGAAGACTCGGCCCTGTATCTCTGCGCCAGCAGCCCCTCACGAGGGGGGGTACATTCAGTACTTCGGCGCC"	""	"TACACACCCTGCAGCCAGAAGACTCGGCCCTGTATCTCTGCGCCAGCAGCCCCTCACGAGGGGGGGTACATTCAGTACTTCGGCGCC"	""	"TCRBV4-3*1"	"TCRBD2-1*1"	"TCRBJ2-4*1"	51	59	66	67	8	1	NA	NA	"TACACACCCTGCAGCCAGAAGACTCGGCCCTGTATCTCTGCGCCAGCAGCCCCTCACGAGGGGGGGTACATTCAGTACTTCGGCGCC"	FALSE	FALSE	NA	NA	NA	NA
"TCTGCCATCCCCAACCAGACAGCTCTTTACTTCTGTGCCACCAGTGAAAGGGACCAAGGACCCTACTACGAGCAGTACTTCGGGCCG"	"CATSERDQGPYYEQYF"	"TCTGCCATCCCCAACCAGACAGCTCTTTACTTCTGTGCCACCAGTGAAAGGGACCAAGGACCCTACTACGAGCAGTACTTCGGGCCG"	"CATSERDQGPYYEQYF"	"TCRBV24-1*1"	NA	"TCRBJ2-7*1"	47	49	54	65	2	11	NA	NA	"TCTGCCATCCCCAACCAGACAGCTCTTTACTTCTGTGCCACCAGTGAAAGGGACCAAGGACCCTACTACGAGCAGTACTTCGGGCCG"	FALSE	TRUE	NA	NA	NA	NA
"ACCCAGGGACTCAGCTGTGTACTTCTGTGCCAGCAGGCCTCACTAGCGGGAGGGCCCCGAACCGCCTACGAGCAGTACTTCGGGCCG"	""	"ACCCAGGGACTCAGCTGTGTACTTCTGTGCCAGCAGGCCTCACTAGCGGGAGGGCCCCGAACCGCCTACGAGCAGTACTTCGGGCCG"	""	NA	"TCRBD2-1*2"	"TCRBJ2-7*1"	36	41	54	64	5	10	NA	NA	"ACCCAGGGACTCAGCTGTGTACTTCTGTGCCAGCAGGCCTCACTAGCGGGAGGGCCCCGAACCGCCTACGAGCAGTACTTCGGGCCG"	FALSE	FALSE	NA	NA	NA	NA
"CTGGAGTCCGCCAGCACCAACCAGACATCTATGTACCCCTGTGCCAGCAGTTTGGGCAGGCCGGGGCACGAGCAGTACTTCGGGCCG"	"CASSLGRPGHEQYF"	"CTGGAGTCCGCCAGCACCAACCAGACATCTATGTACCCCTGTGCCAGCAGTTTGGGCAGGCCGGGGCACGAGCAGTACTTCGGGCCG"	"CASSLGRPGHEQYF"	"TCRBV28-1*1"	NA	"TCRBJ2-7*1"	53	62	-1	67	9	68	NA	NA	"CTGGAGTCCGCCAGCACCAACCAGACATCTATGTACCCCTGTGCCAGCAGTTTGGGCAGGCCGGGGCACGAGCAGTACTTCGGGCCG"	FALSE	TRUE	NA	NA	NA	NA
"CGCACAGAGCAGGAGGACTCGGCCGTGTATCTCTGTGCCAGCAGCTTATCTTCCGGGGTCAGAGGCACTGAAGCTTTCTTTGGACAA"	"CASSLSSGVRGTEAFF"	"CGCACAGAGCAGGAGGACTCGGCCGTGTATCTCTGTGCCAGCAGCTTATCTTCCGGGGTCAGAGGCACTGAAGCTTTCTTTGGACAA"	"CASSLSSGVRGTEAFF"	"TCRBV7-2"	"TCRBD2-1*1"	"TCRBJ1-1*1"	48	53	58	65	5	7	NA	NA	"CGCACAGAGCAGGAGGACTCGGCCGTGTATCTCTGTGCCAGCAGCTTATCTTCCGGGGTCAGAGGCACTGAAGCTTTCTTTGGACAA"	FALSE	TRUE	NA	NA	NA	NA
"ACATCGGCCCAAAAGAACCCGACAGCTTTCTATCTCTGTGCCAGTACCGAATGGGGGAGGGGAGATCAGCCCCAGCATTTTGGTGAT"	"CASTEWGRGDQPQHF"	"ACATCGGCCCAAAAGAACCCGACAGCTTTCTATCTCTGTGCCAGTACCGAATGGGGGAGGGGAGATCAGCCCCAGCATTTTGGTGAT"	"CASTEWGRGDQPQHF"	"TCRBV19-1*1"	"TCRBD2-1*2"	"TCRBJ1-5*1"	46	54	61	64	8	3	NA	NA	"ACATCGGCCCAAAAGAACCCGACAGCTTTCTATCTCTGTGCCAGTACCGAATGGGGGAGGGGAGATCAGCCCCAGCATTTTGGTGAT"	FALSE	TRUE	NA	NA	NA	NA
"ATTCTGGAGTCCGCCAGCACCAACCAGACATCTATGTACCTCTGTGCCAGCAGATTTAGGGGGACTTATGGCTACACCTTCGGTTCG"	"CASRFRGTYGYTF"	"ATTCTGGAGTCCGCCAGCACCAACCAGACATCTATGTACCTCTGTGCCAGCAGATTTAGGGGGACTTATGGCTACACCTTCGGTTCG"	"CASRFRGTYGYTF"	"TCRBV28-1*1"	NA	"TCRBJ1-2*1"	53	57	63	66	4	3	NA	NA	"ATTCTGGAGTCCGCCAGCACCAACCAGACATCTATGTACCTCTGTGCCAGCAGATTTAGGGGGACTTATGGCTACACCTTCGGTTCG"	FALSE	TRUE	NA	NA	NA	NA
"CAGCAGGAGGACTCCGCCGTGTATCTCTGTGCCAGCAGCTTATATGGCCTAGCGGGAGATAGGGGGGATACGCAGTATTTTGGCCCA"	"CASSLYGLAGDRGDTQYF"	"CAGCAGGAGGACTCCGCCGTGTATCTCTGTGCCAGCAGCTTATATGGCCTAGCGGGAGATAGGGGGGATACGCAGTATTTTGGCCCA"	"CASSLYGLAGDRGDTQYF"	"TCRBV7-8*1"	"TCRBD2-1*2"	"TCRBJ2-3*1"	42	48	58	66	6	8	NA	NA	"CAGCAGGAGGACTCCGCCGTGTATCTCTGTGCCAGCAGCTTATATGGCCTAGCGGGAGATAGGGGGGATACGCAGTATTTTGGCCCA"	FALSE	TRUE	NA	NA	NA	NA
"GAGTCGCCCAGCCCCAACCAGACCTCTCTGTACTTCTGTGCCAGCAGTTTAGCGGGACTAGTCGGCAATGAGCAGTTCTTCGGGCCA"	"CASSLAGLVGNEQFF"	"GAGTCGCCCAGCCCCAACCAGACCTCTCTGTACTTCTGTGCCAGCAGTTTAGCGGGACTAGTCGGCAATGAGCAGTTCTTCGGGCCA"	"CASSLAGLVGNEQFF"	"TCRBV27-1*1"	"TCRBD2-1"	"TCRBJ2-1*1"	51	53	61	65	2	4	NA	NA	"GAGTCGCCCAGCCCCAACCAGACCTCTCTGTACTTCTGTGCCAGCAGTTTAGCGGGACTAGTCGGCAATGAGCAGTTCTTCGGGCCA"	FALSE	TRUE	NA	NA	NA	NA
"ACCAGTGCCCATCCTGAAGACAGCAGCTTCTACATCTGCAGTGCTAGATGGCGGGAGGGCCACACCGGGGAGCTGTTTTTTGGAGAA"	"CSARWREGHTGELFF"	"ACCAGTGCCCATCCTGAAGACAGCAGCTTCTACATCTGCAGTGCTAGATGGCGGGAGGGCCACACCGGGGAGCTGTTTTTTGGAGAA"	"CSARWREGHTGELFF"	NA	"TCRBD2-1*2"	"TCRBJ2-2*1"	48	50	59	61	2	2	NA	NA	"ACCAGTGCCCATCCTGAAGACAGCAGCTTCTACATCTGCAGTGCTAGATGGCGGGAGGGCCACACCGGGGAGCTGTTTTTTGGAGAA"	FALSE	TRUE	NA	NA	NA	NA
"ACCCTGCAGCCAGAAGACTCGGCCCTGTATCTCTGTGCCAGCAGCTGGGGGAGCGGGACCGGGGCCTACGAGCAGTACTTCGGGCCG"	"CASSWGSGTGAYEQYF"	"ACCCTGCAGCCAGAAGACTCGGCCCTGTATCTCTGTGCCAGCAGCTGGGGGAGCGGGACCGGGGCCTACGAGCAGTACTTCGGGCCG"	"CASSWGSGTGAYEQYF"	"TCRBV4-2*1"	"TCRBD2-1*2"	"TCRBJ2-7*1"	45	51	58	64	6	6	NA	NA	"ACCCTGCAGCCAGAAGACTCGGCCCTGTATCTCTGTGCCAGCAGCTGGGGGAGCGGGACCGGGGCCTACGAGCAGTACTTCGGGCCG"	FALSE	TRUE	NA	NA	NA	NA
"ACCTACACGCCCTGCAGCCAGAAGACTCAGCCCTGTATCTCTGCGCCAGGTAACACTAGATCGTAAGATACGCAGTATTTTGGCCCA"	""	"ACCTACACGCCCTGCAGCCAGAAGACTCAGCCCTGTATCTCTGCGCCAGGTAACACTAGATCGTAAGATACGCAGTATTTTGGCCCA"	""	"TCRBV4-1*1"	"TCRBD2-1"	"TCRBJ2-3*1"	49	54	59	65	5	6	NA	NA	"ACCTACACGCCCTGCAGCCAGAAGACTCAGCCCTGTATCTCTGCGCCAGGTAACACTAGATCGTAAGATACGCAGTATTTTGGCCCA"	FALSE	FALSE	NA	NA	NA	NA
"ACCAGTGCCCATCCTGAAGACAGCAGCTTCTACATCTGCAGTGCTTTAAGTAAAGACCGTCGCACAGATACGCAGTATTTTGGCCCA"	"CSALSKDRRTDTQYF"	"ACCAGTGCCCATCCTGAAGACAGCAGCTTCTACATCTGCAGTGCTTTAAGTAAAGACCGTCGCACAGATACGCAGTATTTTGGCCCA"	"CSALSKDRRTDTQYF"	NA	NA	"TCRBJ2-3*1"	45	54	57	61	9	4	NA	NA	"ACCAGTGCCCATCCTGAAGACAGCAGCTTCTACATCTGCAGTGCTTTAAGTAAAGACCGTCGCACAGATACGCAGTATTTTGGCCCA"	FALSE	TRUE	NA	NA	NA	NA
"ACCTTGGAGCTGGGGGACTCGGCCCTTTATCTTTGCGCCAGCAGCTTGGAAGGATTACCCGGGTACAATGAGCAGTTCTTCGGGCCA"	"CASSLEGLPGYNEQFF"	"ACCTTGGAGCTGGGGGACTCGGCCCTTTATCTTTGCGCCAGCAGCTTGGAAGGATTACCCGGGTACAATGAGCAGTTCTTCGGGCCA"	"CASSLEGLPGYNEQFF"	"TCRBV5-1*1"	"TCRBD2-1"	"TCRBJ2-1*1"	49	59	-1	63	10	64	NA	NA	"ACCTTGGAGCTGGGGGACTCGGCCCTTTATCTTTGCGCCAGCAGCTTGGAAGGATTACCCGGGTACAATGAGCAGTTCTTCGGGCCA"	FALSE	TRUE	NA	NA	NA	NA
"TCGGCCCAAAAGAACCCGACAGCTTTCTATCTCTGTGCCAGTAGTATTGGGGACTAGCGGGAGTCAGATACGCAGTATTTTGGCCCA"	"CASSIGD*RESDTQYF"	"TCGGCCCAAAAGAACCCGACAGCTTTCTATCTCTGTGCCAGTAGTATTGGGGACTAGCGGGAGTCAGATACGCAGTATTTTGGCCCA"	"CASSIGD*RESDTQYF"	"TCRBV19-1*1"	"TCRBD2-1*2"	"TCRBJ2-3*1"	47	49	63	64	2	1	NA	NA	"TCGGCCCAAAAGAACCCGACAGCTTTCTATCTCTGTGCCAGTAGTATTGGGGACTAGCGGGAGTCAGATACGCAGTATTTTGGCCCA"	FALSE	TRUE	NA	NA	NA	NA
"AAGATCCAGCGCACAGAGCGGGGGGACTCAGCCGTGTATCTCTGTGCCAGCAGCTTAAGTCTCCAAGAGACCCAGTACTTCGGGCCA"	"CASSLSLQETQYF"	"AAGATCCAGCGCACAGAGCGGGGGGACTCAGCCGTGTATCTCTGTGCCAGCAGCTTAAGTCTCCAAGAGACCCAGTACTTCGGGCCA"	"CASSLSLQETQYF"	"TCRBV7-3*1"	"TCRBD2-1"	"TCRBJ2-5*1"	58	60	-1	62	2	63	NA	NA	"AAGATCCAGCGCACAGAGCGGGGGGACTCAGCCGTGTATCTCTGTGCCAGCAGCTTAAGTCTCCAAGAGACCCAGTACTTCGGGCCA"	FALSE	TRUE	NA	NA	NA	NA
"AGCCTGCAAAGCTTGAGGACTCGGCCGTGTATCTCTGTGCCAGCAGCCGCGCTGACTAGCGGACACAATGAGCAGTTCTTCGGGCCA"	""	"AGCCTGCAAAGCTTGAGGACTCGGCCGTGTATCTCTGTGCCAGCAGCCGCGCTGACTAGCGGACACAATGAGCAGTTCTTCGGGCCA"	""	"TCRBV11-2*1"	"TCRBD2-1"	"TCRBJ2-1*1"	47	53	62	64	6	2	NA	NA	"AGCCTGCAAAGCTTGAGGACTCGGCCGTGTATCTCTGTGCCAGCAGCCGCGCTGACTAGCGGACACAATGAGCAGTTCTTCGGGCCA"	FALSE	FALSE	NA	NA	NA	NA
"ATCCAGCCCTCAGAACCCAGGGACTCAGCTGTGTACTTCTGTGCCAGCAGTTTAGGTGCAACTAATGAAAAACTGTTTTTTGGCAGT"	"CASSLGATNEKLFF"	"ATCCAGCCCTCAGAACCCAGGGACTCAGCTGTGTACTTCTGTGCCAGCAGTTTAGGTGCAACTAATGAAAAACTGTTTTTTGGCAGT"	"CASSLGATNEKLFF"	NA	NA	"TCRBJ1-4*1"	-1	-1	55	58	0	3	NA	NA	"ATCCAGCCCTCAGAACCCAGGGACTCAGCTGTGTACTTCTGTGCCAGCAGTTTAGGTGCAACTAATGAAAAACTGTTTTTTGGCAGT"	FALSE	TRUE	NA	NA	NA	NA
"NNNNTGTCGGCTGCTCCCTCCCAGACATCTGTGTACTTCTGTGCCAGCAAAAAATTAGCGGGAGTCCGCGAGCAGTACTTCGGGCCG"	"CASKKLAGVREQYF"	"NNNNTGTCGGCTGCTCCCTCCCAGACATCTGTGTACTTCTGTGCCAGCAAAAAATTAGCGGGAGTCCGCGAGCAGTACTTCGGGCCG"	"CASKKLAGVREQYF"	"TCRBV6-5*1"	"TCRBD2-1*2"	"TCRBJ2-7*1"	49	55	64	68	6	4	NA	NA	"NNNNTGTCGGCTGCTCCCTCCCAGACATCTGTGTACTTCTGTGCCAGCAAAAAATTAGCGGGAGTCCGCGAGCAGTACTTCGGGCCG"	FALSE	TRUE	NA	NA	NA	NA
"GAGATCCAGGCTACGAAGCTTGAGGATTCAGCAGTGTATTTTTGTGCCAGCACCTGGGACAGAAACACTGAAGCTTTCTTTGGACAA"	"CASTWDRNTEAFF"	"GAGATCCAGGCTACGAAGCTTGAGGATTCAGCAGTGTATTTTTGTGCCAGCACCTGGGACAGAAACACTGAAGCTTTCTTTGGACAA"	"CASTWDRNTEAFF"	"TCRBV16-1*1"	"TCRBD1-1*1"	"TCRBJ1-1*1"	52	55	62	63	3	1	NA	NA	"GAGATCCAGGCTACGAAGCTTGAGGATTCAGCAGTGTATTTTTGTGCCAGCACCTGGGACAGAAACACTGAAGCTTTCTTTGGACAA"	FALSE	TRUE	NA	NA	NA	NA
"NTGTCGGCTGCTCCCTCCCAGACATCTGTGTACTTCTGTGCCAGCAGGGCAGGGGGCGCTGGGGCCAACGTCCTGACTTTCGGGGCC"	"CASRAGGAGANVLTF"	"NTGTCGGCTGCTCCCTCCCAGACATCTGTGTACTTCTGTGCCAGCAGGGCAGGGGGCGCTGGGGCCAACGTCCTGACTTTCGGGGCC"	"CASRAGGAGANVLTF"	"TCRBV6-5*1"	"TCRBD1-1*1"	"TCRBJ2-6*1"	47	49	57	58	2	1	NA	NA	"NTGTCGGCTGCTCCCTCCCAGACATCTGTGTACTTCTGTGCCAGCAGGGCAGGGGGCGCTGGGGCCAACGTCCTGACTTTCGGGGCC"	FALSE	TRUE	NA	NA	NA	NA
"GAGTCCGCCAGCACCAACCAGACATCTATGTACCTCTGTGCCAGCACCCCCGCGCGCTCTGGGGCCAACGTCCTGACTTTCGGGGCC"	"CASTPARSGANVLTF"	"GAGTCCGCCAGCACCAACCAGACATCTATGTACCTCTGTGCCAGCACCCCCGCGCGCTCTGGGGCCAACGTCCTGACTTTCGGGGCC"	"CASTPARSGANVLTF"	"TCRBV28-1*1"	"TCRBD2-1"	"TCRBJ2-6*1"	46	51	54	56	5	2	NA	NA	"GAGTCCGCCAGCACCAACCAGACATCTATGTACCTCTGTGCCAGCACCCCCGCGCGCTCTGGGGCCAACGTCCTGACTTTCGGGGCC"	FALSE	TRUE	NA	NA	NA	NA
"AGCGGGGGGACTCAGCCGTGTATCTCTGTGCCAGCAGCTTAAGGAGACTAGCTGATCGCGAACACCGGGGAGCTGTTTTTTGGAGAA"	""	"AGCGGGGGGACTCAGCCGTGTATCTCTGTGCCAGCAGCTTAAGGAGACTAGCTGATCGCGAACACCGGGGAGCTGTTTTTTGGAGAA"	""	"TCRBV7-3*1"	"TCRBD2-1"	"TCRBJ2-2*1"	42	45	52	58	3	6	NA	NA	"AGCGGGGGGACTCAGCCGTGTATCTCTGTGCCAGCAGCTTAAGGAGACTAGCTGATCGCGAACACCGGGGAGCTGTTTTTTGGAGAA"	FALSE	FALSE	NA	NA	NA	NA
"TGCAAAGCTTGAGGACTCGGCCGTGTATCTCTGTGCCAGCAGCTTGGGGATCGGACTATGTTAACCGGGGAGCTGTTTTTTGGAGAA"	""	"TGCAAAGCTTGAGGACTCGGCCGTGTATCTCTGTGCCAGCAGCTTGGGGATCGGACTATGTTAACCGGGGAGCTGTTTTTTGGAGAA"	""	"TCRBV11-2"	"TCRBD2-1"	"TCRBJ2-2*1"	45	52	58	63	7	5	NA	NA	"TGCAAAGCTTGAGGACTCGGCCGTGTATCTCTGTGCCAGCAGCTTGGGGATCGGACTATGTTAACCGGGGAGCTGTTTTTTGGAGAA"	FALSE	FALSE	NA	NA	NA	NA
"ACCAGTGCCCATCCTGAAGACAGCAGCTTCTACATCTGCAGTGCTAGAGATAGGGACAGGGGGTACGATGAGCAGTTCTTCGGGCCA"	"CSARDRDRGYDEQFF"	"ACCAGTGCCCATCCTGAAGACAGCAGCTTCTACATCTGCAGTGCTAGAGATAGGGACAGGGGGTACGATGAGCAGTTCTTCGGGCCA"	"CSARDRDRGYDEQFF"	NA	"TCRBD1-1*1"	"TCRBJ2-1*1"	50	52	63	67	2	4	NA	NA	"ACCAGTGCCCATCCTGAAGACAGCAGCTTCTACATCTGCAGTGCTAGAGATAGGGACAGGGGGTACGATGAGCAGTTCTTCGGGCCA"	FALSE	TRUE	NA	NA	NA	NA
"CCCTCAGAACCCAGGGACTCAGCTGTGTACTTCTGTGCCAGCAGTAAAGGACTGACACTGGGCACCGGGGAGCTGTTTTTTGGAGAA"	"CASSKGLTLGTGELFF"	"CCCTCAGAACCCAGGGACTCAGCTGTGTACTTCTGTGCCAGCAGTAAAGGACTGACACTGGGCACCGGGGAGCTGTTTTTTGGAGAA"	"CASSKGLTLGTGELFF"	NA	"TCRBD2-1"	"TCRBJ2-2*1"	45	48	53	62	3	9	NA	NA	"CCCTCAGAACCCAGGGACTCAGCTGTGTACTTCTGTGCCAGCAGTAAAGGACTGACACTGGGCACCGGGGAGCTGTTTTTTGGAGAA"	FALSE	TRUE	NA	NA	NA	NA
"TCTAAGAAGCTCCTTCTCAGTGACTCTGGCTTCTATCTCTGTGCCTGGACTCGACAGGGTCTAGCTTACGAGCAGTACTTCGGGCCG"	"CAWTRQGLAYEQYF"	"TCTAAGAAGCTCCTTCTCAGTGACTCTGGCTTCTATCTCTGTGCCTGGACTCGACAGGGTCTAGCTTACGAGCAGTACTTCGGGCCG"	"CAWTRQGLAYEQYF"	"TCRBV3-1*1"	"TCRBD1-1*1"	"TCRBJ2-7*1"	49	52	59	66	3	7	NA	NA	"TCTAAGAAGCTCCTTCTCAGTGACTCTGGCTTCTATCTCTGTGCCTGGACTCGACAGGGTCTAGCTTACGAGCAGTACTTCGGGCCG"	FALSE	TRUE	NA	NA	NA	NA
"NNNNNNNTGTCGGCTGCTCCCTCCCAGACATCTGTGTACTTCTGTGCCAGCGGGGCAAGGGACGCCTACGAGCAGTACTTCGGGCCG"	"CASGARDAYEQYF"	"NNNNNNNTGTCGGCTGCTCCCTCCCAGACATCTGTGTACTTCTGTGCCAGCGGGGCAAGGGACGCCTACGAGCAGTACTTCGGGCCG"	"CASGARDAYEQYF"	"TCRBV6-5*1"	NA	"TCRBJ2-7*1"	51	58	63	64	7	1	NA	NA	"NNNNNNNTGTCGGCTGCTCCCTCCCAGACATCTGTGTACTTCTGTGCCAGCGGGGCAAGGGACGCCTACGAGCAGTACTTCGGGCCG"	FALSE	TRUE	NA	NA	NA	NA
"CCTTGGAGCTGGGGGACTCGGCCCTTTATCTTTGCGCCAGCAGCTTGGATCGGAGGGTAGCTTCGCTATGGCTACACCTTCGGTTCG"	""	"CCTTGGAGCTGGGGGACTCGGCCCTTTATCTTTGCGCCAGCAGCTTGGATCGGAGGGTAGCTTCGCTATGGCTACACCTTCGGTTCG"	""	"TCRBV5-1*1"	"TCRBD2-1*2"	"TCRBJ1-2*1"	48	51	57	65	3	8	NA	NA	"CCTTGGAGCTGGGGGACTCGGCCCTTTATCTTTGCGCCAGCAGCTTGGATCGGAGGGTAGCTTCGCTATGGCTACACCTTCGGTTCG"	FALSE	FALSE	NA	NA	NA	NA
"CGGTCCACAAAGCTGGAGGACTCAGCCATGTACTTCTGTGCCAGCAGCCTTGACAGCGGGTTGAACACTGAAGCTTTCTTTGGACAA"	"CASSLDSGLNTEAFF"	"CGGTCCACAAAGCTGGAGGACTCAGCCATGTACTTCTGTGCCAGCAGCCTTGACAGCGGGTTGAACACTGAAGCTTTCTTTGGACAA"	"CASSLDSGLNTEAFF"	"TCRBV2-1"	"TCRBD2-1"	"TCRBJ1-1*1"	47	54	60	61	7	1	NA	NA	"CGGTCCACAAAGCTGGAGGACTCAGCCATGTACTTCTGTGCCAGCAGCCTTGACAGCGGGTTGAACACTGAAGCTTTCTTTGGACAA"	FALSE	TRUE	NA	NA	NA	NA
"GTGACCAGTGCCCATCCTGAAGACAGCAGCTTCTACATCTGCAGCGAAGAGGCGGGACCCATGCAAGAGACCCAGTACTTCGGGCCA"	"CSEEAGPMQETQYF"	"GTGACCAGTGCCCATCCTGAAGACAGCAGCTTCTACATCTGCAGCGAAGAGGCGGGACCCATGCAAGAGACCCAGTACTTCGGGCCA"	"CSEEAGPMQETQYF"	NA	"TCRBD2-1*2"	"TCRBJ2-5*1"	44	51	57	63	7	6	NA	NA	"GTGACCAGTGCCCATCCTGAAGACAGCAGCTTCTACATCTGCAGCGAAGAGGCGGGACCCATGCAAGAGACCCAGTACTTCGGGCCA"	FALSE	TRUE	NA	NA	NA	NA
"CACGCCCTGCAGCCAGAAGACTCAGCCCTGTATCTCTGCGCCAGCAGCCAAGCTCGACTGGGAGACTACGAGCAGTACTTCGGGCCG"	"CASSQARLGDYEQYF"	"CACGCCCTGCAGCCAGAAGACTCAGCCCTGTATCTCTGCGCCAGCAGCCAAGCTCGACTGGGAGACTACGAGCAGTACTTCGGGCCG"	"CASSQARLGDYEQYF"	"TCRBV4-1*1"	"TCRBD2-1*2"	"TCRBJ2-7*1"	52	59	64	65	7	1	NA	NA	"CACGCCCTGCAGCCAGAAGACTCAGCCCTGTATCTCTGCGCCAGCAGCCAAGCTCGACTGGGAGACTACGAGCAGTACTTCGGGCCG"	FALSE	TRUE	NA	NA	NA	NA
"CGAGGAGATTCGGCAGCTTATTTCTGTGCCAGCTCACCAGTCGTGCTCGGGACAGGGGCCATGAACACTGAAGCTTTCTTTGGACAA"	"CASSPVVLGTGAMNTEAFF"	"CGAGGAGATTCGGCAGCTTATTTCTGTGCCAGCTCACCAGTCGTGCTCGGGACAGGGGCCATGAACACTGAAGCTTTCTTTGGACAA"	"CASSPVVLGTGAMNTEAFF"	"TCRBV18-1*1"	"TCRBD1-1*1"	"TCRBJ1-1*1"	39	48	58	61	9	3	NA	NA	"CGAGGAGATTCGGCAGCTTATTTCTGTGCCAGCTCACCAGTCGTGCTCGGGACAGGGGCCATGAACACTGAAGCTTTCTTTGGACAA"	FALSE	TRUE	NA	NA	NA	NA
"NNNNNNNNNNTGTCGGCTGCTCCCTCCCAAACATCTGTGTACTTCTGTGCCAGCAGCAAAATGATCAACGAGCAGTACTTCGGGCCG"	"CASSKMINEQYF"	"NNNNNNNNNNTGTCGGCTGCTCCCTCCCAAACATCTGTGTACTTCTGTGCCAGCAGCAAAATGATCAACGAGCAGTACTTCGGGCCG"	"CASSKMINEQYF"	"TCRBV6-2*2"	NA	"TCRBJ2-7*1"	57	62	64	67	5	3	NA	NA	"NNNNNNNNNNTGTCGGCTGCTCCCTCCCAAACATCTGTGTACTTCTGTGCCAGCAGCAAAATGATCAACGAGCAGTACTTCGGGCCG"	FALSE	TRUE	NA	NA	NA	NA
"CTGGGGGACTCGGCCCTCTATCTCTGTGCCAGCAGCTTGCTCCCGGGACAGCTAATTACGAACACCGGGGAGCTGTTTTTTGGAGAA"	"CASSLLPGQLITNTGELFF"	"CTGGGGGACTCGGCCCTCTATCTCTGTGCCAGCAGCTTGCTCCCGGGACAGCTAATTACGAACACCGGGGAGCTGTTTTTTGGAGAA"	"CASSLLPGQLITNTGELFF"	"TCRBV5-6*1"	"TCRBD1-1*1"	"TCRBJ2-2*1"	39	44	51	58	5	7	NA	NA	"CTGGGGGACTCGGCCCTCTATCTCTGTGCCAGCAGCTTGCTCCCGGGACAGCTAATTACGAACACCGGGGAGCTGTTTTTTGGAGAA"	FALSE	TRUE	NA	NA	NA	NA
"NNNNTGTCGGCTGCTCCCTCCCAGACATCTGTGTACTTCTGTGCCAGCAGTGAAGGAGGTGGGCGGGAAAAACTGTTTTTTGGCAGT"	"CASSEGGGREKLFF"	"NNNNTGTCGGCTGCTCCCTCCCAGACATCTGTGTACTTCTGTGCCAGCAGTGAAGGAGGTGGGCGGGAAAAACTGTTTTTTGGCAGT"	"CASSEGGGREKLFF"	"TCRBV6-1*1"	NA	"TCRBJ1-4*1"	55	60	64	66	5	2	NA	NA	"NNNNTGTCGGCTGCTCCCTCCCAGACATCTGTGTACTTCTGTGCCAGCAGTGAAGGAGGTGGGCGGGAAAAACTGTTTTTTGGCAGT"	FALSE	TRUE	NA	NA	NA	NA
"CACGCCCTGCAGCCAGAAGACTCAGCCCTGTATCTCTGCGCCAGCAGAGAGCGGACTAGCGGGAATTCACCCCTCCACTTTGGGAAT"	"CASRERTSGNSPLHF"	"CACGCCCTGCAGCCAGAAGACTCAGCCCTGTATCTCTGCGCCAGCAGAGAGCGGACTAGCGGGAATTCACCCCTCCACTTTGGGAAT"	"CASRERTSGNSPLHF"	"TCRBV4-1*1"	"TCRBD2-1"	"TCRBJ1-6*1"	47	52	-1	63	5	64	NA	NA	"CACGCCCTGCAGCCAGAAGACTCAGCCCTGTATCTCTGCGCCAGCAGAGAGCGGACTAGCGGGAATTCACCCCTCCACTTTGGGAAT"	FALSE	TRUE	NA	NA	NA	NA
"NNNNTGTCGGCTGCTCCCTCCCAGACATCTGTGTACTTCTGTGCCAGCAGCCCAGCCAGCTCTGGAAACACCATATATTTTGGAGAG"	"CASSPASSGNTIYF"	"NNNNTGTCGGCTGCTCCCTCCCAGACATCTGTGTACTTCTGTGCCAGCAGCCCAGCCAGCTCTGGAAACACCATATATTTTGGAGAG"	"CASSPASSGNTIYF"	"TCRBV6-5*1"	NA	"TCRBJ1-3*1"	50	52	55	59	2	4	NA	NA	"NNNNTGTCGGCTGCTCCCTCCCAGACATCTGTGTACTTCTGTGCCAGCAGCCCAGCCAGCTCTGGAAACACCATATATTTTGGAGAG"	FALSE	TRUE	NA	NA	NA	NA
"TGACTCTGCTGTGTATTTCTGTGCCAGCAGCCAAGGCCCGCGGGACAGCAGCGTTCTCCCCCGGCCGGGGAGCTGTTTTTTGGAGAA"	""	"TGACTCTGCTGTGTATTTCTGTGCCAGCAGCCAAGGCCCGCGGGACAGCAGCGTTCTCCCCCGGCCGGGGAGCTGTTTTTTGGAGAA"	""	"TCRBV3-1/3-2*1"	"TCRBD1-1*1"	"TCRBJ2-2*1"	35	41	48	64	6	16	NA	NA	"TGACTCTGCTGTGTATTTCTGTGCCAGCAGCCAAGGCCCGCGGGACAGCAGCGTTCTCCCCCGGCCGGGGAGCTGTTTTTTGGAGAA"	FALSE	FALSE	NA	NA	NA	NA
"TGGAGCTGGGGGACTCAGCCCTGTACTTCTGTGCCAGCAGCTTAGTCCCTACTAAGGGAGAGAACAGATACGCAGTATTTTGGCCCA"	""	"TGGAGCTGGGGGACTCAGCCCTGTACTTCTGTGCCAGCAGCTTAGTCCCTACTAAGGGAGAGAACAGATACGCAGTATTTTGGCCCA"	""	"TCRBV13-1*1"	"TCRBD2-1*2"	"TCRBJ2-3*1"	45	55	60	63	10	3	NA	NA	"TGGAGCTGGGGGACTCAGCCCTGTACTTCTGTGCCAGCAGCTTAGTCCCTACTAAGGGAGAGAACAGATACGCAGTATTTTGGCCCA"	FALSE	FALSE	NA	NA	NA	NA
"AGCACCAACCAGACATCTATGTACCTCTGTGCCAGCACCACCCCGGGAAGCGGGAGGACGAACACCGGGGAGCTGTTTTTTGGAGAA"	"CASTTPGSGRTNTGELFF"	"AGCACCAACCAGACATCTATGTACCTCTGTGCCAGCACCACCCCGGGAAGCGGGAGGACGAACACCGGGGAGCTGTTTTTTGGAGAA"	"CASTTPGSGRTNTGELFF"	"TCRBV28-1*1"	"TCRBD2-1*2"	"TCRBJ2-2*1"	37	48	57	58	11	1	NA	NA	"AGCACCAACCAGACATCTATGTACCTCTGTGCCAGCACCACCCCGGGAAGCGGGAGGACGAACACCGGGGAGCTGTTTTTTGGAGAA"	FALSE	TRUE	NA	NA	NA	NA
"NNNNTGAAGATCCAGCCCTCAGAACCCAGGGACTCAGCTGTGTACTTCTGTGCCAGCAGTTATAGGGTTGAAGCTTTCTTTGGACAA"	"CASSYRVEAFF"	"NNNNTGAAGATCCAGCCCTCAGAACCCAGGGACTCAGCTGTGTACTTCTGTGCCAGCAGTTATAGGGTTGAAGCTTTCTTTGGACAA"	"CASSYRVEAFF"	"TCRBV12-3/12-4*1"	NA	"TCRBJ1-1*1"	61	63	67	68	2	1	NA	NA	"NNNNTGAAGATCCAGCCCTCAGAACCCAGGGACTCAGCTGTGTACTTCTGTGCCAGCAGTTATAGGGTTGAAGCTTTCTTTGGACAA"	FALSE	TRUE	NA	NA	NA	NA
"ACCAGCTCCCAGACATCTGTGTACTTCTGTGCCATCAGTGACCCGACTTGGGGGGAGGGGATGATAGATACGCAGTATTTTGGCCCA"	"CAISDPTWGEGMIDTQYF"	"ACCAGCTCCCAGACATCTGTGTACTTCTGTGCCATCAGTGACCCGACTTGGGGGGAGGGGATGATAGATACGCAGTATTTTGGCCCA"	"CAISDPTWGEGMIDTQYF"	"TCRBV1-3*1"	"TCRBD2-1*2"	"TCRBJ2-3*1"	41	52	59	65	11	6	NA	NA	"ACCAGCTCCCAGACATCTGTGTACTTCTGTGCCATCAGTGACCCGACTTGGGGGGAGGGGATGATAGATACGCAGTATTTTGGCCCA"	FALSE	TRUE	NA	NA	NA	NA
"GCAGAGCTTGGGGACTCGGCCGTGTATCTCTGTGCCAGCAGCCCAAGCTGGAGGCGGGAGAATTTTGGTGAGCAGTTCTTCGGGCCA"	"CASSPSWRRENFGEQFF"	"GCAGAGCTTGGGGACTCGGCCGTGTATCTCTGTGCCAGCAGCCCAAGCTGGAGGCGGGAGAATTTTGGTGAGCAGTTCTTCGGGCCA"	"CASSPSWRRENFGEQFF"	"TCRBV11-3*1"	"TCRBD2-1*2"	"TCRBJ2-1*1"	42	53	60	68	11	8	NA	NA	"GCAGAGCTTGGGGACTCGGCCGTGTATCTCTGTGCCAGCAGCCCAAGCTGGAGGCGGGAGAATTTTGGTGAGCAGTTCTTCGGGCCA"	FALSE	TRUE	NA	NA	NA	NA
"TCCCAGACATCTGTGTACTTCTGTGCCAGCTATAAACCATTTCCCGGGACCAGGAGTCCCTACACAGATACGCAGTATTTTGGCCCA"	"CASYKPFPGTRSPYTDTQYF"	"TCCCAGACATCTGTGTACTTCTGTGCCAGCTATAAACCATTTCCCGGGACCAGGAGTCCCTACACAGATACGCAGTATTTTGGCCCA"	"CASYKPFPGTRSPYTDTQYF"	NA	NA	"TCRBJ2-3*1"	30	45	50	62	15	12	NA	NA	"TCCCAGACATCTGTGTACTTCTGTGCCAGCTATAAACCATTTCCCGGGACCAGGAGTCCCTACACAGATACGCAGTATTTTGGCCCA"	FALSE	TRUE	NA	NA	NA	NA
"TTCAGCGCACAGAGCAGGAGGACTCGGCCGTGTATCTCTGTGCCAGCAGCCCGAGGGACACAAGACTATGGCTACACCTTCGGTTCG"	""	"TTCAGCGCACAGAGCAGGAGGACTCGGCCGTGTATCTCTGTGCCAGCAGCCCGAGGGACACAAGACTATGGCTACACCTTCGGTTCG"	""	"TCRBV7-2"	"TCRBD1-1*1"	"TCRBJ1-2*1"	50	54	60	64	4	4	NA	NA	"TTCAGCGCACAGAGCAGGAGGACTCGGCCGTGTATCTCTGTGCCAGCAGCCCGAGGGACACAAGACTATGGCTACACCTTCGGTTCG"	FALSE	FALSE	NA	NA	NA	NA
"NTGAAGATCCAGCCCTCAGAACCCAGGGACTCAGCTGTGTATTTTTGTGCTAGTGGTTTCAATCGCCACGAGCAGTACTTCGGGCCG"	"CASGFNRHEQYF"	"NTGAAGATCCAGCCCTCAGAACCCAGGGACTCAGCTGTGTATTTTTGTGCTAGTGGTTTCAATCGCCACGAGCAGTACTTCGGGCCG"	"CASGFNRHEQYF"	"TCRBV12-5*1"	NA	"TCRBJ2-7*1"	-1	59	61	67	60	6	NA	NA	"NTGAAGATCCAGCCCTCAGAACCCAGGGACTCAGCTGTGTATTTTTGTGCTAGTGGTTTCAATCGCCACGAGCAGTACTTCGGGCCG"	FALSE	TRUE	NA	NA	NA	NA
"GCCTTGGAGCTGGACGACTCGGCCCTGTATCTCTGTGCCAGCAGTCCCGGGGCAGGGGGCGTCGACTATGGCTACACCTTCGGTTCG"	"CASSPGAGGVDYGYTF"	"GCCTTGGAGCTGGACGACTCGGCCCTGTATCTCTGTGCCAGCAGTCCCGGGGCAGGGGGCGTCGACTATGGCTACACCTTCGGTTCG"	"CASSPGAGGVDYGYTF"	"TCRBV5-4*1"	"TCRBD1-1*1"	"TCRBJ1-2*1"	44	52	60	64	8	4	NA	NA	"GCCTTGGAGCTGGACGACTCGGCCCTGTATCTCTGTGCCAGCAGTCCCGGGGCAGGGGGCGTCGACTATGGCTACACCTTCGGTTCG"	FALSE	TRUE	NA	NA	NA	NA
"CTGGAGTCTGCTGCCTCCTCCCAGACATCTGTATATTTCTGCGCCAGCAGTGAAGGACTGGAAACCGGGGAGCTGTTTTTTGGAGAA"	"CASSEGLETGELFF"	"CTGGAGTCTGCTGCCTCCTCCCAGACATCTGTATATTTCTGCGCCAGCAGTGAAGGACTGGAAACCGGGGAGCTGTTTTTTGGAGAA"	"CASSEGLETGELFF"	"TCRBV1-1*1"	"TCRBD2-1"	"TCRBJ2-2*1"	53	54	59	63	1	4	NA	NA	"CTGGAGTCTGCTGCCTCCTCCCAGACATCTGTATATTTCTGCGCCAGCAGTGAAGGACTGGAAACCGGGGAGCTGTTTTTTGGAGAA"	FALSE	TRUE	NA	NA	NA	NA
"GAGTCGCCCAGCCCCAACCAGACCTCTCTGTACTTCTGTGCCAGCACTAGTCGGACAGGGGCCACCGGGGAGCTGTTTTTTGGAGAA"	"CASTSRTGATGELFF"	"GAGTCGCCCAGCCCCAACCAGACCTCTCTGTACTTCTGTGCCAGCACTAGTCGGACAGGGGCCACCGGGGAGCTGTTTTTTGGAGAA"	"CASTSRTGATGELFF"	"TCRBV27-1*1"	"TCRBD1-1*1"	"TCRBJ2-2*1"	46	52	61	62	6	1	NA	NA	"GAGTCGCCCAGCCCCAACCAGACCTCTCTGTACTTCTGTGCCAGCACTAGTCGGACAGGGGCCACCGGGGAGCTGTTTTTTGGAGAA"	FALSE	TRUE	NA	NA	NA	NA
"CTGGAGTCCGCCAGCACCAACCAGACATCTATGTACCTCTGTGCCAGCAGGCACCGGAGCTCCTACAATGAGCAGTTCTTCGGGCCA"	"CASRHRSSYNEQFF"	"CTGGAGTCCGCCAGCACCAACCAGACATCTATGTACCTCTGTGCCAGCAGGCACCGGAGCTCCTACAATGAGCAGTTCTTCGGGCCA"	"CASRHRSSYNEQFF"	"TCRBV28-1*1"	"TCRBD2-1*2"	"TCRBJ2-1*1"	50	55	-1	59	5	60	NA	NA	"CTGGAGTCCGCCAGCACCAACCAGACATCTATGTACCTCTGTGCCAGCAGGCACCGGAGCTCCTACAATGAGCAGTTCTTCGGGCCA"	FALSE	TRUE	NA	NA	NA	NA
"GTGACCAGTGCCCATCCTGAAGACAGCAGCTTCTACATCTGCAGTGCTCCGACCGGGGTTTCCACAGAGACCCAGTACTTCGGGCCA"	"CSAPTGVSTETQYF"	"GTGACCAGTGCCCATCCTGAAGACAGCAGCTTCTACATCTGCAGTGCTCCGACCGGGGTTTCCACAGAGACCCAGTACTTCGGGCCA"	"CSAPTGVSTETQYF"	NA	"TCRBD2-1*1"	"TCRBJ2-5*1"	48	53	58	65	5	7	NA	NA	"GTGACCAGTGCCCATCCTGAAGACAGCAGCTTCTACATCTGCAGTGCTCCGACCGGGGTTTCCACAGAGACCCAGTACTTCGGGCCA"	FALSE	TRUE	NA	NA	NA	NA
"CTGGAGTCGCCCAGCCCCAACCAGACCTCTCTGTACTTCTGTGCCAGCAGTCCCAGGACAGGATCCTACGAGCAGTACTTCGGGCCG"	"CASSPRTGSYEQYF"	"CTGGAGTCGCCCAGCCCCAACCAGACCTCTCTGTACTTCTGTGCCAGCAGTCCCAGGACAGGATCCTACGAGCAGTACTTCGGGCCG"	"CASSPRTGSYEQYF"	"TCRBV27-1*1"	"TCRBD1-1*1"	"TCRBJ2-7*1"	51	55	62	63	4	1	NA	NA	"CTGGAGTCGCCCAGCCCCAACCAGACCTCTCTGTACTTCTGTGCCAGCAGTCCCAGGACAGGATCCTACGAGCAGTACTTCGGGCCG"	FALSE	TRUE	NA	NA	NA	NA
"ATGAGCTCCTTGGAGCTGGGGGACTCAGCCCTGTACTTCTGTGCCAGCAGCTTACAGGACATTAATGAAAAACTGTTTTTTGGCAGT"	"CASSLQDINEKLFF"	"ATGAGCTCCTTGGAGCTGGGGGACTCAGCCCTGTACTTCTGTGCCAGCAGCTTACAGGACATTAATGAAAAACTGTTTTTTGGCAGT"	"CASSLQDINEKLFF"	"TCRBV13-1*1"	"TCRBD1-1*1"	"TCRBJ1-4*1"	54	56	61	62	2	1	NA	NA	"ATGAGCTCCTTGGAGCTGGGGGACTCAGCCCTGTACTTCTGTGCCAGCAGCTTACAGGACATTAATGAAAAACTGTTTTTTGGCAGT"	FALSE	TRUE	NA	NA	NA	NA
"AGTCTGCTGCCTCCTCCCAGACATCTGTATATTTCTGCGCCTTTCCGTTTTGTCGAGAGCCGTGTAGATACGCAGTATTTTGGCCCA"	""	"AGTCTGCTGCCTCCTCCCAGACATCTGTATATTTCTGCGCCTTTCCGTTTTGTCGAGAGCCGTGTAGATACGCAGTATTTTGGCCCA"	""	"TCRBV1-1"	"TCRBD2-1"	"TCRBJ2-3*1"	41	57	60	65	16	5	NA	NA	"AGTCTGCTGCCTCCTCCCAGACATCTGTATATTTCTGCGCCTTTCCGTTTTGTCGAGAGCCGTGTAGATACGCAGTATTTTGGCCCA"	FALSE	FALSE	NA	NA	NA	NA
"GTGACCAGTGCCCATCCTGAAGACAGCAGCTTCTACATCTGCAGTGCTAGAGATGGGACGGAGGCCAATGAGCAGTTCTTCGGGCCA"	"CSARDGTEANEQFF"	"GTGACCAGTGCCCATCCTGAAGACAGCAGCTTCTACATCTGCAGTGCTAGAGATGGGACGGAGGCCAATGAGCAGTTCTTCGGGCCA"	"CSARDGTEANEQFF"	NA	NA	"TCRBJ2-1*1"	53	54	59	65	1	6	NA	NA	"GTGACCAGTGCCCATCCTGAAGACAGCAGCTTCTACATCTGCAGTGCTAGAGATGGGACGGAGGCCAATGAGCAGTTCTTCGGGCCA"	FALSE	TRUE	NA	NA	NA	NA
"NNTGTCGGCTGCTCCCTCCCAAACATCTGTGTACTTCTGTGCCAGCGATGTGGACTAACCCCCAAAAACATTCAGTACTTCGGCGCC"	""	"NNTGTCGGCTGCTCCCTCCCAAACATCTGTGTACTTCTGTGCCAGCGATGTGGACTAACCCCCAAAAACATTCAGTACTTCGGCGCC"	""	NA	"TCRBD2-1"	"TCRBJ2-4*1"	46	51	57	61	5	4	NA	NA	"NNTGTCGGCTGCTCCCTCCCAAACATCTGTGTACTTCTGTGCCAGCGATGTGGACTAACCCCCAAAAACATTCAGTACTTCGGCGCC"	FALSE	FALSE	NA	NA	NA	NA
"NTGTCGGCTGCTCCCTCCCAGACATCTGTGTACTTCTGTGCCAGCAGCCGAAACCAGGGATACAATTCACCCCTCCACTTTGGGAAT"	"CASSRNQGYNSPLHF"	"NTGTCGGCTGCTCCCTCCCAGACATCTGTGTACTTCTGTGCCAGCAGCCGAAACCAGGGATACAATTCACCCCTCCACTTTGGGAAT"	"CASSRNQGYNSPLHF"	"TCRBV6-5*1"	"TCRBD1-1*1"	"TCRBJ1-6*1"	47	54	59	63	7	4	NA	NA	"NTGTCGGCTGCTCCCTCCCAGACATCTGTGTACTTCTGTGCCAGCAGCCGAAACCAGGGATACAATTCACCCCTCCACTTTGGGAAT"	FALSE	TRUE	NA	NA	NA	NA
"NNNNTGTCGGCTGCTCCCTCCCAAACATCTGTGTACTTCTGTGCCAGCACCAAACGGGACATCTCCAATGAGCAGTTCTTCGGGCCA"	"CASTKRDISNEQFF"	"NNNNTGTCGGCTGCTCCCTCCCAAACATCTGTGTACTTCTGTGCCAGCACCAAACGGGACATCTCCAATGAGCAGTTCTTCGGGCCA"	"CASTKRDISNEQFF"	NA	"TCRBD1-1*1"	"TCRBJ2-1*1"	49	55	61	65	6	4	NA	NA	"NNNNTGTCGGCTGCTCCCTCCCAAACATCTGTGTACTTCTGTGCCAGCACCAAACGGGACATCTCCAATGAGCAGTTCTTCGGGCCA"	FALSE	TRUE	NA	NA	NA	NA
"GCTCCCTCCCAAACATCTGTGTACTTCTGTGCCAGCAGCTTCCCCCTAGGTAGCAGCACTAGCACAGATACGCAGTATTTTGGCCCA"	"CASSFPLGSSTSTDTQYF"	"GCTCCCTCCCAAACATCTGTGTACTTCTGTGCCAGCAGCTTCCCCCTAGGTAGCAGCACTAGCACAGATACGCAGTATTTTGGCCCA"	"CASSFPLGSSTSTDTQYF"	"TCRBV6-2*2"	"TCRBD2-1"	"TCRBJ2-3*1"	39	45	49	60	6	11	NA	NA	"GCTCCCTCCCAAACATCTGTGTACTTCTGTGCCAGCAGCTTCCCCCTAGGTAGCAGCACTAGCACAGATACGCAGTATTTTGGCCCA"	FALSE	TRUE	NA	NA	NA	NA
"ACGATTCAGCGCACAGAGCAGCGGGACTCGGCCATGTATCGCTGTGCCAGCAGCTCCCAGGAAACCTACGAGCAGTACTTCGGGCCG"	"CASSSQETYEQYF"	"ACGATTCAGCGCACAGAGCAGCGGGACTCGGCCATGTATCGCTGTGCCAGCAGCTCCCAGGAAACCTACGAGCAGTACTTCGGGCCG"	"CASSSQETYEQYF"	NA	"TCRBD1-1*1"	"TCRBJ2-7*1"	55	57	61	64	2	3	NA	NA	"ACGATTCAGCGCACAGAGCAGCGGGACTCGGCCATGTATCGCTGTGCCAGCAGCTCCCAGGAAACCTACGAGCAGTACTTCGGGCCG"	FALSE	TRUE	NA	NA	NA	NA
"CTGCAGCCAGAAGACTCGGCCCTGTATCTCTGTGCCAGCAGCCCCGAGGGCAGGGGCCCCTCGAACACTGAAGCTTTCTTTGGACAA"	"CASSPEGRGPSNTEAFF"	"CTGCAGCCAGAAGACTCGGCCCTGTATCTCTGTGCCAGCAGCCCCGAGGGCAGGGGCCCCTCGAACACTGAAGCTTTCTTTGGACAA"	"CASSPEGRGPSNTEAFF"	"TCRBV4-2*1"	"TCRBD1-1*1"	"TCRBJ1-1*1"	43	50	56	62	7	6	NA	NA	"CTGCAGCCAGAAGACTCGGCCCTGTATCTCTGTGCCAGCAGCCCCGAGGGCAGGGGCCCCTCGAACACTGAAGCTTTCTTTGGACAA"	FALSE	TRUE	NA	NA	NA	NA
"CAGTGCCCATCCTGAAGACAGCAGCTTCTACATCTGCAGTGCGTTCTCAGCGGGGGCCACTCTGGAAACACCATATATTTTGGAGAG"	""	"CAGTGCCCATCCTGAAGACAGCAGCTTCTACATCTGCAGTGCGTTCTCAGCGGGGGCCACTCTGGAAACACCATATATTTTGGAGAG"	""	NA	"TCRBD2-1*1"	"TCRBJ1-3*1"	42	48	56	59	6	3	NA	NA	"CAGTGCCCATCCTGAAGACAGCAGCTTCTACATCTGCAGTGCGTTCTCAGCGGGGGCCACTCTGGAAACACCATATATTTTGGAGAG"	FALSE	FALSE	NA	NA	NA	NA
"ATCCAGCCCTCAGAACCCAGGGACTCAGCTGTGTACTTCTGTGCCAGCAAACGGGAGGGCCCCACCGGGGAGCTGTTTTTTGGAGAA"	"CASKREGPTGELFF"	"ATCCAGCCCTCAGAACCCAGGGACTCAGCTGTGTACTTCTGTGCCAGCAAACGGGAGGGCCCCACCGGGGAGCTGTTTTTTGGAGAA"	"CASKREGPTGELFF"	NA	"TCRBD2-1*2"	"TCRBJ2-2*1"	49	51	59	62	2	3	NA	NA	"ATCCAGCCCTCAGAACCCAGGGACTCAGCTGTGTACTTCTGTGCCAGCAAACGGGAGGGCCCCACCGGGGAGCTGTTTTTTGGAGAA"	FALSE	TRUE	NA	NA	NA	NA
"GAGCTGAATGTGAACGCCTTGTTGCTGGGGGACTCGGCCCTCTATCTCTGTGCCAGCAGCTTGGGAGGGGCCCAGTACTTCGGGCCA"	"CASSLGGAQYF"	"GAGCTGAATGTGAACGCCTTGTTGCTGGGGGACTCGGCCCTCTATCTCTGTGCCAGCAGCTTGGGAGGGGCCCAGTACTTCGGGCCA"	"CASSLGGAQYF"	"TCRBV5-6*1"	NA	"TCRBJ2-5*1"	64	65	-1	70	1	71	NA	NA	"GAGCTGAATGTGAACGCCTTGTTGCTGGGGGACTCGGCCCTCTATCTCTGTGCCAGCAGCTTGGGAGGGGCCCAGTACTTCGGGCCA"	FALSE	TRUE	NA	NA	NA	NA
"GCTCCCTCCCAGACATCTGTGTACTTCTGTGCCAGCAGTCCCCCAAACCAGGACAGCCCAAGCCACGGTACGCAGTATTTTGGCCCA"	"CASSPPNQDSPSHGTQYF"	"GCTCCCTCCCAGACATCTGTGTACTTCTGTGCCAGCAGTCCCCCAAACCAGGACAGCCCAAGCCACGGTACGCAGTATTTTGGCCCA"	"CASSPPNQDSPSHGTQYF"	"TCRBV6-6*4"	"TCRBD1-1*1"	"TCRBJ2-3*1"	40	50	56	68	10	12	NA	NA	"GCTCCCTCCCAGACATCTGTGTACTTCTGTGCCAGCAGTCCCCCAAACCAGGACAGCCCAAGCCACGGTACGCAGTATTTTGGCCCA"	FALSE	TRUE	NA	NA	NA	NA
"AATGTGAGCACCTTGGAGCTGGGGGACTCGGCCCTTTATCTTTGCGCCAGCTCGGGGACCCTGGGGACTGAAGCTTTCTTTGGACAA"	"CASSGTLGTEAFF"	"AATGTGAGCACCTTGGAGCTGGGGGACTCGGCCCTTTATCTTTGCGCCAGCTCGGGGACCCTGGGGACTGAAGCTTTCTTTGGACAA"	"CASSGTLGTEAFF"	"TCRBV5-1*1"	NA	"TCRBJ1-1*1"	51	54	59	66	3	7	NA	NA	"AATGTGAGCACCTTGGAGCTGGGGGACTCGGCCCTTTATCTTTGCGCCAGCTCGGGGACCCTGGGGACTGAAGCTTTCTTTGGACAA"	FALSE	TRUE	NA	NA	NA	NA
"AACGCCTTGTTGCTGGGGGACTCGGCCCTGTATCTCTGTGCCAGCAGAACCGGGACAGGGAAGAGCTATGGCTACACCTTCGGTTCG"	"CASRTGTGKSYGYTF"	"AACGCCTTGTTGCTGGGGGACTCGGCCCTGTATCTCTGTGCCAGCAGAACCGGGACAGGGAAGAGCTATGGCTACACCTTCGGTTCG"	"CASRTGTGKSYGYTF"	"TCRBV5-5*1"	"TCRBD1-1*1"	"TCRBJ1-2*1"	47	51	60	65	4	5	NA	NA	"AACGCCTTGTTGCTGGGGGACTCGGCCCTGTATCTCTGTGCCAGCAGAACCGGGACAGGGAAGAGCTATGGCTACACCTTCGGTTCG"	FALSE	TRUE	NA	NA	NA	NA
"GCCTGCAAAGCTTGAGGACTCGGCCGTGTATCTCTGTGCCAGCACCTTCAGGGACGCAGGAGCTCCTACGAGCAGTACTTCGGGCCG"	""	"GCCTGCAAAGCTTGAGGACTCGGCCGTGTATCTCTGTGCCAGCACCTTCAGGGACGCAGGAGCTCCTACGAGCAGTACTTCGGGCCG"	""	"TCRBV11-2*1"	NA	"TCRBJ2-7*1"	48	50	55	62	2	7	NA	NA	"GCCTGCAAAGCTTGAGGACTCGGCCGTGTATCTCTGTGCCAGCACCTTCAGGGACGCAGGAGCTCCTACGAGCAGTACTTCGGGCCG"	FALSE	FALSE	NA	NA	NA	NA
"CACGGAGTCAGGGGACACAGCACTGTATTTCTGTGCCAGCAGCACCAAGCCGACGGTTCCCCTGGAAACACCATATATTTTGGAGAG"	""	"CACGGAGTCAGGGGACACAGCACTGTATTTCTGTGCCAGCAGCACCAAGCCGACGGTTCCCCTGGAAACACCATATATTTTGGAGAG"	""	"TCRBV21-1*1"	NA	"TCRBJ1-3*1"	44	51	54	61	7	7	NA	NA	"CACGGAGTCAGGGGACACAGCACTGTATTTCTGTGCCAGCAGCACCAAGCCGACGGTTCCCCTGGAAACACCATATATTTTGGAGAG"	FALSE	FALSE	NA	NA	NA	NA
"TGAAGATCCAGCCTGCAGAGCAGGGGGACTCGGCCGTGTATGTCTGTGCAAGTAAAGTGCGGATCTAGCGAGCAGTACTTCGGGCCG"	""	"TGAAGATCCAGCCTGCAGAGCAGGGGGACTCGGCCGTGTATGTCTGTGCAAGTAAAGTGCGGATCTAGCGAGCAGTACTTCGGGCCG"	""	"TCRBV12-2*1"	"TCRBD2-1"	"TCRBJ2-7*1"	53	64	-1	68	11	69	NA	NA	"TGAAGATCCAGCCTGCAGAGCAGGGGGACTCGGCCGTGTATGTCTGTGCAAGTAAAGTGCGGATCTAGCGAGCAGTACTTCGGGCCG"	FALSE	FALSE	NA	NA	NA	NA
"AGTGCCCATCCTGAAGACAGCAGCTTCTACATCTGCAGTGCTAGAGATCCCTCAGGAGGGACCAACAATGAGCAGTTCTTCGGGCCA"	"CSARDPSGGTNNEQFF"	"AGTGCCCATCCTGAAGACAGCAGCTTCTACATCTGCAGTGCTAGAGATCCCTCAGGAGGGACCAACAATGAGCAGTTCTTCGGGCCA"	"CSARDPSGGTNNEQFF"	NA	"TCRBD2-1*2"	"TCRBJ2-1*1"	47	54	60	64	7	4	NA	NA	"AGTGCCCATCCTGAAGACAGCAGCTTCTACATCTGCAGTGCTAGAGATCCCTCAGGAGGGACCAACAATGAGCAGTTCTTCGGGCCA"	FALSE	TRUE	NA	NA	NA	NA
"ACTCTGGAGTCCGCTACCAGCTCCCAGACATCTGTGTACTTCTGTGCCATCAGCGAGGACAAGACCTACGAGCAGTACTTCGGGCCG"	"CAISEDKTYEQYF"	"ACTCTGGAGTCCGCTACCAGCTCCCAGACATCTGTGTACTTCTGTGCCATCAGCGAGGACAAGACCTACGAGCAGTACTTCGGGCCG"	"CAISEDKTYEQYF"	"TCRBV1-3*1"	"TCRBD1-1*1"	"TCRBJ2-7*1"	-1	57	61	64	58	3	NA	NA	"ACTCTGGAGTCCGCTACCAGCTCCCAGACATCTGTGTACTTCTGTGCCATCAGCGAGGACAAGACCTACGAGCAGTACTTCGGGCCG"	FALSE	TRUE	NA	NA	NA	NA
"CAGGTAGTGCGAGGAGATTCGGCAGCTTATTTCTGTGCCAGCTCACACTCAACTAGTCTCCCCGACAATGAGCAGTTCTTCGGGCCA"	"CASSHSTSLPDNEQFF"	"CAGGTAGTGCGAGGAGATTCGGCAGCTTATTTCTGTGCCAGCTCACACTCAACTAGTCTCCCCGACAATGAGCAGTTCTTCGGGCCA"	"CASSHSTSLPDNEQFF"	"TCRBV18-1*1"	"TCRBD2-1"	"TCRBJ2-1*1"	46	51	56	64	5	8	NA	NA	"CAGGTAGTGCGAGGAGATTCGGCAGCTTATTTCTGTGCCAGCTCACACTCAACTAGTCTCCCCGACAATGAGCAGTTCTTCGGGCCA"	FALSE	TRUE	NA	NA	NA	NA
"CTGGAGTCTGCTGCCTCCTCCCAGACATCTGTATATTTCTGCGCCAGCAGTAGGACTAGCGAAACCGGGGAGCTGTTTTTTGGAGAA"	"CASSRTSETGELFF"	"CTGGAGTCTGCTGCCTCCTCCCAGACATCTGTATATTTCTGCGCCAGCAGTAGGACTAGCGAAACCGGGGAGCTGTTTTTTGGAGAA"	"CASSRTSETGELFF"	"TCRBV1-1*1"	"TCRBD2-1"	"TCRBJ2-2*1"	51	52	61	63	1	2	NA	NA	"CTGGAGTCTGCTGCCTCCTCCCAGACATCTGTATATTTCTGCGCCAGCAGTAGGACTAGCGAAACCGGGGAGCTGTTTTTTGGAGAA"	FALSE	TRUE	NA	NA	NA	NA
"GTGAGTGCCTTGGAGCTGGGGGACTCGGCCCTGTATCTCTGTGCCAGAAGCTTGAAGTTCGGTGGCAATGAGCAGTTCTTCGGGCCA"	"CARSLKFGGNEQFF"	"GTGAGTGCCTTGGAGCTGGGGGACTCGGCCCTGTATCTCTGTGCCAGAAGCTTGAAGTTCGGTGGCAATGAGCAGTTCTTCGGGCCA"	"CARSLKFGGNEQFF"	"TCRBV5-3"	"TCRBD2-1"	"TCRBJ2-1*1"	54	59	62	65	5	3	NA	NA	"GTGAGTGCCTTGGAGCTGGGGGACTCGGCCCTGTATCTCTGTGCCAGAAGCTTGAAGTTCGGTGGCAATGAGCAGTTCTTCGGGCCA"	FALSE	TRUE	NA	NA	NA	NA
"CCTTGGAGCTGGGGGACTCGGCCCTTTATCTTTGCGCCAGCAGCTCACTTCGCGACTAGCGGGAGATATGAGCAGTACTTCGGGCCG"	""	"CCTTGGAGCTGGGGGACTCGGCCCTTTATCTTTGCGCCAGCAGCTCACTTCGCGACTAGCGGGAGATATGAGCAGTACTTCGGGCCG"	""	"TCRBV5-1*1"	"TCRBD2-1*2"	"TCRBJ2-7*1"	45	53	65	69	8	4	NA	NA	"CCTTGGAGCTGGGGGACTCGGCCCTTTATCTTTGCGCCAGCAGCTCACTTCGCGACTAGCGGGAGATATGAGCAGTACTTCGGGCCG"	FALSE	FALSE	NA	NA	NA	NA
"AGCTGGACGACTCGGCCCTGTATCTCTGTGCCAGCAACCTGACCGGGACATCAACATGCTGGGGCCAACGTCCTGACTTTCGGGGCC"	""	"AGCTGGACGACTCGGCCCTGTATCTCTGTGCCAGCAACCTGACCGGGACATCAACATGCTGGGGCCAACGTCCTGACTTTCGGGGCC"	""	"TCRBV5-4*1"	"TCRBD1-1*1"	"TCRBJ2-6*1"	36	44	50	58	8	8	NA	NA	"AGCTGGACGACTCGGCCCTGTATCTCTGTGCCAGCAACCTGACCGGGACATCAACATGCTGGGGCCAACGTCCTGACTTTCGGGGCC"	FALSE	FALSE	NA	NA	NA	NA
"CAGCGCACAGAGCGGGGGGACTCAGCCGTGTATCTCTGTGCCAGCAGCTTCCCGGGACAGCCCACAGATACGCAGTATTTTGGCCCA"	"CASSFPGQPTDTQYF"	"CAGCGCACAGAGCGGGGGGACTCAGCCGTGTATCTCTGTGCCAGCAGCTTCCCGGGACAGCCCACAGATACGCAGTATTTTGGCCCA"	"CASSFPGQPTDTQYF"	"TCRBV7-3*1"	"TCRBD1-1*1"	"TCRBJ2-3*1"	50	53	60	62	3	2	NA	NA	"CAGCGCACAGAGCGGGGGGACTCAGCCGTGTATCTCTGTGCCAGCAGCTTCCCGGGACAGCCCACAGATACGCAGTATTTTGGCCCA"	FALSE	TRUE	NA	NA	NA	NA
"ATCCGGTCCACAAAGCTGGAGGACTCAGCCATGTACTTCTGTGCCAGCAGTGTAGGCGGAATTAAGGATGGCTACACCTTCGGTTCG"	"CASSVGGIKDGYTF"	"ATCCGGTCCACAAAGCTGGAGGACTCAGCCATGTACTTCTGTGCCAGCAGTGTAGGCGGAATTAAGGATGGCTACACCTTCGGTTCG"	"CASSVGGIKDGYTF"	"TCRBV2-1"	"TCRBD2-1"	"TCRBJ1-2*1"	52	55	59	67	3	8	NA	NA	"ATCCGGTCCACAAAGCTGGAGGACTCAGCCATGTACTTCTGTGCCAGCAGTGTAGGCGGAATTAAGGATGGCTACACCTTCGGTTCG"	FALSE	TRUE	NA	NA	NA	NA
"CTCAAGATCCAGCCTGCAAAGCTTGAGGACTCGGCCGTGTATCTCTGTGCCAGCAGCCTGGGGGTGGGAGAAACGAATTTTGGCCCA"	"CASSLGVGETNF"	"CTCAAGATCCAGCCTGCAAAGCTTGAGGACTCGGCCGTGTATCTCTGTGCCAGCAGCCTGGGGGTGGGAGAAACGAATTTTGGCCCA"	"CASSLGVGETNF"	"TCRBV11-2*1"	NA	"TCRBJ2-3*1"	57	59	64	76	2	12	NA	NA	"CTCAAGATCCAGCCTGCAAAGCTTGAGGACTCGGCCGTGTATCTCTGTGCCAGCAGCCTGGGGGTGGGAGAAACGAATTTTGGCCCA"	FALSE	TRUE	NA	NA	NA	NA
"ATCCTGAGGATCCAGCAGGTAGTGCGAGGAGATTCGGCAGCTTATTTCTGTGCCAGCTCACCGGATTCTGAAGCTTTCTTTGGACAA"	"CASSPDSEAFF"	"ATCCTGAGGATCCAGCAGGTAGTGCGAGGAGATTCGGCAGCTTATTTCTGTGCCAGCTCACCGGATTCTGAAGCTTTCTTTGGACAA"	"CASSPDSEAFF"	"TCRBV18-1*1"	NA	"TCRBJ1-1*1"	-1	62	65	67	63	2	NA	NA	"ATCCTGAGGATCCAGCAGGTAGTGCGAGGAGATTCGGCAGCTTATTTCTGTGCCAGCTCACCGGATTCTGAAGCTTTCTTTGGACAA"	FALSE	TRUE	NA	NA	NA	NA
"ACGATTCAGCGCACAGAGCAGCGGGACTCGGCCATGTATCGCTGTGCCAGCAGCCTGAGCTCCTACAATGAGCAGTTCTTCGGGCCA"	"CASSLSSYNEQFF"	"ACGATTCAGCGCACAGAGCAGCGGGACTCGGCCATGTATCGCTGTGCCAGCAGCCTGAGCTCCTACAATGAGCAGTTCTTCGGGCCA"	"CASSLSSYNEQFF"	NA	"TCRBD2-1*2"	"TCRBJ2-1*1"	54	56	-1	59	2	60	NA	NA	"ACGATTCAGCGCACAGAGCAGCGGGACTCGGCCATGTATCGCTGTGCCAGCAGCCTGAGCTCCTACAATGAGCAGTTCTTCGGGCCA"	FALSE	TRUE	NA	NA	NA	NA
"NTGTCGGCTGCTCCCTCCCAGACATCTGTGTACTTCTGTGCCAGCAGTTATCAGTCTAGCGGAGAATACGAGCAGTACTTCGGGCCG"	"CASSYQSSGEYEQYF"	"NTGTCGGCTGCTCCCTCCCAGACATCTGTGTACTTCTGTGCCAGCAGTTATCAGTCTAGCGGAGAATACGAGCAGTACTTCGGGCCG"	"CASSYQSSGEYEQYF"	"TCRBV6-5*1"	"TCRBD2-1"	"TCRBJ2-7*1"	50	55	62	66	5	4	NA	NA	"NTGTCGGCTGCTCCCTCCCAGACATCTGTGTACTTCTGTGCCAGCAGTTATCAGTCTAGCGGAGAATACGAGCAGTACTTCGGGCCG"	FALSE	TRUE	NA	NA	NA	NA
"GCTGCTCCCTCCCAGACATCTGTGTACTTCTGTGCCAGCAGCCCCGAGGCGCAGTCTTCAACTAATGAAAAACTGTTTTTTGGCAGT"	"CASSPEAQSSTNEKLFF"	"GCTGCTCCCTCCCAGACATCTGTGTACTTCTGTGCCAGCAGCCCCGAGGCGCAGTCTTCAACTAATGAAAAACTGTTTTTTGGCAGT"	"CASSPEAQSSTNEKLFF"	NA	"TCRBD2-1*2"	"TCRBJ1-4*1"	41	45	49	58	4	9	NA	NA	"GCTGCTCCCTCCCAGACATCTGTGTACTTCTGTGCCAGCAGCCCCGAGGCGCAGTCTTCAACTAATGAAAAACTGTTTTTTGGCAGT"	FALSE	TRUE	NA	NA	NA	NA
"AAGAAGCTCCTTCTCAGTGACTCTGGCTTCTATCTCTGTGCCTGGAGTGTATGGTTAGCGAACACCGGGGAGCTGTTTTTTGGAGAA"	"CAWSVWLANTGELFF"	"AAGAAGCTCCTTCTCAGTGACTCTGGCTTCTATCTCTGTGCCTGGAGTGTATGGTTAGCGAACACCGGGGAGCTGTTTTTTGGAGAA"	"CAWSVWLANTGELFF"	"TCRBV3-1*1"	"TCRBD2-1"	"TCRBJ2-2*1"	50	55	-1	58	5	59	NA	NA	"AAGAAGCTCCTTCTCAGTGACTCTGGCTTCTATCTCTGTGCCTGGAGTGTATGGTTAGCGAACACCGGGGAGCTGTTTTTTGGAGAA"	FALSE	TRUE	NA	NA	NA	NA
"CAGCGCACAGAGCAGGAGGACTCGGCCGTGTATCTCTGTGCCAGCAGCTTAAGTGAGGAGGCCAGCTATGGCTACACCTTCGGTTCG"	"CASSLSEEASYGYTF"	"CAGCGCACAGAGCAGGAGGACTCGGCCGTGTATCTCTGTGCCAGCAGCTTAAGTGAGGAGGCCAGCTATGGCTACACCTTCGGTTCG"	"CASSLSEEASYGYTF"	"TCRBV7-2"	"TCRBD2-1*2"	"TCRBJ1-2*1"	51	56	61	65	5	4	NA	NA	"CAGCGCACAGAGCAGGAGGACTCGGCCGTGTATCTCTGTGCCAGCAGCTTAAGTGAGGAGGCCAGCTATGGCTACACCTTCGGTTCG"	FALSE	TRUE	NA	NA	NA	NA
"GTGACCAGTGCCCATCCTGAAGACAGCAGCTTCTACATCTGCAGCCACGAAGTCCCGGGACAAACCACTGAAGCTTTCTTTGGACAA"	"CSHEVPGQTTEAFF"	"GTGACCAGTGCCCATCCTGAAGACAGCAGCTTCTACATCTGCAGCCACGAAGTCCCGGGACAAACCACTGAAGCTTTCTTTGGACAA"	"CSHEVPGQTTEAFF"	NA	"TCRBD1-1*1"	"TCRBJ1-1*1"	44	56	62	65	12	3	NA	NA	"GTGACCAGTGCCCATCCTGAAGACAGCAGCTTCTACATCTGCAGCCACGAAGTCCCGGGACAAACCACTGAAGCTTTCTTTGGACAA"	FALSE	TRUE	NA	NA	NA	NA
"CTCAAGATCCAGCCTGCAGAGCTTGGGGACTCGGCCGTGTATCTCTGTGCCAGCAGCGGGAGACCAGATACGCAGTATTTTGGCCCA"	"CASSGRPDTQYF"	"CTCAAGATCCAGCCTGCAGAGCTTGGGGACTCGGCCGTGTATCTCTGTGCCAGCAGCGGGAGACCAGATACGCAGTATTTTGGCCCA"	"CASSGRPDTQYF"	"TCRBV11-3*1"	"TCRBD2-1*2"	"TCRBJ2-3*1"	-1	57	62	64	58	2	NA	NA	"CTCAAGATCCAGCCTGCAGAGCTTGGGGACTCGGCCGTGTATCTCTGTGCCAGCAGCGGGAGACCAGATACGCAGTATTTTGGCCCA"	FALSE	TRUE	NA	NA	NA	NA
"ATCCAGCGCACACAGCAGGAGGACTCCGCCGTGTATCTCTGTGCCAGCAGCTTAGTATTGGCGATGAATGGCTACACCTTCGGTTCG"	"CASSLVLAMNGYTF"	"ATCCAGCGCACACAGCAGGAGGACTCCGCCGTGTATCTCTGTGCCAGCAGCTTAGTATTGGCGATGAATGGCTACACCTTCGGTTCG"	"CASSLVLAMNGYTF"	"TCRBV7-8*1"	NA	"TCRBJ1-2*1"	55	59	62	67	4	5	NA	NA	"ATCCAGCGCACACAGCAGGAGGACTCCGCCGTGTATCTCTGTGCCAGCAGCTTAGTATTGGCGATGAATGGCTACACCTTCGGTTCG"	FALSE	TRUE	NA	NA	NA	NA
"CAGAGCGGGGGGACTCAGCCGTGTATCTCTGTGCCAGCAGCTTAAGTACCGCAGCGGGATGTCAACAATGAGCAGTTCTTCGGGCCA"	""	"CAGAGCGGGGGGACTCAGCCGTGTATCTCTGTGCCAGCAGCTTAAGTACCGCAGCGGGATGTCAACAATGAGCAGTTCTTCGGGCCA"	""	"TCRBV7-3*1"	"TCRBD2-1*2"	"TCRBJ2-1*1"	45	52	59	64	7	5	NA	NA	"CAGAGCGGGGGGACTCAGCCGTGTATCTCTGTGCCAGCAGCTTAAGTACCGCAGCGGGATGTCAACAATGAGCAGTTCTTCGGGCCA"	FALSE	FALSE	NA	NA	NA	NA
"ATCCAGCGCACAGAGCAGGGGGACTCGGCCATGTATCTCTGTGCCAGCAGCCGAATTGGCACCCAAGAGACCCAGTACTTCGGGCCA"	"CASSRIGTQETQYF"	"ATCCAGCGCACAGAGCAGGGGGACTCGGCCATGTATCTCTGTGCCAGCAGCCGAATTGGCACCCAAGAGACCCAGTACTTCGGGCCA"	"CASSRIGTQETQYF"	"TCRBV7-9*1"	"TCRBD1-1*1"	"TCRBJ2-5*1"	51	57	60	62	6	2	NA	NA	"ATCCAGCGCACAGAGCAGGGGGACTCGGCCATGTATCTCTGTGCCAGCAGCCGAATTGGCACCCAAGAGACCCAGTACTTCGGGCCA"	FALSE	TRUE	NA	NA	NA	NA
"GCCTTGGAGCTGGAGGACTCGGCCCTGTATCTCTGTGCCAGCAGCCTAGGACAGGGGGCCGCTGGAAACACCATATATTTTGGAGAG"	"CASSLGQGAAGNTIYF"	"GCCTTGGAGCTGGAGGACTCGGCCCTGTATCTCTGTGCCAGCAGCCTAGGACAGGGGGCCGCTGGAAACACCATATATTTTGGAGAG"	"CASSLGQGAAGNTIYF"	"TCRBV5-8*1"	"TCRBD1-1*1"	"TCRBJ1-3*1"	45	48	59	61	3	2	NA	NA	"GCCTTGGAGCTGGAGGACTCGGCCCTGTATCTCTGTGCCAGCAGCCTAGGACAGGGGGCCGCTGGAAACACCATATATTTTGGAGAG"	FALSE	TRUE	NA	NA	NA	NA
"AGCTCTCTGGAGCTGGGGGACTCAGCTTTGTATTTCTGTGCCAGCAGCGTAGCGGGAGTGGGCACAGATACGCAGTATTTTGGCCCA"	"CASSVAGVGTDTQYF"	"AGCTCTCTGGAGCTGGGGGACTCAGCTTTGTATTTCTGTGCCAGCAGCGTAGCGGGAGTGGGCACAGATACGCAGTATTTTGGCCCA"	"CASSVAGVGTDTQYF"	"TCRBV9-1*1"	"TCRBD2-1*2"	"TCRBJ2-3*1"	-1	52	58	61	53	3	NA	NA	"AGCTCTCTGGAGCTGGGGGACTCAGCTTTGTATTTCTGTGCCAGCAGCGTAGCGGGAGTGGGCACAGATACGCAGTATTTTGGCCCA"	FALSE	TRUE	NA	NA	NA	NA
"ACAGAGCAGCGGGACTCGGCCATGTATCGCTGTGCCAGCAGCTTAGGTGACAGAGCCTATACTAATGAAAAACTGTTTTTTGGCAGT"	"CASSLGDRAYTNEKLFF"	"ACAGAGCAGCGGGACTCGGCCATGTATCGCTGTGCCAGCAGCTTAGGTGACAGAGCCTATACTAATGAAAAACTGTTTTTTGGCAGT"	"CASSLGDRAYTNEKLFF"	"TCRBV7-6*1"	"TCRBD1-1*1"	"TCRBJ1-4*1"	46	48	53	60	2	7	NA	NA	"ACAGAGCAGCGGGACTCGGCCATGTATCGCTGTGCCAGCAGCTTAGGTGACAGAGCCTATACTAATGAAAAACTGTTTTTTGGCAGT"	FALSE	TRUE	NA	NA	NA	NA
"TGAAGGTGCAGCCTGCAGAACTGGAGGATTCTGGAGTTTATTTCTGTGCCAGTAGCGAATTCGACCTACGAGCAGTACTTCGGGCCG"	""	"TGAAGGTGCAGCCTGCAGAACTGGAGGATTCTGGAGTTTATTTCTGTGCCAGTAGCGAATTCGACCTACGAGCAGTACTTCGGGCCG"	""	"TCRBV14-1*1"	NA	"TCRBJ2-7*1"	-1	56	58	64	57	6	NA	NA	"TGAAGGTGCAGCCTGCAGAACTGGAGGATTCTGGAGTTTATTTCTGTGCCAGTAGCGAATTCGACCTACGAGCAGTACTTCGGGCCG"	FALSE	FALSE	NA	NA	NA	NA
"CTGCAGCCAGAAGACTCAGCCCTGTATCTCTGCGCCAGCAGCCAATTTACTAGCGGGATGGGCACAGATACGCAGTATTTTGGCCCA"	"CASSQFTSGMGTDTQYF"	"CTGCAGCCAGAAGACTCAGCCCTGTATCTCTGCGCCAGCAGCCAATTTACTAGCGGGATGGGCACAGATACGCAGTATTTTGGCCCA"	"CASSQFTSGMGTDTQYF"	"TCRBV4-1*1"	"TCRBD2-1*2"	"TCRBJ2-3*1"	45	48	58	61	3	3	NA	NA	"CTGCAGCCAGAAGACTCAGCCCTGTATCTCTGCGCCAGCAGCCAATTTACTAGCGGGATGGGCACAGATACGCAGTATTTTGGCCCA"	FALSE	TRUE	NA	NA	NA	NA
"TCCCTCCCAAACATCTGTGTACTTCTGTGCCAGCAGCCACGATACTAATGAGAGCCTACCGGGTGGAACGAGCAGTACTTCGGGCCG"	""	"TCCCTCCCAAACATCTGTGTACTTCTGTGCCAGCAGCCACGATACTAATGAGAGCCTACCGGGTGGAACGAGCAGTACTTCGGGCCG"	""	"TCRBV6-2*2"	"TCRBD2-1"	"TCRBJ2-7*1"	38	43	47	67	5	20	NA	NA	"TCCCTCCCAAACATCTGTGTACTTCTGTGCCAGCAGCCACGATACTAATGAGAGCCTACCGGGTGGAACGAGCAGTACTTCGGGCCG"	FALSE	FALSE	NA	NA	NA	NA
"TCTGCCATCCCCAACCAGACAGCTCTTTACTTCTGTGCCACCAGTCCGGTCGGACACCCCTCCTACAATGAGCAGTTCTTCGGGCCA"	"CATSPVGHPSYNEQFF"	"TCTGCCATCCCCAACCAGACAGCTCTTTACTTCTGTGCCACCAGTCCGGTCGGACACCCCTCCTACAATGAGCAGTTCTTCGGGCCA"	"CATSPVGHPSYNEQFF"	"TCRBV24-1*1"	"TCRBD1-1*1"	"TCRBJ2-1*1"	45	51	56	59	6	3	NA	NA	"TCTGCCATCCCCAACCAGACAGCTCTTTACTTCTGTGCCACCAGTCCGGTCGGACACCCCTCCTACAATGAGCAGTTCTTCGGGCCA"	FALSE	TRUE	NA	NA	NA	NA
"CAGCAGGTAGTGCGAGGAGATTCGGCAGCTTATTTCTGTGCCAGCTCACGCGTATTGGCTCCGAACACTGAAGCTTTCTTTGGACAA"	"CASSRVLAPNTEAFF"	"CAGCAGGTAGTGCGAGGAGATTCGGCAGCTTATTTCTGTGCCAGCTCACGCGTATTGGCTCCGAACACTGAAGCTTTCTTTGGACAA"	"CASSRVLAPNTEAFF"	"TCRBV18-1*1"	NA	"TCRBJ1-1*1"	49	56	59	62	7	3	NA	NA	"CAGCAGGTAGTGCGAGGAGATTCGGCAGCTTATTTCTGTGCCAGCTCACGCGTATTGGCTCCGAACACTGAAGCTTTCTTTGGACAA"	FALSE	TRUE	NA	NA	NA	NA
"GCAGCAAGAAGACTCAGCTGCGTATCTCTGCACCAGCAGCCAAGAGGTCGAGGGGTGATTGGGGGCTATGGCTACACCTTCGGTTCG"	""	"GCAGCAAGAAGACTCAGCTGCGTATCTCTGCACCAGCAGCCAAGAGGTCGAGGGGTGATTGGGGGCTATGGCTACACCTTCGGTTCG"	""	"TCRBV1-1*1"	NA	"TCRBJ1-2*1"	45	50	55	65	5	10	NA	NA	"GCAGCAAGAAGACTCAGCTGCGTATCTCTGCACCAGCAGCCAAGAGGTCGAGGGGTGATTGGGGGCTATGGCTACACCTTCGGTTCG"	FALSE	FALSE	NA	NA	NA	NA
"CTCCTCACTCTGGAGTCCGCTACCAGCTCCCAGACATCTGTGTACTTCTGTGCCATCAGTGATGGCGCTGAAGCTTTCTTTGGACAA"	"CAISDGAEAFF"	"CTCCTCACTCTGGAGTCCGCTACCAGCTCCCAGACATCTGTGTACTTCTGTGCCATCAGTGATGGCGCTGAAGCTTTCTTTGGACAA"	"CAISDGAEAFF"	"TCRBV1-3*1"	NA	"TCRBJ1-1*1"	62	63	66	67	1	1	NA	NA	"CTCCTCACTCTGGAGTCCGCTACCAGCTCCCAGACATCTGTGTACTTCTGTGCCATCAGTGATGGCGCTGAAGCTTTCTTTGGACAA"	FALSE	TRUE	NA	NA	NA	NA
"CTACACACCCTGCAGCCAGAAGACTCGGCCCTGTATCTCTGTGCCAGCAGCCGGACAGGTTACAATCAGCCCCAGCATTTTGGTGAT"	"CASSRTGYNQPQHF"	"CTACACACCCTGCAGCCAGAAGACTCGGCCCTGTATCTCTGTGCCAGCAGCCGGACAGGTTACAATCAGCCCCAGCATTTTGGTGAT"	"CASSRTGYNQPQHF"	"TCRBV4-2*1"	"TCRBD1-1*1"	"TCRBJ1-5*1"	-1	52	59	62	53	3	NA	NA	"CTACACACCCTGCAGCCAGAAGACTCGGCCCTGTATCTCTGTGCCAGCAGCCGGACAGGTTACAATCAGCCCCAGCATTTTGGTGAT"	FALSE	TRUE	NA	NA	NA	NA
"ATCCAGCCTGCAAAGCTTGAGGACTCGGCCGTGTATCTCTGTGCCAGCAGCCGGGACTTCGACACAGATACGCAGTATTTTGGCCCA"	"CASSRDFDTDTQYF"	"ATCCAGCCTGCAAAGCTTGAGGACTCGGCCGTGTATCTCTGTGCCAGCAGCCGGGACTTCGACACAGATACGCAGTATTTTGGCCCA"	"CASSRDFDTDTQYF"	"TCRBV11-2*1"	"TCRBD2-1"	"TCRBJ2-3*1"	51	52	58	62	1	4	NA	NA	"ATCCAGCCTGCAAAGCTTGAGGACTCGGCCGTGTATCTCTGTGCCAGCAGCCGGGACTTCGACACAGATACGCAGTATTTTGGCCCA"	FALSE	TRUE	NA	NA	NA	NA
"CACAGAGCGGGGGGACTCAGCCGTGTATCTCTGTGCCAGCAGCTTCAAGGCCGGGAGTGAGGGGGAGAGACCCAGTACTTCGGGCCA"	""	"CACAGAGCGGGGGGACTCAGCCGTGTATCTCTGTGCCAGCAGCTTCAAGGCCGGGAGTGAGGGGGAGAGACCCAGTACTTCGGGCCA"	""	"TCRBV7-3*1"	NA	"TCRBJ2-5*1"	45	59	-1	65	14	66	NA	NA	"CACAGAGCGGGGGGACTCAGCCGTGTATCTCTGTGCCAGCAGCTTCAAGGCCGGGAGTGAGGGGGAGAGACCCAGTACTTCGGGCCA"	FALSE	FALSE	NA	NA	NA	NA
"GACATCCGCTCACCAGGCCTGGGGGACGCAGCCATGTACCTGTGTGCCACCAGCAGAGATCTTGGGTACGAGCAGTACTTCGGGCCG"	"CATSRDLGYEQYF"	"GACATCCGCTCACCAGGCCTGGGGGACGCAGCCATGTACCTGTGTGCCACCAGCAGAGATCTTGGGTACGAGCAGTACTTCGGGCCG"	"CATSRDLGYEQYF"	"TCRBV15-1*2"	NA	"TCRBJ2-7*1"	59	63	-1	66	4	67	NA	NA	"GACATCCGCTCACCAGGCCTGGGGGACGCAGCCATGTACCTGTGTGCCACCAGCAGAGATCTTGGGTACGAGCAGTACTTCGGGCCG"	FALSE	TRUE	NA	NA	NA	NA
"CAGCCTGCAGAACTGGAGGATTCTGGAGTTTATTTCTGTGCCAGCAGCCAAGGGGGCTATAGCACAGATACGCAGTATTTTGGCCCA"	"CASSQGGYSTDTQYF"	"CAGCCTGCAGAACTGGAGGATTCTGGAGTTTATTTCTGTGCCAGCAGCCAAGGGGGCTATAGCACAGATACGCAGTATTTTGGCCCA"	"CASSQGGYSTDTQYF"	"TCRBV14-1*1"	"TCRBD1-1*1"	"TCRBJ2-3*1"	-1	52	57	60	53	3	NA	NA	"CAGCCTGCAGAACTGGAGGATTCTGGAGTTTATTTCTGTGCCAGCAGCCAAGGGGGCTATAGCACAGATACGCAGTATTTTGGCCCA"	FALSE	TRUE	NA	NA	NA	NA
"AGTTCTAAGAAGCTCCTTCTCAGTGACTCTGGCTTCTATCTCTGTGCCTGGCGTGGACAGGACGTCTCGGGCTACACCTTCGGTTCG"	"CAWRGQDVSGYTF"	"AGTTCTAAGAAGCTCCTTCTCAGTGACTCTGGCTTCTATCTCTGTGCCTGGCGTGGACAGGACGTCTCGGGCTACACCTTCGGTTCG"	"CAWRGQDVSGYTF"	"TCRBV3-1*1"	"TCRBD1-1*1"	"TCRBJ1-2*1"	-1	55	61	69	56	8	NA	NA	"AGTTCTAAGAAGCTCCTTCTCAGTGACTCTGGCTTCTATCTCTGTGCCTGGCGTGGACAGGACGTCTCGGGCTACACCTTCGGTTCG"	FALSE	TRUE	NA	NA	NA	NA
"GTCTGCCAGGCCCTCACATACCTCTCAGTACCTCTGTGCCCCCTGAACCCAGTATATGCAACTAATGAAAAACTGTTTTTTGGCAGT"	""	"GTCTGCCAGGCCCTCACATACCTCTCAGTACCTCTGTGCCCCCTGAACCCAGTATATGCAACTAATGAAAAACTGTTTTTTGGCAGT"	""	"TCRBV25-1*1"	"TCRBD1-1*1"	"TCRBJ1-4*1"	40	49	52	58	9	6	NA	NA	"GTCTGCCAGGCCCTCACATACCTCTCAGTACCTCTGTGCCCCCTGAACCCAGTATATGCAACTAATGAAAAACTGTTTTTTGGCAGT"	FALSE	FALSE	NA	NA	NA	NA
"CTGGGGGACTCAGCTTTGTATTTCTGTGCCAGCAGCTGCAACCCGGGACTAGCGGAGAATTAGATCTACGAGCAGTACTTCGGGCCG"	"CASSCNPGLAEN*IYEQYF"	"CTGGGGGACTCAGCTTTGTATTTCTGTGCCAGCAGCTGCAACCCGGGACTAGCGGAGAATTAGATCTACGAGCAGTACTTCGGGCCG"	"CASSCNPGLAEN*IYEQYF"	"TCRBV9-1*1"	"TCRBD2-1"	"TCRBJ2-7*1"	36	44	55	65	8	10	NA	NA	"CTGGGGGACTCAGCTTTGTATTTCTGTGCCAGCAGCTGCAACCCGGGACTAGCGGAGAATTAGATCTACGAGCAGTACTTCGGGCCG"	FALSE	TRUE	NA	NA	NA	NA
"NNNNNNTGTCGGCTGCTCCCTCCCAGACATCTGTGTACTTCTGTGCTCGGACACATCACTAGCACAGATACGCAGTATTTTGGCCCA"	""	"NNNNNNTGTCGGCTGCTCCCTCCCAGACATCTGTGTACTTCTGTGCTCGGACACATCACTAGCACAGATACGCAGTATTTTGGCCCA"	""	"TCRBV6-5*1"	"TCRBD1-1*1"	"TCRBJ2-3*1"	46	48	53	60	2	7	NA	NA	"NNNNNNTGTCGGCTGCTCCCTCCCAGACATCTGTGTACTTCTGTGCTCGGACACATCACTAGCACAGATACGCAGTATTTTGGCCCA"	FALSE	FALSE	NA	NA	NA	NA
"CTGGGGGACTCGGCCCTTTATCTTTGCGCCAGCAGCTTGGACGGACTAGCGGGAAGGGTTAACACCGGGGAGCTGTTTTTTGGAGAA"	"CASSLDGLAGRVNTGELFF"	"CTGGGGGACTCGGCCCTTTATCTTTGCGCCAGCAGCTTGGACGGACTAGCGGGAAGGGTTAACACCGGGGAGCTGTTTTTTGGAGAA"	"CASSLDGLAGRVNTGELFF"	"TCRBV5-1*1"	"TCRBD2-1*2"	"TCRBJ2-2*1"	40	42	54	60	2	6	NA	NA	"CTGGGGGACTCGGCCCTTTATCTTTGCGCCAGCAGCTTGGACGGACTAGCGGGAAGGGTTAACACCGGGGAGCTGTTTTTTGGAGAA"	FALSE	TRUE	NA	NA	NA	NA
"ACAGTGACCAGTGCCCATCCTGAAGACAGCAGCTTCTACATCTGCAGTGCAGGGACGCGCGAGGGGCAGCCCCAGCATTTTGGTGAT"	"CSAGTREGQPQHF"	"ACAGTGACCAGTGCCCATCCTGAAGACAGCAGCTTCTACATCTGCAGTGCAGGGACGCGCGAGGGGCAGCCCCAGCATTTTGGTGAT"	"CSAGTREGQPQHF"	NA	NA	"TCRBJ1-5*1"	50	51	56	66	1	10	NA	NA	"ACAGTGACCAGTGCCCATCCTGAAGACAGCAGCTTCTACATCTGCAGTGCAGGGACGCGCGAGGGGCAGCCCCAGCATTTTGGTGAT"	FALSE	TRUE	NA	NA	NA	NA
"ACTGTGAGCAACATGAGCCCTGAAGACAGCAGCATATATCTCTGCAGCGGAGAGAGATCAGGGACAGATACGCAGTATTTTGGCCCA"	"CSGERSGTDTQYF"	"ACTGTGAGCAACATGAGCCCTGAAGACAGCAGCATATATCTCTGCAGCGGAGAGAGATCAGGGACAGATACGCAGTATTTTGGCCCA"	"CSGERSGTDTQYF"	"TCRBV29-1"	"TCRBD1-1*1"	"TCRBJ2-3*1"	49	58	-1	63	9	64	NA	NA	"ACTGTGAGCAACATGAGCCCTGAAGACAGCAGCATATATCTCTGCAGCGGAGAGAGATCAGGGACAGATACGCAGTATTTTGGCCCA"	FALSE	TRUE	NA	NA	NA	NA
"ACAGCAGGAGGACTCCGCCGTGTATCTCTGTGCCAGCAGCTTAGCCCCCACAGGGTCGTATCCACCGGGGAGCTGTTTTTTGGAGAA"	""	"ACAGCAGGAGGACTCCGCCGTGTATCTCTGTGCCAGCAGCTTAGCCCCCACAGGGTCGTATCCACCGGGGAGCTGTTTTTTGGAGAA"	""	"TCRBV7-8*1"	"TCRBD1-1*1"	"TCRBJ2-2*1"	45	49	55	62	4	7	NA	NA	"ACAGCAGGAGGACTCCGCCGTGTATCTCTGTGCCAGCAGCTTAGCCCCCACAGGGTCGTATCCACCGGGGAGCTGTTTTTTGGAGAA"	FALSE	FALSE	NA	NA	NA	NA
"ACAGTGACCAGTGCCCATCCTGAAGACAGCAGCTTCTACATCTGCAGTGCTAGAGATCGGGGAAATTCACCCCTCCACTTTGGGAAT"	"CSARDRGNSPLHF"	"ACAGTGACCAGTGCCCATCCTGAAGACAGCAGCTTCTACATCTGCAGTGCTAGAGATCGGGGAAATTCACCCCTCCACTTTGGGAAT"	"CSARDRGNSPLHF"	NA	"TCRBD2-1*1"	"TCRBJ1-6*1"	56	57	62	63	1	1	NA	NA	"ACAGTGACCAGTGCCCATCCTGAAGACAGCAGCTTCTACATCTGCAGTGCTAGAGATCGGGGAAATTCACCCCTCCACTTTGGGAAT"	FALSE	TRUE	NA	NA	NA	NA
"CAGTGCCCATCCTGAAGACAGCAGCTTCTACATCTGCAGTGCTAGCCCCACCCGGGGAGGGCCGCTTACGAGCAGTACTTCGGGCCG"	""	"CAGTGCCCATCCTGAAGACAGCAGCTTCTACATCTGCAGTGCTAGCCCCACCCGGGGAGGGCCGCTTACGAGCAGTACTTCGGGCCG"	""	NA	"TCRBD2-1*2"	"TCRBJ2-7*1"	45	54	61	66	9	5	NA	NA	"CAGTGCCCATCCTGAAGACAGCAGCTTCTACATCTGCAGTGCTAGCCCCACCCGGGGAGGGCCGCTTACGAGCAGTACTTCGGGCCG"	FALSE	FALSE	NA	NA	NA	NA
"CACCTACACACCCTGCAGCCAGAAGACTCGGCCCTGTATCTCTGCGCCAGCAGCCAAGATCGGCGATATGGCTACACCTTCGGTTCG"	"CASSQDRRYGYTF"	"CACCTACACACCCTGCAGCCAGAAGACTCGGCCCTGTATCTCTGCGCCAGCAGCCAAGATCGGCGATATGGCTACACCTTCGGTTCG"	"CASSQDRRYGYTF"	"TCRBV4-3*1"	NA	"TCRBJ1-2*1"	59	61	64	66	2	2	NA	NA	"CACCTACACACCCTGCAGCCAGAAGACTCGGCCCTGTATCTCTGCGCCAGCAGCCAAGATCGGCGATATGGCTACACCTTCGGTTCG"	FALSE	TRUE	NA	NA	NA	NA
"ATCCAGCAGGTAGTGCGAGGAGATTCGGCAGCTTATTTCTGTGCCAGCTCTCAGGGGGCAGACTCCGCCGAAGCTTTCTTTGGACAA"	"CASSQGADSAEAFF"	"ATCCAGCAGGTAGTGCGAGGAGATTCGGCAGCTTATTTCTGTGCCAGCTCTCAGGGGGCAGACTCCGCCGAAGCTTTCTTTGGACAA"	"CASSQGADSAEAFF"	"TCRBV18-1*1"	"TCRBD1-1*1"	"TCRBJ1-1*1"	50	51	59	69	1	10	NA	NA	"ATCCAGCAGGTAGTGCGAGGAGATTCGGCAGCTTATTTCTGTGCCAGCTCTCAGGGGGCAGACTCCGCCGAAGCTTTCTTTGGACAA"	FALSE	TRUE	NA	NA	NA	NA
"NNNNNNNNNACCTTGGAGATCCAGCGCACAGAGCAGGGGGACTCGGCCATGTATCTCTGTGCCAGCAGCTTAGGAGGGTTCGGGCCA"	"CASSLGGF"	"NNNNNNNNNACCTTGGAGATCCAGCGCACAGAGCAGGGGGACTCGGCCATGTATCTCTGTGCCAGCAGCTTAGGAGGGTTCGGGCCA"	"CASSLGGF"	"TCRBV7-9*1"	"TCRBD2-1*2"	NA	-1	73	-1	78	74	79	NA	NA	"NNNNNNNNNACCTTGGAGATCCAGCGCACAGAGCAGGGGGACTCGGCCATGTATCTCTGTGCCAGCAGCTTAGGAGGGTTCGGGCCA"	FALSE	TRUE	NA	NA	NA	NA
"TGGAGTCCGCTACCAGCTCCCAGACATCTGTGTACTTCTGTGCCATCAGTGTCTAGCGGGGGTACGCATACGCAGTATTTTGGCCCA"	""	"TGGAGTCCGCTACCAGCTCCCAGACATCTGTGTACTTCTGTGCCATCAGTGTCTAGCGGGGGTACGCATACGCAGTATTTTGGCCCA"	""	"TCRBV1-3*1"	"TCRBD2-1*1"	"TCRBJ2-3*1"	51	52	62	67	1	5	NA	NA	"TGGAGTCCGCTACCAGCTCCCAGACATCTGTGTACTTCTGTGCCATCAGTGTCTAGCGGGGGTACGCATACGCAGTATTTTGGCCCA"	FALSE	FALSE	NA	NA	NA	NA
"TCAGGGGACACAGCACTGTATTTCTGTGCCAGCAGCAAAGCGCCGGGTTGGTATGAACTTTGTAATCAGCCCCAGCATTTTGGTGAT"	"CASSKAPGWYELCNQPQHF"	"TCAGGGGACACAGCACTGTATTTCTGTGCCAGCAGCAAAGCGCCGGGTTGGTATGAACTTTGTAATCAGCCCCAGCATTTTGGTGAT"	"CASSKAPGWYELCNQPQHF"	"TCRBV21-1*1"	"TCRBD2-1"	"TCRBJ1-5*1"	41	43	47	63	2	16	NA	NA	"TCAGGGGACACAGCACTGTATTTCTGTGCCAGCAGCAAAGCGCCGGGTTGGTATGAACTTTGTAATCAGCCCCAGCATTTTGGTGAT"	FALSE	TRUE	NA	NA	NA	NA
"AGCACCTTGGAGCTGGGGGACTCGGCCCTTTATCTTTGCGCCAGCAGCGCCAGGGGACCGCTCCATGAAAAACTGTTTTTTGGCAGT"	"CASSARGPLHEKLFF"	"AGCACCTTGGAGCTGGGGGACTCGGCCCTTTATCTTTGCGCCAGCAGCGCCAGGGGACCGCTCCATGAAAAACTGTTTTTTGGCAGT"	"CASSARGPLHEKLFF"	"TCRBV5-1*1"	"TCRBD1-1*1"	"TCRBJ1-4*1"	48	50	56	64	2	8	NA	NA	"AGCACCTTGGAGCTGGGGGACTCGGCCCTTTATCTTTGCGCCAGCAGCGCCAGGGGACCGCTCCATGAAAAACTGTTTTTTGGCAGT"	FALSE	TRUE	NA	NA	NA	NA
"CATCGGCCCAAAAGAACCCGACAGCTTTCTATCTCTGTGCCAGTAGTATATCAGGATAGCTCTGGAAACACCATATATTTTGGAGAG"	""	"CATCGGCCCAAAAGAACCCGACAGCTTTCTATCTCTGTGCCAGTAGTATATCAGGATAGCTCTGGAAACACCATATATTTTGGAGAG"	""	"TCRBV19-1*1"	"TCRBD1-1*1"	"TCRBJ1-3*1"	50	51	55	59	1	4	NA	NA	"CATCGGCCCAAAAGAACCCGACAGCTTTCTATCTCTGTGCCAGTAGTATATCAGGATAGCTCTGGAAACACCATATATTTTGGAGAG"	FALSE	FALSE	NA	NA	NA	NA
"ATCCAGCCTGCAAAGCTTGAGGACTCGGCCGTGTATCTCTGTGCCAGCAGTGGCCAGTGGGGGGCGGGGGAGCTGTTTTTTGGAGAA"	"CASSGQWGAGELFF"	"ATCCAGCCTGCAAAGCTTGAGGACTCGGCCGTGTATCTCTGTGCCAGCAGTGGCCAGTGGGGGGCGGGGGAGCTGTTTTTTGGAGAA"	"CASSGQWGAGELFF"	"TCRBV11-2*1"	NA	"TCRBJ2-2*1"	50	59	65	66	9	1	NA	NA	"ATCCAGCCTGCAAAGCTTGAGGACTCGGCCGTGTATCTCTGTGCCAGCAGTGGCCAGTGGGGGGCGGGGGAGCTGTTTTTTGGAGAA"	FALSE	TRUE	NA	NA	NA	NA
"GTGACATCGGCCCAAAAGAACCCGACAGCTTTCTATCTCTGTGCCAGTAGCACAGGGTTGATTAGCGACGAGCAGTACTTCGGGCCG"	"CASSTGLISDEQYF"	"GTGACATCGGCCCAAAAGAACCCGACAGCTTTCTATCTCTGTGCCAGTAGCACAGGGTTGATTAGCGACGAGCAGTACTTCGGGCCG"	"CASSTGLISDEQYF"	"TCRBV19-1*1"	"TCRBD1-1*1"	"TCRBJ2-7*1"	50	51	57	67	1	10	NA	NA	"GTGACATCGGCCCAAAAGAACCCGACAGCTTTCTATCTCTGTGCCAGTAGCACAGGGTTGATTAGCGACGAGCAGTACTTCGGGCCG"	FALSE	TRUE	NA	NA	NA	NA
"TGGAGCTGGGGGACTCAGCTTTGTATTTCTGTGCCAGCAGCGGCCCAGGGGGTCGGGGCGGGGGGCTATGGCTACACCTTCGGTTCG"	""	"TGGAGCTGGGGGACTCAGCTTTGTATTTCTGTGCCAGCAGCGGCCCAGGGGGTCGGGGCGGGGGGCTATGGCTACACCTTCGGTTCG"	""	"TCRBV9-1*1"	"TCRBD2-1*1"	"TCRBJ1-2*1"	42	57	-1	65	15	66	NA	NA	"TGGAGCTGGGGGACTCAGCTTTGTATTTCTGTGCCAGCAGCGGCCCAGGGGGTCGGGGCGGGGGGCTATGGCTACACCTTCGGTTCG"	FALSE	FALSE	NA	NA	NA	NA
"AATTCCCTGGAGCTTGGTGACTCTGCTGTGTATTTCTGTGCCAGCAGCCCCCCTAGCGGGATCTCGGATACGCAGTATTTTGGCCCA"	"CASSPPSGISDTQYF"	"AATTCCCTGGAGCTTGGTGACTCTGCTGTGTATTTCTGTGCCAGCAGCCCCCCTAGCGGGATCTCGGATACGCAGTATTTTGGCCCA"	"CASSPPSGISDTQYF"	"TCRBV3-1/3-2*1"	"TCRBD2-1*2"	"TCRBJ2-3*1"	49	52	61	66	3	5	NA	NA	"AATTCCCTGGAGCTTGGTGACTCTGCTGTGTATTTCTGTGCCAGCAGCCCCCCTAGCGGGATCTCGGATACGCAGTATTTTGGCCCA"	FALSE	TRUE	NA	NA	NA	NA
"CTGATCCTGGAGTCGCCCAGCCCCAACCAGACCTCTCTGTACTTCTGTGCCAGCAGGGGCCTGGGAGGGCCCCAGCATTTTGGTGAT"	"CASRGLGGPQHF"	"CTGATCCTGGAGTCGCCCAGCCCCAACCAGACCTCTCTGTACTTCTGTGCCAGCAGGGGCCTGGGAGGGCCCCAGCATTTTGGTGAT"	"CASRGLGGPQHF"	"TCRBV27-1*1"	"TCRBD2-1*2"	"TCRBJ1-5*1"	56	62	-1	68	6	69	NA	NA	"CTGATCCTGGAGTCGCCCAGCCCCAACCAGACCTCTCTGTACTTCTGTGCCAGCAGGGGCCTGGGAGGGCCCCAGCATTTTGGTGAT"	FALSE	TRUE	NA	NA	NA	NA
"AAGCTCCTTCTCAGTGACTCTGGCTTCTATCTCTGTGCCTGGAGGAGAATGACTAGCGGGAAAGCCGGGGAGCTGTTTTTTGGAGAA"	"CAWRRMTSGKAGELFF"	"AAGCTCCTTCTCAGTGACTCTGGCTTCTATCTCTGTGCCTGGAGGAGAATGACTAGCGGGAAAGCCGGGGAGCTGTTTTTTGGAGAA"	"CAWRRMTSGKAGELFF"	"TCRBV3-1*1"	"TCRBD2-1*2"	"TCRBJ2-2*1"	44	50	61	64	6	3	NA	NA	"AAGCTCCTTCTCAGTGACTCTGGCTTCTATCTCTGTGCCTGGAGGAGAATGACTAGCGGGAAAGCCGGGGAGCTGTTTTTTGGAGAA"	FALSE	TRUE	NA	NA	NA	NA
"CAGCAGGTAGTGCGAGGAGATTCGGCAGCTTATTTCTGTGCCAGCTCACCCCTGCAGGGGTGGAACTATGGCTACACCTTCGGTTCG"	"CASSPLQGWNYGYTF"	"CAGCAGGTAGTGCGAGGAGATTCGGCAGCTTATTTCTGTGCCAGCTCACCCCTGCAGGGGTGGAACTATGGCTACACCTTCGGTTCG"	"CASSPLQGWNYGYTF"	"TCRBV18-1*1"	"TCRBD1-1*1"	"TCRBJ1-2*1"	50	54	60	63	4	3	NA	NA	"CAGCAGGTAGTGCGAGGAGATTCGGCAGCTTATTTCTGTGCCAGCTCACCCCTGCAGGGGTGGAACTATGGCTACACCTTCGGTTCG"	FALSE	TRUE	NA	NA	NA	NA
"CTGGAGTCGCCCAGCCCCAACCAGACCTCTCTGTACTTCTGTGCCAGCAGTTCCAAAGGGGGGAACTATGGCTACACCTTCGGTTCG"	"CASSSKGGNYGYTF"	"CTGGAGTCGCCCAGCCCCAACCAGACCTCTCTGTACTTCTGTGCCAGCAGTTCCAAAGGGGGGAACTATGGCTACACCTTCGGTTCG"	"CASSSKGGNYGYTF"	"TCRBV27-1*1"	NA	"TCRBJ1-2*1"	52	56	62	63	4	1	NA	NA	"CTGGAGTCGCCCAGCCCCAACCAGACCTCTCTGTACTTCTGTGCCAGCAGTTCCAAAGGGGGGAACTATGGCTACACCTTCGGTTCG"	FALSE	TRUE	NA	NA	NA	NA
"CTGAAGACAGCAGCTTCTACATCTGCAGTGCTAGACCCGGGACTTTGCCAAGACCGCTCGCTCTACAATGAGCAGTTCTTCGGGCCA"	""	"CTGAAGACAGCAGCTTCTACATCTGCAGTGCTAGACCCGGGACTTTGCCAAGACCGCTCGCTCTACAATGAGCAGTTCTTCGGGCCA"	""	NA	"TCRBD2-1"	"TCRBJ2-1*1"	35	38	44	62	3	18	NA	NA	"CTGAAGACAGCAGCTTCTACATCTGCAGTGCTAGACCCGGGACTTTGCCAAGACCGCTCGCTCTACAATGAGCAGTTCTTCGGGCCA"	FALSE	FALSE	NA	NA	NA	NA
"AACGCCTTGGAGCTGGAGGACTCGGCCCTGTATCTCTGTGCCAGCAGCCCGGACAGGGGGCGCGATCAGCCCCAGCATTTTGGTGAT"	"CASSPDRGRDQPQHF"	"AACGCCTTGGAGCTGGAGGACTCGGCCCTGTATCTCTGTGCCAGCAGCCCGGACAGGGGGCGCGATCAGCCCCAGCATTTTGGTGAT"	"CASSPDRGRDQPQHF"	"TCRBV5-8*1"	"TCRBD1-1*1"	"TCRBJ1-5*1"	48	50	61	64	2	3	NA	NA	"AACGCCTTGGAGCTGGAGGACTCGGCCCTGTATCTCTGTGCCAGCAGCCCGGACAGGGGGCGCGATCAGCCCCAGCATTTTGGTGAT"	FALSE	TRUE	NA	NA	NA	NA
"CACCTACACACCCTGCAGCCAGAAGACTCGGCCCTGTATCTCTGCGCCAGCAGCCTGGGCAGGGGGCAGAAGCAGTACTTCGGGCCG"	"CASSLGRGQKQYF"	"CACCTACACACCCTGCAGCCAGAAGACTCGGCCCTGTATCTCTGCGCCAGCAGCCTGGGCAGGGGGCAGAAGCAGTACTTCGGGCCG"	"CASSLGRGQKQYF"	"TCRBV4-3*1"	"TCRBD1-1*1"	"TCRBJ2-7*1"	55	59	67	70	4	3	NA	NA	"CACCTACACACCCTGCAGCCAGAAGACTCGGCCCTGTATCTCTGCGCCAGCAGCCTGGGCAGGGGGCAGAAGCAGTACTTCGGGCCG"	FALSE	TRUE	NA	NA	NA	NA
"GAGCACCTTGGAGCTGGGGGACTCGGCCCTTTATCTTTGCGCCAACGCGGTCCGGGACAGCTACAAGAGACCCAGTACTTCGGGCCA"	""	"GAGCACCTTGGAGCTGGGGGACTCGGCCCTTTATCTTTGCGCCAACGCGGTCCGGGACAGCTACAAGAGACCCAGTACTTCGGGCCA"	""	"TCRBV5-1*1"	"TCRBD1-1*1"	"TCRBJ2-5*1"	44	53	60	63	9	3	NA	NA	"GAGCACCTTGGAGCTGGGGGACTCGGCCCTTTATCTTTGCGCCAACGCGGTCCGGGACAGCTACAAGAGACCCAGTACTTCGGGCCA"	FALSE	FALSE	NA	NA	NA	NA
"ATGAATGTGAGCACCTTGGAGCTGGGGGACTCGGCCCTTTATCTTTGCGCCAGCAGCTTGGAGCAAGAGACCCAGTACTTCGGGCCA"	"CASSLEQETQYF"	"ATGAATGTGAGCACCTTGGAGCTGGGGGACTCGGCCCTTTATCTTTGCGCCAGCAGCTTGGAGCAAGAGACCCAGTACTTCGGGCCA"	"CASSLEQETQYF"	"TCRBV5-1*1"	NA	"TCRBJ2-5*1"	-1	61	-1	63	62	64	NA	NA	"ATGAATGTGAGCACCTTGGAGCTGGGGGACTCGGCCCTTTATCTTTGCGCCAGCAGCTTGGAGCAAGAGACCCAGTACTTCGGGCCA"	FALSE	TRUE	NA	NA	NA	NA
"CGGCTGCTCCCTCCCAGACATCTGTGTACTTCTGTGCCAGCAGTGTTAGCGGGAGGGCCATTCACCGGGGAGCTGTTTTTTGGAGAA"	""	"CGGCTGCTCCCTCCCAGACATCTGTGTACTTCTGTGCCAGCAGTGTTAGCGGGAGGGCCATTCACCGGGGAGCTGTTTTTTGGAGAA"	""	"TCRBV6-1*1"	"TCRBD2-1*2"	"TCRBJ2-2*1"	45	46	57	62	1	5	NA	NA	"CGGCTGCTCCCTCCCAGACATCTGTGTACTTCTGTGCCAGCAGTGTTAGCGGGAGGGCCATTCACCGGGGAGCTGTTTTTTGGAGAA"	FALSE	FALSE	NA	NA	NA	NA
"NTGAAGATCCAGCCCTCAGAACCCAGGGACTCAGCTGTGTACTTCTGTGCCAGCAGTTTTGGCCCGGGATCCCGTTACTTCGGGCCA"	"CASSFGPGSRYF"	"NTGAAGATCCAGCCCTCAGAACCCAGGGACTCAGCTGTGTACTTCTGTGCCAGCAGTTTTGGCCCGGGATCCCGTTACTTCGGGCCA"	"CASSFGPGSRYF"	"TCRBV12-3/12-4*1"	"TCRBD2-1*2"	"TCRBJ2-5*1"	59	64	69	75	5	6	NA	NA	"NTGAAGATCCAGCCCTCAGAACCCAGGGACTCAGCTGTGTACTTCTGTGCCAGCAGTTTTGGCCCGGGATCCCGTTACTTCGGGCCA"	FALSE	TRUE	NA	NA	NA	NA
"GGAGATCCAGTCCACGGAGTCAGGGGACACAGCACTGTATTTCTGTGCCACCTCGGGGATGCGAATTCACCCCTCCACTTTGGGAAT"	""	"GGAGATCCAGTCCACGGAGTCAGGGGACACAGCACTGTATTTCTGTGCCACCTCGGGGATGCGAATTCACCCCTCCACTTTGGGAAT"	""	"TCRBV21-1*1"	"TCRBD2-1*1"	"TCRBJ1-6*1"	50	53	58	63	3	5	NA	NA	"GGAGATCCAGTCCACGGAGTCAGGGGACACAGCACTGTATTTCTGTGCCACCTCGGGGATGCGAATTCACCCCTCCACTTTGGGAAT"	FALSE	FALSE	NA	NA	NA	NA
"ACCTTGGAGCTGGGGGACTCGGCCCTTTATCTTTGCGCCAGCAGCTTCCCTCAAGAGGACTGGGATGGTGAGCAGTTCTTCGGGCCA"	"CASSFPQEDWDGEQFF"	"ACCTTGGAGCTGGGGGACTCGGCCCTTTATCTTTGCGCCAGCAGCTTCCCTCAAGAGGACTGGGATGGTGAGCAGTTCTTCGGGCCA"	"CASSFPQEDWDGEQFF"	"TCRBV5-1*1"	"TCRBD2-1"	"TCRBJ2-1*1"	47	56	61	68	9	7	NA	NA	"ACCTTGGAGCTGGGGGACTCGGCCCTTTATCTTTGCGCCAGCAGCTTCCCTCAAGAGGACTGGGATGGTGAGCAGTTCTTCGGGCCA"	FALSE	TRUE	NA	NA	NA	NA
"ACCCTGCAGCCAGAAGACTCGGCCCTGTATCTCTGCGCCAGCAGCCAAGGACGGACTAGCGGATACAATGAGCAGTTCTTCGGGCCA"	"CASSQGRTSGYNEQFF"	"ACCCTGCAGCCAGAAGACTCGGCCCTGTATCTCTGCGCCAGCAGCCAAGGACGGACTAGCGGATACAATGAGCAGTTCTTCGGGCCA"	"CASSQGRTSGYNEQFF"	"TCRBV4-3*1"	"TCRBD2-1"	"TCRBJ2-1*1"	49	52	62	63	3	1	NA	NA	"ACCCTGCAGCCAGAAGACTCGGCCCTGTATCTCTGCGCCAGCAGCCAAGGACGGACTAGCGGATACAATGAGCAGTTCTTCGGGCCA"	FALSE	TRUE	NA	NA	NA	NA
"AGCGCACAGAGCGGGGGGACTCAGCCGTGTATCTCTGTGCCAGCAGCCCCCACTCGTCGCAGTAATGAAAAACTGTTTTTTGGCAGT"	""	"AGCGCACAGAGCGGGGGGACTCAGCCGTGTATCTCTGTGCCAGCAGCCCCCACTCGTCGCAGTAATGAAAAACTGTTTTTTGGCAGT"	""	"TCRBV7-3*1"	NA	"TCRBJ1-4*1"	47	59	-1	62	12	63	NA	NA	"AGCGCACAGAGCGGGGGGACTCAGCCGTGTATCTCTGTGCCAGCAGCCCCCACTCGTCGCAGTAATGAAAAACTGTTTTTTGGCAGT"	FALSE	FALSE	NA	NA	NA	NA
"GTGACATCGGCCCAAAAGAACCCGACAGCTTTCTATCTCTGTGCCAGTAGGGCAGGGGGTAAGAAAACTGAAGCTTTCTTTGGACAA"	"CASRAGGKKTEAFF"	"GTGACATCGGCCCAAAAGAACCCGACAGCTTTCTATCTCTGTGCCAGTAGGGCAGGGGGTAAGAAAACTGAAGCTTTCTTTGGACAA"	"CASRAGGKKTEAFF"	"TCRBV19-1*1"	"TCRBD1-1*1"	"TCRBJ1-1*1"	50	52	59	66	2	7	NA	NA	"GTGACATCGGCCCAAAAGAACCCGACAGCTTTCTATCTCTGTGCCAGTAGGGCAGGGGGTAAGAAAACTGAAGCTTTCTTTGGACAA"	FALSE	TRUE	NA	NA	NA	NA
"CAGCGCACAGAGCAGCGGGACTCGGCCATGTATCGCTGTGCCAGCAGCTTAGGCCATAGATTGGAGGGGAAAGCTTTCTTTGGACAA"	"CASSLGHRLEGKAFF"	"CAGCGCACAGAGCAGCGGGACTCGGCCATGTATCGCTGTGCCAGCAGCTTAGGCCATAGATTGGAGGGGAAAGCTTTCTTTGGACAA"	"CASSLGHRLEGKAFF"	"TCRBV7-6*1"	"TCRBD2-1*2"	"TCRBJ1-1*1"	52	62	68	70	10	2	NA	NA	"CAGCGCACAGAGCAGCGGGACTCGGCCATGTATCGCTGTGCCAGCAGCTTAGGCCATAGATTGGAGGGGAAAGCTTTCTTTGGACAA"	FALSE	TRUE	NA	NA	NA	NA
"TCCGCCAGCACCAACCAGACATCTATGTACCTCTGTGCCAGCAGTTTAAAACGGCGGGAGTATTACAATGAGCAGTTCTTCGGGCCA"	"CASSLKRREYYNEQFF"	"TCCGCCAGCACCAACCAGACATCTATGTACCTCTGTGCCAGCAGTTTAAAACGGCGGGAGTATTACAATGAGCAGTTCTTCGGGCCA"	"CASSLKRREYYNEQFF"	"TCRBV28-1*1"	"TCRBD2-1*2"	"TCRBJ2-1*1"	48	53	60	63	5	3	NA	NA	"TCCGCCAGCACCAACCAGACATCTATGTACCTCTGTGCCAGCAGTTTAAAACGGCGGGAGTATTACAATGAGCAGTTCTTCGGGCCA"	FALSE	TRUE	NA	NA	NA	NA
"CTTCTCAGTGACTCTGGCTTCTATCTCTGTGCCTGGGATCCAGACCCGACGACAGGGCCGACTAACTATGGCTACACCTTCGGTTCG"	"CAWDPDPTTGPTNYGYTF"	"CTTCTCAGTGACTCTGGCTTCTATCTCTGTGCCTGGGATCCAGACCCGACGACAGGGCCGACTAACTATGGCTACACCTTCGGTTCG"	"CAWDPDPTTGPTNYGYTF"	"TCRBV3-1*5"	"TCRBD1-1*1"	"TCRBJ1-2*1"	37	50	57	61	13	4	NA	NA	"CTTCTCAGTGACTCTGGCTTCTATCTCTGTGCCTGGGATCCAGACCCGACGACAGGGCCGACTAACTATGGCTACACCTTCGGTTCG"	FALSE	TRUE	NA	NA	NA	NA
"GTGAACGCCTTGTTGCTGGGGGACTCGGCCCTGTATCTCTGTGCCAGCAGCTTGGTGGATGCGCTCCACGAGCAGTACTTCGGGCCG"	"CASSLVDALHEQYF"	"GTGAACGCCTTGTTGCTGGGGGACTCGGCCCTGTATCTCTGTGCCAGCAGCTTGGTGGATGCGCTCCACGAGCAGTACTTCGGGCCG"	"CASSLVDALHEQYF"	"TCRBV5-5*1"	NA	"TCRBJ2-7*1"	55	56	59	67	1	8	NA	NA	"GTGAACGCCTTGTTGCTGGGGGACTCGGCCCTGTATCTCTGTGCCAGCAGCTTGGTGGATGCGCTCCACGAGCAGTACTTCGGGCCG"	FALSE	TRUE	NA	NA	NA	NA
"AGAGTCTGCCATCCCCAACCAGACAGCTCTTTACTTCTGTGCCACCAGTGGCGCTAGCGGGAGAGGTACGAGCAGTACTTCGGGCCG"	""	"AGAGTCTGCCATCCCCAACCAGACAGCTCTTTACTTCTGTGCCACCAGTGGCGCTAGCGGGAGAGGTACGAGCAGTACTTCGGGCCG"	""	"TCRBV24-1*1"	"TCRBD2-1*2"	"TCRBJ2-7*1"	50	53	63	66	3	3	NA	NA	"AGAGTCTGCCATCCCCAACCAGACAGCTCTTTACTTCTGTGCCACCAGTGGCGCTAGCGGGAGAGGTACGAGCAGTACTTCGGGCCG"	FALSE	FALSE	NA	NA	NA	NA
"TGAAGATCCAGCCTGCAGAGCAGGGGGACTCGGCCGTGTATGTCTGTGCAAGTCGCTTAGTGTTCGTACGAGCAGTACTTCGGGCCG"	""	"TGAAGATCCAGCCTGCAGAGCAGGGGGACTCGGCCGTGTATGTCTGTGCAAGTCGCTTAGTGTTCGTACGAGCAGTACTTCGGGCCG"	""	"TCRBV12-2*1"	"TCRBD2-1"	"TCRBJ2-7*1"	60	64	-1	66	4	67	NA	NA	"TGAAGATCCAGCCTGCAGAGCAGGGGGACTCGGCCGTGTATGTCTGTGCAAGTCGCTTAGTGTTCGTACGAGCAGTACTTCGGGCCG"	FALSE	FALSE	NA	NA	NA	NA
"ACATCGGCCCAAAAGAACCCGACAGCTTTCTATCTCTGTGCCAGTAGTATCACGGACTTCCTGGGAGAGACCCAGTACTTCGGGCCA"	"CASSITDFLGETQYF"	"ACATCGGCCCAAAAGAACCCGACAGCTTTCTATCTCTGTGCCAGTAGTATCACGGACTTCCTGGGAGAGACCCAGTACTTCGGGCCA"	"CASSITDFLGETQYF"	"TCRBV19-1*1"	"TCRBD2-1"	"TCRBJ2-5*1"	50	53	58	65	3	7	NA	NA	"ACATCGGCCCAAAAGAACCCGACAGCTTTCTATCTCTGTGCCAGTAGTATCACGGACTTCCTGGGAGAGACCCAGTACTTCGGGCCA"	FALSE	TRUE	NA	NA	NA	NA
"NCTCTCACTGTGACATCGGCCCAAAAGAACCCGACAGCTTTCTATCTCTGTGCCAGTAGTATGGAAGATACGCAGTATTTTGGCCCA"	"CASSMEDTQYF"	"NCTCTCACTGTGACATCGGCCCAAAAGAACCCGACAGCTTTCTATCTCTGTGCCAGTAGTATGGAAGATACGCAGTATTTTGGCCCA"	"CASSMEDTQYF"	"TCRBV19-1*1"	NA	"TCRBJ2-3*1"	-1	62	-1	65	63	66	NA	NA	"NCTCTCACTGTGACATCGGCCCAAAAGAACCCGACAGCTTTCTATCTCTGTGCCAGTAGTATGGAAGATACGCAGTATTTTGGCCCA"	FALSE	TRUE	NA	NA	NA	NA
"AACGCCTTGTTGCTGGGGGACTCGGCCCTGTATCTCTGTGCCAGCAGCCCTACCGGGGGGTCCTACAATGAGCAGTTCTTCGGGCCA"	"CASSPTGGSYNEQFF"	"AACGCCTTGTTGCTGGGGGACTCGGCCCTGTATCTCTGTGCCAGCAGCCCTACCGGGGGGTCCTACAATGAGCAGTTCTTCGGGCCA"	"CASSPTGGSYNEQFF"	"TCRBV5-5*1"	"TCRBD2-1*1"	"TCRBJ2-1*1"	48	53	-1	60	5	61	NA	NA	"AACGCCTTGTTGCTGGGGGACTCGGCCCTGTATCTCTGTGCCAGCAGCCCTACCGGGGGGTCCTACAATGAGCAGTTCTTCGGGCCA"	FALSE	TRUE	NA	NA	NA	NA
"CTGACAGTGACCAGTGCCCATCCTGAAGACAGCAGCTTCTACATCTGCAGTGCTAGGAGAGGGGGCAATGAGCAGTTCTTCGGGCCA"	"CSARRGGNEQFF"	"CTGACAGTGACCAGTGCCCATCCTGAAGACAGCAGCTTCTACATCTGCAGTGCTAGGAGAGGGGGCAATGAGCAGTTCTTCGGGCCA"	"CSARRGGNEQFF"	NA	"TCRBD1-1*1"	"TCRBJ2-1*1"	56	59	-1	65	3	66	NA	NA	"CTGACAGTGACCAGTGCCCATCCTGAAGACAGCAGCTTCTACATCTGCAGTGCTAGGAGAGGGGGCAATGAGCAGTTCTTCGGGCCA"	FALSE	TRUE	NA	NA	NA	NA
"ATCCTGGAGTCGCCCAGCCCCAACCAGACCTCTCTGTACTTCTGTGCCAGCAGTTCCGGGACATCCTACGAGCAGTACTTCGGGCCG"	"CASSSGTSYEQYF"	"ATCCTGGAGTCGCCCAGCCCCAACCAGACCTCTCTGTACTTCTGTGCCAGCAGTTCCGGGACATCCTACGAGCAGTACTTCGGGCCG"	"CASSSGTSYEQYF"	"TCRBV27-1*1"	"TCRBD1-1*1"	"TCRBJ2-7*1"	55	57	-1	63	2	64	NA	NA	"ATCCTGGAGTCGCCCAGCCCCAACCAGACCTCTCTGTACTTCTGTGCCAGCAGTTCCGGGACATCCTACGAGCAGTACTTCGGGCCG"	FALSE	TRUE	NA	NA	NA	NA
"CGGCAGGAGGACTCGGCCGTGTATCTCTGTGCCAGCAGCTTATCTGTAAGGGTTAGCGGACCCACAGATACGCAGTATTTTGGCCCA"	"CASSLSVRVSGPTDTQYF"	"CGGCAGGAGGACTCGGCCGTGTATCTCTGTGCCAGCAGCTTATCTGTAAGGGTTAGCGGACCCACAGATACGCAGTATTTTGGCCCA"	"CASSLSVRVSGPTDTQYF"	"TCRBV7-2"	"TCRBD2-1"	"TCRBJ2-3*1"	42	53	59	62	11	3	NA	NA	"CGGCAGGAGGACTCGGCCGTGTATCTCTGTGCCAGCAGCTTATCTGTAAGGGTTAGCGGACCCACAGATACGCAGTATTTTGGCCCA"	FALSE	TRUE	NA	NA	NA	NA
"CAGCCCTCAGAACCCAGGGACTCAGCTGTGTACTTCTGTGCCAGCAGTTTTGCGGCAGGGGCGCCCGAAAAACTGTTTTTTGGCAGT"	"CASSFAAGAPEKLFF"	"CAGCCCTCAGAACCCAGGGACTCAGCTGTGTACTTCTGTGCCAGCAGTTTTGCGGCAGGGGCGCCCGAAAAACTGTTTTTTGGCAGT"	"CASSFAAGAPEKLFF"	NA	"TCRBD1-1*1"	"TCRBJ1-4*1"	50	55	61	66	5	5	NA	NA	"CAGCCCTCAGAACCCAGGGACTCAGCTGTGTACTTCTGTGCCAGCAGTTTTGCGGCAGGGGCGCCCGAAAAACTGTTTTTTGGCAGT"	FALSE	TRUE	NA	NA	NA	NA
"GACTCGGCCCTTTATCTTTGCGCCAGCAGCGGGCCCAAGGGGCTAGCGGGAGGCCTCCCTGGCACAGATACGCAGTATTTTGGCCCA"	"CASSGPKGLAGGLPGTDTQYF"	"GACTCGGCCCTTTATCTTTGCGCCAGCAGCGGGCCCAAGGGGCTAGCGGGAGGCCTCCCTGGCACAGATACGCAGTATTTTGGCCCA"	"CASSGPKGLAGGLPGTDTQYF"	"TCRBV5-1*1"	"TCRBD2-1*2"	"TCRBJ2-3*1"	30	42	53	61	12	8	NA	NA	"GACTCGGCCCTTTATCTTTGCGCCAGCAGCGGGCCCAAGGGGCTAGCGGGAGGCCTCCCTGGCACAGATACGCAGTATTTTGGCCCA"	FALSE	TRUE	NA	NA	NA	NA
"GTGAGCACCTTGGAGCTGGGGGACTCGGCCCTTTATCTTTGCGCCAGCAGCTTGGGACAGGGGTCGTATGGCTACACCTTCGGTTCG"	"CASSLGQGSYGYTF"	"GTGAGCACCTTGGAGCTGGGGGACTCGGCCCTTTATCTTTGCGCCAGCAGCTTGGGACAGGGGTCGTATGGCTACACCTTCGGTTCG"	"CASSLGQGSYGYTF"	"TCRBV5-1*1"	"TCRBD1-1*1"	"TCRBJ1-2*1"	-1	55	63	66	56	3	NA	NA	"GTGAGCACCTTGGAGCTGGGGGACTCGGCCCTTTATCTTTGCGCCAGCAGCTTGGGACAGGGGTCGTATGGCTACACCTTCGGTTCG"	FALSE	TRUE	NA	NA	NA	NA
"TTCATCCTGAGTTCTAAGAAGCTCCTTCTCAGTGACTCTGGCTTCTATCTCTGTGCCTGGGGGGCCTGGGACGCTTTCTTTGGACAA"	"CAWGAWDAFF"	"TTCATCCTGAGTTCTAAGAAGCTCCTTCTCAGTGACTCTGGCTTCTATCTCTGTGCCTGGGGGGCCTGGGACGCTTTCTTTGGACAA"	"CAWGAWDAFF"	"TCRBV3-1*5"	NA	"TCRBJ1-1*1"	62	67	-1	72	5	73	NA	NA	"TTCATCCTGAGTTCTAAGAAGCTCCTTCTCAGTGACTCTGGCTTCTATCTCTGTGCCTGGGGGGCCTGGGACGCTTTCTTTGGACAA"	FALSE	TRUE	NA	NA	NA	NA
"CAGCCTGCAAAGCTTGAGGACTCGGCCGTGTATCTCTGTGCCAGCAGCCACAGACAGGGTGCTACCGGGGAGCTGTTTTTTGGAGAA"	"CASSHRQGATGELFF"	"CAGCCTGCAAAGCTTGAGGACTCGGCCGTGTATCTCTGTGCCAGCAGCCACAGACAGGGTGCTACCGGGGAGCTGTTTTTTGGAGAA"	"CASSHRQGATGELFF"	"TCRBV11-2*1"	"TCRBD1-1*1"	"TCRBJ2-2*1"	48	52	59	63	4	4	NA	NA	"CAGCCTGCAAAGCTTGAGGACTCGGCCGTGTATCTCTGTGCCAGCAGCCACAGACAGGGTGCTACCGGGGAGCTGTTTTTTGGAGAA"	FALSE	TRUE	NA	NA	NA	NA
"CCACGGAGTCAGGGGACACAGCACTGTATTTCTGTGCCAGCAGCAAGGATGTAGCGGGGGAACACCGGGGAGCTGTTTTTTGGAGAA"	""	"CCACGGAGTCAGGGGACACAGCACTGTATTTCTGTGCCAGCAGCAAGGATGTAGCGGGGGAACACCGGGGAGCTGTTTTTTGGAGAA"	""	"TCRBV21-1*1"	"TCRBD2-1*1"	"TCRBJ2-2*1"	46	51	-1	59	5	60	NA	NA	"CCACGGAGTCAGGGGACACAGCACTGTATTTCTGTGCCAGCAGCAAGGATGTAGCGGGGGAACACCGGGGAGCTGTTTTTTGGAGAA"	FALSE	FALSE	NA	NA	NA	NA
"GTGACATCGGCCCAAAAGAACCCGACAGCTTTCTATCTCTGTGCCAGTAGTATTGGAGGATTGGGCTACGAGCAGTACTTCGGGCCG"	"CASSIGGLGYEQYF"	"GTGACATCGGCCCAAAAGAACCCGACAGCTTTCTATCTCTGTGCCAGTAGTATTGGAGGATTGGGCTACGAGCAGTACTTCGGGCCG"	"CASSIGGLGYEQYF"	"TCRBV19-1*1"	"TCRBD2-1*2"	"TCRBJ2-7*1"	53	54	59	65	1	6	NA	NA	"GTGACATCGGCCCAAAAGAACCCGACAGCTTTCTATCTCTGTGCCAGTAGTATTGGAGGATTGGGCTACGAGCAGTACTTCGGGCCG"	FALSE	TRUE	NA	NA	NA	NA
"GACTCGGCCGTGTATCTCTGTGCCAGCAGCTTAGATTTTGTGGGGGCCCTCAATTTACGCGACACCGGGGAGCTGTTTTTTGGAGAA"	"CASSLDFVGALNLRDTGELFF"	"GACTCGGCCGTGTATCTCTGTGCCAGCAGCTTAGATTTTGTGGGGGCCCTCAATTTACGCGACACCGGGGAGCTGTTTTTTGGAGAA"	"CASSLDFVGALNLRDTGELFF"	NA	"TCRBD1-1*1"	"TCRBJ2-2*1"	35	41	47	61	6	14	NA	NA	"GACTCGGCCGTGTATCTCTGTGCCAGCAGCTTAGATTTTGTGGGGGCCCTCAATTTACGCGACACCGGGGAGCTGTTTTTTGGAGAA"	FALSE	TRUE	NA	NA	NA	NA
"AGCACCTTGGAGCTGGGGGACTCGGCCCTTTATCTTTGCGCCAGCAGCGCAAATAGCGGGAGCACAGATACGCAGTATTTTGGCCCA"	"CASSANSGSTDTQYF"	"AGCACCTTGGAGCTGGGGGACTCGGCCCTTTATCTTTGCGCCAGCAGCGCAAATAGCGGGAGCACAGATACGCAGTATTTTGGCCCA"	"CASSANSGSTDTQYF"	"TCRBV5-1*1"	"TCRBD2-1"	"TCRBJ2-3*1"	48	53	-1	60	5	61	NA	NA	"AGCACCTTGGAGCTGGGGGACTCGGCCCTTTATCTTTGCGCCAGCAGCGCAAATAGCGGGAGCACAGATACGCAGTATTTTGGCCCA"	FALSE	TRUE	NA	NA	NA	NA
"CTGCCATCCCCAACCAGACAGCTCTTTACTTCTGTGCCACCAGTGATGGGAGGGTTGTCTGGGGCCAACGTCCTGACTTTCGGGGCC"	""	"CTGCCATCCCCAACCAGACAGCTCTTTACTTCTGTGCCACCAGTGATGGGAGGGTTGTCTGGGGCCAACGTCCTGACTTTCGGGGCC"	""	"TCRBV24-1*1"	"TCRBD2-1*2"	"TCRBJ2-6*1"	-1	47	54	57	48	3	NA	NA	"CTGCCATCCCCAACCAGACAGCTCTTTACTTCTGTGCCACCAGTGATGGGAGGGTTGTCTGGGGCCAACGTCCTGACTTTCGGGGCC"	FALSE	FALSE	NA	NA	NA	NA
"CCCAGCCCCAACCAGACCTCTCTGTACTTCTGTGCCAGCAGTTTATCCACCCCGGGACTAGCGGCCTACGAGCAGTACTTCGGGCCG"	"CASSLSTPGLAAYEQYF"	"CCCAGCCCCAACCAGACCTCTCTGTACTTCTGTGCCAGCAGTTTATCCACCCCGGGACTAGCGGCCTACGAGCAGTACTTCGGGCCG"	"CASSLSTPGLAAYEQYF"	"TCRBV27-1*1"	"TCRBD2-1"	"TCRBJ2-7*1"	47	53	-1	64	6	65	NA	NA	"CCCAGCCCCAACCAGACCTCTCTGTACTTCTGTGCCAGCAGTTTATCCACCCCGGGACTAGCGGCCTACGAGCAGTACTTCGGGCCG"	FALSE	TRUE	NA	NA	NA	NA
"GCAGAGCTTGGGGACTCGGCCGTGTATCTCTGTGCCAGCAGCTTACTAGGACAGGGGTTTAGTACAGATACGCAGTATTTTGGCCCA"	"CASSLLGQGFSTDTQYF"	"GCAGAGCTTGGGGACTCGGCCGTGTATCTCTGTGCCAGCAGCTTACTAGGACAGGGGTTTAGTACAGATACGCAGTATTTTGGCCCA"	"CASSLLGQGFSTDTQYF"	"TCRBV11-3*1"	"TCRBD1-1*1"	"TCRBJ2-3*1"	45	48	57	63	3	6	NA	NA	"GCAGAGCTTGGGGACTCGGCCGTGTATCTCTGTGCCAGCAGCTTACTAGGACAGGGGTTTAGTACAGATACGCAGTATTTTGGCCCA"	FALSE	TRUE	NA	NA	NA	NA
"CAGCCCTCAGAACCCAGGGACTCAGCTGTGTACTTCTGTGCCAGCAGTTGGCTAGCGGGAGGGACCGGGGAGCTGTTTTTTGGAGAA"	"CASSWLAGGTGELFF"	"CAGCCCTCAGAACCCAGGGACTCAGCTGTGTACTTCTGTGCCAGCAGTTGGCTAGCGGGAGGGACCGGGGAGCTGTTTTTTGGAGAA"	"CASSWLAGGTGELFF"	NA	"TCRBD2-1*2"	"TCRBJ2-2*1"	49	51	-1	63	2	64	NA	NA	"CAGCCCTCAGAACCCAGGGACTCAGCTGTGTACTTCTGTGCCAGCAGTTGGCTAGCGGGAGGGACCGGGGAGCTGTTTTTTGGAGAA"	FALSE	TRUE	NA	NA	NA	NA
"GCCCATCCTGAAGACAGCAGCTTCTACATCTGCAGTGCTAGAGATCCCCTAAGACTAGCGGGAACCTACGAGCAGTACTTCGGGCCG"	"CSARDPLRLAGTYEQYF"	"GCCCATCCTGAAGACAGCAGCTTCTACATCTGCAGTGCTAGAGATCCCCTAAGACTAGCGGGAACCTACGAGCAGTACTTCGGGCCG"	"CSARDPLRLAGTYEQYF"	NA	"TCRBD2-1*2"	"TCRBJ2-7*1"	44	52	63	64	8	1	NA	NA	"GCCCATCCTGAAGACAGCAGCTTCTACATCTGCAGTGCTAGAGATCCCCTAAGACTAGCGGGAACCTACGAGCAGTACTTCGGGCCG"	FALSE	TRUE	NA	NA	NA	NA
"CGCACAGAGCGGGGGGACTCAGCCGTGTATCTCTGTGCCAGCAGCCCACTTTCCAGCGGGAGGGTTGATGAGCAGTTCTTCGGGCCA"	"CASSPLSSGRVDEQFF"	"CGCACAGAGCGGGGGGACTCAGCCGTGTATCTCTGTGCCAGCAGCCCACTTTCCAGCGGGAGGGTTGATGAGCAGTTCTTCGGGCCA"	"CASSPLSSGRVDEQFF"	"TCRBV7-3*1"	"TCRBD2-1*2"	"TCRBJ2-1*1"	45	54	64	67	9	3	NA	NA	"CGCACAGAGCGGGGGGACTCAGCCGTGTATCTCTGTGCCAGCAGCCCACTTTCCAGCGGGAGGGTTGATGAGCAGTTCTTCGGGCCA"	FALSE	TRUE	NA	NA	NA	NA
"AGCACCTTGGAGCTGGGGGACTCGGCCCTTTATCTTTGCGCCAGCAGCTTGGTCCTAGCGGGAACCTACGAGCAGTACTTCGGGCCG"	"CASSLVLAGTYEQYF"	"AGCACCTTGGAGCTGGGGGACTCGGCCCTTTATCTTTGCGCCAGCAGCTTGGTCCTAGCGGGAACCTACGAGCAGTACTTCGGGCCG"	"CASSLVLAGTYEQYF"	"TCRBV5-1*1"	"TCRBD2-1*2"	"TCRBJ2-7*1"	52	54	63	64	2	1	NA	NA	"AGCACCTTGGAGCTGGGGGACTCGGCCCTTTATCTTTGCGCCAGCAGCTTGGTCCTAGCGGGAACCTACGAGCAGTACTTCGGGCCG"	FALSE	TRUE	NA	NA	NA	NA
"ATCCAGCGCACAGAGCAGGGGGACTCGGCCATGTATCTCTGTGCCAGTTTAAGAGGGGCAACTAATGAAAAACTGTTTTTTGGCAGT"	"CASLRGATNEKLFF"	"ATCCAGCGCACAGAGCAGGGGGACTCGGCCATGTATCTCTGTGCCAGTTTAAGAGGGGCAACTAATGAAAAACTGTTTTTTGGCAGT"	"CASLRGATNEKLFF"	"TCRBV7-9"	NA	"TCRBJ1-4*1"	47	53	-1	58	6	59	NA	NA	"ATCCAGCGCACAGAGCAGGGGGACTCGGCCATGTATCTCTGTGCCAGTTTAAGAGGGGCAACTAATGAAAAACTGTTTTTTGGCAGT"	FALSE	TRUE	NA	NA	NA	NA
"TCCCTGGAGCTTGGTGACTCTGCTGTGTATTTCTGTGCCAGCAGCCCGCGACAGGGGCCCTCTGGAAACACCATATATTTTGGAGAG"	"CASSPRQGPSGNTIYF"	"TCCCTGGAGCTTGGTGACTCTGCTGTGTATTTCTGTGCCAGCAGCCCGCGACAGGGGCCCTCTGGAAACACCATATATTTTGGAGAG"	"CASSPRQGPSGNTIYF"	"TCRBV3-1/3-2*1"	"TCRBD1-1*1"	"TCRBJ1-3*1"	46	49	57	59	3	2	NA	NA	"TCCCTGGAGCTTGGTGACTCTGCTGTGTATTTCTGTGCCAGCAGCCCGCGACAGGGGCCCTCTGGAAACACCATATATTTTGGAGAG"	FALSE	TRUE	NA	NA	NA	NA
"CTGGAGTCTGCTGCCTCCTCCCAGACATCTGTATATTTCTGCGCCAGCGGACAGGGCTTCTCTGGAAACACCATATATTTTGGAGAG"	"CASGQGFSGNTIYF"	"CTGGAGTCTGCTGCCTCCTCCCAGACATCTGTATATTTCTGCGCCAGCGGACAGGGCTTCTCTGGAAACACCATATATTTTGGAGAG"	"CASGQGFSGNTIYF"	"TCRBV1-1*1"	"TCRBD1-1*1"	"TCRBJ1-3*1"	-1	48	56	59	49	3	NA	NA	"CTGGAGTCTGCTGCCTCCTCCCAGACATCTGTATATTTCTGCGCCAGCGGACAGGGCTTCTCTGGAAACACCATATATTTTGGAGAG"	FALSE	TRUE	NA	NA	NA	NA
"GCAGAACTGGAGGATTCTGGAGTTTATTTCTGTGCCAGCAGCCAATTCGGACAGGGAGCGGGCACAGATACGCAGTATTTTGGCCCA"	"CASSQFGQGAGTDTQYF"	"GCAGAACTGGAGGATTCTGGAGTTTATTTCTGTGCCAGCAGCCAATTCGGACAGGGAGCGGGCACAGATACGCAGTATTTTGGCCCA"	"CASSQFGQGAGTDTQYF"	"TCRBV14-1*1"	"TCRBD1-1*1"	"TCRBJ2-3*1"	45	48	56	61	3	5	NA	NA	"GCAGAACTGGAGGATTCTGGAGTTTATTTCTGTGCCAGCAGCCAATTCGGACAGGGAGCGGGCACAGATACGCAGTATTTTGGCCCA"	FALSE	TRUE	NA	NA	NA	NA
"TCGGCTGCTCCCTCCCAAACATCTGTGTACTTCTGTGCCAGCAGTTACTGGGGCGGGAGTAGTGCAGATACGCAGTATTTTGGCCCA"	"CASSYWGGSSADTQYF"	"TCGGCTGCTCCCTCCCAAACATCTGTGTACTTCTGTGCCAGCAGTTACTGGGGCGGGAGTAGTGCAGATACGCAGTATTTTGGCCCA"	"CASSYWGGSSADTQYF"	"TCRBV6-2/6-3*1"	"TCRBD2-1*2"	"TCRBJ2-3*1"	49	52	59	64	3	5	NA	NA	"TCGGCTGCTCCCTCCCAAACATCTGTGTACTTCTGTGCCAGCAGTTACTGGGGCGGGAGTAGTGCAGATACGCAGTATTTTGGCCCA"	FALSE	TRUE	NA	NA	NA	NA
"ACGTTGGCGTCTGCTGTACCCTCTCAGACATCTGTGTACTTCTGTGCCAGCAGCCCCGGGACTAGCGGTGAGCAGTACTTCGGGCCG"	"CASSPGTSGEQYF"	"ACGTTGGCGTCTGCTGTACCCTCTCAGACATCTGTGTACTTCTGTGCCAGCAGCCCCGGGACTAGCGGTGAGCAGTACTTCGGGCCG"	"CASSPGTSGEQYF"	"TCRBV6-4*1"	"TCRBD2-1"	"TCRBJ2-7*1"	53	57	68	69	4	1	NA	NA	"ACGTTGGCGTCTGCTGTACCCTCTCAGACATCTGTGTACTTCTGTGCCAGCAGCCCCGGGACTAGCGGTGAGCAGTACTTCGGGCCG"	FALSE	TRUE	NA	NA	NA	NA
"TGAGCACCTTGGAGCTGGGGGACTCGGCCCTTTATCTTTGCGCCAGCACAGGGGGCGCGTTCCTACAATGAGCAGTTCTTCGGGCCA"	""	"TGAGCACCTTGGAGCTGGGGGACTCGGCCCTTTATCTTTGCGCCAGCACAGGGGGCGCGTTCCTACAATGAGCAGTTCTTCGGGCCA"	""	"TCRBV5-1*1"	"TCRBD1-1*1"	"TCRBJ2-1*1"	-1	48	56	60	49	4	NA	NA	"TGAGCACCTTGGAGCTGGGGGACTCGGCCCTTTATCTTTGCGCCAGCACAGGGGGCGCGTTCCTACAATGAGCAGTTCTTCGGGCCA"	FALSE	FALSE	NA	NA	NA	NA
"CTACACACCCTGCAGCCAGAAGACTCGGCCCTGTATCTCTGTGCCAGCAGCCCCCCGGAAGGGCGGCCTGAAGCTTTCTTTGGACAA"	"CASSPPEGRPEAFF"	"CTACACACCCTGCAGCCAGAAGACTCGGCCCTGTATCTCTGTGCCAGCAGCCCCCCGGAAGGGCGGCCTGAAGCTTTCTTTGGACAA"	"CASSPPEGRPEAFF"	"TCRBV4-2*1"	NA	"TCRBJ1-1*1"	52	59	63	67	7	4	NA	NA	"CTACACACCCTGCAGCCAGAAGACTCGGCCCTGTATCTCTGTGCCAGCAGCCCCCCGGAAGGGCGGCCTGAAGCTTTCTTTGGACAA"	FALSE	TRUE	NA	NA	NA	NA
"CCCAACCAGACCTCTCTGTACTTCTGTGCCAGCAGTTTAATCGCGAAAGGGGGGGAGATATGGGGAGAGACCCAGTACTTCGGGCCA"	"CASSLIAKGGEIWGETQYF"	"CCCAACCAGACCTCTCTGTACTTCTGTGCCAGCAGTTTAATCGCGAAAGGGGGGGAGATATGGGGAGAGACCCAGTACTTCGGGCCA"	"CASSLIAKGGEIWGETQYF"	"TCRBV27-1*1"	"TCRBD2-1*1"	"TCRBJ2-5*1"	39	48	55	65	9	10	NA	NA	"CCCAACCAGACCTCTCTGTACTTCTGTGCCAGCAGTTTAATCGCGAAAGGGGGGGAGATATGGGGAGAGACCCAGTACTTCGGGCCA"	FALSE	TRUE	NA	NA	NA	NA
"ACCCTGCAGCCAGAAGACTCGGCCCTGTATCTCTGTGCCAGCAGCCAAACACGGGGACAGAATGGCGCTGAAGCTTTCTTTGGACAA"	"CASSQTRGQNGAEAFF"	"ACCCTGCAGCCAGAAGACTCGGCCCTGTATCTCTGTGCCAGCAGCCAAACACGGGGACAGAATGGCGCTGAAGCTTTCTTTGGACAA"	"CASSQTRGQNGAEAFF"	"TCRBV4-2*1"	"TCRBD1-1*1"	"TCRBJ1-1*1"	48	53	60	67	5	7	NA	NA	"ACCCTGCAGCCAGAAGACTCGGCCCTGTATCTCTGTGCCAGCAGCCAAACACGGGGACAGAATGGCGCTGAAGCTTTCTTTGGACAA"	FALSE	TRUE	NA	NA	NA	NA
"ATCCGGTCCACAAAGCTGGAGGACTCAGCCATGTACTTCTGTGCCAGCAGTGATCGGGGGGCTGGCTACGAGCAGTACTTCGGGCCG"	"CASSDRGAGYEQYF"	"ATCCGGTCCACAAAGCTGGAGGACTCAGCCATGTACTTCTGTGCCAGCAGTGATCGGGGGGCTGGCTACGAGCAGTACTTCGGGCCG"	"CASSDRGAGYEQYF"	"TCRBV2-1"	"TCRBD2-1*1"	"TCRBJ2-7*1"	53	54	61	65	1	4	NA	NA	"ATCCGGTCCACAAAGCTGGAGGACTCAGCCATGTACTTCTGTGCCAGCAGTGATCGGGGGGCTGGCTACGAGCAGTACTTCGGGCCG"	FALSE	TRUE	NA	NA	NA	NA
"ATCCAGCGCACAGAGCGGGGGGACTCAGCCGTGTATCTCTGTGCCAGCAGCCCAGTAGGGGGCAAAAACATTCAGTACTTCGGCGCC"	"CASSPVGGKNIQYF"	"ATCCAGCGCACAGAGCGGGGGGACTCAGCCGTGTATCTCTGTGCCAGCAGCCCAGTAGGGGGCAAAAACATTCAGTACTTCGGCGCC"	"CASSPVGGKNIQYF"	"TCRBV7-3*1"	"TCRBD1-1*1"	"TCRBJ2-4*1"	51	56	-1	62	5	63	NA	NA	"ATCCAGCGCACAGAGCGGGGGGACTCAGCCGTGTATCTCTGTGCCAGCAGCCCAGTAGGGGGCAAAAACATTCAGTACTTCGGCGCC"	FALSE	TRUE	NA	NA	NA	NA
"TCGGCCCAAAAGAACCCGACAGCTTTCTATCTCTGTGCCAGTAGTATCCAACAGGGGCTAAAGAGCTACGAGCAGTACTTCGGGCCG"	"CASSIQQGLKSYEQYF"	"TCGGCCCAAAAGAACCCGACAGCTTTCTATCTCTGTGCCAGTAGTATCCAACAGGGGCTAAAGAGCTACGAGCAGTACTTCGGGCCG"	"CASSIQQGLKSYEQYF"	"TCRBV19-1*1"	"TCRBD1-1*1"	"TCRBJ2-7*1"	47	50	57	65	3	8	NA	NA	"TCGGCCCAAAAGAACCCGACAGCTTTCTATCTCTGTGCCAGTAGTATCCAACAGGGGCTAAAGAGCTACGAGCAGTACTTCGGGCCG"	FALSE	TRUE	NA	NA	NA	NA
"AGCTCTCTGGAGCTGGGGGACTCAGCTTTGTATTTCTGTGCCAGCAGCCCGGACGGTCCATCGAACACTGAAGCTTTCTTTGGACAA"	"CASSPDGPSNTEAFF"	"AGCTCTCTGGAGCTGGGGGACTCAGCTTTGTATTTCTGTGCCAGCAGCCCGGACGGTCCATCGAACACTGAAGCTTTCTTTGGACAA"	"CASSPDGPSNTEAFF"	"TCRBV9-1*1"	NA	"TCRBJ1-1*1"	48	50	54	62	2	8	NA	NA	"AGCTCTCTGGAGCTGGGGGACTCAGCTTTGTATTTCTGTGCCAGCAGCCCGGACGGTCCATCGAACACTGAAGCTTTCTTTGGACAA"	FALSE	TRUE	NA	NA	NA	NA
"TGGAACCCAGGGACTTGGGCCTATATTTCTGTGCCAGCAGCACCCGCCGCGAGTAGCGGGAGTTGAAATGAGCAGTTCTTCGGGCCA"	""	"TGGAACCCAGGGACTTGGGCCTATATTTCTGTGCCAGCAGCACCCGCCGCGAGTAGCGGGAGTTGAAATGAGCAGTTCTTCGGGCCA"	""	"TCRBV12-1*1"	"TCRBD2-1*2"	"TCRBJ2-1*1"	41	53	62	66	12	4	NA	NA	"TGGAACCCAGGGACTTGGGCCTATATTTCTGTGCCAGCAGCACCCGCCGCGAGTAGCGGGAGTTGAAATGAGCAGTTCTTCGGGCCA"	FALSE	FALSE	NA	NA	NA	NA
"TCGCTCTGAGATGAATGTGAGCACCTTGGAGCTGGGGGACTCGGCCCTTTATCTTTGCGCCCCTAGAGATGGGCTTTCTTTGGACAA"	""	"TCGCTCTGAGATGAATGTGAGCACCTTGGAGCTGGGGGACTCGGCCCTTTATCTTTGCGCCCCTAGAGATGGGCTTTCTTTGGACAA"	""	"TCRBV5-1*1"	"TCRBD2-1"	"TCRBJ1-1*1"	61	62	66	72	1	6	NA	NA	"TCGCTCTGAGATGAATGTGAGCACCTTGGAGCTGGGGGACTCGGCCCTTTATCTTTGCGCCCCTAGAGATGGGCTTTCTTTGGACAA"	FALSE	FALSE	NA	NA	NA	NA
"ACCAGTGCCCATCCTGAAGACAGCAGCTTCTACATCTGCAGTGCTAGAGCTTCGGGACTAGTTGCCGGGGAGCTGTTTTTTGGAGAA"	"CSARASGLVAGELFF"	"ACCAGTGCCCATCCTGAAGACAGCAGCTTCTACATCTGCAGTGCTAGAGCTTCGGGACTAGTTGCCGGGGAGCTGTTTTTTGGAGAA"	"CSARASGLVAGELFF"	NA	"TCRBD2-1"	"TCRBJ2-2*1"	49	53	61	64	4	3	NA	NA	"ACCAGTGCCCATCCTGAAGACAGCAGCTTCTACATCTGCAGTGCTAGAGCTTCGGGACTAGTTGCCGGGGAGCTGTTTTTTGGAGAA"	FALSE	TRUE	NA	NA	NA	NA
"GAGTCTGCCAGGCCCTCACATACCTCTCAGTACCTCTGTGCCAGCAGTGCCCCGGGACTATACCAAGAGACCCAGTACTTCGGGCCA"	"CASSAPGLYQETQYF"	"GAGTCTGCCAGGCCCTCACATACCTCTCAGTACCTCTGTGCCAGCAGTGCCCCGGGACTATACCAAGAGACCCAGTACTTCGGGCCA"	"CASSAPGLYQETQYF"	"TCRBV25-1*1"	"TCRBD2-1"	"TCRBJ2-5*1"	49	53	60	61	4	1	NA	NA	"GAGTCTGCCAGGCCCTCACATACCTCTCAGTACCTCTGTGCCAGCAGTGCCCCGGGACTATACCAAGAGACCCAGTACTTCGGGCCA"	FALSE	TRUE	NA	NA	NA	NA
"GTGAGCACCTTGGAGCTGGGGGACTCGGCCCTTTATCTTTGCGCCAGCAGCTCTACAGGGTCAGGTGAAAAACTGTTTTTTGGCAGT"	"CASSSTGSGEKLFF"	"GTGAGCACCTTGGAGCTGGGGGACTCGGCCCTTTATCTTTGCGCCAGCAGCTCTACAGGGTCAGGTGAAAAACTGTTTTTTGGCAGT"	"CASSSTGSGEKLFF"	"TCRBV5-1*1"	"TCRBD1-1*1"	"TCRBJ1-4*1"	52	54	60	65	2	5	NA	NA	"GTGAGCACCTTGGAGCTGGGGGACTCGGCCCTTTATCTTTGCGCCAGCAGCTCTACAGGGTCAGGTGAAAAACTGTTTTTTGGCAGT"	FALSE	TRUE	NA	NA	NA	NA
"AGTCTGCCATCCCCAACCAGACAGCTCTTTACTTCTGTGCCACCACCAAAGTGGATTGGGGCGGCTCAGCCCCAGCATTTTGGTGAT"	""	"AGTCTGCCATCCCCAACCAGACAGCTCTTTACTTCTGTGCCACCACCAAAGTGGATTGGGGCGGCTCAGCCCCAGCATTTTGGTGAT"	""	"TCRBV24-1*1"	"TCRBD1-1*1"	"TCRBJ1-5*1"	45	57	62	65	12	3	NA	NA	"AGTCTGCCATCCCCAACCAGACAGCTCTTTACTTCTGTGCCACCACCAAAGTGGATTGGGGCGGCTCAGCCCCAGCATTTTGGTGAT"	FALSE	FALSE	NA	NA	NA	NA
"TCCCTAGAGTCTGCCATCCCCAACCAGACAGCTCTTTACTTCTGTGCCACCAGTGATTCCCCAGGGGTTCAGCAGTACTTCGGGCCG"	"CATSDSPGVQQYF"	"TCCCTAGAGTCTGCCATCCCCAACCAGACAGCTCTTTACTTCTGTGCCACCAGTGATTCCCCAGGGGTTCAGCAGTACTTCGGGCCG"	"CATSDSPGVQQYF"	"TCRBV24-1*1"	"TCRBD1-1*1"	"TCRBJ2-7*1"	58	61	67	70	3	3	NA	NA	"TCCCTAGAGTCTGCCATCCCCAACCAGACAGCTCTTTACTTCTGTGCCACCAGTGATTCCCCAGGGGTTCAGCAGTACTTCGGGCCG"	FALSE	TRUE	NA	NA	NA	NA
"GTGAGCAACATGAGCCCTGAAGACAGCAGCATATATCTCTGCAGCGTTGTTCTACGGACCCCGAACACTGAAGCTTTCTTTGGACAA"	"CSVVLRTPNTEAFF"	"GTGAGCAACATGAGCCCTGAAGACAGCAGCATATATCTCTGCAGCGTTGTTCTACGGACCCCGAACACTGAAGCTTTCTTTGGACAA"	"CSVVLRTPNTEAFF"	"TCRBV29-1"	NA	"TCRBJ1-1*1"	49	55	59	62	6	3	NA	NA	"GTGAGCAACATGAGCCCTGAAGACAGCAGCATATATCTCTGCAGCGTTGTTCTACGGACCCCGAACACTGAAGCTTTCTTTGGACAA"	FALSE	TRUE	NA	NA	NA	NA
"GTCGCCCAGCCCCAACCAGACCTCTCTGTACTTCTGTGCCAGCAGCCCCTCTGGACAGGGAACGAGCAGCCCCAGCATTTTGGTGAT"	""	"GTCGCCCAGCCCCAACCAGACCTCTCTGTACTTCTGTGCCAGCAGCCCCTCTGGACAGGGAACGAGCAGCCCCAGCATTTTGGTGAT"	""	"TCRBV27-1*1"	"TCRBD1-1*1"	"TCRBJ1-5*1"	45	52	60	66	7	6	NA	NA	"GTCGCCCAGCCCCAACCAGACCTCTCTGTACTTCTGTGCCAGCAGCCCCTCTGGACAGGGAACGAGCAGCCCCAGCATTTTGGTGAT"	FALSE	FALSE	NA	NA	NA	NA
"GAGTCCGCCAGCACCAACCAGACATCTATGTACCTCTGTGCCAGCAGTTTAGGTAGCATAAGCACAGATACGCAGTATTTTGGCCCA"	"CASSLGSISTDTQYF"	"GAGTCCGCCAGCACCAACCAGACATCTATGTACCTCTGTGCCAGCAGTTTAGGTAGCATAAGCACAGATACGCAGTATTTTGGCCCA"	"CASSLGSISTDTQYF"	"TCRBV28-1*1"	"TCRBD2-1"	"TCRBJ2-3*1"	51	53	57	60	2	3	NA	NA	"GAGTCCGCCAGCACCAACCAGACATCTATGTACCTCTGTGCCAGCAGTTTAGGTAGCATAAGCACAGATACGCAGTATTTTGGCCCA"	FALSE	TRUE	NA	NA	NA	NA
"NTGTCGGCTGCTCCCTCCCAGACATCTGTGTACTTCTGTGCCAGCAGTGAGGTAGGGGCCCCTAGTCAGCCCCAGCATTTTGGTGAT"	"CASSEVGAPSQPQHF"	"NTGTCGGCTGCTCCCTCCCAGACATCTGTGTACTTCTGTGCCAGCAGTGAGGTAGGGGCCCCTAGTCAGCCCCAGCATTTTGGTGAT"	"CASSEVGAPSQPQHF"	"TCRBV6-1*1"	"TCRBD1-1*1"	"TCRBJ1-5*1"	50	53	58	65	3	7	NA	NA	"NTGTCGGCTGCTCCCTCCCAGACATCTGTGTACTTCTGTGCCAGCAGTGAGGTAGGGGCCCCTAGTCAGCCCCAGCATTTTGGTGAT"	FALSE	TRUE	NA	NA	NA	NA
"AACGCCTTGGAGCTGGACGACTCGGCCCTGTATCTCTGTGCCAGCAGCTTGTTTGGGGGGCGCGGAGATACGCAGTATTTTGGCCCA"	"CASSLFGGRGDTQYF"	"AACGCCTTGGAGCTGGACGACTCGGCCCTGTATCTCTGTGCCAGCAGCTTGTTTGGGGGGCGCGGAGATACGCAGTATTTTGGCCCA"	"CASSLFGGRGDTQYF"	"TCRBV5-4*1"	NA	"TCRBJ2-3*1"	51	55	61	65	4	4	NA	NA	"AACGCCTTGGAGCTGGACGACTCGGCCCTGTATCTCTGTGCCAGCAGCTTGTTTGGGGGGCGCGGAGATACGCAGTATTTTGGCCCA"	FALSE	TRUE	NA	NA	NA	NA
"GTGACCAGTGCCCATCCTGAAGACAGCAGCTTCTACATCTGCAGTGCTAGAGAGTCCGATGAGCGTGAGACCCAGTACTTCGGGCCA"	"CSARESDERETQYF"	"GTGACCAGTGCCCATCCTGAAGACAGCAGCTTCTACATCTGCAGTGCTAGAGAGTCCGATGAGCGTGAGACCCAGTACTTCGGGCCA"	"CSARESDERETQYF"	NA	"TCRBD2-1"	"TCRBJ2-5*1"	53	61	65	66	8	1	NA	NA	"GTGACCAGTGCCCATCCTGAAGACAGCAGCTTCTACATCTGCAGTGCTAGAGAGTCCGATGAGCGTGAGACCCAGTACTTCGGGCCA"	FALSE	TRUE	NA	NA	NA	NA
"TCCGCCAGCACCAACCAGACATCTATGTACCTCTGTGCCAGCAGTTTACGGGAGACCTTGAACACCGGGGAGCTGTTTTTTGGAGAA"	"CASSLRETLNTGELFF"	"TCCGCCAGCACCAACCAGACATCTATGTACCTCTGTGCCAGCAGTTTACGGGAGACCTTGAACACCGGGGAGCTGTTTTTTGGAGAA"	"CASSLRETLNTGELFF"	"TCRBV28-1*1"	"TCRBD2-1*2"	"TCRBJ2-2*1"	-1	48	54	59	49	5	NA	NA	"TCCGCCAGCACCAACCAGACATCTATGTACCTCTGTGCCAGCAGTTTACGGGAGACCTTGAACACCGGGGAGCTGTTTTTTGGAGAA"	FALSE	TRUE	NA	NA	NA	NA
"CATCCTGAAGACAGCAGCTTCTACATCTGCAGTGCTAGAGACGCGTCATCTGGGCTAGCGGGAGTGGAAGAGCAGTACTTCGGGCCG"	"CSARDASSGLAGVEEQYF"	"CATCCTGAAGACAGCAGCTTCTACATCTGCAGTGCTAGAGACGCGTCATCTGGGCTAGCGGGAGTGGAAGAGCAGTACTTCGGGCCG"	"CSARDASSGLAGVEEQYF"	NA	"TCRBD2-1*2"	"TCRBJ2-7*1"	41	54	64	69	13	5	NA	NA	"CATCCTGAAGACAGCAGCTTCTACATCTGCAGTGCTAGAGACGCGTCATCTGGGCTAGCGGGAGTGGAAGAGCAGTACTTCGGGCCG"	FALSE	TRUE	NA	NA	NA	NA
"NNNNNNNTGTCGGCTGCTCCCTCCCAGACATCTGTGTACTTCTGTGCCAGCAGTGAAGTGGTAGCTCGCGAGCAGTACTTCGGGCCG"	"CASSEVVAREQYF"	"NNNNNNNTGTCGGCTGCTCCCTCCCAGACATCTGTGTACTTCTGTGCCAGCAGTGAAGTGGTAGCTCGCGAGCAGTACTTCGGGCCG"	"CASSEVVAREQYF"	"TCRBV6-1*1"	"TCRBD2-1"	"TCRBJ2-7*1"	58	61	65	68	3	3	NA	NA	"NNNNNNNTGTCGGCTGCTCCCTCCCAGACATCTGTGTACTTCTGTGCCAGCAGTGAAGTGGTAGCTCGCGAGCAGTACTTCGGGCCG"	FALSE	TRUE	NA	NA	NA	NA
"GGAGTCCGCCAGCACCAACCAGACATCTATGTACCTCTGTGCCAGCAGGAGAGAATTTTATCCTACAATGAGCAGTTCTTCGGGCCA"	""	"GGAGTCCGCCAGCACCAACCAGACATCTATGTACCTCTGTGCCAGCAGGAGAGAATTTTATCCTACAATGAGCAGTTCTTCGGGCCA"	""	"TCRBV28-1*1"	"TCRBD2-1*2"	"TCRBJ2-1*1"	-1	48	51	60	49	9	NA	NA	"GGAGTCCGCCAGCACCAACCAGACATCTATGTACCTCTGTGCCAGCAGGAGAGAATTTTATCCTACAATGAGCAGTTCTTCGGGCCA"	FALSE	FALSE	NA	NA	NA	NA
"GGGGACTCAGCTTTGTATTTCTGTGCCAGCAGCGTAAGGTAGAATGAGTAGGAAGTGGCCTCTGGAAACACCATATATTTTGGAGAG"	"CASSVR*NE*EVASGNTIYF"	"GGGGACTCAGCTTTGTATTTCTGTGCCAGCAGCGTAAGGTAGAATGAGTAGGAAGTGGCCTCTGGAAACACCATATATTTTGGAGAG"	"CASSVR*NE*EVASGNTIYF"	"TCRBV9-1*1"	NA	"TCRBJ1-3*1"	36	50	53	59	14	6	NA	NA	"GGGGACTCAGCTTTGTATTTCTGTGCCAGCAGCGTAAGGTAGAATGAGTAGGAAGTGGCCTCTGGAAACACCATATATTTTGGAGAG"	FALSE	TRUE	NA	NA	NA	NA
"ATCCGCTCACCAGGCCTGGGGGACGCAGCCATGTACCTGTGTGCCACCAGCAGAGGGAGGCGTGGAGATACGCAGTATTTTGGCCCA"	"CATSRGRRGDTQYF"	"ATCCGCTCACCAGGCCTGGGGGACGCAGCCATGTACCTGTGTGCCACCAGCAGAGGGAGGCGTGGAGATACGCAGTATTTTGGCCCA"	"CATSRGRRGDTQYF"	"TCRBV15-1*2"	"TCRBD2-1*2"	"TCRBJ2-3*1"	-1	55	60	65	56	5	NA	NA	"ATCCGCTCACCAGGCCTGGGGGACGCAGCCATGTACCTGTGTGCCACCAGCAGAGGGAGGCGTGGAGATACGCAGTATTTTGGCCCA"	FALSE	TRUE	NA	NA	NA	NA
"CCCTCAGAACCCAGGGACTCAGCTGTGTACTTCTGTGCCAGCAAAATCGGGGCGGGTGCAACTAATGAAAAACTGTTTTTTGGCAGT"	"CASKIGAGATNEKLFF"	"CCCTCAGAACCCAGGGACTCAGCTGTGTACTTCTGTGCCAGCAAAATCGGGGCGGGTGCAACTAATGAAAAACTGTTTTTTGGCAGT"	"CASKIGAGATNEKLFF"	NA	NA	"TCRBJ1-4*1"	43	48	53	58	5	5	NA	NA	"CCCTCAGAACCCAGGGACTCAGCTGTGTACTTCTGTGCCAGCAAAATCGGGGCGGGTGCAACTAATGAAAAACTGTTTTTTGGCAGT"	FALSE	TRUE	NA	NA	NA	NA
"TCGGCCCAAAAGAACCCGACAGCTTTCTATCTCTGTCCCCATGACCCAGACTAGATACTCCTCACCGGGGAGCTGTTTTTTGGAGAA"	"CPHDPD*ILLTGELFF"	"TCGGCCCAAAAGAACCCGACAGCTTTCTATCTCTGTCCCCATGACCCAGACTAGATACTCCTCACCGGGGAGCTGTTTTTTGGAGAA"	"CPHDPD*ILLTGELFF"	"TCRBV19-1*1"	"TCRBD2-1"	"TCRBJ2-2*1"	36	48	54	62	12	8	NA	NA	"TCGGCCCAAAAGAACCCGACAGCTTTCTATCTCTGTCCCCATGACCCAGACTAGATACTCCTCACCGGGGAGCTGTTTTTTGGAGAA"	FALSE	TRUE	NA	NA	NA	NA
"CAGCGCACAGAGCAGGGGGACTCGGCCATGTATCTCTGTGCCAGCACCCCGGGACAGGGGAACACCGGGGAGCTGTTTTTTGGAGAA"	"CASTPGQGNTGELFF"	"CAGCGCACAGAGCAGGGGGACTCGGCCATGTATCTCTGTGCCAGCACCCCGGGACAGGGGAACACCGGGGAGCTGTTTTTTGGAGAA"	"CASTPGQGNTGELFF"	"TCRBV7-9*5"	"TCRBD1-1*1"	"TCRBJ2-2*1"	48	50	-1	59	2	60	NA	NA	"CAGCGCACAGAGCAGGGGGACTCGGCCATGTATCTCTGTGCCAGCACCCCGGGACAGGGGAACACCGGGGAGCTGTTTTTTGGAGAA"	FALSE	TRUE	NA	NA	NA	NA
"CAGCCAGAAGACTCAGCCCTGTATCTCTGCGCCAGCAGCCAAATCACGGGACAGGGGTCAACTAACTATGGCTACACCTTCGGTTCG"	"CASSQITGQGSTNYGYTF"	"CAGCCAGAAGACTCAGCCCTGTATCTCTGCGCCAGCAGCCAAATCACGGGACAGGGGTCAACTAACTATGGCTACACCTTCGGTTCG"	"CASSQITGQGSTNYGYTF"	"TCRBV4-1*1"	"TCRBD1-1*1"	"TCRBJ1-2*1"	42	47	57	61	5	4	NA	NA	"CAGCCAGAAGACTCAGCCCTGTATCTCTGCGCCAGCAGCCAAATCACGGGACAGGGGTCAACTAACTATGGCTACACCTTCGGTTCG"	FALSE	TRUE	NA	NA	NA	NA
"CTAGAGTCTGCCATCCCCAACCAGACAGCTCTTTACTTCTGTGCCACCAGTGCCCGGAGACTTAACTATGGCTACACCTTCGGTTCG"	"CATSARRLNYGYTF"	"CTAGAGTCTGCCATCCCCAACCAGACAGCTCTTTACTTCTGTGCCACCAGTGCCCGGAGACTTAACTATGGCTACACCTTCGGTTCG"	"CATSARRLNYGYTF"	"TCRBV24-1*1"	"TCRBD2-1"	"TCRBJ1-2*1"	52	58	-1	62	6	63	NA	NA	"CTAGAGTCTGCCATCCCCAACCAGACAGCTCTTTACTTCTGTGCCACCAGTGCCCGGAGACTTAACTATGGCTACACCTTCGGTTCG"	FALSE	TRUE	NA	NA	NA	NA
"GAGCGGGGGGACTCAGCCGTGTATCTCTGTGCCAGCGCTAAGACCGGGGACAGCAGCTCTGGGGCCAACGTCCTGACTTTCGGGGCC"	"CASAKTGDSSSGANVLTF"	"GAGCGGGGGGACTCAGCCGTGTATCTCTGTGCCAGCGCTAAGACCGGGGACAGCAGCTCTGGGGCCAACGTCCTGACTTTCGGGGCC"	"CASAKTGDSSSGANVLTF"	"TCRBV7-3*1"	"TCRBD1-1*1"	"TCRBJ2-6*1"	36	46	53	56	10	3	NA	NA	"GAGCGGGGGGACTCAGCCGTGTATCTCTGTGCCAGCGCTAAGACCGGGGACAGCAGCTCTGGGGCCAACGTCCTGACTTTCGGGGCC"	FALSE	TRUE	NA	NA	NA	NA
"GCTACCCGCTCCCAGACATCTGTGTATTTCTGCGCCAGCACTTCGACCTCCGCGGACTAGTAGACCTACGAGCAGTACTTCGGGCCG"	"CASTSTSAD**TYEQYF"	"GCTACCCGCTCCCAGACATCTGTGTATTTCTGCGCCAGCACTTCGACCTCCGCGGACTAGTAGACCTACGAGCAGTACTTCGGGCCG"	"CASTSTSAD**TYEQYF"	"TCRBV1-2*1"	"TCRBD2-1"	"TCRBJ2-7*1"	40	53	60	64	13	4	NA	NA	"GCTACCCGCTCCCAGACATCTGTGTATTTCTGCGCCAGCACTTCGACCTCCGCGGACTAGTAGACCTACGAGCAGTACTTCGGGCCG"	FALSE	TRUE	NA	NA	NA	NA
"CAGCGCACAGAGCAGGGGGACTCGGCCATGTATCTCTGTGCCAGCAGCCGGACCCCCTCCCCGTCCTACGAGCAGTACTTCGGGCCG"	"CASSRTPSPSYEQYF"	"CAGCGCACAGAGCAGGGGGACTCGGCCATGTATCTCTGTGCCAGCAGCCGGACCCCCTCCCCGTCCTACGAGCAGTACTTCGGGCCG"	"CASSRTPSPSYEQYF"	"TCRBV7-9*1"	NA	"TCRBJ2-7*1"	48	49	53	63	1	10	NA	NA	"CAGCGCACAGAGCAGGGGGACTCGGCCATGTATCTCTGTGCCAGCAGCCGGACCCCCTCCCCGTCCTACGAGCAGTACTTCGGGCCG"	FALSE	TRUE	NA	NA	NA	NA
"CGCTCACCAGGCCTGGGGGACGCAGCCATGTACCTGTGTGCCACCAGCAGTGAGAGGGGGGGCGCAGATACGCAGTATTTTGGCCCA"	"CATSSERGGADTQYF"	"CGCTCACCAGGCCTGGGGGACGCAGCCATGTACCTGTGTGCCACCAGCAGTGAGAGGGGGGGCGCAGATACGCAGTATTTTGGCCCA"	"CATSSERGGADTQYF"	"TCRBV15-1*2"	"TCRBD2-1*1"	"TCRBJ2-3*1"	50	55	62	64	5	2	NA	NA	"CGCTCACCAGGCCTGGGGGACGCAGCCATGTACCTGTGTGCCACCAGCAGTGAGAGGGGGGGCGCAGATACGCAGTATTTTGGCCCA"	FALSE	TRUE	NA	NA	NA	NA
"GGGACTCGGCCCTTTATCTTTGCGCCAGCAGCTTGGGGGCCCTTCCCAATGTTCCGGGGAAGGGACAATGAGCAGTTCTTCGGGCCA"	""	"GGGACTCGGCCCTTTATCTTTGCGCCAGCAGCTTGGGGGCCCTTCCCAATGTTCCGGGGAAGGGACAATGAGCAGTTCTTCGGGCCA"	""	"TCRBV5-1*1"	"TCRBD2-1*1"	"TCRBJ2-1*1"	36	54	59	64	18	5	NA	NA	"GGGACTCGGCCCTTTATCTTTGCGCCAGCAGCTTGGGGGCCCTTCCCAATGTTCCGGGGAAGGGACAATGAGCAGTTCTTCGGGCCA"	FALSE	FALSE	NA	NA	NA	NA
"AGCACCTTGGAGCTGGGGGACTCGGCCCTTTATCTTTGCGCCAGCAGCTCTAGCGGGAGGGCCCCGGAGACCCAGTACTTCGGGCCA"	"CASSSSGRAPETQYF"	"AGCACCTTGGAGCTGGGGGACTCGGCCCTTTATCTTTGCGCCAGCAGCTCTAGCGGGAGGGCCCCGGAGACCCAGTACTTCGGGCCA"	"CASSSSGRAPETQYF"	"TCRBV5-1*1"	"TCRBD2-1*2"	"TCRBJ2-5*1"	-1	49	61	66	50	5	NA	NA	"AGCACCTTGGAGCTGGGGGACTCGGCCCTTTATCTTTGCGCCAGCAGCTCTAGCGGGAGGGCCCCGGAGACCCAGTACTTCGGGCCA"	FALSE	TRUE	NA	NA	NA	NA
"CGCACAGAGCAGGGGGACTCGGCCATGTATCTCTGTGCCAGCAGCAAAACACTAGCGGGGGGCACCGGGGAGCTGTTTTTTGGAGAA"	"CASSKTLAGGTGELFF"	"CGCACAGAGCAGGGGGACTCGGCCATGTATCTCTGTGCCAGCAGCAAAACACTAGCGGGGGGCACCGGGGAGCTGTTTTTTGGAGAA"	"CASSKTLAGGTGELFF"	"TCRBV7-9"	"TCRBD2-1*1"	"TCRBJ2-2*1"	45	50	-1	62	5	63	NA	NA	"CGCACAGAGCAGGGGGACTCGGCCATGTATCTCTGTGCCAGCAGCAAAACACTAGCGGGGGGCACCGGGGAGCTGTTTTTTGGAGAA"	FALSE	TRUE	NA	NA	NA	NA
"AGCGCACAGAGCGGGGGGACTCAGCCGTGTATCTCTGTGCCAGCAGCTTAAGTGGCGGGACACGTCAATGAGCAGTTCTTCGGGCCA"	""	"AGCGCACAGAGCGGGGGGACTCAGCCGTGTATCTCTGTGCCAGCAGCTTAAGTGGCGGGACACGTCAATGAGCAGTTCTTCGGGCCA"	""	"TCRBV7-3*1"	NA	"TCRBJ2-1*1"	51	56	62	65	5	3	NA	NA	"AGCGCACAGAGCGGGGGGACTCAGCCGTGTATCTCTGTGCCAGCAGCTTAAGTGGCGGGACACGTCAATGAGCAGTTCTTCGGGCCA"	FALSE	FALSE	NA	NA	NA	NA
"GAAGACAGCAGCATATATCTCTGCAGCGTTGGATGGATGGCGGGAGCTCCTGGCCGAGGTAGAACCGGGGAGCTGTTTTTTGGAGAA"	"CSVGWMAGAPGRGRTGELFF"	"GAAGACAGCAGCATATATCTCTGCAGCGTTGGATGGATGGCGGGAGCTCCTGGCCGAGGTAGAACCGGGGAGCTGTTTTTTGGAGAA"	"CSVGWMAGAPGRGRTGELFF"	"TCRBV29-1"	"TCRBD2-1*2"	"TCRBJ2-2*1"	31	39	46	63	8	17	NA	NA	"GAAGACAGCAGCATATATCTCTGCAGCGTTGGATGGATGGCGGGAGCTCCTGGCCGAGGTAGAACCGGGGAGCTGTTTTTTGGAGAA"	FALSE	TRUE	NA	NA	NA	NA
"TGGAGATCCAGTCCACGGAGTCAGGGGACACAGCACTGTATTTCTGTGCCAGCCCCGACAGGAAAATATGGCTACACCTTCGGTTCG"	""	"TGGAGATCCAGTCCACGGAGTCAGGGGACACAGCACTGTATTTCTGTGCCAGCCCCGACAGGAAAATATGGCTACACCTTCGGTTCG"	""	"TCRBV21-1*1"	"TCRBD1-1*1"	"TCRBJ1-2*1"	53	56	62	66	3	4	NA	NA	"TGGAGATCCAGTCCACGGAGTCAGGGGACACAGCACTGTATTTCTGTGCCAGCCCCGACAGGAAAATATGGCTACACCTTCGGTTCG"	FALSE	FALSE	NA	NA	NA	NA
"GTGACCAGTGCCCATCCTGAAGACAGCAGCTTCTACATCTGCAGTGCTCGGTTGGGGGAGGGCCTGGAGACCCAGTACTTCGGGCCA"	"CSARLGEGLETQYF"	"GTGACCAGTGCCCATCCTGAAGACAGCAGCTTCTACATCTGCAGTGCTCGGTTGGGGGAGGGCCTGGAGACCCAGTACTTCGGGCCA"	"CSARLGEGLETQYF"	NA	"TCRBD2-1*2"	"TCRBJ2-5*1"	48	55	62	66	7	4	NA	NA	"GTGACCAGTGCCCATCCTGAAGACAGCAGCTTCTACATCTGCAGTGCTCGGTTGGGGGAGGGCCTGGAGACCCAGTACTTCGGGCCA"	FALSE	TRUE	NA	NA	NA	NA
"CTGACAGTGACCAGTGCCCATCCTGAAGACAGCAGCTTCTACATCTGCAGTGCTAGAGGACTAGACTACGAGCAGTACTTCGGGCCG"	"CSARGLDYEQYF"	"CTGACAGTGACCAGTGCCCATCCTGAAGACAGCAGCTTCTACATCTGCAGTGCTAGAGGACTAGACTACGAGCAGTACTTCGGGCCG"	"CSARGLDYEQYF"	NA	"TCRBD2-1"	"TCRBJ2-7*1"	-1	58	64	65	59	1	NA	NA	"CTGACAGTGACCAGTGCCCATCCTGAAGACAGCAGCTTCTACATCTGCAGTGCTAGAGGACTAGACTACGAGCAGTACTTCGGGCCG"	FALSE	TRUE	NA	NA	NA	NA
"ATTCTGGAGTCCGCCAGCACCAACCAGACATCTATGTACCTCTGTGCCAGCAGTCAAGGAGCCAAAAACATTCAGTACTTCGGCGCC"	"CASSQGAKNIQYF"	"ATTCTGGAGTCCGCCAGCACCAACCAGACATCTATGTACCTCTGTGCCAGCAGTCAAGGAGCCAAAAACATTCAGTACTTCGGCGCC"	"CASSQGAKNIQYF"	"TCRBV28-1*1"	NA	"TCRBJ2-4*1"	54	56	-1	59	2	60	NA	NA	"ATTCTGGAGTCCGCCAGCACCAACCAGACATCTATGTACCTCTGTGCCAGCAGTCAAGGAGCCAAAAACATTCAGTACTTCGGCGCC"	FALSE	TRUE	NA	NA	NA	NA
"AGCACCTTGGAGCTGGGGGACTCGGCCCTTTATCTTTGCGCCAGCAGCCATCGGGCTAGCGGATCCTACGAGCAGTACTTCGGGCCG"	"CASSHRASGSYEQYF"	"AGCACCTTGGAGCTGGGGGACTCGGCCCTTTATCTTTGCGCCAGCAGCCATCGGGCTAGCGGATCCTACGAGCAGTACTTCGGGCCG"	"CASSHRASGSYEQYF"	"TCRBV5-1*1"	"TCRBD2-1"	"TCRBJ2-7*1"	48	55	62	63	7	1	NA	NA	"AGCACCTTGGAGCTGGGGGACTCGGCCCTTTATCTTTGCGCCAGCAGCCATCGGGCTAGCGGATCCTACGAGCAGTACTTCGGGCCG"	FALSE	TRUE	NA	NA	NA	NA
"CATCCTGAAGACAGCAGCTTCTACATCTGCAGTGCTAGAGATCCCAACATTGGACGGGAGGCATCCTACGAGCAGTACTTCGGGCCG"	"CSARDPNIGREASYEQYF"	"CATCCTGAAGACAGCAGCTTCTACATCTGCAGTGCTAGAGATCCCAACATTGGACGGGAGGCATCCTACGAGCAGTACTTCGGGCCG"	"CSARDPNIGREASYEQYF"	NA	"TCRBD2-1*2"	"TCRBJ2-7*1"	41	54	61	63	13	2	NA	NA	"CATCCTGAAGACAGCAGCTTCTACATCTGCAGTGCTAGAGATCCCAACATTGGACGGGAGGCATCCTACGAGCAGTACTTCGGGCCG"	FALSE	TRUE	NA	NA	NA	NA
"GAGTCCGCTACCAGCTCCCAGACATCTGTGTACTTCTGTGCCATCAGCCTAGCGGGTGTCAGCACAGATACGCAGTATTTTGGCCCA"	"CAISLAGVSTDTQYF"	"GAGTCCGCTACCAGCTCCCAGACATCTGTGTACTTCTGTGCCATCAGCCTAGCGGGTGTCAGCACAGATACGCAGTATTTTGGCCCA"	"CAISLAGVSTDTQYF"	"TCRBV1-3*1"	"TCRBD2-1"	"TCRBJ2-3*1"	47	48	56	60	1	4	NA	NA	"GAGTCCGCTACCAGCTCCCAGACATCTGTGTACTTCTGTGCCATCAGCCTAGCGGGTGTCAGCACAGATACGCAGTATTTTGGCCCA"	FALSE	TRUE	NA	NA	NA	NA
"NNNNNNNTGTCGGCTGCTCCCTCCCAGACATCTGTGTACTTCTGTGCCAGCAGTTTTGGGGGGCGGGAGACCCAGTACTTCGGGCCA"	"CASSFGGRETQYF"	"NNNNNNNTGTCGGCTGCTCCCTCCCAGACATCTGTGTACTTCTGTGCCAGCAGTTTTGGGGGGCGGGAGACCCAGTACTTCGGGCCA"	"CASSFGGRETQYF"	"TCRBV6-5*1"	NA	"TCRBJ2-5*1"	55	58	64	66	3	2	NA	NA	"NNNNNNNTGTCGGCTGCTCCCTCCCAGACATCTGTGTACTTCTGTGCCAGCAGTTTTGGGGGGCGGGAGACCCAGTACTTCGGGCCA"	FALSE	TRUE	NA	NA	NA	NA
"AGGCTGGAGTTGGCTGCTCCCTCCCAGACATCTGTGTACTTCTGTGCCACCAAACAGGGGAACACAGAGACCCAGTACTTCGGGCCA"	"CATKQGNTETQYF"	"AGGCTGGAGTTGGCTGCTCCCTCCCAGACATCTGTGTACTTCTGTGCCACCAAACAGGGGAACACAGAGACCCAGTACTTCGGGCCA"	"CATKQGNTETQYF"	"TCRBV6-6"	"TCRBD1-1*1"	"TCRBJ2-5*1"	49	53	60	65	4	5	NA	NA	"AGGCTGGAGTTGGCTGCTCCCTCCCAGACATCTGTGTACTTCTGTGCCACCAAACAGGGGAACACAGAGACCCAGTACTTCGGGCCA"	FALSE	TRUE	NA	NA	NA	NA
"AAGATCCAGCGCACAGAGCGGGGGGACTCAGCCGTGTATCTCTGTGCCACCGGAGGGCCGAACACCGGGGAGCTGTTTTTTGGAGAA"	"CATGGPNTGELFF"	"AAGATCCAGCGCACAGAGCGGGGGGACTCAGCCGTGTATCTCTGTGCCACCGGAGGGCCGAACACCGGGGAGCTGTTTTTTGGAGAA"	"CATGGPNTGELFF"	"TCRBV7-3*1"	"TCRBD2-1*2"	"TCRBJ2-2*1"	49	51	57	58	2	1	NA	NA	"AAGATCCAGCGCACAGAGCGGGGGGACTCAGCCGTGTATCTCTGTGCCACCGGAGGGCCGAACACCGGGGAGCTGTTTTTTGGAGAA"	FALSE	TRUE	NA	NA	NA	NA
"CCAGTCCACGGAGTCAGGGGACACAGCACTGTATTTCTGTGCCAGCAGCCAAACGCCCAGGGACCCACTGAAGCTTTCTTTGGACAA"	""	"CCAGTCCACGGAGTCAGGGGACACAGCACTGTATTTCTGTGCCAGCAGCCAAACGCCCAGGGACCCACTGAAGCTTTCTTTGGACAA"	""	"TCRBV21-1*1"	NA	"TCRBJ1-1*1"	49	59	64	65	10	1	NA	NA	"CCAGTCCACGGAGTCAGGGGACACAGCACTGTATTTCTGTGCCAGCAGCCAAACGCCCAGGGACCCACTGAAGCTTTCTTTGGACAA"	FALSE	FALSE	NA	NA	NA	NA
"ATCCAGCCTGCAGAGCTTGGGGACTCGGCCGTGTATCTCTGTGCCAGCAGCTCGGACAGTTATGACTATGGCTACACCTTCGGTTCG"	"CASSSDSYDYGYTF"	"ATCCAGCCTGCAGAGCTTGGGGACTCGGCCGTGTATCTCTGTGCCAGCAGCTCGGACAGTTATGACTATGGCTACACCTTCGGTTCG"	"CASSSDSYDYGYTF"	"TCRBV11-3*1"	"TCRBD1-1*1"	"TCRBJ1-2*1"	52	53	59	64	1	5	NA	NA	"ATCCAGCCTGCAGAGCTTGGGGACTCGGCCGTGTATCTCTGTGCCAGCAGCTCGGACAGTTATGACTATGGCTACACCTTCGGTTCG"	FALSE	TRUE	NA	NA	NA	NA
"ACTGTGAGCAACATGAGCCCTGAAGACAGCAGCATATATCTCTGCAGCGTTGAACGCCACCGCGGGGAGACCCAGTACTTCGGGCCA"	"CSVERHRGETQYF"	"ACTGTGAGCAACATGAGCCCTGAAGACAGCAGCATATATCTCTGCAGCGTTGAACGCCACCGCGGGGAGACCCAGTACTTCGGGCCA"	"CSVERHRGETQYF"	"TCRBV29-1"	"TCRBD2-1"	"TCRBJ2-5*1"	54	61	-1	66	7	67	NA	NA	"ACTGTGAGCAACATGAGCCCTGAAGACAGCAGCATATATCTCTGCAGCGTTGAACGCCACCGCGGGGAGACCCAGTACTTCGGGCCA"	FALSE	TRUE	NA	NA	NA	NA
"CAGCAGGTAGTGCGAGGAGATTCGGCAGCTTATTTCTGTGCCAGCTCACAATCTAGCGGGGTGTACAATGAGCAGTTCTTCGGGCCA"	"CASSQSSGVYNEQFF"	"CAGCAGGTAGTGCGAGGAGATTCGGCAGCTTATTTCTGTGCCAGCTCACAATCTAGCGGGGTGTACAATGAGCAGTTCTTCGGGCCA"	"CASSQSSGVYNEQFF"	"TCRBV18-1*1"	"TCRBD2-1*1"	"TCRBJ2-1*1"	49	52	61	63	3	2	NA	NA	"CAGCAGGTAGTGCGAGGAGATTCGGCAGCTTATTTCTGTGCCAGCTCACAATCTAGCGGGGTGTACAATGAGCAGTTCTTCGGGCCA"	FALSE	TRUE	NA	NA	NA	NA
"TCCCTCCCAGACATCTGTGTACTTCTGTGCCAGCAGTTCTGAGTACTACAAGACAGGGTGGGGGTTTACGAGCAGTACTTCGGGCCG"	""	"TCCCTCCCAGACATCTGTGTACTTCTGTGCCAGCAGTTCTGAGTACTACAAGACAGGGTGGGGGTTTACGAGCAGTACTTCGGGCCG"	""	NA	"TCRBD1-1*1"	"TCRBJ2-7*1"	38	51	58	66	13	8	NA	NA	"TCCCTCCCAGACATCTGTGTACTTCTGTGCCAGCAGTTCTGAGTACTACAAGACAGGGTGGGGGTTTACGAGCAGTACTTCGGGCCG"	FALSE	FALSE	NA	NA	NA	NA
"ACTCTGGAGTCCGCTACCAGCTCCCAGACATCTGTGTACTTCTGTGCCATCAGTGAGACCGGGAGACACGAACCGTATTTTGGCCCA"	"CAISETGRHEPYF"	"ACTCTGGAGTCCGCTACCAGCTCCCAGACATCTGTGTACTTCTGTGCCATCAGTGAGACCGGGAGACACGAACCGTATTTTGGCCCA"	"CAISETGRHEPYF"	"TCRBV1-3*1"	"TCRBD2-1*2"	"TCRBJ2-3*1"	57	59	65	74	2	9	NA	NA	"ACTCTGGAGTCCGCTACCAGCTCCCAGACATCTGTGTACTTCTGTGCCATCAGTGAGACCGGGAGACACGAACCGTATTTTGGCCCA"	FALSE	TRUE	NA	NA	NA	NA
"CTCACTGTGACATCGGCCCAAAAGAACCCGACAGCTTTCTATCTCTGTGCCAGTAGTCACAGGGGATACGAGCAGTACTTCGGGCCG"	"CASSHRGYEQYF"	"CTCACTGTGACATCGGCCCAAAAGAACCCGACAGCTTTCTATCTCTGTGCCAGTAGTCACAGGGGATACGAGCAGTACTTCGGGCCG"	"CASSHRGYEQYF"	"TCRBV19-1*1"	"TCRBD1-1*1"	"TCRBJ2-7*1"	57	58	65	66	1	1	NA	NA	"CTCACTGTGACATCGGCCCAAAAGAACCCGACAGCTTTCTATCTCTGTGCCAGTAGTCACAGGGGATACGAGCAGTACTTCGGGCCG"	FALSE	TRUE	NA	NA	NA	NA
"CACACCCTGCAGCCAGAAGACTCGGCCCTGTATCTCTGTGCCAGCAGCGAAGGGGGCAGGCAGAGGGAGACCCAGTACTTCGGGCCA"	"CASSEGGRQRETQYF"	"CACACCCTGCAGCCAGAAGACTCGGCCCTGTATCTCTGTGCCAGCAGCGAAGGGGGCAGGCAGAGGGAGACCCAGTACTTCGGGCCA"	"CASSEGGRQRETQYF"	"TCRBV4-2*1"	"TCRBD1-1*1"	"TCRBJ2-5*1"	-1	52	57	66	53	9	NA	NA	"CACACCCTGCAGCCAGAAGACTCGGCCCTGTATCTCTGTGCCAGCAGCGAAGGGGGCAGGCAGAGGGAGACCCAGTACTTCGGGCCA"	FALSE	TRUE	NA	NA	NA	NA
"CTCAGGCTGGAGTTGGCTGCTCCCTCCCAGACATCTGTGTACTTCTGTGCCAGCAGCCTAACTCAAACTGAAGCTTTCTTTGGACAA"	"CASSLTQTEAFF"	"CTCAGGCTGGAGTTGGCTGCTCCCTCCCAGACATCTGTGTACTTCTGTGCCAGCAGCCTAACTCAAACTGAAGCTTTCTTTGGACAA"	"CASSLTQTEAFF"	"TCRBV6-6"	"TCRBD2-1"	"TCRBJ1-1*1"	56	60	63	66	4	3	NA	NA	"CTCAGGCTGGAGTTGGCTGCTCCCTCCCAGACATCTGTGTACTTCTGTGCCAGCAGCCTAACTCAAACTGAAGCTTTCTTTGGACAA"	FALSE	TRUE	NA	NA	NA	NA
"CTCACTGTGACATCGGCCCAAAAGAACCCGACAGCTTTCTATCTCTGTGCCAGTAGTGCTTACGTACATGGCTACACCTTCGGTTCG"	"CASSAYVHGYTF"	"CTCACTGTGACATCGGCCCAAAAGAACCCGACAGCTTTCTATCTCTGTGCCAGTAGTGCTTACGTACATGGCTACACCTTCGGTTCG"	"CASSAYVHGYTF"	"TCRBV19-1*1"	NA	"TCRBJ1-2*1"	57	61	63	67	4	4	NA	NA	"CTCACTGTGACATCGGCCCAAAAGAACCCGACAGCTTTCTATCTCTGTGCCAGTAGTGCTTACGTACATGGCTACACCTTCGGTTCG"	FALSE	TRUE	NA	NA	NA	NA
"NNNNNNNTGTCGGCTGCTCCCTCCCAGACATCTGTGTACTTCTGTGCCAGCAGTTACTCGTGGGCAGGAGAAGCTTTCTTTGGACAA"	"CASSYSWAGEAFF"	"NNNNNNNTGTCGGCTGCTCCCTCCCAGACATCTGTGTACTTCTGTGCCAGCAGTTACTCGTGGGCAGGAGAAGCTTTCTTTGGACAA"	"CASSYSWAGEAFF"	"TCRBV6-5*1"	"TCRBD1-1*1"	"TCRBJ1-1*1"	59	64	68	69	5	1	NA	NA	"NNNNNNNTGTCGGCTGCTCCCTCCCAGACATCTGTGTACTTCTGTGCCAGCAGTTACTCGTGGGCAGGAGAAGCTTTCTTTGGACAA"	FALSE	TRUE	NA	NA	NA	NA
"CAGTGCCCATCCTGAAGACAGCAGCTTCTACATCTGCAGTGCTATATTAAGAGGGGTGGGTACCCCGGGGAGCTGTTTTTTGGAGAA"	""	"CAGTGCCCATCCTGAAGACAGCAGCTTCTACATCTGCAGTGCTATATTAAGAGGGGTGGGTACCCCGGGGAGCTGTTTTTTGGAGAA"	""	NA	NA	"TCRBJ2-2*1"	44	51	56	64	7	8	NA	NA	"CAGTGCCCATCCTGAAGACAGCAGCTTCTACATCTGCAGTGCTATATTAAGAGGGGTGGGTACCCCGGGGAGCTGTTTTTTGGAGAA"	FALSE	FALSE	NA	NA	NA	NA
"AGTTCTAAGAAGCTCCTTCTCAGTGACTCTGGCTTCTATCTCTGTGCCTGGAGTATATGGACAGGGTTTGGCTACACCTTCGGTTCG"	"CAWSIWTGFGYTF"	"AGTTCTAAGAAGCTCCTTCTCAGTGACTCTGGCTTCTATCTCTGTGCCTGGAGTATATGGACAGGGTTTGGCTACACCTTCGGTTCG"	"CAWSIWTGFGYTF"	"TCRBV3-1*1"	"TCRBD1-1*1"	"TCRBJ1-2*1"	54	58	66	68	4	2	NA	NA	"AGTTCTAAGAAGCTCCTTCTCAGTGACTCTGGCTTCTATCTCTGTGCCTGGAGTATATGGACAGGGTTTGGCTACACCTTCGGTTCG"	FALSE	TRUE	NA	NA	NA	NA
"TCCGCCAGCACCAACCAGACATCTATGTACCTCTGTGCCAGCAGTTTGGCAATACAGCTTAGAAACACTGAAGCTTTCTTTGGACAA"	"CASSLAIQLRNTEAFF"	"TCCGCCAGCACCAACCAGACATCTATGTACCTCTGTGCCAGCAGTTTGGCAATACAGCTTAGAAACACTGAAGCTTTCTTTGGACAA"	"CASSLAIQLRNTEAFF"	"TCRBV28-1*1"	"TCRBD1-1*1"	"TCRBJ1-1*1"	47	53	57	63	6	6	NA	NA	"TCCGCCAGCACCAACCAGACATCTATGTACCTCTGTGCCAGCAGTTTGGCAATACAGCTTAGAAACACTGAAGCTTTCTTTGGACAA"	FALSE	TRUE	NA	NA	NA	NA
"CTGGAGTCTGCTGCCTCCTCCCAGACATCTGTATATTTCTGCGCCAGCAGGCACAGCGGGAACACCGGGGAGCTGTTTTTTGGAGAA"	"CASRHSGNTGELFF"	"CTGGAGTCTGCTGCCTCCTCCCAGACATCTGTATATTTCTGCGCCAGCAGGCACAGCGGGAACACCGGGGAGCTGTTTTTTGGAGAA"	"CASRHSGNTGELFF"	"TCRBV1-1*1"	"TCRBD2-1"	"TCRBJ2-2*1"	50	54	-1	59	4	60	NA	NA	"CTGGAGTCTGCTGCCTCCTCCCAGACATCTGTATATTTCTGCGCCAGCAGGCACAGCGGGAACACCGGGGAGCTGTTTTTTGGAGAA"	FALSE	TRUE	NA	NA	NA	NA
"TGCCCATCCTGAAGACAGCAGCTTCTACATCTGCAGTGCTACCAGCCCGACAGAGTCTATAGCAATCAGCCCCAGCATTTTGGTGAT"	""	"TGCCCATCCTGAAGACAGCAGCTTCTACATCTGCAGTGCTACCAGCCCGACAGAGTCTATAGCAATCAGCCCCAGCATTTTGGTGAT"	""	NA	"TCRBD1-1*1"	"TCRBJ1-5*1"	41	48	53	59	7	6	NA	NA	"TGCCCATCCTGAAGACAGCAGCTTCTACATCTGCAGTGCTACCAGCCCGACAGAGTCTATAGCAATCAGCCCCAGCATTTTGGTGAT"	FALSE	FALSE	NA	NA	NA	NA
"CTGAGCTCTCTGGAGCTGGGGGACTCAGCTTTGTATTTCTGTGCCAGCAGCGTAGATCCAATCACAGATACGCAGTATTTTGGCCCA"	"CASSVDPITDTQYF"	"CTGAGCTCTCTGGAGCTGGGGGACTCAGCTTTGTATTTCTGTGCCAGCAGCGTAGATCCAATCACAGATACGCAGTATTTTGGCCCA"	"CASSVDPITDTQYF"	"TCRBV9-1*1"	"TCRBD1-1*1"	"TCRBJ2-3*1"	55	58	60	62	3	2	NA	NA	"CTGAGCTCTCTGGAGCTGGGGGACTCAGCTTTGTATTTCTGTGCCAGCAGCGTAGATCCAATCACAGATACGCAGTATTTTGGCCCA"	FALSE	TRUE	NA	NA	NA	NA
"ACAAAGCTGGAGGACTCAGCCATGTACTTCTGTGCCAGCACGGGACTAGCGGACCTGCTAGCCAAAAACATTCAGTACTTCGGCGCC"	"CASTGLADLLAKNIQYF"	"ACAAAGCTGGAGGACTCAGCCATGTACTTCTGTGCCAGCACGGGACTAGCGGACCTGCTAGCCAAAAACATTCAGTACTTCGGCGCC"	"CASTGLADLLAKNIQYF"	"TCRBV2-1"	"TCRBD2-1"	"TCRBJ2-4*1"	40	41	52	59	1	7	NA	NA	"ACAAAGCTGGAGGACTCAGCCATGTACTTCTGTGCCAGCACGGGACTAGCGGACCTGCTAGCCAAAAACATTCAGTACTTCGGCGCC"	FALSE	TRUE	NA	NA	NA	NA
"TCCGCCAGCACCAACCAGACATCTATGTACCTCTGTGCCAGCAGTCCAGCCAAACGACAGACCATCGGGCTCCAGCATTTTGGTGAT"	"CASSPAKRQTIGLQHF"	"TCCGCCAGCACCAACCAGACATCTATGTACCTCTGTGCCAGCAGTCCAGCCAAACGACAGACCATCGGGCTCCAGCATTTTGGTGAT"	"CASSPAKRQTIGLQHF"	"TCRBV28-1*1"	"TCRBD1-1*1"	"TCRBJ1-5*1"	45	55	60	71	10	11	NA	NA	"TCCGCCAGCACCAACCAGACATCTATGTACCTCTGTGCCAGCAGTCCAGCCAAACGACAGACCATCGGGCTCCAGCATTTTGGTGAT"	FALSE	TRUE	NA	NA	NA	NA
"CTGGAGCTTGGTGACTCTGCTGTGTATTTCTGTGCCAGCAGCCAAGATAGTCGGCGGATCTCCTACAATGAGCAGTTCTTCGGGCCA"	"CASSQDSRRISYNEQFF"	"CTGGAGCTTGGTGACTCTGCTGTGTATTTCTGTGCCAGCAGCCAAGATAGTCGGCGGATCTCCTACAATGAGCAGTTCTTCGGGCCA"	"CASSQDSRRISYNEQFF"	"TCRBV3-1/3-2*1"	"TCRBD2-1"	"TCRBJ2-1*1"	47	53	57	59	6	2	NA	NA	"CTGGAGCTTGGTGACTCTGCTGTGTATTTCTGTGCCAGCAGCCAAGATAGTCGGCGGATCTCCTACAATGAGCAGTTCTTCGGGCCA"	FALSE	TRUE	NA	NA	NA	NA
"NTGAAGATCCAGCCCTCAGAACCCAGGGACTCAGCTGTGTACTTCTGTGCCAGCAGCATGGACTCCTACGAGCAGTACTTCGGGCCG"	"CASSMDSYEQYF"	"NTGAAGATCCAGCCCTCAGAACCCAGGGACTCAGCTGTGTACTTCTGTGCCAGCAGCATGGACTCCTACGAGCAGTACTTCGGGCCG"	"CASSMDSYEQYF"	"TCRBV12-3/12-4*1"	NA	"TCRBJ2-7*1"	56	59	-1	62	3	63	NA	NA	"NTGAAGATCCAGCCCTCAGAACCCAGGGACTCAGCTGTGTACTTCTGTGCCAGCAGCATGGACTCCTACGAGCAGTACTTCGGGCCG"	FALSE	TRUE	NA	NA	NA	NA
"TGGAGATCCAGCGCACAGAGCAGCGGGACTCGGCCATGTATCGCTGTGCCAGCAGCTTAGTGGTTCTACGAGCAGTACTTCGGGCCG"	""	"TGGAGATCCAGCGCACAGAGCAGCGGGACTCGGCCATGTATCGCTGTGCCAGCAGCTTAGTGGTTCTACGAGCAGTACTTCGGGCCG"	""	"TCRBV7-6*1"	NA	"TCRBJ2-7*1"	60	61	63	65	1	2	NA	NA	"TGGAGATCCAGCGCACAGAGCAGCGGGACTCGGCCATGTATCGCTGTGCCAGCAGCTTAGTGGTTCTACGAGCAGTACTTCGGGCCG"	FALSE	FALSE	NA	NA	NA	NA
"GAGTCCGCTACCAGCTCCCAGACATCTGTGTACTTCTGTGCCATCAGGGGGACAGGGGACAGCACCGGGGAGCTGTTTTTTGGAGAA"	"CAIRGTGDSTGELFF"	"GAGTCCGCTACCAGCTCCCAGACATCTGTGTACTTCTGTGCCATCAGGGGGACAGGGGACAGCACCGGGGAGCTGTTTTTTGGAGAA"	"CAIRGTGDSTGELFF"	"TCRBV1-3*1"	"TCRBD1-1*1"	"TCRBJ2-2*1"	47	48	58	62	1	4	NA	NA	"GAGTCCGCTACCAGCTCCCAGACATCTGTGTACTTCTGTGCCATCAGGGGGACAGGGGACAGCACCGGGGAGCTGTTTTTTGGAGAA"	FALSE	TRUE	NA	NA	NA	NA
"CTGGAGCTGGGGGACTCAGCTTTGTATTTCTGTGCCAGCAGCGTATCTTTAGGGACAGGGGGTGGAAACACCATATATTTTGGAGAG"	"CASSVSLGTGGGNTIYF"	"CTGGAGCTGGGGGACTCAGCTTTGTATTTCTGTGCCAGCAGCGTATCTTTAGGGACAGGGGGTGGAAACACCATATATTTTGGAGAG"	"CASSVSLGTGGGNTIYF"	"TCRBV9-1*1"	"TCRBD1-1*1"	"TCRBJ1-3*1"	45	51	-1	62	6	63	NA	NA	"CTGGAGCTGGGGGACTCAGCTTTGTATTTCTGTGCCAGCAGCGTATCTTTAGGGACAGGGGGTGGAAACACCATATATTTTGGAGAG"	FALSE	TRUE	NA	NA	NA	NA
"GCCTGCAGAGCAGGGGGACTCGGCCGTGTATGTCTGTGCAAGTCGCTTAAAAACTCCGGCGGTTATCAGCCCCAGCATTTTGGTGAT"	""	"GCCTGCAGAGCAGGGGGACTCGGCCGTGTATGTCTGTGCAAGTCGCTTAAAAACTCCGGCGGTTATCAGCCCCAGCATTTTGGTGAT"	""	"TCRBV12-2*1"	"TCRBD2-1"	"TCRBJ1-5*1"	49	58	62	64	9	2	NA	NA	"GCCTGCAGAGCAGGGGGACTCGGCCGTGTATGTCTGTGCAAGTCGCTTAAAAACTCCGGCGGTTATCAGCCCCAGCATTTTGGTGAT"	FALSE	FALSE	NA	NA	NA	NA
"CTGAAGATCCGGTCCACAAAGCTGGAGGACTCAGCCATGTACTTCTGTGCCAGCAGTGGGGCCGAGCGGCCCCAGCATTTTGGTGAT"	"CASSGAERPQHF"	"CTGAAGATCCGGTCCACAAAGCTGGAGGACTCAGCCATGTACTTCTGTGCCAGCAGTGGGGCCGAGCGGCCCCAGCATTTTGGTGAT"	"CASSGAERPQHF"	"TCRBV2-1"	NA	"TCRBJ1-5*1"	-1	58	62	68	59	6	NA	NA	"CTGAAGATCCGGTCCACAAAGCTGGAGGACTCAGCCATGTACTTCTGTGCCAGCAGTGGGGCCGAGCGGCCCCAGCATTTTGGTGAT"	FALSE	TRUE	NA	NA	NA	NA
"CTGGAGTCCGCCAGCACCAACCAGACATCTATGTACCTCTGTGCCAGCAGCCGTGACGGCGCCGATTCACCCCTCCACTTTGGGAAT"	"CASSRDGADSPLHF"	"CTGGAGTCCGCCAGCACCAACCAGACATCTATGTACCTCTGTGCCAGCAGCCGTGACGGCGCCGATTCACCCCTCCACTTTGGGAAT"	"CASSRDGADSPLHF"	"TCRBV28-1*1"	NA	"TCRBJ1-6*1"	50	54	57	64	4	7	NA	NA	"CTGGAGTCCGCCAGCACCAACCAGACATCTATGTACCTCTGTGCCAGCAGCCGTGACGGCGCCGATTCACCCCTCCACTTTGGGAAT"	FALSE	TRUE	NA	NA	NA	NA
"TCCCTAGAGTCTGCCATCCCCAACCAGACAGCTCTTTACTTCTGTGCCACCAAGATAACCTGGGGCACTGAAGCTTTCTTTGGACAA"	"CATKITWGTEAFF"	"TCCCTAGAGTCTGCCATCCCCAACCAGACAGCTCTTTACTTCTGTGCCACCAAGATAACCTGGGGCACTGAAGCTTTCTTTGGACAA"	"CATKITWGTEAFF"	"TCRBV24-1*1"	NA	"TCRBJ1-1*1"	52	61	-1	65	9	66	NA	NA	"TCCCTAGAGTCTGCCATCCCCAACCAGACAGCTCTTTACTTCTGTGCCACCAAGATAACCTGGGGCACTGAAGCTTTCTTTGGACAA"	FALSE	TRUE	NA	NA	NA	NA
"AACATGAGCCCTGAAGACAGCAGCATATATCTCTGCAGCGTTGGAGGGGGACTAGCGGGAGCCTACAATGAGCAGTTCTTCGGGCCA"	"CSVGGGLAGAYNEQFF"	"AACATGAGCCCTGAAGACAGCAGCATATATCTCTGCAGCGTTGGAGGGGGACTAGCGGGAGCCTACAATGAGCAGTTCTTCGGGCCA"	"CSVGGGLAGAYNEQFF"	"TCRBV29-1"	"TCRBD2-1*2"	"TCRBJ2-1*1"	43	47	-1	61	4	62	NA	NA	"AACATGAGCCCTGAAGACAGCAGCATATATCTCTGCAGCGTTGGAGGGGGACTAGCGGGAGCCTACAATGAGCAGTTCTTCGGGCCA"	FALSE	TRUE	NA	NA	NA	NA
"CTGTCCCTAGAGTCTGCCATCCCCAACCAGACAGCTCTTTACTTCTGTGCCACCAAAGGCGGGAGCTATGAGCAGTTCTTCGGGCCA"	"CATKGGSYEQFF"	"CTGTCCCTAGAGTCTGCCATCCCCAACCAGACAGCTCTTTACTTCTGTGCCACCAAAGGCGGGAGCTATGAGCAGTTCTTCGGGCCA"	"CATKGGSYEQFF"	"TCRBV24-1*1"	"TCRBD2-1*2"	"TCRBJ2-1*1"	55	58	65	67	3	2	NA	NA	"CTGTCCCTAGAGTCTGCCATCCCCAACCAGACAGCTCTTTACTTCTGTGCCACCAAAGGCGGGAGCTATGAGCAGTTCTTCGGGCCA"	FALSE	TRUE	NA	NA	NA	NA
"GCCCTGCAGCCAGAAGACTCAGCCCTGTATCTCTGCGCCAGCAGCCAATTACCGGGACTAATAAGCGGGGAGCTGTTTTTTGGAGAA"	"CASSQLPGLISGELFF"	"GCCCTGCAGCCAGAAGACTCAGCCCTGTATCTCTGCGCCAGCAGCCAATTACCGGGACTAATAAGCGGGGAGCTGTTTTTTGGAGAA"	"CASSQLPGLISGELFF"	"TCRBV4-1*1"	"TCRBD2-1"	"TCRBJ2-2*1"	48	53	60	65	5	5	NA	NA	"GCCCTGCAGCCAGAAGACTCAGCCCTGTATCTCTGCGCCAGCAGCCAATTACCGGGACTAATAAGCGGGGAGCTGTTTTTTGGAGAA"	FALSE	TRUE	NA	NA	NA	NA
"ACTCTGACTGTGAGCAACATGAGCCCTGAAGACAGCAGCATATATCTCTGCAGCGTTGTTGCCGGGGGGGAGCTGTTTTTTGGAGAA"	"CSVVAGGELFF"	"ACTCTGACTGTGAGCAACATGAGCCCTGAAGACAGCAGCATATATCTCTGCAGCGTTGTTGCCGGGGGGGAGCTGTTTTTTGGAGAA"	"CSVVAGGELFF"	"TCRBV29-1*1"	"TCRBD2-1"	"TCRBJ2-2*1"	58	62	-1	66	4	67	NA	NA	"ACTCTGACTGTGAGCAACATGAGCCCTGAAGACAGCAGCATATATCTCTGCAGCGTTGTTGCCGGGGGGGAGCTGTTTTTTGGAGAA"	FALSE	TRUE	NA	NA	NA	NA
"AGCCTGCAAAGCTTGAGGACTCGGCCGTGTATCTCTGTGCCAGCAGCCACCGGGACAGGGAACAATCAGCCCCAGCATTTTGGTGAT"	""	"AGCCTGCAAAGCTTGAGGACTCGGCCGTGTATCTCTGTGCCAGCAGCCACCGGGACAGGGAACAATCAGCCCCAGCATTTTGGTGAT"	""	"TCRBV11-2*1"	"TCRBD1-1*1"	"TCRBJ1-5*1"	47	51	60	62	4	2	NA	NA	"AGCCTGCAAAGCTTGAGGACTCGGCCGTGTATCTCTGTGCCAGCAGCCACCGGGACAGGGAACAATCAGCCCCAGCATTTTGGTGAT"	FALSE	FALSE	NA	NA	NA	NA
"CCTCAGAACCCAGGGACTCAGCTGTGTACTTCTGTGCCAGCAGTTTAGAGGAGCGGTAGGGGGGACAATGAGCAGTTCTTCGGGCCA"	""	"CCTCAGAACCCAGGGACTCAGCTGTGTACTTCTGTGCCAGCAGTTTAGAGGAGCGGTAGGGGGGACAATGAGCAGTTCTTCGGGCCA"	""	NA	NA	"TCRBJ2-1*1"	48	57	63	64	9	1	NA	NA	"CCTCAGAACCCAGGGACTCAGCTGTGTACTTCTGTGCCAGCAGTTTAGAGGAGCGGTAGGGGGGACAATGAGCAGTTCTTCGGGCCA"	FALSE	FALSE	NA	NA	NA	NA
"CTGCAGCCAGAAGACTCGGCCCTGTATCTCTGTGCCAGCAGCCAAAAGACTAGCGGGAGTGGTACAGATACGCAGTATTTTGGCCCA"	"CASSQKTSGSGTDTQYF"	"CTGCAGCCAGAAGACTCGGCCCTGTATCTCTGTGCCAGCAGCCAAAAGACTAGCGGGAGTGGTACAGATACGCAGTATTTTGGCCCA"	"CASSQKTSGSGTDTQYF"	"TCRBV4-2*1"	"TCRBD2-1*2"	"TCRBJ2-3*1"	45	47	59	63	2	4	NA	NA	"CTGCAGCCAGAAGACTCGGCCCTGTATCTCTGTGCCAGCAGCCAAAAGACTAGCGGGAGTGGTACAGATACGCAGTATTTTGGCCCA"	FALSE	TRUE	NA	NA	NA	NA
"CTGGAGTCGCCCAGCCCCAACCAGACCTCTCTGTACTTCTGTGCCAGCAGAGGGACAGGGGAATGGAGTGAAGCTTTCTTTGGACAA"	"CASRGTGEWSEAFF"	"CTGGAGTCGCCCAGCCCCAACCAGACCTCTCTGTACTTCTGTGCCAGCAGAGGGACAGGGGAATGGAGTGAAGCTTTCTTTGGACAA"	"CASRGTGEWSEAFF"	"TCRBV27-1*1"	"TCRBD1-1*1"	"TCRBJ1-1*1"	50	51	61	68	1	7	NA	NA	"CTGGAGTCGCCCAGCCCCAACCAGACCTCTCTGTACTTCTGTGCCAGCAGAGGGACAGGGGAATGGAGTGAAGCTTTCTTTGGACAA"	FALSE	TRUE	NA	NA	NA	NA
"TCTAAGAAGCTCCTTCTCAGTGACTCTGGCTTCTATCTCTGTGCCTGGGGCCCGGGACAAACAAAAGAGACCCAGTACTTCGGGCCA"	"CAWGPGQTKETQYF"	"TCTAAGAAGCTCCTTCTCAGTGACTCTGGCTTCTATCTCTGTGCCTGGGGCCCGGGACAAACAAAAGAGACCCAGTACTTCGGGCCA"	"CAWGPGQTKETQYF"	"TCRBV3-1*5"	"TCRBD1-1*1"	"TCRBJ2-5*1"	50	53	59	64	3	5	NA	NA	"TCTAAGAAGCTCCTTCTCAGTGACTCTGGCTTCTATCTCTGTGCCTGGGGCCCGGGACAAACAAAAGAGACCCAGTACTTCGGGCCA"	FALSE	TRUE	NA	NA	NA	NA
"TCCTGAAGACAGCAGCTTCTACATCTGCAGTGCTAGAGTTAGAGGGACTAGTCCTACCCTAGCACAGATACGCAGTATTTTGGCCCA"	""	"TCCTGAAGACAGCAGCTTCTACATCTGCAGTGCTAGAGTTAGAGGGACTAGTCCTACCCTAGCACAGATACGCAGTATTTTGGCCCA"	""	NA	"TCRBD2-1"	"TCRBJ2-3*1"	38	43	51	60	5	9	NA	NA	"TCCTGAAGACAGCAGCTTCTACATCTGCAGTGCTAGAGTTAGAGGGACTAGTCCTACCCTAGCACAGATACGCAGTATTTTGGCCCA"	FALSE	FALSE	NA	NA	NA	NA
"CTGACAGTGACCAGTGCCCATCCTGAAGACAGCAGCTTCTACATCTGCAGTGCCTCAACCATGAACACTGAAGCTTTCTTTGGACAA"	"CSASTMNTEAFF"	"CTGACAGTGACCAGTGCCCATCCTGAAGACAGCAGCTTCTACATCTGCAGTGCCTCAACCATGAACACTGAAGCTTTCTTTGGACAA"	"CSASTMNTEAFF"	NA	NA	"TCRBJ1-1*1"	53	57	59	61	4	2	NA	NA	"CTGACAGTGACCAGTGCCCATCCTGAAGACAGCAGCTTCTACATCTGCAGTGCCTCAACCATGAACACTGAAGCTTTCTTTGGACAA"	FALSE	TRUE	NA	NA	NA	NA
"CTGAGTTCTAAGAAGCTCCTTCTCAGTGACTCTGGCTTCTATCTCTGTGCCTGGGGACACGTGGGTTACATTCAGTACTTCGGCGCC"	"CAWGHVGYIQYF"	"CTGAGTTCTAAGAAGCTCCTTCTCAGTGACTCTGGCTTCTATCTCTGTGCCTGGGGACACGTGGGTTACATTCAGTACTTCGGCGCC"	"CAWGHVGYIQYF"	"TCRBV3-1*5"	NA	"TCRBJ2-4*1"	57	62	65	67	5	2	NA	NA	"CTGAGTTCTAAGAAGCTCCTTCTCAGTGACTCTGGCTTCTATCTCTGTGCCTGGGGACACGTGGGTTACATTCAGTACTTCGGCGCC"	FALSE	TRUE	NA	NA	NA	NA
"AGCACCTTGGAGCTGGGGGACTCGGCCCTTTATCTTTGCGCCAGCAGCTTGGGACAGGGGTTCAACACTGAAGCTTTCTTTGGACAA"	"CASSLGQGFNTEAFF"	"AGCACCTTGGAGCTGGGGGACTCGGCCCTTTATCTTTGCGCCAGCAGCTTGGGACAGGGGTTCAACACTGAAGCTTTCTTTGGACAA"	"CASSLGQGFNTEAFF"	"TCRBV5-1*1"	"TCRBD1-1*1"	"TCRBJ1-1*1"	-1	52	60	63	53	3	NA	NA	"AGCACCTTGGAGCTGGGGGACTCGGCCCTTTATCTTTGCGCCAGCAGCTTGGGACAGGGGTTCAACACTGAAGCTTTCTTTGGACAA"	FALSE	TRUE	NA	NA	NA	NA
"CAAGATCCAGCCTGCAAAGCTTGAGGACTCGGCCGTGTATCTCTGTGCCAGCAGCTTATAAGAGAAGAGACCCAGTACTTCGGGCCA"	""	"CAAGATCCAGCCTGCAAAGCTTGAGGACTCGGCCGTGTATCTCTGTGCCAGCAGCTTATAAGAGAAGAGACCCAGTACTTCGGGCCA"	""	"TCRBV11-2*1"	"TCRBD2-1*2"	"TCRBJ2-5*1"	58	61	-1	64	3	65	NA	NA	"CAAGATCCAGCCTGCAAAGCTTGAGGACTCGGCCGTGTATCTCTGTGCCAGCAGCTTATAAGAGAAGAGACCCAGTACTTCGGGCCA"	FALSE	FALSE	NA	NA	NA	NA
"CACGCCCTGCAGCCAGAAGACTCAGCCCTGTATCTCTGCGCCAGCAGCCAAGCGCAGGGGGTCAATCAGCCCCAGCATTTTGGTGAT"	"CASSQAQGVNQPQHF"	"CACGCCCTGCAGCCAGAAGACTCAGCCCTGTATCTCTGCGCCAGCAGCCAAGCGCAGGGGGTCAATCAGCCCCAGCATTTTGGTGAT"	"CASSQAQGVNQPQHF"	"TCRBV4-1*1"	"TCRBD1-1*1"	"TCRBJ1-5*1"	52	54	61	62	2	1	NA	NA	"CACGCCCTGCAGCCAGAAGACTCAGCCCTGTATCTCTGCGCCAGCAGCCAAGCGCAGGGGGTCAATCAGCCCCAGCATTTTGGTGAT"	FALSE	TRUE	NA	NA	NA	NA
"CGCACAGAGCAGGGGGACTCGGCCATGTATCTCTGTGCCAGCAGCTTGGTCCTCGGTGGGGCCAAAAACATTCAGTACTTCGGCGCC"	"CASSLVLGGAKNIQYF"	"CGCACAGAGCAGGGGGACTCGGCCATGTATCTCTGTGCCAGCAGCTTGGTCCTCGGTGGGGCCAAAAACATTCAGTACTTCGGCGCC"	"CASSLVLGGAKNIQYF"	"TCRBV7-9*1"	NA	"TCRBJ2-4*1"	47	57	-1	60	10	61	NA	NA	"CGCACAGAGCAGGGGGACTCGGCCATGTATCTCTGTGCCAGCAGCTTGGTCCTCGGTGGGGCCAAAAACATTCAGTACTTCGGCGCC"	FALSE	TRUE	NA	NA	NA	NA
"CGCCCAGCCCCAACCAGACCTCTCTGTACTTCTGTGCCAGCACCCCTCCGTAAGGGTTTGGGACACAGTGAAGCTTTCTTTGGACAA"	""	"CGCCCAGCCCCAACCAGACCTCTCTGTACTTCTGTGCCAGCACCCCTCCGTAAGGGTTTGGGACACAGTGAAGCTTTCTTTGGACAA"	""	"TCRBV27-1*1"	"TCRBD1-1*1"	"TCRBJ1-1*1"	42	59	65	68	17	3	NA	NA	"CGCCCAGCCCCAACCAGACCTCTCTGTACTTCTGTGCCAGCACCCCTCCGTAAGGGTTTGGGACACAGTGAAGCTTTCTTTGGACAA"	FALSE	FALSE	NA	NA	NA	NA
"TCCGCCAGCACCAACCAGACATCTATGTACCTCTGTGCCAGCAGTTTAGCGGGACTAGCCTCCCAAGAGACCCAGTACTTCGGGCCA"	"CASSLAGLASQETQYF"	"TCCGCCAGCACCAACCAGACATCTATGTACCTCTGTGCCAGCAGTTTAGCGGGACTAGCCTCCCAAGAGACCCAGTACTTCGGGCCA"	"CASSLAGLASQETQYF"	"TCRBV28-1*1"	"TCRBD2-1"	"TCRBJ2-5*1"	48	50	59	62	2	3	NA	NA	"TCCGCCAGCACCAACCAGACATCTATGTACCTCTGTGCCAGCAGTTTAGCGGGACTAGCCTCCCAAGAGACCCAGTACTTCGGGCCA"	FALSE	TRUE	NA	NA	NA	NA
"ATCCAGCAGGTAGTGCGAGGAGATTCGGCAGCTTATTTCTGTGCCAGCGAGAAGACAGGGGACTTCTACGAGCAGTACTTCGGGCCG"	"CASEKTGDFYEQYF"	"ATCCAGCAGGTAGTGCGAGGAGATTCGGCAGCTTATTTCTGTGCCAGCGAGAAGACAGGGGACTTCTACGAGCAGTACTTCGGGCCG"	"CASEKTGDFYEQYF"	"TCRBV18-1*1"	"TCRBD1-1*1"	"TCRBJ2-7*1"	48	53	61	65	5	4	NA	NA	"ATCCAGCAGGTAGTGCGAGGAGATTCGGCAGCTTATTTCTGTGCCAGCGAGAAGACAGGGGACTTCTACGAGCAGTACTTCGGGCCG"	FALSE	TRUE	NA	NA	NA	NA
"AATGTGAGCACCTTGGAGCTGGGGGACTCGGCCCTTTATCTTTGCGCCAGCAGCTTGAATCTCTCAGGCGAGCAGTACTTCGGGCCG"	"CASSLNLSGEQYF"	"AATGTGAGCACCTTGGAGCTGGGGGACTCGGCCCTTTATCTTTGCGCCAGCAGCTTGAATCTCTCAGGCGAGCAGTACTTCGGGCCG"	"CASSLNLSGEQYF"	"TCRBV5-1*1"	"TCRBD1-1*1"	"TCRBJ2-7*1"	57	64	-1	68	7	69	NA	NA	"AATGTGAGCACCTTGGAGCTGGGGGACTCGGCCCTTTATCTTTGCGCCAGCAGCTTGAATCTCTCAGGCGAGCAGTACTTCGGGCCG"	FALSE	TRUE	NA	NA	NA	NA
"ATCCAGCCTGCAGAGCTTGGGGACTCGGCCGTGTATCTCTGTGCCAGCAGCCGTCACAGGGTCCCCTACGAGCAGTACTTCGGGCCG"	"CASSRHRVPYEQYF"	"ATCCAGCCTGCAGAGCTTGGGGACTCGGCCGTGTATCTCTGTGCCAGCAGCCGTCACAGGGTCCCCTACGAGCAGTACTTCGGGCCG"	"CASSRHRVPYEQYF"	"TCRBV11-3*1"	"TCRBD1-1*1"	"TCRBJ2-7*1"	51	55	61	64	4	3	NA	NA	"ATCCAGCCTGCAGAGCTTGGGGACTCGGCCGTGTATCTCTGTGCCAGCAGCCGTCACAGGGTCCCCTACGAGCAGTACTTCGGGCCG"	FALSE	TRUE	NA	NA	NA	NA
"AGTTCTAAGAAGCTCCTTCTCAGTGACTCTGGCTTCTATCTCTGTGCCTGGAGTCCGGGACAGAACTATGGCTACACCTTCGGTTCG"	"CAWSPGQNYGYTF"	"AGTTCTAAGAAGCTCCTTCTCAGTGACTCTGGCTTCTATCTCTGTGCCTGGAGTCCGGGACAGAACTATGGCTACACCTTCGGTTCG"	"CAWSPGQNYGYTF"	"TCRBV3-1*1"	"TCRBD1-1*1"	"TCRBJ1-2*1"	54	56	-1	63	2	64	NA	NA	"AGTTCTAAGAAGCTCCTTCTCAGTGACTCTGGCTTCTATCTCTGTGCCTGGAGTCCGGGACAGAACTATGGCTACACCTTCGGTTCG"	FALSE	TRUE	NA	NA	NA	NA
"NNNNNNNNNNNNNTGTCGGCTGCTCCCTCCCAAACATCTGTGTACTTCTGTGCCAGCAGCCCGGGACTAGCGCAGTTCTTCGGGCCA"	"CASSPGLAQFF"	"NNNNNNNNNNNNNTGTCGGCTGCTCCCTCCCAAACATCTGTGTACTTCTGTGCCAGCAGCCCGGGACTAGCGCAGTTCTTCGGGCCA"	"CASSPGLAQFF"	"TCRBV6-2*2"	"TCRBD2-1"	"TCRBJ2-1*1"	-1	62	-1	71	63	72	NA	NA	"NNNNNNNNNNNNNTGTCGGCTGCTCCCTCCCAAACATCTGTGTACTTCTGTGCCAGCAGCCCGGGACTAGCGCAGTTCTTCGGGCCA"	FALSE	TRUE	NA	NA	NA	NA
"GCGTCTGCTGTACCCTCTCAGACATCTGTGTACTTCTGTGCCAGCAGTGACTCCGGGAACCCCTACAATGAGCAGTTCTTCGGGCCA"	"CASSDSGNPYNEQFF"	"GCGTCTGCTGTACCCTCTCAGACATCTGTGTACTTCTGTGCCAGCAGTGACTCCGGGAACCCCTACAATGAGCAGTTCTTCGGGCCA"	"CASSDSGNPYNEQFF"	"TCRBV6-4*1"	"TCRBD2-1*2"	"TCRBJ2-1*1"	-1	53	58	61	54	3	NA	NA	"GCGTCTGCTGTACCCTCTCAGACATCTGTGTACTTCTGTGCCAGCAGTGACTCCGGGAACCCCTACAATGAGCAGTTCTTCGGGCCA"	FALSE	TRUE	NA	NA	NA	NA
"AGTCTGCTGCCTCCTCCCAGACATCTGTATATTTCTGCGCCAGCAGACCCATACAGGGGGGGAAACACTGAAGCTTTCTTTGGACAA"	""	"AGTCTGCTGCCTCCTCCCAGACATCTGTATATTTCTGCGCCAGCAGACCCATACAGGGGGGGAAACACTGAAGCTTTCTTTGGACAA"	""	"TCRBV1-1"	"TCRBD1-1*1"	"TCRBJ1-1*1"	46	52	60	63	6	3	NA	NA	"AGTCTGCTGCCTCCTCCCAGACATCTGTATATTTCTGCGCCAGCAGACCCATACAGGGGGGGAAACACTGAAGCTTTCTTTGGACAA"	FALSE	FALSE	NA	NA	NA	NA
"CAGCGCACAGAGCGGGGGGACTCAGCCGTGTATCTCTGTGCCAGCAGCTTAAGCGGGGCTAGCACAGATACGCAGTATTTTGGCCCA"	"CASSLSGASTDTQYF"	"CAGCGCACAGAGCGGGGGGACTCAGCCGTGTATCTCTGTGCCAGCAGCTTAAGCGGGGCTAGCACAGATACGCAGTATTTTGGCCCA"	"CASSLSGASTDTQYF"	"TCRBV7-3*1"	"TCRBD2-1*1"	"TCRBJ2-3*1"	-1	52	58	60	53	2	NA	NA	"CAGCGCACAGAGCGGGGGGACTCAGCCGTGTATCTCTGTGCCAGCAGCTTAAGCGGGGCTAGCACAGATACGCAGTATTTTGGCCCA"	FALSE	TRUE	NA	NA	NA	NA
"CTGACAGTGACCAGTGCCCATCCTGAAGACAGCAGCTTCTACATCTGCAGTGCTAGAGTGGGGGACCTTGAAGCTTTCTTTGGACAA"	"CSARVGDLEAFF"	"CTGACAGTGACCAGTGCCCATCCTGAAGACAGCAGCTTCTACATCTGCAGTGCTAGAGTGGGGGACCTTGAAGCTTTCTTTGGACAA"	"CSARVGDLEAFF"	NA	NA	"TCRBJ1-1*1"	58	61	66	68	3	2	NA	NA	"CTGACAGTGACCAGTGCCCATCCTGAAGACAGCAGCTTCTACATCTGCAGTGCTAGAGTGGGGGACCTTGAAGCTTTCTTTGGACAA"	FALSE	TRUE	NA	NA	NA	NA
"CACCTACACACCCTGCAGCCAGAAGACTCGGCCCTGTATCTCTGTGCCAGCAGCACGGGGTTGAACTATGGCTACACCTTCGGTTCG"	"CASSTGLNYGYTF"	"CACCTACACACCCTGCAGCCAGAAGACTCGGCCCTGTATCTCTGTGCCAGCAGCACGGGGTTGAACTATGGCTACACCTTCGGTTCG"	"CASSTGLNYGYTF"	"TCRBV4-2*1"	"TCRBD2-1*1"	"TCRBJ1-2*1"	54	55	60	63	1	3	NA	NA	"CACCTACACACCCTGCAGCCAGAAGACTCGGCCCTGTATCTCTGTGCCAGCAGCACGGGGTTGAACTATGGCTACACCTTCGGTTCG"	FALSE	TRUE	NA	NA	NA	NA
"NNNNTGTCGGCTGCTCCCTCCCAAACATTTGTGTACTTCTGTGCCAGCAGTTATGAGGACAGCCTCTATGGCTACACCTTCGGTTCG"	"CASSYEDSLYGYTF"	"NNNNTGTCGGCTGCTCCCTCCCAAACATTTGTGTACTTCTGTGCCAGCAGTTATGAGGACAGCCTCTATGGCTACACCTTCGGTTCG"	"CASSYEDSLYGYTF"	"TCRBV6-2/6-3*1"	"TCRBD1-1*1"	"TCRBJ1-2*1"	53	56	62	65	3	3	NA	NA	"NNNNTGTCGGCTGCTCCCTCCCAAACATTTGTGTACTTCTGTGCCAGCAGTTATGAGGACAGCCTCTATGGCTACACCTTCGGTTCG"	FALSE	TRUE	NA	NA	NA	NA
"GAGCTTGGTGACTCTGCTGTGTATTTCTGTGCCAGCAGCTCAAACCGGATAAGCGGGAGGGCCGCCGGCGAGCAGTACTTCGGGCCG"	"CASSSNRISGRAAGEQYF"	"GAGCTTGGTGACTCTGCTGTGTATTTCTGTGCCAGCAGCTCAAACCGGATAAGCGGGAGGGCCGCCGGCGAGCAGTACTTCGGGCCG"	"CASSSNRISGRAAGEQYF"	"TCRBV3-1/3-2*1"	"TCRBD2-1*2"	"TCRBJ2-7*1"	39	51	61	68	12	7	NA	NA	"GAGCTTGGTGACTCTGCTGTGTATTTCTGTGCCAGCAGCTCAAACCGGATAAGCGGGAGGGCCGCCGGCGAGCAGTACTTCGGGCCG"	FALSE	TRUE	NA	NA	NA	NA
"CTTCACATCAATTCCCTGGAGCTTGGTGACTCTGCTGTGTATTTCTGTGCCAGCAGACCCGGGGCGGGGGGCTACACCTTCGGTTCG"	"CASRPGAGGYTF"	"CTTCACATCAATTCCCTGGAGCTTGGTGACTCTGCTGTGTATTTCTGTGCCAGCAGACCCGGGGCGGGGGGCTACACCTTCGGTTCG"	"CASRPGAGGYTF"	"TCRBV3-1/3-2*1"	"TCRBD2-1*1"	"TCRBJ1-2*1"	56	63	-1	69	7	70	NA	NA	"CTTCACATCAATTCCCTGGAGCTTGGTGACTCTGCTGTGTATTTCTGTGCCAGCAGACCCGGGGCGGGGGGCTACACCTTCGGTTCG"	FALSE	TRUE	NA	NA	NA	NA
"ACCTTGGAGCTGGGGGACTCGGCCCTTTATCTTTGCGCCAGCAGCTTGGAGGCTCAGGGGAGCAATCAGCCCCAGCATTTTGGTGAT"	"CASSLEAQGSNQPQHF"	"ACCTTGGAGCTGGGGGACTCGGCCCTTTATCTTTGCGCCAGCAGCTTGGAGGCTCAGGGGAGCAATCAGCCCCAGCATTTTGGTGAT"	"CASSLEAQGSNQPQHF"	"TCRBV5-1*1"	"TCRBD1-1*1"	"TCRBJ1-5*1"	49	54	-1	60	5	61	NA	NA	"ACCTTGGAGCTGGGGGACTCGGCCCTTTATCTTTGCGCCAGCAGCTTGGAGGCTCAGGGGAGCAATCAGCCCCAGCATTTTGGTGAT"	FALSE	TRUE	NA	NA	NA	NA
"ACGATTCAGCGCACAGAGCAGGAGGACTCGGCCGTGTATCTCTGTGCCAGCAGCTTAGTGACCTCGTCCGAGCAGTACTTCGGGCCG"	"CASSLVTSSEQYF"	"ACGATTCAGCGCACAGAGCAGGAGGACTCGGCCGTGTATCTCTGTGCCAGCAGCTTAGTGACCTCGTCCGAGCAGTACTTCGGGCCG"	"CASSLVTSSEQYF"	"TCRBV7-2"	NA	"TCRBJ2-7*1"	58	59	62	68	1	6	NA	NA	"ACGATTCAGCGCACAGAGCAGGAGGACTCGGCCGTGTATCTCTGTGCCAGCAGCTTAGTGACCTCGTCCGAGCAGTACTTCGGGCCG"	FALSE	TRUE	NA	NA	NA	NA
"AAGAAGCTCCTTCTCAGTGACTCTGGCTTCTATCTCTGTGCCTGGAGTCGACCGGGACTAGTGGTGCACGAGCAGTACTTCGGGCCG"	"CAWSRPGLVVHEQYF"	"AAGAAGCTCCTTCTCAGTGACTCTGGCTTCTATCTCTGTGCCTGGAGTCGACCGGGACTAGTGGTGCACGAGCAGTACTTCGGGCCG"	"CAWSRPGLVVHEQYF"	"TCRBV3-1*1"	"TCRBD2-1"	"TCRBJ2-7*1"	48	53	61	67	5	6	NA	NA	"AAGAAGCTCCTTCTCAGTGACTCTGGCTTCTATCTCTGTGCCTGGAGTCGACCGGGACTAGTGGTGCACGAGCAGTACTTCGGGCCG"	FALSE	TRUE	NA	NA	NA	NA
"CTGACTGTGAGCAACATGAGCCCTGAAGACAGCAGCATATATCTCTGCAGCGTTGTAGGGAGCTCCTACGAGCAGTACTTCGGGCCG"	"CSVVGSSYEQYF"	"CTGACTGTGAGCAACATGAGCCCTGAAGACAGCAGCATATATCTCTGCAGCGTTGTAGGGAGCTCCTACGAGCAGTACTTCGGGCCG"	"CSVVGSSYEQYF"	"TCRBV29-1"	"TCRBD2-1*2"	"TCRBJ2-7*1"	55	57	-1	62	2	63	NA	NA	"CTGACTGTGAGCAACATGAGCCCTGAAGACAGCAGCATATATCTCTGCAGCGTTGTAGGGAGCTCCTACGAGCAGTACTTCGGGCCG"	FALSE	TRUE	NA	NA	NA	NA
"GAACTAAACCTGAGCTCTCTGGAGCTGGGGGACTCAGCTTTGTATTTCTGTGCCACTAAAAGGTCCGGGGAGCTGTTTTTTGGAGAA"	"CATKRSGELFF"	"GAACTAAACCTGAGCTCTCTGGAGCTGGGGGACTCAGCTTTGTATTTCTGTGCCACTAAAAGGTCCGGGGAGCTGTTTTTTGGAGAA"	"CATKRSGELFF"	"TCRBV9-1*1"	NA	"TCRBJ2-2*1"	55	60	63	64	5	1	NA	NA	"GAACTAAACCTGAGCTCTCTGGAGCTGGGGGACTCAGCTTTGTATTTCTGTGCCACTAAAAGGTCCGGGGAGCTGTTTTTTGGAGAA"	FALSE	TRUE	NA	NA	NA	NA
"GCCCTCAGAACCCAGGGACTCAGCTGTGTACTTCTGTGCCAGCATCTGGCCCTAGCGGGAGTTTCTGAGACCCAGTACTTCGGGCCA"	""	"GCCCTCAGAACCCAGGGACTCAGCTGTGTACTTCTGTGCCAGCATCTGGCCCTAGCGGGAGTTTCTGAGACCCAGTACTTCGGGCCA"	""	NA	"TCRBD2-1*2"	"TCRBJ2-5*1"	44	51	61	66	7	5	NA	NA	"GCCCTCAGAACCCAGGGACTCAGCTGTGTACTTCTGTGCCAGCATCTGGCCCTAGCGGGAGTTTCTGAGACCCAGTACTTCGGGCCA"	FALSE	FALSE	NA	NA	NA	NA
"ACGCCTTGTTGCTAGGGGACTCGGCCCTCTATCTCTGTGCCAGCACCCGAGTTGCTAGCGGGAGAAAATGAGCAGTTCTTCGGGCCA"	""	"ACGCCTTGTTGCTAGGGGACTCGGCCCTCTATCTCTGTGCCAGCACCCGAGTTGCTAGCGGGAGAAAATGAGCAGTTCTTCGGGCCA"	""	"TCRBV5-7*1"	"TCRBD2-1*2"	"TCRBJ2-1*1"	45	54	64	66	9	2	NA	NA	"ACGCCTTGTTGCTAGGGGACTCGGCCCTCTATCTCTGTGCCAGCACCCGAGTTGCTAGCGGGAGAAAATGAGCAGTTCTTCGGGCCA"	FALSE	FALSE	NA	NA	NA	NA
"AGCACCTTGGAGCTGGGGGACTCGGCCCTTTATCTTTGCGCCAGCAGCTTGTTAACTAGCGGATACAATGAGCAGTTCTTCGGGCCA"	"CASSLLTSGYNEQFF"	"AGCACCTTGGAGCTGGGGGACTCGGCCCTTTATCTTTGCGCCAGCAGCTTGTTAACTAGCGGATACAATGAGCAGTTCTTCGGGCCA"	"CASSLLTSGYNEQFF"	"TCRBV5-1*1"	"TCRBD2-1"	"TCRBJ2-1*1"	51	54	62	63	3	1	NA	NA	"AGCACCTTGGAGCTGGGGGACTCGGCCCTTTATCTTTGCGCCAGCAGCTTGTTAACTAGCGGATACAATGAGCAGTTCTTCGGGCCA"	FALSE	TRUE	NA	NA	NA	NA
"CGCACAGAGCGGGGGGACTCAGCCGTGTATCTCTGTGCCAGCAGCTTAAAGGGCACTAGCGGGAGCCATGAGCAGTTCTTCGGGCCA"	"CASSLKGTSGSHEQFF"	"CGCACAGAGCGGGGGGACTCAGCCGTGTATCTCTGTGCCAGCAGCTTAAAGGGCACTAGCGGGAGCCATGAGCAGTTCTTCGGGCCA"	"CASSLKGTSGSHEQFF"	"TCRBV7-3*1"	"TCRBD2-1*2"	"TCRBJ2-1*1"	49	54	65	67	5	2	NA	NA	"CGCACAGAGCGGGGGGACTCAGCCGTGTATCTCTGTGCCAGCAGCTTAAAGGGCACTAGCGGGAGCCATGAGCAGTTCTTCGGGCCA"	FALSE	TRUE	NA	NA	NA	NA
"NNNNTGTCGGCTGCTCCCTCCCAGACATCTGTGTACTTCTGTGCCAGCAGTGAAACAATCGGGAGAGATACGCAGTATTTTGGCCCA"	"CASSETIGRDTQYF"	"NNNNTGTCGGCTGCTCCCTCCCAGACATCTGTGTACTTCTGTGCCAGCAGTGAAACAATCGGGAGAGATACGCAGTATTTTGGCCCA"	"CASSETIGRDTQYF"	"TCRBV6-1*1"	"TCRBD2-1*2"	"TCRBJ2-3*1"	54	59	-1	65	5	66	NA	NA	"NNNNTGTCGGCTGCTCCCTCCCAGACATCTGTGTACTTCTGTGCCAGCAGTGAAACAATCGGGAGAGATACGCAGTATTTTGGCCCA"	FALSE	TRUE	NA	NA	NA	NA
"AGCACCTTGGAGCTGGGGGACTCGGCCCTTTATCTTTGCGCCAGCAGCTTGGGACAGGGGATTTTCTACGAGCAGTACTTCGGGCCG"	"CASSLGQGIFYEQYF"	"AGCACCTTGGAGCTGGGGGACTCGGCCCTTTATCTTTGCGCCAGCAGCTTGGGACAGGGGATTTTCTACGAGCAGTACTTCGGGCCG"	"CASSLGQGIFYEQYF"	"TCRBV5-1*1"	"TCRBD1-1*1"	"TCRBJ2-7*1"	-1	52	60	65	53	5	NA	NA	"AGCACCTTGGAGCTGGGGGACTCGGCCCTTTATCTTTGCGCCAGCAGCTTGGGACAGGGGATTTTCTACGAGCAGTACTTCGGGCCG"	FALSE	TRUE	NA	NA	NA	NA
"CAGCGCACAGAGCAGCGGGACTCGGCCATGTATCGCTGTGCCAGCAGCCGTGGGGCGGGAGGGTCAGATACGCAGTATTTTGGCCCA"	"CASSRGAGGSDTQYF"	"CAGCGCACAGAGCAGCGGGACTCGGCCATGTATCGCTGTGCCAGCAGCCGTGGGGCGGGAGGGTCAGATACGCAGTATTTTGGCCCA"	"CASSRGAGGSDTQYF"	"TCRBV7-6*1"	"TCRBD2-1*2"	"TCRBJ2-3*1"	48	54	63	64	6	1	NA	NA	"CAGCGCACAGAGCAGCGGGACTCGGCCATGTATCGCTGTGCCAGCAGCCGTGGGGCGGGAGGGTCAGATACGCAGTATTTTGGCCCA"	FALSE	TRUE	NA	NA	NA	NA
"ATCCGGTCCACAAAGCTGGAGGACTCAGCCATGTACTTCTGTGCCAGCAGGGCAGGGATCACTAATGAAAAACTGTTTTTTGGCAGT"	"CASRAGITNEKLFF"	"ATCCGGTCCACAAAGCTGGAGGACTCAGCCATGTACTTCTGTGCCAGCAGGGCAGGGATCACTAATGAAAAACTGTTTTTTGGCAGT"	"CASRAGITNEKLFF"	"TCRBV2-1"	"TCRBD1-1*1"	"TCRBJ1-4*1"	50	52	57	60	2	3	NA	NA	"ATCCGGTCCACAAAGCTGGAGGACTCAGCCATGTACTTCTGTGCCAGCAGGGCAGGGATCACTAATGAAAAACTGTTTTTTGGCAGT"	FALSE	TRUE	NA	NA	NA	NA
"ATCCAGCGCACACAGCAGGAGGACTCGGCCGTGTATCTCTGTGCCAGCAGCTTAGGTTCACAAAACAATGAGCAGTTCTTCGGGCCA"	"CASSLGSQNNEQFF"	"ATCCAGCGCACACAGCAGGAGGACTCGGCCGTGTATCTCTGTGCCAGCAGCTTAGGTTCACAAAACAATGAGCAGTTCTTCGGGCCA"	"CASSLGSQNNEQFF"	"TCRBV7-2"	"TCRBD1-1*1"	"TCRBJ2-1*1"	55	59	62	64	4	2	NA	NA	"ATCCAGCGCACACAGCAGGAGGACTCGGCCGTGTATCTCTGTGCCAGCAGCTTAGGTTCACAAAACAATGAGCAGTTCTTCGGGCCA"	FALSE	TRUE	NA	NA	NA	NA
"TTGGCGTCTGCTGTACCCTCTCAGACATCTGTGTACTTCTGTGCCAGCAGTGAATCAGGAGGGACAGATACGCAGTATTTTGGCCCA"	"CASSESGGTDTQYF"	"TTGGCGTCTGCTGTACCCTCTCAGACATCTGTGTACTTCTGTGCCAGCAGTGAATCAGGAGGGACAGATACGCAGTATTTTGGCCCA"	"CASSESGGTDTQYF"	"TCRBV6-4*1"	"TCRBD2-1*2"	"TCRBJ2-3*1"	53	57	-1	63	4	64	NA	NA	"TTGGCGTCTGCTGTACCCTCTCAGACATCTGTGTACTTCTGTGCCAGCAGTGAATCAGGAGGGACAGATACGCAGTATTTTGGCCCA"	FALSE	TRUE	NA	NA	NA	NA
"GTGACATCGGCCCAAAAGAACCCGACAGCTTTCTATCTCTGTGCCAGTAGTATAGTCGGGTTTGAGTACGAGCAGTACTTCGGGCCG"	"CASSIVGFEYEQYF"	"GTGACATCGGCCCAAAAGAACCCGACAGCTTTCTATCTCTGTGCCAGTAGTATAGTCGGGTTTGAGTACGAGCAGTACTTCGGGCCG"	"CASSIVGFEYEQYF"	"TCRBV19-1*1"	"TCRBD2-1"	"TCRBJ2-7*1"	55	56	60	66	1	6	NA	NA	"GTGACATCGGCCCAAAAGAACCCGACAGCTTTCTATCTCTGTGCCAGTAGTATAGTCGGGTTTGAGTACGAGCAGTACTTCGGGCCG"	FALSE	TRUE	NA	NA	NA	NA
"TCTGCCAGGCCCTCACATACCTCTCAGTACCTCTGTGCCAGCAGTGAATTGGTAGGACGACCCCCCAATGAGCAGTTCTTCGGGCCA"	"CASSELVGRPPNEQFF"	"TCTGCCAGGCCCTCACATACCTCTCAGTACCTCTGTGCCAGCAGTGAATTGGTAGGACGACCCCCCAATGAGCAGTTCTTCGGGCCA"	"CASSELVGRPPNEQFF"	"TCRBV25-1*1"	NA	"TCRBJ2-1*1"	49	54	58	65	5	7	NA	NA	"TCTGCCAGGCCCTCACATACCTCTCAGTACCTCTGTGCCAGCAGTGAATTGGTAGGACGACCCCCCAATGAGCAGTTCTTCGGGCCA"	FALSE	TRUE	NA	NA	NA	NA
"AGCACCTTGGAGCTGGGGGACTCGGCCCTTTATCTTTGCGCCAGCAGCAGAGAAGGGACAGGGTCCTACGAGCAGTACTTCGGGCCG"	"CASSREGTGSYEQYF"	"AGCACCTTGGAGCTGGGGGACTCGGCCCTTTATCTTTGCGCCAGCAGCAGAGAAGGGACAGGGTCCTACGAGCAGTACTTCGGGCCG"	"CASSREGTGSYEQYF"	"TCRBV5-1*1"	"TCRBD1-1*1"	"TCRBJ2-7*1"	48	54	-1	63	6	64	NA	NA	"AGCACCTTGGAGCTGGGGGACTCGGCCCTTTATCTTTGCGCCAGCAGCAGAGAAGGGACAGGGTCCTACGAGCAGTACTTCGGGCCG"	FALSE	TRUE	NA	NA	NA	NA
"CAGCCTGCAAAGCTTGAGGACTCGGCCGTGTATCTCTGTGCCAGCAGCTCCCCTAGTGGATCCTACAATGAGCAGTTCTTCGGGCCA"	"CASSSPSGSYNEQFF"	"CAGCCTGCAAAGCTTGAGGACTCGGCCGTGTATCTCTGTGCCAGCAGCTCCCCTAGTGGATCCTACAATGAGCAGTTCTTCGGGCCA"	"CASSSPSGSYNEQFF"	"TCRBV11-2*1"	"TCRBD2-1"	"TCRBJ2-1*1"	49	52	56	60	3	4	NA	NA	"CAGCCTGCAAAGCTTGAGGACTCGGCCGTGTATCTCTGTGCCAGCAGCTCCCCTAGTGGATCCTACAATGAGCAGTTCTTCGGGCCA"	FALSE	TRUE	NA	NA	NA	NA
"GAGTCCGCCAGCACCAACCAGACATCTATGTACCTCTGTGCCAGCAGCACCCTAGCGGGAGGGTACAATGAGCAGTTCTTCGGGCCA"	"CASSTLAGGYNEQFF"	"GAGTCCGCCAGCACCAACCAGACATCTATGTACCTCTGTGCCAGCAGCACCCTAGCGGGAGGGTACAATGAGCAGTTCTTCGGGCCA"	"CASSTLAGGYNEQFF"	"TCRBV28-1*1"	"TCRBD2-1*2"	"TCRBJ2-1*1"	47	51	-1	63	4	64	NA	NA	"GAGTCCGCCAGCACCAACCAGACATCTATGTACCTCTGTGCCAGCAGCACCCTAGCGGGAGGGTACAATGAGCAGTTCTTCGGGCCA"	FALSE	TRUE	NA	NA	NA	NA
"CCCCTGATCCTGGAGTCGCCCAGCCCCAACCAGACCTCTCTGTACTTCTGTGCCAGCAGTTCTACCTACGAGCAGTACTTCGGGCCG"	"CASSSTYEQYF"	"CCCCTGATCCTGGAGTCGCCCAGCCCCAACCAGACCTCTCTGTACTTCTGTGCCAGCAGTTCTACCTACGAGCAGTACTTCGGGCCG"	"CASSSTYEQYF"	"TCRBV27-1*1"	"TCRBD2-1"	"TCRBJ2-7*1"	-1	61	-1	64	62	65	NA	NA	"CCCCTGATCCTGGAGTCGCCCAGCCCCAACCAGACCTCTCTGTACTTCTGTGCCAGCAGTTCTACCTACGAGCAGTACTTCGGGCCG"	FALSE	TRUE	NA	NA	NA	NA
"GTGACCAGTGCCCATCCTGAAGACAGCAGCTTCTACATCTGCAGTGCTTCACCGGGACTAGCGGGAGTCGAGCAGTTCTTCGGGCCA"	"CSASPGLAGVEQFF"	"GTGACCAGTGCCCATCCTGAAGACAGCAGCTTCTACATCTGCAGTGCTTCACCGGGACTAGCGGGAGTCGAGCAGTTCTTCGGGCCA"	"CSASPGLAGVEQFF"	NA	"TCRBD2-1*2"	"TCRBJ2-1*1"	48	53	67	69	5	2	NA	NA	"GTGACCAGTGCCCATCCTGAAGACAGCAGCTTCTACATCTGCAGTGCTTCACCGGGACTAGCGGGAGTCGAGCAGTTCTTCGGGCCA"	FALSE	TRUE	NA	NA	NA	NA
"CCTGCAAAGCTTGAGGACTCGGCCGTGTATCTCTGTGCCAGCAGCTTAGGACTAGCGGGGGGTCAAGAGACCCAGTACTTCGGGCCA"	"CASSLGLAGGQETQYF"	"CCTGCAAAGCTTGAGGACTCGGCCGTGTATCTCTGTGCCAGCAGCTTAGGACTAGCGGGGGGTCAAGAGACCCAGTACTTCGGGCCA"	"CASSLGLAGGQETQYF"	"TCRBV11-2"	"TCRBD2-1*1"	"TCRBJ2-5*1"	-1	49	62	63	50	1	NA	NA	"CCTGCAAAGCTTGAGGACTCGGCCGTGTATCTCTGTGCCAGCAGCTTAGGACTAGCGGGGGGTCAAGAGACCCAGTACTTCGGGCCA"	FALSE	TRUE	NA	NA	NA	NA
"GATCCAGCCTGCAAAGCTTGAGGACTCGGCCGTGTATCTCTGTGCCAGCAGCTTAGAGGGGTATTCCATGGCTACACCTTCGGTTCG"	""	"GATCCAGCCTGCAAAGCTTGAGGACTCGGCCGTGTATCTCTGTGCCAGCAGCTTAGAGGGGTATTCCATGGCTACACCTTCGGTTCG"	""	"TCRBV11-2*1"	NA	"TCRBJ1-2*1"	-1	57	61	67	58	6	NA	NA	"GATCCAGCCTGCAAAGCTTGAGGACTCGGCCGTGTATCTCTGTGCCAGCAGCTTAGAGGGGTATTCCATGGCTACACCTTCGGTTCG"	FALSE	FALSE	NA	NA	NA	NA
"GAGCTTGGTGACTCTGCTGTGTATTTCTGTGCCAGCAGCCAACGCCCGGGGGGCGGGGGGAGCACAGATACGCAGTATTTTGGCCCA"	"CASSQRPGGGGSTDTQYF"	"GAGCTTGGTGACTCTGCTGTGTATTTCTGTGCCAGCAGCCAACGCCCGGGGGGCGGGGGGAGCACAGATACGCAGTATTTTGGCCCA"	"CASSQRPGGGGSTDTQYF"	"TCRBV3-1/3-2*1"	"TCRBD2-1*1"	"TCRBJ2-3*1"	42	52	-1	60	10	61	NA	NA	"GAGCTTGGTGACTCTGCTGTGTATTTCTGTGCCAGCAGCCAACGCCCGGGGGGCGGGGGGAGCACAGATACGCAGTATTTTGGCCCA"	FALSE	TRUE	NA	NA	NA	NA
"CACAGCACTGTATTTCTGTGCCAGCAACATTCAAACCGGGCTACGACAGGGTTTCTTGCTGGGGCCAACGTCCTGACTTTCGGGGCC"	""	"CACAGCACTGTATTTCTGTGCCAGCAACATTCAAACCGGGCTACGACAGGGTTTCTTGCTGGGGCCAACGTCCTGACTTTCGGGGCC"	""	"TCRBV21-1*1"	"TCRBD1-1*1"	"TCRBJ2-6*1"	26	44	51	58	18	7	NA	NA	"CACAGCACTGTATTTCTGTGCCAGCAACATTCAAACCGGGCTACGACAGGGTTTCTTGCTGGGGCCAACGTCCTGACTTTCGGGGCC"	FALSE	FALSE	NA	NA	NA	NA
"ACAGTGACCAGTGCCCATCCTGAAGACAGCAGCTTCTACATCTGCAGTGCTAGTGGGGACAGCGACTACGAGCAGTACTTCGGGCCG"	"CSASGDSDYEQYF"	"ACAGTGACCAGTGCCCATCCTGAAGACAGCAGCTTCTACATCTGCAGTGCTAGTGGGGACAGCGACTACGAGCAGTACTTCGGGCCG"	"CSASGDSDYEQYF"	"TCRBV2-1*4"	"TCRBD1-1*1"	"TCRBJ2-7*1"	-1	55	62	65	56	3	NA	NA	"ACAGTGACCAGTGCCCATCCTGAAGACAGCAGCTTCTACATCTGCAGTGCTAGTGGGGACAGCGACTACGAGCAGTACTTCGGGCCG"	FALSE	TRUE	NA	NA	NA	NA
"TCTAAGAAGCTCCTTCTCAGTGACTCTGGCTTCTATCTCTGTGCCTGGAATCTGGACAGGGGGATTTACGAGCAGTACTTCGGGCCG"	"CAWNLDRGIYEQYF"	"TCTAAGAAGCTCCTTCTCAGTGACTCTGGCTTCTATCTCTGTGCCTGGAATCTGGACAGGGGGATTTACGAGCAGTACTTCGGGCCG"	"CAWNLDRGIYEQYF"	"TCRBV3-1*1"	"TCRBD1-1*1"	"TCRBJ2-7*1"	49	53	63	66	4	3	NA	NA	"TCTAAGAAGCTCCTTCTCAGTGACTCTGGCTTCTATCTCTGTGCCTGGAATCTGGACAGGGGGATTTACGAGCAGTACTTCGGGCCG"	FALSE	TRUE	NA	NA	NA	NA
"AGCACCTTGGAGCTGGGGGACTCGGCCCTTTATCTTTGCGCCAGCAGCTCCGGACAGAAAACTAATGAAAAACTGTTTTTTGGCAGT"	"CASSSGQKTNEKLFF"	"AGCACCTTGGAGCTGGGGGACTCGGCCCTTTATCTTTGCGCCAGCAGCTCCGGACAGAAAACTAATGAAAAACTGTTTTTTGGCAGT"	"CASSSGQKTNEKLFF"	"TCRBV5-1*1"	"TCRBD1-1*1"	"TCRBJ1-4*1"	49	51	57	59	2	2	NA	NA	"AGCACCTTGGAGCTGGGGGACTCGGCCCTTTATCTTTGCGCCAGCAGCTCCGGACAGAAAACTAATGAAAAACTGTTTTTTGGCAGT"	FALSE	TRUE	NA	NA	NA	NA
"GCCCTGCAGCCAGAAGACTCAGCCCTGTATCTCTGCGCCAGCAGCCAAGACCCAGGGGGCCGGATCTATGGCTACACCTTCGGTTCG"	"CASSQDPGGRIYGYTF"	"GCCCTGCAGCCAGAAGACTCAGCCCTGTATCTCTGCGCCAGCAGCCAAGACCCAGGGGGCCGGATCTATGGCTACACCTTCGGTTCG"	"CASSQDPGGRIYGYTF"	"TCRBV4-1*1"	"TCRBD1-1*1"	"TCRBJ1-2*1"	50	52	60	65	2	5	NA	NA	"GCCCTGCAGCCAGAAGACTCAGCCCTGTATCTCTGCGCCAGCAGCCAAGACCCAGGGGGCCGGATCTATGGCTACACCTTCGGTTCG"	FALSE	TRUE	NA	NA	NA	NA
"GAGGACTCCGCCGTGTATCTCTGTGCCAGCAGCTTAGTTCCCCCTAGCGGGAGGGCCTTCAAGAACGGGGAGCTGTTTTTTGGAGAA"	"CASSLVPPSGRAFKNGELFF"	"GAGGACTCCGCCGTGTATCTCTGTGCCAGCAGCTTAGTTCCCCCTAGCGGGAGGGCCTTCAAGAACGGGGAGCTGTTTTTTGGAGAA"	"CASSLVPPSGRAFKNGELFF"	"TCRBV7-8"	"TCRBD2-1*2"	"TCRBJ2-2*1"	37	43	55	65	6	10	NA	NA	"GAGGACTCCGCCGTGTATCTCTGTGCCAGCAGCTTAGTTCCCCCTAGCGGGAGGGCCTTCAAGAACGGGGAGCTGTTTTTTGGAGAA"	FALSE	TRUE	NA	NA	NA	NA
"CTGAAGATCCGGTCCACAAAGCTGGAGGACTCAGCCATGTACTTCTGTGCCAGCGGGAGCTTCTACAATGAGCAGTTCTTCGGGCCA"	"CASGSFYNEQFF"	"CTGAAGATCCGGTCCACAAAGCTGGAGGACTCAGCCATGTACTTCTGTGCCAGCGGGAGCTTCTACAATGAGCAGTTCTTCGGGCCA"	"CASGSFYNEQFF"	"TCRBV2-1"	"TCRBD2-1*2"	"TCRBJ2-1*1"	-1	54	59	62	55	3	NA	NA	"CTGAAGATCCGGTCCACAAAGCTGGAGGACTCAGCCATGTACTTCTGTGCCAGCGGGAGCTTCTACAATGAGCAGTTCTTCGGGCCA"	FALSE	TRUE	NA	NA	NA	NA
"ACTTCTGTGCCATCAGTGAGTTAGGGTTGTTTGGAAATAGACAGGGACGTGCCTTGGGCCCTACAAGAGACCCAGTACTTCGGGCCA"	""	"ACTTCTGTGCCATCAGTGAGTTAGGGTTGTTTGGAAATAGACAGGGACGTGCCTTGGGCCCTACAAGAGACCCAGTACTTCGGGCCA"	""	"TCRBV1-3*1"	"TCRBD1-1*1"	"TCRBJ2-5*1"	21	39	46	63	18	17	NA	NA	"ACTTCTGTGCCATCAGTGAGTTAGGGTTGTTTGGAAATAGACAGGGACGTGCCTTGGGCCCTACAAGAGACCCAGTACTTCGGGCCA"	FALSE	FALSE	NA	NA	NA	NA
"GCTGCTCCCTCCCAGACATCTGTGTACTTCTGTGCCAGCAGACCCCGCGGTAGGACAGTGAGGACCTACGAGCAGTACTTCGGGCCG"	"CASRPRGRTVRTYEQYF"	"GCTGCTCCCTCCCAGACATCTGTGTACTTCTGTGCCAGCAGACCCCGCGGTAGGACAGTGAGGACCTACGAGCAGTACTTCGGGCCG"	"CASRPRGRTVRTYEQYF"	NA	"TCRBD1-1*1"	"TCRBJ2-7*1"	41	52	58	64	11	6	NA	NA	"GCTGCTCCCTCCCAGACATCTGTGTACTTCTGTGCCAGCAGACCCCGCGGTAGGACAGTGAGGACCTACGAGCAGTACTTCGGGCCG"	FALSE	TRUE	NA	NA	NA	NA
"NTGTCGGCTGCTCCCTCCCAGACATCTGTGTACTTCTGTGCCAGCAGTGAGGAACTAGCGGGAGGGAGTGAGCAGTTCTTCGGGCCA"	"CASSEELAGGSEQFF"	"NTGTCGGCTGCTCCCTCCCAGACATCTGTGTACTTCTGTGCCAGCAGTGAGGAACTAGCGGGAGGGAGTGAGCAGTTCTTCGGGCCA"	"CASSEELAGGSEQFF"	"TCRBV6-1*1"	"TCRBD2-1*2"	"TCRBJ2-1*1"	50	53	66	68	3	2	NA	NA	"NTGTCGGCTGCTCCCTCCCAGACATCTGTGTACTTCTGTGCCAGCAGTGAGGAACTAGCGGGAGGGAGTGAGCAGTTCTTCGGGCCA"	FALSE	TRUE	NA	NA	NA	NA
"ACAGAGCAGGGGGACTCGGCCATGTATCTCTGTGCCAGCAGCTTAGCGACTAGCGGGACACGCACAGATACGCAGTATTTTGGCCCA"	"CASSLATSGTRTDTQYF"	"ACAGAGCAGGGGGACTCGGCCATGTATCTCTGTGCCAGCAGCTTAGCGACTAGCGGGACACGCACAGATACGCAGTATTTTGGCCCA"	"CASSLATSGTRTDTQYF"	"TCRBV7-9*1"	"TCRBD2-1*2"	"TCRBJ2-3*1"	-1	47	58	61	48	3	NA	NA	"ACAGAGCAGGGGGACTCGGCCATGTATCTCTGTGCCAGCAGCTTAGCGACTAGCGGGACACGCACAGATACGCAGTATTTTGGCCCA"	FALSE	TRUE	NA	NA	NA	NA
"CCCCTGATCCTGGAGTCGCCCAGCCCCAACCAGACCTCTCTGTACTTCTGTGCCAGCATAGTGGGTCGTACGCAGTATTTTGGCCCA"	"CASIVGRTQYF"	"CCCCTGATCCTGGAGTCGCCCAGCCCCAACCAGACCTCTCTGTACTTCTGTGCCAGCATAGTGGGTCGTACGCAGTATTTTGGCCCA"	"CASIVGRTQYF"	"TCRBV27-1*1"	NA	"TCRBJ2-3*1"	58	62	65	68	4	3	NA	NA	"CCCCTGATCCTGGAGTCGCCCAGCCCCAACCAGACCTCTCTGTACTTCTGTGCCAGCATAGTGGGTCGTACGCAGTATTTTGGCCCA"	FALSE	TRUE	NA	NA	NA	NA
"GAGTCTGCCAGGCCCTCACATACCTCTCAGTACCTCTGTGCCAGCAGTGGAGCGGAGCGAAGGGCCGGGGAGCTGTTTTTTGGAGAA"	"CASSGAERRAGELFF"	"GAGTCTGCCAGGCCCTCACATACCTCTCAGTACCTCTGTGCCAGCAGTGGAGCGGAGCGAAGGGCCGGGGAGCTGTTTTTTGGAGAA"	"CASSGAERRAGELFF"	"TCRBV25-1*1"	"TCRBD2-1"	"TCRBJ2-2*1"	49	50	55	64	1	9	NA	NA	"GAGTCTGCCAGGCCCTCACATACCTCTCAGTACCTCTGTGCCAGCAGTGGAGCGGAGCGAAGGGCCGGGGAGCTGTTTTTTGGAGAA"	FALSE	TRUE	NA	NA	NA	NA
"GCACCTTGGAGCTGGGGGACTCGGCCCTTTATCTTTGCGCCAGCAGCCCGGATGGGGTATTGCACAGATACGCAGTATTTTGGCCCA"	""	"GCACCTTGGAGCTGGGGGACTCGGCCCTTTATCTTTGCGCCAGCAGCCCGGATGGGGTATTGCACAGATACGCAGTATTTTGGCCCA"	""	"TCRBV5-1*1"	NA	"TCRBJ2-3*1"	47	53	57	61	6	4	NA	NA	"GCACCTTGGAGCTGGGGGACTCGGCCCTTTATCTTTGCGCCAGCAGCCCGGATGGGGTATTGCACAGATACGCAGTATTTTGGCCCA"	FALSE	FALSE	NA	NA	NA	NA
"ATCCAGCGCACAGAGCGGGGGGACTCAGCCGTGTATCTCTGTGCCAGCAGAGGACAGCCGAACACCGGGGAGCTGTTTTTTGGAGAA"	"CASRGQPNTGELFF"	"ATCCAGCGCACAGAGCGGGGGGACTCAGCCGTGTATCTCTGTGCCAGCAGAGGACAGCCGAACACCGGGGAGCTGTTTTTTGGAGAA"	"CASRGQPNTGELFF"	"TCRBV7-3*1"	"TCRBD1-1*1"	"TCRBJ2-2*1"	50	51	57	58	1	1	NA	NA	"ATCCAGCGCACAGAGCGGGGGGACTCAGCCGTGTATCTCTGTGCCAGCAGAGGACAGCCGAACACCGGGGAGCTGTTTTTTGGAGAA"	FALSE	TRUE	NA	NA	NA	NA
"CAAAAGAACCCGACAGCTTTCTATCTCTGTGCCAGTAGGGCTCGGGGGCAGAAGTAAACAACTAATGAAAAACTGTTTTTTGGCAGT"	"CASRARGQK*TTNEKLFF"	"CAAAAGAACCCGACAGCTTTCTATCTCTGTGCCAGTAGGGCTCGGGGGCAGAAGTAAACAACTAATGAAAAACTGTTTTTTGGCAGT"	"CASRARGQK*TTNEKLFF"	"TCRBV19-1*1"	NA	"TCRBJ1-4*1"	38	43	49	58	5	9	NA	NA	"CAAAAGAACCCGACAGCTTTCTATCTCTGTGCCAGTAGGGCTCGGGGGCAGAAGTAAACAACTAATGAAAAACTGTTTTTTGGCAGT"	FALSE	TRUE	NA	NA	NA	NA
"GGCGTCTGCTGTACCCTCTCAGACATCTGTGTACTTCTGTGCCAACCGTTCGGGGACAGGTTCACAGATACGCAGTATTTTGGCCCA"	""	"GGCGTCTGCTGTACCCTCTCAGACATCTGTGTACTTCTGTGCCAACCGTTCGGGGACAGGTTCACAGATACGCAGTATTTTGGCCCA"	""	"TCRBV6-4*1"	"TCRBD1-1*1"	"TCRBJ2-3*1"	44	52	60	62	8	2	NA	NA	"GGCGTCTGCTGTACCCTCTCAGACATCTGTGTACTTCTGTGCCAACCGTTCGGGGACAGGTTCACAGATACGCAGTATTTTGGCCCA"	FALSE	FALSE	NA	NA	NA	NA
"NNNNTGTCGGCTGCTCCCTCCCAGACATCTGTGTACTTCTGTGCCAGCAGTTACTCGGCGGGGCGCACTGAAGCTTTCTTTGGACAA"	"CASSYSAGRTEAFF"	"NNNNTGTCGGCTGCTCCCTCCCAGACATCTGTGTACTTCTGTGCCAGCAGTTACTCGGCGGGGCGCACTGAAGCTTTCTTTGGACAA"	"CASSYSAGRTEAFF"	"TCRBV6-5*1"	"TCRBD2-1*1"	"TCRBJ1-1*1"	56	57	63	65	1	2	NA	NA	"NNNNTGTCGGCTGCTCCCTCCCAGACATCTGTGTACTTCTGTGCCAGCAGTTACTCGGCGGGGCGCACTGAAGCTTTCTTTGGACAA"	FALSE	TRUE	NA	NA	NA	NA
"AAGATCCAGCCTGCAGAGCTTGGGGACTCGGCCGTGTATCTCTGTGCCAGCAGCTCCGGTTTTCTCACTGAAGCTTTCTTTGGACAA"	"CASSSGFLTEAFF"	"AAGATCCAGCCTGCAGAGCTTGGGGACTCGGCCGTGTATCTCTGTGCCAGCAGCTCCGGTTTTCTCACTGAAGCTTTCTTTGGACAA"	"CASSSGFLTEAFF"	"TCRBV11-3*1"	"TCRBD2-1"	"TCRBJ1-1*1"	55	56	59	65	1	6	NA	NA	"AAGATCCAGCCTGCAGAGCTTGGGGACTCGGCCGTGTATCTCTGTGCCAGCAGCTCCGGTTTTCTCACTGAAGCTTTCTTTGGACAA"	FALSE	TRUE	NA	NA	NA	NA
"NNNNTGTCGGCTGCTCCCTCCCAGACATCTGTGTACTTCTGTGCCACCCGGAGGGACAGGGGTAATTCACCCCTCCACTTTGGGAAT"	"CATRRDRGNSPLHF"	"NNNNTGTCGGCTGCTCCCTCCCAGACATCTGTGTACTTCTGTGCCACCCGGAGGGACAGGGGTAATTCACCCCTCCACTTTGGGAAT"	"CATRRDRGNSPLHF"	"TCRBV6-5*1"	"TCRBD1-1*1"	"TCRBJ1-6*1"	46	52	-1	62	6	63	NA	NA	"NNNNTGTCGGCTGCTCCCTCCCAGACATCTGTGTACTTCTGTGCCACCCGGAGGGACAGGGGTAATTCACCCCTCCACTTTGGGAAT"	FALSE	TRUE	NA	NA	NA	NA
"AAGATCCAGCCTGCAAAGCTTGAGGACTCGGCCGTGTATCTCTGTGCCAGCAGCCGGGCCCTTAGGGAGCCCCAGCATTTTGGTGAT"	"CASSRALREPQHF"	"AAGATCCAGCCTGCAAAGCTTGAGGACTCGGCCGTGTATCTCTGTGCCAGCAGCCGGGCCCTTAGGGAGCCCCAGCATTTTGGTGAT"	"CASSRALREPQHF"	"TCRBV11-2*1"	NA	"TCRBJ1-5*1"	54	63	-1	67	9	68	NA	NA	"AAGATCCAGCCTGCAAAGCTTGAGGACTCGGCCGTGTATCTCTGTGCCAGCAGCCGGGCCCTTAGGGAGCCCCAGCATTTTGGTGAT"	FALSE	TRUE	NA	NA	NA	NA
"CCAGCAGGTAGTGCGAGGAGATTCGGCAGCTTATTTCTGTGCCAGCTCACCGACCGGGGGACAGTCACCGAGCAGTTCTTCGGGCCA"	""	"CCAGCAGGTAGTGCGAGGAGATTCGGCAGCTTATTTCTGTGCCAGCTCACCGACCGGGGGACAGTCACCGAGCAGTTCTTCGGGCCA"	""	"TCRBV18-1*1"	"TCRBD1-1*1"	"TCRBJ2-1*1"	51	57	64	69	6	5	NA	NA	"CCAGCAGGTAGTGCGAGGAGATTCGGCAGCTTATTTCTGTGCCAGCTCACCGACCGGGGGACAGTCACCGAGCAGTTCTTCGGGCCA"	FALSE	FALSE	NA	NA	NA	NA
"GCCCATCCTGAAGACAGCAGCTTCTACATCTGCAGTGCTAGTGCATTGAGCGGGAGTATTGTTTCGGATACGCAGTATTTTGGCCCA"	"CSASALSGSIVSDTQYF"	"GCCCATCCTGAAGACAGCAGCTTCTACATCTGCAGTGCTAGTGCATTGAGCGGGAGTATTGTTTCGGATACGCAGTATTTTGGCCCA"	"CSASALSGSIVSDTQYF"	"TCRBV2-1*4"	"TCRBD2-1*2"	"TCRBJ2-3*1"	43	48	56	66	5	10	NA	NA	"GCCCATCCTGAAGACAGCAGCTTCTACATCTGCAGTGCTAGTGCATTGAGCGGGAGTATTGTTTCGGATACGCAGTATTTTGGCCCA"	FALSE	TRUE	NA	NA	NA	NA
"NNNNNNNTGTTGGCTGCTCCCTCCCAGACATCTGTGTACTTCTGTGCCAGCAGTTTAGCCGGTACCTACGAGCAGTACTTCGGGCCG"	"CASSLAGTYEQYF"	"NNNNNNNTGTTGGCTGCTCCCTCCCAGACATCTGTGTACTTCTGTGCCAGCAGTTTAGCCGGTACCTACGAGCAGTACTTCGGGCCG"	"CASSLAGTYEQYF"	"TCRBV6-6*1"	"TCRBD2-1"	"TCRBJ2-7*1"	-1	55	59	64	56	5	NA	NA	"NNNNNNNTGTTGGCTGCTCCCTCCCAGACATCTGTGTACTTCTGTGCCAGCAGTTTAGCCGGTACCTACGAGCAGTACTTCGGGCCG"	FALSE	TRUE	NA	NA	NA	NA
"ATCCGGTCCACAAAGCTGGAGGACTCAGCCATGTACTTCTGTGCCAGCAGCTGGACTAGCGGTTCCTACGAGCAGTACTTCGGGCCG"	"CASSWTSGSYEQYF"	"ATCCGGTCCACAAAGCTGGAGGACTCAGCCATGTACTTCTGTGCCAGCAGCTGGACTAGCGGTTCCTACGAGCAGTACTTCGGGCCG"	"CASSWTSGSYEQYF"	"TCRBV2-1"	"TCRBD2-1"	"TCRBJ2-7*1"	50	52	62	63	2	1	NA	NA	"ATCCGGTCCACAAAGCTGGAGGACTCAGCCATGTACTTCTGTGCCAGCAGCTGGACTAGCGGTTCCTACGAGCAGTACTTCGGGCCG"	FALSE	TRUE	NA	NA	NA	NA
"GCTGCCTCCTCCCAGACATCTGTATATTTCTGCGCCAGCAGCCGGACTAGCGGGATAGTAGGCACAGATACGCAGTATTTTGGCCCA"	"CASSRTSGIVGTDTQYF"	"GCTGCCTCCTCCCAGACATCTGTATATTTCTGCGCCAGCAGCCGGACTAGCGGGATAGTAGGCACAGATACGCAGTATTTTGGCCCA"	"CASSRTSGIVGTDTQYF"	"TCRBV1-1"	"TCRBD2-1*2"	"TCRBJ2-3*1"	41	43	55	61	2	6	NA	NA	"GCTGCCTCCTCCCAGACATCTGTATATTTCTGCGCCAGCAGCCGGACTAGCGGGATAGTAGGCACAGATACGCAGTATTTTGGCCCA"	FALSE	TRUE	NA	NA	NA	NA
"GAGGACTCAGCCATGTACTTCTGTGCCAGCAGTGAAGCGGGAGGGACTAGCGGGCCTTGGGCCAAAAACATTCAGTACTTCGGCGCC"	"CASSEAGGTSGPWAKNIQYF"	"GAGGACTCAGCCATGTACTTCTGTGCCAGCAGTGAAGCGGGAGGGACTAGCGGGCCTTGGGCCAAAAACATTCAGTACTTCGGCGCC"	"CASSEAGGTSGPWAKNIQYF"	"TCRBV2-1"	"TCRBD2-1"	"TCRBJ2-4*1"	38	42	54	60	4	6	NA	NA	"GAGGACTCAGCCATGTACTTCTGTGCCAGCAGTGAAGCGGGAGGGACTAGCGGGCCTTGGGCCAAAAACATTCAGTACTTCGGCGCC"	FALSE	TRUE	NA	NA	NA	NA
"TCTAAGAAGCTCCTTCTCAGTGACTCTGGCTTCTATCTCTGTGCCTGGAGTTCCATCGGCGGCCGCTACGAGCAGTACTTCGGGCCG"	"CAWSSIGGRYEQYF"	"TCTAAGAAGCTCCTTCTCAGTGACTCTGGCTTCTATCTCTGTGCCTGGAGTTCCATCGGCGGCCGCTACGAGCAGTACTTCGGGCCG"	"CAWSSIGGRYEQYF"	"TCRBV3-1*1"	"TCRBD2-1"	"TCRBJ2-7*1"	51	58	62	65	7	3	NA	NA	"TCTAAGAAGCTCCTTCTCAGTGACTCTGGCTTCTATCTCTGTGCCTGGAGTTCCATCGGCGGCCGCTACGAGCAGTACTTCGGGCCG"	FALSE	TRUE	NA	NA	NA	NA
"CTGTGACATCGGCCCAAAAGAACCCGACAGCTTTCTATCTCTGTGCCAGTAGTAGGCAGGGTCACCGGGGAGCTGTTTTTTGGAGAA"	""	"CTGTGACATCGGCCCAAAAGAACCCGACAGCTTTCTATCTCTGTGCCAGTAGTAGGCAGGGTCACCGGGGAGCTGTTTTTTGGAGAA"	""	"TCRBV19-1*1"	"TCRBD1-1*1"	"TCRBJ2-2*1"	54	56	61	62	2	1	NA	NA	"CTGTGACATCGGCCCAAAAGAACCCGACAGCTTTCTATCTCTGTGCCAGTAGTAGGCAGGGTCACCGGGGAGCTGTTTTTTGGAGAA"	FALSE	FALSE	NA	NA	NA	NA
"CTGGGGGACTCGGCCCTCTATCTCTGTGCCAGCAGCCTGGCTACAGGGCCGAGGATTGGAAGCAATCAGCCCCAGCATTTTGGTGAT"	"CASSLATGPRIGSNQPQHF"	"CTGGGGGACTCGGCCCTCTATCTCTGTGCCAGCAGCCTGGCTACAGGGCCGAGGATTGGAAGCAATCAGCCCCAGCATTTTGGTGAT"	"CASSLATGPRIGSNQPQHF"	"TCRBV5-6*1"	"TCRBD1-1*1"	"TCRBJ1-5*1"	40	42	48	60	2	12	NA	NA	"CTGGGGGACTCGGCCCTCTATCTCTGTGCCAGCAGCCTGGCTACAGGGCCGAGGATTGGAAGCAATCAGCCCCAGCATTTTGGTGAT"	FALSE	TRUE	NA	NA	NA	NA
"GTGACCAGTGCCCATCCTGAAGACAGCAGCTTCTACATCTGCAGTGCGCTGGCCGAGACAGGATTATATGGCTACACCTTCGGTTCG"	"CSALAETGLYGYTF"	"GTGACCAGTGCCCATCCTGAAGACAGCAGCTTCTACATCTGCAGTGCGCTGGCCGAGACAGGATTATATGGCTACACCTTCGGTTCG"	"CSALAETGLYGYTF"	NA	"TCRBD1-1*1"	"TCRBJ1-2*1"	47	56	62	66	9	4	NA	NA	"GTGACCAGTGCCCATCCTGAAGACAGCAGCTTCTACATCTGCAGTGCGCTGGCCGAGACAGGATTATATGGCTACACCTTCGGTTCG"	FALSE	TRUE	NA	NA	NA	NA
"CAGGTAGTGCGAGGAGATTCGGCAGCTTATTTCTGTGCCAGCTCACCACCCGGGACTAGCGTCCCCAATGAGCAGTTCTTCGGGCCA"	"CASSPPGTSVPNEQFF"	"CAGGTAGTGCGAGGAGATTCGGCAGCTTATTTCTGTGCCAGCTCACCACCCGGGACTAGCGTCCCCAATGAGCAGTTCTTCGGGCCA"	"CASSPPGTSVPNEQFF"	"TCRBV18-1*1"	"TCRBD2-1"	"TCRBJ2-1*1"	50	51	61	65	1	4	NA	NA	"CAGGTAGTGCGAGGAGATTCGGCAGCTTATTTCTGTGCCAGCTCACCACCCGGGACTAGCGTCCCCAATGAGCAGTTCTTCGGGCCA"	FALSE	TRUE	NA	NA	NA	NA
"TCCAGCCCTCAGAACCCAGGGACTCAGCTGTGTACTTCTGTGCCAGCAGTCCACAGGGGTAGGGCCAACGTCCTGACTTTCGGGGCC"	""	"TCCAGCCCTCAGAACCCAGGGACTCAGCTGTGTACTTCTGTGCCAGCAGTCCACAGGGGTAGGGCCAACGTCCTGACTTTCGGGGCC"	""	NA	"TCRBD1-1*1"	"TCRBJ2-6*1"	50	52	59	61	2	2	NA	NA	"TCCAGCCCTCAGAACCCAGGGACTCAGCTGTGTACTTCTGTGCCAGCAGTCCACAGGGGTAGGGCCAACGTCCTGACTTTCGGGGCC"	FALSE	FALSE	NA	NA	NA	NA
"ACCTTGGAGCTGGGGGACTCGGCCCTTTATCTTTGCGCCAGCAGCCTATTAGGGGTCCTCGTAGGGGAGACCCAGTACTTCGGGCCA"	"CASSLLGVLVGETQYF"	"ACCTTGGAGCTGGGGGACTCGGCCCTTTATCTTTGCGCCAGCAGCCTATTAGGGGTCCTCGTAGGGGAGACCCAGTACTTCGGGCCA"	"CASSLLGVLVGETQYF"	"TCRBV5-1*1"	"TCRBD1-1*1"	"TCRBJ2-5*1"	45	50	55	66	5	11	NA	NA	"ACCTTGGAGCTGGGGGACTCGGCCCTTTATCTTTGCGCCAGCAGCCTATTAGGGGTCCTCGTAGGGGAGACCCAGTACTTCGGGCCA"	FALSE	TRUE	NA	NA	NA	NA
"CCTGGAGTCGCCCAGCCCCAACCAGACCTCTCTGTACTTCTGTGCCAGCAGTTGGGGGGGGGCCAGGACGAGCAGTACTTCGGGCCG"	""	"CCTGGAGTCGCCCAGCCCCAACCAGACCTCTCTGTACTTCTGTGCCAGCAGTTGGGGGGGGGCCAGGACGAGCAGTACTTCGGGCCG"	""	"TCRBV27-1*1"	"TCRBD2-1*1"	"TCRBJ2-7*1"	-1	53	60	67	54	7	NA	NA	"CCTGGAGTCGCCCAGCCCCAACCAGACCTCTCTGTACTTCTGTGCCAGCAGTTGGGGGGGGGCCAGGACGAGCAGTACTTCGGGCCG"	FALSE	FALSE	NA	NA	NA	NA
"GTGAGCACCTTGGAGCTGGGGGACTCGGCCCTTTATCTTTGCGCCAGCAGCTTGGGCAGGGGGTCGAATGGCTACACCTTCGGTTCG"	"CASSLGRGSNGYTF"	"GTGAGCACCTTGGAGCTGGGGGACTCGGCCCTTTATCTTTGCGCCAGCAGCTTGGGCAGGGGGTCGAATGGCTACACCTTCGGTTCG"	"CASSLGRGSNGYTF"	"TCRBV5-1*1"	"TCRBD1-1*1"	"TCRBJ1-2*1"	55	56	63	67	1	4	NA	NA	"GTGAGCACCTTGGAGCTGGGGGACTCGGCCCTTTATCTTTGCGCCAGCAGCTTGGGCAGGGGGTCGAATGGCTACACCTTCGGTTCG"	FALSE	TRUE	NA	NA	NA	NA
"AGTTCTAAGAAGCTCCTTCTCAGTGACTCTGGCTTCTATCTCTGTGCCTGGAGTAGAGACAGGGACCCTGAAGCTTTCTTTGGACAA"	"CAWSRDRDPEAFF"	"AGTTCTAAGAAGCTCCTTCTCAGTGACTCTGGCTTCTATCTCTGTGCCTGGAGTAGAGACAGGGACCCTGAAGCTTTCTTTGGACAA"	"CAWSRDRDPEAFF"	"TCRBV3-1*1"	"TCRBD1-1*1"	"TCRBJ1-1*1"	54	57	64	67	3	3	NA	NA	"AGTTCTAAGAAGCTCCTTCTCAGTGACTCTGGCTTCTATCTCTGTGCCTGGAGTAGAGACAGGGACCCTGAAGCTTTCTTTGGACAA"	FALSE	TRUE	NA	NA	NA	NA
"CTCAAGATCCAGCCTGCAAAGCTTGAGGACTCGGCCGTGTATCTCTGTGCCAGCAGTTGGATGGGGAATGAGCAGTTCTTCGGGCCA"	"CASSWMGNEQFF"	"CTCAAGATCCAGCCTGCAAAGCTTGAGGACTCGGCCGTGTATCTCTGTGCCAGCAGTTGGATGGGGAATGAGCAGTTCTTCGGGCCA"	"CASSWMGNEQFF"	"TCRBV11-2*1"	NA	"TCRBJ2-1*1"	56	62	-1	66	6	67	NA	NA	"CTCAAGATCCAGCCTGCAAAGCTTGAGGACTCGGCCGTGTATCTCTGTGCCAGCAGTTGGATGGGGAATGAGCAGTTCTTCGGGCCA"	FALSE	TRUE	NA	NA	NA	NA
"ATCCAGCAGGTAGTGCGAGGAGATTCGGCAGCTTATTTCTGTGCCAGCTCACCCTTGACCGGAAACTATGGCTACACCTTCGGTTCG"	"CASSPLTGNYGYTF"	"ATCCAGCAGGTAGTGCGAGGAGATTCGGCAGCTTATTTCTGTGCCAGCTCACCCTTGACCGGAAACTATGGCTACACCTTCGGTTCG"	"CASSPLTGNYGYTF"	"TCRBV18-1*1"	NA	"TCRBJ1-2*1"	53	60	-1	63	7	64	NA	NA	"ATCCAGCAGGTAGTGCGAGGAGATTCGGCAGCTTATTTCTGTGCCAGCTCACCCTTGACCGGAAACTATGGCTACACCTTCGGTTCG"	FALSE	TRUE	NA	NA	NA	NA
"GAGTCTGCCAGGCCCTCACATACCTCTCAGTACCTCTGTGCCAGCGAAGCCGGGAGCACTAGCACAGATACGCAGTATTTTGGCCCA"	"CASEAGSTSTDTQYF"	"GAGTCTGCCAGGCCCTCACATACCTCTCAGTACCTCTGTGCCAGCGAAGCCGGGAGCACTAGCACAGATACGCAGTATTTTGGCCCA"	"CASEAGSTSTDTQYF"	"TCRBV25-1*1"	"TCRBD2-1*2"	"TCRBJ2-3*1"	45	50	56	60	5	4	NA	NA	"GAGTCTGCCAGGCCCTCACATACCTCTCAGTACCTCTGTGCCAGCGAAGCCGGGAGCACTAGCACAGATACGCAGTATTTTGGCCCA"	FALSE	TRUE	NA	NA	NA	NA
"GCAACATGAGCCCTGAAGACAGCAGCATATATCTCTGCAGCGTGCTGATCTCGACTAGCGGTTTACAATGAGCAGTTCTTCGGGCCA"	""	"GCAACATGAGCCCTGAAGACAGCAGCATATATCTCTGCAGCGTGCTGATCTCGACTAGCGGTTTACAATGAGCAGTTCTTCGGGCCA"	""	"TCRBV29-1"	"TCRBD2-1"	"TCRBJ2-1*1"	43	52	61	63	9	2	NA	NA	"GCAACATGAGCCCTGAAGACAGCAGCATATATCTCTGCAGCGTGCTGATCTCGACTAGCGGTTTACAATGAGCAGTTCTTCGGGCCA"	FALSE	FALSE	NA	NA	NA	NA
"GAGTCGCCCAGCCCCAACCAGACCTCTCTGTACTTCTGTGCCAGCACTCGACTAGCGGGAAGGGGAGAGACCCAGTACTTCGGGCCA"	"CASTRLAGRGETQYF"	"GAGTCGCCCAGCCCCAACCAGACCTCTCTGTACTTCTGTGCCAGCACTCGACTAGCGGGAAGGGGAGAGACCCAGTACTTCGGGCCA"	"CASTRLAGRGETQYF"	"TCRBV27-1*1"	"TCRBD2-1*2"	"TCRBJ2-5*1"	46	49	60	65	3	5	NA	NA	"GAGTCGCCCAGCCCCAACCAGACCTCTCTGTACTTCTGTGCCAGCACTCGACTAGCGGGAAGGGGAGAGACCCAGTACTTCGGGCCA"	FALSE	TRUE	NA	NA	NA	NA
"GAGCGGGGGGACTCAGCCGTGTATCTCTGTGCCAGCAGCTTAAGGGCAGGGATCGTTCTCCTTAACAATGAGCAGTTCTTCGGGCCA"	"CASSLRAGIVLLNNEQFF"	"GAGCGGGGGGACTCAGCCGTGTATCTCTGTGCCAGCAGCTTAAGGGCAGGGATCGTTCTCCTTAACAATGAGCAGTTCTTCGGGCCA"	"CASSLRAGIVLLNNEQFF"	"TCRBV7-3*1"	"TCRBD1-1*1"	"TCRBJ2-1*1"	43	46	51	64	3	13	NA	NA	"GAGCGGGGGGACTCAGCCGTGTATCTCTGTGCCAGCAGCTTAAGGGCAGGGATCGTTCTCCTTAACAATGAGCAGTTCTTCGGGCCA"	FALSE	TRUE	NA	NA	NA	NA
"ACCAACCAGACATCTATGTACCTCTGTGCCAGCAGTCATCGACCTAGGACTAGCGGGAGTCTCACAGATACGCAGTATTTTGGCCCA"	"CASSHRPRTSGSLTDTQYF"	"ACCAACCAGACATCTATGTACCTCTGTGCCAGCAGTCATCGACCTAGGACTAGCGGGAGTCTCACAGATACGCAGTATTTTGGCCCA"	"CASSHRPRTSGSLTDTQYF"	"TCRBV28-1*1"	"TCRBD2-1*2"	"TCRBJ2-3*1"	36	46	59	62	10	3	NA	NA	"ACCAACCAGACATCTATGTACCTCTGTGCCAGCAGTCATCGACCTAGGACTAGCGGGAGTCTCACAGATACGCAGTATTTTGGCCCA"	FALSE	TRUE	NA	NA	NA	NA
"TCCAGCAGGTAGTGCGAGGAGATTCGGCAGCTTATTTCTGTGCCAGCTCACCACCGGTACCACAGCTACGAGCAGTACTTCGGGCCG"	""	"TCCAGCAGGTAGTGCGAGGAGATTCGGCAGCTTATTTCTGTGCCAGCTCACCACCGGTACCACAGCTACGAGCAGTACTTCGGGCCG"	""	"TCRBV18-1*1"	"TCRBD1-1*1"	"TCRBJ2-7*1"	55	61	-1	65	6	66	NA	NA	"TCCAGCAGGTAGTGCGAGGAGATTCGGCAGCTTATTTCTGTGCCAGCTCACCACCGGTACCACAGCTACGAGCAGTACTTCGGGCCG"	FALSE	FALSE	NA	NA	NA	NA
"CTCAGGCTGGAGTTGGCTGCTCCCTCCCAGACATCTGTGTACTTCTGTGCCAGCAGTCCTAGCTCCTACGAGCAGTACTTCGGGCCG"	"CASSPSSYEQYF"	"CTCAGGCTGGAGTTGGCTGCTCCCTCCCAGACATCTGTGTACTTCTGTGCCAGCAGTCCTAGCTCCTACGAGCAGTACTTCGGGCCG"	"CASSPSSYEQYF"	"TCRBV6-6*4"	"TCRBD2-1"	"TCRBJ2-7*1"	-1	58	-1	62	59	63	NA	NA	"CTCAGGCTGGAGTTGGCTGCTCCCTCCCAGACATCTGTGTACTTCTGTGCCAGCAGTCCTAGCTCCTACGAGCAGTACTTCGGGCCG"	FALSE	TRUE	NA	NA	NA	NA
"ATCAATTCCCTGGAGCTTGGTGACTCTGCTGTGTATTTCTGTGCCAGCAGCCAAGCCGACAGGGGAGGTGAAGCTTTCTTTGGACAA"	"CASSQADRGGEAFF"	"ATCAATTCCCTGGAGCTTGGTGACTCTGCTGTGTATTTCTGTGCCAGCAGCCAAGCCGACAGGGGAGGTGAAGCTTTCTTTGGACAA"	"CASSQADRGGEAFF"	"TCRBV3-1/3-2*1"	"TCRBD1-1*1"	"TCRBJ1-1*1"	55	57	65	68	2	3	NA	NA	"ATCAATTCCCTGGAGCTTGGTGACTCTGCTGTGTATTTCTGTGCCAGCAGCCAAGCCGACAGGGGAGGTGAAGCTTTCTTTGGACAA"	FALSE	TRUE	NA	NA	NA	NA
"NNNNNNNTGTCGGCTGCTCCCTCCCAGACATCTGTGTACTTCTGTGCCAGCAGTTTAGCGGGACCGGGGGAGCAGTTCTTCGGGCCA"	"CASSLAGPGEQFF"	"NNNNNNNTGTCGGCTGCTCCCTCCCAGACATCTGTGTACTTCTGTGCCAGCAGTTTAGCGGGACCGGGGGAGCAGTTCTTCGGGCCA"	"CASSLAGPGEQFF"	"TCRBV6-5*1"	"TCRBD2-1*2"	"TCRBJ2-1*1"	-1	55	63	69	56	6	NA	NA	"NNNNNNNTGTCGGCTGCTCCCTCCCAGACATCTGTGTACTTCTGTGCCAGCAGTTTAGCGGGACCGGGGGAGCAGTTCTTCGGGCCA"	FALSE	TRUE	NA	NA	NA	NA
"AATGTGAACGCCTTGGAGCTGGAGGACTCGGCCCTGTATCTCTGTGCCAGCAGCTTGGCGGGGACCTATGGCTACACCTTCGGTTCG"	"CASSLAGTYGYTF"	"AATGTGAACGCCTTGGAGCTGGAGGACTCGGCCCTGTATCTCTGTGCCAGCAGCTTGGCGGGGACCTATGGCTACACCTTCGGTTCG"	"CASSLAGTYGYTF"	"TCRBV5-8*1"	NA	"TCRBJ1-2*1"	58	60	-1	65	2	66	NA	NA	"AATGTGAACGCCTTGGAGCTGGAGGACTCGGCCCTGTATCTCTGTGCCAGCAGCTTGGCGGGGACCTATGGCTACACCTTCGGTTCG"	FALSE	TRUE	NA	NA	NA	NA
"GCGTCTGCTGTACCCTCTCAGACATCTGTGTACTTCTGTGCCAGCAGCGAACTAGCGGGGGGCACAGATACGCAGTATTTTGGCCCA"	"CASSELAGGTDTQYF"	"GCGTCTGCTGTACCCTCTCAGACATCTGTGTACTTCTGTGCCAGCAGCGAACTAGCGGGGGGCACAGATACGCAGTATTTTGGCCCA"	"CASSELAGGTDTQYF"	"TCRBV6-4*1"	"TCRBD2-1*1"	"TCRBJ2-3*1"	47	50	-1	61	3	62	NA	NA	"GCGTCTGCTGTACCCTCTCAGACATCTGTGTACTTCTGTGCCAGCAGCGAACTAGCGGGGGGCACAGATACGCAGTATTTTGGCCCA"	FALSE	TRUE	NA	NA	NA	NA
"ACCTTGGAGATCCAGCGCACAGAGCAGGGGGACTCGGCCATGTATCTCTGTGCCAGCAGGGACGGGTCGAAACTGTTTTTTGGCAGT"	"CASRDGSKLFF"	"ACCTTGGAGATCCAGCGCACAGAGCAGGGGGACTCGGCCATGTATCTCTGTGCCAGCAGGGACGGGTCGAAACTGTTTTTTGGCAGT"	"CASRDGSKLFF"	"TCRBV7-9*1"	NA	"TCRBJ1-4*1"	-1	59	63	69	60	6	NA	NA	"ACCTTGGAGATCCAGCGCACAGAGCAGGGGGACTCGGCCATGTATCTCTGTGCCAGCAGGGACGGGTCGAAACTGTTTTTTGGCAGT"	FALSE	TRUE	NA	NA	NA	NA
"TCCAGTCCACGGAGTCAGGGGACACAGCACTGTATTTCTGTGCCAGCAGCAATCCGGACACCTATCTACGAGCAGTACTTCGGGCCG"	""	"TCCAGTCCACGGAGTCAGGGGACACAGCACTGTATTTCTGTGCCAGCAGCAATCCGGACACCTATCTACGAGCAGTACTTCGGGCCG"	""	"TCRBV21-1*1"	"TCRBD1-1*1"	"TCRBJ2-7*1"	52	55	60	65	3	5	NA	NA	"TCCAGTCCACGGAGTCAGGGGACACAGCACTGTATTTCTGTGCCAGCAGCAATCCGGACACCTATCTACGAGCAGTACTTCGGGCCG"	FALSE	FALSE	NA	NA	NA	NA
"NTGTCGGCTGCTCCCTCCCAGACATCTGTGTACTTCTGTGCCAGCAGTGGGGGGAACTCTGGGGCCAACGTCCTGACTTTCGGGGCC"	"CASSGGNSGANVLTF"	"NTGTCGGCTGCTCCCTCCCAGACATCTGTGTACTTCTGTGCCAGCAGTGGGGGGAACTCTGGGGCCAACGTCCTGACTTTCGGGGCC"	"CASSGGNSGANVLTF"	NA	NA	"TCRBJ2-6*1"	-1	49	54	56	50	2	NA	NA	"NTGTCGGCTGCTCCCTCCCAGACATCTGTGTACTTCTGTGCCAGCAGTGGGGGGAACTCTGGGGCCAACGTCCTGACTTTCGGGGCC"	FALSE	TRUE	NA	NA	NA	NA
"TTGGAGATCCAGCGCACAGAGCAGGGGGACTCGGCCATGTATCTCTGTGCCAGCAGCTTCCTAGACTACGAGCAGTACTTCGGGCCG"	"CASSFLDYEQYF"	"TTGGAGATCCAGCGCACAGAGCAGGGGGACTCGGCCATGTATCTCTGTGCCAGCAGCTTCCTAGACTACGAGCAGTACTTCGGGCCG"	"CASSFLDYEQYF"	"TCRBV7-9*1"	"TCRBD2-1"	"TCRBJ2-7*1"	59	60	64	65	1	1	NA	NA	"TTGGAGATCCAGCGCACAGAGCAGGGGGACTCGGCCATGTATCTCTGTGCCAGCAGCTTCCTAGACTACGAGCAGTACTTCGGGCCG"	FALSE	TRUE	NA	NA	NA	NA
"NTGTCGGCTGCTCCCTCCCAGACATCTGTGTACTTCTGTGCCAGCAGTCGACTAGCGGGAAGCTCCTACGAGCAGTACTTCGGGCCG"	"CASSRLAGSSYEQYF"	"NTGTCGGCTGCTCCCTCCCAGACATCTGTGTACTTCTGTGCCAGCAGTCGACTAGCGGGAAGCTCCTACGAGCAGTACTTCGGGCCG"	"CASSRLAGSSYEQYF"	"TCRBV6-5*1"	"TCRBD2-1*2"	"TCRBJ2-7*1"	48	49	60	62	1	2	NA	NA	"NTGTCGGCTGCTCCCTCCCAGACATCTGTGTACTTCTGTGCCAGCAGTCGACTAGCGGGAAGCTCCTACGAGCAGTACTTCGGGCCG"	FALSE	TRUE	NA	NA	NA	NA
"TGTCCACTCTGACAGTGACCAGTGCCCATCCTGAAGACAGCAGCTTCTACAGTCTCAGGAGATACTGAAAAACTGTTTTTTGGCAGT"	""	"TGTCCACTCTGACAGTGACCAGTGCCCATCCTGAAGACAGCAGCTTCTACAGTCTCAGGAGATACTGAAAAACTGTTTTTTGGCAGT"	""	"TCRBV2-1"	NA	"TCRBJ1-4*1"	51	55	59	65	4	6	NA	NA	"TGTCCACTCTGACAGTGACCAGTGCCCATCCTGAAGACAGCAGCTTCTACAGTCTCAGGAGATACTGAAAAACTGTTTTTTGGCAGT"	FALSE	FALSE	NA	NA	NA	NA
"AATGTGAGCACCTTGGAGCTGGGGGACTCGGCCCTTTATCTTTGCGCCAGCAGCACGCACCGGGACAACGAAGCTTTCTTTGGACAA"	"CASSTHRDNEAFF"	"AATGTGAGCACCTTGGAGCTGGGGGACTCGGCCCTTTATCTTTGCGCCAGCAGCACGCACCGGGACAACGAAGCTTTCTTTGGACAA"	"CASSTHRDNEAFF"	"TCRBV5-1*1"	"TCRBD1-1*1"	"TCRBJ1-1*1"	54	61	67	69	7	2	NA	NA	"AATGTGAGCACCTTGGAGCTGGGGGACTCGGCCCTTTATCTTTGCGCCAGCAGCACGCACCGGGACAACGAAGCTTTCTTTGGACAA"	FALSE	TRUE	NA	NA	NA	NA
"NNNNTGTCGGCTGCTCCCTCCCAGACATCTGTGTACTTCTGTGCCAGCAGCCCGGGACAGGGGAATTCACCCCTCCACTTTGGGAAT"	"CASSPGQGNSPLHF"	"NNNNTGTCGGCTGCTCCCTCCCAGACATCTGTGTACTTCTGTGCCAGCAGCCCGGGACAGGGGAATTCACCCCTCCACTTTGGGAAT"	"CASSPGQGNSPLHF"	"TCRBV6-5*1"	"TCRBD1-1*1"	"TCRBJ1-6*1"	50	53	-1	63	3	64	NA	NA	"NNNNTGTCGGCTGCTCCCTCCCAGACATCTGTGTACTTCTGTGCCAGCAGCCCGGGACAGGGGAATTCACCCCTCCACTTTGGGAAT"	FALSE	TRUE	NA	NA	NA	NA
"ATCCAGCCTGCAGAGCTTGGGGACTCGGCCGTGTATCTCTGTGCCAGCAGCTTGAAGGTGGGAGGCTCACCCCTCCACTTTGGGAAT"	"CASSLKVGGSPLHF"	"ATCCAGCCTGCAGAGCTTGGGGACTCGGCCGTGTATCTCTGTGCCAGCAGCTTGAAGGTGGGAGGCTCACCCCTCCACTTTGGGAAT"	"CASSLKVGGSPLHF"	"TCRBV11-3*1"	"TCRBD2-1*2"	"TCRBJ1-6*1"	53	59	65	66	6	1	NA	NA	"ATCCAGCCTGCAGAGCTTGGGGACTCGGCCGTGTATCTCTGTGCCAGCAGCTTGAAGGTGGGAGGCTCACCCCTCCACTTTGGGAAT"	FALSE	TRUE	NA	NA	NA	NA
"GCCCAAAAGAACCCGACAGCTTTCTATCTCTGTGCCAGTAGGCCCAGCGGGAGGGGATCTGGCACAGATACGCAGTATTTTGGCCCA"	"CASRPSGRGSGTDTQYF"	"GCCCAAAAGAACCCGACAGCTTTCTATCTCTGTGCCAGTAGGCCCAGCGGGAGGGGATCTGGCACAGATACGCAGTATTTTGGCCCA"	"CASRPSGRGSGTDTQYF"	"TCRBV19-1*1"	"TCRBD2-1*2"	"TCRBJ2-3*1"	41	45	55	61	4	6	NA	NA	"GCCCAAAAGAACCCGACAGCTTTCTATCTCTGTGCCAGTAGGCCCAGCGGGAGGGGATCTGGCACAGATACGCAGTATTTTGGCCCA"	FALSE	TRUE	NA	NA	NA	NA
"CTCTGGAGTCTGCTGCCTCCTCCCAGACATCTGTATATTTCTGCGCCAGCAGGGGCGGGAGGACCAAATGAGCAGTTCTTCGGGCCA"	""	"CTCTGGAGTCTGCTGCCTCCTCCCAGACATCTGTATATTTCTGCGCCAGCAGGGGCGGGAGGACCAAATGAGCAGTTCTTCGGGCCA"	""	"TCRBV1-1*1"	"TCRBD2-1*2"	"TCRBJ2-1*1"	52	54	62	66	2	4	NA	NA	"CTCTGGAGTCTGCTGCCTCCTCCCAGACATCTGTATATTTCTGCGCCAGCAGGGGCGGGAGGACCAAATGAGCAGTTCTTCGGGCCA"	FALSE	FALSE	NA	NA	NA	NA
"GCTGCTCCCTCTCAGACTTCTGTTTACTTCTGTGCCAGCAGTTACGGTGGACCCGGAGAGGGGTCATACGAGCAGTACTTCGGGCCG"	"CASSYGGPGEGSYEQYF"	"GCTGCTCCCTCTCAGACTTCTGTTTACTTCTGTGCCAGCAGTTACGGTGGACCCGGAGAGGGGTCATACGAGCAGTACTTCGGGCCG"	"CASSYGGPGEGSYEQYF"	"TCRBV6-7*1"	NA	"TCRBJ2-7*1"	45	58	63	66	13	3	NA	NA	"GCTGCTCCCTCTCAGACTTCTGTTTACTTCTGTGCCAGCAGTTACGGTGGACCCGGAGAGGGGTCATACGAGCAGTACTTCGGGCCG"	FALSE	TRUE	NA	NA	NA	NA
"GTCAGCTACCCGCTCCCAGACATCTGTGTATTTCTGCGCCAGCAGTCACTAGCAGAGATTAACACCGGGGAGCTGTTTTTTGGAGAA"	""	"GTCAGCTACCCGCTCCCAGACATCTGTGTATTTCTGCGCCAGCAGTCACTAGCAGAGATTAACACCGGGGAGCTGTTTTTTGGAGAA"	""	"TCRBV1-2*1"	"TCRBD2-1"	"TCRBJ2-2*1"	46	47	53	60	1	7	NA	NA	"GTCAGCTACCCGCTCCCAGACATCTGTGTATTTCTGCGCCAGCAGTCACTAGCAGAGATTAACACCGGGGAGCTGTTTTTTGGAGAA"	FALSE	FALSE	NA	NA	NA	NA
"CTGACAGTGACCAGTGCCCATCCTGAAGACAGCAGCTTCTACATCTGCAGTGCTAGAGTAGGCGAGGAGACCCAGTACTTCGGGCCA"	"CSARVGEETQYF"	"CTGACAGTGACCAGTGCCCATCCTGAAGACAGCAGCTTCTACATCTGCAGTGCTAGAGTAGGCGAGGAGACCCAGTACTTCGGGCCA"	"CSARVGEETQYF"	NA	NA	"TCRBJ2-5*1"	58	59	62	66	1	4	NA	NA	"CTGACAGTGACCAGTGCCCATCCTGAAGACAGCAGCTTCTACATCTGCAGTGCTAGAGTAGGCGAGGAGACCCAGTACTTCGGGCCA"	FALSE	TRUE	NA	NA	NA	NA
"AAGATCCAGCGCACACAGCAGGAGGACTCGGCCGTGTATCTCTGTGCCAGCAGCTTAACCGTCTGGAATGAGCAGTTCTTCGGGCCA"	"CASSLTVWNEQFF"	"AAGATCCAGCGCACACAGCAGGAGGACTCGGCCGTGTATCTCTGTGCCAGCAGCTTAACCGTCTGGAATGAGCAGTTCTTCGGGCCA"	"CASSLTVWNEQFF"	"TCRBV7-2"	NA	"TCRBJ2-1*1"	57	64	-1	66	7	67	NA	NA	"AAGATCCAGCGCACACAGCAGGAGGACTCGGCCGTGTATCTCTGTGCCAGCAGCTTAACCGTCTGGAATGAGCAGTTCTTCGGGCCA"	FALSE	TRUE	NA	NA	NA	NA
"AGCACCTTGGAGCTGGGGGACTCGGCCCTTTATCTTTGCGCCAGCAGCTTGGAGGGACAGGGAGTAAACACCATATATTTTGGAGAG"	"CASSLEGQGVNTIYF"	"AGCACCTTGGAGCTGGGGGACTCGGCCCTTTATCTTTGCGCCAGCAGCTTGGAGGGACAGGGAGTAAACACCATATATTTTGGAGAG"	"CASSLEGQGVNTIYF"	"TCRBV5-1*1"	"TCRBD1-1*1"	"TCRBJ1-3*1"	52	53	62	65	1	3	NA	NA	"AGCACCTTGGAGCTGGGGGACTCGGCCCTTTATCTTTGCGCCAGCAGCTTGGAGGGACAGGGAGTAAACACCATATATTTTGGAGAG"	FALSE	TRUE	NA	NA	NA	NA
"GCGCACAGAGCAGGGGGACTCAGCTGTGTATCTCTGTGCCAGCAGCGGGGTGGGGGGCATAGCAATCAGCCCCAGCATTTTGGTGAT"	""	"GCGCACAGAGCAGGGGGACTCAGCTGTGTATCTCTGTGCCAGCAGCGGGGTGGGGGGCATAGCAATCAGCCCCAGCATTTTGGTGAT"	""	"TCRBV7-4*1"	NA	"TCRBJ1-5*1"	46	52	58	59	6	1	NA	NA	"GCGCACAGAGCAGGGGGACTCAGCTGTGTATCTCTGTGCCAGCAGCGGGGTGGGGGGCATAGCAATCAGCCCCAGCATTTTGGTGAT"	FALSE	FALSE	NA	NA	NA	NA
"GAAGATCCAGCCCTCAGAACCCAGGGACTCAGCTGTGTATTTTTGTGCTAGCAAGGGGCTTTGCATGTTACGCAGTATTTTGGCCCA"	""	"GAAGATCCAGCCCTCAGAACCCAGGGACTCAGCTGTGTATTTTTGTGCTAGCAAGGGGCTTTGCATGTTACGCAGTATTTTGGCCCA"	""	"TCRBV12-5*1"	"TCRBD1-1*1"	"TCRBJ2-3*1"	51	53	58	68	2	10	NA	NA	"GAAGATCCAGCCCTCAGAACCCAGGGACTCAGCTGTGTATTTTTGTGCTAGCAAGGGGCTTTGCATGTTACGCAGTATTTTGGCCCA"	FALSE	FALSE	NA	NA	NA	NA
"ACCTTGGAGCTGGGGGACTCGGCCCTTTATCTTTGCGCCAGCAGCTTGGGATCGGGTTTGAACACCGGGGAGCTGTTTTTTGGAGAA"	"CASSLGSGLNTGELFF"	"ACCTTGGAGCTGGGGGACTCGGCCCTTTATCTTTGCGCCAGCAGCTTGGGATCGGGTTTGAACACCGGGGAGCTGTTTTTTGGAGAA"	"CASSLGSGLNTGELFF"	"TCRBV5-1*1"	"TCRBD2-1"	"TCRBJ2-2*1"	49	52	56	59	3	3	NA	NA	"ACCTTGGAGCTGGGGGACTCGGCCCTTTATCTTTGCGCCAGCAGCTTGGGATCGGGTTTGAACACCGGGGAGCTGTTTTTTGGAGAA"	FALSE	TRUE	NA	NA	NA	NA
"CTGGAGGATTCTGGAGTTTATTTCTGTGCCAGCAGCCCGCACCCGACAGGGCTTTAATTAACTAACTATGGCTACACCTTCGGTTCG"	"CASSPHPTGL*LTNYGYTF"	"CTGGAGGATTCTGGAGTTTATTTCTGTGCCAGCAGCCCGCACCCGACAGGGCTTTAATTAACTAACTATGGCTACACCTTCGGTTCG"	"CASSPHPTGL*LTNYGYTF"	"TCRBV14-1*1"	"TCRBD1-1*1"	"TCRBJ1-2*1"	37	44	51	61	7	10	NA	NA	"CTGGAGGATTCTGGAGTTTATTTCTGTGCCAGCAGCCCGCACCCGACAGGGCTTTAATTAACTAACTATGGCTACACCTTCGGTTCG"	FALSE	TRUE	NA	NA	NA	NA
"GGATCCAGCAGGTAGTGCGAGGAGATTCGGCAGCTTATTTCTGTGCCAGCTCACAGGTAAAACAATGAAAAACTGTTTTTTGGCAGT"	""	"GGATCCAGCAGGTAGTGCGAGGAGATTCGGCAGCTTATTTCTGTGCCAGCTCACAGGTAAAACAATGAAAAACTGTTTTTTGGCAGT"	""	"TCRBV18-1*1"	NA	"TCRBJ1-4*1"	-1	54	57	63	55	6	NA	NA	"GGATCCAGCAGGTAGTGCGAGGAGATTCGGCAGCTTATTTCTGTGCCAGCTCACAGGTAAAACAATGAAAAACTGTTTTTTGGCAGT"	FALSE	FALSE	NA	NA	NA	NA
"AAGATCCGGTCCACAAAGCTGGAGGACTCAGCCATGTACTTCTGTGCCAGCAGCCCGGGACTAGCGAGGGAGCAGTACTTCGGGCCG"	"CASSPGLAREQYF"	"AAGATCCGGTCCACAAAGCTGGAGGACTCAGCCATGTACTTCTGTGCCAGCAGCCCGGGACTAGCGAGGGAGCAGTACTTCGGGCCG"	"CASSPGLAREQYF"	"TCRBV2-1"	"TCRBD2-1"	"TCRBJ2-7*1"	53	56	66	69	3	3	NA	NA	"AAGATCCGGTCCACAAAGCTGGAGGACTCAGCCATGTACTTCTGTGCCAGCAGCCCGGGACTAGCGAGGGAGCAGTACTTCGGGCCG"	FALSE	TRUE	NA	NA	NA	NA
"TGGAGTCGCCCAGCCCCAACCAGACCTCTCTGTACTTCTGTGCCAGCAGGTATACCGACAGGGGTCGCTGAAGCTTTCTTTGGACAA"	""	"TGGAGTCGCCCAGCCCCAACCAGACCTCTCTGTACTTCTGTGCCAGCAGGTATACCGACAGGGGTCGCTGAAGCTTTCTTTGGACAA"	""	"TCRBV27-1*1"	"TCRBD1-1*1"	"TCRBJ1-1*1"	49	56	64	67	7	3	NA	NA	"TGGAGTCGCCCAGCCCCAACCAGACCTCTCTGTACTTCTGTGCCAGCAGGTATACCGACAGGGGTCGCTGAAGCTTTCTTTGGACAA"	FALSE	FALSE	NA	NA	NA	NA
"CCCTCAGAACCCAGGGACTCAGCTGTGTACTTCTGTGCCAGCAGTTTAGCGGCAGGTGTTGATAATTCACCCCTCCACTTTGGGAAT"	"CASSLAAGVDNSPLHF"	"CCCTCAGAACCCAGGGACTCAGCTGTGTACTTCTGTGCCAGCAGTTTAGCGGCAGGTGTTGATAATTCACCCCTCCACTTTGGGAAT"	"CASSLAAGVDNSPLHF"	NA	"TCRBD1-1*1"	"TCRBJ1-6*1"	50	52	56	61	2	5	NA	NA	"CCCTCAGAACCCAGGGACTCAGCTGTGTACTTCTGTGCCAGCAGTTTAGCGGCAGGTGTTGATAATTCACCCCTCCACTTTGGGAAT"	FALSE	TRUE	NA	NA	NA	NA
"CGGCTGCTCCCTCCCAGACATCTGTGTACTTCTGTGCCAGCAGGGGTGTGCGCAGGGAAAGCCAAAAACATTCAGTACTTCGGCGCC"	""	"CGGCTGCTCCCTCCCAGACATCTGTGTACTTCTGTGCCAGCAGGGGTGTGCGCAGGGAAAGCCAAAAACATTCAGTACTTCGGCGCC"	""	NA	"TCRBD1-1*1"	"TCRBJ2-4*1"	43	52	57	59	9	2	NA	NA	"CGGCTGCTCCCTCCCAGACATCTGTGTACTTCTGTGCCAGCAGGGGTGTGCGCAGGGAAAGCCAAAAACATTCAGTACTTCGGCGCC"	FALSE	FALSE	NA	NA	NA	NA
"GAGTCTGCCATCCCCAACCAGACAGCTCTTTACTTCTGTGCCACCAGTGATTTTACACAGGGTGGGGATACGCAGTATTTTGGCCCA"	"CATSDFTQGGDTQYF"	"GAGTCTGCCATCCCCAACCAGACAGCTCTTTACTTCTGTGCCACCAGTGATTTTACACAGGGTGGGGATACGCAGTATTTTGGCCCA"	"CATSDFTQGGDTQYF"	"TCRBV24-1*1"	"TCRBD1-1*1"	"TCRBJ2-3*1"	53	56	62	66	3	4	NA	NA	"GAGTCTGCCATCCCCAACCAGACAGCTCTTTACTTCTGTGCCACCAGTGATTTTACACAGGGTGGGGATACGCAGTATTTTGGCCCA"	FALSE	TRUE	NA	NA	NA	NA
"AACGGCTTGGTGCTGGACGACTCGGCCCTGTATCTCTGTGCCAGCAGGGCCGGGACTGCGAACACCGGGGAGCTGTTTTTTGGAGAA"	"CASRAGTANTGELFF"	"AACGGCTTGGTGCTGGACGACTCGGCCCTGTATCTCTGTGCCAGCAGGGCCGGGACTGCGAACACCGGGGAGCTGTTTTTTGGAGAA"	"CASRAGTANTGELFF"	"TCRBV5-4*1"	"TCRBD2-1"	"TCRBJ2-2*1"	47	51	57	58	4	1	NA	NA	"AACGGCTTGGTGCTGGACGACTCGGCCCTGTATCTCTGTGCCAGCAGGGCCGGGACTGCGAACACCGGGGAGCTGTTTTTTGGAGAA"	FALSE	TRUE	NA	NA	NA	NA
"CGCACAGAGCAGGGGGACTCGGCCATGTATCTCTGTGCCAGCAGCTTAGCTATCGGGTCCCTCGGTGAAAAACTGTTTTTTGGCAGT"	"CASSLAIGSLGEKLFF"	"CGCACAGAGCAGGGGGACTCGGCCATGTATCTCTGTGCCAGCAGCTTAGCTATCGGGTCCCTCGGTGAAAAACTGTTTTTTGGCAGT"	"CASSLAIGSLGEKLFF"	"TCRBV7-9*1"	"TCRBD2-1"	"TCRBJ1-4*1"	50	53	57	65	3	8	NA	NA	"CGCACAGAGCAGGGGGACTCGGCCATGTATCTCTGTGCCAGCAGCTTAGCTATCGGGTCCCTCGGTGAAAAACTGTTTTTTGGCAGT"	FALSE	TRUE	NA	NA	NA	NA
"TCCCTGGAGCTTGGTGACTCTGCTGTGTATTTCTGTGCCAGCAGCCTCTTAGCGGGAAAGGTGGCCGGGGAGCTGTTTTTTGGAGAA"	"CASSLLAGKVAGELFF"	"TCCCTGGAGCTTGGTGACTCTGCTGTGTATTTCTGTGCCAGCAGCCTCTTAGCGGGAAAGGTGGCCGGGGAGCTGTTTTTTGGAGAA"	"CASSLLAGKVAGELFF"	"TCRBV3-1/3-2*1"	"TCRBD2-1*2"	"TCRBJ2-2*1"	46	49	57	64	3	7	NA	NA	"TCCCTGGAGCTTGGTGACTCTGCTGTGTATTTCTGTGCCAGCAGCCTCTTAGCGGGAAAGGTGGCCGGGGAGCTGTTTTTTGGAGAA"	FALSE	TRUE	NA	NA	NA	NA
"AAGATCCGGTCCACAAAGCTGGAGGACTCAGCCATGTACTTCTGTGCCAGCAGTGCAGGGGGTTACTACGAGCAGTACTTCGGGCCG"	"CASSAGGYYEQYF"	"AAGATCCGGTCCACAAAGCTGGAGGACTCAGCCATGTACTTCTGTGCCAGCAGTGCAGGGGGTTACTACGAGCAGTACTTCGGGCCG"	"CASSAGGYYEQYF"	"TCRBV2-1"	"TCRBD1-1*1"	"TCRBJ2-7*1"	-1	55	62	65	56	3	NA	NA	"AAGATCCGGTCCACAAAGCTGGAGGACTCAGCCATGTACTTCTGTGCCAGCAGTGCAGGGGGTTACTACGAGCAGTACTTCGGGCCG"	FALSE	TRUE	NA	NA	NA	NA
"GGAGTCGCCCAGCCCCAACCAGACCTCTCTGTACTTCTGTGCCAGCAGTTTACAAAGCGGGAGAACTACGAGCAGTACTTCGGGCCG"	""	"GGAGTCGCCCAGCCCCAACCAGACCTCTCTGTACTTCTGTGCCAGCAGTTTACAAAGCGGGAGAACTACGAGCAGTACTTCGGGCCG"	""	"TCRBV27-1*1"	"TCRBD2-1*2"	"TCRBJ2-7*1"	52	55	63	65	3	2	NA	NA	"GGAGTCGCCCAGCCCCAACCAGACCTCTCTGTACTTCTGTGCCAGCAGTTTACAAAGCGGGAGAACTACGAGCAGTACTTCGGGCCG"	FALSE	FALSE	NA	NA	NA	NA
"AGCTGGGGGACTCGGCCCTTTATCTTTGCGCCAGCAGCTTGGAATTGGAGGGACCGTAAGTTGAACACTGAAGCTTTCTTTGGACAA"	""	"AGCTGGGGGACTCGGCCCTTTATCTTTGCGCCAGCAGCTTGGAATTGGAGGGACCGTAAGTTGAACACTGAAGCTTTCTTTGGACAA"	""	"TCRBV5-1*1"	"TCRBD2-1*2"	"TCRBJ1-1*1"	42	46	52	61	4	9	NA	NA	"AGCTGGGGGACTCGGCCCTTTATCTTTGCGCCAGCAGCTTGGAATTGGAGGGACCGTAAGTTGAACACTGAAGCTTTCTTTGGACAA"	FALSE	FALSE	NA	NA	NA	NA
"ACATCGGCCCAAAAGAACCCGACAGCTTTCTATCTCTGTGCCAGTAGTACCCACGAGGGGGCTAATGAAAAACTGTTTTTTGGCAGT"	"CASSTHEGANEKLFF"	"ACATCGGCCCAAAAGAACCCGACAGCTTTCTATCTCTGTGCCAGTAGTACCCACGAGGGGGCTAATGAAAAACTGTTTTTTGGCAGT"	"CASSTHEGANEKLFF"	"TCRBV19-1*1"	"TCRBD1-1*1"	"TCRBJ1-4*1"	49	55	-1	61	6	62	NA	NA	"ACATCGGCCCAAAAGAACCCGACAGCTTTCTATCTCTGTGCCAGTAGTACCCACGAGGGGGCTAATGAAAAACTGTTTTTTGGCAGT"	FALSE	TRUE	NA	NA	NA	NA
"TCTGCCATCCCCAACCAGACAGCTCTTTACTTCTGTGCCACCAGTGATGACAGGGGGGCGGAGGATCAGCCCCAGCATTTTGGTGAT"	"CATSDDRGAEDQPQHF"	"TCTGCCATCCCCAACCAGACAGCTCTTTACTTCTGTGCCACCAGTGATGACAGGGGGGCGGAGGATCAGCCCCAGCATTTTGGTGAT"	"CATSDDRGAEDQPQHF"	"TCRBV24-1*1"	"TCRBD1-1*1"	"TCRBJ1-5*1"	-1	48	57	64	49	7	NA	NA	"TCTGCCATCCCCAACCAGACAGCTCTTTACTTCTGTGCCACCAGTGATGACAGGGGGGCGGAGGATCAGCCCCAGCATTTTGGTGAT"	FALSE	TRUE	NA	NA	NA	NA
"ACATCGGCCCAAAAGAACCCGACAGCTTTCTATCTCTGTGCCAGTAGTGAAGGGACAGGGGGTGGTCAGCCCCAGCATTTTGGTGAT"	"CASSEGTGGGQPQHF"	"ACATCGGCCCAAAAGAACCCGACAGCTTTCTATCTCTGTGCCAGTAGTGAAGGGACAGGGGGTGGTCAGCCCCAGCATTTTGGTGAT"	"CASSEGTGGGQPQHF"	"TCRBV19-1*1"	"TCRBD1-1*1"	"TCRBJ1-5*1"	48	51	62	65	3	3	NA	NA	"ACATCGGCCCAAAAGAACCCGACAGCTTTCTATCTCTGTGCCAGTAGTGAAGGGACAGGGGGTGGTCAGCCCCAGCATTTTGGTGAT"	FALSE	TRUE	NA	NA	NA	NA
"GAGTCAGGGGACACAGCACTGTATTTCTGTGCCAGCAGCCCGAAGGGAAGGGGTAGGGACGACACCGGGGAGCTGTTTTTTGGAGAA"	"CASSPKGRGRDDTGELFF"	"GAGTCAGGGGACACAGCACTGTATTTCTGTGCCAGCAGCCCGAAGGGAAGGGGTAGGGACGACACCGGGGAGCTGTTTTTTGGAGAA"	"CASSPKGRGRDDTGELFF"	"TCRBV21-1*1"	NA	"TCRBJ2-2*1"	39	55	60	61	16	1	NA	NA	"GAGTCAGGGGACACAGCACTGTATTTCTGTGCCAGCAGCCCGAAGGGAAGGGGTAGGGACGACACCGGGGAGCTGTTTTTTGGAGAA"	FALSE	TRUE	NA	NA	NA	NA
"CAGCCAGAAGACTCAGCCCTGTATCTCTGCGCCAGCAGCCAATATGGGCCGGGAGGGCCGAGCACAGATACGCAGTATTTTGGCCCA"	"CASSQYGPGGPSTDTQYF"	"CAGCCAGAAGACTCAGCCCTGTATCTCTGCGCCAGCAGCCAATATGGGCCGGGAGGGCCGAGCACAGATACGCAGTATTTTGGCCCA"	"CASSQYGPGGPSTDTQYF"	"TCRBV4-1*1"	"TCRBD2-1*2"	"TCRBJ2-3*1"	42	49	57	60	7	3	NA	NA	"CAGCCAGAAGACTCAGCCCTGTATCTCTGCGCCAGCAGCCAATATGGGCCGGGAGGGCCGAGCACAGATACGCAGTATTTTGGCCCA"	FALSE	TRUE	NA	NA	NA	NA
"CTTGGAGCTGGGGGACTCGGCCCTTTATCTTTGCGCCAGCAAACTCCGGGACTCAGTAAAGTCTCATTTGAGCAGTTCTTCGGGCCA"	""	"CTTGGAGCTGGGGGACTCGGCCCTTTATCTTTGCGCCAGCAAACTCCGGGACTCAGTAAAGTCTCATTTGAGCAGTTCTTCGGGCCA"	""	"TCRBV5-1*1"	"TCRBD2-1"	"TCRBJ2-1*1"	41	47	53	68	6	15	NA	NA	"CTTGGAGCTGGGGGACTCGGCCCTTTATCTTTGCGCCAGCAAACTCCGGGACTCAGTAAAGTCTCATTTGAGCAGTTCTTCGGGCCA"	FALSE	FALSE	NA	NA	NA	NA
"ATCCAGCAGGTAGTGCGAGGAGATTCGGCAGCTTATTTCTGTGCCAGCTCCCGGGACACGGGCACCTACGAGCAGTACTTCGGGCCG"	"CASSRDTGTYEQYF"	"ATCCAGCAGGTAGTGCGAGGAGATTCGGCAGCTTATTTCTGTGCCAGCTCCCGGGACACGGGCACCTACGAGCAGTACTTCGGGCCG"	"CASSRDTGTYEQYF"	"TCRBV18-1*1"	"TCRBD1-1*1"	"TCRBJ2-7*1"	50	52	58	64	2	6	NA	NA	"ATCCAGCAGGTAGTGCGAGGAGATTCGGCAGCTTATTTCTGTGCCAGCTCCCGGGACACGGGCACCTACGAGCAGTACTTCGGGCCG"	FALSE	TRUE	NA	NA	NA	NA
"CATCGGCCCAAAAGAACCCGACAGCTTTCTATCTCTGTGCCAGTATTGGGACGCCAGGCTTCTTTCTACGAGCAGTACTTCGGGCCG"	""	"CATCGGCCCAAAAGAACCCGACAGCTTTCTATCTCTGTGCCAGTATTGGGACGCCAGGCTTCTTTCTACGAGCAGTACTTCGGGCCG"	""	"TCRBV19-1*1"	NA	"TCRBJ2-7*1"	45	47	52	65	2	13	NA	NA	"CATCGGCCCAAAAGAACCCGACAGCTTTCTATCTCTGTGCCAGTATTGGGACGCCAGGCTTCTTTCTACGAGCAGTACTTCGGGCCG"	FALSE	FALSE	NA	NA	NA	NA
"GCTCCCTCCCAAACATCTGTGTACTTCTGTGCCAGCAGTTATTTGACGGGACAGGGGGGATCCAAAAACATTCAGTACTTCGGCGCC"	"CASSYLTGQGGSKNIQYF"	"GCTCCCTCCCAAACATCTGTGTACTTCTGTGCCAGCAGTTATTTGACGGGACAGGGGGGATCCAAAAACATTCAGTACTTCGGCGCC"	"CASSYLTGQGGSKNIQYF"	"TCRBV6-2/6-3*1"	"TCRBD1-1*1"	"TCRBJ2-4*1"	41	47	58	61	6	3	NA	NA	"GCTCCCTCCCAAACATCTGTGTACTTCTGTGCCAGCAGTTATTTGACGGGACAGGGGGGATCCAAAAACATTCAGTACTTCGGCGCC"	FALSE	TRUE	NA	NA	NA	NA
"ACGATCCAGCGCACAGAGCAGGGGGACTCGGCCATGTATCTCTGTGCCAGCAGCCCTTCTGGGGCGACTGAAGCTTTCTTTGGACAA"	"CASSPSGATEAFF"	"ACGATCCAGCGCACAGAGCAGGGGGACTCGGCCATGTATCTCTGTGCCAGCAGCCCTTCTGGGGCGACTGAAGCTTTCTTTGGACAA"	"CASSPSGATEAFF"	"TCRBV7-9*1"	"TCRBD1-1*1"	"TCRBJ1-1*1"	54	60	65	66	6	1	NA	NA	"ACGATCCAGCGCACAGAGCAGGGGGACTCGGCCATGTATCTCTGTGCCAGCAGCCCTTCTGGGGCGACTGAAGCTTTCTTTGGACAA"	FALSE	TRUE	NA	NA	NA	NA
"CTGGAGTTGGCTGCTCCCTCCCAGACATCTGTGTACTTCTGTGCCAGCAGTCCGATCTGAGGGGAAGAGACCCAGTACTTCGGGCCA"	"CASSPI*GEETQYF"	"CTGGAGTTGGCTGCTCCCTCCCAGACATCTGTGTACTTCTGTGCCAGCAGTCCGATCTGAGGGGAAGAGACCCAGTACTTCGGGCCA"	"CASSPI*GEETQYF"	"TCRBV6-6*4"	NA	"TCRBJ2-5*1"	52	59	-1	64	7	65	NA	NA	"CTGGAGTTGGCTGCTCCCTCCCAGACATCTGTGTACTTCTGTGCCAGCAGTCCGATCTGAGGGGAAGAGACCCAGTACTTCGGGCCA"	FALSE	TRUE	NA	NA	NA	NA
"AGCACCTTGGAGCTGGGGGACTCGGCCCTTTATCTTTGCGCCAGCAGCTGGGAGACAGGGCTGAACACTGAAGCTTTCTTTGGACAA"	"CASSWETGLNTEAFF"	"AGCACCTTGGAGCTGGGGGACTCGGCCCTTTATCTTTGCGCCAGCAGCTGGGAGACAGGGCTGAACACTGAAGCTTTCTTTGGACAA"	"CASSWETGLNTEAFF"	"TCRBV5-1*1"	"TCRBD1-1*1"	"TCRBJ1-1*1"	49	53	60	61	4	1	NA	NA	"AGCACCTTGGAGCTGGGGGACTCGGCCCTTTATCTTTGCGCCAGCAGCTGGGAGACAGGGCTGAACACTGAAGCTTTCTTTGGACAA"	FALSE	TRUE	NA	NA	NA	NA
"AGCGCACAGAGCGGGGGGACTCAGCCGTGTATCTCTGTGCCAGCAGCCACGGGGGGGGAGCCCACCGGGGAGCTGTTTTTTGGAGAA"	""	"AGCGCACAGAGCGGGGGGACTCAGCCGTGTATCTCTGTGCCAGCAGCCACGGGGGGGGAGCCCACCGGGGAGCTGTTTTTTGGAGAA"	""	"TCRBV7-3*1"	"TCRBD2-1*1"	"TCRBJ2-2*1"	47	49	57	62	2	5	NA	NA	"AGCGCACAGAGCGGGGGGACTCAGCCGTGTATCTCTGTGCCAGCAGCCACGGGGGGGGAGCCCACCGGGGAGCTGTTTTTTGGAGAA"	FALSE	FALSE	NA	NA	NA	NA
"GCTGAATGTGAACGCCTTGGAGCTGGAGGACTCGGCCCTGTATCTCTGTGCCAGCAGCCCCTTGAGGATACGCAGTATTTTGGCCCA"	""	"GCTGAATGTGAACGCCTTGGAGCTGGAGGACTCGGCCCTGTATCTCTGTGCCAGCAGCCCCTTGAGGATACGCAGTATTTTGGCCCA"	""	"TCRBV5-8*1"	"TCRBD2-1*2"	"TCRBJ2-3*1"	58	63	-1	66	5	67	NA	NA	"GCTGAATGTGAACGCCTTGGAGCTGGAGGACTCGGCCCTGTATCTCTGTGCCAGCAGCCCCTTGAGGATACGCAGTATTTTGGCCCA"	FALSE	FALSE	NA	NA	NA	NA
"TACCCGCTCCCAGACATCTGTGTATTTCTGCGCCAGCAGTGACCCTGGACTAGTAGACTAGCCAAAAACATTCAGTACTTCGGCGCC"	""	"TACCCGCTCCCAGACATCTGTGTATTTCTGCGCCAGCAGTGACCCTGGACTAGTAGACTAGCCAAAAACATTCAGTACTTCGGCGCC"	""	"TCRBV1-2*1"	"TCRBD2-1"	"TCRBJ2-4*1"	42	46	53	59	4	6	NA	NA	"TACCCGCTCCCAGACATCTGTGTATTTCTGCGCCAGCAGTGACCCTGGACTAGTAGACTAGCCAAAAACATTCAGTACTTCGGCGCC"	FALSE	FALSE	NA	NA	NA	NA
"ACAGAGCAGGAGGACTCGGCCGTGTATCTCTGTGCCAGCAGCTTAGGAGGACAGGGGGGGAGAACCTACGAGCAGTACTTCGGGCCG"	"CASSLGGQGGRTYEQYF"	"ACAGAGCAGGAGGACTCGGCCGTGTATCTCTGTGCCAGCAGCTTAGGAGGACAGGGGGGGAGAACCTACGAGCAGTACTTCGGGCCG"	"CASSLGGQGGRTYEQYF"	"TCRBV7-2"	"TCRBD1-1*1"	"TCRBJ2-7*1"	46	48	58	64	2	6	NA	NA	"ACAGAGCAGGAGGACTCGGCCGTGTATCTCTGTGCCAGCAGCTTAGGAGGACAGGGGGGGAGAACCTACGAGCAGTACTTCGGGCCG"	FALSE	TRUE	NA	NA	NA	NA
"TCACCAGGCCTGGGGGACGCAGCCATGTACCTGTGTGCCACCAGCAGAGGGGAGACAGGACCTCTCTACGAGCAGTACTTCGGGCCG"	"CATSRGETGPLYEQYF"	"TCACCAGGCCTGGGGGACGCAGCCATGTACCTGTGTGCCACCAGCAGAGGGGAGACAGGACCTCTCTACGAGCAGTACTTCGGGCCG"	"CATSRGETGPLYEQYF"	"TCRBV15-1*2"	"TCRBD1-1*1"	"TCRBJ2-7*1"	49	53	59	65	4	6	NA	NA	"TCACCAGGCCTGGGGGACGCAGCCATGTACCTGTGTGCCACCAGCAGAGGGGAGACAGGACCTCTCTACGAGCAGTACTTCGGGCCG"	FALSE	TRUE	NA	NA	NA	NA
"ACCAGACCTCTCTGTACTTCTGTGCCAGCAGCTCCCCCCCGTAGGGGTAGCGGGAGTTCAACGTCTTACGAGCAGTACTTCGGGCCG"	""	"ACCAGACCTCTCTGTACTTCTGTGCCAGCAGCTCCCCCCCGTAGGGGTAGCGGGAGTTCAACGTCTTACGAGCAGTACTTCGGGCCG"	""	"TCRBV27-1*1"	"TCRBD2-1*2"	"TCRBJ2-7*1"	31	47	56	66	16	10	NA	NA	"ACCAGACCTCTCTGTACTTCTGTGCCAGCAGCTCCCCCCCGTAGGGGTAGCGGGAGTTCAACGTCTTACGAGCAGTACTTCGGGCCG"	FALSE	FALSE	NA	NA	NA	NA
"CTGATCCTGGAGTCGCCCAGCCCCAACCAGACCTCTCTGTACTTCTGTGCCAGCAGTTCTGGGGGCAATGAGCAGTTCTTCGGGCCA"	"CASSSGGNEQFF"	"CTGATCCTGGAGTCGCCCAGCCCCAACCAGACCTCTCTGTACTTCTGTGCCAGCAGTTCTGGGGGCAATGAGCAGTTCTTCGGGCCA"	"CASSSGGNEQFF"	"TCRBV27-1*1"	NA	"TCRBJ2-1*1"	58	60	-1	65	2	66	NA	NA	"CTGATCCTGGAGTCGCCCAGCCCCAACCAGACCTCTCTGTACTTCTGTGCCAGCAGTTCTGGGGGCAATGAGCAGTTCTTCGGGCCA"	FALSE	TRUE	NA	NA	NA	NA
"GCGTCTGCTGTACCCTCTCAGACATCTGTGTACTTCTGTGCCAGCAGTGAAGGTTTGGCAGGGGGCGAAAAACTGTTTTTTGGCAGT"	"CASSEGLAGGEKLFF"	"GCGTCTGCTGTACCCTCTCAGACATCTGTGTACTTCTGTGCCAGCAGTGAAGGTTTGGCAGGGGGCGAAAAACTGTTTTTTGGCAGT"	"CASSEGLAGGEKLFF"	"TCRBV6-4*1"	"TCRBD1-1*1"	"TCRBJ1-4*1"	50	58	-1	66	8	67	NA	NA	"GCGTCTGCTGTACCCTCTCAGACATCTGTGTACTTCTGTGCCAGCAGTGAAGGTTTGGCAGGGGGCGAAAAACTGTTTTTTGGCAGT"	FALSE	TRUE	NA	NA	NA	NA
"CTGACGATCCAGCGCACAGAGCAGGAGGACTCGGCCGTGTATCTCTGTGCCAGCAGCTTATCTCGCAATGAGCAGTTCTTCGGGCCA"	"CASSLSRNEQFF"	"CTGACGATCCAGCGCACAGAGCAGGAGGACTCGGCCGTGTATCTCTGTGCCAGCAGCTTATCTCGCAATGAGCAGTTCTTCGGGCCA"	"CASSLSRNEQFF"	"TCRBV7-2"	"TCRBD2-1"	"TCRBJ2-1*1"	60	61	63	65	1	2	NA	NA	"CTGACGATCCAGCGCACAGAGCAGGAGGACTCGGCCGTGTATCTCTGTGCCAGCAGCTTATCTCGCAATGAGCAGTTCTTCGGGCCA"	FALSE	TRUE	NA	NA	NA	NA
"ACGATCCAGCGCACAGAGCAGGAGGACTCGGCCGTGTATCTCTGTGCCAGCAGCTTACTAGCGGGAGAGACCCAGTACTTCGGGCCA"	"CASSLLAGETQYF"	"ACGATCCAGCGCACAGAGCAGGAGGACTCGGCCGTGTATCTCTGTGCCAGCAGCTTACTAGCGGGAGAGACCCAGTACTTCGGGCCA"	"CASSLLAGETQYF"	"TCRBV7-2"	"TCRBD2-1"	"TCRBJ2-5*1"	-1	57	-1	65	58	66	NA	NA	"ACGATCCAGCGCACAGAGCAGGAGGACTCGGCCGTGTATCTCTGTGCCAGCAGCTTACTAGCGGGAGAGACCCAGTACTTCGGGCCA"	FALSE	TRUE	NA	NA	NA	NA
"ACCAGTGCCCATCCTGAAGACAGCAGCTTCTACATCTGCAGTGCTCACGCCCGGGGACTAGCGATATACGAGCAGTACTTCGGGCCG"	"CSAHARGLAIYEQYF"	"ACCAGTGCCCATCCTGAAGACAGCAGCTTCTACATCTGCAGTGCTCACGCCCGGGGACTAGCGATATACGAGCAGTACTTCGGGCCG"	"CSAHARGLAIYEQYF"	NA	"TCRBD2-1"	"TCRBJ2-7*1"	45	53	63	66	8	3	NA	NA	"ACCAGTGCCCATCCTGAAGACAGCAGCTTCTACATCTGCAGTGCTCACGCCCGGGGACTAGCGATATACGAGCAGTACTTCGGGCCG"	FALSE	TRUE	NA	NA	NA	NA
"CTGCCATCCCCAACCAGACAGCTCTTTACTTCTGTGCCACCAGTGACCGCCCCTACCTGACAGGGCAATGAGCAGTTCTTCGGGCCA"	""	"CTGCCATCCCCAACCAGACAGCTCTTTACTTCTGTGCCACCAGTGACCGCCCCTACCTGACAGGGCAATGAGCAGTTCTTCGGGCCA"	""	"TCRBV24-1*1"	"TCRBD1-1*1"	"TCRBJ2-1*1"	46	58	-1	65	12	66	NA	NA	"CTGCCATCCCCAACCAGACAGCTCTTTACTTCTGTGCCACCAGTGACCGCCCCTACCTGACAGGGCAATGAGCAGTTCTTCGGGCCA"	FALSE	FALSE	NA	NA	NA	NA
"GTGAACGCCTTGGAGCTGGACGACTCGGCCCTGTATCTCTGTGCCAGCAGCTCTAGGGGGCTGGGCACTGAAGCTTTCTTTGGACAA"	"CASSSRGLGTEAFF"	"GTGAACGCCTTGGAGCTGGACGACTCGGCCCTGTATCTCTGTGCCAGCAGCTCTAGGGGGCTGGGCACTGAAGCTTTCTTTGGACAA"	"CASSSRGLGTEAFF"	"TCRBV5-4*1"	"TCRBD1-1*1"	"TCRBJ1-1*1"	52	54	61	65	2	4	NA	NA	"GTGAACGCCTTGGAGCTGGACGACTCGGCCCTGTATCTCTGTGCCAGCAGCTCTAGGGGGCTGGGCACTGAAGCTTTCTTTGGACAA"	FALSE	TRUE	NA	NA	NA	NA
"GTGAGCACCTTGGAGCTGGGGGACTCGGCCCTTTATCTTTGCGCCAGCTGTTAAAGGAGGGCGGGAGCTGAGCAGTTCTTCGGGCCA"	"CASC*RRAGAEQFF"	"GTGAGCACCTTGGAGCTGGGGGACTCGGCCCTTTATCTTTGCGCCAGCTGTTAAAGGAGGGCGGGAGCTGAGCAGTTCTTCGGGCCA"	"CASC*RRAGAEQFF"	"TCRBV5-1*1"	"TCRBD2-1*2"	"TCRBJ2-1*1"	48	60	67	68	12	1	NA	NA	"GTGAGCACCTTGGAGCTGGGGGACTCGGCCCTTTATCTTTGCGCCAGCTGTTAAAGGAGGGCGGGAGCTGAGCAGTTCTTCGGGCCA"	FALSE	TRUE	NA	NA	NA	NA
"ATCCAGCGCACACAGCAGGAGGACTCCGCCGTGTATCTCTGTGCCAGCAGCTTAGGAGCTATTTACAATGAGCAGTTCTTCGGGCCA"	"CASSLGAIYNEQFF"	"ATCCAGCGCACACAGCAGGAGGACTCCGCCGTGTATCTCTGTGCCAGCAGCTTAGGAGCTATTTACAATGAGCAGTTCTTCGGGCCA"	"CASSLGAIYNEQFF"	"TCRBV7-8*1"	"TCRBD2-1"	"TCRBJ2-1*1"	55	58	61	63	3	2	NA	NA	"ATCCAGCGCACACAGCAGGAGGACTCCGCCGTGTATCTCTGTGCCAGCAGCTTAGGAGCTATTTACAATGAGCAGTTCTTCGGGCCA"	FALSE	TRUE	NA	NA	NA	NA
"NNNNNNNNTGTCGGCTGCTCCCTCCCAGACATCTGTGTACTTCTGTGCCAGCAACGTTAAGTACACAACATTCAGTACTTCGGCGCC"	""	"NNNNNNNNTGTCGGCTGCTCCCTCCCAGACATCTGTGTACTTCTGTGCCAGCAACGTTAAGTACACAACATTCAGTACTTCGGCGCC"	""	"TCRBV6-5*1"	"TCRBD1-1*1"	"TCRBJ2-4*1"	53	62	65	66	9	1	NA	NA	"NNNNNNNNTGTCGGCTGCTCCCTCCCAGACATCTGTGTACTTCTGTGCCAGCAACGTTAAGTACACAACATTCAGTACTTCGGCGCC"	FALSE	FALSE	NA	NA	NA	NA
"CACCTACACGCCCTGCAGCCAGAAGACTCAGCCCTGTATCTCTGCGCCAGCAGCCAGGTAGAGGGGACTGAAGCTTTCTTTGGACAA"	"CASSQVEGTEAFF"	"CACCTACACGCCCTGCAGCCAGAAGACTCAGCCCTGTATCTCTGCGCCAGCAGCCAGGTAGAGGGGACTGAAGCTTTCTTTGGACAA"	"CASSQVEGTEAFF"	"TCRBV4-1*1"	NA	"TCRBJ1-1*1"	56	61	-1	66	5	67	NA	NA	"CACCTACACGCCCTGCAGCCAGAAGACTCAGCCCTGTATCTCTGCGCCAGCAGCCAGGTAGAGGGGACTGAAGCTTTCTTTGGACAA"	FALSE	TRUE	NA	NA	NA	NA
"AGCACTGTATTTCTGTGCCAGCAGCTTCATTAACTAACACAGGGGGCGGTAACAATCTCTGGGGCCAACGTCCTGACTTTCGGGGCC"	""	"AGCACTGTATTTCTGTGCCAGCAGCTTCATTAACTAACACAGGGGGCGGTAACAATCTCTGGGGCCAACGTCCTGACTTTCGGGGCC"	""	"TCRBV21-1*1"	"TCRBD1-1*1"	"TCRBJ2-6*1"	25	38	47	56	13	9	NA	NA	"AGCACTGTATTTCTGTGCCAGCAGCTTCATTAACTAACACAGGGGGCGGTAACAATCTCTGGGGCCAACGTCCTGACTTTCGGGGCC"	FALSE	FALSE	NA	NA	NA	NA
"TCACTCTGGAGTCTGCTGCCTCCTCCCAGACATCTGTATATTTCTGCGCCAGCAGTGCGTGCTCTGACTGAGCAGTTCTTCGGGCCA"	""	"TCACTCTGGAGTCTGCTGCCTCCTCCCAGACATCTGTATATTTCTGCGCCAGCAGTGCGTGCTCTGACTGAGCAGTTCTTCGGGCCA"	""	"TCRBV1-1*1"	NA	"TCRBJ2-1*1"	57	65	-1	68	8	69	NA	NA	"TCACTCTGGAGTCTGCTGCCTCCTCCCAGACATCTGTATATTTCTGCGCCAGCAGTGCGTGCTCTGACTGAGCAGTTCTTCGGGCCA"	FALSE	FALSE	NA	NA	NA	NA
"TCTGGAGCTGGGGGACTCAGCTTTGTATTTCTGTGCCAGCAGCCCGGAGACCGGGACTAGCGACCCTACGAGCAGTACTTCGGGCCG"	""	"TCTGGAGCTGGGGGACTCAGCTTTGTATTTCTGTGCCAGCAGCCCGGAGACCGGGACTAGCGACCCTACGAGCAGTACTTCGGGCCG"	""	"TCRBV9-1*1"	"TCRBD2-1"	"TCRBJ2-7*1"	43	52	62	64	9	2	NA	NA	"TCTGGAGCTGGGGGACTCAGCTTTGTATTTCTGTGCCAGCAGCCCGGAGACCGGGACTAGCGACCCTACGAGCAGTACTTCGGGCCG"	FALSE	FALSE	NA	NA	NA	NA
"CACGGAGTCAGGGGACACAGCACTGTATTTCTGTGCCAGCGTACATGGACAGATGGACGCGACATGGGGACCCAGTACTTCGGGCCA"	""	"CACGGAGTCAGGGGACACAGCACTGTATTTCTGTGCCAGCGTACATGGACAGATGGACGCGACATGGGGACCCAGTACTTCGGGCCA"	""	"TCRBV21-1*1"	"TCRBD1-1*1"	"TCRBJ2-5*1"	40	46	52	68	6	16	NA	NA	"CACGGAGTCAGGGGACACAGCACTGTATTTCTGTGCCAGCGTACATGGACAGATGGACGCGACATGGGGACCCAGTACTTCGGGCCA"	FALSE	FALSE	NA	NA	NA	NA
"CGGCCCAAAAGAACCCGACAGCTTTCTATCTCTGTGCCAGTACCAGGGGCATACTAGCGCCCAACAGATACGCAGTATTTTGGCCCA"	""	"CGGCCCAAAAGAACCCGACAGCTTTCTATCTCTGTGCCAGTACCAGGGGCATACTAGCGCCCAACAGATACGCAGTATTTTGGCCCA"	""	"TCRBV19-1*1"	"TCRBD2-1"	"TCRBJ2-3*1"	42	52	59	63	10	4	NA	NA	"CGGCCCAAAAGAACCCGACAGCTTTCTATCTCTGTGCCAGTACCAGGGGCATACTAGCGCCCAACAGATACGCAGTATTTTGGCCCA"	FALSE	FALSE	NA	NA	NA	NA
"AGCCCCAACCAGACCTCTCTGTACTTCTGTGCCAGCAGTTTAAGTGGGAGGGCCCTCTTTAGGTCCTACGAGCAGTACTTCGGGCCG"	"CASSLSGRALFRSYEQYF"	"AGCCCCAACCAGACCTCTCTGTACTTCTGTGCCAGCAGTTTAAGTGGGAGGGCCCTCTTTAGGTCCTACGAGCAGTACTTCGGGCCG"	"CASSLSGRALFRSYEQYF"	"TCRBV27-1*1"	"TCRBD2-1*2"	"TCRBJ2-7*1"	42	45	52	63	3	11	NA	NA	"AGCCCCAACCAGACCTCTCTGTACTTCTGTGCCAGCAGTTTAAGTGGGAGGGCCCTCTTTAGGTCCTACGAGCAGTACTTCGGGCCG"	FALSE	TRUE	NA	NA	NA	NA
"CCAGCGCACAGAGCAGGAGGACTCGGCCGTGTATCTCTGTGCCAGCAGCTTAACTAGCGGGAATCCTACGAGCAGTACTTCGGGCCG"	""	"CCAGCGCACAGAGCAGGAGGACTCGGCCGTGTATCTCTGTGCCAGCAGCTTAACTAGCGGGAATCCTACGAGCAGTACTTCGGGCCG"	""	"TCRBV7-2"	"TCRBD2-1*2"	"TCRBJ2-7*1"	-1	52	62	63	53	1	NA	NA	"CCAGCGCACAGAGCAGGAGGACTCGGCCGTGTATCTCTGTGCCAGCAGCTTAACTAGCGGGAATCCTACGAGCAGTACTTCGGGCCG"	FALSE	FALSE	NA	NA	NA	NA
"ATCCAGCCTGCAGAGCTTGGGGACTCGGCCGTGTATCTCTGTGCCAGCAGCTTATACACTCGGGCCGGCGAGCAGTTCTTCGGGCCA"	"CASSLYTRAGEQFF"	"ATCCAGCCTGCAGAGCTTGGGGACTCGGCCGTGTATCTCTGTGCCAGCAGCTTATACACTCGGGCCGGCGAGCAGTTCTTCGGGCCA"	"CASSLYTRAGEQFF"	"TCRBV11-3*1"	NA	"TCRBJ2-1*1"	54	61	65	69	7	4	NA	NA	"ATCCAGCCTGCAGAGCTTGGGGACTCGGCCGTGTATCTCTGTGCCAGCAGCTTATACACTCGGGCCGGCGAGCAGTTCTTCGGGCCA"	FALSE	TRUE	NA	NA	NA	NA
"CCTGCAGAGCTTGGGGACTCGGCCGTGTATCTCTGTGCCAGCAGCTTTTTCTCGGGCTCCTATAATTCACCCCTCCACTTTGGGAAT"	"CASSFFSGSYNSPLHF"	"CCTGCAGAGCTTGGGGACTCGGCCGTGTATCTCTGTGCCAGCAGCTTTTTCTCGGGCTCCTATAATTCACCCCTCCACTTTGGGAAT"	"CASSFFSGSYNSPLHF"	"TCRBV11-3*1"	"TCRBD2-1"	"TCRBJ1-6*1"	47	52	-1	56	5	57	NA	NA	"CCTGCAGAGCTTGGGGACTCGGCCGTGTATCTCTGTGCCAGCAGCTTTTTCTCGGGCTCCTATAATTCACCCCTCCACTTTGGGAAT"	FALSE	TRUE	NA	NA	NA	NA
"AATTCCCTGGAGCTTGGTGACTCTGCTGTGTATTTCTGTGCCAGCAGCCAAAGGACCGATCTTAACTATGGCTACACCTTCGGTTCG"	"CASSQRTDLNYGYTF"	"AATTCCCTGGAGCTTGGTGACTCTGCTGTGTATTTCTGTGCCAGCAGCCAAAGGACCGATCTTAACTATGGCTACACCTTCGGTTCG"	"CASSQRTDLNYGYTF"	"TCRBV3-1/3-2*1"	NA	"TCRBJ1-2*1"	51	52	56	62	1	6	NA	NA	"AATTCCCTGGAGCTTGGTGACTCTGCTGTGTATTTCTGTGCCAGCAGCCAAAGGACCGATCTTAACTATGGCTACACCTTCGGTTCG"	FALSE	TRUE	NA	NA	NA	NA
"GCACACAGCAGGAGGACTCCGCCGTGTATCTCTGTGCCAGCAGCCCGAGAGGGCTAGTCGAGCAAAAACATTCAGTACTTCGGCGCC"	""	"GCACACAGCAGGAGGACTCCGCCGTGTATCTCTGTGCCAGCAGCCCGAGAGGGCTAGTCGAGCAAAAACATTCAGTACTTCGGCGCC"	""	"TCRBV7-8*3"	"TCRBD2-1*2"	"TCRBJ2-4*1"	45	48	53	62	3	9	NA	NA	"GCACACAGCAGGAGGACTCCGCCGTGTATCTCTGTGCCAGCAGCCCGAGAGGGCTAGTCGAGCAAAAACATTCAGTACTTCGGCGCC"	FALSE	FALSE	NA	NA	NA	NA
"AAGAAGCTCCTTCTCAGTGACTCTGGCTTCTATCTCTGTGCCTGGAGTGTGGCTCAGGGCAATGGGGAGACCCAGTACTTCGGGCCA"	"CAWSVAQGNGETQYF"	"AAGAAGCTCCTTCTCAGTGACTCTGGCTTCTATCTCTGTGCCTGGAGTGTGGCTCAGGGCAATGGGGAGACCCAGTACTTCGGGCCA"	"CAWSVAQGNGETQYF"	"TCRBV3-1*1"	"TCRBD1-1*1"	"TCRBJ2-5*1"	50	54	59	66	4	7	NA	NA	"AAGAAGCTCCTTCTCAGTGACTCTGGCTTCTATCTCTGTGCCTGGAGTGTGGCTCAGGGCAATGGGGAGACCCAGTACTTCGGGCCA"	FALSE	TRUE	NA	NA	NA	NA
"CTGGAGTCCGCCAGCACCAACCAGACATCTATGTACCTCTGTGCCAGCAGCGTGGACAGCCCTGAGGGGACCCAGTACTTCGGGCCA"	"CASSVDSPEGTQYF"	"CTGGAGTCCGCCAGCACCAACCAGACATCTATGTACCTCTGTGCCAGCAGCGTGGACAGCCCTGAGGGGACCCAGTACTTCGGGCCA"	"CASSVDSPEGTQYF"	"TCRBV28-1*1"	"TCRBD1-1*1"	"TCRBJ2-5*1"	50	53	59	68	3	9	NA	NA	"CTGGAGTCCGCCAGCACCAACCAGACATCTATGTACCTCTGTGCCAGCAGCGTGGACAGCCCTGAGGGGACCCAGTACTTCGGGCCA"	FALSE	TRUE	NA	NA	NA	NA
"AGGGGACACAGCACTGTATTTCTGTGCCAGCAGCAAAGAAGTCTAAGCACTAGCGGGAGGGCCGGTTACGAGCAGTACTTCGGGCCG"	""	"AGGGGACACAGCACTGTATTTCTGTGCCAGCAGCAAAGAAGTCTAAGCACTAGCGGGAGGGCCGGTTACGAGCAGTACTTCGGGCCG"	""	"TCRBV21-1*1"	"TCRBD2-1*2"	"TCRBJ2-7*1"	38	48	61	66	10	5	NA	NA	"AGGGGACACAGCACTGTATTTCTGTGCCAGCAGCAAAGAAGTCTAAGCACTAGCGGGAGGGCCGGTTACGAGCAGTACTTCGGGCCG"	FALSE	FALSE	NA	NA	NA	NA
"GCCTTGGAGCTGGACGACTCGGCCCTGTATCTCTGTGCCAGCAGCCCCGACCTAGCGGGGGCTTACAATGAGCAGTTCTTCGGGCCA"	"CASSPDLAGAYNEQFF"	"GCCTTGGAGCTGGACGACTCGGCCCTGTATCTCTGTGCCAGCAGCCCCGACCTAGCGGGGGCTTACAATGAGCAGTTCTTCGGGCCA"	"CASSPDLAGAYNEQFF"	"TCRBV5-4*1"	"TCRBD2-1*1"	"TCRBJ2-1*1"	45	51	61	63	6	2	NA	NA	"GCCTTGGAGCTGGACGACTCGGCCCTGTATCTCTGTGCCAGCAGCCCCGACCTAGCGGGGGCTTACAATGAGCAGTTCTTCGGGCCA"	FALSE	TRUE	NA	NA	NA	NA
"AAGATCCGGTCCACAAAGCTGGAGGACTCAGCCATGTACTTCTGTGCCAGCAGTGTAGAGGAAGAGATGGAGCAGTACTTCGGGCCG"	"CASSVEEEMEQYF"	"AAGATCCGGTCCACAAAGCTGGAGGACTCAGCCATGTACTTCTGTGCCAGCAGTGTAGAGGAAGAGATGGAGCAGTACTTCGGGCCG"	"CASSVEEEMEQYF"	"TCRBV2-1"	"TCRBD2-1*2"	"TCRBJ2-7*1"	55	57	61	69	2	8	NA	NA	"AAGATCCGGTCCACAAAGCTGGAGGACTCAGCCATGTACTTCTGTGCCAGCAGTGTAGAGGAAGAGATGGAGCAGTACTTCGGGCCG"	FALSE	TRUE	NA	NA	NA	NA
"CCCTCAGAACCCAGGGACTCAGCTGTGTACTTCTGTGCCAGCAGCTATACCGGGACTAGCGCTTTACGTGAGCAGTTCTTCGGGCCA"	"CASSYTGTSALREQFF"	"CCCTCAGAACCCAGGGACTCAGCTGTGTACTTCTGTGCCAGCAGCTATACCGGGACTAGCGCTTTACGTGAGCAGTTCTTCGGGCCA"	"CASSYTGTSALREQFF"	NA	"TCRBD2-1"	"TCRBJ2-1*1"	44	51	61	68	7	7	NA	NA	"CCCTCAGAACCCAGGGACTCAGCTGTGTACTTCTGTGCCAGCAGCTATACCGGGACTAGCGCTTTACGTGAGCAGTTCTTCGGGCCA"	FALSE	TRUE	NA	NA	NA	NA
"GCCTTGGAGCTGGACGACTCGGCCCTGTATCTCTGTGCCAGCAGCTTGAAGGGATGGGGGGCTAATTCACCCCTCCACTTTGGGAAT"	"CASSLKGWGANSPLHF"	"GCCTTGGAGCTGGACGACTCGGCCCTGTATCTCTGTGCCAGCAGCTTGAAGGGATGGGGGGCTAATTCACCCCTCCACTTTGGGAAT"	"CASSLKGWGANSPLHF"	"TCRBV5-4*1"	NA	"TCRBJ1-6*1"	48	56	-1	62	8	63	NA	NA	"GCCTTGGAGCTGGACGACTCGGCCCTGTATCTCTGTGCCAGCAGCTTGAAGGGATGGGGGGCTAATTCACCCCTCCACTTTGGGAAT"	FALSE	TRUE	NA	NA	NA	NA
"AGCACCTTGGAGCTGGGGGACTCGGCCCTTTATCTTTGCGCCAGCAGCCCGGGGGACAGGGAAAATTCACCCCTCCACTTTGGGAAT"	"CASSPGDRENSPLHF"	"AGCACCTTGGAGCTGGGGGACTCGGCCCTTTATCTTTGCGCCAGCAGCCCGGGGGACAGGGAAAATTCACCCCTCCACTTTGGGAAT"	"CASSPGDRENSPLHF"	"TCRBV5-1*1"	"TCRBD1-1*1"	"TCRBJ1-6*1"	48	52	61	63	4	2	NA	NA	"AGCACCTTGGAGCTGGGGGACTCGGCCCTTTATCTTTGCGCCAGCAGCCCGGGGGACAGGGAAAATTCACCCCTCCACTTTGGGAAT"	FALSE	TRUE	NA	NA	NA	NA
"GCCTGGGGGACGCAGCCATGTACCTGTGTGCCACCAGCAAGGCGGGCCCTTTACACCTGACTAGCGGACGAGCAGTACTTCGGGCCG"	""	"GCCTGGGGGACGCAGCCATGTACCTGTGTGCCACCAGCAAGGCGGGCCCTTTACACCTGACTAGCGGACGAGCAGTACTTCGGGCCG"	""	"TCRBV15-1*2"	"TCRBD2-1"	"TCRBJ2-7*1"	39	58	-1	67	19	68	NA	NA	"GCCTGGGGGACGCAGCCATGTACCTGTGTGCCACCAGCAAGGCGGGCCCTTTACACCTGACTAGCGGACGAGCAGTACTTCGGGCCG"	FALSE	FALSE	NA	NA	NA	NA
"GAGTCTGCTGCCTCCTCCCAGACATCTGTATATTTCTGCGCCAGCAGTGCACTAGCGGGAGGGTTCGATGAGCAGTTCTTCGGGCCA"	"CASSALAGGFDEQFF"	"GAGTCTGCTGCCTCCTCCCAGACATCTGTATATTTCTGCGCCAGCAGTGCACTAGCGGGAGGGTTCGATGAGCAGTTCTTCGGGCCA"	"CASSALAGGFDEQFF"	"TCRBV1-1*1"	"TCRBD2-1*2"	"TCRBJ2-1*1"	49	50	63	67	1	4	NA	NA	"GAGTCTGCTGCCTCCTCCCAGACATCTGTATATTTCTGCGCCAGCAGTGCACTAGCGGGAGGGTTCGATGAGCAGTTCTTCGGGCCA"	FALSE	TRUE	NA	NA	NA	NA
"AACGCCTTGGAGCTGGAGGACTCGGCCCTGTATCTCTGTGCCAGCAGCTCGACGGGGAGCGGGAGTAATACGCAGTATTTTGGCCCA"	"CASSSTGSGSNTQYF"	"AACGCCTTGGAGCTGGAGGACTCGGCCCTGTATCTCTGTGCCAGCAGCTCGACGGGGAGCGGGAGTAATACGCAGTATTTTGGCCCA"	"CASSSTGSGSNTQYF"	"TCRBV5-8*1"	"TCRBD2-1*2"	"TCRBJ2-3*1"	49	57	65	67	8	2	NA	NA	"AACGCCTTGGAGCTGGAGGACTCGGCCCTGTATCTCTGTGCCAGCAGCTCGACGGGGAGCGGGAGTAATACGCAGTATTTTGGCCCA"	FALSE	TRUE	NA	NA	NA	NA
"GATCCAGCCCTCAGAACCCAGGGACTCAGCTGTGTATTTTTGTGCTAGTGGTCCCCCCCAGTCACCTACGAGCAGTACTTCGGGCCG"	""	"GATCCAGCCCTCAGAACCCAGGGACTCAGCTGTGTATTTTTGTGCTAGTGGTCCCCCCCAGTCACCTACGAGCAGTACTTCGGGCCG"	""	"TCRBV12-5*1"	"TCRBD1-1*1"	"TCRBJ2-7*1"	52	58	61	64	6	3	NA	NA	"GATCCAGCCCTCAGAACCCAGGGACTCAGCTGTGTATTTTTGTGCTAGTGGTCCCCCCCAGTCACCTACGAGCAGTACTTCGGGCCG"	FALSE	FALSE	NA	NA	NA	NA
"TCCACAAAGCTGGAGGACTCAGCCATGTACTTCTGTGCCAGCAGTGAAGCGCGGGGAGGGTTGCAAGAGACCCAGTACTTCGGGCCA"	"CASSEARGGLQETQYF"	"TCCACAAAGCTGGAGGACTCAGCCATGTACTTCTGTGCCAGCAGTGAAGCGCGGGGAGGGTTGCAAGAGACCCAGTACTTCGGGCCA"	"CASSEARGGLQETQYF"	"TCRBV2-1"	"TCRBD2-1*2"	"TCRBJ2-5*1"	50	53	60	63	3	3	NA	NA	"TCCACAAAGCTGGAGGACTCAGCCATGTACTTCTGTGCCAGCAGTGAAGCGCGGGGAGGGTTGCAAGAGACCCAGTACTTCGGGCCA"	FALSE	TRUE	NA	NA	NA	NA
"GACACAGCACTGTATTTCTGTGCCAGCAGCAAATTACGTAGGGGCTATCAATAGCGGGAGGCCTACTACGAGCAGTACTTCGGGCCG"	"CASSKLRRGYQ*REAYYEQYF"	"GACACAGCACTGTATTTCTGTGCCAGCAGCAAATTACGTAGGGGCTATCAATAGCGGGAGGCCTACTACGAGCAGTACTTCGGGCCG"	"CASSKLRRGYQ*REAYYEQYF"	"TCRBV21-1*1"	"TCRBD2-1*2"	"TCRBJ2-7*1"	33	51	61	65	18	4	NA	NA	"GACACAGCACTGTATTTCTGTGCCAGCAGCAAATTACGTAGGGGCTATCAATAGCGGGAGGCCTACTACGAGCAGTACTTCGGGCCG"	FALSE	TRUE	NA	NA	NA	NA
"ACCCTGCAGCCAGAAGACTCGGCCCTGTATCTCTGCGCCAGCAGCCAAGGGGCGGCTATTCCCCCCTACGAGCAGTACTTCGGGCCG"	"CASSQGAAIPPYEQYF"	"ACCCTGCAGCCAGAAGACTCGGCCCTGTATCTCTGCGCCAGCAGCCAAGGGGCGGCTATTCCCCCCTACGAGCAGTACTTCGGGCCG"	"CASSQGAAIPPYEQYF"	"TCRBV4-3*1"	NA	"TCRBJ2-7*1"	-1	49	53	64	50	11	NA	NA	"ACCCTGCAGCCAGAAGACTCGGCCCTGTATCTCTGCGCCAGCAGCCAAGGGGCGGCTATTCCCCCCTACGAGCAGTACTTCGGGCCG"	FALSE	TRUE	NA	NA	NA	NA
"GAGTCTGCCATCCCCAACCAGACAGCTCTTTACTTCTGTGCCACCAGTGATTTGGGGCGGGGGTCAGATACGCAGTATTTTGGCCCA"	"CATSDLGRGSDTQYF"	"GAGTCTGCCATCCCCAACCAGACAGCTCTTTACTTCTGTGCCACCAGTGATTTGGGGCGGGGGTCAGATACGCAGTATTTTGGCCCA"	"CATSDLGRGSDTQYF"	"TCRBV24-1*1"	"TCRBD2-1*1"	"TCRBJ2-3*1"	54	56	63	64	2	1	NA	NA	"GAGTCTGCCATCCCCAACCAGACAGCTCTTTACTTCTGTGCCACCAGTGATTTGGGGCGGGGGTCAGATACGCAGTATTTTGGCCCA"	FALSE	TRUE	NA	NA	NA	NA
"GCAGCCTGCAGAACTGGAGGATTCTGGAGTTTATTTCTGTGCCAGCAGCCAGACAGGGGGCGCAAAAATGAGCAGTTCTTCGGGCCA"	""	"GCAGCCTGCAGAACTGGAGGATTCTGGAGTTTATTTCTGTGCCAGCAGCCAGACAGGGGGCGCAAAAATGAGCAGTTCTTCGGGCCA"	""	"TCRBV14-1*1"	"TCRBD1-1*1"	"TCRBJ2-1*1"	-1	51	61	66	52	5	NA	NA	"GCAGCCTGCAGAACTGGAGGATTCTGGAGTTTATTTCTGTGCCAGCAGCCAGACAGGGGGCGCAAAAATGAGCAGTTCTTCGGGCCA"	FALSE	FALSE	NA	NA	NA	NA
"AGAGGAATTTCCCCCTGATCCTGGAGTCGCCCAGCCCCAACCAGACCTCTCTGTACTTCTGTGCCGACTCAGGAGTATTTTGGCCCA"	""	"AGAGGAATTTCCCCCTGATCCTGGAGTCGCCCAGCCCCAACCAGACCTCTCTGTACTTCTGTGCCGACTCAGGAGTATTTTGGCCCA"	""	"TCRBV27-1*1"	NA	"TCRBJ2-3*1"	65	69	-1	73	4	74	NA	NA	"AGAGGAATTTCCCCCTGATCCTGGAGTCGCCCAGCCCCAACCAGACCTCTCTGTACTTCTGTGCCGACTCAGGAGTATTTTGGCCCA"	FALSE	FALSE	NA	NA	NA	NA
"CCATCCCCAACCAGACAGCTCTTTACTTCTGTGCCACCAGGGGACAGGGTTTAAGAATGTAGCAATCAGCCCCAGCATTTTGGTGAT"	""	"CCATCCCCAACCAGACAGCTCTTTACTTCTGTGCCACCAGGGGACAGGGTTTAAGAATGTAGCAATCAGCCCCAGCATTTTGGTGAT"	""	"TCRBV24-1*1"	"TCRBD1-1*1"	"TCRBJ1-5*1"	-1	40	49	59	41	10	NA	NA	"CCATCCCCAACCAGACAGCTCTTTACTTCTGTGCCACCAGGGGACAGGGTTTAAGAATGTAGCAATCAGCCCCAGCATTTTGGTGAT"	FALSE	FALSE	NA	NA	NA	NA
"ACTGTGAGCAACATGAGCCCTGAAGACAGCAGCATATATCTCTGCAGCGTTGAACTGGGCTCTGGAAACACCATATATTTTGGAGAG"	"CSVELGSGNTIYF"	"ACTGTGAGCAACATGAGCCCTGAAGACAGCAGCATATATCTCTGCAGCGTTGAACTGGGCTCTGGAAACACCATATATTTTGGAGAG"	"CSVELGSGNTIYF"	"TCRBV29-1"	NA	"TCRBJ1-3*1"	54	56	-1	59	2	60	NA	NA	"ACTGTGAGCAACATGAGCCCTGAAGACAGCAGCATATATCTCTGCAGCGTTGAACTGGGCTCTGGAAACACCATATATTTTGGAGAG"	FALSE	TRUE	NA	NA	NA	NA
"CCTGCAGAGCTTGGGGACTCGGCCGTGTATCTCTGTGCCAGCAGGTCTAGCCAGATATCTAACACCGGGGAGCTGTTTTTTGGAGAA"	"CASRSSQISNTGELFF"	"CCTGCAGAGCTTGGGGACTCGGCCGTGTATCTCTGTGCCAGCAGGTCTAGCCAGATATCTAACACCGGGGAGCTGTTTTTTGGAGAA"	"CASRSSQISNTGELFF"	"TCRBV11-3*1"	"TCRBD2-1"	"TCRBJ2-2*1"	44	46	51	60	2	9	NA	NA	"CCTGCAGAGCTTGGGGACTCGGCCGTGTATCTCTGTGCCAGCAGGTCTAGCCAGATATCTAACACCGGGGAGCTGTTTTTTGGAGAA"	FALSE	TRUE	NA	NA	NA	NA
"ACTGTGAGCAACATGAGCCCTGAAGACAGCAGCATATATCTCTGCAGCGTTGAAGGGTGGGAATCGGGTCGGGCTTTCTTTGGACAA"	"CSVEGWESGRAFF"	"ACTGTGAGCAACATGAGCCCTGAAGACAGCAGCATATATCTCTGCAGCGTTGAAGGGTGGGAATCGGGTCGGGCTTTCTTTGGACAA"	"CSVEGWESGRAFF"	"TCRBV29-1"	NA	"TCRBJ1-1*1"	55	58	62	72	3	10	NA	NA	"ACTGTGAGCAACATGAGCCCTGAAGACAGCAGCATATATCTCTGCAGCGTTGAAGGGTGGGAATCGGGTCGGGCTTTCTTTGGACAA"	FALSE	TRUE	NA	NA	NA	NA
"GCGTCTGCTGTACCCTCTCAGACATCTGTGTACTTCTGTGCCAGCAGTGTCACGGGACTAGAGCCCCATGAGCAGTTCTTCGGGCCA"	"CASSVTGLEPHEQFF"	"GCGTCTGCTGTACCCTCTCAGACATCTGTGTACTTCTGTGCCAGCAGTGTCACGGGACTAGAGCCCCATGAGCAGTTCTTCGGGCCA"	"CASSVTGLEPHEQFF"	"TCRBV6-4*1"	"TCRBD2-1"	"TCRBJ2-1*1"	49	53	61	67	4	6	NA	NA	"GCGTCTGCTGTACCCTCTCAGACATCTGTGTACTTCTGTGCCAGCAGTGTCACGGGACTAGAGCCCCATGAGCAGTTCTTCGGGCCA"	FALSE	TRUE	NA	NA	NA	NA
"CTGGAGTTGGCTGCTCCCTCCCAGACATCTGTGTACTTCTGTGCCAGCAGTTACTCGAGACAGGTCACTGAAGCTTTCTTTGGACAA"	"CASSYSRQVTEAFF"	"CTGGAGTTGGCTGCTCCCTCCCAGACATCTGTGTACTTCTGTGCCAGCAGTTACTCGAGACAGGTCACTGAAGCTTTCTTTGGACAA"	"CASSYSRQVTEAFF"	"TCRBV6-6*1"	"TCRBD1-1*1"	"TCRBJ1-1*1"	56	58	64	65	2	1	NA	NA	"CTGGAGTTGGCTGCTCCCTCCCAGACATCTGTGTACTTCTGTGCCAGCAGTTACTCGAGACAGGTCACTGAAGCTTTCTTTGGACAA"	FALSE	TRUE	NA	NA	NA	NA
"TCCGCCAGCACCAACCAGACATCTATGTACCTCTGTGCCAGCAGTCCTAGACTAGCGGGTTACACAGATACGCAGTATTTTGGCCCA"	"CASSPRLAGYTDTQYF"	"TCCGCCAGCACCAACCAGACATCTATGTACCTCTGTGCCAGCAGTCCTAGACTAGCGGGTTACACAGATACGCAGTATTTTGGCCCA"	"CASSPRLAGYTDTQYF"	"TCRBV28-1*1"	"TCRBD2-1"	"TCRBJ2-3*1"	45	49	59	62	4	3	NA	NA	"TCCGCCAGCACCAACCAGACATCTATGTACCTCTGTGCCAGCAGTCCTAGACTAGCGGGTTACACAGATACGCAGTATTTTGGCCCA"	FALSE	TRUE	NA	NA	NA	NA
"CTGACGATCCAGCGCACAGAGCAGGAGGACTCGGCCGTGTATCTCTGTGCCAGCAGCCTATCCGGAGATACGCAGTATTTTGGCCCA"	"CASSLSGDTQYF"	"CTGACGATCCAGCGCACAGAGCAGGAGGACTCGGCCGTGTATCTCTGTGCCAGCAGCCTATCCGGAGATACGCAGTATTTTGGCCCA"	"CASSLSGDTQYF"	"TCRBV7-2"	"TCRBD2-1"	"TCRBJ2-3*1"	-1	57	60	65	58	5	NA	NA	"CTGACGATCCAGCGCACAGAGCAGGAGGACTCGGCCGTGTATCTCTGTGCCAGCAGCCTATCCGGAGATACGCAGTATTTTGGCCCA"	FALSE	TRUE	NA	NA	NA	NA
"TCTCTGGAGCTGGGGGACTCAGCTTTGTATTTCTGTGCCAGCAGCCCAATACAGTGGGGCTCGAACACTGAAGCTTTCTTTGGACAA"	"CASSPIQWGSNTEAFF"	"TCTCTGGAGCTGGGGGACTCAGCTTTGTATTTCTGTGCCAGCAGCCCAATACAGTGGGGCTCGAACACTGAAGCTTTCTTTGGACAA"	"CASSPIQWGSNTEAFF"	"TCRBV9-1*1"	"TCRBD1-1*1"	"TCRBJ1-1*1"	45	55	60	62	10	2	NA	NA	"TCTCTGGAGCTGGGGGACTCAGCTTTGTATTTCTGTGCCAGCAGCCCAATACAGTGGGGCTCGAACACTGAAGCTTTCTTTGGACAA"	FALSE	TRUE	NA	NA	NA	NA
"GAGTCCGCCAGCACCAACCAGACATCTATGTACCTCTGTGCCAGCAGTTTTGAGGTTTGGGGAGAAAACATTCAGTACTTCGGCGCC"	"CASSFEVWGENIQYF"	"GAGTCCGCCAGCACCAACCAGACATCTATGTACCTCTGTGCCAGCAGTTTTGAGGTTTGGGGAGAAAACATTCAGTACTTCGGCGCC"	"CASSFEVWGENIQYF"	"TCRBV28-1*1"	"TCRBD2-1*2"	"TCRBJ2-4*1"	50	59	-1	64	9	65	NA	NA	"GAGTCCGCCAGCACCAACCAGACATCTATGTACCTCTGTGCCAGCAGTTTTGAGGTTTGGGGAGAAAACATTCAGTACTTCGGCGCC"	FALSE	TRUE	NA	NA	NA	NA
"CAACCAGACCTCTCTGTACTTCTGTGCCAGCAGTTTGGCCCCGGGACAGGGGGCGATATACACACCGGGGAGCTGTTTTTTGGAGAA"	""	"CAACCAGACCTCTCTGTACTTCTGTGCCAGCAGTTTGGCCCCGGGACAGGGGGCGATATACACACCGGGGAGCTGTTTTTTGGAGAA"	""	"TCRBV27-1*1"	"TCRBD1-1*1"	"TCRBJ2-2*1"	36	42	54	61	6	7	NA	NA	"CAACCAGACCTCTCTGTACTTCTGTGCCAGCAGTTTGGCCCCGGGACAGGGGGCGATATACACACCGGGGAGCTGTTTTTTGGAGAA"	FALSE	FALSE	NA	NA	NA	NA
"NNNNTGTCGGCTGCTCCCTCCCAGACATCTGTGTACTTCTGTGCCAGCAGTTTTCTTGACGGACAAGAGACCCAGTACTTCGGGCCA"	"CASSFLDGQETQYF"	"NNNNTGTCGGCTGCTCCCTCCCAGACATCTGTGTACTTCTGTGCCAGCAGTTTTCTTGACGGACAAGAGACCCAGTACTTCGGGCCA"	"CASSFLDGQETQYF"	"TCRBV6-5*1"	NA	"TCRBJ2-5*1"	52	60	-1	63	8	64	NA	NA	"NNNNTGTCGGCTGCTCCCTCCCAGACATCTGTGTACTTCTGTGCCAGCAGTTTTCTTGACGGACAAGAGACCCAGTACTTCGGGCCA"	FALSE	TRUE	NA	NA	NA	NA
"GTGAACGCCTTGGAGCTGGACGACTCGGCCCTGTATCTCTGTGCCAGCAGCTTCTCCGGCCAGGGCACTGAAGCTTTCTTTGGACAA"	"CASSFSGQGTEAFF"	"GTGAACGCCTTGGAGCTGGACGACTCGGCCCTGTATCTCTGTGCCAGCAGCTTCTCCGGCCAGGGCACTGAAGCTTTCTTTGGACAA"	"CASSFSGQGTEAFF"	"TCRBV5-4*1"	"TCRBD1-1*1"	"TCRBJ1-1*1"	53	60	-1	65	7	66	NA	NA	"GTGAACGCCTTGGAGCTGGACGACTCGGCCCTGTATCTCTGTGCCAGCAGCTTCTCCGGCCAGGGCACTGAAGCTTTCTTTGGACAA"	FALSE	TRUE	NA	NA	NA	NA
"NTGTCGGCTGCTCCCTCCCAAACATCTGTGTACTTCTGTGCCAGCGCTGGGGCTTGGGGGGCCGCCTTGGGCTACACCTTCGGTTCG"	"CASAGAWGAALGYTF"	"NTGTCGGCTGCTCCCTCCCAAACATCTGTGTACTTCTGTGCCAGCGCTGGGGCTTGGGGGGCCGCCTTGGGCTACACCTTCGGTTCG"	"CASAGAWGAALGYTF"	NA	NA	"TCRBJ1-2*1"	45	56	62	69	11	7	NA	NA	"NTGTCGGCTGCTCCCTCCCAAACATCTGTGTACTTCTGTGCCAGCGCTGGGGCTTGGGGGGCCGCCTTGGGCTACACCTTCGGTTCG"	FALSE	TRUE	NA	NA	NA	NA
"ACCCTGCAGCCAGAAGACTCGGCCCTGTATCTCTGTGCCAGCAGCCAAGAAGACAGTAGGGGTTCCTACGAGCAGTACTTCGGGCCG"	"CASSQEDSRGSYEQYF"	"ACCCTGCAGCCAGAAGACTCGGCCCTGTATCTCTGTGCCAGCAGCCAAGAAGACAGTAGGGGTTCCTACGAGCAGTACTTCGGGCCG"	"CASSQEDSRGSYEQYF"	"TCRBV4-2*1"	"TCRBD1-1*1"	"TCRBJ2-7*1"	50	51	56	63	1	7	NA	NA	"ACCCTGCAGCCAGAAGACTCGGCCCTGTATCTCTGTGCCAGCAGCCAAGAAGACAGTAGGGGTTCCTACGAGCAGTACTTCGGGCCG"	FALSE	TRUE	NA	NA	NA	NA
"ACCAGTGCCCATCCTGAAGACAGCAGCTTCTACATCTGCAGTGCTAGAAGTAGCGGGACACCCTACAATGAGCAGTTCTTCGGGCCA"	"CSARSSGTPYNEQFF"	"ACCAGTGCCCATCCTGAAGACAGCAGCTTCTACATCTGCAGTGCTAGAAGTAGCGGGACACCCTACAATGAGCAGTTCTTCGGGCCA"	"CSARSSGTPYNEQFF"	NA	"TCRBD2-1*2"	"TCRBJ2-1*1"	48	50	58	61	2	3	NA	NA	"ACCAGTGCCCATCCTGAAGACAGCAGCTTCTACATCTGCAGTGCTAGAAGTAGCGGGACACCCTACAATGAGCAGTTCTTCGGGCCA"	FALSE	TRUE	NA	NA	NA	NA
"GCCCATCCTGAAGACAGCAGCTTCTACATCTGCAGTGCTAGAGCTCCAGAGGGAGTGGGAATGACCGGGGAGCTGTTTTTTGGAGAA"	"CSARAPEGVGMTGELFF"	"GCCCATCCTGAAGACAGCAGCTTCTACATCTGCAGTGCTAGAGCTCCAGAGGGAGTGGGAATGACCGGGGAGCTGTTTTTTGGAGAA"	"CSARAPEGVGMTGELFF"	NA	"TCRBD2-1*2"	"TCRBJ2-2*1"	43	50	55	63	7	8	NA	NA	"GCCCATCCTGAAGACAGCAGCTTCTACATCTGCAGTGCTAGAGCTCCAGAGGGAGTGGGAATGACCGGGGAGCTGTTTTTTGGAGAA"	FALSE	TRUE	NA	NA	NA	NA
"CTGGGGGACTCGGCCCTCTATCTCTGTGCCAGCAGCTTGCCCTCCTCTAGCGGAGGAGGGGTCACAGATACGCAGTATTTTGGCCCA"	"CASSLPSSSGGGVTDTQYF"	"CTGGGGGACTCGGCCCTCTATCTCTGTGCCAGCAGCTTGCCCTCCTCTAGCGGAGGAGGGGTCACAGATACGCAGTATTTTGGCCCA"	"CASSLPSSSGGGVTDTQYF"	"TCRBV5-6*1"	"TCRBD2-1"	"TCRBJ2-3*1"	39	46	53	62	7	9	NA	NA	"CTGGGGGACTCGGCCCTCTATCTCTGTGCCAGCAGCTTGCCCTCCTCTAGCGGAGGAGGGGTCACAGATACGCAGTATTTTGGCCCA"	FALSE	TRUE	NA	NA	NA	NA
"CAGCGCACAGAGCAGGAGGACTCGGCCGTGTATCTCTGTGCCAGCAGCTTAGCCCCAGCGGTCCAAGAGACCCAGTACTTCGGGCCA"	"CASSLAPAVQETQYF"	"CAGCGCACAGAGCAGGAGGACTCGGCCGTGTATCTCTGTGCCAGCAGCTTAGCCCCAGCGGTCCAAGAGACCCAGTACTTCGGGCCA"	"CASSLAPAVQETQYF"	"TCRBV7-2"	"TCRBD2-1"	"TCRBJ2-5*1"	53	56	61	62	3	1	NA	NA	"CAGCGCACAGAGCAGGAGGACTCGGCCGTGTATCTCTGTGCCAGCAGCTTAGCCCCAGCGGTCCAAGAGACCCAGTACTTCGGGCCA"	FALSE	TRUE	NA	NA	NA	NA
"NNNNTGAAGATCCAGCCCTCAGAACCCAGGGACTCAGCTGTGTACTTCTGTGCCAGCAGGAGGAACAATGAGCAGTTCTTCGGGCCA"	"CASRRNNEQFF"	"NNNNTGAAGATCCAGCCCTCAGAACCCAGGGACTCAGCTGTGTACTTCTGTGCCAGCAGGAGGAACAATGAGCAGTTCTTCGGGCCA"	"CASRRNNEQFF"	"TCRBV12-3/12-4*1"	"TCRBD2-1*2"	"TCRBJ2-1*1"	-1	59	63	64	60	1	NA	NA	"NNNNTGAAGATCCAGCCCTCAGAACCCAGGGACTCAGCTGTGTACTTCTGTGCCAGCAGGAGGAACAATGAGCAGTTCTTCGGGCCA"	FALSE	TRUE	NA	NA	NA	NA
"GCCCATCCTGAAGACAGCAGCTTCTACATCTGCAGTGCTCCTTCCCTGCCGACTAGCGCTTCCTACAATGAGCAGTTCTTCGGGCCA"	"CSAPSLPTSASYNEQFF"	"GCCCATCCTGAAGACAGCAGCTTCTACATCTGCAGTGCTCCTTCCCTGCCGACTAGCGCTTCCTACAATGAGCAGTTCTTCGGGCCA"	"CSAPSLPTSASYNEQFF"	NA	"TCRBD2-1"	"TCRBJ2-1*1"	39	50	58	60	11	2	NA	NA	"GCCCATCCTGAAGACAGCAGCTTCTACATCTGCAGTGCTCCTTCCCTGCCGACTAGCGCTTCCTACAATGAGCAGTTCTTCGGGCCA"	FALSE	TRUE	NA	NA	NA	NA
"ATCCAGCGCACAGAGCAGGGGGACTCGGCCATGTATCTCTGTGCCAGCAATGGCAGGGGGGTATCTCTCGAGCAGTACTTCGGGCCG"	"CASNGRGVSLEQYF"	"ATCCAGCGCACAGAGCAGGGGGACTCGGCCATGTATCTCTGTGCCAGCAATGGCAGGGGGGTATCTCTCGAGCAGTACTTCGGGCCG"	"CASNGRGVSLEQYF"	"TCRBV7-9"	"TCRBD1-1*1"	"TCRBJ2-7*1"	49	53	60	68	4	8	NA	NA	"ATCCAGCGCACAGAGCAGGGGGACTCGGCCATGTATCTCTGTGCCAGCAATGGCAGGGGGGTATCTCTCGAGCAGTACTTCGGGCCG"	FALSE	TRUE	NA	NA	NA	NA
"TCTCTGGAGCTGGGGGACTCAGCTTTGTATTTCTGTGCCAGCAGCGCCCGTAGGGGGACCTCTGGAAACACCATATATTTTGGAGAG"	"CASSARRGTSGNTIYF"	"TCTCTGGAGCTGGGGGACTCAGCTTTGTATTTCTGTGCCAGCAGCGCCCGTAGGGGGACCTCTGGAAACACCATATATTTTGGAGAG"	"CASSARRGTSGNTIYF"	"TCRBV9-1*1"	"TCRBD1-1*1"	"TCRBJ1-3*1"	46	51	57	59	5	2	NA	NA	"TCTCTGGAGCTGGGGGACTCAGCTTTGTATTTCTGTGCCAGCAGCGCCCGTAGGGGGACCTCTGGAAACACCATATATTTTGGAGAG"	FALSE	TRUE	NA	NA	NA	NA
"CTCACTCTGGAGTCTGCTGCCTCCTCCCAGACATCTGTATATTTCTGCGCCAGCAGTGAGTCAGGCGCCGAGCAGTACTTCGGGCCG"	"CASSESGAEQYF"	"CTCACTCTGGAGTCTGCTGCCTCCTCCCAGACATCTGTATATTTCTGCGCCAGCAGTGAGTCAGGCGCCGAGCAGTACTTCGGGCCG"	"CASSESGAEQYF"	"TCRBV1-1*1"	NA	"TCRBJ2-7*1"	-1	62	65	68	63	3	NA	NA	"CTCACTCTGGAGTCTGCTGCCTCCTCCCAGACATCTGTATATTTCTGCGCCAGCAGTGAGTCAGGCGCCGAGCAGTACTTCGGGCCG"	FALSE	TRUE	NA	NA	NA	NA
"GCCTCCTCCCAGACATCTGTATATTTCTGCGCCAGCAGTGAGTCGCTCCGCGCACAGGGAATGGGCGCTGAAGCTTTCTTTGGACAA"	"CASSESLRAQGMGAEAFF"	"GCCTCCTCCCAGACATCTGTATATTTCTGCGCCAGCAGTGAGTCGCTCCGCGCACAGGGAATGGGCGCTGAAGCTTTCTTTGGACAA"	"CASSESLRAQGMGAEAFF"	"TCRBV1-1"	"TCRBD1-1*1"	"TCRBJ1-1*1"	44	53	59	67	9	8	NA	NA	"GCCTCCTCCCAGACATCTGTATATTTCTGCGCCAGCAGTGAGTCGCTCCGCGCACAGGGAATGGGCGCTGAAGCTTTCTTTGGACAA"	FALSE	TRUE	NA	NA	NA	NA
"CTGATTCTGGAGTCCGCCAGCACCAACCAGACATCTATGTACCTCTGTGCCAGCAGTCCTCTGACGGGCGAGCAGTACTTCGGGCCG"	"CASSPLTGEQYF"	"CTGATTCTGGAGTCCGCCAGCACCAACCAGACATCTATGTACCTCTGTGCCAGCAGTCCTCTGACGGGCGAGCAGTACTTCGGGCCG"	"CASSPLTGEQYF"	"TCRBV28-1*1"	"TCRBD2-1"	"TCRBJ2-7*1"	57	64	-1	68	7	69	NA	NA	"CTGATTCTGGAGTCCGCCAGCACCAACCAGACATCTATGTACCTCTGTGCCAGCAGTCCTCTGACGGGCGAGCAGTACTTCGGGCCG"	FALSE	TRUE	NA	NA	NA	NA
"ACCCTGCAGCCAGAAGACTCGGCCCTGTATCTCTGCGCCAGCAGGGGCGGGAGGGGGTCTGGGGCCAACGTCCTGACTTTCGGGGCC"	"CASRGGRGSGANVLTF"	"ACCCTGCAGCCAGAAGACTCGGCCCTGTATCTCTGCGCCAGCAGGGGCGGGAGGGGGTCTGGGGCCAACGTCCTGACTTTCGGGGCC"	"CASRGGRGSGANVLTF"	"TCRBV4-3*1"	"TCRBD2-1*2"	"TCRBJ2-6*1"	44	46	55	57	2	2	NA	NA	"ACCCTGCAGCCAGAAGACTCGGCCCTGTATCTCTGCGCCAGCAGGGGCGGGAGGGGGTCTGGGGCCAACGTCCTGACTTTCGGGGCC"	FALSE	TRUE	NA	NA	NA	NA
"ACATCGGCCCAAAAGAACCCGACAGCTTTCTATCTCTGTGCCAGTAGTCCCAGGACAGGGGGCGCACAGGGCTACACCTTCGGTTCG"	"CASSPRTGGAQGYTF"	"ACATCGGCCCAAAAGAACCCGACAGCTTTCTATCTCTGTGCCAGTAGTCCCAGGACAGGGGGCGCACAGGGCTACACCTTCGGTTCG"	"CASSPRTGGAQGYTF"	"TCRBV19-1*1"	"TCRBD1-1*1"	"TCRBJ1-2*1"	48	52	63	69	4	6	NA	NA	"ACATCGGCCCAAAAGAACCCGACAGCTTTCTATCTCTGTGCCAGTAGTCCCAGGACAGGGGGCGCACAGGGCTACACCTTCGGTTCG"	FALSE	TRUE	NA	NA	NA	NA
"CACCTACACACCCTGCAGCCAGAAGACTCGGCCCTGTATCTCTGTGCCAGCAGCCAAGGGGGGAATTCACCCCTCCACTTTGGGAAT"	"CASSQGGNSPLHF"	"CACCTACACACCCTGCAGCCAGAAGACTCGGCCCTGTATCTCTGTGCCAGCAGCCAAGGGGGGAATTCACCCCTCCACTTTGGGAAT"	"CASSQGGNSPLHF"	"TCRBV4-2*1"	NA	"TCRBJ1-6*1"	-1	58	-1	63	59	64	NA	NA	"CACCTACACACCCTGCAGCCAGAAGACTCGGCCCTGTATCTCTGTGCCAGCAGCCAAGGGGGGAATTCACCCCTCCACTTTGGGAAT"	FALSE	TRUE	NA	NA	NA	NA
"CAGCGCACAGAGCAGCGGGACTCGGCCATGTATCGCTGTGCCAGCAGCCCTAGCGGGAGGGCCCTCTACGAGCAGTACTTCGGGCCG"	"CASSPSGRALYEQYF"	"CAGCGCACAGAGCAGCGGGACTCGGCCATGTATCGCTGTGCCAGCAGCCCTAGCGGGAGGGCCCTCTACGAGCAGTACTTCGGGCCG"	"CASSPSGRALYEQYF"	"TCRBV7-6*1"	"TCRBD2-1*2"	"TCRBJ2-7*1"	48	49	61	65	1	4	NA	NA	"CAGCGCACAGAGCAGCGGGACTCGGCCATGTATCGCTGTGCCAGCAGCCCTAGCGGGAGGGCCCTCTACGAGCAGTACTTCGGGCCG"	FALSE	TRUE	NA	NA	NA	NA
"CGCTCACCAGGCCTGGGGGACGCAGCCATGTACCTGTGTGCCACCAGCATCGGGACAGGGAACACCGGGGAGCTGTTTTTTGGAGAA"	"CATSIGTGNTGELFF"	"CGCTCACCAGGCCTGGGGGACGCAGCCATGTACCTGTGTGCCACCAGCATCGGGACAGGGAACACCGGGGAGCTGTTTTTTGGAGAA"	"CATSIGTGNTGELFF"	"TCRBV15-1*2"	"TCRBD1-1*1"	"TCRBJ2-2*1"	49	51	-1	59	2	60	NA	NA	"CGCTCACCAGGCCTGGGGGACGCAGCCATGTACCTGTGTGCCACCAGCATCGGGACAGGGAACACCGGGGAGCTGTTTTTTGGAGAA"	FALSE	TRUE	NA	NA	NA	NA
"GTGAACGCCTTGTTGCTGGGGGACTCGGCCCTCTATCTCTGTGCCAGCAGAGAGGACACCCGCCGGTATGGCTACACCTTCGGTTCG"	"CASREDTRRYGYTF"	"GTGAACGCCTTGTTGCTGGGGGACTCGGCCCTCTATCTCTGTGCCAGCAGAGAGGACACCCGCCGGTATGGCTACACCTTCGGTTCG"	"CASREDTRRYGYTF"	"TCRBV5-6*1"	"TCRBD1-1*1"	"TCRBJ1-2*1"	50	53	58	66	3	8	NA	NA	"GTGAACGCCTTGTTGCTGGGGGACTCGGCCCTCTATCTCTGTGCCAGCAGAGAGGACACCCGCCGGTATGGCTACACCTTCGGTTCG"	FALSE	TRUE	NA	NA	NA	NA
"CAGGTAGTGCGAGGAGATTCGGCAGCTTATTTCTGTGCCAGCTCAGGACAGGGGGGCCCTGGGGCCAACGTCCTGACTTTCGGGGCC"	"CASSGQGGPGANVLTF"	"CAGGTAGTGCGAGGAGATTCGGCAGCTTATTTCTGTGCCAGCTCAGGACAGGGGGGCCCTGGGGCCAACGTCCTGACTTTCGGGGCC"	"CASSGQGGPGANVLTF"	"TCRBV18-1*1"	"TCRBD1-1*1"	"TCRBJ2-6*1"	-1	45	55	58	46	3	NA	NA	"CAGGTAGTGCGAGGAGATTCGGCAGCTTATTTCTGTGCCAGCTCAGGACAGGGGGGCCCTGGGGCCAACGTCCTGACTTTCGGGGCC"	FALSE	TRUE	NA	NA	NA	NA
"TCCCTAGAGTCTGCCATCCCCAACCAGACAGCTCTTTACTTCTGTGCCACCAGTGATGGCGGGACCGGGGAGCTGTTTTTTGGAGAA"	"CATSDGGTGELFF"	"TCCCTAGAGTCTGCCATCCCCAACCAGACAGCTCTTTACTTCTGTGCCACCAGTGATGGCGGGACCGGGGAGCTGTTTTTTGGAGAA"	"CATSDGGTGELFF"	"TCRBV24-1*1"	"TCRBD2-1"	"TCRBJ2-2*1"	57	58	-1	63	1	64	NA	NA	"TCCCTAGAGTCTGCCATCCCCAACCAGACAGCTCTTTACTTCTGTGCCACCAGTGATGGCGGGACCGGGGAGCTGTTTTTTGGAGAA"	FALSE	TRUE	NA	NA	NA	NA
"AACCAGACCTCTCTGTACTTCTGTGCCAGCAGTTTAGTTTGTTTGGTGCGGCGGTTCCAATGAAGCCTTGGGCAGTACTTCGGGCCG"	"CASSLVCLVRRFQ*SLGQYF"	"AACCAGACCTCTCTGTACTTCTGTGCCAGCAGTTTAGTTTGTTTGGTGCGGCGGTTCCAATGAAGCCTTGGGCAGTACTTCGGGCCG"	"CASSLVCLVRRFQ*SLGQYF"	"TCRBV27-1*1"	"TCRBD2-1"	"TCRBJ2-7*1"	36	47	51	71	11	20	NA	NA	"AACCAGACCTCTCTGTACTTCTGTGCCAGCAGTTTAGTTTGTTTGGTGCGGCGGTTCCAATGAAGCCTTGGGCAGTACTTCGGGCCG"	FALSE	TRUE	NA	NA	NA	NA
"TCTCTGGAGCTGGGGGACTCAGCTTTGTATTTCTGTGCCAGCAGCGTAGCTCCAGGAAGCTCCTACAATGAGCAGTTCTTCGGGCCA"	"CASSVAPGSSYNEQFF"	"TCTCTGGAGCTGGGGGACTCAGCTTTGTATTTCTGTGCCAGCAGCGTAGCTCCAGGAAGCTCCTACAATGAGCAGTTCTTCGGGCCA"	"CASSVAPGSSYNEQFF"	"TCRBV9-1*1"	"TCRBD1-1*1"	"TCRBJ2-1*1"	49	52	56	59	3	3	NA	NA	"TCTCTGGAGCTGGGGGACTCAGCTTTGTATTTCTGTGCCAGCAGCGTAGCTCCAGGAAGCTCCTACAATGAGCAGTTCTTCGGGCCA"	FALSE	TRUE	NA	NA	NA	NA
"GAGTCGCCCAGCCCCAACCAGACCTCTCTGTACTTCTGTGCCAGCAGTTTTGGTGCAGGGGGTAACTACGAGCAGTACTTCGGGCCG"	"CASSFGAGGNYEQYF"	"GAGTCGCCCAGCCCCAACCAGACCTCTCTGTACTTCTGTGCCAGCAGTTTTGGTGCAGGGGGTAACTACGAGCAGTACTTCGGGCCG"	"CASSFGAGGNYEQYF"	"TCRBV27-1*1"	"TCRBD1-1*1"	"TCRBJ2-7*1"	50	55	62	65	5	3	NA	NA	"GAGTCGCCCAGCCCCAACCAGACCTCTCTGTACTTCTGTGCCAGCAGTTTTGGTGCAGGGGGTAACTACGAGCAGTACTTCGGGCCG"	FALSE	TRUE	NA	NA	NA	NA
"NNNNTGTCGGCTGCTCCCTCCCAGACATCTGTGTACTTCTGTGCCAGCAGTGAGGGGCAGGAGAATGAAAAACTGTTTTTTGGCAGT"	"CASSEGQENEKLFF"	"NNNNTGTCGGCTGCTCCCTCCCAGACATCTGTGTACTTCTGTGCCAGCAGTGAGGGGCAGGAGAATGAAAAACTGTTTTTTGGCAGT"	"CASSEGQENEKLFF"	"TCRBV6-1*1"	"TCRBD1-1*1"	"TCRBJ1-4*1"	-1	53	58	63	54	5	NA	NA	"NNNNTGTCGGCTGCTCCCTCCCAGACATCTGTGTACTTCTGTGCCAGCAGTGAGGGGCAGGAGAATGAAAAACTGTTTTTTGGCAGT"	FALSE	TRUE	NA	NA	NA	NA
"CAGGGACTCAGCTGTGTATTTTTGTGCTAGTACGAGCCGCAGGTGCATCCTTACAGGGGACGGACCGGGGAGCTGTTTTTTGGAGAA"	""	"CAGGGACTCAGCTGTGTATTTTTGTGCTAGTACGAGCCGCAGGTGCATCCTTACAGGGGACGGACCGGGGAGCTGTTTTTTGGAGAA"	""	"TCRBV12-5*1"	"TCRBD1-1*1"	"TCRBJ2-2*1"	31	52	59	63	21	4	NA	NA	"CAGGGACTCAGCTGTGTATTTTTGTGCTAGTACGAGCCGCAGGTGCATCCTTACAGGGGACGGACCGGGGAGCTGTTTTTTGGAGAA"	FALSE	FALSE	NA	NA	NA	NA
"AGCCCTCAGAACCCAGGGACTCAGCTGTGTATTTTTGTGCTAGTGGTTAAGACAGGGAACTCCGAGGAGACCCAGTACTTCGGGCCA"	""	"AGCCCTCAGAACCCAGGGACTCAGCTGTGTATTTTTGTGCTAGTGGTTAAGACAGGGAACTCCGAGGAGACCCAGTACTTCGGGCCA"	""	"TCRBV12-5*1"	"TCRBD1-1*1"	"TCRBJ2-5*1"	48	50	57	66	2	9	NA	NA	"AGCCCTCAGAACCCAGGGACTCAGCTGTGTATTTTTGTGCTAGTGGTTAAGACAGGGAACTCCGAGGAGACCCAGTACTTCGGGCCA"	FALSE	FALSE	NA	NA	NA	NA
"GTGACATCGGCCCAAAAGAACCCGACAGCTTTCTATCTCTGTGCCAGCCAACAGGACCACTCCTACAATGAGCAGTTCTTCGGGCCA"	"CASQQDHSYNEQFF"	"GTGACATCGGCCCAAAAGAACCCGACAGCTTTCTATCTCTGTGCCAGCCAACAGGACCACTCCTACAATGAGCAGTTCTTCGGGCCA"	"CASQQDHSYNEQFF"	"TCRBV19-1*1"	"TCRBD1-1*1"	"TCRBJ2-1*1"	47	50	55	59	3	4	NA	NA	"GTGACATCGGCCCAAAAGAACCCGACAGCTTTCTATCTCTGTGCCAGCCAACAGGACCACTCCTACAATGAGCAGTTCTTCGGGCCA"	FALSE	TRUE	NA	NA	NA	NA
"GCTGCTCCCTCCCAAACATCTGTGTACTTCTGTGCCAGCAGTTACCTACTTACCGGGACACAGACCTACGAGCAGTACTTCGGGCCG"	"CASSYLLTGTQTYEQYF"	"GCTGCTCCCTCCCAAACATCTGTGTACTTCTGTGCCAGCAGTTACCTACTTACCGGGACACAGACCTACGAGCAGTACTTCGGGCCG"	"CASSYLLTGTQTYEQYF"	"TCRBV6-2/6-3*1"	"TCRBD1-1*1"	"TCRBJ2-7*1"	45	54	60	64	9	4	NA	NA	"GCTGCTCCCTCCCAAACATCTGTGTACTTCTGTGCCAGCAGTTACCTACTTACCGGGACACAGACCTACGAGCAGTACTTCGGGCCG"	FALSE	TRUE	NA	NA	NA	NA
"CTGGAGTTGGCTGCTCCCTCCCAGACATCTGTGTACTTCTGTGCCAGCAGTTACTCGTTTGGGCAGGGGACCATATATTTTGGAGAG"	"CASSYSFGQGTIYF"	"CTGGAGTTGGCTGCTCCCTCCCAGACATCTGTGTACTTCTGTGCCAGCAGTTACTCGTTTGGGCAGGGGACCATATATTTTGGAGAG"	"CASSYSFGQGTIYF"	"TCRBV6-6*1"	"TCRBD1-1*1"	"TCRBJ1-3*1"	56	63	-1	69	7	70	NA	NA	"CTGGAGTTGGCTGCTCCCTCCCAGACATCTGTGTACTTCTGTGCCAGCAGTTACTCGTTTGGGCAGGGGACCATATATTTTGGAGAG"	FALSE	TRUE	NA	NA	NA	NA
"CACCTACACACCCTGCAGCCAGAAGACTCGGCCCTGTATCTCTGCGCCAGCAGCCAAGGACTTGAGCAGCCCCAGCATTTTGGTGAT"	"CASSQGLEQPQHF"	"CACCTACACACCCTGCAGCCAGAAGACTCGGCCCTGTATCTCTGCGCCAGCAGCCAAGGACTTGAGCAGCCCCAGCATTTTGGTGAT"	"CASSQGLEQPQHF"	"TCRBV4-3*1"	"TCRBD2-1"	"TCRBJ1-5*1"	-1	58	62	66	59	4	NA	NA	"CACCTACACACCCTGCAGCCAGAAGACTCGGCCCTGTATCTCTGCGCCAGCAGCCAAGGACTTGAGCAGCCCCAGCATTTTGGTGAT"	FALSE	TRUE	NA	NA	NA	NA
"NNNNCTCTGAAGATCCGGTCCACAAAGCTGGAGGACTCAGCCATGTACTTCTGTGCCAGCAGTGCCGGGAAAACTTTCTTTGGACAA"	"CASSAGKTFF"	"NNNNCTCTGAAGATCCGGTCCACAAAGCTGGAGGACTCAGCCATGTACTTCTGTGCCAGCAGTGCCGGGAAAACTTTCTTTGGACAA"	"CASSAGKTFF"	"TCRBV2-1"	"TCRBD2-1*2"	"TCRBJ1-1*1"	64	65	70	73	1	3	NA	NA	"NNNNCTCTGAAGATCCGGTCCACAAAGCTGGAGGACTCAGCCATGTACTTCTGTGCCAGCAGTGCCGGGAAAACTTTCTTTGGACAA"	FALSE	TRUE	NA	NA	NA	NA
"NNNNTGTCGGCTGCTCCCTCCCAGACATCTGTGTACTTCTGTGCCAGCAGTTACGCGGACAGTAGTTCACCCCTCCACTTTGGGAAT"	"CASSYADSSSPLHF"	"NNNNTGTCGGCTGCTCCCTCCCAGACATCTGTGTACTTCTGTGCCAGCAGTTACGCGGACAGTAGTTCACCCCTCCACTTTGGGAAT"	"CASSYADSSSPLHF"	"TCRBV6-5*1"	"TCRBD1-1*1"	"TCRBJ1-6*1"	54	56	62	65	2	3	NA	NA	"NNNNTGTCGGCTGCTCCCTCCCAGACATCTGTGTACTTCTGTGCCAGCAGTTACGCGGACAGTAGTTCACCCCTCCACTTTGGGAAT"	FALSE	TRUE	NA	NA	NA	NA
"ACCAGTGCCCATCCTGAAGACAGCAGCTTCTACATCTGCAGTGCTAGAGAAAGGACTAGCGGGAACCACGAGCAGTACTTCGGGCCG"	"CSARERTSGNHEQYF"	"ACCAGTGCCCATCCTGAAGACAGCAGCTTCTACATCTGCAGTGCTAGAGAAAGGACTAGCGGGAACCACGAGCAGTACTTCGGGCCG"	"CSARERTSGNHEQYF"	NA	"TCRBD2-1*2"	"TCRBJ2-7*1"	50	52	64	67	2	3	NA	NA	"ACCAGTGCCCATCCTGAAGACAGCAGCTTCTACATCTGCAGTGCTAGAGAAAGGACTAGCGGGAACCACGAGCAGTACTTCGGGCCG"	FALSE	TRUE	NA	NA	NA	NA
"CCAGTGCCCATCCTGAAGACAGCAGCTTCTACATCTGCAGTGCTAGTTAGGGGCAGGGCCCTCCGAGAGACCCAGTACTTCGGGCCA"	""	"CCAGTGCCCATCCTGAAGACAGCAGCTTCTACATCTGCAGTGCTAGTTAGGGGCAGGGCCCTCCGAGAGACCCAGTACTTCGGGCCA"	""	"TCRBV2-1*4"	"TCRBD1-1*1"	"TCRBJ2-5*1"	47	53	58	65	6	7	NA	NA	"CCAGTGCCCATCCTGAAGACAGCAGCTTCTACATCTGCAGTGCTAGTTAGGGGCAGGGCCCTCCGAGAGACCCAGTACTTCGGGCCA"	FALSE	FALSE	NA	NA	NA	NA
"CTCAGAACCCAGGGACTCAGCTGTGTACTTCTGTGCCAGCAGTTTAGGGGTGGGACTACGAACACCGGGGAGCTGTTTTTTGGAGAA"	""	"CTCAGAACCCAGGGACTCAGCTGTGTACTTCTGTGCCAGCAGTTTAGGGGTGGGACTACGAACACCGGGGAGCTGTTTTTTGGAGAA"	""	NA	"TCRBD2-1"	"TCRBJ2-2*1"	47	51	-1	58	4	59	NA	NA	"CTCAGAACCCAGGGACTCAGCTGTGTACTTCTGTGCCAGCAGTTTAGGGGTGGGACTACGAACACCGGGGAGCTGTTTTTTGGAGAA"	FALSE	FALSE	NA	NA	NA	NA
"TCGGCTGCTCCCTCCCAAACATCTGTGTACTTCTGTGCCAGCAGTGACCCCTCCGGGGGGCTACGCTATGGCTACACCTTCGGTTCG"	"CASSDPSGGLRYGYTF"	"TCGGCTGCTCCCTCCCAAACATCTGTGTACTTCTGTGCCAGCAGTGACCCCTCCGGGGGGCTACGCTATGGCTACACCTTCGGTTCG"	"CASSDPSGGLRYGYTF"	"TCRBV6-2/6-3*1"	"TCRBD2-1*1"	"TCRBJ1-2*1"	45	53	60	65	8	5	NA	NA	"TCGGCTGCTCCCTCCCAAACATCTGTGTACTTCTGTGCCAGCAGTGACCCCTCCGGGGGGCTACGCTATGGCTACACCTTCGGTTCG"	FALSE	TRUE	NA	NA	NA	NA
"CTGTCCCTAGAGTCTGCCATCCCCAACCAGACAGCTCTTTACTTCTGTGCCACCAGTCTCAGCGCCTACGAGCAGTACTTCGGGCCG"	"CATSLSAYEQYF"	"CTGTCCCTAGAGTCTGCCATCCCCAACCAGACAGCTCTTTACTTCTGTGCCACCAGTCTCAGCGCCTACGAGCAGTACTTCGGGCCG"	"CATSLSAYEQYF"	"TCRBV24-1*1"	"TCRBD2-1"	"TCRBJ2-7*1"	57	60	-1	64	3	65	NA	NA	"CTGTCCCTAGAGTCTGCCATCCCCAACCAGACAGCTCTTTACTTCTGTGCCACCAGTCTCAGCGCCTACGAGCAGTACTTCGGGCCG"	FALSE	TRUE	NA	NA	NA	NA
"CGCACAGAGCAGGGGGACTCGGCCATGTATCTCTGTGCCAGCAGCTTAGTGGGCCGGGGGCCGCAAGGCGAGCAGTACTTCGGGCCG"	"CASSLVGRGPQGEQYF"	"CGCACAGAGCAGGGGGACTCGGCCATGTATCTCTGTGCCAGCAGCTTAGTGGGCCGGGGGCCGCAAGGCGAGCAGTACTTCGGGCCG"	"CASSLVGRGPQGEQYF"	"TCRBV7-9*1"	NA	"TCRBJ2-7*1"	49	55	61	68	6	7	NA	NA	"CGCACAGAGCAGGGGGACTCGGCCATGTATCTCTGTGCCAGCAGCTTAGTGGGCCGGGGGCCGCAAGGCGAGCAGTACTTCGGGCCG"	FALSE	TRUE	NA	NA	NA	NA
"CCCACCCTGCAGCCAGAAGACTCGGCCCTGTATCTCTGCGCCAGCAGCCAAGCCGGGTGGGAGGGGAGCATTCAGTACTTCGGCGCC"	"CASSQAGWEGSIQYF"	"CCCACCCTGCAGCCAGAAGACTCGGCCCTGTATCTCTGCGCCAGCAGCCAAGCCGGGTGGGAGGGGAGCATTCAGTACTTCGGCGCC"	"CASSQAGWEGSIQYF"	"TCRBV4-3*1"	"TCRBD2-1*2"	"TCRBJ2-4*1"	52	58	65	68	6	3	NA	NA	"CCCACCCTGCAGCCAGAAGACTCGGCCCTGTATCTCTGCGCCAGCAGCCAAGCCGGGTGGGAGGGGAGCATTCAGTACTTCGGCGCC"	FALSE	TRUE	NA	NA	NA	NA
"CTGTCCCTAGAGTCTGCCATCCCCAACCAGACAGCTCTTTACTTCTGTGCCACCTCGACTCCCACCGGGGAGCTGTTTTTTGGAGAA"	"CATSTPTGELFF"	"CTGTCCCTAGAGTCTGCCATCCCCAACCAGACAGCTCTTTACTTCTGTGCCACCTCGACTCCCACCGGGGAGCTGTTTTTTGGAGAA"	"CATSTPTGELFF"	"TCRBV24-1*1"	"TCRBD2-1"	"TCRBJ2-2*1"	54	56	60	62	2	2	NA	NA	"CTGTCCCTAGAGTCTGCCATCCCCAACCAGACAGCTCTTTACTTCTGTGCCACCTCGACTCCCACCGGGGAGCTGTTTTTTGGAGAA"	FALSE	TRUE	NA	NA	NA	NA
"TCGGCCCAAAAGAACCCGACAGCTTTCTATCTCTGTGCCAGTAGCCCGGACAGGGGTTCTTCTGGAAACACCATATATTTTGGAGAG"	"CASSPDRGSSGNTIYF"	"TCGGCCCAAAAGAACCCGACAGCTTTCTATCTCTGTGCCAGTAGCCCGGACAGGGGTTCTTCTGGAAACACCATATATTTTGGAGAG"	"CASSPDRGSSGNTIYF"	"TCRBV19-1*1"	"TCRBD1-1*1"	"TCRBJ1-3*1"	44	47	56	60	3	4	NA	NA	"TCGGCCCAAAAGAACCCGACAGCTTTCTATCTCTGTGCCAGTAGCCCGGACAGGGGTTCTTCTGGAAACACCATATATTTTGGAGAG"	FALSE	TRUE	NA	NA	NA	NA
"NNNNTGTCGGCTGCTCCCTCCCAGACATCTGTGTACTTCTGTGCCAGCAGAAGAGTAGCGGGCACAGATACGCAGTATTTTGGCCCA"	"CASRRVAGTDTQYF"	"NNNNTGTCGGCTGCTCCCTCCCAGACATCTGTGTACTTCTGTGCCAGCAGAAGAGTAGCGGGCACAGATACGCAGTATTTTGGCCCA"	"CASRRVAGTDTQYF"	"TCRBV6-5*1"	"TCRBD2-1"	"TCRBJ2-3*1"	50	55	-1	61	5	62	NA	NA	"NNNNTGTCGGCTGCTCCCTCCCAGACATCTGTGTACTTCTGTGCCAGCAGAAGAGTAGCGGGCACAGATACGCAGTATTTTGGCCCA"	FALSE	TRUE	NA	NA	NA	NA
"AGCACCTTGGAGCTGGGGGACTCGGCCCTTTATCTTTGCGCCAGCAGCTTGGCAGGGAGTAACTCCTACGAGCAGTACTTCGGGCCG"	"CASSLAGSNSYEQYF"	"AGCACCTTGGAGCTGGGGGACTCGGCCCTTTATCTTTGCGCCAGCAGCTTGGCAGGGAGTAACTCCTACGAGCAGTACTTCGGGCCG"	"CASSLAGSNSYEQYF"	"TCRBV5-1*1"	NA	"TCRBJ2-7*1"	-1	52	57	62	53	5	NA	NA	"AGCACCTTGGAGCTGGGGGACTCGGCCCTTTATCTTTGCGCCAGCAGCTTGGCAGGGAGTAACTCCTACGAGCAGTACTTCGGGCCG"	FALSE	TRUE	NA	NA	NA	NA
"GTCCACGGAGTCAGGGGACACAGCACTGTATTTCTGTGCCAGCAGCAAAGGCTGCGTCAGGGGTGTGAAAAACTGTTTTTTGGCAGT"	""	"GTCCACGGAGTCAGGGGACACAGCACTGTATTTCTGTGCCAGCAGCAAAGGCTGCGTCAGGGGTGTGAAAAACTGTTTTTTGGCAGT"	""	"TCRBV21-1*1"	"TCRBD1-1*1"	"TCRBJ1-4*1"	50	57	63	65	7	2	NA	NA	"GTCCACGGAGTCAGGGGACACAGCACTGTATTTCTGTGCCAGCAGCAAAGGCTGCGTCAGGGGTGTGAAAAACTGTTTTTTGGCAGT"	FALSE	FALSE	NA	NA	NA	NA
"AGCTCTCTGGAGCTGGGGGACTCAGCTTTGTATTTCTGTGCCAGCAGCGTATCATCCGGGAATGGGGACGAGCAGTACTTCGGGCCG"	"CASSVSSGNGDEQYF"	"AGCTCTCTGGAGCTGGGGGACTCAGCTTTGTATTTCTGTGCCAGCAGCGTATCATCCGGGAATGGGGACGAGCAGTACTTCGGGCCG"	"CASSVSSGNGDEQYF"	"TCRBV9-1*1"	"TCRBD2-1*2"	"TCRBJ2-7*1"	51	56	61	67	5	6	NA	NA	"AGCTCTCTGGAGCTGGGGGACTCAGCTTTGTATTTCTGTGCCAGCAGCGTATCATCCGGGAATGGGGACGAGCAGTACTTCGGGCCG"	FALSE	TRUE	NA	NA	NA	NA
"TCCGCCAGCACCAACCAGACATCTATGTACCTCTGTGCCAGCAGTCTCTTGGACCGCCGCCTGGGTTCACCCCTCCACTTTGGGAAT"	"CASSLLDRRLGSPLHF"	"TCCGCCAGCACCAACCAGACATCTATGTACCTCTGTGCCAGCAGTCTCTTGGACCGCCGCCTGGGTTCACCCCTCCACTTTGGGAAT"	"CASSLLDRRLGSPLHF"	"TCRBV28-1*1"	NA	"TCRBJ1-6*1"	45	50	54	65	5	11	NA	NA	"TCCGCCAGCACCAACCAGACATCTATGTACCTCTGTGCCAGCAGTCTCTTGGACCGCCGCCTGGGTTCACCCCTCCACTTTGGGAAT"	FALSE	TRUE	NA	NA	NA	NA
"ATCCAGCCCTCAGAACCCAGGGACTCAGCTGTGTACTTCTGTGCCAGCAGGGACGATAGAAAAGACAATGAGCAGTTCTTCGGGCCA"	"CASRDDRKDNEQFF"	"ATCCAGCCCTCAGAACCCAGGGACTCAGCTGTGTACTTCTGTGCCAGCAGGGACGATAGAAAAGACAATGAGCAGTTCTTCGGGCCA"	"CASRDDRKDNEQFF"	NA	NA	"TCRBJ2-1*1"	-1	50	54	64	51	10	NA	NA	"ATCCAGCCCTCAGAACCCAGGGACTCAGCTGTGTACTTCTGTGCCAGCAGGGACGATAGAAAAGACAATGAGCAGTTCTTCGGGCCA"	FALSE	TRUE	NA	NA	NA	NA
"AAGATCCGGTCCACAAAGCTGGAGGACTCAGCCATGTACTTCTGTGCCAGCAGTGGGCAGGGAGGTGAAAAACTGTTTTTTGGCAGT"	"CASSGQGGEKLFF"	"AAGATCCGGTCCACAAAGCTGGAGGACTCAGCCATGTACTTCTGTGCCAGCAGTGGGCAGGGAGGTGAAAAACTGTTTTTTGGCAGT"	"CASSGQGGEKLFF"	"TCRBV2-1"	"TCRBD2-1*2"	"TCRBJ1-4*1"	55	59	-1	65	4	66	NA	NA	"AAGATCCGGTCCACAAAGCTGGAGGACTCAGCCATGTACTTCTGTGCCAGCAGTGGGCAGGGAGGTGAAAAACTGTTTTTTGGCAGT"	FALSE	TRUE	NA	NA	NA	NA
"GAGCTGGGGGACTCGGCCCTTTATCTTTGCGCCAGCAGCTGGACCACTAGCGGGAGGGCCGGCGCCGGGGAGCTGTTTTTTGGAGAA"	"CASSWTTSGRAGAGELFF"	"GAGCTGGGGGACTCGGCCCTTTATCTTTGCGCCAGCAGCTGGACCACTAGCGGGAGGGCCGGCGCCGGGGAGCTGTTTTTTGGAGAA"	"CASSWTTSGRAGAGELFF"	"TCRBV5-1*1"	"TCRBD2-1*2"	"TCRBJ2-2*1"	40	45	58	64	5	6	NA	NA	"GAGCTGGGGGACTCGGCCCTTTATCTTTGCGCCAGCAGCTGGACCACTAGCGGGAGGGCCGGCGCCGGGGAGCTGTTTTTTGGAGAA"	FALSE	TRUE	NA	NA	NA	NA
"TAAACCTTCACCTACACGCCCTGCAGCCAGAAGACTCAGCCCTGTATCTCTGCGCCAGCAGCCAACGGAACAGCGTACTTCGGGCCA"	""	"TAAACCTTCACCTACACGCCCTGCAGCCAGAAGACTCAGCCCTGTATCTCTGCGCCAGCAGCCAACGGAACAGCGTACTTCGGGCCA"	""	"TCRBV4-1*1"	"TCRBD1-1*1"	"TCRBJ2-5*1"	65	69	73	74	4	1	NA	NA	"TAAACCTTCACCTACACGCCCTGCAGCCAGAAGACTCAGCCCTGTATCTCTGCGCCAGCAGCCAACGGAACAGCGTACTTCGGGCCA"	FALSE	FALSE	NA	NA	NA	NA
"ATCCAGCCTGCAGAGCTTGGGGACTCGGCCGTGTATCTCTGTGCCAGCAGCTTAGAAGGAGGGGCTGATGAAGCTTTCTTTGGACAA"	"CASSLEGGADEAFF"	"ATCCAGCCTGCAGAGCTTGGGGACTCGGCCGTGTATCTCTGTGCCAGCAGCTTAGAAGGAGGGGCTGATGAAGCTTTCTTTGGACAA"	"CASSLEGGADEAFF"	"TCRBV11-3*1"	"TCRBD2-1*2"	"TCRBJ1-1*1"	56	57	63	68	1	5	NA	NA	"ATCCAGCCTGCAGAGCTTGGGGACTCGGCCGTGTATCTCTGTGCCAGCAGCTTAGAAGGAGGGGCTGATGAAGCTTTCTTTGGACAA"	FALSE	TRUE	NA	NA	NA	NA
"GCAGAGCCGAGGGACTCAGCCGTGTATCTCTACAGTAGCGGTGGGGACTAGCGGGAGCAATATACAGATACGCAGTATTTTGGCCCA"	"YSSGGD*REQYTDTQYF"	"GCAGAGCCGAGGGACTCAGCCGTGTATCTCTACAGTAGCGGTGGGGACTAGCGGGAGCAATATACAGATACGCAGTATTTTGGCCCA"	"YSSGGD*REQYTDTQYF"	"TCRBV17-1*1"	"TCRBD2-1*2"	"TCRBJ2-3*1"	-1	44	57	63	45	6	NA	NA	"GCAGAGCCGAGGGACTCAGCCGTGTATCTCTACAGTAGCGGTGGGGACTAGCGGGAGCAATATACAGATACGCAGTATTTTGGCCCA"	FALSE	TRUE	NA	NA	NA	NA
"CGGAGTCAGGGGACACAGCACTGTATTTCTGTGCCAGCAGCAAGGGAACGGGACTAGCGGAACGAATACGAGCAGTACTTCGGGCCG"	""	"CGGAGTCAGGGGACACAGCACTGTATTTCTGTGCCAGCAGCAAGGGAACGGGACTAGCGGAACGAATACGAGCAGTACTTCGGGCCG"	""	"TCRBV21-1*1"	"TCRBD2-1"	"TCRBJ2-7*1"	43	49	60	66	6	6	NA	NA	"CGGAGTCAGGGGACACAGCACTGTATTTCTGTGCCAGCAGCAAGGGAACGGGACTAGCGGAACGAATACGAGCAGTACTTCGGGCCG"	FALSE	FALSE	NA	NA	NA	NA
"GCAGAGCTTGGGGACTCGGCCGTGTATCTCTGTGCCAGCAGCCTAGAGGGGCTAGCGGGAGGGTCAGATACGCAGTATTTTGGCCCA"	"CASSLEGLAGGSDTQYF"	"GCAGAGCTTGGGGACTCGGCCGTGTATCTCTGTGCCAGCAGCCTAGAGGGGCTAGCGGGAGGGTCAGATACGCAGTATTTTGGCCCA"	"CASSLEGLAGGSDTQYF"	"TCRBV11-3*1"	"TCRBD2-1*2"	"TCRBJ2-3*1"	47	51	63	64	4	1	NA	NA	"GCAGAGCTTGGGGACTCGGCCGTGTATCTCTGTGCCAGCAGCCTAGAGGGGCTAGCGGGAGGGTCAGATACGCAGTATTTTGGCCCA"	FALSE	TRUE	NA	NA	NA	NA
"CCATCCTGAAGACAGCAGCTTCTACATCTGCAGTGCTAGAGTTGACGTGCGGGAGGGCCAGATACCGGGGAGCTGTTTTTTGGAGAA"	""	"CCATCCTGAAGACAGCAGCTTCTACATCTGCAGTGCTAGAGTTGACGTGCGGGAGGGCCAGATACCGGGGAGCTGTTTTTTGGAGAA"	""	NA	"TCRBD2-1*2"	"TCRBJ2-2*1"	41	48	57	63	7	6	NA	NA	"CCATCCTGAAGACAGCAGCTTCTACATCTGCAGTGCTAGAGTTGACGTGCGGGAGGGCCAGATACCGGGGAGCTGTTTTTTGGAGAA"	FALSE	FALSE	NA	NA	NA	NA
"AGCCTGCAAAGCTTGAGGACTCGGCCGTGTATCTCTGTGCCAGCAGCTTATTCTGGCGCAGAAGGGAACATTCAGTACTTCGGCGCC"	""	"AGCCTGCAAAGCTTGAGGACTCGGCCGTGTATCTCTGTGCCAGCAGCTTATTCTGGCGCAGAAGGGAACATTCAGTACTTCGGCGCC"	""	"TCRBV11-2*1"	NA	"TCRBJ2-4*1"	50	62	-1	66	12	67	NA	NA	"AGCCTGCAAAGCTTGAGGACTCGGCCGTGTATCTCTGTGCCAGCAGCTTATTCTGGCGCAGAAGGGAACATTCAGTACTTCGGCGCC"	FALSE	FALSE	NA	NA	NA	NA
"GGAGGATTCTGGAGTTTATTTCTGTGCCAGCAGCCAAGAGACGTGGTGGTAGGGGACTAGCCTTTAGATACGCAGTATTTTGGCCCA"	""	"GGAGGATTCTGGAGTTTATTTCTGTGCCAGCAGCCAAGAGACGTGGTGGTAGGGGACTAGCCTTTAGATACGCAGTATTTTGGCCCA"	""	"TCRBV14-1*1"	"TCRBD2-1"	"TCRBJ2-3*1"	39	52	61	65	13	4	NA	NA	"GGAGGATTCTGGAGTTTATTTCTGTGCCAGCAGCCAAGAGACGTGGTGGTAGGGGACTAGCCTTTAGATACGCAGTATTTTGGCCCA"	FALSE	FALSE	NA	NA	NA	NA
"ATCCAGCCCTCAGAACCCAGGGACTCAGCTGTGTACTTCTGTGCCAGCAGTACGACAGGGGGGAAATACGAGCAGTACTTCGGGCCG"	"CASSTTGGKYEQYF"	"ATCCAGCCCTCAGAACCCAGGGACTCAGCTGTGTACTTCTGTGCCAGCAGTACGACAGGGGGGAAATACGAGCAGTACTTCGGGCCG"	"CASSTTGGKYEQYF"	NA	"TCRBD1-1*1"	"TCRBJ2-7*1"	51	53	62	66	2	4	NA	NA	"ATCCAGCCCTCAGAACCCAGGGACTCAGCTGTGTACTTCTGTGCCAGCAGTACGACAGGGGGGAAATACGAGCAGTACTTCGGGCCG"	FALSE	TRUE	NA	NA	NA	NA
"GCGATTCAGCGCACAGAGCAGGGGGACTCGGCCATGTATCTCTGTGCCAGCCTCGGACAAAAGAACACTGAAGCTTTCTTTGGACAA"	"CASLGQKNTEAFF"	"GCGATTCAGCGCACAGAGCAGGGGGACTCGGCCATGTATCTCTGTGCCAGCCTCGGACAAAAGAACACTGAAGCTTTCTTTGGACAA"	"CASLGQKNTEAFF"	"TCRBV7-9"	"TCRBD1-1*1"	"TCRBJ1-1*1"	51	54	59	62	3	3	NA	NA	"GCGATTCAGCGCACAGAGCAGGGGGACTCGGCCATGTATCTCTGTGCCAGCCTCGGACAAAAGAACACTGAAGCTTTCTTTGGACAA"	FALSE	TRUE	NA	NA	NA	NA
"GCGTCTGCTGTACCCTCTCAGACATCTGTGTACTTCTGTGCCAGCAGTGACTCGGGAGGGAACACCGGGGAGCTGTTTTTTGGAGAA"	"CASSDSGGNTGELFF"	"GCGTCTGCTGTACCCTCTCAGACATCTGTGTACTTCTGTGCCAGCAGTGACTCGGGAGGGAACACCGGGGAGCTGTTTTTTGGAGAA"	"CASSDSGGNTGELFF"	"TCRBV6-4*1"	"TCRBD2-1*2"	"TCRBJ2-2*1"	-1	53	-1	59	54	60	NA	NA	"GCGTCTGCTGTACCCTCTCAGACATCTGTGTACTTCTGTGCCAGCAGTGACTCGGGAGGGAACACCGGGGAGCTGTTTTTTGGAGAA"	FALSE	TRUE	NA	NA	NA	NA
"GTGACCAGTGCCCATCCTGAAGACAGCAGCTTCTACATCTGCAGTGCGTCGACAGGGATGATACAAGAGACCCAGTACTTCGGGCCA"	"CSASTGMIQETQYF"	"GTGACCAGTGCCCATCCTGAAGACAGCAGCTTCTACATCTGCAGTGCGTCGACAGGGATGATACAAGAGACCCAGTACTTCGGGCCA"	"CSASTGMIQETQYF"	NA	"TCRBD1-1*1"	"TCRBJ2-5*1"	47	50	57	63	3	6	NA	NA	"GTGACCAGTGCCCATCCTGAAGACAGCAGCTTCTACATCTGCAGTGCGTCGACAGGGATGATACAAGAGACCCAGTACTTCGGGCCA"	FALSE	TRUE	NA	NA	NA	NA
"CCCTCAGAACCCAGGGACTCAGCTGTGTACTTCTGTGCCAGCAGCCACCTCCAGGGACAGGGTTTCGGGGAGCTGTTTTTTGGAGAA"	"CASSHLQGQGFGELFF"	"CCCTCAGAACCCAGGGACTCAGCTGTGTACTTCTGTGCCAGCAGCCACCTCCAGGGACAGGGTTTCGGGGAGCTGTTTTTTGGAGAA"	"CASSHLQGQGFGELFF"	NA	"TCRBD1-1*1"	"TCRBJ2-2*1"	44	53	62	65	9	3	NA	NA	"CCCTCAGAACCCAGGGACTCAGCTGTGTACTTCTGTGCCAGCAGCCACCTCCAGGGACAGGGTTTCGGGGAGCTGTTTTTTGGAGAA"	FALSE	TRUE	NA	NA	NA	NA
"NNNNNNTGTCGGCTGCTCCCTCCCAAACATCTGTGTACTTCTGTGCCACCTTTGGTGCGGGGGGGGGTTGAGCAGTTCTTCGGGCCA"	""	"NNNNNNTGTCGGCTGCTCCCTCCCAAACATCTGTGTACTTCTGTGCCACCTTTGGTGCGGGGGGGGGTTGAGCAGTTCTTCGGGCCA"	""	NA	"TCRBD2-1*1"	"TCRBJ2-1*1"	48	56	65	68	8	3	NA	NA	"NNNNNNTGTCGGCTGCTCCCTCCCAAACATCTGTGTACTTCTGTGCCACCTTTGGTGCGGGGGGGGGTTGAGCAGTTCTTCGGGCCA"	FALSE	FALSE	NA	NA	NA	NA
"ACCCTGCAGCCAGAAGACTCGGCCCTGTATCTCTGTGCCAGCAGCCTTAGGCGGGAGAGGGCGGGCAATGAGCAGTTCTTCGGGCCA"	"CASSLRRERAGNEQFF"	"ACCCTGCAGCCAGAAGACTCGGCCCTGTATCTCTGTGCCAGCAGCCTTAGGCGGGAGAGGGCGGGCAATGAGCAGTTCTTCGGGCCA"	"CASSLRRERAGNEQFF"	"TCRBV4-2*1"	"TCRBD2-1*2"	"TCRBJ2-1*1"	46	50	57	65	4	8	NA	NA	"ACCCTGCAGCCAGAAGACTCGGCCCTGTATCTCTGTGCCAGCAGCCTTAGGCGGGAGAGGGCGGGCAATGAGCAGTTCTTCGGGCCA"	FALSE	TRUE	NA	NA	NA	NA
"AGTGCCCATCCTGAAGACAGCAGCTTCTACATCTGCAGTGCTAGAGTGGGGGCAGACCCAACTAATGAAAAACTGTTTTTTGGCAGT"	"CSARVGADPTNEKLFF"	"AGTGCCCATCCTGAAGACAGCAGCTTCTACATCTGCAGTGCTAGAGTGGGGGCAGACCCAACTAATGAAAAACTGTTTTTTGGCAGT"	"CSARVGADPTNEKLFF"	NA	"TCRBD1-1*1"	"TCRBJ1-4*1"	46	47	53	58	1	5	NA	NA	"AGTGCCCATCCTGAAGACAGCAGCTTCTACATCTGCAGTGCTAGAGTGGGGGCAGACCCAACTAATGAAAAACTGTTTTTTGGCAGT"	FALSE	TRUE	NA	NA	NA	NA
"NCTCTCACTGTGACATCGGCCCAAAAGAACCCGACAGCTTTCTATCTCTGTGCCAGTAGCGGGGGATACGAGCAGTACTTCGGGCCG"	"CASSGGYEQYF"	"NCTCTCACTGTGACATCGGCCCAAAAGAACCCGACAGCTTTCTATCTCTGTGCCAGTAGCGGGGGATACGAGCAGTACTTCGGGCCG"	"CASSGGYEQYF"	"TCRBV19-1*1"	"TCRBD2-1*1"	"TCRBJ2-7*1"	-1	59	65	66	60	1	NA	NA	"NCTCTCACTGTGACATCGGCCCAAAAGAACCCGACAGCTTTCTATCTCTGTGCCAGTAGCGGGGGATACGAGCAGTACTTCGGGCCG"	FALSE	TRUE	NA	NA	NA	NA
"GTCCACGGAGTCAGGGGACACAGCACTGTATTTCTGTGCCAGCAGCAAAGACTAGGTATCGGGCACAATGAGCAGTTCTTCGGGCCA"	""	"GTCCACGGAGTCAGGGGACACAGCACTGTATTTCTGTGCCAGCAGCAAAGACTAGGTATCGGGCACAATGAGCAGTTCTTCGGGCCA"	""	"TCRBV21-1*1"	"TCRBD2-1"	"TCRBJ2-1*1"	-1	50	55	64	51	9	NA	NA	"GTCCACGGAGTCAGGGGACACAGCACTGTATTTCTGTGCCAGCAGCAAAGACTAGGTATCGGGCACAATGAGCAGTTCTTCGGGCCA"	FALSE	FALSE	NA	NA	NA	NA
"AACGCCTTGTTGCTGGGGGACTCGGCCCTCTATCTCTGTGCCAGCAGCTTGTTACTGGGAGGGGGCACTGAAGCTTTCTTTGGACAA"	"CASSLLLGGGTEAFF"	"AACGCCTTGTTGCTGGGGGACTCGGCCCTCTATCTCTGTGCCAGCAGCTTGTTACTGGGAGGGGGCACTGAAGCTTTCTTTGGACAA"	"CASSLLLGGGTEAFF"	"TCRBV5-6*1"	"TCRBD2-1*2"	"TCRBJ1-1*1"	51	56	63	65	5	2	NA	NA	"AACGCCTTGTTGCTGGGGGACTCGGCCCTCTATCTCTGTGCCAGCAGCTTGTTACTGGGAGGGGGCACTGAAGCTTTCTTTGGACAA"	FALSE	TRUE	NA	NA	NA	NA
"ATCCAGCGCACAGAGCAGGGGGACTCGGCCATGTATCTCTGTGCCAGTGGGACGACTTTAGCCAAAAACATTCAGTACTTCGGCGCC"	"CASGTTLAKNIQYF"	"ATCCAGCGCACAGAGCAGGGGGACTCGGCCATGTATCTCTGTGCCAGTGGGACGACTTTAGCCAAAAACATTCAGTACTTCGGCGCC"	"CASGTTLAKNIQYF"	"TCRBV7-9"	NA	"TCRBJ2-4*1"	47	48	53	59	1	6	NA	NA	"ATCCAGCGCACAGAGCAGGGGGACTCGGCCATGTATCTCTGTGCCAGTGGGACGACTTTAGCCAAAAACATTCAGTACTTCGGCGCC"	FALSE	TRUE	NA	NA	NA	NA
"AACGCCTTGTTGCTGGGGGACTCGGCCCTGTATCTCTGTGCCAGCAGCCAAATGTCGGGTCGGGTGACTGAAGCTTTCTTTGGACAA"	"CASSQMSGRVTEAFF"	"AACGCCTTGTTGCTGGGGGACTCGGCCCTGTATCTCTGTGCCAGCAGCCAAATGTCGGGTCGGGTGACTGAAGCTTTCTTTGGACAA"	"CASSQMSGRVTEAFF"	"TCRBV5-5*1"	"TCRBD2-1"	"TCRBJ1-1*1"	48	55	59	66	7	7	NA	NA	"AACGCCTTGTTGCTGGGGGACTCGGCCCTGTATCTCTGTGCCAGCAGCCAAATGTCGGGTCGGGTGACTGAAGCTTTCTTTGGACAA"	FALSE	TRUE	NA	NA	NA	NA
"ATCCAGCGCACAGAGCAGCGGGACTCGGCCATGTATCGCTGTGCCAGCAGGCCCGCAGGAGGGAGCTTCGAGCAGTACTTCGGGCCG"	"CASRPAGGSFEQYF"	"ATCCAGCGCACAGAGCAGCGGGACTCGGCCATGTATCGCTGTGCCAGCAGGCCCGCAGGAGGGAGCTTCGAGCAGTACTTCGGGCCG"	"CASRPAGGSFEQYF"	"TCRBV7-6*1"	"TCRBD2-1*2"	"TCRBJ2-7*1"	50	57	63	68	7	5	NA	NA	"ATCCAGCGCACAGAGCAGCGGGACTCGGCCATGTATCGCTGTGCCAGCAGGCCCGCAGGAGGGAGCTTCGAGCAGTACTTCGGGCCG"	FALSE	TRUE	NA	NA	NA	NA
"TGACCAGTGCCCATCCTGAAGACAGCAGCTTCTACATCTGCAGTGCCACCAGCGGGACAGGAGGATTCACCCCTCCACTTTGGGAAT"	""	"TGACCAGTGCCCATCCTGAAGACAGCAGCTTCTACATCTGCAGTGCCACCAGCGGGACAGGAGGATTCACCCCTCCACTTTGGGAAT"	""	NA	"TCRBD1-1*1"	"TCRBJ1-6*1"	46	53	61	64	7	3	NA	NA	"TGACCAGTGCCCATCCTGAAGACAGCAGCTTCTACATCTGCAGTGCCACCAGCGGGACAGGAGGATTCACCCCTCCACTTTGGGAAT"	FALSE	FALSE	NA	NA	NA	NA
"CTGACAGTGACCAGTGCCCATCCTGAAGACAGCAGCTTCTACATCTGCAGTGCAAGGGAGCTAGCGGAGACCCAGTACTTCGGGCCA"	"CSARELAETQYF"	"CTGACAGTGACCAGTGCCCATCCTGAAGACAGCAGCTTCTACATCTGCAGTGCAAGGGAGCTAGCGGAGACCCAGTACTTCGGGCCA"	"CSARELAETQYF"	NA	"TCRBD2-1"	"TCRBJ2-5*1"	53	60	-1	66	7	67	NA	NA	"CTGACAGTGACCAGTGCCCATCCTGAAGACAGCAGCTTCTACATCTGCAGTGCAAGGGAGCTAGCGGAGACCCAGTACTTCGGGCCA"	FALSE	TRUE	NA	NA	NA	NA
"CAGAACTGGAGGATTCTGGAGTTTATTTCTGTGCCAGCAGCCAAGGCAGGGGCTAATCCCAACACCGGGGAGCTGTTTTTTGGAGAA"	""	"CAGAACTGGAGGATTCTGGAGTTTATTTCTGTGCCAGCAGCCAAGGCAGGGGCTAATCCCAACACCGGGGAGCTGTTTTTTGGAGAA"	""	"TCRBV14-1*1"	"TCRBD1-1*1"	"TCRBJ2-2*1"	45	46	52	60	1	8	NA	NA	"CAGAACTGGAGGATTCTGGAGTTTATTTCTGTGCCAGCAGCCAAGGCAGGGGCTAATCCCAACACCGGGGAGCTGTTTTTTGGAGAA"	FALSE	FALSE	NA	NA	NA	NA
"TGCAGCCTGCAGAACTGGAGGATTCTGGAGTTTATTTCTGTGCCAGCAGCCAAGGGGGAAAAGCACAATGAGCAGTTCTTCGGGCCA"	""	"TGCAGCCTGCAGAACTGGAGGATTCTGGAGTTTATTTCTGTGCCAGCAGCCAAGGGGGAAAAGCACAATGAGCAGTTCTTCGGGCCA"	""	"TCRBV14-1*1"	NA	"TCRBJ2-1*1"	54	55	59	64	1	5	NA	NA	"TGCAGCCTGCAGAACTGGAGGATTCTGGAGTTTATTTCTGTGCCAGCAGCCAAGGGGGAAAAGCACAATGAGCAGTTCTTCGGGCCA"	FALSE	FALSE	NA	NA	NA	NA
"CTCCACTCTCAAGATCCAGCCTGCAAAGCTTGAGGACTCGGCCGTGTATCTCTGTGCCAGCAGCTTCCCTTAGAGTACTTCGGGCCG"	""	"CTCCACTCTCAAGATCCAGCCTGCAAAGCTTGAGGACTCGGCCGTGTATCTCTGTGCCAGCAGCTTCCCTTAGAGTACTTCGGGCCG"	""	"TCRBV11-2*1"	"TCRBD2-1"	"TCRBJ2-7*1"	66	70	-1	73	4	74	NA	NA	"CTCCACTCTCAAGATCCAGCCTGCAAAGCTTGAGGACTCGGCCGTGTATCTCTGTGCCAGCAGCTTCCCTTAGAGTACTTCGGGCCG"	FALSE	FALSE	NA	NA	NA	NA
"CCCTCAGAACCCAGGGACTCAGCTGTGTACTTCTGTGCCAGCAGTCGCCCACAGGGGGTTGGGTACAATGAGCAGTTCTTCGGGCCA"	"CASSRPQGVGYNEQFF"	"CCCTCAGAACCCAGGGACTCAGCTGTGTACTTCTGTGCCAGCAGTCGCCCACAGGGGGTTGGGTACAATGAGCAGTTCTTCGGGCCA"	"CASSRPQGVGYNEQFF"	NA	"TCRBD1-1*1"	"TCRBJ2-1*1"	45	50	58	63	5	5	NA	NA	"CCCTCAGAACCCAGGGACTCAGCTGTGTACTTCTGTGCCAGCAGTCGCCCACAGGGGGTTGGGTACAATGAGCAGTTCTTCGGGCCA"	FALSE	TRUE	NA	NA	NA	NA
"CGGTCCACAAAGCTGGAGGACTCAGCCATGTACTTCTGTGCCAGCAGTGAAACGGGGCTGAGCAATCAGCCCCAGCATTTTGGTGAT"	"CASSETGLSNQPQHF"	"CGGTCCACAAAGCTGGAGGACTCAGCCATGTACTTCTGTGCCAGCAGTGAAACGGGGCTGAGCAATCAGCCCCAGCATTTTGGTGAT"	"CASSETGLSNQPQHF"	"TCRBV2-1"	NA	"TCRBJ1-5*1"	51	53	58	60	2	2	NA	NA	"CGGTCCACAAAGCTGGAGGACTCAGCCATGTACTTCTGTGCCAGCAGTGAAACGGGGCTGAGCAATCAGCCCCAGCATTTTGGTGAT"	FALSE	TRUE	NA	NA	NA	NA
"CTGGAGTCCGCCAGCACCAACCAGACATCTATGTACCTCTGTGCCAGCAGTCCCAGGGGGCGATATGAAAAACTGTTTTTTGGCAGT"	"CASSPRGRYEKLFF"	"CTGGAGTCCGCCAGCACCAACCAGACATCTATGTACCTCTGTGCCAGCAGTCCCAGGGGGCGATATGAAAAACTGTTTTTTGGCAGT"	"CASSPRGRYEKLFF"	"TCRBV28-1*1"	"TCRBD1-1*1"	"TCRBJ1-4*1"	51	53	61	64	2	3	NA	NA	"CTGGAGTCCGCCAGCACCAACCAGACATCTATGTACCTCTGTGCCAGCAGTCCCAGGGGGCGATATGAAAAACTGTTTTTTGGCAGT"	FALSE	TRUE	NA	NA	NA	NA
"NNNNNNNTGTCGGCTGCTCCCTCCCAGACATCTGTGTACTTCTGTGCCAGCAGTGGGGACCTCTTGTCTGAAGCTTTCTTTGGACAA"	"CASSGDLLSEAFF"	"NNNNNNNTGTCGGCTGCTCCCTCCCAGACATCTGTGTACTTCTGTGCCAGCAGTGGGGACCTCTTGTCTGAAGCTTTCTTTGGACAA"	"CASSGDLLSEAFF"	NA	NA	"TCRBJ1-1*1"	-1	55	60	67	56	7	NA	NA	"NNNNNNNTGTCGGCTGCTCCCTCCCAGACATCTGTGTACTTCTGTGCCAGCAGTGGGGACCTCTTGTCTGAAGCTTTCTTTGGACAA"	FALSE	TRUE	NA	NA	NA	NA
"ACTGTGACATCGGCCCAAAAGAACCCGACAGCTTTCTATCTCTGTGCCAGTAGCACCAGGGGGCTTTATGGCTACACCTTCGGTTCG"	"CASSTRGLYGYTF"	"ACTGTGACATCGGCCCAAAAGAACCCGACAGCTTTCTATCTCTGTGCCAGTAGCACCAGGGGGCTTTATGGCTACACCTTCGGTTCG"	"CASSTRGLYGYTF"	"TCRBV19-1*1"	"TCRBD1-1*1"	"TCRBJ1-2*1"	53	56	64	66	3	2	NA	NA	"ACTGTGACATCGGCCCAAAAGAACCCGACAGCTTTCTATCTCTGTGCCAGTAGCACCAGGGGGCTTTATGGCTACACCTTCGGTTCG"	FALSE	TRUE	NA	NA	NA	NA
"TCGGCCCAAAAGAACCCGACAGCTTTCTATCTCTGTGCCAGTAGTACAATCCTGACAGGGGCTTTGAAAGAGCAGTACTTCGGGCCG"	"CASSTILTGALKEQYF"	"TCGGCCCAAAAGAACCCGACAGCTTTCTATCTCTGTGCCAGTAGTACAATCCTGACAGGGGCTTTGAAAGAGCAGTACTTCGGGCCG"	"CASSTILTGALKEQYF"	"TCRBV19-1*1"	"TCRBD1-1*1"	"TCRBJ2-7*1"	46	53	61	69	7	8	NA	NA	"TCGGCCCAAAAGAACCCGACAGCTTTCTATCTCTGTGCCAGTAGTACAATCCTGACAGGGGCTTTGAAAGAGCAGTACTTCGGGCCG"	FALSE	TRUE	NA	NA	NA	NA
"CTTCACCTACACGCCCTGCAGCCAGAAGACTCAGCCCTGTATCTCTGCGCCAGCAGCCAAGTTGCAGATACGCAGTATTTTGGCCCA"	"CASSQVADTQYF"	"CTTCACCTACACGCCCTGCAGCCAGAAGACTCAGCCCTGTATCTCTGCGCCAGCAGCCAAGTTGCAGATACGCAGTATTTTGGCCCA"	"CASSQVADTQYF"	"TCRBV4-1*1"	NA	"TCRBJ2-3*1"	-1	-1	61	64	0	3	NA	NA	"CTTCACCTACACGCCCTGCAGCCAGAAGACTCAGCCCTGTATCTCTGCGCCAGCAGCCAAGTTGCAGATACGCAGTATTTTGGCCCA"	FALSE	TRUE	NA	NA	NA	NA
"CAGCAGGTAGTGCGAGGAGATTCGGCAGCTTATTTCTGTGCCAGCTCACCACGGGACAGGGGATACAATGAGCAGTTCTTCGGGCCA"	"CASSPRDRGYNEQFF"	"CAGCAGGTAGTGCGAGGAGATTCGGCAGCTTATTTCTGTGCCAGCTCACCACGGGACAGGGGATACAATGAGCAGTTCTTCGGGCCA"	"CASSPRDRGYNEQFF"	"TCRBV18-1*1"	"TCRBD1-1*1"	"TCRBJ2-1*1"	-1	52	62	63	53	1	NA	NA	"CAGCAGGTAGTGCGAGGAGATTCGGCAGCTTATTTCTGTGCCAGCTCACCACGGGACAGGGGATACAATGAGCAGTTCTTCGGGCCA"	FALSE	TRUE	NA	NA	NA	NA
"NTGAAGATCCAGCCCTCAGAACCCAGGGACTCAGCTGTGTACTTCTGTGCCAGCAGCTTAACAGGTCAGCCCCAGCATTTTGGTGAT"	"CASSLTGQPQHF"	"NTGAAGATCCAGCCCTCAGAACCCAGGGACTCAGCTGTGTACTTCTGTGCCAGCAGCTTAACAGGTCAGCCCCAGCATTTTGGTGAT"	"CASSLTGQPQHF"	"TCRBV12-3/12-4*1"	"TCRBD1-1*1"	"TCRBJ1-5*1"	-1	60	-1	65	61	66	NA	NA	"NTGAAGATCCAGCCCTCAGAACCCAGGGACTCAGCTGTGTACTTCTGTGCCAGCAGCTTAACAGGTCAGCCCCAGCATTTTGGTGAT"	FALSE	TRUE	NA	NA	NA	NA
"CAGCCCTCAGAACCCAGGGACTCAGCTGTGTACTTCTGTGCCAGCAGTTTAGCCCCCGTGGGGAACACTGAAGCTTTCTTTGGACAA"	"CASSLAPVGNTEAFF"	"CAGCCCTCAGAACCCAGGGACTCAGCTGTGTACTTCTGTGCCAGCAGTTTAGCCCCCGTGGGGAACACTGAAGCTTTCTTTGGACAA"	"CASSLAPVGNTEAFF"	NA	NA	"TCRBJ1-1*1"	53	59	-1	62	6	63	NA	NA	"CAGCCCTCAGAACCCAGGGACTCAGCTGTGTACTTCTGTGCCAGCAGTTTAGCCCCCGTGGGGAACACTGAAGCTTTCTTTGGACAA"	FALSE	TRUE	NA	NA	NA	NA
"CTACACGCCCTGCAGCCAGAAGACTCAGCCCTGTATCTCTGCGCCAGCAGCCAAGCGCGTAAGGGTAGTGGCTACACCTTCGGTTCG"	"CASSQARKGSGYTF"	"CTACACGCCCTGCAGCCAGAAGACTCAGCCCTGTATCTCTGCGCCAGCAGCCAAGCGCGTAAGGGTAGTGGCTACACCTTCGGTTCG"	"CASSQARKGSGYTF"	"TCRBV4-1*1"	NA	"TCRBJ1-2*1"	55	61	65	68	6	3	NA	NA	"CTACACGCCCTGCAGCCAGAAGACTCAGCCCTGTATCTCTGCGCCAGCAGCCAAGCGCGTAAGGGTAGTGGCTACACCTTCGGTTCG"	FALSE	TRUE	NA	NA	NA	NA
"TCGCCCAGCCCCAACCAGACCTCTCTGTACTTCTGTGCCAGCAGACTGGCGGGACTAGCGGGAGCAAATGAGCAGTTCTTCGGGCCA"	"CASRLAGLAGANEQFF"	"TCGCCCAGCCCCAACCAGACCTCTCTGTACTTCTGTGCCAGCAGACTGGCGGGACTAGCGGGAGCAAATGAGCAGTTCTTCGGGCCA"	"CASRLAGLAGANEQFF"	"TCRBV27-1*1"	"TCRBD2-1*2"	"TCRBJ2-1*1"	44	50	64	66	6	2	NA	NA	"TCGCCCAGCCCCAACCAGACCTCTCTGTACTTCTGTGCCAGCAGACTGGCGGGACTAGCGGGAGCAAATGAGCAGTTCTTCGGGCCA"	FALSE	TRUE	NA	NA	NA	NA
"TCGGCTGCTCCCTCCCAGACATCTGTGTACTTCTGTGCCAGCAGTAATCGCCAGGGGATTAGCAATCAGCCCCAGCATTTTGGTGAT"	"CASSNRQGISNQPQHF"	"TCGGCTGCTCCCTCCCAGACATCTGTGTACTTCTGTGCCAGCAGTAATCGCCAGGGGATTAGCAATCAGCCCCAGCATTTTGGTGAT"	"CASSNRQGISNQPQHF"	NA	"TCRBD1-1*1"	"TCRBJ1-5*1"	45	51	57	59	6	2	NA	NA	"TCGGCTGCTCCCTCCCAGACATCTGTGTACTTCTGTGCCAGCAGTAATCGCCAGGGGATTAGCAATCAGCCCCAGCATTTTGGTGAT"	FALSE	TRUE	NA	NA	NA	NA
"ACTCTGAAGATCCAGCGCACACAGCAGGAGGACTCCGCCGTGTATCTCTGTGCCAGCAGCTTACTGGAGACCCAGTACTTCGGGCCA"	"CASSLLETQYF"	"ACTCTGAAGATCCAGCGCACACAGCAGGAGGACTCCGCCGTGTATCTCTGTGCCAGCAGCTTACTGGAGACCCAGTACTTCGGGCCA"	"CASSLLETQYF"	"TCRBV7-8*1"	"TCRBD2-1"	"TCRBJ2-5*1"	-1	63	65	66	64	1	NA	NA	"ACTCTGAAGATCCAGCGCACACAGCAGGAGGACTCCGCCGTGTATCTCTGTGCCAGCAGCTTACTGGAGACCCAGTACTTCGGGCCA"	FALSE	TRUE	NA	NA	NA	NA
"ATGAGCCCTGAAGACAGCAGCATATATCTCTGCAGCGCCGGGAGGCTAGCGGGAGGAGTTCGGGGTAATGAGCAGTTCTTCGGGCCA"	"CSAGRLAGGVRGNEQFF"	"ATGAGCCCTGAAGACAGCAGCATATATCTCTGCAGCGCCGGGAGGCTAGCGGGAGGAGTTCGGGGTAATGAGCAGTTCTTCGGGCCA"	"CSAGRLAGGVRGNEQFF"	"TCRBV29-1*3"	"TCRBD2-1*2"	"TCRBJ2-1*1"	38	45	56	66	7	10	NA	NA	"ATGAGCCCTGAAGACAGCAGCATATATCTCTGCAGCGCCGGGAGGCTAGCGGGAGGAGTTCGGGGTAATGAGCAGTTCTTCGGGCCA"	FALSE	TRUE	NA	NA	NA	NA
"GAGCAGGAGGACTCGGCCGTGTATCTCTGTGCCAGCAGCTTGCCAGTCCTTGGAGAAATATTTGCAGATACGCAGTATTTTGGCCCA"	"CASSLPVLGEIFADTQYF"	"GAGCAGGAGGACTCGGCCGTGTATCTCTGTGCCAGCAGCTTGCCAGTCCTTGGAGAAATATTTGCAGATACGCAGTATTTTGGCCCA"	"CASSLPVLGEIFADTQYF"	"TCRBV7-2"	"TCRBD2-1*2"	"TCRBJ2-3*1"	41	51	55	64	10	9	NA	NA	"GAGCAGGAGGACTCGGCCGTGTATCTCTGTGCCAGCAGCTTGCCAGTCCTTGGAGAAATATTTGCAGATACGCAGTATTTTGGCCCA"	FALSE	TRUE	NA	NA	NA	NA
"GTGAGCACCTTGGAGCTGGGGGACTCGGCCCTTTATCTTTGCGCCAGCAGCTTCGGGGGCATGAACACTGAAGCTTTCTTTGGACAA"	"CASSFGGMNTEAFF"	"GTGAGCACCTTGGAGCTGGGGGACTCGGCCCTTTATCTTTGCGCCAGCAGCTTCGGGGGCATGAACACTGAAGCTTTCTTTGGACAA"	"CASSFGGMNTEAFF"	"TCRBV5-1*1"	NA	"TCRBJ1-1*1"	53	54	60	61	1	1	NA	NA	"GTGAGCACCTTGGAGCTGGGGGACTCGGCCCTTTATCTTTGCGCCAGCAGCTTCGGGGGCATGAACACTGAAGCTTTCTTTGGACAA"	FALSE	TRUE	NA	NA	NA	NA
"TCTCTGGAGCTGGGGGACTCAGCTTTGTATTTCTGTGCCAGCACCACCAGGGAAGCGGCCCCATCCTACGAGCAGTACTTCGGGCCG"	"CASTTREAAPSYEQYF"	"TCTCTGGAGCTGGGGGACTCAGCTTTGTATTTCTGTGCCAGCACCACCAGGGAAGCGGCCCCATCCTACGAGCAGTACTTCGGGCCG"	"CASTTREAAPSYEQYF"	"TCRBV9-1*1"	NA	"TCRBJ2-7*1"	43	47	52	63	4	11	NA	NA	"TCTCTGGAGCTGGGGGACTCAGCTTTGTATTTCTGTGCCAGCACCACCAGGGAAGCGGCCCCATCCTACGAGCAGTACTTCGGGCCG"	FALSE	TRUE	NA	NA	NA	NA
"GTGAGCACCTTGGAGCTGGGGGACTCGGCCCTTTATCTTTGCGCCAGCAGCTGGGGGTATAGCAATCAGCCCCAGCATTTTGGTGAT"	"CASSWGYSNQPQHF"	"GTGAGCACCTTGGAGCTGGGGGACTCGGCCCTTTATCTTTGCGCCAGCAGCTGGGGGTATAGCAATCAGCCCCAGCATTTTGGTGAT"	"CASSWGYSNQPQHF"	"TCRBV5-1*1"	NA	"TCRBJ1-5*1"	-1	52	57	59	53	2	NA	NA	"GTGAGCACCTTGGAGCTGGGGGACTCGGCCCTTTATCTTTGCGCCAGCAGCTGGGGGTATAGCAATCAGCCCCAGCATTTTGGTGAT"	FALSE	TRUE	NA	NA	NA	NA
"CACGGAGTCAGGGGACACAGCACTGTATTTCTGTGCCAGCAGCAAAGAAGGGCGGGAGGGCCTATATATGAGCAGTTCTTCGGGCCA"	""	"CACGGAGTCAGGGGACACAGCACTGTATTTCTGTGCCAGCAGCAAAGAAGGGCGGGAGGGCCTATATATGAGCAGTTCTTCGGGCCA"	""	"TCRBV21-1*1"	"TCRBD2-1*2"	"TCRBJ2-1*1"	47	51	60	67	4	7	NA	NA	"CACGGAGTCAGGGGACACAGCACTGTATTTCTGTGCCAGCAGCAAAGAAGGGCGGGAGGGCCTATATATGAGCAGTTCTTCGGGCCA"	FALSE	FALSE	NA	NA	NA	NA
"AACGCCTTGTTGCTGGGGGACTCGGCCCTCTATCTCTGTGCCAGCAGCTTGGGGAGGGAAATCGCCTACGAGCAGTACTTCGGGCCG"	"CASSLGREIAYEQYF"	"AACGCCTTGTTGCTGGGGGACTCGGCCCTCTATCTCTGTGCCAGCAGCTTGGGGAGGGAAATCGCCTACGAGCAGTACTTCGGGCCG"	"CASSLGREIAYEQYF"	"TCRBV5-6*1"	"TCRBD2-1*2"	"TCRBJ2-7*1"	-1	52	58	64	53	6	NA	NA	"AACGCCTTGTTGCTGGGGGACTCGGCCCTCTATCTCTGTGCCAGCAGCTTGGGGAGGGAAATCGCCTACGAGCAGTACTTCGGGCCG"	FALSE	TRUE	NA	NA	NA	NA
"CAGCGCACACAGCAGGAGGACTCCGCCGTGTATCTCTGTGCCAGCAGCTTAGCGGGAGGGGAGTCCTACGAGCAGTACTTCGGGCCG"	"CASSLAGGESYEQYF"	"CAGCGCACACAGCAGGAGGACTCCGCCGTGTATCTCTGTGCCAGCAGCTTAGCGGGAGGGGAGTCCTACGAGCAGTACTTCGGGCCG"	"CASSLAGGESYEQYF"	"TCRBV7-8*1"	"TCRBD2-1*2"	"TCRBJ2-7*1"	-1	53	60	63	54	3	NA	NA	"CAGCGCACACAGCAGGAGGACTCCGCCGTGTATCTCTGTGCCAGCAGCTTAGCGGGAGGGGAGTCCTACGAGCAGTACTTCGGGCCG"	FALSE	TRUE	NA	NA	NA	NA
"NNNNNNNNNNNNNNNTGTCGGCTGCTCCCTCCCAGACATCTGTGTACTTCTGTGCCAGCACATTCAGAGACCCAGTACTTCGGGCCA"	""	"NNNNNNNNNNNNNNNTGTCGGCTGCTCCCTCCCAGACATCTGTGTACTTCTGTGCCAGCACATTCAGAGACCCAGTACTTCGGGCCA"	""	"TCRBV6-5*1"	"TCRBD1-1*1"	"TCRBJ2-5*1"	-1	60	62	65	61	3	NA	NA	"NNNNNNNNNNNNNNNTGTCGGCTGCTCCCTCCCAGACATCTGTGTACTTCTGTGCCAGCACATTCAGAGACCCAGTACTTCGGGCCA"	FALSE	FALSE	NA	NA	NA	NA
"CTGAGCTCTCTGGAGCTGGGGGACTCAGCTTTGTATTTCTGTGCCAGCAGCGGCTGGACAGGGGAGTATGGCTACACCTTCGGTTCG"	"CASSGWTGEYGYTF"	"CTGAGCTCTCTGGAGCTGGGGGACTCAGCTTTGTATTTCTGTGCCAGCAGCGGCTGGACAGGGGAGTATGGCTACACCTTCGGTTCG"	"CASSGWTGEYGYTF"	"TCRBV9-1*1"	"TCRBD1-1*1"	"TCRBJ1-2*1"	52	55	64	66	3	2	NA	NA	"CTGAGCTCTCTGGAGCTGGGGGACTCAGCTTTGTATTTCTGTGCCAGCAGCGGCTGGACAGGGGAGTATGGCTACACCTTCGGTTCG"	FALSE	TRUE	NA	NA	NA	NA
"TCTCTGGAGCTGGGGGACTCAGCTTTGTATTTCTGTGCCAGCAGCGTAGCGCCAGGGCCGGGGGACACTGAAGCTTTCTTTGGACAA"	"CASSVAPGPGDTEAFF"	"TCTCTGGAGCTGGGGGACTCAGCTTTGTATTTCTGTGCCAGCAGCGTAGCGCCAGGGCCGGGGGACACTGAAGCTTTCTTTGGACAA"	"CASSVAPGPGDTEAFF"	"TCRBV9-1*1"	"TCRBD2-1*1"	"TCRBJ1-1*1"	49	58	-1	64	9	65	NA	NA	"TCTCTGGAGCTGGGGGACTCAGCTTTGTATTTCTGTGCCAGCAGCGTAGCGCCAGGGCCGGGGGACACTGAAGCTTTCTTTGGACAA"	FALSE	TRUE	NA	NA	NA	NA
"GAGCTTGGTGACTCTGCTGTGTATTTCTGTGCCAGCAGCCAAGATCGTTCCGGGCTAGCGACCCACTACGAGCAGTACTTCGGGCCG"	"CASSQDRSGLATHYEQYF"	"GAGCTTGGTGACTCTGCTGTGTATTTCTGTGCCAGCAGCCAAGATCGTTCCGGGCTAGCGACCCACTACGAGCAGTACTTCGGGCCG"	"CASSQDRSGLATHYEQYF"	"TCRBV3-1/3-2*1"	"TCRBD2-1"	"TCRBJ2-7*1"	44	54	60	65	10	5	NA	NA	"GAGCTTGGTGACTCTGCTGTGTATTTCTGTGCCAGCAGCCAAGATCGTTCCGGGCTAGCGACCCACTACGAGCAGTACTTCGGGCCG"	FALSE	TRUE	NA	NA	NA	NA
"ACCAGACATCTATGTACCTCTGTGCCAGCAGTGTGTTGGTATCCCCCTTTAGTGGGACTAGTTCCCTACGAGCAGTACTTCGGGCCG"	""	"ACCAGACATCTATGTACCTCTGTGCCAGCAGTGTGTTGGTATCCCCCTTTAGTGGGACTAGTTCCCTACGAGCAGTACTTCGGGCCG"	""	"TCRBV28-1*1"	"TCRBD2-1"	"TCRBJ2-7*1"	32	53	61	64	21	3	NA	NA	"ACCAGACATCTATGTACCTCTGTGCCAGCAGTGTGTTGGTATCCCCCTTTAGTGGGACTAGTTCCCTACGAGCAGTACTTCGGGCCG"	FALSE	FALSE	NA	NA	NA	NA
"AAGATCCAGCCCTCAGAACCCAGGGACTCAGCTGTGTACTTCTGTGCCAGCAGCCCCGGGACAGGGTATGGCTACACCTTCGGTTCG"	"CASSPGTGYGYTF"	"AAGATCCAGCCCTCAGAACCCAGGGACTCAGCTGTGTACTTCTGTGCCAGCAGCCCCGGGACAGGGTATGGCTACACCTTCGGTTCG"	"CASSPGTGYGYTF"	"TCRBV12-3/12-4*1"	"TCRBD1-1*1"	"TCRBJ1-2*1"	53	57	-1	66	4	67	NA	NA	"AAGATCCAGCCCTCAGAACCCAGGGACTCAGCTGTGTACTTCTGTGCCAGCAGCCCCGGGACAGGGTATGGCTACACCTTCGGTTCG"	FALSE	TRUE	NA	NA	NA	NA
"ATCCAGCCTGCAGAGCTTGGGGACTCGGCCGTGTATCTCTGTGCCAGCAGGCCCACTAGCGGGAGCCACGAGCAGTACTTCGGGCCG"	"CASRPTSGSHEQYF"	"ATCCAGCCTGCAGAGCTTGGGGACTCGGCCGTGTATCTCTGTGCCAGCAGGCCCACTAGCGGGAGCCACGAGCAGTACTTCGGGCCG"	"CASRPTSGSHEQYF"	"TCRBV11-3*1"	"TCRBD2-1*2"	"TCRBJ2-7*1"	50	54	65	67	4	2	NA	NA	"ATCCAGCCTGCAGAGCTTGGGGACTCGGCCGTGTATCTCTGTGCCAGCAGGCCCACTAGCGGGAGCCACGAGCAGTACTTCGGGCCG"	FALSE	TRUE	NA	NA	NA	NA
"AAGCTTGAGGACTCGGCCGTGTATCTCTGTGCCAGCAGCTTGGCGTCCAACGGGCGATCTCCGGTGGATACGCAGTATTTTGGCCCA"	"CASSLASNGRSPVDTQYF"	"AAGCTTGAGGACTCGGCCGTGTATCTCTGTGCCAGCAGCTTGGCGTCCAACGGGCGATCTCCGGTGGATACGCAGTATTTTGGCCCA"	"CASSLASNGRSPVDTQYF"	"TCRBV11-2"	NA	"TCRBJ2-3*1"	41	51	55	66	10	11	NA	NA	"AAGCTTGAGGACTCGGCCGTGTATCTCTGTGCCAGCAGCTTGGCGTCCAACGGGCGATCTCCGGTGGATACGCAGTATTTTGGCCCA"	FALSE	TRUE	NA	NA	NA	NA
"GTGAACGCCTTGGAGCTGGACGACTCGGCCCTGTATCTCTGTGCCAGCAGCTTTGAGGGGGCCGGGTATGGCTACACCTTCGGTTCG"	"CASSFEGAGYGYTF"	"GTGAACGCCTTGGAGCTGGACGACTCGGCCCTGTATCTCTGTGCCAGCAGCTTTGAGGGGGCCGGGTATGGCTACACCTTCGGTTCG"	"CASSFEGAGYGYTF"	"TCRBV5-4*1"	"TCRBD1-1*1"	"TCRBJ1-2*1"	53	55	62	66	2	4	NA	NA	"GTGAACGCCTTGGAGCTGGACGACTCGGCCCTGTATCTCTGTGCCAGCAGCTTTGAGGGGGCCGGGTATGGCTACACCTTCGGTTCG"	FALSE	TRUE	NA	NA	NA	NA
"GAGCTCTCTGGAGCTGGGGGACTCAGCTTTGTATTTCTGTGCCAGCAGCGTCGCGACAGGGACACCTACGAGCAGTACTTCGGGCCG"	""	"GAGCTCTCTGGAGCTGGGGGACTCAGCTTTGTATTTCTGTGCCAGCAGCGTCGCGACAGGGACACCTACGAGCAGTACTTCGGGCCG"	""	"TCRBV9-1*1"	"TCRBD1-1*1"	"TCRBJ2-7*1"	51	54	61	64	3	3	NA	NA	"GAGCTCTCTGGAGCTGGGGGACTCAGCTTTGTATTTCTGTGCCAGCAGCGTCGCGACAGGGACACCTACGAGCAGTACTTCGGGCCG"	FALSE	FALSE	NA	NA	NA	NA
"AGTCCGCTACCAGCTCCCAGACATCTGTGTACTTCTGTGCCATCGGCCTTCTAGCGGGAGGACCCCTACGAGCAGTACTTCGGGCCG"	""	"AGTCCGCTACCAGCTCCCAGACATCTGTGTACTTCTGTGCCATCGGCCTTCTAGCGGGAGGACCCCTACGAGCAGTACTTCGGGCCG"	""	"TCRBV1-3*1"	"TCRBD2-1*2"	"TCRBJ2-7*1"	44	50	61	64	6	3	NA	NA	"AGTCCGCTACCAGCTCCCAGACATCTGTGTACTTCTGTGCCATCGGCCTTCTAGCGGGAGGACCCCTACGAGCAGTACTTCGGGCCG"	FALSE	FALSE	NA	NA	NA	NA
"CAGCCAGAAGACTCGGCCCTGTATCTCTGTGCCAGCAGCCGCTTCGCCGGGACTAGCGGGGTCACAGATACGCAGTATTTTGGCCCA"	"CASSRFAGTSGVTDTQYF"	"CAGCCAGAAGACTCGGCCCTGTATCTCTGTGCCAGCAGCCGCTTCGCCGGGACTAGCGGGGTCACAGATACGCAGTATTTTGGCCCA"	"CASSRFAGTSGVTDTQYF"	"TCRBV4-2*1"	"TCRBD2-1*1"	"TCRBJ2-3*1"	40	48	61	62	8	1	NA	NA	"CAGCCAGAAGACTCGGCCCTGTATCTCTGTGCCAGCAGCCGCTTCGCCGGGACTAGCGGGGTCACAGATACGCAGTATTTTGGCCCA"	FALSE	TRUE	NA	NA	NA	NA
"CACACCCTGCAGCCAGAAGACTCGGCCCTGTATCTCTGTGCCAGCAGCCAAGGGGACAGACCTAACTATGGCTACACCTTCGGTTCG"	"CASSQGDRPNYGYTF"	"CACACCCTGCAGCCAGAAGACTCGGCCCTGTATCTCTGTGCCAGCAGCCAAGGGGACAGACCTAACTATGGCTACACCTTCGGTTCG"	"CASSQGDRPNYGYTF"	"TCRBV4-2*1"	"TCRBD1-1*1"	"TCRBJ1-2*1"	-1	52	59	61	53	2	NA	NA	"CACACCCTGCAGCCAGAAGACTCGGCCCTGTATCTCTGTGCCAGCAGCCAAGGGGACAGACCTAACTATGGCTACACCTTCGGTTCG"	FALSE	TRUE	NA	NA	NA	NA
"NNNNNNNTGAAGATCCAGCCCTCAGAACCCAGGGACTCAGCTGTGTACTTCTGTGCCAGCGAAAGTGGTACGCAGTATTTTGGCCCA"	"CASESGTQYF"	"NNNNNNNTGAAGATCCAGCCCTCAGAACCCAGGGACTCAGCTGTGTACTTCTGTGCCAGCGAAAGTGGTACGCAGTATTTTGGCCCA"	"CASESGTQYF"	"TCRBV12-3/12-4*1"	NA	"TCRBJ2-3*1"	60	66	-1	68	6	69	NA	NA	"NNNNNNNTGAAGATCCAGCCCTCAGAACCCAGGGACTCAGCTGTGTACTTCTGTGCCAGCGAAAGTGGTACGCAGTATTTTGGCCCA"	FALSE	TRUE	NA	NA	NA	NA
"NNNNTGTCGGCTGCTCCCTCCCAGACATCTGTGTACTTCTGTGCCAGCAGACCTCGGGGGGGGGACTATGGCTACACCTTCGGTTCG"	"CASRPRGGDYGYTF"	"NNNNTGTCGGCTGCTCCCTCCCAGACATCTGTGTACTTCTGTGCCAGCAGACCTCGGGGGGGGGACTATGGCTACACCTTCGGTTCG"	"CASRPRGGDYGYTF"	"TCRBV6-5*1"	"TCRBD2-1*1"	"TCRBJ1-2*1"	50	54	62	64	4	2	NA	NA	"NNNNTGTCGGCTGCTCCCTCCCAGACATCTGTGTACTTCTGTGCCAGCAGACCTCGGGGGGGGGACTATGGCTACACCTTCGGTTCG"	FALSE	TRUE	NA	NA	NA	NA
"TCCCTGGAGCTTGGTGACTCTGCTGTGTATTTCTGTGCCAGCAGCCAAACTGTTAGCGGGAGGGACAATGAGCAGTTCTTCGGGCCA"	"CASSQTVSGRDNEQFF"	"TCCCTGGAGCTTGGTGACTCTGCTGTGTATTTCTGTGCCAGCAGCCAAACTGTTAGCGGGAGGGACAATGAGCAGTTCTTCGGGCCA"	"CASSQTVSGRDNEQFF"	"TCRBV3-1/3-2*1"	"TCRBD2-1*2"	"TCRBJ2-1*1"	48	53	-1	64	5	65	NA	NA	"TCCCTGGAGCTTGGTGACTCTGCTGTGTATTTCTGTGCCAGCAGCCAAACTGTTAGCGGGAGGGACAATGAGCAGTTCTTCGGGCCA"	FALSE	TRUE	NA	NA	NA	NA
"CTGGAGCTGGGGGACTCAGCTTTGTATTTCTGTGCCCGCAGCGGGGGGGGCGAGGGGAGCGGTACCGGGGAGCTGTTTTTTGGAGAA"	"CARSGGGEGSGTGELFF"	"CTGGAGCTGGGGGACTCAGCTTTGTATTTCTGTGCCCGCAGCGGGGGGGGCGAGGGGAGCGGTACCGGGGAGCTGTTTTTTGGAGAA"	"CARSGGGEGSGTGELFF"	"TCRBV9-1*1"	"TCRBD2-1*1"	"TCRBJ2-2*1"	-1	43	50	63	44	13	NA	NA	"CTGGAGCTGGGGGACTCAGCTTTGTATTTCTGTGCCCGCAGCGGGGGGGGCGAGGGGAGCGGTACCGGGGAGCTGTTTTTTGGAGAA"	FALSE	TRUE	NA	NA	NA	NA
"AGCACCTTGGAGCTGGGGGACTCGGCCCTTTATCTTTGCGCCAGCAGCCCCAACAGGGGGGGGACCTACGAGCAGTACTTCGGGCCG"	"CASSPNRGGTYEQYF"	"AGCACCTTGGAGCTGGGGGACTCGGCCCTTTATCTTTGCGCCAGCAGCCCCAACAGGGGGGGGACCTACGAGCAGTACTTCGGGCCG"	"CASSPNRGGTYEQYF"	"TCRBV5-1*1"	"TCRBD1-1*1"	"TCRBJ2-7*1"	48	52	60	64	4	4	NA	NA	"AGCACCTTGGAGCTGGGGGACTCGGCCCTTTATCTTTGCGCCAGCAGCCCCAACAGGGGGGGGACCTACGAGCAGTACTTCGGGCCG"	FALSE	TRUE	NA	NA	NA	NA
"CTCACTGTGACATCGGCCCAAAAGAACCCGACAGCTTTCTATCTCTGTGCCAGTAGTACTAGCCCCAATGAGCAGTTCTTCGGGCCA"	"CASSTSPNEQFF"	"CTCACTGTGACATCGGCCCAAAAGAACCCGACAGCTTTCTATCTCTGTGCCAGTAGTACTAGCCCCAATGAGCAGTTCTTCGGGCCA"	"CASSTSPNEQFF"	"TCRBV19-1*1"	"TCRBD2-1"	"TCRBJ2-1*1"	-1	58	63	65	59	2	NA	NA	"CTCACTGTGACATCGGCCCAAAAGAACCCGACAGCTTTCTATCTCTGTGCCAGTAGTACTAGCCCCAATGAGCAGTTCTTCGGGCCA"	FALSE	TRUE	NA	NA	NA	NA
"AGTCAGGGGACACAGCACTGTATTTCTGTGCCAGCAGCAAATCTAGCGGGAGGCTCGTTCTTGGCCGGGGAGCTGTTTTTTGGAGAA"	""	"AGTCAGGGGACACAGCACTGTATTTCTGTGCCAGCAGCAAATCTAGCGGGAGGCTCGTTCTTGGCCGGGGAGCTGTTTTTTGGAGAA"	""	"TCRBV21-1*1"	"TCRBD2-1*2"	"TCRBJ2-2*1"	41	42	53	64	1	11	NA	NA	"AGTCAGGGGACACAGCACTGTATTTCTGTGCCAGCAGCAAATCTAGCGGGAGGCTCGTTCTTGGCCGGGGAGCTGTTTTTTGGAGAA"	FALSE	FALSE	NA	NA	NA	NA
"AGCTTGGTGACTCTGCTGTGTATTTCTGTGCCAGCAGCCAAGGTGTCAGGGAGAGGCTCTGGGGCCAACGTCCTGACTTTCGGGGCC"	""	"AGCTTGGTGACTCTGCTGTGTATTTCTGTGCCAGCAGCCAAGGTGTCAGGGAGAGGCTCTGGGGCCAACGTCCTGACTTTCGGGGCC"	""	"TCRBV3-1/3-2*1"	NA	"TCRBJ2-6*1"	42	46	51	56	4	5	NA	NA	"AGCTTGGTGACTCTGCTGTGTATTTCTGTGCCAGCAGCCAAGGTGTCAGGGAGAGGCTCTGGGGCCAACGTCCTGACTTTCGGGGCC"	FALSE	FALSE	NA	NA	NA	NA
"TCTAAGAAGCTCCTTCTCAGTGACTCTGGCTTCTATCTCTGTGCCTGGAGTAATGGAGGGGAAGATGAAAAACTGTTTTTTGGCAGT"	"CAWSNGGEDEKLFF"	"TCTAAGAAGCTCCTTCTCAGTGACTCTGGCTTCTATCTCTGTGCCTGGAGTAATGGAGGGGAAGATGAAAAACTGTTTTTTGGCAGT"	"CAWSNGGEDEKLFF"	"TCRBV3-1*1"	"TCRBD2-1*2"	"TCRBJ1-4*1"	51	54	60	64	3	4	NA	NA	"TCTAAGAAGCTCCTTCTCAGTGACTCTGGCTTCTATCTCTGTGCCTGGAGTAATGGAGGGGAAGATGAAAAACTGTTTTTTGGCAGT"	FALSE	TRUE	NA	NA	NA	NA
"NNNNNNNNTGTCGGCTGCTCCCTCCCAGACATCTGTGTACTTCTGTGCCAGCAGTGAAGGGACACCTACGAGCAGTACTTCGGGCCG"	""	"NNNNNNNNTGTCGGCTGCTCCCTCCCAGACATCTGTGTACTTCTGTGCCAGCAGTGAAGGGACACCTACGAGCAGTACTTCGGGCCG"	""	"TCRBV6-1*1"	"TCRBD1-1*1"	"TCRBJ2-7*1"	-1	59	-1	64	60	65	NA	NA	"NNNNNNNNTGTCGGCTGCTCCCTCCCAGACATCTGTGTACTTCTGTGCCAGCAGTGAAGGGACACCTACGAGCAGTACTTCGGGCCG"	FALSE	FALSE	NA	NA	NA	NA
"ACTGTGAGCAACATGAGCCCTGAAGACAGCAGCATATATCTCTGCAGCGTTGAAGCGAGGGCTGGGCAGCCCCAGCATTTTGGTGAT"	"CSVEARAGQPQHF"	"ACTGTGAGCAACATGAGCCCTGAAGACAGCAGCATATATCTCTGCAGCGTTGAAGCGAGGGCTGGGCAGCCCCAGCATTTTGGTGAT"	"CSVEARAGQPQHF"	"TCRBV29-1"	"TCRBD2-1*2"	"TCRBJ1-5*1"	55	56	61	66	1	5	NA	NA	"ACTGTGAGCAACATGAGCCCTGAAGACAGCAGCATATATCTCTGCAGCGTTGAAGCGAGGGCTGGGCAGCCCCAGCATTTTGGTGAT"	FALSE	TRUE	NA	NA	NA	NA
"CTTGGAGCTGGGGGACTCGGCCCTTTATCTTTGCGCCACAGGGACTAGCGGTCGAAGGGCGGCTACAATGAGCAGTTCTTCGGGCCA"	""	"CTTGGAGCTGGGGGACTCGGCCCTTTATCTTTGCGCCACAGGGACTAGCGGTCGAAGGGCGGCTACAATGAGCAGTTCTTCGGGCCA"	""	"TCRBV5-1*1"	"TCRBD2-1"	"TCRBJ2-1*1"	38	40	51	62	2	11	NA	NA	"CTTGGAGCTGGGGGACTCGGCCCTTTATCTTTGCGCCACAGGGACTAGCGGTCGAAGGGCGGCTACAATGAGCAGTTCTTCGGGCCA"	FALSE	FALSE	NA	NA	NA	NA
"CTGGAGTCCGCTACCAGCTCCCAGACATCTGTGTACTTCTGTGCCATCAGTGAGTCGACCCAGGGCCCCCGGGCTTTCTTTGGACAA"	"CAISESTQGPRAFF"	"CTGGAGTCCGCTACCAGCTCCCAGACATCTGTGTACTTCTGTGCCATCAGTGAGTCGACCCAGGGCCCCCGGGCTTTCTTTGGACAA"	"CAISESTQGPRAFF"	"TCRBV1-3*1"	"TCRBD1-1*1"	"TCRBJ1-1*1"	56	60	65	72	4	7	NA	NA	"CTGGAGTCCGCTACCAGCTCCCAGACATCTGTGTACTTCTGTGCCATCAGTGAGTCGACCCAGGGCCCCCGGGCTTTCTTTGGACAA"	FALSE	TRUE	NA	NA	NA	NA
"AGCACCTTGGAGCTGGGGGACTCGGCCCTTTATCTTTGCGCCAGCAGCTTGACAGGGGCAACTAATGAAAAACTGTTTTTTGGCAGT"	"CASSLTGATNEKLFF"	"AGCACCTTGGAGCTGGGGGACTCGGCCCTTTATCTTTGCGCCAGCAGCTTGACAGGGGCAACTAATGAAAAACTGTTTTTTGGCAGT"	"CASSLTGATNEKLFF"	"TCRBV5-1*1"	"TCRBD1-1*1"	"TCRBJ1-4*1"	-1	51	-1	58	52	59	NA	NA	"AGCACCTTGGAGCTGGGGGACTCGGCCCTTTATCTTTGCGCCAGCAGCTTGACAGGGGCAACTAATGAAAAACTGTTTTTTGGCAGT"	FALSE	TRUE	NA	NA	NA	NA
"CTACACACCCTGCAGCCAGAAGACTCGGCCCTGTATCTCTGCGCCAGCAGCCAAGTATGGGTCACAGATACGCAGTATTTTGGCCCA"	"CASSQVWVTDTQYF"	"CTACACACCCTGCAGCCAGAAGACTCGGCCCTGTATCTCTGCGCCAGCAGCCAAGTATGGGTCACAGATACGCAGTATTTTGGCCCA"	"CASSQVWVTDTQYF"	"TCRBV4-3*1"	NA	"TCRBJ2-3*1"	55	58	61	62	3	1	NA	NA	"CTACACACCCTGCAGCCAGAAGACTCGGCCCTGTATCTCTGCGCCAGCAGCCAAGTATGGGTCACAGATACGCAGTATTTTGGCCCA"	FALSE	TRUE	NA	NA	NA	NA
"GCCCTGCAGCCAGAAGACTCAGCCCTGTATCTCTGCGCCAGCAGCCAAGTATGGCTAGCGTCCCAAGAGACCCAGTACTTCGGGCCA"	"CASSQVWLASQETQYF"	"GCCCTGCAGCCAGAAGACTCAGCCCTGTATCTCTGCGCCAGCAGCCAAGTATGGCTAGCGTCCCAAGAGACCCAGTACTTCGGGCCA"	"CASSQVWLASQETQYF"	"TCRBV4-1*1"	"TCRBD2-1"	"TCRBJ2-5*1"	49	54	60	62	5	2	NA	NA	"GCCCTGCAGCCAGAAGACTCAGCCCTGTATCTCTGCGCCAGCAGCCAAGTATGGCTAGCGTCCCAAGAGACCCAGTACTTCGGGCCA"	FALSE	TRUE	NA	NA	NA	NA
"CTCCTTCTCAGTGACTCTGGCTTCTATCTCTGTGCCTGGAGTGTATAGGTTTGGGACAGGCCCCCTTGGGAGCAGTACTTCGGGCCG"	"CAWSV*VWDRPPWEQYF"	"CTCCTTCTCAGTGACTCTGGCTTCTATCTCTGTGCCTGGAGTGTATAGGTTTGGGACAGGCCCCCTTGGGAGCAGTACTTCGGGCCG"	"CAWSV*VWDRPPWEQYF"	"TCRBV3-1*1"	"TCRBD1-1*1"	"TCRBJ2-7*1"	44	52	60	69	8	9	NA	NA	"CTCCTTCTCAGTGACTCTGGCTTCTATCTCTGTGCCTGGAGTGTATAGGTTTGGGACAGGCCCCCTTGGGAGCAGTACTTCGGGCCG"	FALSE	TRUE	NA	NA	NA	NA
"AGCTCTCTGGAGCTGGGGGACTCAGCTTTGTATTTCTGTGCCAGCAGCGACAGGGACAGGGGGCTATACGAGCAGTACTTCGGGCCG"	"CASSDRDRGLYEQYF"	"AGCTCTCTGGAGCTGGGGGACTCAGCTTTGTATTTCTGTGCCAGCAGCGACAGGGACAGGGGGCTATACGAGCAGTACTTCGGGCCG"	"CASSDRDRGLYEQYF"	"TCRBV9-1*1"	"TCRBD1-1*1"	"TCRBJ2-7*1"	49	52	64	66	3	2	NA	NA	"AGCTCTCTGGAGCTGGGGGACTCAGCTTTGTATTTCTGTGCCAGCAGCGACAGGGACAGGGGGCTATACGAGCAGTACTTCGGGCCG"	FALSE	TRUE	NA	NA	NA	NA
"ACTGTGACATCGGCCCAAAAGAACCCGACAGCTTTCTATCTCTGTGCCAGTAGTACTACCTTACTCTACGAGCAGTACTTCGGGCCG"	"CASSTTLLYEQYF"	"ACTGTGACATCGGCCCAAAAGAACCCGACAGCTTTCTATCTCTGTGCCAGTAGTACTACCTTACTCTACGAGCAGTACTTCGGGCCG"	"CASSTTLLYEQYF"	"TCRBV19-1*1"	"TCRBD2-1"	"TCRBJ2-7*1"	55	62	-1	65	7	66	NA	NA	"ACTGTGACATCGGCCCAAAAGAACCCGACAGCTTTCTATCTCTGTGCCAGTAGTACTACCTTACTCTACGAGCAGTACTTCGGGCCG"	FALSE	TRUE	NA	NA	NA	NA
"TCCAGTCCACGGAGTCAGGGGACACAGCACTGTATTTCTGTGCCAGCAGCTGCGGGACAGGAAAACTATGGCTACACCTTCGGTTCG"	""	"TCCAGTCCACGGAGTCAGGGGACACAGCACTGTATTTCTGTGCCAGCAGCTGCGGGACAGGAAAACTATGGCTACACCTTCGGTTCG"	""	"TCRBV21-1*1"	"TCRBD1-1*1"	"TCRBJ1-2*1"	50	53	61	63	3	2	NA	NA	"TCCAGTCCACGGAGTCAGGGGACACAGCACTGTATTTCTGTGCCAGCAGCTGCGGGACAGGAAAACTATGGCTACACCTTCGGTTCG"	FALSE	FALSE	NA	NA	NA	NA
"CCTGCAGAACTGGAGGATTCTGGAGTTTATTTCTGTGCCAGCAGCCCAGGGACAGGGGCCCACACAGATACGCAGTATTTTGGCCCA"	"CASSPGTGAHTDTQYF"	"CCTGCAGAACTGGAGGATTCTGGAGTTTATTTCTGTGCCAGCAGCCCAGGGACAGGGGCCCACACAGATACGCAGTATTTTGGCCCA"	"CASSPGTGAHTDTQYF"	"TCRBV14-1*1"	"TCRBD1-1*1"	"TCRBJ2-3*1"	46	48	58	62	2	4	NA	NA	"CCTGCAGAACTGGAGGATTCTGGAGTTTATTTCTGTGCCAGCAGCCCAGGGACAGGGGCCCACACAGATACGCAGTATTTTGGCCCA"	FALSE	TRUE	NA	NA	NA	NA
"CTGGAGCTTGGTGACTCTGCTGTGTATTTCTGTGCCAGCAGCCATCCTCTAGCGGGAGGGCTCACAGATACGCAGTATTTTGGCCCA"	"CASSHPLAGGLTDTQYF"	"CTGGAGCTTGGTGACTCTGCTGTGTATTTCTGTGCCAGCAGCCATCCTCTAGCGGGAGGGCTCACAGATACGCAGTATTTTGGCCCA"	"CASSHPLAGGLTDTQYF"	"TCRBV3-1/3-2*1"	"TCRBD2-1*2"	"TCRBJ2-3*1"	44	48	60	62	4	2	NA	NA	"CTGGAGCTTGGTGACTCTGCTGTGTATTTCTGTGCCAGCAGCCATCCTCTAGCGGGAGGGCTCACAGATACGCAGTATTTTGGCCCA"	FALSE	TRUE	NA	NA	NA	NA
"GGGACACAGCACTGTATTTCTGTGCCAGCTCCCACCGGGTGGCTAGCGGGAAGTGGGAAGAACACAGATACGCAGTATTTTGGCCCA"	""	"GGGACACAGCACTGTATTTCTGTGCCAGCTCCCACCGGGTGGCTAGCGGGAAGTGGGAAGAACACAGATACGCAGTATTTTGGCCCA"	""	"TCRBV21-1*1"	"TCRBD2-1*2"	"TCRBJ2-3*1"	29	42	51	62	13	11	NA	NA	"GGGACACAGCACTGTATTTCTGTGCCAGCTCCCACCGGGTGGCTAGCGGGAAGTGGGAAGAACACAGATACGCAGTATTTTGGCCCA"	FALSE	FALSE	NA	NA	NA	NA
"NNCACTCTGACGATCCAGCGCACACAGCAGGAGGACTCGGCCGTGTATCTCTGTGCCAGCGTTTTGGATGGCTACACCTTCGGTTCG"	"CASVLDGYTF"	"NNCACTCTGACGATCCAGCGCACACAGCAGGAGGACTCGGCCGTGTATCTCTGTGCCAGCGTTTTGGATGGCTACACCTTCGGTTCG"	"CASVLDGYTF"	"TCRBV7-2"	NA	"TCRBJ1-2*1"	60	65	-1	67	5	68	NA	NA	"NNCACTCTGACGATCCAGCGCACACAGCAGGAGGACTCGGCCGTGTATCTCTGTGCCAGCGTTTTGGATGGCTACACCTTCGGTTCG"	FALSE	TRUE	NA	NA	NA	NA
"GAGATCCAGCGCACAGAGCAGGGGGACTCGGCCATGTATCTCTGTGCCAGCAGCTTAGCCGGGAACTATGGCTACACCTTCGGTTCG"	"CASSLAGNYGYTF"	"GAGATCCAGCGCACAGAGCAGGGGGACTCGGCCATGTATCTCTGTGCCAGCAGCTTAGCCGGGAACTATGGCTACACCTTCGGTTCG"	"CASSLAGNYGYTF"	"TCRBV7-9*1"	"TCRBD2-1"	"TCRBJ1-2*1"	-1	59	-1	63	60	64	NA	NA	"GAGATCCAGCGCACAGAGCAGGGGGACTCGGCCATGTATCTCTGTGCCAGCAGCTTAGCCGGGAACTATGGCTACACCTTCGGTTCG"	FALSE	TRUE	NA	NA	NA	NA
"TCAGAACCCAGGGACTCAGCTGTGTACTTCTGTGCCAGCTGTTTGGGGTTTGGGGGGGGGTTCACCGGGGAGCTGTTTTTTGGAGAA"	"CASCLGFGGGFTGELFF"	"TCAGAACCCAGGGACTCAGCTGTGTACTTCTGTGCCAGCTGTTTGGGGTTTGGGGGGGGGTTCACCGGGGAGCTGTTTTTTGGAGAA"	"CASCLGFGGGFTGELFF"	NA	"TCRBD2-1*1"	"TCRBJ2-2*1"	44	51	58	62	7	4	NA	NA	"TCAGAACCCAGGGACTCAGCTGTGTACTTCTGTGCCAGCTGTTTGGGGTTTGGGGGGGGGTTCACCGGGGAGCTGTTTTTTGGAGAA"	FALSE	TRUE	NA	NA	NA	NA
"GGAGCTGGGGGACTCAGCTTTGTATTTCTGTGCCAGCAGCACCCGGGGTAGCGGGAGGCAGCCAAAAACATTCAGTACTTCGGCGCC"	""	"GGAGCTGGGGGACTCAGCTTTGTATTTCTGTGCCAGCAGCACCCGGGGTAGCGGGAGGCAGCCAAAAACATTCAGTACTTCGGCGCC"	""	"TCRBV9-1*1"	"TCRBD2-1*2"	"TCRBJ2-4*1"	40	48	58	59	8	1	NA	NA	"GGAGCTGGGGGACTCAGCTTTGTATTTCTGTGCCAGCAGCACCCGGGGTAGCGGGAGGCAGCCAAAAACATTCAGTACTTCGGCGCC"	FALSE	FALSE	NA	NA	NA	NA
"GAGTCTGCCATCCCCAACCAGACAGCTCTTTACTTCTGTGCCACCAGGGGGGACTAGCGGGAGCGCTACGAGCAGTACTTCGGGCCG"	"CATRGD*RERYEQYF"	"GAGTCTGCCATCCCCAACCAGACAGCTCTTTACTTCTGTGCCACCAGGGGGGACTAGCGGGAGCGCTACGAGCAGTACTTCGGGCCG"	"CATRGD*RERYEQYF"	"TCRBV24-1*1"	"TCRBD2-1*2"	"TCRBJ2-7*1"	47	49	63	65	2	2	NA	NA	"GAGTCTGCCATCCCCAACCAGACAGCTCTTTACTTCTGTGCCACCAGGGGGGACTAGCGGGAGCGCTACGAGCAGTACTTCGGGCCG"	FALSE	TRUE	NA	NA	NA	NA
"AGTTCTAAGAAGCTCCTTCTCAGTGACTCTGGCTTCTATCTCTGTGCCTGGAGTGGGGACAGGGGAGACGAGCAGTACTTCGGGCCG"	"CAWSGDRGDEQYF"	"AGTTCTAAGAAGCTCCTTCTCAGTGACTCTGGCTTCTATCTCTGTGCCTGGAGTGGGGACAGGGGAGACGAGCAGTACTTCGGGCCG"	"CAWSGDRGDEQYF"	"TCRBV3-1*1"	"TCRBD1-1*1"	"TCRBJ2-7*1"	-1	55	65	67	56	2	NA	NA	"AGTTCTAAGAAGCTCCTTCTCAGTGACTCTGGCTTCTATCTCTGTGCCTGGAGTGGGGACAGGGGAGACGAGCAGTACTTCGGGCCG"	FALSE	TRUE	NA	NA	NA	NA
"TGCAGCCAGAAGACTCGGCCCTGTATCTCTGCGCCAGCAGCCAAGTCACAAGCGGTAAGCTCCTACAATGAGCAGTTCTTCGGGCCA"	""	"TGCAGCCAGAAGACTCGGCCCTGTATCTCTGCGCCAGCAGCCAAGTCACAAGCGGTAAGCTCCTACAATGAGCAGTTCTTCGGGCCA"	""	"TCRBV4-3*1"	"TCRBD2-1"	"TCRBJ2-1*1"	45	50	55	59	5	4	NA	NA	"TGCAGCCAGAAGACTCGGCCCTGTATCTCTGCGCCAGCAGCCAAGTCACAAGCGGTAAGCTCCTACAATGAGCAGTTCTTCGGGCCA"	FALSE	FALSE	NA	NA	NA	NA
"ATTCAGCGCACAGAGCAGCGGGACTCAGCCATGTATCGCTGTGCTAGCAGCTTAGGCAAGCCGGGACAGGGGGAGACCTTCGGTTCG"	"CASSLGKPGQGETF"	"ATTCAGCGCACAGAGCAGCGGGACTCAGCCATGTATCGCTGTGCTAGCAGCTTAGGCAAGCCGGGACAGGGGGAGACCTTCGGTTCG"	"CASSLGKPGQGETF"	"TCRBV7-7*1"	"TCRBD1-1*1"	"TCRBJ1-2*1"	55	62	73	75	7	2	NA	NA	"ATTCAGCGCACAGAGCAGCGGGACTCAGCCATGTATCGCTGTGCTAGCAGCTTAGGCAAGCCGGGACAGGGGGAGACCTTCGGTTCG"	FALSE	TRUE	NA	NA	NA	NA
"GTGAGCACCTTGGAGCTGGGGGACTCGGCCCTTTATCTTTGCGCCAGCAGCTTGAATCCGGGTTCAGATACGCAGTATTTTGGCCCA"	"CASSLNPGSDTQYF"	"GTGAGCACCTTGGAGCTGGGGGACTCGGCCCTTTATCTTTGCGCCAGCAGCTTGAATCCGGGTTCAGATACGCAGTATTTTGGCCCA"	"CASSLNPGSDTQYF"	"TCRBV5-1*1"	"TCRBD2-1"	"TCRBJ2-3*1"	54	58	62	64	4	2	NA	NA	"GTGAGCACCTTGGAGCTGGGGGACTCGGCCCTTTATCTTTGCGCCAGCAGCTTGAATCCGGGTTCAGATACGCAGTATTTTGGCCCA"	FALSE	TRUE	NA	NA	NA	NA
"NNTGTCGGCTGCTCCCTCCCAAACATCTGTGTACTTCTGTGCCAGCAGTTCATCCGGGACAACTCCTACGAGCAGTACTTCGGGCCG"	""	"NNTGTCGGCTGCTCCCTCCCAAACATCTGTGTACTTCTGTGCCAGCAGTTCATCCGGGACAACTCCTACGAGCAGTACTTCGGGCCG"	""	"TCRBV6-2/6-3*1"	"TCRBD1-1*1"	"TCRBJ2-7*1"	50	55	61	62	5	1	NA	NA	"NNTGTCGGCTGCTCCCTCCCAAACATCTGTGTACTTCTGTGCCAGCAGTTCATCCGGGACAACTCCTACGAGCAGTACTTCGGGCCG"	FALSE	FALSE	NA	NA	NA	NA
"TGTTGGCTGCTCCCTCCCAGACATCTGTGTACTTCTGTGCCAGCAGTTAGGACAGGGGTCGACGAAGAGACCCAGTACTTCGGGCCA"	""	"TGTTGGCTGCTCCCTCCCAGACATCTGTGTACTTCTGTGCCAGCAGTTAGGACAGGGGTCGACGAAGAGACCCAGTACTTCGGGCCA"	""	"TCRBV6-6*1"	"TCRBD1-1*1"	"TCRBJ2-5*1"	-1	49	58	64	50	6	NA	NA	"TGTTGGCTGCTCCCTCCCAGACATCTGTGTACTTCTGTGCCAGCAGTTAGGACAGGGGTCGACGAAGAGACCCAGTACTTCGGGCCA"	FALSE	FALSE	NA	NA	NA	NA
"ACCTACACGCCCTGCAGCCAGAAGACTCAGCCCTGTATCTCTGCGCCAGCAGCCAAGATTAGGGGTAATGAGCAGTTCTTCGGGCCA"	""	"ACCTACACGCCCTGCAGCCAGAAGACTCAGCCCTGTATCTCTGCGCCAGCAGCCAAGATTAGGGGTAATGAGCAGTTCTTCGGGCCA"	""	"TCRBV4-1*1"	"TCRBD1-1*1"	"TCRBJ2-1*1"	58	60	65	66	2	1	NA	NA	"ACCTACACGCCCTGCAGCCAGAAGACTCAGCCCTGTATCTCTGCGCCAGCAGCCAAGATTAGGGGTAATGAGCAGTTCTTCGGGCCA"	FALSE	FALSE	NA	NA	NA	NA
"AACGCCTTGTTGCTGGGGGACTCGGCCCTGTATCTCTGTGCCAGCAGCCACGGGGGCGCCTATAATTCACCCCTCCACTTTGGGAAT"	"CASSHGGAYNSPLHF"	"AACGCCTTGTTGCTGGGGGACTCGGCCCTGTATCTCTGTGCCAGCAGCCACGGGGGCGCCTATAATTCACCCCTCCACTTTGGGAAT"	"CASSHGGAYNSPLHF"	"TCRBV5-5*1"	NA	"TCRBJ1-6*1"	48	51	57	58	3	1	NA	NA	"AACGCCTTGTTGCTGGGGGACTCGGCCCTGTATCTCTGTGCCAGCAGCCACGGGGGCGCCTATAATTCACCCCTCCACTTTGGGAAT"	FALSE	TRUE	NA	NA	NA	NA
"AAGGTGCAGCCTGCAGAACTGGAGGATTCTGGAGTTTATTTCTGTGCCAGCAGCCAAAGACAGTTCAGTGAGCAGTACTTCGGGCCG"	"CASSQRQFSEQYF"	"AAGGTGCAGCCTGCAGAACTGGAGGATTCTGGAGTTTATTTCTGTGCCAGCAGCCAAAGACAGTTCAGTGAGCAGTACTTCGGGCCG"	"CASSQRQFSEQYF"	"TCRBV14-1*1"	"TCRBD1-1*1"	"TCRBJ2-7*1"	57	58	63	69	1	6	NA	NA	"AAGGTGCAGCCTGCAGAACTGGAGGATTCTGGAGTTTATTTCTGTGCCAGCAGCCAAAGACAGTTCAGTGAGCAGTACTTCGGGCCG"	FALSE	TRUE	NA	NA	NA	NA
"GAGCTGGAGGACTCGGCCCTGTATCTCTGTGCCAGCAGCTTTCGGAGCAGGGTGGGATCCTATAATTCACCCCTCCACTTTGGGAAT"	"CASSFRSRVGSYNSPLHF"	"GAGCTGGAGGACTCGGCCCTGTATCTCTGTGCCAGCAGCTTTCGGAGCAGGGTGGGATCCTATAATTCACCCCTCCACTTTGGGAAT"	"CASSFRSRVGSYNSPLHF"	"TCRBV5-8*1"	"TCRBD1-1*1"	"TCRBJ1-6*1"	41	47	52	57	6	5	NA	NA	"GAGCTGGAGGACTCGGCCCTGTATCTCTGTGCCAGCAGCTTTCGGAGCAGGGTGGGATCCTATAATTCACCCCTCCACTTTGGGAAT"	FALSE	TRUE	NA	NA	NA	NA
"TTGGAGATCCAGCGCACAGAGCAGGGGGACTCGGCCATGTATCTCTGTGCCAGCAGCTTAGTTTTAGGGGACGACACCTTCGGTTCG"	"CASSLVLGDDTF"	"TTGGAGATCCAGCGCACAGAGCAGGGGGACTCGGCCATGTATCTCTGTGCCAGCAGCTTAGTTTTAGGGGACGACACCTTCGGTTCG"	"CASSLVLGDDTF"	"TCRBV7-9*1"	NA	"TCRBJ1-2*1"	61	67	72	73	6	1	NA	NA	"TTGGAGATCCAGCGCACAGAGCAGGGGGACTCGGCCATGTATCTCTGTGCCAGCAGCTTAGTTTTAGGGGACGACACCTTCGGTTCG"	FALSE	TRUE	NA	NA	NA	NA
"CAGCGCACAGAGCAGCGGGACTCGGCCATGTATCGCTGTGCCAGCAGTGGGGCCAGGGGTCTGAACACTGAAGCTTTCTTTGGACAA"	"CASSGARGLNTEAFF"	"CAGCGCACAGAGCAGCGGGACTCGGCCATGTATCGCTGTGCCAGCAGTGGGGCCAGGGGTCTGAACACTGAAGCTTTCTTTGGACAA"	"CASSGARGLNTEAFF"	"TCRBV7-6*1"	"TCRBD1-1*1"	"TCRBJ1-1*1"	47	53	59	61	6	2	NA	NA	"CAGCGCACAGAGCAGCGGGACTCGGCCATGTATCGCTGTGCCAGCAGTGGGGCCAGGGGTCTGAACACTGAAGCTTTCTTTGGACAA"	FALSE	TRUE	NA	NA	NA	NA
"TCCGCCGTGTATCTCTGTGCCAGCACCGAACCTCCATACAGGGACTAGCGGGAGGATGATTCCTACAATGAGCAGTTCTTCGGGCCA"	"CASTEPPYRD*REDDSYNEQFF"	"TCCGCCGTGTATCTCTGTGCCAGCACCGAACCTCCATACAGGGACTAGCGGGAGGATGATTCCTACAATGAGCAGTTCTTCGGGCCA"	"CASTEPPYRD*REDDSYNEQFF"	"TCRBV7-8"	"TCRBD2-1*2"	"TCRBJ2-1*1"	25	40	55	60	15	5	NA	NA	"TCCGCCGTGTATCTCTGTGCCAGCACCGAACCTCCATACAGGGACTAGCGGGAGGATGATTCCTACAATGAGCAGTTCTTCGGGCCA"	FALSE	TRUE	NA	NA	NA	NA
"GCGTCTGCTGTACCCTCTCAGACATCTGTGTACTTCTGTGCCAGCACTGGCGCTGAGGAACCCAATTCACCCCTCCACTTTGGGAAT"	"CASTGAEEPNSPLHF"	"GCGTCTGCTGTACCCTCTCAGACATCTGTGTACTTCTGTGCCAGCACTGGCGCTGAGGAACCCAATTCACCCCTCCACTTTGGGAAT"	"CASTGAEEPNSPLHF"	"TCRBV6-4*1"	"TCRBD2-1*2"	"TCRBJ1-6*1"	46	54	58	63	8	5	NA	NA	"GCGTCTGCTGTACCCTCTCAGACATCTGTGTACTTCTGTGCCAGCACTGGCGCTGAGGAACCCAATTCACCCCTCCACTTTGGGAAT"	FALSE	TRUE	NA	NA	NA	NA
"CTGGAGTCCGCCAGCACCAACCAGACATCTATGTACCTCTGTGCCAGCAGTAAAGGGGTAGTCGAAAACACCATATATTTTGGAGAG"	"CASSKGVVENTIYF"	"CTGGAGTCCGCCAGCACCAACCAGACATCTATGTACCTCTGTGCCAGCAGTAAAGGGGTAGTCGAAAACACCATATATTTTGGAGAG"	"CASSKGVVENTIYF"	"TCRBV28-1*1"	"TCRBD1-1*1"	"TCRBJ1-3*1"	51	53	58	65	2	7	NA	NA	"CTGGAGTCCGCCAGCACCAACCAGACATCTATGTACCTCTGTGCCAGCAGTAAAGGGGTAGTCGAAAACACCATATATTTTGGAGAG"	FALSE	TRUE	NA	NA	NA	NA
"CCCTCAGAACCCAGGGACTCAGCTGTGTACTTCTGTGCCAGCAGCGGGACAGTTGGCGTCGTCAAAAACATTCAGTACTTCGGCGCC"	"CASSGTVGVVKNIQYF"	"CCCTCAGAACCCAGGGACTCAGCTGTGTACTTCTGTGCCAGCAGCGGGACAGTTGGCGTCGTCAAAAACATTCAGTACTTCGGCGCC"	"CASSGTVGVVKNIQYF"	NA	"TCRBD1-1*1"	"TCRBJ2-4*1"	44	45	52	62	1	10	NA	NA	"CCCTCAGAACCCAGGGACTCAGCTGTGTACTTCTGTGCCAGCAGCGGGACAGTTGGCGTCGTCAAAAACATTCAGTACTTCGGCGCC"	FALSE	TRUE	NA	NA	NA	NA
"CTGGAGTCCGCCAGCACCAACCAGACATCTATGTACCTCTGTGCCAGCAGCCCAGGGGACAGATACAATGAGCAGTTCTTCGGGCCA"	"CASSPGDRYNEQFF"	"CTGGAGTCCGCCAGCACCAACCAGACATCTATGTACCTCTGTGCCAGCAGCCCAGGGGACAGATACAATGAGCAGTTCTTCGGGCCA"	"CASSPGDRYNEQFF"	"TCRBV28-1*1"	"TCRBD1-1*1"	"TCRBJ2-1*1"	50	55	62	63	5	1	NA	NA	"CTGGAGTCCGCCAGCACCAACCAGACATCTATGTACCTCTGTGCCAGCAGCCCAGGGGACAGATACAATGAGCAGTTCTTCGGGCCA"	FALSE	TRUE	NA	NA	NA	NA
"ATCCGGTCCACAAAGCTGGAGGACTCAGCCATGTACTTCTGTGCCAGCCTACTAGCGGGAGACGGCAATGAGCAGTTCTTCGGGCCA"	"CASLLAGDGNEQFF"	"ATCCGGTCCACAAAGCTGGAGGACTCAGCCATGTACTTCTGTGCCAGCCTACTAGCGGGAGACGGCAATGAGCAGTTCTTCGGGCCA"	"CASLLAGDGNEQFF"	"TCRBV2-1"	"TCRBD2-1*2"	"TCRBJ2-1*1"	48	50	61	65	2	4	NA	NA	"ATCCGGTCCACAAAGCTGGAGGACTCAGCCATGTACTTCTGTGCCAGCCTACTAGCGGGAGACGGCAATGAGCAGTTCTTCGGGCCA"	FALSE	TRUE	NA	NA	NA	NA
"ACTCTGGAGTCCGCTACCAGCTCCCAGACATCTGTGTACTTCTGTGCCATCAAGATTCGGACAGGGTAGGGCTACACCTTCGGTTCG"	"CAIKIRTG*GYTF"	"ACTCTGGAGTCCGCTACCAGCTCCCAGACATCTGTGTACTTCTGTGCCATCAAGATTCGGACAGGGTAGGGCTACACCTTCGGTTCG"	"CAIKIRTG*GYTF"	"TCRBV1-3*1"	"TCRBD1-1*1"	"TCRBJ1-2*1"	52	58	66	69	6	3	NA	NA	"ACTCTGGAGTCCGCTACCAGCTCCCAGACATCTGTGTACTTCTGTGCCATCAAGATTCGGACAGGGTAGGGCTACACCTTCGGTTCG"	FALSE	TRUE	NA	NA	NA	NA
"AGCACCTTGGAGCTGGGGGACTCGGCCCTTTATCTTTGCGCCAGCACCCCGGGACCTTCTCGAGATCAGCCCCAGCATTTTGGTGAT"	"CASTPGPSRDQPQHF"	"AGCACCTTGGAGCTGGGGGACTCGGCCCTTTATCTTTGCGCCAGCACCCCGGGACCTTCTCGAGATCAGCCCCAGCATTTTGGTGAT"	"CASTPGPSRDQPQHF"	"TCRBV5-1*1"	NA	"TCRBJ1-5*1"	46	50	55	64	4	9	NA	NA	"AGCACCTTGGAGCTGGGGGACTCGGCCCTTTATCTTTGCGCCAGCACCCCGGGACCTTCTCGAGATCAGCCCCAGCATTTTGGTGAT"	FALSE	TRUE	NA	NA	NA	NA
"GAACGCCTTGGAGCTGGACGACTCGGCCCTGTATCTCTGTGCCAGCAGCTTGAAGAGGGCCCGAACCCTGAAGCTTTCTTTGGACAA"	""	"GAACGCCTTGGAGCTGGACGACTCGGCCCTGTATCTCTGTGCCAGCAGCTTGAAGAGGGCCCGAACCCTGAAGCTTTCTTTGGACAA"	""	"TCRBV5-4*1"	"TCRBD2-1*2"	"TCRBJ1-1*1"	52	54	59	67	2	8	NA	NA	"GAACGCCTTGGAGCTGGACGACTCGGCCCTGTATCTCTGTGCCAGCAGCTTGAAGAGGGCCCGAACCCTGAAGCTTTCTTTGGACAA"	FALSE	FALSE	NA	NA	NA	NA
"AACCTGAGCTCTCTGGAGCTGGGGGACTCAGCTTTGTATTTCTGTGCCAGCAGCCCTGACTTGTCTTCCGGGCAGTACTTCGGGCCG"	"CASSPDLSSGQYF"	"AACCTGAGCTCTCTGGAGCTGGGGGACTCAGCTTTGTATTTCTGTGCCAGCAGCCCTGACTTGTCTTCCGGGCAGTACTTCGGGCCG"	"CASSPDLSSGQYF"	"TCRBV9-1*1"	"TCRBD2-1"	"TCRBJ2-7*1"	54	57	61	71	3	10	NA	NA	"AACCTGAGCTCTCTGGAGCTGGGGGACTCAGCTTTGTATTTCTGTGCCAGCAGCCCTGACTTGTCTTCCGGGCAGTACTTCGGGCCG"	FALSE	TRUE	NA	NA	NA	NA
"GGCTGGAGTTGGCTGCTCCCTCCCAGACATCTGTGTACTTCTGTGCCAGCAGTTACTCCACAGGGGACTGAAGCTTTCTTTGGACAA"	""	"GGCTGGAGTTGGCTGCTCCCTCCCAGACATCTGTGTACTTCTGTGCCAGCAGTTACTCCACAGGGGACTGAAGCTTTCTTTGGACAA"	""	"TCRBV6-6*1"	"TCRBD1-1*1"	"TCRBJ1-1*1"	58	59	-1	66	1	67	NA	NA	"GGCTGGAGTTGGCTGCTCCCTCCCAGACATCTGTGTACTTCTGTGCCAGCAGTTACTCCACAGGGGACTGAAGCTTTCTTTGGACAA"	FALSE	FALSE	NA	NA	NA	NA
"GCCCATCCTGAAGACAGCAGCTTCTACATCTGCAGTGCTAGGGGACAGGGGGCTGCCTTCTCTGGAAACACCATATATTTTGGAGAG"	"CSARGQGAAFSGNTIYF"	"GCCCATCCTGAAGACAGCAGCTTCTACATCTGCAGTGCTAGGGGACAGGGGGCTGCCTTCTCTGGAAACACCATATATTTTGGAGAG"	"CSARGQGAAFSGNTIYF"	NA	"TCRBD1-1*1"	"TCRBJ1-3*1"	-1	41	53	59	42	6	NA	NA	"GCCCATCCTGAAGACAGCAGCTTCTACATCTGCAGTGCTAGGGGACAGGGGGCTGCCTTCTCTGGAAACACCATATATTTTGGAGAG"	FALSE	TRUE	NA	NA	NA	NA
"AGCACCTTGGAGCTGGGGGACTCGGCCCTTTATCTTTGCGCCAGCAGTACCGGGACTAGCGGAATCCGGGAGCTGTTTTTTGGAGAA"	"CASSTGTSGIRELFF"	"AGCACCTTGGAGCTGGGGGACTCGGCCCTTTATCTTTGCGCCAGCAGTACCGGGACTAGCGGAATCCGGGAGCTGTTTTTTGGAGAA"	"CASSTGTSGIRELFF"	"TCRBV5-1*1"	"TCRBD2-1"	"TCRBJ2-2*1"	47	51	62	67	4	5	NA	NA	"AGCACCTTGGAGCTGGGGGACTCGGCCCTTTATCTTTGCGCCAGCAGTACCGGGACTAGCGGAATCCGGGAGCTGTTTTTTGGAGAA"	FALSE	TRUE	NA	NA	NA	NA
"GTGACCAGTGCCCATCCTGAAGACAGCAGCTTCTACATCTGCAGTGCTAGAGATACAGGGATGACCTACGAGCAGTACTTCGGGCCG"	"CSARDTGMTYEQYF"	"GTGACCAGTGCCCATCCTGAAGACAGCAGCTTCTACATCTGCAGTGCTAGAGATACAGGGATGACCTACGAGCAGTACTTCGGGCCG"	"CSARDTGMTYEQYF"	NA	"TCRBD1-1*1"	"TCRBJ2-7*1"	53	54	60	64	1	4	NA	NA	"GTGACCAGTGCCCATCCTGAAGACAGCAGCTTCTACATCTGCAGTGCTAGAGATACAGGGATGACCTACGAGCAGTACTTCGGGCCG"	FALSE	TRUE	NA	NA	NA	NA
"ACTGTGACATCGGCCCAAAAGAACCCGACAGCTTTCTATCTCTGTGCCAGTACCCTTGGGAAGGAAACTGAAGCTTTCTTTGGACAA"	"CASTLGKETEAFF"	"ACTGTGACATCGGCCCAAAAGAACCCGACAGCTTTCTATCTCTGTGCCAGTACCCTTGGGAAGGAAACTGAAGCTTTCTTTGGACAA"	"CASTLGKETEAFF"	"TCRBV19-1*1"	NA	"TCRBJ1-1*1"	52	57	61	66	5	5	NA	NA	"ACTGTGACATCGGCCCAAAAGAACCCGACAGCTTTCTATCTCTGTGCCAGTACCCTTGGGAAGGAAACTGAAGCTTTCTTTGGACAA"	FALSE	TRUE	NA	NA	NA	NA
"CACACCCTGCAGCCAGAAGACTCGGCCCTGTATCTCTGCGCCAGCAGCTCAACTAGCCCTAGCACAGATACGCAGTATTTTGGCCCA"	"CASSSTSPSTDTQYF"	"CACACCCTGCAGCCAGAAGACTCGGCCCTGTATCTCTGCGCCAGCAGCTCAACTAGCCCTAGCACAGATACGCAGTATTTTGGCCCA"	"CASSSTSPSTDTQYF"	"TCRBV4-3*1"	"TCRBD2-1"	"TCRBJ2-3*1"	48	51	57	60	3	3	NA	NA	"CACACCCTGCAGCCAGAAGACTCGGCCCTGTATCTCTGCGCCAGCAGCTCAACTAGCCCTAGCACAGATACGCAGTATTTTGGCCCA"	FALSE	TRUE	NA	NA	NA	NA
"CAGCGCACAGAGCAGGAGGACTCGGCCGTGTATCTCTGTGCCAGCAGCTTAGGTAGTTGGGGCAATCAGCCCCAGCATTTTGGTGAT"	"CASSLGSWGNQPQHF"	"CAGCGCACAGAGCAGGAGGACTCGGCCGTGTATCTCTGTGCCAGCAGCTTAGGTAGTTGGGGCAATCAGCCCCAGCATTTTGGTGAT"	"CASSLGSWGNQPQHF"	"TCRBV7-2"	NA	"TCRBJ1-5*1"	52	58	-1	61	6	62	NA	NA	"CAGCGCACAGAGCAGGAGGACTCGGCCGTGTATCTCTGTGCCAGCAGCTTAGGTAGTTGGGGCAATCAGCCCCAGCATTTTGGTGAT"	FALSE	TRUE	NA	NA	NA	NA
"TCTCTGGAGCTGGGGGACTCAGCTTTGTATTTCTGTGCCAGCAGCGTAGGGGCCCAGGGGGCTCTGGGTGAGCAGTTCTTCGGGCCA"	"CASSVGAQGALGEQFF"	"TCTCTGGAGCTGGGGGACTCAGCTTTGTATTTCTGTGCCAGCAGCGTAGGGGCCCAGGGGGCTCTGGGTGAGCAGTTCTTCGGGCCA"	"CASSVGAQGALGEQFF"	"TCRBV9-1*1"	"TCRBD1-1*1"	"TCRBJ2-1*1"	49	54	62	68	5	6	NA	NA	"TCTCTGGAGCTGGGGGACTCAGCTTTGTATTTCTGTGCCAGCAGCGTAGGGGCCCAGGGGGCTCTGGGTGAGCAGTTCTTCGGGCCA"	FALSE	TRUE	NA	NA	NA	NA
"GATCCAGCAGGTAGTGCGAGGAGATTCGGCAGCTTATTTCTGTGCCAGCTCACGTTATTTTGGGACGGCGAGCAGTACTTCGGGCCG"	""	"GATCCAGCAGGTAGTGCGAGGAGATTCGGCAGCTTATTTCTGTGCCAGCTCACGTTATTTTGGGACGGCGAGCAGTACTTCGGGCCG"	""	"TCRBV18-1*1"	NA	"TCRBJ2-7*1"	53	61	66	68	8	2	NA	NA	"GATCCAGCAGGTAGTGCGAGGAGATTCGGCAGCTTATTTCTGTGCCAGCTCACGTTATTTTGGGACGGCGAGCAGTACTTCGGGCCG"	FALSE	FALSE	NA	NA	NA	NA
"NNNNNNNTGTCGGCTGCTCCCTCCCAGACATCTGTGTACTTCTGTGCCAGCAGTCCGACAGGGCCAGAGACCCAGTACTTCGGGCCA"	"CASSPTGPETQYF"	"NNNNNNNTGTCGGCTGCTCCCTCCCAGACATCTGTGTACTTCTGTGCCAGCAGTCCGACAGGGCCAGAGACCCAGTACTTCGGGCCA"	"CASSPTGPETQYF"	"TCRBV6-5*1"	"TCRBD1-1*1"	"TCRBJ2-5*1"	54	56	63	65	2	2	NA	NA	"NNNNNNNTGTCGGCTGCTCCCTCCCAGACATCTGTGTACTTCTGTGCCAGCAGTCCGACAGGGCCAGAGACCCAGTACTTCGGGCCA"	FALSE	TRUE	NA	NA	NA	NA
"TTGGAGCTGGGGGACTCGGCCCTTTATCTTTGCGCCAGCAGCTTGTTGAGTTTGCGGGACAACTCCTACGAGCAGTACTTCGGGCCG"	"CASSLLSLRDNSYEQYF"	"TTGGAGCTGGGGGACTCGGCCCTTTATCTTTGCGCCAGCAGCTTGTTGAGTTTGCGGGACAACTCCTACGAGCAGTACTTCGGGCCG"	"CASSLLSLRDNSYEQYF"	"TCRBV5-1*1"	NA	"TCRBJ2-7*1"	45	55	61	62	10	1	NA	NA	"TTGGAGCTGGGGGACTCGGCCCTTTATCTTTGCGCCAGCAGCTTGTTGAGTTTGCGGGACAACTCCTACGAGCAGTACTTCGGGCCG"	FALSE	TRUE	NA	NA	NA	NA
"GCTGTACCCTCTCAGACATCTGTGTACTTCTGTGCCAGCGCACGCGCGCCCGGGGGCCTTAACACCGGGGAGCTGTTTTTTGGAGAA"	"CASARAPGGLNTGELFF"	"GCTGTACCCTCTCAGACATCTGTGTACTTCTGTGCCAGCGCACGCGCGCCCGGGGGCCTTAACACCGGGGAGCTGTTTTTTGGAGAA"	"CASARAPGGLNTGELFF"	"TCRBV6-4*1"	NA	"TCRBJ2-2*1"	39	51	57	60	12	3	NA	NA	"GCTGTACCCTCTCAGACATCTGTGTACTTCTGTGCCAGCGCACGCGCGCCCGGGGGCCTTAACACCGGGGAGCTGTTTTTTGGAGAA"	FALSE	TRUE	NA	NA	NA	NA
"GTGAACGCCTTGGAGCTGGACGACTCGGCCCTGTATCTCTGTGCCAGCAGCTCCTCAACAGGGTTGGAGACCCAGTACTTCGGGCCA"	"CASSSSTGLETQYF"	"GTGAACGCCTTGGAGCTGGACGACTCGGCCCTGTATCTCTGTGCCAGCAGCTCCTCAACAGGGTTGGAGACCCAGTACTTCGGGCCA"	"CASSSSTGLETQYF"	"TCRBV5-4*1"	"TCRBD1-1*1"	"TCRBJ2-5*1"	52	57	63	66	5	3	NA	NA	"GTGAACGCCTTGGAGCTGGACGACTCGGCCCTGTATCTCTGTGCCAGCAGCTCCTCAACAGGGTTGGAGACCCAGTACTTCGGGCCA"	FALSE	TRUE	NA	NA	NA	NA
"CAGCCCTCAGAACCCAGGGACTCAGCTGTGTACTTCTGTGCCAGCAGTGCTGGACGCAACTTTAACAATGAGCAGTTCTTCGGGCCA"	"CASSAGRNFNNEQFF"	"CAGCCCTCAGAACCCAGGGACTCAGCTGTGTACTTCTGTGCCAGCAGTGCTGGACGCAACTTTAACAATGAGCAGTTCTTCGGGCCA"	"CASSAGRNFNNEQFF"	NA	NA	"TCRBJ2-1*1"	48	51	55	64	3	9	NA	NA	"CAGCCCTCAGAACCCAGGGACTCAGCTGTGTACTTCTGTGCCAGCAGTGCTGGACGCAACTTTAACAATGAGCAGTTCTTCGGGCCA"	FALSE	TRUE	NA	NA	NA	NA
"AGCTCCTTGGAGCTGGGGGACTCAGCCCTGTACTTCTGTGCCAGCAGCTTAGACGTCGGTAGCCTAGGCATTCAGTACTTCGGCGCC"	"CASSLDVGSLGIQYF"	"AGCTCCTTGGAGCTGGGGGACTCAGCCCTGTACTTCTGTGCCAGCAGCTTAGACGTCGGTAGCCTAGGCATTCAGTACTTCGGCGCC"	"CASSLDVGSLGIQYF"	"TCRBV13-1*1"	"TCRBD2-1"	"TCRBJ2-4*1"	52	63	67	68	11	1	NA	NA	"AGCTCCTTGGAGCTGGGGGACTCAGCCCTGTACTTCTGTGCCAGCAGCTTAGACGTCGGTAGCCTAGGCATTCAGTACTTCGGCGCC"	FALSE	TRUE	NA	NA	NA	NA
"GAGTCCGCCAGCACCAACCAGACATCTATGTACCTCTGTGCCAGCAGTTTGAGGCCAGGCAGTAGTAATGAGCAGTTCTTCGGGCCA"	"CASSLRPGSSNEQFF"	"GAGTCCGCCAGCACCAACCAGACATCTATGTACCTCTGTGCCAGCAGTTTGAGGCCAGGCAGTAGTAATGAGCAGTTCTTCGGGCCA"	"CASSLRPGSSNEQFF"	"TCRBV28-1*1"	NA	"TCRBJ2-1*1"	50	55	59	66	5	7	NA	NA	"GAGTCCGCCAGCACCAACCAGACATCTATGTACCTCTGTGCCAGCAGTTTGAGGCCAGGCAGTAGTAATGAGCAGTTCTTCGGGCCA"	FALSE	TRUE	NA	NA	NA	NA
"CAGTGACCAGTGCCCATCCTGAAGACAGCAGCTTCTACATCTGCAGACCCCCCTAGCGGGGCCTACAATGAGCAGTTCTTCGGGCCA"	""	"CAGTGACCAGTGCCCATCCTGAAGACAGCAGCTTCTACATCTGCAGACCCCCCTAGCGGGGCCTACAATGAGCAGTTCTTCGGGCCA"	""	NA	"TCRBD2-1*1"	"TCRBJ2-1*1"	46	52	-1	61	6	62	NA	NA	"CAGTGACCAGTGCCCATCCTGAAGACAGCAGCTTCTACATCTGCAGACCCCCCTAGCGGGGCCTACAATGAGCAGTTCTTCGGGCCA"	FALSE	FALSE	NA	NA	NA	NA
"CCCTCACTCTGGAGTCAGCTACCCGCTCCCAGACATCTGTGTATTTCTGCGCCAGCACCCCGGAACACTGAAGCTTTCTTTGGACAA"	""	"CCCTCACTCTGGAGTCAGCTACCCGCTCCCAGACATCTGTGTATTTCTGCGCCAGCACCCCGGAACACTGAAGCTTTCTTTGGACAA"	""	"TCRBV1-2*1"	"TCRBD2-1"	"TCRBJ1-1*1"	57	60	-1	62	3	63	NA	NA	"CCCTCACTCTGGAGTCAGCTACCCGCTCCCAGACATCTGTGTATTTCTGCGCCAGCACCCCGGAACACTGAAGCTTTCTTTGGACAA"	FALSE	FALSE	NA	NA	NA	NA
"TCGGCTGCTCCCTCCCAGACATCTGTGTACTTCTGTGCCAGCAGTTACTCCCTCCGGGGGGTACCCTACGAGCAGTACTTCGGGCCG"	"CASSYSLRGVPYEQYF"	"TCGGCTGCTCCCTCCCAGACATCTGTGTACTTCTGTGCCAGCAGTTACTCCCTCCGGGGGGTACCCTACGAGCAGTACTTCGGGCCG"	"CASSYSLRGVPYEQYF"	"TCRBV6-5*1"	"TCRBD2-1*1"	"TCRBJ2-7*1"	50	54	61	64	4	3	NA	NA	"TCGGCTGCTCCCTCCCAGACATCTGTGTACTTCTGTGCCAGCAGTTACTCCCTCCGGGGGGTACCCTACGAGCAGTACTTCGGGCCG"	FALSE	TRUE	NA	NA	NA	NA
"GCGTCTGCTGTACCCTCTCAGACATCTGTGTACTTCTGTGCCAGCAGTGCTGCTAGCGACGGCACCGGGGAGCTGTTTTTTGGAGAA"	"CASSAASDGTGELFF"	"GCGTCTGCTGTACCCTCTCAGACATCTGTGTACTTCTGTGCCAGCAGTGCTGCTAGCGACGGCACCGGGGAGCTGTTTTTTGGAGAA"	"CASSAASDGTGELFF"	"TCRBV6-4*1"	"TCRBD2-1"	"TCRBJ2-2*1"	49	52	58	62	3	4	NA	NA	"GCGTCTGCTGTACCCTCTCAGACATCTGTGTACTTCTGTGCCAGCAGTGCTGCTAGCGACGGCACCGGGGAGCTGTTTTTTGGAGAA"	FALSE	TRUE	NA	NA	NA	NA
"AGATCCGGTCCACAAAGCTGGAGGACTCAGCCATGTACTTCTGTGCCAGCAGTTCCATTTCAGTGGGAGACCCAGTACTTCGGGCCA"	""	"AGATCCGGTCCACAAAGCTGGAGGACTCAGCCATGTACTTCTGTGCCAGCAGTTCCATTTCAGTGGGAGACCCAGTACTTCGGGCCA"	""	"TCRBV2-1"	"TCRBD1-1*1"	"TCRBJ2-5*1"	53	60	63	66	7	3	NA	NA	"AGATCCGGTCCACAAAGCTGGAGGACTCAGCCATGTACTTCTGTGCCAGCAGTTCCATTTCAGTGGGAGACCCAGTACTTCGGGCCA"	FALSE	FALSE	NA	NA	NA	NA
"CGGTCCACAAAGCTGGAGGACTCAGCCATGTACTTCTGTGCCAACAAGGATTCGTACCTCTTAAACACTGAAGCTTTCTTTGGACAA"	"CANKDSYLLNTEAFF"	"CGGTCCACAAAGCTGGAGGACTCAGCCATGTACTTCTGTGCCAACAAGGATTCGTACCTCTTAAACACTGAAGCTTTCTTTGGACAA"	"CANKDSYLLNTEAFF"	"TCRBV2-1"	NA	"TCRBJ1-1*1"	43	47	50	63	4	13	NA	NA	"CGGTCCACAAAGCTGGAGGACTCAGCCATGTACTTCTGTGCCAACAAGGATTCGTACCTCTTAAACACTGAAGCTTTCTTTGGACAA"	FALSE	TRUE	NA	NA	NA	NA
"GAGTCGCCCAGCCCCAACCAGACCTCTCTGTACTTCTGTGCCAGCATTCTCTTACAGGGGTTCACCGGGGAGCTGTTTTTTGGAGAA"	"CASILLQGFTGELFF"	"GAGTCGCCCAGCCCCAACCAGACCTCTCTGTACTTCTGTGCCAGCATTCTCTTACAGGGGTTCACCGGGGAGCTGTTTTTTGGAGAA"	"CASILLQGFTGELFF"	"TCRBV27-1*1"	"TCRBD1-1*1"	"TCRBJ2-2*1"	46	53	60	62	7	2	NA	NA	"GAGTCGCCCAGCCCCAACCAGACCTCTCTGTACTTCTGTGCCAGCATTCTCTTACAGGGGTTCACCGGGGAGCTGTTTTTTGGAGAA"	FALSE	TRUE	NA	NA	NA	NA
"TTCTAAGAAGCTCCTTCTCAGTGACTCTGGCTTCTATCTCTGTGCCTGGAGATCCGGTTTGGCAATCAGCCCCAGCATTTTGGTGAT"	""	"TTCTAAGAAGCTCCTTCTCAGTGACTCTGGCTTCTATCTCTGTGCCTGGAGATCCGGTTTGGCAATCAGCCCCAGCATTTTGGTGAT"	""	"TCRBV3-1*1"	"TCRBD2-1"	"TCRBJ1-5*1"	51	54	57	61	3	4	NA	NA	"TTCTAAGAAGCTCCTTCTCAGTGACTCTGGCTTCTATCTCTGTGCCTGGAGATCCGGTTTGGCAATCAGCCCCAGCATTTTGGTGAT"	FALSE	FALSE	NA	NA	NA	NA
"GTGAACGCCTTGGAGCTGGACGACTCGGCCCTGTATCTCTGTGCCAGCAGCTTGGAGCCGGGGCAAGAGACCCAGTACTTCGGGCCA"	"CASSLEPGQETQYF"	"GTGAACGCCTTGGAGCTGGACGACTCGGCCCTGTATCTCTGTGCCAGCAGCTTGGAGCCGGGGCAAGAGACCCAGTACTTCGGGCCA"	"CASSLEPGQETQYF"	"TCRBV5-4*1"	"TCRBD2-1*1"	"TCRBJ2-5*1"	55	58	-1	63	3	64	NA	NA	"GTGAACGCCTTGGAGCTGGACGACTCGGCCCTGTATCTCTGTGCCAGCAGCTTGGAGCCGGGGCAAGAGACCCAGTACTTCGGGCCA"	FALSE	TRUE	NA	NA	NA	NA
"ATCCGCTCACCAGGCCTGGGGGACGCAGCCATGTACCTGTGTGCCACCAGCAGAGCAGGACAGGCCTACGAGCAGTACTTCGGGCCG"	"CATSRAGQAYEQYF"	"ATCCGCTCACCAGGCCTGGGGGACGCAGCCATGTACCTGTGTGCCACCAGCAGAGCAGGACAGGCCTACGAGCAGTACTTCGGGCCG"	"CATSRAGQAYEQYF"	"TCRBV15-1*2"	"TCRBD1-1*1"	"TCRBJ2-7*1"	55	57	-1	64	2	65	NA	NA	"ATCCGCTCACCAGGCCTGGGGGACGCAGCCATGTACCTGTGTGCCACCAGCAGAGCAGGACAGGCCTACGAGCAGTACTTCGGGCCG"	FALSE	TRUE	NA	NA	NA	NA
"CTGATTCTGGAGTCCGCCAGCACCAACCAGACATCTATGTACCTCTGTGCCAGCAGGGCTCAGGGGGAGACCCAGTACTTCGGGCCA"	"CASRAQGETQYF"	"CTGATTCTGGAGTCCGCCAGCACCAACCAGACATCTATGTACCTCTGTGCCAGCAGGGCTCAGGGGGAGACCCAGTACTTCGGGCCA"	"CASRAQGETQYF"	"TCRBV28-1*1"	"TCRBD1-1*1"	"TCRBJ2-5*1"	56	60	-1	66	4	67	NA	NA	"CTGATTCTGGAGTCCGCCAGCACCAACCAGACATCTATGTACCTCTGTGCCAGCAGGGCTCAGGGGGAGACCCAGTACTTCGGGCCA"	FALSE	TRUE	NA	NA	NA	NA
"AGCTCTCTGGAGCTGGGGGACTCAGCTTTGTATTTCTGTGCCAGCAGCGTAACCGGGACAGGGGCGGAGACCCAGTACTTCGGGCCA"	"CASSVTGTGAETQYF"	"AGCTCTCTGGAGCTGGGGGACTCAGCTTTGTATTTCTGTGCCAGCAGCGTAACCGGGACAGGGGCGGAGACCCAGTACTTCGGGCCA"	"CASSVTGTGAETQYF"	"TCRBV9-1*1"	"TCRBD1-1*1"	"TCRBJ2-5*1"	51	54	64	66	3	2	NA	NA	"AGCTCTCTGGAGCTGGGGGACTCAGCTTTGTATTTCTGTGCCAGCAGCGTAACCGGGACAGGGGCGGAGACCCAGTACTTCGGGCCA"	FALSE	TRUE	NA	NA	NA	NA
"NCTCTCACTGTGACATCGGCCCAAAAGAACCCGACAGCTTTCTATCTCTGTGCCAGTAGTATTTCAGATACGCAGTATTTTGGCCCA"	"CASSISDTQYF"	"NCTCTCACTGTGACATCGGCCCAAAAGAACCCGACAGCTTTCTATCTCTGTGCCAGTAGTATTTCAGATACGCAGTATTTTGGCCCA"	"CASSISDTQYF"	"TCRBV19-1*1"	NA	"TCRBJ2-3*1"	-1	-1	62	64	0	2	NA	NA	"NCTCTCACTGTGACATCGGCCCAAAAGAACCCGACAGCTTTCTATCTCTGTGCCAGTAGTATTTCAGATACGCAGTATTTTGGCCCA"	FALSE	TRUE	NA	NA	NA	NA
"CTGCAGCCAGAAGACTCAGCCCTGTATCTCTGCGCCAGCAGCCCAGGTGGGGCGGGAGGGGTTTCTGAGACCCAGTACTTCGGGCCA"	"CASSPGGAGGVSETQYF"	"CTGCAGCCAGAAGACTCAGCCCTGTATCTCTGCGCCAGCAGCCCAGGTGGGGCGGGAGGGGTTTCTGAGACCCAGTACTTCGGGCCA"	"CASSPGGAGGVSETQYF"	"TCRBV4-1*1"	"TCRBD2-1*2"	"TCRBJ2-5*1"	43	51	60	66	8	6	NA	NA	"CTGCAGCCAGAAGACTCAGCCCTGTATCTCTGCGCCAGCAGCCCAGGTGGGGCGGGAGGGGTTTCTGAGACCCAGTACTTCGGGCCA"	FALSE	TRUE	NA	NA	NA	NA
"GCGCACAGAGCAGCGGGACTCGGCCATGTATCGCTGTGCCAGCAGCCCCCCTCGGGGGGCTTTGGAAACACCATATATTTTGGAGAG"	""	"GCGCACAGAGCAGCGGGACTCGGCCATGTATCGCTGTGCCAGCAGCCCCCCTCGGGGGGCTTTGGAAACACCATATATTTTGGAGAG"	""	"TCRBV7-6*1"	"TCRBD2-1*1"	"TCRBJ1-3*1"	46	52	59	62	6	3	NA	NA	"GCGCACAGAGCAGCGGGACTCGGCCATGTATCGCTGTGCCAGCAGCCCCCCTCGGGGGGCTTTGGAAACACCATATATTTTGGAGAG"	FALSE	FALSE	NA	NA	NA	NA
"CTACACGCCCTGCAGCCAGAAGACTCAGCCCTGTATCTCTGCGCCAGCAGCCAAGAGGTTAGGGTGAATGAGCAGTTCTTCGGGCCA"	"CASSQEVRVNEQFF"	"CTACACGCCCTGCAGCCAGAAGACTCAGCCCTGTATCTCTGCGCCAGCAGCCAAGAGGTTAGGGTGAATGAGCAGTTCTTCGGGCCA"	"CASSQEVRVNEQFF"	"TCRBV4-1*1"	NA	"TCRBJ2-1*1"	56	60	64	66	4	2	NA	NA	"CTACACGCCCTGCAGCCAGAAGACTCAGCCCTGTATCTCTGCGCCAGCAGCCAAGAGGTTAGGGTGAATGAGCAGTTCTTCGGGCCA"	FALSE	TRUE	NA	NA	NA	NA
"AGTTCTAAGAAGCTCCTTCTCAGTGACTCTGGCTTCTATCTCTGTGCCTGGAGTGTAGGCAGTTTCTACGAGCAGTACTTCGGGCCG"	"CAWSVGSFYEQYF"	"AGTTCTAAGAAGCTCCTTCTCAGTGACTCTGGCTTCTATCTCTGTGCCTGGAGTGTAGGCAGTTTCTACGAGCAGTACTTCGGGCCG"	"CAWSVGSFYEQYF"	"TCRBV3-1*1"	NA	"TCRBJ2-7*1"	56	59	62	65	3	3	NA	NA	"AGTTCTAAGAAGCTCCTTCTCAGTGACTCTGGCTTCTATCTCTGTGCCTGGAGTGTAGGCAGTTTCTACGAGCAGTACTTCGGGCCG"	FALSE	TRUE	NA	NA	NA	NA
"CTCACTGTGACATCGGCCCAAAAGAACCCGACAGCTTTCTATCTCTGTGCCAGTTCCTGGGGTGGTTCACCCCTCCACTTTGGGAAT"	"CASSWGGSPLHF"	"CTCACTGTGACATCGGCCCAAAAGAACCCGACAGCTTTCTATCTCTGTGCCAGTTCCTGGGGTGGTTCACCCCTCCACTTTGGGAAT"	"CASSWGGSPLHF"	"TCRBV19-1*1"	NA	"TCRBJ1-6*1"	54	58	62	65	4	3	NA	NA	"CTCACTGTGACATCGGCCCAAAAGAACCCGACAGCTTTCTATCTCTGTGCCAGTTCCTGGGGTGGTTCACCCCTCCACTTTGGGAAT"	FALSE	TRUE	NA	NA	NA	NA
"AGTTCTAAGAAGCTCCTTCTCAGTGACTCTGGCTTCTATCTCTGTGCCTGGAGTGTAAGGGGGGATCAGCCCCAGCATTTTGGTGAT"	"CAWSVRGDQPQHF"	"AGTTCTAAGAAGCTCCTTCTCAGTGACTCTGGCTTCTATCTCTGTGCCTGGAGTGTAAGGGGGGATCAGCCCCAGCATTTTGGTGAT"	"CAWSVRGDQPQHF"	"TCRBV3-1*1"	NA	"TCRBJ1-5*1"	56	57	63	64	1	1	NA	NA	"AGTTCTAAGAAGCTCCTTCTCAGTGACTCTGGCTTCTATCTCTGTGCCTGGAGTGTAAGGGGGGATCAGCCCCAGCATTTTGGTGAT"	FALSE	TRUE	NA	NA	NA	NA
"NNCTTGGAGATCCAGTCCACGGAGTCAGGGGACACAGCACTGTATTTCATAGGGGGACAGCCTGAGTCTGGCTACACCTTCGGTTCG"	"IGGQPESGYTF"	"NNCTTGGAGATCCAGTCCACGGAGTCAGGGGACACAGCACTGTATTTCATAGGGGGACAGCCTGAGTCTGGCTACACCTTCGGTTCG"	"IGGQPESGYTF"	"TCRBV21-1*1"	"TCRBD1-1*1"	"TCRBJ1-2*1"	48	53	60	68	5	8	NA	NA	"NNCTTGGAGATCCAGTCCACGGAGTCAGGGGACACAGCACTGTATTTCATAGGGGGACAGCCTGAGTCTGGCTACACCTTCGGTTCG"	FALSE	TRUE	NA	NA	NA	NA
"GCTGCTCCCTCCCAAACATCTGTGTACTTCTGTGCCAGCAGTTACAGTCGGGACGACGATGGCTCCTACGAGCAGTACTTCGGGCCG"	"CASSYSRDDDGSYEQYF"	"GCTGCTCCCTCCCAAACATCTGTGTACTTCTGTGCCAGCAGTTACAGTCGGGACGACGATGGCTCCTACGAGCAGTACTTCGGGCCG"	"CASSYSRDDDGSYEQYF"	"TCRBV6-2/6-3*1"	NA	"TCRBJ2-7*1"	45	49	54	62	4	8	NA	NA	"GCTGCTCCCTCCCAAACATCTGTGTACTTCTGTGCCAGCAGTTACAGTCGGGACGACGATGGCTCCTACGAGCAGTACTTCGGGCCG"	FALSE	TRUE	NA	NA	NA	NA
"NNNNTGTCGGCTGCTCCCTCCCAGACATCTGTGTACTTCTGTGCCAGCAGTGATTTAGTTGAGGGGGATGAGCAGTTCTTCGGGCCA"	"CASSDLVEGDEQFF"	"NNNNTGTCGGCTGCTCCCTCCCAGACATCTGTGTACTTCTGTGCCAGCAGTGATTTAGTTGAGGGGGATGAGCAGTTCTTCGGGCCA"	"CASSDLVEGDEQFF"	"TCRBV6-1*1"	"TCRBD1-1*1"	"TCRBJ2-1*1"	53	61	-1	67	8	68	NA	NA	"NNNNTGTCGGCTGCTCCCTCCCAGACATCTGTGTACTTCTGTGCCAGCAGTGATTTAGTTGAGGGGGATGAGCAGTTCTTCGGGCCA"	FALSE	TRUE	NA	NA	NA	NA
"CAGGTAGTGCGAGGAGATTCGGCAGCTTATTTCTGTGCCAGCTCACCATTTCCGGACAGGGGGTTACAAGAGCAGTTCTTCGGGCCA"	"CASSPFPDRGLQEQFF"	"CAGGTAGTGCGAGGAGATTCGGCAGCTTATTTCTGTGCCAGCTCACCATTTCCGGACAGGGGGTTACAAGAGCAGTTCTTCGGGCCA"	"CASSPFPDRGLQEQFF"	"TCRBV18-1*1"	"TCRBD1-1*1"	"TCRBJ2-1*1"	48	53	63	69	5	6	NA	NA	"CAGGTAGTGCGAGGAGATTCGGCAGCTTATTTCTGTGCCAGCTCACCATTTCCGGACAGGGGGTTACAAGAGCAGTTCTTCGGGCCA"	FALSE	TRUE	NA	NA	NA	NA
"TGCTGTGTATTTCTGTGCCAGCAGCCAAGATCCCCGGACAGGGGGGAGCTTTTTCGATCCAGCACAGATACGCAGTATTTTGGCCCA"	""	"TGCTGTGTATTTCTGTGCCAGCAGCCAAGATCCCCGGACAGGGGGGAGCTTTTTCGATCCAGCACAGATACGCAGTATTTTGGCCCA"	""	"TCRBV3-1/3-2*1"	"TCRBD1-1*1"	"TCRBJ2-3*1"	30	35	45	60	5	15	NA	NA	"TGCTGTGTATTTCTGTGCCAGCAGCCAAGATCCCCGGACAGGGGGGAGCTTTTTCGATCCAGCACAGATACGCAGTATTTTGGCCCA"	FALSE	FALSE	NA	NA	NA	NA
"AGTTCTAAGAAGCTCCTTCTCAGTGACTCTGGCTTCTATCTCTGTGCCTGGAGTGTACGCCGGGACCACGGCTACACCTTCGGTTCG"	"CAWSVRRDHGYTF"	"AGTTCTAAGAAGCTCCTTCTCAGTGACTCTGGCTTCTATCTCTGTGCCTGGAGTGTACGCCGGGACCACGGCTACACCTTCGGTTCG"	"CAWSVRRDHGYTF"	"TCRBV3-1*1"	NA	"TCRBJ1-2*1"	56	61	66	69	5	3	NA	NA	"AGTTCTAAGAAGCTCCTTCTCAGTGACTCTGGCTTCTATCTCTGTGCCTGGAGTGTACGCCGGGACCACGGCTACACCTTCGGTTCG"	FALSE	TRUE	NA	NA	NA	NA
"ACCCTGCAGCCAGAAGACTCGGCCCTGTATCTCTGTGCCAGCAGCCAAGGGACGAAGGGGAGCACAGATACGCAGTATTTTGGCCCA"	"CASSQGTKGSTDTQYF"	"ACCCTGCAGCCAGAAGACTCGGCCCTGTATCTCTGTGCCAGCAGCCAAGGGACGAAGGGGAGCACAGATACGCAGTATTTTGGCCCA"	"CASSQGTKGSTDTQYF"	"TCRBV4-2*1"	"TCRBD1-1*1"	"TCRBJ2-3*1"	49	55	-1	60	6	61	NA	NA	"ACCCTGCAGCCAGAAGACTCGGCCCTGTATCTCTGTGCCAGCAGCCAAGGGACGAAGGGGAGCACAGATACGCAGTATTTTGGCCCA"	FALSE	TRUE	NA	NA	NA	NA
"GGAGTCGCCCAGCCCCAACCAGACCTCTCTGTACTTCTGTGCCAAAAGCCCCTCCCCGGACAGGGTAGCGAGCAGTACTTCGGGCCG"	""	"GGAGTCGCCCAGCCCCAACCAGACCTCTCTGTACTTCTGTGCCAAAAGCCCCTCCCCGGACAGGGTAGCGAGCAGTACTTCGGGCCG"	""	"TCRBV27-1*1"	"TCRBD1-1*1"	"TCRBJ2-7*1"	44	57	65	68	13	3	NA	NA	"GGAGTCGCCCAGCCCCAACCAGACCTCTCTGTACTTCTGTGCCAAAAGCCCCTCCCCGGACAGGGTAGCGAGCAGTACTTCGGGCCG"	FALSE	FALSE	NA	NA	NA	NA
"CCAGTCCACGGAGTCAGGGGACACAGCACTGTATTTCTGTGCCAGCAGCAATTTTACAGGGACAATGAAAAACTGTTTTTTGGCAGT"	""	"CCAGTCCACGGAGTCAGGGGACACAGCACTGTATTTCTGTGCCAGCAGCAATTTTACAGGGACAATGAAAAACTGTTTTTTGGCAGT"	""	"TCRBV21-1*1"	"TCRBD1-1*1"	"TCRBJ1-4*1"	51	55	61	63	4	2	NA	NA	"CCAGTCCACGGAGTCAGGGGACACAGCACTGTATTTCTGTGCCAGCAGCAATTTTACAGGGACAATGAAAAACTGTTTTTTGGCAGT"	FALSE	FALSE	NA	NA	NA	NA
"CAGCCTGCAGAGCTTGGGGACTCGGCCATGTATCTCTGTGCCAGCAGCCGAAATGATAAGCAGGCAGATACGCAGTATTTTGGCCCA"	"CASSRNDKQADTQYF"	"CAGCCTGCAGAGCTTGGGGACTCGGCCATGTATCTCTGTGCCAGCAGCCGAAATGATAAGCAGGCAGATACGCAGTATTTTGGCCCA"	"CASSRNDKQADTQYF"	"TCRBV11-1*1"	"TCRBD1-1*1"	"TCRBJ2-3*1"	48	60	-1	64	12	65	NA	NA	"CAGCCTGCAGAGCTTGGGGACTCGGCCATGTATCTCTGTGCCAGCAGCCGAAATGATAAGCAGGCAGATACGCAGTATTTTGGCCCA"	FALSE	TRUE	NA	NA	NA	NA
"TCGGCCCAAAAGAACCCGACAGCTTTCTATCTCTGTGCCAGTAGTATCGATACTGCCAGCTCCTACAATGAGCAGTTCTTCGGGCCA"	"CASSIDTASSYNEQFF"	"TCGGCCCAAAAGAACCCGACAGCTTTCTATCTCTGTGCCAGTAGTATCGATACTGCCAGCTCCTACAATGAGCAGTTCTTCGGGCCA"	"CASSIDTASSYNEQFF"	"TCRBV19-1*1"	NA	"TCRBJ2-1*1"	47	56	-1	59	9	60	NA	NA	"TCGGCCCAAAAGAACCCGACAGCTTTCTATCTCTGTGCCAGTAGTATCGATACTGCCAGCTCCTACAATGAGCAGTTCTTCGGGCCA"	FALSE	TRUE	NA	NA	NA	NA
"ATCTCTGTGCCAGCAGGCTCCTTGACCCTTTTCTGATAGTAGGGTCCACGGGAGAAACTAAACACCGGGGAGCTGTTTTTTGGAGAA"	""	"ATCTCTGTGCCAGCAGGCTCCTTGACCCTTTTCTGATAGTAGGGTCCACGGGAGAAACTAAACACCGGGGAGCTGTTTTTTGGAGAA"	""	NA	"TCRBD2-1*2"	"TCRBJ2-2*1"	16	48	54	60	32	6	NA	NA	"ATCTCTGTGCCAGCAGGCTCCTTGACCCTTTTCTGATAGTAGGGTCCACGGGAGAAACTAAACACCGGGGAGCTGTTTTTTGGAGAA"	FALSE	FALSE	NA	NA	NA	NA
"CCCAGCCCCAACCAGACCTCTCTGTACTTCTGTGCCAGCCTCCCTCGTGGAGCGCCCGACTACTTCTACGAGCAGTACTTCGGGCCG"	"CASLPRGAPDYFYEQYF"	"CCCAGCCCCAACCAGACCTCTCTGTACTTCTGTGCCAGCCTCCCTCGTGGAGCGCCCGACTACTTCTACGAGCAGTACTTCGGGCCG"	"CASLPRGAPDYFYEQYF"	"TCRBV27-1*1"	"TCRBD2-1"	"TCRBJ2-7*1"	39	57	62	65	18	3	NA	NA	"CCCAGCCCCAACCAGACCTCTCTGTACTTCTGTGCCAGCCTCCCTCGTGGAGCGCCCGACTACTTCTACGAGCAGTACTTCGGGCCG"	FALSE	TRUE	NA	NA	NA	NA
"GCCTTGGAGCTGGAGGACTCGGCCCTGTATCTCTGTGCCAGCAGCCCGGGGGGACTAGCGATACAAGAGACCCAGTACTTCGGGCCA"	"CASSPGGLAIQETQYF"	"GCCTTGGAGCTGGAGGACTCGGCCCTGTATCTCTGTGCCAGCAGCCCGGGGGGACTAGCGATACAAGAGACCCAGTACTTCGGGCCA"	"CASSPGGLAIQETQYF"	"TCRBV5-8*1"	"TCRBD2-1"	"TCRBJ2-5*1"	45	50	60	63	5	3	NA	NA	"GCCTTGGAGCTGGAGGACTCGGCCCTGTATCTCTGTGCCAGCAGCCCGGGGGGACTAGCGATACAAGAGACCCAGTACTTCGGGCCA"	FALSE	TRUE	NA	NA	NA	NA
"GTGAACGCCTTGTTGCTGGGGGACTCGGCCCTGTATCTCTGTGCCAGCAGCTGGGACAGGGGGACGTACGAGCAGTACTTCGGGCCG"	"CASSWDRGTYEQYF"	"GTGAACGCCTTGTTGCTGGGGGACTCGGCCCTGTATCTCTGTGCCAGCAGCTGGGACAGGGGGACGTACGAGCAGTACTTCGGGCCG"	"CASSWDRGTYEQYF"	"TCRBV5-5*1"	"TCRBD1-1*1"	"TCRBJ2-7*1"	-1	52	63	66	53	3	NA	NA	"GTGAACGCCTTGTTGCTGGGGGACTCGGCCCTGTATCTCTGTGCCAGCAGCTGGGACAGGGGGACGTACGAGCAGTACTTCGGGCCG"	FALSE	TRUE	NA	NA	NA	NA
"TTGTCCACTCTGACAGTGACCAGTGCCCATCCTGAAGACAGCAGCTTCTACATCTGCAGTGCTCTGCGTGGCTACACCTTCGGTTCG"	"CSALRGYTF"	"TTGTCCACTCTGACAGTGACCAGTGCCCATCCTGAAGACAGCAGCTTCTACATCTGCAGTGCTCTGCGTGGCTACACCTTCGGTTCG"	"CSALRGYTF"	"TCRBV2-1"	"TCRBD2-1"	"TCRBJ1-2*1"	63	65	-1	68	2	69	NA	NA	"TTGTCCACTCTGACAGTGACCAGTGCCCATCCTGAAGACAGCAGCTTCTACATCTGCAGTGCTCTGCGTGGCTACACCTTCGGTTCG"	FALSE	TRUE	NA	NA	NA	NA
"AACGCCTTGGAGCTGGACGACTCGGCCCTGTATCTCTGTGCCAGCACCAAAAAGACAGAAGTCACCGGGGAGCTGTTTTTTGGAGAA"	"CASTKKTEVTGELFF"	"AACGCCTTGGAGCTGGACGACTCGGCCCTGTATCTCTGTGCCAGCACCAAAAAGACAGAAGTCACCGGGGAGCTGTTTTTTGGAGAA"	"CASTKKTEVTGELFF"	"TCRBV5-4*1"	"TCRBD1-1*1"	"TCRBJ2-2*1"	46	53	58	62	7	4	NA	NA	"AACGCCTTGGAGCTGGACGACTCGGCCCTGTATCTCTGTGCCAGCACCAAAAAGACAGAAGTCACCGGGGAGCTGTTTTTTGGAGAA"	FALSE	TRUE	NA	NA	NA	NA
"ATTCTGGAGTCCGCCAGCACCAACCAGACATCTATGTACCTCTGTGCCAGCGTCCCCCAGGGGGACACTGAAGCTTTCTTTGGACAA"	"CASVPQGDTEAFF"	"ATTCTGGAGTCCGCCAGCACCAACCAGACATCTATGTACCTCTGTGCCAGCGTCCCCCAGGGGGACACTGAAGCTTTCTTTGGACAA"	"CASVPQGDTEAFF"	"TCRBV28-1*1"	"TCRBD1-1*1"	"TCRBJ1-1*1"	51	57	-1	64	6	65	NA	NA	"ATTCTGGAGTCCGCCAGCACCAACCAGACATCTATGTACCTCTGTGCCAGCGTCCCCCAGGGGGACACTGAAGCTTTCTTTGGACAA"	FALSE	TRUE	NA	NA	NA	NA
"AAGATCCAGCCCTCAGAACCCAGGGACTCAGCTGTGTACTTCTGTGCCAGCGTTAAGGCTGACCACTATGGCTACACCTTCGGTTCG"	"CASVKADHYGYTF"	"AAGATCCAGCCCTCAGAACCCAGGGACTCAGCTGTGTACTTCTGTGCCAGCGTTAAGGCTGACCACTATGGCTACACCTTCGGTTCG"	"CASVKADHYGYTF"	"TCRBV12-3/12-4*1"	NA	"TCRBJ1-2*1"	51	60	63	64	9	1	NA	NA	"AAGATCCAGCCCTCAGAACCCAGGGACTCAGCTGTGTACTTCTGTGCCAGCGTTAAGGCTGACCACTATGGCTACACCTTCGGTTCG"	FALSE	TRUE	NA	NA	NA	NA
"CAGCGCACAGAGCAGCGGGACTCGGCCATGTATCGCTGTGCCAGCAGGAGGGGCCCAGGGGAGGGGGAGACCCAGTACTTCGGGCCA"	"CASRRGPGEGETQYF"	"CAGCGCACAGAGCAGCGGGACTCGGCCATGTATCGCTGTGCCAGCAGGAGGGGCCCAGGGGAGGGGGAGACCCAGTACTTCGGGCCA"	"CASRRGPGEGETQYF"	"TCRBV7-6*1"	"TCRBD2-1*2"	"TCRBJ2-5*1"	47	58	65	66	11	1	NA	NA	"CAGCGCACAGAGCAGCGGGACTCGGCCATGTATCGCTGTGCCAGCAGGAGGGGCCCAGGGGAGGGGGAGACCCAGTACTTCGGGCCA"	FALSE	TRUE	NA	NA	NA	NA
"AGCACCTTGGAGCTGGGGGACTCGGCCCTTTATCTTTGCGCCAGCAGCTTTGGGGATCGGCAGCAGTACGAGCAGTACTTCGGGCCG"	"CASSFGDRQQYEQYF"	"AGCACCTTGGAGCTGGGGGACTCGGCCCTTTATCTTTGCGCCAGCAGCTTTGGGGATCGGCAGCAGTACGAGCAGTACTTCGGGCCG"	"CASSFGDRQQYEQYF"	"TCRBV5-1*1"	NA	"TCRBJ2-7*1"	50	52	56	66	2	10	NA	NA	"AGCACCTTGGAGCTGGGGGACTCGGCCCTTTATCTTTGCGCCAGCAGCTTTGGGGATCGGCAGCAGTACGAGCAGTACTTCGGGCCG"	FALSE	TRUE	NA	NA	NA	NA
"NNNNNNNNNNNNNNNNTGTCGGCTGCTCCCTCCCAGACATCTGTGTACTTCTGTGCCAGCCGGGGCACTGAAGCTTTCTTTGGACAA"	"CASRGTEAFF"	"NNNNNNNNNNNNNNNNTGTCGGCTGCTCCCTCCCAGACATCTGTGTACTTCTGTGCCAGCCGGGGCACTGAAGCTTTCTTTGGACAA"	"CASRGTEAFF"	"TCRBV6-5*1"	"TCRBD2-1*1"	"TCRBJ1-1*1"	-1	60	-1	65	61	66	NA	NA	"NNNNNNNNNNNNNNNNTGTCGGCTGCTCCCTCCCAGACATCTGTGTACTTCTGTGCCAGCCGGGGCACTGAAGCTTTCTTTGGACAA"	FALSE	TRUE	NA	NA	NA	NA
"CAGCCTGCAAAGCTTGAGGACTCGGCCGTGTATCTCTGTGCCAGCAGCTTAGTACGGCTGCCTAATTCACCCCTCCACTTTGGGAAT"	"CASSLVRLPNSPLHF"	"CAGCCTGCAAAGCTTGAGGACTCGGCCGTGTATCTCTGTGCCAGCAGCTTAGTACGGCTGCCTAATTCACCCCTCCACTTTGGGAAT"	"CASSLVRLPNSPLHF"	"TCRBV11-2*1"	NA	"TCRBJ1-6*1"	52	55	58	62	3	4	NA	NA	"CAGCCTGCAAAGCTTGAGGACTCGGCCGTGTATCTCTGTGCCAGCAGCTTAGTACGGCTGCCTAATTCACCCCTCCACTTTGGGAAT"	FALSE	TRUE	NA	NA	NA	NA
"GTCCTCAGAACCGGGAGACACGGCACTGTATCTCTGCGCCAGACAAACCTTCGGGCCAAGGGGTCCTACGAGCAGTACTTCGGGCCG"	""	"GTCCTCAGAACCGGGAGACACGGCACTGTATCTCTGCGCCAGACAAACCTTCGGGCCAAGGGGTCCTACGAGCAGTACTTCGGGCCG"	""	"TCRBV23-1*1"	"TCRBD1-1*1"	"TCRBJ2-7*1"	42	58	-1	63	16	64	NA	NA	"GTCCTCAGAACCGGGAGACACGGCACTGTATCTCTGCGCCAGACAAACCTTCGGGCCAAGGGGTCCTACGAGCAGTACTTCGGGCCG"	FALSE	FALSE	NA	NA	NA	NA
"ACCTTGGAGCTGGGGGACTCGGCCCTTTATCTTTGCGCCAGCAGCTTGGCCCCGACTAGCGGGTACAATGAGCAGTTCTTCGGGCCA"	"CASSLAPTSGYNEQFF"	"ACCTTGGAGCTGGGGGACTCGGCCCTTTATCTTTGCGCCAGCAGCTTGGCCCCGACTAGCGGGTACAATGAGCAGTTCTTCGGGCCA"	"CASSLAPTSGYNEQFF"	"TCRBV5-1*1"	"TCRBD2-1"	"TCRBJ2-1*1"	49	53	-1	63	4	64	NA	NA	"ACCTTGGAGCTGGGGGACTCGGCCCTTTATCTTTGCGCCAGCAGCTTGGCCCCGACTAGCGGGTACAATGAGCAGTTCTTCGGGCCA"	FALSE	TRUE	NA	NA	NA	NA
"AGTCCACGGAGTCAGGGGACACAGCACTGTATTTCTGTGCCAGCAGCAACCTAACCCGGGACAGAACCAACCAAGTTCTTCGGGCCA"	""	"AGTCCACGGAGTCAGGGGACACAGCACTGTATTTCTGTGCCAGCAGCAACCTAACCCGGGACAGAACCAACCAAGTTCTTCGGGCCA"	""	"TCRBV21-1*1"	"TCRBD1-1*1"	"TCRBJ2-1*1"	49	57	64	73	8	9	NA	NA	"AGTCCACGGAGTCAGGGGACACAGCACTGTATTTCTGTGCCAGCAGCAACCTAACCCGGGACAGAACCAACCAAGTTCTTCGGGCCA"	FALSE	FALSE	NA	NA	NA	NA
"CAGCGCACAGAGCAGGGGGACTCGGCCATGTATCTCTGTGCCAGCAGCTCACTTACAGGGGGTAACCAGCCCCAGCATTTTGGTGAT"	"CASSSLTGGNQPQHF"	"CAGCGCACAGAGCAGGGGGACTCGGCCATGTATCTCTGTGCCAGCAGCTCACTTACAGGGGGTAACCAGCCCCAGCATTTTGGTGAT"	"CASSSLTGGNQPQHF"	"TCRBV7-9*1"	"TCRBD1-1*1"	"TCRBJ1-5*1"	49	54	62	66	5	4	NA	NA	"CAGCGCACAGAGCAGGGGGACTCGGCCATGTATCTCTGTGCCAGCAGCTCACTTACAGGGGGTAACCAGCCCCAGCATTTTGGTGAT"	FALSE	TRUE	NA	NA	NA	NA
"ACTGTGAGCAACATGAGCCCTGAAGACAGCAGCATATATCTCTGCAGCGTCATGTGGGACCGCTTCTACGAGCAGTACTTCGGGCCG"	"CSVMWDRFYEQYF"	"ACTGTGAGCAACATGAGCCCTGAAGACAGCAGCATATATCTCTGCAGCGTCATGTGGGACCGCTTCTACGAGCAGTACTTCGGGCCG"	"CSVMWDRFYEQYF"	"TCRBV29-1"	NA	"TCRBJ2-7*1"	50	55	60	65	5	5	NA	NA	"ACTGTGAGCAACATGAGCCCTGAAGACAGCAGCATATATCTCTGCAGCGTCATGTGGGACCGCTTCTACGAGCAGTACTTCGGGCCG"	FALSE	TRUE	NA	NA	NA	NA
"TTCTAAGAAGCTCCTTCTCAGTGACTCTGGCTTCTATCTCTGTGCCTGGAGTGTCTGGGGCTAGGAGAGACCCAGTACTTCGGGCCA"	""	"TTCTAAGAAGCTCCTTCTCAGTGACTCTGGCTTCTATCTCTGTGCCTGGAGTGTCTGGGGCTAGGAGAGACCCAGTACTTCGGGCCA"	""	"TCRBV3-1*1"	"TCRBD1-1*1"	"TCRBJ2-5*1"	54	56	61	65	2	4	NA	NA	"TTCTAAGAAGCTCCTTCTCAGTGACTCTGGCTTCTATCTCTGTGCCTGGAGTGTCTGGGGCTAGGAGAGACCCAGTACTTCGGGCCA"	FALSE	FALSE	NA	NA	NA	NA
"AAGATCCAGCCCTCAGAACCCAGGGACTCAGCTGTGTACTTCTGTGCCAGCACCCCGGGGTTTAACACTGAAGCTTTCTTTGGACAA"	"CASTPGFNTEAFF"	"AAGATCCAGCCCTCAGAACCCAGGGACTCAGCTGTGTACTTCTGTGCCAGCACCCCGGGGTTTAACACTGAAGCTTTCTTTGGACAA"	"CASTPGFNTEAFF"	"TCRBV12-3/12-4*1"	"TCRBD2-1*1"	"TCRBJ1-1*1"	52	55	60	63	3	3	NA	NA	"AAGATCCAGCCCTCAGAACCCAGGGACTCAGCTGTGTACTTCTGTGCCAGCACCCCGGGGTTTAACACTGAAGCTTTCTTTGGACAA"	FALSE	TRUE	NA	NA	NA	NA
"AAGATCCAGCCCTCAGAACCCAGGGACTCAGCTGTGTACTTCTGTGCCAGCACCGACAGGGGCCCCTACGAGCAGTACTTCGGGCCG"	"CASTDRGPYEQYF"	"AAGATCCAGCCCTCAGAACCCAGGGACTCAGCTGTGTACTTCTGTGCCAGCACCGACAGGGGCCCCTACGAGCAGTACTTCGGGCCG"	"CASTDRGPYEQYF"	"TCRBV12-3/12-4*1"	"TCRBD1-1*1"	"TCRBJ2-7*1"	52	54	62	64	2	2	NA	NA	"AAGATCCAGCCCTCAGAACCCAGGGACTCAGCTGTGTACTTCTGTGCCAGCACCGACAGGGGCCCCTACGAGCAGTACTTCGGGCCG"	FALSE	TRUE	NA	NA	NA	NA
"AGAGTCTGCCATCCCCAACCAGACAGCTCTTTACTTCTGTGCCACCAGTGACCAACAGGGACGGGAGACATTCAGTACTTCGGCGCC"	""	"AGAGTCTGCCATCCCCAACCAGACAGCTCTTTACTTCTGTGCCACCAGTGACCAACAGGGACGGGAGACATTCAGTACTTCGGCGCC"	""	"TCRBV24-1*1"	NA	"TCRBJ2-4*1"	51	54	60	67	3	7	NA	NA	"AGAGTCTGCCATCCCCAACCAGACAGCTCTTTACTTCTGTGCCACCAGTGACCAACAGGGACGGGAGACATTCAGTACTTCGGCGCC"	FALSE	FALSE	NA	NA	NA	NA
"CTGAATGTGAACGCCTTGGAGCTGGAGGACTCGGCCCTGTATCTCTGTGCCAGCGGGACACAATATTCACCCCTCCACTTTGGGAAT"	"CASGTQYSPLHF"	"CTGAATGTGAACGCCTTGGAGCTGGAGGACTCGGCCCTGTATCTCTGTGCCAGCGGGACACAATATTCACCCCTCCACTTTGGGAAT"	"CASGTQYSPLHF"	"TCRBV5-8*1"	"TCRBD1-1*1"	"TCRBJ1-6*1"	-1	54	60	64	55	4	NA	NA	"CTGAATGTGAACGCCTTGGAGCTGGAGGACTCGGCCCTGTATCTCTGTGCCAGCGGGACACAATATTCACCCCTCCACTTTGGGAAT"	FALSE	TRUE	NA	NA	NA	NA
"GATCCAGCCTGCAAAGCTTGAGGACTCGGCCGTGTATCTCTGTGCCAGCAGCCCCCGGGCCAGTTTAATGAGCAGTTCTTCGGGCCA"	""	"GATCCAGCCTGCAAAGCTTGAGGACTCGGCCGTGTATCTCTGTGCCAGCAGCCCCCGGGCCAGTTTAATGAGCAGTTCTTCGGGCCA"	""	"TCRBV11-2*1"	NA	"TCRBJ2-1*1"	52	56	60	66	4	6	NA	NA	"GATCCAGCCTGCAAAGCTTGAGGACTCGGCCGTGTATCTCTGTGCCAGCAGCCCCCGGGCCAGTTTAATGAGCAGTTCTTCGGGCCA"	FALSE	FALSE	NA	NA	NA	NA
"TCACCAGGCCTGGGGGACGCAGCCATGTACCTGTGTGCCACCAGCACAACTCGGGACGTGCGCACCGGGGAGCTGTTTTTTGGAGAA"	"CATSTTRDVRTGELFF"	"TCACCAGGCCTGGGGGACGCAGCCATGTACCTGTGTGCCACCAGCACAACTCGGGACGTGCGCACCGGGGAGCTGTTTTTTGGAGAA"	"CATSTTRDVRTGELFF"	"TCRBV15-1*2"	NA	"TCRBJ2-2*1"	46	52	57	62	6	5	NA	NA	"TCACCAGGCCTGGGGGACGCAGCCATGTACCTGTGTGCCACCAGCACAACTCGGGACGTGCGCACCGGGGAGCTGTTTTTTGGAGAA"	FALSE	TRUE	NA	NA	NA	NA
"CCAGTCCACGGAGTCAGGGGACACAGCACTGTATTTCTGTGCCAGCAGCAAAGATGGGGTTGATCCACTGAAGCTTTCTTTGGACAA"	""	"CCAGTCCACGGAGTCAGGGGACACAGCACTGTATTTCTGTGCCAGCAGCAAAGATGGGGTTGATCCACTGAAGCTTTCTTTGGACAA"	""	"TCRBV21-1*1"	NA	"TCRBJ1-1*1"	53	55	59	65	2	6	NA	NA	"CCAGTCCACGGAGTCAGGGGACACAGCACTGTATTTCTGTGCCAGCAGCAAAGATGGGGTTGATCCACTGAAGCTTTCTTTGGACAA"	FALSE	FALSE	NA	NA	NA	NA
"AGTCAGCTACCCGCTCCCAGACATCTGTGTATTTCTGCGCCAGCAGTTATAGCGAACGCCTCCTACAATGAGCAGTTCTTCGGGCCA"	""	"AGTCAGCTACCCGCTCCCAGACATCTGTGTATTTCTGCGCCAGCAGTTATAGCGAACGCCTCCTACAATGAGCAGTTCTTCGGGCCA"	""	"TCRBV1-2*1"	"TCRBD2-1"	"TCRBJ2-1*1"	47	49	54	59	2	5	NA	NA	"AGTCAGCTACCCGCTCCCAGACATCTGTGTATTTCTGCGCCAGCAGTTATAGCGAACGCCTCCTACAATGAGCAGTTCTTCGGGCCA"	FALSE	FALSE	NA	NA	NA	NA
"GCCTGCAGAGCTTGGGGACTCGGCCGTGTATCTCTGTGCCAGCAGCTTAGATTGTAGAGGGGGCTCTACGAGCAGTACTTCGGGCCG"	""	"GCCTGCAGAGCTTGGGGACTCGGCCGTGTATCTCTGTGCCAGCAGCTTAGATTGTAGAGGGGGCTCTACGAGCAGTACTTCGGGCCG"	""	"TCRBV11-3*1"	"TCRBD1-1*1"	"TCRBJ2-7*1"	51	57	64	65	6	1	NA	NA	"GCCTGCAGAGCTTGGGGACTCGGCCGTGTATCTCTGTGCCAGCAGCTTAGATTGTAGAGGGGGCTCTACGAGCAGTACTTCGGGCCG"	FALSE	FALSE	NA	NA	NA	NA
"CTGATTCTGGAGTCCGCCAGCACCAACCAGACATCTATGTACCTCTGTGCCAGCAGAACCACAGGCCCTGGGGCTTTCTTTGGACAA"	"CASRTTGPGAFF"	"CTGATTCTGGAGTCCGCCAGCACCAACCAGACATCTATGTACCTCTGTGCCAGCAGAACCACAGGCCCTGGGGCTTTCTTTGGACAA"	"CASRTTGPGAFF"	"TCRBV28-1*1"	"TCRBD1-1*1"	"TCRBJ1-1*1"	56	60	65	72	4	7	NA	NA	"CTGATTCTGGAGTCCGCCAGCACCAACCAGACATCTATGTACCTCTGTGCCAGCAGAACCACAGGCCCTGGGGCTTTCTTTGGACAA"	FALSE	TRUE	NA	NA	NA	NA
"AAGAAGCTCCTTCTCAGTGACTCTGGCTTCTATCTCTGTGCCTGGAGTGTATCAGGGAGTAGCAATCAGCCCCAGCATTTTGGTGAT"	"CAWSVSGSSNQPQHF"	"AAGAAGCTCCTTCTCAGTGACTCTGGCTTCTATCTCTGTGCCTGGAGTGTATCAGGGAGTAGCAATCAGCCCCAGCATTTTGGTGAT"	"CAWSVSGSSNQPQHF"	"TCRBV3-1*1"	NA	"TCRBJ1-5*1"	50	52	57	59	2	2	NA	NA	"AAGAAGCTCCTTCTCAGTGACTCTGGCTTCTATCTCTGTGCCTGGAGTGTATCAGGGAGTAGCAATCAGCCCCAGCATTTTGGTGAT"	FALSE	TRUE	NA	NA	NA	NA
"GACCTCTCTGTACTTCTGTGCCAGCAGTGACCCACTCTTTAGGACAGAGACTTGGAACTAAGCGTCGGGGAGCTGTTTTTTGGAGAA"	""	"GACCTCTCTGTACTTCTGTGCCAGCAGTGACCCACTCTTTAGGACAGAGACTTGGAACTAAGCGTCGGGGAGCTGTTTTTTGGAGAA"	""	"TCRBV27-1*1"	"TCRBD1-1*1"	"TCRBJ2-2*1"	28	41	47	65	13	18	NA	NA	"GACCTCTCTGTACTTCTGTGCCAGCAGTGACCCACTCTTTAGGACAGAGACTTGGAACTAAGCGTCGGGGAGCTGTTTTTTGGAGAA"	FALSE	FALSE	NA	NA	NA	NA
"TCGGCCCAAAAGAACCCGACAGCTTTCTATCTCTGTGCCAGTAGTATGGGGCCGGGGACTGGGGCCAACGTCCTGACTTTCGGGGCC"	"CASSMGPGTGANVLTF"	"TCGGCCCAAAAGAACCCGACAGCTTTCTATCTCTGTGCCAGTAGTATGGGGCCGGGGACTGGGGCCAACGTCCTGACTTTCGGGGCC"	"CASSMGPGTGANVLTF"	"TCRBV19-1*1"	NA	"TCRBJ2-6*1"	-1	47	52	58	48	6	NA	NA	"TCGGCCCAAAAGAACCCGACAGCTTTCTATCTCTGTGCCAGTAGTATGGGGCCGGGGACTGGGGCCAACGTCCTGACTTTCGGGGCC"	FALSE	TRUE	NA	NA	NA	NA
"GAGCTCTCTGGAGCTGGGGGACTCAGCTTTGTATTTCTGTGCCAGCAGCGTAGCTAGCGGGACACCGGGGAGCTGTTTTTTGGAGAA"	""	"GAGCTCTCTGGAGCTGGGGGACTCAGCTTTGTATTTCTGTGCCAGCAGCGTAGCTAGCGGGACACCGGGGAGCTGTTTTTTGGAGAA"	""	"TCRBV9-1*1"	"TCRBD2-1"	"TCRBJ2-2*1"	-1	53	-1	61	54	62	NA	NA	"GAGCTCTCTGGAGCTGGGGGACTCAGCTTTGTATTTCTGTGCCAGCAGCGTAGCTAGCGGGACACCGGGGAGCTGTTTTTTGGAGAA"	FALSE	FALSE	NA	NA	NA	NA
"CAGCCTGCAAAGCTTGAGGACTCGGCCGTGTATCTCTGTGCCAGCAGCTTAGCCGGCCACGGAGATTACGAGCAGTACTTCGGGCCG"	"CASSLAGHGDYEQYF"	"CAGCCTGCAAAGCTTGAGGACTCGGCCGTGTATCTCTGTGCCAGCAGCTTAGCCGGCCACGGAGATTACGAGCAGTACTTCGGGCCG"	"CASSLAGHGDYEQYF"	"TCRBV11-2*1"	"TCRBD2-1*2"	"TCRBJ2-7*1"	52	60	64	66	8	2	NA	NA	"CAGCCTGCAAAGCTTGAGGACTCGGCCGTGTATCTCTGTGCCAGCAGCTTAGCCGGCCACGGAGATTACGAGCAGTACTTCGGGCCG"	FALSE	TRUE	NA	NA	NA	NA
"ACTGTGAGCAACATGAGCCCTGAAGACAGCAGCATATATCTCTGCAGCGTGTTGGTGGGGCCCTTCTACGAGCAGTACTTCGGGCCG"	"CSVLVGPFYEQYF"	"ACTGTGAGCAACATGAGCCCTGAAGACAGCAGCATATATCTCTGCAGCGTGTTGGTGGGGCCCTTCTACGAGCAGTACTTCGGGCCG"	"CSVLVGPFYEQYF"	"TCRBV29-1"	"TCRBD1-1*1"	"TCRBJ2-7*1"	50	56	61	65	6	4	NA	NA	"ACTGTGAGCAACATGAGCCCTGAAGACAGCAGCATATATCTCTGCAGCGTGTTGGTGGGGCCCTTCTACGAGCAGTACTTCGGGCCG"	FALSE	TRUE	NA	NA	NA	NA
"AGGATCCAGCAGGTAGTGCGAGGAGATTCGGCAGCTTATTTCTGTGCCAGCTCATCGGGACCAAACTATGGCTACACCTTCGGTTCG"	"CASSSGPNYGYTF"	"AGGATCCAGCAGGTAGTGCGAGGAGATTCGGCAGCTTATTTCTGTGCCAGCTCATCGGGACCAAACTATGGCTACACCTTCGGTTCG"	"CASSSGPNYGYTF"	"TCRBV18-1*1"	NA	"TCRBJ1-2*1"	54	56	61	63	2	2	NA	NA	"AGGATCCAGCAGGTAGTGCGAGGAGATTCGGCAGCTTATTTCTGTGCCAGCTCATCGGGACCAAACTATGGCTACACCTTCGGTTCG"	FALSE	TRUE	NA	NA	NA	NA
"ACCCTGCAGCCAGAAGACTCGGCCCTGTATCTCTGTGCCAGCAGCCAAGATCGGACACTAGGAGGAAACACCATATATTTTGGAGAG"	"CASSQDRTLGGNTIYF"	"ACCCTGCAGCCAGAAGACTCGGCCCTGTATCTCTGTGCCAGCAGCCAAGATCGGACACTAGGAGGAAACACCATATATTTTGGAGAG"	"CASSQDRTLGGNTIYF"	"TCRBV4-2*1"	NA	"TCRBJ1-3*1"	50	52	57	63	2	6	NA	NA	"ACCCTGCAGCCAGAAGACTCGGCCCTGTATCTCTGTGCCAGCAGCCAAGATCGGACACTAGGAGGAAACACCATATATTTTGGAGAG"	FALSE	TRUE	NA	NA	NA	NA
"AAGATCCGGTCCACAAAGCTGGAGGACTCAGCCATGTACTTCTGTGCCAGCAGTGTTTTGGGCGGGTACGAGCAGTACTTCGGGCCG"	"CASSVLGGYEQYF"	"AAGATCCGGTCCACAAAGCTGGAGGACTCAGCCATGTACTTCTGTGCCAGCAGTGTTTTGGGCGGGTACGAGCAGTACTTCGGGCCG"	"CASSVLGGYEQYF"	"TCRBV2-1"	"TCRBD2-1"	"TCRBJ2-7*1"	55	61	-1	66	6	67	NA	NA	"AAGATCCGGTCCACAAAGCTGGAGGACTCAGCCATGTACTTCTGTGCCAGCAGTGTTTTGGGCGGGTACGAGCAGTACTTCGGGCCG"	FALSE	TRUE	NA	NA	NA	NA
"CAAAAGAACCCGACAGCTTTCTATCTCTGTGCCACCCGAAAGGGCAGTTGGTTAGCGGGAGGGCCGGAGACCCAGTACTTCGGGCCA"	"CATRKGSWLAGGPETQYF"	"CAAAAGAACCCGACAGCTTTCTATCTCTGTGCCACCCGAAAGGGCAGTTGGTTAGCGGGAGGGCCGGAGACCCAGTACTTCGGGCCA"	"CATRKGSWLAGGPETQYF"	"TCRBV19-1*1"	"TCRBD2-1*2"	"TCRBJ2-5*1"	34	52	63	66	18	3	NA	NA	"CAAAAGAACCCGACAGCTTTCTATCTCTGTGCCACCCGAAAGGGCAGTTGGTTAGCGGGAGGGCCGGAGACCCAGTACTTCGGGCCA"	FALSE	TRUE	NA	NA	NA	NA
"CTGAAGATCCGGTCCACAAAGCTGGAGGACTCAGCCATGTACTTCTGTGCCAGCAAGGGGGAGTACGGGGAGCTGTTTTTTGGAGAA"	"CASKGEYGELFF"	"CTGAAGATCCGGTCCACAAAGCTGGAGGACTCAGCCATGTACTTCTGTGCCAGCAAGGGGGAGTACGGGGAGCTGTTTTTTGGAGAA"	"CASKGEYGELFF"	"TCRBV2-1"	"TCRBD1-1*1"	"TCRBJ2-2*1"	-1	55	61	65	56	4	NA	NA	"CTGAAGATCCGGTCCACAAAGCTGGAGGACTCAGCCATGTACTTCTGTGCCAGCAAGGGGGAGTACGGGGAGCTGTTTTTTGGAGAA"	FALSE	TRUE	NA	NA	NA	NA
"GCTACCAGCTCCCAGACATCTGTGTACTTCTGTGCCATCAGTGAGTCCTCCTTCTCCTCTGGGGCCAACGTCCTGACTTTCGGGGCC"	"CAISESSFSSGANVLTF"	"GCTACCAGCTCCCAGACATCTGTGTACTTCTGTGCCATCAGTGAGTCCTCCTTCTCCTCTGGGGCCAACGTCCTGACTTTCGGGGCC"	"CAISESSFSSGANVLTF"	"TCRBV1-3*1"	"TCRBD2-1"	"TCRBJ2-6*1"	-1	47	49	56	48	7	NA	NA	"GCTACCAGCTCCCAGACATCTGTGTACTTCTGTGCCATCAGTGAGTCCTCCTTCTCCTCTGGGGCCAACGTCCTGACTTTCGGGGCC"	FALSE	TRUE	NA	NA	NA	NA
"GTAGTGCGAGGAGATTCGGCAGCTTATTTCTGTGCCAGCTCACCACCCCTCCTCAGGCGAAGCACAGATACGCAGTATTTTGGCCCA"	"CASSPPLLRRSTDTQYF"	"GTAGTGCGAGGAGATTCGGCAGCTTATTTCTGTGCCAGCTCACCACCCCTCCTCAGGCGAAGCACAGATACGCAGTATTTTGGCCCA"	"CASSPPLLRRSTDTQYF"	"TCRBV18-1*1"	"TCRBD1-1*1"	"TCRBJ2-3*1"	47	53	57	60	6	3	NA	NA	"GTAGTGCGAGGAGATTCGGCAGCTTATTTCTGTGCCAGCTCACCACCCCTCCTCAGGCGAAGCACAGATACGCAGTATTTTGGCCCA"	FALSE	TRUE	NA	NA	NA	NA
"NTGTCGGCTGCTCCCTCCCAGACATCTGTGTACTTCTGTGCCAGCAGTGAAATCCGGGGAGGTGCATTCGAGCAGTACTTCGGGCCG"	"CASSEIRGGAFEQYF"	"NTGTCGGCTGCTCCCTCCCAGACATCTGTGTACTTCTGTGCCAGCAGTGAAATCCGGGGAGGTGCATTCGAGCAGTACTTCGGGCCG"	"CASSEIRGGAFEQYF"	"TCRBV6-1*1"	"TCRBD2-1*2"	"TCRBJ2-7*1"	51	56	62	68	5	6	NA	NA	"NTGTCGGCTGCTCCCTCCCAGACATCTGTGTACTTCTGTGCCAGCAGTGAAATCCGGGGAGGTGCATTCGAGCAGTACTTCGGGCCG"	FALSE	TRUE	NA	NA	NA	NA
"ATCCTGGAGTCGCCCAGCCCCAACCAGACCTCTCTGTACTTCTGTGCCAGCAAAGGGACTAGCGGGATGGCCTCGTTCTTCGGGCCA"	"CASKGTSGMASFF"	"ATCCTGGAGTCGCCCAGCCCCAACCAGACCTCTCTGTACTTCTGTGCCAGCAAAGGGACTAGCGGGATGGCCTCGTTCTTCGGGCCA"	"CASKGTSGMASFF"	"TCRBV27-1*1"	"TCRBD2-1*2"	"TCRBJ2-1*1"	52	54	67	74	2	7	NA	NA	"ATCCTGGAGTCGCCCAGCCCCAACCAGACCTCTCTGTACTTCTGTGCCAGCAAAGGGACTAGCGGGATGGCCTCGTTCTTCGGGCCA"	FALSE	TRUE	NA	NA	NA	NA
"CTGGAGTCTGCCAGGCCCTCACATACCTCTCAGTACCTCTGTGCCAGCAGTGATCGAGGGGCTGGAAACACCATATATTTTGGAGAG"	"CASSDRGAGNTIYF"	"CTGGAGTCTGCCAGGCCCTCACATACCTCTCAGTACCTCTGTGCCAGCAGTGATCGAGGGGCTGGAAACACCATATATTTTGGAGAG"	"CASSDRGAGNTIYF"	"TCRBV25-1*1"	NA	"TCRBJ1-3*1"	53	56	-1	61	3	62	NA	NA	"CTGGAGTCTGCCAGGCCCTCACATACCTCTCAGTACCTCTGTGCCAGCAGTGATCGAGGGGCTGGAAACACCATATATTTTGGAGAG"	FALSE	TRUE	NA	NA	NA	NA
"AACCTGAGCTCTCTGGAGCTGGGGGACTCAGCTTTGTATTTCTGTGCCAGCAGCTCAGGGGGCTATGGAAAACTGTTTTTTGGCAGT"	"CASSSGGYGKLFF"	"AACCTGAGCTCTCTGGAGCTGGGGGACTCAGCTTTGTATTTCTGTGCCAGCAGCTCAGGGGGCTATGGAAAACTGTTTTTTGGCAGT"	"CASSSGGYGKLFF"	"TCRBV9-1*1"	"TCRBD1-1*1"	"TCRBJ1-4*1"	54	55	63	68	1	5	NA	NA	"AACCTGAGCTCTCTGGAGCTGGGGGACTCAGCTTTGTATTTCTGTGCCAGCAGCTCAGGGGGCTATGGAAAACTGTTTTTTGGCAGT"	FALSE	TRUE	NA	NA	NA	NA
"CATCCTGAAGACAGCAGCTTCTACATCTGCAGTGCTAGAGATCGCGCTAGCGGGAGGGCCAGCACAGATACGCAGTATTTTGGCCCA"	"CSARDRASGRASTDTQYF"	"CATCCTGAAGACAGCAGCTTCTACATCTGCAGTGCTAGAGATCGCGCTAGCGGGAGGGCCAGCACAGATACGCAGTATTTTGGCCCA"	"CSARDRASGRASTDTQYF"	NA	"TCRBD2-1*2"	"TCRBJ2-3*1"	41	46	58	60	5	2	NA	NA	"CATCCTGAAGACAGCAGCTTCTACATCTGCAGTGCTAGAGATCGCGCTAGCGGGAGGGCCAGCACAGATACGCAGTATTTTGGCCCA"	FALSE	TRUE	NA	NA	NA	NA
"ATTCTGGAGTCCGCCAGCACCAACCAGACATCTATGTACCTCTGTGCCAGCAGTACTTATGGCAATCAGCCCCAGCATTTTGGTGAT"	"CASSTYGNQPQHF"	"ATTCTGGAGTCCGCCAGCACCAACCAGACATCTATGTACCTCTGTGCCAGCAGTACTTATGGCAATCAGCCCCAGCATTTTGGTGAT"	"CASSTYGNQPQHF"	"TCRBV28-1*1"	"TCRBD2-1"	"TCRBJ1-5*1"	-1	54	57	61	55	4	NA	NA	"ATTCTGGAGTCCGCCAGCACCAACCAGACATCTATGTACCTCTGTGCCAGCAGTACTTATGGCAATCAGCCCCAGCATTTTGGTGAT"	FALSE	TRUE	NA	NA	NA	NA
"AGTCCACGGAGTCAGGGGACACAGCACTGTATTTCTGTGCCAGCAGCAAAGGTACTCGCGGGAGGTTACGAGCAGTACTTCGGGCCG"	""	"AGTCCACGGAGTCAGGGGACACAGCACTGTATTTCTGTGCCAGCAGCAAAGGTACTCGCGGGAGGTTACGAGCAGTACTTCGGGCCG"	""	"TCRBV21-1*1"	"TCRBD2-1*2"	"TCRBJ2-7*1"	51	57	65	66	6	1	NA	NA	"AGTCCACGGAGTCAGGGGACACAGCACTGTATTTCTGTGCCAGCAGCAAAGGTACTCGCGGGAGGTTACGAGCAGTACTTCGGGCCG"	FALSE	FALSE	NA	NA	NA	NA
"AATGTGAGCACCTTGGAGCTGGGGGACTCGGCCCTTTATCTTTGCGCCAGCAGCTTGAATACCGGCTACGAGCAGTACTTCGGGCCG"	"CASSLNTGYEQYF"	"AATGTGAGCACCTTGGAGCTGGGGGACTCGGCCCTTTATCTTTGCGCCAGCAGCTTGAATACCGGCTACGAGCAGTACTTCGGGCCG"	"CASSLNTGYEQYF"	"TCRBV5-1*1"	"TCRBD2-1"	"TCRBJ2-7*1"	57	62	-1	65	5	66	NA	NA	"AATGTGAGCACCTTGGAGCTGGGGGACTCGGCCCTTTATCTTTGCGCCAGCAGCTTGAATACCGGCTACGAGCAGTACTTCGGGCCG"	FALSE	TRUE	NA	NA	NA	NA
"GCAATCCTGTCCTCAGAACCGGGAGACACGGCACTGTATCTCTGCGCCAGCAGGGACAGGGAATCCTACGAGCAGTACTTCGGGCCG"	"CASRDRESYEQYF"	"GCAATCCTGTCCTCAGAACCGGGAGACACGGCACTGTATCTCTGCGCCAGCAGGGACAGGGAATCCTACGAGCAGTACTTCGGGCCG"	"CASRDRESYEQYF"	"TCRBV23-1*1"	"TCRBD1-1*1"	"TCRBJ2-7*1"	-1	53	61	63	54	2	NA	NA	"GCAATCCTGTCCTCAGAACCGGGAGACACGGCACTGTATCTCTGCGCCAGCAGGGACAGGGAATCCTACGAGCAGTACTTCGGGCCG"	FALSE	TRUE	NA	NA	NA	NA
"ATCCGGTCCACAAAGCTGGAGGACTCAGCCATGTACTTCTGTGCCAGCACTAAACCGGACAGGGTCGTTGGCTACACCTTCGGTTCG"	"CASTKPDRVVGYTF"	"ATCCGGTCCACAAAGCTGGAGGACTCAGCCATGTACTTCTGTGCCAGCACTAAACCGGACAGGGTCGTTGGCTACACCTTCGGTTCG"	"CASTKPDRVVGYTF"	"TCRBV2-1"	"TCRBD1-1*1"	"TCRBJ1-2*1"	49	56	64	68	7	4	NA	NA	"ATCCGGTCCACAAAGCTGGAGGACTCAGCCATGTACTTCTGTGCCAGCACTAAACCGGACAGGGTCGTTGGCTACACCTTCGGTTCG"	FALSE	TRUE	NA	NA	NA	NA
"AGCAACATGAGCCCTGAAGACAGCAGCATATATCTCTGCAGCGTTCTAGGACGACAGAAAAGAAACACTGAAGCTTTCTTTGGACAA"	"CSVLGRQKRNTEAFF"	"AGCAACATGAGCCCTGAAGACAGCAGCATATATCTCTGCAGCGTTCTAGGACGACAGAAAAGAAACACTGAAGCTTTCTTTGGACAA"	"CSVLGRQKRNTEAFF"	"TCRBV29-1"	"TCRBD1-1*1"	"TCRBJ1-1*1"	45	52	57	63	7	6	NA	NA	"AGCAACATGAGCCCTGAAGACAGCAGCATATATCTCTGCAGCGTTCTAGGACGACAGAAAAGAAACACTGAAGCTTTCTTTGGACAA"	FALSE	TRUE	NA	NA	NA	NA
"ATCCTGGAGTCGCCCAGCCCCAACCAGACCTCTCTGTACTTCTGTGCCAGCAGGGCGACAGGGGTTAACGAGCAGTACTTCGGGCCG"	"CASRATGVNEQYF"	"ATCCTGGAGTCGCCCAGCCCCAACCAGACCTCTCTGTACTTCTGTGCCAGCAGGGCGACAGGGGTTAACGAGCAGTACTTCGGGCCG"	"CASRATGVNEQYF"	"TCRBV27-1*1"	"TCRBD1-1*1"	"TCRBJ2-7*1"	53	56	64	67	3	3	NA	NA	"ATCCTGGAGTCGCCCAGCCCCAACCAGACCTCTCTGTACTTCTGTGCCAGCAGGGCGACAGGGGTTAACGAGCAGTACTTCGGGCCG"	FALSE	TRUE	NA	NA	NA	NA
"GAGTTGGCTGCTCCCTCCCAGACATCTGTGTACTTCTGTGCCAGCAGTCAACAGGGAAGGGGCAATCAGCCCCAGCATTTTGGTGAT"	"CASSQQGRGNQPQHF"	"GAGTTGGCTGCTCCCTCCCAGACATCTGTGTACTTCTGTGCCAGCAGTCAACAGGGAAGGGGCAATCAGCCCCAGCATTTTGGTGAT"	"CASSQQGRGNQPQHF"	"TCRBV6-6*4"	"TCRBD1-1*1"	"TCRBJ1-5*1"	49	50	56	61	1	5	NA	NA	"GAGTTGGCTGCTCCCTCCCAGACATCTGTGTACTTCTGTGCCAGCAGTCAACAGGGAAGGGGCAATCAGCCCCAGCATTTTGGTGAT"	FALSE	TRUE	NA	NA	NA	NA
"CAGCCCTCAGAACCCAGGGACTCAGCTGTGTACTTCTGTGCCAGCAGTTTAGGGCAGCCGAACACCGGGGAGCTGTTTTTTGGAGAA"	"CASSLGQPNTGELFF"	"CAGCCCTCAGAACCCAGGGACTCAGCTGTGTACTTCTGTGCCAGCAGTTTAGGGCAGCCGAACACCGGGGAGCTGTTTTTTGGAGAA"	"CASSLGQPNTGELFF"	NA	NA	"TCRBJ2-2*1"	52	54	57	58	2	1	NA	NA	"CAGCCCTCAGAACCCAGGGACTCAGCTGTGTACTTCTGTGCCAGCAGTTTAGGGCAGCCGAACACCGGGGAGCTGTTTTTTGGAGAA"	FALSE	TRUE	NA	NA	NA	NA
"CAGCGCACACAGCAGGAGGACTCCGCCGTGTATCTCTGTGCCAGCAGCTTGGGACAGGATCTCACAGATACGCAGTATTTTGGCCCA"	"CASSLGQDLTDTQYF"	"CAGCGCACACAGCAGGAGGACTCCGCCGTGTATCTCTGTGCCAGCAGCTTGGGACAGGATCTCACAGATACGCAGTATTTTGGCCCA"	"CASSLGQDLTDTQYF"	"TCRBV7-8*1"	"TCRBD1-1*1"	"TCRBJ2-3*1"	-1	50	58	62	51	4	NA	NA	"CAGCGCACACAGCAGGAGGACTCCGCCGTGTATCTCTGTGCCAGCAGCTTGGGACAGGATCTCACAGATACGCAGTATTTTGGCCCA"	FALSE	TRUE	NA	NA	NA	NA
"AAGATCCAGCCCTCAGAACCCAGGGACTCAGCTGTGTACTTCTGTGCCAGCAGTTTGGGCAGCGGATATACGCAGTATTTTGGCCCA"	"CASSLGSGYTQYF"	"AAGATCCAGCCCTCAGAACCCAGGGACTCAGCTGTGTACTTCTGTGCCAGCAGTTTGGGCAGCGGATATACGCAGTATTTTGGCCCA"	"CASSLGSGYTQYF"	"TCRBV12-3/12-4*1"	"TCRBD2-1"	"TCRBJ2-3*1"	56	60	65	67	4	2	NA	NA	"AAGATCCAGCCCTCAGAACCCAGGGACTCAGCTGTGTACTTCTGTGCCAGCAGTTTGGGCAGCGGATATACGCAGTATTTTGGCCCA"	FALSE	TRUE	NA	NA	NA	NA
"NNNNNNNTGTCGGCTGCTCCCTCCCAGACATCTGTGTACTTCTGTGCCAGCACCCGACGGCTCCTCAATGAGCAGTTCTTCGGGCCA"	"CASTRRLLNEQFF"	"NNNNNNNTGTCGGCTGCTCCCTCCCAGACATCTGTGTACTTCTGTGCCAGCACCCGACGGCTCCTCAATGAGCAGTTCTTCGGGCCA"	"CASTRRLLNEQFF"	"TCRBV6-5*1"	NA	"TCRBJ2-1*1"	52	55	58	65	3	7	NA	NA	"NNNNNNNTGTCGGCTGCTCCCTCCCAGACATCTGTGTACTTCTGTGCCAGCACCCGACGGCTCCTCAATGAGCAGTTCTTCGGGCCA"	FALSE	TRUE	NA	NA	NA	NA
"ACCAGTGCCCATCCTGAAGACAGCAGCTTCTACATCTGCAGTGCTAGGGGGGCCACTAGAGTCTTCGGCGAGCAGTACTTCGGGCCG"	"CSARGATRVFGEQYF"	"ACCAGTGCCCATCCTGAAGACAGCAGCTTCTACATCTGCAGTGCTAGGGGGGCCACTAGAGTCTTCGGCGAGCAGTACTTCGGGCCG"	"CSARGATRVFGEQYF"	NA	"TCRBD1-1*1"	"TCRBJ2-7*1"	-1	47	53	68	48	15	NA	NA	"ACCAGTGCCCATCCTGAAGACAGCAGCTTCTACATCTGCAGTGCTAGGGGGGCCACTAGAGTCTTCGGCGAGCAGTACTTCGGGCCG"	FALSE	TRUE	NA	NA	NA	NA
"ATCCTGGAGTCGCCCAGCCCCAACCAGACCTCTCTGTACTTCTGTGCCAGCAGTTTATCGACGGAGTACGAGCAGTACTTCGGGCCG"	"CASSLSTEYEQYF"	"ATCCTGGAGTCGCCCAGCCCCAACCAGACCTCTCTGTACTTCTGTGCCAGCAGTTTATCGACGGAGTACGAGCAGTACTTCGGGCCG"	"CASSLSTEYEQYF"	"TCRBV27-1*1"	"TCRBD2-1*2"	"TCRBJ2-7*1"	59	62	-1	66	3	67	NA	NA	"ATCCTGGAGTCGCCCAGCCCCAACCAGACCTCTCTGTACTTCTGTGCCAGCAGTTTATCGACGGAGTACGAGCAGTACTTCGGGCCG"	FALSE	TRUE	NA	NA	NA	NA
"CTGGAGTCCGCCAGCACCAACCAGACATCTATGTACCTCTGTGCCAGCAGCGTTACTTTTACCACAGATACGCAGTATTTTGGCCCA"	"CASSVTFTTDTQYF"	"CTGGAGTCCGCCAGCACCAACCAGACATCTATGTACCTCTGTGCCAGCAGCGTTACTTTTACCACAGATACGCAGTATTTTGGCCCA"	"CASSVTFTTDTQYF"	"TCRBV28-1*1"	"TCRBD2-1"	"TCRBJ2-3*1"	50	54	57	62	4	5	NA	NA	"CTGGAGTCCGCCAGCACCAACCAGACATCTATGTACCTCTGTGCCAGCAGCGTTACTTTTACCACAGATACGCAGTATTTTGGCCCA"	FALSE	TRUE	NA	NA	NA	NA
"CCTGAGTTCTAAGAAGCTCCTTCTCAGTGACTCTGGCTTCTATCTCTGTGCCTGGAGTGCGGATAGAGAGGCTACACCTTCGGTTCG"	""	"CCTGAGTTCTAAGAAGCTCCTTCTCAGTGACTCTGGCTTCTATCTCTGTGCCTGGAGTGCGGATAGAGAGGCTACACCTTCGGTTCG"	""	"TCRBV3-1*1"	NA	"TCRBJ1-2*1"	59	60	63	69	1	6	NA	NA	"CCTGAGTTCTAAGAAGCTCCTTCTCAGTGACTCTGGCTTCTATCTCTGTGCCTGGAGTGCGGATAGAGAGGCTACACCTTCGGTTCG"	FALSE	FALSE	NA	NA	NA	NA
"GGGGACTCAGCCGTGTATCTCTGTGCCAGCAGCTTAATATCTGGTTTAGGCTCAGGGGAGGGGGCCAACGTCCTGACTTTCGGGGCC"	"CASSLISGLGSGEGANVLTF"	"GGGGACTCAGCCGTGTATCTCTGTGCCAGCAGCTTAATATCTGGTTTAGGCTCAGGGGAGGGGGCCAACGTCCTGACTTTCGGGGCC"	"CASSLISGLGSGEGANVLTF"	"TCRBV7-3*1"	"TCRBD1-1*1"	"TCRBJ2-6*1"	37	52	58	60	15	2	NA	NA	"GGGGACTCAGCCGTGTATCTCTGTGCCAGCAGCTTAATATCTGGTTTAGGCTCAGGGGAGGGGGCCAACGTCCTGACTTTCGGGGCC"	FALSE	TRUE	NA	NA	NA	NA
"NTGTCGGCTGCTCCCTCCCAGACATCTGTGTACTTCTGTGCCAGCAGTTACGCGGGTCTGAGCAATCAGCCCCAGCATTTTGGTGAT"	"CASSYAGLSNQPQHF"	"NTGTCGGCTGCTCCCTCCCAGACATCTGTGTACTTCTGTGCCAGCAGTTACGCGGGTCTGAGCAATCAGCCCCAGCATTTTGGTGAT"	"CASSYAGLSNQPQHF"	"TCRBV6-5*1"	"TCRBD2-1"	"TCRBJ1-5*1"	-1	51	56	60	52	4	NA	NA	"NTGTCGGCTGCTCCCTCCCAGACATCTGTGTACTTCTGTGCCAGCAGTTACGCGGGTCTGAGCAATCAGCCCCAGCATTTTGGTGAT"	FALSE	TRUE	NA	NA	NA	NA
"CATCGGCCCAAAAGAACCCGACAGCTTTCTATCTCTGTGCCAGTAGTCCCCGTCGAAAGGTCGATTTACGAGCAGTACTTCGGGCCG"	""	"CATCGGCCCAAAAGAACCCGACAGCTTTCTATCTCTGTGCCAGTAGTCCCCGTCGAAAGGTCGATTTACGAGCAGTACTTCGGGCCG"	""	"TCRBV19-1*1"	NA	"TCRBJ2-7*1"	47	57	60	66	10	6	NA	NA	"CATCGGCCCAAAAGAACCCGACAGCTTTCTATCTCTGTGCCAGTAGTCCCCGTCGAAAGGTCGATTTACGAGCAGTACTTCGGGCCG"	FALSE	FALSE	NA	NA	NA	NA
"TCGGCCCAAAAGAACCCGACAGCTTTCTATCTCTGTGCCAGTAGTAAAGGGACTAGCGGATACCAAGAGACCCAGTACTTCGGGCCA"	"CASSKGTSGYQETQYF"	"TCGGCCCAAAAGAACCCGACAGCTTTCTATCTCTGTGCCAGTAGTAAAGGGACTAGCGGATACCAAGAGACCCAGTACTTCGGGCCA"	"CASSKGTSGYQETQYF"	"TCRBV19-1*1"	"TCRBD2-1"	"TCRBJ2-5*1"	46	48	59	61	2	2	NA	NA	"TCGGCCCAAAAGAACCCGACAGCTTTCTATCTCTGTGCCAGTAGTAAAGGGACTAGCGGATACCAAGAGACCCAGTACTTCGGGCCA"	FALSE	TRUE	NA	NA	NA	NA
"CAGCGCACACAGCAGGAGGACTCCGCCGTGTATCTCTGTGCCAGCAGCTTAGAAGGCTCACTCACCGGGGAGCTGTTTTTTGGAGAA"	"CASSLEGSLTGELFF"	"CAGCGCACACAGCAGGAGGACTCCGCCGTGTATCTCTGTGCCAGCAGCTTAGAAGGCTCACTCACCGGGGAGCTGTTTTTTGGAGAA"	"CASSLEGSLTGELFF"	"TCRBV7-8*1"	NA	"TCRBJ2-2*1"	52	53	56	62	1	6	NA	NA	"CAGCGCACACAGCAGGAGGACTCCGCCGTGTATCTCTGTGCCAGCAGCTTAGAAGGCTCACTCACCGGGGAGCTGTTTTTTGGAGAA"	FALSE	TRUE	NA	NA	NA	NA
"CTGGAGCTGGGGGACTCAGCTTTGTATTTCTGTGCCAGCAGCGTAGAGAGGGGGGGACAGGGGCCAGAGACCCAGTACTTCGGGCCA"	"CASSVERGGQGPETQYF"	"CTGGAGCTGGGGGACTCAGCTTTGTATTTCTGTGCCAGCAGCGTAGAGAGGGGGGGACAGGGGCCAGAGACCCAGTACTTCGGGCCA"	"CASSVERGGQGPETQYF"	"TCRBV9-1*1"	"TCRBD1-1*1"	"TCRBJ2-5*1"	46	53	63	65	7	2	NA	NA	"CTGGAGCTGGGGGACTCAGCTTTGTATTTCTGTGCCAGCAGCGTAGAGAGGGGGGGACAGGGGCCAGAGACCCAGTACTTCGGGCCA"	FALSE	TRUE	NA	NA	NA	NA
"AGCTCCTTGGAGCTGGGGGACTCAGCCCTGTACTTCTGTGCCAGCAGCTTGGTTCCTAGCGGGAGGAGTGAGCAGTTCTTCGGGCCA"	"CASSLVPSGRSEQFF"	"AGCTCCTTGGAGCTGGGGGACTCAGCCCTGTACTTCTGTGCCAGCAGCTTGGTTCCTAGCGGGAGGAGTGAGCAGTTCTTCGGGCCA"	"CASSLVPSGRSEQFF"	"TCRBV13-1*1"	"TCRBD2-1*2"	"TCRBJ2-1*1"	50	55	66	68	5	2	NA	NA	"AGCTCCTTGGAGCTGGGGGACTCAGCCCTGTACTTCTGTGCCAGCAGCTTGGTTCCTAGCGGGAGGAGTGAGCAGTTCTTCGGGCCA"	FALSE	TRUE	NA	NA	NA	NA
"ATCCAGCGCACAGAGCAGCGGGACTCGGCCATGTATCGCTGTGCCAGCAGCCAAACCCCGGACATCTACGAGCAGTACTTCGGGCCG"	"CASSQTPDIYEQYF"	"ATCCAGCGCACAGAGCAGCGGGACTCGGCCATGTATCGCTGTGCCAGCAGCCAAACCCCGGACATCTACGAGCAGTACTTCGGGCCG"	"CASSQTPDIYEQYF"	"TCRBV7-6*1"	"TCRBD1-1*1"	"TCRBJ2-7*1"	51	59	64	65	8	1	NA	NA	"ATCCAGCGCACAGAGCAGCGGGACTCGGCCATGTATCGCTGTGCCAGCAGCCAAACCCCGGACATCTACGAGCAGTACTTCGGGCCG"	FALSE	TRUE	NA	NA	NA	NA
"TCGGCTGCTCCCTCCCAGACATCTGTGTACTTCTGTGCCAGCAGGGCGACTAGCGGGACCTCCTACAATGAGCAGTTCTTCGGGCCA"	"CASRATSGTSYNEQFF"	"TCGGCTGCTCCCTCCCAGACATCTGTGTACTTCTGTGCCAGCAGGGCGACTAGCGGGACCTCCTACAATGAGCAGTTCTTCGGGCCA"	"CASRATSGTSYNEQFF"	NA	"TCRBD2-1*2"	"TCRBJ2-1*1"	44	47	58	59	3	1	NA	NA	"TCGGCTGCTCCCTCCCAGACATCTGTGTACTTCTGTGCCAGCAGGGCGACTAGCGGGACCTCCTACAATGAGCAGTTCTTCGGGCCA"	FALSE	TRUE	NA	NA	NA	NA
"CTGGAGGACTCAGCCATGTACTTCTGTGCCAGCAGTGGCTCCAGCGGGAGGGCCGTCGCGACAAGAGAGACCCAGTACTTCGGGCCA"	"CASSGSSGRAVATRETQYF"	"CTGGAGGACTCAGCCATGTACTTCTGTGCCAGCAGTGGCTCCAGCGGGAGGGCCGTCGCGACAAGAGAGACCCAGTACTTCGGGCCA"	"CASSGSSGRAVATRETQYF"	"TCRBV2-1"	"TCRBD2-1*2"	"TCRBJ2-5*1"	37	42	52	65	5	13	NA	NA	"CTGGAGGACTCAGCCATGTACTTCTGTGCCAGCAGTGGCTCCAGCGGGAGGGCCGTCGCGACAAGAGAGACCCAGTACTTCGGGCCA"	FALSE	TRUE	NA	NA	NA	NA
"TCCCTGATTCTGGAGTCCGCCAGCACCAACCAGACATCTATGTACCTCTGTGCCAGCTCCTTCACAGATACGCAGTATTTTGGCCCA"	"CASSFTDTQYF"	"TCCCTGATTCTGGAGTCCGCCAGCACCAACCAGACATCTATGTACCTCTGTGCCAGCTCCTTCACAGATACGCAGTATTTTGGCCCA"	"CASSFTDTQYF"	"TCRBV28-1*1"	"TCRBD2-1"	"TCRBJ2-3*1"	57	59	61	62	2	1	NA	NA	"TCCCTGATTCTGGAGTCCGCCAGCACCAACCAGACATCTATGTACCTCTGTGCCAGCTCCTTCACAGATACGCAGTATTTTGGCCCA"	FALSE	TRUE	NA	NA	NA	NA
"ACTCTGACAGTGACCAGTGCCCATCCTGAAGACAGCAGCTTCTACATCTGCAGTGCTAGACAGCGGGACGAGCAGTACTTCGGGCCG"	"CSARQRDEQYF"	"ACTCTGACAGTGACCAGTGCCCATCCTGAAGACAGCAGCTTCTACATCTGCAGTGCTAGACAGCGGGACGAGCAGTACTTCGGGCCG"	"CSARQRDEQYF"	"TCRBV2-1*1"	"TCRBD2-1"	"TCRBJ2-7*1"	60	61	-1	67	1	68	NA	NA	"ACTCTGACAGTGACCAGTGCCCATCCTGAAGACAGCAGCTTCTACATCTGCAGTGCTAGACAGCGGGACGAGCAGTACTTCGGGCCG"	FALSE	TRUE	NA	NA	NA	NA
"ATCCAGCCTGCAGAGCTTGGGGACTCGGCCGTGTATCTCTGTGCCAGCACCGGTCCGACAGGGCCCTATGGCTACACCTTCGGTTCG"	"CASTGPTGPYGYTF"	"ATCCAGCCTGCAGAGCTTGGGGACTCGGCCGTGTATCTCTGTGCCAGCACCGGTCCGACAGGGCCCTATGGCTACACCTTCGGTTCG"	"CASTGPTGPYGYTF"	"TCRBV11-3*1"	"TCRBD1-1*1"	"TCRBJ1-2*1"	49	56	63	65	7	2	NA	NA	"ATCCAGCCTGCAGAGCTTGGGGACTCGGCCGTGTATCTCTGTGCCAGCACCGGTCCGACAGGGCCCTATGGCTACACCTTCGGTTCG"	FALSE	TRUE	NA	NA	NA	NA
"ATCCAGCGCACAGAGCAGGGGGACTCGGCCATGTATCTCTGTGCCAGCAGCTTAGTTGAGGGCACAGATACGCAGTATTTTGGCCCA"	"CASSLVEGTDTQYF"	"ATCCAGCGCACAGAGCAGGGGGACTCGGCCATGTATCTCTGTGCCAGCAGCTTAGTTGAGGGCACAGATACGCAGTATTTTGGCCCA"	"CASSLVEGTDTQYF"	"TCRBV7-9*1"	"TCRBD2-1*2"	"TCRBJ2-3*1"	55	57	-1	61	2	62	NA	NA	"ATCCAGCGCACAGAGCAGGGGGACTCGGCCATGTATCTCTGTGCCAGCAGCTTAGTTGAGGGCACAGATACGCAGTATTTTGGCCCA"	FALSE	TRUE	NA	NA	NA	NA
"GTGACCAGTGCCCATCCTGAAGACAGCAGCTTCTACATCTGCAGTGCGGTGGGCGCGGGAAGCTCCTACGAGCAGTACTTCGGGCCG"	"CSAVGAGSSYEQYF"	"GTGACCAGTGCCCATCCTGAAGACAGCAGCTTCTACATCTGCAGTGCGGTGGGCGCGGGAAGCTCCTACGAGCAGTACTTCGGGCCG"	"CSAVGAGSSYEQYF"	NA	"TCRBD2-1*2"	"TCRBJ2-7*1"	47	54	60	62	7	2	NA	NA	"GTGACCAGTGCCCATCCTGAAGACAGCAGCTTCTACATCTGCAGTGCGGTGGGCGCGGGAAGCTCCTACGAGCAGTACTTCGGGCCG"	FALSE	TRUE	NA	NA	NA	NA
"GAGTCGCCCAGCCCCAACCAGACCTCTCTGTACTTCTGTGCCAGCAGTCCACCGAGCGGGAGGGTTGGCGAGCAGTACTTCGGGCCG"	"CASSPPSGRVGEQYF"	"GAGTCGCCCAGCCCCAACCAGACCTCTCTGTACTTCTGTGCCAGCAGTCCACCGAGCGGGAGGGTTGGCGAGCAGTACTTCGGGCCG"	"CASSPPSGRVGEQYF"	"TCRBV27-1*1"	"TCRBD2-1*2"	"TCRBJ2-7*1"	48	54	64	68	6	4	NA	NA	"GAGTCGCCCAGCCCCAACCAGACCTCTCTGTACTTCTGTGCCAGCAGTCCACCGAGCGGGAGGGTTGGCGAGCAGTACTTCGGGCCG"	FALSE	TRUE	NA	NA	NA	NA
"AGCCCCAACCAGACCTCTCTGTACTTCTGTGCCAGCAGTCTCCGGACTAGGTCAGTCCCCAGTCCCGGAGAGCAGTTCTTCGGGCCA"	"CASSLRTRSVPSPGEQFF"	"AGCCCCAACCAGACCTCTCTGTACTTCTGTGCCAGCAGTCTCCGGACTAGGTCAGTCCCCAGTCCCGGAGAGCAGTTCTTCGGGCCA"	"CASSLRTRSVPSPGEQFF"	"TCRBV27-1*1"	"TCRBD2-1"	"TCRBJ2-1*1"	39	43	50	69	4	19	NA	NA	"AGCCCCAACCAGACCTCTCTGTACTTCTGTGCCAGCAGTCTCCGGACTAGGTCAGTCCCCAGTCCCGGAGAGCAGTTCTTCGGGCCA"	FALSE	TRUE	NA	NA	NA	NA
"CAGCGCACACAGCAGGAGGACTCCGCCGTGTATCTCTGTGCCAGCAGCTTAAGGGAGTTCGTGAACACTGAAGCTTTCTTTGGACAA"	"CASSLREFVNTEAFF"	"CAGCGCACACAGCAGGAGGACTCCGCCGTGTATCTCTGTGCCAGCAGCTTAAGGGAGTTCGTGAACACTGAAGCTTTCTTTGGACAA"	"CASSLREFVNTEAFF"	"TCRBV7-8*1"	"TCRBD2-1*2"	"TCRBJ1-1*1"	51	52	57	61	1	4	NA	NA	"CAGCGCACACAGCAGGAGGACTCCGCCGTGTATCTCTGTGCCAGCAGCTTAAGGGAGTTCGTGAACACTGAAGCTTTCTTTGGACAA"	FALSE	TRUE	NA	NA	NA	NA
"TCTGCTGCCTCCTCCCAGACATCTGTATATTTCTGCGCCAGTTCGGAATTAAGACTAGCGGGAACGGATACGCAGTATTTTGGCCCA"	"CASSELRLAGTDTQYF"	"TCTGCTGCCTCCTCCCAGACATCTGTATATTTCTGCGCCAGTTCGGAATTAAGACTAGCGGGAACGGATACGCAGTATTTTGGCCCA"	"CASSELRLAGTDTQYF"	"TCRBV1-1"	"TCRBD2-1*2"	"TCRBJ2-3*1"	41	52	63	66	11	3	NA	NA	"TCTGCTGCCTCCTCCCAGACATCTGTATATTTCTGCGCCAGTTCGGAATTAAGACTAGCGGGAACGGATACGCAGTATTTTGGCCCA"	FALSE	TRUE	NA	NA	NA	NA
"GCTGGGGGACTCAGCTTTGTATTTCTGTGCCAGCAGCCCAAGTAACTAGCGGGAGATTTTAGCACCGGGGAGCTGTTTTTTGGAGAA"	""	"GCTGGGGGACTCAGCTTTGTATTTCTGTGCCAGCAGCCCAAGTAACTAGCGGGAGATTTTAGCACCGGGGAGCTGTTTTTTGGAGAA"	""	"TCRBV9-1*1"	"TCRBD2-1*2"	"TCRBJ2-2*1"	37	44	55	62	7	7	NA	NA	"GCTGGGGGACTCAGCTTTGTATTTCTGTGCCAGCAGCCCAAGTAACTAGCGGGAGATTTTAGCACCGGGGAGCTGTTTTTTGGAGAA"	FALSE	FALSE	NA	NA	NA	NA
"GTGACATCGGCCCAAAAGAACCCGACAGCTTTCTATCTCTGTGCCAGTAGTGCCCGTGGGGGATACAATGAGCAGTTCTTCGGGCCA"	"CASSARGGYNEQFF"	"GTGACATCGGCCCAAAAGAACCCGACAGCTTTCTATCTCTGTGCCAGTAGTGCCCGTGGGGGATACAATGAGCAGTTCTTCGGGCCA"	"CASSARGGYNEQFF"	"TCRBV19-1*1"	NA	"TCRBJ2-1*1"	51	57	62	63	6	1	NA	NA	"GTGACATCGGCCCAAAAGAACCCGACAGCTTTCTATCTCTGTGCCAGTAGTGCCCGTGGGGGATACAATGAGCAGTTCTTCGGGCCA"	FALSE	TRUE	NA	NA	NA	NA
"TGCTCCCTCCCAAACATCTGTGTACTTCTGTGCCAGCAGTTTCGGAATAGCGGGAGTCGAAACACCGGGGAGCTGTTTTTTGGAGAA"	""	"TGCTCCCTCCCAAACATCTGTGTACTTCTGTGCCAGCAGTTTCGGAATAGCGGGAGTCGAAACACCGGGGAGCTGTTTTTTGGAGAA"	""	"TCRBV6-2/6-3*1"	"TCRBD2-1*2"	"TCRBJ2-2*1"	41	47	56	60	6	4	NA	NA	"TGCTCCCTCCCAAACATCTGTGTACTTCTGTGCCAGCAGTTTCGGAATAGCGGGAGTCGAAACACCGGGGAGCTGTTTTTTGGAGAA"	FALSE	FALSE	NA	NA	NA	NA
"AGCGCACAGAGCGGGGGGACTCAGCCGTGTATCTCTGTGCCAGCAGCGCGTGACGTGCCCTGCGCGAACGAGCAGTACTTCGGGCCG"	""	"AGCGCACAGAGCGGGGGGACTCAGCCGTGTATCTCTGTGCCAGCAGCGCGTGACGTGCCCTGCGCGAACGAGCAGTACTTCGGGCCG"	""	"TCRBV7-3*1"	NA	"TCRBJ2-7*1"	47	51	54	67	4	13	NA	NA	"AGCGCACAGAGCGGGGGGACTCAGCCGTGTATCTCTGTGCCAGCAGCGCGTGACGTGCCCTGCGCGAACGAGCAGTACTTCGGGCCG"	FALSE	FALSE	NA	NA	NA	NA
"TGAACGCCTTGTTGCTGGGGGACTCGGCCCTCTATCTCTGTGCCAGCAGCGATACCGGACAGGGCACCTGAAGCTTTCTTTGGACAA"	""	"TGAACGCCTTGTTGCTGGGGGACTCGGCCCTCTATCTCTGTGCCAGCAGCGATACCGGACAGGGCACCTGAAGCTTTCTTTGGACAA"	""	"TCRBV5-6*1"	"TCRBD1-1*1"	"TCRBJ1-1*1"	50	56	64	67	6	3	NA	NA	"TGAACGCCTTGTTGCTGGGGGACTCGGCCCTCTATCTCTGTGCCAGCAGCGATACCGGACAGGGCACCTGAAGCTTTCTTTGGACAA"	FALSE	FALSE	NA	NA	NA	NA
"GTCGCCCAGCCCCAACCAGACCTCTCTGTACTTCTGTGCCAGCAGCCTGCGGACAGTTGGCCTAACTATGGCTACACCTTCGGTTCG"	""	"GTCGCCCAGCCCCAACCAGACCTCTCTGTACTTCTGTGCCAGCAGCCTGCGGACAGTTGGCCTAACTATGGCTACACCTTCGGTTCG"	""	"TCRBV27-1*1"	"TCRBD1-1*1"	"TCRBJ1-2*1"	45	50	56	61	5	5	NA	NA	"GTCGCCCAGCCCCAACCAGACCTCTCTGTACTTCTGTGCCAGCAGCCTGCGGACAGTTGGCCTAACTATGGCTACACCTTCGGTTCG"	FALSE	FALSE	NA	NA	NA	NA
"TCTAAGAAGCTCCTTCTCAGTGACTCTGGCTTCTATCTCTGTGCCTGGAGTGTCCTACAGGAGTTCGAAAAACTGTTTTTTGGCAGT"	"CAWSVLQEFEKLFF"	"TCTAAGAAGCTCCTTCTCAGTGACTCTGGCTTCTATCTCTGTGCCTGGAGTGTCCTACAGGAGTTCGAAAAACTGTTTTTTGGCAGT"	"CAWSVLQEFEKLFF"	"TCRBV3-1*1"	"TCRBD1-1*1"	"TCRBJ1-4*1"	53	56	61	66	3	5	NA	NA	"TCTAAGAAGCTCCTTCTCAGTGACTCTGGCTTCTATCTCTGTGCCTGGAGTGTCCTACAGGAGTTCGAAAAACTGTTTTTTGGCAGT"	FALSE	TRUE	NA	NA	NA	NA
"CTGGAGTCAGCTACCAGCTCCCAGACATCTGTGTACTTCTGTGCCATCAGTCTCCGAACCTCCCCTACTGAAGCTTTCTTTGGACAA"	"CAISLRTSPTEAFF"	"CTGGAGTCAGCTACCAGCTCCCAGACATCTGTGTACTTCTGTGCCATCAGTCTCCGAACCTCCCCTACTGAAGCTTTCTTTGGACAA"	"CAISLRTSPTEAFF"	"TCRBV1-3*1"	NA	"TCRBJ1-1*1"	51	55	57	66	4	9	NA	NA	"CTGGAGTCAGCTACCAGCTCCCAGACATCTGTGTACTTCTGTGCCATCAGTCTCCGAACCTCCCCTACTGAAGCTTTCTTTGGACAA"	FALSE	TRUE	NA	NA	NA	NA
"GAGTCGCCCAGCCCCAACCAGACCTCTCTGTACTTCTGTGCCAGCAGTGAGGGCACTAGCGGCTACAATGAGCAGTTCTTCGGGCCA"	"CASSEGTSGYNEQFF"	"GAGTCGCCCAGCCCCAACCAGACCTCTCTGTACTTCTGTGCCAGCAGTGAGGGCACTAGCGGCTACAATGAGCAGTTCTTCGGGCCA"	"CASSEGTSGYNEQFF"	"TCRBV27-1*1"	"TCRBD2-1"	"TCRBJ2-1*1"	48	54	-1	62	6	63	NA	NA	"GAGTCGCCCAGCCCCAACCAGACCTCTCTGTACTTCTGTGCCAGCAGTGAGGGCACTAGCGGCTACAATGAGCAGTTCTTCGGGCCA"	FALSE	TRUE	NA	NA	NA	NA
"CAGGTAGTGCGAGGAGATTCGGCAGCTTATTTCTGTGCCAGCTCACCACTCACCGGACAGGCACCCTACGAGCAGTACTTCGGGCCG"	"CASSPLTGQAPYEQYF"	"CAGGTAGTGCGAGGAGATTCGGCAGCTTATTTCTGTGCCAGCTCACCACTCACCGGACAGGCACCCTACGAGCAGTACTTCGGGCCG"	"CASSPLTGQAPYEQYF"	"TCRBV18-1*1"	"TCRBD1-1*1"	"TCRBJ2-7*1"	49	54	61	64	5	3	NA	NA	"CAGGTAGTGCGAGGAGATTCGGCAGCTTATTTCTGTGCCAGCTCACCACTCACCGGACAGGCACCCTACGAGCAGTACTTCGGGCCG"	FALSE	TRUE	NA	NA	NA	NA
"TCCACGGAGTCAGGGGACACAGCACTGTATTTCTGTGCCAGCAGCAAGGTAACAGTGGTTGATACCTACGAGCAGTACTTCGGGCCG"	"CASSKVTVVDTYEQYF"	"TCCACGGAGTCAGGGGACACAGCACTGTATTTCTGTGCCAGCAGCAAGGTAACAGTGGTTGATACCTACGAGCAGTACTTCGGGCCG"	"CASSKVTVVDTYEQYF"	"TCRBV21-1*1"	"TCRBD1-1*1"	"TCRBJ2-7*1"	47	51	55	64	4	9	NA	NA	"TCCACGGAGTCAGGGGACACAGCACTGTATTTCTGTGCCAGCAGCAAGGTAACAGTGGTTGATACCTACGAGCAGTACTTCGGGCCG"	FALSE	TRUE	NA	NA	NA	NA
"GTGAGCAACATGAGCCCTGAAGACAGCAGCATATATCTCTGCAGCGTTGAAGATCAACAGGACAACAATGAGCAGTTCTTCGGGCCA"	"CSVEDQQDNNEQFF"	"GTGAGCAACATGAGCCCTGAAGACAGCAGCATATATCTCTGCAGCGTTGAAGATCAACAGGACAACAATGAGCAGTTCTTCGGGCCA"	"CSVEDQQDNNEQFF"	"TCRBV29-1"	"TCRBD1-1*1"	"TCRBJ2-1*1"	53	59	-1	64	6	65	NA	NA	"GTGAGCAACATGAGCCCTGAAGACAGCAGCATATATCTCTGCAGCGTTGAAGATCAACAGGACAACAATGAGCAGTTCTTCGGGCCA"	FALSE	TRUE	NA	NA	NA	NA
"AGTGCCCATCCTGAAGACAGCAGCTTCTACATCTGCAGTGCTCCGACAGGGGGCATAGCTGGGGCCAACGTCCTGACTTTCGGGGCC"	"CSAPTGGIAGANVLTF"	"AGTGCCCATCCTGAAGACAGCAGCTTCTACATCTGCAGTGCTCCGACAGGGGGCATAGCTGGGGCCAACGTCCTGACTTTCGGGGCC"	"CSAPTGGIAGANVLTF"	NA	"TCRBD1-1*1"	"TCRBJ2-6*1"	42	44	54	58	2	4	NA	NA	"AGTGCCCATCCTGAAGACAGCAGCTTCTACATCTGCAGTGCTCCGACAGGGGGCATAGCTGGGGCCAACGTCCTGACTTTCGGGGCC"	FALSE	TRUE	NA	NA	NA	NA
"TTCTGGAGTCCGCCAGCACCAACCAGACATCTATGTACCTCTGTGCCAGCAGACCGGGACAGATCCTACGAGCAGTACTTCGGGCCG"	""	"TTCTGGAGTCCGCCAGCACCAACCAGACATCTATGTACCTCTGTGCCAGCAGACCGGGACAGATCCTACGAGCAGTACTTCGGGCCG"	""	"TCRBV28-1*1"	"TCRBD1-1*1"	"TCRBJ2-7*1"	52	55	62	63	3	1	NA	NA	"TTCTGGAGTCCGCCAGCACCAACCAGACATCTATGTACCTCTGTGCCAGCAGACCGGGACAGATCCTACGAGCAGTACTTCGGGCCG"	FALSE	FALSE	NA	NA	NA	NA
"TCCTTCTCAGTGACTCTGGCTTCTATCTCTGTGCCTGGAGTGCCGGGACAGGGGGGGGTTTCCTACAATGAGCAGTTCTTCGGGCCA"	""	"TCCTTCTCAGTGACTCTGGCTTCTATCTCTGTGCCTGGAGTGCCGGGACAGGGGGGGGTTTCCTACAATGAGCAGTTCTTCGGGCCA"	""	"TCRBV3-1*1"	"TCRBD1-1*1"	"TCRBJ2-1*1"	42	44	55	60	2	5	NA	NA	"TCCTTCTCAGTGACTCTGGCTTCTATCTCTGTGCCTGGAGTGCCGGGACAGGGGGGGGTTTCCTACAATGAGCAGTTCTTCGGGCCA"	FALSE	FALSE	NA	NA	NA	NA
"TCTAAGAAGCTCCTTCTCAGTGACTCTGGCTTCTATCTCTGTGCCTGGGCCCAGGGGGGTTTTGTTCAGCCCCAGCATTTTGGTGAT"	"CAWAQGGFVQPQHF"	"TCTAAGAAGCTCCTTCTCAGTGACTCTGGCTTCTATCTCTGTGCCTGGGCCCAGGGGGGTTTTGTTCAGCCCCAGCATTTTGGTGAT"	"CAWAQGGFVQPQHF"	"TCRBV3-1*5"	"TCRBD1-1*1"	"TCRBJ1-5*1"	49	51	58	65	2	7	NA	NA	"TCTAAGAAGCTCCTTCTCAGTGACTCTGGCTTCTATCTCTGTGCCTGGGCCCAGGGGGGTTTTGTTCAGCCCCAGCATTTTGGTGAT"	FALSE	TRUE	NA	NA	NA	NA
"GGCCCAAAAGAACCCGACAGCTTTCTATCTCTGTGCCAGTAGTAACTAGCGATTCGAACCTCCTACAATGAGCAGTTCTTCGGGCCA"	""	"GGCCCAAAAGAACCCGACAGCTTTCTATCTCTGTGCCAGTAGTAACTAGCGATTCGAACCTCCTACAATGAGCAGTTCTTCGGGCCA"	""	"TCRBV19-1*1"	"TCRBD2-1"	"TCRBJ2-1*1"	-1	44	51	59	45	8	NA	NA	"GGCCCAAAAGAACCCGACAGCTTTCTATCTCTGTGCCAGTAGTAACTAGCGATTCGAACCTCCTACAATGAGCAGTTCTTCGGGCCA"	FALSE	FALSE	NA	NA	NA	NA
"ATCCAGCCCTCAGAACCCAGGGACTCAGCTGTGTACTTCTGTGCCAGCAGTTTAGCGGGCTCCTACAATGAGCAGTTCTTCGGGCCA"	"CASSLAGSYNEQFF"	"ATCCAGCCCTCAGAACCCAGGGACTCAGCTGTGTACTTCTGTGCCAGCAGTTTAGCGGGCTCCTACAATGAGCAGTTCTTCGGGCCA"	"CASSLAGSYNEQFF"	NA	NA	"TCRBJ2-1*1"	-1	56	-1	59	57	60	NA	NA	"ATCCAGCCCTCAGAACCCAGGGACTCAGCTGTGTACTTCTGTGCCAGCAGTTTAGCGGGCTCCTACAATGAGCAGTTCTTCGGGCCA"	FALSE	TRUE	NA	NA	NA	NA
"AGTGCCCATCCTGAAGACAGCAGCTTCTACATCTGCAGTGCCAGTGCCAAAAGGACTAGCGGGAGATCCCCCCAGTACTTCGGGCCG"	"CSASAKRTSGRSPQYF"	"AGTGCCCATCCTGAAGACAGCAGCTTCTACATCTGCAGTGCCAGTGCCAAAAGGACTAGCGGGAGATCCCCCCAGTACTTCGGGCCG"	"CSASAKRTSGRSPQYF"	"TCRBV2-1*4"	"TCRBD2-1*2"	"TCRBJ2-7*1"	46	52	65	72	6	7	NA	NA	"AGTGCCCATCCTGAAGACAGCAGCTTCTACATCTGCAGTGCCAGTGCCAAAAGGACTAGCGGGAGATCCCCCCAGTACTTCGGGCCG"	FALSE	TRUE	NA	NA	NA	NA
"CTGGAGTCGCCCAGCCCCAACCAGACCTCTCTGTACTTCTGTGCCAGCAGTATGACAGGGCGTGGGGAAAAACTGTTTTTTGGCAGT"	"CASSMTGRGEKLFF"	"CTGGAGTCGCCCAGCCCCAACCAGACCTCTCTGTACTTCTGTGCCAGCAGTATGACAGGGCGTGGGGAAAAACTGTTTTTTGGCAGT"	"CASSMTGRGEKLFF"	"TCRBV27-1*1"	"TCRBD1-1*1"	"TCRBJ1-4*1"	51	53	60	66	2	6	NA	NA	"CTGGAGTCGCCCAGCCCCAACCAGACCTCTCTGTACTTCTGTGCCAGCAGTATGACAGGGCGTGGGGAAAAACTGTTTTTTGGCAGT"	FALSE	TRUE	NA	NA	NA	NA
"CCAGCCTGCAAAGCTTGAGGACTCGGCCGTGTATCTCTGTGCCAGCAGCCACCGACAGGAGCGGACACTGAAGCTTTCTTTGGACAA"	""	"CCAGCCTGCAAAGCTTGAGGACTCGGCCGTGTATCTCTGTGCCAGCAGCCACCGACAGGAGCGGACACTGAAGCTTTCTTTGGACAA"	""	"TCRBV11-2*1"	"TCRBD1-1*1"	"TCRBJ1-1*1"	49	53	59	64	4	5	NA	NA	"CCAGCCTGCAAAGCTTGAGGACTCGGCCGTGTATCTCTGTGCCAGCAGCCACCGACAGGAGCGGACACTGAAGCTTTCTTTGGACAA"	FALSE	FALSE	NA	NA	NA	NA
"TGTACCCTCTCAGACATCTGTGTACTTCTGTGCCAGCAGTGTGCGGTCTGACCGGGACGGGAGAACACTGAAGCTTTCTTTGGACAA"	""	"TGTACCCTCTCAGACATCTGTGTACTTCTGTGCCAGCAGTGTGCGGTCTGACCGGGACGGGAGAACACTGAAGCTTTCTTTGGACAA"	""	"TCRBV6-4*1"	NA	"TCRBJ1-1*1"	41	53	58	62	12	4	NA	NA	"TGTACCCTCTCAGACATCTGTGTACTTCTGTGCCAGCAGTGTGCGGTCTGACCGGGACGGGAGAACACTGAAGCTTTCTTTGGACAA"	FALSE	FALSE	NA	NA	NA	NA
"TGAGTGCCTTGGAGCTGGGGGACTCGGCCCTGTATCTCTGTGCCAGAAGCTGGAGGTTATAGCAATCAGCCCCAGCATTTTGGTGAT"	""	"TGAGTGCCTTGGAGCTGGGGGACTCGGCCCTGTATCTCTGTGCCAGAAGCTGGAGGTTATAGCAATCAGCCCCAGCATTTTGGTGAT"	""	"TCRBV5-3"	"TCRBD2-1*2"	"TCRBJ1-5*1"	-1	51	56	59	52	3	NA	NA	"TGAGTGCCTTGGAGCTGGGGGACTCGGCCCTGTATCTCTGTGCCAGAAGCTGGAGGTTATAGCAATCAGCCCCAGCATTTTGGTGAT"	FALSE	FALSE	NA	NA	NA	NA
"ATCCAGCAGGTAGTGCGAGGAGATTCGGCAGCTTATTTCTGTGCCAGCTCTTCGGGACAGGTCCAAGAGACCCAGTACTTCGGGCCA"	"CASSSGQVQETQYF"	"ATCCAGCAGGTAGTGCGAGGAGATTCGGCAGCTTATTTCTGTGCCAGCTCTTCGGGACAGGTCCAAGAGACCCAGTACTTCGGGCCA"	"CASSSGQVQETQYF"	"TCRBV18-1*1"	"TCRBD1-1*1"	"TCRBJ2-5*1"	50	53	61	62	3	1	NA	NA	"ATCCAGCAGGTAGTGCGAGGAGATTCGGCAGCTTATTTCTGTGCCAGCTCTTCGGGACAGGTCCAAGAGACCCAGTACTTCGGGCCA"	FALSE	TRUE	NA	NA	NA	NA
"NNNNNNNTGTCGGCTGCTCCCTCCCAGACATCTGTGTACTTCTGTGCCAGCAGAGACGGAGGCTCCTACGAGCAGTACTTCGGGCCG"	"CASRDGGSYEQYF"	"NNNNNNNTGTCGGCTGCTCCCTCCCAGACATCTGTGTACTTCTGTGCCAGCAGAGACGGAGGCTCCTACGAGCAGTACTTCGGGCCG"	"CASRDGGSYEQYF"	"TCRBV6-5*1"	"TCRBD2-1*2"	"TCRBJ2-7*1"	53	57	-1	62	4	63	NA	NA	"NNNNNNNTGTCGGCTGCTCCCTCCCAGACATCTGTGTACTTCTGTGCCAGCAGAGACGGAGGCTCCTACGAGCAGTACTTCGGGCCG"	FALSE	TRUE	NA	NA	NA	NA
"ATCCAGCAGGTAGTGCGAGGAGATTCGGCAGCTTATTTCTGTGCCAGCTCCTCAACGGGCCTGGGCACTGAAGCTTTCTTTGGACAA"	"CASSSTGLGTEAFF"	"ATCCAGCAGGTAGTGCGAGGAGATTCGGCAGCTTATTTCTGTGCCAGCTCCTCAACGGGCCTGGGCACTGAAGCTTTCTTTGGACAA"	"CASSSTGLGTEAFF"	"TCRBV18-1*1"	NA	"TCRBJ1-1*1"	50	56	60	65	6	5	NA	NA	"ATCCAGCAGGTAGTGCGAGGAGATTCGGCAGCTTATTTCTGTGCCAGCTCCTCAACGGGCCTGGGCACTGAAGCTTTCTTTGGACAA"	FALSE	TRUE	NA	NA	NA	NA
"CTGCAGCCAGAAGACTCGGCCCTGTATCTCTGCGCCAGCAGCCAAGAAGGGCCGGGACAGCGCCTAGGGAAACTGTTTTTTGGCAGT"	"CASSQEGPGQRLGKLFF"	"CTGCAGCCAGAAGACTCGGCCCTGTATCTCTGCGCCAGCAGCCAAGAAGGGCCGGGACAGCGCCTAGGGAAACTGTTTTTTGGCAGT"	"CASSQEGPGQRLGKLFF"	"TCRBV4-3*1"	"TCRBD1-1*1"	"TCRBJ1-4*1"	47	53	60	69	6	9	NA	NA	"CTGCAGCCAGAAGACTCGGCCCTGTATCTCTGCGCCAGCAGCCAAGAAGGGCCGGGACAGCGCCTAGGGAAACTGTTTTTTGGCAGT"	FALSE	TRUE	NA	NA	NA	NA
"CGCACAGAGCAGGGGGACTCGGCCATGTATCTCTGTGCCAGCAGCACACTAGCGGGAGGTCAATACAATGAGCAGTTCTTCGGGCCA"	"CASSTLAGGQYNEQFF"	"CGCACAGAGCAGGGGGACTCGGCCATGTATCTCTGTGCCAGCAGCACACTAGCGGGAGGTCAATACAATGAGCAGTTCTTCGGGCCA"	"CASSTLAGGQYNEQFF"	"TCRBV7-9*1"	"TCRBD2-1*2"	"TCRBJ2-1*1"	45	47	59	63	2	4	NA	NA	"CGCACAGAGCAGGGGGACTCGGCCATGTATCTCTGTGCCAGCAGCACACTAGCGGGAGGTCAATACAATGAGCAGTTCTTCGGGCCA"	FALSE	TRUE	NA	NA	NA	NA
"ATCAATTCCCTGGAGCTTGGTGACTCTGCTGTGTATTTCTGTGCCAGCAGCCAAGAACCACAGGGCTACGAGCAGTACTTCGGGCCG"	"CASSQEPQGYEQYF"	"ATCAATTCCCTGGAGCTTGGTGACTCTGCTGTGTATTTCTGTGCCAGCAGCCAAGAACCACAGGGCTACGAGCAGTACTTCGGGCCG"	"CASSQEPQGYEQYF"	"TCRBV3-1/3-2*1"	"TCRBD1-1*1"	"TCRBJ2-7*1"	56	59	-1	65	3	66	NA	NA	"ATCAATTCCCTGGAGCTTGGTGACTCTGCTGTGTATTTCTGTGCCAGCAGCCAAGAACCACAGGGCTACGAGCAGTACTTCGGGCCG"	FALSE	TRUE	NA	NA	NA	NA
"TCCCAAACATCTGTGTACTTCTGTGCCAGCAGTTAACCGTCGAGGTCGGACTAGCGGGAGGGTGCCTACGAGCAGTACTTCGGGCCG"	"CASS*PSRSD*REGAYEQYF"	"TCCCAAACATCTGTGTACTTCTGTGCCAGCAGTTAACCGTCGAGGTCGGACTAGCGGGAGGGTGCCTACGAGCAGTACTTCGGGCCG"	"CASS*PSRSD*REGAYEQYF"	"TCRBV6-2/6-3*1"	"TCRBD2-1*2"	"TCRBJ2-7*1"	35	47	62	64	12	2	NA	NA	"TCCCAAACATCTGTGTACTTCTGTGCCAGCAGTTAACCGTCGAGGTCGGACTAGCGGGAGGGTGCCTACGAGCAGTACTTCGGGCCG"	FALSE	TRUE	NA	NA	NA	NA
"GTGACATCGGCCCAAAAGAACCCGACAGCTTTCTATCTCTGTGCCAGTAGTATAGGGAGACAGGGGGCTGGCTACACCTTCGGTTCG"	"CASSIGRQGAGYTF"	"GTGACATCGGCCCAAAAGAACCCGACAGCTTTCTATCTCTGTGCCAGTAGTATAGGGAGACAGGGGGCTGGCTACACCTTCGGTTCG"	"CASSIGRQGAGYTF"	"TCRBV19-1*1"	"TCRBD1-1*1"	"TCRBJ1-2*1"	55	58	-1	68	3	69	NA	NA	"GTGACATCGGCCCAAAAGAACCCGACAGCTTTCTATCTCTGTGCCAGTAGTATAGGGAGACAGGGGGCTGGCTACACCTTCGGTTCG"	FALSE	TRUE	NA	NA	NA	NA
"ACTGTGACATCGGCCCAAAAGAACCCGACAGCTTTCTATCTCTGTGCCAGTAACTACTTCTCTGGAAACACCATATATTTTGGAGAG"	"CASNYFSGNTIYF"	"ACTGTGACATCGGCCCAAAAGAACCCGACAGCTTTCTATCTCTGTGCCAGTAACTACTTCTCTGGAAACACCATATATTTTGGAGAG"	"CASNYFSGNTIYF"	"TCRBV19-1*1"	"TCRBD2-1"	"TCRBJ1-3*1"	-1	52	56	59	53	3	NA	NA	"ACTGTGACATCGGCCCAAAAGAACCCGACAGCTTTCTATCTCTGTGCCAGTAACTACTTCTCTGGAAACACCATATATTTTGGAGAG"	FALSE	TRUE	NA	NA	NA	NA
"TGCCAGGCCCTCACATACCTCTCAGTACCTCTGTGCCAGCAGTGAATTGTATTGAGGAAGGGAACCAACGAGCAGTACTTCGGGCCG"	""	"TGCCAGGCCCTCACATACCTCTCAGTACCTCTGTGCCAGCAGTGAATTGTATTGAGGAAGGGAACCAACGAGCAGTACTTCGGGCCG"	""	"TCRBV25-1*1"	NA	"TCRBJ2-7*1"	47	59	63	67	12	4	NA	NA	"TGCCAGGCCCTCACATACCTCTCAGTACCTCTGTGCCAGCAGTGAATTGTATTGAGGAAGGGAACCAACGAGCAGTACTTCGGGCCG"	FALSE	FALSE	NA	NA	NA	NA
"GCCTTGGAGCTGGACGACTCGGCCCTGTATCTCTGTGCCAGCAGCCCTATTCGGACAGGGGGGCAAGCTGAAGCTTTCTTTGGACAA"	"CASSPIRTGGQAEAFF"	"GCCTTGGAGCTGGACGACTCGGCCCTGTATCTCTGTGCCAGCAGCCCTATTCGGACAGGGGGGCAAGCTGAAGCTTTCTTTGGACAA"	"CASSPIRTGGQAEAFF"	"TCRBV5-4*1"	"TCRBD1-1*1"	"TCRBJ1-1*1"	45	52	62	67	7	5	NA	NA	"GCCTTGGAGCTGGACGACTCGGCCCTGTATCTCTGTGCCAGCAGCCCTATTCGGACAGGGGGGCAAGCTGAAGCTTTCTTTGGACAA"	FALSE	TRUE	NA	NA	NA	NA
"GAGTCCGCCAGCACCAACCAGACATCTATGTACCTCTGTGCCAGCAGTCCAAACGCGGGACAGGGAGGGGGCTACACCTTCGGTTCG"	"CASSPNAGQGGGYTF"	"GAGTCCGCCAGCACCAACCAGACATCTATGTACCTCTGTGCCAGCAGTCCAAACGCGGGACAGGGAGGGGGCTACACCTTCGGTTCG"	"CASSPNAGQGGGYTF"	"TCRBV28-1*1"	"TCRBD1-1*1"	"TCRBJ1-2*1"	48	56	65	69	8	4	NA	NA	"GAGTCCGCCAGCACCAACCAGACATCTATGTACCTCTGTGCCAGCAGTCCAAACGCGGGACAGGGAGGGGGCTACACCTTCGGTTCG"	FALSE	TRUE	NA	NA	NA	NA
"ACGGAGTCAGGGGACACAGCACTGTATTTCTGTGCCAGCAGCACTCGAGAGAGCGGGAGGAGAACAGATACGCAGTATTTTGGCCCA"	"CASSTRESGRRTDTQYF"	"ACGGAGTCAGGGGACACAGCACTGTATTTCTGTGCCAGCAGCACTCGAGAGAGCGGGAGGAGAACAGATACGCAGTATTTTGGCCCA"	"CASSTRESGRRTDTQYF"	"TCRBV21-1*1"	"TCRBD2-1*2"	"TCRBJ2-3*1"	43	51	60	63	8	3	NA	NA	"ACGGAGTCAGGGGACACAGCACTGTATTTCTGTGCCAGCAGCACTCGAGAGAGCGGGAGGAGAACAGATACGCAGTATTTTGGCCCA"	FALSE	TRUE	NA	NA	NA	NA
"ATTCTGGAGTCCGCCAGCACCAACCAGACATCTATGTACCTCTGTGCCAGCCGGGGGGGCGCGTCGGATACGCAGTATTTTGGCCCA"	"CASRGGASDTQYF"	"ATTCTGGAGTCCGCCAGCACCAACCAGACATCTATGTACCTCTGTGCCAGCCGGGGGGGCGCGTCGGATACGCAGTATTTTGGCCCA"	"CASRGGASDTQYF"	"TCRBV28-1*1"	"TCRBD2-1*1"	"TCRBJ2-3*1"	-1	51	59	66	52	7	NA	NA	"ATTCTGGAGTCCGCCAGCACCAACCAGACATCTATGTACCTCTGTGCCAGCCGGGGGGGCGCGTCGGATACGCAGTATTTTGGCCCA"	FALSE	TRUE	NA	NA	NA	NA
"CAGCCTGCAAAGCTTGAGGACTCGGCCGTGTATCTCTGTGCCAGCAGCTTGGTGGCTAGCTCCTACAATGAGCAGTTCTTCGGGCCA"	"CASSLVASSYNEQFF"	"CAGCCTGCAAAGCTTGAGGACTCGGCCGTGTATCTCTGTGCCAGCAGCTTGGTGGCTAGCTCCTACAATGAGCAGTTCTTCGGGCCA"	"CASSLVASSYNEQFF"	"TCRBV11-2*1"	"TCRBD2-1"	"TCRBJ2-1*1"	50	55	-1	59	5	60	NA	NA	"CAGCCTGCAAAGCTTGAGGACTCGGCCGTGTATCTCTGTGCCAGCAGCTTGGTGGCTAGCTCCTACAATGAGCAGTTCTTCGGGCCA"	FALSE	TRUE	NA	NA	NA	NA
"CTGAATGTGAACGCCTTGGAGCTGGACGACTCGGCCCTGTATCTCTGTGCCAGCAGCTTAGGGGCGACTGAAGCTTTCTTTGGACAA"	"CASSLGATEAFF"	"CTGAATGTGAACGCCTTGGAGCTGGACGACTCGGCCCTGTATCTCTGTGCCAGCAGCTTAGGGGCGACTGAAGCTTTCTTTGGACAA"	"CASSLGATEAFF"	"TCRBV5-4*1"	"TCRBD1-1*1"	"TCRBJ1-1*1"	-1	59	64	66	60	2	NA	NA	"CTGAATGTGAACGCCTTGGAGCTGGACGACTCGGCCCTGTATCTCTGTGCCAGCAGCTTAGGGGCGACTGAAGCTTTCTTTGGACAA"	FALSE	TRUE	NA	NA	NA	NA
"GCTGCTCCCTCCCAGACATCTGTGTACTTCTGTGCCAGCAGTTACTCGGGGACAGCCTCTGGGGCCAACGTCCTGACTTTCGGGGCC"	"CASSYSGTASGANVLTF"	"GCTGCTCCCTCCCAGACATCTGTGTACTTCTGTGCCAGCAGTTACTCGGGGACAGCCTCTGGGGCCAACGTCCTGACTTTCGGGGCC"	"CASSYSGTASGANVLTF"	NA	"TCRBD1-1*1"	"TCRBJ2-6*1"	47	48	55	56	1	1	NA	NA	"GCTGCTCCCTCCCAGACATCTGTGTACTTCTGTGCCAGCAGTTACTCGGGGACAGCCTCTGGGGCCAACGTCCTGACTTTCGGGGCC"	FALSE	TRUE	NA	NA	NA	NA
"CTGGAGCTGGGGGACTCAGCTTTGTATTTCTGTGCCAGCAGCGTCCGCAGTGGGGCCCGAGCCTGCTATGGCTACACCTTCGGTTCG"	"CASSVRSGARACYGYTF"	"CTGGAGCTGGGGGACTCAGCTTTGTATTTCTGTGCCAGCAGCGTCCGCAGTGGGGCCCGAGCCTGCTATGGCTACACCTTCGGTTCG"	"CASSVRSGARACYGYTF"	"TCRBV9-1*1"	"TCRBD1-1*1"	"TCRBJ1-2*1"	44	51	56	65	7	9	NA	NA	"CTGGAGCTGGGGGACTCAGCTTTGTATTTCTGTGCCAGCAGCGTCCGCAGTGGGGCCCGAGCCTGCTATGGCTACACCTTCGGTTCG"	FALSE	TRUE	NA	NA	NA	NA
"CTGAGCTCTCTGGAGCTGGGGGACTCAGCTTTGTATTTCTGTGCCAGCAGCGAGGAGGTTACCACCGGGGAGCTGTTTTTTGGAGAA"	"CASSEEVTTGELFF"	"CTGAGCTCTCTGGAGCTGGGGGACTCAGCTTTGTATTTCTGTGCCAGCAGCGAGGAGGTTACCACCGGGGAGCTGTTTTTTGGAGAA"	"CASSEEVTTGELFF"	"TCRBV9-1*1"	"TCRBD2-1*2"	"TCRBJ2-2*1"	52	53	58	62	1	4	NA	NA	"CTGAGCTCTCTGGAGCTGGGGGACTCAGCTTTGTATTTCTGTGCCAGCAGCGAGGAGGTTACCACCGGGGAGCTGTTTTTTGGAGAA"	FALSE	TRUE	NA	NA	NA	NA
"GAGTCCGCTACCAGCTCCCAGACATCTGTGTACTTCTGTGCCATCAGTAACGGGACTAGCGGGGGCTACGAGCAGTACTTCGGGCCG"	"CAISNGTSGGYEQYF"	"GAGTCCGCTACCAGCTCCCAGACATCTGTGTACTTCTGTGCCATCAGTAACGGGACTAGCGGGGGCTACGAGCAGTACTTCGGGCCG"	"CAISNGTSGGYEQYF"	"TCRBV1-3*1"	"TCRBD2-1*1"	"TCRBJ2-7*1"	48	51	-1	65	3	66	NA	NA	"GAGTCCGCTACCAGCTCCCAGACATCTGTGTACTTCTGTGCCATCAGTAACGGGACTAGCGGGGGCTACGAGCAGTACTTCGGGCCG"	FALSE	TRUE	NA	NA	NA	NA
"ACTCTGGAGTCCGCTACCAGCTCCCAGACATCTGTGTACTTCTGTGCCATAACAAACAGGGAGGGCACTGAAGCTTTCTTTGGACAA"	"CAITNREGTEAFF"	"ACTCTGGAGTCCGCTACCAGCTCCCAGACATCTGTGTACTTCTGTGCCATAACAAACAGGGAGGGCACTGAAGCTTTCTTTGGACAA"	"CAITNREGTEAFF"	"TCRBV1-3*1"	"TCRBD2-1*2"	"TCRBJ1-1*1"	50	58	-1	65	8	66	NA	NA	"ACTCTGGAGTCCGCTACCAGCTCCCAGACATCTGTGTACTTCTGTGCCATAACAAACAGGGAGGGCACTGAAGCTTTCTTTGGACAA"	FALSE	TRUE	NA	NA	NA	NA
"AATGTGAACGCCTTGGAGCTGGACGACTCGGCCCTGTATCTCTGTGCCAGCAGCTTTCCTAGTTACAATGAGCAGTTCTTCGGGCCA"	"CASSFPSYNEQFF"	"AATGTGAACGCCTTGGAGCTGGACGACTCGGCCCTGTATCTCTGTGCCAGCAGCTTTCCTAGTTACAATGAGCAGTTCTTCGGGCCA"	"CASSFPSYNEQFF"	"TCRBV5-4*1"	"TCRBD2-1"	"TCRBJ2-1*1"	56	58	62	63	2	1	NA	NA	"AATGTGAACGCCTTGGAGCTGGACGACTCGGCCCTGTATCTCTGTGCCAGCAGCTTTCCTAGTTACAATGAGCAGTTCTTCGGGCCA"	FALSE	TRUE	NA	NA	NA	NA
"CTGAGCTCTCTGGAGCTGGGGGACTCAGCTTTGTATTTCTGTGCCAGCAGCCCCCGCCAGACGAACACTGAAGCTTTCTTTGGACAA"	"CASSPRQTNTEAFF"	"CTGAGCTCTCTGGAGCTGGGGGACTCAGCTTTGTATTTCTGTGCCAGCAGCCCCCGCCAGACGAACACTGAAGCTTTCTTTGGACAA"	"CASSPRQTNTEAFF"	"TCRBV9-1*1"	NA	"TCRBJ1-1*1"	51	59	-1	62	8	63	NA	NA	"CTGAGCTCTCTGGAGCTGGGGGACTCAGCTTTGTATTTCTGTGCCAGCAGCCCCCGCCAGACGAACACTGAAGCTTTCTTTGGACAA"	FALSE	TRUE	NA	NA	NA	NA
"GTGACATCGGCCCAAAAGAACCCGACAGCTTTCTATCTCTGTGCCAGTAGTACCCGGACGGAGACGTATGGCTACACCTTCGGTTCG"	"CASSTRTETYGYTF"	"GTGACATCGGCCCAAAAGAACCCGACAGCTTTCTATCTCTGTGCCAGTAGTACCCGGACGGAGACGTATGGCTACACCTTCGGTTCG"	"CASSTRTETYGYTF"	"TCRBV19-1*1"	NA	"TCRBJ1-2*1"	52	55	59	66	3	7	NA	NA	"GTGACATCGGCCCAAAAGAACCCGACAGCTTTCTATCTCTGTGCCAGTAGTACCCGGACGGAGACGTATGGCTACACCTTCGGTTCG"	FALSE	TRUE	NA	NA	NA	NA
"GTGACATCGGCCCAAAAGAACCCGACAGCTTTCTATCTCTGTGCCAGTAGTATTCCCGCCAGGGATGAAAAACTGTTTTTTGGCAGT"	"CASSIPARDEKLFF"	"GTGACATCGGCCCAAAAGAACCCGACAGCTTTCTATCTCTGTGCCAGTAGTATTCCCGCCAGGGATGAAAAACTGTTTTTTGGCAGT"	"CASSIPARDEKLFF"	"TCRBV19-1*1"	"TCRBD1-1*1"	"TCRBJ1-4*1"	53	59	-1	64	6	65	NA	NA	"GTGACATCGGCCCAAAAGAACCCGACAGCTTTCTATCTCTGTGCCAGTAGTATTCCCGCCAGGGATGAAAAACTGTTTTTTGGCAGT"	FALSE	TRUE	NA	NA	NA	NA
"CCTGCAGAGCTTGGGGACTCGGCCGTGTATCTCTGTGCCAGCAGCCCCGGGAGGGGACAGGGCTACAATGAGCAGTTCTTCGGGCCA"	"CASSPGRGQGYNEQFF"	"CCTGCAGAGCTTGGGGACTCGGCCGTGTATCTCTGTGCCAGCAGCCCCGGGAGGGGACAGGGCTACAATGAGCAGTTCTTCGGGCCA"	"CASSPGRGQGYNEQFF"	"TCRBV11-3*1"	"TCRBD1-1*1"	"TCRBJ2-1*1"	45	53	-1	62	8	63	NA	NA	"CCTGCAGAGCTTGGGGACTCGGCCGTGTATCTCTGTGCCAGCAGCCCCGGGAGGGGACAGGGCTACAATGAGCAGTTCTTCGGGCCA"	FALSE	TRUE	NA	NA	NA	NA
"ATCCTGGAGTCGCCCAGCCCCAACCAGACCTCTCTGTACTTCTGTGCCAGCAGTTATCTCTTCCGGGAGACCCAGTACTTCGGGCCA"	"CASSYLFRETQYF"	"ATCCTGGAGTCGCCCAGCCCCAACCAGACCTCTCTGTACTTCTGTGCCAGCAGTTATCTCTTCCGGGAGACCCAGTACTTCGGGCCA"	"CASSYLFRETQYF"	"TCRBV27-1*1"	"TCRBD2-1"	"TCRBJ2-5*1"	55	63	-1	66	8	67	NA	NA	"ATCCTGGAGTCGCCCAGCCCCAACCAGACCTCTCTGTACTTCTGTGCCAGCAGTTATCTCTTCCGGGAGACCCAGTACTTCGGGCCA"	FALSE	TRUE	NA	NA	NA	NA
"CTGGAGTCCGCCAGCACCAACCAGACATCTATGTACCTCTGTGCCAGCAGTTTATTCAGGGTGAACACTGAAGCTTTCTTTGGACAA"	"CASSLFRVNTEAFF"	"CTGGAGTCCGCCAGCACCAACCAGACATCTATGTACCTCTGTGCCAGCAGTTTATTCAGGGTGAACACTGAAGCTTTCTTTGGACAA"	"CASSLFRVNTEAFF"	"TCRBV28-1*1"	"TCRBD1-1*1"	"TCRBJ1-1*1"	55	56	-1	61	1	62	NA	NA	"CTGGAGTCCGCCAGCACCAACCAGACATCTATGTACCTCTGTGCCAGCAGTTTATTCAGGGTGAACACTGAAGCTTTCTTTGGACAA"	FALSE	TRUE	NA	NA	NA	NA
"GAAGACTCGGCCCTGTATCTCTGTGCCAGCAGCCAAGTATGGAGGGCATTTAGCGGGAGGGGAACAGATACGCAGTATTTTGGCCCA"	"CASSQVWRAFSGRGTDTQYF"	"GAAGACTCGGCCCTGTATCTCTGTGCCAGCAGCCAAGTATGGAGGGCATTTAGCGGGAGGGGAACAGATACGCAGTATTTTGGCCCA"	"CASSQVWRAFSGRGTDTQYF"	"TCRBV4-2*1"	"TCRBD2-1*2"	"TCRBJ2-3*1"	37	50	61	63	13	2	NA	NA	"GAAGACTCGGCCCTGTATCTCTGTGCCAGCAGCCAAGTATGGAGGGCATTTAGCGGGAGGGGAACAGATACGCAGTATTTTGGCCCA"	FALSE	TRUE	NA	NA	NA	NA
"AAGATCCAGCGCACACAGCAGGAGGACTCCGCCGTGTATCTCTGTGCCAGCCAGTGGACTAAACCCGGGGAGCTGTTTTTTGGAGAA"	"CASQWTKPGELFF"	"AAGATCCAGCGCACACAGCAGGAGGACTCCGCCGTGTATCTCTGTGCCAGCCAGTGGACTAAACCCGGGGAGCTGTTTTTTGGAGAA"	"CASQWTKPGELFF"	"TCRBV7-8"	"TCRBD2-1"	"TCRBJ2-2*1"	51	55	61	64	4	3	NA	NA	"AAGATCCAGCGCACACAGCAGGAGGACTCCGCCGTGTATCTCTGTGCCAGCCAGTGGACTAAACCCGGGGAGCTGTTTTTTGGAGAA"	FALSE	TRUE	NA	NA	NA	NA
"CAGCCTGCAGAGCTTGGGGACTCGGCCGTGTATCTCTGTGCCAGCAGCTTAACGACACATTATAATTCACCCCTCCACTTTGGGAAT"	"CASSLTTHYNSPLHF"	"CAGCCTGCAGAGCTTGGGGACTCGGCCGTGTATCTCTGTGCCAGCAGCTTAACGACACATTATAATTCACCCCTCCACTTTGGGAAT"	"CASSLTTHYNSPLHF"	"TCRBV11-3*1"	"TCRBD1-1*1"	"TCRBJ1-6*1"	51	53	57	60	2	3	NA	NA	"CAGCCTGCAGAGCTTGGGGACTCGGCCGTGTATCTCTGTGCCAGCAGCTTAACGACACATTATAATTCACCCCTCCACTTTGGGAAT"	FALSE	TRUE	NA	NA	NA	NA
"GGAGTCGCCCAGCCCCAACCAGACCTCTCTGTACTTCTGTGCCAGCACCTCAGGTAGCGGGAGTAGAGCGAGCAGTACTTCGGGCCG"	""	"GGAGTCGCCCAGCCCCAACCAGACCTCTCTGTACTTCTGTGCCAGCACCTCAGGTAGCGGGAGTAGAGCGAGCAGTACTTCGGGCCG"	""	"TCRBV27-1*1"	"TCRBD2-1*2"	"TCRBJ2-7*1"	47	54	63	68	7	5	NA	NA	"GGAGTCGCCCAGCCCCAACCAGACCTCTCTGTACTTCTGTGCCAGCACCTCAGGTAGCGGGAGTAGAGCGAGCAGTACTTCGGGCCG"	FALSE	FALSE	NA	NA	NA	NA
"GACATCGGCCCAAAAGAACCCGACAGCTTTCTATCTCTGTGCCAGTAAAATTGGCAGGGGGCCTACACTGAAGCTTTCTTTGGACAA"	""	"GACATCGGCCCAAAAGAACCCGACAGCTTTCTATCTCTGTGCCAGTAAAATTGGCAGGGGGCCTACACTGAAGCTTTCTTTGGACAA"	""	"TCRBV19-1*1"	"TCRBD1-1*1"	"TCRBJ1-1*1"	47	54	62	64	7	2	NA	NA	"GACATCGGCCCAAAAGAACCCGACAGCTTTCTATCTCTGTGCCAGTAAAATTGGCAGGGGGCCTACACTGAAGCTTTCTTTGGACAA"	FALSE	FALSE	NA	NA	NA	NA
"TCGCCCAGCCCCAACCAGACCTCTCTGTACTTCTGTGCCAGCAGTTTATCCGGGACAGCCTCCTACAATGAGCAGTTCTTCGGGCCA"	"CASSLSGTASYNEQFF"	"TCGCCCAGCCCCAACCAGACCTCTCTGTACTTCTGTGCCAGCAGTTTATCCGGGACAGCCTCCTACAATGAGCAGTTCTTCGGGCCA"	"CASSLSGTASYNEQFF"	"TCRBV27-1*1"	"TCRBD1-1*1"	"TCRBJ2-1*1"	50	51	58	59	1	1	NA	NA	"TCGCCCAGCCCCAACCAGACCTCTCTGTACTTCTGTGCCAGCAGTTTATCCGGGACAGCCTCCTACAATGAGCAGTTCTTCGGGCCA"	FALSE	TRUE	NA	NA	NA	NA
"ACGGAGTCAGGGGACACAGCACTGTATTTCTGTGCCAGCAGCCCCAAGACAGGGGGCTTGTTACTAGGGACCCAGTACTTCGGGCCA"	"CASSPKTGGLLLGTQYF"	"ACGGAGTCAGGGGACACAGCACTGTATTTCTGTGCCAGCAGCCCCAAGACAGGGGGCTTGTTACTAGGGACCCAGTACTTCGGGCCA"	"CASSPKTGGLLLGTQYF"	"TCRBV21-1*1"	"TCRBD1-1*1"	"TCRBJ2-5*1"	42	47	57	68	5	11	NA	NA	"ACGGAGTCAGGGGACACAGCACTGTATTTCTGTGCCAGCAGCCCCAAGACAGGGGGCTTGTTACTAGGGACCCAGTACTTCGGGCCA"	FALSE	TRUE	NA	NA	NA	NA
"AATGTGAACGCCTTGGAGCTGGACGACTCGGCCCTGTATCTCTGTGCCAGCAGCTTGACAGGAGCCTACGAGCAGTACTTCGGGCCG"	"CASSLTGAYEQYF"	"AATGTGAACGCCTTGGAGCTGGACGACTCGGCCCTGTATCTCTGTGCCAGCAGCTTGACAGGAGCCTACGAGCAGTACTTCGGGCCG"	"CASSLTGAYEQYF"	"TCRBV5-4*1"	"TCRBD1-1*1"	"TCRBJ2-7*1"	-1	57	62	64	58	2	NA	NA	"AATGTGAACGCCTTGGAGCTGGACGACTCGGCCCTGTATCTCTGTGCCAGCAGCTTGACAGGAGCCTACGAGCAGTACTTCGGGCCG"	FALSE	TRUE	NA	NA	NA	NA
"GCCCTGCAGCCAGAAGACTCAGCCCTGTATCTCTGCGCCAGCAGCCAAGCGACTAGCGGGATAGAAGAGACCCAGTACTTCGGGCCA"	"CASSQATSGIEETQYF"	"GCCCTGCAGCCAGAAGACTCAGCCCTGTATCTCTGCGCCAGCAGCCAAGCGACTAGCGGGATAGAAGAGACCCAGTACTTCGGGCCA"	"CASSQATSGIEETQYF"	"TCRBV4-1*1"	"TCRBD2-1*2"	"TCRBJ2-5*1"	49	50	61	64	1	3	NA	NA	"GCCCTGCAGCCAGAAGACTCAGCCCTGTATCTCTGCGCCAGCAGCCAAGCGACTAGCGGGATAGAAGAGACCCAGTACTTCGGGCCA"	FALSE	TRUE	NA	NA	NA	NA
"GTGACCAGTGCCCATCCTGAAGACAGCAGCTTCTACATCTGCAGTGCGCCCCGACTAGCTCGGGGGGATGAGCAGTTCTTCGGGCCA"	"CSAPRLARGDEQFF"	"GTGACCAGTGCCCATCCTGAAGACAGCAGCTTCTACATCTGCAGTGCGCCCCGACTAGCTCGGGGGGATGAGCAGTTCTTCGGGCCA"	"CSAPRLARGDEQFF"	NA	"TCRBD2-1"	"TCRBJ2-1*1"	47	52	59	67	5	8	NA	NA	"GTGACCAGTGCCCATCCTGAAGACAGCAGCTTCTACATCTGCAGTGCGCCCCGACTAGCTCGGGGGGATGAGCAGTTCTTCGGGCCA"	FALSE	TRUE	NA	NA	NA	NA
"ATCAATTCCCTGGAGCTTGGTGACTCTGCTGTGTATTTCTGTGCCAGCAGCCCATACTTGGGGGGCACTGAAGCTTTCTTTGGACAA"	"CASSPYLGGTEAFF"	"ATCAATTCCCTGGAGCTTGGTGACTCTGCTGTGTATTTCTGTGCCAGCAGCCCATACTTGGGGGGCACTGAAGCTTTCTTTGGACAA"	"CASSPYLGGTEAFF"	"TCRBV3-1/3-2*1"	"TCRBD2-1*1"	"TCRBJ1-1*1"	52	59	-1	65	7	66	NA	NA	"ATCAATTCCCTGGAGCTTGGTGACTCTGCTGTGTATTTCTGTGCCAGCAGCCCATACTTGGGGGGCACTGAAGCTTTCTTTGGACAA"	FALSE	TRUE	NA	NA	NA	NA
"GTGACCAGTGCCCATCCTGAAGACAGCAGCTTCTACATCTGCAGTGCTAGAGCCGGAGTGGGCGCGAATGGCTACACCTTCGGTTCG"	"CSARAGVGANGYTF"	"GTGACCAGTGCCCATCCTGAAGACAGCAGCTTCTACATCTGCAGTGCTAGAGCCGGAGTGGGCGCGAATGGCTACACCTTCGGTTCG"	"CSARAGVGANGYTF"	NA	NA	"TCRBJ1-2*1"	52	59	63	67	7	4	NA	NA	"GTGACCAGTGCCCATCCTGAAGACAGCAGCTTCTACATCTGCAGTGCTAGAGCCGGAGTGGGCGCGAATGGCTACACCTTCGGTTCG"	FALSE	TRUE	NA	NA	NA	NA
"CGCCCAGCCCCAACCAGACCTCTCTGTACTTCTGTGCCAGCAGTTTCCGGGTTTGGCTTTGGGGCCAACGTCCTGACTTTCGGGGCC"	""	"CGCCCAGCCCCAACCAGACCTCTCTGTACTTCTGTGCCAGCAGTTTCCGGGTTTGGCTTTGGGGCCAACGTCCTGACTTTCGGGGCC"	""	"TCRBV27-1*1"	"TCRBD2-1"	"TCRBJ2-6*1"	46	47	51	59	1	8	NA	NA	"CGCCCAGCCCCAACCAGACCTCTCTGTACTTCTGTGCCAGCAGTTTCCGGGTTTGGCTTTGGGGCCAACGTCCTGACTTTCGGGGCC"	FALSE	FALSE	NA	NA	NA	NA
"AAGGTGCAGCCTGCAGAACTGGAGGATTCTGGAGTTTATTTCTGTGCCAGCAGCCAAGGCAGCTTCTACGAGCAGTACTTCGGGCCG"	"CASSQGSFYEQYF"	"AAGGTGCAGCCTGCAGAACTGGAGGATTCTGGAGTTTATTTCTGTGCCAGCAGCCAAGGCAGCTTCTACGAGCAGTACTTCGGGCCG"	"CASSQGSFYEQYF"	"TCRBV14-1*1"	NA	"TCRBJ2-7*1"	58	59	62	65	1	3	NA	NA	"AAGGTGCAGCCTGCAGAACTGGAGGATTCTGGAGTTTATTTCTGTGCCAGCAGCCAAGGCAGCTTCTACGAGCAGTACTTCGGGCCG"	FALSE	TRUE	NA	NA	NA	NA
"CCCATCCTGAAGACAGCAGCTTCTACATCTGCAGTGCTAGCCCTCCTGGACTAGCGGGAGTTAACCTACGAGCAGTACTTCGGGCCG"	""	"CCCATCCTGAAGACAGCAGCTTCTACATCTGCAGTGCTAGCCCTCCTGGACTAGCGGGAGTTAACCTACGAGCAGTACTTCGGGCCG"	""	NA	"TCRBD2-1*2"	"TCRBJ2-7*1"	40	47	60	64	7	4	NA	NA	"CCCATCCTGAAGACAGCAGCTTCTACATCTGCAGTGCTAGCCCTCCTGGACTAGCGGGAGTTAACCTACGAGCAGTACTTCGGGCCG"	FALSE	FALSE	NA	NA	NA	NA
"TCGGCCCAAAAGAACCCGACAGCTTTCTATCTCTGTGCCAGTAGTTCCCTGAGCGGGAGCGGTTACAATGAGCAGTTCTTCGGGCCA"	"CASSSLSGSGYNEQFF"	"TCGGCCCAAAAGAACCCGACAGCTTTCTATCTCTGTGCCAGTAGTTCCCTGAGCGGGAGCGGTTACAATGAGCAGTTCTTCGGGCCA"	"CASSSLSGSGYNEQFF"	"TCRBV19-1*1"	"TCRBD2-1*2"	"TCRBJ2-1*1"	45	51	59	63	6	4	NA	NA	"TCGGCCCAAAAGAACCCGACAGCTTTCTATCTCTGTGCCAGTAGTTCCCTGAGCGGGAGCGGTTACAATGAGCAGTTCTTCGGGCCA"	FALSE	TRUE	NA	NA	NA	NA
"GCAGCCAGAAGACTCAGCCCTGTATCTCTGCGCCAGCAGCCACCCGACTAGCGGGGAATTCTCACCGGGGAGCTGTTTTTTGGAGAA"	""	"GCAGCCAGAAGACTCAGCCCTGTATCTCTGCGCCAGCAGCCACCCGACTAGCGGGGAATTCTCACCGGGGAGCTGTTTTTTGGAGAA"	""	"TCRBV4-1*1"	"TCRBD2-1*1"	"TCRBJ2-2*1"	42	45	56	62	3	6	NA	NA	"GCAGCCAGAAGACTCAGCCCTGTATCTCTGCGCCAGCAGCCACCCGACTAGCGGGGAATTCTCACCGGGGAGCTGTTTTTTGGAGAA"	FALSE	FALSE	NA	NA	NA	NA
"TTGGAGCTGGGGGACTCGGCCCTTTATCTTTGCGCCAGCAGCGTAACCGGGACTAGCGGTAACACCGGGGAGCTGTTTTTTGGAGAA"	"CASSVTGTSGNTGELFF"	"TTGGAGCTGGGGGACTCGGCCCTTTATCTTTGCGCCAGCAGCGTAACCGGGACTAGCGGTAACACCGGGGAGCTGTTTTTTGGAGAA"	"CASSVTGTSGNTGELFF"	"TCRBV5-1*1"	"TCRBD2-1"	"TCRBJ2-2*1"	42	48	59	60	6	1	NA	NA	"TTGGAGCTGGGGGACTCGGCCCTTTATCTTTGCGCCAGCAGCGTAACCGGGACTAGCGGTAACACCGGGGAGCTGTTTTTTGGAGAA"	FALSE	TRUE	NA	NA	NA	NA
"ACCCTGCAGCCAGAAGACTCGGCCCTGTATCTCTGTGCCAGCAGCCAAGAAATGGTGGTGCCGGGGGATACGCAGTATTTTGGCCCA"	"CASSQEMVVPGDTQYF"	"ACCCTGCAGCCAGAAGACTCGGCCCTGTATCTCTGTGCCAGCAGCCAAGAAATGGTGGTGCCGGGGGATACGCAGTATTTTGGCCCA"	"CASSQEMVVPGDTQYF"	"TCRBV4-2*1"	"TCRBD2-1*1"	"TCRBJ2-3*1"	50	61	-1	66	11	67	NA	NA	"ACCCTGCAGCCAGAAGACTCGGCCCTGTATCTCTGTGCCAGCAGCCAAGAAATGGTGGTGCCGGGGGATACGCAGTATTTTGGCCCA"	FALSE	TRUE	NA	NA	NA	NA
"ACGATTCAGCGCACAGAGCAGGAGGACTCGGCCGTGTATCTCTGTGCCAGCAGCTTAAGCTCGAACTACGAGCAGTACTTCGGGCCG"	"CASSLSSNYEQYF"	"ACGATTCAGCGCACAGAGCAGGAGGACTCGGCCGTGTATCTCTGTGCCAGCAGCTTAAGCTCGAACTACGAGCAGTACTTCGGGCCG"	"CASSLSSNYEQYF"	"TCRBV7-2"	"TCRBD2-1"	"TCRBJ2-7*1"	-1	57	60	65	58	5	NA	NA	"ACGATTCAGCGCACAGAGCAGGAGGACTCGGCCGTGTATCTCTGTGCCAGCAGCTTAAGCTCGAACTACGAGCAGTACTTCGGGCCG"	FALSE	TRUE	NA	NA	NA	NA
"ACCTTGGAGCTGGGGGACTCGGCCCTTTATCTTTGCGCCAGCAGCTCCCGGACAGGGGGTTCCTCCGGGGAGCTGTTTTTTGGAGAA"	"CASSSRTGGSSGELFF"	"ACCTTGGAGCTGGGGGACTCGGCCCTTTATCTTTGCGCCAGCAGCTCCCGGACAGGGGGTTCCTCCGGGGAGCTGTTTTTTGGAGAA"	"CASSSRTGGSSGELFF"	"TCRBV5-1*1"	"TCRBD1-1*1"	"TCRBJ2-2*1"	46	49	59	64	3	5	NA	NA	"ACCTTGGAGCTGGGGGACTCGGCCCTTTATCTTTGCGCCAGCAGCTCCCGGACAGGGGGTTCCTCCGGGGAGCTGTTTTTTGGAGAA"	FALSE	TRUE	NA	NA	NA	NA
"ATCCAGCGCACAGAGCAGGAGGACTCGGCCGTGTATCTCTGTGCCAGCAGCCTGTGGGGGGGCACAGATACGCAGTATTTTGGCCCA"	"CASSLWGGTDTQYF"	"ATCCAGCGCACAGAGCAGGAGGACTCGGCCGTGTATCTCTGTGCCAGCAGCCTGTGGGGGGGCACAGATACGCAGTATTTTGGCCCA"	"CASSLWGGTDTQYF"	"TCRBV7-2"	"TCRBD2-1*1"	"TCRBJ2-3*1"	51	55	-1	61	4	62	NA	NA	"ATCCAGCGCACAGAGCAGGAGGACTCGGCCGTGTATCTCTGTGCCAGCAGCCTGTGGGGGGGCACAGATACGCAGTATTTTGGCCCA"	FALSE	TRUE	NA	NA	NA	NA
"CTGTGACATCGGCCCAAAAGAACCCGACAGCTTTCTATCTCTGTGCCAGTAGTATCAAACAGGAACAATGAGCAGTTCTTCGGGCCA"	""	"CTGTGACATCGGCCCAAAAGAACCCGACAGCTTTCTATCTCTGTGCCAGTAGTATCAAACAGGAACAATGAGCAGTTCTTCGGGCCA"	""	"TCRBV19-1*1"	"TCRBD1-1*1"	"TCRBJ2-1*1"	55	58	63	64	3	1	NA	NA	"CTGTGACATCGGCCCAAAAGAACCCGACAGCTTTCTATCTCTGTGCCAGTAGTATCAAACAGGAACAATGAGCAGTTCTTCGGGCCA"	FALSE	FALSE	NA	NA	NA	NA
"CAGCCTGCAGAACTGGAGGATTCTGGAGTTTATTTCTGTGCCAGCAGCCTCTCCTCTAGCTCCTACAATGAGCAGTTCTTCGGGCCA"	"CASSLSSSSYNEQFF"	"CAGCCTGCAGAACTGGAGGATTCTGGAGTTTATTTCTGTGCCAGCAGCCTCTCCTCTAGCTCCTACAATGAGCAGTTCTTCGGGCCA"	"CASSLSSSSYNEQFF"	"TCRBV14-1*1"	"TCRBD2-1"	"TCRBJ2-1*1"	49	55	-1	59	6	60	NA	NA	"CAGCCTGCAGAACTGGAGGATTCTGGAGTTTATTTCTGTGCCAGCAGCCTCTCCTCTAGCTCCTACAATGAGCAGTTCTTCGGGCCA"	FALSE	TRUE	NA	NA	NA	NA
"CGGTCCACAAAGCTGGAGGACTCAGCCATGTACTTCTGTGCCAGCAGTGAACCTAGCGTGGGCACAGATACGCAGTATTTTGGCCCA"	"CASSEPSVGTDTQYF"	"CGGTCCACAAAGCTGGAGGACTCAGCCATGTACTTCTGTGCCAGCAGTGAACCTAGCGTGGGCACAGATACGCAGTATTTTGGCCCA"	"CASSEPSVGTDTQYF"	"TCRBV2-1"	"TCRBD2-1"	"TCRBJ2-3*1"	51	52	58	61	1	3	NA	NA	"CGGTCCACAAAGCTGGAGGACTCAGCCATGTACTTCTGTGCCAGCAGTGAACCTAGCGTGGGCACAGATACGCAGTATTTTGGCCCA"	FALSE	TRUE	NA	NA	NA	NA
"NNNNTGTCGGCTGCTCCCTCCCAGACATCTGCGTACTTCTGTGCCAGCAGCTCGGGGCCCTATAATTCACCCCTCCACTTTGGGAAT"	"CASSSGPYNSPLHF"	"NNNNTGTCGGCTGCTCCCTCCCAGACATCTGCGTACTTCTGTGCCAGCAGCTCGGGGCCCTATAATTCACCCCTCCACTTTGGGAAT"	"CASSSGPYNSPLHF"	"TCRBV6-5*1"	NA	"TCRBJ1-6*1"	50	53	-1	58	3	59	NA	NA	"NNNNTGTCGGCTGCTCCCTCCCAGACATCTGCGTACTTCTGTGCCAGCAGCTCGGGGCCCTATAATTCACCCCTCCACTTTGGGAAT"	FALSE	TRUE	NA	NA	NA	NA
"TCCAGTCCACGGAGTCAGGGGACACAGCACTGTATTTCTGTGCCAGCCCCCGGGCGAACTGGCAACTATGGCTACACCTTCGGTTCG"	""	"TCCAGTCCACGGAGTCAGGGGACACAGCACTGTATTTCTGTGCCAGCCCCCGGGCGAACTGGCAACTATGGCTACACCTTCGGTTCG"	""	"TCRBV21-1*1"	NA	"TCRBJ1-2*1"	47	51	55	63	4	8	NA	NA	"TCCAGTCCACGGAGTCAGGGGACACAGCACTGTATTTCTGTGCCAGCCCCCGGGCGAACTGGCAACTATGGCTACACCTTCGGTTCG"	FALSE	FALSE	NA	NA	NA	NA
"ACTCTGGAGTCTGCTGCCTCCTCCCAGACATCTGTATATTTCTGCGCCAGCAGTGGCGGGAGGGCCGGCGAGCAGTACTTCGGGCCG"	"CASSGGRAGEQYF"	"ACTCTGGAGTCTGCTGCCTCCTCCCAGACATCTGTATATTTCTGCGCCAGCAGTGGCGGGAGGGCCGGCGAGCAGTACTTCGGGCCG"	"CASSGGRAGEQYF"	"TCRBV1-1*1"	"TCRBD2-1*2"	"TCRBJ2-7*1"	-1	55	64	68	56	4	NA	NA	"ACTCTGGAGTCTGCTGCCTCCTCCCAGACATCTGTATATTTCTGCGCCAGCAGTGGCGGGAGGGCCGGCGAGCAGTACTTCGGGCCG"	FALSE	TRUE	NA	NA	NA	NA
"ACATCGGCCCAAAAGAACCCGACAGCTTTCTATCTCTGTGCCAGTAGTATAATGACGGGGGGCACCGGGGAGCTGTTTTTTGGAGAA"	"CASSIMTGGTGELFF"	"ACATCGGCCCAAAAGAACCCGACAGCTTTCTATCTCTGTGCCAGTAGTATAATGACGGGGGGCACCGGGGAGCTGTTTTTTGGAGAA"	"CASSIMTGGTGELFF"	"TCRBV19-1*1"	"TCRBD2-1*1"	"TCRBJ2-2*1"	51	55	-1	62	4	63	NA	NA	"ACATCGGCCCAAAAGAACCCGACAGCTTTCTATCTCTGTGCCAGTAGTATAATGACGGGGGGCACCGGGGAGCTGTTTTTTGGAGAA"	FALSE	TRUE	NA	NA	NA	NA
"ATCCAGCCTGCAAAGCTTGAGGACTCGGCCGTGTATCTCTGTGCCAGCAGCCATAAAGTTGGGGGCACTGAAGCTTTCTTTGGACAA"	"CASSHKVGGTEAFF"	"ATCCAGCCTGCAAAGCTTGAGGACTCGGCCGTGTATCTCTGTGCCAGCAGCCATAAAGTTGGGGGCACTGAAGCTTTCTTTGGACAA"	"CASSHKVGGTEAFF"	"TCRBV11-2*1"	NA	"TCRBJ1-1*1"	51	60	-1	65	9	66	NA	NA	"ATCCAGCCTGCAAAGCTTGAGGACTCGGCCGTGTATCTCTGTGCCAGCAGCCATAAAGTTGGGGGCACTGAAGCTTTCTTTGGACAA"	FALSE	TRUE	NA	NA	NA	NA
"CTCACTGTGACATCGGCCCAAAAGAACCCGACAGCTTTCTATCTCTGTGCCAGTAGTACCCCCGGGGCCCGGCTGTTCTTCGGGCCA"	"CASSTPGARLFF"	"CTCACTGTGACATCGGCCCAAAAGAACCCGACAGCTTTCTATCTCTGTGCCAGTAGTACCCCCGGGGCCCGGCTGTTCTTCGGGCCA"	"CASSTPGARLFF"	"TCRBV19-1*1"	NA	"TCRBJ2-1*1"	58	63	68	74	5	6	NA	NA	"CTCACTGTGACATCGGCCCAAAAGAACCCGACAGCTTTCTATCTCTGTGCCAGTAGTACCCCCGGGGCCCGGCTGTTCTTCGGGCCA"	FALSE	TRUE	NA	NA	NA	NA
"TCGGCCCAAAAGAACCCGACAGCTTTCTATCTCTGTGCCAGTAGCCATAGCCGGCGGGTAGGTCCAAATGAGCAGTTCTTCGGGCCA"	"CASSHSRRVGPNEQFF"	"TCGGCCCAAAAGAACCCGACAGCTTTCTATCTCTGTGCCAGTAGCCATAGCCGGCGGGTAGGTCCAAATGAGCAGTTCTTCGGGCCA"	"CASSHSRRVGPNEQFF"	"TCRBV19-1*1"	"TCRBD2-1"	"TCRBJ2-1*1"	44	53	58	66	9	8	NA	NA	"TCGGCCCAAAAGAACCCGACAGCTTTCTATCTCTGTGCCAGTAGCCATAGCCGGCGGGTAGGTCCAAATGAGCAGTTCTTCGGGCCA"	FALSE	TRUE	NA	NA	NA	NA
"ATTCAGCGCACAGAGCAGCGGGACTCGGCCATGTATCGCTGTGCCAGCAGCTCCGACTACCCTCACAATGAGCAGTTCTTCGGGCCA"	"CASSSDYPHNEQFF"	"ATTCAGCGCACAGAGCAGCGGGACTCGGCCATGTATCGCTGTGCCAGCAGCTCCGACTACCCTCACAATGAGCAGTTCTTCGGGCCA"	"CASSSDYPHNEQFF"	NA	"TCRBD2-1"	"TCRBJ2-1*1"	52	54	59	64	2	5	NA	NA	"ATTCAGCGCACAGAGCAGCGGGACTCGGCCATGTATCGCTGTGCCAGCAGCTCCGACTACCCTCACAATGAGCAGTTCTTCGGGCCA"	FALSE	TRUE	NA	NA	NA	NA
"ACCTTGGAGCTGGGGGACTCGGCCCTTTATCTTTGCGCCAGCAGCCCTAGGCCGGGACTAGCACAAGAGACCCAGTACTTCGGGCCA"	"CASSPRPGLAQETQYF"	"ACCTTGGAGCTGGGGGACTCGGCCCTTTATCTTTGCGCCAGCAGCCCTAGGCCGGGACTAGCACAAGAGACCCAGTACTTCGGGCCA"	"CASSPRPGLAQETQYF"	"TCRBV5-1*1"	"TCRBD2-1"	"TCRBJ2-5*1"	45	53	62	63	8	1	NA	NA	"ACCTTGGAGCTGGGGGACTCGGCCCTTTATCTTTGCGCCAGCAGCCCTAGGCCGGGACTAGCACAAGAGACCCAGTACTTCGGGCCA"	FALSE	TRUE	NA	NA	NA	NA
"AACGCCTTGTTGCTGGGGGACTCGGCCCTCTATCTCTGTGCCAGCAGCAGTGGGGCTAGCGGGAGCGCCGAGCAGTACTTCGGGCCG"	"CASSSGASGSAEQYF"	"AACGCCTTGTTGCTGGGGGACTCGGCCCTCTATCTCTGTGCCAGCAGCAGTGGGGCTAGCGGGAGCGCCGAGCAGTACTTCGGGCCG"	"CASSSGASGSAEQYF"	"TCRBV5-6*1"	"TCRBD2-1*2"	"TCRBJ2-7*1"	48	55	65	68	7	3	NA	NA	"AACGCCTTGTTGCTGGGGGACTCGGCCCTCTATCTCTGTGCCAGCAGCAGTGGGGCTAGCGGGAGCGCCGAGCAGTACTTCGGGCCG"	FALSE	TRUE	NA	NA	NA	NA
"CGCACAGAGCAGGGGGACTCGGCCATGTATCTCTGTGCCAGCAGTCCCAAAGGGGGCGTCGGCACCGGGGAGCTGTTTTTTGGAGAA"	"CASSPKGGVGTGELFF"	"CGCACAGAGCAGGGGGACTCGGCCATGTATCTCTGTGCCAGCAGTCCCAAAGGGGGCGTCGGCACCGGGGAGCTGTTTTTTGGAGAA"	"CASSPKGGVGTGELFF"	"TCRBV7-9*1"	"TCRBD1-1*1"	"TCRBJ2-2*1"	44	50	57	62	6	5	NA	NA	"CGCACAGAGCAGGGGGACTCGGCCATGTATCTCTGTGCCAGCAGTCCCAAAGGGGGCGTCGGCACCGGGGAGCTGTTTTTTGGAGAA"	FALSE	TRUE	NA	NA	NA	NA
"ATCCAGCAGGTAGTGCGAGGAGATTCGGCAGCTTATTTCTGTGCCAGCTCACCCGTCAGCGGGAGACGGGAGCAGTACTTCGGGCCG"	"CASSPVSGRREQYF"	"ATCCAGCAGGTAGTGCGAGGAGATTCGGCAGCTTATTTCTGTGCCAGCTCACCCGTCAGCGGGAGACGGGAGCAGTACTTCGGGCCG"	"CASSPVSGRREQYF"	"TCRBV18-1*1"	"TCRBD2-1*2"	"TCRBJ2-7*1"	53	57	65	69	4	4	NA	NA	"ATCCAGCAGGTAGTGCGAGGAGATTCGGCAGCTTATTTCTGTGCCAGCTCACCCGTCAGCGGGAGACGGGAGCAGTACTTCGGGCCG"	FALSE	TRUE	NA	NA	NA	NA
"ATCCAGCCTGCAAAGCTTGAGGACTCGGCCGTGTATCTCTGTGCCAGCAGCTCGGGACGGCTCCAAGAGACCCAGTACTTCGGGCCA"	"CASSSGRLQETQYF"	"ATCCAGCCTGCAAAGCTTGAGGACTCGGCCGTGTATCTCTGTGCCAGCAGCTCGGGACGGCTCCAAGAGACCCAGTACTTCGGGCCA"	"CASSSGRLQETQYF"	"TCRBV11-2*1"	NA	"TCRBJ2-5*1"	52	53	58	62	1	4	NA	NA	"ATCCAGCCTGCAAAGCTTGAGGACTCGGCCGTGTATCTCTGTGCCAGCAGCTCGGGACGGCTCCAAGAGACCCAGTACTTCGGGCCA"	FALSE	TRUE	NA	NA	NA	NA
"AGCACCTTGGAGCTGGGGGACTCGGCCCTTTATCTTTGCGCCAGCAGCTTAGCGGGGGGGAACACCGGGGAGCTGTTTTTTGGAGAA"	"CASSLAGGNTGELFF"	"AGCACCTTGGAGCTGGGGGACTCGGCCCTTTATCTTTGCGCCAGCAGCTTAGCGGGGGGGAACACCGGGGAGCTGTTTTTTGGAGAA"	"CASSLAGGNTGELFF"	"TCRBV5-1*1"	"TCRBD2-1*1"	"TCRBJ2-2*1"	-1	50	-1	59	51	60	NA	NA	"AGCACCTTGGAGCTGGGGGACTCGGCCCTTTATCTTTGCGCCAGCAGCTTAGCGGGGGGGAACACCGGGGAGCTGTTTTTTGGAGAA"	FALSE	TRUE	NA	NA	NA	NA
"TCGGCCCAAAAGAACCCGACAGCTTTCTATCTCTGTGCCAGTAGTCCATTCGGTGCGGGAGACAATCAGCCCCAGCATTTTGGTGAT"	"CASSPFGAGDNQPQHF"	"TCGGCCCAAAAGAACCCGACAGCTTTCTATCTCTGTGCCAGTAGTCCATTCGGTGCGGGAGACAATCAGCCCCAGCATTTTGGTGAT"	"CASSPFGAGDNQPQHF"	"TCRBV19-1*1"	"TCRBD2-1*2"	"TCRBJ1-5*1"	45	54	61	62	9	1	NA	NA	"TCGGCCCAAAAGAACCCGACAGCTTTCTATCTCTGTGCCAGTAGTCCATTCGGTGCGGGAGACAATCAGCCCCAGCATTTTGGTGAT"	FALSE	TRUE	NA	NA	NA	NA
"GTGAACGCCTTGGAGCTGGACGACTCGGCCCTGTATCTCTGTGCCAGCAGCTTTATTGGCAGGGTCTACGAGCAGTACTTCGGGCCG"	"CASSFIGRVYEQYF"	"GTGAACGCCTTGGAGCTGGACGACTCGGCCCTGTATCTCTGTGCCAGCAGCTTTATTGGCAGGGTCTACGAGCAGTACTTCGGGCCG"	"CASSFIGRVYEQYF"	"TCRBV5-4*1"	"TCRBD1-1*1"	"TCRBJ2-7*1"	53	59	64	65	6	1	NA	NA	"GTGAACGCCTTGGAGCTGGACGACTCGGCCCTGTATCTCTGTGCCAGCAGCTTTATTGGCAGGGTCTACGAGCAGTACTTCGGGCCG"	FALSE	TRUE	NA	NA	NA	NA
"GTGACCAGTGCCCATCCTGAAGACAGCAGCTTCTACATCTGCAGTGCTAGACGTAGCGGGAACACCGGGGAGCTGTTTTTTGGAGAA"	"CSARRSGNTGELFF"	"GTGACCAGTGCCCATCCTGAAGACAGCAGCTTCTACATCTGCAGTGCTAGACGTAGCGGGAACACCGGGGAGCTGTTTTTTGGAGAA"	"CSARRSGNTGELFF"	NA	"TCRBD2-1"	"TCRBJ2-2*1"	51	53	-1	59	2	60	NA	NA	"GTGACCAGTGCCCATCCTGAAGACAGCAGCTTCTACATCTGCAGTGCTAGACGTAGCGGGAACACCGGGGAGCTGTTTTTTGGAGAA"	FALSE	TRUE	NA	NA	NA	NA
"GACCAGTGCCCATCCTGAAGACAGCAGCTTCTACATCTGCAGTGCTAGCCGAGGGCGGGCTTAAATCAGCCCCAGCATTTTGGTGAT"	""	"GACCAGTGCCCATCCTGAAGACAGCAGCTTCTACATCTGCAGTGCTAGCCGAGGGCGGGCTTAAATCAGCCCCAGCATTTTGGTGAT"	""	NA	"TCRBD2-1"	"TCRBJ1-5*1"	48	54	59	63	6	4	NA	NA	"GACCAGTGCCCATCCTGAAGACAGCAGCTTCTACATCTGCAGTGCTAGCCGAGGGCGGGCTTAAATCAGCCCCAGCATTTTGGTGAT"	FALSE	FALSE	NA	NA	NA	NA
"AATGTGAACGCCTTGTTGCTGGGGGACTCGGCCCTGTATCTCTGTGCCAGCAGCTTGGGTCAGCAAGAGACCCAGTACTTCGGGCCA"	"CASSLGQQETQYF"	"AATGTGAACGCCTTGTTGCTGGGGGACTCGGCCCTGTATCTCTGTGCCAGCAGCTTGGGTCAGCAAGAGACCCAGTACTTCGGGCCA"	"CASSLGQQETQYF"	"TCRBV5-5*1"	"TCRBD1-1*1"	"TCRBJ2-5*1"	58	60	-1	63	2	64	NA	NA	"AATGTGAACGCCTTGTTGCTGGGGGACTCGGCCCTGTATCTCTGTGCCAGCAGCTTGGGTCAGCAAGAGACCCAGTACTTCGGGCCA"	FALSE	TRUE	NA	NA	NA	NA
"ATTCTGGAGTCCGCCAGCACCAACCAGACATCTATGTACCTCTGTGCCAGCAGTATCAGGGGGTGGGGGCCCCAGCATTTTGGTGAT"	"CASSIRGWGPQHF"	"ATTCTGGAGTCCGCCAGCACCAACCAGACATCTATGTACCTCTGTGCCAGCAGTATCAGGGGGTGGGGGCCCCAGCATTTTGGTGAT"	"CASSIRGWGPQHF"	"TCRBV28-1*1"	"TCRBD1-1*1"	"TCRBJ1-5*1"	54	56	63	68	2	5	NA	NA	"ATTCTGGAGTCCGCCAGCACCAACCAGACATCTATGTACCTCTGTGCCAGCAGTATCAGGGGGTGGGGGCCCCAGCATTTTGGTGAT"	FALSE	TRUE	NA	NA	NA	NA
"CTGGAGTCGCCCAGCCCCAACCAGACCTCTCTGTACTTCTGTGCCAGCAGTCCCGGGACAGGGGGCGTTGGCTACACCTTCGGTTCG"	"CASSPGTGGVGYTF"	"CTGGAGTCGCCCAGCCCCAACCAGACCTCTCTGTACTTCTGTGCCAGCAGTCCCGGGACAGGGGGCGTTGGCTACACCTTCGGTTCG"	"CASSPGTGGVGYTF"	"TCRBV27-1*1"	"TCRBD1-1*1"	"TCRBJ1-2*1"	51	54	66	68	3	2	NA	NA	"CTGGAGTCGCCCAGCCCCAACCAGACCTCTCTGTACTTCTGTGCCAGCAGTCCCGGGACAGGGGGCGTTGGCTACACCTTCGGTTCG"	FALSE	TRUE	NA	NA	NA	NA
"GGACTCGGCCATGTATCTCTGTGCCAGCAGCTTAGCCTGGGAACGTGAAAAACTAGTTTCCTCACAGATACGCAGTATTTTGGCCCA"	""	"GGACTCGGCCATGTATCTCTGTGCCAGCAGCTTAGCCTGGGAACGTGAAAAACTAGTTTCCTCACAGATACGCAGTATTTTGGCCCA"	""	NA	"TCRBD2-1"	"TCRBJ2-3*1"	36	51	56	62	15	6	NA	NA	"GGACTCGGCCATGTATCTCTGTGCCAGCAGCTTAGCCTGGGAACGTGAAAAACTAGTTTCCTCACAGATACGCAGTATTTTGGCCCA"	FALSE	FALSE	NA	NA	NA	NA
"CTCTGACTGTGAGCAACATGAGCCCTGAAGACAGCAGCATATATCTCTGCAGCGGCCACTAGCACAGATACGCAGTATTTTGGCCCA"	""	"CTCTGACTGTGAGCAACATGAGCCCTGAAGACAGCAGCATATATCTCTGCAGCGGCCACTAGCACAGATACGCAGTATTTTGGCCCA"	""	"TCRBV29-1"	"TCRBD2-1"	"TCRBJ2-3*1"	54	57	-1	60	3	61	NA	NA	"CTCTGACTGTGAGCAACATGAGCCCTGAAGACAGCAGCATATATCTCTGCAGCGGCCACTAGCACAGATACGCAGTATTTTGGCCCA"	FALSE	FALSE	NA	NA	NA	NA
"AAGATCCGGTCCACAAAGCTGGAGGACTCAGCCATGTACTTCTGTGCCAGCAGTGACGGGGGAAATCAGCCCCAGCATTTTGGTGAT"	"CASSDGGNQPQHF"	"AAGATCCGGTCCACAAAGCTGGAGGACTCAGCCATGTACTTCTGTGCCAGCAGTGACGGGGGAAATCAGCCCCAGCATTTTGGTGAT"	"CASSDGGNQPQHF"	"TCRBV2-1"	"TCRBD2-1*1"	"TCRBJ1-5*1"	-1	56	62	63	57	1	NA	NA	"AAGATCCGGTCCACAAAGCTGGAGGACTCAGCCATGTACTTCTGTGCCAGCAGTGACGGGGGAAATCAGCCCCAGCATTTTGGTGAT"	FALSE	TRUE	NA	NA	NA	NA
"ACAGAGCAGGGGGACTCGGCCATGTATCTCTGTGCCAGCAGCTTATTGGAGGCTAGCGGGAGAGACTACGAGCAGTACTTCGGGCCG"	"CASSLLEASGRDYEQYF"	"ACAGAGCAGGGGGACTCGGCCATGTATCTCTGTGCCAGCAGCTTATTGGAGGCTAGCGGGAGAGACTACGAGCAGTACTTCGGGCCG"	"CASSLLEASGRDYEQYF"	"TCRBV7-9*1"	"TCRBD2-1*2"	"TCRBJ2-7*1"	45	52	62	65	7	3	NA	NA	"ACAGAGCAGGGGGACTCGGCCATGTATCTCTGTGCCAGCAGCTTATTGGAGGCTAGCGGGAGAGACTACGAGCAGTACTTCGGGCCG"	FALSE	TRUE	NA	NA	NA	NA
"CAGGTAGTGCGAGGAGATTCGGCAGCTTATTTCTGTGCCAGCTCACCAGACCCCGTAGTAGACAATTCACCCCTCCACTTTGGGAAT"	"CASSPDPVVDNSPLHF"	"CAGGTAGTGCGAGGAGATTCGGCAGCTTATTTCTGTGCCAGCTCACCAGACCCCGTAGTAGACAATTCACCCCTCCACTTTGGGAAT"	"CASSPDPVVDNSPLHF"	"TCRBV18-1*1"	NA	"TCRBJ1-6*1"	-1	48	51	63	49	12	NA	NA	"CAGGTAGTGCGAGGAGATTCGGCAGCTTATTTCTGTGCCAGCTCACCAGACCCCGTAGTAGACAATTCACCCCTCCACTTTGGGAAT"	FALSE	TRUE	NA	NA	NA	NA
"NNNNTGTCGGCTGCTCCCTCCCAGACATCTGTGTACTTCTGTGCCAGCGGAATCTCCAGGGGTAACACTGAAGCTTTCTTTGGACAA"	"CASGISRGNTEAFF"	"NNNNTGTCGGCTGCTCCCTCCCAGACATCTGTGTACTTCTGTGCCAGCGGAATCTCCAGGGGTAACACTGAAGCTTTCTTTGGACAA"	"CASGISRGNTEAFF"	"TCRBV6-5*1"	"TCRBD1-1*1"	"TCRBJ1-1*1"	48	56	62	63	8	1	NA	NA	"NNNNTGTCGGCTGCTCCCTCCCAGACATCTGTGTACTTCTGTGCCAGCGGAATCTCCAGGGGTAACACTGAAGCTTTCTTTGGACAA"	FALSE	TRUE	NA	NA	NA	NA
"ACCAGTGCCCATCCTGAAGACAGCAGCTTCTACATCTGCAGTGCTAGGGGAGGGACCGACTCCACCTACGAGCAGTACTTCGGGCCG"	"CSARGGTDSTYEQYF"	"ACCAGTGCCCATCCTGAAGACAGCAGCTTCTACATCTGCAGTGCTAGGGGAGGGACCGACTCCACCTACGAGCAGTACTTCGGGCCG"	"CSARGGTDSTYEQYF"	NA	"TCRBD2-1*2"	"TCRBJ2-7*1"	-1	47	54	64	48	10	NA	NA	"ACCAGTGCCCATCCTGAAGACAGCAGCTTCTACATCTGCAGTGCTAGGGGAGGGACCGACTCCACCTACGAGCAGTACTTCGGGCCG"	FALSE	TRUE	NA	NA	NA	NA
"CAGCGCACAGAGCAGCGGGACTCGGCCATGTATCGCTGTGCCAGCAGCAGGGACCCCAGCTCCTACAATGAGCAGTTCTTCGGGCCA"	"CASSRDPSSYNEQFF"	"CAGCGCACAGAGCAGCGGGACTCGGCCATGTATCGCTGTGCCAGCAGCAGGGACCCCAGCTCCTACAATGAGCAGTTCTTCGGGCCA"	"CASSRDPSSYNEQFF"	"TCRBV7-6*1"	NA	"TCRBJ2-1*1"	48	49	54	59	1	5	NA	NA	"CAGCGCACAGAGCAGCGGGACTCGGCCATGTATCGCTGTGCCAGCAGCAGGGACCCCAGCTCCTACAATGAGCAGTTCTTCGGGCCA"	FALSE	TRUE	NA	NA	NA	NA
"CCCAGCCCCAACCAGACCTCTCTGTACTTCTGTGCCAGCAGTAAGGGACTAGCGGGAGGGCCGGGGGAGACCCAGTACTTCGGGCCA"	"CASSKGLAGGPGETQYF"	"CCCAGCCCCAACCAGACCTCTCTGTACTTCTGTGCCAGCAGTAAGGGACTAGCGGGAGGGCCGGGGGAGACCCAGTACTTCGGGCCA"	"CASSKGLAGGPGETQYF"	"TCRBV27-1*1"	"TCRBD2-1*2"	"TCRBJ2-5*1"	42	44	60	66	2	6	NA	NA	"CCCAGCCCCAACCAGACCTCTCTGTACTTCTGTGCCAGCAGTAAGGGACTAGCGGGAGGGCCGGGGGAGACCCAGTACTTCGGGCCA"	FALSE	TRUE	NA	NA	NA	NA
"CACGGAGTCAGGGGACACAGCACTGTATTTCTGTGCCAGCAGCAAAGGAGACAGGGGGCAAGCAACACTGAAGCTTTCTTTGGACAA"	""	"CACGGAGTCAGGGGACACAGCACTGTATTTCTGTGCCAGCAGCAAAGGAGACAGGGGGCAAGCAACACTGAAGCTTTCTTTGGACAA"	""	"TCRBV21-1*1"	"TCRBD1-1*1"	"TCRBJ1-1*1"	47	49	59	63	2	4	NA	NA	"CACGGAGTCAGGGGACACAGCACTGTATTTCTGTGCCAGCAGCAAAGGAGACAGGGGGCAAGCAACACTGAAGCTTTCTTTGGACAA"	FALSE	FALSE	NA	NA	NA	NA
"AATGTGAGCACCTTGGAGCTGGGGGACTCGGCCCTTTATCTTTGCGCCAGCAGGACAGTAGCTAACTATGGCTACACCTTCGGTTCG"	"CASRTVANYGYTF"	"AATGTGAGCACCTTGGAGCTGGGGGACTCGGCCCTTTATCTTTGCGCCAGCAGGACAGTAGCTAACTATGGCTACACCTTCGGTTCG"	"CASRTVANYGYTF"	"TCRBV5-1*1"	"TCRBD1-1*1"	"TCRBJ1-2*1"	-1	53	58	61	54	3	NA	NA	"AATGTGAGCACCTTGGAGCTGGGGGACTCGGCCCTTTATCTTTGCGCCAGCAGGACAGTAGCTAACTATGGCTACACCTTCGGTTCG"	FALSE	TRUE	NA	NA	NA	NA
"AACATGAGCTCCTTGGAGCTGGGGGACTCAGCCCTGTACTTCTGTGCCAGCAGCTTCGGAGACACAGATACGCAGTATTTTGGCCCA"	"CASSFGDTDTQYF"	"AACATGAGCTCCTTGGAGCTGGGGGACTCAGCCCTGTACTTCTGTGCCAGCAGCTTCGGAGACACAGATACGCAGTATTTTGGCCCA"	"CASSFGDTDTQYF"	"TCRBV13-1*1"	"TCRBD2-1*2"	"TCRBJ2-3*1"	56	57	61	62	1	1	NA	NA	"AACATGAGCTCCTTGGAGCTGGGGGACTCAGCCCTGTACTTCTGTGCCAGCAGCTTCGGAGACACAGATACGCAGTATTTTGGCCCA"	FALSE	TRUE	NA	NA	NA	NA
"ACCTTGGAGCTGGGGGACTCGGCCCTTTATCTTTGCGCCAGCAGCCTCAAACCAGGACTAGAGACCTACGAGCAGTACTTCGGGCCG"	"CASSLKPGLETYEQYF"	"ACCTTGGAGCTGGGGGACTCGGCCCTTTATCTTTGCGCCAGCAGCCTCAAACCAGGACTAGAGACCTACGAGCAGTACTTCGGGCCG"	"CASSLKPGLETYEQYF"	"TCRBV5-1*1"	"TCRBD2-1"	"TCRBJ2-7*1"	45	54	61	64	9	3	NA	NA	"ACCTTGGAGCTGGGGGACTCGGCCCTTTATCTTTGCGCCAGCAGCCTCAAACCAGGACTAGAGACCTACGAGCAGTACTTCGGGCCG"	FALSE	TRUE	NA	NA	NA	NA
"GCAGAGCTTGGGGACTCGGCCGTGTATCTCTGTGCCAGCAGCTTCCGGGACAGGGGTGCCGGGGCCAACGTCCTGACTTTCGGGGCC"	"CASSFRDRGAGANVLTF"	"GCAGAGCTTGGGGACTCGGCCGTGTATCTCTGTGCCAGCAGCTTCCGGGACAGGGGTGCCGGGGCCAACGTCCTGACTTTCGGGGCC"	"CASSFRDRGAGANVLTF"	"TCRBV11-3*1"	"TCRBD1-1*1"	"TCRBJ2-6*1"	44	46	56	60	2	4	NA	NA	"GCAGAGCTTGGGGACTCGGCCGTGTATCTCTGTGCCAGCAGCTTCCGGGACAGGGGTGCCGGGGCCAACGTCCTGACTTTCGGGGCC"	FALSE	TRUE	NA	NA	NA	NA
"ACAGAGCGGGGGGACTCAGCCGTGTATCTCTGTGCCAGCAGCTTCCCCCCTAGCGGGGCGAACACCGGGGAGCTGTTTTTTGGAGAA"	"CASSFPPSGANTGELFF"	"ACAGAGCGGGGGGACTCAGCCGTGTATCTCTGTGCCAGCAGCTTCCCCCCTAGCGGGGCGAACACCGGGGAGCTGTTTTTTGGAGAA"	"CASSFPPSGANTGELFF"	"TCRBV7-3*1"	"TCRBD2-1*1"	"TCRBJ2-2*1"	44	49	-1	58	5	59	NA	NA	"ACAGAGCGGGGGGACTCAGCCGTGTATCTCTGTGCCAGCAGCTTCCCCCCTAGCGGGGCGAACACCGGGGAGCTGTTTTTTGGAGAA"	FALSE	TRUE	NA	NA	NA	NA
"ATCCAGCGCACACAGCAGGAGGACTCGGCCGTGTATCTCTGTGCCAGCAGCTTACTGACTAGCTCCTACGAGCAGTACTTCGGGCCG"	"CASSLLTSSYEQYF"	"ATCCAGCGCACACAGCAGGAGGACTCGGCCGTGTATCTCTGTGCCAGCAGCTTACTGACTAGCTCCTACGAGCAGTACTTCGGGCCG"	"CASSLLTSSYEQYF"	"TCRBV7-2"	"TCRBD2-1"	"TCRBJ2-7*1"	54	56	-1	62	2	63	NA	NA	"ATCCAGCGCACACAGCAGGAGGACTCGGCCGTGTATCTCTGTGCCAGCAGCTTACTGACTAGCTCCTACGAGCAGTACTTCGGGCCG"	FALSE	TRUE	NA	NA	NA	NA
"ACGATCCAGCGCACAGAGCAGCGGGACTCGGCCATGTATCGCTGTGCCAGCAGCCACGGGGGGAACTATGGCTACACCTTCGGTTCG"	"CASSHGGNYGYTF"	"ACGATCCAGCGCACAGAGCAGCGGGACTCGGCCATGTATCGCTGTGCCAGCAGCCACGGGGGGAACTATGGCTACACCTTCGGTTCG"	"CASSHGGNYGYTF"	"TCRBV7-6*1"	"TCRBD2-1*1"	"TCRBJ1-2*1"	54	56	-1	63	2	64	NA	NA	"ACGATCCAGCGCACAGAGCAGCGGGACTCGGCCATGTATCGCTGTGCCAGCAGCCACGGGGGGAACTATGGCTACACCTTCGGTTCG"	FALSE	TRUE	NA	NA	NA	NA
"CCAACCAGACAGCTCTTTACTTCTGTGCCACCAGTGATTTTTTTTCTTCTGGGGGCGCCTTCCCAAGAGACCCAGTACTTCGGGCCA"	""	"CCAACCAGACAGCTCTTTACTTCTGTGCCACCAGTGATTTTTTTTCTTCTGGGGGCGCCTTCCCAAGAGACCCAGTACTTCGGGCCA"	""	"TCRBV24-1*1"	"TCRBD1-1*1"	"TCRBJ2-5*1"	40	50	56	62	10	6	NA	NA	"CCAACCAGACAGCTCTTTACTTCTGTGCCACCAGTGATTTTTTTTCTTCTGGGGGCGCCTTCCCAAGAGACCCAGTACTTCGGGCCA"	FALSE	FALSE	NA	NA	NA	NA
"CAAAAGAACCCGACAGCTTTCTATCTCTGTGCCAGTAGTATAGACAATCCGACTAGCGGGAGAACCAATGAGCAGTTCTTCGGGCCA"	"CASSIDNPTSGRTNEQFF"	"CAAAAGAACCCGACAGCTTTCTATCTCTGTGCCAGTAGTATAGACAATCCGACTAGCGGGAGAACCAATGAGCAGTTCTTCGGGCCA"	"CASSIDNPTSGRTNEQFF"	"TCRBV19-1*1"	"TCRBD2-1*2"	"TCRBJ2-1*1"	44	50	62	65	6	3	NA	NA	"CAAAAGAACCCGACAGCTTTCTATCTCTGTGCCAGTAGTATAGACAATCCGACTAGCGGGAGAACCAATGAGCAGTTCTTCGGGCCA"	FALSE	TRUE	NA	NA	NA	NA
"ACAGTGACCAGTGCCCATCCTGAAGACAGCAGCTTCTACATCTGCAGTGCCAGAGCGAGTATGAGTGAAAAACTGTTTTTTGGCAGT"	"CSARASMSEKLFF"	"ACAGTGACCAGTGCCCATCCTGAAGACAGCAGCTTCTACATCTGCAGTGCCAGAGCGAGTATGAGTGAAAAACTGTTTTTTGGCAGT"	"CSARASMSEKLFF"	NA	"TCRBD2-1*2"	"TCRBJ1-4*1"	55	56	59	65	1	6	NA	NA	"ACAGTGACCAGTGCCCATCCTGAAGACAGCAGCTTCTACATCTGCAGTGCCAGAGCGAGTATGAGTGAAAAACTGTTTTTTGGCAGT"	FALSE	TRUE	NA	NA	NA	NA
"ACAGTGACCAGTGCCCATCCTGAAGACAGCAGCTTCTACATCTGCAGTGCCCTAAAGGGGGAACCCTACGAGCAGTACTTCGGGCCG"	"CSALKGEPYEQYF"	"ACAGTGACCAGTGCCCATCCTGAAGACAGCAGCTTCTACATCTGCAGTGCCCTAAAGGGGGAACCCTACGAGCAGTACTTCGGGCCG"	"CSALKGEPYEQYF"	NA	"TCRBD1-1*1"	"TCRBJ2-7*1"	50	55	61	64	5	3	NA	NA	"ACAGTGACCAGTGCCCATCCTGAAGACAGCAGCTTCTACATCTGCAGTGCCCTAAAGGGGGAACCCTACGAGCAGTACTTCGGGCCG"	FALSE	TRUE	NA	NA	NA	NA
"GAGATCCAGCGCACAGAGCAGGGGGACTCGGCCATGTATCTCTGTGCCAGCAGCTACGGGGGAAGGGAGACCCAGTACTTCGGGCCA"	"CASSYGGRETQYF"	"GAGATCCAGCGCACAGAGCAGGGGGACTCGGCCATGTATCTCTGTGCCAGCAGCTACGGGGGAAGGGAGACCCAGTACTTCGGGCCA"	"CASSYGGRETQYF"	"TCRBV7-9*1"	"TCRBD2-1*1"	"TCRBJ2-5*1"	55	56	62	66	1	4	NA	NA	"GAGATCCAGCGCACAGAGCAGGGGGACTCGGCCATGTATCTCTGTGCCAGCAGCTACGGGGGAAGGGAGACCCAGTACTTCGGGCCA"	FALSE	TRUE	NA	NA	NA	NA
"AAGCTCCTTCTCAGTGACTCTGGCTTCTATCTCTGTGCCCGCCGGGAGGCCATCTAGCGGGAGGCCTACGAGCAGTACTTCGGGCCG"	"CARREAI*REAYEQYF"	"AAGCTCCTTCTCAGTGACTCTGGCTTCTATCTCTGTGCCCGCCGGGAGGCCATCTAGCGGGAGGCCTACGAGCAGTACTTCGGGCCG"	"CARREAI*REAYEQYF"	"TCRBV3-1"	"TCRBD2-1*2"	"TCRBJ2-7*1"	39	53	-1	64	14	65	NA	NA	"AAGCTCCTTCTCAGTGACTCTGGCTTCTATCTCTGTGCCCGCCGGGAGGCCATCTAGCGGGAGGCCTACGAGCAGTACTTCGGGCCG"	FALSE	TRUE	NA	NA	NA	NA
"GTGACATCGGCCCAAAAGAACCCGACAGCTTTCTATCTCTGTGCCAGTAGTCTCGGCAGTCGGCAATCAGCCCAGCATTTTGGTGAT"	"CASSLGSRQSAQHF"	"GTGACATCGGCCCAAAAGAACCCGACAGCTTTCTATCTCTGTGCCAGTAGTCTCGGCAGTCGGCAATCAGCCCAGCATTTTGGTGAT"	"CASSLGSRQSAQHF"	"TCRBV19-1*1"	NA	"TCRBJ1-5*1"	51	56	59	70	5	11	NA	NA	"GTGACATCGGCCCAAAAGAACCCGACAGCTTTCTATCTCTGTGCCAGTAGTCTCGGCAGTCGGCAATCAGCCCAGCATTTTGGTGAT"	FALSE	TRUE	NA	NA	NA	NA
"TGAGCTCTCTGGAGCTGGGGGACTCAGCTTTGTATTTCTGTGCCAGCAGCGCGGACAGGAATCACAGATACGCAGTATTTTGGCCCA"	""	"TGAGCTCTCTGGAGCTGGGGGACTCAGCTTTGTATTTCTGTGCCAGCAGCGCGGACAGGAATCACAGATACGCAGTATTTTGGCCCA"	""	"TCRBV9-1*1"	"TCRBD1-1*1"	"TCRBJ2-3*1"	51	52	59	62	1	3	NA	NA	"TGAGCTCTCTGGAGCTGGGGGACTCAGCTTTGTATTTCTGTGCCAGCAGCGCGGACAGGAATCACAGATACGCAGTATTTTGGCCCA"	FALSE	FALSE	NA	NA	NA	NA
"AATGTGAGCACCTTGGAGCTGGGGGACTCGGCCCTTTATCTTTGCGCCAGCAGCTTGGAAAGGGTGCACGAGCAGTACTTCGGGCCG"	"CASSLERVHEQYF"	"AATGTGAGCACCTTGGAGCTGGGGGACTCGGCCCTTTATCTTTGCGCCAGCAGCTTGGAAAGGGTGCACGAGCAGTACTTCGGGCCG"	"CASSLERVHEQYF"	"TCRBV5-1*1"	NA	"TCRBJ2-7*1"	58	60	64	67	2	3	NA	NA	"AATGTGAGCACCTTGGAGCTGGGGGACTCGGCCCTTTATCTTTGCGCCAGCAGCTTGGAAAGGGTGCACGAGCAGTACTTCGGGCCG"	FALSE	TRUE	NA	NA	NA	NA
"TCGGCCCAAAAGAACCCGACAGCTTTCTATCTCTGTGCCAGTAGTATGCGTAGCAGGGGGCGAACCGGGGAGCTGTTTTTTGGAGAA"	"CASSMRSRGRTGELFF"	"TCGGCCCAAAAGAACCCGACAGCTTTCTATCTCTGTGCCAGTAGTATGCGTAGCAGGGGGCGAACCGGGGAGCTGTTTTTTGGAGAA"	"CASSMRSRGRTGELFF"	"TCRBV19-1*1"	"TCRBD1-1*1"	"TCRBJ2-2*1"	47	53	61	63	6	2	NA	NA	"TCGGCCCAAAAGAACCCGACAGCTTTCTATCTCTGTGCCAGTAGTATGCGTAGCAGGGGGCGAACCGGGGAGCTGTTTTTTGGAGAA"	FALSE	TRUE	NA	NA	NA	NA
"GTGACATCGGCCCAAAAGAACCCGACAGCTTTCTATCTCTGTGCCCCAGGAGATCGCTATAGCAATCAGCCCCAGCATTTTGGTGAT"	"CAPGDRYSNQPQHF"	"GTGACATCGGCCCAAAAGAACCCGACAGCTTTCTATCTCTGTGCCCCAGGAGATCGCTATAGCAATCAGCCCCAGCATTTTGGTGAT"	"CAPGDRYSNQPQHF"	"TCRBV19-1*1"	NA	"TCRBJ1-5*1"	45	46	50	59	1	9	NA	NA	"GTGACATCGGCCCAAAAGAACCCGACAGCTTTCTATCTCTGTGCCCCAGGAGATCGCTATAGCAATCAGCCCCAGCATTTTGGTGAT"	FALSE	TRUE	NA	NA	NA	NA
"AACGCCTTGTTGCTGGGGGACTCGGCCCTGTATCTCTGTGCCAGCAGCTTGCCCCGGACGGGACAGTCCGAAGCTTTCTTTGGACAA"	"CASSLPRTGQSEAFF"	"AACGCCTTGTTGCTGGGGGACTCGGCCCTGTATCTCTGTGCCAGCAGCTTGCCCCGGACGGGACAGTCCGAAGCTTTCTTTGGACAA"	"CASSLPRTGQSEAFF"	"TCRBV5-5*1"	"TCRBD1-1*1"	"TCRBJ1-1*1"	51	59	66	69	8	3	NA	NA	"AACGCCTTGTTGCTGGGGGACTCGGCCCTGTATCTCTGTGCCAGCAGCTTGCCCCGGACGGGACAGTCCGAAGCTTTCTTTGGACAA"	FALSE	TRUE	NA	NA	NA	NA
"AGCCAGAAGACTCGGCCCTGTATCTCTGTGCCAGCAGCCAAGAAGGGACTAGCGGGAGGACCTTCCTACGAGCAGTACTTCGGGCCG"	""	"AGCCAGAAGACTCGGCCCTGTATCTCTGTGCCAGCAGCCAAGAAGGGACTAGCGGGAGGACCTTCCTACGAGCAGTACTTCGGGCCG"	""	"TCRBV4-2*1"	"TCRBD2-1*2"	"TCRBJ2-7*1"	43	44	59	63	1	4	NA	NA	"AGCCAGAAGACTCGGCCCTGTATCTCTGTGCCAGCAGCCAAGAAGGGACTAGCGGGAGGACCTTCCTACGAGCAGTACTTCGGGCCG"	FALSE	FALSE	NA	NA	NA	NA
"CTGCAGCCAGAAGACTCGGCCCTGTATCTCTGCGCCAGCAGCCAAGATCAAGATTTGGGGGGACGAGGTGAAGCTTTCTTTGGACAA"	"CASSQDQDLGGRGEAFF"	"CTGCAGCCAGAAGACTCGGCCCTGTATCTCTGCGCCAGCAGCCAAGATCAAGATTTGGGGGGACGAGGTGAAGCTTTCTTTGGACAA"	"CASSQDQDLGGRGEAFF"	"TCRBV4-3*1"	"TCRBD2-1*1"	"TCRBJ1-1*1"	47	56	62	68	9	6	NA	NA	"CTGCAGCCAGAAGACTCGGCCCTGTATCTCTGCGCCAGCAGCCAAGATCAAGATTTGGGGGGACGAGGTGAAGCTTTCTTTGGACAA"	FALSE	TRUE	NA	NA	NA	NA
"ACGATCCAGCGCACACAGCAGGAGGACTCCGCCGTGTATCTCTGTGCCAGCAGCTCCCAACAGGGTGGGACCCAGTACTTCGGGCCA"	"CASSSQQGGTQYF"	"ACGATCCAGCGCACACAGCAGGAGGACTCCGCCGTGTATCTCTGTGCCAGCAGCTCCCAACAGGGTGGGACCCAGTACTTCGGGCCA"	"CASSSQQGGTQYF"	"TCRBV7-8*1"	"TCRBD1-1*1"	"TCRBJ2-5*1"	55	59	65	68	4	3	NA	NA	"ACGATCCAGCGCACACAGCAGGAGGACTCCGCCGTGTATCTCTGTGCCAGCAGCTCCCAACAGGGTGGGACCCAGTACTTCGGGCCA"	FALSE	TRUE	NA	NA	NA	NA
"GTGAGCACCTTGGAGCTGGGGGACTCGGCCCTTTATCTTTGCGCCAGCAGCTCGGGCGGGTACCAAGAGACCCAGTACTTCGGGCCA"	"CASSSGGYQETQYF"	"GTGAGCACCTTGGAGCTGGGGGACTCGGCCCTTTATCTTTGCGCCAGCAGCTCGGGCGGGTACCAAGAGACCCAGTACTTCGGGCCA"	"CASSSGGYQETQYF"	"TCRBV5-1*1"	"TCRBD2-1"	"TCRBJ2-5*1"	52	55	60	61	3	1	NA	NA	"GTGAGCACCTTGGAGCTGGGGGACTCGGCCCTTTATCTTTGCGCCAGCAGCTCGGGCGGGTACCAAGAGACCCAGTACTTCGGGCCA"	FALSE	TRUE	NA	NA	NA	NA
"AGTTCTAAGAAGCTCCTTCTCAGTGACTCTGGCTTCTATCTCTGTGCCCACGATAGCGGGACAAACAATGAGCAGTTCTTCGGGCCA"	"CAHDSGTNNEQFF"	"AGTTCTAAGAAGCTCCTTCTCAGTGACTCTGGCTTCTATCTCTGTGCCCACGATAGCGGGACAAACAATGAGCAGTTCTTCGGGCCA"	"CAHDSGTNNEQFF"	"TCRBV3-1"	"TCRBD2-1*2"	"TCRBJ2-1*1"	48	53	61	64	5	3	NA	NA	"AGTTCTAAGAAGCTCCTTCTCAGTGACTCTGGCTTCTATCTCTGTGCCCACGATAGCGGGACAAACAATGAGCAGTTCTTCGGGCCA"	FALSE	TRUE	NA	NA	NA	NA
"NNTGTCGGCTGCTCCCTCCCAGACATCTGTGTACTTCTGTGCCAGCAGGCTTGAGCGGTTCACCCAGATACGCAGTATTTTGGCCCA"	""	"NNTGTCGGCTGCTCCCTCCCAGACATCTGTGTACTTCTGTGCCAGCAGGCTTGAGCGGTTCACCCAGATACGCAGTATTTTGGCCCA"	""	"TCRBV6-5*1"	"TCRBD2-1"	"TCRBJ2-3*1"	48	53	58	64	5	6	NA	NA	"NNTGTCGGCTGCTCCCTCCCAGACATCTGTGTACTTCTGTGCCAGCAGGCTTGAGCGGTTCACCCAGATACGCAGTATTTTGGCCCA"	FALSE	FALSE	NA	NA	NA	NA
"ATCCAGCGCACAGAGCGGGGGGACTCAGCCGTGTATCTCTGTGCCAGCAGCCCCTACGGGTTACAAGAGACCCAGTACTTCGGGCCA"	"CASSPYGLQETQYF"	"ATCCAGCGCACAGAGCGGGGGGACTCAGCCGTGTATCTCTGTGCCAGCAGCCCCTACGGGTTACAAGAGACCCAGTACTTCGGGCCA"	"CASSPYGLQETQYF"	"TCRBV7-3*1"	"TCRBD2-1"	"TCRBJ2-5*1"	51	56	60	63	5	3	NA	NA	"ATCCAGCGCACAGAGCGGGGGGACTCAGCCGTGTATCTCTGTGCCAGCAGCCCCTACGGGTTACAAGAGACCCAGTACTTCGGGCCA"	FALSE	TRUE	NA	NA	NA	NA
"ACAGTGACCAGTGCCCATCCTGAAGACAGCAGCTTCTACATCTGCAGTGCTAGCAGGATACTAAAAGAGACCCAGTACTTCGGGCCA"	"CSASRILKETQYF"	"ACAGTGACCAGTGCCCATCCTGAAGACAGCAGCTTCTACATCTGCAGTGCTAGCAGGATACTAAAAGAGACCCAGTACTTCGGGCCA"	"CSASRILKETQYF"	NA	NA	"TCRBJ2-5*1"	-1	53	57	64	54	7	NA	NA	"ACAGTGACCAGTGCCCATCCTGAAGACAGCAGCTTCTACATCTGCAGTGCTAGCAGGATACTAAAAGAGACCCAGTACTTCGGGCCA"	FALSE	TRUE	NA	NA	NA	NA
"AATGTGAGCACCTTGGAGCTGGGGGACTCGGCCCTTTATCTTTGCGCCAGCAGCTTGAATGCGGATCAGCCCCAGCATTTTGGTGAT"	"CASSLNADQPQHF"	"AATGTGAGCACCTTGGAGCTGGGGGACTCGGCCCTTTATCTTTGCGCCAGCAGCTTGAATGCGGATCAGCCCCAGCATTTTGGTGAT"	"CASSLNADQPQHF"	"TCRBV5-1*1"	"TCRBD2-1"	"TCRBJ1-5*1"	57	60	-1	64	3	65	NA	NA	"AATGTGAGCACCTTGGAGCTGGGGGACTCGGCCCTTTATCTTTGCGCCAGCAGCTTGAATGCGGATCAGCCCCAGCATTTTGGTGAT"	FALSE	TRUE	NA	NA	NA	NA
"ACATCGGCCCAAAAGAACCCGACAGCTTTCTATCTCTGTGCCAGTAGTATTTCCCATTCTTCGAACACTGAAGCTTTCTTTGGACAA"	"CASSISHSSNTEAFF"	"ACATCGGCCCAAAAGAACCCGACAGCTTTCTATCTCTGTGCCAGTAGTATTTCCCATTCTTCGAACACTGAAGCTTTCTTTGGACAA"	"CASSISHSSNTEAFF"	"TCRBV19-1*1"	NA	"TCRBJ1-1*1"	50	54	56	62	4	6	NA	NA	"ACATCGGCCCAAAAGAACCCGACAGCTTTCTATCTCTGTGCCAGTAGTATTTCCCATTCTTCGAACACTGAAGCTTTCTTTGGACAA"	FALSE	TRUE	NA	NA	NA	NA
"GCCCATCCTGAAGACAGCAGCTTCTACATCTGCAGTGCTAGAGATTGGGCTAGCGGGAGGGACACAGATACGCAGTATTTTGGCCCA"	"CSARDWASGRDTDTQYF"	"GCCCATCCTGAAGACAGCAGCTTCTACATCTGCAGTGCTAGAGATTGGGCTAGCGGGAGGGACACAGATACGCAGTATTTTGGCCCA"	"CSARDWASGRDTDTQYF"	NA	"TCRBD2-1*2"	"TCRBJ2-3*1"	44	49	61	62	5	1	NA	NA	"GCCCATCCTGAAGACAGCAGCTTCTACATCTGCAGTGCTAGAGATTGGGCTAGCGGGAGGGACACAGATACGCAGTATTTTGGCCCA"	FALSE	TRUE	NA	NA	NA	NA
"ATCCAGCGCACAGAGCGGGGGGACTCAGCCGTGTATCTCTGTGCCAGCAGCTCTCAGGGTTTGAATTCACCCCTCCACTTTGGGAAT"	"CASSSQGLNSPLHF"	"ATCCAGCGCACAGAGCGGGGGGACTCAGCCGTGTATCTCTGTGCCAGCAGCTCTCAGGGTTTGAATTCACCCCTCCACTTTGGGAAT"	"CASSSQGLNSPLHF"	"TCRBV7-3*1"	"TCRBD1-1*1"	"TCRBJ1-6*1"	52	54	59	63	2	4	NA	NA	"ATCCAGCGCACAGAGCGGGGGGACTCAGCCGTGTATCTCTGTGCCAGCAGCTCTCAGGGTTTGAATTCACCCCTCCACTTTGGGAAT"	FALSE	TRUE	NA	NA	NA	NA
"TTGGAGATCCAGTCCACGGAGTCAGGGGACACAGCACTGTATTTCTGTGCCAGCAAGGTGGGACGCTATGGCTACACCTTCGGTTCG"	"CASKVGRYGYTF"	"TTGGAGATCCAGTCCACGGAGTCAGGGGACACAGCACTGTATTTCTGTGCCAGCAAGGTGGGACGCTATGGCTACACCTTCGGTTCG"	"CASKVGRYGYTF"	"TCRBV21-1*1"	NA	"TCRBJ1-2*1"	55	59	64	65	4	1	NA	NA	"TTGGAGATCCAGTCCACGGAGTCAGGGGACACAGCACTGTATTTCTGTGCCAGCAAGGTGGGACGCTATGGCTACACCTTCGGTTCG"	FALSE	TRUE	NA	NA	NA	NA
"CTGTCCCTAGAGTCTGCCATCCCCAACCAGACAGCTCTTTACTTCTGTGCCACCAGTGGGGAGTCCTACGAGCAGTACTTCGGGCCG"	"CATSGESYEQYF"	"CTGTCCCTAGAGTCTGCCATCCCCAACCAGACAGCTCTTTACTTCTGTGCCACCAGTGGGGAGTCCTACGAGCAGTACTTCGGGCCG"	"CATSGESYEQYF"	"TCRBV24-1*1"	"TCRBD2-1*2"	"TCRBJ2-7*1"	-1	58	-1	63	59	64	NA	NA	"CTGTCCCTAGAGTCTGCCATCCCCAACCAGACAGCTCTTTACTTCTGTGCCACCAGTGGGGAGTCCTACGAGCAGTACTTCGGGCCG"	FALSE	TRUE	NA	NA	NA	NA
"CAGCGCACACAGCAGGAGGACTCCGCCGTGTATCTCTGTGCCAGCAGCTTAGGGGGAGCGGGAGGAGAGACCCAGTACTTCGGGCCA"	"CASSLGGAGGETQYF"	"CAGCGCACACAGCAGGAGGACTCCGCCGTGTATCTCTGTGCCAGCAGCTTAGGGGGAGCGGGAGGAGAGACCCAGTACTTCGGGCCA"	"CASSLGGAGGETQYF"	"TCRBV7-8*1"	"TCRBD2-1*2"	"TCRBJ2-5*1"	52	56	-1	65	4	66	NA	NA	"CAGCGCACACAGCAGGAGGACTCCGCCGTGTATCTCTGTGCCAGCAGCTTAGGGGGAGCGGGAGGAGAGACCCAGTACTTCGGGCCA"	FALSE	TRUE	NA	NA	NA	NA
"CAGCGCACAGAGCAGGGGGACTCGGCCATGTATCTCTGTGCCAGCAGCTCGGGACTAGCGGGATCTGAGACCCAGTACTTCGGGCCA"	"CASSSGLAGSETQYF"	"CAGCGCACAGAGCAGGGGGACTCGGCCATGTATCTCTGTGCCAGCAGCTCGGGACTAGCGGGATCTGAGACCCAGTACTTCGGGCCA"	"CASSSGLAGSETQYF"	"TCRBV7-9*1"	"TCRBD2-1*2"	"TCRBJ2-5*1"	49	50	63	66	1	3	NA	NA	"CAGCGCACAGAGCAGGGGGACTCGGCCATGTATCTCTGTGCCAGCAGCTCGGGACTAGCGGGATCTGAGACCCAGTACTTCGGGCCA"	FALSE	TRUE	NA	NA	NA	NA
"AACATGAGCTCCTTGGAGCTGGGGGACTCAGCCCTGTACTTCTGTGCCAGCAGCGCAGATCGAGGCCTGGGGTCTTTCTTTGGACAA"	"CASSADRGLGSFF"	"AACATGAGCTCCTTGGAGCTGGGGGACTCAGCCCTGTACTTCTGTGCCAGCAGCGCAGATCGAGGCCTGGGGTCTTTCTTTGGACAA"	"CASSADRGLGSFF"	"TCRBV13-1*1"	NA	"TCRBJ1-1*1"	54	68	72	73	14	1	NA	NA	"AACATGAGCTCCTTGGAGCTGGGGGACTCAGCCCTGTACTTCTGTGCCAGCAGCGCAGATCGAGGCCTGGGGTCTTTCTTTGGACAA"	FALSE	TRUE	NA	NA	NA	NA
"CTGGAGTCTGCCAGGCCCTCACATACCTCTCAGTACCTCTGTGCCAGCAGTGCAGGGACAGTGTTCTACGAGCAGTACTTCGGGCCG"	"CASSAGTVFYEQYF"	"CTGGAGTCTGCCAGGCCCTCACATACCTCTCAGTACCTCTGTGCCAGCAGTGCAGGGACAGTGTTCTACGAGCAGTACTTCGGGCCG"	"CASSAGTVFYEQYF"	"TCRBV25-1*1"	"TCRBD1-1*1"	"TCRBJ2-7*1"	52	54	61	65	2	4	NA	NA	"CTGGAGTCTGCCAGGCCCTCACATACCTCTCAGTACCTCTGTGCCAGCAGTGCAGGGACAGTGTTCTACGAGCAGTACTTCGGGCCG"	FALSE	TRUE	NA	NA	NA	NA
"GATGAATGTGAGCACCTTGGAGCTGGGGGACTCGGCCCTTTATCTTTGCGCCACCAGCCCAGCCAAGAGACCCAGTACTTCGGGCCA"	""	"GATGAATGTGAGCACCTTGGAGCTGGGGGACTCGGCCCTTTATCTTTGCGCCACCAGCCCAGCCAAGAGACCCAGTACTTCGGGCCA"	""	"TCRBV5-1*1"	"TCRBD1-1*1"	"TCRBJ2-5*1"	58	59	-1	62	1	63	NA	NA	"GATGAATGTGAGCACCTTGGAGCTGGGGGACTCGGCCCTTTATCTTTGCGCCACCAGCCCAGCCAAGAGACCCAGTACTTCGGGCCA"	FALSE	FALSE	NA	NA	NA	NA
"NNNNNNNNNNTGTCGGCTGCTCCCTCCCAGACATCTGTGTACTTCTGTGCCAGCAGCACAGGGCCCGGGGAGCTGTTTTTTGGAGAA"	"CASSTGPGELFF"	"NNNNNNNNNNTGTCGGCTGCTCCCTCCCAGACATCTGTGTACTTCTGTGCCAGCAGCACAGGGCCCGGGGAGCTGTTTTTTGGAGAA"	"CASSTGPGELFF"	"TCRBV6-5*1"	"TCRBD1-1*1"	"TCRBJ2-2*1"	56	57	63	64	1	1	NA	NA	"NNNNNNNNNNTGTCGGCTGCTCCCTCCCAGACATCTGTGTACTTCTGTGCCAGCAGCACAGGGCCCGGGGAGCTGTTTTTTGGAGAA"	FALSE	TRUE	NA	NA	NA	NA
"CTGGAGTCCGCCAGCACCAACCAGACATCTATGTACCTCTGTGCCAGCAGTATAACTGACGGGACCTACGAGCAGTACTTCGGGCCG"	"CASSITDGTYEQYF"	"CTGGAGTCCGCCAGCACCAACCAGACATCTATGTACCTCTGTGCCAGCAGTATAACTGACGGGACCTACGAGCAGTACTTCGGGCCG"	"CASSITDGTYEQYF"	"TCRBV28-1*1"	"TCRBD2-1*2"	"TCRBJ2-7*1"	51	59	-1	64	8	65	NA	NA	"CTGGAGTCCGCCAGCACCAACCAGACATCTATGTACCTCTGTGCCAGCAGTATAACTGACGGGACCTACGAGCAGTACTTCGGGCCG"	FALSE	TRUE	NA	NA	NA	NA
"ATCCAGCGCACACAGCAGGAGGACTCCGCCGTGTATCTCTGTGCCAGCAGCTCGCGTGGCGGCAGAAACACCATATATTTTGGAGAG"	"CASSSRGGRNTIYF"	"ATCCAGCGCACACAGCAGGAGGACTCCGCCGTGTATCTCTGTGCCAGCAGCTCGCGTGGCGGCAGAAACACCATATATTTTGGAGAG"	"CASSSRGGRNTIYF"	"TCRBV7-8*1"	"TCRBD2-1"	"TCRBJ1-3*1"	52	58	62	64	6	2	NA	NA	"ATCCAGCGCACACAGCAGGAGGACTCCGCCGTGTATCTCTGTGCCAGCAGCTCGCGTGGCGGCAGAAACACCATATATTTTGGAGAG"	FALSE	TRUE	NA	NA	NA	NA
"ACCAGTGCCCATCCTGAAGACAGCAGCTTCTACATCTGCAGTGCAATAATCCCTAGCGGGAGGTTTGATACGCAGTATTTTGGCCCA"	"CSAIIPSGRFDTQYF"	"ACCAGTGCCCATCCTGAAGACAGCAGCTTCTACATCTGCAGTGCAATAATCCCTAGCGGGAGGTTTGATACGCAGTATTTTGGCCCA"	"CSAIIPSGRFDTQYF"	NA	"TCRBD2-1*2"	"TCRBJ2-3*1"	44	52	63	66	8	3	NA	NA	"ACCAGTGCCCATCCTGAAGACAGCAGCTTCTACATCTGCAGTGCAATAATCCCTAGCGGGAGGTTTGATACGCAGTATTTTGGCCCA"	FALSE	TRUE	NA	NA	NA	NA
"GCTACCCGCTCCCAGACATCTGTGTATTTCTGCGCCAGCAGTCGAGGATGGGAGCGGGAGTTATCAGATACGCAGTATTTTGGCCCA"	"CASSRGWERELSDTQYF"	"GCTACCCGCTCCCAGACATCTGTGTATTTCTGCGCCAGCAGTCGAGGATGGGAGCGGGAGTTATCAGATACGCAGTATTTTGGCCCA"	"CASSRGWERELSDTQYF"	"TCRBV1-2*1"	"TCRBD2-1*2"	"TCRBJ2-3*1"	42	52	60	64	10	4	NA	NA	"GCTACCCGCTCCCAGACATCTGTGTATTTCTGCGCCAGCAGTCGAGGATGGGAGCGGGAGTTATCAGATACGCAGTATTTTGGCCCA"	FALSE	TRUE	NA	NA	NA	NA
"NNNNNNNNNNNNTGTCGGCTGCTCCCTCCCAGACATCTGTGTACTTCTGTGCCAGCAGCTAGCAATCAGCCCCAGCATTTTGGTGAT"	""	"NNNNNNNNNNNNTGTCGGCTGCTCCCTCCCAGACATCTGTGTACTTCTGTGCCAGCAGCTAGCAATCAGCCCCAGCATTTTGGTGAT"	""	"TCRBV6-5*1"	NA	"TCRBJ1-5*1"	-1	-1	58	59	0	1	NA	NA	"NNNNNNNNNNNNTGTCGGCTGCTCCCTCCCAGACATCTGTGTACTTCTGTGCCAGCAGCTAGCAATCAGCCCCAGCATTTTGGTGAT"	FALSE	FALSE	NA	NA	NA	NA
"ACTGTGAGCAACATGAGCCCTGAAGACAGCAGCATATATCTCTGCAGCGTACAACAGGGTAAGGGTCAGCCCCAGCATTTTGGTGAT"	"CSVQQGKGQPQHF"	"ACTGTGAGCAACATGAGCCCTGAAGACAGCAGCATATATCTCTGCAGCGTACAACAGGGTAAGGGTCAGCCCCAGCATTTTGGTGAT"	"CSVQQGKGQPQHF"	"TCRBV29-1"	"TCRBD1-1*1"	"TCRBJ1-5*1"	50	53	59	65	3	6	NA	NA	"ACTGTGAGCAACATGAGCCCTGAAGACAGCAGCATATATCTCTGCAGCGTACAACAGGGTAAGGGTCAGCCCCAGCATTTTGGTGAT"	FALSE	TRUE	NA	NA	NA	NA
"NNNNTGTCGGCTGCTCCCTCCCAGACATCTGTGTACTTCTGTGCCAGCACCCCCGGGACAGGGGGCTACGAGCAGTACTTCGGGCCG"	"CASTPGTGGYEQYF"	"NNNNTGTCGGCTGCTCCCTCCCAGACATCTGTGTACTTCTGTGCCAGCACCCCCGGGACAGGGGGCTACGAGCAGTACTTCGGGCCG"	"CASTPGTGGYEQYF"	"TCRBV6-5*1"	"TCRBD1-1*1"	"TCRBJ2-7*1"	49	54	-1	65	5	66	NA	NA	"NNNNTGTCGGCTGCTCCCTCCCAGACATCTGTGTACTTCTGTGCCAGCACCCCCGGGACAGGGGGCTACGAGCAGTACTTCGGGCCG"	FALSE	TRUE	NA	NA	NA	NA
"ACTCTGACAGTGACCAGTGCCCATCCTGAAGACAGCAGCTTCTACATCTGCAGTGCTGACCTAGCGACTGAGCAGTTCTTCGGGCCA"	"CSADLATEQFF"	"ACTCTGACAGTGACCAGTGCCCATCCTGAAGACAGCAGCTTCTACATCTGCAGTGCTGACCTAGCGACTGAGCAGTTCTTCGGGCCA"	"CSADLATEQFF"	"TCRBV2-1"	"TCRBD2-1"	"TCRBJ2-1*1"	57	60	66	68	3	2	NA	NA	"ACTCTGACAGTGACCAGTGCCCATCCTGAAGACAGCAGCTTCTACATCTGCAGTGCTGACCTAGCGACTGAGCAGTTCTTCGGGCCA"	FALSE	TRUE	NA	NA	NA	NA
"GAGTCAGGGGACACAGCACTGTATTTCTGTGCCAGCAGCCCCCGCCCCCGAGACTAGCGGGACACAGATACGCAGTATTTTGGCCCA"	"CASSPRPRD*RDTDTQYF"	"GAGTCAGGGGACACAGCACTGTATTTCTGTGCCAGCAGCCCCCGCCCCCGAGACTAGCGGGACACAGATACGCAGTATTTTGGCCCA"	"CASSPRPRD*RDTDTQYF"	"TCRBV21-1*1"	"TCRBD2-1*2"	"TCRBJ2-3*1"	39	51	-1	62	12	63	NA	NA	"GAGTCAGGGGACACAGCACTGTATTTCTGTGCCAGCAGCCCCCGCCCCCGAGACTAGCGGGACACAGATACGCAGTATTTTGGCCCA"	FALSE	TRUE	NA	NA	NA	NA
"NNNNTGTCGGCTGCTCCCTCCCAGACATCTGTGTACTTCTGTGCCAGCAGTGGGACGGGCTATAATTCACCCCTCCACTTTGGGAAT"	"CASSGTGYNSPLHF"	"NNNNTGTCGGCTGCTCCCTCCCAGACATCTGTGTACTTCTGTGCCAGCAGTGGGACGGGCTATAATTCACCCCTCCACTTTGGGAAT"	"CASSGTGYNSPLHF"	NA	NA	"TCRBJ1-6*1"	-1	52	56	59	53	3	NA	NA	"NNNNTGTCGGCTGCTCCCTCCCAGACATCTGTGTACTTCTGTGCCAGCAGTGGGACGGGCTATAATTCACCCCTCCACTTTGGGAAT"	FALSE	TRUE	NA	NA	NA	NA
"ACGATTCAGCGCACAGAGCAGCGGGACTCGGCCATGTATCGCTGTGCCAGCAGCTTAAAAGACAGGGGCGAGCAGTACTTCGGGCCG"	"CASSLKDRGEQYF"	"ACGATTCAGCGCACAGAGCAGCGGGACTCGGCCATGTATCGCTGTGCCAGCAGCTTAAAAGACAGGGGCGAGCAGTACTTCGGGCCG"	"CASSLKDRGEQYF"	NA	"TCRBD1-1*1"	"TCRBJ2-7*1"	57	60	-1	68	3	69	NA	NA	"ACGATTCAGCGCACAGAGCAGCGGGACTCGGCCATGTATCGCTGTGCCAGCAGCTTAAAAGACAGGGGCGAGCAGTACTTCGGGCCG"	FALSE	TRUE	NA	NA	NA	NA
"TCCGCCAGCACCAACCAGACATCTATGTACCTCTGTGCCAGCAGTTTAGGGGGCAGGGCCTATAATTCACCCCTCCACTTTGGGAAT"	"CASSLGGRAYNSPLHF"	"TCCGCCAGCACCAACCAGACATCTATGTACCTCTGTGCCAGCAGTTTAGGGGGCAGGGCCTATAATTCACCCCTCCACTTTGGGAAT"	"CASSLGGRAYNSPLHF"	"TCRBV28-1*1"	"TCRBD1-1*1"	"TCRBJ1-6*1"	-1	48	54	58	49	4	NA	NA	"TCCGCCAGCACCAACCAGACATCTATGTACCTCTGTGCCAGCAGTTTAGGGGGCAGGGCCTATAATTCACCCCTCCACTTTGGGAAT"	FALSE	TRUE	NA	NA	NA	NA
"GGCTGCTCCCTCCCAAACATCTGTGTACTTCTGTGCCAGCAGTAAACTAGCGGGAGGAGACCGGAAGAGACCCAGTACTTCGGGCCA"	""	"GGCTGCTCCCTCCCAAACATCTGTGTACTTCTGTGCCAGCAGTAAACTAGCGGGAGGAGACCGGAAGAGACCCAGTACTTCGGGCCA"	""	"TCRBV6-2/6-3*1"	"TCRBD2-1*2"	"TCRBJ2-5*1"	43	45	57	64	2	7	NA	NA	"GGCTGCTCCCTCCCAAACATCTGTGTACTTCTGTGCCAGCAGTAAACTAGCGGGAGGAGACCGGAAGAGACCCAGTACTTCGGGCCA"	FALSE	FALSE	NA	NA	NA	NA
"CGCACAGAGCAGGAGGACTCGGCCGTGTATCTCTGTGCCAGCAGCTGATAGGGCAGGGAAGCCCGGGAGACCCAGTACTTCGGGCCA"	"CASS**GREARETQYF"	"CGCACAGAGCAGGAGGACTCGGCCGTGTATCTCTGTGCCAGCAGCTGATAGGGCAGGGAAGCCCGGGAGACCCAGTACTTCGGGCCA"	"CASS**GREARETQYF"	"TCRBV7-2"	"TCRBD1-1*1"	"TCRBJ2-5*1"	46	53	58	66	7	8	NA	NA	"CGCACAGAGCAGGAGGACTCGGCCGTGTATCTCTGTGCCAGCAGCTGATAGGGCAGGGAAGCCCGGGAGACCCAGTACTTCGGGCCA"	FALSE	TRUE	NA	NA	NA	NA
"ACTCTGGAGTCAGCTACCCGCTCCCAGACATCTGTGTATTTCTGCGCCAGCAGGAGGGGGCTTAGCAATGAGCAGTTCTTCGGGCCA"	"CASRRGLSNEQFF"	"ACTCTGGAGTCAGCTACCCGCTCCCAGACATCTGTGTATTTCTGCGCCAGCAGGAGGGGGCTTAGCAATGAGCAGTTCTTCGGGCCA"	"CASRRGLSNEQFF"	"TCRBV1-2*1"	"TCRBD1-1*1"	"TCRBJ2-1*1"	53	54	61	65	1	4	NA	NA	"ACTCTGGAGTCAGCTACCCGCTCCCAGACATCTGTGTATTTCTGCGCCAGCAGGAGGGGGCTTAGCAATGAGCAGTTCTTCGGGCCA"	FALSE	TRUE	NA	NA	NA	NA
"CAGCCCTCAGAACCCAGGGACTCAGCTGTGTACTTCTGTGCCAGCAGTCCCCTAACGGGGAGCAACAATGAGCAGTTCTTCGGGCCA"	"CASSPLTGSNNEQFF"	"CAGCCCTCAGAACCCAGGGACTCAGCTGTGTACTTCTGTGCCAGCAGTCCCCTAACGGGGAGCAACAATGAGCAGTTCTTCGGGCCA"	"CASSPLTGSNNEQFF"	NA	"TCRBD2-1"	"TCRBJ2-1*1"	48	55	60	64	7	4	NA	NA	"CAGCCCTCAGAACCCAGGGACTCAGCTGTGTACTTCTGTGCCAGCAGTCCCCTAACGGGGAGCAACAATGAGCAGTTCTTCGGGCCA"	FALSE	TRUE	NA	NA	NA	NA
"GTGACCAGTGCCCATCCTGAAGACAGCAGCTTCTACATCTGCAGTGCTAGTGTGGGACTAGCATCAGCCGAGCAGTACTTCGGGCCG"	"CSASVGLASAEQYF"	"GTGACCAGTGCCCATCCTGAAGACAGCAGCTTCTACATCTGCAGTGCTAGTGTGGGACTAGCATCAGCCGAGCAGTACTTCGGGCCG"	"CSASVGLASAEQYF"	"TCRBV2-1*4"	"TCRBD2-1"	"TCRBJ2-7*1"	52	53	62	68	1	6	NA	NA	"GTGACCAGTGCCCATCCTGAAGACAGCAGCTTCTACATCTGCAGTGCTAGTGTGGGACTAGCATCAGCCGAGCAGTACTTCGGGCCG"	FALSE	TRUE	NA	NA	NA	NA
"GTGAACGCCTTGGAGCTGGAGGACTCGGCCCTGTATCTCTGTGCCAGCAGCTTGGATCGCGGAATCGAGACCCAGTACTTCGGGCCA"	"CASSLDRGIETQYF"	"GTGAACGCCTTGGAGCTGGAGGACTCGGCCCTGTATCTCTGTGCCAGCAGCTTGGATCGCGGAATCGAGACCCAGTACTTCGGGCCA"	"CASSLDRGIETQYF"	"TCRBV5-8*1"	"TCRBD2-1"	"TCRBJ2-5*1"	55	58	62	66	3	4	NA	NA	"GTGAACGCCTTGGAGCTGGAGGACTCGGCCCTGTATCTCTGTGCCAGCAGCTTGGATCGCGGAATCGAGACCCAGTACTTCGGGCCA"	FALSE	TRUE	NA	NA	NA	NA
"ACAGAGCGGGGGGACTCAGCCGTGTATCTCTGTGCCAGCAGCTTAACACCCACTAGCGGGAGCTCTTCCGGGCAGTTCTTCGGGCCA"	"CASSLTPTSGSSSGQFF"	"ACAGAGCGGGGGGACTCAGCCGTGTATCTCTGTGCCAGCAGCTTAACACCCACTAGCGGGAGCTCTTCCGGGCAGTTCTTCGGGCCA"	"CASSLTPTSGSSSGQFF"	"TCRBV7-3*1"	"TCRBD2-1*2"	"TCRBJ2-1*1"	47	51	62	71	4	9	NA	NA	"ACAGAGCGGGGGGACTCAGCCGTGTATCTCTGTGCCAGCAGCTTAACACCCACTAGCGGGAGCTCTTCCGGGCAGTTCTTCGGGCCA"	FALSE	TRUE	NA	NA	NA	NA
"ACGTTGGCGTCTGCTGTACCCTCTCAGACATCTGTGTACTTCTGTGCCAGCAGTGACTCGGAGTTTTCACCCCTCCACTTTGGGAAT"	"CASSDSEFSPLHF"	"ACGTTGGCGTCTGCTGTACCCTCTCAGACATCTGTGTACTTCTGTGCCAGCAGTGACTCGGAGTTTTCACCCCTCCACTTTGGGAAT"	"CASSDSEFSPLHF"	"TCRBV6-4*1"	"TCRBD2-1*2"	"TCRBJ1-6*1"	-1	59	63	65	60	2	NA	NA	"ACGTTGGCGTCTGCTGTACCCTCTCAGACATCTGTGTACTTCTGTGCCAGCAGTGACTCGGAGTTTTCACCCCTCCACTTTGGGAAT"	FALSE	TRUE	NA	NA	NA	NA
"ATCCAGCCTGCAGAGCTTGGGGACTCGGCCGTGTATCTCTGTGCCAGCAGCCCTAGGGCGACCACCGGGGAGCTGTTTTTTGGAGAA"	"CASSPRATTGELFF"	"ATCCAGCCTGCAGAGCTTGGGGACTCGGCCGTGTATCTCTGTGCCAGCAGCCCTAGGGCGACCACCGGGGAGCTGTTTTTTGGAGAA"	"CASSPRATTGELFF"	"TCRBV11-3*1"	NA	"TCRBJ2-2*1"	51	54	58	62	3	4	NA	NA	"ATCCAGCCTGCAGAGCTTGGGGACTCGGCCGTGTATCTCTGTGCCAGCAGCCCTAGGGCGACCACCGGGGAGCTGTTTTTTGGAGAA"	FALSE	TRUE	NA	NA	NA	NA
"TCGCCCAGCCCCAACCAGACCTCTCTGTACTTCTGTGCCAGCAGTTCGTTACCGGGACAGGGCACAGATACGCAGTATTTTGGCCCA"	"CASSSLPGQGTDTQYF"	"TCGCCCAGCCCCAACCAGACCTCTCTGTACTTCTGTGCCAGCAGTTCGTTACCGGGACAGGGCACAGATACGCAGTATTTTGGCCCA"	"CASSSLPGQGTDTQYF"	"TCRBV27-1*1"	"TCRBD1-1*1"	"TCRBJ2-3*1"	46	53	-1	61	7	62	NA	NA	"TCGCCCAGCCCCAACCAGACCTCTCTGTACTTCTGTGCCAGCAGTTCGTTACCGGGACAGGGCACAGATACGCAGTATTTTGGCCCA"	FALSE	TRUE	NA	NA	NA	NA
"GCCTTGGAGCTGGACGACTCGGCCCTGTATCTCTGTGCCAGCAGCTCGGGGGGACTAGCGGGAAGAGAGACCCAGTACTTCGGGCCA"	"CASSSGGLAGRETQYF"	"GCCTTGGAGCTGGACGACTCGGCCCTGTATCTCTGTGCCAGCAGCTCGGGGGGACTAGCGGGAAGAGAGACCCAGTACTTCGGGCCA"	"CASSSGGLAGRETQYF"	"TCRBV5-4*1"	"TCRBD2-1*2"	"TCRBJ2-5*1"	46	50	63	65	4	2	NA	NA	"GCCTTGGAGCTGGACGACTCGGCCCTGTATCTCTGTGCCAGCAGCTCGGGGGGACTAGCGGGAAGAGAGACCCAGTACTTCGGGCCA"	FALSE	TRUE	NA	NA	NA	NA
"CAGCCTGCAGAGCTTGGGGACTCGGCCGTGTATCTCTGTGCCAGCAGCTTAGATTGGGACAGGGAAGAGACCCAGTACTTCGGGCCA"	"CASSLDWDREETQYF"	"CAGCCTGCAGAGCTTGGGGACTCGGCCGTGTATCTCTGTGCCAGCAGCTTAGATTGGGACAGGGAAGAGACCCAGTACTTCGGGCCA"	"CASSLDWDREETQYF"	"TCRBV11-3*1"	"TCRBD1-1*1"	"TCRBJ2-5*1"	53	55	-1	64	2	65	NA	NA	"CAGCCTGCAGAGCTTGGGGACTCGGCCGTGTATCTCTGTGCCAGCAGCTTAGATTGGGACAGGGAAGAGACCCAGTACTTCGGGCCA"	FALSE	TRUE	NA	NA	NA	NA
"TCCGCCAGCACCAACCAGACATCTATGTACCTCTGTGCCAGCAGTTTATGGCACTTAAGGGGGCATCAGCCCCAGCATTTTGGTGAT"	"CASSLWHLRGHQPQHF"	"TCCGCCAGCACCAACCAGACATCTATGTACCTCTGTGCCAGCAGTTTATGGCACTTAAGGGGGCATCAGCCCCAGCATTTTGGTGAT"	"CASSLWHLRGHQPQHF"	"TCRBV28-1*1"	"TCRBD1-1*1"	"TCRBJ1-5*1"	50	57	-1	64	7	65	NA	NA	"TCCGCCAGCACCAACCAGACATCTATGTACCTCTGTGCCAGCAGTTTATGGCACTTAAGGGGGCATCAGCCCCAGCATTTTGGTGAT"	FALSE	TRUE	NA	NA	NA	NA
"GTGAGCACCTTGGAGCTGGGGGACTCGGCCCTTTATCTTTGCGCCAGCAGCTCGACAGGGGGGAACACTGAAGCTTTCTTTGGACAA"	"CASSSTGGNTEAFF"	"GTGAGCACCTTGGAGCTGGGGGACTCGGCCCTTTATCTTTGCGCCAGCAGCTCGACAGGGGGGAACACTGAAGCTTTCTTTGGACAA"	"CASSSTGGNTEAFF"	"TCRBV5-1*1"	"TCRBD1-1*1"	"TCRBJ1-1*1"	52	53	-1	62	1	63	NA	NA	"GTGAGCACCTTGGAGCTGGGGGACTCGGCCCTTTATCTTTGCGCCAGCAGCTCGACAGGGGGGAACACTGAAGCTTTCTTTGGACAA"	FALSE	TRUE	NA	NA	NA	NA
"GCCCTGCAGCCAGAAGACTCAGCCCTGTATCTCTGCGCCAGCAGCCAATCGGGACAGGGGGCGAACACTGAAGCTTTCTTTGGACAA"	"CASSQSGQGANTEAFF"	"GCCCTGCAGCCAGAAGACTCAGCCCTGTATCTCTGCGCCAGCAGCCAATCGGGACAGGGGGCGAACACTGAAGCTTTCTTTGGACAA"	"CASSQSGQGANTEAFF"	"TCRBV4-1*1"	"TCRBD1-1*1"	"TCRBJ1-1*1"	48	50	-1	62	2	63	NA	NA	"GCCCTGCAGCCAGAAGACTCAGCCCTGTATCTCTGCGCCAGCAGCCAATCGGGACAGGGGGCGAACACTGAAGCTTTCTTTGGACAA"	FALSE	TRUE	NA	NA	NA	NA
"ACATCGGCCCAAAAGAACCCGACAGCTTTCTATCTCTGTGCCAGTAGTAAAACTAGTTCCTCCTACAATGAGCAGTTCTTCGGGCCA"	"CASSKTSSSYNEQFF"	"ACATCGGCCCAAAAGAACCCGACAGCTTTCTATCTCTGTGCCAGTAGTAAAACTAGTTCCTCCTACAATGAGCAGTTCTTCGGGCCA"	"CASSKTSSSYNEQFF"	"TCRBV19-1*1"	"TCRBD2-1"	"TCRBJ2-1*1"	49	51	56	59	2	3	NA	NA	"ACATCGGCCCAAAAGAACCCGACAGCTTTCTATCTCTGTGCCAGTAGTAAAACTAGTTCCTCCTACAATGAGCAGTTCTTCGGGCCA"	FALSE	TRUE	NA	NA	NA	NA
"GCCTTGGAGCTGGACGACTCGGCCCTGTATCTCTGTGCCAGCAGCTTGGGAGGACAGGGAGGATCAGATACGCAGTATTTTGGCCCA"	"CASSLGGQGGSDTQYF"	"GCCTTGGAGCTGGACGACTCGGCCCTGTATCTCTGTGCCAGCAGCTTGGGAGGACAGGGAGGATCAGATACGCAGTATTTTGGCCCA"	"CASSLGGQGGSDTQYF"	"TCRBV5-4*1"	"TCRBD1-1*1"	"TCRBJ2-3*1"	49	51	59	64	2	5	NA	NA	"GCCTTGGAGCTGGACGACTCGGCCCTGTATCTCTGTGCCAGCAGCTTGGGAGGACAGGGAGGATCAGATACGCAGTATTTTGGCCCA"	FALSE	TRUE	NA	NA	NA	NA
"GTGACATCGGCCCAAAAGAACCCGACAGCTTTCTATCTCTGTGCCAGTAGTATAGAAAGCAGGCATCAGCCCCAGCATTTTGGTGAT"	"CASSIESRHQPQHF"	"GTGACATCGGCCCAAAAGAACCCGACAGCTTTCTATCTCTGTGCCAGTAGTATAGAAAGCAGGCATCAGCCCCAGCATTTTGGTGAT"	"CASSIESRHQPQHF"	"TCRBV19-1*1"	"TCRBD1-1*1"	"TCRBJ1-5*1"	56	59	63	64	3	1	NA	NA	"GTGACATCGGCCCAAAAGAACCCGACAGCTTTCTATCTCTGTGCCAGTAGTATAGAAAGCAGGCATCAGCCCCAGCATTTTGGTGAT"	FALSE	TRUE	NA	NA	NA	NA
"CTGGAGTCAGCTACCAGCTCCCAGACATCTGTGTACTTCTGTGCCATCAGCAACAGGGGATCCACCGGGGAGCTGTTTTTTGGAGAA"	"CAISNRGSTGELFF"	"CTGGAGTCAGCTACCAGCTCCCAGACATCTGTGTACTTCTGTGCCATCAGCAACAGGGGATCCACCGGGGAGCTGTTTTTTGGAGAA"	"CAISNRGSTGELFF"	"TCRBV1-3*1"	"TCRBD1-1*1"	"TCRBJ2-2*1"	50	52	59	62	2	3	NA	NA	"CTGGAGTCAGCTACCAGCTCCCAGACATCTGTGTACTTCTGTGCCATCAGCAACAGGGGATCCACCGGGGAGCTGTTTTTTGGAGAA"	FALSE	TRUE	NA	NA	NA	NA
"ATCCAGCGCACAGAGCAGGGGGACTCGGCCATGTATCTCTGTGCCAGCAGCGACCCGGACAGGATGGAGACCCAGTACTTCGGGCCA"	"CASSDPDRMETQYF"	"ATCCAGCGCACAGAGCAGGGGGACTCGGCCATGTATCTCTGTGCCAGCAGCGACCCGGACAGGATGGAGACCCAGTACTTCGGGCCA"	"CASSDPDRMETQYF"	"TCRBV7-9*1"	"TCRBD1-1*1"	"TCRBJ2-5*1"	51	56	63	66	5	3	NA	NA	"ATCCAGCGCACAGAGCAGGGGGACTCGGCCATGTATCTCTGTGCCAGCAGCGACCCGGACAGGATGGAGACCCAGTACTTCGGGCCA"	FALSE	TRUE	NA	NA	NA	NA
"CCTGCAGCCAGAAGACTCAGCCCTGTATCTCTGCGCCAGCAGCCAAGATTGGTAGGGCTGGATGGTAGTCGCTACACCTTCGGTTCG"	""	"CCTGCAGCCAGAAGACTCAGCCCTGTATCTCTGCGCCAGCAGCCAAGATTGGTAGGGCTGGATGGTAGTCGCTACACCTTCGGTTCG"	""	"TCRBV4-1*1"	NA	"TCRBJ1-2*1"	48	53	57	70	5	13	NA	NA	"CCTGCAGCCAGAAGACTCAGCCCTGTATCTCTGCGCCAGCAGCCAAGATTGGTAGGGCTGGATGGTAGTCGCTACACCTTCGGTTCG"	FALSE	FALSE	NA	NA	NA	NA
"CTCAGGCTGGAGTCGGCTGCTCCCTCCCAGACATCTGTGTACTTCTGTGCCAGCGGGGGACAGAGCTATGGCTACACCTTCGGTTCG"	"CASGGQSYGYTF"	"CTCAGGCTGGAGTCGGCTGCTCCCTCCCAGACATCTGTGTACTTCTGTGCCAGCGGGGGACAGAGCTATGGCTACACCTTCGGTTCG"	"CASGGQSYGYTF"	"TCRBV6-1*1"	"TCRBD1-1*1"	"TCRBJ1-2*1"	54	56	63	65	2	2	NA	NA	"CTCAGGCTGGAGTCGGCTGCTCCCTCCCAGACATCTGTGTACTTCTGTGCCAGCGGGGGACAGAGCTATGGCTACACCTTCGGTTCG"	FALSE	TRUE	NA	NA	NA	NA
"TCCACGGAGTCAGGGGACACAGCACTGTATTTCTGTGCCAGCAGCATTAGGACAGGGGGGAGCTCCTACGAGCAGTACTTCGGGCCG"	"CASSIRTGGSSYEQYF"	"TCCACGGAGTCAGGGGACACAGCACTGTATTTCTGTGCCAGCAGCATTAGGACAGGGGGGAGCTCCTACGAGCAGTACTTCGGGCCG"	"CASSIRTGGSSYEQYF"	"TCRBV21-1*1"	"TCRBD1-1*1"	"TCRBJ2-7*1"	46	49	59	62	3	3	NA	NA	"TCCACGGAGTCAGGGGACACAGCACTGTATTTCTGTGCCAGCAGCATTAGGACAGGGGGGAGCTCCTACGAGCAGTACTTCGGGCCG"	FALSE	TRUE	NA	NA	NA	NA
"TCCGCCAGCACCAACCAGACATCTATGTACCTCTGTGCCAGCAGATCGAGACCGTCGTTTAGCAATCAGCCCCAGCATTTTGGTGAT"	"CASRSRPSFSNQPQHF"	"TCCGCCAGCACCAACCAGACATCTATGTACCTCTGTGCCAGCAGATCGAGACCGTCGTTTAGCAATCAGCCCCAGCATTTTGGTGAT"	"CASRSRPSFSNQPQHF"	"TCRBV28-1*1"	NA	"TCRBJ1-5*1"	44	49	52	59	5	7	NA	NA	"TCCGCCAGCACCAACCAGACATCTATGTACCTCTGTGCCAGCAGATCGAGACCGTCGTTTAGCAATCAGCCCCAGCATTTTGGTGAT"	FALSE	TRUE	NA	NA	NA	NA
"TCTAAGAAGCTCCTTCTCAGTGACTCTGGCTTCTATCTCTGTGCCTGGAGTGGGGACTCAAACTACAATGAGCAGTTCTTCGGGCCA"	"CAWSGDSNYNEQFF"	"TCTAAGAAGCTCCTTCTCAGTGACTCTGGCTTCTATCTCTGTGCCTGGAGTGGGGACTCAAACTACAATGAGCAGTTCTTCGGGCCA"	"CAWSGDSNYNEQFF"	"TCRBV3-1*1"	"TCRBD2-1"	"TCRBJ2-1*1"	-1	52	58	62	53	4	NA	NA	"TCTAAGAAGCTCCTTCTCAGTGACTCTGGCTTCTATCTCTGTGCCTGGAGTGGGGACTCAAACTACAATGAGCAGTTCTTCGGGCCA"	FALSE	TRUE	NA	NA	NA	NA
"TGTCGGCTGCTCCCTCCCAGACATCTGTGTACTTCTGTGCCAGCAGTTAAGCTACGATTACGTGGCGAGACCCAGTACTTCGGGCCA"	""	"TGTCGGCTGCTCCCTCCCAGACATCTGTGTACTTCTGTGCCAGCAGTTAAGCTACGATTACGTGGCGAGACCCAGTACTTCGGGCCA"	""	"TCRBV6-5*1"	NA	"TCRBJ2-5*1"	49	63	-1	66	14	67	NA	NA	"TGTCGGCTGCTCCCTCCCAGACATCTGTGTACTTCTGTGCCAGCAGTTAAGCTACGATTACGTGGCGAGACCCAGTACTTCGGGCCA"	FALSE	FALSE	NA	NA	NA	NA
"AATGTGAGCACCTTGGAGCTGGGGGACTCGGCCCTTTATCTTTGCGCCAGCAGCTTAGGGTTAACCTACGAGCAGTACTTCGGGCCG"	"CASSLGLTYEQYF"	"AATGTGAGCACCTTGGAGCTGGGGGACTCGGCCCTTTATCTTTGCGCCAGCAGCTTAGGGTTAACCTACGAGCAGTACTTCGGGCCG"	"CASSLGLTYEQYF"	"TCRBV5-1*1"	NA	"TCRBJ2-7*1"	-1	56	60	64	57	4	NA	NA	"AATGTGAGCACCTTGGAGCTGGGGGACTCGGCCCTTTATCTTTGCGCCAGCAGCTTAGGGTTAACCTACGAGCAGTACTTCGGGCCG"	FALSE	TRUE	NA	NA	NA	NA
"CCAGACATCTGTGTACTTCTGTGCCAGCAGTCCGGAGGATTTCTCCGGGACAGGGGTCCCCCCATAGAGACCCAGTACTTCGGGCCA"	""	"CCAGACATCTGTGTACTTCTGTGCCAGCAGTCCGGAGGATTTCTCCGGGACAGGGGTCCCCCCATAGAGACCCAGTACTTCGGGCCA"	""	"TCRBV6-6*4"	"TCRBD1-1*1"	"TCRBJ2-5*1"	32	46	56	65	14	9	NA	NA	"CCAGACATCTGTGTACTTCTGTGCCAGCAGTCCGGAGGATTTCTCCGGGACAGGGGTCCCCCCATAGAGACCCAGTACTTCGGGCCA"	FALSE	FALSE	NA	NA	NA	NA
"ATGCCTTCACCTACACACCCTGCAGCCAGAAGACTCGGCCCTGTATCTCTGCGCCAGCAGCCGCCCAGGGTGCGGTTCTTCGGGCCA"	""	"ATGCCTTCACCTACACACCCTGCAGCCAGAAGACTCGGCCCTGTATCTCTGCGCCAGCAGCCGCCCAGGGTGCGGTTCTTCGGGCCA"	""	"TCRBV4-3*1"	"TCRBD1-1*1"	"TCRBJ2-1*1"	62	65	70	74	3	4	NA	NA	"ATGCCTTCACCTACACACCCTGCAGCCAGAAGACTCGGCCCTGTATCTCTGCGCCAGCAGCCGCCCAGGGTGCGGTTCTTCGGGCCA"	FALSE	FALSE	NA	NA	NA	NA
"CTTGGGGACTCGGCCGTGTATCTCTGTGCCAGCAGCTTAGATCCATCACTAGCGGGAGGGCCTAAAAATACGCAGTATTTTGGCCCA"	"CASSLDPSLAGGPKNTQYF"	"CTTGGGGACTCGGCCGTGTATCTCTGTGCCAGCAGCTTAGATCCATCACTAGCGGGAGGGCCTAAAAATACGCAGTATTTTGGCCCA"	"CASSLDPSLAGGPKNTQYF"	"TCRBV11-3*1"	"TCRBD2-1*2"	"TCRBJ2-3*1"	41	47	60	67	6	7	NA	NA	"CTTGGGGACTCGGCCGTGTATCTCTGTGCCAGCAGCTTAGATCCATCACTAGCGGGAGGGCCTAAAAATACGCAGTATTTTGGCCCA"	FALSE	TRUE	NA	NA	NA	NA
"CTGGAGTCCGCTACCAGCTCCCAGACATCTGTGTACTTCTGTGCCATAGAGGACAGGTCTGGCACAGATACGCAGTATTTTGGCCCA"	"CAIEDRSGTDTQYF"	"CTGGAGTCCGCTACCAGCTCCCAGACATCTGTGTACTTCTGTGCCATAGAGGACAGGTCTGGCACAGATACGCAGTATTTTGGCCCA"	"CAIEDRSGTDTQYF"	"TCRBV1-3*1"	"TCRBD1-1*1"	"TCRBJ2-3*1"	47	50	57	61	3	4	NA	NA	"CTGGAGTCCGCTACCAGCTCCCAGACATCTGTGTACTTCTGTGCCATAGAGGACAGGTCTGGCACAGATACGCAGTATTTTGGCCCA"	FALSE	TRUE	NA	NA	NA	NA
"CAGCGCACAGAGCAGGAGGACTCGGCCGTGTATCTCTGTGCCAGCAGCTTAAGACCCCTCGGGATCTACGAGCAGTACTTCGGGCCG"	"CASSLRPLGIYEQYF"	"CAGCGCACAGAGCAGGAGGACTCGGCCGTGTATCTCTGTGCCAGCAGCTTAAGACCCCTCGGGATCTACGAGCAGTACTTCGGGCCG"	"CASSLRPLGIYEQYF"	"TCRBV7-2"	"TCRBD2-1*2"	"TCRBJ2-7*1"	51	59	64	65	8	1	NA	NA	"CAGCGCACAGAGCAGGAGGACTCGGCCGTGTATCTCTGTGCCAGCAGCTTAAGACCCCTCGGGATCTACGAGCAGTACTTCGGGCCG"	FALSE	TRUE	NA	NA	NA	NA
"AATTCCCTGGAGCTTGGTGACTCTGCTGTGTATTTCTGTGCCAGCAGCCAGGAGGGGCAGAACTATTCACCCCTCCACTTTGGGAAT"	"CASSQEGQNYSPLHF"	"AATTCCCTGGAGCTTGGTGACTCTGCTGTGTATTTCTGTGCCAGCAGCCAGGAGGGGCAGAACTATTCACCCCTCCACTTTGGGAAT"	"CASSQEGQNYSPLHF"	"TCRBV3-1/3-2*1"	"TCRBD2-1*2"	"TCRBJ1-6*1"	-1	50	56	64	51	8	NA	NA	"AATTCCCTGGAGCTTGGTGACTCTGCTGTGTATTTCTGTGCCAGCAGCCAGGAGGGGCAGAACTATTCACCCCTCCACTTTGGGAAT"	FALSE	TRUE	NA	NA	NA	NA
"NNNNNNNNNNTGTCGGCTGCTCCCTCCCAGACATCTGTGTACTTCTGTGCCAGCAGTTTATTCGGAGAGGAGCAGTTCTTCGGGCCA"	"CASSLFGEEQFF"	"NNNNNNNNNNTGTCGGCTGCTCCCTCCCAGACATCTGTGTACTTCTGTGCCAGCAGTTTATTCGGAGAGGAGCAGTTCTTCGGGCCA"	"CASSLFGEEQFF"	"TCRBV6-5*1"	"TCRBD2-1*2"	"TCRBJ2-1*1"	58	63	67	69	5	2	NA	NA	"NNNNNNNNNNTGTCGGCTGCTCCCTCCCAGACATCTGTGTACTTCTGTGCCAGCAGTTTATTCGGAGAGGAGCAGTTCTTCGGGCCA"	FALSE	TRUE	NA	NA	NA	NA
"ATCCAGCGCACAGAGCGGGGGGACTCAGCCGTGTATCTCTGTGCCAGCAGCCCGATGCGGAGCACAGATACGCAGTATTTTGGCCCA"	"CASSPMRSTDTQYF"	"ATCCAGCGCACAGAGCGGGGGGACTCAGCCGTGTATCTCTGTGCCAGCAGCCCGATGCGGAGCACAGATACGCAGTATTTTGGCCCA"	"CASSPMRSTDTQYF"	"TCRBV7-3*1"	"TCRBD2-1"	"TCRBJ2-3*1"	51	56	-1	60	5	61	NA	NA	"ATCCAGCGCACAGAGCGGGGGGACTCAGCCGTGTATCTCTGTGCCAGCAGCCCGATGCGGAGCACAGATACGCAGTATTTTGGCCCA"	FALSE	TRUE	NA	NA	NA	NA
"GTGACCAGTGCCCATCCTGAAGACAGCAGCTTCTACATCTGCAGTGCTGGACTAGCGGGAGGACTGAATACGCAGTATTTTGGCCCA"	"CSAGLAGGLNTQYF"	"GTGACCAGTGCCCATCCTGAAGACAGCAGCTTCTACATCTGCAGTGCTGGACTAGCGGGAGGACTGAATACGCAGTATTTTGGCCCA"	"CSAGLAGGLNTQYF"	NA	"TCRBD2-1*2"	"TCRBJ2-3*1"	-1	48	62	67	49	5	NA	NA	"GTGACCAGTGCCCATCCTGAAGACAGCAGCTTCTACATCTGCAGTGCTGGACTAGCGGGAGGACTGAATACGCAGTATTTTGGCCCA"	FALSE	TRUE	NA	NA	NA	NA
"GTCCGCCAGCACCAACCAGACATCTATGTACCTCTGTGCCAGCAGTTTAGGACAGACGGATTCACAGATACGCAGTATTTTGGCCCA"	""	"GTCCGCCAGCACCAACCAGACATCTATGTACCTCTGTGCCAGCAGTTTAGGACAGACGGATTCACAGATACGCAGTATTTTGGCCCA"	""	"TCRBV28-1*1"	"TCRBD1-1*1"	"TCRBJ2-3*1"	-1	49	55	62	50	7	NA	NA	"GTCCGCCAGCACCAACCAGACATCTATGTACCTCTGTGCCAGCAGTTTAGGACAGACGGATTCACAGATACGCAGTATTTTGGCCCA"	FALSE	FALSE	NA	NA	NA	NA
"CTCCTCACTCTGGAGTCCGCTACCAGCTCCCAGACATCTGTGTACTTCTGTGCCATCTCTTCCGGAAACACCATATATTTTGGAGAG"	"CAISSGNTIYF"	"CTCCTCACTCTGGAGTCCGCTACCAGCTCCCAGACATCTGTGTACTTCTGTGCCATCTCTTCCGGAAACACCATATATTTTGGAGAG"	"CAISSGNTIYF"	"TCRBV1-3*1"	"TCRBD2-1"	"TCRBJ1-3*1"	57	58	60	63	1	3	NA	NA	"CTCCTCACTCTGGAGTCCGCTACCAGCTCCCAGACATCTGTGTACTTCTGTGCCATCTCTTCCGGAAACACCATATATTTTGGAGAG"	FALSE	TRUE	NA	NA	NA	NA
"CTGACAGTGACCAGTGCCCATCCTGAAGACAGCAGCTTCTACATCTGCAGTGCTATAGACCCCCCCAATGAGCAGTTCTTCGGGCCA"	"CSAIDPPNEQFF"	"CTGACAGTGACCAGTGCCCATCCTGAAGACAGCAGCTTCTACATCTGCAGTGCTATAGACCCCCCCAATGAGCAGTTCTTCGGGCCA"	"CSAIDPPNEQFF"	NA	NA	"TCRBJ2-1*1"	-1	-1	59	65	0	6	NA	NA	"CTGACAGTGACCAGTGCCCATCCTGAAGACAGCAGCTTCTACATCTGCAGTGCTATAGACCCCCCCAATGAGCAGTTCTTCGGGCCA"	FALSE	TRUE	NA	NA	NA	NA
"CCAGACATCTGTATATTTCTGCGCCAGCAGCCCAGACTAGCGGGAGGGCTCTAACCTACCGCTCAAGAGACCCAGTACTTCGGGCCA"	""	"CCAGACATCTGTATATTTCTGCGCCAGCAGCCCAGACTAGCGGGAGGGCTCTAACCTACCGCTCAAGAGACCCAGTACTTCGGGCCA"	""	"TCRBV1-1"	"TCRBD2-1*2"	"TCRBJ2-5*1"	30	34	48	63	4	15	NA	NA	"CCAGACATCTGTATATTTCTGCGCCAGCAGCCCAGACTAGCGGGAGGGCTCTAACCTACCGCTCAAGAGACCCAGTACTTCGGGCCA"	FALSE	FALSE	NA	NA	NA	NA
"NTGTCGGCTGCTCCCTCCCAGACATCTGTGTACTTCTGTGCCAGCAGTCTCCGGGACCTTAACACCGGGGAGCTGTTTTTTGGAGAA"	"CASSLRDLNTGELFF"	"NTGTCGGCTGCTCCCTCCCAGACATCTGTGTACTTCTGTGCCAGCAGTCTCCGGGACCTTAACACCGGGGAGCTGTTTTTTGGAGAA"	"CASSLRDLNTGELFF"	"TCRBV6-5*1"	NA	"TCRBJ2-2*1"	48	52	57	60	4	3	NA	NA	"NTGTCGGCTGCTCCCTCCCAGACATCTGTGTACTTCTGTGCCAGCAGTCTCCGGGACCTTAACACCGGGGAGCTGTTTTTTGGAGAA"	FALSE	TRUE	NA	NA	NA	NA
"CTGGAGTCGCCCAGCCCCAACCAGACCTCTCTGTACTTCTGTGCCAGCAGGGGACAGGGAAGAGTCTTTGAGCAGTACTTCGGGCCG"	"CASRGQGRVFEQYF"	"CTGGAGTCGCCCAGCCCCAACCAGACCTCTCTGTACTTCTGTGCCAGCAGGGGACAGGGAAGAGTCTTTGAGCAGTACTTCGGGCCG"	"CASRGQGRVFEQYF"	"TCRBV27-1*1"	"TCRBD1-1*1"	"TCRBJ2-7*1"	-1	50	59	69	51	10	NA	NA	"CTGGAGTCGCCCAGCCCCAACCAGACCTCTCTGTACTTCTGTGCCAGCAGGGGACAGGGAAGAGTCTTTGAGCAGTACTTCGGGCCG"	FALSE	TRUE	NA	NA	NA	NA
"AGCTCTCTGGAGCTGGGGGACTCAGCTTTGTATTTCTGTGCCAGCAGCGAGAGCGGGAGTCAACGGGGGGAGCTGTTTTTTGGAGAA"	"CASSESGSQRGELFF"	"AGCTCTCTGGAGCTGGGGGACTCAGCTTTGTATTTCTGTGCCAGCAGCGAGAGCGGGAGTCAACGGGGGGAGCTGTTTTTTGGAGAA"	"CASSESGSQRGELFF"	"TCRBV9-1*1"	"TCRBD2-1*2"	"TCRBJ2-2*1"	49	51	59	66	2	7	NA	NA	"AGCTCTCTGGAGCTGGGGGACTCAGCTTTGTATTTCTGTGCCAGCAGCGAGAGCGGGAGTCAACGGGGGGAGCTGTTTTTTGGAGAA"	FALSE	TRUE	NA	NA	NA	NA
"CCCAGACATCTGTGTACTTCTGTGCCAGCAGTATCCGGTCCCCCGGGACTAGCGGGAGTGGGACCAGATACGCAGTATTTTGGCCCA"	""	"CCCAGACATCTGTGTACTTCTGTGCCAGCAGTATCCGGTCCCCCGGGACTAGCGGGAGTGGGACCAGATACGCAGTATTTTGGCCCA"	""	NA	"TCRBD2-1*2"	"TCRBJ2-3*1"	32	44	58	64	12	6	NA	NA	"CCCAGACATCTGTGTACTTCTGTGCCAGCAGTATCCGGTCCCCCGGGACTAGCGGGAGTGGGACCAGATACGCAGTATTTTGGCCCA"	FALSE	FALSE	NA	NA	NA	NA
"NTGTCGGCTGCTCCCTCCCAGACATCTGTGTACTTCTGTGCCAGCAGACCAAGAGGCTCTGGGGCCAACGTCCTGACTTTCGGGGCC"	"CASRPRGSGANVLTF"	"NTGTCGGCTGCTCCCTCCCAGACATCTGTGTACTTCTGTGCCAGCAGACCAAGAGGCTCTGGGGCCAACGTCCTGACTTTCGGGGCC"	"CASRPRGSGANVLTF"	"TCRBV6-5*1"	"TCRBD2-1*2"	"TCRBJ2-6*1"	47	52	-1	56	5	57	NA	NA	"NTGTCGGCTGCTCCCTCCCAGACATCTGTGTACTTCTGTGCCAGCAGACCAAGAGGCTCTGGGGCCAACGTCCTGACTTTCGGGGCC"	FALSE	TRUE	NA	NA	NA	NA
"GTGACCAGTGCCCATCCTGAAGACAGCAGCTTCTACATCTGCAGTGCTAGAGATCCGGGTAGCAGCAATGAGCAGTTCTTCGGGCCA"	"CSARDPGSSNEQFF"	"GTGACCAGTGCCCATCCTGAAGACAGCAGCTTCTACATCTGCAGTGCTAGAGATCCGGGTAGCAGCAATGAGCAGTTCTTCGGGCCA"	"CSARDPGSSNEQFF"	NA	"TCRBD2-1"	"TCRBJ2-1*1"	53	59	63	65	6	2	NA	NA	"GTGACCAGTGCCCATCCTGAAGACAGCAGCTTCTACATCTGCAGTGCTAGAGATCCGGGTAGCAGCAATGAGCAGTTCTTCGGGCCA"	FALSE	TRUE	NA	NA	NA	NA
"AAGATCCAGCCCTCAGAACCCAGGGACTCAGCTGTGTACTTCTGTGCCAGCAGGATCCGGGAGACCGGGGAGCTGTTTTTTGGAGAA"	"CASRIRETGELFF"	"AAGATCCAGCCCTCAGAACCCAGGGACTCAGCTGTGTACTTCTGTGCCAGCAGGATCCGGGAGACCGGGGAGCTGTTTTTTGGAGAA"	"CASRIRETGELFF"	"TCRBV12-3/12-4*1"	"TCRBD2-1*2"	"TCRBJ2-2*1"	53	57	-1	63	4	64	NA	NA	"AAGATCCAGCCCTCAGAACCCAGGGACTCAGCTGTGTACTTCTGTGCCAGCAGGATCCGGGAGACCGGGGAGCTGTTTTTTGGAGAA"	FALSE	TRUE	NA	NA	NA	NA
"CTGATCCTGGAGTCGCCCAGCCCCAACCAGACCTCTCTGTACTTCTGTGCCAGCAGTGCCTCCTACAATGAGCAGTTCTTCGGGCCA"	"CASSASYNEQFF"	"CTGATCCTGGAGTCGCCCAGCCCCAACCAGACCTCTCTGTACTTCTGTGCCAGCAGTGCCTCCTACAATGAGCAGTTCTTCGGGCCA"	"CASSASYNEQFF"	"TCRBV27-1*1"	NA	"TCRBJ2-1*1"	-1	57	-1	59	58	60	NA	NA	"CTGATCCTGGAGTCGCCCAGCCCCAACCAGACCTCTCTGTACTTCTGTGCCAGCAGTGCCTCCTACAATGAGCAGTTCTTCGGGCCA"	FALSE	TRUE	NA	NA	NA	NA
"GAGTCTGCCATCCCCAACCAGACAGCTCTTTACTTCTGTGCCACCAGTGATAGGACAAACTCTGGAAACACCATATATTTTGGAGAG"	"CATSDRTNSGNTIYF"	"GAGTCTGCCATCCCCAACCAGACAGCTCTTTACTTCTGTGCCACCAGTGATAGGACAAACTCTGGAAACACCATATATTTTGGAGAG"	"CATSDRTNSGNTIYF"	"TCRBV24-1*1"	"TCRBD1-1*1"	"TCRBJ1-3*1"	51	52	57	59	1	2	NA	NA	"GAGTCTGCCATCCCCAACCAGACAGCTCTTTACTTCTGTGCCACCAGTGATAGGACAAACTCTGGAAACACCATATATTTTGGAGAG"	FALSE	TRUE	NA	NA	NA	NA
"CCTTGGAGCTGGGGGACTCGGCCCTTTATCTTTGCGCCAGCACCTAACCGGGATCCGAAAAACAACTATGGCTACACCTTCGGTTCG"	""	"CCTTGGAGCTGGGGGACTCGGCCCTTTATCTTTGCGCCAGCACCTAACCGGGATCCGAAAAACAACTATGGCTACACCTTCGGTTCG"	""	"TCRBV5-1*1"	"TCRBD2-1*2"	"TCRBJ1-2*1"	42	48	53	63	6	10	NA	NA	"CCTTGGAGCTGGGGGACTCGGCCCTTTATCTTTGCGCCAGCACCTAACCGGGATCCGAAAAACAACTATGGCTACACCTTCGGTTCG"	FALSE	FALSE	NA	NA	NA	NA
"ATCCAGCCTGCAGAGCTTGGGGACTCGGCCGTGTATCTCTGTGCCAGCACCCCAGGGACTGTCTCCTACGAGCAGTACTTCGGGCCG"	"CASTPGTVSYEQYF"	"ATCCAGCCTGCAGAGCTTGGGGACTCGGCCGTGTATCTCTGTGCCAGCACCCCAGGGACTGTCTCCTACGAGCAGTACTTCGGGCCG"	"CASTPGTVSYEQYF"	"TCRBV11-3*1"	"TCRBD2-1"	"TCRBJ2-7*1"	49	54	60	62	5	2	NA	NA	"ATCCAGCCTGCAGAGCTTGGGGACTCGGCCGTGTATCTCTGTGCCAGCACCCCAGGGACTGTCTCCTACGAGCAGTACTTCGGGCCG"	FALSE	TRUE	NA	NA	NA	NA
"TCTGCCATCCCCAACCAGACAGCTCTTTACTTCTGTGCCACCAGTGTAGCGGGACCCAGCTCCTACAATGAGCAGTTCTTCGGGCCA"	"CATSVAGPSSYNEQFF"	"TCTGCCATCCCCAACCAGACAGCTCTTTACTTCTGTGCCACCAGTGTAGCGGGACCCAGCTCCTACAATGAGCAGTTCTTCGGGCCA"	"CATSVAGPSSYNEQFF"	"TCRBV24-1*1"	"TCRBD2-1*2"	"TCRBJ2-1*1"	-1	46	54	59	47	5	NA	NA	"TCTGCCATCCCCAACCAGACAGCTCTTTACTTCTGTGCCACCAGTGTAGCGGGACCCAGCTCCTACAATGAGCAGTTCTTCGGGCCA"	FALSE	TRUE	NA	NA	NA	NA
"GCGTCTGCTGTACCCTCTCAGACATCTGTGTACTTCTGTGCCAGCAGTGACTCGGGAGGTGGGGCCAACGTCCTGACTTTCGGGGCC"	"CASSDSGGGANVLTF"	"GCGTCTGCTGTACCCTCTCAGACATCTGTGTACTTCTGTGCCAGCAGTGACTCGGGAGGTGGGGCCAACGTCCTGACTTTCGGGGCC"	"CASSDSGGGANVLTF"	"TCRBV6-4*1"	"TCRBD2-1*2"	"TCRBJ2-6*1"	-1	53	-1	59	54	60	NA	NA	"GCGTCTGCTGTACCCTCTCAGACATCTGTGTACTTCTGTGCCAGCAGTGACTCGGGAGGTGGGGCCAACGTCCTGACTTTCGGGGCC"	FALSE	TRUE	NA	NA	NA	NA
"GTGACATCGGCCCAAAAGAACCCGACAGCTTTCTATCTCTGTGCCAGCAGAATTTTAGGAAGCAATCAGCCCCAGCATTTTGGTGAT"	"CASRILGSNQPQHF"	"GTGACATCGGCCCAAAAGAACCCGACAGCTTTCTATCTCTGTGCCAGCAGAATTTTAGGAAGCAATCAGCCCCAGCATTTTGGTGAT"	"CASRILGSNQPQHF"	"TCRBV19-1*1"	NA	"TCRBJ1-5*1"	47	57	-1	60	10	61	NA	NA	"GTGACATCGGCCCAAAAGAACCCGACAGCTTTCTATCTCTGTGCCAGCAGAATTTTAGGAAGCAATCAGCCCCAGCATTTTGGTGAT"	FALSE	TRUE	NA	NA	NA	NA
"TCACATCAATTCCCTGGAGCTTGGTGACTCTGCTGTGTATTTCTGTGCCAGCAGCAAGGAGGCGACTATGGCTACACCTTCGGTTCG"	""	"TCACATCAATTCCCTGGAGCTTGGTGACTCTGCTGTGTATTTCTGTGCCAGCAGCAAGGAGGCGACTATGGCTACACCTTCGGTTCG"	""	"TCRBV3-1/3-2*1"	"TCRBD2-1*2"	"TCRBJ1-2*1"	55	57	62	64	2	2	NA	NA	"TCACATCAATTCCCTGGAGCTTGGTGACTCTGCTGTGTATTTCTGTGCCAGCAGCAAGGAGGCGACTATGGCTACACCTTCGGTTCG"	FALSE	FALSE	NA	NA	NA	NA
"TCACCAGGCCTGGGGGACGCAGCCATGTACCTGTGTGCCACCAGCAGAGCGGGGGCGGCGGCTGGAAACACCATATATTTTGGAGAG"	"CATSRAGAAAGNTIYF"	"TCACCAGGCCTGGGGGACGCAGCCATGTACCTGTGTGCCACCAGCAGAGCGGGGGCGGCGGCTGGAAACACCATATATTTTGGAGAG"	"CATSRAGAAAGNTIYF"	"TCRBV15-1*2"	NA	"TCRBJ1-3*1"	49	50	56	61	1	5	NA	NA	"TCACCAGGCCTGGGGGACGCAGCCATGTACCTGTGTGCCACCAGCAGAGCGGGGGCGGCGGCTGGAAACACCATATATTTTGGAGAG"	FALSE	TRUE	NA	NA	NA	NA
"ATCCTGGAGTCGCCCAGCCCCAACCAGACCTCTCTGTACTTCTGTGCCAGCAGTTTACGCGGATCCTATGGCTACACCTTCGGTTCG"	"CASSLRGSYGYTF"	"ATCCTGGAGTCGCCCAGCCCCAACCAGACCTCTCTGTACTTCTGTGCCAGCAGTTTACGCGGATCCTATGGCTACACCTTCGGTTCG"	"CASSLRGSYGYTF"	"TCRBV27-1*1"	"TCRBD2-1"	"TCRBJ1-2*1"	57	58	62	65	1	3	NA	NA	"ATCCTGGAGTCGCCCAGCCCCAACCAGACCTCTCTGTACTTCTGTGCCAGCAGTTTACGCGGATCCTATGGCTACACCTTCGGTTCG"	FALSE	TRUE	NA	NA	NA	NA
"CGCACAGAGCAGCGGGACTCAGCCATGTATCGCTGTGCTAGCAGCTTACGCGTGGGCCAGAGCACAGATACGCAGTATTTTGGCCCA"	"CASSLRVGQSTDTQYF"	"CGCACAGAGCAGCGGGACTCAGCCATGTATCGCTGTGCTAGCAGCTTACGCGTGGGCCAGAGCACAGATACGCAGTATTTTGGCCCA"	"CASSLRVGQSTDTQYF"	"TCRBV7-7*1"	"TCRBD1-1*1"	"TCRBJ2-3*1"	48	53	57	60	5	3	NA	NA	"CGCACAGAGCAGCGGGACTCAGCCATGTATCGCTGTGCTAGCAGCTTACGCGTGGGCCAGAGCACAGATACGCAGTATTTTGGCCCA"	FALSE	TRUE	NA	NA	NA	NA
"CGCACAGAGCAGCGGGACTCGGCCATGTATCGCTGTGCCAGCAGCTTAGCGGCGGGAGTCGGTACAGATACGCAGTATTTTGGCCCA"	"CASSLAAGVGTDTQYF"	"CGCACAGAGCAGCGGGACTCGGCCATGTATCGCTGTGCCAGCAGCTTAGCGGCGGGAGTCGGTACAGATACGCAGTATTTTGGCCCA"	"CASSLAAGVGTDTQYF"	"TCRBV7-6*1"	"TCRBD2-1*2"	"TCRBJ2-3*1"	50	51	58	63	1	5	NA	NA	"CGCACAGAGCAGCGGGACTCGGCCATGTATCGCTGTGCCAGCAGCTTAGCGGCGGGAGTCGGTACAGATACGCAGTATTTTGGCCCA"	FALSE	TRUE	NA	NA	NA	NA
"CGCCCAGCCCCAACCAGACCTCTCTGTACTTCTGTGCCAGTACAGAGCGGGAGGCTTGCGAACACCGGGGAGCTGTTTTTTGGAGAA"	""	"CGCCCAGCCCCAACCAGACCTCTCTGTACTTCTGTGCCAGTACAGAGCGGGAGGCTTGCGAACACCGGGGAGCTGTTTTTTGGAGAA"	""	"TCRBV27-1*1"	"TCRBD2-1*2"	"TCRBJ2-2*1"	40	45	54	58	5	4	NA	NA	"CGCCCAGCCCCAACCAGACCTCTCTGTACTTCTGTGCCAGTACAGAGCGGGAGGCTTGCGAACACCGGGGAGCTGTTTTTTGGAGAA"	FALSE	FALSE	NA	NA	NA	NA
"CTCACGTTGGCGTCTGCTGTACCCTCTCAGACATCTGTGTACTTCTGTGCCAGCAGTGACCCACAGGGGAAAGCTTTCTTTGGACAA"	"CASSDPQGKAFF"	"CTCACGTTGGCGTCTGCTGTACCCTCTCAGACATCTGTGTACTTCTGTGCCAGCAGTGACCCACAGGGGAAAGCTTTCTTTGGACAA"	"CASSDPQGKAFF"	"TCRBV6-4*1"	"TCRBD1-1*1"	"TCRBJ1-1*1"	60	62	69	70	2	1	NA	NA	"CTCACGTTGGCGTCTGCTGTACCCTCTCAGACATCTGTGTACTTCTGTGCCAGCAGTGACCCACAGGGGAAAGCTTTCTTTGGACAA"	FALSE	TRUE	NA	NA	NA	NA
"CCAACCAGACCTCTCTGTACTTCTGTGCCAGCAGTTCACGCAGGCCGGTCACAGGGGGTTGGCTCCTACGAGCAGTACTTCGGGCCG"	""	"CCAACCAGACCTCTCTGTACTTCTGTGCCAGCAGTTCACGCAGGCCGGTCACAGGGGGTTGGCTCCTACGAGCAGTACTTCGGGCCG"	""	"TCRBV27-1*1"	"TCRBD1-1*1"	"TCRBJ2-7*1"	36	50	58	62	14	4	NA	NA	"CCAACCAGACCTCTCTGTACTTCTGTGCCAGCAGTTCACGCAGGCCGGTCACAGGGGGTTGGCTCCTACGAGCAGTACTTCGGGCCG"	FALSE	FALSE	NA	NA	NA	NA
"CTAGAGTCTGCCATCCCCAACCAGACAGCTCTTTACTTCTGTGCCACCAGTGATTTCGGGGTAGAACAGCCCCAGCATTTTGGTGAT"	"CATSDFGVEQPQHF"	"CTAGAGTCTGCCATCCCCAACCAGACAGCTCTTTACTTCTGTGCCACCAGTGATTTCGGGGTAGAACAGCCCCAGCATTTTGGTGAT"	"CATSDFGVEQPQHF"	"TCRBV24-1*1"	"TCRBD2-1*1"	"TCRBJ1-5*1"	-1	56	61	66	57	5	NA	NA	"CTAGAGTCTGCCATCCCCAACCAGACAGCTCTTTACTTCTGTGCCACCAGTGATTTCGGGGTAGAACAGCCCCAGCATTTTGGTGAT"	FALSE	TRUE	NA	NA	NA	NA
"TCAGAACCCAGGGACTCAGCTGTGTACTTCTGTGCCAGCAGTGCCGCTACAGGGGATAATAGCAATCAGCCCCAGCATTTTGGTGAT"	"CASSAATGDNSNQPQHF"	"TCAGAACCCAGGGACTCAGCTGTGTACTTCTGTGCCAGCAGTGCCGCTACAGGGGATAATAGCAATCAGCCCCAGCATTTTGGTGAT"	"CASSAATGDNSNQPQHF"	NA	"TCRBD1-1*1"	"TCRBJ1-5*1"	42	48	55	59	6	4	NA	NA	"TCAGAACCCAGGGACTCAGCTGTGTACTTCTGTGCCAGCAGTGCCGCTACAGGGGATAATAGCAATCAGCCCCAGCATTTTGGTGAT"	FALSE	TRUE	NA	NA	NA	NA
"ACTCTGACGATTCAGCGCACAGAGCAGGAGGACTCGGCCGTGTATCTCTGTGCCAGCAGCTTTCTAGATACGCAGTATTTTGGCCCA"	"CASSFLDTQYF"	"ACTCTGACGATTCAGCGCACAGAGCAGGAGGACTCGGCCGTGTATCTCTGTGCCAGCAGCTTTCTAGATACGCAGTATTTTGGCCCA"	"CASSFLDTQYF"	"TCRBV7-2"	"TCRBD2-1"	"TCRBJ2-3*1"	62	63	-1	65	1	66	NA	NA	"ACTCTGACGATTCAGCGCACAGAGCAGGAGGACTCGGCCGTGTATCTCTGTGCCAGCAGCTTTCTAGATACGCAGTATTTTGGCCCA"	FALSE	TRUE	NA	NA	NA	NA
"CGCACACAGCAGGAGGACTCCGCCGTGTATCTCTGTGCCAGCAGCTTAGGAGCGGGAGGGCCACAGGTCGAGCAGTACTTCGGGCCG"	"CASSLGAGGPQVEQYF"	"CGCACACAGCAGGAGGACTCCGCCGTGTATCTCTGTGCCAGCAGCTTAGGAGCGGGAGGGCCACAGGTCGAGCAGTACTTCGGGCCG"	"CASSLGAGGPQVEQYF"	"TCRBV7-8*1"	"TCRBD2-1*2"	"TCRBJ2-7*1"	49	50	60	68	1	8	NA	NA	"CGCACACAGCAGGAGGACTCCGCCGTGTATCTCTGTGCCAGCAGCTTAGGAGCGGGAGGGCCACAGGTCGAGCAGTACTTCGGGCCG"	FALSE	TRUE	NA	NA	NA	NA
"TCCAGCGCACACAGCAGGAGGACTCGGCCGTGTATCTCTGTGCCAGCAGCTCATAAAGGATGCAATGAAAAACTGTTTTTTGGCAGT"	""	"TCCAGCGCACACAGCAGGAGGACTCGGCCGTGTATCTCTGTGCCAGCAGCTCATAAAGGATGCAATGAAAAACTGTTTTTTGGCAGT"	""	"TCRBV7-2"	NA	"TCRBJ1-4*1"	51	57	60	63	6	3	NA	NA	"TCCAGCGCACACAGCAGGAGGACTCGGCCGTGTATCTCTGTGCCAGCAGCTCATAAAGGATGCAATGAAAAACTGTTTTTTGGCAGT"	FALSE	FALSE	NA	NA	NA	NA
"GTGACATCGGCCCAAAAGAACCCGACAGCTTTCTATCTCTGTGCCAGTGCCCGCGCAGACCTACATTGGTGACTGTTTTTTGGCAGT"	"CASARADLHW*LFF"	"GTGACATCGGCCCAAAAGAACCCGACAGCTTTCTATCTCTGTGCCAGTGCCCGCGCAGACCTACATTGGTGACTGTTTTTTGGCAGT"	"CASARADLHW*LFF"	"TCRBV19-1*1"	NA	"TCRBJ1-4*1"	48	57	60	71	9	11	NA	NA	"GTGACATCGGCCCAAAAGAACCCGACAGCTTTCTATCTCTGTGCCAGTGCCCGCGCAGACCTACATTGGTGACTGTTTTTTGGCAGT"	FALSE	TRUE	NA	NA	NA	NA
"ACTCTGACAGTGACCAGTGCCCATCCTGAAGACAGCAGCTTCTACATCTGCAGTGCTAGTTCCTGGGAGGAGCAGTACTTCGGGCCG"	"CSASSWEEQYF"	"ACTCTGACAGTGACCAGTGCCCATCCTGAAGACAGCAGCTTCTACATCTGCAGTGCTAGTTCCTGGGAGGAGCAGTACTTCGGGCCG"	"CSASSWEEQYF"	"TCRBV2-1*4"	"TCRBD2-1*2"	"TCRBJ2-7*1"	60	64	-1	69	4	70	NA	NA	"ACTCTGACAGTGACCAGTGCCCATCCTGAAGACAGCAGCTTCTACATCTGCAGTGCTAGTTCCTGGGAGGAGCAGTACTTCGGGCCG"	FALSE	TRUE	NA	NA	NA	NA
"GACATCGGCCCAAAAGAACCCGACAGCTTTCTATCTCTGTGCCAGTAGATCGAGGGAAGGGTATACTACGAGCAGTACTTCGGGCCG"	""	"GACATCGGCCCAAAAGAACCCGACAGCTTTCTATCTCTGTGCCAGTAGATCGAGGGAAGGGTATACTACGAGCAGTACTTCGGGCCG"	""	"TCRBV19-1*1"	"TCRBD2-1*2"	"TCRBJ2-7*1"	48	51	56	65	3	9	NA	NA	"GACATCGGCCCAAAAGAACCCGACAGCTTTCTATCTCTGTGCCAGTAGATCGAGGGAAGGGTATACTACGAGCAGTACTTCGGGCCG"	FALSE	FALSE	NA	NA	NA	NA
"TCAACTCTGACTGTGAGCAACATGAGCCCTGAAGACAGCAGCATATATCTCTGCAGCGTTGCAGGGAAGGAGCAGTACTTCGGGCCG"	"CSVAGKEQYF"	"TCAACTCTGACTGTGAGCAACATGAGCCCTGAAGACAGCAGCATATATCTCTGCAGCGTTGCAGGGAAGGAGCAGTACTTCGGGCCG"	"CSVAGKEQYF"	"TCRBV29-1*1"	"TCRBD1-1*1"	"TCRBJ2-7*1"	-1	61	66	69	62	3	NA	NA	"TCAACTCTGACTGTGAGCAACATGAGCCCTGAAGACAGCAGCATATATCTCTGCAGCGTTGCAGGGAAGGAGCAGTACTTCGGGCCG"	FALSE	TRUE	NA	NA	NA	NA
"NTGAAGATCCAGCCCTCAGAACCCAGGGACTCAGCTGTGTACTTCTGTGCCAGCAGTTTGGATAATTCACCCCTCCACTTTGGGAAT"	"CASSLDNSPLHF"	"NTGAAGATCCAGCCCTCAGAACCCAGGGACTCAGCTGTGTACTTCTGTGCCAGCAGTTTGGATAATTCACCCCTCCACTTTGGGAAT"	"CASSLDNSPLHF"	"TCRBV12-3/12-4*1"	NA	"TCRBJ1-6*1"	-1	59	-1	61	60	62	NA	NA	"NTGAAGATCCAGCCCTCAGAACCCAGGGACTCAGCTGTGTACTTCTGTGCCAGCAGTTTGGATAATTCACCCCTCCACTTTGGGAAT"	FALSE	TRUE	NA	NA	NA	NA
"CCCAGCCCCAACCAGACCTCTCTGTACTTCTGTGCCAGTCCCAGGGGGGACAGGGGGCTAATTATGTATGGCTACACCTTCGGTTCG"	"CASPRGDRGLIMYGYTF"	"CCCAGCCCCAACCAGACCTCTCTGTACTTCTGTGCCAGTCCCAGGGGGGACAGGGGGCTAATTATGTATGGCTACACCTTCGGTTCG"	"CASPRGDRGLIMYGYTF"	"TCRBV27-1*1"	"TCRBD1-1*1"	"TCRBJ1-2*1"	38	46	58	66	8	8	NA	NA	"CCCAGCCCCAACCAGACCTCTCTGTACTTCTGTGCCAGTCCCAGGGGGGACAGGGGGCTAATTATGTATGGCTACACCTTCGGTTCG"	FALSE	TRUE	NA	NA	NA	NA
"CAGTGCCCATCCTGAAGACAGCAGCTTCTACATCTGCAGTCCGGCTAGCGGGATAACTTGTCGTCCTACGAGCAGTACTTCGGGCCG"	""	"CAGTGCCCATCCTGAAGACAGCAGCTTCTACATCTGCAGTCCGGCTAGCGGGATAACTTGTCGTCCTACGAGCAGTACTTCGGGCCG"	""	NA	"TCRBD2-1*2"	"TCRBJ2-7*1"	40	44	53	63	4	10	NA	NA	"CAGTGCCCATCCTGAAGACAGCAGCTTCTACATCTGCAGTCCGGCTAGCGGGATAACTTGTCGTCCTACGAGCAGTACTTCGGGCCG"	FALSE	FALSE	NA	NA	NA	NA
"TCTAAGAAGCTCCTTCTCAGTGACTCTGGCTTCTATCTCTGTGCCTGGAGTACGGGGGCCTCACATTACGAGCAGTACTTCGGGCCG"	"CAWSTGASHYEQYF"	"TCTAAGAAGCTCCTTCTCAGTGACTCTGGCTTCTATCTCTGTGCCTGGAGTACGGGGGCCTCACATTACGAGCAGTACTTCGGGCCG"	"CAWSTGASHYEQYF"	"TCRBV3-1*1"	NA	"TCRBJ2-7*1"	51	53	59	66	2	7	NA	NA	"TCTAAGAAGCTCCTTCTCAGTGACTCTGGCTTCTATCTCTGTGCCTGGAGTACGGGGGCCTCACATTACGAGCAGTACTTCGGGCCG"	FALSE	TRUE	NA	NA	NA	NA
"GAGTCTGCCATCCCCAACCAGACAGCTCTTTACTTCTGTGCCACCAGTGCTATAACGGGGGGCCAAGAGACCCAGTACTTCGGGCCA"	"CATSAITGGQETQYF"	"GAGTCTGCCATCCCCAACCAGACAGCTCTTTACTTCTGTGCCACCAGTGCTATAACGGGGGGCCAAGAGACCCAGTACTTCGGGCCA"	"CATSAITGGQETQYF"	"TCRBV24-1*1"	"TCRBD2-1*1"	"TCRBJ2-5*1"	49	55	-1	62	6	63	NA	NA	"GAGTCTGCCATCCCCAACCAGACAGCTCTTTACTTCTGTGCCACCAGTGCTATAACGGGGGGCCAAGAGACCCAGTACTTCGGGCCA"	FALSE	TRUE	NA	NA	NA	NA
"CGCCTTGGAGCTGGACGACTCGGCCCTGTATCTCTGTGCCAGCAGCTTGGTAGGCAGTAGTTGACAGATACGCAGTATTTTGGCCCA"	""	"CGCCTTGGAGCTGGACGACTCGGCCCTGTATCTCTGTGCCAGCAGCTTGGTAGGCAGTAGTTGACAGATACGCAGTATTTTGGCCCA"	""	"TCRBV5-4*1"	NA	"TCRBJ2-3*1"	50	54	57	63	4	6	NA	NA	"CGCCTTGGAGCTGGACGACTCGGCCCTGTATCTCTGTGCCAGCAGCTTGGTAGGCAGTAGTTGACAGATACGCAGTATTTTGGCCCA"	FALSE	FALSE	NA	NA	NA	NA
"AATTCCCTGGAGCTTGGTGACTCTGCTGTGTATTTCTGTGCCAGCAGCCCTCGACCGAGGATGAACACTGAAGCTTTCTTTGGACAA"	"CASSPRPRMNTEAFF"	"AATTCCCTGGAGCTTGGTGACTCTGCTGTGTATTTCTGTGCCAGCAGCCCTCGACCGAGGATGAACACTGAAGCTTTCTTTGGACAA"	"CASSPRPRMNTEAFF"	"TCRBV3-1/3-2*1"	"TCRBD2-1*2"	"TCRBJ1-1*1"	49	56	60	61	7	1	NA	NA	"AATTCCCTGGAGCTTGGTGACTCTGCTGTGTATTTCTGTGCCAGCAGCCCTCGACCGAGGATGAACACTGAAGCTTTCTTTGGACAA"	FALSE	TRUE	NA	NA	NA	NA
"CCAGCCCTCAGAACCCAGGGACTCAGCTGTGTACTTCTGTGCCAGCAGTTTAGTGACAGGGCCTACAATGAGCAGTTCTTCGGGCCA"	""	"CCAGCCCTCAGAACCCAGGGACTCAGCTGTGTACTTCTGTGCCAGCAGTTTAGTGACAGGGCCTACAATGAGCAGTTCTTCGGGCCA"	""	NA	"TCRBD1-1*1"	"TCRBJ2-1*1"	53	54	-1	61	1	62	NA	NA	"CCAGCCCTCAGAACCCAGGGACTCAGCTGTGTACTTCTGTGCCAGCAGTTTAGTGACAGGGCCTACAATGAGCAGTTCTTCGGGCCA"	FALSE	FALSE	NA	NA	NA	NA
"TCCGCCAGCACCAACCAGACATCTATGTACCTCTGTGCCAGCAGTCCGGAGACAGGGGCTGGCAATCAGCCCCAGCATTTTGGTGAT"	"CASSPETGAGNQPQHF"	"TCCGCCAGCACCAACCAGACATCTATGTACCTCTGTGCCAGCAGTCCGGAGACAGGGGCTGGCAATCAGCCCCAGCATTTTGGTGAT"	"CASSPETGAGNQPQHF"	"TCRBV28-1*1"	"TCRBD1-1*1"	"TCRBJ1-5*1"	45	50	58	61	5	3	NA	NA	"TCCGCCAGCACCAACCAGACATCTATGTACCTCTGTGCCAGCAGTCCGGAGACAGGGGCTGGCAATCAGCCCCAGCATTTTGGTGAT"	FALSE	TRUE	NA	NA	NA	NA
"GTTGGCGTCTGCTGTACCCTCTCAGACATCTGTGTACTTCTGTGCCAGCAGTGACTCGAAGCGGTCGAGACCCAGTACTTCGGGCCA"	""	"GTTGGCGTCTGCTGTACCCTCTCAGACATCTGTGTACTTCTGTGCCAGCAGTGACTCGAAGCGGTCGAGACCCAGTACTTCGGGCCA"	""	"TCRBV6-4*1"	"TCRBD2-1"	"TCRBJ2-5*1"	57	59	64	66	2	2	NA	NA	"GTTGGCGTCTGCTGTACCCTCTCAGACATCTGTGTACTTCTGTGCCAGCAGTGACTCGAAGCGGTCGAGACCCAGTACTTCGGGCCA"	FALSE	FALSE	NA	NA	NA	NA
"TGATCCTGGAGTCGCCCAGCCCCAACCAGACCTCTCTGTACTTCTGTGCCAGCCGGGACATGCCAAGAGACCCAGTACTTCGGGCCA"	""	"TGATCCTGGAGTCGCCCAGCCCCAACCAGACCTCTCTGTACTTCTGTGCCAGCCGGGACATGCCAAGAGACCCAGTACTTCGGGCCA"	""	"TCRBV27-1*1"	"TCRBD1-1*1"	"TCRBJ2-5*1"	53	54	60	62	1	2	NA	NA	"TGATCCTGGAGTCGCCCAGCCCCAACCAGACCTCTCTGTACTTCTGTGCCAGCCGGGACATGCCAAGAGACCCAGTACTTCGGGCCA"	FALSE	FALSE	NA	NA	NA	NA
"ACAGAGCGGGGGGACTCAGCCGTGTATCTCTGTGCCAGCAGTTTTTTGCCCCGGGACTCGGTGTACAATGAGCAGTTCTTCGGGCCA"	"CASSFLPRDSVYNEQFF"	"ACAGAGCGGGGGGACTCAGCCGTGTATCTCTGTGCCAGCAGTTTTTTGCCCCGGGACTCGGTGTACAATGAGCAGTTCTTCGGGCCA"	"CASSFLPRDSVYNEQFF"	"TCRBV7-3*1"	"TCRBD2-1"	"TCRBJ2-1*1"	41	52	58	63	11	5	NA	NA	"ACAGAGCGGGGGGACTCAGCCGTGTATCTCTGTGCCAGCAGTTTTTTGCCCCGGGACTCGGTGTACAATGAGCAGTTCTTCGGGCCA"	FALSE	TRUE	NA	NA	NA	NA
"GCGTCTGCTGTACCCTCTCAGACATCTGTGTACTTCTGTGCCAGCAGTGACTCGGAATCGGGAGGGGATGAGCAGTTCTTCGGGCCA"	"CASSDSESGGDEQFF"	"GCGTCTGCTGTACCCTCTCAGACATCTGTGTACTTCTGTGCCAGCAGTGACTCGGAATCGGGAGGGGATGAGCAGTTCTTCGGGCCA"	"CASSDSESGGDEQFF"	"TCRBV6-4*1"	"TCRBD2-1*2"	"TCRBJ2-1*1"	53	58	66	67	5	1	NA	NA	"GCGTCTGCTGTACCCTCTCAGACATCTGTGTACTTCTGTGCCAGCAGTGACTCGGAATCGGGAGGGGATGAGCAGTTCTTCGGGCCA"	FALSE	TRUE	NA	NA	NA	NA
"CGCACAGAGCAGGGGGACTCGGCCATGTATCTCTGTGCCAGCAGCCCAGGCACTAGCAGAAACAGCGGGGAGCTGTTTTTTGGAGAA"	"CASSPGTSRNSGELFF"	"CGCACAGAGCAGGGGGACTCGGCCATGTATCTCTGTGCCAGCAGCCCAGGCACTAGCAGAAACAGCGGGGAGCTGTTTTTTGGAGAA"	"CASSPGTSRNSGELFF"	"TCRBV7-9*1"	"TCRBD2-1"	"TCRBJ2-2*1"	45	51	57	65	6	8	NA	NA	"CGCACAGAGCAGGGGGACTCGGCCATGTATCTCTGTGCCAGCAGCCCAGGCACTAGCAGAAACAGCGGGGAGCTGTTTTTTGGAGAA"	FALSE	TRUE	NA	NA	NA	NA
"GACTGTGAGCAACATGAGCCCTGAAGACAGCAGCATATATCTCTGCAGCGTTGACAGCTACTTTCCTACGAGCAGTACTTCGGGCCG"	""	"GACTGTGAGCAACATGAGCCCTGAAGACAGCAGCATATATCTCTGCAGCGTTGACAGCTACTTTCCTACGAGCAGTACTTCGGGCCG"	""	"TCRBV29-1"	NA	"TCRBJ2-7*1"	-1	54	57	63	55	6	NA	NA	"GACTGTGAGCAACATGAGCCCTGAAGACAGCAGCATATATCTCTGCAGCGTTGACAGCTACTTTCCTACGAGCAGTACTTCGGGCCG"	FALSE	FALSE	NA	NA	NA	NA
"CTGGAGTCGCCCAGCCCCAACCAGACCTCTCTGTACTTCTGTGCCAGCAGTTTAAAGACGGGAGGAAATGAGCAGTTCTTCGGGCCA"	"CASSLKTGGNEQFF"	"CTGGAGTCGCCCAGCCCCAACCAGACCTCTCTGTACTTCTGTGCCAGCAGTTTAAAGACGGGAGGAAATGAGCAGTTCTTCGGGCCA"	"CASSLKTGGNEQFF"	"TCRBV27-1*1"	"TCRBD2-1*2"	"TCRBJ2-1*1"	54	58	65	66	4	1	NA	NA	"CTGGAGTCGCCCAGCCCCAACCAGACCTCTCTGTACTTCTGTGCCAGCAGTTTAAAGACGGGAGGAAATGAGCAGTTCTTCGGGCCA"	FALSE	TRUE	NA	NA	NA	NA
"ACCTTCACCTACACGCCCTGCAGCCAGAAGACTCAGCCCTGTATCTCTGCGCCAGCAGCCACTAGCTACGAGCAGTACTTCGGGCCG"	""	"ACCTTCACCTACACGCCCTGCAGCCAGAAGACTCAGCCCTGTATCTCTGCGCCAGCAGCCACTAGCTACGAGCAGTACTTCGGGCCG"	""	"TCRBV4-1*1"	"TCRBD2-1"	"TCRBJ2-7*1"	-1	61	-1	65	62	66	NA	NA	"ACCTTCACCTACACGCCCTGCAGCCAGAAGACTCAGCCCTGTATCTCTGCGCCAGCAGCCACTAGCTACGAGCAGTACTTCGGGCCG"	FALSE	FALSE	NA	NA	NA	NA
"CTGGAGCTGGGGGACTCAGCTTTGTATTTCTGTGCCAGCAGCCTCCCCCAACAGGGGGGGAGCACCGGGGAGCTGTTTTTTGGAGAA"	"CASSLPQQGGSTGELFF"	"CTGGAGCTGGGGGACTCAGCTTTGTATTTCTGTGCCAGCAGCCTCCCCCAACAGGGGGGGAGCACCGGGGAGCTGTTTTTTGGAGAA"	"CASSLPQQGGSTGELFF"	"TCRBV9-1*1"	"TCRBD1-1*1"	"TCRBJ2-2*1"	42	50	58	62	8	4	NA	NA	"CTGGAGCTGGGGGACTCAGCTTTGTATTTCTGTGCCAGCAGCCTCCCCCAACAGGGGGGGAGCACCGGGGAGCTGTTTTTTGGAGAA"	FALSE	TRUE	NA	NA	NA	NA
"CCTGCAAAGCTTGAGGACTCGGCCGTGTATCTCTGTGCCAGCAGCTCTGGGAGGGGGCGCCGGACCGGGGAGCTGTTTTTTGGAGAA"	"CASSSGRGRRTGELFF"	"CCTGCAAAGCTTGAGGACTCGGCCGTGTATCTCTGTGCCAGCAGCTCTGGGAGGGGGCGCCGGACCGGGGAGCTGTTTTTTGGAGAA"	"CASSSGRGRRTGELFF"	"TCRBV11-2"	NA	"TCRBJ2-2*1"	46	51	58	63	5	5	NA	NA	"CCTGCAAAGCTTGAGGACTCGGCCGTGTATCTCTGTGCCAGCAGCTCTGGGAGGGGGCGCCGGACCGGGGAGCTGTTTTTTGGAGAA"	FALSE	TRUE	NA	NA	NA	NA
"GCCCTGCAGCCAGAAGACTCAGCCCTGTATCTCTGCGCCAGCAGCCAAGAGGCCAGGGGATATGGGCCCTACAACACCTTCGGTTCG"	"CASSQEARGYGPYNTF"	"GCCCTGCAGCCAGAAGACTCAGCCCTGTATCTCTGCGCCAGCAGCCAAGAGGCCAGGGGATATGGGCCCTACAACACCTTCGGTTCG"	"CASSQEARGYGPYNTF"	"TCRBV4-1*1"	"TCRBD1-1*1"	"TCRBJ1-2*1"	50	53	59	73	3	14	NA	NA	"GCCCTGCAGCCAGAAGACTCAGCCCTGTATCTCTGCGCCAGCAGCCAAGAGGCCAGGGGATATGGGCCCTACAACACCTTCGGTTCG"	FALSE	TRUE	NA	NA	NA	NA
"CTAGAGTCTGCCATCCCCAACCAGACAGCTCTTTACTTCTGTGCCACCAAGCCGGGACAGAGCACAGATACGCAGTATTTTGGCCCA"	"CATKPGQSTDTQYF"	"CTAGAGTCTGCCATCCCCAACCAGACAGCTCTTTACTTCTGTGCCACCAAGCCGGGACAGAGCACAGATACGCAGTATTTTGGCCCA"	"CATKPGQSTDTQYF"	"TCRBV24-1*1"	"TCRBD1-1*1"	"TCRBJ2-3*1"	49	53	-1	60	4	61	NA	NA	"CTAGAGTCTGCCATCCCCAACCAGACAGCTCTTTACTTCTGTGCCACCAAGCCGGGACAGAGCACAGATACGCAGTATTTTGGCCCA"	FALSE	TRUE	NA	NA	NA	NA
"AGCAACATGAGCCCTGAAGACAGCAGCATATATCTCTGCAGCGTTGAAGATCTTGGACAGGGTTACAATGAGCAGTTCTTCGGGCCA"	"CSVEDLGQGYNEQFF"	"AGCAACATGAGCCCTGAAGACAGCAGCATATATCTCTGCAGCGTTGAAGATCTTGGACAGGGTTACAATGAGCAGTTCTTCGGGCCA"	"CSVEDLGQGYNEQFF"	"TCRBV29-1"	"TCRBD1-1*1"	"TCRBJ2-1*1"	50	54	62	63	4	1	NA	NA	"AGCAACATGAGCCCTGAAGACAGCAGCATATATCTCTGCAGCGTTGAAGATCTTGGACAGGGTTACAATGAGCAGTTCTTCGGGCCA"	FALSE	TRUE	NA	NA	NA	NA
"CAGCGCACAGAGCGGGGGGACTCAGCCGTGTATCTCTGTGCCAGCAGCCCCCGCGATGTACTAGATAATGAGCAGTTCTTCGGGCCA"	"CASSPRDVLDNEQFF"	"CAGCGCACAGAGCGGGGGGACTCAGCCGTGTATCTCTGTGCCAGCAGCCCCCGCGATGTACTAGATAATGAGCAGTTCTTCGGGCCA"	"CASSPRDVLDNEQFF"	"TCRBV7-3*1"	"TCRBD2-1"	"TCRBJ2-1*1"	48	59	64	66	11	2	NA	NA	"CAGCGCACAGAGCGGGGGGACTCAGCCGTGTATCTCTGTGCCAGCAGCCCCCGCGATGTACTAGATAATGAGCAGTTCTTCGGGCCA"	FALSE	TRUE	NA	NA	NA	NA
"ACAGTGACCAGTGCCCATCCTGAAGACAGCAGCTTCTACATCTGCAGCGCCCCCGGCCGGGCGAGAAATGAGCAGTTCTTCGGGCCA"	"CSAPGRARNEQFF"	"ACAGTGACCAGTGCCCATCCTGAAGACAGCAGCTTCTACATCTGCAGCGCCCCCGGCCGGGCGAGAAATGAGCAGTTCTTCGGGCCA"	"CSAPGRARNEQFF"	NA	NA	"TCRBJ2-1*1"	47	58	62	66	11	4	NA	NA	"ACAGTGACCAGTGCCCATCCTGAAGACAGCAGCTTCTACATCTGCAGCGCCCCCGGCCGGGCGAGAAATGAGCAGTTCTTCGGGCCA"	FALSE	TRUE	NA	NA	NA	NA
"ATCCAGCCTGCAAAGCTTGAGGACTCGGCCGTGTATCTCTGTGCCAGCAGCTTAGCGGGAAGCTCCTACGAGCAGTACTTCGGGCCG"	"CASSLAGSSYEQYF"	"ATCCAGCCTGCAAAGCTTGAGGACTCGGCCGTGTATCTCTGTGCCAGCAGCTTAGCGGGAAGCTCCTACGAGCAGTACTTCGGGCCG"	"CASSLAGSSYEQYF"	"TCRBV11-2*1"	"TCRBD2-1*2"	"TCRBJ2-7*1"	-1	55	60	62	56	2	NA	NA	"ATCCAGCCTGCAAAGCTTGAGGACTCGGCCGTGTATCTCTGTGCCAGCAGCTTAGCGGGAAGCTCCTACGAGCAGTACTTCGGGCCG"	FALSE	TRUE	NA	NA	NA	NA
"GATTCGGCAGCTTATTTCTGTGCCAGCTCACCATTACCGCAGATCGGGACAGGGGAGTTGGCTAATGAAAAACTGTTTTTTGGCAGT"	"CASSPLPQIGTGELANEKLFF"	"GATTCGGCAGCTTATTTCTGTGCCAGCTCACCATTACCGCAGATCGGGACAGGGGAGTTGGCTAATGAAAAACTGTTTTTTGGCAGT"	"CASSPLPQIGTGELANEKLFF"	"TCRBV18-1*1"	"TCRBD1-1*1"	"TCRBJ1-4*1"	33	45	55	61	12	6	NA	NA	"GATTCGGCAGCTTATTTCTGTGCCAGCTCACCATTACCGCAGATCGGGACAGGGGAGTTGGCTAATGAAAAACTGTTTTTTGGCAGT"	FALSE	TRUE	NA	NA	NA	NA
"CCTACAGAGCTTGGGGACTCGGCCGTGTATCTCTGTGCCAGCAGCTCGCTATGGACAGGTCATGCCGGGGAGCTGTTTTTTGGAGAA"	"CASSSLWTGHAGELFF"	"CCTACAGAGCTTGGGGACTCGGCCGTGTATCTCTGTGCCAGCAGCTCGCTATGGACAGGTCATGCCGGGGAGCTGTTTTTTGGAGAA"	"CASSSLWTGHAGELFF"	"TCRBV11-3*1"	"TCRBD1-1*1"	"TCRBJ2-2*1"	46	52	59	64	6	5	NA	NA	"CCTACAGAGCTTGGGGACTCGGCCGTGTATCTCTGTGCCAGCAGCTCGCTATGGACAGGTCATGCCGGGGAGCTGTTTTTTGGAGAA"	FALSE	TRUE	NA	NA	NA	NA
"TCCACTCTGACAGTGACCAGTGCCCATCCTGAAGACAGCAGCTTCTACATCTGCAGTGCTAGCCAAGAGACCCAGTACTTCGGGCCA"	"CSASQETQYF"	"TCCACTCTGACAGTGACCAGTGCCCATCCTGAAGACAGCAGCTTCTACATCTGCAGTGCTAGCCAAGAGACCCAGTACTTCGGGCCA"	"CSASQETQYF"	"TCRBV2-1"	NA	"TCRBJ2-5*1"	-1	-1	-1	62	0	63	NA	NA	"TCCACTCTGACAGTGACCAGTGCCCATCCTGAAGACAGCAGCTTCTACATCTGCAGTGCTAGCCAAGAGACCCAGTACTTCGGGCCA"	FALSE	TRUE	NA	NA	NA	NA
"NTGTCGGCTGCTCCCTCCCAGACATCTGTGTACTTCTGTGCCAGCAGTGAGGCGGGGGGGCAGTTCACTGAAGCTTTCTTTGGACAA"	"CASSEAGGQFTEAFF"	"NTGTCGGCTGCTCCCTCCCAGACATCTGTGTACTTCTGTGCCAGCAGTGAGGCGGGGGGGCAGTTCACTGAAGCTTTCTTTGGACAA"	"CASSEAGGQFTEAFF"	"TCRBV6-1*1"	"TCRBD2-1*1"	"TCRBJ1-1*1"	50	51	60	65	1	5	NA	NA	"NTGTCGGCTGCTCCCTCCCAGACATCTGTGTACTTCTGTGCCAGCAGTGAGGCGGGGGGGCAGTTCACTGAAGCTTTCTTTGGACAA"	FALSE	TRUE	NA	NA	NA	NA
"NNNNTGTCGGCTGCTCCCTCCCAGACATCTGTGTACTTCTGTGCCAGCAGTTACGGGACAGGGTCCTATGGCTACACCTTCGGTTCG"	"CASSYGTGSYGYTF"	"NNNNTGTCGGCTGCTCCCTCCCAGACATCTGTGTACTTCTGTGCCAGCAGTTACGGGACAGGGTCCTATGGCTACACCTTCGGTTCG"	"CASSYGTGSYGYTF"	"TCRBV6-5*1"	"TCRBD1-1*1"	"TCRBJ1-2*1"	-1	54	63	65	55	2	NA	NA	"NNNNTGTCGGCTGCTCCCTCCCAGACATCTGTGTACTTCTGTGCCAGCAGTTACGGGACAGGGTCCTATGGCTACACCTTCGGTTCG"	FALSE	TRUE	NA	NA	NA	NA
"AATTCCCTGGAGCTTGGTGACTCTGCTGTGTATTTCTGTGCCAGCAGCCAAGGTAATGGGCCCACCGGGGAGCTGTTTTTTGGAGAA"	"CASSQGNGPTGELFF"	"AATTCCCTGGAGCTTGGTGACTCTGCTGTGTATTTCTGTGCCAGCAGCCAAGGTAATGGGCCCACCGGGGAGCTGTTTTTTGGAGAA"	"CASSQGNGPTGELFF"	"TCRBV3-1/3-2*1"	"TCRBD1-1*1"	"TCRBJ2-2*1"	52	57	61	62	5	1	NA	NA	"AATTCCCTGGAGCTTGGTGACTCTGCTGTGTATTTCTGTGCCAGCAGCCAAGGTAATGGGCCCACCGGGGAGCTGTTTTTTGGAGAA"	FALSE	TRUE	NA	NA	NA	NA
"CAGTGACCAGTGCCCATCCTGAAGACAGCAGCTTCTACATCTGCAGTGCTAGAGGGGTTCCGTGATCAGCCCCAGCATTTTGGTGAT"	""	"CAGTGACCAGTGCCCATCCTGAAGACAGCAGCTTCTACATCTGCAGTGCTAGAGGGGTTCCGTGATCAGCCCCAGCATTTTGGTGAT"	""	NA	NA	"TCRBJ1-5*1"	-1	54	57	64	55	7	NA	NA	"CAGTGACCAGTGCCCATCCTGAAGACAGCAGCTTCTACATCTGCAGTGCTAGAGGGGTTCCGTGATCAGCCCCAGCATTTTGGTGAT"	FALSE	FALSE	NA	NA	NA	NA
"CTGGAGCTGGGGGACTCAGCTTTGTATTTCTGTGCCAGCAGCGTAGACGGGACAGGGGGTACAAGCGGGGAGCTGTTTTTTGGAGAA"	"CASSVDGTGGTSGELFF"	"CTGGAGCTGGGGGACTCAGCTTTGTATTTCTGTGCCAGCAGCGTAGACGGGACAGGGGGTACAAGCGGGGAGCTGTTTTTTGGAGAA"	"CASSVDGTGGTSGELFF"	"TCRBV9-1*1"	"TCRBD1-1*1"	"TCRBJ2-2*1"	46	48	59	65	2	6	NA	NA	"CTGGAGCTGGGGGACTCAGCTTTGTATTTCTGTGCCAGCAGCGTAGACGGGACAGGGGGTACAAGCGGGGAGCTGTTTTTTGGAGAA"	FALSE	TRUE	NA	NA	NA	NA
"CCAGCCCCAACCAGACCTCTCTGTACTTCTGTGCCAGCAGTTTAATCGTCGAGAGGGCGGGACGACAATGAGCAGTTCTTCGGGCCA"	""	"CCAGCCCCAACCAGACCTCTCTGTACTTCTGTGCCAGCAGTTTAATCGTCGAGAGGGCGGGACGACAATGAGCAGTTCTTCGGGCCA"	""	"TCRBV27-1*1"	"TCRBD2-1*2"	"TCRBJ2-1*1"	44	56	62	64	12	2	NA	NA	"CCAGCCCCAACCAGACCTCTCTGTACTTCTGTGCCAGCAGTTTAATCGTCGAGAGGGCGGGACGACAATGAGCAGTTCTTCGGGCCA"	FALSE	FALSE	NA	NA	NA	NA
"CTGGAGTCGCCCAGCCCCAACCAGACCTCTCTGTACTTCTGTGCCAGCAGTGCGCAGGGAGTCGACTATGGCTACACCTTCGGTTCG"	"CASSAQGVDYGYTF"	"CTGGAGTCGCCCAGCCCCAACCAGACCTCTCTGTACTTCTGTGCCAGCAGTGCGCAGGGAGTCGACTATGGCTACACCTTCGGTTCG"	"CASSAQGVDYGYTF"	"TCRBV27-1*1"	NA	"TCRBJ1-2*1"	51	54	59	64	3	5	NA	NA	"CTGGAGTCGCCCAGCCCCAACCAGACCTCTCTGTACTTCTGTGCCAGCAGTGCGCAGGGAGTCGACTATGGCTACACCTTCGGTTCG"	FALSE	TRUE	NA	NA	NA	NA
"GAACCGGGAGACACGGCACTGTATCTCTGCGCCAGCAGTCTGGCTCGGCGGGAGACAGGAGGCACCGGGGAGCTGTTTTTTGGAGAA"	"CASSLARRETGGTGELFF"	"GAACCGGGAGACACGGCACTGTATCTCTGCGCCAGCAGTCTGGCTCGGCGGGAGACAGGAGGCACCGGGGAGCTGTTTTTTGGAGAA"	"CASSLARRETGGTGELFF"	"TCRBV23-1*1"	"TCRBD2-1*2"	"TCRBJ2-2*1"	40	47	54	62	7	8	NA	NA	"GAACCGGGAGACACGGCACTGTATCTCTGCGCCAGCAGTCTGGCTCGGCGGGAGACAGGAGGCACCGGGGAGCTGTTTTTTGGAGAA"	FALSE	TRUE	NA	NA	NA	NA
"CTGATTCTGGAGTCCGCCAGCACCAACCAGACATCTATGTACCTCTGTGCCAGCAGTCTAAAGTTCAATGAGCAGTTCTTCGGGCCA"	"CASSLKFNEQFF"	"CTGATTCTGGAGTCCGCCAGCACCAACCAGACATCTATGTACCTCTGTGCCAGCAGTCTAAAGTTCAATGAGCAGTTCTTCGGGCCA"	"CASSLKFNEQFF"	"TCRBV28-1*1"	"TCRBD2-1"	"TCRBJ2-1*1"	-1	57	60	65	58	5	NA	NA	"CTGATTCTGGAGTCCGCCAGCACCAACCAGACATCTATGTACCTCTGTGCCAGCAGTCTAAAGTTCAATGAGCAGTTCTTCGGGCCA"	FALSE	TRUE	NA	NA	NA	NA
"ACCAGTGCCCATCCTGAAGACAGCAGCTTCTACATCTGCAGTGCTTCAGGGTAAAGCTCTGGGGCCAACGTCCTGACTTTCGGGGCC"	"CSASG*SSGANVLTF"	"ACCAGTGCCCATCCTGAAGACAGCAGCTTCTACATCTGCAGTGCTTCAGGGTAAAGCTCTGGGGCCAACGTCCTGACTTTCGGGGCC"	"CSASG*SSGANVLTF"	NA	"TCRBD1-1*1"	"TCRBJ2-6*1"	45	46	51	56	1	5	NA	NA	"ACCAGTGCCCATCCTGAAGACAGCAGCTTCTACATCTGCAGTGCTTCAGGGTAAAGCTCTGGGGCCAACGTCCTGACTTTCGGGGCC"	FALSE	TRUE	NA	NA	NA	NA
"CTCAAGATCCAGCCTGCAAAGCTTGAGGACTCGGCCGTGTATCTCTGTGCCAGCAGCTTAGGGGGGGATGAGCAGTTCTTCGGGCCA"	"CASSLGGDEQFF"	"CTCAAGATCCAGCCTGCAAAGCTTGAGGACTCGGCCGTGTATCTCTGTGCCAGCAGCTTAGGGGGGGATGAGCAGTTCTTCGGGCCA"	"CASSLGGDEQFF"	"TCRBV11-2*1"	"TCRBD2-1*1"	"TCRBJ2-1*1"	-1	61	-1	67	62	68	NA	NA	"CTCAAGATCCAGCCTGCAAAGCTTGAGGACTCGGCCGTGTATCTCTGTGCCAGCAGCTTAGGGGGGGATGAGCAGTTCTTCGGGCCA"	FALSE	TRUE	NA	NA	NA	NA
"CCGACAGCTTTCTATCTCTGTGCCAGTAGTATAGACATTACCCCGGGACAGTCCCAATATAGCAATCAGCCCCAGCATTTTGGTGAT"	"CASSIDITPGQSQYSNQPQHF"	"CCGACAGCTTTCTATCTCTGTGCCAGTAGTATAGACATTACCCCGGGACAGTCCCAATATAGCAATCAGCCCCAGCATTTTGGTGAT"	"CASSIDITPGQSQYSNQPQHF"	"TCRBV19-1*1"	"TCRBD1-1*1"	"TCRBJ1-5*1"	35	44	51	59	9	8	NA	NA	"CCGACAGCTTTCTATCTCTGTGCCAGTAGTATAGACATTACCCCGGGACAGTCCCAATATAGCAATCAGCCCCAGCATTTTGGTGAT"	FALSE	TRUE	NA	NA	NA	NA
"NNNNNNNTGTCGGCTGCTCCCTCCCAAACATCTGTGTACTTCTGTGCCAGCAAACGGAGGGTGGACTCACCCCTCCACTTTGGGAAC"	"CASKRRVDSPLHF"	"NNNNNNNTGTCGGCTGCTCCCTCCCAAACATCTGTGTACTTCTGTGCCAGCAAACGGAGGGTGGACTCACCCCTCCACTTTGGGAAC"	"CASKRRVDSPLHF"	NA	"TCRBD2-1*2"	"TCRBJ1-6*2"	52	55	61	66	3	5	NA	NA	"NNNNNNNTGTCGGCTGCTCCCTCCCAAACATCTGTGTACTTCTGTGCCAGCAAACGGAGGGTGGACTCACCCCTCCACTTTGGGAAC"	FALSE	TRUE	NA	NA	NA	NA
"GTCGGCTGCTCCCTCCCAGACATCTGTGTACTTCTGTGCCAGCACTCTCGCCGCTGGCGGCTTGTTTCTGAGCAGTACTTCGGGCCG"	""	"GTCGGCTGCTCCCTCCCAGACATCTGTGTACTTCTGTGCCAGCACTCTCGCCGCTGGCGGCTTGTTTCTGAGCAGTACTTCGGGCCG"	""	NA	"TCRBD2-1"	"TCRBJ2-7*1"	44	56	60	69	12	9	NA	NA	"GTCGGCTGCTCCCTCCCAGACATCTGTGTACTTCTGTGCCAGCACTCTCGCCGCTGGCGGCTTGTTTCTGAGCAGTACTTCGGGCCG"	FALSE	FALSE	NA	NA	NA	NA
"NNCTTGGAGATCCAGTCCACGGAGTCAGGGGACACAGCACTGTATTTCTGTGCCAGCAGCCTCCTGCCGAGCTACACCTTCGGTTCG"	"CASSLLPSYTF"	"NNCTTGGAGATCCAGTCCACGGAGTCAGGGGACACAGCACTGTATTTCTGTGCCAGCAGCCTCCTGCCGAGCTACACCTTCGGTTCG"	"CASSLLPSYTF"	"TCRBV21-1*1"	NA	"TCRBJ1-2*1"	60	68	-1	70	8	71	NA	NA	"NNCTTGGAGATCCAGTCCACGGAGTCAGGGGACACAGCACTGTATTTCTGTGCCAGCAGCCTCCTGCCGAGCTACACCTTCGGTTCG"	FALSE	TRUE	NA	NA	NA	NA
"TCGGCTGCTCCCTCCCAGACATCTGTGTACTTCTGTGCCAGCAGTTACTTAAGGAGGACCATGAACACTGAAGCTTTCTTTGGACAA"	"CASSYLRRTMNTEAFF"	"TCGGCTGCTCCCTCCCAGACATCTGTGTACTTCTGTGCCAGCAGTTACTTAAGGAGGACCATGAACACTGAAGCTTTCTTTGGACAA"	"CASSYLRRTMNTEAFF"	"TCRBV6-5*1"	"TCRBD2-1*2"	"TCRBJ1-1*1"	49	52	57	61	3	4	NA	NA	"TCGGCTGCTCCCTCCCAGACATCTGTGTACTTCTGTGCCAGCAGTTACTTAAGGAGGACCATGAACACTGAAGCTTTCTTTGGACAA"	FALSE	TRUE	NA	NA	NA	NA
"CTTGGAGCTGGACGACTCGGCCCTGTATCTCTGTGCCAGCAGCCTGCCACCGACAGGGGAGGTAGAGAGACCCAGTACTTCGGGCCA"	""	"CTTGGAGCTGGACGACTCGGCCCTGTATCTCTGTGCCAGCAGCCTGCCACCGACAGGGGAGGTAGAGAGACCCAGTACTTCGGGCCA"	""	"TCRBV5-4*1"	"TCRBD1-1*1"	"TCRBJ2-5*1"	43	51	59	65	8	6	NA	NA	"CTTGGAGCTGGACGACTCGGCCCTGTATCTCTGTGCCAGCAGCCTGCCACCGACAGGGGAGGTAGAGAGACCCAGTACTTCGGGCCA"	FALSE	FALSE	NA	NA	NA	NA
"NTGTCGGCTGCTCCCTCCCAGACATCTGTGTACTTCTGTGCCAGCAGGTTTGAGGGACAGGACCAAGAGACCCAGTACTTCGGGCCA"	"CASRFEGQDQETQYF"	"NTGTCGGCTGCTCCCTCCCAGACATCTGTGTACTTCTGTGCCAGCAGGTTTGAGGGACAGGACCAAGAGACCCAGTACTTCGGGCCA"	"CASRFEGQDQETQYF"	"TCRBV6-5*1"	"TCRBD1-1*1"	"TCRBJ2-5*1"	47	53	-1	61	6	62	NA	NA	"NTGTCGGCTGCTCCCTCCCAGACATCTGTGTACTTCTGTGCCAGCAGGTTTGAGGGACAGGACCAAGAGACCCAGTACTTCGGGCCA"	FALSE	TRUE	NA	NA	NA	NA
"CTAGAGTCTGCCATCCCCAACCAGACAGCTCTTTACTTCTGTGCCACCAGTGGCGAGACAGGGGCGGATGGCTACACCTTCGGTTCG"	"CATSGETGADGYTF"	"CTAGAGTCTGCCATCCCCAACCAGACAGCTCTTTACTTCTGTGCCACCAGTGGCGAGACAGGGGCGGATGGCTACACCTTCGGTTCG"	"CATSGETGADGYTF"	"TCRBV24-1*1"	"TCRBD1-1*1"	"TCRBJ1-2*1"	52	56	64	67	4	3	NA	NA	"CTAGAGTCTGCCATCCCCAACCAGACAGCTCTTTACTTCTGTGCCACCAGTGGCGAGACAGGGGCGGATGGCTACACCTTCGGTTCG"	FALSE	TRUE	NA	NA	NA	NA
"TCGGCTGCTCCCTCCCAAACATCTGTGTACTTCTGTGCCAGCAGTTACGACTAGAAGACTTAATACTACGAGCAGTACTTCGGGCCG"	"CASSYD*KT*YYEQYF"	"TCGGCTGCTCCCTCCCAAACATCTGTGTACTTCTGTGCCAGCAGTTACGACTAGAAGACTTAATACTACGAGCAGTACTTCGGGCCG"	"CASSYD*KT*YYEQYF"	"TCRBV6-2/6-3*1"	"TCRBD2-1"	"TCRBJ2-7*1"	-1	48	54	65	49	11	NA	NA	"TCGGCTGCTCCCTCCCAAACATCTGTGTACTTCTGTGCCAGCAGTTACGACTAGAAGACTTAATACTACGAGCAGTACTTCGGGCCG"	FALSE	TRUE	NA	NA	NA	NA
"ACAGTGACCAGTGCCCATCCTGAAGACAGCAGCTTCTACATCTGCAGTGCCGGGACTAGCGAAATAGATACGCAGTATTTTGGCCCA"	"CSAGTSEIDTQYF"	"ACAGTGACCAGTGCCCATCCTGAAGACAGCAGCTTCTACATCTGCAGTGCCGGGACTAGCGAAATAGATACGCAGTATTTTGGCCCA"	"CSAGTSEIDTQYF"	NA	"TCRBD2-1"	"TCRBJ2-3*1"	50	51	61	65	1	4	NA	NA	"ACAGTGACCAGTGCCCATCCTGAAGACAGCAGCTTCTACATCTGCAGTGCCGGGACTAGCGAAATAGATACGCAGTATTTTGGCCCA"	FALSE	TRUE	NA	NA	NA	NA
"ACTCTGACAGTGACCAGTGCCCATCCTGAAGACAGCAGCTTCTACATCTGCAGTGCCTCTACCGGGACACTCCAGTACTTCGGGCCA"	"CSASTGTLQYF"	"ACTCTGACAGTGACCAGTGCCCATCCTGAAGACAGCAGCTTCTACATCTGCAGTGCCTCTACCGGGACACTCCAGTACTTCGGGCCA"	"CSASTGTLQYF"	"TCRBV2-1"	"TCRBD1-1*1"	"TCRBJ2-5*1"	56	63	69	71	7	2	NA	NA	"ACTCTGACAGTGACCAGTGCCCATCCTGAAGACAGCAGCTTCTACATCTGCAGTGCCTCTACCGGGACACTCCAGTACTTCGGGCCA"	FALSE	TRUE	NA	NA	NA	NA
"ATCCAGCCCTCAGAACCCAGGGACTCAGCTGTGTACTTCTGTGCCAGGGGGCTAAAGGGAGGGTGTGAAAAACTGTTTTTTGGCAGT"	"CARGLKGGCEKLFF"	"ATCCAGCCCTCAGAACCCAGGGACTCAGCTGTGTACTTCTGTGCCAGGGGGCTAAAGGGAGGGTGTGAAAAACTGTTTTTTGGCAGT"	"CARGLKGGCEKLFF"	NA	"TCRBD2-1*2"	"TCRBJ1-4*1"	47	56	63	65	9	2	NA	NA	"ATCCAGCCCTCAGAACCCAGGGACTCAGCTGTGTACTTCTGTGCCAGGGGGCTAAAGGGAGGGTGTGAAAAACTGTTTTTTGGCAGT"	FALSE	TRUE	NA	NA	NA	NA
"AGGATCCAGCAGGTAGTGCGAGGAGATTCGGCAGCTTATTTCTGTGCCAGCTCCACAGGGACAAGGGATGGCTACACCTTCGGTTCG"	"CASSTGTRDGYTF"	"AGGATCCAGCAGGTAGTGCGAGGAGATTCGGCAGCTTATTTCTGTGCCAGCTCCACAGGGACAAGGGATGGCTACACCTTCGGTTCG"	"CASSTGTRDGYTF"	"TCRBV18-1*1"	"TCRBD1-1*1"	"TCRBJ1-2*1"	53	57	63	67	4	4	NA	NA	"AGGATCCAGCAGGTAGTGCGAGGAGATTCGGCAGCTTATTTCTGTGCCAGCTCCACAGGGACAAGGGATGGCTACACCTTCGGTTCG"	FALSE	TRUE	NA	NA	NA	NA
"ATCCAGCGCACAGAGCAGGGGGACTCGGCCATGTATCTCTGTGCCAGCAGCTTAGTTCCAGGGGACACTGAAGCTTTCTTTGGACAA"	"CASSLVPGDTEAFF"	"ATCCAGCGCACAGAGCAGGGGGACTCGGCCATGTATCTCTGTGCCAGCAGCTTAGTTCCAGGGGACACTGAAGCTTTCTTTGGACAA"	"CASSLVPGDTEAFF"	"TCRBV7-9*1"	"TCRBD1-1*1"	"TCRBJ1-1*1"	55	58	-1	64	3	65	NA	NA	"ATCCAGCGCACAGAGCAGGGGGACTCGGCCATGTATCTCTGTGCCAGCAGCTTAGTTCCAGGGGACACTGAAGCTTTCTTTGGACAA"	FALSE	TRUE	NA	NA	NA	NA
"GTGCGAGGAGATTCGGCAGCTTATTTCTGTGCCAGCTCACCACCGACCCCGACTAGCGGCAGAACAGATACGCAGTATTTTGGCCCA"	"CASSPPTPTSGRTDTQYF"	"GTGCGAGGAGATTCGGCAGCTTATTTCTGTGCCAGCTCACCACCGACCCCGACTAGCGGCAGAACAGATACGCAGTATTTTGGCCCA"	"CASSPPTPTSGRTDTQYF"	"TCRBV18-1*1"	"TCRBD2-1"	"TCRBJ2-3*1"	44	50	59	63	6	4	NA	NA	"GTGCGAGGAGATTCGGCAGCTTATTTCTGTGCCAGCTCACCACCGACCCCGACTAGCGGCAGAACAGATACGCAGTATTTTGGCCCA"	FALSE	TRUE	NA	NA	NA	NA
"TTGGAGCTGGGGGACTCGGCCCTTTATCTTTGCGCCAGCAGCCCCGGACTAGCGGATAGTAGCACAGATACGCAGTATTTTGGCCCA"	"CASSPGLADSSTDTQYF"	"TTGGAGCTGGGGGACTCGGCCCTTTATCTTTGCGCCAGCAGCCCCGGACTAGCGGATAGTAGCACAGATACGCAGTATTTTGGCCCA"	"CASSPGLADSSTDTQYF"	"TCRBV5-1*1"	"TCRBD2-1"	"TCRBJ2-3*1"	42	45	55	60	3	5	NA	NA	"TTGGAGCTGGGGGACTCGGCCCTTTATCTTTGCGCCAGCAGCCCCGGACTAGCGGATAGTAGCACAGATACGCAGTATTTTGGCCCA"	FALSE	TRUE	NA	NA	NA	NA
"CTGACTGTGAGCAACATGAGCCCTGAAGACAGCAGCATATATCTCTGCAGCGTTGGTGGGGCCGGGGCGAGAGCTTTCTTTGGACAA"	"CSVGGAGARAFF"	"CTGACTGTGAGCAACATGAGCCCTGAAGACAGCAGCATATATCTCTGCAGCGTTGGTGGGGCCGGGGCGAGAGCTTTCTTTGGACAA"	"CSVGGAGARAFF"	"TCRBV29-1"	NA	"TCRBJ1-1*1"	55	57	62	71	2	9	NA	NA	"CTGACTGTGAGCAACATGAGCCCTGAAGACAGCAGCATATATCTCTGCAGCGTTGGTGGGGCCGGGGCGAGAGCTTTCTTTGGACAA"	FALSE	TRUE	NA	NA	NA	NA
"GTAGTGCGAGGAGATTCGGCAGCTTATTTCTGTGCCAGCTCACCATTAGACAGGGGGACGTCTAACTATGGCTACACCTTCGGTTCG"	"CASSPLDRGTSNYGYTF"	"GTAGTGCGAGGAGATTCGGCAGCTTATTTCTGTGCCAGCTCACCATTAGACAGGGGGACGTCTAACTATGGCTACACCTTCGGTTCG"	"CASSPLDRGTSNYGYTF"	"TCRBV18-1*1"	"TCRBD1-1*1"	"TCRBJ1-2*1"	45	48	57	61	3	4	NA	NA	"GTAGTGCGAGGAGATTCGGCAGCTTATTTCTGTGCCAGCTCACCATTAGACAGGGGGACGTCTAACTATGGCTACACCTTCGGTTCG"	FALSE	TRUE	NA	NA	NA	NA
"GTGACCAGTGCCCATCCTGAAGACAGCAGCTTCTACATCTGCAGTGCCTCGGGGACAGCGAACACCGGGGAGCTGTTTTTTGGAGAA"	"CSASGTANTGELFF"	"GTGACCAGTGCCCATCCTGAAGACAGCAGCTTCTACATCTGCAGTGCCTCGGGGACAGCGAACACCGGGGAGCTGTTTTTTGGAGAA"	"CSASGTANTGELFF"	NA	"TCRBD1-1*1"	"TCRBJ2-2*1"	47	51	-1	58	4	59	NA	NA	"GTGACCAGTGCCCATCCTGAAGACAGCAGCTTCTACATCTGCAGTGCCTCGGGGACAGCGAACACCGGGGAGCTGTTTTTTGGAGAA"	FALSE	TRUE	NA	NA	NA	NA
"GAGTCCGCCAGCACCAACCAGACATCTATGTACCTCTGTGCCAGCAGTTTCCGGCAGGGGAACAATCAGCCCCAGCATTTTGGTGAT"	"CASSFRQGNNQPQHF"	"GAGTCCGCCAGCACCAACCAGACATCTATGTACCTCTGTGCCAGCAGTTTCCGGCAGGGGAACAATCAGCCCCAGCATTTTGGTGAT"	"CASSFRQGNNQPQHF"	"TCRBV28-1*1"	"TCRBD1-1*1"	"TCRBJ1-5*1"	50	54	60	62	4	2	NA	NA	"GAGTCCGCCAGCACCAACCAGACATCTATGTACCTCTGTGCCAGCAGTTTCCGGCAGGGGAACAATCAGCCCCAGCATTTTGGTGAT"	FALSE	TRUE	NA	NA	NA	NA
"AGTCCACGGAGTCAGGGGACACAGCACTGTATTTCTGTGCCAGCAGCAACGAGGGACAGGGGGCGATATGAAGCTTTCTTTGGACAA"	""	"AGTCCACGGAGTCAGGGGACACAGCACTGTATTTCTGTGCCAGCAGCAACGAGGGACAGGGGGCGATATGAAGCTTTCTTTGGACAA"	""	"TCRBV21-1*1"	"TCRBD1-1*1"	"TCRBJ1-1*1"	49	52	64	68	3	4	NA	NA	"AGTCCACGGAGTCAGGGGACACAGCACTGTATTTCTGTGCCAGCAGCAACGAGGGACAGGGGGCGATATGAAGCTTTCTTTGGACAA"	FALSE	FALSE	NA	NA	NA	NA
"GCTTGGGGACTCGGCCGTGTATCTCTGTGCCAGCAGCTTAGAGGAACCGCGGGACTAGCGACCAGCTACGAGCAGTACTTCGGGCCG"	""	"GCTTGGGGACTCGGCCGTGTATCTCTGTGCCAGCAGCTTAGAGGAACCGCGGGACTAGCGACCAGCTACGAGCAGTACTTCGGGCCG"	""	"TCRBV11-3*1"	"TCRBD2-1"	"TCRBJ2-7*1"	42	50	60	65	8	5	NA	NA	"GCTTGGGGACTCGGCCGTGTATCTCTGTGCCAGCAGCTTAGAGGAACCGCGGGACTAGCGACCAGCTACGAGCAGTACTTCGGGCCG"	FALSE	FALSE	NA	NA	NA	NA
"AACGCCTTGGAGCTGGACGACTCGGCCCTGTATCTCTGTGCCAGCAGCTTGGGAGGGGACCCGCGCCAGCCCCAGCATTTTGGTGAT"	"CASSLGGDPRQPQHF"	"AACGCCTTGGAGCTGGACGACTCGGCCCTGTATCTCTGTGCCAGCAGCTTGGGAGGGGACCCGCGCCAGCCCCAGCATTTTGGTGAT"	"CASSLGGDPRQPQHF"	"TCRBV5-4*1"	NA	"TCRBJ1-5*1"	52	55	60	66	3	6	NA	NA	"AACGCCTTGGAGCTGGACGACTCGGCCCTGTATCTCTGTGCCAGCAGCTTGGGAGGGGACCCGCGCCAGCCCCAGCATTTTGGTGAT"	FALSE	TRUE	NA	NA	NA	NA
"CACGCCCTGCAGCCAGAAGACTCAGCCCTGTATCTCTGCGCCAGCAGCCCCAGCGACTTAGCCAAAAACATTCAGTACTTCGGCGCC"	"CASSPSDLAKNIQYF"	"CACGCCCTGCAGCCAGAAGACTCAGCCCTGTATCTCTGCGCCAGCAGCCCCAGCGACTTAGCCAAAAACATTCAGTACTTCGGCGCC"	"CASSPSDLAKNIQYF"	"TCRBV4-1*1"	"TCRBD2-1"	"TCRBJ2-4*1"	49	54	58	59	5	1	NA	NA	"CACGCCCTGCAGCCAGAAGACTCAGCCCTGTATCTCTGCGCCAGCAGCCCCAGCGACTTAGCCAAAAACATTCAGTACTTCGGCGCC"	FALSE	TRUE	NA	NA	NA	NA
"CCCTCAGAACCCAGGGACTCAGCTGTGTACTTCTGTGCCAGCAGTTTAACGGGAGCGGTAGCCAAAAACATTCAGTACTTCGGCGCC"	"CASSLTGAVAKNIQYF"	"CCCTCAGAACCCAGGGACTCAGCTGTGTACTTCTGTGCCAGCAGTTTAACGGGAGCGGTAGCCAAAAACATTCAGTACTTCGGCGCC"	"CASSLTGAVAKNIQYF"	NA	"TCRBD2-1*2"	"TCRBJ2-4*1"	48	49	55	59	1	4	NA	NA	"CCCTCAGAACCCAGGGACTCAGCTGTGTACTTCTGTGCCAGCAGTTTAACGGGAGCGGTAGCCAAAAACATTCAGTACTTCGGCGCC"	FALSE	TRUE	NA	NA	NA	NA
"GTGACCAGTGCCCATCCTGAAGACAGCAGCTTCTACATCTGCAGTGCTAGTTACAGGGGAGGTCTCACTGAAGCTTTCTTTGGACAA"	"CSASYRGGLTEAFF"	"GTGACCAGTGCCCATCCTGAAGACAGCAGCTTCTACATCTGCAGTGCTAGTTACAGGGGAGGTCTCACTGAAGCTTTCTTTGGACAA"	"CSASYRGGLTEAFF"	"TCRBV2-1*4"	"TCRBD1-1*1"	"TCRBJ1-1*1"	51	52	59	65	1	6	NA	NA	"GTGACCAGTGCCCATCCTGAAGACAGCAGCTTCTACATCTGCAGTGCTAGTTACAGGGGAGGTCTCACTGAAGCTTTCTTTGGACAA"	FALSE	TRUE	NA	NA	NA	NA
"ATCCAGCGCACAGAGCGGGGGGACTCAGCCGTGTATCTCTGTGCCAGCAGCCCGCGCGACTGGGTCGGGGAGCTGTTTTTTGGAGAA"	"CASSPRDWVGELFF"	"ATCCAGCGCACAGAGCGGGGGGACTCAGCCGTGTATCTCTGTGCCAGCAGCCCGCGCGACTGGGTCGGGGAGCTGTTTTTTGGAGAA"	"CASSPRDWVGELFF"	"TCRBV7-3*1"	"TCRBD2-1"	"TCRBJ2-2*1"	51	57	61	65	6	4	NA	NA	"ATCCAGCGCACAGAGCGGGGGGACTCAGCCGTGTATCTCTGTGCCAGCAGCCCGCGCGACTGGGTCGGGGAGCTGTTTTTTGGAGAA"	FALSE	TRUE	NA	NA	NA	NA
"ACGTTGGCGTCTGCTGTACCCTCTCAGACATCTGTGTACTTCTGTGCCAGCAGCAGCGGGACTACCGGGGAGCTGTTTTTTGGAGAA"	"CASSSGTTGELFF"	"ACGTTGGCGTCTGCTGTACCCTCTCAGACATCTGTGTACTTCTGTGCCAGCAGCAGCGGGACTACCGGGGAGCTGTTTTTTGGAGAA"	"CASSSGTTGELFF"	"TCRBV6-4*1"	"TCRBD2-1*2"	"TCRBJ2-2*1"	53	54	61	63	1	2	NA	NA	"ACGTTGGCGTCTGCTGTACCCTCTCAGACATCTGTGTACTTCTGTGCCAGCAGCAGCGGGACTACCGGGGAGCTGTTTTTTGGAGAA"	FALSE	TRUE	NA	NA	NA	NA
"ACCTTGGAGCTGGGGGACTCGGCCCTTTATCTTTGCGCCAGCAGACGGACAGGGGGGGATGTGAACACTGAAGCTTTCTTTGGACAA"	"CASRRTGGDVNTEAFF"	"ACCTTGGAGCTGGGGGACTCGGCCCTTTATCTTTGCGCCAGCAGACGGACAGGGGGGGATGTGAACACTGAAGCTTTCTTTGGACAA"	"CASRRTGGDVNTEAFF"	"TCRBV5-1*1"	"TCRBD1-1*1"	"TCRBJ1-1*1"	44	46	56	61	2	5	NA	NA	"ACCTTGGAGCTGGGGGACTCGGCCCTTTATCTTTGCGCCAGCAGACGGACAGGGGGGGATGTGAACACTGAAGCTTTCTTTGGACAA"	FALSE	TRUE	NA	NA	NA	NA
"ACGATTCAGCGCACAGAGCAGGAGGACTCGGCCGTGTATCTCTGTGCCAGCAGCTTAGCGAGGGCCGGGGAGCTGTTTTTTGGAGAA"	"CASSLARAGELFF"	"ACGATTCAGCGCACAGAGCAGGAGGACTCGGCCGTGTATCTCTGTGCCAGCAGCTTAGCGAGGGCCGGGGAGCTGTTTTTTGGAGAA"	"CASSLARAGELFF"	"TCRBV7-2"	"TCRBD2-1*2"	"TCRBJ2-2*1"	-1	59	-1	64	60	65	NA	NA	"ACGATTCAGCGCACAGAGCAGGAGGACTCGGCCGTGTATCTCTGTGCCAGCAGCTTAGCGAGGGCCGGGGAGCTGTTTTTTGGAGAA"	FALSE	TRUE	NA	NA	NA	NA
"CTCAAGATCCAGCCTGCAAAGCTTGAGGACTCGGCCGTGTATCTCTGTGCCAGCAGCGAAGATCTCTACGAGCAGTACTTCGGGCCG"	"CASSEDLYEQYF"	"CTCAAGATCCAGCCTGCAAAGCTTGAGGACTCGGCCGTGTATCTCTGTGCCAGCAGCGAAGATCTCTACGAGCAGTACTTCGGGCCG"	"CASSEDLYEQYF"	"TCRBV11-2*1"	NA	"TCRBJ2-7*1"	-1	57	59	65	58	6	NA	NA	"CTCAAGATCCAGCCTGCAAAGCTTGAGGACTCGGCCGTGTATCTCTGTGCCAGCAGCGAAGATCTCTACGAGCAGTACTTCGGGCCG"	FALSE	TRUE	NA	NA	NA	NA
"NNNNNNTGTCGGCTGCTCCCTCCCAGACATCTGTGTACTTCTGTGCCATCGCGGCAGGGAAGGGACAACGAGCAGTACTTCGGGCCG"	""	"NNNNNNTGTCGGCTGCTCCCTCCCAGACATCTGTGTACTTCTGTGCCATCGCGGCAGGGAAGGGACAACGAGCAGTACTTCGGGCCG"	""	"TCRBV6-5*1"	"TCRBD1-1*1"	"TCRBJ2-7*1"	48	61	-1	67	13	68	NA	NA	"NNNNNNTGTCGGCTGCTCCCTCCCAGACATCTGTGTACTTCTGTGCCATCGCGGCAGGGAAGGGACAACGAGCAGTACTTCGGGCCG"	FALSE	FALSE	NA	NA	NA	NA
"CAGCCTGCAGAGCTTGGGGACTCGGCCGTGTATCTCTGTGCCAGCAGCCCAAGGACAGGAAACTCCTACGAGCAGTACTTCGGGCCG"	"CASSPRTGNSYEQYF"	"CAGCCTGCAGAGCTTGGGGACTCGGCCGTGTATCTCTGTGCCAGCAGCCCAAGGACAGGAAACTCCTACGAGCAGTACTTCGGGCCG"	"CASSPRTGNSYEQYF"	"TCRBV11-3*1"	"TCRBD1-1*1"	"TCRBJ2-7*1"	48	52	59	62	4	3	NA	NA	"CAGCCTGCAGAGCTTGGGGACTCGGCCGTGTATCTCTGTGCCAGCAGCCCAAGGACAGGAAACTCCTACGAGCAGTACTTCGGGCCG"	FALSE	TRUE	NA	NA	NA	NA
"GTGAGCACCTTGGAGCTGGGGGACTCGGCCCTTTATCTTTGCGCCAGCAGCTTGGCAAGGGGTCAAGAGACCCAGTACTTCGGGCCA"	"CASSLARGQETQYF"	"GTGAGCACCTTGGAGCTGGGGGACTCGGCCCTTTATCTTTGCGCCAGCAGCTTGGCAAGGGGTCAAGAGACCCAGTACTTCGGGCCA"	"CASSLARGQETQYF"	"TCRBV5-1*1"	"TCRBD1-1*1"	"TCRBJ2-5*1"	55	57	62	63	2	1	NA	NA	"GTGAGCACCTTGGAGCTGGGGGACTCGGCCCTTTATCTTTGCGCCAGCAGCTTGGCAAGGGGTCAAGAGACCCAGTACTTCGGGCCA"	FALSE	TRUE	NA	NA	NA	NA
"CAGCCTGCAGAGCTTGGGGACTCGGCCGTGTATCTCTGTGCCAGCAGCCCGCGAGCGGGAGAGATGGGTGAGCAGTTCTTCGGGCCA"	"CASSPRAGEMGEQFF"	"CAGCCTGCAGAGCTTGGGGACTCGGCCGTGTATCTCTGTGCCAGCAGCCCGCGAGCGGGAGAGATGGGTGAGCAGTTCTTCGGGCCA"	"CASSPRAGEMGEQFF"	"TCRBV11-3*1"	"TCRBD2-1*2"	"TCRBJ2-1*1"	48	53	61	68	5	7	NA	NA	"CAGCCTGCAGAGCTTGGGGACTCGGCCGTGTATCTCTGTGCCAGCAGCCCGCGAGCGGGAGAGATGGGTGAGCAGTTCTTCGGGCCA"	FALSE	TRUE	NA	NA	NA	NA
"GAGTCGCCCAGCCCCAACCAGACCTCTCTGTACTTCTGTGCCAGCAGTTTATATCCGTTCCGGACCTTTGGCTACACCTTCGGTTCG"	"CASSLYPFRTFGYTF"	"GAGTCGCCCAGCCCCAACCAGACCTCTCTGTACTTCTGTGCCAGCAGTTTATATCCGTTCCGGACCTTTGGCTACACCTTCGGTTCG"	"CASSLYPFRTFGYTF"	"TCRBV27-1*1"	NA	"TCRBJ1-2*1"	52	61	65	68	9	3	NA	NA	"GAGTCGCCCAGCCCCAACCAGACCTCTCTGTACTTCTGTGCCAGCAGTTTATATCCGTTCCGGACCTTTGGCTACACCTTCGGTTCG"	FALSE	TRUE	NA	NA	NA	NA
"CACGCCCTGCAGCCAGAAGACTCAGCCCTGTATCTCTGCGCCAGCAGCCCGGAACCGGGACTTTCCTATGGCTACACCTTCGGTTCG"	"CASSPEPGLSYGYTF"	"CACGCCCTGCAGCCAGAAGACTCAGCCCTGTATCTCTGCGCCAGCAGCCCGGAACCGGGACTTTCCTATGGCTACACCTTCGGTTCG"	"CASSPEPGLSYGYTF"	"TCRBV4-1*1"	"TCRBD2-1"	"TCRBJ1-2*1"	49	56	62	65	7	3	NA	NA	"CACGCCCTGCAGCCAGAAGACTCAGCCCTGTATCTCTGCGCCAGCAGCCCGGAACCGGGACTTTCCTATGGCTACACCTTCGGTTCG"	FALSE	TRUE	NA	NA	NA	NA
"GCCATCCCCAACCAGACAGCTCTTTACTTCTGTGCCACCAGTGAAGCCTCGGGACAGCTTCGAACACATACGCAGTATTTTGGCCCA"	"CATSEASGQLRTHTQYF"	"GCCATCCCCAACCAGACAGCTCTTTACTTCTGTGCCACCAGTGAAGCCTCGGGACAGCTTCGAACACATACGCAGTATTTTGGCCCA"	"CATSEASGQLRTHTQYF"	"TCRBV24-1*1"	"TCRBD1-1*1"	"TCRBJ2-3*1"	44	50	57	67	6	10	NA	NA	"GCCATCCCCAACCAGACAGCTCTTTACTTCTGTGCCACCAGTGAAGCCTCGGGACAGCTTCGAACACATACGCAGTATTTTGGCCCA"	FALSE	TRUE	NA	NA	NA	NA
"CAGCGCACAGAGCAGGGGGACTCGGCCATGTATCTCTGTGCCAGCAACATAGGGGGGAGCTCCTACAATGAGCAGTTCTTCGGGCCA"	"CASNIGGSSYNEQFF"	"CAGCGCACAGAGCAGGGGGACTCGGCCATGTATCTCTGTGCCAGCAACATAGGGGGGAGCTCCTACAATGAGCAGTTCTTCGGGCCA"	"CASNIGGSSYNEQFF"	"TCRBV7-9"	NA	"TCRBJ2-1*1"	46	50	56	59	4	3	NA	NA	"CAGCGCACAGAGCAGGGGGACTCGGCCATGTATCTCTGTGCCAGCAACATAGGGGGGAGCTCCTACAATGAGCAGTTCTTCGGGCCA"	FALSE	TRUE	NA	NA	NA	NA
"GTGCAGCCTGCAGAGCTTGAGGACTCGGCCGTGTATCTCTGTGCCAGCAGCTTATGGCAGGGGTTCAATGAGCAGTTCTTCGGGCCA"	"CASSLWQGFNEQFF"	"GTGCAGCCTGCAGAGCTTGAGGACTCGGCCGTGTATCTCTGTGCCAGCAGCTTATGGCAGGGGTTCAATGAGCAGTTCTTCGGGCCA"	"CASSLWQGFNEQFF"	NA	"TCRBD1-1*1"	"TCRBJ2-1*1"	54	57	63	65	3	2	NA	NA	"GTGCAGCCTGCAGAGCTTGAGGACTCGGCCGTGTATCTCTGTGCCAGCAGCTTATGGCAGGGGTTCAATGAGCAGTTCTTCGGGCCA"	FALSE	TRUE	NA	NA	NA	NA
"AGCCAGAAGACTCGGCCCTGTATCTCTGCGCCAGCAGCCAAGAAGCAGGACAGGGGGATTGACAATCAGCCCCAGCATTTTGGTGAT"	""	"AGCCAGAAGACTCGGCCCTGTATCTCTGCGCCAGCAGCCAAGAAGCAGGACAGGGGGATTGACAATCAGCCCCAGCATTTTGGTGAT"	""	"TCRBV4-3*1"	"TCRBD1-1*1"	"TCRBJ1-5*1"	43	47	57	62	4	5	NA	NA	"AGCCAGAAGACTCGGCCCTGTATCTCTGCGCCAGCAGCCAAGAAGCAGGACAGGGGGATTGACAATCAGCCCCAGCATTTTGGTGAT"	FALSE	FALSE	NA	NA	NA	NA
"TCTGACAGTGACCAGTGCCCATCCTGAAGACAGCAGCTTCTACATCTGCAGTGCCCTACACAGGGCGGGGAGCTGTTTTTTGGAGAA"	""	"TCTGACAGTGACCAGTGCCCATCCTGAAGACAGCAGCTTCTACATCTGCAGTGCCCTACACAGGGCGGGGAGCTGTTTTTTGGAGAA"	""	NA	"TCRBD1-1*1"	"TCRBJ2-2*1"	54	59	-1	65	5	66	NA	NA	"TCTGACAGTGACCAGTGCCCATCCTGAAGACAGCAGCTTCTACATCTGCAGTGCCCTACACAGGGCGGGGAGCTGTTTTTTGGAGAA"	FALSE	FALSE	NA	NA	NA	NA
"NNNNNNNTGTCGGCTGCTCCCTCCCAGACATCTGTGTACTTCTGTGCCAGCAGTGTTGCGGGGAACACTGAAGCTTTCTTTGGACAA"	"CASSVAGNTEAFF"	"NNNNNNNTGTCGGCTGCTCCCTCCCAGACATCTGTGTACTTCTGTGCCAGCAGTGTTGCGGGGAACACTGAAGCTTTCTTTGGACAA"	"CASSVAGNTEAFF"	NA	"TCRBD2-1"	"TCRBJ1-1*1"	55	57	-1	62	2	63	NA	NA	"NNNNNNNTGTCGGCTGCTCCCTCCCAGACATCTGTGTACTTCTGTGCCAGCAGTGTTGCGGGGAACACTGAAGCTTTCTTTGGACAA"	FALSE	TRUE	NA	NA	NA	NA
"ACAGAGCAGGAGGACTCGGCCGTGTATCTCTGTGCCAGCAGCCCCCACGGTAGCGGGGGCGAGGGGGAGACCCAGTACTTCGGGCCA"	"CASSPHGSGGEGETQYF"	"ACAGAGCAGGAGGACTCGGCCGTGTATCTCTGTGCCAGCAGCCCCCACGGTAGCGGGGGCGAGGGGGAGACCCAGTACTTCGGGCCA"	"CASSPHGSGGEGETQYF"	"TCRBV7-2"	"TCRBD2-1*1"	"TCRBJ2-5*1"	42	50	59	66	8	7	NA	NA	"ACAGAGCAGGAGGACTCGGCCGTGTATCTCTGTGCCAGCAGCCCCCACGGTAGCGGGGGCGAGGGGGAGACCCAGTACTTCGGGCCA"	FALSE	TRUE	NA	NA	NA	NA
"CTGAGCTCTCTGGAGCTGGGGGACTCAGCTTTGTATTTCTGTGCCAGCAGCGTAGCTGAGGAGAACTATGGCTACACCTTCGGTTCG"	"CASSVAEENYGYTF"	"CTGAGCTCTCTGGAGCTGGGGGACTCAGCTTTGTATTTCTGTGCCAGCAGCGTAGCTGAGGAGAACTATGGCTACACCTTCGGTTCG"	"CASSVAEENYGYTF"	"TCRBV9-1*1"	"TCRBD2-1*2"	"TCRBJ1-2*1"	55	59	-1	63	4	64	NA	NA	"CTGAGCTCTCTGGAGCTGGGGGACTCAGCTTTGTATTTCTGTGCCAGCAGCGTAGCTGAGGAGAACTATGGCTACACCTTCGGTTCG"	FALSE	TRUE	NA	NA	NA	NA
"ATCCGGTCCACAAAGCTGGAGGACTCAGCCATGTACTTCTGTGCCAGCAGTGTGGGGCGGGAGCTCTACGAGCAGTACTTCGGGCCG"	"CASSVGRELYEQYF"	"ATCCGGTCCACAAAGCTGGAGGACTCAGCCATGTACTTCTGTGCCAGCAGTGTGGGGCGGGAGCTCTACGAGCAGTACTTCGGGCCG"	"CASSVGRELYEQYF"	"TCRBV2-1"	"TCRBD2-1*2"	"TCRBJ2-7*1"	52	56	63	65	4	2	NA	NA	"ATCCGGTCCACAAAGCTGGAGGACTCAGCCATGTACTTCTGTGCCAGCAGTGTGGGGCGGGAGCTCTACGAGCAGTACTTCGGGCCG"	FALSE	TRUE	NA	NA	NA	NA
"AACCCAGGGACTCAGCTGTGTACTTCTGTGCCAGCAGTACGGGGACAGGGGGCGCGGGGAGGCAATCAGCCCCAGCATTTTGGTGAT"	""	"AACCCAGGGACTCAGCTGTGTACTTCTGTGCCAGCAGTACGGGGACAGGGGGCGCGGGGAGGCAATCAGCCCCAGCATTTTGGTGAT"	""	NA	"TCRBD1-1*1"	"TCRBJ1-5*1"	38	41	53	61	3	8	NA	NA	"AACCCAGGGACTCAGCTGTGTACTTCTGTGCCAGCAGTACGGGGACAGGGGGCGCGGGGAGGCAATCAGCCCCAGCATTTTGGTGAT"	FALSE	FALSE	NA	NA	NA	NA
"CTGATTCTGGAGTCCGCCAGCACCAACCAGACATCTATGTACCTCTGTGCCAGCACCCCAGGCAATCAGCCCCAGCATTTTGGTGAT"	"CASTPGNQPQHF"	"CTGATTCTGGAGTCCGCCAGCACCAACCAGACATCTATGTACCTCTGTGCCAGCACCCCAGGCAATCAGCCCCAGCATTTTGGTGAT"	"CASTPGNQPQHF"	"TCRBV28-1*1"	"TCRBD1-1*1"	"TCRBJ1-5*1"	55	58	-1	61	3	62	NA	NA	"CTGATTCTGGAGTCCGCCAGCACCAACCAGACATCTATGTACCTCTGTGCCAGCACCCCAGGCAATCAGCCCCAGCATTTTGGTGAT"	FALSE	TRUE	NA	NA	NA	NA
"GAGCTGGGGGACTCAGCTTTGTATTTCTGTGCCAGCAGCGTAGTCCTACCGGGACAGGGGAACACCGGGGAGCTGTTTTTTGGAGAA"	"CASSVVLPGQGNTGELFF"	"GAGCTGGGGGACTCAGCTTTGTATTTCTGTGCCAGCAGCGTAGTCCTACCGGGACAGGGGAACACCGGGGAGCTGTTTTTTGGAGAA"	"CASSVVLPGQGNTGELFF"	"TCRBV9-1*1"	"TCRBD1-1*1"	"TCRBJ2-2*1"	43	50	-1	59	7	60	NA	NA	"GAGCTGGGGGACTCAGCTTTGTATTTCTGTGCCAGCAGCGTAGTCCTACCGGGACAGGGGAACACCGGGGAGCTGTTTTTTGGAGAA"	FALSE	TRUE	NA	NA	NA	NA
"TTCTAAGAAGCTCCTTCTCAGTGACTCTGGCTTCTATCTCTGTGCCTGGAGAGCGGGAGCGGACCCTACGAGCAGTACTTCGGGCCG"	""	"TTCTAAGAAGCTCCTTCTCAGTGACTCTGGCTTCTATCTCTGTGCCTGGAGAGCGGGAGCGGACCCTACGAGCAGTACTTCGGGCCG"	""	"TCRBV3-1*1"	"TCRBD2-1*2"	"TCRBJ2-7*1"	-1	51	59	64	52	5	NA	NA	"TTCTAAGAAGCTCCTTCTCAGTGACTCTGGCTTCTATCTCTGTGCCTGGAGAGCGGGAGCGGACCCTACGAGCAGTACTTCGGGCCG"	FALSE	FALSE	NA	NA	NA	NA
"ACCAGTGCCCATCCTGAAGACAGCAGCTTCTACATCTGCAGTGCTGGGAGCGGGAGGGGCACCTACAATGAGCAGTTCTTCGGGCCA"	"CSAGSGRGTYNEQFF"	"ACCAGTGCCCATCCTGAAGACAGCAGCTTCTACATCTGCAGTGCTGGGAGCGGGAGGGGCACCTACAATGAGCAGTTCTTCGGGCCA"	"CSAGSGRGTYNEQFF"	NA	"TCRBD2-1*2"	"TCRBJ2-1*1"	45	48	58	61	3	3	NA	NA	"ACCAGTGCCCATCCTGAAGACAGCAGCTTCTACATCTGCAGTGCTGGGAGCGGGAGGGGCACCTACAATGAGCAGTTCTTCGGGCCA"	FALSE	TRUE	NA	NA	NA	NA
"TCGGCTGCTCCCTCCCAAACATCTGTGTATTTCTGTGCCAGCAGCAGAGGGACTAGCGGTACTCAAGAGACCCAGTACTTCGGGCCA"	"CASSRGTSGTQETQYF"	"TCGGCTGCTCCCTCCCAAACATCTGTGTATTTCTGTGCCAGCAGCAGAGGGACTAGCGGTACTCAAGAGACCCAGTACTTCGGGCCA"	"CASSRGTSGTQETQYF"	"TCRBV6-2*2"	"TCRBD2-1"	"TCRBJ2-5*1"	45	48	59	63	3	4	NA	NA	"TCGGCTGCTCCCTCCCAAACATCTGTGTATTTCTGTGCCAGCAGCAGAGGGACTAGCGGTACTCAAGAGACCCAGTACTTCGGGCCA"	FALSE	TRUE	NA	NA	NA	NA
"TCAATTCCCTGGAGCTTGGTGACTCTGCTGTGTATTTCTGTGCCAGCAGCATGAGGGGGTTCTGGAAACACCATATATTTTGGAGAG"	""	"TCAATTCCCTGGAGCTTGGTGACTCTGCTGTGTATTTCTGTGCCAGCAGCATGAGGGGGTTCTGGAAACACCATATATTTTGGAGAG"	""	"TCRBV3-1/3-2*1"	"TCRBD1-1*1"	"TCRBJ1-3*1"	50	53	59	60	3	1	NA	NA	"TCAATTCCCTGGAGCTTGGTGACTCTGCTGTGTATTTCTGTGCCAGCAGCATGAGGGGGTTCTGGAAACACCATATATTTTGGAGAG"	FALSE	FALSE	NA	NA	NA	NA
"AGCACCTTGGAGCTGGGGGACTCGGCCCTTTATCTTTGCGCCAGCAGGCCTGGGGCTAGCGGGAGTGAGACCCAGTACTTCGGGCCA"	"CASRPGASGSETQYF"	"AGCACCTTGGAGCTGGGGGACTCGGCCCTTTATCTTTGCGCCAGCAGGCCTGGGGCTAGCGGGAGTGAGACCCAGTACTTCGGGCCA"	"CASRPGASGSETQYF"	"TCRBV5-1*1"	"TCRBD2-1*2"	"TCRBJ2-5*1"	47	55	65	66	8	1	NA	NA	"AGCACCTTGGAGCTGGGGGACTCGGCCCTTTATCTTTGCGCCAGCAGGCCTGGGGCTAGCGGGAGTGAGACCCAGTACTTCGGGCCA"	FALSE	TRUE	NA	NA	NA	NA
"NNNNNNTGTCGGCTGCTCCCTCCCAGACATCTGTGTACTTCTGTGCCACCGTGACTAGAGAACACCGGGGATCTGTTTTTTGGAGAA"	""	"NNNNNNTGTCGGCTGCTCCCTCCCAGACATCTGTGTACTTCTGTGCCACCGTGACTAGAGAACACCGGGGATCTGTTTTTTGGAGAA"	""	"TCRBV6-5*1"	"TCRBD2-1"	"TCRBJ2-2*1"	48	52	58	72	4	14	NA	NA	"NNNNNNTGTCGGCTGCTCCCTCCCAGACATCTGTGTACTTCTGTGCCACCGTGACTAGAGAACACCGGGGATCTGTTTTTTGGAGAA"	FALSE	FALSE	NA	NA	NA	NA
"CTGAGTTCTAAGAAGCTCCTTCTCAGTGACTCTGGCTTCTATCTCTGTGCCTGGGCGGCTAGAGTTCCAAAAGCTTTCTTTGGACAA"	"CAWAARVPKAFF"	"CTGAGTTCTAAGAAGCTCCTTCTCAGTGACTCTGGCTTCTATCTCTGTGCCTGGGCGGCTAGAGTTCCAAAAGCTTTCTTTGGACAA"	"CAWAARVPKAFF"	"TCRBV3-1*5"	"TCRBD2-1"	"TCRBJ1-1*1"	55	58	62	70	3	8	NA	NA	"CTGAGTTCTAAGAAGCTCCTTCTCAGTGACTCTGGCTTCTATCTCTGTGCCTGGGCGGCTAGAGTTCCAAAAGCTTTCTTTGGACAA"	FALSE	TRUE	NA	NA	NA	NA
"CCTGCAGAACTGGAGGATTCTGGAGTTTATTTCTGTGCCAGCAGCCAAGTAGCGGGAGGGCTGGACAATGAGCAGTTCTTCGGGCCA"	"CASSQVAGGLDNEQFF"	"CCTGCAGAACTGGAGGATTCTGGAGTTTATTTCTGTGCCAGCAGCCAAGTAGCGGGAGGGCTGGACAATGAGCAGTTCTTCGGGCCA"	"CASSQVAGGLDNEQFF"	"TCRBV14-1*1"	"TCRBD2-1*2"	"TCRBJ2-1*1"	-1	49	60	64	50	4	NA	NA	"CCTGCAGAACTGGAGGATTCTGGAGTTTATTTCTGTGCCAGCAGCCAAGTAGCGGGAGGGCTGGACAATGAGCAGTTCTTCGGGCCA"	FALSE	TRUE	NA	NA	NA	NA
"GAGTCCGCCAGCACCAACCAGACATCTATGTACCTCTGTGCCAGCAGTTTAGGGGCGAATTTGAATGAAAAACTGTTTTTTGGCAGT"	"CASSLGANLNEKLFF"	"GAGTCCGCCAGCACCAACCAGACATCTATGTACCTCTGTGCCAGCAGTTTAGGGGCGAATTTGAATGAAAAACTGTTTTTTGGCAGT"	"CASSLGANLNEKLFF"	"TCRBV28-1*1"	"TCRBD1-1*1"	"TCRBJ1-4*1"	-1	51	56	63	52	7	NA	NA	"GAGTCCGCCAGCACCAACCAGACATCTATGTACCTCTGTGCCAGCAGTTTAGGGGCGAATTTGAATGAAAAACTGTTTTTTGGCAGT"	FALSE	TRUE	NA	NA	NA	NA
"GGAGGACTCCGCCGTGTATCTCTGTGCCAGCAGCTTAGTCCGCAGGGGGCAGTAGGCAGTTCTGGAAACACCATATATTTTGGAGAG"	""	"GGAGGACTCCGCCGTGTATCTCTGTGCCAGCAGCTTAGTCCGCAGGGGGCAGTAGGCAGTTCTGGAAACACCATATATTTTGGAGAG"	""	"TCRBV7-8"	"TCRBD1-1*1"	"TCRBJ1-3*1"	38	42	50	60	4	10	NA	NA	"GGAGGACTCCGCCGTGTATCTCTGTGCCAGCAGCTTAGTCCGCAGGGGGCAGTAGGCAGTTCTGGAAACACCATATATTTTGGAGAG"	FALSE	FALSE	NA	NA	NA	NA
"ACCAGTGCCCATCCTGAAGACAGCAGCTTCTACATCTGCAGTGCCCAACCCGGGACTAGCGAGAAAGAGACCCAGTACTTCGGGCCA"	"CSAQPGTSEKETQYF"	"ACCAGTGCCCATCCTGAAGACAGCAGCTTCTACATCTGCAGTGCCCAACCCGGGACTAGCGAGAAAGAGACCCAGTACTTCGGGCCA"	"CSAQPGTSEKETQYF"	NA	"TCRBD2-1"	"TCRBJ2-5*1"	44	51	61	64	7	3	NA	NA	"ACCAGTGCCCATCCTGAAGACAGCAGCTTCTACATCTGCAGTGCCCAACCCGGGACTAGCGAGAAAGAGACCCAGTACTTCGGGCCA"	FALSE	TRUE	NA	NA	NA	NA
"NCTCTGAAGATCCGGTCCACAAAGCTGGAGGACTCAGCCATGTACTTCTGTGCCATCGGGACCGAGTATGGCTACACCTTCGGTTCG"	"CAIGTEYGYTF"	"NCTCTGAAGATCCGGTCCACAAAGCTGGAGGACTCAGCCATGTACTTCTGTGCCATCGGGACCGAGTATGGCTACACCTTCGGTTCG"	"CAIGTEYGYTF"	"TCRBV2-1"	NA	"TCRBJ1-2*1"	55	57	62	66	2	4	NA	NA	"NCTCTGAAGATCCGGTCCACAAAGCTGGAGGACTCAGCCATGTACTTCTGTGCCATCGGGACCGAGTATGGCTACACCTTCGGTTCG"	FALSE	TRUE	NA	NA	NA	NA
"ATTCAGCGCACAGAGCAGGAGGACTCGGCCGTGTATCTCTGTGCCAGCAGCCCCCTTAGCTCCTACAATGAGCAGTTCTTCGGGCCA"	"CASSPLSSYNEQFF"	"ATTCAGCGCACAGAGCAGGAGGACTCGGCCGTGTATCTCTGTGCCAGCAGCCCCCTTAGCTCCTACAATGAGCAGTTCTTCGGGCCA"	"CASSPLSSYNEQFF"	"TCRBV7-2"	"TCRBD2-1"	"TCRBJ2-1*1"	51	56	-1	59	5	60	NA	NA	"ATTCAGCGCACAGAGCAGGAGGACTCGGCCGTGTATCTCTGTGCCAGCAGCCCCCTTAGCTCCTACAATGAGCAGTTCTTCGGGCCA"	FALSE	TRUE	NA	NA	NA	NA
"CCCTCCCAGACATCTGTGTACTTCTGTGCCAGCAGTTACTCGACCGCAAAGGGTGGGGGTCTGAACACTGAAGCTTTCTTTGGACAA"	"CASSYSTAKGGGLNTEAFF"	"CCCTCCCAGACATCTGTGTACTTCTGTGCCAGCAGTTACTCGACCGCAAAGGGTGGGGGTCTGAACACTGAAGCTTTCTTTGGACAA"	"CASSYSTAKGGGLNTEAFF"	NA	NA	"TCRBJ1-1*1"	41	54	59	61	13	2	NA	NA	"CCCTCCCAGACATCTGTGTACTTCTGTGCCAGCAGTTACTCGACCGCAAAGGGTGGGGGTCTGAACACTGAAGCTTTCTTTGGACAA"	FALSE	TRUE	NA	NA	NA	NA
"AACGCCTTGTTGCTGGGGGACTCGGCCCTGTATCTCTGTGCCAGCAGCGTGGGACCCGCCGGGACCTACGAGCAGTACTTCGGGCCG"	"CASSVGPAGTYEQYF"	"AACGCCTTGTTGCTGGGGGACTCGGCCCTGTATCTCTGTGCCAGCAGCGTGGGACCCGCCGGGACCTACGAGCAGTACTTCGGGCCG"	"CASSVGPAGTYEQYF"	"TCRBV5-5*1"	"TCRBD2-1*2"	"TCRBJ2-7*1"	52	59	-1	64	7	65	NA	NA	"AACGCCTTGTTGCTGGGGGACTCGGCCCTGTATCTCTGTGCCAGCAGCGTGGGACCCGCCGGGACCTACGAGCAGTACTTCGGGCCG"	FALSE	TRUE	NA	NA	NA	NA
"ATCAATTCCCTGGAGCTTGGTGACTCTGCTGTGTATTTCTGTGCCAGCAGCCAGGAAGGTTTGAACACTGAAGCTTTCTTTGGACAA"	"CASSQEGLNTEAFF"	"ATCAATTCCCTGGAGCTTGGTGACTCTGCTGTGTATTTCTGTGCCAGCAGCCAGGAAGGTTTGAACACTGAAGCTTTCTTTGGACAA"	"CASSQEGLNTEAFF"	"TCRBV3-1/3-2*1"	NA	"TCRBJ1-1*1"	-1	53	56	61	54	5	NA	NA	"ATCAATTCCCTGGAGCTTGGTGACTCTGCTGTGTATTTCTGTGCCAGCAGCCAGGAAGGTTTGAACACTGAAGCTTTCTTTGGACAA"	FALSE	TRUE	NA	NA	NA	NA
"AGGGGACACAGCACTGTATTTCTGTGCCAGCAGCAAATGTGTATAGGGGCGAGGGCTCCGAACACCGGGGAGCTGTTTTTTGGAGAA"	""	"AGGGGACACAGCACTGTATTTCTGTGCCAGCAGCAAATGTGTATAGGGGCGAGGGCTCCGAACACCGGGGAGCTGTTTTTTGGAGAA"	""	"TCRBV21-1*1"	NA	"TCRBJ2-2*1"	37	44	49	58	7	9	NA	NA	"AGGGGACACAGCACTGTATTTCTGTGCCAGCAGCAAATGTGTATAGGGGCGAGGGCTCCGAACACCGGGGAGCTGTTTTTTGGAGAA"	FALSE	FALSE	NA	NA	NA	NA
"GCCAGGCCCTCACATACCTCTCAGTACCTCTGTGCCAGCAGTAGACACCCCGGGCAGGTGTATAACTATGGCTACACCTTCGGTTCG"	"CASSRHPGQVYNYGYTF"	"GCCAGGCCCTCACATACCTCTCAGTACCTCTGTGCCAGCAGTAGACACCCCGGGCAGGTGTATAACTATGGCTACACCTTCGGTTCG"	"CASSRHPGQVYNYGYTF"	"TCRBV25-1*1"	NA	"TCRBJ1-2*1"	42	43	47	62	1	15	NA	NA	"GCCAGGCCCTCACATACCTCTCAGTACCTCTGTGCCAGCAGTAGACACCCCGGGCAGGTGTATAACTATGGCTACACCTTCGGTTCG"	FALSE	TRUE	NA	NA	NA	NA
"GCCCTGCAGCCAGAAGACTCAGCCCTGTATCTCTGCGCCAGCAGCCCATTAGCAGCGGGGACCTACAATGAGCAGTTCTTCGGGCCA"	"CASSPLAAGTYNEQFF"	"GCCCTGCAGCCAGAAGACTCAGCCCTGTATCTCTGCGCCAGCAGCCCATTAGCAGCGGGGACCTACAATGAGCAGTTCTTCGGGCCA"	"CASSPLAAGTYNEQFF"	"TCRBV4-1*1"	"TCRBD2-1*1"	"TCRBJ2-1*1"	46	53	60	61	7	1	NA	NA	"GCCCTGCAGCCAGAAGACTCAGCCCTGTATCTCTGCGCCAGCAGCCCATTAGCAGCGGGGACCTACAATGAGCAGTTCTTCGGGCCA"	FALSE	TRUE	NA	NA	NA	NA
"CCCTCAGAACCCAGGGACTCAGCTGTGTACTTCTGTGCCAGCAACACCGGGAAGCGGTACCAATACAATGAGCAGTTCTTCGGGCCA"	"CASNTGKRYQYNEQFF"	"CCCTCAGAACCCAGGGACTCAGCTGTGTACTTCTGTGCCAGCAACACCGGGAAGCGGTACCAATACAATGAGCAGTTCTTCGGGCCA"	"CASNTGKRYQYNEQFF"	NA	"TCRBD2-1"	"TCRBJ2-1*1"	43	52	57	63	9	6	NA	NA	"CCCTCAGAACCCAGGGACTCAGCTGTGTACTTCTGTGCCAGCAACACCGGGAAGCGGTACCAATACAATGAGCAGTTCTTCGGGCCA"	FALSE	TRUE	NA	NA	NA	NA
"CCCAGACATCTGTGTACTTCTGTGCCAGCAGTGAAGCGGGGGACCCCAGGACGGGAATTTTCGAACACTGAAGCTTTCTTTGGACAA"	""	"CCCAGACATCTGTGTACTTCTGTGCCAGCAGTGAAGCGGGGGACCCCAGGACGGGAATTTTCGAACACTGAAGCTTTCTTTGGACAA"	""	"TCRBV6-1*1"	NA	"TCRBJ1-1*1"	37	39	44	62	2	18	NA	NA	"CCCAGACATCTGTGTACTTCTGTGCCAGCAGTGAAGCGGGGGACCCCAGGACGGGAATTTTCGAACACTGAAGCTTTCTTTGGACAA"	FALSE	FALSE	NA	NA	NA	NA
"CAGGCCCTCACATACCTCTCAGTACCTCTGTGCCAGCAGTGAATCGAAGAAGACACCGGGACAAGATACGAGCAGTACTTCGGGCCG"	""	"CAGGCCCTCACATACCTCTCAGTACCTCTGTGCCAGCAGTGAATCGAAGAAGACACCGGGACAAGATACGAGCAGTACTTCGGGCCG"	""	"TCRBV25-1*1"	"TCRBD1-1*1"	"TCRBJ2-7*1"	44	57	63	66	13	3	NA	NA	"CAGGCCCTCACATACCTCTCAGTACCTCTGTGCCAGCAGTGAATCGAAGAAGACACCGGGACAAGATACGAGCAGTACTTCGGGCCG"	FALSE	FALSE	NA	NA	NA	NA
"AATGTGAGCACCTTGGAGCTGGGGGACTCGGCCCTTTATCTTTGCGCCAGCAGCTATGACGACACAGATACGCAGTATTTTGGCCCA"	"CASSYDDTDTQYF"	"AATGTGAGCACCTTGGAGCTGGGGGACTCGGCCCTTTATCTTTGCGCCAGCAGCTATGACGACACAGATACGCAGTATTTTGGCCCA"	"CASSYDDTDTQYF"	"TCRBV5-1*1"	NA	"TCRBJ2-3*1"	55	57	60	62	2	2	NA	NA	"AATGTGAGCACCTTGGAGCTGGGGGACTCGGCCCTTTATCTTTGCGCCAGCAGCTATGACGACACAGATACGCAGTATTTTGGCCCA"	FALSE	TRUE	NA	NA	NA	NA
"AATGTGAGCACCTTGGAGCTGGGGGACTCGGCCCTTTATCTTTGCGCCAGCAGCTGGGACACCAACACTGAAGCTTTCTTTGGACAA"	"CASSWDTNTEAFF"	"AATGTGAGCACCTTGGAGCTGGGGGACTCGGCCCTTTATCTTTGCGCCAGCAGCTGGGACACCAACACTGAAGCTTTCTTTGGACAA"	"CASSWDTNTEAFF"	"TCRBV5-1*1"	"TCRBD1-1*1"	"TCRBJ1-1*1"	-1	55	61	63	56	2	NA	NA	"AATGTGAGCACCTTGGAGCTGGGGGACTCGGCCCTTTATCTTTGCGCCAGCAGCTGGGACACCAACACTGAAGCTTTCTTTGGACAA"	FALSE	TRUE	NA	NA	NA	NA
"AGTCCGCCAGCACCAACCAGACATCTATGTACCTCTGTGCCAGCAGTCCCCGCTCTCCAGATCACCTACGAGCAGTACTTCGGGCCG"	""	"AGTCCGCCAGCACCAACCAGACATCTATGTACCTCTGTGCCAGCAGTCCCCGCTCTCCAGATCACCTACGAGCAGTACTTCGGGCCG"	""	"TCRBV28-1*1"	"TCRBD1-1*1"	"TCRBJ2-7*1"	47	57	60	64	10	4	NA	NA	"AGTCCGCCAGCACCAACCAGACATCTATGTACCTCTGTGCCAGCAGTCCCCGCTCTCCAGATCACCTACGAGCAGTACTTCGGGCCG"	FALSE	FALSE	NA	NA	NA	NA
"AGTGCCCATCCTGAAGACAGCAGCTTCTACATCTGCAGTGCTAGTGACCTAGCGGGAGAAGTCTAATACGAGCAGTACTTCGGGCCG"	"CSASDLAGEV*YEQYF"	"AGTGCCCATCCTGAAGACAGCAGCTTCTACATCTGCAGTGCTAGTGACCTAGCGGGAGAAGTCTAATACGAGCAGTACTTCGGGCCG"	"CSASDLAGEV*YEQYF"	"TCRBV2-1*4"	"TCRBD2-1*2"	"TCRBJ2-7*1"	47	48	58	66	1	8	NA	NA	"AGTGCCCATCCTGAAGACAGCAGCTTCTACATCTGCAGTGCTAGTGACCTAGCGGGAGAAGTCTAATACGAGCAGTACTTCGGGCCG"	FALSE	TRUE	NA	NA	NA	NA
"GAAGACTCGGCCCTGTATCTCTGCGCCAGCAGCCACGGGACTAGCGGGAGGGCCCTGAGGCCTCAGAACATTCAGTACTTCGGCGCC"	"CASSHGTSGRALRPQNIQYF"	"GAAGACTCGGCCCTGTATCTCTGCGCCAGCAGCCACGGGACTAGCGGGAGGGCCCTGAGGCCTCAGAACATTCAGTACTTCGGCGCC"	"CASSHGTSGRALRPQNIQYF"	"TCRBV4-3*1"	"TCRBD2-1*2"	"TCRBJ2-4*1"	35	36	52	66	1	14	NA	NA	"GAAGACTCGGCCCTGTATCTCTGCGCCAGCAGCCACGGGACTAGCGGGAGGGCCCTGAGGCCTCAGAACATTCAGTACTTCGGCGCC"	FALSE	TRUE	NA	NA	NA	NA
"CTGTCCCTAGAGTCTGCCATCCCCAACCAGACAGCTCTTTACTTCTGTGCCACCAGTGCCGGGTATTCTGAAGCTTTCTTTGGACAA"	"CATSAGYSEAFF"	"CTGTCCCTAGAGTCTGCCATCCCCAACCAGACAGCTCTTTACTTCTGTGCCACCAGTGCCGGGTATTCTGAAGCTTTCTTTGGACAA"	"CATSAGYSEAFF"	"TCRBV24-1*1"	"TCRBD2-1"	"TCRBJ1-1*1"	58	59	63	67	1	4	NA	NA	"CTGTCCCTAGAGTCTGCCATCCCCAACCAGACAGCTCTTTACTTCTGTGCCACCAGTGCCGGGTATTCTGAAGCTTTCTTTGGACAA"	FALSE	TRUE	NA	NA	NA	NA
"AGCAACATGAGCCCTGAAGACAGCAGCATATATCTCTGCAGCGTTGGGGGATGGCGGTAGTTTCCCCTCGAGCAGTACTTCGGGCCG"	"CSVGGWR*FPLEQYF"	"AGCAACATGAGCCCTGAAGACAGCAGCATATATCTCTGCAGCGTTGGGGGATGGCGGTAGTTTCCCCTCGAGCAGTACTTCGGGCCG"	"CSVGGWR*FPLEQYF"	"TCRBV29-1"	NA	"TCRBJ2-7*1"	46	47	51	68	1	17	NA	NA	"AGCAACATGAGCCCTGAAGACAGCAGCATATATCTCTGCAGCGTTGGGGGATGGCGGTAGTTTCCCCTCGAGCAGTACTTCGGGCCG"	FALSE	TRUE	NA	NA	NA	NA
"CTGAAGATCCGGTCCACAAAGCTGGAGGACTCAGCCATGTACTTCTGTGCCAGCGTTAACTTGGGGGAAAAACTGTTTTTTGGCAGT"	"CASVNLGEKLFF"	"CTGAAGATCCGGTCCACAAAGCTGGAGGACTCAGCCATGTACTTCTGTGCCAGCGTTAACTTGGGGGAAAAACTGTTTTTTGGCAGT"	"CASVNLGEKLFF"	"TCRBV2-1"	NA	"TCRBJ1-4*1"	54	62	-1	66	8	67	NA	NA	"CTGAAGATCCGGTCCACAAAGCTGGAGGACTCAGCCATGTACTTCTGTGCCAGCGTTAACTTGGGGGAAAAACTGTTTTTTGGCAGT"	FALSE	TRUE	NA	NA	NA	NA
"NTGAAGATCCAGCCCTCAGAACCCAGGGACTCAGCTGTGTACTTCTGTGCCAGCAGTCGGAACTCCTACGAGCAGTACTTCGGGCCG"	"CASSRNSYEQYF"	"NTGAAGATCCAGCCCTCAGAACCCAGGGACTCAGCTGTGTACTTCTGTGCCAGCAGTCGGAACTCCTACGAGCAGTACTTCGGGCCG"	"CASSRNSYEQYF"	"TCRBV12-3/12-4*1"	NA	"TCRBJ2-7*1"	57	58	61	62	1	1	NA	NA	"NTGAAGATCCAGCCCTCAGAACCCAGGGACTCAGCTGTGTACTTCTGTGCCAGCAGTCGGAACTCCTACGAGCAGTACTTCGGGCCG"	FALSE	TRUE	NA	NA	NA	NA
"CAGCCCTCAGAACCCAGGGACTCAGCTGTGTATTTTTGTGCTAGTGGTTTGGTACTCACAGGTGACACTGAAGCTTTCTTTGGACAA"	"CASGLVLTGDTEAFF"	"CAGCCCTCAGAACCCAGGGACTCAGCTGTGTATTTTTGTGCTAGTGGTTTGGTACTCACAGGTGACACTGAAGCTTTCTTTGGACAA"	"CASGLVLTGDTEAFF"	"TCRBV12-5*1"	"TCRBD1-1*1"	"TCRBJ1-1*1"	53	57	62	64	4	2	NA	NA	"CAGCCCTCAGAACCCAGGGACTCAGCTGTGTATTTTTGTGCTAGTGGTTTGGTACTCACAGGTGACACTGAAGCTTTCTTTGGACAA"	FALSE	TRUE	NA	NA	NA	NA
"CAGCCCTCAGAACCCAGGGACTCAGCTGTGTACTTCTGTGCCAGCAGAGAGACAGGGTCCACGAACACTGAAGCTTTCTTTGGACAA"	"CASRETGSTNTEAFF"	"CAGCCCTCAGAACCCAGGGACTCAGCTGTGTACTTCTGTGCCAGCAGAGAGACAGGGTCCACGAACACTGAAGCTTTCTTTGGACAA"	"CASRETGSTNTEAFF"	NA	"TCRBD1-1*1"	"TCRBJ1-1*1"	47	50	57	62	3	5	NA	NA	"CAGCCCTCAGAACCCAGGGACTCAGCTGTGTACTTCTGTGCCAGCAGAGAGACAGGGTCCACGAACACTGAAGCTTTCTTTGGACAA"	FALSE	TRUE	NA	NA	NA	NA
"ATCCAGCGCACAGAGCAGGGGGACTCGGCCATGTATCTCTGTGCCAGCAGCTTAGCGGGTACCCCAGATACGCAGTATTTTGGCCCA"	"CASSLAGTPDTQYF"	"ATCCAGCGCACAGAGCAGGGGGACTCGGCCATGTATCTCTGTGCCAGCAGCTTAGCGGGTACCCCAGATACGCAGTATTTTGGCCCA"	"CASSLAGTPDTQYF"	"TCRBV7-9*1"	NA	"TCRBJ2-3*1"	-1	56	59	64	57	5	NA	NA	"ATCCAGCGCACAGAGCAGGGGGACTCGGCCATGTATCTCTGTGCCAGCAGCTTAGCGGGTACCCCAGATACGCAGTATTTTGGCCCA"	FALSE	TRUE	NA	NA	NA	NA
"AGCACCTTGGAGCTGGGGGACTCGGCCCTTTATCTTTGCGCCAGCAGCTCCCGGACTAGCGGAAACAATGAGCAGTTCTTCGGGCCA"	"CASSSRTSGNNEQFF"	"AGCACCTTGGAGCTGGGGGACTCGGCCCTTTATCTTTGCGCCAGCAGCTCCCGGACTAGCGGAAACAATGAGCAGTTCTTCGGGCCA"	"CASSSRTSGNNEQFF"	"TCRBV5-1*1"	"TCRBD2-1"	"TCRBJ2-1*1"	49	52	62	64	3	2	NA	NA	"AGCACCTTGGAGCTGGGGGACTCGGCCCTTTATCTTTGCGCCAGCAGCTCCCGGACTAGCGGAAACAATGAGCAGTTCTTCGGGCCA"	FALSE	TRUE	NA	NA	NA	NA
"CGCACAGAGCAGCGGGACTCGGCCATGTATCGCTGTGCCAGCAGCTTAGACCGCGGGCATATGAACACTGAAGCTTTCTTTGGACAA"	"CASSLDRGHMNTEAFF"	"CGCACAGAGCAGCGGGACTCGGCCATGTATCGCTGTGCCAGCAGCTTAGACCGCGGGCATATGAACACTGAAGCTTTCTTTGGACAA"	"CASSLDRGHMNTEAFF"	"TCRBV7-6*1"	"TCRBD2-1"	"TCRBJ1-1*1"	49	52	57	61	3	4	NA	NA	"CGCACAGAGCAGCGGGACTCGGCCATGTATCGCTGTGCCAGCAGCTTAGACCGCGGGCATATGAACACTGAAGCTTTCTTTGGACAA"	FALSE	TRUE	NA	NA	NA	NA
"AACGCCTTGGAGCTGGACGACTCGGCCCTGTATCTCTGTGCCAGCACCCGAGAAGCGGGATTATACAATGAGCAGTTCTTCGGGCCA"	"CASTREAGLYNEQFF"	"AACGCCTTGGAGCTGGACGACTCGGCCCTGTATCTCTGTGCCAGCACCCGAGAAGCGGGATTATACAATGAGCAGTTCTTCGGGCCA"	"CASTREAGLYNEQFF"	"TCRBV5-4*1"	"TCRBD2-1*2"	"TCRBJ2-1*1"	46	53	60	63	7	3	NA	NA	"AACGCCTTGGAGCTGGACGACTCGGCCCTGTATCTCTGTGCCAGCACCCGAGAAGCGGGATTATACAATGAGCAGTTCTTCGGGCCA"	FALSE	TRUE	NA	NA	NA	NA
"ATCCAGCAGGTAGTGCGAGGAGATTCGGCAGCTTATTTCTGTGCCAGCTCATCGACAGGGGGACGCTACGAGCAGTACTTCGGGCCG"	"CASSSTGGRYEQYF"	"ATCCAGCAGGTAGTGCGAGGAGATTCGGCAGCTTATTTCTGTGCCAGCTCATCGACAGGGGGACGCTACGAGCAGTACTTCGGGCCG"	"CASSSTGGRYEQYF"	"TCRBV18-1*1"	"TCRBD1-1*1"	"TCRBJ2-7*1"	51	53	62	65	2	3	NA	NA	"ATCCAGCAGGTAGTGCGAGGAGATTCGGCAGCTTATTTCTGTGCCAGCTCATCGACAGGGGGACGCTACGAGCAGTACTTCGGGCCG"	FALSE	TRUE	NA	NA	NA	NA
"AAGATCCAGCCCTCAGAACCCAGGGACTCAGCTGTGTACTTCTGTGCCAGCAGTCCAGGACAGGGGGGTGAGCAGTTCTTCGGGCCA"	"CASSPGQGGEQFF"	"AAGATCCAGCCCTCAGAACCCAGGGACTCAGCTGTGTACTTCTGTGCCAGCAGTCCAGGACAGGGGGGTGAGCAGTTCTTCGGGCCA"	"CASSPGQGGEQFF"	"TCRBV12-3/12-4*1"	"TCRBD1-1*1"	"TCRBJ2-1*1"	54	57	67	68	3	1	NA	NA	"AAGATCCAGCCCTCAGAACCCAGGGACTCAGCTGTGTACTTCTGTGCCAGCAGTCCAGGACAGGGGGGTGAGCAGTTCTTCGGGCCA"	FALSE	TRUE	NA	NA	NA	NA
"CGCACAGAGCAGCGGGACTCGGCCATGTATCGCTGTGCCAGCAGCCCCGCCCAAGGGGTCGTACATGGTGAAGCTTTCTTTGGACAA"	"CASSPAQGVVHGEAFF"	"CGCACAGAGCAGCGGGACTCGGCCATGTATCGCTGTGCCAGCAGCCCCGCCCAAGGGGTCGTACATGGTGAAGCTTTCTTTGGACAA"	"CASSPAQGVVHGEAFF"	"TCRBV7-6*1"	"TCRBD1-1*1"	"TCRBJ1-1*1"	45	53	58	68	8	10	NA	NA	"CGCACAGAGCAGCGGGACTCGGCCATGTATCGCTGTGCCAGCAGCCCCGCCCAAGGGGTCGTACATGGTGAAGCTTTCTTTGGACAA"	FALSE	TRUE	NA	NA	NA	NA
"GTGAGCACCTTGGAGCTGGGGGACTCGGCCCTTTATCTTTGCGCCAGCAGCTTGAGGGACATGGCCTCTGAAGCTTTCTTTGGACAA"	"CASSLRDMASEAFF"	"GTGAGCACCTTGGAGCTGGGGGACTCGGCCCTTTATCTTTGCGCCAGCAGCTTGAGGGACATGGCCTCTGAAGCTTTCTTTGGACAA"	"CASSLRDMASEAFF"	"TCRBV5-1*1"	"TCRBD1-1*1"	"TCRBJ1-1*1"	54	55	61	67	1	6	NA	NA	"GTGAGCACCTTGGAGCTGGGGGACTCGGCCCTTTATCTTTGCGCCAGCAGCTTGAGGGACATGGCCTCTGAAGCTTTCTTTGGACAA"	FALSE	TRUE	NA	NA	NA	NA
"CCAGCAGGTAGTGCGAGGAGATTCGGCAGCTTATTTCTGTGCCAGCTCACCATTATCGGGACCACAGATACGCAGTATTTTGGCCCA"	""	"CCAGCAGGTAGTGCGAGGAGATTCGGCAGCTTATTTCTGTGCCAGCTCACCATTATCGGGACCACAGATACGCAGTATTTTGGCCCA"	""	"TCRBV18-1*1"	NA	"TCRBJ2-3*1"	52	57	-1	62	5	63	NA	NA	"CCAGCAGGTAGTGCGAGGAGATTCGGCAGCTTATTTCTGTGCCAGCTCACCATTATCGGGACCACAGATACGCAGTATTTTGGCCCA"	FALSE	FALSE	NA	NA	NA	NA
"CAGCCCTCAGAACCCAGGGACTCAGCTGTGTACTTCTGTGCCAGCAACCCTGGCGGCAGAGGGTGGGAGACCCAGTACTTCGGGCCA"	"CASNPGGRGWETQYF"	"CAGCCCTCAGAACCCAGGGACTCAGCTGTGTACTTCTGTGCCAGCAACCCTGGCGGCAGAGGGTGGGAGACCCAGTACTTCGGGCCA"	"CASNPGGRGWETQYF"	NA	"TCRBD2-1*2"	"TCRBJ2-5*1"	46	58	63	66	12	3	NA	NA	"CAGCCCTCAGAACCCAGGGACTCAGCTGTGTACTTCTGTGCCAGCAACCCTGGCGGCAGAGGGTGGGAGACCCAGTACTTCGGGCCA"	FALSE	TRUE	NA	NA	NA	NA
"CTGCAGCCAGAAGACTCAGCCCTGTATCTCTGCGCCAGCAGCCAAGATGGAAGCGGGAGGTCCAAAAACATTCAGTACTTCGGCGCC"	"CASSQDGSGRSKNIQYF"	"CTGCAGCCAGAAGACTCAGCCCTGTATCTCTGCGCCAGCAGCCAAGATGGAAGCGGGAGGTCCAAAAACATTCAGTACTTCGGCGCC"	"CASSQDGSGRSKNIQYF"	"TCRBV4-1*1"	"TCRBD2-1*2"	"TCRBJ2-4*1"	47	51	60	61	4	1	NA	NA	"CTGCAGCCAGAAGACTCAGCCCTGTATCTCTGCGCCAGCAGCCAAGATGGAAGCGGGAGGTCCAAAAACATTCAGTACTTCGGCGCC"	FALSE	TRUE	NA	NA	NA	NA
"AATCTTCACATCAATTCCCTGGAGCTTGGTGACTCTGCTGTGTATTTCTGTGCCAGCACACAGGGTCTCGAGCAGTACTTCGGGCCG"	"CASTQGLEQYF"	"AATCTTCACATCAATTCCCTGGAGCTTGGTGACTCTGCTGTGTATTTCTGTGCCAGCACACAGGGTCTCGAGCAGTACTTCGGGCCG"	"CASTQGLEQYF"	"TCRBV3-1/3-2*1"	"TCRBD1-1*1"	"TCRBJ2-7*1"	58	59	65	68	1	3	NA	NA	"AATCTTCACATCAATTCCCTGGAGCTTGGTGACTCTGCTGTGTATTTCTGTGCCAGCACACAGGGTCTCGAGCAGTACTTCGGGCCG"	FALSE	TRUE	NA	NA	NA	NA
"CTTCACCTACACACCCTGCAGCCAGAAGACTCGGCCCTGTATCTCTGTGCCAGCAGCCAAATCAACAGGGAGCAGTTCTTCGGGCCA"	"CASSQINREQFF"	"CTTCACCTACACACCCTGCAGCCAGAAGACTCGGCCCTGTATCTCTGTGCCAGCAGCCAAATCAACAGGGAGCAGTTCTTCGGGCCA"	"CASSQINREQFF"	"TCRBV4-2*1"	"TCRBD1-1*1"	"TCRBJ2-1*1"	60	64	-1	69	4	70	NA	NA	"CTTCACCTACACACCCTGCAGCCAGAAGACTCGGCCCTGTATCTCTGTGCCAGCAGCCAAATCAACAGGGAGCAGTTCTTCGGGCCA"	FALSE	TRUE	NA	NA	NA	NA
"ACAGAGCAGCGGGACTCAGCCATGTATCGCTGTGCTAGCAGCGACAATAGACAGGGGGAGATCCAAGAGACCCAGTACTTCGGGCCA"	"CASSDNRQGEIQETQYF"	"ACAGAGCAGCGGGACTCAGCCATGTATCGCTGTGCTAGCAGCGACAATAGACAGGGGGAGATCCAAGAGACCCAGTACTTCGGGCCA"	"CASSDNRQGEIQETQYF"	"TCRBV7-7*1"	"TCRBD1-1*1"	"TCRBJ2-5*1"	42	49	58	62	7	4	NA	NA	"ACAGAGCAGCGGGACTCAGCCATGTATCGCTGTGCTAGCAGCGACAATAGACAGGGGGAGATCCAAGAGACCCAGTACTTCGGGCCA"	FALSE	TRUE	NA	NA	NA	NA
"GCCAGCACCAACCAGACATCTATGTACCTCTGTGCCAGCAGTTTATGGGGCAGGGGGGCAACTAATGAAAAACTGTTTTTTGGCAGT"	"CASSLWGRGATNEKLFF"	"GCCAGCACCAACCAGACATCTATGTACCTCTGTGCCAGCAGTTTATGGGGCAGGGGGGCAACTAATGAAAAACTGTTTTTTGGCAGT"	"CASSLWGRGATNEKLFF"	"TCRBV28-1*1"	"TCRBD1-1*1"	"TCRBJ1-4*1"	47	50	57	58	3	1	NA	NA	"GCCAGCACCAACCAGACATCTATGTACCTCTGTGCCAGCAGTTTATGGGGCAGGGGGGCAACTAATGAAAAACTGTTTTTTGGCAGT"	FALSE	TRUE	NA	NA	NA	NA
"ACATCGGCCCAAAAGAACCCGACAGCTTTCTATCTCTGTGCCAGTAGACCCTACCAGACCACAGGGTTCGGCTACACCTTCGGTTCG"	"CASRPYQTTGFGYTF"	"ACATCGGCCCAAAAGAACCCGACAGCTTTCTATCTCTGTGCCAGTAGACCCTACCAGACCACAGGGTTCGGCTACACCTTCGGTTCG"	"CASRPYQTTGFGYTF"	"TCRBV19-1*1"	"TCRBD1-1*1"	"TCRBJ1-2*1"	47	60	66	69	13	3	NA	NA	"ACATCGGCCCAAAAGAACCCGACAGCTTTCTATCTCTGTGCCAGTAGACCCTACCAGACCACAGGGTTCGGCTACACCTTCGGTTCG"	FALSE	TRUE	NA	NA	NA	NA
"CACACAGCAGGAGGACTCGGCCGTGTATCTCTGTGCCAGCAGCTCGCCGGGGACAGGCCCCTCTCCTACGAGCAGTACTTCGGGCCG"	""	"CACACAGCAGGAGGACTCGGCCGTGTATCTCTGTGCCAGCAGCTCGCCGGGGACAGGCCCCTCTCCTACGAGCAGTACTTCGGGCCG"	""	"TCRBV7-2"	"TCRBD1-1*1"	"TCRBJ2-7*1"	44	49	57	62	5	5	NA	NA	"CACACAGCAGGAGGACTCGGCCGTGTATCTCTGTGCCAGCAGCTCGCCGGGGACAGGCCCCTCTCCTACGAGCAGTACTTCGGGCCG"	FALSE	FALSE	NA	NA	NA	NA
"TGCTCCCTCCCAGACATCTGTGTACTTCTGTGCCAGCACCCAACGGTGGGGGGGAGGATGATCCAAGAGACCCAGTACTTCGGGCCA"	""	"TGCTCCCTCCCAGACATCTGTGTACTTCTGTGCCAGCACCCAACGGTGGGGGGGAGGATGATCCAAGAGACCCAGTACTTCGGGCCA"	""	NA	"TCRBD2-1*1"	"TCRBJ2-5*1"	38	47	54	62	9	8	NA	NA	"TGCTCCCTCCCAGACATCTGTGTACTTCTGTGCCAGCACCCAACGGTGGGGGGGAGGATGATCCAAGAGACCCAGTACTTCGGGCCA"	FALSE	FALSE	NA	NA	NA	NA
"TAGAGTCTGCCATCCCCAACCAGACAGCTCTTTACTTCTGTGCCACCAGCCGGGACAGGGTACACCGGGGAGCTGTTTTTTGGAGAA"	""	"TAGAGTCTGCCATCCCCAACCAGACAGCTCTTTACTTCTGTGCCACCAGCCGGGACAGGGTACACCGGGGAGCTGTTTTTTGGAGAA"	""	"TCRBV24-1*1"	"TCRBD1-1*1"	"TCRBJ2-2*1"	49	51	60	61	2	1	NA	NA	"TAGAGTCTGCCATCCCCAACCAGACAGCTCTTTACTTCTGTGCCACCAGCCGGGACAGGGTACACCGGGGAGCTGTTTTTTGGAGAA"	FALSE	FALSE	NA	NA	NA	NA
"CAGCCTGCAAAGCTTGAGGACTCGGCCGTGTATCTCTGTGCCAGCAGCCTTAGACAGGGCTTAATCGCTGAAGCTTTCTTTGGACAA"	"CASSLRQGLIAEAFF"	"CAGCCTGCAAAGCTTGAGGACTCGGCCGTGTATCTCTGTGCCAGCAGCCTTAGACAGGGCTTAATCGCTGAAGCTTTCTTTGGACAA"	"CASSLRQGLIAEAFF"	"TCRBV11-2*1"	"TCRBD1-1*1"	"TCRBJ1-1*1"	48	52	59	67	4	8	NA	NA	"CAGCCTGCAAAGCTTGAGGACTCGGCCGTGTATCTCTGTGCCAGCAGCCTTAGACAGGGCTTAATCGCTGAAGCTTTCTTTGGACAA"	FALSE	TRUE	NA	NA	NA	NA
"ACAGTGACCAGTGCCCATCCTGAAGACAGCAGCTTCTACATCTGCAGTGCAAGCTGGCGGGAGGACAATGAGCAGTTCTTCGGGCCA"	"CSASWREDNEQFF"	"ACAGTGACCAGTGCCCATCCTGAAGACAGCAGCTTCTACATCTGCAGTGCAAGCTGGCGGGAGGACAATGAGCAGTTCTTCGGGCCA"	"CSASWREDNEQFF"	NA	"TCRBD2-1*2"	"TCRBJ2-1*1"	50	56	-1	64	6	65	NA	NA	"ACAGTGACCAGTGCCCATCCTGAAGACAGCAGCTTCTACATCTGCAGTGCAAGCTGGCGGGAGGACAATGAGCAGTTCTTCGGGCCA"	FALSE	TRUE	NA	NA	NA	NA
"TCCACAAAGCTGGAGGACTCAGCCATGTACTTCTGTGCCAGCACTTCACCTGGGACAGGGAAAAACTATGGCTACACCTTCGGTTCG"	"CASTSPGTGKNYGYTF"	"TCCACAAAGCTGGAGGACTCAGCCATGTACTTCTGTGCCAGCACTTCACCTGGGACAGGGAAAAACTATGGCTACACCTTCGGTTCG"	"CASTSPGTGKNYGYTF"	"TCRBV2-1"	"TCRBD1-1*1"	"TCRBJ1-2*1"	43	51	60	63	8	3	NA	NA	"TCCACAAAGCTGGAGGACTCAGCCATGTACTTCTGTGCCAGCACTTCACCTGGGACAGGGAAAAACTATGGCTACACCTTCGGTTCG"	FALSE	TRUE	NA	NA	NA	NA
"GCCCATCCTGAAGACAGCAGCTTCTACATCTGCAGTGCTAGACAGAGAACCGGGACTAGGAGCCAACTTGAGCAGTTCTTCGGGCCA"	"CSARQRTGTRSQLEQFF"	"GCCCATCCTGAAGACAGCAGCTTCTACATCTGCAGTGCTAGACAGAGAACCGGGACTAGGAGCCAACTTGAGCAGTTCTTCGGGCCA"	"CSARQRTGTRSQLEQFF"	NA	"TCRBD2-1"	"TCRBJ2-1*1"	42	51	59	68	9	9	NA	NA	"GCCCATCCTGAAGACAGCAGCTTCTACATCTGCAGTGCTAGACAGAGAACCGGGACTAGGAGCCAACTTGAGCAGTTCTTCGGGCCA"	FALSE	TRUE	NA	NA	NA	NA
"AGGGGGACTCGGCCGTGTATGTCTGTGCAAGTCGCTTAGCAATGGTGAGGCTAGCGGGAGAACACCGGGGAGCTGTTTTTTGGAGAA"	""	"AGGGGGACTCGGCCGTGTATGTCTGTGCAAGTCGCTTAGCAATGGTGAGGCTAGCGGGAGAACACCGGGGAGCTGTTTTTTGGAGAA"	""	"TCRBV12-2*1"	"TCRBD2-1*2"	"TCRBJ2-2*1"	40	50	-1	59	10	60	NA	NA	"AGGGGGACTCGGCCGTGTATGTCTGTGCAAGTCGCTTAGCAATGGTGAGGCTAGCGGGAGAACACCGGGGAGCTGTTTTTTGGAGAA"	FALSE	FALSE	NA	NA	NA	NA
"GCTGCTCCCTCCCAGACATCTGTGTACTTCTGTGCCAGCAGTTACTCGAGGGGGGGCGCGAGTGAGGACACCATATATTTTGGAGAG"	"CASSYSRGGASEDTIYF"	"GCTGCTCCCTCCCAGACATCTGTGTACTTCTGTGCCAGCAGTTACTCGAGGGGGGGCGCGAGTGAGGACACCATATATTTTGGAGAG"	"CASSYSRGGASEDTIYF"	NA	"TCRBD2-1*1"	"TCRBJ1-3*1"	47	49	56	67	2	11	NA	NA	"GCTGCTCCCTCCCAGACATCTGTGTACTTCTGTGCCAGCAGTTACTCGAGGGGGGGCGCGAGTGAGGACACCATATATTTTGGAGAG"	FALSE	TRUE	NA	NA	NA	NA
"NNNNNNNTGTCGGCTGCTCCCTCCCAAACATCTGTGTACTTCTGTGCCAGCAGTCCCGAATGGCCCCACGAGCAGTACTTCGGGCCG"	"CASSPEWPHEQYF"	"NNNNNNNTGTCGGCTGCTCCCTCCCAAACATCTGTGTACTTCTGTGCCAGCAGTCCCGAATGGCCCCACGAGCAGTACTTCGGGCCG"	"CASSPEWPHEQYF"	"TCRBV6-2/6-3*1"	"TCRBD1-1*1"	"TCRBJ2-7*1"	54	61	64	67	7	3	NA	NA	"NNNNNNNTGTCGGCTGCTCCCTCCCAAACATCTGTGTACTTCTGTGCCAGCAGTCCCGAATGGCCCCACGAGCAGTACTTCGGGCCG"	FALSE	TRUE	NA	NA	NA	NA
"GCCTTGGAGCTGGAGGACTCGGCCCTGTATCTCTGTGCCAGCAGCCCCCTCCCCGGCCGTAACACCGGGGAGCTGTTTTTTGGAGAA"	"CASSPLPGRNTGELFF"	"GCCTTGGAGCTGGAGGACTCGGCCCTGTATCTCTGTGCCAGCAGCCCCCTCCCCGGCCGTAACACCGGGGAGCTGTTTTTTGGAGAA"	"CASSPLPGRNTGELFF"	"TCRBV5-8*1"	NA	"TCRBJ2-2*1"	45	54	57	60	9	3	NA	NA	"GCCTTGGAGCTGGAGGACTCGGCCCTGTATCTCTGTGCCAGCAGCCCCCTCCCCGGCCGTAACACCGGGGAGCTGTTTTTTGGAGAA"	FALSE	TRUE	NA	NA	NA	NA
"NNNNNCTCTCACTGTGACATCGGCCCAAAAGAACCCGACAGCTTTCTATCTCTGTGCCAGTGGTGGGAGACCCAGTACTTCGGGCCA"	""	"NNNNNCTCTCACTGTGACATCGGCCCAAAAGAACCCGACAGCTTTCTATCTCTGTGCCAGTGGTGGGAGACCCAGTACTTCGGGCCA"	""	"TCRBV19-1*1"	NA	"TCRBJ2-5*1"	-1	61	63	66	62	3	NA	NA	"NNNNNCTCTCACTGTGACATCGGCCCAAAAGAACCCGACAGCTTTCTATCTCTGTGCCAGTGGTGGGAGACCCAGTACTTCGGGCCA"	FALSE	FALSE	NA	NA	NA	NA
"GAGATCCAGCGCACAGAGCAGGGGGACTCGGCCATGTATCTCTGTGCCAGCAGCTTGGGACAGTTGGATGGCTACACCTTCGGTTCG"	"CASSLGQLDGYTF"	"GAGATCCAGCGCACAGAGCAGGGGGACTCGGCCATGTATCTCTGTGCCAGCAGCTTGGGACAGTTGGATGGCTACACCTTCGGTTCG"	"CASSLGQLDGYTF"	"TCRBV7-9*1"	"TCRBD1-1*1"	"TCRBJ1-2*1"	-1	56	63	67	57	4	NA	NA	"GAGATCCAGCGCACAGAGCAGGGGGACTCGGCCATGTATCTCTGTGCCAGCAGCTTGGGACAGTTGGATGGCTACACCTTCGGTTCG"	FALSE	TRUE	NA	NA	NA	NA
"TCGGCTGCTCCCTCCCAGACATCTGTGTACTTCTGTGCCAGCAGCGAAGGTACGACTAGCGGCTCCTACGAGCAGTACTTCGGGCCG"	"CASSEGTTSGSYEQYF"	"TCGGCTGCTCCCTCCCAGACATCTGTGTACTTCTGTGCCAGCAGCGAAGGTACGACTAGCGGCTCCTACGAGCAGTACTTCGGGCCG"	"CASSEGTTSGSYEQYF"	"TCRBV6-1*1"	"TCRBD2-1"	"TCRBJ2-7*1"	49	53	-1	62	4	63	NA	NA	"TCGGCTGCTCCCTCCCAGACATCTGTGTACTTCTGTGCCAGCAGCGAAGGTACGACTAGCGGCTCCTACGAGCAGTACTTCGGGCCG"	FALSE	TRUE	NA	NA	NA	NA
"CCCTCCCAGACATCTGTGTACTTCTGTGCCAGCAGTTCCCCCGGCGGGAGGGCCTTGTTAATGACAGATACGCAGTATTTTGGCCCA"	"CASSSPGGRALLMTDTQYF"	"CCCTCCCAGACATCTGTGTACTTCTGTGCCAGCAGTTCCCCCGGCGGGAGGGCCTTGTTAATGACAGATACGCAGTATTTTGGCCCA"	"CASSSPGGRALLMTDTQYF"	NA	"TCRBD2-1*2"	"TCRBJ2-3*1"	37	43	52	63	6	11	NA	NA	"CCCTCCCAGACATCTGTGTACTTCTGTGCCAGCAGTTCCCCCGGCGGGAGGGCCTTGTTAATGACAGATACGCAGTATTTTGGCCCA"	FALSE	TRUE	NA	NA	NA	NA
"GTCTGCCATCCCCAACCAGACAGCTCTTTACTTCTGTGCCACCAGTGAACCCAACAGGGCGAGGCCACTGAAGCTTTCTTTGGACAA"	""	"GTCTGCCATCCCCAACCAGACAGCTCTTTACTTCTGTGCCACCAGTGAACCCAACAGGGCGAGGCCACTGAAGCTTTCTTTGGACAA"	""	"TCRBV24-1*1"	"TCRBD1-1*1"	"TCRBJ1-1*1"	48	53	59	65	5	6	NA	NA	"GTCTGCCATCCCCAACCAGACAGCTCTTTACTTCTGTGCCACCAGTGAACCCAACAGGGCGAGGCCACTGAAGCTTTCTTTGGACAA"	FALSE	FALSE	NA	NA	NA	NA
"GTGAACGCCTTGGAGCTGGACGACTCGGCCCTGTATCTCTGTGCCAGCAGCTTGGCGGTGTCGGGAGATGAGCAGTTCTTCGGGCCA"	"CASSLAVSGDEQFF"	"GTGAACGCCTTGGAGCTGGACGACTCGGCCCTGTATCTCTGTGCCAGCAGCTTGGCGGTGTCGGGAGATGAGCAGTTCTTCGGGCCA"	"CASSLAVSGDEQFF"	"TCRBV5-4*1"	"TCRBD2-1*2"	"TCRBJ2-1*1"	55	61	-1	67	6	68	NA	NA	"GTGAACGCCTTGGAGCTGGACGACTCGGCCCTGTATCTCTGTGCCAGCAGCTTGGCGGTGTCGGGAGATGAGCAGTTCTTCGGGCCA"	FALSE	TRUE	NA	NA	NA	NA
"CAGGTAGTGCGAGGAGATTCGGCAGCTTATTTCTGTGCCAGCTCTCCTAAGGGACAGATAGCCTCCTACGAGCAGTACTTCGGGCCG"	"CASSPKGQIASYEQYF"	"CAGGTAGTGCGAGGAGATTCGGCAGCTTATTTCTGTGCCAGCTCTCCTAAGGGACAGATAGCCTCCTACGAGCAGTACTTCGGGCCG"	"CASSPKGQIASYEQYF"	"TCRBV18-1*1"	"TCRBD1-1*1"	"TCRBJ2-7*1"	44	50	57	62	6	5	NA	NA	"CAGGTAGTGCGAGGAGATTCGGCAGCTTATTTCTGTGCCAGCTCTCCTAAGGGACAGATAGCCTCCTACGAGCAGTACTTCGGGCCG"	FALSE	TRUE	NA	NA	NA	NA
"ATCAATTCCCTGGAGCTTGGTGACTCTGCTGTGTATTTCTGTGCCAGCAGCCCCGTCGGTGTCACCGGGGAGCTGTTTTTTGGAGAA"	"CASSPVGVTGELFF"	"ATCAATTCCCTGGAGCTTGGTGACTCTGCTGTGTATTTCTGTGCCAGCAGCCCCGTCGGTGTCACCGGGGAGCTGTTTTTTGGAGAA"	"CASSPVGVTGELFF"	"TCRBV3-1/3-2*1"	"TCRBD2-1"	"TCRBJ2-2*1"	52	56	59	62	4	3	NA	NA	"ATCAATTCCCTGGAGCTTGGTGACTCTGCTGTGTATTTCTGTGCCAGCAGCCCCGTCGGTGTCACCGGGGAGCTGTTTTTTGGAGAA"	FALSE	TRUE	NA	NA	NA	NA
"GAGCTGGGGGACTCAGCTTTGTATTTCTGTGCCAGCAGCGTAGCTACTATGGACTAAAGCTCCTACAATGAGCAGTTCTTCGGGCCA"	"CASSVATMD*SSYNEQFF"	"GAGCTGGGGGACTCAGCTTTGTATTTCTGTGCCAGCAGCGTAGCTACTATGGACTAAAGCTCCTACAATGAGCAGTTCTTCGGGCCA"	"CASSVATMD*SSYNEQFF"	"TCRBV9-1*1"	"TCRBD2-1"	"TCRBJ2-1*1"	43	50	56	59	7	3	NA	NA	"GAGCTGGGGGACTCAGCTTTGTATTTCTGTGCCAGCAGCGTAGCTACTATGGACTAAAGCTCCTACAATGAGCAGTTCTTCGGGCCA"	FALSE	TRUE	NA	NA	NA	NA
"CTGCAGCCAGAAGACTCAGCCCTGTATCTCTGCGCCAGCAGCCAAGATCCTAGTAGAGGTTTCACAGATACGCAGTATTTTGGCCCA"	"CASSQDPSRGFTDTQYF"	"CTGCAGCCAGAAGACTCAGCCCTGTATCTCTGCGCCAGCAGCCAAGATCCTAGTAGAGGTTTCACAGATACGCAGTATTTTGGCCCA"	"CASSQDPSRGFTDTQYF"	"TCRBV4-1*1"	"TCRBD2-1"	"TCRBJ2-3*1"	47	49	53	62	2	9	NA	NA	"CTGCAGCCAGAAGACTCAGCCCTGTATCTCTGCGCCAGCAGCCAAGATCCTAGTAGAGGTTTCACAGATACGCAGTATTTTGGCCCA"	FALSE	TRUE	NA	NA	NA	NA
"CAGCAGGTAGTGCGAGGAGATTCGGCAGCTTATTTCTGTGCCAGCTCTAACCGGGGGAAGAGCTCCTACGAGCAGTACTTCGGGCCG"	"CASSNRGKSSYEQYF"	"CAGCAGGTAGTGCGAGGAGATTCGGCAGCTTATTTCTGTGCCAGCTCTAACCGGGGGAAGAGCTCCTACGAGCAGTACTTCGGGCCG"	"CASSNRGKSSYEQYF"	"TCRBV18-1*1"	"TCRBD2-1*1"	"TCRBJ2-7*1"	47	51	57	62	4	5	NA	NA	"CAGCAGGTAGTGCGAGGAGATTCGGCAGCTTATTTCTGTGCCAGCTCTAACCGGGGGAAGAGCTCCTACGAGCAGTACTTCGGGCCG"	FALSE	TRUE	NA	NA	NA	NA
"TGGAGTCCGCCAGCACCAACCAGACATCTATGTACCTCTGTGCCAGCAGTTTATTATCTTGGCTCCTACGAGCAGTACTTCGGGCCG"	""	"TGGAGTCCGCCAGCACCAACCAGACATCTATGTACCTCTGTGCCAGCAGTTTATTATCTTGGCTCCTACGAGCAGTACTTCGGGCCG"	""	"TCRBV28-1*1"	NA	"TCRBJ2-7*1"	54	60	-1	62	6	63	NA	NA	"TGGAGTCCGCCAGCACCAACCAGACATCTATGTACCTCTGTGCCAGCAGTTTATTATCTTGGCTCCTACGAGCAGTACTTCGGGCCG"	FALSE	FALSE	NA	NA	NA	NA
"ATCCGGTCCACAAAGCTGGAGGACTCAGCCATGTACTTCTGTGCCAGCAGTGAAGACTTGAACCGACAAGGGCTGTTTTTTGGCAGT"	"CASSEDLNRQGLFF"	"ATCCGGTCCACAAAGCTGGAGGACTCAGCCATGTACTTCTGTGCCAGCAGTGAAGACTTGAACCGACAAGGGCTGTTTTTTGGCAGT"	"CASSEDLNRQGLFF"	"TCRBV2-1"	NA	"TCRBJ1-4*1"	55	64	68	72	9	4	NA	NA	"ATCCGGTCCACAAAGCTGGAGGACTCAGCCATGTACTTCTGTGCCAGCAGTGAAGACTTGAACCGACAAGGGCTGTTTTTTGGCAGT"	FALSE	TRUE	NA	NA	NA	NA
"ACAGAGCAGGAGGACTCGGCCGTGTATCTCTGTGCCAGCAGCGGAAGACTAGCGGGAGTGAGAACAGATACGCAGTATTTTGGCCCA"	"CASSGRLAGVRTDTQYF"	"ACAGAGCAGGAGGACTCGGCCGTGTATCTCTGTGCCAGCAGCGGAAGACTAGCGGGAGTGAGAACAGATACGCAGTATTTTGGCCCA"	"CASSGRLAGVRTDTQYF"	"TCRBV7-2"	"TCRBD2-1*2"	"TCRBJ2-3*1"	42	46	58	63	4	5	NA	NA	"ACAGAGCAGGAGGACTCGGCCGTGTATCTCTGTGCCAGCAGCGGAAGACTAGCGGGAGTGAGAACAGATACGCAGTATTTTGGCCCA"	FALSE	TRUE	NA	NA	NA	NA
"GCTGGGGGACTCAGCTTTGTATTTCTGTGCCAGCAGCCCGACCCCGGGACAGCCGACTCCCCGGTTCAGCCCCAGCATTTTGGTGAT"	""	"GCTGGGGGACTCAGCTTTGTATTTCTGTGCCAGCAGCCCGACCCCGGGACAGCCGACTCCCCGGTTCAGCCCCAGCATTTTGGTGAT"	""	"TCRBV9-1*1"	"TCRBD1-1*1"	"TCRBJ1-5*1"	37	45	52	65	8	13	NA	NA	"GCTGGGGGACTCAGCTTTGTATTTCTGTGCCAGCAGCCCGACCCCGGGACAGCCGACTCCCCGGTTCAGCCCCAGCATTTTGGTGAT"	FALSE	FALSE	NA	NA	NA	NA
"GCTCTCTGGAGCTGGGGGACTCAGCTTTGTATTTCTGTGCCAGCAGCGCTCGAGCGGGAGGGCCGCTACGAGCAGTACTTCGGGCCG"	""	"GCTCTCTGGAGCTGGGGGACTCAGCTTTGTATTTCTGTGCCAGCAGCGCTCGAGCGGGAGGGCCGCTACGAGCAGTACTTCGGGCCG"	""	"TCRBV9-1*1"	"TCRBD2-1*2"	"TCRBJ2-7*1"	48	52	62	65	4	3	NA	NA	"GCTCTCTGGAGCTGGGGGACTCAGCTTTGTATTTCTGTGCCAGCAGCGCTCGAGCGGGAGGGCCGCTACGAGCAGTACTTCGGGCCG"	FALSE	FALSE	NA	NA	NA	NA
"CAGCCCTCAGAACCCAGGGACTCAGCTGTGTACTTCTGTGCCAGCAGTTGGGGGGACAGGGGGCTGGAGACCCAGTACTTCGGGCCA"	"CASSWGDRGLETQYF"	"CAGCCCTCAGAACCCAGGGACTCAGCTGTGTACTTCTGTGCCAGCAGTTGGGGGGACAGGGGGCTGGAGACCCAGTACTTCGGGCCA"	"CASSWGDRGLETQYF"	NA	"TCRBD1-1*1"	"TCRBJ2-5*1"	49	52	64	66	3	2	NA	NA	"CAGCCCTCAGAACCCAGGGACTCAGCTGTGTACTTCTGTGCCAGCAGTTGGGGGGACAGGGGGCTGGAGACCCAGTACTTCGGGCCA"	FALSE	TRUE	NA	NA	NA	NA
"TCACCTACACACCCTGCAGCCAGAAGACTCGGCCCTGTATCTCTGCGCCAGCTGGCGGTGACCCCTCCTGAGCAGTTCTTCGGGCCA"	""	"TCACCTACACACCCTGCAGCCAGAAGACTCGGCCCTGTATCTCTGCGCCAGCTGGCGGTGACCCCTCCTGAGCAGTTCTTCGGGCCA"	""	"TCRBV4-3*1"	"TCRBD2-1"	"TCRBJ2-1*1"	52	54	58	68	2	10	NA	NA	"TCACCTACACACCCTGCAGCCAGAAGACTCGGCCCTGTATCTCTGCGCCAGCTGGCGGTGACCCCTCCTGAGCAGTTCTTCGGGCCA"	FALSE	FALSE	NA	NA	NA	NA
"GAAGCTCCTTCTCAGTGACTCTGGCTTCTATCTCTGTGCCTGGATGAGTGGGGCAGGCGGGCCGCGGGACCCCTCCACTTTGGGAAT"	""	"GAAGCTCCTTCTCAGTGACTCTGGCTTCTATCTCTGTGCCTGGATGAGTGGGGCAGGCGGGCCGCGGGACCCCTCCACTTTGGGAAT"	""	"TCRBV3-1*1"	NA	"TCRBJ1-6*1"	44	49	54	68	5	14	NA	NA	"GAAGCTCCTTCTCAGTGACTCTGGCTTCTATCTCTGTGCCTGGATGAGTGGGGCAGGCGGGCCGCGGGACCCCTCCACTTTGGGAAT"	FALSE	FALSE	NA	NA	NA	NA
"TCCACAAAGCTGGAGGACTCAGCCATGTACTTCTGTGCCAGCAGCCTAGAGCGGGAAGGGTCCTACAATGAGCAGTTCTTCGGGCCA"	"CASSLEREGSYNEQFF"	"TCCACAAAGCTGGAGGACTCAGCCATGTACTTCTGTGCCAGCAGCCTAGAGCGGGAAGGGTCCTACAATGAGCAGTTCTTCGGGCCA"	"CASSLEREGSYNEQFF"	"TCRBV2-1"	"TCRBD2-1*2"	"TCRBJ2-1*1"	44	49	56	60	5	4	NA	NA	"TCCACAAAGCTGGAGGACTCAGCCATGTACTTCTGTGCCAGCAGCCTAGAGCGGGAAGGGTCCTACAATGAGCAGTTCTTCGGGCCA"	FALSE	TRUE	NA	NA	NA	NA
"CGCACAGAGCAGCGGGACTCGGCCATGTATCGCTGTGCCAGCAGCTTATTCTCTGGGGACTCCTACAATGAGCAGTTCTTCGGGCCA"	"CASSLFSGDSYNEQFF"	"CGCACAGAGCAGCGGGACTCGGCCATGTATCGCTGTGCCAGCAGCTTATTCTCTGGGGACTCCTACAATGAGCAGTTCTTCGGGCCA"	"CASSLFSGDSYNEQFF"	"TCRBV7-6*1"	NA	"TCRBJ2-1*1"	48	55	-1	59	7	60	NA	NA	"CGCACAGAGCAGCGGGACTCGGCCATGTATCGCTGTGCCAGCAGCTTATTCTCTGGGGACTCCTACAATGAGCAGTTCTTCGGGCCA"	FALSE	TRUE	NA	NA	NA	NA
"CAGCGCACACAGCAGGAGGACTCCGCCGTGTATCTCTGTGCCAGCAGCTTACGCCTTGCACTAAGGAAGACCCAGTACTTCGGGCCA"	"CASSLRLALRKTQYF"	"CAGCGCACACAGCAGGAGGACTCCGCCGTGTATCTCTGTGCCAGCAGCTTACGCCTTGCACTAAGGAAGACCCAGTACTTCGGGCCA"	"CASSLRLALRKTQYF"	"TCRBV7-8*1"	"TCRBD2-1"	"TCRBJ2-5*1"	51	59	63	67	8	4	NA	NA	"CAGCGCACACAGCAGGAGGACTCCGCCGTGTATCTCTGTGCCAGCAGCTTACGCCTTGCACTAAGGAAGACCCAGTACTTCGGGCCA"	FALSE	TRUE	NA	NA	NA	NA
"CATCCTGAAGACAGCAGCTTCTACATCTGCAGTGCTAGAGTCACGGGACTAGCAAGTGCGAACACCGGGGAGCTGTTTTTTGGAGAA"	"CSARVTGLASANTGELFF"	"CATCCTGAAGACAGCAGCTTCTACATCTGCAGTGCTAGAGTCACGGGACTAGCAAGTGCGAACACCGGGGAGCTGTTTTTTGGAGAA"	"CSARVTGLASANTGELFF"	NA	"TCRBD2-1"	"TCRBJ2-2*1"	40	44	53	58	4	5	NA	NA	"CATCCTGAAGACAGCAGCTTCTACATCTGCAGTGCTAGAGTCACGGGACTAGCAAGTGCGAACACCGGGGAGCTGTTTTTTGGAGAA"	FALSE	TRUE	NA	NA	NA	NA
"GAGCACCTTGGAGCTGGGGGACTCGGCCCTTTATCTTTGCGCCAGCAGCTTGGACAATCGGATGGGGAGACCCAGTACTTCGGGCCA"	""	"GAGCACCTTGGAGCTGGGGGACTCGGCCCTTTATCTTTGCGCCAGCAGCTTGGACAATCGGATGGGGAGACCCAGTACTTCGGGCCA"	""	"TCRBV5-1*1"	NA	"TCRBJ2-5*1"	53	63	-1	66	10	67	NA	NA	"GAGCACCTTGGAGCTGGGGGACTCGGCCCTTTATCTTTGCGCCAGCAGCTTGGACAATCGGATGGGGAGACCCAGTACTTCGGGCCA"	FALSE	FALSE	NA	NA	NA	NA
"GGTCGCACTGCAGCAAGAAGACTCAGCTGCGTATCTCTGCACCAGCAGCCACGGGAGGGGGGGGACACTGAAGCTTTCTTTGGACAA"	""	"GGTCGCACTGCAGCAAGAAGACTCAGCTGCGTATCTCTGCACCAGCAGCCACGGGAGGGGGGGGACACTGAAGCTTTCTTTGGACAA"	""	"TCRBV1-1*1"	"TCRBD2-1*2"	"TCRBJ1-1*1"	-1	51	59	64	52	5	NA	NA	"GGTCGCACTGCAGCAAGAAGACTCAGCTGCGTATCTCTGCACCAGCAGCCACGGGAGGGGGGGGACACTGAAGCTTTCTTTGGACAA"	FALSE	FALSE	NA	NA	NA	NA
"CTGACAGTGACCAGTGCCCATCCTGAAGACAGCAGCTTCTACATCTGCAGTGCTAGACACGGGAGCAACGAGCAGTACTTCGGGCCG"	"CSARHGSNEQYF"	"CTGACAGTGACCAGTGCCCATCCTGAAGACAGCAGCTTCTACATCTGCAGTGCTAGACACGGGAGCAACGAGCAGTACTTCGGGCCG"	"CSARHGSNEQYF"	NA	"TCRBD2-1*2"	"TCRBJ2-7*1"	57	59	65	67	2	2	NA	NA	"CTGACAGTGACCAGTGCCCATCCTGAAGACAGCAGCTTCTACATCTGCAGTGCTAGACACGGGAGCAACGAGCAGTACTTCGGGCCG"	FALSE	TRUE	NA	NA	NA	NA
"GAACTAAACCTGAGCTCTCTGGAGCTGGGGGACTCAGCTTTGTATTTCTGTGCCAGCAGCGTAGGGCAGGGTTTGTTCTTCGGGCCA"	"CASSVGQGLFF"	"GAACTAAACCTGAGCTCTCTGGAGCTGGGGGACTCAGCTTTGTATTTCTGTGCCAGCAGCGTAGGGCAGGGTTTGTTCTTCGGGCCA"	"CASSVGQGLFF"	"TCRBV9-1*1"	"TCRBD1-1*1"	"TCRBJ2-1*1"	64	66	71	74	2	3	NA	NA	"GAACTAAACCTGAGCTCTCTGGAGCTGGGGGACTCAGCTTTGTATTTCTGTGCCAGCAGCGTAGGGCAGGGTTTGTTCTTCGGGCCA"	FALSE	TRUE	NA	NA	NA	NA
"TCTAAGAAGCTCCTTCTCAGTGACTCTGGCTTCTATCTCTGTGCCTGGAGATACAGGGGGCAAGGGGAGACCCAGTACTTCGGGCCA"	"CAWRYRGQGETQYF"	"TCTAAGAAGCTCCTTCTCAGTGACTCTGGCTTCTATCTCTGTGCCTGGAGATACAGGGGGCAAGGGGAGACCCAGTACTTCGGGCCA"	"CAWRYRGQGETQYF"	"TCRBV3-1*1"	"TCRBD1-1*1"	"TCRBJ2-5*1"	50	52	61	66	2	5	NA	NA	"TCTAAGAAGCTCCTTCTCAGTGACTCTGGCTTCTATCTCTGTGCCTGGAGATACAGGGGGCAAGGGGAGACCCAGTACTTCGGGCCA"	FALSE	TRUE	NA	NA	NA	NA
"TCTAAGAAGCTCCTTCTCAGTGACTCTGGCTTCTATCTCTGTGCCTGGAGTGCCGGACAGCTTAATTCACCCCTCCACTTTGGGAAT"	"CAWSAGQLNSPLHF"	"TCTAAGAAGCTCCTTCTCAGTGACTCTGGCTTCTATCTCTGTGCCTGGAGTGCCGGACAGCTTAATTCACCCCTCCACTTTGGGAAT"	"CAWSAGQLNSPLHF"	"TCRBV3-1*1"	"TCRBD1-1*1"	"TCRBJ1-6*1"	52	54	60	62	2	2	NA	NA	"TCTAAGAAGCTCCTTCTCAGTGACTCTGGCTTCTATCTCTGTGCCTGGAGTGCCGGACAGCTTAATTCACCCCTCCACTTTGGGAAT"	FALSE	TRUE	NA	NA	NA	NA
"AAGCTCCTTCTCAGTGACTCTGGCTTCTATCTCTGTGCCTGGAGTGTCCGGGACCTAGCCCAAATTTCACCCCTCCACTTTGGGAAT"	"CAWSVRDLAQISPLHF"	"AAGCTCCTTCTCAGTGACTCTGGCTTCTATCTCTGTGCCTGGAGTGTCCGGGACCTAGCCCAAATTTCACCCCTCCACTTTGGGAAT"	"CAWSVRDLAQISPLHF"	"TCRBV3-1*1"	NA	"TCRBJ1-6*1"	47	49	54	65	2	11	NA	NA	"AAGCTCCTTCTCAGTGACTCTGGCTTCTATCTCTGTGCCTGGAGTGTCCGGGACCTAGCCCAAATTTCACCCCTCCACTTTGGGAAT"	FALSE	TRUE	NA	NA	NA	NA
"ACATCGGCCCAAAAGAACCCGACAGCTTTCTATCTCTGTGCCAGTAGTACAACAGGGGGTAGCAATCAGCCCCAGCATTTTGGTGAT"	"CASSTTGGSNQPQHF"	"ACATCGGCCCAAAAGAACCCGACAGCTTTCTATCTCTGTGCCAGTAGTACAACAGGGGGTAGCAATCAGCCCCAGCATTTTGGTGAT"	"CASSTTGGSNQPQHF"	"TCRBV19-1*1"	"TCRBD1-1*1"	"TCRBJ1-5*1"	49	51	-1	59	2	60	NA	NA	"ACATCGGCCCAAAAGAACCCGACAGCTTTCTATCTCTGTGCCAGTAGTACAACAGGGGGTAGCAATCAGCCCCAGCATTTTGGTGAT"	FALSE	TRUE	NA	NA	NA	NA
"CTCCTTCTCAGTGACTCTGGCTTCTATCTCTGTGCCTGGAGTTCCTACCGGGACAGGGTATATAGCACTGAAGCTTTCTTTGGACAA"	"CAWSSYRDRVYSTEAFF"	"CTCCTTCTCAGTGACTCTGGCTTCTATCTCTGTGCCTGGAGTTCCTACCGGGACAGGGTATATAGCACTGAAGCTTTCTTTGGACAA"	"CAWSSYRDRVYSTEAFF"	"TCRBV3-1*1"	"TCRBD1-1*1"	"TCRBJ1-1*1"	42	49	58	65	7	7	NA	NA	"CTCCTTCTCAGTGACTCTGGCTTCTATCTCTGTGCCTGGAGTTCCTACCGGGACAGGGTATATAGCACTGAAGCTTTCTTTGGACAA"	FALSE	TRUE	NA	NA	NA	NA
"TCCCTAGAGTCTGCCATCCCCAACCAGACAGCTCTTTACTTCTGTGCCACCAGTGATGGGACAGGGTATGGCTACACCTTCGGTTCG"	"CATSDGTGYGYTF"	"TCCCTAGAGTCTGCCATCCCCAACCAGACAGCTCTTTACTTCTGTGCCACCAGTGATGGGACAGGGTATGGCTACACCTTCGGTTCG"	"CATSDGTGYGYTF"	"TCRBV24-1*1"	"TCRBD1-1*1"	"TCRBJ1-2*1"	-1	57	-1	66	58	67	NA	NA	"TCCCTAGAGTCTGCCATCCCCAACCAGACAGCTCTTTACTTCTGTGCCACCAGTGATGGGACAGGGTATGGCTACACCTTCGGTTCG"	FALSE	TRUE	NA	NA	NA	NA
"CTGACAGTGACCAGTGCCCATCCTGAAGACAGCAGCTTCTACATCTGCAGTGCTAGGCGCGATACCGGGGAGCTGTTTTTTGGAGAA"	"CSARRDTGELFF"	"CTGACAGTGACCAGTGCCCATCCTGAAGACAGCAGCTTCTACATCTGCAGTGCTAGGCGCGATACCGGGGAGCTGTTTTTTGGAGAA"	"CSARRDTGELFF"	NA	"TCRBD2-1"	"TCRBJ2-2*1"	-1	56	59	63	57	4	NA	NA	"CTGACAGTGACCAGTGCCCATCCTGAAGACAGCAGCTTCTACATCTGCAGTGCTAGGCGCGATACCGGGGAGCTGTTTTTTGGAGAA"	FALSE	TRUE	NA	NA	NA	NA
"TCTAAGAAGCTCCTTCTCAGTGACTCTGGCTTCTATCTCTGTGCCTGGAGTGTGGGTTGGGGCGGTCAGCCCCAGCATTTTGGTGAT"	"CAWSVGWGGQPQHF"	"TCTAAGAAGCTCCTTCTCAGTGACTCTGGCTTCTATCTCTGTGCCTGGAGTGTGGGTTGGGGCGGTCAGCCCCAGCATTTTGGTGAT"	"CAWSVGWGGQPQHF"	"TCRBV3-1*1"	"TCRBD1-1*1"	"TCRBJ1-5*1"	53	58	63	65	5	2	NA	NA	"TCTAAGAAGCTCCTTCTCAGTGACTCTGGCTTCTATCTCTGTGCCTGGAGTGTGGGTTGGGGCGGTCAGCCCCAGCATTTTGGTGAT"	FALSE	TRUE	NA	NA	NA	NA
"ACCAGTGCCCATCCTGAAGACAGCAGCTTCTACATCTGCAGTGCTGTACTTACGTTGGGAGTAAACACTGAAGCTTTCTTTGGACAA"	"CSAVLTLGVNTEAFF"	"ACCAGTGCCCATCCTGAAGACAGCAGCTTCTACATCTGCAGTGCTGTACTTACGTTGGGAGTAAACACTGAAGCTTTCTTTGGACAA"	"CSAVLTLGVNTEAFF"	NA	"TCRBD2-1*2"	"TCRBJ1-1*1"	45	56	61	63	11	2	NA	NA	"ACCAGTGCCCATCCTGAAGACAGCAGCTTCTACATCTGCAGTGCTGTACTTACGTTGGGAGTAAACACTGAAGCTTTCTTTGGACAA"	FALSE	TRUE	NA	NA	NA	NA
"TCACCAGGCCTGGGGGACGCAGCCATGTACCTGTGTGCCACCAGCCGCGGTGGACAGGAGATGGGGGAGACCCAGTACTTCGGGCCA"	"CATSRGGQEMGETQYF"	"TCACCAGGCCTGGGGGACGCAGCCATGTACCTGTGTGCCACCAGCCGCGGTGGACAGGAGATGGGGGAGACCCAGTACTTCGGGCCA"	"CATSRGGQEMGETQYF"	"TCRBV15-1*2"	"TCRBD1-1*1"	"TCRBJ2-5*1"	45	51	58	66	6	8	NA	NA	"TCACCAGGCCTGGGGGACGCAGCCATGTACCTGTGTGCCACCAGCCGCGGTGGACAGGAGATGGGGGAGACCCAGTACTTCGGGCCA"	FALSE	TRUE	NA	NA	NA	NA
"NNNNNNCCTGACTTGCACTCTGAACTAAACCTGAGCTCTCTGGAGCTGGGGGACTCAGCTTTGTCCTACGAGCAGTACTTCGGGCCG"	"EQYF"	"NNNNNNCCTGACTTGCACTCTGAACTAAACCTGAGCTCTCTGGAGCTGGGGGACTCAGCTTTGTCCTACGAGCAGTACTTCGGGCCG"	"EQYF"	"TCRBV9-1*1"	NA	"TCRBJ2-7*1"	-1	-1	-1	63	0	64	NA	NA	"NNNNNNCCTGACTTGCACTCTGAACTAAACCTGAGCTCTCTGGAGCTGGGGGACTCAGCTTTGTCCTACGAGCAGTACTTCGGGCCG"	FALSE	TRUE	NA	NA	NA	NA
"CCAACCAGACATCTATGTACCTCTGTGCCAGCAGTTTAGGCAATCGGGGTAGGACTAGCGGGATTCCACGAGCAGTACTTCGGGCCG"	""	"CCAACCAGACATCTATGTACCTCTGTGCCAGCAGTTTAGGCAATCGGGGTAGGACTAGCGGGATTCCACGAGCAGTACTTCGGGCCG"	""	"TCRBV28-1*1"	"TCRBD2-1*2"	"TCRBJ2-7*1"	38	51	63	67	13	4	NA	NA	"CCAACCAGACATCTATGTACCTCTGTGCCAGCAGTTTAGGCAATCGGGGTAGGACTAGCGGGATTCCACGAGCAGTACTTCGGGCCG"	FALSE	FALSE	NA	NA	NA	NA
"NNNNTGAAGATCCAGCCCTCAGAACCCAGGGACTCAGCTGTGTACTTCTGTGCCAGCACCCAAGGGGGGGAGCAGTTCTTCGGGCCA"	"CASTQGGEQFF"	"NNNNTGAAGATCCAGCCCTCAGAACCCAGGGACTCAGCTGTGTACTTCTGTGCCAGCACCCAAGGGGGGGAGCAGTTCTTCGGGCCA"	"CASTQGGEQFF"	"TCRBV12-3/12-4*1"	NA	"TCRBJ2-1*1"	58	62	68	69	4	1	NA	NA	"NNNNTGAAGATCCAGCCCTCAGAACCCAGGGACTCAGCTGTGTACTTCTGTGCCAGCACCCAAGGGGGGGAGCAGTTCTTCGGGCCA"	FALSE	TRUE	NA	NA	NA	NA
"ATCCAGCCTGCAGAGCTTGGGGACTCGGCCGTGTATCTCTGTGCCCCCTAGTTGCGGGGGCGATGGGAAAAACTGTTTTTTGGCAGT"	"CAP*LRGRWEKLFF"	"ATCCAGCCTGCAGAGCTTGGGGACTCGGCCGTGTATCTCTGTGCCCCCTAGTTGCGGGGGCGATGGGAAAAACTGTTTTTTGGCAGT"	"CAP*LRGRWEKLFF"	"TCRBV11-3*1"	"TCRBD2-1*1"	"TCRBJ1-4*1"	45	53	60	66	8	6	NA	NA	"ATCCAGCCTGCAGAGCTTGGGGACTCGGCCGTGTATCTCTGTGCCCCCTAGTTGCGGGGGCGATGGGAAAAACTGTTTTTTGGCAGT"	FALSE	TRUE	NA	NA	NA	NA
"NTGAAGATCCAGCCCTCAGAACCCAGGGACTCAGCTGTGTACTTCTGTGCCAGTCGAGGTACTACCTACGAGCAGTACTTCGGGCCG"	"CASRGTTYEQYF"	"NTGAAGATCCAGCCCTCAGAACCCAGGGACTCAGCTGTGTACTTCTGTGCCAGTCGAGGTACTACCTACGAGCAGTACTTCGGGCCG"	"CASRGTTYEQYF"	"TCRBV12-3/12-4*1"	"TCRBD2-1"	"TCRBJ2-7*1"	53	60	-1	64	7	65	NA	NA	"NTGAAGATCCAGCCCTCAGAACCCAGGGACTCAGCTGTGTACTTCTGTGCCAGTCGAGGTACTACCTACGAGCAGTACTTCGGGCCG"	FALSE	TRUE	NA	NA	NA	NA
"AGCCCCAACCAGACCTCTCTGTACTTCTGTGCCAGCAGTCCCCGGGACAGGGCCATCTCTGGGGCCAACGTCCTGACTTTCGGGGCC"	"CASSPRDRAISGANVLTF"	"AGCCCCAACCAGACCTCTCTGTACTTCTGTGCCAGCAGTCCCCGGGACAGGGCCATCTCTGGGGCCAACGTCCTGACTTTCGGGGCC"	"CASSPRDRAISGANVLTF"	"TCRBV27-1*1"	"TCRBD1-1*1"	"TCRBJ2-6*1"	39	43	52	56	4	4	NA	NA	"AGCCCCAACCAGACCTCTCTGTACTTCTGTGCCAGCAGTCCCCGGGACAGGGCCATCTCTGGGGCCAACGTCCTGACTTTCGGGGCC"	FALSE	TRUE	NA	NA	NA	NA
"AGCAACATGAGCCCTGAAGACAGCAGCATATATCTCTGCAGCGCCTGGGACAGGGGGCGCGTAAGCTCTGAAGCTTTCTTTGGACAA"	"CSAWDRGRVSSEAFF"	"AGCAACATGAGCCCTGAAGACAGCAGCATATATCTCTGCAGCGCCTGGGACAGGGGGCGCGTAAGCTCTGAAGCTTTCTTTGGACAA"	"CSAWDRGRVSSEAFF"	"TCRBV29-1*3"	"TCRBD1-1*1"	"TCRBJ1-1*1"	44	46	58	67	2	9	NA	NA	"AGCAACATGAGCCCTGAAGACAGCAGCATATATCTCTGCAGCGCCTGGGACAGGGGGCGCGTAAGCTCTGAAGCTTTCTTTGGACAA"	FALSE	TRUE	NA	NA	NA	NA
"GCCTTGGAGCTGGACGACTCGGCCCTGTATCTCTGTGCCAGCAGTCAGCACCCCGGGACAGGGACCGGGGAGCTGTTTTTTGGAGAA"	"CASSQHPGTGTGELFF"	"GCCTTGGAGCTGGACGACTCGGCCCTGTATCTCTGTGCCAGCAGTCAGCACCCCGGGACAGGGACCGGGGAGCTGTTTTTTGGAGAA"	"CASSQHPGTGTGELFF"	"TCRBV5-4*1"	"TCRBD1-1*1"	"TCRBJ2-2*1"	44	54	-1	63	10	64	NA	NA	"GCCTTGGAGCTGGACGACTCGGCCCTGTATCTCTGTGCCAGCAGTCAGCACCCCGGGACAGGGACCGGGGAGCTGTTTTTTGGAGAA"	FALSE	TRUE	NA	NA	NA	NA
"GTGACATCGGCCCAAAAGAACCCGACAGCTTTCTATCTCTGTGCCAGTAGTATAAAGATCTATAACTATGGCTACACCTTCGGTTCG"	"CASSIKIYNYGYTF"	"GTGACATCGGCCCAAAAGAACCCGACAGCTTTCTATCTCTGTGCCAGTAGTATAAAGATCTATAACTATGGCTACACCTTCGGTTCG"	"CASSIKIYNYGYTF"	"TCRBV19-1*1"	"TCRBD2-1"	"TCRBJ1-2*1"	54	59	-1	62	5	63	NA	NA	"GTGACATCGGCCCAAAAGAACCCGACAGCTTTCTATCTCTGTGCCAGTAGTATAAAGATCTATAACTATGGCTACACCTTCGGTTCG"	FALSE	TRUE	NA	NA	NA	NA
"CAGCCCTCAGAACCCAGGGACTCAGCTGTGTACTTCTGTGCCAGCAGTCCGGGACAGCCGAATAATGAAAAACTGTTTTTTGGCAGT"	"CASSPGQPNNEKLFF"	"CAGCCCTCAGAACCCAGGGACTCAGCTGTGTACTTCTGTGCCAGCAGTCCGGGACAGCCGAATAATGAAAAACTGTTTTTTGGCAGT"	"CASSPGQPNNEKLFF"	NA	"TCRBD1-1*1"	"TCRBJ1-4*1"	48	50	57	62	2	5	NA	NA	"CAGCCCTCAGAACCCAGGGACTCAGCTGTGTACTTCTGTGCCAGCAGTCCGGGACAGCCGAATAATGAAAAACTGTTTTTTGGCAGT"	FALSE	TRUE	NA	NA	NA	NA
"GAGTCGCCCAGCCCCAACCAGACCTCTCTGTACTTCTGTGCCAGCAGTGGTCCGGGACTAGCGGGACTCGAGCAGTACTTCGGGCCG"	"CASSGPGLAGLEQYF"	"GAGTCGCCCAGCCCCAACCAGACCTCTCTGTACTTCTGTGCCAGCAGTGGTCCGGGACTAGCGGGACTCGAGCAGTACTTCGGGCCG"	"CASSGPGLAGLEQYF"	"TCRBV27-1*1"	"TCRBD2-1*2"	"TCRBJ2-7*1"	48	53	66	68	5	2	NA	NA	"GAGTCGCCCAGCCCCAACCAGACCTCTCTGTACTTCTGTGCCAGCAGTGGTCCGGGACTAGCGGGACTCGAGCAGTACTTCGGGCCG"	FALSE	TRUE	NA	NA	NA	NA
"TGAGCACCTTGGAGCTGGGGGACTCGGCCCTTTATCTTTGCGCCAGCAGAGCCTGTTGACAGGGAATTCGAGCAGTACTTCGGGCCG"	""	"TGAGCACCTTGGAGCTGGGGGACTCGGCCCTTTATCTTTGCGCCAGCAGAGCCTGTTGACAGGGAATTCGAGCAGTACTTCGGGCCG"	""	"TCRBV5-1*1"	"TCRBD1-1*1"	"TCRBJ2-7*1"	49	57	64	68	8	4	NA	NA	"TGAGCACCTTGGAGCTGGGGGACTCGGCCCTTTATCTTTGCGCCAGCAGAGCCTGTTGACAGGGAATTCGAGCAGTACTTCGGGCCG"	FALSE	FALSE	NA	NA	NA	NA
"TCACCAGGCCTGGGGGACGCAGCCATGTACCTGTGTGCCACCAGCGGGAGGACTAGCGGGCGGTTGCACGAGCAGTACTTCGGGCCG"	"CATSGRTSGRLHEQYF"	"TCACCAGGCCTGGGGGACGCAGCCATGTACCTGTGTGCCACCAGCGGGAGGACTAGCGGGCGGTTGCACGAGCAGTACTTCGGGCCG"	"CATSGRTSGRLHEQYF"	"TCRBV15-1*2"	"TCRBD2-1"	"TCRBJ2-7*1"	45	49	60	67	4	7	NA	NA	"TCACCAGGCCTGGGGGACGCAGCCATGTACCTGTGTGCCACCAGCGGGAGGACTAGCGGGCGGTTGCACGAGCAGTACTTCGGGCCG"	FALSE	TRUE	NA	NA	NA	NA
"CCAGCCCTCAGAACCCAGGGACTCAGCTGTGTACTTCTGTGCCAGCACCCGGACTAGAGCTCCTACAATGAGCAGTTCTTCGGGCCA"	""	"CCAGCCCTCAGAACCCAGGGACTCAGCTGTGTACTTCTGTGCCAGCACCCGGACTAGAGCTCCTACAATGAGCAGTTCTTCGGGCCA"	""	NA	"TCRBD2-1"	"TCRBJ2-1*1"	47	50	57	59	3	2	NA	NA	"CCAGCCCTCAGAACCCAGGGACTCAGCTGTGTACTTCTGTGCCAGCACCCGGACTAGAGCTCCTACAATGAGCAGTTCTTCGGGCCA"	FALSE	FALSE	NA	NA	NA	NA
"ACGATCCAGCGCACAGAGCAGGAGGACTCGGCCGTGTATCTCTGTGCCAGCAGTTATTCCGGGGCCACTGAAGCTTTCTTTGGACAA"	"CASSYSGATEAFF"	"ACGATCCAGCGCACAGAGCAGGAGGACTCGGCCGTGTATCTCTGTGCCAGCAGTTATTCCGGGGCCACTGAAGCTTTCTTTGGACAA"	"CASSYSGATEAFF"	"TCRBV7-2"	NA	"TCRBJ1-1*1"	53	60	-1	65	7	66	NA	NA	"ACGATCCAGCGCACAGAGCAGGAGGACTCGGCCGTGTATCTCTGTGCCAGCAGTTATTCCGGGGCCACTGAAGCTTTCTTTGGACAA"	FALSE	TRUE	NA	NA	NA	NA
"CAGCGCACAGAGCAGCGGGACTCAGCCATGTATCGCTGTGCTAGCACCCTTAAATTGACAGGGGTTCAGCCCCAGCATTTTGGTGAT"	"CASTLKLTGVQPQHF"	"CAGCGCACAGAGCAGCGGGACTCAGCCATGTATCGCTGTGCTAGCACCCTTAAATTGACAGGGGTTCAGCCCCAGCATTTTGGTGAT"	"CASTLKLTGVQPQHF"	"TCRBV7-7*1"	"TCRBD1-1*1"	"TCRBJ1-5*1"	46	56	64	65	10	1	NA	NA	"CAGCGCACAGAGCAGCGGGACTCAGCCATGTATCGCTGTGCTAGCACCCTTAAATTGACAGGGGTTCAGCCCCAGCATTTTGGTGAT"	FALSE	TRUE	NA	NA	NA	NA
"CAGCCCTCAGAACCCAGGGACTCAGCTGTGTACTTCTGTGCCAGCAGTTTTGAACCCGGGGGCGCGGGAGGCTACACCTTCGGTTCG"	"CASSFEPGGAGGYTF"	"CAGCCCTCAGAACCCAGGGACTCAGCTGTGTACTTCTGTGCCAGCAGTTTTGAACCCGGGGGCGCGGGAGGCTACACCTTCGGTTCG"	"CASSFEPGGAGGYTF"	NA	NA	"TCRBJ1-2*1"	50	57	63	69	7	6	NA	NA	"CAGCCCTCAGAACCCAGGGACTCAGCTGTGTACTTCTGTGCCAGCAGTTTTGAACCCGGGGGCGCGGGAGGCTACACCTTCGGTTCG"	FALSE	TRUE	NA	NA	NA	NA
"AGTTCTAAGAAGCTCCTTCTCAGTGACTCTGGCTTCTATCTCTGTGCCTGGAGTGTACGGGAGTACAATGAGCAGTTCTTCGGGCCA"	"CAWSVREYNEQFF"	"AGTTCTAAGAAGCTCCTTCTCAGTGACTCTGGCTTCTATCTCTGTGCCTGGAGTGTACGGGAGTACAATGAGCAGTTCTTCGGGCCA"	"CAWSVREYNEQFF"	"TCRBV3-1*1"	"TCRBD2-1*2"	"TCRBJ2-1*1"	56	57	-1	63	1	64	NA	NA	"AGTTCTAAGAAGCTCCTTCTCAGTGACTCTGGCTTCTATCTCTGTGCCTGGAGTGTACGGGAGTACAATGAGCAGTTCTTCGGGCCA"	FALSE	TRUE	NA	NA	NA	NA
"GAGTCTGCCAGGCCCTCACATACCTCTCAGTACCTCTGTGCCAGCAGTGATTCCGGGACTGTGTACAATGAGCAGTTCTTCGGGCCA"	"CASSDSGTVYNEQFF"	"GAGTCTGCCAGGCCCTCACATACCTCTCAGTACCTCTGTGCCAGCAGTGATTCCGGGACTGTGTACAATGAGCAGTTCTTCGGGCCA"	"CASSDSGTVYNEQFF"	"TCRBV25-1*1"	"TCRBD2-1"	"TCRBJ2-1*1"	50	54	60	63	4	3	NA	NA	"GAGTCTGCCAGGCCCTCACATACCTCTCAGTACCTCTGTGCCAGCAGTGATTCCGGGACTGTGTACAATGAGCAGTTCTTCGGGCCA"	FALSE	TRUE	NA	NA	NA	NA
"CGCTCACCAGGCCTGGGGGACGCAGCCATGTACCTGTGTGCCACCAGCAGAGAGGGGAGGGCCGGGGATACGCAGTATTTTGGCCCA"	"CATSREGRAGDTQYF"	"CGCTCACCAGGCCTGGGGGACGCAGCCATGTACCTGTGTGCCACCAGCAGAGAGGGGAGGGCCGGGGATACGCAGTATTTTGGCCCA"	"CATSREGRAGDTQYF"	"TCRBV15-1*2"	"TCRBD2-1*2"	"TCRBJ2-3*1"	53	54	61	66	1	5	NA	NA	"CGCTCACCAGGCCTGGGGGACGCAGCCATGTACCTGTGTGCCACCAGCAGAGAGGGGAGGGCCGGGGATACGCAGTATTTTGGCCCA"	FALSE	TRUE	NA	NA	NA	NA
"GTGAGCACCTTGGAGCTGGGGGACTCGGCCCTTTATCTTTGCGCCAGCAGCTTGGGACAGGGCCCTAATGAGCAGTTCTTCGGGCCA"	"CASSLGQGPNEQFF"	"GTGAGCACCTTGGAGCTGGGGGACTCGGCCCTTTATCTTTGCGCCAGCAGCTTGGGACAGGGCCCTAATGAGCAGTTCTTCGGGCCA"	"CASSLGQGPNEQFF"	"TCRBV5-1*1"	"TCRBD1-1*1"	"TCRBJ2-1*1"	-1	55	62	66	56	4	NA	NA	"GTGAGCACCTTGGAGCTGGGGGACTCGGCCCTTTATCTTTGCGCCAGCAGCTTGGGACAGGGCCCTAATGAGCAGTTCTTCGGGCCA"	FALSE	TRUE	NA	NA	NA	NA
"ACGATTCAGCGCACAGAGCAGCGGGACTCGGCCATGTATCGCTGTGCCAGCAGCTTTACCCCCAAGGAGACCCAGTACTTCGGGCCA"	"CASSFTPKETQYF"	"ACGATTCAGCGCACAGAGCAGCGGGACTCGGCCATGTATCGCTGTGCCAGCAGCTTTACCCCCAAGGAGACCCAGTACTTCGGGCCA"	"CASSFTPKETQYF"	NA	NA	"TCRBJ2-5*1"	56	57	59	66	1	7	NA	NA	"ACGATTCAGCGCACAGAGCAGCGGGACTCGGCCATGTATCGCTGTGCCAGCAGCTTTACCCCCAAGGAGACCCAGTACTTCGGGCCA"	FALSE	TRUE	NA	NA	NA	NA
"GCGTCTGCTGTACCCTCTCAGACATCTGTGTACTTCTGTGCCAGCAGCCCACAGGGAGAAGGCTCCTACGAGCAGTACTTCGGGCCG"	"CASSPQGEGSYEQYF"	"GCGTCTGCTGTACCCTCTCAGACATCTGTGTACTTCTGTGCCAGCAGCCCACAGGGAGAAGGCTCCTACGAGCAGTACTTCGGGCCG"	"CASSPQGEGSYEQYF"	"TCRBV6-4*1"	"TCRBD1-1*1"	"TCRBJ2-7*1"	47	50	56	62	3	6	NA	NA	"GCGTCTGCTGTACCCTCTCAGACATCTGTGTACTTCTGTGCCAGCAGCCCACAGGGAGAAGGCTCCTACGAGCAGTACTTCGGGCCG"	FALSE	TRUE	NA	NA	NA	NA
"TCTCTGGAGCTGGGGGACTCAGCTTTGTATTTCTGTGCCAGCAGCCGACAACAGGGGGCTAGCACCGGGGAGCTGTTTTTTGGAGAA"	"CASSRQQGASTGELFF"	"TCTCTGGAGCTGGGGGACTCAGCTTTGTATTTCTGTGCCAGCAGCCGACAACAGGGGGCTAGCACCGGGGAGCTGTTTTTTGGAGAA"	"CASSRQQGASTGELFF"	"TCRBV9-1*1"	"TCRBD1-1*1"	"TCRBJ2-2*1"	45	50	59	62	5	3	NA	NA	"TCTCTGGAGCTGGGGGACTCAGCTTTGTATTTCTGTGCCAGCAGCCGACAACAGGGGGCTAGCACCGGGGAGCTGTTTTTTGGAGAA"	FALSE	TRUE	NA	NA	NA	NA
"CAGCGCACAGAGCGGGGGGACTCAGCCGTGTATCTCTGTGCCAGCAGCTTAGTACCGGGTGGGAACACTGAAGCTTTCTTTGGACAA"	"CASSLVPGGNTEAFF"	"CAGCGCACAGAGCGGGGGGACTCAGCCGTGTATCTCTGTGCCAGCAGCTTAGTACCGGGTGGGAACACTGAAGCTTTCTTTGGACAA"	"CASSLVPGGNTEAFF"	"TCRBV7-3*1"	"TCRBD2-1"	"TCRBJ1-1*1"	51	55	59	62	4	3	NA	NA	"CAGCGCACAGAGCGGGGGGACTCAGCCGTGTATCTCTGTGCCAGCAGCTTAGTACCGGGTGGGAACACTGAAGCTTTCTTTGGACAA"	FALSE	TRUE	NA	NA	NA	NA
"CCTGCAGAGCTTGGGGACTCGGCCGTGTATCTCTGTGCCAGCAGCCCACGGACAGCCCGGCCCTACAATGAGCAGTTCTTCGGGCCA"	"CASSPRTARPYNEQFF"	"CCTGCAGAGCTTGGGGACTCGGCCGTGTATCTCTGTGCCAGCAGCCCACGGACAGCCCGGCCCTACAATGAGCAGTTCTTCGGGCCA"	"CASSPRTARPYNEQFF"	"TCRBV11-3*1"	"TCRBD1-1*1"	"TCRBJ2-1*1"	45	49	55	61	4	6	NA	NA	"CCTGCAGAGCTTGGGGACTCGGCCGTGTATCTCTGTGCCAGCAGCCCACGGACAGCCCGGCCCTACAATGAGCAGTTCTTCGGGCCA"	FALSE	TRUE	NA	NA	NA	NA
"CTGACAGTGACCAGTGCCCATCCTGAAGACAGCAGCTTCTACATCTGCAGTGCAAACGACAGGAACAATGAGCAGTTCTTCGGGCCA"	"CSANDRNNEQFF"	"CTGACAGTGACCAGTGCCCATCCTGAAGACAGCAGCTTCTACATCTGCAGTGCAAACGACAGGAACAATGAGCAGTTCTTCGGGCCA"	"CSANDRNNEQFF"	NA	"TCRBD1-1*1"	"TCRBJ2-1*1"	53	57	63	64	4	1	NA	NA	"CTGACAGTGACCAGTGCCCATCCTGAAGACAGCAGCTTCTACATCTGCAGTGCAAACGACAGGAACAATGAGCAGTTCTTCGGGCCA"	FALSE	TRUE	NA	NA	NA	NA
"ACATCGGCCCAAAAGAACCCGACAGCTTTCTATCTCTGTGCCAGTACCCAGGGACAGGGTCGAACAGATACGCAGTATTTTGGCCCA"	"CASTQGQGRTDTQYF"	"ACATCGGCCCAAAAGAACCCGACAGCTTTCTATCTCTGTGCCAGTACCCAGGGACAGGGTCGAACAGATACGCAGTATTTTGGCCCA"	"CASTQGQGRTDTQYF"	"TCRBV19-1*1"	"TCRBD1-1*1"	"TCRBJ2-3*1"	46	50	59	63	4	4	NA	NA	"ACATCGGCCCAAAAGAACCCGACAGCTTTCTATCTCTGTGCCAGTACCCAGGGACAGGGTCGAACAGATACGCAGTATTTTGGCCCA"	FALSE	TRUE	NA	NA	NA	NA
"CTGATTCTGGAGTCCGCCAGCACCAACCAGACATCTATGTACCTCTGTGCCAGCAGTTTATTAACGGAAGGCTACACCTTCGGTTCG"	"CASSLLTEGYTF"	"CTGATTCTGGAGTCCGCCAGCACCAACCAGACATCTATGTACCTCTGTGCCAGCAGTTTATTAACGGAAGGCTACACCTTCGGTTCG"	"CASSLLTEGYTF"	"TCRBV28-1*1"	NA	"TCRBJ1-2*1"	61	65	68	69	4	1	NA	NA	"CTGATTCTGGAGTCCGCCAGCACCAACCAGACATCTATGTACCTCTGTGCCAGCAGTTTATTAACGGAAGGCTACACCTTCGGTTCG"	FALSE	TRUE	NA	NA	NA	NA
"ATCCGGTCCACAAAGCTGGAGGACTCAGCCATGTACTTCTGTGCCAGCAGCACCGGGACAGGAGATACTGAAGCTTTCTTTGGACAA"	"CASSTGTGDTEAFF"	"ATCCGGTCCACAAAGCTGGAGGACTCAGCCATGTACTTCTGTGCCAGCAGCACCGGGACAGGAGATACTGAAGCTTTCTTTGGACAA"	"CASSTGTGDTEAFF"	"TCRBV2-1"	"TCRBD1-1*1"	"TCRBJ1-1*1"	50	54	62	66	4	4	NA	NA	"ATCCGGTCCACAAAGCTGGAGGACTCAGCCATGTACTTCTGTGCCAGCAGCACCGGGACAGGAGATACTGAAGCTTTCTTTGGACAA"	FALSE	TRUE	NA	NA	NA	NA
"CGCTCACCAGGCCTGGGGGACGCAGCCATGTACCTGTGTGCCACCAGCAGAGATAGGTTGTCCTACAATGAGCAGTTCTTCGGGCCA"	"CATSRDRLSYNEQFF"	"CGCTCACCAGGCCTGGGGGACGCAGCCATGTACCTGTGTGCCACCAGCAGAGATAGGTTGTCCTACAATGAGCAGTTCTTCGGGCCA"	"CATSRDRLSYNEQFF"	"TCRBV15-1*2"	NA	"TCRBJ2-1*1"	53	54	57	60	1	3	NA	NA	"CGCTCACCAGGCCTGGGGGACGCAGCCATGTACCTGTGTGCCACCAGCAGAGATAGGTTGTCCTACAATGAGCAGTTCTTCGGGCCA"	FALSE	TRUE	NA	NA	NA	NA
"CGTTGGCGTCTGCTGTACCCTCTCAGACATCTGTGTACTTCTGTGCCAGCAGTGATGGCTTAGTTCACTGAAGCTTTCTTTGGACAA"	""	"CGTTGGCGTCTGCTGTACCCTCTCAGACATCTGTGTACTTCTGTGCCAGCAGTGATGGCTTAGTTCACTGAAGCTTTCTTTGGACAA"	""	"TCRBV6-4*1"	NA	"TCRBJ1-1*1"	55	56	59	65	1	6	NA	NA	"CGTTGGCGTCTGCTGTACCCTCTCAGACATCTGTGTACTTCTGTGCCAGCAGTGATGGCTTAGTTCACTGAAGCTTTCTTTGGACAA"	FALSE	FALSE	NA	NA	NA	NA
"ATTCAGCGCACAGAGCAGCGGGACTCGGCCATGTATCGCTGTGCCAGCAGCCCCGGGACAGACAATTCACCCCTCCACTTTGGGAAT"	"CASSPGTDNSPLHF"	"ATTCAGCGCACAGAGCAGCGGGACTCGGCCATGTATCGCTGTGCCAGCAGCCCCGGGACAGACAATTCACCCCTCCACTTTGGGAAT"	"CASSPGTDNSPLHF"	NA	"TCRBD1-1*1"	"TCRBJ1-6*1"	51	54	61	63	3	2	NA	NA	"ATTCAGCGCACAGAGCAGCGGGACTCGGCCATGTATCGCTGTGCCAGCAGCCCCGGGACAGACAATTCACCCCTCCACTTTGGGAAT"	FALSE	TRUE	NA	NA	NA	NA
"GAGCTTGGTGACTCTGCTGTGTATTTCTGTGCCAGCAGCCCGACGGGACTAGCGGGCCCCGGGGACAATGAGCAGTTCTTCGGGCCA"	"CASSPTGLAGPGDNEQFF"	"GAGCTTGGTGACTCTGCTGTGTATTTCTGTGCCAGCAGCCCGACGGGACTAGCGGGCCCCGGGGACAATGAGCAGTTCTTCGGGCCA"	"CASSPTGLAGPGDNEQFF"	"TCRBV3-1/3-2*1"	"TCRBD2-1"	"TCRBJ2-1*1"	40	44	56	64	4	8	NA	NA	"GAGCTTGGTGACTCTGCTGTGTATTTCTGTGCCAGCAGCCCGACGGGACTAGCGGGCCCCGGGGACAATGAGCAGTTCTTCGGGCCA"	FALSE	TRUE	NA	NA	NA	NA
"ATCCGGTCCACAAAGCTGGAGGACTCAGCCATGTACTTCTGTGCCAGCAGTGAAGTTCAGGGCGACTATGGCTACACCTTCGGTTCG"	"CASSEVQGDYGYTF"	"ATCCGGTCCACAAAGCTGGAGGACTCAGCCATGTACTTCTGTGCCAGCAGTGAAGTTCAGGGCGACTATGGCTACACCTTCGGTTCG"	"CASSEVQGDYGYTF"	"TCRBV2-1"	"TCRBD1-1*1"	"TCRBJ1-2*1"	55	57	62	64	2	2	NA	NA	"ATCCGGTCCACAAAGCTGGAGGACTCAGCCATGTACTTCTGTGCCAGCAGTGAAGTTCAGGGCGACTATGGCTACACCTTCGGTTCG"	FALSE	TRUE	NA	NA	NA	NA
"CAGCCCCAACCAGACCTCTCTGTACTTCTGTGCCAGCAGTTTCTGCTCGTCCGGGAGAAGAACACAGATACGCAGTATTTTGGCCCA"	""	"CAGCCCCAACCAGACCTCTCTGTACTTCTGTGCCAGCAGTTTCTGCTCGTCCGGGAGAAGAACACAGATACGCAGTATTTTGGCCCA"	""	"TCRBV27-1*1"	"TCRBD2-1*2"	"TCRBJ2-3*1"	42	51	57	62	9	5	NA	NA	"CAGCCCCAACCAGACCTCTCTGTACTTCTGTGCCAGCAGTTTCTGCTCGTCCGGGAGAAGAACACAGATACGCAGTATTTTGGCCCA"	FALSE	FALSE	NA	NA	NA	NA
"CGGTCCACAAAGCTGGAGGACTCAGCCATGTACTTCTGTGCCAGCAGTGGGACTACAAGGGGGGGAGAGACCCAGTACTTCGGGCCA"	"CASSGTTRGGETQYF"	"CGGTCCACAAAGCTGGAGGACTCAGCCATGTACTTCTGTGCCAGCAGTGGGACTACAAGGGGGGGAGAGACCCAGTACTTCGGGCCA"	"CASSGTTRGGETQYF"	"TCRBV2-1"	"TCRBD2-1*1"	"TCRBJ2-5*1"	49	58	-1	65	9	66	NA	NA	"CGGTCCACAAAGCTGGAGGACTCAGCCATGTACTTCTGTGCCAGCAGTGGGACTACAAGGGGGGGAGAGACCCAGTACTTCGGGCCA"	FALSE	TRUE	NA	NA	NA	NA
"CTGCAGCCAGAAGACTCGGCCCTGTATCTCTGCGCCAGCAGCCTCCAAACTGGGGGTAGCTCCTACAATGAGCAGTTCTTCGGGCCA"	"CASSLQTGGSSYNEQFF"	"CTGCAGCCAGAAGACTCGGCCCTGTATCTCTGCGCCAGCAGCCTCCAAACTGGGGGTAGCTCCTACAATGAGCAGTTCTTCGGGCCA"	"CASSLQTGGSSYNEQFF"	"TCRBV4-3*1"	NA	"TCRBJ2-1*1"	43	51	56	59	8	3	NA	NA	"CTGCAGCCAGAAGACTCGGCCCTGTATCTCTGCGCCAGCAGCCTCCAAACTGGGGGTAGCTCCTACAATGAGCAGTTCTTCGGGCCA"	FALSE	TRUE	NA	NA	NA	NA
"GCCCTCAGAACCCAGGGACTCAGCTGTGTATTTTTGTGCTAGTGGTTTGGTACGGGGTCGGCCTCCTACGAGCAGTACTTCGGGCCG"	""	"GCCCTCAGAACCCAGGGACTCAGCTGTGTATTTTTGTGCTAGTGGTTTGGTACGGGGTCGGCCTCCTACGAGCAGTACTTCGGGCCG"	""	"TCRBV12-5*1"	"TCRBD2-1*1"	"TCRBJ2-7*1"	51	52	57	62	1	5	NA	NA	"GCCCTCAGAACCCAGGGACTCAGCTGTGTATTTTTGTGCTAGTGGTTTGGTACGGGGTCGGCCTCCTACGAGCAGTACTTCGGGCCG"	FALSE	FALSE	NA	NA	NA	NA
"AGCACCTTGGAGCTGGGGGACTCGGCCCTTTATCTTTGCGCCAGCAGCTTGGAATGGGAGATGAACACTGAAGCTTTCTTTGGACAA"	"CASSLEWEMNTEAFF"	"AGCACCTTGGAGCTGGGGGACTCGGCCCTTTATCTTTGCGCCAGCAGCTTGGAATGGGAGATGAACACTGAAGCTTTCTTTGGACAA"	"CASSLEWEMNTEAFF"	"TCRBV5-1*1"	"TCRBD2-1*2"	"TCRBJ1-1*1"	52	55	60	61	3	1	NA	NA	"AGCACCTTGGAGCTGGGGGACTCGGCCCTTTATCTTTGCGCCAGCAGCTTGGAATGGGAGATGAACACTGAAGCTTTCTTTGGACAA"	FALSE	TRUE	NA	NA	NA	NA
"AACGCCTTGGAGCTGGACGACTCGGCCCTGTATCTCTGTGCCAGCAGCTTGGCCGTCGTCGGCAGTTATGGCTACACCTTCGGTTCG"	"CASSLAVVGSYGYTF"	"AACGCCTTGGAGCTGGACGACTCGGCCCTGTATCTCTGTGCCAGCAGCTTGGCCGTCGTCGGCAGTTATGGCTACACCTTCGGTTCG"	"CASSLAVVGSYGYTF"	"TCRBV5-4*1"	NA	"TCRBJ1-2*1"	52	62	65	66	10	1	NA	NA	"AACGCCTTGGAGCTGGACGACTCGGCCCTGTATCTCTGTGCCAGCAGCTTGGCCGTCGTCGGCAGTTATGGCTACACCTTCGGTTCG"	FALSE	TRUE	NA	NA	NA	NA
"CTAAGAAGCTCCTTCTCAGTGACTCTGGCTTCTATCTCTGTGCCTGGAGTGTAATAGGACTCGCCTTTTCCCCTCCACTTTGGGAAT"	""	"CTAAGAAGCTCCTTCTCAGTGACTCTGGCTTCTATCTCTGTGCCTGGAGTGTAATAGGACTCGCCTTTTCCCCTCCACTTTGGGAAT"	""	"TCRBV3-1*1"	"TCRBD2-1"	"TCRBJ1-6*1"	52	56	61	69	4	8	NA	NA	"CTAAGAAGCTCCTTCTCAGTGACTCTGGCTTCTATCTCTGTGCCTGGAGTGTAATAGGACTCGCCTTTTCCCCTCCACTTTGGGAAT"	FALSE	FALSE	NA	NA	NA	NA
"GGGGACTCGGCCATGTATCTCTGTGCCAGCAGCTCCTGGACAGGAAGAACAGCCGGAGGGCCGATCGGGACCCAGTACTTCGGGCCA"	"CASSSWTGRTAGGPIGTQYF"	"GGGGACTCGGCCATGTATCTCTGTGCCAGCAGCTCCTGGACAGGAAGAACAGCCGGAGGGCCGATCGGGACCCAGTACTTCGGGCCA"	"CASSSWTGRTAGGPIGTQYF"	NA	"TCRBD1-1*1"	"TCRBJ2-5*1"	34	37	44	68	3	24	NA	NA	"GGGGACTCGGCCATGTATCTCTGTGCCAGCAGCTCCTGGACAGGAAGAACAGCCGGAGGGCCGATCGGGACCCAGTACTTCGGGCCA"	FALSE	TRUE	NA	NA	NA	NA
"GATCCAGTCCACGGAGTCAGGGGACACAGCACTGTATTTCTGTGCCAGCAGCCAGACAGGGGCAATCAGCCCCAGCATTTTGGTGAT"	""	"GATCCAGTCCACGGAGTCAGGGGACACAGCACTGTATTTCTGTGCCAGCAGCCAGACAGGGGCAATCAGCCCCAGCATTTTGGTGAT"	""	"TCRBV21-1*1"	"TCRBD1-1*1"	"TCRBJ1-5*1"	52	54	-1	61	2	62	NA	NA	"GATCCAGTCCACGGAGTCAGGGGACACAGCACTGTATTTCTGTGCCAGCAGCCAGACAGGGGCAATCAGCCCCAGCATTTTGGTGAT"	FALSE	FALSE	NA	NA	NA	NA
"AGTTCTAAGAAGCTCCTTCTCAGTGACTCTGGCTTCTATCTCTGTGCCTGGAGGGGAGGACAATCCTACGAGCAGTACTTCGGGCCG"	"CAWRGGQSYEQYF"	"AGTTCTAAGAAGCTCCTTCTCAGTGACTCTGGCTTCTATCTCTGTGCCTGGAGGGGAGGACAATCCTACGAGCAGTACTTCGGGCCG"	"CAWRGGQSYEQYF"	"TCRBV3-1*1"	"TCRBD2-1*2"	"TCRBJ2-7*1"	-1	53	59	63	54	4	NA	NA	"AGTTCTAAGAAGCTCCTTCTCAGTGACTCTGGCTTCTATCTCTGTGCCTGGAGGGGAGGACAATCCTACGAGCAGTACTTCGGGCCG"	FALSE	TRUE	NA	NA	NA	NA
"GCAGAACTGGAGGATTCTGGAGTTTATTTCTGTGCCAGCAGCCAAGATCCGCGACTAGGGACCTACAATGAGCAGTTCTTCGGGCCA"	"CASSQDPRLGTYNEQFF"	"GCAGAACTGGAGGATTCTGGAGTTTATTTCTGTGCCAGCAGCCAAGATCCGCGACTAGGGACCTACAATGAGCAGTTCTTCGGGCCA"	"CASSQDPRLGTYNEQFF"	"TCRBV14-1*1"	"TCRBD2-1"	"TCRBJ2-1*1"	47	52	58	61	5	3	NA	NA	"GCAGAACTGGAGGATTCTGGAGTTTATTTCTGTGCCAGCAGCCAAGATCCGCGACTAGGGACCTACAATGAGCAGTTCTTCGGGCCA"	FALSE	TRUE	NA	NA	NA	NA
"CGCACAGAGCAGGGGGACTCGGCCATGTATCTCTGTGCCAGCAGCCAAGGAAAGCGTGGGGGCTCCTACGAGCAGTACTTCGGGCCG"	"CASSQGKRGGSYEQYF"	"CGCACAGAGCAGGGGGACTCGGCCATGTATCTCTGTGCCAGCAGCCAAGGAAAGCGTGGGGGCTCCTACGAGCAGTACTTCGGGCCG"	"CASSQGKRGGSYEQYF"	"TCRBV7-9*1"	NA	"TCRBJ2-7*1"	45	57	-1	62	12	63	NA	NA	"CGCACAGAGCAGGGGGACTCGGCCATGTATCTCTGTGCCAGCAGCCAAGGAAAGCGTGGGGGCTCCTACGAGCAGTACTTCGGGCCG"	FALSE	TRUE	NA	NA	NA	NA
"ACTCTGAAGATCCAGCGCACACAGCAGGAGGACTCCGCCGTGTATCTCTGTGCCAGCAGTCTAGAGAATGAGCAGTTCTTCGGGCCA"	"CASSLENEQFF"	"ACTCTGAAGATCCAGCGCACACAGCAGGAGGACTCCGCCGTGTATCTCTGTGCCAGCAGTCTAGAGAATGAGCAGTTCTTCGGGCCA"	"CASSLENEQFF"	"TCRBV7-8"	"TCRBD2-1"	"TCRBJ2-1*1"	59	60	64	66	1	2	NA	NA	"ACTCTGAAGATCCAGCGCACACAGCAGGAGGACTCCGCCGTGTATCTCTGTGCCAGCAGTCTAGAGAATGAGCAGTTCTTCGGGCCA"	FALSE	TRUE	NA	NA	NA	NA
"ATCCAGCGCACAGAGCGGGGGGACTCAGCCGTGTATCTCTGTGCCAGCAGCTTATCCAGAAGTGGGACACCCCTCCACTTTGGGAAT"	"CASSLSRSGTPLHF"	"ATCCAGCGCACAGAGCGGGGGGACTCAGCCGTGTATCTCTGTGCCAGCAGCTTATCCAGAAGTGGGACACCCCTCCACTTTGGGAAT"	"CASSLSRSGTPLHF"	"TCRBV7-3*1"	NA	"TCRBJ1-6*1"	54	63	-1	67	9	68	NA	NA	"ATCCAGCGCACAGAGCGGGGGGACTCAGCCGTGTATCTCTGTGCCAGCAGCTTATCCAGAAGTGGGACACCCCTCCACTTTGGGAAT"	FALSE	TRUE	NA	NA	NA	NA
"GTGAGCACCTTGGAGCTGGGGGACTCGGCCCTTTATCTTTGCGCCAGCAGCTTCAGCGGGAACAACAATGAGCAGTTCTTCGGGCCA"	"CASSFSGNNNEQFF"	"GTGAGCACCTTGGAGCTGGGGGACTCGGCCCTTTATCTTTGCGCCAGCAGCTTCAGCGGGAACAACAATGAGCAGTTCTTCGGGCCA"	"CASSFSGNNNEQFF"	"TCRBV5-1*1"	"TCRBD2-1*2"	"TCRBJ2-1*1"	53	54	61	64	1	3	NA	NA	"GTGAGCACCTTGGAGCTGGGGGACTCGGCCCTTTATCTTTGCGCCAGCAGCTTCAGCGGGAACAACAATGAGCAGTTCTTCGGGCCA"	FALSE	TRUE	NA	NA	NA	NA
"ATCCAGCCCTCAGAACCCAGGGACTCAGCTGTGTACTTCTGTGCCAGCAGTTTTACCGGGGACAATCAGCCCCAGCATTTTGGTGAT"	"CASSFTGDNQPQHF"	"ATCCAGCCCTCAGAACCCAGGGACTCAGCTGTGTACTTCTGTGCCAGCAGTTTTACCGGGGACAATCAGCCCCAGCATTTTGGTGAT"	"CASSFTGDNQPQHF"	NA	"TCRBD2-1*1"	"TCRBJ1-5*1"	53	56	61	62	3	1	NA	NA	"ATCCAGCCCTCAGAACCCAGGGACTCAGCTGTGTACTTCTGTGCCAGCAGTTTTACCGGGGACAATCAGCCCCAGCATTTTGGTGAT"	FALSE	TRUE	NA	NA	NA	NA
"CTACACGCCCTGCAGCCAGAAGACTCAGCCCTGTATCTCTGCGCCAGTCGCCTAGCGGCGAACACCGGGGAGCTGTTTTTTGGAGAA"	"CASRLAANTGELFF"	"CTACACGCCCTGCAGCCAGAAGACTCAGCCCTGTATCTCTGCGCCAGTCGCCTAGCGGCGAACACCGGGGAGCTGTTTTTTGGAGAA"	"CASRLAANTGELFF"	"TCRBV4-1*1"	"TCRBD2-1"	"TCRBJ2-2*1"	47	51	-1	58	4	59	NA	NA	"CTACACGCCCTGCAGCCAGAAGACTCAGCCCTGTATCTCTGCGCCAGTCGCCTAGCGGCGAACACCGGGGAGCTGTTTTTTGGAGAA"	FALSE	TRUE	NA	NA	NA	NA
"CGCACAGAGCAGGAGGACTCGGCCGTGTATCTCTGTGCCAGCAGCTTAGCGCGGCTAGCGGGAGATAATGAGCAGTTCTTCGGGCCA"	"CASSLARLAGDNEQFF"	"CGCACAGAGCAGGAGGACTCGGCCGTGTATCTCTGTGCCAGCAGCTTAGCGCGGCTAGCGGGAGATAATGAGCAGTTCTTCGGGCCA"	"CASSLARLAGDNEQFF"	"TCRBV7-2"	"TCRBD2-1*2"	"TCRBJ2-1*1"	50	54	64	66	4	2	NA	NA	"CGCACAGAGCAGGAGGACTCGGCCGTGTATCTCTGTGCCAGCAGCTTAGCGCGGCTAGCGGGAGATAATGAGCAGTTCTTCGGGCCA"	FALSE	TRUE	NA	NA	NA	NA
"TCGGCTGCTCCCTCCCAAACATCTGTGTACTTCTGTGCCAGCAGTTACTCGGCCGGACCCCGTTTAGGTACGCAGTATTTTGGCCCA"	"CASSYSAGPRLGTQYF"	"TCGGCTGCTCCCTCCCAAACATCTGTGTACTTCTGTGCCAGCAGTTACTCGGCCGGACCCCGTTTAGGTACGCAGTATTTTGGCCCA"	"CASSYSAGPRLGTQYF"	"TCRBV6-2/6-3*1"	NA	"TCRBJ2-3*1"	50	54	58	68	4	10	NA	NA	"TCGGCTGCTCCCTCCCAAACATCTGTGTACTTCTGTGCCAGCAGTTACTCGGCCGGACCCCGTTTAGGTACGCAGTATTTTGGCCCA"	FALSE	TRUE	NA	NA	NA	NA
"NNCTTGGAGATCCAGTCCACGGAGTCAGGGGACACAGCACGAACTCGTGCCCCTTAAAGGGCCTACAATGAGCAGTTCTTCGGGCCA"	"AP*RAYNEQFF"	"NNCTTGGAGATCCAGTCCACGGAGTCAGGGGACACAGCACGAACTCGTGCCCCTTAAAGGGCCTACAATGAGCAGTTCTTCGGGCCA"	"AP*RAYNEQFF"	"TCRBV21-1*1"	NA	"TCRBJ2-1*1"	40	57	-1	61	17	62	NA	NA	"NNCTTGGAGATCCAGTCCACGGAGTCAGGGGACACAGCACGAACTCGTGCCCCTTAAAGGGCCTACAATGAGCAGTTCTTCGGGCCA"	FALSE	TRUE	NA	NA	NA	NA
"TCCCTGTCCCTAGAGTCTGCCATCCCCAACCAGACAGCTCTTTACTTCTGTGCCACCAGTGAGGGAAGTGAAGCTTTCTTTGGACAA"	"CATSEGSEAFF"	"TCCCTGTCCCTAGAGTCTGCCATCCCCAACCAGACAGCTCTTTACTTCTGTGCCACCAGTGAGGGAAGTGAAGCTTTCTTTGGACAA"	"CATSEGSEAFF"	"TCRBV24-1*1"	NA	"TCRBJ1-1*1"	-1	62	66	68	63	2	NA	NA	"TCCCTGTCCCTAGAGTCTGCCATCCCCAACCAGACAGCTCTTTACTTCTGTGCCACCAGTGAGGGAAGTGAAGCTTTCTTTGGACAA"	FALSE	TRUE	NA	NA	NA	NA
"ACTGTGAGCAACATGAGCCCTGAAGACAGCAGCATATATCTCTGCAGCGCCGGAGGGGGGAGGTCCTACGAGCAGTACTTCGGGCCG"	"CSAGGGRSYEQYF"	"ACTGTGAGCAACATGAGCCCTGAAGACAGCAGCATATATCTCTGCAGCGCCGGAGGGGGGAGGTCCTACGAGCAGTACTTCGGGCCG"	"CSAGGGRSYEQYF"	"TCRBV29-1*3"	NA	"TCRBJ2-7*1"	50	53	59	63	3	4	NA	NA	"ACTGTGAGCAACATGAGCCCTGAAGACAGCAGCATATATCTCTGCAGCGCCGGAGGGGGGAGGTCCTACGAGCAGTACTTCGGGCCG"	FALSE	TRUE	NA	NA	NA	NA
"GCAAAGCTTGAGGACTCGGCCGTGTATCTCTGTGCCAGCAGCTTCTTTGGGTCTCACCGGCTTCCCGACGAGCAGTACTTCGGGCCG"	"CASSFFGSHRLPDEQYF"	"GCAAAGCTTGAGGACTCGGCCGTGTATCTCTGTGCCAGCAGCTTCTTTGGGTCTCACCGGCTTCCCGACGAGCAGTACTTCGGGCCG"	"CASSFFGSHRLPDEQYF"	"TCRBV11-2"	NA	"TCRBJ2-7*1"	44	48	51	67	4	16	NA	NA	"GCAAAGCTTGAGGACTCGGCCGTGTATCTCTGTGCCAGCAGCTTCTTTGGGTCTCACCGGCTTCCCGACGAGCAGTACTTCGGGCCG"	FALSE	TRUE	NA	NA	NA	NA
"ATCCAGCCCTCAGAACCCAGGGACTCAGCTGTGTACTTCTGTGCCAGCAGTCCCCGGCAGGGGAGTGGTACGCAGTATTTTGGCCCA"	"CASSPRQGSGTQYF"	"ATCCAGCCCTCAGAACCCAGGGACTCAGCTGTGTACTTCTGTGCCAGCAGTCCCCGGCAGGGGAGTGGTACGCAGTATTTTGGCCCA"	"CASSPRQGSGTQYF"	NA	"TCRBD1-1*1"	"TCRBJ2-3*1"	51	57	63	68	6	5	NA	NA	"ATCCAGCCCTCAGAACCCAGGGACTCAGCTGTGTACTTCTGTGCCAGCAGTCCCCGGCAGGGGAGTGGTACGCAGTATTTTGGCCCA"	FALSE	TRUE	NA	NA	NA	NA
"CTCACTCTGGAGTCCGCTACCAGCTCCCAGACATCTGTGTACTTCTGTGCCATCACGGACCTCACAGATACGCAGTATTTTGGCCCA"	"CAITDLTDTQYF"	"CTCACTCTGGAGTCCGCTACCAGCTCCCAGACATCTGTGTACTTCTGTGCCATCACGGACCTCACAGATACGCAGTATTTTGGCCCA"	"CAITDLTDTQYF"	"TCRBV1-3*1"	NA	"TCRBJ2-3*1"	55	56	60	62	1	2	NA	NA	"CTCACTCTGGAGTCCGCTACCAGCTCCCAGACATCTGTGTACTTCTGTGCCATCACGGACCTCACAGATACGCAGTATTTTGGCCCA"	FALSE	TRUE	NA	NA	NA	NA
"NTGTCGGCTGCTCCCTCCCAGACATCTGTGTACTTCTGTGCCAGCAGTTACGGGGCAACGAACACCGGGGAGCTGTTTTTTGGAGAA"	"CASSYGATNTGELFF"	"NTGTCGGCTGCTCCCTCCCAGACATCTGTGTACTTCTGTGCCAGCAGTTACGGGGCAACGAACACCGGGGAGCTGTTTTTTGGAGAA"	"CASSYGATNTGELFF"	"TCRBV6-5*1"	"TCRBD1-1*1"	"TCRBJ2-2*1"	-1	51	56	58	52	2	NA	NA	"NTGTCGGCTGCTCCCTCCCAGACATCTGTGTACTTCTGTGCCAGCAGTTACGGGGCAACGAACACCGGGGAGCTGTTTTTTGGAGAA"	FALSE	TRUE	NA	NA	NA	NA
"GAGTCGCCCAGCCCCAACCAGACCTCTCTGTACTTCTGTGCCAGCAGTTTATTAGCAGATACACAAGATACGCAGTATTTTGGCCCA"	"CASSLLADTQDTQYF"	"GAGTCGCCCAGCCCCAACCAGACCTCTCTGTACTTCTGTGCCAGCAGTTTATTAGCAGATACACAAGATACGCAGTATTTTGGCCCA"	"CASSLLADTQDTQYF"	"TCRBV27-1*1"	"TCRBD2-1"	"TCRBJ2-3*1"	-1	52	56	65	53	9	NA	NA	"GAGTCGCCCAGCCCCAACCAGACCTCTCTGTACTTCTGTGCCAGCAGTTTATTAGCAGATACACAAGATACGCAGTATTTTGGCCCA"	FALSE	TRUE	NA	NA	NA	NA
"AACCTTCACCTACACGCCCTGCAGCCAGAAGACTCAGCCCTGTATCTCTGCGCCAGCAGCCTCGGACTCGAGCAGTACTTCGGGCCG"	"CASSLGLEQYF"	"AACCTTCACCTACACGCCCTGCAGCCAGAAGACTCAGCCCTGTATCTCTGCGCCAGCAGCCTCGGACTCGAGCAGTACTTCGGGCCG"	"CASSLGLEQYF"	"TCRBV4-1*1"	"TCRBD2-1"	"TCRBJ2-7*1"	61	63	-1	68	2	69	NA	NA	"AACCTTCACCTACACGCCCTGCAGCCAGAAGACTCAGCCCTGTATCTCTGCGCCAGCAGCCTCGGACTCGAGCAGTACTTCGGGCCG"	FALSE	TRUE	NA	NA	NA	NA
"ATCCAGCAGGTAGTGCGAGGAGATTCGGCAGCTTATTTCTGTGCCAGCCTTCGGACAGGATCCTACAATGAGCAGTTCTTCGGGCCA"	"CASLRTGSYNEQFF"	"ATCCAGCAGGTAGTGCGAGGAGATTCGGCAGCTTATTTCTGTGCCAGCCTTCGGACAGGATCCTACAATGAGCAGTTCTTCGGGCCA"	"CASLRTGSYNEQFF"	"TCRBV18-1*1"	"TCRBD1-1*1"	"TCRBJ2-1*1"	48	52	59	60	4	1	NA	NA	"ATCCAGCAGGTAGTGCGAGGAGATTCGGCAGCTTATTTCTGTGCCAGCCTTCGGACAGGATCCTACAATGAGCAGTTCTTCGGGCCA"	FALSE	TRUE	NA	NA	NA	NA
"AAGATCCAGCCCTCAGAACCCAGGGACTCAGCTGTGTACTTCTGTGCCAGCAGCCCGGGAGATTACTATGGCTACACCTTCGGTTCG"	"CASSPGDYYGYTF"	"AAGATCCAGCCCTCAGAACCCAGGGACTCAGCTGTGTACTTCTGTGCCAGCAGCCCGGGAGATTACTATGGCTACACCTTCGGTTCG"	"CASSPGDYYGYTF"	"TCRBV12-3/12-4*1"	"TCRBD2-1*2"	"TCRBJ1-2*1"	53	55	61	64	2	3	NA	NA	"AAGATCCAGCCCTCAGAACCCAGGGACTCAGCTGTGTACTTCTGTGCCAGCAGCCCGGGAGATTACTATGGCTACACCTTCGGTTCG"	FALSE	TRUE	NA	NA	NA	NA
"AATGTGAGCACCTTGGAGCTGGGGGACTCGGCCCTTTATCTTTGCGCCAGCAGCTTTGGCCAAACCTACGAGCAGTACTTCGGGCCG"	"CASSFGQTYEQYF"	"AATGTGAGCACCTTGGAGCTGGGGGACTCGGCCCTTTATCTTTGCGCCAGCAGCTTTGGCCAAACCTACGAGCAGTACTTCGGGCCG"	"CASSFGQTYEQYF"	"TCRBV5-1*1"	"TCRBD1-1*1"	"TCRBJ2-7*1"	56	57	60	64	1	4	NA	NA	"AATGTGAGCACCTTGGAGCTGGGGGACTCGGCCCTTTATCTTTGCGCCAGCAGCTTTGGCCAAACCTACGAGCAGTACTTCGGGCCG"	FALSE	TRUE	NA	NA	NA	NA
"AACGCCTTGTTGCTGGGGGACTCGGCCCTCTATCTCTGTGCCAGCAGCTCAGGATGGGACATGAACACTGAAGCTTTCTTTGGACAA"	"CASSSGWDMNTEAFF"	"AACGCCTTGTTGCTGGGGGACTCGGCCCTCTATCTCTGTGCCAGCAGCTCAGGATGGGACATGAACACTGAAGCTTTCTTTGGACAA"	"CASSSGWDMNTEAFF"	"TCRBV5-6*1"	"TCRBD1-1*1"	"TCRBJ1-1*1"	49	55	-1	61	6	62	NA	NA	"AACGCCTTGTTGCTGGGGGACTCGGCCCTCTATCTCTGTGCCAGCAGCTCAGGATGGGACATGAACACTGAAGCTTTCTTTGGACAA"	FALSE	TRUE	NA	NA	NA	NA
"ACCAGTGCCCATCCTGAAGACAGCAGCTTCTACATCTGCAGTGCTAGAAGATACGGGACTACCGCCAATGAGCAGTTCTTCGGGCCA"	"CSARRYGTTANEQFF"	"ACCAGTGCCCATCCTGAAGACAGCAGCTTCTACATCTGCAGTGCTAGAAGATACGGGACTACCGCCAATGAGCAGTTCTTCGGGCCA"	"CSARRYGTTANEQFF"	NA	"TCRBD2-1"	"TCRBJ2-1*1"	48	54	61	65	6	4	NA	NA	"ACCAGTGCCCATCCTGAAGACAGCAGCTTCTACATCTGCAGTGCTAGAAGATACGGGACTACCGCCAATGAGCAGTTCTTCGGGCCA"	FALSE	TRUE	NA	NA	NA	NA
"CTGAGGATCCAGCAGGTAGTGCGAGGAGATTCGGCAGCTTATTTCTGTGCCAGCTCACCACTGGGAGATACGCAGTATTTTGGCCCA"	"CASSPLGDTQYF"	"CTGAGGATCCAGCAGGTAGTGCGAGGAGATTCGGCAGCTTATTTCTGTGCCAGCTCACCACTGGGAGATACGCAGTATTTTGGCCCA"	"CASSPLGDTQYF"	"TCRBV18-1*1"	NA	"TCRBJ2-3*1"	61	62	-1	65	1	66	NA	NA	"CTGAGGATCCAGCAGGTAGTGCGAGGAGATTCGGCAGCTTATTTCTGTGCCAGCTCACCACTGGGAGATACGCAGTATTTTGGCCCA"	FALSE	TRUE	NA	NA	NA	NA
"AACCAGACCTCTCTGTACTTCTGTGCCAGCAGTCCGACGACTAGCGGGAGGACAACTCGTCGCACAGATACGCAGTATTTTGGCCCA"	"CASSPTTSGRTTRRTDTQYF"	"AACCAGACCTCTCTGTACTTCTGTGCCAGCAGTCCGACGACTAGCGGGAGGACAACTCGTCGCACAGATACGCAGTATTTTGGCCCA"	"CASSPTTSGRTTRRTDTQYF"	"TCRBV27-1*1"	"TCRBD2-1*2"	"TCRBJ2-3*1"	33	38	51	61	5	10	NA	NA	"AACCAGACCTCTCTGTACTTCTGTGCCAGCAGTCCGACGACTAGCGGGAGGACAACTCGTCGCACAGATACGCAGTATTTTGGCCCA"	FALSE	TRUE	NA	NA	NA	NA
"ATCCAGCCCTCAGAACCCAGGGACTCAGCTGTGTACTTCTGTGCCAGCACCACGTCGGCCCGCAATCAGCCCCAGCATTTTGGTGAT"	"CASTTSARNQPQHF"	"ATCCAGCCCTCAGAACCCAGGGACTCAGCTGTGTACTTCTGTGCCAGCACCACGTCGGCCCGCAATCAGCCCCAGCATTTTGGTGAT"	"CASTTSARNQPQHF"	NA	NA	"TCRBJ1-5*1"	49	56	59	61	7	2	NA	NA	"ATCCAGCCCTCAGAACCCAGGGACTCAGCTGTGTACTTCTGTGCCAGCACCACGTCGGCCCGCAATCAGCCCCAGCATTTTGGTGAT"	FALSE	TRUE	NA	NA	NA	NA
"NNNNTGTCGGCTGCTCCCTCCCAGACATCTGTGTACTTCTGTGCCAGCAGTCCCAGGGAGTTTGGAAACACCATATATTTTGGAGAG"	"CASSPREFGNTIYF"	"NNNNTGTCGGCTGCTCCCTCCCAGACATCTGTGTACTTCTGTGCCAGCAGTCCCAGGGAGTTTGGAAACACCATATATTTTGGAGAG"	"CASSPREFGNTIYF"	"TCRBV6-5*1"	NA	"TCRBJ1-3*1"	51	53	58	62	2	4	NA	NA	"NNNNTGTCGGCTGCTCCCTCCCAGACATCTGTGTACTTCTGTGCCAGCAGTCCCAGGGAGTTTGGAAACACCATATATTTTGGAGAG"	FALSE	TRUE	NA	NA	NA	NA
"AAGATCCAGCCTGCAGAGCTTGGGGACTCGGCCGTGTATCTCTGTGCCAGCAGCAAAGCCCGGGGGGAGACCCAGTACTTCGGGCCA"	"CASSKARGETQYF"	"AAGATCCAGCCTGCAGAGCTTGGGGACTCGGCCGTGTATCTCTGTGCCAGCAGCAAAGCCCGGGGGGAGACCCAGTACTTCGGGCCA"	"CASSKARGETQYF"	"TCRBV11-3*1"	"TCRBD2-1*1"	"TCRBJ2-5*1"	54	60	-1	66	6	67	NA	NA	"AAGATCCAGCCTGCAGAGCTTGGGGACTCGGCCGTGTATCTCTGTGCCAGCAGCAAAGCCCGGGGGGAGACCCAGTACTTCGGGCCA"	FALSE	TRUE	NA	NA	NA	NA
"ACTGTGACATCGGCCCAAAAGAACCCGACAGCTTTCTATCTCTGTGCCAGTAGTATAGATCTGTGGGGTGAAGCTTTCTTTGGACAA"	"CASSIDLWGEAFF"	"ACTGTGACATCGGCCCAAAAGAACCCGACAGCTTTCTATCTCTGTGCCAGTAGTATAGATCTGTGGGGTGAAGCTTTCTTTGGACAA"	"CASSIDLWGEAFF"	"TCRBV19-1*1"	NA	"TCRBJ1-1*1"	59	64	-1	68	5	69	NA	NA	"ACTGTGACATCGGCCCAAAAGAACCCGACAGCTTTCTATCTCTGTGCCAGTAGTATAGATCTGTGGGGTGAAGCTTTCTTTGGACAA"	FALSE	TRUE	NA	NA	NA	NA
"AGATCCAGCCTGCAGAGCTTGGGGACTCGGCCGTGTATCTCTGTGCCAGCAGACGCCAGGGGCTTCTTTGGCTACACCTTCGGTTCG"	""	"AGATCCAGCCTGCAGAGCTTGGGGACTCGGCCGTGTATCTCTGTGCCAGCAGACGCCAGGGGCTTCTTTGGCTACACCTTCGGTTCG"	""	"TCRBV11-3*1"	"TCRBD1-1*1"	"TCRBJ1-2*1"	52	56	62	68	4	6	NA	NA	"AGATCCAGCCTGCAGAGCTTGGGGACTCGGCCGTGTATCTCTGTGCCAGCAGACGCCAGGGGCTTCTTTGGCTACACCTTCGGTTCG"	FALSE	FALSE	NA	NA	NA	NA
"AGTGCCCATCCTGAAGACAGCAGCTTCTACATCTGCAGTGCTACTGAAGGACTAGCGTCCGACTACAATGAGCAGTTCTTCGGGCCA"	"CSATEGLASDYNEQFF"	"AGTGCCCATCCTGAAGACAGCAGCTTCTACATCTGCAGTGCTACTGAAGGACTAGCGTCCGACTACAATGAGCAGTTCTTCGGGCCA"	"CSATEGLASDYNEQFF"	"TCRBV2-1*4"	"TCRBD2-1"	"TCRBJ2-1*1"	47	48	57	62	1	5	NA	NA	"AGTGCCCATCCTGAAGACAGCAGCTTCTACATCTGCAGTGCTACTGAAGGACTAGCGTCCGACTACAATGAGCAGTTCTTCGGGCCA"	FALSE	TRUE	NA	NA	NA	NA
"CTGGAGTCGCCCAGCCCCAACCAGACCTCTCTGTACTTCTGTGCCAGTTCCACAGGCACAACTAATGAAAAACTGTTTTTTGGCAGT"	"CASSTGTTNEKLFF"	"CTGGAGTCGCCCAGCCCCAACCAGACCTCTCTGTACTTCTGTGCCAGTTCCACAGGCACAACTAATGAAAAACTGTTTTTTGGCAGT"	"CASSTGTTNEKLFF"	"TCRBV27-1*1"	"TCRBD1-1*1"	"TCRBJ1-4*1"	47	51	56	58	4	2	NA	NA	"CTGGAGTCGCCCAGCCCCAACCAGACCTCTCTGTACTTCTGTGCCAGTTCCACAGGCACAACTAATGAAAAACTGTTTTTTGGCAGT"	FALSE	TRUE	NA	NA	NA	NA
"ACCCGCTCCCAGACATCTGTGTATTTCTGCGCCAGCAGTTCCGGGACAGGGGGCCTAGTCACCATGGGGGAGCAGTACTTCGGGCCG"	"CASSSGTGGLVTMGEQYF"	"ACCCGCTCCCAGACATCTGTGTATTTCTGCGCCAGCAGTTCCGGGACAGGGGGCCTAGTCACCATGGGGGAGCAGTACTTCGGGCCG"	"CASSSGTGGLVTMGEQYF"	"TCRBV1-2*1"	"TCRBD1-1*1"	"TCRBJ2-7*1"	39	42	54	69	3	15	NA	NA	"ACCCGCTCCCAGACATCTGTGTATTTCTGCGCCAGCAGTTCCGGGACAGGGGGCCTAGTCACCATGGGGGAGCAGTACTTCGGGCCG"	FALSE	TRUE	NA	NA	NA	NA
"TTGGAGATCCAGTCCACGGAGTCAGGGGACACAGCACTGTATTTCTGTGCCGGATAGACAGGGGGGTATGGCTACACCTTCGGTTCG"	"CAG*TGGYGYTF"	"TTGGAGATCCAGTCCACGGAGTCAGGGGACACAGCACTGTATTTCTGTGCCGGATAGACAGGGGGGTATGGCTACACCTTCGGTTCG"	"CAG*TGGYGYTF"	"TCRBV21-1*1"	"TCRBD1-1*1"	"TCRBJ1-2*1"	51	56	65	66	5	1	NA	NA	"TTGGAGATCCAGTCCACGGAGTCAGGGGACACAGCACTGTATTTCTGTGCCGGATAGACAGGGGGGTATGGCTACACCTTCGGTTCG"	FALSE	TRUE	NA	NA	NA	NA
"CTGAGCTCTCTGGAGCTGGGGGACTCAGCTTTGTATTTCTGTGCCAGCAGCGTCAGTACTCCCACAGATACGCAGTATTTTGGCCCA"	"CASSVSTPTDTQYF"	"CTGAGCTCTCTGGAGCTGGGGGACTCAGCTTTGTATTTCTGTGCCAGCAGCGTCAGTACTCCCACAGATACGCAGTATTTTGGCCCA"	"CASSVSTPTDTQYF"	"TCRBV9-1*1"	NA	"TCRBJ2-3*1"	-1	53	56	62	54	6	NA	NA	"CTGAGCTCTCTGGAGCTGGGGGACTCAGCTTTGTATTTCTGTGCCAGCAGCGTCAGTACTCCCACAGATACGCAGTATTTTGGCCCA"	FALSE	TRUE	NA	NA	NA	NA
"CGGTCCACAAAGCTGGAGGACTCAGCCATGTACTTCTGTGCCAGCAGTGACTCGGGACAGGGGTTGAACACCATATATTTTGGAGAG"	"CASSDSGQGLNTIYF"	"CGGTCCACAAAGCTGGAGGACTCAGCCATGTACTTCTGTGCCAGCAGTGACTCGGGACAGGGGTTGAACACCATATATTTTGGAGAG"	"CASSDSGQGLNTIYF"	"TCRBV2-1"	"TCRBD1-1*1"	"TCRBJ1-3*1"	50	53	63	66	3	3	NA	NA	"CGGTCCACAAAGCTGGAGGACTCAGCCATGTACTTCTGTGCCAGCAGTGACTCGGGACAGGGGTTGAACACCATATATTTTGGAGAG"	FALSE	TRUE	NA	NA	NA	NA
"TGGAGTCTGCTGCCTCCTCCCAGACATCTGTATATTTCTGCGCCAGCAGTGAGTTATGTGGAGGGGTACGAGCAGTACTTCGGGCCG"	""	"TGGAGTCTGCTGCCTCCTCCCAGACATCTGTATATTTCTGCGCCAGCAGTGAGTTATGTGGAGGGGTACGAGCAGTACTTCGGGCCG"	""	"TCRBV1-1*1"	"TCRBD2-1*2"	"TCRBJ2-7*1"	54	59	65	66	5	1	NA	NA	"TGGAGTCTGCTGCCTCCTCCCAGACATCTGTATATTTCTGCGCCAGCAGTGAGTTATGTGGAGGGGTACGAGCAGTACTTCGGGCCG"	FALSE	FALSE	NA	NA	NA	NA
"NNNNTGTCGGCTGCTCCCTCCCAGACATCTGTGTACTTCTGTGCCAGCAGTGGGACAGGGGAATTCTATGGCTACACCTTCGGTTCG"	"CASSGTGEFYGYTF"	"NNNNTGTCGGCTGCTCCCTCCCAGACATCTGTGTACTTCTGTGCCAGCAGTGGGACAGGGGAATTCTATGGCTACACCTTCGGTTCG"	"CASSGTGEFYGYTF"	NA	"TCRBD1-1*1"	"TCRBJ1-2*1"	-1	52	61	65	53	4	NA	NA	"NNNNTGTCGGCTGCTCCCTCCCAGACATCTGTGTACTTCTGTGCCAGCAGTGGGACAGGGGAATTCTATGGCTACACCTTCGGTTCG"	FALSE	TRUE	NA	NA	NA	NA
"CAGGCTACGAAGCTTGAGGATTCAGCAGTGTATTTTTGTGCCAGCAGCCAACTTGGGGGCACTGGAAACACCATATATTTTGGAGAG"	"CASSQLGGTGNTIYF"	"CAGGCTACGAAGCTTGAGGATTCAGCAGTGTATTTTTGTGCCAGCAGCCAACTTGGGGGCACTGGAAACACCATATATTTTGGAGAG"	"CASSQLGGTGNTIYF"	"TCRBV16-1*1"	"TCRBD1-1*1"	"TCRBJ1-3*1"	51	54	60	61	3	1	NA	NA	"CAGGCTACGAAGCTTGAGGATTCAGCAGTGTATTTTTGTGCCAGCAGCCAACTTGGGGGCACTGGAAACACCATATATTTTGGAGAG"	FALSE	TRUE	NA	NA	NA	NA
"GGCCTGGGGGACGCAGCCATGTACCTGTGTGCCACCAGCAAGGGACTAGCGATGCAGTCTCCAAACAGTGGGCAGTTCTTCGGGCCA"	"CATSKGLAMQSPNSGQFF"	"GGCCTGGGGGACGCAGCCATGTACCTGTGTGCCACCAGCAAGGGACTAGCGATGCAGTCTCCAAACAGTGGGCAGTTCTTCGGGCCA"	"CATSKGLAMQSPNSGQFF"	"TCRBV15-1*2"	"TCRBD2-1"	"TCRBJ2-1*1"	40	41	51	71	1	20	NA	NA	"GGCCTGGGGGACGCAGCCATGTACCTGTGTGCCACCAGCAAGGGACTAGCGATGCAGTCTCCAAACAGTGGGCAGTTCTTCGGGCCA"	FALSE	TRUE	NA	NA	NA	NA
"GCCTTGTTGCTGGGGGACTCGGCCCTGTATCTCTGTGCCAGCAGCTTGGCCCCGCTAGGAATGAACACTGAAGCTTTCTTTGGACAA"	"CASSLAPLGMNTEAFF"	"GCCTTGTTGCTGGGGGACTCGGCCCTGTATCTCTGTGCCAGCAGCTTGGCCCCGCTAGGAATGAACACTGAAGCTTTCTTTGGACAA"	"CASSLAPLGMNTEAFF"	"TCRBV5-5*1"	"TCRBD2-1"	"TCRBJ1-1*1"	49	54	58	61	5	3	NA	NA	"GCCTTGTTGCTGGGGGACTCGGCCCTGTATCTCTGTGCCAGCAGCTTGGCCCCGCTAGGAATGAACACTGAAGCTTTCTTTGGACAA"	FALSE	TRUE	NA	NA	NA	NA
"GGACTCGGCCATGTATCTCTGTGCCAGCAGCTTAGTAGCTTTGAAGGACTAGCGGGAGTTTGCACAGATACGCAGTATTTTGGCCCA"	""	"GGACTCGGCCATGTATCTCTGTGCCAGCAGCTTAGTAGCTTTGAAGGACTAGCGGGAGTTTGCACAGATACGCAGTATTTTGGCCCA"	""	NA	"TCRBD2-1*2"	"TCRBJ2-3*1"	35	45	58	61	10	3	NA	NA	"GGACTCGGCCATGTATCTCTGTGCCAGCAGCTTAGTAGCTTTGAAGGACTAGCGGGAGTTTGCACAGATACGCAGTATTTTGGCCCA"	FALSE	FALSE	NA	NA	NA	NA
"GCTCCCTCCCAGACATCTGTGTACTTCTGTGCCAGCAGTTACTCGTCAGAAGTCTCCTTTTTGAACACTGAAGCTTTCTTTGGACAA"	"CASSYSSEVSFLNTEAFF"	"GCTCCCTCCCAGACATCTGTGTACTTCTGTGCCAGCAGTTACTCGTCAGAAGTCTCCTTTTTGAACACTGAAGCTTTCTTTGGACAA"	"CASSYSSEVSFLNTEAFF"	NA	"TCRBD1-1*1"	"TCRBJ1-1*1"	44	46	49	61	2	12	NA	NA	"GCTCCCTCCCAGACATCTGTGTACTTCTGTGCCAGCAGTTACTCGTCAGAAGTCTCCTTTTTGAACACTGAAGCTTTCTTTGGACAA"	FALSE	TRUE	NA	NA	NA	NA
"GAGCTTGGGGACTCGGCCGTGTATCTCTGTGCCAGCAGCTTAAGCCCGATCGACCACAATTGGAGCGACGAGCAGTACTTCGGGCCG"	"CASSLSPIDHNWSDEQYF"	"GAGCTTGGGGACTCGGCCGTGTATCTCTGTGCCAGCAGCTTAAGCCCGATCGACCACAATTGGAGCGACGAGCAGTACTTCGGGCCG"	"CASSLSPIDHNWSDEQYF"	"TCRBV11-3*1"	"TCRBD2-1"	"TCRBJ2-7*1"	42	63	-1	67	21	68	NA	NA	"GAGCTTGGGGACTCGGCCGTGTATCTCTGTGCCAGCAGCTTAAGCCCGATCGACCACAATTGGAGCGACGAGCAGTACTTCGGGCCG"	FALSE	TRUE	NA	NA	NA	NA
"ATCCGCTCACCAGGCCTGGGGGACGCAGCCATGTACCTGTGTGCCACCAGCCTCCTCGGGGTTGGAAACACCATATATTTTGGAGAG"	"CATSLLGVGNTIYF"	"ATCCGCTCACCAGGCCTGGGGGACGCAGCCATGTACCTGTGTGCCACCAGCCTCCTCGGGGTTGGAAACACCATATATTTTGGAGAG"	"CATSLLGVGNTIYF"	"TCRBV15-1*2"	"TCRBD2-1*1"	"TCRBJ1-3*1"	51	56	61	62	5	1	NA	NA	"ATCCGCTCACCAGGCCTGGGGGACGCAGCCATGTACCTGTGTGCCACCAGCCTCCTCGGGGTTGGAAACACCATATATTTTGGAGAG"	FALSE	TRUE	NA	NA	NA	NA
"GAGTCCGCCAGCACCAACCAGACATCTATGTACCTCTGTGCCACCAACGGGCAGGGTTGGGTCAGGGAGACCCAGTACTTCGGGCCA"	"CATNGQGWVRETQYF"	"GAGTCCGCCAGCACCAACCAGACATCTATGTACCTCTGTGCCACCAACGGGCAGGGTTGGGTCAGGGAGACCCAGTACTTCGGGCCA"	"CATNGQGWVRETQYF"	"TCRBV28-1*1"	"TCRBD1-1*1"	"TCRBJ2-5*1"	43	51	56	66	8	10	NA	NA	"GAGTCCGCCAGCACCAACCAGACATCTATGTACCTCTGTGCCACCAACGGGCAGGGTTGGGTCAGGGAGACCCAGTACTTCGGGCCA"	FALSE	TRUE	NA	NA	NA	NA
"TCGCCCAGCCCCAACCAGACCTCTCTGTACTTCTGTGCCAGCAGTGACTGCTAGCGTGGAATTAAATACGAGCAGTACTTCGGGCCG"	"CASSDC*RGIKYEQYF"	"TCGCCCAGCCCCAACCAGACCTCTCTGTACTTCTGTGCCAGCAGTGACTGCTAGCGTGGAATTAAATACGAGCAGTACTTCGGGCCG"	"CASSDC*RGIKYEQYF"	"TCRBV27-1*1"	"TCRBD2-1"	"TCRBJ2-7*1"	45	50	56	66	5	10	NA	NA	"TCGCCCAGCCCCAACCAGACCTCTCTGTACTTCTGTGCCAGCAGTGACTGCTAGCGTGGAATTAAATACGAGCAGTACTTCGGGCCG"	FALSE	TRUE	NA	NA	NA	NA
"TCGGCTGCTCCCTCCCAAACATCTGTGTACTTCTGTGCCAGCAGTTACAACGTTCGGGGGGTTTCCTACGAGCAGTACTTCGGGCCG"	"CASSYNVRGVSYEQYF"	"TCGGCTGCTCCCTCCCAAACATCTGTGTACTTCTGTGCCAGCAGTTACAACGTTCGGGGGGTTTCCTACGAGCAGTACTTCGGGCCG"	"CASSYNVRGVSYEQYF"	"TCRBV6-2/6-3*1"	"TCRBD2-1*1"	"TCRBJ2-7*1"	48	54	61	63	6	2	NA	NA	"TCGGCTGCTCCCTCCCAAACATCTGTGTACTTCTGTGCCAGCAGTTACAACGTTCGGGGGGTTTCCTACGAGCAGTACTTCGGGCCG"	FALSE	TRUE	NA	NA	NA	NA
"CCCTCAGAACCCAGGGACTCAGCTGTGTATTTTTGTGCTAGTGGTTTTTTCGTTCGGGAGATTAATTCACCCCTCCACTTTGGGAAT"	"CASGFFVREINSPLHF"	"CCCTCAGAACCCAGGGACTCAGCTGTGTATTTTTGTGCTAGTGGTTTTTTCGTTCGGGAGATTAATTCACCCCTCCACTTTGGGAAT"	"CASGFFVREINSPLHF"	"TCRBV12-5*1"	"TCRBD2-1*2"	"TCRBJ1-6*1"	47	54	60	62	7	2	NA	NA	"CCCTCAGAACCCAGGGACTCAGCTGTGTATTTTTGTGCTAGTGGTTTTTTCGTTCGGGAGATTAATTCACCCCTCCACTTTGGGAAT"	FALSE	TRUE	NA	NA	NA	NA
"GCCCCAACCAGACCTCTCTGTACTTCTGTGCCAGCAGTTTCCCCGGAGGCGGACTAGCGGGAGAGCTACGAGCAGTACTTCGGGCCG"	""	"GCCCCAACCAGACCTCTCTGTACTTCTGTGCCAGCAGTTTCCCCGGAGGCGGACTAGCGGGAGAGCTACGAGCAGTACTTCGGGCCG"	""	"TCRBV27-1*1"	"TCRBD2-1*2"	"TCRBJ2-7*1"	40	50	63	65	10	2	NA	NA	"GCCCCAACCAGACCTCTCTGTACTTCTGTGCCAGCAGTTTCCCCGGAGGCGGACTAGCGGGAGAGCTACGAGCAGTACTTCGGGCCG"	FALSE	FALSE	NA	NA	NA	NA
"CTGACTGTGAGCAACATGAGCCCTGAAGACAGCAGCATATATCTCTGCAGCGGATTTATCCCGGGGTCTGAAGCTTTCTTTGGACAA"	"CSGFIPGSEAFF"	"CTGACTGTGAGCAACATGAGCCCTGAAGACAGCAGCATATATCTCTGCAGCGGATTTATCCCGGGGTCTGAAGCTTTCTTTGGACAA"	"CSGFIPGSEAFF"	"TCRBV29-1"	"TCRBD2-1*1"	"TCRBJ1-1*1"	52	61	66	67	9	1	NA	NA	"CTGACTGTGAGCAACATGAGCCCTGAAGACAGCAGCATATATCTCTGCAGCGGATTTATCCCGGGGTCTGAAGCTTTCTTTGGACAA"	FALSE	TRUE	NA	NA	NA	NA
"ATCCAGCGCACAGAGCAGGAGGACTCGGCCGTGTATCTCTGTGCCAGCAGCTTAGGAAGGACCAGACTCGAGCAGTACTTCGGGCCG"	"CASSLGRTRLEQYF"	"ATCCAGCGCACAGAGCAGGAGGACTCGGCCGTGTATCTCTGTGCCAGCAGCTTAGGAAGGACCAGACTCGAGCAGTACTTCGGGCCG"	"CASSLGRTRLEQYF"	"TCRBV7-2"	NA	"TCRBJ2-7*1"	55	58	62	68	3	6	NA	NA	"ATCCAGCGCACAGAGCAGGAGGACTCGGCCGTGTATCTCTGTGCCAGCAGCTTAGGAAGGACCAGACTCGAGCAGTACTTCGGGCCG"	FALSE	TRUE	NA	NA	NA	NA
"ATCCAGCCTGCAGAGCTTGAGGACTCGGCCGTGTATCTCTGTGCCAGCAGCCTTGGTCAGGGTAGGGATACGCAGTATTTTGGCCCA"	"CASSLGQGRDTQYF"	"ATCCAGCCTGCAGAGCTTGAGGACTCGGCCGTGTATCTCTGTGCCAGCAGCCTTGGTCAGGGTAGGGATACGCAGTATTTTGGCCCA"	"CASSLGQGRDTQYF"	NA	"TCRBD1-1*1"	"TCRBJ2-3*1"	51	57	62	66	6	4	NA	NA	"ATCCAGCCTGCAGAGCTTGAGGACTCGGCCGTGTATCTCTGTGCCAGCAGCCTTGGTCAGGGTAGGGATACGCAGTATTTTGGCCCA"	FALSE	TRUE	NA	NA	NA	NA
"CTGGAGCTTGGTGACTCTGCTGTGTATTTCTGTGCCAGCAGCCAAGATCCAGACAGTCCTGGGGCCAACGTCCTGACTTTCGGGGCC"	"CASSQDPDSPGANVLTF"	"CTGGAGCTTGGTGACTCTGCTGTGTATTTCTGTGCCAGCAGCCAAGATCCAGACAGTCCTGGGGCCAACGTCCTGACTTTCGGGGCC"	"CASSQDPDSPGANVLTF"	"TCRBV3-1/3-2*1"	"TCRBD1-1*1"	"TCRBJ2-6*1"	47	51	56	58	4	2	NA	NA	"CTGGAGCTTGGTGACTCTGCTGTGTATTTCTGTGCCAGCAGCCAAGATCCAGACAGTCCTGGGGCCAACGTCCTGACTTTCGGGGCC"	FALSE	TRUE	NA	NA	NA	NA
"TCGGCTGCTCCCTCCCAGACATCTGTGTACTTCTGTGCCAGCAGGTCTCCCCCTATATAGCGGGATGACGAGCAGTACTTCGGGCCG"	"CASRSPPI*RDDEQYF"	"TCGGCTGCTCCCTCCCAGACATCTGTGTACTTCTGTGCCAGCAGGTCTCCCCCTATATAGCGGGATGACGAGCAGTACTTCGGGCCG"	"CASRSPPI*RDDEQYF"	NA	"TCRBD2-1*2"	"TCRBJ2-7*1"	44	57	65	67	13	2	NA	NA	"TCGGCTGCTCCCTCCCAGACATCTGTGTACTTCTGTGCCAGCAGGTCTCCCCCTATATAGCGGGATGACGAGCAGTACTTCGGGCCG"	FALSE	TRUE	NA	NA	NA	NA
"NNNNTGTCGGCTGCTCCCTCCCAGACATCTGTGTACTTCTGTGCCAGCAGTTACTCGCTGAACTCCTACGAGCAGTACTTCGGGCCG"	"CASSYSLNSYEQYF"	"NNNNTGTCGGCTGCTCCCTCCCAGACATCTGTGTACTTCTGTGCCAGCAGTTACTCGCTGAACTCCTACGAGCAGTACTTCGGGCCG"	"CASSYSLNSYEQYF"	"TCRBV6-5*1"	NA	"TCRBJ2-7*1"	56	59	61	62	3	1	NA	NA	"NNNNTGTCGGCTGCTCCCTCCCAGACATCTGTGTACTTCTGTGCCAGCAGTTACTCGCTGAACTCCTACGAGCAGTACTTCGGGCCG"	FALSE	TRUE	NA	NA	NA	NA
"ACTGTGACATCGGCCCAAAAGAACCCGACAGCTTTCTATCTCTGTGCCAGTAGTGAGGGGTGGAACACTGAAGCTTTCTTTGGACAA"	"CASSEGWNTEAFF"	"ACTGTGACATCGGCCCAAAAGAACCCGACAGCTTTCTATCTCTGTGCCAGTAGTGAGGGGTGGAACACTGAAGCTTTCTTTGGACAA"	"CASSEGWNTEAFF"	"TCRBV19-1*1"	NA	"TCRBJ1-1*1"	54	55	60	62	1	2	NA	NA	"ACTGTGACATCGGCCCAAAAGAACCCGACAGCTTTCTATCTCTGTGCCAGTAGTGAGGGGTGGAACACTGAAGCTTTCTTTGGACAA"	FALSE	TRUE	NA	NA	NA	NA
"ATCCAGCCTGCAGAGCTTGAGGACTCGGCCGTGTATCTCTGTGCCAGCAGCTTAGATATCGGCACAGATACGCAGTATTTTGGCCCA"	"CASSLDIGTDTQYF"	"ATCCAGCCTGCAGAGCTTGAGGACTCGGCCGTGTATCTCTGTGCCAGCAGCTTAGATATCGGCACAGATACGCAGTATTTTGGCCCA"	"CASSLDIGTDTQYF"	NA	"TCRBD2-1"	"TCRBJ2-3*1"	-1	56	58	61	57	3	NA	NA	"ATCCAGCCTGCAGAGCTTGAGGACTCGGCCGTGTATCTCTGTGCCAGCAGCTTAGATATCGGCACAGATACGCAGTATTTTGGCCCA"	FALSE	TRUE	NA	NA	NA	NA
"GTGACCAGTGCCCATCCTGAAGACAGCAGCTTCTACATCTGCAGTGCTAGAGCCGCCGCCCCTCAAGAGACCCAGTACTTCGGGCCA"	"CSARAAAPQETQYF"	"GTGACCAGTGCCCATCCTGAAGACAGCAGCTTCTACATCTGCAGTGCTAGAGCCGCCGCCCCTCAAGAGACCCAGTACTTCGGGCCA"	"CSARAAAPQETQYF"	NA	NA	"TCRBJ2-5*1"	52	54	56	63	2	7	NA	NA	"GTGACCAGTGCCCATCCTGAAGACAGCAGCTTCTACATCTGCAGTGCTAGAGCCGCCGCCCCTCAAGAGACCCAGTACTTCGGGCCA"	FALSE	TRUE	NA	NA	NA	NA
"GAGTCGCCCAGCCCCAACCAGACCTCTCTGTACTTCTGTGCCAGCAGTCTAAGGACAGGGATGAACACTGAAGCTTTCTTTGGACAA"	"CASSLRTGMNTEAFF"	"GAGTCGCCCAGCCCCAACCAGACCTCTCTGTACTTCTGTGCCAGCAGTCTAAGGACAGGGATGAACACTGAAGCTTTCTTTGGACAA"	"CASSLRTGMNTEAFF"	"TCRBV27-1*1"	"TCRBD1-1*1"	"TCRBJ1-1*1"	48	52	60	61	4	1	NA	NA	"GAGTCGCCCAGCCCCAACCAGACCTCTCTGTACTTCTGTGCCAGCAGTCTAAGGACAGGGATGAACACTGAAGCTTTCTTTGGACAA"	FALSE	TRUE	NA	NA	NA	NA
"CATCCTGAAGACAGCAGCTTCTACATCTGCAGTGCCAGTAACCCCTACAGGGGGAGTCTCGGGGACACTGAAGCTTTCTTTGGACAA"	"CSASNPYRGSLGDTEAFF"	"CATCCTGAAGACAGCAGCTTCTACATCTGCAGTGCCAGTAACCCCTACAGGGGGAGTCTCGGGGACACTGAAGCTTTCTTTGGACAA"	"CSASNPYRGSLGDTEAFF"	"TCRBV2-1*4"	"TCRBD1-1*1"	"TCRBJ1-1*1"	39	46	54	64	7	10	NA	NA	"CATCCTGAAGACAGCAGCTTCTACATCTGCAGTGCCAGTAACCCCTACAGGGGGAGTCTCGGGGACACTGAAGCTTTCTTTGGACAA"	FALSE	TRUE	NA	NA	NA	NA
"CAGCGCACAGAGCAGCGGGACTCGGCCATGTATCGCTGTGCCAGCAGCCTTGGCAGGGGCGATAATTCACCCCTCCACTTTGGGAAT"	"CASSLGRGDNSPLHF"	"CAGCGCACAGAGCAGCGGGACTCGGCCATGTATCGCTGTGCCAGCAGCCTTGGCAGGGGCGATAATTCACCCCTCCACTTTGGGAAT"	"CASSLGRGDNSPLHF"	"TCRBV7-6*1"	"TCRBD1-1*1"	"TCRBJ1-6*1"	48	53	59	61	5	2	NA	NA	"CAGCGCACAGAGCAGCGGGACTCGGCCATGTATCGCTGTGCCAGCAGCCTTGGCAGGGGCGATAATTCACCCCTCCACTTTGGGAAT"	FALSE	TRUE	NA	NA	NA	NA
"ATCCAGCCCTCAGAACCCAGGGACTCAGCTGTGTACTTCTGTGCCAGCAGTTTGGGACAGGGTATTCAGCCCCAGCATTTTGGTGAT"	"CASSLGQGIQPQHF"	"ATCCAGCCCTCAGAACCCAGGGACTCAGCTGTGTACTTCTGTGCCAGCAGTTTGGGACAGGGTATTCAGCCCCAGCATTTTGGTGAT"	"CASSLGQGIQPQHF"	NA	"TCRBD1-1*1"	"TCRBJ1-5*1"	-1	53	62	65	54	3	NA	NA	"ATCCAGCCCTCAGAACCCAGGGACTCAGCTGTGTACTTCTGTGCCAGCAGTTTGGGACAGGGTATTCAGCCCCAGCATTTTGGTGAT"	FALSE	TRUE	NA	NA	NA	NA
"GAGCTTGGGGACTCGGCCGTGTATCTCTGTGCCAGCAGCTTATTCCGACAGACTAGCGGGAGTACAGATACGCAGTATTTTGGCCCA"	"CASSLFRQTSGSTDTQYF"	"GAGCTTGGGGACTCGGCCGTGTATCTCTGTGCCAGCAGCTTATTCCGACAGACTAGCGGGAGTACAGATACGCAGTATTTTGGCCCA"	"CASSLFRQTSGSTDTQYF"	"TCRBV11-3*1"	"TCRBD2-1*2"	"TCRBJ2-3*1"	42	50	62	63	8	1	NA	NA	"GAGCTTGGGGACTCGGCCGTGTATCTCTGTGCCAGCAGCTTATTCCGACAGACTAGCGGGAGTACAGATACGCAGTATTTTGGCCCA"	FALSE	TRUE	NA	NA	NA	NA
"CTTGACATCCGCTCACCAGGCCTGGGGGACGCAGCCATGTACCTGTGTGCCACCAGCGAAAGGAACTATGGCTACACCTTCGGTTCG"	"CATSERNYGYTF"	"CTTGACATCCGCTCACCAGGCCTGGGGGACGCAGCCATGTACCTGTGTGCCACCAGCGAAAGGAACTATGGCTACACCTTCGGTTCG"	"CATSERNYGYTF"	"TCRBV15-1*2"	NA	"TCRBJ1-2*1"	57	60	-1	63	3	64	NA	NA	"CTTGACATCCGCTCACCAGGCCTGGGGGACGCAGCCATGTACCTGTGTGCCACCAGCGAAAGGAACTATGGCTACACCTTCGGTTCG"	FALSE	TRUE	NA	NA	NA	NA
"CGCTACCAGCTCCCAGACATCTGTGTACTTCTGTGCCATCAGCCCCACCCGCAGACAGGGATTAATGAAAAACTGTTTTTTGGCAGT"	""	"CGCTACCAGCTCCCAGACATCTGTGTACTTCTGTGCCATCAGCCCCACCCGCAGACAGGGATTAATGAAAAACTGTTTTTTGGCAGT"	""	"TCRBV1-3*1"	"TCRBD1-1*1"	"TCRBJ1-4*1"	42	53	60	62	11	2	NA	NA	"CGCTACCAGCTCCCAGACATCTGTGTACTTCTGTGCCATCAGCCCCACCCGCAGACAGGGATTAATGAAAAACTGTTTTTTGGCAGT"	FALSE	FALSE	NA	NA	NA	NA
"GGAGCTGGGGGACTCGGCCCTTTATCTTTGCGCCAGCAGCTTGGGGGACAGGGCCTCGGGTCCAAAAACATTCAGTACTTCGGCGCC"	""	"GGAGCTGGGGGACTCGGCCCTTTATCTTTGCGCCAGCAGCTTGGGGGACAGGGCCTCGGGTCCAAAAACATTCAGTACTTCGGCGCC"	""	"TCRBV5-1*1"	"TCRBD1-1*1"	"TCRBJ2-4*1"	-1	44	53	61	45	8	NA	NA	"GGAGCTGGGGGACTCGGCCCTTTATCTTTGCGCCAGCAGCTTGGGGGACAGGGCCTCGGGTCCAAAAACATTCAGTACTTCGGCGCC"	FALSE	FALSE	NA	NA	NA	NA
"AACGCCTTGGAGCTGGAGGACTCGGCCCTGTATCTCTGTGCCAGCAGCTCCGGGACAGGGATGGGTCAGCCCCAGCATTTTGGTGAT"	"CASSSGTGMGQPQHF"	"AACGCCTTGGAGCTGGAGGACTCGGCCCTGTATCTCTGTGCCAGCAGCTCCGGGACAGGGATGGGTCAGCCCCAGCATTTTGGTGAT"	"CASSSGTGMGQPQHF"	"TCRBV5-8*1"	"TCRBD1-1*1"	"TCRBJ1-5*1"	49	51	60	65	2	5	NA	NA	"AACGCCTTGGAGCTGGAGGACTCGGCCCTGTATCTCTGTGCCAGCAGCTCCGGGACAGGGATGGGTCAGCCCCAGCATTTTGGTGAT"	FALSE	TRUE	NA	NA	NA	NA
"GTGAACGCCTTGGAGCTGGACGACTCGGCCCTGTATCTCTGTGCCAGCAGCTTGGACAGAGTGAACACTGAAGCTTTCTTTGGACAA"	"CASSLDRVNTEAFF"	"GTGAACGCCTTGGAGCTGGACGACTCGGCCCTGTATCTCTGTGCCAGCAGCTTGGACAGAGTGAACACTGAAGCTTTCTTTGGACAA"	"CASSLDRVNTEAFF"	"TCRBV5-4*1"	"TCRBD1-1*1"	"TCRBJ1-1*1"	-1	55	59	61	56	2	NA	NA	"GTGAACGCCTTGGAGCTGGACGACTCGGCCCTGTATCTCTGTGCCAGCAGCTTGGACAGAGTGAACACTGAAGCTTTCTTTGGACAA"	FALSE	TRUE	NA	NA	NA	NA
"AGCACCTTGGAGCTGGGGGACTCGGCCCTTTATCTTTGCGCCAGCAGCCCGACAGGGGTTGCCCAGGGGACCCAGTACTTCGGGCCA"	"CASSPTGVAQGTQYF"	"AGCACCTTGGAGCTGGGGGACTCGGCCCTTTATCTTTGCGCCAGCAGCCCGACAGGGGTTGCCCAGGGGACCCAGTACTTCGGGCCA"	"CASSPTGVAQGTQYF"	"TCRBV5-1*1"	"TCRBD1-1*1"	"TCRBJ2-5*1"	48	50	58	68	2	10	NA	NA	"AGCACCTTGGAGCTGGGGGACTCGGCCCTTTATCTTTGCGCCAGCAGCCCGACAGGGGTTGCCCAGGGGACCCAGTACTTCGGGCCA"	FALSE	TRUE	NA	NA	NA	NA
"CACATCAATTCCCTGGAGCTTGGTGACTCTGCTGTGTATTTCTGTGCCAGCAGCCAAGATCCCTTCGACGAGCAGTACTTCGGGCCG"	"CASSQDPFDEQYF"	"CACATCAATTCCCTGGAGCTTGGTGACTCTGCTGTGTATTTCTGTGCCAGCAGCCAAGATCCCTTCGACGAGCAGTACTTCGGGCCG"	"CASSQDPFDEQYF"	"TCRBV3-1/3-2*1"	"TCRBD2-1"	"TCRBJ2-7*1"	59	62	64	67	3	3	NA	NA	"CACATCAATTCCCTGGAGCTTGGTGACTCTGCTGTGTATTTCTGTGCCAGCAGCCAAGATCCCTTCGACGAGCAGTACTTCGGGCCG"	FALSE	TRUE	NA	NA	NA	NA
"AGTGCCCATCCTGAAGACAGCAGCTTCTACATCTGCAGTGCTAGACCTCTCCGGGACGGAGGCACAGATACGCAGTATTTTGGCCCA"	"CSARPLRDGGTDTQYF"	"AGTGCCCATCCTGAAGACAGCAGCTTCTACATCTGCAGTGCTAGACCTCTCCGGGACGGAGGCACAGATACGCAGTATTTTGGCCCA"	"CSARPLRDGGTDTQYF"	NA	NA	"TCRBJ2-3*1"	45	52	57	61	7	4	NA	NA	"AGTGCCCATCCTGAAGACAGCAGCTTCTACATCTGCAGTGCTAGACCTCTCCGGGACGGAGGCACAGATACGCAGTATTTTGGCCCA"	FALSE	TRUE	NA	NA	NA	NA
"CTGCAGCCAGAAGACTCAGCCCTGTATCTCTGCGCCAGCAGCCCGGACGGCCCTAGCGGGAGCCGGTCGGTCCTGACTTTCGGGGCC"	"CASSPDGPSGSRSVLTF"	"CTGCAGCCAGAAGACTCAGCCCTGTATCTCTGCGCCAGCAGCCCGGACGGCCCTAGCGGGAGCCGGTCGGTCCTGACTTTCGGGGCC"	"CASSPDGPSGSRSVLTF"	"TCRBV4-1*1"	"TCRBD2-1*2"	"TCRBJ2-6*1"	43	52	62	69	9	7	NA	NA	"CTGCAGCCAGAAGACTCAGCCCTGTATCTCTGCGCCAGCAGCCCGGACGGCCCTAGCGGGAGCCGGTCGGTCCTGACTTTCGGGGCC"	FALSE	TRUE	NA	NA	NA	NA
"GTCCTCAGAACCGGGAGACACGGCACTGTATCTCTGCGCCAGCAGTTCCCGAGACTAGCGAGACAAAACATTCAGTACTTCGGCGCC"	""	"GTCCTCAGAACCGGGAGACACGGCACTGTATCTCTGCGCCAGCAGTTCCCGAGACTAGCGAGACAAAACATTCAGTACTTCGGCGCC"	""	"TCRBV23-1*1"	"TCRBD2-1"	"TCRBJ2-4*1"	46	52	60	64	6	4	NA	NA	"GTCCTCAGAACCGGGAGACACGGCACTGTATCTCTGCGCCAGCAGTTCCCGAGACTAGCGAGACAAAACATTCAGTACTTCGGCGCC"	FALSE	FALSE	NA	NA	NA	NA
"NNNNNNNNNTGTCGGCTGCTCCCTCCCAAACATCTGTGTACTTCTGTGCCAGACGGACATCCCAATCAGCCCCAGCATTTTGGTGAT"	""	"NNNNNNNNNTGTCGGCTGCTCCCTCCCAAACATCTGTGTACTTCTGTGCCAGACGGACATCCCAATCAGCCCCAGCATTTTGGTGAT"	""	NA	"TCRBD1-1*1"	"TCRBJ1-5*1"	52	54	59	62	2	3	NA	NA	"NNNNNNNNNTGTCGGCTGCTCCCTCCCAAACATCTGTGTACTTCTGTGCCAGACGGACATCCCAATCAGCCCCAGCATTTTGGTGAT"	FALSE	FALSE	NA	NA	NA	NA
"AGCACCTTGGAGCTGGGGGACTCGGCCCTTTATCTTTGCGCCAGCCATCTGGGTGGACAGAGTAACTATGGCTACACCTTCGGTTCG"	"CASHLGGQSNYGYTF"	"AGCACCTTGGAGCTGGGGGACTCGGCCCTTTATCTTTGCGCCAGCCATCTGGGTGGACAGAGTAACTATGGCTACACCTTCGGTTCG"	"CASHLGGQSNYGYTF"	"TCRBV5-1*1"	"TCRBD1-1*1"	"TCRBJ1-2*1"	45	54	60	62	9	2	NA	NA	"AGCACCTTGGAGCTGGGGGACTCGGCCCTTTATCTTTGCGCCAGCCATCTGGGTGGACAGAGTAACTATGGCTACACCTTCGGTTCG"	FALSE	TRUE	NA	NA	NA	NA
"NNNNTGTCGGCTGCTCCCTCCCAGACATCTGTGTACTTCTGTGCCAGCAGCCGCCTTAGCGTAAAAGAGACCCAGTACTTCGGGCCA"	"CASSRLSVKETQYF"	"NNNNTGTCGGCTGCTCCCTCCCAGACATCTGTGTACTTCTGTGCCAGCAGCCGCCTTAGCGTAAAAGAGACCCAGTACTTCGGGCCA"	"CASSRLSVKETQYF"	"TCRBV6-5*1"	"TCRBD2-1"	"TCRBJ2-5*1"	50	56	61	64	6	3	NA	NA	"NNNNTGTCGGCTGCTCCCTCCCAGACATCTGTGTACTTCTGTGCCAGCAGCCGCCTTAGCGTAAAAGAGACCCAGTACTTCGGGCCA"	FALSE	TRUE	NA	NA	NA	NA
"GAGTCCGCCAGCACCAACCAGACATCTATGTACCTCTGTGCCAGCAGTTTATTGCTAGCGGGAATCTACGAGCAGTACTTCGGGCCG"	"CASSLLLAGIYEQYF"	"GAGTCCGCCAGCACCAACCAGACATCTATGTACCTCTGTGCCAGCAGTTTATTGCTAGCGGGAATCTACGAGCAGTACTTCGGGCCG"	"CASSLLLAGIYEQYF"	"TCRBV28-1*1"	"TCRBD2-1*2"	"TCRBJ2-7*1"	52	54	63	65	2	2	NA	NA	"GAGTCCGCCAGCACCAACCAGACATCTATGTACCTCTGTGCCAGCAGTTTATTGCTAGCGGGAATCTACGAGCAGTACTTCGGGCCG"	FALSE	TRUE	NA	NA	NA	NA
"ATCCTGAGTTCTAAGAAGCTCCTTCTCAGTGACTCTGGCTTCTATCTCTGTGCCTGGGGGGAACAGGATGAAGCTTTCTTTGGACAA"	"CAWGEQDEAFF"	"ATCCTGAGTTCTAAGAAGCTCCTTCTCAGTGACTCTGGCTTCTATCTCTGTGCCTGGGGGGAACAGGATGAAGCTTTCTTTGGACAA"	"CAWGEQDEAFF"	"TCRBV3-1*5"	"TCRBD1-1*1"	"TCRBJ1-1*1"	59	62	67	68	3	1	NA	NA	"ATCCTGAGTTCTAAGAAGCTCCTTCTCAGTGACTCTGGCTTCTATCTCTGTGCCTGGGGGGAACAGGATGAAGCTTTCTTTGGACAA"	FALSE	TRUE	NA	NA	NA	NA
"CGCCTTGTTGCTGGGGGACTCGGCCCTCTATCTCTGTGCCAGCAGCCTTTCTCGGGCAGGGTATCATCTGGCTACACCTTCGGTTCG"	""	"CGCCTTGTTGCTGGGGGACTCGGCCCTCTATCTCTGTGCCAGCAGCCTTTCTCGGGCAGGGTATCATCTGGCTACACCTTCGGTTCG"	""	"TCRBV5-6*1"	"TCRBD1-1*1"	"TCRBJ1-2*1"	46	56	61	68	10	7	NA	NA	"CGCCTTGTTGCTGGGGGACTCGGCCCTCTATCTCTGTGCCAGCAGCCTTTCTCGGGCAGGGTATCATCTGGCTACACCTTCGGTTCG"	FALSE	FALSE	NA	NA	NA	NA
"CGCACAGAGCAGCGGGACTCGGCCATGTATCGCTGTGCCAGCAGCGCCGCGTCCGGGACTGAAACCTACGAGCAGTACTTCGGGCCG"	"CASSAASGTETYEQYF"	"CGCACAGAGCAGCGGGACTCGGCCATGTATCGCTGTGCCAGCAGCGCCGCGTCCGGGACTGAAACCTACGAGCAGTACTTCGGGCCG"	"CASSAASGTETYEQYF"	"TCRBV7-6*1"	"TCRBD2-1"	"TCRBJ2-7*1"	45	54	60	64	9	4	NA	NA	"CGCACAGAGCAGCGGGACTCGGCCATGTATCGCTGTGCCAGCAGCGCCGCGTCCGGGACTGAAACCTACGAGCAGTACTTCGGGCCG"	FALSE	TRUE	NA	NA	NA	NA
"CCCAGCCCCAACCAGACCTCTCTGTACTTCTGTGCCAGCAGTTTATTCGGTTCAGGGCGGATGACAGATACGCAGTATTTTGGCCCA"	"CASSLFGSGRMTDTQYF"	"CCCAGCCCCAACCAGACCTCTCTGTACTTCTGTGCCAGCAGTTTATTCGGTTCAGGGCGGATGACAGATACGCAGTATTTTGGCCCA"	"CASSLFGSGRMTDTQYF"	"TCRBV27-1*1"	"TCRBD1-1*1"	"TCRBJ2-3*1"	46	52	57	63	6	6	NA	NA	"CCCAGCCCCAACCAGACCTCTCTGTACTTCTGTGCCAGCAGTTTATTCGGTTCAGGGCGGATGACAGATACGCAGTATTTTGGCCCA"	FALSE	TRUE	NA	NA	NA	NA
"AAGCTGGAGGACTCAGCCATGTACTTCTGTGCCAGCAGTACAGGGTGGTCGGACGGCGGGCCCGCAGATACGCAGTATTTTGGCCCA"	"CASSTGWSDGGPADTQYF"	"AAGCTGGAGGACTCAGCCATGTACTTCTGTGCCAGCAGTACAGGGTGGTCGGACGGCGGGCCCGCAGATACGCAGTATTTTGGCCCA"	"CASSTGWSDGGPADTQYF"	"TCRBV2-1"	"TCRBD1-1*1"	"TCRBJ2-3*1"	-1	39	45	64	40	19	NA	NA	"AAGCTGGAGGACTCAGCCATGTACTTCTGTGCCAGCAGTACAGGGTGGTCGGACGGCGGGCCCGCAGATACGCAGTATTTTGGCCCA"	FALSE	TRUE	NA	NA	NA	NA
"CTGAGTTCTAAGAAGCTCCTTCTCAGTGACTCTGGCTTCTATCTCTGTGCCGGAATCGCGGGCCCTTACGAGCAGTACTTCGGGCCG"	"CAGIAGPYEQYF"	"CTGAGTTCTAAGAAGCTCCTTCTCAGTGACTCTGGCTTCTATCTCTGTGCCGGAATCGCGGGCCCTTACGAGCAGTACTTCGGGCCG"	"CAGIAGPYEQYF"	"TCRBV3-1"	"TCRBD2-1"	"TCRBJ2-7*1"	51	57	62	66	6	4	NA	NA	"CTGAGTTCTAAGAAGCTCCTTCTCAGTGACTCTGGCTTCTATCTCTGTGCCGGAATCGCGGGCCCTTACGAGCAGTACTTCGGGCCG"	FALSE	TRUE	NA	NA	NA	NA
"TGACTGTGAGCAACATGAGCCCTGAAGACAGCAGCATATATCCCGGCGGAAGGGACGGAATAGGGCTACGAGCAGTACTTCGGGCCG"	""	"TGACTGTGAGCAACATGAGCCCTGAAGACAGCAGCATATATCCCGGCGGAAGGGACGGAATAGGGCTACGAGCAGTACTTCGGGCCG"	""	"TCRBV29-1"	NA	"TCRBJ2-7*1"	42	51	56	65	9	9	NA	NA	"TGACTGTGAGCAACATGAGCCCTGAAGACAGCAGCATATATCCCGGCGGAAGGGACGGAATAGGGCTACGAGCAGTACTTCGGGCCG"	FALSE	FALSE	NA	NA	NA	NA
"ATCCAGCGCACAGAGCAGGAGGACTCGGCCGTGTATCTCTGTGCCAGCAGCTTTGACAGTCCTGGAAACACCATATATTTTGGAGAG"	"CASSFDSPGNTIYF"	"ATCCAGCGCACAGAGCAGGAGGACTCGGCCGTGTATCTCTGTGCCAGCAGCTTTGACAGTCCTGGAAACACCATATATTTTGGAGAG"	"CASSFDSPGNTIYF"	"TCRBV7-2"	"TCRBD1-1*1"	"TCRBJ1-3*1"	53	54	59	61	1	2	NA	NA	"ATCCAGCGCACAGAGCAGGAGGACTCGGCCGTGTATCTCTGTGCCAGCAGCTTTGACAGTCCTGGAAACACCATATATTTTGGAGAG"	FALSE	TRUE	NA	NA	NA	NA
"NNNNNNNTGTCGGCTGCTCCCTCCCAGACATCTGTGTACTTCTGTGCCAGCAGTTACTTCGGTAACTATGGCTACACCTTCGGTTCG"	"CASSYFGNYGYTF"	"NNNNNNNTGTCGGCTGCTCCCTCCCAGACATCTGTGTACTTCTGTGCCAGCAGTTACTTCGGTAACTATGGCTACACCTTCGGTTCG"	"CASSYFGNYGYTF"	"TCRBV6-5*1"	"TCRBD2-1"	"TCRBJ1-2*1"	58	59	-1	62	1	63	NA	NA	"NNNNNNNTGTCGGCTGCTCCCTCCCAGACATCTGTGTACTTCTGTGCCAGCAGTTACTTCGGTAACTATGGCTACACCTTCGGTTCG"	FALSE	TRUE	NA	NA	NA	NA
"AATGTGAACGCCTTGGAGCTGGAGGACTCGGCCCTGTATCTCTGTGCCAGCAGCCCGGGACCTTACAATGAGCAGTTCTTCGGGCCA"	"CASSPGPYNEQFF"	"AATGTGAACGCCTTGGAGCTGGAGGACTCGGCCCTGTATCTCTGTGCCAGCAGCCCGGGACCTTACAATGAGCAGTTCTTCGGGCCA"	"CASSPGPYNEQFF"	"TCRBV5-8*1"	NA	"TCRBJ2-1*1"	54	56	61	63	2	2	NA	NA	"AATGTGAACGCCTTGGAGCTGGAGGACTCGGCCCTGTATCTCTGTGCCAGCAGCCCGGGACCTTACAATGAGCAGTTCTTCGGGCCA"	FALSE	TRUE	NA	NA	NA	NA
"CAGCAGGAGGACTCGGCCGTGTATCTCTGTGCCAGCAGCTTACGTGGTTGGTGGGAGGGCGATACCTACGAGCAGTACTTCGGGCCG"	"CASSLRGWWEGDTYEQYF"	"CAGCAGGAGGACTCGGCCGTGTATCTCTGTGCCAGCAGCTTACGTGGTTGGTGGGAGGGCGATACCTACGAGCAGTACTTCGGGCCG"	"CASSLRGWWEGDTYEQYF"	"TCRBV7-2"	"TCRBD2-1*2"	"TCRBJ2-7*1"	42	52	59	64	10	5	NA	NA	"CAGCAGGAGGACTCGGCCGTGTATCTCTGTGCCAGCAGCTTACGTGGTTGGTGGGAGGGCGATACCTACGAGCAGTACTTCGGGCCG"	FALSE	TRUE	NA	NA	NA	NA
"ACTCTGACTGTGAGCAACATGAGCCCTGAAGACAGCAGCATATATCTCTGCAGCGTTCGACAGGCCCCTGAAGCTTTCTTTGGACAA"	"CSVRQAPEAFF"	"ACTCTGACTGTGAGCAACATGAGCCCTGAAGACAGCAGCATATATCTCTGCAGCGTTCGACAGGCCCCTGAAGCTTTCTTTGGACAA"	"CSVRQAPEAFF"	"TCRBV29-1*1"	"TCRBD1-1*1"	"TCRBJ1-1*1"	57	58	64	67	1	3	NA	NA	"ACTCTGACTGTGAGCAACATGAGCCCTGAAGACAGCAGCATATATCTCTGCAGCGTTCGACAGGCCCCTGAAGCTTTCTTTGGACAA"	FALSE	TRUE	NA	NA	NA	NA
"TGACATCGGCCCAAAAGAACCCGACAGCTTTCTATCTCTGTGCCAGTAAGGGGAGACTACTCGGACTCTGAAGCTTTCTTTGGACAA"	""	"TGACATCGGCCCAAAAGAACCCGACAGCTTTCTATCTCTGTGCCAGTAAGGGGAGACTACTCGGACTCTGAAGCTTTCTTTGGACAA"	""	"TCRBV19-1*1"	NA	"TCRBJ1-1*1"	-1	48	53	67	49	14	NA	NA	"TGACATCGGCCCAAAAGAACCCGACAGCTTTCTATCTCTGTGCCAGTAAGGGGAGACTACTCGGACTCTGAAGCTTTCTTTGGACAA"	FALSE	FALSE	NA	NA	NA	NA
"GAGTCGCCCAGCCCCAACCAGACCTCTCTGTACTTCTGTGCCAGCAGTTTGTCAGCGGGACGCACCGGGGAGCTGTTTTTTGGAGAA"	"CASSLSAGRTGELFF"	"GAGTCGCCCAGCCCCAACCAGACCTCTCTGTACTTCTGTGCCAGCAGTTTGTCAGCGGGACGCACCGGGGAGCTGTTTTTTGGAGAA"	"CASSLSAGRTGELFF"	"TCRBV27-1*1"	"TCRBD2-1*2"	"TCRBJ2-2*1"	50	53	60	62	3	2	NA	NA	"GAGTCGCCCAGCCCCAACCAGACCTCTCTGTACTTCTGTGCCAGCAGTTTGTCAGCGGGACGCACCGGGGAGCTGTTTTTTGGAGAA"	FALSE	TRUE	NA	NA	NA	NA
"NNNTGTCGGCTGCTCCCTCCCAGACATCTGTGTACTTCTGTGCCACCCCTAGCGGGAGGGCCTTGGAATGAGCAGTTCTTCGGGCCA"	""	"NNNTGTCGGCTGCTCCCTCCCAGACATCTGTGTACTTCTGTGCCACCCCTAGCGGGAGGGCCTTGGAATGAGCAGTTCTTCGGGCCA"	""	"TCRBV6-5*1"	"TCRBD2-1*2"	"TCRBJ2-1*1"	45	48	60	66	3	6	NA	NA	"NNNTGTCGGCTGCTCCCTCCCAGACATCTGTGTACTTCTGTGCCACCCCTAGCGGGAGGGCCTTGGAATGAGCAGTTCTTCGGGCCA"	FALSE	FALSE	NA	NA	NA	NA
"TTCCCTGGAGCTTGGTGACTCTGCTGTGTATTTCTGTGCCAGCAGCCCCGAAAGAAGACAGAGAACAATGAGCAGTTCTTCGGGCCA"	""	"TTCCCTGGAGCTTGGTGACTCTGCTGTGTATTTCTGTGCCAGCAGCCCCGAAAGAAGACAGAGAACAATGAGCAGTTCTTCGGGCCA"	""	"TCRBV3-1/3-2*1"	"TCRBD1-1*1"	"TCRBJ2-1*1"	47	56	61	64	9	3	NA	NA	"TTCCCTGGAGCTTGGTGACTCTGCTGTGTATTTCTGTGCCAGCAGCCCCGAAAGAAGACAGAGAACAATGAGCAGTTCTTCGGGCCA"	FALSE	FALSE	NA	NA	NA	NA
"CTGGAGCTTGGTGACTCTGCTGTGTATTTCTGTGCCAGCAGCTTCGGTCTAGCGGGGCCCCACCAAGAGACCCAGTACTTCGGGCCA"	"CASSFGLAGPHQETQYF"	"CTGGAGCTTGGTGACTCTGCTGTGTATTTCTGTGCCAGCAGCTTCGGTCTAGCGGGGCCCCACCAAGAGACCCAGTACTTCGGGCCA"	"CASSFGLAGPHQETQYF"	"TCRBV3-1/3-2*1"	"TCRBD2-1*1"	"TCRBJ2-5*1"	42	48	57	61	6	4	NA	NA	"CTGGAGCTTGGTGACTCTGCTGTGTATTTCTGTGCCAGCAGCTTCGGTCTAGCGGGGCCCCACCAAGAGACCCAGTACTTCGGGCCA"	FALSE	TRUE	NA	NA	NA	NA
"CAGAGCAGGGGGACTCGGCCGTGTATGTCTGTGCAAGTCGCCGAGGACTAGCGGGAATCGAACACCGGGGAGCTGTTTTTTGGAGAA"	""	"CAGAGCAGGGGGACTCGGCCGTGTATGTCTGTGCAAGTCGCCGAGGACTAGCGGGAATCGAACACCGGGGAGCTGTTTTTTGGAGAA"	""	"TCRBV12-2*1"	"TCRBD2-1*2"	"TCRBJ2-2*1"	41	44	56	58	3	2	NA	NA	"CAGAGCAGGGGGACTCGGCCGTGTATGTCTGTGCAAGTCGCCGAGGACTAGCGGGAATCGAACACCGGGGAGCTGTTTTTTGGAGAA"	FALSE	FALSE	NA	NA	NA	NA
"AGCTCTCTGGAGCTGGGGGACTCAGCTTTGTATTTCTGTGCCAGCAGCGTTAATTGGCAGGGGACTGAAAAACTGTTTTTTGGCAGT"	"CASSVNWQGTEKLFF"	"AGCTCTCTGGAGCTGGGGGACTCAGCTTTGTATTTCTGTGCCAGCAGCGTTAATTGGCAGGGGACTGAAAAACTGTTTTTTGGCAGT"	"CASSVNWQGTEKLFF"	"TCRBV9-1*1"	"TCRBD1-1*1"	"TCRBJ1-4*1"	50	57	63	65	7	2	NA	NA	"AGCTCTCTGGAGCTGGGGGACTCAGCTTTGTATTTCTGTGCCAGCAGCGTTAATTGGCAGGGGACTGAAAAACTGTTTTTTGGCAGT"	FALSE	TRUE	NA	NA	NA	NA
"ACTGTGACATCGGCCCAAAAGAACCCGACAGCTTTCTATCTCTGTGCCAGTAGCGGGGACGGGAACTACGAGCAGTACTTCGGGCCG"	"CASSGDGNYEQYF"	"ACTGTGACATCGGCCCAAAAGAACCCGACAGCTTTCTATCTCTGTGCCAGTAGCGGGGACGGGAACTACGAGCAGTACTTCGGGCCG"	"CASSGDGNYEQYF"	"TCRBV19-1*1"	NA	"TCRBJ2-7*1"	53	55	60	65	2	5	NA	NA	"ACTGTGACATCGGCCCAAAAGAACCCGACAGCTTTCTATCTCTGTGCCAGTAGCGGGGACGGGAACTACGAGCAGTACTTCGGGCCG"	FALSE	TRUE	NA	NA	NA	NA
"CTTGGAGATCCAGTCCACGGAGTCAGGGGACACAGCACTGTATTTCTGTGCCACCCCCCCCGAAAATACGAGCAGTACTTCGGGCCG"	""	"CTTGGAGATCCAGTCCACGGAGTCAGGGGACACAGCACTGTATTTCTGTGCCACCCCCCCCGAAAATACGAGCAGTACTTCGGGCCG"	""	"TCRBV21-1*1"	NA	"TCRBJ2-7*1"	53	61	63	66	8	3	NA	NA	"CTTGGAGATCCAGTCCACGGAGTCAGGGGACACAGCACTGTATTTCTGTGCCACCCCCCCCGAAAATACGAGCAGTACTTCGGGCCG"	FALSE	FALSE	NA	NA	NA	NA
"ATCCTGAGGATCCAGCAGGTAGTGCGAGGAGATTCGGCAGCTTATTTCTGTGCCAGCTCACCCACAGATACGCAGTATTTTGGCCCA"	"CASSPTDTQYF"	"ATCCTGAGGATCCAGCAGGTAGTGCGAGGAGATTCGGCAGCTTATTTCTGTGCCAGCTCACCCACAGATACGCAGTATTTTGGCCCA"	"CASSPTDTQYF"	"TCRBV18-1*1"	NA	"TCRBJ2-3*1"	-1	-1	-1	62	0	63	NA	NA	"ATCCTGAGGATCCAGCAGGTAGTGCGAGGAGATTCGGCAGCTTATTTCTGTGCCAGCTCACCCACAGATACGCAGTATTTTGGCCCA"	FALSE	TRUE	NA	NA	NA	NA
"GTGACCAGTGCCCATCCTGAAGACAGCAGCTTCTACATCTGCAGTGCTAGCTCCGGGCAGGGGGCGAGGGGCTACACCTTCGGTTCG"	"CSASSGQGARGYTF"	"GTGACCAGTGCCCATCCTGAAGACAGCAGCTTCTACATCTGCAGTGCTAGCTCCGGGCAGGGGGCGAGGGGCTACACCTTCGGTTCG"	"CSASSGQGARGYTF"	NA	"TCRBD1-1*1"	"TCRBJ1-2*1"	50	57	65	69	7	4	NA	NA	"GTGACCAGTGCCCATCCTGAAGACAGCAGCTTCTACATCTGCAGTGCTAGCTCCGGGCAGGGGGCGAGGGGCTACACCTTCGGTTCG"	FALSE	TRUE	NA	NA	NA	NA
"NNNNTGTCGGCTGCTCCCTCCCAAACATCTGTGTACTTCTGTGCCAGCACCCCGGGACAGGGAACGGTTGAGCAGTTCTTCGGGCCA"	"CASTPGQGTVEQFF"	"NNNNTGTCGGCTGCTCCCTCCCAAACATCTGTGTACTTCTGTGCCAGCACCCCGGGACAGGGAACGGTTGAGCAGTTCTTCGGGCCA"	"CASTPGQGTVEQFF"	"TCRBV6-2*2"	"TCRBD1-1*1"	"TCRBJ2-1*1"	-1	53	62	68	54	6	NA	NA	"NNNNTGTCGGCTGCTCCCTCCCAAACATCTGTGTACTTCTGTGCCAGCACCCCGGGACAGGGAACGGTTGAGCAGTTCTTCGGGCCA"	FALSE	TRUE	NA	NA	NA	NA
"ACGGAGTCAGGGGACACAGCACTGTATTTCTGTGCCAGCAGCAAAGCGCGGGGGTCCGGCACAATCTACGAGCAGTACTTCGGGCCG"	"CASSKARGSGTIYEQYF"	"ACGGAGTCAGGGGACACAGCACTGTATTTCTGTGCCAGCAGCAAAGCGCGGGGGTCCGGCACAATCTACGAGCAGTACTTCGGGCCG"	"CASSKARGSGTIYEQYF"	"TCRBV21-1*1"	"TCRBD2-1*1"	"TCRBJ2-7*1"	-1	47	54	65	48	11	NA	NA	"ACGGAGTCAGGGGACACAGCACTGTATTTCTGTGCCAGCAGCAAAGCGCGGGGGTCCGGCACAATCTACGAGCAGTACTTCGGGCCG"	FALSE	TRUE	NA	NA	NA	NA
"AACGCCTTGTTGCTGGGGGACTCGGCCCTCTATCTCTGTGCCAGCAGCTTGGGGGCGGGAGGGCCTCATGAGCAGTTCTTCGGGCCA"	"CASSLGAGGPHEQFF"	"AACGCCTTGTTGCTGGGGGACTCGGCCCTCTATCTCTGTGCCAGCAGCTTGGGGGCGGGAGGGCCTCATGAGCAGTTCTTCGGGCCA"	"CASSLGAGGPHEQFF"	"TCRBV5-6*1"	"TCRBD2-1*2"	"TCRBJ2-1*1"	52	54	63	67	2	4	NA	NA	"AACGCCTTGTTGCTGGGGGACTCGGCCCTCTATCTCTGTGCCAGCAGCTTGGGGGCGGGAGGGCCTCATGAGCAGTTCTTCGGGCCA"	FALSE	TRUE	NA	NA	NA	NA
"GTGACCAGTGCCCATCCTGAAGACAGCAGCTTCTACATCTGCAGTGCTAGCCCGACTAGCGGGACAGAGACCCAGTACTTCGGGCCA"	"CSASPTSGTETQYF"	"GTGACCAGTGCCCATCCTGAAGACAGCAGCTTCTACATCTGCAGTGCTAGCCCGACTAGCGGGACAGAGACCCAGTACTTCGGGCCA"	"CSASPTSGTETQYF"	NA	"TCRBD2-1*2"	"TCRBJ2-5*1"	50	53	64	65	3	1	NA	NA	"GTGACCAGTGCCCATCCTGAAGACAGCAGCTTCTACATCTGCAGTGCTAGCCCGACTAGCGGGACAGAGACCCAGTACTTCGGGCCA"	FALSE	TRUE	NA	NA	NA	NA
"AGCAACATGAGCCCTGAAGACAGCAGCATATATCTCTGCAGCGCAAAACTAGCGGGAGGGCAGAACAATGAGCAGTTCTTCGGGCCA"	"CSAKLAGGQNNEQFF"	"AGCAACATGAGCCCTGAAGACAGCAGCATATATCTCTGCAGCGCAAAACTAGCGGGAGGGCAGAACAATGAGCAGTTCTTCGGGCCA"	"CSAKLAGGQNNEQFF"	"TCRBV29-1*3"	"TCRBD2-1*2"	"TCRBJ2-1*1"	44	47	60	64	3	4	NA	NA	"AGCAACATGAGCCCTGAAGACAGCAGCATATATCTCTGCAGCGCAAAACTAGCGGGAGGGCAGAACAATGAGCAGTTCTTCGGGCCA"	FALSE	TRUE	NA	NA	NA	NA
"CAGCGCACAGAGCGGGGGGACTCAGCCGTGTATCTCTGTGCCACCACAGAACTAGCGGGTGTAACACATGAGCAGTTCTTCGGGCCA"	"CATTELAGVTHEQFF"	"CAGCGCACAGAGCGGGGGGACTCAGCCGTGTATCTCTGTGCCACCACAGAACTAGCGGGTGTAACACATGAGCAGTTCTTCGGGCCA"	"CATTELAGVTHEQFF"	"TCRBV7-3*1"	"TCRBD2-1"	"TCRBJ2-1*1"	43	50	59	67	7	8	NA	NA	"CAGCGCACAGAGCGGGGGGACTCAGCCGTGTATCTCTGTGCCACCACAGAACTAGCGGGTGTAACACATGAGCAGTTCTTCGGGCCA"	FALSE	TRUE	NA	NA	NA	NA
"ATCCAGCCCTCAGAACCCAGGGACTCAGCTGTGTACTTCTGTGCCAGCAGTGCGAACTCTGGGGCCAACGTCCTGACTTTCGGGGCC"	"CASSANSGANVLTF"	"ATCCAGCCCTCAGAACCCAGGGACTCAGCTGTGTACTTCTGTGCCAGCAGTGCGAACTCTGGGGCCAACGTCCTGACTTTCGGGGCC"	"CASSANSGANVLTF"	NA	"TCRBD2-1"	"TCRBJ2-6*1"	-1	51	54	56	52	2	NA	NA	"ATCCAGCCCTCAGAACCCAGGGACTCAGCTGTGTACTTCTGTGCCAGCAGTGCGAACTCTGGGGCCAACGTCCTGACTTTCGGGGCC"	FALSE	TRUE	NA	NA	NA	NA
"AAGAAGCTCCTTCTCAGTGACTCTGGCTTCTATCTCTGTGCCTGGAGTGTACTTGGGACAGGGACGCAGCCCCAGCATTTTGGTGAT"	"CAWSVLGTGTQPQHF"	"AAGAAGCTCCTTCTCAGTGACTCTGGCTTCTATCTCTGTGCCTGGAGTGTACTTGGGACAGGGACGCAGCCCCAGCATTTTGGTGAT"	"CAWSVLGTGTQPQHF"	"TCRBV3-1*1"	"TCRBD1-1*1"	"TCRBJ1-5*1"	50	54	63	66	4	3	NA	NA	"AAGAAGCTCCTTCTCAGTGACTCTGGCTTCTATCTCTGTGCCTGGAGTGTACTTGGGACAGGGACGCAGCCCCAGCATTTTGGTGAT"	FALSE	TRUE	NA	NA	NA	NA
"ATTCTGGAGTCCGCCAGCACCAACCAGACATCTATGTACCTCTGTGCCAGCATAAGGACAGGGGATTCACCCCTCCACTTTGGGAAT"	"CASIRTGDSPLHF"	"ATTCTGGAGTCCGCCAGCACCAACCAGACATCTATGTACCTCTGTGCCAGCATAAGGACAGGGGATTCACCCCTCCACTTTGGGAAT"	"CASIRTGDSPLHF"	"TCRBV28-1*1"	"TCRBD1-1*1"	"TCRBJ1-6*1"	52	55	-1	64	3	65	NA	NA	"ATTCTGGAGTCCGCCAGCACCAACCAGACATCTATGTACCTCTGTGCCAGCATAAGGACAGGGGATTCACCCCTCCACTTTGGGAAT"	FALSE	TRUE	NA	NA	NA	NA
"GAGTCCGCCAGCACCAACCAGACATCTATGTACCTCTGTGCCAGCAATTCCTTCCAATCGGGCACAGATACGCAGTATTTTGGCCCA"	"CASNSFQSGTDTQYF"	"GAGTCCGCCAGCACCAACCAGACATCTATGTACCTCTGTGCCAGCAATTCCTTCCAATCGGGCACAGATACGCAGTATTTTGGCCCA"	"CASNSFQSGTDTQYF"	"TCRBV28-1*1"	"TCRBD2-1"	"TCRBJ2-3*1"	46	58	-1	61	12	62	NA	NA	"GAGTCCGCCAGCACCAACCAGACATCTATGTACCTCTGTGCCAGCAATTCCTTCCAATCGGGCACAGATACGCAGTATTTTGGCCCA"	FALSE	TRUE	NA	NA	NA	NA
"GTGACCAGTGCCCATCCTGAAGACAGCAGCTTCTACATCTGCAGTGCTAGAGATCTAAGGCAGGGGTTTGGCTACACCTTCGGTTCG"	"CSARDLRQGFGYTF"	"GTGACCAGTGCCCATCCTGAAGACAGCAGCTTCTACATCTGCAGTGCTAGAGATCTAAGGCAGGGGTTTGGCTACACCTTCGGTTCG"	"CSARDLRQGFGYTF"	NA	"TCRBD1-1*1"	"TCRBJ1-2*1"	53	60	66	68	7	2	NA	NA	"GTGACCAGTGCCCATCCTGAAGACAGCAGCTTCTACATCTGCAGTGCTAGAGATCTAAGGCAGGGGTTTGGCTACACCTTCGGTTCG"	FALSE	TRUE	NA	NA	NA	NA
"GTGACCAGTGCCCATCCTGAAGACAGCAGCTTCTACATCTGCAGTGCTAGTACTAGCGGGGGCACAGATACGCAGTATTTTGGCCCA"	"CSASTSGGTDTQYF"	"GTGACCAGTGCCCATCCTGAAGACAGCAGCTTCTACATCTGCAGTGCTAGTACTAGCGGGGGCACAGATACGCAGTATTTTGGCCCA"	"CSASTSGGTDTQYF"	"TCRBV2-1*4"	"TCRBD2-1*1"	"TCRBJ2-3*1"	-1	51	-1	61	52	62	NA	NA	"GTGACCAGTGCCCATCCTGAAGACAGCAGCTTCTACATCTGCAGTGCTAGTACTAGCGGGGGCACAGATACGCAGTATTTTGGCCCA"	FALSE	TRUE	NA	NA	NA	NA
"TTTCTTGACATCCGCTCACCAGGCCTGGGGGACGCAGCCATGTACCTGTGTGCCACCAGCAGATATGAAAAACTGTTTTTTGGCAGT"	"CATSRYEKLFF"	"TTTCTTGACATCCGCTCACCAGGCCTGGGGGACGCAGCCATGTACCTGTGTGCCACCAGCAGATATGAAAAACTGTTTTTTGGCAGT"	"CATSRYEKLFF"	"TCRBV15-1*2"	NA	"TCRBJ1-4*1"	-1	-1	63	64	0	1	NA	NA	"TTTCTTGACATCCGCTCACCAGGCCTGGGGGACGCAGCCATGTACCTGTGTGCCACCAGCAGATATGAAAAACTGTTTTTTGGCAGT"	FALSE	TRUE	NA	NA	NA	NA
"ATCCTGGAGTCGCCCAGCCCCAACCAGACCTCTCTGTACTTCTGTGCCAGCAGTTTACGAGGGTTCAATGAGCAGTTCTTCGGGCCA"	"CASSLRGFNEQFF"	"ATCCTGGAGTCGCCCAGCCCCAACCAGACCTCTCTGTACTTCTGTGCCAGCAGTTTACGAGGGTTCAATGAGCAGTTCTTCGGGCCA"	"CASSLRGFNEQFF"	"TCRBV27-1*1"	"TCRBD2-1*2"	"TCRBJ2-1*1"	57	58	63	65	1	2	NA	NA	"ATCCTGGAGTCGCCCAGCCCCAACCAGACCTCTCTGTACTTCTGTGCCAGCAGTTTACGAGGGTTCAATGAGCAGTTCTTCGGGCCA"	FALSE	TRUE	NA	NA	NA	NA
"TGAGCTCCTTGGAGCTGGGGGACTCAGCCCTGTACTTCTGTGCCAGCAGCTTACGCAGGGGGCACCGGGGAGCTGTTTTTTGGAGAA"	""	"TGAGCTCCTTGGAGCTGGGGGACTCAGCCCTGTACTTCTGTGCCAGCAGCTTACGCAGGGGGCACCGGGGAGCTGTTTTTTGGAGAA"	""	"TCRBV13-1*1"	"TCRBD1-1*1"	"TCRBJ2-2*1"	53	55	-1	62	2	63	NA	NA	"TGAGCTCCTTGGAGCTGGGGGACTCAGCCCTGTACTTCTGTGCCAGCAGCTTACGCAGGGGGCACCGGGGAGCTGTTTTTTGGAGAA"	FALSE	FALSE	NA	NA	NA	NA
"CAGCCTGCAGAGCTTGGGGACTCGGCCGTGTATCTCTGTGCCAGCAGCTTAGATAGGACAGGGGTAGGTGAGCAGTTCTTCGGGCCA"	"CASSLDRTGVGEQFF"	"CAGCCTGCAGAGCTTGGGGACTCGGCCGTGTATCTCTGTGCCAGCAGCTTAGATAGGACAGGGGTAGGTGAGCAGTTCTTCGGGCCA"	"CASSLDRTGVGEQFF"	"TCRBV11-3*1"	"TCRBD1-1*1"	"TCRBJ2-1*1"	53	55	64	68	2	4	NA	NA	"CAGCCTGCAGAGCTTGGGGACTCGGCCGTGTATCTCTGTGCCAGCAGCTTAGATAGGACAGGGGTAGGTGAGCAGTTCTTCGGGCCA"	FALSE	TRUE	NA	NA	NA	NA
"GAACCCAGGGACTCAGCTGTGTATTTTTGTGCTAGTGGTACCGGACTAGCGGGAGCGTCTAGCACAGATACGCAGTATTTTGGCCCA"	"CASGTGLAGASSTDTQYF"	"GAACCCAGGGACTCAGCTGTGTATTTTTGTGCTAGTGGTACCGGACTAGCGGGAGCGTCTAGCACAGATACGCAGTATTTTGGCCCA"	"CASGTGLAGASSTDTQYF"	"TCRBV12-5*1"	"TCRBD2-1*2"	"TCRBJ2-3*1"	39	42	55	60	3	5	NA	NA	"GAACCCAGGGACTCAGCTGTGTATTTTTGTGCTAGTGGTACCGGACTAGCGGGAGCGTCTAGCACAGATACGCAGTATTTTGGCCCA"	FALSE	TRUE	NA	NA	NA	NA
"TCGCCCAGCCCCAACCAGACCTCTCTGTACTTCTGTGCCAGCAGTTTAACAGGGACTTTGGGCACAGATACGCAGTATTTTGGCCCA"	"CASSLTGTLGTDTQYF"	"TCGCCCAGCCCCAACCAGACCTCTCTGTACTTCTGTGCCAGCAGTTTAACAGGGACTTTGGGCACAGATACGCAGTATTTTGGCCCA"	"CASSLTGTLGTDTQYF"	"TCRBV27-1*1"	NA	"TCRBJ2-3*1"	-1	48	54	61	49	7	NA	NA	"TCGCCCAGCCCCAACCAGACCTCTCTGTACTTCTGTGCCAGCAGTTTAACAGGGACTTTGGGCACAGATACGCAGTATTTTGGCCCA"	FALSE	TRUE	NA	NA	NA	NA
"CTGGAGTCGCCCAGCCCCAACCAGACCTCTCTGTACTTCTGTGCCAGCAGGGACGACAGGGAAAGGGATGGCTACACCTTCGGTTCG"	"CASRDDRERDGYTF"	"CTGGAGTCGCCCAGCCCCAACCAGACCTCTCTGTACTTCTGTGCCAGCAGGGACGACAGGGAAAGGGATGGCTACACCTTCGGTTCG"	"CASRDDRERDGYTF"	"TCRBV27-1*1"	"TCRBD1-1*1"	"TCRBJ1-2*1"	50	54	61	67	4	6	NA	NA	"CTGGAGTCGCCCAGCCCCAACCAGACCTCTCTGTACTTCTGTGCCAGCAGGGACGACAGGGAAAGGGATGGCTACACCTTCGGTTCG"	FALSE	TRUE	NA	NA	NA	NA
"ATCCAGCCTGCAAAGCTTGAGGACTCGGCCGTGTATCTCTGTGCCAGCAGCCCTCTACAGGTTGGGGAGACCCAGTACTTCGGGCCA"	"CASSPLQVGETQYF"	"ATCCAGCCTGCAAAGCTTGAGGACTCGGCCGTGTATCTCTGTGCCAGCAGCCCTCTACAGGTTGGGGAGACCCAGTACTTCGGGCCA"	"CASSPLQVGETQYF"	"TCRBV11-2*1"	"TCRBD1-1*1"	"TCRBJ2-5*1"	51	56	61	66	5	5	NA	NA	"ATCCAGCCTGCAAAGCTTGAGGACTCGGCCGTGTATCTCTGTGCCAGCAGCCCTCTACAGGTTGGGGAGACCCAGTACTTCGGGCCA"	FALSE	TRUE	NA	NA	NA	NA
"ATCCAGCCCTCAGAACCCAGGGACTCAGCTGTGTACTTCTGTGCCAGCAGTACAGAGTTGGGCAATCAGCCCCAGCATTTTGGTGAT"	"CASSTELGNQPQHF"	"ATCCAGCCCTCAGAACCCAGGGACTCAGCTGTGTACTTCTGTGCCAGCAGTACAGAGTTGGGCAATCAGCCCCAGCATTTTGGTGAT"	"CASSTELGNQPQHF"	NA	"TCRBD1-1*1"	"TCRBJ1-5*1"	-1	51	55	61	52	6	NA	NA	"ATCCAGCCCTCAGAACCCAGGGACTCAGCTGTGTACTTCTGTGCCAGCAGTACAGAGTTGGGCAATCAGCCCCAGCATTTTGGTGAT"	FALSE	TRUE	NA	NA	NA	NA
"CCTGCAGAGCTTGGGGACTCGGCCATGTATCTCTGTGCCAGCAGCGCAGGGACTAGCGGGAGGATATACGAGCAGTACTTCGGGCCG"	"CASSAGTSGRIYEQYF"	"CCTGCAGAGCTTGGGGACTCGGCCATGTATCTCTGTGCCAGCAGCGCAGGGACTAGCGGGAGGATATACGAGCAGTACTTCGGGCCG"	"CASSAGTSGRIYEQYF"	"TCRBV11-1*1"	"TCRBD2-1*2"	"TCRBJ2-7*1"	45	48	63	66	3	3	NA	NA	"CCTGCAGAGCTTGGGGACTCGGCCATGTATCTCTGTGCCAGCAGCGCAGGGACTAGCGGGAGGATATACGAGCAGTACTTCGGGCCG"	FALSE	TRUE	NA	NA	NA	NA
"CTGTCCCTAGAGTCTGCCATCCCCAACCAGACAGCTCTTTACTTCTGTGCCACAAGGGAAAACACCGGGGAGCTGTTTTTTGGAGAA"	"CATRENTGELFF"	"CTGTCCCTAGAGTCTGCCATCCCCAACCAGACAGCTCTTTACTTCTGTGCCACAAGGGAAAACACCGGGGAGCTGTTTTTTGGAGAA"	"CATRENTGELFF"	"TCRBV24-1*1"	NA	"TCRBJ2-2*1"	53	55	59	60	2	1	NA	NA	"CTGTCCCTAGAGTCTGCCATCCCCAACCAGACAGCTCTTTACTTCTGTGCCACAAGGGAAAACACCGGGGAGCTGTTTTTTGGAGAA"	FALSE	TRUE	NA	NA	NA	NA
"NTGTCGGCTGCTCCCTCCCAAACATCTGTGTACTTCTGTGCCAGCAGAAGATTGGGACAAGGAGCCTATGGCTACACCTTCGGTTCG"	"CASRRLGQGAYGYTF"	"NTGTCGGCTGCTCCCTCCCAAACATCTGTGTACTTCTGTGCCAGCAGAAGATTGGGACAAGGAGCCTATGGCTACACCTTCGGTTCG"	"CASRRLGQGAYGYTF"	NA	"TCRBD1-1*1"	"TCRBJ1-2*1"	47	53	59	65	6	6	NA	NA	"NTGTCGGCTGCTCCCTCCCAAACATCTGTGTACTTCTGTGCCAGCAGAAGATTGGGACAAGGAGCCTATGGCTACACCTTCGGTTCG"	FALSE	TRUE	NA	NA	NA	NA
"NTGTCGGCTGCTCCCTCCCAGACATCTGTGTACTTCTGTGCCAGCAGTTACGACGCTCGGGCCCAAGATACGCAGTATTTTGGCCCA"	"CASSYDARAQDTQYF"	"NTGTCGGCTGCTCCCTCCCAGACATCTGTGTACTTCTGTGCCAGCAGTTACGACGCTCGGGCCCAAGATACGCAGTATTTTGGCCCA"	"CASSYDARAQDTQYF"	"TCRBV6-5*1"	NA	"TCRBJ2-3*1"	51	58	62	65	7	3	NA	NA	"NTGTCGGCTGCTCCCTCCCAGACATCTGTGTACTTCTGTGCCAGCAGTTACGACGCTCGGGCCCAAGATACGCAGTATTTTGGCCCA"	FALSE	TRUE	NA	NA	NA	NA
"AGTGCCTTGGAGCTGGGGGACTCGGCCCTGTATCTCTGTGCCAGAAGCCGTGGGACCGTTACAACCTACGAGCAGTACTTCGGGCCG"	"CARSRGTVTTYEQYF"	"AGTGCCTTGGAGCTGGGGGACTCGGCCCTGTATCTCTGTGCCAGAAGCCGTGGGACCGTTACAACCTACGAGCAGTACTTCGGGCCG"	"CARSRGTVTTYEQYF"	"TCRBV5-3"	NA	"TCRBJ2-7*1"	48	51	56	64	3	8	NA	NA	"AGTGCCTTGGAGCTGGGGGACTCGGCCCTGTATCTCTGTGCCAGAAGCCGTGGGACCGTTACAACCTACGAGCAGTACTTCGGGCCG"	FALSE	TRUE	NA	NA	NA	NA
"GCTGCTCCCTCCCAGACATCTGTGTACTTCTGTGCCAGCAGTTCCCTATCGGACAGGGGGCAAACAGATACGCAGTATTTTGGCCCA"	"CASSSLSDRGQTDTQYF"	"GCTGCTCCCTCCCAGACATCTGTGTACTTCTGTGCCAGCAGTTCCCTATCGGACAGGGGGCAAACAGATACGCAGTATTTTGGCCCA"	"CASSSLSDRGQTDTQYF"	NA	"TCRBD1-1*1"	"TCRBJ2-3*1"	43	50	61	63	7	2	NA	NA	"GCTGCTCCCTCCCAGACATCTGTGTACTTCTGTGCCAGCAGTTCCCTATCGGACAGGGGGCAAACAGATACGCAGTATTTTGGCCCA"	FALSE	TRUE	NA	NA	NA	NA
"CTGGAGTCCGCCAGCACCAACCAGACATCTATGTACCTCTGTGCCAGCTCCAGGCAGGGGCTGAACACTGAAGCTTTCTTTGGACAA"	"CASSRQGLNTEAFF"	"CTGGAGTCCGCCAGCACCAACCAGACATCTATGTACCTCTGTGCCAGCTCCAGGCAGGGGCTGAACACTGAAGCTTTCTTTGGACAA"	"CASSRQGLNTEAFF"	"TCRBV28-1*1"	"TCRBD1-1*1"	"TCRBJ1-1*1"	48	54	60	61	6	1	NA	NA	"CTGGAGTCCGCCAGCACCAACCAGACATCTATGTACCTCTGTGCCAGCTCCAGGCAGGGGCTGAACACTGAAGCTTTCTTTGGACAA"	FALSE	TRUE	NA	NA	NA	NA
"ATGAGCCCTGAAGACAGCAGCATATATCTCTGCAGCGTCGAGGGGGGGAGGACCCCTAGCTCCTACAATGAGCAGTTCTTCGGGCCA"	"CSVEGGRTPSSYNEQFF"	"ATGAGCCCTGAAGACAGCAGCATATATCTCTGCAGCGTCGAGGGGGGGAGGACCCCTAGCTCCTACAATGAGCAGTTCTTCGGGCCA"	"CSVEGGRTPSSYNEQFF"	"TCRBV29-1"	"TCRBD2-1*1"	"TCRBJ2-1*1"	38	41	48	59	3	11	NA	NA	"ATGAGCCCTGAAGACAGCAGCATATATCTCTGCAGCGTCGAGGGGGGGAGGACCCCTAGCTCCTACAATGAGCAGTTCTTCGGGCCA"	FALSE	TRUE	NA	NA	NA	NA
"TTGCTGGGGGACTCGGCCCTCTATCTCTGTGCCAGCAGCTTGGTTTACGGGACTGATGGCGTGACCGGGGAGCTGTTTTTTGGAGAA"	"CASSLVYGTDGVTGELFF"	"TTGCTGGGGGACTCGGCCCTCTATCTCTGTGCCAGCAGCTTGGTTTACGGGACTGATGGCGTGACCGGGGAGCTGTTTTTTGGAGAA"	"CASSLVYGTDGVTGELFF"	"TCRBV5-6*1"	"TCRBD2-1"	"TCRBJ2-2*1"	43	48	54	63	5	9	NA	NA	"TTGCTGGGGGACTCGGCCCTCTATCTCTGTGCCAGCAGCTTGGTTTACGGGACTGATGGCGTGACCGGGGAGCTGTTTTTTGGAGAA"	FALSE	TRUE	NA	NA	NA	NA
"ATCCGGTCCACAAAGCTGGAGGACTCAGCCATGTACTTCTGTGCCACATCGTTTTCGGAATTGAACACTGAAGCTTTCTTTGGACAA"	"CATSFSELNTEAFF"	"ATCCGGTCCACAAAGCTGGAGGACTCAGCCATGTACTTCTGTGCCACATCGTTTTCGGAATTGAACACTGAAGCTTTCTTTGGACAA"	"CATSFSELNTEAFF"	"TCRBV2-1"	NA	"TCRBJ1-1*1"	46	56	59	61	10	2	NA	NA	"ATCCGGTCCACAAAGCTGGAGGACTCAGCCATGTACTTCTGTGCCACATCGTTTTCGGAATTGAACACTGAAGCTTTCTTTGGACAA"	FALSE	TRUE	NA	NA	NA	NA
"NTGAAGATCCAGCCCTCAGAACCCAGGGACTCAGCTGTGTATTTTTGTGCTAGTGGTTTGTTTGGGGAGACCCAGTACTTCGGGCCA"	"CASGLFGETQYF"	"NTGAAGATCCAGCCCTCAGAACCCAGGGACTCAGCTGTGTATTTTTGTGCTAGTGGTTTGTTTGGGGAGACCCAGTACTTCGGGCCA"	"CASGLFGETQYF"	"TCRBV12-5*1"	NA	"TCRBJ2-5*1"	60	63	-1	66	3	67	NA	NA	"NTGAAGATCCAGCCCTCAGAACCCAGGGACTCAGCTGTGTATTTTTGTGCTAGTGGTTTGTTTGGGGAGACCCAGTACTTCGGGCCA"	FALSE	TRUE	NA	NA	NA	NA
"ATCAATTCCCTGGAGCTTGGTGACTCTGCTGTGTATTTCTGTGCCAGCAGCTTTTCGCAGGACAATCAGCCCCAGCATTTTGGTGAT"	"CASSFSQDNQPQHF"	"ATCAATTCCCTGGAGCTTGGTGACTCTGCTGTGTATTTCTGTGCCAGCAGCTTTTCGCAGGACAATCAGCCCCAGCATTTTGGTGAT"	"CASSFSQDNQPQHF"	"TCRBV3-1/3-2*1"	"TCRBD1-1*1"	"TCRBJ1-5*1"	51	57	61	62	6	1	NA	NA	"ATCAATTCCCTGGAGCTTGGTGACTCTGCTGTGTATTTCTGTGCCAGCAGCTTTTCGCAGGACAATCAGCCCCAGCATTTTGGTGAT"	FALSE	TRUE	NA	NA	NA	NA
"ATGAATGTGAGCACCTTGGAGCTGGGGGACTCGGCCCTTTATCTTTGCGCCAGCAGCGGGGGGACAGTTGGCTACACCTTCGGTTCG"	"CASSGGTVGYTF"	"ATGAATGTGAGCACCTTGGAGCTGGGGGACTCGGCCCTTTATCTTTGCGCCAGCAGCGGGGGGACAGTTGGCTACACCTTCGGTTCG"	"CASSGGTVGYTF"	"TCRBV5-1*1"	"TCRBD1-1*1"	"TCRBJ1-2*1"	57	60	67	68	3	1	NA	NA	"ATGAATGTGAGCACCTTGGAGCTGGGGGACTCGGCCCTTTATCTTTGCGCCAGCAGCGGGGGGACAGTTGGCTACACCTTCGGTTCG"	FALSE	TRUE	NA	NA	NA	NA
"CAGCGCACAGAGCAGGAGGACTCGGCCGTGTATCTCTGTGCCAGCGGGTTAGCGGGAACTGGCGCGTACGAGCAGTACTTCGGGCCG"	"CASGLAGTGAYEQYF"	"CAGCGCACAGAGCAGGAGGACTCGGCCGTGTATCTCTGTGCCAGCGGGTTAGCGGGAACTGGCGCGTACGAGCAGTACTTCGGGCCG"	"CASGLAGTGAYEQYF"	"TCRBV7-2"	NA	"TCRBJ2-7*1"	-1	53	57	66	54	9	NA	NA	"CAGCGCACAGAGCAGGAGGACTCGGCCGTGTATCTCTGTGCCAGCGGGTTAGCGGGAACTGGCGCGTACGAGCAGTACTTCGGGCCG"	FALSE	TRUE	NA	NA	NA	NA
"TGTGAGCAACATGAGCCCTGAAGACAGCAGCATATATCTCTGCAGCCCCCTGGGGGGACAACTGGAAACACCATATATTTTGGAGAG"	""	"TGTGAGCAACATGAGCCCTGAAGACAGCAGCATATATCTCTGCAGCCCCCTGGGGGGACAACTGGAAACACCATATATTTTGGAGAG"	""	"TCRBV29-1"	NA	"TCRBJ1-3*1"	46	54	60	61	8	1	NA	NA	"TGTGAGCAACATGAGCCCTGAAGACAGCAGCATATATCTCTGCAGCCCCCTGGGGGGACAACTGGAAACACCATATATTTTGGAGAG"	FALSE	FALSE	NA	NA	NA	NA
"AATGTGAGCACCTTGGAGCTGGGGGACTCGGCCCTTTATCTTTGCGCCAGCAGCTCCGGGGACCGCTACGAGCAGTACTTCGGGCCG"	"CASSSGDRYEQYF"	"AATGTGAGCACCTTGGAGCTGGGGGACTCGGCCCTTTATCTTTGCGCCAGCAGCTCCGGGGACCGCTACGAGCAGTACTTCGGGCCG"	"CASSSGDRYEQYF"	"TCRBV5-1*1"	NA	"TCRBJ2-7*1"	55	58	63	65	3	2	NA	NA	"AATGTGAGCACCTTGGAGCTGGGGGACTCGGCCCTTTATCTTTGCGCCAGCAGCTCCGGGGACCGCTACGAGCAGTACTTCGGGCCG"	FALSE	TRUE	NA	NA	NA	NA
"TTGGAGATCCAGCGCACAGAGCAGGGGGACTCGGCCATGTATCTCTGTGCCAGCAGCTTGGCCTCAGATACGCAGTATTTTGGCCCA"	"CASSLASDTQYF"	"TTGGAGATCCAGCGCACAGAGCAGGGGGACTCGGCCATGTATCTCTGTGCCAGCAGCTTGGCCTCAGATACGCAGTATTTTGGCCCA"	"CASSLASDTQYF"	"TCRBV7-9*1"	"TCRBD1-1*1"	"TCRBJ2-3*1"	-1	59	62	64	60	2	NA	NA	"TTGGAGATCCAGCGCACAGAGCAGGGGGACTCGGCCATGTATCTCTGTGCCAGCAGCTTGGCCTCAGATACGCAGTATTTTGGCCCA"	FALSE	TRUE	NA	NA	NA	NA
"ATCCAGCGCACAGAGCAGCGGGACTCGGCCATGTATCGCTGTGCCAGCAGCAAAGGGACAGAATCCCTTGGCTACACCTTCGGTTCG"	"CASSKGTESLGYTF"	"ATCCAGCGCACAGAGCAGCGGGACTCGGCCATGTATCGCTGTGCCAGCAGCAAAGGGACAGAATCCCTTGGCTACACCTTCGGTTCG"	"CASSKGTESLGYTF"	"TCRBV7-6*1"	"TCRBD1-1*1"	"TCRBJ1-2*1"	51	54	61	68	3	7	NA	NA	"ATCCAGCGCACAGAGCAGCGGGACTCGGCCATGTATCGCTGTGCCAGCAGCAAAGGGACAGAATCCCTTGGCTACACCTTCGGTTCG"	FALSE	TRUE	NA	NA	NA	NA
"CCATCCTGAAGACAGCAGCTTCTACATCTGCAGTGCCACATCTAGCGGGAGGTCGGGAGCTCCTACAATGAGCAGTTCTTCGGGCCA"	""	"CCATCCTGAAGACAGCAGCTTCTACATCTGCAGTGCCACATCTAGCGGGAGGTCGGGAGCTCCTACAATGAGCAGTTCTTCGGGCCA"	""	NA	"TCRBD2-1*2"	"TCRBJ2-1*1"	36	41	52	59	5	7	NA	NA	"CCATCCTGAAGACAGCAGCTTCTACATCTGCAGTGCCACATCTAGCGGGAGGTCGGGAGCTCCTACAATGAGCAGTTCTTCGGGCCA"	FALSE	FALSE	NA	NA	NA	NA
"AAGATCCAGCCCTCAGAACCCAGGGACTCAGCTGTGTACTTCTGTGCCAGCAGAACTGGAGTATTGGAGACCCAGTACTTCGGGCCA"	"CASRTGVLETQYF"	"AAGATCCAGCCCTCAGAACCCAGGGACTCAGCTGTGTACTTCTGTGCCAGCAGAACTGGAGTATTGGAGACCCAGTACTTCGGGCCA"	"CASRTGVLETQYF"	"TCRBV12-3/12-4*1"	"TCRBD2-1*2"	"TCRBJ2-5*1"	53	57	61	66	4	5	NA	NA	"AAGATCCAGCCCTCAGAACCCAGGGACTCAGCTGTGTACTTCTGTGCCAGCAGAACTGGAGTATTGGAGACCCAGTACTTCGGGCCA"	FALSE	TRUE	NA	NA	NA	NA
"TCTAAGAAGCTCCTTCTCAGTGACTCTGGCTTCTATCTCTGTGCCTGGGTGTCCTCCCTGGGGGGAAACACCATATATTTTGGAGAG"	"CAWVSSLGGNTIYF"	"TCTAAGAAGCTCCTTCTCAGTGACTCTGGCTTCTATCTCTGTGCCTGGGTGTCCTCCCTGGGGGGAAACACCATATATTTTGGAGAG"	"CAWVSSLGGNTIYF"	"TCRBV3-1*5"	NA	"TCRBJ1-3*1"	49	59	-1	63	10	64	NA	NA	"TCTAAGAAGCTCCTTCTCAGTGACTCTGGCTTCTATCTCTGTGCCTGGGTGTCCTCCCTGGGGGGAAACACCATATATTTTGGAGAG"	FALSE	TRUE	NA	NA	NA	NA
"AGCACCAACCAGACATCTATGTACCTCTGTGCCAGCAGTTTATTTTCATCTACAGGCTTGGGTAATGAAAAACTGTTTTTTGGCAGT"	"CASSLFSSTGLGNEKLFF"	"AGCACCAACCAGACATCTATGTACCTCTGTGCCAGCAGTTTATTTTCATCTACAGGCTTGGGTAATGAAAAACTGTTTTTTGGCAGT"	"CASSLFSSTGLGNEKLFF"	"TCRBV28-1*1"	"TCRBD1-1*1"	"TCRBJ1-4*1"	43	51	56	62	8	6	NA	NA	"AGCACCAACCAGACATCTATGTACCTCTGTGCCAGCAGTTTATTTTCATCTACAGGCTTGGGTAATGAAAAACTGTTTTTTGGCAGT"	FALSE	TRUE	NA	NA	NA	NA
"ACTGTGACATCGGCCCAAAAGAACCCGACAGCTTTCTATCTCTGTGCCAGCGCTCCTAGCGGGCAAGAGACCCAGTACTTCGGGCCA"	"CASAPSGQETQYF"	"ACTGTGACATCGGCCCAAAAGAACCCGACAGCTTTCTATCTCTGTGCCAGCGCTCCTAGCGGGCAAGAGACCCAGTACTTCGGGCCA"	"CASAPSGQETQYF"	"TCRBV19-1*1"	"TCRBD2-1"	"TCRBJ2-5*1"	50	55	-1	63	5	64	NA	NA	"ACTGTGACATCGGCCCAAAAGAACCCGACAGCTTTCTATCTCTGTGCCAGCGCTCCTAGCGGGCAAGAGACCCAGTACTTCGGGCCA"	FALSE	TRUE	NA	NA	NA	NA
"NNNNNNNTGTCGGCTGCTCCCTCCCAAACATCTGTGTACTTCTGTGCCAGCAGTTACAGGCAGCAAGAGACCCAGTACTTCGGGCCA"	"CASSYRQQETQYF"	"NNNNNNNTGTCGGCTGCTCCCTCCCAAACATCTGTGTACTTCTGTGCCAGCAGTTACAGGCAGCAAGAGACCCAGTACTTCGGGCCA"	"CASSYRQQETQYF"	"TCRBV6-2/6-3*1"	NA	"TCRBJ2-5*1"	57	60	-1	63	3	64	NA	NA	"NNNNNNNTGTCGGCTGCTCCCTCCCAAACATCTGTGTACTTCTGTGCCAGCAGTTACAGGCAGCAAGAGACCCAGTACTTCGGGCCA"	FALSE	TRUE	NA	NA	NA	NA
"GTGACCAGTGCCCATCCTGAAGACAGCAGCTTCTACATCTGCAGTGCTCCCTCTGAACGGGGCAAAAACATTCAGTACTTCGGCGCC"	"CSAPSERGKNIQYF"	"GTGACCAGTGCCCATCCTGAAGACAGCAGCTTCTACATCTGCAGTGCTCCCTCTGAACGGGGCAAAAACATTCAGTACTTCGGCGCC"	"CSAPSERGKNIQYF"	NA	"TCRBD2-1*1"	"TCRBJ2-4*1"	48	57	-1	62	9	63	NA	NA	"GTGACCAGTGCCCATCCTGAAGACAGCAGCTTCTACATCTGCAGTGCTCCCTCTGAACGGGGCAAAAACATTCAGTACTTCGGCGCC"	FALSE	TRUE	NA	NA	NA	NA
"CGCACAGAGCGGGGGGACTCAGCCGTGTATCTCTGTGCCAGCAGCTTAACGGGACAGGAAGGTCCCGGGGAGCTGTTTTTTGGAGAA"	"CASSLTGQEGPGELFF"	"CGCACAGAGCGGGGGGACTCAGCCGTGTATCTCTGTGCCAGCAGCTTAACGGGACAGGAAGGTCCCGGGGAGCTGTTTTTTGGAGAA"	"CASSLTGQEGPGELFF"	"TCRBV7-3*1"	"TCRBD1-1*1"	"TCRBJ2-2*1"	-1	50	58	64	51	6	NA	NA	"CGCACAGAGCGGGGGGACTCAGCCGTGTATCTCTGTGCCAGCAGCTTAACGGGACAGGAAGGTCCCGGGGAGCTGTTTTTTGGAGAA"	FALSE	TRUE	NA	NA	NA	NA
"CCAGTCCACGGAGTCAGGGGACACAGCACTGTATTTCTGTGCCAGCAGCAGGACTAGCGGGGAGAGCGTGAGCAGTTCTTCGGGCCA"	""	"CCAGTCCACGGAGTCAGGGGACACAGCACTGTATTTCTGTGCCAGCAGCAGGACTAGCGGGGAGAGCGTGAGCAGTTCTTCGGGCCA"	""	"TCRBV21-1*1"	"TCRBD2-1*1"	"TCRBJ2-1*1"	-1	50	62	68	51	6	NA	NA	"CCAGTCCACGGAGTCAGGGGACACAGCACTGTATTTCTGTGCCAGCAGCAGGACTAGCGGGGAGAGCGTGAGCAGTTCTTCGGGCCA"	FALSE	FALSE	NA	NA	NA	NA
"ACTGTGACATCGGCCCAAAAGAACCCGACAGCTTTCTATCTCTGTGCCAGTAGTTACGGGAATGGAGAGACCCAGTACTTCGGGCCA"	"CASSYGNGETQYF"	"ACTGTGACATCGGCCCAAAAGAACCCGACAGCTTTCTATCTCTGTGCCAGTAGTTACGGGAATGGAGAGACCCAGTACTTCGGGCCA"	"CASSYGNGETQYF"	"TCRBV19-1*1"	"TCRBD2-1*2"	"TCRBJ2-5*1"	54	56	61	65	2	4	NA	NA	"ACTGTGACATCGGCCCAAAAGAACCCGACAGCTTTCTATCTCTGTGCCAGTAGTTACGGGAATGGAGAGACCCAGTACTTCGGGCCA"	FALSE	TRUE	NA	NA	NA	NA
"GTGACCAGTGCCCATCCTGAAGACAGCAGCTTCTACATCTGCAGTGCACCACTTAGCGGCGTAGAATACGAGCAGTACTTCGGGCCG"	"CSAPLSGVEYEQYF"	"GTGACCAGTGCCCATCCTGAAGACAGCAGCTTCTACATCTGCAGTGCACCACTTAGCGGCGTAGAATACGAGCAGTACTTCGGGCCG"	"CSAPLSGVEYEQYF"	NA	"TCRBD2-1"	"TCRBJ2-7*1"	47	53	59	66	6	7	NA	NA	"GTGACCAGTGCCCATCCTGAAGACAGCAGCTTCTACATCTGCAGTGCACCACTTAGCGGCGTAGAATACGAGCAGTACTTCGGGCCG"	FALSE	TRUE	NA	NA	NA	NA
"AACGCCTTGGAGCTGGACGACTCGGCCCTGTATCTCTGTGCCAGCAGCTCCAGGGTCCCCCTTGCAGATACGCAGTATTTTGGCCCA"	"CASSSRVPLADTQYF"	"AACGCCTTGGAGCTGGACGACTCGGCCCTGTATCTCTGTGCCAGCAGCTCCAGGGTCCCCCTTGCAGATACGCAGTATTTTGGCCCA"	"CASSSRVPLADTQYF"	"TCRBV5-4*1"	"TCRBD1-1*1"	"TCRBJ2-3*1"	49	50	55	64	1	9	NA	NA	"AACGCCTTGGAGCTGGACGACTCGGCCCTGTATCTCTGTGCCAGCAGCTCCAGGGTCCCCCTTGCAGATACGCAGTATTTTGGCCCA"	FALSE	TRUE	NA	NA	NA	NA
"GAGTCTGCCATCCCCAACCAGACAGCTCTTTACTTCTGTGCCACCAGTGATCCCGGGACAGGGGCCTACGAGCAGTACTTCGGGCCG"	"CATSDPGTGAYEQYF"	"GAGTCTGCCATCCCCAACCAGACAGCTCTTTACTTCTGTGCCACCAGTGATCCCGGGACAGGGGCCTACGAGCAGTACTTCGGGCCG"	"CATSDPGTGAYEQYF"	"TCRBV24-1*1"	"TCRBD1-1*1"	"TCRBJ2-7*1"	51	54	-1	64	3	65	NA	NA	"GAGTCTGCCATCCCCAACCAGACAGCTCTTTACTTCTGTGCCACCAGTGATCCCGGGACAGGGGCCTACGAGCAGTACTTCGGGCCG"	FALSE	TRUE	NA	NA	NA	NA
"GGGACTCGGCCGTGTATCTCTGTGCCAGCAGCTTAGAGTCGGACCCCCGCCGGACAGGTTGACTCCTACGAGCAGTACTTCGGGCCG"	""	"GGGACTCGGCCGTGTATCTCTGTGCCAGCAGCTTAGAGTCGGACCCCCGCCGGACAGGTTGACTCCTACGAGCAGTACTTCGGGCCG"	""	"TCRBV11-3*1"	"TCRBD1-1*1"	"TCRBJ2-7*1"	37	51	58	62	14	4	NA	NA	"GGGACTCGGCCGTGTATCTCTGTGCCAGCAGCTTAGAGTCGGACCCCCGCCGGACAGGTTGACTCCTACGAGCAGTACTTCGGGCCG"	FALSE	FALSE	NA	NA	NA	NA
"CTGAAGATCCGGTCCACAAAGCTGGAGGACTCAGCCATGTACTTCTGTGCCAGCTGCCGGGACCACTATGGCTACACCTTCGGTTCG"	"CASCRDHYGYTF"	"CTGAAGATCCGGTCCACAAAGCTGGAGGACTCAGCCATGTACTTCTGTGCCAGCTGCCGGGACCACTATGGCTACACCTTCGGTTCG"	"CASCRDHYGYTF"	"TCRBV2-1"	NA	"TCRBJ1-2*1"	54	58	63	64	4	1	NA	NA	"CTGAAGATCCGGTCCACAAAGCTGGAGGACTCAGCCATGTACTTCTGTGCCAGCTGCCGGGACCACTATGGCTACACCTTCGGTTCG"	FALSE	TRUE	NA	NA	NA	NA
"NNNNNNNTGTCGGCTGCTCCCTCCCAGACATCTGTGTACTTCTGTGCCAGCAGAACCTCAGGATTCTACGAGCAGTACTTCGGGCCG"	"CASRTSGFYEQYF"	"NNNNNNNTGTCGGCTGCTCCCTCCCAGACATCTGTGTACTTCTGTGCCAGCAGAACCTCAGGATTCTACGAGCAGTACTTCGGGCCG"	"CASRTSGFYEQYF"	"TCRBV6-5*1"	"TCRBD1-1*1"	"TCRBJ2-7*1"	53	58	62	65	5	3	NA	NA	"NNNNNNNTGTCGGCTGCTCCCTCCCAGACATCTGTGTACTTCTGTGCCAGCAGAACCTCAGGATTCTACGAGCAGTACTTCGGGCCG"	FALSE	TRUE	NA	NA	NA	NA
"GAGTCCGCTACCAGCTCCCAGACATCTGTGTACTTCTGTGCCCTCCTAACGGGCAGGGGGCTCTGCAATGAGCAGTTCTTCGGGCCA"	"CALLTGRGLCNEQFF"	"GAGTCCGCTACCAGCTCCCAGACATCTGTGTACTTCTGTGCCCTCCTAACGGGCAGGGGGCTCTGCAATGAGCAGTTCTTCGGGCCA"	"CALLTGRGLCNEQFF"	"TCRBV1-3*1"	"TCRBD1-1*1"	"TCRBJ2-1*1"	42	53	61	65	11	4	NA	NA	"GAGTCCGCTACCAGCTCCCAGACATCTGTGTACTTCTGTGCCCTCCTAACGGGCAGGGGGCTCTGCAATGAGCAGTTCTTCGGGCCA"	FALSE	TRUE	NA	NA	NA	NA
"NTGTCGGCTGCTCCCTCCCAGACATCTGTGTACTTCTGTGCCAGCAGTGAATTTGGGGCTCGCAATCAGCCCCAGCATTTTGGTGAT"	"CASSEFGARNQPQHF"	"NTGTCGGCTGCTCCCTCCCAGACATCTGTGTACTTCTGTGCCAGCAGTGAATTTGGGGCTCGCAATCAGCCCCAGCATTTTGGTGAT"	"CASSEFGARNQPQHF"	"TCRBV6-1*1"	"TCRBD1-1*1"	"TCRBJ1-5*1"	51	54	59	61	3	2	NA	NA	"NTGTCGGCTGCTCCCTCCCAGACATCTGTGTACTTCTGTGCCAGCAGTGAATTTGGGGCTCGCAATCAGCCCCAGCATTTTGGTGAT"	FALSE	TRUE	NA	NA	NA	NA
"TCGGCTGCTCCCTCCCAGACATCTGTGTACTTCTGTGCCAGCAGTTACCGTCTACGGCGCTCCTACAATGAGCAGTTCTTCGGGCCA"	"CASSYRLRRSYNEQFF"	"TCGGCTGCTCCCTCCCAGACATCTGTGTACTTCTGTGCCAGCAGTTACCGTCTACGGCGCTCCTACAATGAGCAGTTCTTCGGGCCA"	"CASSYRLRRSYNEQFF"	"TCRBV6-5*1"	NA	"TCRBJ2-1*1"	48	55	58	59	7	1	NA	NA	"TCGGCTGCTCCCTCCCAGACATCTGTGTACTTCTGTGCCAGCAGTTACCGTCTACGGCGCTCCTACAATGAGCAGTTCTTCGGGCCA"	FALSE	TRUE	NA	NA	NA	NA
"CCAGGCCTGGGGGACGCAGCCATGTACCTGTGTGCCACCAGCCCCCGAAGCGGACTGGGGGCCTACAATGAGCAGTTCTTCGGGCCA"	"CATSPRSGLGAYNEQFF"	"CCAGGCCTGGGGGACGCAGCCATGTACCTGTGTGCCACCAGCCCCCGAAGCGGACTGGGGGCCTACAATGAGCAGTTCTTCGGGCCA"	"CATSPRSGLGAYNEQFF"	"TCRBV15-1*2"	NA	"TCRBJ2-1*1"	42	56	-1	61	14	62	NA	NA	"CCAGGCCTGGGGGACGCAGCCATGTACCTGTGTGCCACCAGCCCCCGAAGCGGACTGGGGGCCTACAATGAGCAGTTCTTCGGGCCA"	FALSE	TRUE	NA	NA	NA	NA
"CACAGAGCAGGGGGACTCGGCCATGTATCTCTGTGCCAGCAGCTTAAGCCCTGGCGGGAGAGCACAGATACGCAGTATTTTGGCCCA"	""	"CACAGAGCAGGGGGACTCGGCCATGTATCTCTGTGCCAGCAGCTTAAGCCCTGGCGGGAGAGCACAGATACGCAGTATTTTGGCCCA"	""	"TCRBV7-9*1"	"TCRBD2-1*2"	"TCRBJ2-3*1"	46	53	-1	60	7	61	NA	NA	"CACAGAGCAGGGGGACTCGGCCATGTATCTCTGTGCCAGCAGCTTAAGCCCTGGCGGGAGAGCACAGATACGCAGTATTTTGGCCCA"	FALSE	FALSE	NA	NA	NA	NA
"CTGAGCTCTCTGGAGCTGGGGGACTCAGCTTTGTATTTCTGTGCCAGCAGCGAAACAGGGGCTGGAAACACCATATATTTTGGAGAG"	"CASSETGAGNTIYF"	"CTGAGCTCTCTGGAGCTGGGGGACTCAGCTTTGTATTTCTGTGCCAGCAGCGAAACAGGGGCTGGAAACACCATATATTTTGGAGAG"	"CASSETGAGNTIYF"	"TCRBV9-1*1"	"TCRBD1-1*1"	"TCRBJ1-3*1"	52	54	-1	61	2	62	NA	NA	"CTGAGCTCTCTGGAGCTGGGGGACTCAGCTTTGTATTTCTGTGCCAGCAGCGAAACAGGGGCTGGAAACACCATATATTTTGGAGAG"	FALSE	TRUE	NA	NA	NA	NA
"CGCCCAGCCCCAACCAGACCTCTCTGTACTTCTGTGCCAGCAGTAATCCGTGGGGGGGACTCCTTGGAAAAACTGTTTTTTGGCAGT"	""	"CGCCCAGCCCCAACCAGACCTCTCTGTACTTCTGTGCCAGCAGTAATCCGTGGGGGGGACTCCTTGGAAAAACTGTTTTTTGGCAGT"	""	"TCRBV27-1*1"	"TCRBD2-1*1"	"TCRBJ1-4*1"	44	51	58	66	7	8	NA	NA	"CGCCCAGCCCCAACCAGACCTCTCTGTACTTCTGTGCCAGCAGTAATCCGTGGGGGGGACTCCTTGGAAAAACTGTTTTTTGGCAGT"	FALSE	FALSE	NA	NA	NA	NA
"TTGGAGCTGGGGGACTCGGCCCTTTATCTTTGCGCCAGCAGCTTAAGAGGTAGGCAGGGGGGTTCAGAGACCCAGTACTTCGGGCCA"	"CASSLRGRQGGSETQYF"	"TTGGAGCTGGGGGACTCGGCCCTTTATCTTTGCGCCAGCAGCTTAAGAGGTAGGCAGGGGGGTTCAGAGACCCAGTACTTCGGGCCA"	"CASSLRGRQGGSETQYF"	"TCRBV5-1*1"	"TCRBD1-1*1"	"TCRBJ2-5*1"	44	54	61	65	10	4	NA	NA	"TTGGAGCTGGGGGACTCGGCCCTTTATCTTTGCGCCAGCAGCTTAAGAGGTAGGCAGGGGGGTTCAGAGACCCAGTACTTCGGGCCA"	FALSE	TRUE	NA	NA	NA	NA
"CTACACACCCTGCAGCCAGAAGACTCGGCCCTGTATCTCTGTGCCAGCAGCCAAGATTTGGGAGGGGGCTCCCAGTACTTCGGGCCA"	"CASSQDLGGGSQYF"	"CTACACACCCTGCAGCCAGAAGACTCGGCCCTGTATCTCTGTGCCAGCAGCCAAGATTTGGGAGGGGGCTCCCAGTACTTCGGGCCA"	"CASSQDLGGGSQYF"	"TCRBV4-2*1"	NA	"TCRBJ2-5*1"	56	62	69	70	6	1	NA	NA	"CTACACACCCTGCAGCCAGAAGACTCGGCCCTGTATCTCTGTGCCAGCAGCCAAGATTTGGGAGGGGGCTCCCAGTACTTCGGGCCA"	FALSE	TRUE	NA	NA	NA	NA
"GTGACCAGTGCCCATCCTGAAGACAGCAGCTTCTACATCTGCAGTGCTCGCCGGGACTAGCGGTCCTACGAGCAGTACTTCGGGCCG"	"CSARRD*RSYEQYF"	"GTGACCAGTGCCCATCCTGAAGACAGCAGCTTCTACATCTGCAGTGCTCGCCGGGACTAGCGGTCCTACGAGCAGTACTTCGGGCCG"	"CSARRD*RSYEQYF"	NA	"TCRBD2-1"	"TCRBJ2-7*1"	48	52	-1	63	4	64	NA	NA	"GTGACCAGTGCCCATCCTGAAGACAGCAGCTTCTACATCTGCAGTGCTCGCCGGGACTAGCGGTCCTACGAGCAGTACTTCGGGCCG"	FALSE	TRUE	NA	NA	NA	NA
"CTGATCCTGGAGTCGCCCAGCCCCAACCAGACCTCTCTGTACTTCTGTGCCAGCAGTTTATTGGGAGATGAGCAGTTCTTCGGGCCA"	"CASSLLGDEQFF"	"CTGATCCTGGAGTCGCCCAGCCCCAACCAGACCTCTCTGTACTTCTGTGCCAGCAGTTTATTGGGAGATGAGCAGTTCTTCGGGCCA"	"CASSLLGDEQFF"	"TCRBV27-1*1"	"TCRBD2-1*2"	"TCRBJ2-1*1"	61	62	-1	67	1	68	NA	NA	"CTGATCCTGGAGTCGCCCAGCCCCAACCAGACCTCTCTGTACTTCTGTGCCAGCAGTTTATTGGGAGATGAGCAGTTCTTCGGGCCA"	FALSE	TRUE	NA	NA	NA	NA
"GTGACATCGGCCCAAAAGAACCCGACAGCTTTCTATCTCTGTGCCAGTATCGGAAGACAGGGAGTCTATGGCTACACCTTCGGTTCG"	"CASIGRQGVYGYTF"	"GTGACATCGGCCCAAAAGAACCCGACAGCTTTCTATCTCTGTGCCAGTATCGGAAGACAGGGAGTCTATGGCTACACCTTCGGTTCG"	"CASIGRQGVYGYTF"	"TCRBV19-1*1"	"TCRBD1-1*1"	"TCRBJ1-2*1"	49	55	62	65	6	3	NA	NA	"GTGACATCGGCCCAAAAGAACCCGACAGCTTTCTATCTCTGTGCCAGTATCGGAAGACAGGGAGTCTATGGCTACACCTTCGGTTCG"	FALSE	TRUE	NA	NA	NA	NA
"ACCAGTGCCCATCCTGAAGACAGCAGCTTCTACATCTGCAGTGCTAGGCCGACGGGACTAGACTACAATGAGCAGTTCTTCGGGCCA"	"CSARPTGLDYNEQFF"	"ACCAGTGCCCATCCTGAAGACAGCAGCTTCTACATCTGCAGTGCTAGGCCGACGGGACTAGACTACAATGAGCAGTTCTTCGGGCCA"	"CSARPTGLDYNEQFF"	NA	"TCRBD2-1"	"TCRBJ2-1*1"	47	53	61	62	6	1	NA	NA	"ACCAGTGCCCATCCTGAAGACAGCAGCTTCTACATCTGCAGTGCTAGGCCGACGGGACTAGACTACAATGAGCAGTTCTTCGGGCCA"	FALSE	TRUE	NA	NA	NA	NA
"CTAGAGTCTGCCATCCCCAACCAGACAGCTCTTTACTTCTGTGCCACCAGCCAGTACAGGGACCAAGAGACCCAGTACTTCGGGCCA"	"CATSQYRDQETQYF"	"CTAGAGTCTGCCATCCCCAACCAGACAGCTCTTTACTTCTGTGCCACCAGCCAGTACAGGGACCAAGAGACCCAGTACTTCGGGCCA"	"CATSQYRDQETQYF"	"TCRBV24-1*1"	"TCRBD1-1*1"	"TCRBJ2-5*1"	50	55	-1	61	5	62	NA	NA	"CTAGAGTCTGCCATCCCCAACCAGACAGCTCTTTACTTCTGTGCCACCAGCCAGTACAGGGACCAAGAGACCCAGTACTTCGGGCCA"	FALSE	TRUE	NA	NA	NA	NA
"GAGTCTGCTGCCTCCTCCCAGACATCTGTATATTTCTGCGCCAGCTAGGGAATCAAGGACGGCGGCGAGACCCAGTACTTCGGGCCA"	"CAS*GIKDGGETQYF"	"GAGTCTGCTGCCTCCTCCCAGACATCTGTATATTTCTGCGCCAGCTAGGGAATCAAGGACGGCGGCGAGACCCAGTACTTCGGGCCA"	"CAS*GIKDGGETQYF"	"TCRBV1-1*1"	NA	"TCRBJ2-5*1"	45	47	51	66	2	15	NA	NA	"GAGTCTGCTGCCTCCTCCCAGACATCTGTATATTTCTGCGCCAGCTAGGGAATCAAGGACGGCGGCGAGACCCAGTACTTCGGGCCA"	FALSE	TRUE	NA	NA	NA	NA
"TCGCCCAGCCCCAACCAGACCTCTCTGTACTTCTGTGCCAGCAGAAAACGGGCTAGCGGGAGGGACAATGAGCAGTTCTTCGGGCCA"	"CASRKRASGRDNEQFF"	"TCGCCCAGCCCCAACCAGACCTCTCTGTACTTCTGTGCCAGCAGAAAACGGGCTAGCGGGAGGGACAATGAGCAGTTCTTCGGGCCA"	"CASRKRASGRDNEQFF"	"TCRBV27-1*1"	"TCRBD2-1*2"	"TCRBJ2-1*1"	44	52	-1	64	8	65	NA	NA	"TCGCCCAGCCCCAACCAGACCTCTCTGTACTTCTGTGCCAGCAGAAAACGGGCTAGCGGGAGGGACAATGAGCAGTTCTTCGGGCCA"	FALSE	TRUE	NA	NA	NA	NA
"ACCTTGGAGCTGGGGGACTCGGCCCTTTATCTTTGCGCCAGCAGCATCACACAGGGGAGGGGGACCGGGGAGCTGTTTTTTGGAGAA"	"CASSITQGRGTGELFF"	"ACCTTGGAGCTGGGGGACTCGGCCCTTTATCTTTGCGCCAGCAGCATCACACAGGGGAGGGGGACCGGGGAGCTGTTTTTTGGAGAA"	"CASSITQGRGTGELFF"	"TCRBV5-1*1"	NA	"TCRBJ2-2*1"	45	50	57	63	5	6	NA	NA	"ACCTTGGAGCTGGGGGACTCGGCCCTTTATCTTTGCGCCAGCAGCATCACACAGGGGAGGGGGACCGGGGAGCTGTTTTTTGGAGAA"	FALSE	TRUE	NA	NA	NA	NA
"CTACACGCCCTGCAGCCAGAAGACTCAGCCCTGTATCTCTGCGCCAGCAGCCAGGGCGGGACGGTTAGAGAGCAGTACTTCGGGCCG"	"CASSQGGTVREQYF"	"CTACACGCCCTGCAGCCAGAAGACTCAGCCCTGTATCTCTGCGCCAGCAGCCAGGGCGGGACGGTTAGAGAGCAGTACTTCGGGCCG"	"CASSQGGTVREQYF"	"TCRBV4-1*1"	"TCRBD2-1*2"	"TCRBJ2-7*1"	53	55	61	69	2	8	NA	NA	"CTACACGCCCTGCAGCCAGAAGACTCAGCCCTGTATCTCTGCGCCAGCAGCCAGGGCGGGACGGTTAGAGAGCAGTACTTCGGGCCG"	FALSE	TRUE	NA	NA	NA	NA
"GAGTCGCCCAGCCCCAACCAGACCTCTCTGTACTTCTGTGCCAGCCGACAGGGGGCGGCGGTGAACTATGGCTACACCTTCGGTTCG"	"CASRQGAAVNYGYTF"	"GAGTCGCCCAGCCCCAACCAGACCTCTCTGTACTTCTGTGCCAGCCGACAGGGGGCGGCGGTGAACTATGGCTACACCTTCGGTTCG"	"CASRQGAAVNYGYTF"	"TCRBV27-1*1"	"TCRBD1-1*1"	"TCRBJ1-2*1"	45	46	56	63	1	7	NA	NA	"GAGTCGCCCAGCCCCAACCAGACCTCTCTGTACTTCTGTGCCAGCCGACAGGGGGCGGCGGTGAACTATGGCTACACCTTCGGTTCG"	FALSE	TRUE	NA	NA	NA	NA
"TCGCCCAGCCCCAACCAGACCTCTCTGTACTTCTGTGCCAGCAGTTCTTGGAGCGGCAAATACTCCTACGAGCAGTACTTCGGGCCG"	"CASSSWSGKYSYEQYF"	"TCGCCCAGCCCCAACCAGACCTCTCTGTACTTCTGTGCCAGCAGTTCTTGGAGCGGCAAATACTCCTACGAGCAGTACTTCGGGCCG"	"CASSSWSGKYSYEQYF"	"TCRBV27-1*1"	"TCRBD2-1"	"TCRBJ2-7*1"	46	51	56	62	5	6	NA	NA	"TCGCCCAGCCCCAACCAGACCTCTCTGTACTTCTGTGCCAGCAGTTCTTGGAGCGGCAAATACTCCTACGAGCAGTACTTCGGGCCG"	FALSE	TRUE	NA	NA	NA	NA
"ACCTTGGAGCTGGGGGACTCGGCCCTTTATCTTTGCGCCAGCAGCTTGGATAGCGGCAGGTCCTACAATGAGCAGTTCTTCGGGCCA"	"CASSLDSGRSYNEQFF"	"ACCTTGGAGCTGGGGGACTCGGCCCTTTATCTTTGCGCCAGCAGCTTGGATAGCGGCAGGTCCTACAATGAGCAGTTCTTCGGGCCA"	"CASSLDSGRSYNEQFF"	"TCRBV5-1*1"	"TCRBD2-1"	"TCRBJ2-1*1"	49	50	56	60	1	4	NA	NA	"ACCTTGGAGCTGGGGGACTCGGCCCTTTATCTTTGCGCCAGCAGCTTGGATAGCGGCAGGTCCTACAATGAGCAGTTCTTCGGGCCA"	FALSE	TRUE	NA	NA	NA	NA
"CTTGGAGCTGGGGGACTCGGCCCTTTATCTTTGCGCCAGCAGCTTGTTCGGCAGGGGCAAATTTAAGAGACCCAGTACTTCGGGCCA"	""	"CTTGGAGCTGGGGGACTCGGCCCTTTATCTTTGCGCCAGCAGCTTGTTCGGCAGGGGCAAATTTAAGAGACCCAGTACTTCGGGCCA"	""	"TCRBV5-1*1"	"TCRBD1-1*1"	"TCRBJ2-5*1"	46	51	57	64	5	7	NA	NA	"CTTGGAGCTGGGGGACTCGGCCCTTTATCTTTGCGCCAGCAGCTTGTTCGGCAGGGGCAAATTTAAGAGACCCAGTACTTCGGGCCA"	FALSE	FALSE	NA	NA	NA	NA
"GAGTCTGCTGCCTCCTCCCAGACATCTGTATATTTCTGCGCCACCCTATCGAGGCCTCATCGCACAGATACGCAGTATTTTGGCCCA"	"CATLSRPHRTDTQYF"	"GAGTCTGCTGCCTCCTCCCAGACATCTGTATATTTCTGCGCCACCCTATCGAGGCCTCATCGCACAGATACGCAGTATTTTGGCCCA"	"CATLSRPHRTDTQYF"	"TCRBV1-1*1"	"TCRBD2-1*2"	"TCRBJ2-3*1"	43	50	54	61	7	7	NA	NA	"GAGTCTGCTGCCTCCTCCCAGACATCTGTATATTTCTGCGCCACCCTATCGAGGCCTCATCGCACAGATACGCAGTATTTTGGCCCA"	FALSE	TRUE	NA	NA	NA	NA
"ATTCAGCGCACAGAGCAGGAGGACTCGGCCGTGTATCTCTGTGCCAGCAGCTTGGGCAGCTCAGCTTACGAGCAGTACTTCGGGCCG"	"CASSLGSSAYEQYF"	"ATTCAGCGCACAGAGCAGGAGGACTCGGCCGTGTATCTCTGTGCCAGCAGCTTGGGCAGCTCAGCTTACGAGCAGTACTTCGGGCCG"	"CASSLGSSAYEQYF"	"TCRBV7-2"	"TCRBD1-1*1"	"TCRBJ2-7*1"	-1	53	57	66	54	9	NA	NA	"ATTCAGCGCACAGAGCAGGAGGACTCGGCCGTGTATCTCTGTGCCAGCAGCTTGGGCAGCTCAGCTTACGAGCAGTACTTCGGGCCG"	FALSE	TRUE	NA	NA	NA	NA
"CCTGCAGAGCTTGAGGACTCGGCCGTGTATCTCTGTGCCAGCAGCACAGGACTAGCGGGACGTACCGGGGAGCTGTTTTTTGGAGAA"	"CASSTGLAGRTGELFF"	"CCTGCAGAGCTTGAGGACTCGGCCGTGTATCTCTGTGCCAGCAGCACAGGACTAGCGGGACGTACCGGGGAGCTGTTTTTTGGAGAA"	"CASSTGLAGRTGELFF"	NA	"TCRBD2-1*2"	"TCRBJ2-2*1"	45	48	60	63	3	3	NA	NA	"CCTGCAGAGCTTGAGGACTCGGCCGTGTATCTCTGTGCCAGCAGCACAGGACTAGCGGGACGTACCGGGGAGCTGTTTTTTGGAGAA"	FALSE	TRUE	NA	NA	NA	NA
"ATCAATTCCCTGGAGCTTGGTGACTCTGCTGTGTATTTCTGTGCCAGCAGCCAAGAACCGACTACCGGGGAGCTGTTTTTTGGAGAA"	"CASSQEPTTGELFF"	"ATCAATTCCCTGGAGCTTGGTGACTCTGCTGTGTATTTCTGTGCCAGCAGCCAAGAACCGACTACCGGGGAGCTGTTTTTTGGAGAA"	"CASSQEPTTGELFF"	"TCRBV3-1/3-2*1"	"TCRBD2-1"	"TCRBJ2-2*1"	56	59	-1	63	3	64	NA	NA	"ATCAATTCCCTGGAGCTTGGTGACTCTGCTGTGTATTTCTGTGCCAGCAGCCAAGAACCGACTACCGGGGAGCTGTTTTTTGGAGAA"	FALSE	TRUE	NA	NA	NA	NA
"CGTTGGCGTCTGCTGTACCCTCTCAGACATCTGTGTACTTCTGTGCCAGCAGTCCCCCTAGATTGGGTGACCCAGTACTTCGGGCCA"	""	"CGTTGGCGTCTGCTGTACCCTCTCAGACATCTGTGTACTTCTGTGCCAGCAGTCCCCCTAGATTGGGTGACCCAGTACTTCGGGCCA"	""	"TCRBV6-4*1"	"TCRBD2-1"	"TCRBJ2-5*1"	53	57	61	68	4	7	NA	NA	"CGTTGGCGTCTGCTGTACCCTCTCAGACATCTGTGTACTTCTGTGCCAGCAGTCCCCCTAGATTGGGTGACCCAGTACTTCGGGCCA"	FALSE	FALSE	NA	NA	NA	NA
"CTGGGGGACTCGGCCCTCTATCTCTGTGCCAGCACACCAAGGCAGGGGGCTAAATAAACGAACACCGGGGAGCTGTTTTTTGGAGAA"	"CASTPRQGAK*TNTGELFF"	"CTGGGGGACTCGGCCCTCTATCTCTGTGCCAGCACACCAAGGCAGGGGGCTAAATAAACGAACACCGGGGAGCTGTTTTTTGGAGAA"	"CASTPRQGAK*TNTGELFF"	"TCRBV5-6*1"	"TCRBD1-1*1"	"TCRBJ2-2*1"	34	42	50	58	8	8	NA	NA	"CTGGGGGACTCGGCCCTCTATCTCTGTGCCAGCACACCAAGGCAGGGGGCTAAATAAACGAACACCGGGGAGCTGTTTTTTGGAGAA"	FALSE	TRUE	NA	NA	NA	NA
"ATCCGGTCCACAAAGCTGGAGGACTCAGCCATGTACTTCTGTGCCAGCAGTGAAGCCCCGGGGCCCGGGGAGCTGTTTTTTGGAGAA"	"CASSEAPGPGELFF"	"ATCCGGTCCACAAAGCTGGAGGACTCAGCCATGTACTTCTGTGCCAGCAGTGAAGCCCCGGGGCCCGGGGAGCTGTTTTTTGGAGAA"	"CASSEAPGPGELFF"	"TCRBV2-1"	NA	"TCRBJ2-2*1"	56	59	-1	64	3	65	NA	NA	"ATCCGGTCCACAAAGCTGGAGGACTCAGCCATGTACTTCTGTGCCAGCAGTGAAGCCCCGGGGCCCGGGGAGCTGTTTTTTGGAGAA"	FALSE	TRUE	NA	NA	NA	NA
"GAGTCTGCCATCCCCAACCAGACAGCTCTTTACTTCTGTGCCACCTCCATGGGTAGGGGCCTCTCCTACGAGCAGTACTTCGGGCCG"	"CATSMGRGLSYEQYF"	"GAGTCTGCCATCCCCAACCAGACAGCTCTTTACTTCTGTGCCACCTCCATGGGTAGGGGCCTCTCCTACGAGCAGTACTTCGGGCCG"	"CATSMGRGLSYEQYF"	"TCRBV24-1*1"	"TCRBD1-1*1"	"TCRBJ2-7*1"	45	54	59	62	9	3	NA	NA	"GAGTCTGCCATCCCCAACCAGACAGCTCTTTACTTCTGTGCCACCTCCATGGGTAGGGGCCTCTCCTACGAGCAGTACTTCGGGCCG"	FALSE	TRUE	NA	NA	NA	NA
"CCCTCAGAACCCAGGGACTCAGCTGTGTACTTCTGTGCCAGCAGTCAGCTACAGGGGCCGGGGGGCACTGAAGCTTTCTTTGGACAA"	"CASSQLQGPGGTEAFF"	"CCCTCAGAACCCAGGGACTCAGCTGTGTACTTCTGTGCCAGCAGTCAGCTACAGGGGCCGGGGGGCACTGAAGCTTTCTTTGGACAA"	"CASSQLQGPGGTEAFF"	NA	NA	"TCRBJ1-1*1"	45	50	57	65	5	8	NA	NA	"CCCTCAGAACCCAGGGACTCAGCTGTGTACTTCTGTGCCAGCAGTCAGCTACAGGGGCCGGGGGGCACTGAAGCTTTCTTTGGACAA"	FALSE	TRUE	NA	NA	NA	NA
"CTGGAGTCCGCCAGCACCAACCAGACATCTATGTACCTCTGTGCCAGCACCTCTTCGGGCCCCCTCAATGAGCAGTTCTTCGGGCCA"	"CASTSSGPLNEQFF"	"CTGGAGTCCGCCAGCACCAACCAGACATCTATGTACCTCTGTGCCAGCACCTCTTCGGGCCCCCTCAATGAGCAGTTCTTCGGGCCA"	"CASTSSGPLNEQFF"	"TCRBV28-1*1"	NA	"TCRBJ2-1*1"	49	56	60	65	7	5	NA	NA	"CTGGAGTCCGCCAGCACCAACCAGACATCTATGTACCTCTGTGCCAGCACCTCTTCGGGCCCCCTCAATGAGCAGTTCTTCGGGCCA"	FALSE	TRUE	NA	NA	NA	NA
"AGTGACCAGTGCCCATCCTGAAGACAGCAGCTTCTACATCTGCAGTGCGCCAATCAGGAGGAGGACTATGGCTACACCTTCGGTTCG"	""	"AGTGACCAGTGCCCATCCTGAAGACAGCAGCTTCTACATCTGCAGTGCGCCAATCAGGAGGAGGACTATGGCTACACCTTCGGTTCG"	""	NA	"TCRBD2-1*2"	"TCRBJ1-2*1"	48	56	61	64	8	3	NA	NA	"AGTGACCAGTGCCCATCCTGAAGACAGCAGCTTCTACATCTGCAGTGCGCCAATCAGGAGGAGGACTATGGCTACACCTTCGGTTCG"	FALSE	FALSE	NA	NA	NA	NA
"ATCCAGCGCACAGAGCGGGGGGACTCAGCCGTGTATCTCTGTGCCAGCAGCTTCCGGGAAAGGGCAGATACGCAGTATTTTGGCCCA"	"CASSFRERADTQYF"	"ATCCAGCGCACAGAGCGGGGGGACTCAGCCGTGTATCTCTGTGCCAGCAGCTTCCGGGAAAGGGCAGATACGCAGTATTTTGGCCCA"	"CASSFRERADTQYF"	"TCRBV7-3*1"	"TCRBD2-1*2"	"TCRBJ2-3*1"	53	54	59	64	1	5	NA	NA	"ATCCAGCGCACAGAGCGGGGGGACTCAGCCGTGTATCTCTGTGCCAGCAGCTTCCGGGAAAGGGCAGATACGCAGTATTTTGGCCCA"	FALSE	TRUE	NA	NA	NA	NA
"CAGCGCACAGAGCAGGGGGACTCGGCCATGTATCTCTGTGCCAGCAGTCCTCCAGGGACGGAGAAAAACATTCAGTACTTCGGCGCC"	"CASSPPGTEKNIQYF"	"CAGCGCACAGAGCAGGGGGACTCGGCCATGTATCTCTGTGCCAGCAGTCCTCCAGGGACGGAGAAAAACATTCAGTACTTCGGCGCC"	"CASSPPGTEKNIQYF"	"TCRBV7-9*1"	NA	"TCRBJ2-4*1"	47	54	59	63	7	4	NA	NA	"CAGCGCACAGAGCAGGGGGACTCGGCCATGTATCTCTGTGCCAGCAGTCCTCCAGGGACGGAGAAAAACATTCAGTACTTCGGCGCC"	FALSE	TRUE	NA	NA	NA	NA
"GTGACCAGTGCCCATCCTGAAGACAGCAGCTTCTACATCTGCAGTGCTAAATGGCGGGGAACTAACTATGGCTACACCTTCGGTTCG"	"CSAKWRGTNYGYTF"	"GTGACCAGTGCCCATCCTGAAGACAGCAGCTTCTACATCTGCAGTGCTAAATGGCGGGGAACTAACTATGGCTACACCTTCGGTTCG"	"CSAKWRGTNYGYTF"	NA	"TCRBD2-1*1"	"TCRBJ1-2*1"	49	53	59	61	4	2	NA	NA	"GTGACCAGTGCCCATCCTGAAGACAGCAGCTTCTACATCTGCAGTGCTAAATGGCGGGGAACTAACTATGGCTACACCTTCGGTTCG"	FALSE	TRUE	NA	NA	NA	NA
"GCTGCTCCCTCCCAGACATCTGTGTACTTCTGTGCCAGCAGTTATATTTCCGGACTGGGGGGCACCGGGGAGCTGTTTTTTGGAGAA"	"CASSYISGLGGTGELFF"	"GCTGCTCCCTCCCAGACATCTGTGTACTTCTGTGCCAGCAGTTATATTTCCGGACTGGGGGGCACCGGGGAGCTGTTTTTTGGAGAA"	"CASSYISGLGGTGELFF"	NA	"TCRBD2-1*1"	"TCRBJ2-2*1"	44	56	-1	62	12	63	NA	NA	"GCTGCTCCCTCCCAGACATCTGTGTACTTCTGTGCCAGCAGTTATATTTCCGGACTGGGGGGCACCGGGGAGCTGTTTTTTGGAGAA"	FALSE	TRUE	NA	NA	NA	NA
"ATCCAGCGCACAGAGCAGGGGGACTCGGCCATGTATCTCTGTGCCAGCAGCCTCGGAGGGGGCGGGACTGAAGCTTTCTTTGGACAA"	"CASSLGGGGTEAFF"	"ATCCAGCGCACAGAGCAGGGGGACTCGGCCATGTATCTCTGTGCCAGCAGCCTCGGAGGGGGCGGGACTGAAGCTTTCTTTGGACAA"	"CASSLGGGGTEAFF"	"TCRBV7-9*1"	"TCRBD1-1*1"	"TCRBJ1-1*1"	51	56	63	66	5	3	NA	NA	"ATCCAGCGCACAGAGCAGGGGGACTCGGCCATGTATCTCTGTGCCAGCAGCCTCGGAGGGGGCGGGACTGAAGCTTTCTTTGGACAA"	FALSE	TRUE	NA	NA	NA	NA
"CTAGAGTCTGCCATCCCCAACCAGACAGCTCTTTACTTCTGTGCCACCAGCCTTGACAGGGGTGGCAATGAGCAGTTCTTCGGGCCA"	"CATSLDRGGNEQFF"	"CTAGAGTCTGCCATCCCCAACCAGACAGCTCTTTACTTCTGTGCCACCAGCCTTGACAGGGGTGGCAATGAGCAGTTCTTCGGGCCA"	"CATSLDRGGNEQFF"	"TCRBV24-1*1"	"TCRBD1-1*1"	"TCRBJ2-1*1"	50	54	62	65	4	3	NA	NA	"CTAGAGTCTGCCATCCCCAACCAGACAGCTCTTTACTTCTGTGCCACCAGCCTTGACAGGGGTGGCAATGAGCAGTTCTTCGGGCCA"	FALSE	TRUE	NA	NA	NA	NA
"GCGTCTGCTGTACCCTCTCAGACATCTGTGTACTTCTGTGCCAGCAGGGACAGAGCTCGGGCCAAAAACATTCAGTACTTCGGCGCC"	"CASRDRARAKNIQYF"	"GCGTCTGCTGTACCCTCTCAGACATCTGTGTACTTCTGTGCCAGCAGGGACAGAGCTCGGGCCAAAAACATTCAGTACTTCGGCGCC"	"CASRDRARAKNIQYF"	"TCRBV6-4*1"	"TCRBD2-1"	"TCRBJ2-4*1"	51	53	56	60	2	4	NA	NA	"GCGTCTGCTGTACCCTCTCAGACATCTGTGTACTTCTGTGCCAGCAGGGACAGAGCTCGGGCCAAAAACATTCAGTACTTCGGCGCC"	FALSE	TRUE	NA	NA	NA	NA
"ATCCAGCGCACACAGCAGGAGGACTCGGCCGTGTATCTCTGTGCCAGCAGCTTAGGTCTGGGAACAGATACGCAGTATTTTGGCCCA"	"CASSLGLGTDTQYF"	"ATCCAGCGCACACAGCAGGAGGACTCGGCCGTGTATCTCTGTGCCAGCAGCTTAGGTCTGGGAACAGATACGCAGTATTTTGGCCCA"	"CASSLGLGTDTQYF"	"TCRBV7-2"	NA	"TCRBJ2-3*1"	55	59	-1	63	4	64	NA	NA	"ATCCAGCGCACACAGCAGGAGGACTCGGCCGTGTATCTCTGTGCCAGCAGCTTAGGTCTGGGAACAGATACGCAGTATTTTGGCCCA"	FALSE	TRUE	NA	NA	NA	NA
"CTGAGGATCCAGCCCATGGAACCCAGGGACTTGGGCCTATATTTCTGTGCCGGAGGACAGTCCAATCAGCCCCAGCATTTTGGTGAT"	"CAGGQSNQPQHF"	"CTGAGGATCCAGCCCATGGAACCCAGGGACTTGGGCCTATATTTCTGTGCCGGAGGACAGTCCAATCAGCCCCAGCATTTTGGTGAT"	"CAGGQSNQPQHF"	"TCRBV12-1*1"	"TCRBD1-1*1"	"TCRBJ1-5*1"	51	54	60	62	3	2	NA	NA	"CTGAGGATCCAGCCCATGGAACCCAGGGACTTGGGCCTATATTTCTGTGCCGGAGGACAGTCCAATCAGCCCCAGCATTTTGGTGAT"	FALSE	TRUE	NA	NA	NA	NA
"CAGCAGGTAGTGCGAGGAGATTCGGCAGCTTATTTCTGTGCCAGCTCGCCGACAGGATTAAGGGAAAAACCCCTCCACTTTGGGAAT"	"CASSPTGLREKPLHF"	"CAGCAGGTAGTGCGAGGAGATTCGGCAGCTTATTTCTGTGCCAGCTCGCCGACAGGATTAAGGGAAAAACCCCTCCACTTTGGGAAT"	"CASSPTGLREKPLHF"	"TCRBV18-1*1"	"TCRBD1-1*1"	"TCRBJ1-6*1"	47	50	56	68	3	12	NA	NA	"CAGCAGGTAGTGCGAGGAGATTCGGCAGCTTATTTCTGTGCCAGCTCGCCGACAGGATTAAGGGAAAAACCCCTCCACTTTGGGAAT"	FALSE	TRUE	NA	NA	NA	NA
"CTGACAGTGACCAGTGCCCATCCTGAAGACAGCAGCTTCTACATCTGCAGTGCCGTCCAGGGGGGAGAGACCCAGTACTTCGGGCCA"	"CSAVQGGETQYF"	"CTGACAGTGACCAGTGCCCATCCTGAAGACAGCAGCTTCTACATCTGCAGTGCCGTCCAGGGGGGAGAGACCCAGTACTTCGGGCCA"	"CSAVQGGETQYF"	NA	"TCRBD1-1*1"	"TCRBJ2-5*1"	53	57	64	65	4	1	NA	NA	"CTGACAGTGACCAGTGCCCATCCTGAAGACAGCAGCTTCTACATCTGCAGTGCCGTCCAGGGGGGAGAGACCCAGTACTTCGGGCCA"	FALSE	TRUE	NA	NA	NA	NA
"CGCACACAGCAGGAGGACTCCGCCGTGTATCTCTGTGCCAGCAGCGAACGACGGCGGGAAGTCGCAGATACGCAGTATTTTGGCCCA"	"CASSERRREVADTQYF"	"CGCACACAGCAGGAGGACTCCGCCGTGTATCTCTGTGCCAGCAGCGAACGACGGCGGGAAGTCGCAGATACGCAGTATTTTGGCCCA"	"CASSERRREVADTQYF"	"TCRBV7-8"	"TCRBD2-1*2"	"TCRBJ2-3*1"	45	53	59	64	8	5	NA	NA	"CGCACACAGCAGGAGGACTCCGCCGTGTATCTCTGTGCCAGCAGCGAACGACGGCGGGAAGTCGCAGATACGCAGTATTTTGGCCCA"	FALSE	TRUE	NA	NA	NA	NA
"CTGGAGTCGCCCAGCCCCAACCAGACCTCTCTGTACTTCTGTGCCAGCAGTTTATCGGGACAAATTTACGAGCAGTACTTCGGGCCG"	"CASSLSGQIYEQYF"	"CTGGAGTCGCCCAGCCCCAACCAGACCTCTCTGTACTTCTGTGCCAGCAGTTTATCGGGACAAATTTACGAGCAGTACTTCGGGCCG"	"CASSLSGQIYEQYF"	"TCRBV27-1*1"	"TCRBD1-1*1"	"TCRBJ2-7*1"	-1	56	62	66	57	4	NA	NA	"CTGGAGTCGCCCAGCCCCAACCAGACCTCTCTGTACTTCTGTGCCAGCAGTTTATCGGGACAAATTTACGAGCAGTACTTCGGGCCG"	FALSE	TRUE	NA	NA	NA	NA
"CACCTACACGCCCTGCAGCCAGAAGACTCAGCCCTGTATCTCTGCGCCAGCAGCCAAGCAGGGGCCGGGGAGCTGTTTTTTGGAGAA"	"CASSQAGAGELFF"	"CACCTACACGCCCTGCAGCCAGAAGACTCAGCCCTGTATCTCTGCGCCAGCAGCCAAGCAGGGGCCGGGGAGCTGTTTTTTGGAGAA"	"CASSQAGAGELFF"	"TCRBV4-1*1"	"TCRBD1-1*1"	"TCRBJ2-2*1"	-1	58	-1	64	59	65	NA	NA	"CACCTACACGCCCTGCAGCCAGAAGACTCAGCCCTGTATCTCTGCGCCAGCAGCCAAGCAGGGGCCGGGGAGCTGTTTTTTGGAGAA"	FALSE	TRUE	NA	NA	NA	NA
"CAGCCCTCAGAACCCAGGGACTCAGCTGTGTACTTCTGTGCCAGCAGTTTTGGGGGGGCGCAGGGAGATACGCAGTATTTTGGCCCA"	"CASSFGGAQGDTQYF"	"CAGCCCTCAGAACCCAGGGACTCAGCTGTGTACTTCTGTGCCAGCAGTTTTGGGGGGGCGCAGGGAGATACGCAGTATTTTGGCCCA"	"CASSFGGAQGDTQYF"	NA	"TCRBD2-1*1"	"TCRBJ2-3*1"	50	51	58	65	1	7	NA	NA	"CAGCCCTCAGAACCCAGGGACTCAGCTGTGTACTTCTGTGCCAGCAGTTTTGGGGGGGCGCAGGGAGATACGCAGTATTTTGGCCCA"	FALSE	TRUE	NA	NA	NA	NA
"AAGCTTGAGGACTCGGCCGTGTATCTCTGTGCCAGCACGGGGGGTCTGGGCAGAACCAAAAATAATTCACCCCTCCACTTTGGGAAT"	"CASTGGLGRTKNNSPLHF"	"AAGCTTGAGGACTCGGCCGTGTATCTCTGTGCCAGCACGGGGGGTCTGGGCAGAACCAAAAATAATTCACCCCTCCACTTTGGGAAT"	"CASTGGLGRTKNNSPLHF"	"TCRBV11-2"	"TCRBD2-1*1"	"TCRBJ1-6*1"	-1	37	44	61	38	17	NA	NA	"AAGCTTGAGGACTCGGCCGTGTATCTCTGTGCCAGCACGGGGGGTCTGGGCAGAACCAAAAATAATTCACCCCTCCACTTTGGGAAT"	FALSE	TRUE	NA	NA	NA	NA
"AAGCTTGAGGACTCGGCCGTGTATCTCTGTGCCAGCAGCACTCTCTCTACCCCCCCGGACAAGACCTACGAGCAGTACTTCGGGCCG"	"CASSTLSTPPDKTYEQYF"	"AAGCTTGAGGACTCGGCCGTGTATCTCTGTGCCAGCAGCACTCTCTCTACCCCCCCGGACAAGACCTACGAGCAGTACTTCGGGCCG"	"CASSTLSTPPDKTYEQYF"	"TCRBV11-2"	"TCRBD1-1*1"	"TCRBJ2-7*1"	39	56	61	64	17	3	NA	NA	"AAGCTTGAGGACTCGGCCGTGTATCTCTGTGCCAGCAGCACTCTCTCTACCCCCCCGGACAAGACCTACGAGCAGTACTTCGGGCCG"	FALSE	TRUE	NA	NA	NA	NA
"CGCACAGAGCAGGGGGACTCGGCCATGTATCTCTGTGCCAGCAGCCAGGACGGGACAGGGGATTTCTATGGCTACACCTTCGGTTCG"	"CASSQDGTGDFYGYTF"	"CGCACAGAGCAGGGGGACTCGGCCATGTATCTCTGTGCCAGCAGCCAGGACGGGACAGGGGATTTCTATGGCTACACCTTCGGTTCG"	"CASSQDGTGDFYGYTF"	"TCRBV7-9*1"	"TCRBD1-1*1"	"TCRBJ1-2*1"	45	51	61	65	6	4	NA	NA	"CGCACAGAGCAGGGGGACTCGGCCATGTATCTCTGTGCCAGCAGCCAGGACGGGACAGGGGATTTCTATGGCTACACCTTCGGTTCG"	FALSE	TRUE	NA	NA	NA	NA
"NTGTCGGCTGCTCCCTCCCAAACATCTGTGTACTTCTGTGCCAGCAGTTACTCGGTAGAAAGGGCCGGGGAGCTGTTTTTTGGAGAA"	"CASSYSVERAGELFF"	"NTGTCGGCTGCTCCCTCCCAAACATCTGTGTACTTCTGTGCCAGCAGTTACTCGGTAGAAAGGGCCGGGGAGCTGTTTTTTGGAGAA"	"CASSYSVERAGELFF"	"TCRBV6-2/6-3*1"	NA	"TCRBJ2-2*1"	53	60	-1	64	7	65	NA	NA	"NTGTCGGCTGCTCCCTCCCAAACATCTGTGTACTTCTGTGCCAGCAGTTACTCGGTAGAAAGGGCCGGGGAGCTGTTTTTTGGAGAA"	FALSE	TRUE	NA	NA	NA	NA
"CTGACAGTGACCAGTGCCCATCCTGAAGACAGCAGCTTCTACATCTGCAGTAGGAATAGGGTTAACACTGAAGCTTTCTTTGGACAA"	"CSRNRVNTEAFF"	"CTGACAGTGACCAGTGCCCATCCTGAAGACAGCAGCTTCTACATCTGCAGTAGGAATAGGGTTAACACTGAAGCTTTCTTTGGACAA"	"CSRNRVNTEAFF"	NA	NA	"TCRBJ1-1*1"	51	57	61	63	6	2	NA	NA	"CTGACAGTGACCAGTGCCCATCCTGAAGACAGCAGCTTCTACATCTGCAGTAGGAATAGGGTTAACACTGAAGCTTTCTTTGGACAA"	FALSE	TRUE	NA	NA	NA	NA
"CTGACAGTGACCAGTGCCCATCCTGAAGACAGCAGCTTCTACATCTGCAGTGCTCACCAAAGGGGGTACGAGCAGTACTTCGGGCCG"	"CSAHQRGYEQYF"	"CTGACAGTGACCAGTGCCCATCCTGAAGACAGCAGCTTCTACATCTGCAGTGCTCACCAAAGGGGGTACGAGCAGTACTTCGGGCCG"	"CSAHQRGYEQYF"	NA	"TCRBD1-1*1"	"TCRBJ2-7*1"	54	60	-1	66	6	67	NA	NA	"CTGACAGTGACCAGTGCCCATCCTGAAGACAGCAGCTTCTACATCTGCAGTGCTCACCAAAGGGGGTACGAGCAGTACTTCGGGCCG"	FALSE	TRUE	NA	NA	NA	NA
"ACACAGCAGGAGGACTCCGCCGTGTATCTCTGTGCCAGCAGCACTAGAAGGGACTAGCAAAACTAAGAGACCCAGTACTTCGGGCCA"	"CASSTRRD*QN*ETQYF"	"ACACAGCAGGAGGACTCCGCCGTGTATCTCTGTGCCAGCAGCACTAGAAGGGACTAGCAAAACTAAGAGACCCAGTACTTCGGGCCA"	"CASSTRRD*QN*ETQYF"	"TCRBV7-8"	"TCRBD2-1"	"TCRBJ2-5*1"	42	49	58	64	7	6	NA	NA	"ACACAGCAGGAGGACTCCGCCGTGTATCTCTGTGCCAGCAGCACTAGAAGGGACTAGCAAAACTAAGAGACCCAGTACTTCGGGCCA"	FALSE	TRUE	NA	NA	NA	NA
"ATCCGCTCACCAGGCCTGGGGGACGCAGCCATGTACCTGTGTGCCACCAGCTTCGGGACAGCAAACTATGGCTACACCTTCGGTTCG"	"CATSFGTANYGYTF"	"ATCCGCTCACCAGGCCTGGGGGACGCAGCCATGTACCTGTGTGCCACCAGCTTCGGGACAGCAAACTATGGCTACACCTTCGGTTCG"	"CATSFGTANYGYTF"	"TCRBV15-1*2"	"TCRBD1-1*1"	"TCRBJ1-2*1"	51	54	61	63	3	2	NA	NA	"ATCCGCTCACCAGGCCTGGGGGACGCAGCCATGTACCTGTGTGCCACCAGCTTCGGGACAGCAAACTATGGCTACACCTTCGGTTCG"	FALSE	TRUE	NA	NA	NA	NA
"AAGATCCAGCCCTCAGAACCCAGGGACTCAGCTGTGTACTTCTGTGCCAGCAGTTTAGGGCTATCCTACGAGCAGTACTTCGGGCCG"	"CASSLGLSYEQYF"	"AAGATCCAGCCCTCAGAACCCAGGGACTCAGCTGTGTACTTCTGTGCCAGCAGTTTAGGGCTATCCTACGAGCAGTACTTCGGGCCG"	"CASSLGLSYEQYF"	"TCRBV12-3/12-4*1"	NA	"TCRBJ2-7*1"	-1	58	61	63	59	2	NA	NA	"AAGATCCAGCCCTCAGAACCCAGGGACTCAGCTGTGTACTTCTGTGCCAGCAGTTTAGGGCTATCCTACGAGCAGTACTTCGGGCCG"	FALSE	TRUE	NA	NA	NA	NA
"TCGGCTGCTCCCTCCCAGACATCTGTGTACTTCTGTGCCAGCATCCCCCTAGCGGGAGGGCCAGTTTACGAGCAGTACTTCGGGCCG"	"CASIPLAGGPVYEQYF"	"TCGGCTGCTCCCTCCCAGACATCTGTGTACTTCTGTGCCAGCATCCCCCTAGCGGGAGGGCCAGTTTACGAGCAGTACTTCGGGCCG"	"CASIPLAGGPVYEQYF"	NA	"TCRBD2-1*2"	"TCRBJ2-7*1"	43	48	60	66	5	6	NA	NA	"TCGGCTGCTCCCTCCCAGACATCTGTGTACTTCTGTGCCAGCATCCCCCTAGCGGGAGGGCCAGTTTACGAGCAGTACTTCGGGCCG"	FALSE	TRUE	NA	NA	NA	NA
"GAGTCCGCCAGCACCAACCAGACATCTATGTACCTCTGTGCCAGCAGCCTAGGGGGGCGCGGCAATCAGCCCCAGCATTTTGGTGAT"	"CASSLGGRGNQPQHF"	"GAGTCCGCCAGCACCAACCAGACATCTATGTACCTCTGTGCCAGCAGCCTAGGGGGGCGCGGCAATCAGCCCCAGCATTTTGGTGAT"	"CASSLGGRGNQPQHF"	"TCRBV28-1*1"	NA	"TCRBJ1-5*1"	47	50	56	61	3	5	NA	NA	"GAGTCCGCCAGCACCAACCAGACATCTATGTACCTCTGTGCCAGCAGCCTAGGGGGGCGCGGCAATCAGCCCCAGCATTTTGGTGAT"	FALSE	TRUE	NA	NA	NA	NA
"NNNNNNNTGTCGGCTGCTCCCTCCCAGACATCTGTGTACTTCTGTGCCAGCAGTTACACGGTTAACTATGGCTACACCTTCGGTTCG"	"CASSYTVNYGYTF"	"NNNNNNNTGTCGGCTGCTCCCTCCCAGACATCTGTGTACTTCTGTGCCAGCAGTTACACGGTTAACTATGGCTACACCTTCGGTTCG"	"CASSYTVNYGYTF"	"TCRBV6-5*1"	"TCRBD2-1"	"TCRBJ1-2*1"	57	58	61	62	1	1	NA	NA	"NNNNNNNTGTCGGCTGCTCCCTCCCAGACATCTGTGTACTTCTGTGCCAGCAGTTACACGGTTAACTATGGCTACACCTTCGGTTCG"	FALSE	TRUE	NA	NA	NA	NA
"CACCTACACACCCTGCAGCCAGAAGACTCGGCCCTGTATCTCTGTGCCAGCAGCCCAACACTGAACACTGAAGCTTTCTTTGGACAA"	"CASSPTLNTEAFF"	"CACCTACACACCCTGCAGCCAGAAGACTCGGCCCTGTATCTCTGTGCCAGCAGCCCAACACTGAACACTGAAGCTTTCTTTGGACAA"	"CASSPTLNTEAFF"	"TCRBV4-2*1"	"TCRBD1-1*1"	"TCRBJ1-1*1"	55	57	60	61	2	1	NA	NA	"CACCTACACACCCTGCAGCCAGAAGACTCGGCCCTGTATCTCTGTGCCAGCAGCCCAACACTGAACACTGAAGCTTTCTTTGGACAA"	FALSE	TRUE	NA	NA	NA	NA
"ACATCGGCCCAAAAGAACCCGACAGCTTTCTATCTCTGTGCCAGTAGTATCTCTCGATATAGCAATCAGCCCCAGCATTTTGGTGAT"	"CASSISRYSNQPQHF"	"ACATCGGCCCAAAAGAACCCGACAGCTTTCTATCTCTGTGCCAGTAGTATCTCTCGATATAGCAATCAGCCCCAGCATTTTGGTGAT"	"CASSISRYSNQPQHF"	"TCRBV19-1*1"	NA	"TCRBJ1-5*1"	50	55	57	59	5	2	NA	NA	"ACATCGGCCCAAAAGAACCCGACAGCTTTCTATCTCTGTGCCAGTAGTATCTCTCGATATAGCAATCAGCCCCAGCATTTTGGTGAT"	FALSE	TRUE	NA	NA	NA	NA
"TGCCCATCCTGAAGACAGCAGCTTCTACATCTGCAGTGCTAGAGACATACGGACAGGGAAGGACAAGAGACCCAGTACTTCGGGCCA"	""	"TGCCCATCCTGAAGACAGCAGCTTCTACATCTGCAGTGCTAGAGACATACGGACAGGGAAGGACAAGAGACCCAGTACTTCGGGCCA"	""	NA	"TCRBD1-1*1"	"TCRBJ2-5*1"	45	50	58	63	5	5	NA	NA	"TGCCCATCCTGAAGACAGCAGCTTCTACATCTGCAGTGCTAGAGACATACGGACAGGGAAGGACAAGAGACCCAGTACTTCGGGCCA"	FALSE	FALSE	NA	NA	NA	NA
"TCAATTCCCTGGAGCTTGGTGACTCTGCTGTGTATTTCTGTGCCAACATTTAGCGGGCATTCCTACAATGAGCAGTTCTTCGGGCCA"	""	"TCAATTCCCTGGAGCTTGGTGACTCTGCTGTGTATTTCTGTGCCAACATTTAGCGGGCATTCCTACAATGAGCAGTTCTTCGGGCCA"	""	"TCRBV3-1/3-2*1"	"TCRBD2-1"	"TCRBJ2-1*1"	45	50	57	60	5	3	NA	NA	"TCAATTCCCTGGAGCTTGGTGACTCTGCTGTGTATTTCTGTGCCAACATTTAGCGGGCATTCCTACAATGAGCAGTTCTTCGGGCCA"	FALSE	FALSE	NA	NA	NA	NA
"CTGGAGTCCGCCAGCACCAACCAGACATCTATGTACCTCTGTGCCAGCAGTTCCCCGCAGGGCCCCTATGGCTACACCTTCGGTTCG"	"CASSSPQGPYGYTF"	"CTGGAGTCCGCCAGCACCAACCAGACATCTATGTACCTCTGTGCCAGCAGTTCCCCGCAGGGCCCCTATGGCTACACCTTCGGTTCG"	"CASSSPQGPYGYTF"	"TCRBV28-1*1"	"TCRBD1-1*1"	"TCRBJ1-2*1"	52	57	62	65	5	3	NA	NA	"CTGGAGTCCGCCAGCACCAACCAGACATCTATGTACCTCTGTGCCAGCAGTTCCCCGCAGGGCCCCTATGGCTACACCTTCGGTTCG"	FALSE	TRUE	NA	NA	NA	NA
"TCGGCTGCTCCCTCCCAAACATCTGTGTACTTCTGTGCCAGCAGTTACGGCCCCACGGGGATGAACACTGAAGCTTTCTTTGGACAA"	"CASSYGPTGMNTEAFF"	"TCGGCTGCTCCCTCCCAAACATCTGTGTACTTCTGTGCCAGCAGTTACGGCCCCACGGGGATGAACACTGAAGCTTTCTTTGGACAA"	"CASSYGPTGMNTEAFF"	"TCRBV6-2/6-3*1"	"TCRBD2-1*1"	"TCRBJ1-1*1"	48	55	60	61	7	1	NA	NA	"TCGGCTGCTCCCTCCCAAACATCTGTGTACTTCTGTGCCAGCAGTTACGGCCCCACGGGGATGAACACTGAAGCTTTCTTTGGACAA"	FALSE	TRUE	NA	NA	NA	NA
"CCGCTCACCAGGCCTGGGGGACGCAGCCATGTACCTGTGTGCCACCACCAGGAGGAGGTATCGGACACTGAAGCTTTCTTTGGACAA"	""	"CCGCTCACCAGGCCTGGGGGACGCAGCCATGTACCTGTGTGCCACCACCAGGAGGAGGTATCGGACACTGAAGCTTTCTTTGGACAA"	""	"TCRBV15-1*2"	"TCRBD2-1*2"	"TCRBJ1-1*1"	51	53	58	64	2	6	NA	NA	"CCGCTCACCAGGCCTGGGGGACGCAGCCATGTACCTGTGTGCCACCACCAGGAGGAGGTATCGGACACTGAAGCTTTCTTTGGACAA"	FALSE	FALSE	NA	NA	NA	NA
"AAGAAGCTCCTTCTCAGTGACTCTGGCTTCTATCTCTGTGCCTGGAGTGTCGGGGGACAGGAGGCGGCACCCCTCCACTTTGGGAAT"	"CAWSVGGQEAAPLHF"	"AAGAAGCTCCTTCTCAGTGACTCTGGCTTCTATCTCTGTGCCTGGAGTGTCGGGGGACAGGAGGCGGCACCCCTCCACTTTGGGAAT"	"CAWSVGGQEAAPLHF"	"TCRBV3-1*1"	"TCRBD1-1*1"	"TCRBJ1-6*1"	50	53	61	67	3	6	NA	NA	"AAGAAGCTCCTTCTCAGTGACTCTGGCTTCTATCTCTGTGCCTGGAGTGTCGGGGGACAGGAGGCGGCACCCCTCCACTTTGGGAAT"	FALSE	TRUE	NA	NA	NA	NA
"GTGAACGCCTTGGAGCTGGACGACTCGGCCCTGTATCTCTGTGCCAGCAGCTTGGGTGAAGCCTACAATGAGCAGTTCTTCGGGCCA"	"CASSLGEAYNEQFF"	"GTGAACGCCTTGGAGCTGGACGACTCGGCCCTGTATCTCTGTGCCAGCAGCTTGGGTGAAGCCTACAATGAGCAGTTCTTCGGGCCA"	"CASSLGEAYNEQFF"	"TCRBV5-4*1"	NA	"TCRBJ2-1*1"	55	57	59	61	2	2	NA	NA	"GTGAACGCCTTGGAGCTGGACGACTCGGCCCTGTATCTCTGTGCCAGCAGCTTGGGTGAAGCCTACAATGAGCAGTTCTTCGGGCCA"	FALSE	TRUE	NA	NA	NA	NA
"TCACCAGGCCTGGGGGACGCAGCCATGTACCTGTGTGCCACCAGCAGAGGACTAGCGGGAACTTACAATGAGCAGTTCTTCGGGCCA"	"CATSRGLAGTYNEQFF"	"TCACCAGGCCTGGGGGACGCAGCCATGTACCTGTGTGCCACCAGCAGAGGACTAGCGGGAACTTACAATGAGCAGTTCTTCGGGCCA"	"CATSRGLAGTYNEQFF"	"TCRBV15-1*2"	"TCRBD2-1*2"	"TCRBJ2-1*1"	-1	49	60	63	50	3	NA	NA	"TCACCAGGCCTGGGGGACGCAGCCATGTACCTGTGTGCCACCAGCAGAGGACTAGCGGGAACTTACAATGAGCAGTTCTTCGGGCCA"	FALSE	TRUE	NA	NA	NA	NA
"AGCTCTCTGGAGCTGGGGGACTCAGCTTTGTATTTCTGTGCCAGCAGCGTCATAGCGGACTCCTACAATGAGCAGTTCTTCGGGCCA"	"CASSVIADSYNEQFF"	"AGCTCTCTGGAGCTGGGGGACTCAGCTTTGTATTTCTGTGCCAGCAGCGTCATAGCGGACTCCTACAATGAGCAGTTCTTCGGGCCA"	"CASSVIADSYNEQFF"	"TCRBV9-1*1"	"TCRBD2-1"	"TCRBJ2-1*1"	50	52	58	59	2	1	NA	NA	"AGCTCTCTGGAGCTGGGGGACTCAGCTTTGTATTTCTGTGCCAGCAGCGTCATAGCGGACTCCTACAATGAGCAGTTCTTCGGGCCA"	FALSE	TRUE	NA	NA	NA	NA
"CGCTCACCAGGCCTGGGGGACGCAGCCATGTACCTGTGTGCCACCAGCAGAAGTGATTATAGTTACAATGAGCAGTTCTTCGGGCCA"	"CATSRSDYSYNEQFF"	"CGCTCACCAGGCCTGGGGGACGCAGCCATGTACCTGTGTGCCACCAGCAGAAGTGATTATAGTTACAATGAGCAGTTCTTCGGGCCA"	"CATSRSDYSYNEQFF"	"TCRBV15-1*2"	"TCRBD2-1"	"TCRBJ2-1*1"	51	59	62	63	8	1	NA	NA	"CGCTCACCAGGCCTGGGGGACGCAGCCATGTACCTGTGTGCCACCAGCAGAAGTGATTATAGTTACAATGAGCAGTTCTTCGGGCCA"	FALSE	TRUE	NA	NA	NA	NA
"AATTCCCTGGAGCTTGGTGACTCTGCTGTGTATTTCTGTGCCAGCAGCCAAGCAAGGGAATTGAACACTGAAGCTTTCTTTGGACAA"	"CASSQARELNTEAFF"	"AATTCCCTGGAGCTTGGTGACTCTGCTGTGTATTTCTGTGCCAGCAGCCAAGCAAGGGAATTGAACACTGAAGCTTTCTTTGGACAA"	"CASSQARELNTEAFF"	"TCRBV3-1/3-2*1"	NA	"TCRBJ1-1*1"	52	55	59	61	3	2	NA	NA	"AATTCCCTGGAGCTTGGTGACTCTGCTGTGTATTTCTGTGCCAGCAGCCAAGCAAGGGAATTGAACACTGAAGCTTTCTTTGGACAA"	FALSE	TRUE	NA	NA	NA	NA
"AAGATCCAGCCTGCAGAGCTTGAGGACTCGGCCGTGTATCTCTGTGCCAGCAGCTTAGATTGGGGGGACCCCCAGCATTTTGGTGAT"	"CASSLDWGDPQHF"	"AAGATCCAGCCTGCAGAGCTTGAGGACTCGGCCGTGTATCTCTGTGCCAGCAGCTTAGATTGGGGGGACCCCCAGCATTTTGGTGAT"	"CASSLDWGDPQHF"	NA	"TCRBD2-1*1"	"TCRBJ1-5*1"	59	61	67	69	2	2	NA	NA	"AAGATCCAGCCTGCAGAGCTTGAGGACTCGGCCGTGTATCTCTGTGCCAGCAGCTTAGATTGGGGGGACCCCCAGCATTTTGGTGAT"	FALSE	TRUE	NA	NA	NA	NA
"GAAGGTGCAGCCTGCAGAACTGGAGGATTCTGGAGTTTATTTCTGTGCCAGCAGCCAAACGACAGATCCGAGCAGTACTTCGGGCCG"	""	"GAAGGTGCAGCCTGCAGAACTGGAGGATTCTGGAGTTTATTTCTGTGCCAGCAGCCAAACGACAGATCCGAGCAGTACTTCGGGCCG"	""	"TCRBV14-1*1"	"TCRBD1-1*1"	"TCRBJ2-7*1"	58	60	65	68	2	3	NA	NA	"GAAGGTGCAGCCTGCAGAACTGGAGGATTCTGGAGTTTATTTCTGTGCCAGCAGCCAAACGACAGATCCGAGCAGTACTTCGGGCCG"	FALSE	FALSE	NA	NA	NA	NA
"AGCAGGTAGTGCGAGGAGATTCGGCAGCTTATTTCTGTGCCAGCTCACCAGAGGCAGGCTATGTTCCTCAAGCAGTACTTCGGGCCG"	""	"AGCAGGTAGTGCGAGGAGATTCGGCAGCTTATTTCTGTGCCAGCTCACCAGAGGCAGGCTATGTTCCTCAAGCAGTACTTCGGGCCG"	""	"TCRBV18-1*1"	NA	"TCRBJ2-7*1"	50	54	58	70	4	12	NA	NA	"AGCAGGTAGTGCGAGGAGATTCGGCAGCTTATTTCTGTGCCAGCTCACCAGAGGCAGGCTATGTTCCTCAAGCAGTACTTCGGGCCG"	FALSE	FALSE	NA	NA	NA	NA
"ATCCAGCGCACAGAGCAGGGGGACTCGGCCATGTATCTCTGTGCCAGCAGCAGCGACAGGACCTCCTACGAGCAGTACTTCGGGCCG"	"CASSSDRTSYEQYF"	"ATCCAGCGCACAGAGCAGGGGGACTCGGCCATGTATCTCTGTGCCAGCAGCAGCGACAGGACCTCCTACGAGCAGTACTTCGGGCCG"	"CASSSDRTSYEQYF"	"TCRBV7-9*1"	"TCRBD1-1*1"	"TCRBJ2-7*1"	51	54	60	62	3	2	NA	NA	"ATCCAGCGCACAGAGCAGGGGGACTCGGCCATGTATCTCTGTGCCAGCAGCAGCGACAGGACCTCCTACGAGCAGTACTTCGGGCCG"	FALSE	TRUE	NA	NA	NA	NA
"ATCCAGCGCACAGAGCAGGGGGACTCGGCCATGTATCTCTGTGCCAGCAGCACCTCGACAGGGATCTACGAGCAGTACTTCGGGCCG"	"CASSTSTGIYEQYF"	"ATCCAGCGCACAGAGCAGGGGGACTCGGCCATGTATCTCTGTGCCAGCAGCACCTCGACAGGGATCTACGAGCAGTACTTCGGGCCG"	"CASSTSTGIYEQYF"	"TCRBV7-9*1"	"TCRBD1-1*1"	"TCRBJ2-7*1"	51	56	63	65	5	2	NA	NA	"ATCCAGCGCACAGAGCAGGGGGACTCGGCCATGTATCTCTGTGCCAGCAGCACCTCGACAGGGATCTACGAGCAGTACTTCGGGCCG"	FALSE	TRUE	NA	NA	NA	NA
"ATCCAGCCCTCAGAACCCAGGGACTCAGCTGTGTACTTCTGTGCCAGCAGTTTAGTACAGGGGGTTGGCGGCTACACCTTCGGTTCG"	"CASSLVQGVGGYTF"	"ATCCAGCCCTCAGAACCCAGGGACTCAGCTGTGTACTTCTGTGCCAGCAGTTTAGTACAGGGGGTTGGCGGCTACACCTTCGGTTCG"	"CASSLVQGVGGYTF"	NA	"TCRBD1-1*1"	"TCRBJ1-2*1"	55	56	64	69	1	5	NA	NA	"ATCCAGCCCTCAGAACCCAGGGACTCAGCTGTGTACTTCTGTGCCAGCAGTTTAGTACAGGGGGTTGGCGGCTACACCTTCGGTTCG"	FALSE	TRUE	NA	NA	NA	NA
"GCCAGCACCAACCAGACATCTATGTACCTCTGTGCCAGCAGTCGGGGCCGGGGCAGTTCCCTCAATTCACCCCTCCACTTTGGGAAT"	"CASSRGRGSSLNSPLHF"	"GCCAGCACCAACCAGACATCTATGTACCTCTGTGCCAGCAGTCGGGGCCGGGGCAGTTCCCTCAATTCACCCCTCCACTTTGGGAAT"	"CASSRGRGSSLNSPLHF"	"TCRBV28-1*1"	NA	"TCRBJ1-6*1"	42	43	48	63	1	15	NA	NA	"GCCAGCACCAACCAGACATCTATGTACCTCTGTGCCAGCAGTCGGGGCCGGGGCAGTTCCCTCAATTCACCCCTCCACTTTGGGAAT"	FALSE	TRUE	NA	NA	NA	NA
"TCCCTGGAGCTTGGTGACTCTGCTGTGTATTTCTGTGCCAGCAGCCAGGCATCTCCGCTAAATAATTCACCCCTCCACTTTGGGAAT"	"CASSQASPLNNSPLHF"	"TCCCTGGAGCTTGGTGACTCTGCTGTGTATTTCTGTGCCAGCAGCCAGGCATCTCCGCTAAATAATTCACCCCTCCACTTTGGGAAT"	"CASSQASPLNNSPLHF"	"TCRBV3-1/3-2*1"	NA	"TCRBJ1-6*1"	-1	47	50	61	48	11	NA	NA	"TCCCTGGAGCTTGGTGACTCTGCTGTGTATTTCTGTGCCAGCAGCCAGGCATCTCCGCTAAATAATTCACCCCTCCACTTTGGGAAT"	FALSE	TRUE	NA	NA	NA	NA
"GTGAGCACCTTGGAGCTGGGGGACTCGGCCCTTTATCTTTGCGCCAGCAGCCCCGGGACAGGGTCCCCTGAAGCTTTCTTTGGACAA"	"CASSPGTGSPEAFF"	"GTGAGCACCTTGGAGCTGGGGGACTCGGCCCTTTATCTTTGCGCCAGCAGCCCCGGGACAGGGTCCCCTGAAGCTTTCTTTGGACAA"	"CASSPGTGSPEAFF"	"TCRBV5-1*1"	"TCRBD1-1*1"	"TCRBJ1-1*1"	51	54	63	67	3	4	NA	NA	"GTGAGCACCTTGGAGCTGGGGGACTCGGCCCTTTATCTTTGCGCCAGCAGCCCCGGGACAGGGTCCCCTGAAGCTTTCTTTGGACAA"	FALSE	TRUE	NA	NA	NA	NA
"AACGCCTTGGAGCTGGAGGACTCGGCCCTGTATCTCTGTGCCAGCAGCTTAGTATCGGTCTATAATTCACCCCTCCACTTTGGGAAT"	"CASSLVSVYNSPLHF"	"AACGCCTTGGAGCTGGAGGACTCGGCCCTGTATCTCTGTGCCAGCAGCTTAGTATCGGTCTATAATTCACCCCTCCACTTTGGGAAT"	"CASSLVSVYNSPLHF"	"TCRBV5-8*1"	"TCRBD2-1"	"TCRBJ1-6*1"	50	55	58	59	5	1	NA	NA	"AACGCCTTGGAGCTGGAGGACTCGGCCCTGTATCTCTGTGCCAGCAGCTTAGTATCGGTCTATAATTCACCCCTCCACTTTGGGAAT"	FALSE	TRUE	NA	NA	NA	NA
"CCCTCAGAACCCAGGGACTCAGCTGTGTACTTCTGTGCCAGCAGCCCGATGACGCGCCAGATGAGCAATGAGCAGTTCTTCGGGCCA"	"CASSPMTRQMSNEQFF"	"CCCTCAGAACCCAGGGACTCAGCTGTGTACTTCTGTGCCAGCAGCCCGATGACGCGCCAGATGAGCAATGAGCAGTTCTTCGGGCCA"	"CASSPMTRQMSNEQFF"	NA	NA	"TCRBJ2-1*1"	44	50	53	65	6	12	NA	NA	"CCCTCAGAACCCAGGGACTCAGCTGTGTACTTCTGTGCCAGCAGCCCGATGACGCGCCAGATGAGCAATGAGCAGTTCTTCGGGCCA"	FALSE	TRUE	NA	NA	NA	NA
"ATCCTGGAGTCGCCCAGCCCCAACCAGACCTCTCTGTACTTCTGTGCCAGCAGTCTTAGCGGAGTCTACGAGCAGTACTTCGGGCCG"	"CASSLSGVYEQYF"	"ATCCTGGAGTCGCCCAGCCCCAACCAGACCTCTCTGTACTTCTGTGCCAGCAGTCTTAGCGGAGTCTACGAGCAGTACTTCGGGCCG"	"CASSLSGVYEQYF"	"TCRBV27-1*1"	"TCRBD2-1"	"TCRBJ2-7*1"	54	56	62	65	2	3	NA	NA	"ATCCTGGAGTCGCCCAGCCCCAACCAGACCTCTCTGTACTTCTGTGCCAGCAGTCTTAGCGGAGTCTACGAGCAGTACTTCGGGCCG"	FALSE	TRUE	NA	NA	NA	NA
"CTAAACCTGAGCTCTCTGGAGCTGGGGGACTCAGCTTTGTATTTCTGTGCCAGCAGCGTAGGTGGCTCACCCCTCCACTTTGGGAAT"	"CASSVGGSPLHF"	"CTAAACCTGAGCTCTCTGGAGCTGGGGGACTCAGCTTTGTATTTCTGTGCCAGCAGCGTAGGTGGCTCACCCCTCCACTTTGGGAAT"	"CASSVGGSPLHF"	"TCRBV9-1*1"	"TCRBD1-1*1"	"TCRBJ1-6*1"	61	63	-1	66	2	67	NA	NA	"CTAAACCTGAGCTCTCTGGAGCTGGGGGACTCAGCTTTGTATTTCTGTGCCAGCAGCGTAGGTGGCTCACCCCTCCACTTTGGGAAT"	FALSE	TRUE	NA	NA	NA	NA
"GTTGGCGTCTGCTGTACCCTCTCAGACATCTGTGTACTTCTGTGCCAGCAAATTGACAGGGTAGACTATGGCTACACCTTCGGTTCG"	""	"GTTGGCGTCTGCTGTACCCTCTCAGACATCTGTGTACTTCTGTGCCAGCAAATTGACAGGGTAGACTATGGCTACACCTTCGGTTCG"	""	"TCRBV6-4*1"	"TCRBD1-1*1"	"TCRBJ1-2*1"	50	54	61	64	4	3	NA	NA	"GTTGGCGTCTGCTGTACCCTCTCAGACATCTGTGTACTTCTGTGCCAGCAAATTGACAGGGTAGACTATGGCTACACCTTCGGTTCG"	FALSE	FALSE	NA	NA	NA	NA
"ATCCAGCGCACAGAGCGGGGGGACTCAGCCGTGTATCTCTGTGCCAGCAGCCCAACCCTGGGACAGGGCGGCTACACCTTCGGTTCG"	"CASSPTLGQGGYTF"	"ATCCAGCGCACAGAGCGGGGGGACTCAGCCGTGTATCTCTGTGCCAGCAGCCCAACCCTGGGACAGGGCGGCTACACCTTCGGTTCG"	"CASSPTLGQGGYTF"	"TCRBV7-3*1"	"TCRBD1-1*1"	"TCRBJ1-2*1"	51	59	68	69	8	1	NA	NA	"ATCCAGCGCACAGAGCGGGGGGACTCAGCCGTGTATCTCTGTGCCAGCAGCCCAACCCTGGGACAGGGCGGCTACACCTTCGGTTCG"	FALSE	TRUE	NA	NA	NA	NA
"CAGCGGGACTCAGCCATGTATCGCTGTGCTAGCAGCTTAGTCAAGGCGGCGGGAGGCCTCTGGGGGTACGAGCAGTACTTCGGGCCG"	"CASSLVKAAGGLWGYEQYF"	"CAGCGGGACTCAGCCATGTATCGCTGTGCTAGCAGCTTAGTCAAGGCGGCGGGAGGCCTCTGGGGGTACGAGCAGTACTTCGGGCCG"	"CASSLVKAAGGLWGYEQYF"	"TCRBV7-7*1"	"TCRBD2-1*2"	"TCRBJ2-7*1"	40	48	56	66	8	10	NA	NA	"CAGCGGGACTCAGCCATGTATCGCTGTGCTAGCAGCTTAGTCAAGGCGGCGGGAGGCCTCTGGGGGTACGAGCAGTACTTCGGGCCG"	FALSE	TRUE	NA	NA	NA	NA
"AGTCCACGGAGTCAGGGGACACAGCACTGTATTTCTGTGCCGGTTATGAACAGGGGATGTTGTAATCAGCCCCAGCATTTTGGTGAT"	""	"AGTCCACGGAGTCAGGGGACACAGCACTGTATTTCTGTGCCGGTTATGAACAGGGGATGTTGTAATCAGCCCCAGCATTTTGGTGAT"	""	"TCRBV21-1*1"	"TCRBD1-1*1"	"TCRBJ1-5*1"	41	49	56	63	8	7	NA	NA	"AGTCCACGGAGTCAGGGGACACAGCACTGTATTTCTGTGCCGGTTATGAACAGGGGATGTTGTAATCAGCCCCAGCATTTTGGTGAT"	FALSE	FALSE	NA	NA	NA	NA
"TCGGCTGCTCCCTCCCAGACATCTGTGTACTTCTGTGCCAGCAGTTACTCGAATCCCGCCTTACAAGAGACCCAGTACTTCGGGCCA"	"CASSYSNPALQETQYF"	"TCGGCTGCTCCCTCCCAGACATCTGTGTACTTCTGTGCCAGCAGTTACTCGAATCCCGCCTTACAAGAGACCCAGTACTTCGGGCCA"	"CASSYSNPALQETQYF"	"TCRBV6-5*1"	NA	"TCRBJ2-5*1"	-1	50	52	63	51	11	NA	NA	"TCGGCTGCTCCCTCCCAGACATCTGTGTACTTCTGTGCCAGCAGTTACTCGAATCCCGCCTTACAAGAGACCCAGTACTTCGGGCCA"	FALSE	TRUE	NA	NA	NA	NA
"GTGACCAGTGCCCATCCTGAAGACAGCAGCTTCTACATCTGCAGTGCTCCTACAGGGGGAAGCAATCAGCCCCAGCATTTTGGTGAT"	"CSAPTGGSNQPQHF"	"GTGACCAGTGCCCATCCTGAAGACAGCAGCTTCTACATCTGCAGTGCTCCTACAGGGGGAAGCAATCAGCCCCAGCATTTTGGTGAT"	"CSAPTGGSNQPQHF"	NA	"TCRBD1-1*1"	"TCRBJ1-5*1"	48	51	59	60	3	1	NA	NA	"GTGACCAGTGCCCATCCTGAAGACAGCAGCTTCTACATCTGCAGTGCTCCTACAGGGGGAAGCAATCAGCCCCAGCATTTTGGTGAT"	FALSE	TRUE	NA	NA	NA	NA
"TGGGGACTCGGCCGTGTATCTCTGTGCCAGCAACCCCCACAGGGGGCGTCTAGCGGGAGCTCCTACAATGAGCAGTTCTTCGGGCCA"	""	"TGGGGACTCGGCCGTGTATCTCTGTGCCAGCAACCCCCACAGGGGGCGTCTAGCGGGAGCTCCTACAATGAGCAGTTCTTCGGGCCA"	""	"TCRBV11-3*1"	"TCRBD2-1*2"	"TCRBJ2-1*1"	47	49	-1	59	2	60	NA	NA	"TGGGGACTCGGCCGTGTATCTCTGTGCCAGCAACCCCCACAGGGGGCGTCTAGCGGGAGCTCCTACAATGAGCAGTTCTTCGGGCCA"	FALSE	FALSE	NA	NA	NA	NA
"TCCAGTCCACGGAGTCAGGGGACACAGCACTGTATTTCTGTGCCAGCAGCCCGACAGGCTAGCTCCTACGAGCAGTACTTCGGGCCG"	""	"TCCAGTCCACGGAGTCAGGGGACACAGCACTGTATTTCTGTGCCAGCAGCCCGACAGGCTAGCTCCTACGAGCAGTACTTCGGGCCG"	""	"TCRBV21-1*1"	"TCRBD1-1*1"	"TCRBJ2-7*1"	50	52	58	62	2	4	NA	NA	"TCCAGTCCACGGAGTCAGGGGACACAGCACTGTATTTCTGTGCCAGCAGCCCGACAGGCTAGCTCCTACGAGCAGTACTTCGGGCCG"	FALSE	FALSE	NA	NA	NA	NA
"CTGCAGCCAGAAGACTCGGCCCTGTATCTCTGCGCCAGCAGCCAAGTCTGGGGGGCGGACCTTAACACTGAAGCTTTCTTTGGACAA"	"CASSQVWGADLNTEAFF"	"CTGCAGCCAGAAGACTCGGCCCTGTATCTCTGCGCCAGCAGCCAAGTCTGGGGGGCGGACCTTAACACTGAAGCTTTCTTTGGACAA"	"CASSQVWGADLNTEAFF"	"TCRBV4-3*1"	NA	"TCRBJ1-1*1"	46	50	56	63	4	7	NA	NA	"CTGCAGCCAGAAGACTCGGCCCTGTATCTCTGCGCCAGCAGCCAAGTCTGGGGGGCGGACCTTAACACTGAAGCTTTCTTTGGACAA"	FALSE	TRUE	NA	NA	NA	NA
"CCTGGAGTCGCCCAGCCCCAACCAGACCTCTCTGTACTTCTGTGCCAGCAGCTGGACGGTTCTGTGTATGGCTACACCTTCGGTTCG"	""	"CCTGGAGTCGCCCAGCCCCAACCAGACCTCTCTGTACTTCTGTGCCAGCAGCTGGACGGTTCTGTGTATGGCTACACCTTCGGTTCG"	""	"TCRBV27-1*1"	NA	"TCRBJ1-2*1"	51	53	57	66	2	9	NA	NA	"CCTGGAGTCGCCCAGCCCCAACCAGACCTCTCTGTACTTCTGTGCCAGCAGCTGGACGGTTCTGTGTATGGCTACACCTTCGGTTCG"	FALSE	FALSE	NA	NA	NA	NA
"TCCCTAGAGTCTGCCATCCCCAACCAGACAGCTCTTTACTTCTGTGCCACCGCCAGGGTGGAAGGTGCGCCCCAGCATTTTGGTGAT"	"CATARVEGAPQHF"	"TCCCTAGAGTCTGCCATCCCCAACCAGACAGCTCTTTACTTCTGTGCCACCGCCAGGGTGGAAGGTGCGCCCCAGCATTTTGGTGAT"	"CATARVEGAPQHF"	"TCRBV24-1*1"	"TCRBD1-1*1"	"TCRBJ1-5*1"	51	53	58	68	2	10	NA	NA	"TCCCTAGAGTCTGCCATCCCCAACCAGACAGCTCTTTACTTCTGTGCCACCGCCAGGGTGGAAGGTGCGCCCCAGCATTTTGGTGAT"	FALSE	TRUE	NA	NA	NA	NA
"GAATGTGAGCACCTTGGAGCTGGGGGACTCGGCCCTTTATCTTTGCGCCAGCAGCTTGGGGTGGTCTACGAGCAGTACTTCGGGCCG"	""	"GAATGTGAGCACCTTGGAGCTGGGGGACTCGGCCCTTTATCTTTGCGCCAGCAGCTTGGGGTGGTCTACGAGCAGTACTTCGGGCCG"	""	"TCRBV5-1*1"	NA	"TCRBJ2-7*1"	-1	59	61	65	60	4	NA	NA	"GAATGTGAGCACCTTGGAGCTGGGGGACTCGGCCCTTTATCTTTGCGCCAGCAGCTTGGGGTGGTCTACGAGCAGTACTTCGGGCCG"	FALSE	FALSE	NA	NA	NA	NA
"ACCCTGGAGTCTGCCAGGCCCTCACATACCTCTCAGTACCTCTGTGCCAGCAGTGACCCGACTAGAAGTGAGCAGTTCTTCGGGCCA"	"CASSDPTRSEQFF"	"ACCCTGGAGTCTGCCAGGCCCTCACATACCTCTCAGTACCTCTGTGCCAGCAGTGACCCGACTAGAAGTGAGCAGTTCTTCGGGCCA"	"CASSDPTRSEQFF"	"TCRBV25-1*1"	"TCRBD2-1"	"TCRBJ2-1*1"	56	59	65	68	3	3	NA	NA	"ACCCTGGAGTCTGCCAGGCCCTCACATACCTCTCAGTACCTCTGTGCCAGCAGTGACCCGACTAGAAGTGAGCAGTTCTTCGGGCCA"	FALSE	TRUE	NA	NA	NA	NA
"AATGTGAACGCCTTGGAGCTGGACGACTCGGCCCTGTATCTCTGTGCCAGCAGCTTCTTGGGAAGCCACGAGCAGTACTTCGGGCCG"	"CASSFLGSHEQYF"	"AATGTGAACGCCTTGGAGCTGGACGACTCGGCCCTGTATCTCTGTGCCAGCAGCTTCTTGGGAAGCCACGAGCAGTACTTCGGGCCG"	"CASSFLGSHEQYF"	"TCRBV5-4*1"	NA	"TCRBJ2-7*1"	56	59	63	67	3	4	NA	NA	"AATGTGAACGCCTTGGAGCTGGACGACTCGGCCCTGTATCTCTGTGCCAGCAGCTTCTTGGGAAGCCACGAGCAGTACTTCGGGCCG"	FALSE	TRUE	NA	NA	NA	NA
"CCCTCAGAACCCAGGGACTCAGCTGTGTACTTCTGTGCCAGCAGTTCTCCGGACAGGGGCGCAGGGCAGCCCCAGCATTTTGGTGAT"	"CASSSPDRGAGQPQHF"	"CCCTCAGAACCCAGGGACTCAGCTGTGTACTTCTGTGCCAGCAGTTCTCCGGACAGGGGCGCAGGGCAGCCCCAGCATTTTGGTGAT"	"CASSSPDRGAGQPQHF"	NA	"TCRBD1-1*1"	"TCRBJ1-5*1"	46	50	59	66	4	7	NA	NA	"CCCTCAGAACCCAGGGACTCAGCTGTGTACTTCTGTGCCAGCAGTTCTCCGGACAGGGGCGCAGGGCAGCCCCAGCATTTTGGTGAT"	FALSE	TRUE	NA	NA	NA	NA
"ATCCAGCCTGCAGAGCTTGGGGACTCGGCCGTGTATCTCTGTGCCAGCAGCTTCGACGGAGAGAACACTGAAGCTTTCTTTGGACAA"	"CASSFDGENTEAFF"	"ATCCAGCCTGCAGAGCTTGGGGACTCGGCCGTGTATCTCTGTGCCAGCAGCTTCGACGGAGAGAACACTGAAGCTTTCTTTGGACAA"	"CASSFDGENTEAFF"	"TCRBV11-3*1"	"TCRBD2-1*2"	"TCRBJ1-1*1"	53	57	61	62	4	1	NA	NA	"ATCCAGCCTGCAGAGCTTGGGGACTCGGCCGTGTATCTCTGTGCCAGCAGCTTCGACGGAGAGAACACTGAAGCTTTCTTTGGACAA"	FALSE	TRUE	NA	NA	NA	NA
"ACAGAGCAGGAGGACTCCGCCGTGTATCTCTGTGCCAGCAGCTTAACCCGCTCAGGGGGCCGAAATCAGCCCCAGCATTTTGGTGAT"	"CASSLTRSGGRNQPQHF"	"ACAGAGCAGGAGGACTCCGCCGTGTATCTCTGTGCCAGCAGCTTAACCCGCTCAGGGGGCCGAAATCAGCCCCAGCATTTTGGTGAT"	"CASSLTRSGGRNQPQHF"	"TCRBV7-8*1"	"TCRBD1-1*1"	"TCRBJ1-5*1"	45	52	60	63	7	3	NA	NA	"ACAGAGCAGGAGGACTCCGCCGTGTATCTCTGTGCCAGCAGCTTAACCCGCTCAGGGGGCCGAAATCAGCCCCAGCATTTTGGTGAT"	FALSE	TRUE	NA	NA	NA	NA
"ATCCAGCCCTCAGAACCCAGGGACTCAGCTGTGTACTTCTGTGCCAGCAGTCCTGAAACCCCTGGGGACGAGCAGTACTTCGGGCCG"	"CASSPETPGDEQYF"	"ATCCAGCCCTCAGAACCCAGGGACTCAGCTGTGTACTTCTGTGCCAGCAGTCCTGAAACCCCTGGGGACGAGCAGTACTTCGGGCCG"	"CASSPETPGDEQYF"	NA	NA	"TCRBJ2-7*1"	51	63	-1	67	12	68	NA	NA	"ATCCAGCCCTCAGAACCCAGGGACTCAGCTGTGTACTTCTGTGCCAGCAGTCCTGAAACCCCTGGGGACGAGCAGTACTTCGGGCCG"	FALSE	TRUE	NA	NA	NA	NA
"GACAGTGACCAGTGCCCATCCTGAAGACAGCAGCTTCTACATCTGCAGTGCTACCGGGACTAGCGCTACGAGCAGTACTTCGGGCCG"	""	"GACAGTGACCAGTGCCCATCCTGAAGACAGCAGCTTCTACATCTGCAGTGCTACCGGGACTAGCGCTACGAGCAGTACTTCGGGCCG"	""	NA	"TCRBD2-1"	"TCRBJ2-7*1"	53	55	-1	65	2	66	NA	NA	"GACAGTGACCAGTGCCCATCCTGAAGACAGCAGCTTCTACATCTGCAGTGCTACCGGGACTAGCGCTACGAGCAGTACTTCGGGCCG"	FALSE	FALSE	NA	NA	NA	NA
"GGAGTCGCCCAGCCCCAACCAGACCTCTCTGTACTTCTGTGCCAGCAGTTCTAGGTTAGGGGGCACACTGAAGCTTTCTTTGGACAA"	""	"GGAGTCGCCCAGCCCCAACCAGACCTCTCTGTACTTCTGTGCCAGCAGTTCTAGGTTAGGGGGCACACTGAAGCTTTCTTTGGACAA"	""	"TCRBV27-1*1"	"TCRBD1-1*1"	"TCRBJ1-1*1"	50	57	-1	64	7	65	NA	NA	"GGAGTCGCCCAGCCCCAACCAGACCTCTCTGTACTTCTGTGCCAGCAGTTCTAGGTTAGGGGGCACACTGAAGCTTTCTTTGGACAA"	FALSE	FALSE	NA	NA	NA	NA
"AGGACTCGGCCGTGTATCTCTGTGCCGCCCGAAGGGAGTGCAGGAGACCACTAGCGGGAATTGGCCGGGGAGCTGTTTTTTGGAGAA"	""	"AGGACTCGGCCGTGTATCTCTGTGCCGCCCGAAGGGAGTGCAGGAGACCACTAGCGGGAATTGGCCGGGGAGCTGTTTTTTGGAGAA"	""	NA	"TCRBD2-1*2"	"TCRBJ2-2*1"	26	49	59	64	23	5	NA	NA	"AGGACTCGGCCGTGTATCTCTGTGCCGCCCGAAGGGAGTGCAGGAGACCACTAGCGGGAATTGGCCGGGGAGCTGTTTTTTGGAGAA"	FALSE	FALSE	NA	NA	NA	NA
"GGCTGCTCCCTCCCAGACATCTGTGTACTTCTGTGCCAGCAGTTACTGGTGCCGGGACAGGGGGTTGGCGAGCAGTTCTTCGGGCCA"	""	"GGCTGCTCCCTCCCAGACATCTGTGTACTTCTGTGCCAGCAGTTACTGGTGCCGGGACAGGGGGTTGGCGAGCAGTTCTTCGGGCCA"	""	NA	"TCRBD1-1*1"	"TCRBJ2-1*1"	47	53	64	69	6	5	NA	NA	"GGCTGCTCCCTCCCAGACATCTGTGTACTTCTGTGCCAGCAGTTACTGGTGCCGGGACAGGGGGTTGGCGAGCAGTTCTTCGGGCCA"	FALSE	FALSE	NA	NA	NA	NA
"TGGAGATCCAGTCCACGGAGTCAGGGGACACAGCACTGTATTTCTGTGCCAGCCCAACTCTCCTACAATGAGCAGTTCTTCGGGCCA"	""	"TGGAGATCCAGTCCACGGAGTCAGGGGACACAGCACTGTATTTCTGTGCCAGCCCAACTCTCCTACAATGAGCAGTTCTTCGGGCCA"	""	"TCRBV21-1*1"	"TCRBD2-1"	"TCRBJ2-1*1"	53	56	-1	59	3	60	NA	NA	"TGGAGATCCAGTCCACGGAGTCAGGGGACACAGCACTGTATTTCTGTGCCAGCCCAACTCTCCTACAATGAGCAGTTCTTCGGGCCA"	FALSE	FALSE	NA	NA	NA	NA
"AGCAACATGAGCCCTGAAGACAGCAGCATATATCTCTGCAGCGTTGAAGATCCACACGGCACCCCAGATACGCAGTATTTTGGCCCA"	"CSVEDPHGTPDTQYF"	"AGCAACATGAGCCCTGAAGACAGCAGCATATATCTCTGCAGCGTTGAAGATCCACACGGCACCCCAGATACGCAGTATTTTGGCCCA"	"CSVEDPHGTPDTQYF"	"TCRBV29-1"	NA	"TCRBJ2-3*1"	50	53	56	64	3	8	NA	NA	"AGCAACATGAGCCCTGAAGACAGCAGCATATATCTCTGCAGCGTTGAAGATCCACACGGCACCCCAGATACGCAGTATTTTGGCCCA"	FALSE	TRUE	NA	NA	NA	NA
"GATCCAGCCCTCAGAACCCAGGGACTCAGCTGTGTACTTCTGTGCCAGCCGTGATCTGGGGACGGTGAGACCCAGTACTTCGGGCCA"	""	"GATCCAGCCCTCAGAACCCAGGGACTCAGCTGTGTACTTCTGTGCCAGCCGTGATCTGGGGACGGTGAGACCCAGTACTTCGGGCCA"	""	NA	NA	"TCRBJ2-5*1"	49	58	63	66	9	3	NA	NA	"GATCCAGCCCTCAGAACCCAGGGACTCAGCTGTGTACTTCTGTGCCAGCCGTGATCTGGGGACGGTGAGACCCAGTACTTCGGGCCA"	FALSE	FALSE	NA	NA	NA	NA
"CCAGCCTGCAAAGCTTGAGGACTCGGCCGTGTATCTCTGTGCCAGCAGCCAGACAATATGGGGAACACTGAAGCTTTCTTTGGACAA"	""	"CCAGCCTGCAAAGCTTGAGGACTCGGCCGTGTATCTCTGTGCCAGCAGCCAGACAATATGGGGAACACTGAAGCTTTCTTTGGACAA"	""	"TCRBV11-2*1"	"TCRBD1-1*1"	"TCRBJ1-1*1"	49	51	55	62	2	7	NA	NA	"CCAGCCTGCAAAGCTTGAGGACTCGGCCGTGTATCTCTGTGCCAGCAGCCAGACAATATGGGGAACACTGAAGCTTTCTTTGGACAA"	FALSE	FALSE	NA	NA	NA	NA
"GTAGTGCGAGGAGATTCGGCAGCTTATTTCTGTGCCAGCTCACAACTGCCGAAATCCTTTAATTCCTACGAGCAGTACTTCGGGCCG"	"CASSQLPKSFNSYEQYF"	"GTAGTGCGAGGAGATTCGGCAGCTTATTTCTGTGCCAGCTCACAACTGCCGAAATCCTTTAATTCCTACGAGCAGTACTTCGGGCCG"	"CASSQLPKSFNSYEQYF"	"TCRBV18-1*1"	"TCRBD2-1"	"TCRBJ2-7*1"	43	44	47	63	1	16	NA	NA	"GTAGTGCGAGGAGATTCGGCAGCTTATTTCTGTGCCAGCTCACAACTGCCGAAATCCTTTAATTCCTACGAGCAGTACTTCGGGCCG"	FALSE	TRUE	NA	NA	NA	NA
"CTGACAGTGACCAGTGCCCATCCTGAAGACAGCAGCTTCTACATCTGCAGTGCTAGGCCTTGGGGCACTGAAGCTTTCTTTGGACAA"	"CSARPWGTEAFF"	"CTGACAGTGACCAGTGCCCATCCTGAAGACAGCAGCTTCTACATCTGCAGTGCTAGGCCTTGGGGCACTGAAGCTTTCTTTGGACAA"	"CSARPWGTEAFF"	NA	NA	"TCRBJ1-1*1"	56	61	-1	65	5	66	NA	NA	"CTGACAGTGACCAGTGCCCATCCTGAAGACAGCAGCTTCTACATCTGCAGTGCTAGGCCTTGGGGCACTGAAGCTTTCTTTGGACAA"	FALSE	TRUE	NA	NA	NA	NA
"ACAGTGATCAGTGCCCATCCTGAAGACAGCAGCTTCTACATCTGCAGTGCTCCGACTCGTCCCTACAATGAGCAGTTCTTCGGGCCA"	"CSAPTRPYNEQFF"	"ACAGTGATCAGTGCCCATCCTGAAGACAGCAGCTTCTACATCTGCAGTGCTCCGACTCGTCCCTACAATGAGCAGTTCTTCGGGCCA"	"CSAPTRPYNEQFF"	NA	"TCRBD2-1"	"TCRBJ2-1*1"	51	53	57	61	2	4	NA	NA	"ACAGTGATCAGTGCCCATCCTGAAGACAGCAGCTTCTACATCTGCAGTGCTCCGACTCGTCCCTACAATGAGCAGTTCTTCGGGCCA"	FALSE	TRUE	NA	NA	NA	NA
"NNNNTGTCGGCTGCTCCCTCCCAGACATCTGTGTACTTCTGTGCCAGCATAGCGGACAGGGCGCCCTACGAGCAGTACTTCGGGCCG"	"CASIADRAPYEQYF"	"NNNNTGTCGGCTGCTCCCTCCCAGACATCTGTGTACTTCTGTGCCAGCATAGCGGACAGGGCGCCCTACGAGCAGTACTTCGGGCCG"	"CASIADRAPYEQYF"	"TCRBV6-5*1"	"TCRBD1-1*1"	"TCRBJ2-7*1"	49	53	61	64	4	3	NA	NA	"NNNNTGTCGGCTGCTCCCTCCCAGACATCTGTGTACTTCTGTGCCAGCATAGCGGACAGGGCGCCCTACGAGCAGTACTTCGGGCCG"	FALSE	TRUE	NA	NA	NA	NA
"CAGGTAGTGCGAGGAGATTCGGCAGCTTATTTCTGTGCCAGCTCAGCAGGGACCCTTTTCTCTGGAAACACCATATATTTTGGAGAG"	"CASSAGTLFSGNTIYF"	"CAGGTAGTGCGAGGAGATTCGGCAGCTTATTTCTGTGCCAGCTCAGCAGGGACCCTTTTCTCTGGAAACACCATATATTTTGGAGAG"	"CASSAGTLFSGNTIYF"	"TCRBV18-1*1"	NA	"TCRBJ1-3*1"	45	48	53	59	3	6	NA	NA	"CAGGTAGTGCGAGGAGATTCGGCAGCTTATTTCTGTGCCAGCTCAGCAGGGACCCTTTTCTCTGGAAACACCATATATTTTGGAGAG"	FALSE	TRUE	NA	NA	NA	NA
"GGAGGACTCCGCCGTGTATCTCTGTGCCAGCAGCTTAGCGGGCTAGCGGGAGGGCATAGTGGTACCGGGGAGCTGTTTTTTGGAGAA"	""	"GGAGGACTCCGCCGTGTATCTCTGTGCCAGCAGCTTAGCGGGCTAGCGGGAGGGCATAGTGGTACCGGGGAGCTGTTTTTTGGAGAA"	""	"TCRBV7-8"	"TCRBD2-1*2"	"TCRBJ2-2*1"	39	42	54	63	3	9	NA	NA	"GGAGGACTCCGCCGTGTATCTCTGTGCCAGCAGCTTAGCGGGCTAGCGGGAGGGCATAGTGGTACCGGGGAGCTGTTTTTTGGAGAA"	FALSE	FALSE	NA	NA	NA	NA
"ATCCAGCCTGCAAAGCTTGAGGACTCGGCCGTGTATCTCTGTGCCAGCAGCTTGTGGGCTAGCACAGATACGCAGTATTTTGGCCCA"	"CASSLWASTDTQYF"	"ATCCAGCCTGCAAAGCTTGAGGACTCGGCCGTGTATCTCTGTGCCAGCAGCTTGTGGGCTAGCACAGATACGCAGTATTTTGGCCCA"	"CASSLWASTDTQYF"	"TCRBV11-2*1"	"TCRBD1-1*1"	"TCRBJ2-3*1"	53	55	59	60	2	1	NA	NA	"ATCCAGCCTGCAAAGCTTGAGGACTCGGCCGTGTATCTCTGTGCCAGCAGCTTGTGGGCTAGCACAGATACGCAGTATTTTGGCCCA"	FALSE	TRUE	NA	NA	NA	NA
"CACACCCTGCAGCCAGAAGACTCGGCCCTGTATCTCTGCGCCAGCAGCCATAGCGGGAGGGCCGCAGATACGCAGTATTTTGGCCCA"	"CASSHSGRAADTQYF"	"CACACCCTGCAGCCAGAAGACTCGGCCCTGTATCTCTGCGCCAGCAGCCATAGCGGGAGGGCCGCAGATACGCAGTATTTTGGCCCA"	"CASSHSGRAADTQYF"	"TCRBV4-3*1"	"TCRBD2-1*2"	"TCRBJ2-3*1"	-1	50	61	64	51	3	NA	NA	"CACACCCTGCAGCCAGAAGACTCGGCCCTGTATCTCTGCGCCAGCAGCCATAGCGGGAGGGCCGCAGATACGCAGTATTTTGGCCCA"	FALSE	TRUE	NA	NA	NA	NA
"ACTCTGGAGTCTGCTGCCTCCTCCCAGACATCTGTATATTTCTGCGCCAGCAGTGAGAGGGGGAAGGGAGAGCAGTTCTTCGGGCCA"	"CASSERGKGEQFF"	"ACTCTGGAGTCTGCTGCCTCCTCCCAGACATCTGTATATTTCTGCGCCAGCAGTGAGAGGGGGAAGGGAGAGCAGTTCTTCGGGCCA"	"CASSERGKGEQFF"	"TCRBV1-1*1"	"TCRBD1-1*1"	"TCRBJ2-1*1"	-1	57	63	69	58	6	NA	NA	"ACTCTGGAGTCTGCTGCCTCCTCCCAGACATCTGTATATTTCTGCGCCAGCAGTGAGAGGGGGAAGGGAGAGCAGTTCTTCGGGCCA"	FALSE	TRUE	NA	NA	NA	NA
"AAGATCCGGTCCACAAAGCTGGAGGACTCAGCCATGTACTTCTGTGCCAGCTCGCTAGCCAACCAAGAGACCCAGTACTTCGGGCCA"	"CASSLANQETQYF"	"AAGATCCGGTCCACAAAGCTGGAGGACTCAGCCATGTACTTCTGTGCCAGCTCGCTAGCCAACCAAGAGACCCAGTACTTCGGGCCA"	"CASSLANQETQYF"	"TCRBV2-1"	"TCRBD2-1"	"TCRBJ2-5*1"	51	54	59	61	3	2	NA	NA	"AAGATCCGGTCCACAAAGCTGGAGGACTCAGCCATGTACTTCTGTGCCAGCTCGCTAGCCAACCAAGAGACCCAGTACTTCGGGCCA"	FALSE	TRUE	NA	NA	NA	NA
"GCTCCCTCCCAGACATCTGTGTACTTCTGTGCCAGCAGTAGGTCTAGCGGGAGTACAATTTGGGGGGAGACCCAGTACTTCGGGCCA"	"CASSRSSGSTIWGETQYF"	"GCTCCCTCCCAGACATCTGTGTACTTCTGTGCCAGCAGTAGGTCTAGCGGGAGTACAATTTGGGGGGAGACCCAGTACTTCGGGCCA"	"CASSRSSGSTIWGETQYF"	NA	"TCRBD2-1*2"	"TCRBJ2-5*1"	39	43	53	66	4	13	NA	NA	"GCTCCCTCCCAGACATCTGTGTACTTCTGTGCCAGCAGTAGGTCTAGCGGGAGTACAATTTGGGGGGAGACCCAGTACTTCGGGCCA"	FALSE	TRUE	NA	NA	NA	NA
"ACATCAATTCCCTGGAGCTTGGTGACTCTGCTGTGTATTTCTGTGCCAGCAGCCAAAGGACTAGCAGATACGCAGTATTTTGGCCCA"	""	"ACATCAATTCCCTGGAGCTTGGTGACTCTGCTGTGTATTTCTGTGCCAGCAGCCAAAGGACTAGCAGATACGCAGTATTTTGGCCCA"	""	"TCRBV3-1/3-2*1"	"TCRBD2-1"	"TCRBJ2-3*1"	56	57	-1	64	1	65	NA	NA	"ACATCAATTCCCTGGAGCTTGGTGACTCTGCTGTGTATTTCTGTGCCAGCAGCCAAAGGACTAGCAGATACGCAGTATTTTGGCCCA"	FALSE	FALSE	NA	NA	NA	NA
"NNNNNNTGTCGGCTGCTCCCTCCCAGACATCTGTGTACTTCTGTGCCAGCAGTCGGAGGGGGATCCTATGGCTACACCTTCGGTTCG"	""	"NNNNNNTGTCGGCTGCTCCCTCCCAGACATCTGTGTACTTCTGTGCCAGCAGTCGGAGGGGGATCCTATGGCTACACCTTCGGTTCG"	""	"TCRBV6-5*1"	NA	"TCRBJ1-2*1"	53	56	62	65	3	3	NA	NA	"NNNNNNTGTCGGCTGCTCCCTCCCAGACATCTGTGTACTTCTGTGCCAGCAGTCGGAGGGGGATCCTATGGCTACACCTTCGGTTCG"	FALSE	FALSE	NA	NA	NA	NA
"GAGTTCTAAGAAGCTCCTTGTCAGTGACTCTGGCTTCTATCTCTGTGCCTGGATAATCGCATCACCGGGGAGCTGTTTTTTGGAGAA"	""	"GAGTTCTAAGAAGCTCCTTGTCAGTGACTCTGGCTTCTATCTCTGTGCCTGGATAATCGCATCACCGGGGAGCTGTTTTTTGGAGAA"	""	"TCRBV3-1*1"	NA	"TCRBJ2-2*1"	53	59	61	62	6	1	NA	NA	"GAGTTCTAAGAAGCTCCTTGTCAGTGACTCTGGCTTCTATCTCTGTGCCTGGATAATCGCATCACCGGGGAGCTGTTTTTTGGAGAA"	FALSE	FALSE	NA	NA	NA	NA
"GATCCGGTCCACAAAGCTGGAGGACTCAGCCATGTACTTCTGTGCCAGCAGTGACGGGACCATAATTCACCCCTCCACTTTGGGAAT"	""	"GATCCGGTCCACAAAGCTGGAGGACTCAGCCATGTACTTCTGTGCCAGCAGTGACGGGACCATAATTCACCCCTCCACTTTGGGAAT"	""	"TCRBV2-1"	NA	"TCRBJ1-6*1"	54	55	60	61	1	1	NA	NA	"GATCCGGTCCACAAAGCTGGAGGACTCAGCCATGTACTTCTGTGCCAGCAGTGACGGGACCATAATTCACCCCTCCACTTTGGGAAT"	FALSE	FALSE	NA	NA	NA	NA
"CAGCAGGAGGACTCGGCCGTGTATCTCTGTGCCAGCACCGAGGGGGGACTAGCGGGCATACAACACAATGAGCAGTTCTTCGGGCCA"	"CASTEGGLAGIQHNEQFF"	"CAGCAGGAGGACTCGGCCGTGTATCTCTGTGCCAGCACCGAGGGGGGACTAGCGGGCATACAACACAATGAGCAGTTCTTCGGGCCA"	"CASTEGGLAGIQHNEQFF"	"TCRBV7-2"	"TCRBD2-1"	"TCRBJ2-1*1"	37	44	56	64	7	8	NA	NA	"CAGCAGGAGGACTCGGCCGTGTATCTCTGTGCCAGCACCGAGGGGGGACTAGCGGGCATACAACACAATGAGCAGTTCTTCGGGCCA"	FALSE	TRUE	NA	NA	NA	NA
"NNNNTGTCGGCTGCTCCCTCCCAAACATCTGTGTACTTCTGTGCCAGCAGTTACGGGACATCGAATGAAAAACTGTTTTTTGGCAGT"	"CASSYGTSNEKLFF"	"NNNNTGTCGGCTGCTCCCTCCCAAACATCTGTGTACTTCTGTGCCAGCAGTTACGGGACATCGAATGAAAAACTGTTTTTTGGCAGT"	"CASSYGTSNEKLFF"	"TCRBV6-2/6-3*1"	"TCRBD1-1*1"	"TCRBJ1-4*1"	-1	54	60	63	55	3	NA	NA	"NNNNTGTCGGCTGCTCCCTCCCAAACATCTGTGTACTTCTGTGCCAGCAGTTACGGGACATCGAATGAAAAACTGTTTTTTGGCAGT"	FALSE	TRUE	NA	NA	NA	NA
"TTGGAGCTGGGGGACTCGGCCCTTTATCTTTGCGCCAGCAGCTTGGTCCCGGAAAAAACCTGGGGGGCCGAGCAGTACTTCGGGCCG"	"CASSLVPEKTWGAEQYF"	"TTGGAGCTGGGGGACTCGGCCCTTTATCTTTGCGCCAGCAGCTTGGTCCCGGAAAAAACCTGGGGGGCCGAGCAGTACTTCGGGCCG"	"CASSLVPEKTWGAEQYF"	"TCRBV5-1*1"	NA	"TCRBJ2-7*1"	46	62	-1	68	16	69	NA	NA	"TTGGAGCTGGGGGACTCGGCCCTTTATCTTTGCGCCAGCAGCTTGGTCCCGGAAAAAACCTGGGGGGCCGAGCAGTACTTCGGGCCG"	FALSE	TRUE	NA	NA	NA	NA
"AAGATCCAGCGCACACAGCAGGAGGACTCGGCCGTGTATCTCTGTGCCAGCAGCTTAGAGCGACCCGAAAAACTGTTTTTTGGCAGT"	"CASSLERPEKLFF"	"AAGATCCAGCGCACACAGCAGGAGGACTCGGCCGTGTATCTCTGTGCCAGCAGCTTAGAGCGACCCGAAAAACTGTTTTTTGGCAGT"	"CASSLERPEKLFF"	"TCRBV7-2"	"TCRBD2-1"	"TCRBJ1-4*1"	-1	58	62	66	59	4	NA	NA	"AAGATCCAGCGCACACAGCAGGAGGACTCGGCCGTGTATCTCTGTGCCAGCAGCTTAGAGCGACCCGAAAAACTGTTTTTTGGCAGT"	FALSE	TRUE	NA	NA	NA	NA
"ACATCGGCCCAAAAGAACCCGACAGCTTTCTATCTCTGTGCCAGTAGTATAGCCGGGGGCCGCGGAAACACCATATATTTTGGAGAG"	"CASSIAGGRGNTIYF"	"ACATCGGCCCAAAAGAACCCGACAGCTTTCTATCTCTGTGCCAGTAGTATAGCCGGGGGCCGCGGAAACACCATATATTTTGGAGAG"	"CASSIAGGRGNTIYF"	"TCRBV19-1*1"	NA	"TCRBJ1-3*1"	52	54	60	63	2	3	NA	NA	"ACATCGGCCCAAAAGAACCCGACAGCTTTCTATCTCTGTGCCAGTAGTATAGCCGGGGGCCGCGGAAACACCATATATTTTGGAGAG"	FALSE	TRUE	NA	NA	NA	NA
"GTGCGAGGAGATTCGGCAGCTTATTTCTGTGCCAGCTCACCGGAGGTAAGGGGAAGCCAGGGCTACAATGAGCAGTTCTTCGGGCCA"	"CASSPEVRGSQGYNEQFF"	"GTGCGAGGAGATTCGGCAGCTTATTTCTGTGCCAGCTCACCGGAGGTAAGGGGAAGCCAGGGCTACAATGAGCAGTTCTTCGGGCCA"	"CASSPEVRGSQGYNEQFF"	"TCRBV18-1*1"	NA	"TCRBJ2-1*1"	41	57	-1	62	16	63	NA	NA	"GTGCGAGGAGATTCGGCAGCTTATTTCTGTGCCAGCTCACCGGAGGTAAGGGGAAGCCAGGGCTACAATGAGCAGTTCTTCGGGCCA"	FALSE	TRUE	NA	NA	NA	NA
"ACAGAGCAGGAGGACTCCGCCGTGTATCTCTGTGCCAGCAGCTTAAGAAGGTCGGGGTGGGCCAAAAACATTCAGTACTTCGGCGCC"	"CASSLRRSGWAKNIQYF"	"ACAGAGCAGGAGGACTCCGCCGTGTATCTCTGTGCCAGCAGCTTAAGAAGGTCGGGGTGGGCCAAAAACATTCAGTACTTCGGCGCC"	"CASSLRRSGWAKNIQYF"	"TCRBV7-8*1"	"TCRBD2-1*1"	"TCRBJ2-4*1"	45	52	57	60	7	3	NA	NA	"ACAGAGCAGGAGGACTCCGCCGTGTATCTCTGTGCCAGCAGCTTAAGAAGGTCGGGGTGGGCCAAAAACATTCAGTACTTCGGCGCC"	FALSE	TRUE	NA	NA	NA	NA
"TTTCAGCGCACAGAGCAGCGGGACTCGGCCATGTATCGCTGTGCCAGCAGCTTGTCCTTAGCATTGGAGACCCAGTACTTCGGGCCA"	"CASSLSLALETQYF"	"TTTCAGCGCACAGAGCAGCGGGACTCGGCCATGTATCGCTGTGCCAGCAGCTTGTCCTTAGCATTGGAGACCCAGTACTTCGGGCCA"	"CASSLSLALETQYF"	"TCRBV7-6*1"	"TCRBD2-1"	"TCRBJ2-5*1"	53	58	62	66	5	4	NA	NA	"TTTCAGCGCACAGAGCAGCGGGACTCGGCCATGTATCGCTGTGCCAGCAGCTTGTCCTTAGCATTGGAGACCCAGTACTTCGGGCCA"	FALSE	TRUE	NA	NA	NA	NA
"GGGGGGACTCAGCCGTGTATCTCTGTGCCAGCAGCCTGAGCGGCGGGAGGACTTGTGGGTAGCACAGATACGCAGTATTTTGGCCCA"	""	"GGGGGGACTCAGCCGTGTATCTCTGTGCCAGCAGCCTGAGCGGCGGGAGGACTTGTGGGTAGCACAGATACGCAGTATTTTGGCCCA"	""	"TCRBV7-3*1"	"TCRBD2-1*2"	"TCRBJ2-3*1"	35	42	50	60	7	10	NA	NA	"GGGGGGACTCAGCCGTGTATCTCTGTGCCAGCAGCCTGAGCGGCGGGAGGACTTGTGGGTAGCACAGATACGCAGTATTTTGGCCCA"	FALSE	FALSE	NA	NA	NA	NA
"AGCACCTTGGAGCTGGGGGACTCGGCCCTTTATCTTTGCGCCAGCAGCCAGGTTGGGACTCAAACCGGGGAGCTGTTTTTTGGAGAA"	"CASSQVGTQTGELFF"	"AGCACCTTGGAGCTGGGGGACTCGGCCCTTTATCTTTGCGCCAGCAGCCAGGTTGGGACTCAAACCGGGGAGCTGTTTTTTGGAGAA"	"CASSQVGTQTGELFF"	"TCRBV5-1*1"	"TCRBD2-1"	"TCRBJ2-2*1"	48	54	60	63	6	3	NA	NA	"AGCACCTTGGAGCTGGGGGACTCGGCCCTTTATCTTTGCGCCAGCAGCCAGGTTGGGACTCAAACCGGGGAGCTGTTTTTTGGAGAA"	FALSE	TRUE	NA	NA	NA	NA
"GGGGACTCGGCCCTTTATCTTTGCGCCAGCAGCCTCTCTAATCCGGGACTACCCAAGGCTAGCACAGATACGCAGTATTTTGGCCCA"	"CASSLSNPGLPKASTDTQYF"	"GGGGACTCGGCCCTTTATCTTTGCGCCAGCAGCCTCTCTAATCCGGGACTACCCAAGGCTAGCACAGATACGCAGTATTTTGGCCCA"	"CASSLSNPGLPKASTDTQYF"	"TCRBV5-1*1"	"TCRBD2-1"	"TCRBJ2-3*1"	33	44	51	60	11	9	NA	NA	"GGGGACTCGGCCCTTTATCTTTGCGCCAGCAGCCTCTCTAATCCGGGACTACCCAAGGCTAGCACAGATACGCAGTATTTTGGCCCA"	FALSE	TRUE	NA	NA	NA	NA
"ATCCAGCAGGTAGTGCGAGGAGATTCGGCAGCTTATTTCTGTGCCACCACTGACGGGCCCGCCCCTTATGGCTACACCTTCGGTTCG"	"CATTDGPAPYGYTF"	"ATCCAGCAGGTAGTGCGAGGAGATTCGGCAGCTTATTTCTGTGCCACCACTGACGGGCCCGCCCCTTATGGCTACACCTTCGGTTCG"	"CATTDGPAPYGYTF"	"TCRBV18-1*1"	NA	"TCRBJ1-2*1"	46	54	58	66	8	8	NA	NA	"ATCCAGCAGGTAGTGCGAGGAGATTCGGCAGCTTATTTCTGTGCCACCACTGACGGGCCCGCCCCTTATGGCTACACCTTCGGTTCG"	FALSE	TRUE	NA	NA	NA	NA
"AATGTGAACGCCTTGGAGCTGGACGACTCGGCCCTGTATCTCTGTGCCAGCAGCCCGAGAAACTCCGGGGAGCTGTTTTTTGGAGAA"	"CASSPRNSGELFF"	"AATGTGAACGCCTTGGAGCTGGACGACTCGGCCCTGTATCTCTGTGCCAGCAGCCCGAGAAACTCCGGGGAGCTGTTTTTTGGAGAA"	"CASSPRNSGELFF"	"TCRBV5-4*1"	"TCRBD2-1"	"TCRBJ2-2*1"	54	61	-1	64	7	65	NA	NA	"AATGTGAACGCCTTGGAGCTGGACGACTCGGCCCTGTATCTCTGTGCCAGCAGCCCGAGAAACTCCGGGGAGCTGTTTTTTGGAGAA"	FALSE	TRUE	NA	NA	NA	NA
"GCAGGAGGACTCCGCCGTGTATCTCTGTGCCAGCAGCTTAGCGAGGGGGGTAGCGGGAGGTAAACCGGGGAGCTGTTTTTTGGAGAA"	""	"GCAGGAGGACTCCGCCGTGTATCTCTGTGCCAGCAGCTTAGCGAGGGGGGTAGCGGGAGGTAAACCGGGGAGCTGTTTTTTGGAGAA"	""	"TCRBV7-8*1"	"TCRBD2-1*2"	"TCRBJ2-2*1"	42	50	60	63	8	3	NA	NA	"GCAGGAGGACTCCGCCGTGTATCTCTGTGCCAGCAGCTTAGCGAGGGGGGTAGCGGGAGGTAAACCGGGGAGCTGTTTTTTGGAGAA"	FALSE	FALSE	NA	NA	NA	NA
"CTGAAGATCCGGTCCACAAAGCTGGAGGACTCAGCCATGTACTTCTGTGCCAGCAGGGGTGGGCAGGAGACCCAGTACTTCGGGCCA"	"CASRGGQETQYF"	"CTGAAGATCCGGTCCACAAAGCTGGAGGACTCAGCCATGTACTTCTGTGCCAGCAGGGGTGGGCAGGAGACCCAGTACTTCGGGCCA"	"CASRGGQETQYF"	"TCRBV2-1"	"TCRBD1-1*1"	"TCRBJ2-5*1"	56	60	64	66	4	2	NA	NA	"CTGAAGATCCGGTCCACAAAGCTGGAGGACTCAGCCATGTACTTCTGTGCCAGCAGGGGTGGGCAGGAGACCCAGTACTTCGGGCCA"	FALSE	TRUE	NA	NA	NA	NA
"ATGTGAGCACCTTGGAGCTGGGGGACTCGGCCCTTTATCTTTGCGCCAGCAGCTTTTGTAAACCAAGAGACCCAGTACTTCGGGCCA"	""	"ATGTGAGCACCTTGGAGCTGGGGGACTCGGCCCTTTATCTTTGCGCCAGCAGCTTTTGTAAACCAAGAGACCCAGTACTTCGGGCCA"	""	"TCRBV5-1*1"	"TCRBD2-1"	"TCRBJ2-5*1"	55	58	60	61	3	1	NA	NA	"ATGTGAGCACCTTGGAGCTGGGGGACTCGGCCCTTTATCTTTGCGCCAGCAGCTTTTGTAAACCAAGAGACCCAGTACTTCGGGCCA"	FALSE	FALSE	NA	NA	NA	NA
"GCAGAGCTTGAGGACTCGGCCGTGTATCTCTGTGCCAGCAGCTTAGGTACTAGCGGGAGGGCCGGGGAGACCCAGTACTTCGGGCCA"	"CASSLGTSGRAGETQYF"	"GCAGAGCTTGAGGACTCGGCCGTGTATCTCTGTGCCAGCAGCTTAGGTACTAGCGGGAGGGCCGGGGAGACCCAGTACTTCGGGCCA"	"CASSLGTSGRAGETQYF"	NA	"TCRBD2-1*2"	"TCRBJ2-5*1"	46	48	61	66	2	5	NA	NA	"GCAGAGCTTGAGGACTCGGCCGTGTATCTCTGTGCCAGCAGCTTAGGTACTAGCGGGAGGGCCGGGGAGACCCAGTACTTCGGGCCA"	FALSE	TRUE	NA	NA	NA	NA
"GAGCAGGAGGACTCGGCCGTGTATCTCTGTGCCAGCAGCTTAGATAGGGCCAGGGCCTCAGGGGGGAACACCATATATTTTGGAGAG"	"CASSLDRARASGGNTIYF"	"GAGCAGGAGGACTCGGCCGTGTATCTCTGTGCCAGCAGCTTAGATAGGGCCAGGGCCTCAGGGGGGAACACCATATATTTTGGAGAG"	"CASSLDRARASGGNTIYF"	"TCRBV7-2"	"TCRBD1-1*1"	"TCRBJ1-3*1"	43	58	65	66	15	1	NA	NA	"GAGCAGGAGGACTCGGCCGTGTATCTCTGTGCCAGCAGCTTAGATAGGGCCAGGGCCTCAGGGGGGAACACCATATATTTTGGAGAG"	FALSE	TRUE	NA	NA	NA	NA
"TTCTCAGTGACTCTGGCTTCTATCTCTGTGCCTGGAGTGTAGAGAGTGGGGACTAGCGGGAATTCTTACGAGCAGTACTTCGGGCCG"	""	"TTCTCAGTGACTCTGGCTTCTATCTCTGTGCCTGGAGTGTAGAGAGTGGGGACTAGCGGGAATTCTTACGAGCAGTACTTCGGGCCG"	""	"TCRBV3-1*1"	"TCRBD2-1*2"	"TCRBJ2-7*1"	40	48	61	66	8	5	NA	NA	"TTCTCAGTGACTCTGGCTTCTATCTCTGTGCCTGGAGTGTAGAGAGTGGGGACTAGCGGGAATTCTTACGAGCAGTACTTCGGGCCG"	FALSE	FALSE	NA	NA	NA	NA
"AGTTCTAAGAAGCTCCTTCTCAGTGACTCTGGCTTCTATCTCTGTGCCTGGAGTGTAACGGGAGGTACTGAGCAGTTCTTCGGGCCA"	"CAWSVTGGTEQFF"	"AGTTCTAAGAAGCTCCTTCTCAGTGACTCTGGCTTCTATCTCTGTGCCTGGAGTGTAACGGGAGGTACTGAGCAGTTCTTCGGGCCA"	"CAWSVTGGTEQFF"	"TCRBV3-1*1"	"TCRBD2-1*2"	"TCRBJ2-1*1"	56	58	65	68	2	3	NA	NA	"AGTTCTAAGAAGCTCCTTCTCAGTGACTCTGGCTTCTATCTCTGTGCCTGGAGTGTAACGGGAGGTACTGAGCAGTTCTTCGGGCCA"	FALSE	TRUE	NA	NA	NA	NA
"GGAGATCCAGTCCACGGAGTCAGGGGACACAGCACTGTATTTCTGTGCCAGCAGCCGGGACAGGGTGGAGGCTACACCTTCGGTTCG"	""	"GGAGATCCAGTCCACGGAGTCAGGGGACACAGCACTGTATTTCTGTGCCAGCAGCCGGGACAGGGTGGAGGCTACACCTTCGGTTCG"	""	"TCRBV21-1*1"	"TCRBD1-1*1"	"TCRBJ1-2*1"	55	56	65	69	1	4	NA	NA	"GGAGATCCAGTCCACGGAGTCAGGGGACACAGCACTGTATTTCTGTGCCAGCAGCCGGGACAGGGTGGAGGCTACACCTTCGGTTCG"	FALSE	FALSE	NA	NA	NA	NA
"GGGGACACAGCACTGTATTTCTGTGCCAGCAGCACCGGACAGAGGCCACCGAAAAATTATAGCAATCAGCCCCAGCATTTTGGTGAT"	"CASSTGQRPPKNYSNQPQHF"	"GGGGACACAGCACTGTATTTCTGTGCCAGCAGCACCGGACAGAGGCCACCGAAAAATTATAGCAATCAGCCCCAGCATTTTGGTGAT"	"CASSTGQRPPKNYSNQPQHF"	"TCRBV21-1*1"	"TCRBD1-1*1"	"TCRBJ1-5*1"	34	36	42	59	2	17	NA	NA	"GGGGACACAGCACTGTATTTCTGTGCCAGCAGCACCGGACAGAGGCCACCGAAAAATTATAGCAATCAGCCCCAGCATTTTGGTGAT"	FALSE	TRUE	NA	NA	NA	NA
"AGCAACATGAGCCCTGAAGACAGCAGCATATATCTCTGCAGCGTTGACGGTGGAGCGGGCAGTACAGATACGCAGTATTTTGGCCCA"	"CSVDGGAGSTDTQYF"	"AGCAACATGAGCCCTGAAGACAGCAGCATATATCTCTGCAGCGTTGACGGTGGAGCGGGCAGTACAGATACGCAGTATTTTGGCCCA"	"CSVDGGAGSTDTQYF"	"TCRBV29-1"	"TCRBD2-1"	"TCRBJ2-3*1"	47	53	59	63	6	4	NA	NA	"AGCAACATGAGCCCTGAAGACAGCAGCATATATCTCTGCAGCGTTGACGGTGGAGCGGGCAGTACAGATACGCAGTATTTTGGCCCA"	FALSE	TRUE	NA	NA	NA	NA
"GAGTCCGCCAGCACCAACCAGACATCTATGTACCTCTGTGCCAGCAGCCAAACGAGGGAGGGTCGGAACGAGCAGTACTTCGGGCCG"	"CASSQTREGRNEQYF"	"GAGTCCGCCAGCACCAACCAGACATCTATGTACCTCTGTGCCAGCAGCCAAACGAGGGAGGGTCGGAACGAGCAGTACTTCGGGCCG"	"CASSQTREGRNEQYF"	"TCRBV28-1*1"	"TCRBD2-1*2"	"TCRBJ2-7*1"	47	55	62	67	8	5	NA	NA	"GAGTCCGCCAGCACCAACCAGACATCTATGTACCTCTGTGCCAGCAGCCAAACGAGGGAGGGTCGGAACGAGCAGTACTTCGGGCCG"	FALSE	TRUE	NA	NA	NA	NA
"TTGGAGCTGGGGGACTCGGCCCTTTATCTTTGCGCCAGCAGCCCTCAATCTGGCGTATTTGTTACAGATACGCAGTATTTTGGCCCA"	"CASSPQSGVFVTDTQYF"	"TTGGAGCTGGGGGACTCGGCCCTTTATCTTTGCGCCAGCAGCCCTCAATCTGGCGTATTTGTTACAGATACGCAGTATTTTGGCCCA"	"CASSPQSGVFVTDTQYF"	"TCRBV5-1*1"	NA	"TCRBJ2-3*1"	42	51	54	63	9	9	NA	NA	"TTGGAGCTGGGGGACTCGGCCCTTTATCTTTGCGCCAGCAGCCCTCAATCTGGCGTATTTGTTACAGATACGCAGTATTTTGGCCCA"	FALSE	TRUE	NA	NA	NA	NA
"TCCACAAAGCTGGAGGACTCAGCCATGTACTTCTGTGCCAGCAGGGTCGGCGGGAGGGAGGGATCCTACGAGCAGTACTTCGGGCCG"	"CASRVGGREGSYEQYF"	"TCCACAAAGCTGGAGGACTCAGCCATGTACTTCTGTGCCAGCAGGGTCGGCGGGAGGGAGGGATCCTACGAGCAGTACTTCGGGCCG"	"CASRVGGREGSYEQYF"	"TCRBV2-1"	"TCRBD2-1*2"	"TCRBJ2-7*1"	44	49	58	63	5	5	NA	NA	"TCCACAAAGCTGGAGGACTCAGCCATGTACTTCTGTGCCAGCAGGGTCGGCGGGAGGGAGGGATCCTACGAGCAGTACTTCGGGCCG"	FALSE	TRUE	NA	NA	NA	NA
"CTGGAGTTGGCTGCTCCCTCCCAGACATCTGTGTACTTCTGTGCCAGCAGTTTTGGGGACGGCAAAAACATTCAGTACTTCGGCGCC"	"CASSFGDGKNIQYF"	"CTGGAGTTGGCTGCTCCCTCCCAGACATCTGTGTACTTCTGTGCCAGCAGTTTTGGGGACGGCAAAAACATTCAGTACTTCGGCGCC"	"CASSFGDGKNIQYF"	"TCRBV6-6*1"	NA	"TCRBJ2-4*1"	52	55	60	62	3	2	NA	NA	"CTGGAGTTGGCTGCTCCCTCCCAGACATCTGTGTACTTCTGTGCCAGCAGTTTTGGGGACGGCAAAAACATTCAGTACTTCGGCGCC"	FALSE	TRUE	NA	NA	NA	NA
"GCCTTGTTGCTGGGGGACTCGGCCCTCTATCTCTGTGCCAGCAGCTCTCATTTGGACAGCTATGGCTTCGGCTACACCTTCGGTTCG"	"CASSSHLDSYGFGYTF"	"GCCTTGTTGCTGGGGGACTCGGCCCTCTATCTCTGTGCCAGCAGCTCTCATTTGGACAGCTATGGCTTCGGCTACACCTTCGGTTCG"	"CASSSHLDSYGFGYTF"	"TCRBV5-6*1"	"TCRBD1-1*1"	"TCRBJ1-2*1"	46	53	59	69	7	10	NA	NA	"GCCTTGTTGCTGGGGGACTCGGCCCTCTATCTCTGTGCCAGCAGCTCTCATTTGGACAGCTATGGCTTCGGCTACACCTTCGGTTCG"	FALSE	TRUE	NA	NA	NA	NA
"AGCACCTTGGAGCTGGGGGACTCGGCCCTTTATCTTTGCGCCAGCAGCCACGGACAGGGGATGGGGAATGAGCAGTTCTTCGGGCCA"	"CASSHGQGMGNEQFF"	"AGCACCTTGGAGCTGGGGGACTCGGCCCTTTATCTTTGCGCCAGCAGCCACGGACAGGGGATGGGGAATGAGCAGTTCTTCGGGCCA"	"CASSHGQGMGNEQFF"	"TCRBV5-1*1"	"TCRBD1-1*1"	"TCRBJ2-1*1"	48	51	60	66	3	6	NA	NA	"AGCACCTTGGAGCTGGGGGACTCGGCCCTTTATCTTTGCGCCAGCAGCCACGGACAGGGGATGGGGAATGAGCAGTTCTTCGGGCCA"	FALSE	TRUE	NA	NA	NA	NA
"TTGGCGTCTGCTGTACCCTCTCAGACATCTGTGTACTTCTGTGCCAGCAGAAAAGAGGGTGATAACTCCGAGCAGTACTTCGGGCCG"	"CASRKEGDNSEQYF"	"TTGGCGTCTGCTGTACCCTCTCAGACATCTGTGTACTTCTGTGCCAGCAGAAAAGAGGGTGATAACTCCGAGCAGTACTTCGGGCCG"	"CASRKEGDNSEQYF"	"TCRBV6-4*1"	"TCRBD2-1*2"	"TCRBJ2-7*1"	50	54	59	68	4	9	NA	NA	"TTGGCGTCTGCTGTACCCTCTCAGACATCTGTGTACTTCTGTGCCAGCAGAAAAGAGGGTGATAACTCCGAGCAGTACTTCGGGCCG"	FALSE	TRUE	NA	NA	NA	NA
"ACCAGTGCCCATCCTGAAGACAGCAGCTTCTACATCTGCAGTGCTAGAGAAAAAGGGGGCGCTAATTCACCCCTCCACTTTGGGAAT"	"CSAREKGGANSPLHF"	"ACCAGTGCCCATCCTGAAGACAGCAGCTTCTACATCTGCAGTGCTAGAGAAAAAGGGGGCGCTAATTCACCCCTCCACTTTGGGAAT"	"CSAREKGGANSPLHF"	NA	"TCRBD1-1*1"	"TCRBJ1-6*1"	50	53	60	62	3	2	NA	NA	"ACCAGTGCCCATCCTGAAGACAGCAGCTTCTACATCTGCAGTGCTAGAGAAAAAGGGGGCGCTAATTCACCCCTCCACTTTGGGAAT"	FALSE	TRUE	NA	NA	NA	NA
"ACGATTCAGCGCACAGAGCAGCGGGACTCGGCCATGTATCGCTGTGCCAGCAGCATCAGCAGCGGAAGAGAGGCTTTCTTTGGACAA"	"CASSISSGREAFF"	"ACGATTCAGCGCACAGAGCAGCGGGACTCGGCCATGTATCGCTGTGCCAGCAGCATCAGCAGCGGAAGAGAGGCTTTCTTTGGACAA"	"CASSISSGREAFF"	NA	"TCRBD2-1"	"TCRBJ1-1*1"	54	60	65	72	6	7	NA	NA	"ACGATTCAGCGCACAGAGCAGCGGGACTCGGCCATGTATCGCTGTGCCAGCAGCATCAGCAGCGGAAGAGAGGCTTTCTTTGGACAA"	FALSE	TRUE	NA	NA	NA	NA
"GAGTCGCCCAGCCCCAACCAGACCTCTCTGTACTTCTGTGCCAGCGCCCCGGGGGACATTCTCCCGTCGCGAGCTTTCTTTGGACAA"	"CASAPGDILPSRAFF"	"GAGTCGCCCAGCCCCAACCAGACCTCTCTGTACTTCTGTGCCAGCGCCCCGGGGGACATTCTCCCGTCGCGAGCTTTCTTTGGACAA"	"CASAPGDILPSRAFF"	"TCRBV27-1*1"	NA	"TCRBJ1-1*1"	45	52	58	71	7	13	NA	NA	"GAGTCGCCCAGCCCCAACCAGACCTCTCTGTACTTCTGTGCCAGCGCCCCGGGGGACATTCTCCCGTCGCGAGCTTTCTTTGGACAA"	FALSE	TRUE	NA	NA	NA	NA
"ATCCAGCCCTCAGAACCCAGGGACTCAGCTGTGTACTTCTGTGCCAGCAGCAGGGACAGGGGGCGCACCGAGCAGTACTTCGGGCCG"	"CASSRDRGRTEQYF"	"ATCCAGCCCTCAGAACCCAGGGACTCAGCTGTGTACTTCTGTGCCAGCAGCAGGGACAGGGGGCGCACCGAGCAGTACTTCGGGCCG"	"CASSRDRGRTEQYF"	NA	"TCRBD1-1*1"	"TCRBJ2-7*1"	50	52	64	68	2	4	NA	NA	"ATCCAGCCCTCAGAACCCAGGGACTCAGCTGTGTACTTCTGTGCCAGCAGCAGGGACAGGGGGCGCACCGAGCAGTACTTCGGGCCG"	FALSE	TRUE	NA	NA	NA	NA
"CAGAGCTTGGGGACTCGGCCGTGTATCTCTGTGCCAGCAGCTTCCCGGATCGGACAGGGATCTCAAGAGACCCAGTACTTCGGGCCA"	""	"CAGAGCTTGGGGACTCGGCCGTGTATCTCTGTGCCAGCAGCTTCCCGGATCGGACAGGGATCTCAAGAGACCCAGTACTTCGGGCCA"	""	"TCRBV11-3*1"	"TCRBD1-1*1"	"TCRBJ2-5*1"	43	51	59	63	8	4	NA	NA	"CAGAGCTTGGGGACTCGGCCGTGTATCTCTGTGCCAGCAGCTTCCCGGATCGGACAGGGATCTCAAGAGACCCAGTACTTCGGGCCA"	FALSE	FALSE	NA	NA	NA	NA
"AGCGCACAGAGCGGGGGGACTCAGCCGTGTATCTCTGTGCCAGCCGGCGGACTAGCGGGAGAAGCAGATACGCAGTATTTTGGCCCA"	""	"AGCGCACAGAGCGGGGGGACTCAGCCGTGTATCTCTGTGCCAGCCGGCGGACTAGCGGGAGAAGCAGATACGCAGTATTTTGGCCCA"	""	"TCRBV7-3*1"	"TCRBD2-1*2"	"TCRBJ2-3*1"	44	48	61	64	4	3	NA	NA	"AGCGCACAGAGCGGGGGGACTCAGCCGTGTATCTCTGTGCCAGCCGGCGGACTAGCGGGAGAAGCAGATACGCAGTATTTTGGCCCA"	FALSE	FALSE	NA	NA	NA	NA
"GAGTCCGCCAGCACCAACCAGACATCTATGTACCTCTGTGCCAGCAGTTTCCGGACTAGCGGGACGAATGAGCAGTTCTTCGGGCCA"	"CASSFRTSGTNEQFF"	"GAGTCCGCCAGCACCAACCAGACATCTATGTACCTCTGTGCCAGCAGTTTCCGGACTAGCGGGACGAATGAGCAGTTCTTCGGGCCA"	"CASSFRTSGTNEQFF"	"TCRBV28-1*1"	"TCRBD2-1*2"	"TCRBJ2-1*1"	50	52	64	66	2	2	NA	NA	"GAGTCCGCCAGCACCAACCAGACATCTATGTACCTCTGTGCCAGCAGTTTCCGGACTAGCGGGACGAATGAGCAGTTCTTCGGGCCA"	FALSE	TRUE	NA	NA	NA	NA
"TCTGCCAGGCCCTCACATACCTCTCAGTACCTCTGTGCCAGCAGCGGCCCGACAGGGGGGACCGGCCGGGAGCTGTTTTTTGGAGAA"	"CASSGPTGGTGRELFF"	"TCTGCCAGGCCCTCACATACCTCTCAGTACCTCTGTGCCAGCAGCGGCCCGACAGGGGGGACCGGCCGGGAGCTGTTTTTTGGAGAA"	"CASSGPTGGTGRELFF"	"TCRBV25-1*1"	"TCRBD1-1*1"	"TCRBJ2-2*1"	44	50	59	67	6	8	NA	NA	"TCTGCCAGGCCCTCACATACCTCTCAGTACCTCTGTGCCAGCAGCGGCCCGACAGGGGGGACCGGCCGGGAGCTGTTTTTTGGAGAA"	FALSE	TRUE	NA	NA	NA	NA
"CGCTCACCAGGCCTGGGGGACGCAGCCATGTACCTGTGTGCCACCAGCAGTATCGGACAGGGGTTAAATGAGCAGTTCTTCGGGCCA"	"CATSSIGQGLNEQFF"	"CGCTCACCAGGCCTGGGGGACGCAGCCATGTACCTGTGTGCCACCAGCAGTATCGGACAGGGGTTAAATGAGCAGTTCTTCGGGCCA"	"CATSSIGQGLNEQFF"	"TCRBV15-1*2"	"TCRBD1-1*1"	"TCRBJ2-1*1"	50	54	63	66	4	3	NA	NA	"CGCTCACCAGGCCTGGGGGACGCAGCCATGTACCTGTGTGCCACCAGCAGTATCGGACAGGGGTTAAATGAGCAGTTCTTCGGGCCA"	FALSE	TRUE	NA	NA	NA	NA
"GTTCTAAGAAGCTCCTTCTCAGTGACTCTGGCTTCTATCTCTGTGCCTGGAGAAGGCTTCTCATACAATGAGCAGTTCTTCGGGCCA"	""	"GTTCTAAGAAGCTCCTTCTCAGTGACTCTGGCTTCTATCTCTGTGCCTGGAGAAGGCTTCTCATACAATGAGCAGTTCTTCGGGCCA"	""	"TCRBV3-1*1"	NA	"TCRBJ2-1*1"	52	53	56	63	1	7	NA	NA	"GTTCTAAGAAGCTCCTTCTCAGTGACTCTGGCTTCTATCTCTGTGCCTGGAGAAGGCTTCTCATACAATGAGCAGTTCTTCGGGCCA"	FALSE	FALSE	NA	NA	NA	NA
"CACAGCACTGTATTTCTGTGCCAGCAGCAAAGTTACGAGGGCGAACCCTCGTAGCGGGAGGGCTTCTACGAGCAGTACTTCGGGCCG"	""	"CACAGCACTGTATTTCTGTGCCAGCAGCAAAGTTACGAGGGCGAACCCTCGTAGCGGGAGGGCTTCTACGAGCAGTACTTCGGGCCG"	""	"TCRBV21-1*1"	"TCRBD2-1*2"	"TCRBJ2-7*1"	32	51	62	65	19	3	NA	NA	"CACAGCACTGTATTTCTGTGCCAGCAGCAAAGTTACGAGGGCGAACCCTCGTAGCGGGAGGGCTTCTACGAGCAGTACTTCGGGCCG"	FALSE	FALSE	NA	NA	NA	NA
"CAGCGCACAGAGCAGGGGGACTCGGCCATGTATCTCTGTGCCAGCAGCTCCCTAGCGGCATTTTACAATGAGCAGTTCTTCGGGCCA"	"CASSSLAAFYNEQFF"	"CAGCGCACAGAGCAGGGGGACTCGGCCATGTATCTCTGTGCCAGCAGCTCCCTAGCGGCATTTTACAATGAGCAGTTCTTCGGGCCA"	"CASSSLAAFYNEQFF"	"TCRBV7-9*1"	"TCRBD2-1"	"TCRBJ2-1*1"	49	51	58	63	2	5	NA	NA	"CAGCGCACAGAGCAGGGGGACTCGGCCATGTATCTCTGTGCCAGCAGCTCCCTAGCGGCATTTTACAATGAGCAGTTCTTCGGGCCA"	FALSE	TRUE	NA	NA	NA	NA
"ACAGTGACCAGTGCCCATCCTGAAGACAGCAGCTTCTACATCTGCAGTGCTAGAGGGTCGGGGGCGGACGAGCAGTACTTCGGGCCG"	"CSARGSGADEQYF"	"ACAGTGACCAGTGCCCATCCTGAAGACAGCAGCTTCTACATCTGCAGTGCTAGAGGGTCGGGGGCGGACGAGCAGTACTTCGGGCCG"	"CSARGSGADEQYF"	NA	NA	"TCRBJ2-7*1"	55	59	65	67	4	2	NA	NA	"ACAGTGACCAGTGCCCATCCTGAAGACAGCAGCTTCTACATCTGCAGTGCTAGAGGGTCGGGGGCGGACGAGCAGTACTTCGGGCCG"	FALSE	TRUE	NA	NA	NA	NA
"CTGGGGGACTCGGCCCTGTATCTCTGTGCCAGCAGTACTTCCCGGACTAGCGGACAATTCCGGGGCAATGAGCAGTTCTTCGGGCCA"	"CASSTSRTSGQFRGNEQFF"	"CTGGGGGACTCGGCCCTGTATCTCTGTGCCAGCAGTACTTCCCGGACTAGCGGACAATTCCGGGGCAATGAGCAGTTCTTCGGGCCA"	"CASSTSRTSGQFRGNEQFF"	"TCRBV5-5*1"	"TCRBD2-1"	"TCRBJ2-1*1"	35	43	53	65	8	12	NA	NA	"CTGGGGGACTCGGCCCTGTATCTCTGTGCCAGCAGTACTTCCCGGACTAGCGGACAATTCCGGGGCAATGAGCAGTTCTTCGGGCCA"	FALSE	TRUE	NA	NA	NA	NA
"GTGCCTTGGAGCTGGGGGACTCGGCCCTGTATCTCTGTGCCAGAAGCCCCGCCGGAGGGTTCGTAGCAGCCCCAGCATTTTGGTGAT"	""	"GTGCCTTGGAGCTGGGGGACTCGGCCCTGTATCTCTGTGCCAGAAGCCCCGCCGGAGGGTTCGTAGCAGCCCCAGCATTTTGGTGAT"	""	"TCRBV5-3"	"TCRBD2-1*2"	"TCRBJ1-5*1"	47	53	59	66	6	7	NA	NA	"GTGCCTTGGAGCTGGGGGACTCGGCCCTGTATCTCTGTGCCAGAAGCCCCGCCGGAGGGTTCGTAGCAGCCCCAGCATTTTGGTGAT"	FALSE	FALSE	NA	NA	NA	NA
"AAGATCCAGCCTGCAGAGCTTGGGGACTCGGCCGTGTATCTCTGTGCCAGCAGCCTAGTAAGGACCGGGGAGCTGTTTTTTGGAGAA"	"CASSLVRTGELFF"	"AAGATCCAGCCTGCAGAGCTTGGGGACTCGGCCGTGTATCTCTGTGCCAGCAGCCTAGTAAGGACCGGGGAGCTGTTTTTTGGAGAA"	"CASSLVRTGELFF"	"TCRBV11-3*1"	NA	"TCRBJ2-2*1"	58	60	-1	63	2	64	NA	NA	"AAGATCCAGCCTGCAGAGCTTGGGGACTCGGCCGTGTATCTCTGTGCCAGCAGCCTAGTAAGGACCGGGGAGCTGTTTTTTGGAGAA"	FALSE	TRUE	NA	NA	NA	NA
"ATGTGAGTGCCTTGGAGCTGGGGGACTCGGCCCTGTATCTCTGTGCCAGAAGCTTTAGGTCCGAACACTGAAGCTTTCTTTGGACAA"	""	"ATGTGAGTGCCTTGGAGCTGGGGGACTCGGCCCTGTATCTCTGTGCCAGAAGCTTTAGGTCCGAACACTGAAGCTTTCTTTGGACAA"	""	"TCRBV5-3"	NA	"TCRBJ1-1*1"	55	56	59	62	1	3	NA	NA	"ATGTGAGTGCCTTGGAGCTGGGGGACTCGGCCCTGTATCTCTGTGCCAGAAGCTTTAGGTCCGAACACTGAAGCTTTCTTTGGACAA"	FALSE	FALSE	NA	NA	NA	NA
"CCCTAGAGTCTGCCATCCCCAACCAGACAGCTCTTTACTTCTGTGCCACAGATGGACAGGGGGCCGGATGAGCAGTTCTTCGGGCCA"	""	"CCCTAGAGTCTGCCATCCCCAACCAGACAGCTCTTTACTTCTGTGCCACAGATGGACAGGGGGCCGGATGAGCAGTTCTTCGGGCCA"	""	"TCRBV24-1*1"	"TCRBD1-1*1"	"TCRBJ2-1*1"	49	53	64	67	4	3	NA	NA	"CCCTAGAGTCTGCCATCCCCAACCAGACAGCTCTTTACTTCTGTGCCACAGATGGACAGGGGGCCGGATGAGCAGTTCTTCGGGCCA"	FALSE	FALSE	NA	NA	NA	NA
"CTGCAGAACTGGAGGATTCTGGAGTTTATTTCTGTGCCAGCAGCCAAGGTCGACAAAGGACAGTCCTATGGCTACACCTTCGGTTCG"	""	"CTGCAGAACTGGAGGATTCTGGAGTTTATTTCTGTGCCAGCAGCCAAGGTCGACAAAGGACAGTCCTATGGCTACACCTTCGGTTCG"	""	"TCRBV14-1*1"	"TCRBD1-1*1"	"TCRBJ1-2*1"	48	57	63	65	9	2	NA	NA	"CTGCAGAACTGGAGGATTCTGGAGTTTATTTCTGTGCCAGCAGCCAAGGTCGACAAAGGACAGTCCTATGGCTACACCTTCGGTTCG"	FALSE	FALSE	NA	NA	NA	NA
"AAGATCCAGCCCTCAGAACCCAGGGACTCAGCTGTGTACTTCTGTGCCAGCAGTTTGGGCGGGGGCACTGAAGCTTTCTTTGGACAA"	"CASSLGGGTEAFF"	"AAGATCCAGCCCTCAGAACCCAGGGACTCAGCTGTGTACTTCTGTGCCAGCAGTTTGGGCGGGGGCACTGAAGCTTTCTTTGGACAA"	"CASSLGGGTEAFF"	"TCRBV12-3/12-4*1"	"TCRBD2-1*1"	"TCRBJ1-1*1"	56	58	-1	65	2	66	NA	NA	"AAGATCCAGCCCTCAGAACCCAGGGACTCAGCTGTGTACTTCTGTGCCAGCAGTTTGGGCGGGGGCACTGAAGCTTTCTTTGGACAA"	FALSE	TRUE	NA	NA	NA	NA
"TCCTGTCCTCAGAACCGGGAGACACGGCACTGTATCTCTGCGCCAGCAGTCAATCGCCCAGGGAGCTACGAGCAGTACTTCGGGCCG"	""	"TCCTGTCCTCAGAACCGGGAGACACGGCACTGTATCTCTGCGCCAGCAGTCAATCGCCCAGGGAGCTACGAGCAGTACTTCGGGCCG"	""	"TCRBV23-1*1"	NA	"TCRBJ2-7*1"	55	58	63	65	3	2	NA	NA	"TCCTGTCCTCAGAACCGGGAGACACGGCACTGTATCTCTGCGCCAGCAGTCAATCGCCCAGGGAGCTACGAGCAGTACTTCGGGCCG"	FALSE	FALSE	NA	NA	NA	NA
"TGAGCAACATGAGCCCTGAAGACAGCAGCATATATCTCTGCAGCGTTGTATGGGGGGCGCAGCAATCAGCCCCAGCATTTTGGTGAT"	""	"TGAGCAACATGAGCCCTGAAGACAGCAGCATATATCTCTGCAGCGTTGTATGGGGGGCGCAGCAATCAGCCCCAGCATTTTGGTGAT"	""	"TCRBV29-1"	NA	"TCRBJ1-5*1"	48	52	58	60	4	2	NA	NA	"TGAGCAACATGAGCCCTGAAGACAGCAGCATATATCTCTGCAGCGTTGTATGGGGGGCGCAGCAATCAGCCCCAGCATTTTGGTGAT"	FALSE	FALSE	NA	NA	NA	NA
"CTGGAGCTTGGTGACTCTGCTGTGTATTTCTGTGCCAGCAGCCAGAAGCGGGAGGTATTCATAAGCAATGAGCAGTTCTTCGGGCCA"	"CASSQKREVFISNEQFF"	"CTGGAGCTTGGTGACTCTGCTGTGTATTTCTGTGCCAGCAGCCAGAAGCGGGAGGTATTCATAAGCAATGAGCAGTTCTTCGGGCCA"	"CASSQKREVFISNEQFF"	"TCRBV3-1/3-2*1"	"TCRBD2-1*2"	"TCRBJ2-1*1"	44	46	55	65	2	10	NA	NA	"CTGGAGCTTGGTGACTCTGCTGTGTATTTCTGTGCCAGCAGCCAGAAGCGGGAGGTATTCATAAGCAATGAGCAGTTCTTCGGGCCA"	FALSE	TRUE	NA	NA	NA	NA
"AAGAAGCTCCTTCTCAGTGACTCTGGCTTCTATCTCTGTGCCTGGAGTGTCTCCGGGACAGGGGGTAATGGCTACACCTTCGGTTCG"	"CAWSVSGTGGNGYTF"	"AAGAAGCTCCTTCTCAGTGACTCTGGCTTCTATCTCTGTGCCTGGAGTGTCTCCGGGACAGGGGGTAATGGCTACACCTTCGGTTCG"	"CAWSVSGTGGNGYTF"	"TCRBV3-1*1"	"TCRBD1-1*1"	"TCRBJ1-2*1"	50	54	65	67	4	2	NA	NA	"AAGAAGCTCCTTCTCAGTGACTCTGGCTTCTATCTCTGTGCCTGGAGTGTCTCCGGGACAGGGGGTAATGGCTACACCTTCGGTTCG"	FALSE	TRUE	NA	NA	NA	NA
"ATCCAGCCTGCAAAGCTTGAGGACTCGGCCGTGTATCTCTGTGCCAGCAGCCTACGGGCTAACACAGATACGCAGTATTTTGGCCCA"	"CASSLRANTDTQYF"	"ATCCAGCCTGCAAAGCTTGAGGACTCGGCCGTGTATCTCTGTGCCAGCAGCCTACGGGCTAACACAGATACGCAGTATTTTGGCCCA"	"CASSLRANTDTQYF"	"TCRBV11-2*1"	NA	"TCRBJ2-3*1"	51	55	59	62	4	3	NA	NA	"ATCCAGCCTGCAAAGCTTGAGGACTCGGCCGTGTATCTCTGTGCCAGCAGCCTACGGGCTAACACAGATACGCAGTATTTTGGCCCA"	FALSE	TRUE	NA	NA	NA	NA
"GAGTCGCCCAGCCCCAACCAGACCTCTCTGTACTTCTGTGCCAGCAGTTTGTTGGGACAGGGGGCCTACGAGCAGTACTTCGGGCCG"	"CASSLLGQGAYEQYF"	"GAGTCGCCCAGCCCCAACCAGACCTCTCTGTACTTCTGTGCCAGCAGTTTGTTGGGACAGGGGGCCTACGAGCAGTACTTCGGGCCG"	"CASSLLGQGAYEQYF"	"TCRBV27-1*1"	"TCRBD1-1*1"	"TCRBJ2-7*1"	50	53	-1	64	3	65	NA	NA	"GAGTCGCCCAGCCCCAACCAGACCTCTCTGTACTTCTGTGCCAGCAGTTTGTTGGGACAGGGGGCCTACGAGCAGTACTTCGGGCCG"	FALSE	TRUE	NA	NA	NA	NA
"CAGCCCTCAGAACCCAGGGACTCAGCTGTGTACTTCTGTGCCAGCAGGGGACTAGCGGGATTTCCTGGGGAGCTGTTTTTTGGAGAA"	"CASRGLAGFPGELFF"	"CAGCCCTCAGAACCCAGGGACTCAGCTGTGTACTTCTGTGCCAGCAGGGGACTAGCGGGATTTCCTGGGGAGCTGTTTTTTGGAGAA"	"CASRGLAGFPGELFF"	NA	"TCRBD2-1*2"	"TCRBJ2-2*1"	-1	47	60	66	48	6	NA	NA	"CAGCCCTCAGAACCCAGGGACTCAGCTGTGTACTTCTGTGCCAGCAGGGGACTAGCGGGATTTCCTGGGGAGCTGTTTTTTGGAGAA"	FALSE	TRUE	NA	NA	NA	NA
"TCCAGCCTGCAAAGCTTGAGGACTCGGCCGTGTATCTCTGTGCCAGCAGCTTAGACAGGGCCTAACTATGGCTACACCTTCGGTTCG"	""	"TCCAGCCTGCAAAGCTTGAGGACTCGGCCGTGTATCTCTGTGCCAGCAGCTTAGACAGGGCCTAACTATGGCTACACCTTCGGTTCG"	""	"TCRBV11-2*1"	"TCRBD1-1*1"	"TCRBJ1-2*1"	-1	55	60	61	56	1	NA	NA	"TCCAGCCTGCAAAGCTTGAGGACTCGGCCGTGTATCTCTGTGCCAGCAGCTTAGACAGGGCCTAACTATGGCTACACCTTCGGTTCG"	FALSE	FALSE	NA	NA	NA	NA
"GCGCACAGAGCAGGGGGACTCAGCTGTGTATCTCTGTGCCAGCAGCTTGGTTGGGGGCAGGGCAATCAGCCCCAGCATTTTGGTGAT"	""	"GCGCACAGAGCAGGGGGACTCAGCTGTGTATCTCTGTGCCAGCAGCTTGGTTGGGGGCAGGGCAATCAGCCCCAGCATTTTGGTGAT"	""	"TCRBV7-4*1"	"TCRBD1-1*1"	"TCRBJ1-5*1"	48	52	58	61	4	3	NA	NA	"GCGCACAGAGCAGGGGGACTCAGCTGTGTATCTCTGTGCCAGCAGCTTGGTTGGGGGCAGGGCAATCAGCCCCAGCATTTTGGTGAT"	FALSE	FALSE	NA	NA	NA	NA
"CTGGAGTCCGCCAGCACCAACCAGACATCTATGTACCTCTGTGCCAGCAGTTTAACCAGGAGGCACACTGAAGCTTTCTTTGGACAA"	"CASSLTRRHTEAFF"	"CTGGAGTCCGCCAGCACCAACCAGACATCTATGTACCTCTGTGCCAGCAGTTTAACCAGGAGGCACACTGAAGCTTTCTTTGGACAA"	"CASSLTRRHTEAFF"	"TCRBV28-1*1"	"TCRBD2-1*2"	"TCRBJ1-1*1"	54	58	63	64	4	1	NA	NA	"CTGGAGTCCGCCAGCACCAACCAGACATCTATGTACCTCTGTGCCAGCAGTTTAACCAGGAGGCACACTGAAGCTTTCTTTGGACAA"	FALSE	TRUE	NA	NA	NA	NA
"CCTGCAAAGCTTGAGGACTCGGCCGTGTATCTCTGTGCCAGCAGCCAAGGACTAGCGGGTAGCTCCTACGAGCAGTACTTCGGGCCG"	"CASSQGLAGSSYEQYF"	"CCTGCAAAGCTTGAGGACTCGGCCGTGTATCTCTGTGCCAGCAGCCAAGGACTAGCGGGTAGCTCCTACGAGCAGTACTTCGGGCCG"	"CASSQGLAGSSYEQYF"	"TCRBV11-2"	"TCRBD2-1"	"TCRBJ2-7*1"	45	48	59	62	3	3	NA	NA	"CCTGCAAAGCTTGAGGACTCGGCCGTGTATCTCTGTGCCAGCAGCCAAGGACTAGCGGGTAGCTCCTACGAGCAGTACTTCGGGCCG"	FALSE	TRUE	NA	NA	NA	NA
"GATCCAGCGCACAGAGCAGGAGGACTCGGCCGTGTATCTCTGTGCCAGCACCTTCGATCCTGCCGTTCGGCAGCTTTCTTTGGACAA"	""	"GATCCAGCGCACAGAGCAGGAGGACTCGGCCGTGTATCTCTGTGCCAGCACCTTCGATCCTGCCGTTCGGCAGCTTTCTTTGGACAA"	""	"TCRBV7-2"	NA	"TCRBJ1-1*1"	54	68	-1	71	14	72	NA	NA	"GATCCAGCGCACAGAGCAGGAGGACTCGGCCGTGTATCTCTGTGCCAGCACCTTCGATCCTGCCGTTCGGCAGCTTTCTTTGGACAA"	FALSE	FALSE	NA	NA	NA	NA
"AACGCCTTGTTGCTGGGGGACTCGGCCCTCTATCTCTGTGCCAGCAGCTTGGGACTAGCCCGGATCAATGAGCAGTTCTTCGGGCCA"	"CASSLGLARINEQFF"	"AACGCCTTGTTGCTGGGGGACTCGGCCCTCTATCTCTGTGCCAGCAGCTTGGGACTAGCCCGGATCAATGAGCAGTTCTTCGGGCCA"	"CASSLGLARINEQFF"	"TCRBV5-6*1"	"TCRBD2-1"	"TCRBJ2-1*1"	-1	52	59	65	53	6	NA	NA	"AACGCCTTGTTGCTGGGGGACTCGGCCCTCTATCTCTGTGCCAGCAGCTTGGGACTAGCCCGGATCAATGAGCAGTTCTTCGGGCCA"	FALSE	TRUE	NA	NA	NA	NA
"ACCAGTGCCCATCCTGAAGACGGCAGCTTCTACATCTGCAGTGCACCAGACAGGGGGGTCTCTGGAAACACCATATATTTTGGAGAG"	"CSAPDRGVSGNTIYF"	"ACCAGTGCCCATCCTGAAGACGGCAGCTTCTACATCTGCAGTGCACCAGACAGGGGGGTCTCTGGAAACACCATATATTTTGGAGAG"	"CSAPDRGVSGNTIYF"	NA	"TCRBD1-1*1"	"TCRBJ1-3*1"	44	48	57	59	4	2	NA	NA	"ACCAGTGCCCATCCTGAAGACGGCAGCTTCTACATCTGCAGTGCACCAGACAGGGGGGTCTCTGGAAACACCATATATTTTGGAGAG"	FALSE	TRUE	NA	NA	NA	NA
"CAGCGCACACAGCAGGAGGACTCCGCCGTGTATCTCTGTGCCAGCAGCTTAGGTGAAATAAGCAATCAGCCCCAGCATTTTGGTGAT"	"CASSLGEISNQPQHF"	"CAGCGCACACAGCAGGAGGACTCCGCCGTGTATCTCTGTGCCAGCAGCTTAGGTGAAATAAGCAATCAGCCCCAGCATTTTGGTGAT"	"CASSLGEISNQPQHF"	"TCRBV7-8*1"	NA	"TCRBJ1-5*1"	52	54	56	60	2	4	NA	NA	"CAGCGCACACAGCAGGAGGACTCCGCCGTGTATCTCTGTGCCAGCAGCTTAGGTGAAATAAGCAATCAGCCCCAGCATTTTGGTGAT"	FALSE	TRUE	NA	NA	NA	NA
"ACAGTGACCAGTGCCCATCCTGAAGACAGCAGCTTCTACATCTGCAGTGCTAACCTAGCGGGAGCGTACGAGCAGTACTTCGGGCCG"	"CSANLAGAYEQYF"	"ACAGTGACCAGTGCCCATCCTGAAGACAGCAGCTTCTACATCTGCAGTGCTAACCTAGCGGGAGCGTACGAGCAGTACTTCGGGCCG"	"CSANLAGAYEQYF"	NA	"TCRBD2-1*2"	"TCRBJ2-7*1"	52	54	64	66	2	2	NA	NA	"ACAGTGACCAGTGCCCATCCTGAAGACAGCAGCTTCTACATCTGCAGTGCTAACCTAGCGGGAGCGTACGAGCAGTACTTCGGGCCG"	FALSE	TRUE	NA	NA	NA	NA
"CTGATTCTGGAGTCCGCCAGCACCAACCAGACATCTATGTACCTCTGTGCCAGCAAACGGGGGGGATACGAGCAGTACTTCGGGCCG"	"CASKRGGYEQYF"	"CTGATTCTGGAGTCCGCCAGCACCAACCAGACATCTATGTACCTCTGTGCCAGCAAACGGGGGGGATACGAGCAGTACTTCGGGCCG"	"CASKRGGYEQYF"	"TCRBV28-1*1"	"TCRBD2-1*1"	"TCRBJ2-7*1"	55	57	65	66	2	1	NA	NA	"CTGATTCTGGAGTCCGCCAGCACCAACCAGACATCTATGTACCTCTGTGCCAGCAAACGGGGGGGATACGAGCAGTACTTCGGGCCG"	FALSE	TRUE	NA	NA	NA	NA
"ATCCAGCGCACAGAGCAGGGGGACTCGGCCATGTATCTCTGTGCCAGCAGCTTAGCGCCTATCCTTGGCGAGCAGTACTTCGGGCCG"	"CASSLAPILGEQYF"	"ATCCAGCGCACAGAGCAGGGGGACTCGGCCATGTATCTCTGTGCCAGCAGCTTAGCGCCTATCCTTGGCGAGCAGTACTTCGGGCCG"	"CASSLAPILGEQYF"	"TCRBV7-9*1"	"TCRBD2-1"	"TCRBJ2-7*1"	56	58	61	68	2	7	NA	NA	"ATCCAGCGCACAGAGCAGGGGGACTCGGCCATGTATCTCTGTGCCAGCAGCTTAGCGCCTATCCTTGGCGAGCAGTACTTCGGGCCG"	FALSE	TRUE	NA	NA	NA	NA
"ACCAACCAGACATCTATGTACCTCTGTGCCAGCAGTTTACAGGCCGGGACAGGGAGCTCCTATAATTCACCCCTCCACTTTGGGAAT"	"CASSLQAGTGSSYNSPLHF"	"ACCAACCAGACATCTATGTACCTCTGTGCCAGCAGTTTACAGGCCGGGACAGGGAGCTCCTATAATTCACCCCTCCACTTTGGGAAT"	"CASSLQAGTGSSYNSPLHF"	"TCRBV28-1*1"	"TCRBD1-1*1"	"TCRBJ1-6*1"	39	45	54	56	6	2	NA	NA	"ACCAACCAGACATCTATGTACCTCTGTGCCAGCAGTTTACAGGCCGGGACAGGGAGCTCCTATAATTCACCCCTCCACTTTGGGAAT"	FALSE	TRUE	NA	NA	NA	NA
"GAGTCCGCCAGCACCAACCAGACATCTATGTACCTCTGTGCCAGCAGTTTGGTCCGCTCCTATAATTCACCCCTCCACTTTGGGAAT"	"CASSLVRSYNSPLHF"	"GAGTCCGCCAGCACCAACCAGACATCTATGTACCTCTGTGCCAGCAGTTTGGTCCGCTCCTATAATTCACCCCTCCACTTTGGGAAT"	"CASSLVRSYNSPLHF"	"TCRBV28-1*1"	NA	"TCRBJ1-6*1"	-1	50	52	56	51	4	NA	NA	"GAGTCCGCCAGCACCAACCAGACATCTATGTACCTCTGTGCCAGCAGTTTGGTCCGCTCCTATAATTCACCCCTCCACTTTGGGAAT"	FALSE	TRUE	NA	NA	NA	NA
"ATGAGCCCTGAAGACAGCAGCATATATCTCTGCAGCTTTCTCGGGACCCTCAGTGGGGGAGCCAAAAACATTCAGTACTTCGGCGCC"	"CSFLGTLSGGAKNIQYF"	"ATGAGCCCTGAAGACAGCAGCATATATCTCTGCAGCTTTCTCGGGACCCTCAGTGGGGGAGCCAAAAACATTCAGTACTTCGGCGCC"	"CSFLGTLSGGAKNIQYF"	"TCRBV29-1"	NA	"TCRBJ2-4*1"	36	42	47	59	6	12	NA	NA	"ATGAGCCCTGAAGACAGCAGCATATATCTCTGCAGCTTTCTCGGGACCCTCAGTGGGGGAGCCAAAAACATTCAGTACTTCGGCGCC"	FALSE	TRUE	NA	NA	NA	NA
"TGAGGACTCGGCCGTGTATCTCTGTGCCAGCAGCTCATAGAACCACACGGGCCTACCATAGCCAAAAACATTCAGTACTTCGGCGCC"	""	"TGAGGACTCGGCCGTGTATCTCTGTGCCAGCAGCTCATAGAACCACACGGGCCTACCATAGCCAAAAACATTCAGTACTTCGGCGCC"	""	"TCRBV11-2"	NA	"TCRBJ2-4*1"	35	48	52	59	13	7	NA	NA	"TGAGGACTCGGCCGTGTATCTCTGTGCCAGCAGCTCATAGAACCACACGGGCCTACCATAGCCAAAAACATTCAGTACTTCGGCGCC"	FALSE	FALSE	NA	NA	NA	NA
"CTTGGAGCTGGGGGACTCGGCCCTTTATCTTTGCGCCAGCAGCTTCCTCCTGCGGGGATAACAGCCTACGAGCAGTACTTCGGGCCG"	""	"CTTGGAGCTGGGGGACTCGGCCCTTTATCTTTGCGCCAGCAGCTTCCTCCTGCGGGGATAACAGCCTACGAGCAGTACTTCGGGCCG"	""	"TCRBV5-1*1"	"TCRBD2-1*1"	"TCRBJ2-7*1"	45	51	57	64	6	7	NA	NA	"CTTGGAGCTGGGGGACTCGGCCCTTTATCTTTGCGCCAGCAGCTTCCTCCTGCGGGGATAACAGCCTACGAGCAGTACTTCGGGCCG"	FALSE	FALSE	NA	NA	NA	NA
"CCCTGATTCTGGAGTCCGCCAGCACCAACCAGACATCTATGTACCTCTGTGCCAGCAGGTCAAACCTACGAGCAGTACTTCGGGCCG"	""	"CCCTGATTCTGGAGTCCGCCAGCACCAACCAGACATCTATGTACCTCTGTGCCAGCAGGTCAAACCTACGAGCAGTACTTCGGGCCG"	""	"TCRBV28-1*1"	"TCRBD1-1*1"	"TCRBJ2-7*1"	58	60	62	64	2	2	NA	NA	"CCCTGATTCTGGAGTCCGCCAGCACCAACCAGACATCTATGTACCTCTGTGCCAGCAGGTCAAACCTACGAGCAGTACTTCGGGCCG"	FALSE	FALSE	NA	NA	NA	NA
"CGCACACAGCAGGAGGACTCCGCCGTGTATCTCTGTGCCAGCAGCCGGAGGGACAGGGGGTCTAACACTGAAGCTTTCTTTGGACAA"	"CASSRRDRGSNTEAFF"	"CGCACACAGCAGGAGGACTCCGCCGTGTATCTCTGTGCCAGCAGCCGGAGGGACAGGGGGTCTAACACTGAAGCTTTCTTTGGACAA"	"CASSRRDRGSNTEAFF"	"TCRBV7-8*3"	"TCRBD1-1*1"	"TCRBJ1-1*1"	47	49	60	63	2	3	NA	NA	"CGCACACAGCAGGAGGACTCCGCCGTGTATCTCTGTGCCAGCAGCCGGAGGGACAGGGGGTCTAACACTGAAGCTTTCTTTGGACAA"	FALSE	TRUE	NA	NA	NA	NA
"CCCTCAACCCTGGAGTCTGCCAGGCCCTCACATACCTCTCAGTACCTCTGTGCCAGTGGGACAGGGCAAGAGCAGTACTTCGGGCCG"	"CASGTGQEQYF"	"CCCTCAACCCTGGAGTCTGCCAGGCCCTCACATACCTCTCAGTACCTCTGTGCCAGTGGGACAGGGCAAGAGCAGTACTTCGGGCCG"	"CASGTGQEQYF"	"TCRBV25-1*1"	"TCRBD1-1*1"	"TCRBJ2-7*1"	56	57	66	69	1	3	NA	NA	"CCCTCAACCCTGGAGTCTGCCAGGCCCTCACATACCTCTCAGTACCTCTGTGCCAGTGGGACAGGGCAAGAGCAGTACTTCGGGCCG"	FALSE	TRUE	NA	NA	NA	NA
"AATGTGAACGCCTTGGAGCTGGACGACTCGGCCCTGTATCTCTGTGCCAGCAGCACTGGCAGGGCCTACGAGCAGTACTTCGGGCCG"	"CASSTGRAYEQYF"	"AATGTGAACGCCTTGGAGCTGGACGACTCGGCCCTGTATCTCTGTGCCAGCAGCACTGGCAGGGCCTACGAGCAGTACTTCGGGCCG"	"CASSTGRAYEQYF"	"TCRBV5-4*1"	"TCRBD1-1*1"	"TCRBJ2-7*1"	54	59	-1	64	5	65	NA	NA	"AATGTGAACGCCTTGGAGCTGGACGACTCGGCCCTGTATCTCTGTGCCAGCAGCACTGGCAGGGCCTACGAGCAGTACTTCGGGCCG"	FALSE	TRUE	NA	NA	NA	NA
"CTGGAGTCGCCCAGCCCCAACCAGACCTCTCTGTACTTCTGTGCCAGCAGTCACAGGACCGCCACAGATACGCAGTATTTTGGCCCA"	"CASSHRTATDTQYF"	"CTGGAGTCGCCCAGCCCCAACCAGACCTCTCTGTACTTCTGTGCCAGCAGTCACAGGACCGCCACAGATACGCAGTATTTTGGCCCA"	"CASSHRTATDTQYF"	"TCRBV27-1*1"	"TCRBD1-1*1"	"TCRBJ2-3*1"	51	52	57	62	1	5	NA	NA	"CTGGAGTCGCCCAGCCCCAACCAGACCTCTCTGTACTTCTGTGCCAGCAGTCACAGGACCGCCACAGATACGCAGTATTTTGGCCCA"	FALSE	TRUE	NA	NA	NA	NA
"CTGACAGTGACCAGTGCCCATCCTGAAGACAGCAGCTTCTACATCTGCAGTGCTAGTTTCAGGCAAGAGACCCAGTACTTCGGGCCA"	"CSASFRQETQYF"	"CTGACAGTGACCAGTGCCCATCCTGAAGACAGCAGCTTCTACATCTGCAGTGCTAGTTTCAGGCAAGAGACCCAGTACTTCGGGCCA"	"CSASFRQETQYF"	"TCRBV2-1*4"	"TCRBD1-1*1"	"TCRBJ2-5*1"	57	59	-1	63	2	64	NA	NA	"CTGACAGTGACCAGTGCCCATCCTGAAGACAGCAGCTTCTACATCTGCAGTGCTAGTTTCAGGCAAGAGACCCAGTACTTCGGGCCA"	FALSE	TRUE	NA	NA	NA	NA
"CCTGCAGAGCTTGGGGACTCGGCCGTGTATCTCTGTGCCAGCAGCGCCCGGACTAGCGGGACCTACAATGAGCAGTTCTTCGGGCCA"	"CASSARTSGTYNEQFF"	"CCTGCAGAGCTTGGGGACTCGGCCGTGTATCTCTGTGCCAGCAGCGCCCGGACTAGCGGGACCTACAATGAGCAGTTCTTCGGGCCA"	"CASSARTSGTYNEQFF"	"TCRBV11-3*1"	"TCRBD2-1*2"	"TCRBJ2-1*1"	45	49	-1	61	4	62	NA	NA	"CCTGCAGAGCTTGGGGACTCGGCCGTGTATCTCTGTGCCAGCAGCGCCCGGACTAGCGGGACCTACAATGAGCAGTTCTTCGGGCCA"	FALSE	TRUE	NA	NA	NA	NA
"ATTCTGGAGTCCGCCAGCACCAACCAGACATCTATGTACCTCTGTGCCAGCAGTTTCGAACGACAGTACGAGCAGTACTTCGGGCCG"	"CASSFERQYEQYF"	"ATTCTGGAGTCCGCCAGCACCAACCAGACATCTATGTACCTCTGTGCCAGCAGTTTCGAACGACAGTACGAGCAGTACTTCGGGCCG"	"CASSFERQYEQYF"	"TCRBV28-1*1"	"TCRBD1-1*1"	"TCRBJ2-7*1"	56	61	-1	66	5	67	NA	NA	"ATTCTGGAGTCCGCCAGCACCAACCAGACATCTATGTACCTCTGTGCCAGCAGTTTCGAACGACAGTACGAGCAGTACTTCGGGCCG"	FALSE	TRUE	NA	NA	NA	NA
"AAGATCCAGCCTGCAGAGCTTGGGGACTCGGCCGTGTATCTCTGTGCCAGCAGCTTAAGCGGAAACAATGAGCAGTTCTTCGGGCCA"	"CASSLSGNNEQFF"	"AAGATCCAGCCTGCAGAGCTTGGGGACTCGGCCGTGTATCTCTGTGCCAGCAGCTTAAGCGGAAACAATGAGCAGTTCTTCGGGCCA"	"CASSLSGNNEQFF"	"TCRBV11-3*1"	"TCRBD2-1"	"TCRBJ2-1*1"	-1	57	62	64	58	2	NA	NA	"AAGATCCAGCCTGCAGAGCTTGGGGACTCGGCCGTGTATCTCTGTGCCAGCAGCTTAAGCGGAAACAATGAGCAGTTCTTCGGGCCA"	FALSE	TRUE	NA	NA	NA	NA
"GCCCAGCCCCAACCAGACCTCTCTGTACTTCTGTGCCAGCAGTTTAACTTAAGGTACTCGGTGAACACTGAAGCTTTCTTTGGACAA"	""	"GCCCAGCCCCAACCAGACCTCTCTGTACTTCTGTGCCAGCAGTTTAACTTAAGGTACTCGGTGAACACTGAAGCTTTCTTTGGACAA"	""	"TCRBV27-1*1"	NA	"TCRBJ1-1*1"	46	51	54	61	5	7	NA	NA	"GCCCAGCCCCAACCAGACCTCTCTGTACTTCTGTGCCAGCAGTTTAACTTAAGGTACTCGGTGAACACTGAAGCTTTCTTTGGACAA"	FALSE	FALSE	NA	NA	NA	NA
"GGAGTCGCCCAGCCCCAACCAGACCTCTCTGTACTTCTGTGCCAGGGGGGCCTAGCGGGAGGCCACAATGAGCAGTTCTTCGGGCCA"	""	"GGAGTCGCCCAGCCCCAACCAGACCTCTCTGTACTTCTGTGCCAGGGGGGCCTAGCGGGAGGCCACAATGAGCAGTTCTTCGGGCCA"	""	"TCRBV27-1*1"	"TCRBD2-1*2"	"TCRBJ2-1*1"	45	51	62	64	6	2	NA	NA	"GGAGTCGCCCAGCCCCAACCAGACCTCTCTGTACTTCTGTGCCAGGGGGGCCTAGCGGGAGGCCACAATGAGCAGTTCTTCGGGCCA"	FALSE	FALSE	NA	NA	NA	NA
"GTGAGCAACATGAGCCCTGAAGACAGCAGCATATATCTCTGCAGCGGACGACAGGGTAGGGGCTACAATGAGCAGTTCTTCGGGCCA"	"CSGRQGRGYNEQFF"	"GTGAGCAACATGAGCCCTGAAGACAGCAGCATATATCTCTGCAGCGGACGACAGGGTAGGGGCTACAATGAGCAGTTCTTCGGGCCA"	"CSGRQGRGYNEQFF"	"TCRBV29-1"	"TCRBD1-1*1"	"TCRBJ2-1*1"	46	49	56	62	3	6	NA	NA	"GTGAGCAACATGAGCCCTGAAGACAGCAGCATATATCTCTGCAGCGGACGACAGGGTAGGGGCTACAATGAGCAGTTCTTCGGGCCA"	FALSE	TRUE	NA	NA	NA	NA
"ATCAATTCCCTGGAGCTTGGTGACTCTGCTGTGTATTTCTGTGCCAGCAGCCAAGAAGGGGGTGCCGGGGAGCTGTTTTTTGGAGAA"	"CASSQEGGAGELFF"	"ATCAATTCCCTGGAGCTTGGTGACTCTGCTGTGTATTTCTGTGCCAGCAGCCAAGAAGGGGGTGCCGGGGAGCTGTTTTTTGGAGAA"	"CASSQEGGAGELFF"	"TCRBV3-1/3-2*1"	"TCRBD1-1*1"	"TCRBJ2-2*1"	-1	56	62	64	57	2	NA	NA	"ATCAATTCCCTGGAGCTTGGTGACTCTGCTGTGTATTTCTGTGCCAGCAGCCAAGAAGGGGGTGCCGGGGAGCTGTTTTTTGGAGAA"	FALSE	TRUE	NA	NA	NA	NA
"NNNNTGAAGATCCAGCCCTCAGAACCCAGGGACTCAGCTGTGTACTTCTGTGCCAGCAGTTTTAAGGATACGCAGTATTTTGGCCCA"	"CASSFKDTQYF"	"NNNNTGAAGATCCAGCCCTCAGAACCCAGGGACTCAGCTGTGTACTTCTGTGCCAGCAGTTTTAAGGATACGCAGTATTTTGGCCCA"	"CASSFKDTQYF"	"TCRBV12-3/12-4*1"	NA	"TCRBJ2-3*1"	62	64	-1	66	2	67	NA	NA	"NNNNTGAAGATCCAGCCCTCAGAACCCAGGGACTCAGCTGTGTACTTCTGTGCCAGCAGTTTTAAGGATACGCAGTATTTTGGCCCA"	FALSE	TRUE	NA	NA	NA	NA
"TCAGAACCCAGGGACTCAGCTGTGTACTTCTGTGCCAGCAGTCCCCGGGGACAGAGAATAGCCAAAAACATTCAGTACTTCGGCGCC"	"CASSPRGQRIAKNIQYF"	"TCAGAACCCAGGGACTCAGCTGTGTACTTCTGTGCCAGCAGTCCCCGGGGACAGAGAATAGCCAAAAACATTCAGTACTTCGGCGCC"	"CASSPRGQRIAKNIQYF"	NA	"TCRBD1-1*1"	"TCRBJ2-4*1"	42	47	54	59	5	5	NA	NA	"TCAGAACCCAGGGACTCAGCTGTGTACTTCTGTGCCAGCAGTCCCCGGGGACAGAGAATAGCCAAAAACATTCAGTACTTCGGCGCC"	FALSE	TRUE	NA	NA	NA	NA
"ATCCAGCGCACACAGCAGGAGGACTCGGCCGTGTATCTCTGTGCCAGCAGCTTCCGGCGGCACAACAATGAGCAGTTCTTCGGGCCA"	"CASSFRRHNNEQFF"	"ATCCAGCGCACACAGCAGGAGGACTCGGCCGTGTATCTCTGTGCCAGCAGCTTCCGGCGGCACAACAATGAGCAGTTCTTCGGGCCA"	"CASSFRRHNNEQFF"	"TCRBV7-2"	"TCRBD2-1"	"TCRBJ2-1*1"	53	56	60	64	3	4	NA	NA	"ATCCAGCGCACACAGCAGGAGGACTCGGCCGTGTATCTCTGTGCCAGCAGCTTCCGGCGGCACAACAATGAGCAGTTCTTCGGGCCA"	FALSE	TRUE	NA	NA	NA	NA
"AAGGTGCAGCCTGCAGAACTGGAGGATTCTGGAGTTTATTTCTGTGCCAGCAGCCCGGACAGGAATTCACCCCTCCACTTTGGGAAT"	"CASSPDRNSPLHF"	"AAGGTGCAGCCTGCAGAACTGGAGGATTCTGGAGTTTATTTCTGTGCCAGCAGCCCGGACAGGAATTCACCCCTCCACTTTGGGAAT"	"CASSPDRNSPLHF"	"TCRBV14-1*1"	"TCRBD1-1*1"	"TCRBJ1-6*1"	55	56	-1	63	1	64	NA	NA	"AAGGTGCAGCCTGCAGAACTGGAGGATTCTGGAGTTTATTTCTGTGCCAGCAGCCCGGACAGGAATTCACCCCTCCACTTTGGGAAT"	FALSE	TRUE	NA	NA	NA	NA
"TCCACGGAGTCAGGGGACACAGCACTGTATTTCTGTGCCAGCAGCCTACAGCGACATCCCAAGCGGACTGAAGCTTTCTTTGGACAA"	"CASSLQRHPKRTEAFF"	"TCCACGGAGTCAGGGGACACAGCACTGTATTTCTGTGCCAGCAGCCTACAGCGACATCCCAAGCGGACTGAAGCTTTCTTTGGACAA"	"CASSLQRHPKRTEAFF"	"TCRBV21-1*1"	"TCRBD2-1"	"TCRBJ1-1*1"	45	61	-1	66	16	67	NA	NA	"TCCACGGAGTCAGGGGACACAGCACTGTATTTCTGTGCCAGCAGCCTACAGCGACATCCCAAGCGGACTGAAGCTTTCTTTGGACAA"	FALSE	TRUE	NA	NA	NA	NA
"CACACCCTGCAGCCAGAAGACTCGGCCCTGTATCTCTGTGCCAGCAGCCAATCGGGCATAGCGGTCTCCGAGCAGTACTTCGGGCCG"	"CASSQSGIAVSEQYF"	"CACACCCTGCAGCCAGAAGACTCGGCCCTGTATCTCTGTGCCAGCAGCCAATCGGGCATAGCGGTCTCCGAGCAGTACTTCGGGCCG"	"CASSQSGIAVSEQYF"	"TCRBV4-2*1"	"TCRBD2-1"	"TCRBJ2-7*1"	51	58	64	68	7	4	NA	NA	"CACACCCTGCAGCCAGAAGACTCGGCCCTGTATCTCTGTGCCAGCAGCCAATCGGGCATAGCGGTCTCCGAGCAGTACTTCGGGCCG"	FALSE	TRUE	NA	NA	NA	NA
"CTGATTCTGGAGTCCGCCAGCACCAACCAGACATCTATGTACCTCTGTGCCAGCGGGCAGGGGGGCGGGACCCAGTACTTCGGGCCA"	"CASGQGGGTQYF"	"CTGATTCTGGAGTCCGCCAGCACCAACCAGACATCTATGTACCTCTGTGCCAGCGGGCAGGGGGGCGGGACCCAGTACTTCGGGCCA"	"CASGQGGGTQYF"	"TCRBV28-1*1"	"TCRBD1-1*1"	"TCRBJ2-5*1"	54	57	64	68	3	4	NA	NA	"CTGATTCTGGAGTCCGCCAGCACCAACCAGACATCTATGTACCTCTGTGCCAGCGGGCAGGGGGGCGGGACCCAGTACTTCGGGCCA"	FALSE	TRUE	NA	NA	NA	NA
"CTCAGTGACTCTGGCTTCTATCTCTGTGCCTGGGAAAGATCGAGTGTGTCCCGGGACAGCCTCACCGGGGAGCTGTTTTTTGGAGAA"	"CAWERSSVSRDSLTGELFF"	"CTCAGTGACTCTGGCTTCTATCTCTGTGCCTGGGAAAGATCGAGTGTGTCCCGGGACAGCCTCACCGGGGAGCTGTTTTTTGGAGAA"	"CAWERSSVSRDSLTGELFF"	"TCRBV3-1*5"	"TCRBD1-1*1"	"TCRBJ2-2*1"	34	52	59	62	18	3	NA	NA	"CTCAGTGACTCTGGCTTCTATCTCTGTGCCTGGGAAAGATCGAGTGTGTCCCGGGACAGCCTCACCGGGGAGCTGTTTTTTGGAGAA"	FALSE	TRUE	NA	NA	NA	NA
"AGCACCTTGGAGCTGGGGGACTCGGCCCTTTATCTTTGCGCCAGCAGCTTCGGGACAGGGGGCCACTATGGCTACACCTTCGGTTCG"	"CASSFGTGGHYGYTF"	"AGCACCTTGGAGCTGGGGGACTCGGCCCTTTATCTTTGCGCCAGCAGCTTCGGGACAGGGGGCCACTATGGCTACACCTTCGGTTCG"	"CASSFGTGGHYGYTF"	"TCRBV5-1*1"	"TCRBD1-1*1"	"TCRBJ1-2*1"	50	51	63	64	1	1	NA	NA	"AGCACCTTGGAGCTGGGGGACTCGGCCCTTTATCTTTGCGCCAGCAGCTTCGGGACAGGGGGCCACTATGGCTACACCTTCGGTTCG"	FALSE	TRUE	NA	NA	NA	NA
"TCGGCTGCTCCCTCCCAAACATCTGTGTACTTCTGTGCCAGCAGTCCACCTAGCGGGAGGAACTACAATGAGCAGTTCTTCGGGCCA"	"CASSPPSGRNYNEQFF"	"TCGGCTGCTCCCTCCCAAACATCTGTGTACTTCTGTGCCAGCAGTCCACCTAGCGGGAGGAACTACAATGAGCAGTTCTTCGGGCCA"	"CASSPPSGRNYNEQFF"	"TCRBV6-2/6-3*1"	"TCRBD2-1*2"	"TCRBJ2-1*1"	45	49	60	62	4	2	NA	NA	"TCGGCTGCTCCCTCCCAAACATCTGTGTACTTCTGTGCCAGCAGTCCACCTAGCGGGAGGAACTACAATGAGCAGTTCTTCGGGCCA"	FALSE	TRUE	NA	NA	NA	NA
"ACCTTGGAGCTGGGGGACTCGGCCCTTTATCTTTGCGCCAGCAGCCCCGGGAGCGGCAGGGGCACCGGGGAGCTGTTTTTTGGAGAA"	"CASSPGSGRGTGELFF"	"ACCTTGGAGCTGGGGGACTCGGCCCTTTATCTTTGCGCCAGCAGCCCCGGGAGCGGCAGGGGCACCGGGGAGCTGTTTTTTGGAGAA"	"CASSPGSGRGTGELFF"	"TCRBV5-1*1"	NA	"TCRBJ2-2*1"	45	56	-1	62	11	63	NA	NA	"ACCTTGGAGCTGGGGGACTCGGCCCTTTATCTTTGCGCCAGCAGCCCCGGGAGCGGCAGGGGCACCGGGGAGCTGTTTTTTGGAGAA"	FALSE	TRUE	NA	NA	NA	NA
"GAGCACCTTGGAGCTGGGGGACTCGGCCCTTTATCTTTGCGCCAGCAGCTTAGGGGTCTAGCGAAAGAGACCCAGTACTTCGGGCCA"	""	"GAGCACCTTGGAGCTGGGGGACTCGGCCCTTTATCTTTGCGCCAGCAGCTTAGGGGTCTAGCGAAAGAGACCCAGTACTTCGGGCCA"	""	"TCRBV5-1*1"	"TCRBD2-1"	"TCRBJ2-5*1"	51	57	63	64	6	1	NA	NA	"GAGCACCTTGGAGCTGGGGGACTCGGCCCTTTATCTTTGCGCCAGCAGCTTAGGGGTCTAGCGAAAGAGACCCAGTACTTCGGGCCA"	FALSE	FALSE	NA	NA	NA	NA
"ACAAAGCTGGAGGACTCAGCCATGTACTTCTGTGCCAGCAGTGAATTTATAATGACAGGGATTGGAAATGGCTACACCTTCGGTTCG"	"CASSEFIMTGIGNGYTF"	"ACAAAGCTGGAGGACTCAGCCATGTACTTCTGTGCCAGCAGTGAATTTATAATGACAGGGATTGGAAATGGCTACACCTTCGGTTCG"	"CASSEFIMTGIGNGYTF"	"TCRBV2-1"	"TCRBD1-1*1"	"TCRBJ1-2*1"	45	53	60	67	8	7	NA	NA	"ACAAAGCTGGAGGACTCAGCCATGTACTTCTGTGCCAGCAGTGAATTTATAATGACAGGGATTGGAAATGGCTACACCTTCGGTTCG"	FALSE	TRUE	NA	NA	NA	NA
"ATCCAGCGCACAGAGCAGGAGGACTCGGCCGTGTATCTCTGTGCCAGCAGCTTAGGACTAGCGGCCAATGAGCAGTTCTTCGGGCCA"	"CASSLGLAANEQFF"	"ATCCAGCGCACAGAGCAGGAGGACTCGGCCGTGTATCTCTGTGCCAGCAGCTTAGGACTAGCGGCCAATGAGCAGTTCTTCGGGCCA"	"CASSLGLAANEQFF"	"TCRBV7-2"	"TCRBD2-1"	"TCRBJ2-1*1"	-1	55	64	65	56	1	NA	NA	"ATCCAGCGCACAGAGCAGGAGGACTCGGCCGTGTATCTCTGTGCCAGCAGCTTAGGACTAGCGGCCAATGAGCAGTTCTTCGGGCCA"	FALSE	TRUE	NA	NA	NA	NA
"TGACATCGGCCCAAAAGAACCCGACAGCTTTCTATCTCTGTGCCAGTAGGCAAACGGGGGACTAATGAAAAACTGTTTTTTGGCAGT"	""	"TGACATCGGCCCAAAAGAACCCGACAGCTTTCTATCTCTGTGCCAGTAGGCAAACGGGGGACTAATGAAAAACTGTTTTTTGGCAGT"	""	"TCRBV19-1*1"	"TCRBD2-1*1"	"TCRBJ1-4*1"	49	54	-1	60	5	61	NA	NA	"TGACATCGGCCCAAAAGAACCCGACAGCTTTCTATCTCTGTGCCAGTAGGCAAACGGGGGACTAATGAAAAACTGTTTTTTGGCAGT"	FALSE	FALSE	NA	NA	NA	NA
"GTGAGCACCTTGGAGCTGGGGGACTCGGCCCTTTATCTTTGCGCCAGCAGGGAGTCTGTGACCCGGGATACGCAGTATTTTGGCCCA"	"CASRESVTRDTQYF"	"GTGAGCACCTTGGAGCTGGGGGACTCGGCCCTTTATCTTTGCGCCAGCAGGGAGTCTGTGACCCGGGATACGCAGTATTTTGGCCCA"	"CASRESVTRDTQYF"	"TCRBV5-1*1"	"TCRBD2-1*2"	"TCRBJ2-3*1"	-1	50	54	66	51	12	NA	NA	"GTGAGCACCTTGGAGCTGGGGGACTCGGCCCTTTATCTTTGCGCCAGCAGGGAGTCTGTGACCCGGGATACGCAGTATTTTGGCCCA"	FALSE	TRUE	NA	NA	NA	NA
"AGGTAGTGCGAGGAGATTCGGCAGCTTATTTCTGTGCCAGCTCACACGGAAAACTAGCCAGTCGGGGATGAGCAGTTCTTCGGGCCA"	""	"AGGTAGTGCGAGGAGATTCGGCAGCTTATTTCTGTGCCAGCTCACACGGAAAACTAGCCAGTCGGGGATGAGCAGTTCTTCGGGCCA"	""	"TCRBV18-1*1"	"TCRBD2-1"	"TCRBJ2-1*1"	45	52	58	67	7	9	NA	NA	"AGGTAGTGCGAGGAGATTCGGCAGCTTATTTCTGTGCCAGCTCACACGGAAAACTAGCCAGTCGGGGATGAGCAGTTCTTCGGGCCA"	FALSE	FALSE	NA	NA	NA	NA
"GTGACCAGTGCCCATCCTGAAGACAGCAGCTTCTACATCTGCAGTGCTAGAGGAACCCGGATCCAAGAGACCCAGTACTTCGGGCCA"	"CSARGTRIQETQYF"	"GTGACCAGTGCCCATCCTGAAGACAGCAGCTTCTACATCTGCAGTGCTAGAGGAACCCGGATCCAAGAGACCCAGTACTTCGGGCCA"	"CSARGTRIQETQYF"	NA	NA	"TCRBJ2-5*1"	52	58	61	62	6	1	NA	NA	"GTGACCAGTGCCCATCCTGAAGACAGCAGCTTCTACATCTGCAGTGCTAGAGGAACCCGGATCCAAGAGACCCAGTACTTCGGGCCA"	FALSE	TRUE	NA	NA	NA	NA
"GAGCTGGGGGACTCGGCCCTTTATCTTTGCGCCAGCAGCTCCCCCCGGACAGCTCAAGTGAAGAACACTGAAGCTTTCTTTGGACAA"	"CASSSPRTAQVKNTEAFF"	"GAGCTGGGGGACTCGGCCCTTTATCTTTGCGCCAGCAGCTCCCCCCGGACAGCTCAAGTGAAGAACACTGAAGCTTTCTTTGGACAA"	"CASSSPRTAQVKNTEAFF"	"TCRBV5-1*1"	"TCRBD1-1*1"	"TCRBJ1-1*1"	40	46	52	62	6	10	NA	NA	"GAGCTGGGGGACTCGGCCCTTTATCTTTGCGCCAGCAGCTCCCCCCGGACAGCTCAAGTGAAGAACACTGAAGCTTTCTTTGGACAA"	FALSE	TRUE	NA	NA	NA	NA
"AATTCCCTGGAGCTTGGTGACTCTGCTGTGTATTTCTGTGCCAGCAGCCAAGGGGGGACGGTTAATCAGCCCCAGCATTTTGGTGAT"	"CASSQGGTVNQPQHF"	"AATTCCCTGGAGCTTGGTGACTCTGCTGTGTATTTCTGTGCCAGCAGCCAAGGGGGGACGGTTAATCAGCCCCAGCATTTTGGTGAT"	"CASSQGGTVNQPQHF"	"TCRBV3-1/3-2*1"	NA	"TCRBJ1-5*1"	52	54	59	63	2	4	NA	NA	"AATTCCCTGGAGCTTGGTGACTCTGCTGTGTATTTCTGTGCCAGCAGCCAAGGGGGGACGGTTAATCAGCCCCAGCATTTTGGTGAT"	FALSE	TRUE	NA	NA	NA	NA
"CACTGTGACATCGGCCCAAAAGAACCCGACAGCTTTCTATCTCTGTGCCAGTATATTCGGTCTTAAGATACGCAGTATTTTGGCCCA"	""	"CACTGTGACATCGGCCCAAAAGAACCCGACAGCTTTCTATCTCTGTGCCAGTATATTCGGTCTTAAGATACGCAGTATTTTGGCCCA"	""	"TCRBV19-1*1"	"TCRBD2-1"	"TCRBJ2-3*1"	53	57	60	65	4	5	NA	NA	"CACTGTGACATCGGCCCAAAAGAACCCGACAGCTTTCTATCTCTGTGCCAGTATATTCGGTCTTAAGATACGCAGTATTTTGGCCCA"	FALSE	FALSE	NA	NA	NA	NA
"CTGATCCTGGAGTCGCCCAGCCCCAACCAGACCTCTCTGTACTTCTGTGCCAGCAGACAGGGGGGTGATACGCAGTATTTTGGCCCA"	"CASRQGGDTQYF"	"CTGATCCTGGAGTCGCCCAGCCCCAACCAGACCTCTCTGTACTTCTGTGCCAGCAGACAGGGGGGTGATACGCAGTATTTTGGCCCA"	"CASRQGGDTQYF"	"TCRBV27-1*1"	"TCRBD1-1*1"	"TCRBJ2-3*1"	-1	56	64	66	57	2	NA	NA	"CTGATCCTGGAGTCGCCCAGCCCCAACCAGACCTCTCTGTACTTCTGTGCCAGCAGACAGGGGGGTGATACGCAGTATTTTGGCCCA"	FALSE	TRUE	NA	NA	NA	NA
"ACTGTGACATCGGCCCAAAAGAACCCGACAGCTTTCTATCTCTGTGCCAGTAGTAGCTCTAGCCAAGAGACCCAGTACTTCGGGCCA"	"CASSSSSQETQYF"	"ACTGTGACATCGGCCCAAAAGAACCCGACAGCTTTCTATCTCTGTGCCAGTAGTAGCTCTAGCCAAGAGACCCAGTACTTCGGGCCA"	"CASSSSSQETQYF"	"TCRBV19-1*1"	"TCRBD2-1"	"TCRBJ2-5*1"	55	58	-1	62	3	63	NA	NA	"ACTGTGACATCGGCCCAAAAGAACCCGACAGCTTTCTATCTCTGTGCCAGTAGTAGCTCTAGCCAAGAGACCCAGTACTTCGGGCCA"	FALSE	TRUE	NA	NA	NA	NA
"ACATCGGCCCAAAAGAACCCGACAGCTTTCTATCTCTGTGCCAGTAGTATTAGCCTTGGGGACCACTACGAGCAGTACTTCGGGCCG"	"CASSISLGDHYEQYF"	"ACATCGGCCCAAAAGAACCCGACAGCTTTCTATCTCTGTGCCAGTAGTATTAGCCTTGGGGACCACTACGAGCAGTACTTCGGGCCG"	"CASSISLGDHYEQYF"	"TCRBV19-1*1"	NA	"TCRBJ2-7*1"	50	58	63	65	8	2	NA	NA	"ACATCGGCCCAAAAGAACCCGACAGCTTTCTATCTCTGTGCCAGTAGTATTAGCCTTGGGGACCACTACGAGCAGTACTTCGGGCCG"	FALSE	TRUE	NA	NA	NA	NA
"ACATCGGCCCAAAAGAACCCGACAGCTTTCTATCTCTGTGCCAGCACTCTGGGGAGGAACATAAATCAGCCCCAGCATTTTGGTGAT"	"CASTLGRNINQPQHF"	"ACATCGGCCCAAAAGAACCCGACAGCTTTCTATCTCTGTGCCAGCACTCTGGGGAGGAACATAAATCAGCCCCAGCATTTTGGTGAT"	"CASTLGRNINQPQHF"	"TCRBV19-1*1"	"TCRBD2-1*2"	"TCRBJ1-5*1"	44	51	57	63	7	6	NA	NA	"ACATCGGCCCAAAAGAACCCGACAGCTTTCTATCTCTGTGCCAGCACTCTGGGGAGGAACATAAATCAGCCCCAGCATTTTGGTGAT"	FALSE	TRUE	NA	NA	NA	NA
"TCCTGGAGTCGCCCAGCCCCAACCAGACCTCTCTGTACTTCTGTGCCAGCACCATACAGGAATGGGGAGACCCAGTACTTCGGGCCA"	""	"TCCTGGAGTCGCCCAGCCCCAACCAGACCTCTCTGTACTTCTGTGCCAGCACCATACAGGAATGGGGAGACCCAGTACTTCGGGCCA"	""	"TCRBV27-1*1"	"TCRBD1-1*1"	"TCRBJ2-5*1"	51	55	60	66	4	6	NA	NA	"TCCTGGAGTCGCCCAGCCCCAACCAGACCTCTCTGTACTTCTGTGCCAGCACCATACAGGAATGGGGAGACCCAGTACTTCGGGCCA"	FALSE	FALSE	NA	NA	NA	NA
"AGCTTGGGGACTCGGCCGTGTATCTCTGTGCCAGCAGCCCCAAAAAAGTAATTCGGGTTTCCATCCTACGAGCAGTACTTCGGGCCG"	""	"AGCTTGGGGACTCGGCCGTGTATCTCTGTGCCAGCAGCCCCAAAAAAGTAATTCGGGTTTCCATCCTACGAGCAGTACTTCGGGCCG"	""	"TCRBV11-3*1"	"TCRBD2-1"	"TCRBJ2-7*1"	38	53	57	63	15	6	NA	NA	"AGCTTGGGGACTCGGCCGTGTATCTCTGTGCCAGCAGCCCCAAAAAAGTAATTCGGGTTTCCATCCTACGAGCAGTACTTCGGGCCG"	FALSE	FALSE	NA	NA	NA	NA
"ATCCTGTCCTCAGAACCGGGAGACACGGCACTGTATCTCTGCGCCAGAGAAGACAGGGAGCGGGACTATGGCTACACCTTCGGTTCG"	"CAREDRERDYGYTF"	"ATCCTGTCCTCAGAACCGGGAGACACGGCACTGTATCTCTGCGCCAGAGAAGACAGGGAGCGGGACTATGGCTACACCTTCGGTTCG"	"CAREDRERDYGYTF"	"TCRBV23-1*1"	"TCRBD1-1*1"	"TCRBJ1-2*1"	47	51	58	64	4	6	NA	NA	"ATCCTGTCCTCAGAACCGGGAGACACGGCACTGTATCTCTGCGCCAGAGAAGACAGGGAGCGGGACTATGGCTACACCTTCGGTTCG"	FALSE	TRUE	NA	NA	NA	NA
"CAGGTAGTGCGAGGAGATTCGGCAGCTTATTTCTGTGCCAGCTCACCACCGAGCGGGAGGCCCTACAATGAGCAGTTCTTCGGGCCA"	"CASSPPSGRPYNEQFF"	"CAGGTAGTGCGAGGAGATTCGGCAGCTTATTTCTGTGCCAGCTCACCACCGAGCGGGAGGCCCTACAATGAGCAGTTCTTCGGGCCA"	"CASSPPSGRPYNEQFF"	"TCRBV18-1*1"	"TCRBD2-1*2"	"TCRBJ2-1*1"	50	51	60	61	1	1	NA	NA	"CAGGTAGTGCGAGGAGATTCGGCAGCTTATTTCTGTGCCAGCTCACCACCGAGCGGGAGGCCCTACAATGAGCAGTTCTTCGGGCCA"	FALSE	TRUE	NA	NA	NA	NA
"GTGACCAGTGCCCATCCTGAAGACAGCAGCTTCTACATCTGCAGTGCTCCCAGAACTAGCGGCAGCTACGAGCAGTACTTCGGGCCG"	"CSAPRTSGSYEQYF"	"GTGACCAGTGCCCATCCTGAAGACAGCAGCTTCTACATCTGCAGTGCTCCCAGAACTAGCGGCAGCTACGAGCAGTACTTCGGGCCG"	"CSAPRTSGSYEQYF"	NA	"TCRBD2-1"	"TCRBJ2-7*1"	48	54	62	65	6	3	NA	NA	"GTGACCAGTGCCCATCCTGAAGACAGCAGCTTCTACATCTGCAGTGCTCCCAGAACTAGCGGCAGCTACGAGCAGTACTTCGGGCCG"	FALSE	TRUE	NA	NA	NA	NA
"GCTGCTCCCTCCCAGACATCTGTGTACTTCTGTGCCAGCAGTTCCCTCGTAGCGGGAGGGTCGGCGGATACGCAGTATTTTGGCCCA"	"CASSSLVAGGSADTQYF"	"GCTGCTCCCTCCCAGACATCTGTGTACTTCTGTGCCAGCAGTTCCCTCGTAGCGGGAGGGTCGGCGGATACGCAGTATTTTGGCCCA"	"CASSSLVAGGSADTQYF"	NA	"TCRBD2-1*2"	"TCRBJ2-3*1"	43	49	60	66	6	6	NA	NA	"GCTGCTCCCTCCCAGACATCTGTGTACTTCTGTGCCAGCAGTTCCCTCGTAGCGGGAGGGTCGGCGGATACGCAGTATTTTGGCCCA"	FALSE	TRUE	NA	NA	NA	NA
"GTGACCAGTGCCCATCCTGAAGACAGCAGCTTCTACATCTGCAGTGCTAGCATCCCCAGGGCCCCGTATGAAGCTTTCTTTGGACAA"	"CSASIPRAPYEAFF"	"GTGACCAGTGCCCATCCTGAAGACAGCAGCTTCTACATCTGCAGTGCTAGCATCCCCAGGGCCCCGTATGAAGCTTTCTTTGGACAA"	"CSASIPRAPYEAFF"	NA	"TCRBD1-1*1"	"TCRBJ1-1*1"	50	56	61	68	6	7	NA	NA	"GTGACCAGTGCCCATCCTGAAGACAGCAGCTTCTACATCTGCAGTGCTAGCATCCCCAGGGCCCCGTATGAAGCTTTCTTTGGACAA"	FALSE	TRUE	NA	NA	NA	NA
"CTGGAGTCCGCTACCAGCTCCCAGACATCTGTGTACTTCTGTGCCATCAGTGAAAACCGGGACAATCAGCCCCAGCATTTTGGTGAT"	"CAISENRDNQPQHF"	"CTGGAGTCCGCTACCAGCTCCCAGACATCTGTGTACTTCTGTGCCATCAGTGAAAACCGGGACAATCAGCCCCAGCATTTTGGTGAT"	"CAISENRDNQPQHF"	"TCRBV1-3*1"	"TCRBD2-1*2"	"TCRBJ1-5*1"	53	57	-1	62	4	63	NA	NA	"CTGGAGTCCGCTACCAGCTCCCAGACATCTGTGTACTTCTGTGCCATCAGTGAAAACCGGGACAATCAGCCCCAGCATTTTGGTGAT"	FALSE	TRUE	NA	NA	NA	NA
"GTTGGCGTCTGCTGTACCCTCTCAGACATCTGTGTACTTCTGTGCCAGCAGCATGACAGGGCCGGGTATGGCTACACCTTCGGTTCG"	""	"GTTGGCGTCTGCTGTACCCTCTCAGACATCTGTGTACTTCTGTGCCAGCAGCATGACAGGGCCGGGTATGGCTACACCTTCGGTTCG"	""	"TCRBV6-4*1"	"TCRBD1-1*1"	"TCRBJ1-2*1"	51	54	61	66	3	5	NA	NA	"GTTGGCGTCTGCTGTACCCTCTCAGACATCTGTGTACTTCTGTGCCAGCAGCATGACAGGGCCGGGTATGGCTACACCTTCGGTTCG"	FALSE	FALSE	NA	NA	NA	NA
"ATCCAGCCCTCAGAACCCAGGGACTCAGCTGTGTACTTCTGTGCCAGCAGCGGACTAGCGGCCAACAATGAGCAGTTCTTCGGGCCA"	"CASSGLAANNEQFF"	"ATCCAGCCCTCAGAACCCAGGGACTCAGCTGTGTACTTCTGTGCCAGCAGCGGACTAGCGGCCAACAATGAGCAGTTCTTCGGGCCA"	"CASSGLAANNEQFF"	NA	"TCRBD2-1"	"TCRBJ2-1*1"	50	51	61	64	1	3	NA	NA	"ATCCAGCCCTCAGAACCCAGGGACTCAGCTGTGTACTTCTGTGCCAGCAGCGGACTAGCGGCCAACAATGAGCAGTTCTTCGGGCCA"	FALSE	TRUE	NA	NA	NA	NA
"CCTGCAGAGCTTGGGGACTCGGCCATGTATCTCTGTGCCAGCAGCTTAACTCCGGGCCGCGAAAAAGATACGCAGTATTTTGGCCCA"	"CASSLTPGREKDTQYF"	"CCTGCAGAGCTTGGGGACTCGGCCATGTATCTCTGTGCCAGCAGCTTAACTCCGGGCCGCGAAAAAGATACGCAGTATTTTGGCCCA"	"CASSLTPGREKDTQYF"	"TCRBV11-1*1"	NA	"TCRBJ2-3*1"	48	53	57	65	5	8	NA	NA	"CCTGCAGAGCTTGGGGACTCGGCCATGTATCTCTGTGCCAGCAGCTTAACTCCGGGCCGCGAAAAAGATACGCAGTATTTTGGCCCA"	FALSE	TRUE	NA	NA	NA	NA
"TTGGCGTCTGCTGTACCCTCTCAGACATCTGTGTACTTCTGTGCCAGCAGCTCCGGGACTAGCAGCGGTACGCAGTATTTTGGCCCA"	"CASSSGTSSGTQYF"	"TTGGCGTCTGCTGTACCCTCTCAGACATCTGTGTACTTCTGTGCCAGCAGCTCCGGGACTAGCAGCGGTACGCAGTATTTTGGCCCA"	"CASSSGTSSGTQYF"	"TCRBV6-4*1"	"TCRBD2-1"	"TCRBJ2-3*1"	50	54	63	68	4	5	NA	NA	"TTGGCGTCTGCTGTACCCTCTCAGACATCTGTGTACTTCTGTGCCAGCAGCTCCGGGACTAGCAGCGGTACGCAGTATTTTGGCCCA"	FALSE	TRUE	NA	NA	NA	NA
"NTGTCGGCTGCTCCCTCCCAGACATCTGTGTACTTCTGTGCCAGCAGAAACGACAGGTCCATGAACACTGAAGCTTTCTTTGGACAA"	"CASRNDRSMNTEAFF"	"NTGTCGGCTGCTCCCTCCCAGACATCTGTGTACTTCTGTGCCAGCAGAAACGACAGGTCCATGAACACTGAAGCTTTCTTTGGACAA"	"CASRNDRSMNTEAFF"	"TCRBV6-5*1"	"TCRBD1-1*1"	"TCRBJ1-1*1"	47	51	57	61	4	4	NA	NA	"NTGTCGGCTGCTCCCTCCCAGACATCTGTGTACTTCTGTGCCAGCAGAAACGACAGGTCCATGAACACTGAAGCTTTCTTTGGACAA"	FALSE	TRUE	NA	NA	NA	NA
"CACGCCCTGCAGCCAGAAGACTCAGCCCTGTATCTCTGCGCCAGCAGCCAAGATCCGGGACAAACGGAAAAACTGTTTTTTGGCAGT"	"CASSQDPGQTEKLFF"	"CACGCCCTGCAGCCAGAAGACTCAGCCCTGTATCTCTGCGCCAGCAGCCAAGATCCGGGACAAACGGAAAAACTGTTTTTTGGCAGT"	"CASSQDPGQTEKLFF"	"TCRBV4-1*1"	"TCRBD1-1*1"	"TCRBJ1-4*1"	53	56	62	66	3	4	NA	NA	"CACGCCCTGCAGCCAGAAGACTCAGCCCTGTATCTCTGCGCCAGCAGCCAAGATCCGGGACAAACGGAAAAACTGTTTTTTGGCAGT"	FALSE	TRUE	NA	NA	NA	NA
"TTGGCTGCTCCCTCCCAGACATCTGTGTACTTCTGTGCCAGCAGTTACTGGCCCGGGGAGGGTGGGTATGGCTACACCTTCGGTTCG"	"CASSYWPGEGGYGYTF"	"TTGGCTGCTCCCTCCCAGACATCTGTGTACTTCTGTGCCAGCAGTTACTGGCCCGGGGAGGGTGGGTATGGCTACACCTTCGGTTCG"	"CASSYWPGEGGYGYTF"	"TCRBV6-6*1"	"TCRBD2-1*2"	"TCRBJ1-2*1"	49	55	62	66	6	4	NA	NA	"TTGGCTGCTCCCTCCCAGACATCTGTGTACTTCTGTGCCAGCAGTTACTGGCCCGGGGAGGGTGGGTATGGCTACACCTTCGGTTCG"	FALSE	TRUE	NA	NA	NA	NA
"AAGATCCGGTCCACAAAGCTGGAGGACTCAGCCATGTACTTCTGTGCCAGCAGCCCTTCACAGGGGGCTGAGCAGTTCTTCGGGCCA"	"CASSPSQGAEQFF"	"AAGATCCGGTCCACAAAGCTGGAGGACTCAGCCATGTACTTCTGTGCCAGCAGCCCTTCACAGGGGGCTGAGCAGTTCTTCGGGCCA"	"CASSPSQGAEQFF"	"TCRBV2-1"	"TCRBD1-1*1"	"TCRBJ2-1*1"	53	59	-1	68	6	69	NA	NA	"AAGATCCGGTCCACAAAGCTGGAGGACTCAGCCATGTACTTCTGTGCCAGCAGCCCTTCACAGGGGGCTGAGCAGTTCTTCGGGCCA"	FALSE	TRUE	NA	NA	NA	NA
"GTGAGCACCTTGGAGCTGGGGGACTCGGCCCTTTATCTTTGCGCCAGCAGCTTGGGACAGGGCCCCGGGGAGCTGTTTTTTGGAGAA"	"CASSLGQGPGELFF"	"GTGAGCACCTTGGAGCTGGGGGACTCGGCCCTTTATCTTTGCGCCAGCAGCTTGGGACAGGGCCCCGGGGAGCTGTTTTTTGGAGAA"	"CASSLGQGPGELFF"	"TCRBV5-1*1"	"TCRBD1-1*1"	"TCRBJ2-2*1"	-1	55	62	64	56	2	NA	NA	"GTGAGCACCTTGGAGCTGGGGGACTCGGCCCTTTATCTTTGCGCCAGCAGCTTGGGACAGGGCCCCGGGGAGCTGTTTTTTGGAGAA"	FALSE	TRUE	NA	NA	NA	NA
"GTGCAGCCTGCAGAACTGGAGGATTCTGGAGTTTATTTCTGTGCCAGCAGCCAAGTACAGGGAGATAATGAGCAGTTCTTCGGGCCA"	"CASSQVQGDNEQFF"	"GTGCAGCCTGCAGAACTGGAGGATTCTGGAGTTTATTTCTGTGCCAGCAGCCAAGTACAGGGAGATAATGAGCAGTTCTTCGGGCCA"	"CASSQVQGDNEQFF"	"TCRBV14-1*1"	"TCRBD1-1*1"	"TCRBJ2-1*1"	55	56	62	66	1	4	NA	NA	"GTGCAGCCTGCAGAACTGGAGGATTCTGGAGTTTATTTCTGTGCCAGCAGCCAAGTACAGGGAGATAATGAGCAGTTCTTCGGGCCA"	FALSE	TRUE	NA	NA	NA	NA
"ATCCAGCCTGCAGAGCTTGGGGACTCGGCCATGTATCTCTGTGCCAGCAGCTTAGGGGCCGGGGCCAACGTCCTGACTTTCGGGGCC"	"CASSLGAGANVLTF"	"ATCCAGCCTGCAGAGCTTGGGGACTCGGCCATGTATCTCTGTGCCAGCAGCTTAGGGGCCGGGGCCAACGTCCTGACTTTCGGGGCC"	"CASSLGAGANVLTF"	"TCRBV11-1*1"	"TCRBD1-1*1"	"TCRBJ2-6*1"	-1	55	59	60	56	1	NA	NA	"ATCCAGCCTGCAGAGCTTGGGGACTCGGCCATGTATCTCTGTGCCAGCAGCTTAGGGGCCGGGGCCAACGTCCTGACTTTCGGGGCC"	FALSE	TRUE	NA	NA	NA	NA
"CCCTCAGAACCCAGGGACTCAGCTGTGTACTTCTGTGCCAGCAGTTTCGACTCGACAGGGGTACGGGAAAAACTGTTTTTTGGCAGT"	"CASSFDSTGVREKLFF"	"CCCTCAGAACCCAGGGACTCAGCTGTGTACTTCTGTGCCAGCAGTTTCGACTCGACAGGGGTACGGGAAAAACTGTTTTTTGGCAGT"	"CASSFDSTGVREKLFF"	NA	"TCRBD1-1*1"	"TCRBJ1-4*1"	47	53	61	66	6	5	NA	NA	"CCCTCAGAACCCAGGGACTCAGCTGTGTACTTCTGTGCCAGCAGTTTCGACTCGACAGGGGTACGGGAAAAACTGTTTTTTGGCAGT"	FALSE	TRUE	NA	NA	NA	NA
"CTGGGGGACTCAGCTTTGTATTTCTGTGCCAGCAGCGTAGCCCGGGACAGGGGTGTTAGCTCTGGAAACACCATATATTTTGGAGAG"	"CASSVARDRGVSSGNTIYF"	"CTGGGGGACTCAGCTTTGTATTTCTGTGCCAGCAGCGTAGCCCGGGACAGGGGTGTTAGCTCTGGAAACACCATATATTTTGGAGAG"	"CASSVARDRGVSSGNTIYF"	"TCRBV9-1*1"	"TCRBD1-1*1"	"TCRBJ1-3*1"	40	43	53	59	3	6	NA	NA	"CTGGGGGACTCAGCTTTGTATTTCTGTGCCAGCAGCGTAGCCCGGGACAGGGGTGTTAGCTCTGGAAACACCATATATTTTGGAGAG"	FALSE	TRUE	NA	NA	NA	NA
"GCCCTGCAGCCAGAAGACTCAGCCCTGTATCTCTGCGCCAGCAGCCACCCTACTAGGGATCACTCCGGGGAGCTGTTTTTTGGAGAA"	"CASSHPTRDHSGELFF"	"GCCCTGCAGCCAGAAGACTCAGCCCTGTATCTCTGCGCCAGCAGCCACCCTACTAGGGATCACTCCGGGGAGCTGTTTTTTGGAGAA"	"CASSHPTRDHSGELFF"	"TCRBV4-1*1"	"TCRBD2-1"	"TCRBJ2-2*1"	47	51	56	64	4	8	NA	NA	"GCCCTGCAGCCAGAAGACTCAGCCCTGTATCTCTGCGCCAGCAGCCACCCTACTAGGGATCACTCCGGGGAGCTGTTTTTTGGAGAA"	FALSE	TRUE	NA	NA	NA	NA
"GCTGCTCCCTCCCAGACATCTGTGTACTTCTGTGCCAGCAGTTCCCCAGGGACGTCAAACTCTGGAAACACCATATATTTTGGAGAG"	"CASSSPGTSNSGNTIYF"	"GCTGCTCCCTCCCAGACATCTGTGTACTTCTGTGCCAGCAGTTCCCCAGGGACGTCAAACTCTGGAAACACCATATATTTTGGAGAG"	"CASSSPGTSNSGNTIYF"	NA	NA	"TCRBJ1-3*1"	43	48	53	59	5	6	NA	NA	"GCTGCTCCCTCCCAGACATCTGTGTACTTCTGTGCCAGCAGTTCCCCAGGGACGTCAAACTCTGGAAACACCATATATTTTGGAGAG"	FALSE	TRUE	NA	NA	NA	NA
"NNNNNTGTCGGCTGCTCCCTCCCAGACATCTGTGTACTTCTGTGCCAGCAGTGATACGGTTCTGGAAACACCATATATTTTGGAGAG"	""	"NNNNNTGTCGGCTGCTCCCTCCCAGACATCTGTGTACTTCTGTGCCAGCAGTGATACGGTTCTGGAAACACCATATATTTTGGAGAG"	""	"TCRBV6-1*1"	"TCRBD2-1"	"TCRBJ1-3*1"	54	56	59	60	2	1	NA	NA	"NNNNNTGTCGGCTGCTCCCTCCCAGACATCTGTGTACTTCTGTGCCAGCAGTGATACGGTTCTGGAAACACCATATATTTTGGAGAG"	FALSE	FALSE	NA	NA	NA	NA
"AGCTCTCTGGAGCTGGGGGACTCAGCTTTGTATTTCTGTGCCAGCAGCGTAGCGGCCAGGTTGAACACTGAAGCTTTCTTTGGACAA"	"CASSVAARLNTEAFF"	"AGCTCTCTGGAGCTGGGGGACTCAGCTTTGTATTTCTGTGCCAGCAGCGTAGCGGCCAGGTTGAACACTGAAGCTTTCTTTGGACAA"	"CASSVAARLNTEAFF"	"TCRBV9-1*1"	"TCRBD1-1*1"	"TCRBJ1-1*1"	52	56	60	61	4	1	NA	NA	"AGCTCTCTGGAGCTGGGGGACTCAGCTTTGTATTTCTGTGCCAGCAGCGTAGCGGCCAGGTTGAACACTGAAGCTTTCTTTGGACAA"	FALSE	TRUE	NA	NA	NA	NA
"GCTCCCTCCCAGACATCTGTGTACTTCTGTGCCAGCAGTGAAAAACCGGGACAGTTCTCTGGGGCCAACGTCCTGACTTTCGGGGCC"	"CASSEKPGQFSGANVLTF"	"GCTCCCTCCCAGACATCTGTGTACTTCTGTGCCAGCAGTGAAAAACCGGGACAGTTCTCTGGGGCCAACGTCCTGACTTTCGGGGCC"	"CASSEKPGQFSGANVLTF"	"TCRBV6-1*1"	"TCRBD1-1*1"	"TCRBJ2-6*1"	42	47	54	56	5	2	NA	NA	"GCTCCCTCCCAGACATCTGTGTACTTCTGTGCCAGCAGTGAAAAACCGGGACAGTTCTCTGGGGCCAACGTCCTGACTTTCGGGGCC"	FALSE	TRUE	NA	NA	NA	NA
"NTGTCGGCTGCTCCCTCCCAGACATCTGTGTACTTCTGTGCCAGCAGCAGTGGGACTAGCGGGAGGAGGGAGCAGTACTTCGGGCCG"	"CASSSGTSGRREQYF"	"NTGTCGGCTGCTCCCTCCCAGACATCTGTGTACTTCTGTGCCAGCAGCAGTGGGACTAGCGGGAGGAGGGAGCAGTACTTCGGGCCG"	"CASSSGTSGRREQYF"	"TCRBV6-5*1"	"TCRBD2-1*2"	"TCRBJ2-7*1"	47	51	66	69	4	3	NA	NA	"NTGTCGGCTGCTCCCTCCCAGACATCTGTGTACTTCTGTGCCAGCAGCAGTGGGACTAGCGGGAGGAGGGAGCAGTACTTCGGGCCG"	FALSE	TRUE	NA	NA	NA	NA
"GTGACCAGTGCCCATCCTGAAGACAGCAGCTTCTACATCTGCAGTGCTCGGCGAGACGCGAACACCGGGGAGCTGTTTTTTGGAGAA"	"CSARRDANTGELFF"	"GTGACCAGTGCCCATCCTGAAGACAGCAGCTTCTACATCTGCAGTGCTCGGCGAGACGCGAACACCGGGGAGCTGTTTTTTGGAGAA"	"CSARRDANTGELFF"	NA	NA	"TCRBJ2-2*1"	48	54	57	58	6	1	NA	NA	"GTGACCAGTGCCCATCCTGAAGACAGCAGCTTCTACATCTGCAGTGCTCGGCGAGACGCGAACACCGGGGAGCTGTTTTTTGGAGAA"	FALSE	TRUE	NA	NA	NA	NA
"CCCTCAGAACCCAGGGACTCAGCTGTGTACTTCTGTGCCAGCACTCTTAGGGGGGGTTTAGCCAAAAACATTCAGTACTTCGGCGCC"	"CASTLRGGLAKNIQYF"	"CCCTCAGAACCCAGGGACTCAGCTGTGTACTTCTGTGCCAGCACTCTTAGGGGGGGTTTAGCCAAAAACATTCAGTACTTCGGCGCC"	"CASTLRGGLAKNIQYF"	NA	"TCRBD2-1*1"	"TCRBJ2-4*1"	43	49	56	59	6	3	NA	NA	"CCCTCAGAACCCAGGGACTCAGCTGTGTACTTCTGTGCCAGCACTCTTAGGGGGGGTTTAGCCAAAAACATTCAGTACTTCGGCGCC"	FALSE	TRUE	NA	NA	NA	NA
"ATCAATTCCCTGGAGCTTGGTGACTCTGCTGTGTATTTCTGTGCCAGCAGCCTGCTAGCAGGGGACAATGAGCAGTTCTTCGGGCCA"	"CASSLLAGDNEQFF"	"ATCAATTCCCTGGAGCTTGGTGACTCTGCTGTGTATTTCTGTGCCAGCAGCCTGCTAGCAGGGGACAATGAGCAGTTCTTCGGGCCA"	"CASSLLAGDNEQFF"	"TCRBV3-1/3-2*1"	"TCRBD1-1*1"	"TCRBJ2-1*1"	52	58	-1	64	6	65	NA	NA	"ATCAATTCCCTGGAGCTTGGTGACTCTGCTGTGTATTTCTGTGCCAGCAGCCTGCTAGCAGGGGACAATGAGCAGTTCTTCGGGCCA"	FALSE	TRUE	NA	NA	NA	NA
"CGCACAGAGCAGGAGGACTCCGCCGTGTATCTCTGTGCCAGCAGCTTAGTTAGCGGGAGCTCCTACAATGAGCAGTTCTTCGGGCCA"	"CASSLVSGSSYNEQFF"	"CGCACAGAGCAGGAGGACTCCGCCGTGTATCTCTGTGCCAGCAGCTTAGTTAGCGGGAGCTCCTACAATGAGCAGTTCTTCGGGCCA"	"CASSLVSGSSYNEQFF"	"TCRBV7-8*1"	"TCRBD2-1*2"	"TCRBJ2-1*1"	49	50	-1	59	1	60	NA	NA	"CGCACAGAGCAGGAGGACTCCGCCGTGTATCTCTGTGCCAGCAGCTTAGTTAGCGGGAGCTCCTACAATGAGCAGTTCTTCGGGCCA"	FALSE	TRUE	NA	NA	NA	NA
"GCCCTGCAGCCAGAAGACTCAGCCCTGTATCTCTGCGCCAGCAGCCAAAGAATTCCCATTAGCAAAAACATTCAGTACTTCGGCGCC"	"CASSQRIPISKNIQYF"	"GCCCTGCAGCCAGAAGACTCAGCCCTGTATCTCTGCGCCAGCAGCCAAAGAATTCCCATTAGCAAAAACATTCAGTACTTCGGCGCC"	"CASSQRIPISKNIQYF"	"TCRBV4-1*1"	"TCRBD2-1"	"TCRBJ2-4*1"	48	59	-1	62	11	63	NA	NA	"GCCCTGCAGCCAGAAGACTCAGCCCTGTATCTCTGCGCCAGCAGCCAAAGAATTCCCATTAGCAAAAACATTCAGTACTTCGGCGCC"	FALSE	TRUE	NA	NA	NA	NA
"GCCAGCACCAACCAGACATCTATGTACCTCTGTGCCAGCAGTCTCTCGGGGGAGGGGGCTAGAGACAATGAGCAGTTCTTCGGGCCA"	"CASSLSGEGARDNEQFF"	"GCCAGCACCAACCAGACATCTATGTACCTCTGTGCCAGCAGTCTCTCGGGGGAGGGGGCTAGAGACAATGAGCAGTTCTTCGGGCCA"	"CASSLSGEGARDNEQFF"	"TCRBV28-1*1"	NA	"TCRBJ2-1*1"	42	52	59	64	10	5	NA	NA	"GCCAGCACCAACCAGACATCTATGTACCTCTGTGCCAGCAGTCTCTCGGGGGAGGGGGCTAGAGACAATGAGCAGTTCTTCGGGCCA"	FALSE	TRUE	NA	NA	NA	NA
"CGCACAGAGCAGGGGGACTCGGCCATGTATCTCTGTGCCAGCAGCCTTCTAGGGAGGGGAGACTACAATGAGCAGTTCTTCGGGCCA"	"CASSLLGRGDYNEQFF"	"CGCACAGAGCAGGGGGACTCGGCCATGTATCTCTGTGCCAGCAGCCTTCTAGGGAGGGGAGACTACAATGAGCAGTTCTTCGGGCCA"	"CASSLLGRGDYNEQFF"	"TCRBV7-9*1"	"TCRBD2-1*2"	"TCRBJ2-1*1"	45	51	58	62	6	4	NA	NA	"CGCACAGAGCAGGGGGACTCGGCCATGTATCTCTGTGCCAGCAGCCTTCTAGGGAGGGGAGACTACAATGAGCAGTTCTTCGGGCCA"	FALSE	TRUE	NA	NA	NA	NA
"AGCACCTTGGAGCTGGGGGACTCGGCCCTTTATCTTTGCGCCAGCAGCTTGGAGGGGGCGCGATCTCAGCCCCAGCATTTTGGTGAT"	"CASSLEGARSQPQHF"	"AGCACCTTGGAGCTGGGGGACTCGGCCCTTTATCTTTGCGCCAGCAGCTTGGAGGGGGCGCGATCTCAGCCCCAGCATTTTGGTGAT"	"CASSLEGARSQPQHF"	"TCRBV5-1*1"	"TCRBD1-1*1"	"TCRBJ1-5*1"	-1	52	59	65	53	6	NA	NA	"AGCACCTTGGAGCTGGGGGACTCGGCCCTTTATCTTTGCGCCAGCAGCTTGGAGGGGGCGCGATCTCAGCCCCAGCATTTTGGTGAT"	FALSE	TRUE	NA	NA	NA	NA
"TTGGCGTCTGCTGTACCCTCTCAGACATCTGTGTACTTCTGTGCCAGCAGTCCTCTAGCGGGAGGGGAGACCCAGTACTTCGGGCCA"	"CASSPLAGGETQYF"	"TTGGCGTCTGCTGTACCCTCTCAGACATCTGTGTACTTCTGTGCCAGCAGTCCTCTAGCGGGAGGGGAGACCCAGTACTTCGGGCCA"	"CASSPLAGGETQYF"	"TCRBV6-4*1"	"TCRBD2-1*2"	"TCRBJ2-5*1"	51	54	-1	66	3	67	NA	NA	"TTGGCGTCTGCTGTACCCTCTCAGACATCTGTGTACTTCTGTGCCAGCAGTCCTCTAGCGGGAGGGGAGACCCAGTACTTCGGGCCA"	FALSE	TRUE	NA	NA	NA	NA
"TCCCTAGAGTCTGCCATCCCCAACCAGACAGCTCTTTACTTCTGTGCCACCAGTGATCCGGGGAGAAGCGAGCAGTTCTTCGGGCCA"	"CATSDPGRSEQFF"	"TCCCTAGAGTCTGCCATCCCCAACCAGACAGCTCTTTACTTCTGTGCCACCAGTGATCCGGGGAGAAGCGAGCAGTTCTTCGGGCCA"	"CATSDPGRSEQFF"	"TCRBV24-1*1"	"TCRBD2-1"	"TCRBJ2-1*1"	57	58	63	69	1	6	NA	NA	"TCCCTAGAGTCTGCCATCCCCAACCAGACAGCTCTTTACTTCTGTGCCACCAGTGATCCGGGGAGAAGCGAGCAGTTCTTCGGGCCA"	FALSE	TRUE	NA	NA	NA	NA
"TCCACAAAGCTGGAGGACTCAGCCATGTACTTCTGTGCCAGCAGATTCCCCGACTAGCAAAGCACCTACGAGCAGTACTTCGGGCCG"	"CASRFPD*QSTYEQYF"	"TCCACAAAGCTGGAGGACTCAGCCATGTACTTCTGTGCCAGCAGATTCCCCGACTAGCAAAGCACCTACGAGCAGTACTTCGGGCCG"	"CASRFPD*QSTYEQYF"	"TCRBV2-1"	"TCRBD2-1"	"TCRBJ2-7*1"	44	51	58	64	7	6	NA	NA	"TCCACAAAGCTGGAGGACTCAGCCATGTACTTCTGTGCCAGCAGATTCCCCGACTAGCAAAGCACCTACGAGCAGTACTTCGGGCCG"	FALSE	TRUE	NA	NA	NA	NA
"CCTGCAAAGCTTGAGGACTCGGCCGTGTATCTCTGTGCCAGCAGCTTAAGTATTGGGGGGTCCTACAATGAGCAGTTCTTCGGGCCA"	"CASSLSIGGSYNEQFF"	"CCTGCAAAGCTTGAGGACTCGGCCGTGTATCTCTGTGCCAGCAGCTTAAGTATTGGGGGGTCCTACAATGAGCAGTTCTTCGGGCCA"	"CASSLSIGGSYNEQFF"	"TCRBV11-2"	"TCRBD2-1*1"	"TCRBJ2-1*1"	48	54	-1	60	6	61	NA	NA	"CCTGCAAAGCTTGAGGACTCGGCCGTGTATCTCTGTGCCAGCAGCTTAAGTATTGGGGGGTCCTACAATGAGCAGTTCTTCGGGCCA"	FALSE	TRUE	NA	NA	NA	NA
"GAGCAACATGAGCCCTGAAGACAGCAGCATATATCTCTGCAGCGTTGTATGAAGCGGGAGTTATCCTACGAGCAGTACTTCGGGCCG"	""	"GAGCAACATGAGCCCTGAAGACAGCAGCATATATCTCTGCAGCGTTGTATGAAGCGGGAGTTATCCTACGAGCAGTACTTCGGGCCG"	""	"TCRBV29-1"	"TCRBD2-1*2"	"TCRBJ2-7*1"	47	52	60	63	5	3	NA	NA	"GAGCAACATGAGCCCTGAAGACAGCAGCATATATCTCTGCAGCGTTGTATGAAGCGGGAGTTATCCTACGAGCAGTACTTCGGGCCG"	FALSE	FALSE	NA	NA	NA	NA
"AACGCCTTGGAGCTGGACGACTCGGCCCTGTATCTCTGTGCCAGCAGCGGGGGGACGAGATCGGGAAACACCATATATTTTGGAGAG"	"CASSGGTRSGNTIYF"	"AACGCCTTGGAGCTGGACGACTCGGCCCTGTATCTCTGTGCCAGCAGCGGGGGGACGAGATCGGGAAACACCATATATTTTGGAGAG"	"CASSGGTRSGNTIYF"	"TCRBV5-4*1"	"TCRBD2-1*1"	"TCRBJ1-3*1"	-1	48	54	63	49	9	NA	NA	"AACGCCTTGGAGCTGGACGACTCGGCCCTGTATCTCTGTGCCAGCAGCGGGGGGACGAGATCGGGAAACACCATATATTTTGGAGAG"	FALSE	TRUE	NA	NA	NA	NA
"AGCCCCAACCAGACCTCTCTGTACTTCTGTGCCAGCAGTCCGACTCCGGGACAGGGAATCGGCTCCTACGAGCAGTACTTCGGGCCG"	"CASSPTPGQGIGSYEQYF"	"AGCCCCAACCAGACCTCTCTGTACTTCTGTGCCAGCAGTCCGACTCCGGGACAGGGAATCGGCTCCTACGAGCAGTACTTCGGGCCG"	"CASSPTPGQGIGSYEQYF"	"TCRBV27-1*1"	"TCRBD1-1*1"	"TCRBJ2-7*1"	39	47	56	62	8	6	NA	NA	"AGCCCCAACCAGACCTCTCTGTACTTCTGTGCCAGCAGTCCGACTCCGGGACAGGGAATCGGCTCCTACGAGCAGTACTTCGGGCCG"	FALSE	TRUE	NA	NA	NA	NA
"CACGGAGTCAGGGGACACAGCACTGTATTTCTGTGCCAGCAGCAAAATACGGACAGGATAAACCAAGAGACCCAGTACTTCGGGCCA"	""	"CACGGAGTCAGGGGACACAGCACTGTATTTCTGTGCCAGCAGCAAAATACGGACAGGATAAACCAAGAGACCCAGTACTTCGGGCCA"	""	"TCRBV21-1*1"	"TCRBD1-1*1"	"TCRBJ2-5*1"	46	50	57	61	4	4	NA	NA	"CACGGAGTCAGGGGACACAGCACTGTATTTCTGTGCCAGCAGCAAAATACGGACAGGATAAACCAAGAGACCCAGTACTTCGGGCCA"	FALSE	FALSE	NA	NA	NA	NA
"TCCCTGGAGCTTGGTGACTCTGCTGTGTATTTCTGTGCCAGCAGCCAAGAAACCCTAGCGGGATTCCACGAGCAGTACTTCGGGCCG"	"CASSQETLAGFHEQYF"	"TCCCTGGAGCTTGGTGACTCTGCTGTGTATTTCTGTGCCAGCAGCCAAGAAACCCTAGCGGGATTCCACGAGCAGTACTTCGGGCCG"	"CASSQETLAGFHEQYF"	"TCRBV3-1/3-2*1"	"TCRBD2-1*2"	"TCRBJ2-7*1"	50	54	63	67	4	4	NA	NA	"TCCCTGGAGCTTGGTGACTCTGCTGTGTATTTCTGTGCCAGCAGCCAAGAAACCCTAGCGGGATTCCACGAGCAGTACTTCGGGCCG"	FALSE	TRUE	NA	NA	NA	NA
"CAGCGCACAGAGCGGGGGGACTCAGCCGTGTATCTCTGTGCCAGCAGCTTGACTAGCGGGAGGCCAGATACGCAGTATTTTGGCCCA"	"CASSLTSGRPDTQYF"	"CAGCGCACAGAGCGGGGGGACTCAGCCGTGTATCTCTGTGCCAGCAGCTTGACTAGCGGGAGGCCAGATACGCAGTATTTTGGCCCA"	"CASSLTSGRPDTQYF"	"TCRBV7-3*1"	"TCRBD2-1*2"	"TCRBJ2-3*1"	-1	50	63	64	51	1	NA	NA	"CAGCGCACAGAGCGGGGGGACTCAGCCGTGTATCTCTGTGCCAGCAGCTTGACTAGCGGGAGGCCAGATACGCAGTATTTTGGCCCA"	FALSE	TRUE	NA	NA	NA	NA
"AAGTTCCAGCGCACACAGCAGGAGGACTCCGCCGTGTATCTCTGTGCCAGCAGCTTATCGGAAAACACTGAAGCTTTCTTTGGACAA"	"CASSLSENTEAFF"	"AAGTTCCAGCGCACACAGCAGGAGGACTCCGCCGTGTATCTCTGTGCCAGCAGCTTATCGGAAAACACTGAAGCTTTCTTTGGACAA"	"CASSLSENTEAFF"	"TCRBV7-8*1"	NA	"TCRBJ1-1*1"	57	59	62	63	2	1	NA	NA	"AAGTTCCAGCGCACACAGCAGGAGGACTCCGCCGTGTATCTCTGTGCCAGCAGCTTATCGGAAAACACTGAAGCTTTCTTTGGACAA"	FALSE	TRUE	NA	NA	NA	NA
"CACCTACACGCCCTGCAGCCAGAAGACTCAGCCCTGTATCTCTGCGCCAGCACACCCAACATGAACACTGAAGCTTTCTTTGGACAA"	"CASTPNMNTEAFF"	"CACCTACACGCCCTGCAGCCAGAAGACTCAGCCCTGTATCTCTGCGCCAGCACACCCAACATGAACACTGAAGCTTTCTTTGGACAA"	"CASTPNMNTEAFF"	"TCRBV4-1*1"	"TCRBD1-1*1"	"TCRBJ1-1*1"	52	58	-1	61	6	62	NA	NA	"CACCTACACGCCCTGCAGCCAGAAGACTCAGCCCTGTATCTCTGCGCCAGCACACCCAACATGAACACTGAAGCTTTCTTTGGACAA"	FALSE	TRUE	NA	NA	NA	NA
"ATTCAGCGCACAGAGCAGGAGGACTCGGCCGTGTATCTCTGTGCCAGCAGCCGGGCCGGGGAAGCCCCTGAAGCTTTCTTTGGACAA"	"CASSRAGEAPEAFF"	"ATTCAGCGCACAGAGCAGGAGGACTCGGCCGTGTATCTCTGTGCCAGCAGCCGGGCCGGGGAAGCCCCTGAAGCTTTCTTTGGACAA"	"CASSRAGEAPEAFF"	"TCRBV7-2"	"TCRBD2-1*1"	"TCRBJ1-1*1"	51	56	61	67	5	6	NA	NA	"ATTCAGCGCACAGAGCAGGAGGACTCGGCCGTGTATCTCTGTGCCAGCAGCCGGGCCGGGGAAGCCCCTGAAGCTTTCTTTGGACAA"	FALSE	TRUE	NA	NA	NA	NA
"CTCTGTACTTCTGTGCCAGCAGTTTACCCTCCAACTAGCGGGAGGTCCTGCTCATGGGCTGGGGCCAACGTCCTGACTTTCGGGGCC"	""	"CTCTGTACTTCTGTGCCAGCAGTTTACCCTCCAACTAGCGGGAGGTCCTGCTCATGGGCTGGGGCCAACGTCCTGACTTTCGGGGCC"	""	"TCRBV27-1*1"	"TCRBD2-1*2"	"TCRBJ2-6*1"	26	33	45	58	7	13	NA	NA	"CTCTGTACTTCTGTGCCAGCAGTTTACCCTCCAACTAGCGGGAGGTCCTGCTCATGGGCTGGGGCCAACGTCCTGACTTTCGGGGCC"	FALSE	FALSE	NA	NA	NA	NA
"CTCACTGTGACATCGGCCCAAAAGAACCCGACAGCTTTCTATCTCTGTGCCAGTAGTGACGTGCATGAAAAACTGTTTTTTGGCAGT"	"CASSDVHEKLFF"	"CTCACTGTGACATCGGCCCAAAAGAACCCGACAGCTTTCTATCTCTGTGCCAGTAGTGACGTGCATGAAAAACTGTTTTTTGGCAGT"	"CASSDVHEKLFF"	"TCRBV19-1*1"	NA	"TCRBJ1-4*1"	-1	57	60	64	58	4	NA	NA	"CTCACTGTGACATCGGCCCAAAAGAACCCGACAGCTTTCTATCTCTGTGCCAGTAGTGACGTGCATGAAAAACTGTTTTTTGGCAGT"	FALSE	TRUE	NA	NA	NA	NA
"AGAAGACTCGGCCCTGTATCTCTGTGCCAGCAGCCAAGATTCGCAGCCGCTAGGCAGGGTGAGAACACTGAAGCTTTCTTTGGACAA"	""	"AGAAGACTCGGCCCTGTATCTCTGTGCCAGCAGCCAAGATTCGCAGCCGCTAGGCAGGGTGAGAACACTGAAGCTTTCTTTGGACAA"	""	"TCRBV4-2*1"	"TCRBD1-1*1"	"TCRBJ1-1*1"	39	54	59	62	15	3	NA	NA	"AGAAGACTCGGCCCTGTATCTCTGTGCCAGCAGCCAAGATTCGCAGCCGCTAGGCAGGGTGAGAACACTGAAGCTTTCTTTGGACAA"	FALSE	FALSE	NA	NA	NA	NA
"CGGTCCACAAAGCTGGAGGACTCAGCCATGTACTTCTGTGCCAGCAGTGGCCGGGAGAAGGTTTTCAATGAGCAGTTCTTCGGGCCA"	"CASSGREKVFNEQFF"	"CGGTCCACAAAGCTGGAGGACTCAGCCATGTACTTCTGTGCCAGCAGTGGCCGGGAGAAGGTTTTCAATGAGCAGTTCTTCGGGCCA"	"CASSGREKVFNEQFF"	"TCRBV2-1"	"TCRBD2-1*2"	"TCRBJ2-1*1"	49	51	57	65	2	8	NA	NA	"CGGTCCACAAAGCTGGAGGACTCAGCCATGTACTTCTGTGCCAGCAGTGGCCGGGAGAAGGTTTTCAATGAGCAGTTCTTCGGGCCA"	FALSE	TRUE	NA	NA	NA	NA
"AAGAACCCGACAGCTTTCTATCTCTGTGCCACCAAAAAAAGAGCCACAGGATTAAAGGCAACTAATGAAAAACTGTTTTTTGGCAGT"	"CATKKRATGLKATNEKLFF"	"AAGAACCCGACAGCTTTCTATCTCTGTGCCACCAAAAAAAGAGCCACAGGATTAAAGGCAACTAATGAAAAACTGTTTTTTGGCAGT"	"CATKKRATGLKATNEKLFF"	"TCRBV19-1*1"	"TCRBD1-1*1"	"TCRBJ1-4*1"	31	45	50	58	14	8	NA	NA	"AAGAACCCGACAGCTTTCTATCTCTGTGCCACCAAAAAAAGAGCCACAGGATTAAAGGCAACTAATGAAAAACTGTTTTTTGGCAGT"	FALSE	TRUE	NA	NA	NA	NA
"GGAGTCCGCTACCCGCTCCCAGACATCTGTGTATTTCTGCGCCAGCAGTGAGGGACAGGGAACACCGGGGAGCTGTTTTTTGGAGAA"	""	"GGAGTCCGCTACCCGCTCCCAGACATCTGTGTATTTCTGCGCCAGCAGTGAGGGACAGGGAACACCGGGGAGCTGTTTTTTGGAGAA"	""	"TCRBV1-2*1"	"TCRBD1-1*1"	"TCRBJ2-2*1"	-1	52	-1	59	53	60	NA	NA	"GGAGTCCGCTACCCGCTCCCAGACATCTGTGTATTTCTGCGCCAGCAGTGAGGGACAGGGAACACCGGGGAGCTGTTTTTTGGAGAA"	FALSE	FALSE	NA	NA	NA	NA
"CTGAGGATCCAGCAGGTAGTGCGAGGAGATTCGGCAGCTTATTTCTGTGCCAGCTCACCCAGCTCCTACGAGCAGTACTTCGGGCCG"	"CASSPSSYEQYF"	"CTGAGGATCCAGCAGGTAGTGCGAGGAGATTCGGCAGCTTATTTCTGTGCCAGCTCACCCAGCTCCTACGAGCAGTACTTCGGGCCG"	"CASSPSSYEQYF"	"TCRBV18-1*1"	"TCRBD1-1*1"	"TCRBJ2-7*1"	-1	59	-1	62	60	63	NA	NA	"CTGAGGATCCAGCAGGTAGTGCGAGGAGATTCGGCAGCTTATTTCTGTGCCAGCTCACCCAGCTCCTACGAGCAGTACTTCGGGCCG"	FALSE	TRUE	NA	NA	NA	NA
"CTGGAGTCGCCCAGCCCCAACCAGACCTCTCTGTACTTCTGTGCCAGCAGTCTGGAACCCGGGTTCGGGGAGCTGTTTTTTGGAGAA"	"CASSLEPGFGELFF"	"CTGGAGTCGCCCAGCCCCAACCAGACCTCTCTGTACTTCTGTGCCAGCAGTCTGGAACCCGGGTTCGGGGAGCTGTTTTTTGGAGAA"	"CASSLEPGFGELFF"	"TCRBV27-1*1"	"TCRBD2-1"	"TCRBJ2-2*1"	51	59	63	65	8	2	NA	NA	"CTGGAGTCGCCCAGCCCCAACCAGACCTCTCTGTACTTCTGTGCCAGCAGTCTGGAACCCGGGTTCGGGGAGCTGTTTTTTGGAGAA"	FALSE	TRUE	NA	NA	NA	NA
"GCAGAGCTTGGGGACTCGGCCGTGTATCTCTGTGCCAGCAGCTTAGAGGGGCGTTTTTGGTCGGGCTATGGCTACACCTTCGGTTCG"	"CASSLEGRFWSGYGYTF"	"GCAGAGCTTGGGGACTCGGCCGTGTATCTCTGTGCCAGCAGCTTAGAGGGGCGTTTTTGGTCGGGCTATGGCTACACCTTCGGTTCG"	"CASSLEGRFWSGYGYTF"	"TCRBV11-3*1"	"TCRBD1-1*1"	"TCRBJ1-2*1"	-1	47	52	65	48	13	NA	NA	"GCAGAGCTTGGGGACTCGGCCGTGTATCTCTGTGCCAGCAGCTTAGAGGGGCGTTTTTGGTCGGGCTATGGCTACACCTTCGGTTCG"	FALSE	TRUE	NA	NA	NA	NA
"CAGCCTGCAAAGCTTGAGGACTCGGCCGTGTATCTCTGTGCCAGCGCTATCTTCAAACCCCGGGGGACCGAGCAGTACTTCGGGCCG"	"CASAIFKPRGTEQYF"	"CAGCCTGCAAAGCTTGAGGACTCGGCCGTGTATCTCTGTGCCAGCGCTATCTTCAAACCCCGGGGGACCGAGCAGTACTTCGGGCCG"	"CASAIFKPRGTEQYF"	"TCRBV11-2*1"	"TCRBD2-1*1"	"TCRBJ2-7*1"	45	60	66	68	15	2	NA	NA	"CAGCCTGCAAAGCTTGAGGACTCGGCCGTGTATCTCTGTGCCAGCGCTATCTTCAAACCCCGGGGGACCGAGCAGTACTTCGGGCCG"	FALSE	TRUE	NA	NA	NA	NA
"CAGCAGGTAGTGCGAGGAGATTCGGCAGCTTATTTCTGTGCCAGCTCACCGCCGGGGTCTGGGGCCAACGTCCTGACTTTCGGGGCC"	"CASSPPGSGANVLTF"	"CAGCAGGTAGTGCGAGGAGATTCGGCAGCTTATTTCTGTGCCAGCTCACCGCCGGGGTCTGGGGCCAACGTCCTGACTTTCGGGGCC"	"CASSPPGSGANVLTF"	"TCRBV18-1*1"	"TCRBD2-1*1"	"TCRBJ2-6*1"	50	52	-1	57	2	58	NA	NA	"CAGCAGGTAGTGCGAGGAGATTCGGCAGCTTATTTCTGTGCCAGCTCACCGCCGGGGTCTGGGGCCAACGTCCTGACTTTCGGGGCC"	FALSE	TRUE	NA	NA	NA	NA
"CACATCAATTCCCTGGAGCTTGGTGACTCTGCTGTGTATTTCTGTGCCAGCACGCGACTAGCCGGCAATGAGCAGTTCTTCGGGCCA"	"CASTRLAGNEQFF"	"CACATCAATTCCCTGGAGCTTGGTGACTCTGCTGTGTATTTCTGTGCCAGCACGCGACTAGCCGGCAATGAGCAGTTCTTCGGGCCA"	"CASTRLAGNEQFF"	"TCRBV3-1/3-2*1"	"TCRBD2-1"	"TCRBJ2-1*1"	52	55	62	65	3	3	NA	NA	"CACATCAATTCCCTGGAGCTTGGTGACTCTGCTGTGTATTTCTGTGCCAGCACGCGACTAGCCGGCAATGAGCAGTTCTTCGGGCCA"	FALSE	TRUE	NA	NA	NA	NA
"CAGCCAGAAGACTCAGCCCTGTATCTCTGCGCCAGCAGCCAAGAAGGGGGCAGGGGGCGTCCAAACTATGGCTACACCTTCGGTTCG"	"CASSQEGGRGRPNYGYTF"	"CAGCCAGAAGACTCAGCCCTGTATCTCTGCGCCAGCAGCCAAGAAGGGGGCAGGGGGCGTCCAAACTATGGCTACACCTTCGGTTCG"	"CASSQEGGRGRPNYGYTF"	"TCRBV4-1*1"	"TCRBD1-1*1"	"TCRBJ1-2*1"	44	50	58	63	6	5	NA	NA	"CAGCCAGAAGACTCAGCCCTGTATCTCTGCGCCAGCAGCCAAGAAGGGGGCAGGGGGCGTCCAAACTATGGCTACACCTTCGGTTCG"	FALSE	TRUE	NA	NA	NA	NA
"ACGATCCAGCGCACAGAGCAGGAGGACTCGGCCGTGTATCTCTGTGCCAGCAGCTTAGTTAGGGACAGCCAAGCTTTCTTTGGACAA"	"CASSLVRDSQAFF"	"ACGATCCAGCGCACAGAGCAGGAGGACTCGGCCGTGTATCTCTGTGCCAGCAGCTTAGTTAGGGACAGCCAAGCTTTCTTTGGACAA"	"CASSLVRDSQAFF"	"TCRBV7-2"	"TCRBD1-1*1"	"TCRBJ1-1*1"	58	61	68	70	3	2	NA	NA	"ACGATCCAGCGCACAGAGCAGGAGGACTCGGCCGTGTATCTCTGTGCCAGCAGCTTAGTTAGGGACAGCCAAGCTTTCTTTGGACAA"	FALSE	TRUE	NA	NA	NA	NA
"TCCGCTACCAGCTCCCAGACATCTGTGTACTTCTGTGCCATCAGTGAGCCCGGGACAGGGTTAGGTCATGGCTACACCTTCGGTTCG"	"CAISEPGTGLGHGYTF"	"TCCGCTACCAGCTCCCAGACATCTGTGTACTTCTGTGCCATCAGTGAGCCCGGGACAGGGTTAGGTCATGGCTACACCTTCGGTTCG"	"CAISEPGTGLGHGYTF"	"TCRBV1-3*1"	"TCRBD1-1*1"	"TCRBJ1-2*1"	48	51	60	67	3	7	NA	NA	"TCCGCTACCAGCTCCCAGACATCTGTGTACTTCTGTGCCATCAGTGAGCCCGGGACAGGGTTAGGTCATGGCTACACCTTCGGTTCG"	FALSE	TRUE	NA	NA	NA	NA
"GCGTCTGCTGTACCCTCTCAGACATCTGTGTACTTCTGTGCCAGCAGTGACAGGGTAGCGGGAGTCAATGAGCAGTTCTTCGGGCCA"	"CASSDRVAGVNEQFF"	"GCGTCTGCTGTACCCTCTCAGACATCTGTGTACTTCTGTGCCAGCAGTGACAGGGTAGCGGGAGTCAATGAGCAGTTCTTCGGGCCA"	"CASSDRVAGVNEQFF"	"TCRBV6-4*1"	"TCRBD2-1*2"	"TCRBJ2-1*1"	51	55	64	65	4	1	NA	NA	"GCGTCTGCTGTACCCTCTCAGACATCTGTGTACTTCTGTGCCAGCAGTGACAGGGTAGCGGGAGTCAATGAGCAGTTCTTCGGGCCA"	FALSE	TRUE	NA	NA	NA	NA
"CACACCCTGCAGCCAGAAGACTCGGCCCTGTATCTCTGCGCCAGCAGCCAAGGACAGCACTCTGGAAACACCATATATTTTGGAGAG"	"CASSQGQHSGNTIYF"	"CACACCCTGCAGCCAGAAGACTCGGCCCTGTATCTCTGCGCCAGCAGCCAAGGACAGCACTCTGGAAACACCATATATTTTGGAGAG"	"CASSQGQHSGNTIYF"	"TCRBV4-3*1"	"TCRBD1-1*1"	"TCRBJ1-3*1"	-1	52	57	59	53	2	NA	NA	"CACACCCTGCAGCCAGAAGACTCGGCCCTGTATCTCTGCGCCAGCAGCCAAGGACAGCACTCTGGAAACACCATATATTTTGGAGAG"	FALSE	TRUE	NA	NA	NA	NA
"CTCCTTCTCAGTGACTCTGGCTTCTATCTCTGTGCCTGGAGTTTACCGCGATTCGGTTACATGAACACTGAAGCTTTCTTTGGACAA"	"CAWSLPRFGYMNTEAFF"	"CTCCTTCTCAGTGACTCTGGCTTCTATCTCTGTGCCTGGAGTTTACCGCGATTCGGTTACATGAACACTGAAGCTTTCTTTGGACAA"	"CAWSLPRFGYMNTEAFF"	"TCRBV3-1*1"	NA	"TCRBJ1-1*1"	42	58	-1	61	16	62	NA	NA	"CTCCTTCTCAGTGACTCTGGCTTCTATCTCTGTGCCTGGAGTTTACCGCGATTCGGTTACATGAACACTGAAGCTTTCTTTGGACAA"	FALSE	TRUE	NA	NA	NA	NA
"TCCCTAGAGTCTGCCATCCCCAACCAGACAGCTCTTTACTTCTGTGCCACCAGTGATAGAAGGAGCTATGGCTACACCTTCGGTTCG"	"CATSDRRSYGYTF"	"TCCCTAGAGTCTGCCATCCCCAACCAGACAGCTCTTTACTTCTGTGCCACCAGTGATAGAAGGAGCTATGGCTACACCTTCGGTTCG"	"CATSDRRSYGYTF"	"TCRBV24-1*1"	"TCRBD2-1*2"	"TCRBJ1-2*1"	57	61	-1	65	4	66	NA	NA	"TCCCTAGAGTCTGCCATCCCCAACCAGACAGCTCTTTACTTCTGTGCCACCAGTGATAGAAGGAGCTATGGCTACACCTTCGGTTCG"	FALSE	TRUE	NA	NA	NA	NA
"GTGACATCGGCCCAAAAGAACCCGACAGCTTTCTATCTCTGTGCCAGTAGTCGACAGGGTTTGATGAAGACCCAGTACTTCGGGCCA"	"CASSRQGLMKTQYF"	"GTGACATCGGCCCAAAAGAACCCGACAGCTTTCTATCTCTGTGCCAGTAGTCGACAGGGTTTGATGAAGACCCAGTACTTCGGGCCA"	"CASSRQGLMKTQYF"	"TCRBV19-1*1"	"TCRBD1-1*1"	"TCRBJ2-5*1"	51	52	59	67	1	8	NA	NA	"GTGACATCGGCCCAAAAGAACCCGACAGCTTTCTATCTCTGTGCCAGTAGTCGACAGGGTTTGATGAAGACCCAGTACTTCGGGCCA"	FALSE	TRUE	NA	NA	NA	NA
"GAGCTTGGTGACTCTGCTGTGTATTTCTGTGCCAGCAGCCAAGCCTTATCGGGACAGGTATACGGAAACACCATATATTTTGGAGAG"	"CASSQALSGQVYGNTIYF"	"GAGCTTGGTGACTCTGCTGTGTATTTCTGTGCCAGCAGCCAAGCCTTATCGGGACAGGTATACGGAAACACCATATATTTTGGAGAG"	"CASSQALSGQVYGNTIYF"	"TCRBV3-1/3-2*1"	"TCRBD1-1*1"	"TCRBJ1-3*1"	43	50	58	63	7	5	NA	NA	"GAGCTTGGTGACTCTGCTGTGTATTTCTGTGCCAGCAGCCAAGCCTTATCGGGACAGGTATACGGAAACACCATATATTTTGGAGAG"	FALSE	TRUE	NA	NA	NA	NA
"AAGATCCAGCCCTCAGAACCCAGGGACTCAGCTGTGTACTTCTGTGCCAGCAGTTTAGGGACTAGTGGTACGCAGTATTTTGGCCCA"	"CASSLGTSGTQYF"	"AAGATCCAGCCCTCAGAACCCAGGGACTCAGCTGTGTACTTCTGTGCCAGCAGTTTAGGGACTAGTGGTACGCAGTATTTTGGCCCA"	"CASSLGTSGTQYF"	"TCRBV12-3/12-4*1"	"TCRBD2-1"	"TCRBJ2-3*1"	-1	58	65	68	59	3	NA	NA	"AAGATCCAGCCCTCAGAACCCAGGGACTCAGCTGTGTACTTCTGTGCCAGCAGTTTAGGGACTAGTGGTACGCAGTATTTTGGCCCA"	FALSE	TRUE	NA	NA	NA	NA
"GAGCTGGACGACTCGGCCCTGTATCTCTGTGCCAGCAGCGCAAACCTTAAACTAGCGGGAGCTTACTACGAGCAGTACTTCGGGCCG"	"CASSANLKLAGAYYEQYF"	"GAGCTGGACGACTCGGCCCTGTATCTCTGTGCCAGCAGCGCAAACCTTAAACTAGCGGGAGCTTACTACGAGCAGTACTTCGGGCCG"	"CASSANLKLAGAYYEQYF"	"TCRBV5-4*1"	"TCRBD2-1*2"	"TCRBJ2-7*1"	39	50	61	65	11	4	NA	NA	"GAGCTGGACGACTCGGCCCTGTATCTCTGTGCCAGCAGCGCAAACCTTAAACTAGCGGGAGCTTACTACGAGCAGTACTTCGGGCCG"	FALSE	TRUE	NA	NA	NA	NA
"CTGACAGTGACCAGTGCCCATCCTGAAGACAGCAGCTTCTACATCTGCAGTGCCGGACTACCCCTCGGCGAGCAGTACTTCGGGCCG"	"CSAGLPLGEQYF"	"CTGACAGTGACCAGTGCCCATCCTGAAGACAGCAGCTTCTACATCTGCAGTGCCGGACTACCCCTCGGCGAGCAGTACTTCGGGCCG"	"CSAGLPLGEQYF"	NA	"TCRBD2-1"	"TCRBJ2-7*1"	53	54	60	68	1	8	NA	NA	"CTGACAGTGACCAGTGCCCATCCTGAAGACAGCAGCTTCTACATCTGCAGTGCCGGACTACCCCTCGGCGAGCAGTACTTCGGGCCG"	FALSE	TRUE	NA	NA	NA	NA
"NNNNTGTCGGCTGCTCCCTCCCAGACATCTGTGTACTTCTGTGCCAGCAGTTGGACAGGGGGACTTCAGCCCCAGCATTTTGGTGAT"	"CASSWTGGLQPQHF"	"NNNNTGTCGGCTGCTCCCTCCCAGACATCTGTGTACTTCTGTGCCAGCAGTTGGACAGGGGGACTTCAGCCCCAGCATTTTGGTGAT"	"CASSWTGGLQPQHF"	"TCRBV6-5*1"	"TCRBD1-1*1"	"TCRBJ1-5*1"	-1	52	62	65	53	3	NA	NA	"NNNNTGTCGGCTGCTCCCTCCCAGACATCTGTGTACTTCTGTGCCAGCAGTTGGACAGGGGGACTTCAGCCCCAGCATTTTGGTGAT"	FALSE	TRUE	NA	NA	NA	NA
"CTGCCATCCCCAACCAGACAGCTCTTTACTTCTGTGCCACCAGGGACAGGGGGACCTAGATTTAACTATGGCTACACCTTCGGTTCG"	""	"CTGCCATCCCCAACCAGACAGCTCTTTACTTCTGTGCCACCAGGGACAGGGGGACCTAGATTTAACTATGGCTACACCTTCGGTTCG"	""	"TCRBV24-1*1"	"TCRBD1-1*1"	"TCRBJ1-2*1"	-1	43	53	62	44	9	NA	NA	"CTGCCATCCCCAACCAGACAGCTCTTTACTTCTGTGCCACCAGGGACAGGGGGACCTAGATTTAACTATGGCTACACCTTCGGTTCG"	FALSE	FALSE	NA	NA	NA	NA
"CTGAAGGTGCAGCCTGCAGAACTGGAGGATTCTGGAGTTTATTTCTGTGCCAGCAGTCGCGGAAATCAGCCCCAGCATTTTGGTGAT"	"CASSRGNQPQHF"	"CTGAAGGTGCAGCCTGCAGAACTGGAGGATTCTGGAGTTTATTTCTGTGCCAGCAGTCGCGGAAATCAGCCCCAGCATTTTGGTGAT"	"CASSRGNQPQHF"	"TCRBV14-1*1"	"TCRBD2-1"	"TCRBJ1-5*1"	56	58	62	63	2	1	NA	NA	"CTGAAGGTGCAGCCTGCAGAACTGGAGGATTCTGGAGTTTATTTCTGTGCCAGCAGTCGCGGAAATCAGCCCCAGCATTTTGGTGAT"	FALSE	TRUE	NA	NA	NA	NA
"TCTCTGGAGCTGGGGGACTCAGCTTTGTATTTCTGTGCCAGCAGCGTAGCCCCAGGCGTCCTAGGGTATGGCTACACCTTCGGTTCG"	"CASSVAPGVLGYGYTF"	"TCTCTGGAGCTGGGGGACTCAGCTTTGTATTTCTGTGCCAGCAGCGTAGCCCCAGGCGTCCTAGGGTATGGCTACACCTTCGGTTCG"	"CASSVAPGVLGYGYTF"	"TCRBV9-1*1"	NA	"TCRBJ1-2*1"	49	52	56	66	3	10	NA	NA	"TCTCTGGAGCTGGGGGACTCAGCTTTGTATTTCTGTGCCAGCAGCGTAGCCCCAGGCGTCCTAGGGTATGGCTACACCTTCGGTTCG"	FALSE	TRUE	NA	NA	NA	NA
"CTGGAGTCGCCCAGCCCCAACCAGACCTCTCTGTACTTCTGTGCCAGCAGTGAACAGGGAGGCAACTATGGCTACACCTTCGGTTCG"	"CASSEQGGNYGYTF"	"CTGGAGTCGCCCAGCCCCAACCAGACCTCTCTGTACTTCTGTGCCAGCAGTGAACAGGGAGGCAACTATGGCTACACCTTCGGTTCG"	"CASSEQGGNYGYTF"	"TCRBV27-1*1"	NA	"TCRBJ1-2*1"	51	53	59	63	2	4	NA	NA	"CTGGAGTCGCCCAGCCCCAACCAGACCTCTCTGTACTTCTGTGCCAGCAGTGAACAGGGAGGCAACTATGGCTACACCTTCGGTTCG"	FALSE	TRUE	NA	NA	NA	NA
"CTGCAGCCAGAAGACTCGGCCCTGTATCTCTGTGCCAGCAGCCAAAGCCCGGGACTAGCGGGAGAGACTGAGCAGTTCTTCGGGCCA"	"CASSQSPGLAGETEQFF"	"CTGCAGCCAGAAGACTCGGCCCTGTATCTCTGTGCCAGCAGCCAAAGCCCGGGACTAGCGGGAGAGACTGAGCAGTTCTTCGGGCCA"	"CASSQSPGLAGETEQFF"	"TCRBV4-2*1"	"TCRBD2-1*2"	"TCRBJ2-1*1"	45	50	64	68	5	4	NA	NA	"CTGCAGCCAGAAGACTCGGCCCTGTATCTCTGTGCCAGCAGCCAAAGCCCGGGACTAGCGGGAGAGACTGAGCAGTTCTTCGGGCCA"	FALSE	TRUE	NA	NA	NA	NA
"NNNNNNNNNNNNNTGTCGGCTGCTCCCTCCCAGACATCTGTGTACTTCTGTGCCAGCAGTCTCAACAATGAGCAGTTCTTCGGGCCA"	"CASSLNNEQFF"	"NNNNNNNNNNNNNTGTCGGCTGCTCCCTCCCAGACATCTGTGTACTTCTGTGCCAGCAGTCTCAACAATGAGCAGTTCTTCGGGCCA"	"CASSLNNEQFF"	"TCRBV6-5*1"	NA	"TCRBJ2-1*1"	60	62	-1	64	2	65	NA	NA	"NNNNNNNNNNNNNTGTCGGCTGCTCCCTCCCAGACATCTGTGTACTTCTGTGCCAGCAGTCTCAACAATGAGCAGTTCTTCGGGCCA"	FALSE	TRUE	NA	NA	NA	NA
"CTTGGAGCTGGGGGACTCGGCCCTTTATCTTTGCGCCAGCAGCTTACACCGGACTAGCGGGGGTTCTACGAGCAGTACTTCGGGCCG"	""	"CTTGGAGCTGGGGGACTCGGCCCTTTATCTTTGCGCCAGCAGCTTACACCGGACTAGCGGGGGTTCTACGAGCAGTACTTCGGGCCG"	""	"TCRBV5-1*1"	"TCRBD2-1*1"	"TCRBJ2-7*1"	45	50	63	65	5	2	NA	NA	"CTTGGAGCTGGGGGACTCGGCCCTTTATCTTTGCGCCAGCAGCTTACACCGGACTAGCGGGGGTTCTACGAGCAGTACTTCGGGCCG"	FALSE	FALSE	NA	NA	NA	NA
"CTCTGACAGTGACCAGTGCCCATCCTGAAGACAGCAGCTTCTACATCTGCAGTGCTAGTCGGGGATGAAAAACTGTTTTTTGGCAGT"	""	"CTCTGACAGTGACCAGTGCCCATCCTGAAGACAGCAGCTTCTACATCTGCAGTGCTAGTCGGGGATGAAAAACTGTTTTTTGGCAGT"	""	"TCRBV2-1*4"	"TCRBD2-1*1"	"TCRBJ1-4*1"	-1	59	-1	64	60	65	NA	NA	"CTCTGACAGTGACCAGTGCCCATCCTGAAGACAGCAGCTTCTACATCTGCAGTGCTAGTCGGGGATGAAAAACTGTTTTTTGGCAGT"	FALSE	FALSE	NA	NA	NA	NA
"AACGCCTTGGAGCTGGACGACTCGGCCCTGTATCTCTGTGCCAGCAGCCCGGGTCGGCAGGGACAGTACGAGCAGTACTTCGGGCCG"	"CASSPGRQGQYEQYF"	"AACGCCTTGGAGCTGGACGACTCGGCCCTGTATCTCTGTGCCAGCAGCCCGGGTCGGCAGGGACAGTACGAGCAGTACTTCGGGCCG"	"CASSPGRQGQYEQYF"	"TCRBV5-4*1"	"TCRBD1-1*1"	"TCRBJ2-7*1"	48	59	-1	66	11	67	NA	NA	"AACGCCTTGGAGCTGGACGACTCGGCCCTGTATCTCTGTGCCAGCAGCCCGGGTCGGCAGGGACAGTACGAGCAGTACTTCGGGCCG"	FALSE	TRUE	NA	NA	NA	NA
"CAGCCCTCAGAACCCAGGGACTCAGCTGTGTACTTCTGTGCCAGCAGCCGACCGGACAGTAGGAGTTCACCCCTCCACTTTGGGAAT"	"CASSRPDSRSSPLHF"	"CAGCCCTCAGAACCCAGGGACTCAGCTGTGTACTTCTGTGCCAGCAGCCGACCGGACAGTAGGAGTTCACCCCTCCACTTTGGGAAT"	"CASSRPDSRSSPLHF"	NA	"TCRBD1-1*1"	"TCRBJ1-6*1"	47	53	59	65	6	6	NA	NA	"CAGCCCTCAGAACCCAGGGACTCAGCTGTGTACTTCTGTGCCAGCAGCCGACCGGACAGTAGGAGTTCACCCCTCCACTTTGGGAAT"	FALSE	TRUE	NA	NA	NA	NA
"CTGGAGTCGCCCAGCCCCAACCAGACCTCTCTGTACTTCTGTGCCAGCTCTAAATTGGGGGGGTCGGACGAGCAGTACTTCGGGCCG"	"CASSKLGGSDEQYF"	"CTGGAGTCGCCCAGCCCCAACCAGACCTCTCTGTACTTCTGTGCCAGCTCTAAATTGGGGGGGTCGGACGAGCAGTACTTCGGGCCG"	"CASSKLGGSDEQYF"	"TCRBV27-1*1"	"TCRBD2-1*1"	"TCRBJ2-7*1"	48	56	63	67	8	4	NA	NA	"CTGGAGTCGCCCAGCCCCAACCAGACCTCTCTGTACTTCTGTGCCAGCTCTAAATTGGGGGGGTCGGACGAGCAGTACTTCGGGCCG"	FALSE	TRUE	NA	NA	NA	NA
"ATCCAGCGCACAGAGCAGGAGGACTCCGCCGTGTATCTCTGTGCCAGCAGCGAACAGACAGGGGACACTGAAGCTTTCTTTGGACAA"	"CASSEQTGDTEAFF"	"ATCCAGCGCACAGAGCAGGAGGACTCCGCCGTGTATCTCTGTGCCAGCAGCGAACAGACAGGGGACACTGAAGCTTTCTTTGGACAA"	"CASSEQTGDTEAFF"	"TCRBV7-8"	"TCRBD1-1*1"	"TCRBJ1-1*1"	51	56	-1	64	5	65	NA	NA	"ATCCAGCGCACAGAGCAGGAGGACTCCGCCGTGTATCTCTGTGCCAGCAGCGAACAGACAGGGGACACTGAAGCTTTCTTTGGACAA"	FALSE	TRUE	NA	NA	NA	NA
"ACATCGGCCCAAAAGAACCCGACAGCTTTCTATCTCTGTGCCAGTAGTCACCTCGTCGGGCCCACAGATACGCAGTATTTTGGCCCA"	"CASSHLVGPTDTQYF"	"ACATCGGCCCAAAAGAACCCGACAGCTTTCTATCTCTGTGCCAGTAGTCACCTCGTCGGGCCCACAGATACGCAGTATTTTGGCCCA"	"CASSHLVGPTDTQYF"	"TCRBV19-1*1"	NA	"TCRBJ2-3*1"	48	57	61	62	9	1	NA	NA	"ACATCGGCCCAAAAGAACCCGACAGCTTTCTATCTCTGTGCCAGTAGTCACCTCGTCGGGCCCACAGATACGCAGTATTTTGGCCCA"	FALSE	TRUE	NA	NA	NA	NA
"GTGAGCACCTTGGAGCTGGGGGACTCGGCCCTTTATCTTTGCGCCAGCAGCTTGGAGGCAGGGTACTACGAGCAGTACTTCGGGCCG"	"CASSLEAGYYEQYF"	"GTGAGCACCTTGGAGCTGGGGGACTCGGCCCTTTATCTTTGCGCCAGCAGCTTGGAGGCAGGGTACTACGAGCAGTACTTCGGGCCG"	"CASSLEAGYYEQYF"	"TCRBV5-1*1"	"TCRBD1-1*1"	"TCRBJ2-7*1"	55	58	63	65	3	2	NA	NA	"GTGAGCACCTTGGAGCTGGGGGACTCGGCCCTTTATCTTTGCGCCAGCAGCTTGGAGGCAGGGTACTACGAGCAGTACTTCGGGCCG"	FALSE	TRUE	NA	NA	NA	NA
"CTGAGCTCTCTGGAGCTGGGGGACTCAGCTTTGTATTTCTGTGCCAGCAGCGTCCGACTAGATAACACTGAAGCTTTCTTTGGACAA"	"CASSVRLDNTEAFF"	"CTGAGCTCTCTGGAGCTGGGGGACTCAGCTTTGTATTTCTGTGCCAGCAGCGTCCGACTAGATAACACTGAAGCTTTCTTTGGACAA"	"CASSVRLDNTEAFF"	"TCRBV9-1*1"	"TCRBD2-1"	"TCRBJ1-1*1"	53	55	61	63	2	2	NA	NA	"CTGAGCTCTCTGGAGCTGGGGGACTCAGCTTTGTATTTCTGTGCCAGCAGCGTCCGACTAGATAACACTGAAGCTTTCTTTGGACAA"	FALSE	TRUE	NA	NA	NA	NA
"GAACGCCTTGGAGCTGGACGACTCGGCCCTGTATCTCTGTGCCAGCAGCCCGACTAGCGGCCATACAATGAGCAGTTCTTCGGGCCA"	""	"GAACGCCTTGGAGCTGGACGACTCGGCCCTGTATCTCTGTGCCAGCAGCCCGACTAGCGGCCATACAATGAGCAGTTCTTCGGGCCA"	""	"TCRBV5-4*1"	"TCRBD2-1"	"TCRBJ2-1*1"	49	51	60	63	2	3	NA	NA	"GAACGCCTTGGAGCTGGACGACTCGGCCCTGTATCTCTGTGCCAGCAGCCCGACTAGCGGCCATACAATGAGCAGTTCTTCGGGCCA"	FALSE	FALSE	NA	NA	NA	NA
"ACTGTGACATCGGCCCAAAAGAACCCGACAGCTTTCTATCTCTGTGCCAGTAGTATCATGACAGGGGGTGGCTACACCTTCGGTTCG"	"CASSIMTGGGYTF"	"ACTGTGACATCGGCCCAAAAGAACCCGACAGCTTTCTATCTCTGTGCCAGTAGTATCATGACAGGGGGTGGCTACACCTTCGGTTCG"	"CASSIMTGGGYTF"	"TCRBV19-1*1"	"TCRBD1-1*1"	"TCRBJ1-2*1"	56	59	-1	68	3	69	NA	NA	"ACTGTGACATCGGCCCAAAAGAACCCGACAGCTTTCTATCTCTGTGCCAGTAGTATCATGACAGGGGGTGGCTACACCTTCGGTTCG"	FALSE	TRUE	NA	NA	NA	NA
"TCACCAGGCCTGGGGGACGCAGCCATGTACCTGTGTGCCACCAGCAAACCATGGACAGGGGGGCGCAATGAGCAGTTCTTCGGGCCA"	"CATSKPWTGGRNEQFF"	"TCACCAGGCCTGGGGGACGCAGCCATGTACCTGTGTGCCACCAGCAAACCATGGACAGGGGGGCGCAATGAGCAGTTCTTCGGGCCA"	"CATSKPWTGGRNEQFF"	"TCRBV15-1*2"	"TCRBD1-1*1"	"TCRBJ2-1*1"	46	52	62	65	6	3	NA	NA	"TCACCAGGCCTGGGGGACGCAGCCATGTACCTGTGTGCCACCAGCAAACCATGGACAGGGGGGCGCAATGAGCAGTTCTTCGGGCCA"	FALSE	TRUE	NA	NA	NA	NA
"GCCCATCCTGAAGACAGCAGCTTCTACATCTGCAGTGCTAGTTGGACTAGCGGGAGTTGGACCACAGATACGCAGTATTTTGGCCCA"	"CSASWTSGSWTTDTQYF"	"GCCCATCCTGAAGACAGCAGCTTCTACATCTGCAGTGCTAGTTGGACTAGCGGGAGTTGGACCACAGATACGCAGTATTTTGGCCCA"	"CSASWTSGSWTTDTQYF"	"TCRBV2-1*4"	"TCRBD2-1*2"	"TCRBJ2-3*1"	42	43	56	62	1	6	NA	NA	"GCCCATCCTGAAGACAGCAGCTTCTACATCTGCAGTGCTAGTTGGACTAGCGGGAGTTGGACCACAGATACGCAGTATTTTGGCCCA"	FALSE	TRUE	NA	NA	NA	NA
"ACAGTGACCAGTGCCCATCCTGAAGACAGCAGCTTCTACATCTGCAGTGCCTGCGCGGGACTAGCCTACGAGCAGTACTTCGGGCCG"	"CSACAGLAYEQYF"	"ACAGTGACCAGTGCCCATCCTGAAGACAGCAGCTTCTACATCTGCAGTGCCTGCGCGGGACTAGCCTACGAGCAGTACTTCGGGCCG"	"CSACAGLAYEQYF"	NA	"TCRBD2-1"	"TCRBJ2-7*1"	50	56	-1	64	6	65	NA	NA	"ACAGTGACCAGTGCCCATCCTGAAGACAGCAGCTTCTACATCTGCAGTGCCTGCGCGGGACTAGCCTACGAGCAGTACTTCGGGCCG"	FALSE	TRUE	NA	NA	NA	NA
"AGGCTGGAGTTGGCTGCTCCCTCCCAGACATCTGTGTACTTCTGTGCCAGCGGACCCCGAGTTAACTATGGCTACACCTTCGGTTCG"	"CASGPRVNYGYTF"	"AGGCTGGAGTTGGCTGCTCCCTCCCAGACATCTGTGTACTTCTGTGCCAGCGGACCCCGAGTTAACTATGGCTACACCTTCGGTTCG"	"CASGPRVNYGYTF"	"TCRBV6-6"	NA	"TCRBJ1-2*1"	-1	51	55	62	52	7	NA	NA	"AGGCTGGAGTTGGCTGCTCCCTCCCAGACATCTGTGTACTTCTGTGCCAGCGGACCCCGAGTTAACTATGGCTACACCTTCGGTTCG"	FALSE	TRUE	NA	NA	NA	NA
"CAGCCTGCAGAGCTTGAGGACTCGGCCGTGTATCTCTGTGCCAGCAGCAGAACGGGCTCTGGGGCCAACGTCCTGACTTTCGGGGCC"	"CASSRTGSGANVLTF"	"CAGCCTGCAGAGCTTGAGGACTCGGCCGTGTATCTCTGTGCCAGCAGCAGAACGGGCTCTGGGGCCAACGTCCTGACTTTCGGGGCC"	"CASSRTGSGANVLTF"	NA	"TCRBD2-1"	"TCRBJ2-6*1"	48	52	-1	56	4	57	NA	NA	"CAGCCTGCAGAGCTTGAGGACTCGGCCGTGTATCTCTGTGCCAGCAGCAGAACGGGCTCTGGGGCCAACGTCCTGACTTTCGGGGCC"	FALSE	TRUE	NA	NA	NA	NA
"ACCAGTGCCCATCCTGAAGACAGCAGCTTCTACATCTGCAGTGCTAGGTCTCCCTTTGCCGGCACAGATACGCAGTATTTTGGCCCA"	"CSARSPFAGTDTQYF"	"ACCAGTGCCCATCCTGAAGACAGCAGCTTCTACATCTGCAGTGCTAGGTCTCCCTTTGCCGGCACAGATACGCAGTATTTTGGCCCA"	"CSARSPFAGTDTQYF"	NA	NA	"TCRBJ2-3*1"	47	57	59	61	10	2	NA	NA	"ACCAGTGCCCATCCTGAAGACAGCAGCTTCTACATCTGCAGTGCTAGGTCTCCCTTTGCCGGCACAGATACGCAGTATTTTGGCCCA"	FALSE	TRUE	NA	NA	NA	NA
"TCTGCTGTACCCTCTCAGACATCTGTGTACTTCTGTGCCAGCAGTGACTCTGAGGCGGGAACCTACAATGAGCAGTTCTTCGGGCCA"	"CASSDSEAGTYNEQFF"	"TCTGCTGTACCCTCTCAGACATCTGTGTACTTCTGTGCCAGCAGTGACTCTGAGGCGGGAACCTACAATGAGCAGTTCTTCGGGCCA"	"CASSDSEAGTYNEQFF"	"TCRBV6-4*1"	"TCRBD2-1*2"	"TCRBJ2-1*1"	50	54	60	61	4	1	NA	NA	"TCTGCTGTACCCTCTCAGACATCTGTGTACTTCTGTGCCAGCAGTGACTCTGAGGCGGGAACCTACAATGAGCAGTTCTTCGGGCCA"	FALSE	TRUE	NA	NA	NA	NA
"CTGAGCTCTCTGGAGCTGGGGGACTCAGCTTTGTATTTCTGTGCCAGCAGCGAGGGGACAGGGCTCTATGGCTACACCTTCGGTTCG"	"CASSEGTGLYGYTF"	"CTGAGCTCTCTGGAGCTGGGGGACTCAGCTTTGTATTTCTGTGCCAGCAGCGAGGGGACAGGGCTCTATGGCTACACCTTCGGTTCG"	"CASSEGTGLYGYTF"	"TCRBV9-1*1"	"TCRBD1-1*1"	"TCRBJ1-2*1"	52	54	63	65	2	2	NA	NA	"CTGAGCTCTCTGGAGCTGGGGGACTCAGCTTTGTATTTCTGTGCCAGCAGCGAGGGGACAGGGCTCTATGGCTACACCTTCGGTTCG"	FALSE	TRUE	NA	NA	NA	NA
"ATCCAGCCCTCAGAACCCAGGGACTCAGCTGTGTACTTCTGTGCCAGCAGTCCGGGACAGGGCGGTCAGCCCCAGCATTTTGGTGAT"	"CASSPGQGGQPQHF"	"ATCCAGCCCTCAGAACCCAGGGACTCAGCTGTGTACTTCTGTGCCAGCAGTCCGGGACAGGGCGGTCAGCCCCAGCATTTTGGTGAT"	"CASSPGQGGQPQHF"	NA	"TCRBD1-1*1"	"TCRBJ1-5*1"	51	53	62	65	2	3	NA	NA	"ATCCAGCCCTCAGAACCCAGGGACTCAGCTGTGTACTTCTGTGCCAGCAGTCCGGGACAGGGCGGTCAGCCCCAGCATTTTGGTGAT"	FALSE	TRUE	NA	NA	NA	NA
"TTGGAGATCCAGTCCACGGAGTCAGGGGACACAGCACTGTATTTCTGTGCCAGCAGCAAAGAAGGACAGGGCCAGTACTTCGGGCCG"	"CASSKEGQGQYF"	"TTGGAGATCCAGTCCACGGAGTCAGGGGACACAGCACTGTATTTCTGTGCCAGCAGCAAAGAAGGACAGGGCCAGTACTTCGGGCCG"	"CASSKEGQGQYF"	"TCRBV21-1*1"	"TCRBD1-1*1"	"TCRBJ2-7*1"	61	63	71	72	2	1	NA	NA	"TTGGAGATCCAGTCCACGGAGTCAGGGGACACAGCACTGTATTTCTGTGCCAGCAGCAAAGAAGGACAGGGCCAGTACTTCGGGCCG"	FALSE	TRUE	NA	NA	NA	NA
"CAGCCCTCAGAACCCAGGGACTCAGCTGTGTACTTCTGTGCCAGCTCCTTTCGGGGACAGGGGTCAGATACGCAGTATTTTGGCCCA"	"CASSFRGQGSDTQYF"	"CAGCCCTCAGAACCCAGGGACTCAGCTGTGTACTTCTGTGCCAGCTCCTTTCGGGGACAGGGGTCAGATACGCAGTATTTTGGCCCA"	"CASSFRGQGSDTQYF"	NA	"TCRBD1-1*1"	"TCRBJ2-3*1"	45	53	63	64	8	1	NA	NA	"CAGCCCTCAGAACCCAGGGACTCAGCTGTGTACTTCTGTGCCAGCTCCTTTCGGGGACAGGGGTCAGATACGCAGTATTTTGGCCCA"	FALSE	TRUE	NA	NA	NA	NA
"ATCAATTCCCTGGAGCTTGGTGACTCTGCTGTGTATTTCTGTGCCAGCAGCCACGCGGCCGGAGGGACTGAAGCTTTCTTTGGACAA"	"CASSHAAGGTEAFF"	"ATCAATTCCCTGGAGCTTGGTGACTCTGCTGTGTATTTCTGTGCCAGCAGCCACGCGGCCGGAGGGACTGAAGCTTTCTTTGGACAA"	"CASSHAAGGTEAFF"	"TCRBV3-1/3-2*1"	"TCRBD2-1*2"	"TCRBJ1-1*1"	53	60	-1	66	7	67	NA	NA	"ATCAATTCCCTGGAGCTTGGTGACTCTGCTGTGTATTTCTGTGCCAGCAGCCACGCGGCCGGAGGGACTGAAGCTTTCTTTGGACAA"	FALSE	TRUE	NA	NA	NA	NA
"ATCCAGCCCTCAGAACCCAGGGACTCAGCTGTGTACTTCTGTGCCAGCAGTTTACGTGGAATCACCGGGGAGCTGTTTTTTGGAGAA"	"CASSLRGITGELFF"	"ATCCAGCCCTCAGAACCCAGGGACTCAGCTGTGTACTTCTGTGCCAGCAGTTTACGTGGAATCACCGGGGAGCTGTTTTTTGGAGAA"	"CASSLRGITGELFF"	NA	NA	"TCRBJ2-2*1"	54	57	60	62	3	2	NA	NA	"ATCCAGCCCTCAGAACCCAGGGACTCAGCTGTGTACTTCTGTGCCAGCAGTTTACGTGGAATCACCGGGGAGCTGTTTTTTGGAGAA"	FALSE	TRUE	NA	NA	NA	NA
"ACTCTGACAGTGACCAGTGCCCATCCTGAAGACAGCAGCTTCTACATCTGCAGTGCTACTAGAAACGGGGAGCTGTTTTTTGGAGAA"	"CSATRNGELFF"	"ACTCTGACAGTGACCAGTGCCCATCCTGAAGACAGCAGCTTCTACATCTGCAGTGCTACTAGAAACGGGGAGCTGTTTTTTGGAGAA"	"CSATRNGELFF"	"TCRBV2-1"	"TCRBD2-1"	"TCRBJ2-2*1"	-1	58	62	65	59	3	NA	NA	"ACTCTGACAGTGACCAGTGCCCATCCTGAAGACAGCAGCTTCTACATCTGCAGTGCTACTAGAAACGGGGAGCTGTTTTTTGGAGAA"	FALSE	TRUE	NA	NA	NA	NA
"ACTGTGAGCAACATGAGCCCTGAAGACAGCAGCATATATCTCTGCAGCGTTGCGGGAGTACTTCAAGAGACCCAGTACTTCGGGCCA"	"CSVAGVLQETQYF"	"ACTGTGAGCAACATGAGCCCTGAAGACAGCAGCATATATCTCTGCAGCGTTGCGGGAGTACTTCAAGAGACCCAGTACTTCGGGCCA"	"CSVAGVLQETQYF"	"TCRBV29-1"	"TCRBD2-1*2"	"TCRBJ2-5*1"	-1	52	58	63	53	5	NA	NA	"ACTGTGAGCAACATGAGCCCTGAAGACAGCAGCATATATCTCTGCAGCGTTGCGGGAGTACTTCAAGAGACCCAGTACTTCGGGCCA"	FALSE	TRUE	NA	NA	NA	NA
"AGTGCCCATCCTGAAGACAGCAGCTTCTACATCTGCAGTGCTAGAGATTGGTGGGGAACGAACACCGGGGAGCTGTTTTTTGGAGAA"	"CSARDWWGTNTGELFF"	"AGTGCCCATCCTGAAGACAGCAGCTTCTACATCTGCAGTGCTAGAGATTGGTGGGGAACGAACACCGGGGAGCTGTTTTTTGGAGAA"	"CSARDWWGTNTGELFF"	NA	NA	"TCRBJ2-2*1"	47	53	57	58	6	1	NA	NA	"AGTGCCCATCCTGAAGACAGCAGCTTCTACATCTGCAGTGCTAGAGATTGGTGGGGAACGAACACCGGGGAGCTGTTTTTTGGAGAA"	FALSE	TRUE	NA	NA	NA	NA
"CAGCGCACAGAGCAGCGGGACTCGGCCATGTATCGCTGTGCCAGCAGCTTTATGGAACAGGGATTCGGGGAGCTGTTTTTTGGAGAA"	"CASSFMEQGFGELFF"	"CAGCGCACAGAGCAGCGGGACTCGGCCATGTATCGCTGTGCCAGCAGCTTTATGGAACAGGGATTCGGGGAGCTGTTTTTTGGAGAA"	"CASSFMEQGFGELFF"	"TCRBV7-6*1"	"TCRBD1-1*1"	"TCRBJ2-2*1"	50	56	62	65	6	3	NA	NA	"CAGCGCACAGAGCAGCGGGACTCGGCCATGTATCGCTGTGCCAGCAGCTTTATGGAACAGGGATTCGGGGAGCTGTTTTTTGGAGAA"	FALSE	TRUE	NA	NA	NA	NA
"NNNNNNNTGTCGGCTGCTCCCTCCCAGACATCTGTGTACTTCTGTGCCAGCAGAGGGACAGACCACTATGGCTACACCTTCGGTTCG"	"CASRGTDHYGYTF"	"NNNNNNNTGTCGGCTGCTCCCTCCCAGACATCTGTGTACTTCTGTGCCAGCAGAGGGACAGACCACTATGGCTACACCTTCGGTTCG"	"CASRGTDHYGYTF"	"TCRBV6-5*1"	"TCRBD1-1*1"	"TCRBJ1-2*1"	53	54	61	64	1	3	NA	NA	"NNNNNNNTGTCGGCTGCTCCCTCCCAGACATCTGTGTACTTCTGTGCCAGCAGAGGGACAGACCACTATGGCTACACCTTCGGTTCG"	FALSE	TRUE	NA	NA	NA	NA
"CAGCCTGCAGAACTGGAGGATTCTGGAGTTTATTTCTGTGCCAGCAGCCAAGATATTGGAGACTATTCACCCCTCCACTTTGGGAAT"	"CASSQDIGDYSPLHF"	"CAGCCTGCAGAACTGGAGGATTCTGGAGTTTATTTCTGTGCCAGCAGCCAAGATATTGGAGACTATTCACCCCTCCACTTTGGGAAT"	"CASSQDIGDYSPLHF"	"TCRBV14-1*1"	"TCRBD2-1"	"TCRBJ1-6*1"	53	60	-1	64	7	65	NA	NA	"CAGCCTGCAGAACTGGAGGATTCTGGAGTTTATTTCTGTGCCAGCAGCCAAGATATTGGAGACTATTCACCCCTCCACTTTGGGAAT"	FALSE	TRUE	NA	NA	NA	NA
"NNNNTGTCGGCTGCTCCCTCCCAGACATCTGTGTACTTCTGTGCCAGCAGCTTTGGACCCCAAATAGGTGGGCAGTATTTTGGCCCA"	"CASSFGPQIGGQYF"	"NNNNTGTCGGCTGCTCCCTCCCAGACATCTGTGTACTTCTGTGCCAGCAGCTTTGGACCCCAAATAGGTGGGCAGTATTTTGGCCCA"	"CASSFGPQIGGQYF"	"TCRBV6-5*1"	NA	"TCRBJ2-3*1"	50	54	58	71	4	13	NA	NA	"NNNNTGTCGGCTGCTCCCTCCCAGACATCTGTGTACTTCTGTGCCAGCAGCTTTGGACCCCAAATAGGTGGGCAGTATTTTGGCCCA"	FALSE	TRUE	NA	NA	NA	NA
"CAGCGCACAGAGCAGGGGGACTCGGCCATGTATCTCTGTGCCAGCAGTAACAGGGGGCATCGAGACAATGAGCAGTTCTTCGGGCCA"	"CASSNRGHRDNEQFF"	"CAGCGCACAGAGCAGGGGGACTCGGCCATGTATCTCTGTGCCAGCAGTAACAGGGGGCATCGAGACAATGAGCAGTTCTTCGGGCCA"	"CASSNRGHRDNEQFF"	"TCRBV7-9*1"	"TCRBD1-1*1"	"TCRBJ2-1*1"	47	49	58	64	2	6	NA	NA	"CAGCGCACAGAGCAGGGGGACTCGGCCATGTATCTCTGTGCCAGCAGTAACAGGGGGCATCGAGACAATGAGCAGTTCTTCGGGCCA"	FALSE	TRUE	NA	NA	NA	NA
"GTGACCAGTGCCCATCCTGAAGACAGCAGCTTCTACATCTGCAGTGCTAGGGCCGGGACTAGTGAAGAGACCCAGTACTTCGGGCCA"	"CSARAGTSEETQYF"	"GTGACCAGTGCCCATCCTGAAGACAGCAGCTTCTACATCTGCAGTGCTAGGGCCGGGACTAGTGAAGAGACCCAGTACTTCGGGCCA"	"CSARAGTSEETQYF"	NA	"TCRBD2-1"	"TCRBJ2-5*1"	50	54	62	64	4	2	NA	NA	"GTGACCAGTGCCCATCCTGAAGACAGCAGCTTCTACATCTGCAGTGCTAGGGCCGGGACTAGTGAAGAGACCCAGTACTTCGGGCCA"	FALSE	TRUE	NA	NA	NA	NA
"CTGGAGTCCGCCAGCACCAACCAGACATCTATGTACCTCTGTGCCAGCAGTTCTATCGGGAGCAATCAGCCCCAGCATTTTGGTGAT"	"CASSSIGSNQPQHF"	"CTGGAGTCCGCCAGCACCAACCAGACATCTATGTACCTCTGTGCCAGCAGTTCTATCGGGAGCAATCAGCCCCAGCATTTTGGTGAT"	"CASSSIGSNQPQHF"	"TCRBV28-1*1"	"TCRBD2-1"	"TCRBJ1-5*1"	52	56	-1	60	4	61	NA	NA	"CTGGAGTCCGCCAGCACCAACCAGACATCTATGTACCTCTGTGCCAGCAGTTCTATCGGGAGCAATCAGCCCCAGCATTTTGGTGAT"	FALSE	TRUE	NA	NA	NA	NA
"CTCTCAAGATCCAGCCTGCAGAGCTTGGGGACTCGGCCGTGTATCTCTGTGCCAGCAGCCCCCGACCCATGGCAGTACTTCGGGCCG"	""	"CTCTCAAGATCCAGCCTGCAGAGCTTGGGGACTCGGCCGTGTATCTCTGTGCCAGCAGCCCCCGACCCATGGCAGTACTTCGGGCCG"	""	"TCRBV11-3*1"	NA	"TCRBJ2-7*1"	59	63	66	71	4	5	NA	NA	"CTCTCAAGATCCAGCCTGCAGAGCTTGGGGACTCGGCCGTGTATCTCTGTGCCAGCAGCCCCCGACCCATGGCAGTACTTCGGGCCG"	FALSE	FALSE	NA	NA	NA	NA
"AATGTGAGCACCTTGGAGCTGGGGGACTCGGCCCTTTATCTTTGCGCCAGCAGCTTGGATGGGAATTCACCCCTCCACTTTGGGAAT"	"CASSLDGNSPLHF"	"AATGTGAGCACCTTGGAGCTGGGGGACTCGGCCCTTTATCTTTGCGCCAGCAGCTTGGATGGGAATTCACCCCTCCACTTTGGGAAT"	"CASSLDGNSPLHF"	"TCRBV5-1*1"	NA	"TCRBJ1-6*1"	58	60	-1	63	2	64	NA	NA	"AATGTGAGCACCTTGGAGCTGGGGGACTCGGCCCTTTATCTTTGCGCCAGCAGCTTGGATGGGAATTCACCCCTCCACTTTGGGAAT"	FALSE	TRUE	NA	NA	NA	NA
"GAATGTGAGCACCTTGGAGCTGGGGGACTCGGCCCTTTATCTTTGCGCCAGCAGCTTGGGCAATCCAATGGCTACACCTTCGGTTCG"	""	"GAATGTGAGCACCTTGGAGCTGGGGGACTCGGCCCTTTATCTTTGCGCCAGCAGCTTGGGCAATCCAATGGCTACACCTTCGGTTCG"	""	"TCRBV5-1*1"	NA	"TCRBJ1-2*1"	59	60	62	67	1	5	NA	NA	"GAATGTGAGCACCTTGGAGCTGGGGGACTCGGCCCTTTATCTTTGCGCCAGCAGCTTGGGCAATCCAATGGCTACACCTTCGGTTCG"	FALSE	FALSE	NA	NA	NA	NA
"CTCAGGCTGGAGTTGGCTGCTCCCTCCCAGACATCTGTGTACTTCTGTGCCACCAACAGGGTTTCGGGCGGCTACACCTTCGGTTCG"	"CATNRVSGGYTF"	"CTCAGGCTGGAGTTGGCTGCTCCCTCCCAGACATCTGTGTACTTCTGTGCCACCAACAGGGTTTCGGGCGGCTACACCTTCGGTTCG"	"CATNRVSGGYTF"	"TCRBV6-6"	"TCRBD1-1*1"	"TCRBJ1-2*1"	52	55	61	69	3	8	NA	NA	"CTCAGGCTGGAGTTGGCTGCTCCCTCCCAGACATCTGTGTACTTCTGTGCCACCAACAGGGTTTCGGGCGGCTACACCTTCGGTTCG"	FALSE	TRUE	NA	NA	NA	NA
"CTGACGATCCAGCGCACAGAGCAGGGGGACTCGGCCATGTATCTCTGTGCCAGCAGCCCCTTTCCGTTTACGATATATTTTGGAGAG"	"CASSPFPFTIYF"	"CTGACGATCCAGCGCACAGAGCAGGGGGACTCGGCCATGTATCTCTGTGCCAGCAGCCCCTTTCCGTTTACGATATATTTTGGAGAG"	"CASSPFPFTIYF"	"TCRBV7-9*1"	NA	"TCRBJ1-3*1"	57	69	71	72	12	1	NA	NA	"CTGACGATCCAGCGCACAGAGCAGGGGGACTCGGCCATGTATCTCTGTGCCAGCAGCCCCTTTCCGTTTACGATATATTTTGGAGAG"	FALSE	TRUE	NA	NA	NA	NA
"TCTGCCATCCCCAACCAGACAGCTCTTTACTTCTGTGCCACCAGTGAAAATAGCGGGGTCTCCTACAATGAGCAGTTCTTCGGGCCA"	"CATSENSGVSYNEQFF"	"TCTGCCATCCCCAACCAGACAGCTCTTTACTTCTGTGCCACCAGTGAAAATAGCGGGGTCTCCTACAATGAGCAGTTCTTCGGGCCA"	"CATSENSGVSYNEQFF"	"TCRBV24-1*1"	"TCRBD2-1*1"	"TCRBJ2-1*1"	47	50	58	59	3	1	NA	NA	"TCTGCCATCCCCAACCAGACAGCTCTTTACTTCTGTGCCACCAGTGAAAATAGCGGGGTCTCCTACAATGAGCAGTTCTTCGGGCCA"	FALSE	TRUE	NA	NA	NA	NA
"CCTGCAGCCAGAAGACTCAGCCCTGTATCTCTGCGCCAGCAGCGTCTACTCGCCGGGAATAGAAACTATGGCTACACCTTCGGTTCG"	""	"CCTGCAGCCAGAAGACTCAGCCCTGTATCTCTGCGCCAGCAGCGTCTACTCGCCGGGAATAGAAACTATGGCTACACCTTCGGTTCG"	""	"TCRBV4-1*1"	"TCRBD2-1*2"	"TCRBJ1-2*1"	43	53	58	63	10	5	NA	NA	"CCTGCAGCCAGAAGACTCAGCCCTGTATCTCTGCGCCAGCAGCGTCTACTCGCCGGGAATAGAAACTATGGCTACACCTTCGGTTCG"	FALSE	FALSE	NA	NA	NA	NA
"CTAGAGTCTGCCATCCCCAACCAGACAGCTCTTTACTTCTGTGCCACCAGTGAGGCAGGTGGTTGGGGTGAGCAGTTCTTCGGGCCA"	"CATSEAGGWGEQFF"	"CTAGAGTCTGCCATCCCCAACCAGACAGCTCTTTACTTCTGTGCCACCAGTGAGGCAGGTGGTTGGGGTGAGCAGTTCTTCGGGCCA"	"CATSEAGGWGEQFF"	"TCRBV24-1*1"	NA	"TCRBJ2-1*1"	53	55	59	68	2	9	NA	NA	"CTAGAGTCTGCCATCCCCAACCAGACAGCTCTTTACTTCTGTGCCACCAGTGAGGCAGGTGGTTGGGGTGAGCAGTTCTTCGGGCCA"	FALSE	TRUE	NA	NA	NA	NA
"CTGGAGTCGCCCAGCCCCAACCAGACCTCTCTGTACTTCTGTGCCAGCAGTCCCAGGTTAGCGGGGAATGAGCAGTTCTTCGGGCCA"	"CASSPRLAGNEQFF"	"CTGGAGTCGCCCAGCCCCAACCAGACCTCTCTGTACTTCTGTGCCAGCAGTCCCAGGTTAGCGGGGAATGAGCAGTTCTTCGGGCCA"	"CASSPRLAGNEQFF"	"TCRBV27-1*1"	"TCRBD2-1*1"	"TCRBJ2-1*1"	51	58	-1	66	7	67	NA	NA	"CTGGAGTCGCCCAGCCCCAACCAGACCTCTCTGTACTTCTGTGCCAGCAGTCCCAGGTTAGCGGGGAATGAGCAGTTCTTCGGGCCA"	FALSE	TRUE	NA	NA	NA	NA
"CTGACAGTGACCAGTGCCCATCCTGAAGACAGCAGCTTCTACATCTGCAGTGCTAGTTGACAAGAAGAGACCCAGTACTTCGGGCCA"	"CSAS*QEETQYF"	"CTGACAGTGACCAGTGCCCATCCTGAAGACAGCAGCTTCTACATCTGCAGTGCTAGTTGACAAGAAGAGACCCAGTACTTCGGGCCA"	"CSAS*QEETQYF"	"TCRBV2-1*4"	"TCRBD1-1*1"	"TCRBJ2-5*1"	57	58	62	64	1	2	NA	NA	"CTGACAGTGACCAGTGCCCATCCTGAAGACAGCAGCTTCTACATCTGCAGTGCTAGTTGACAAGAAGAGACCCAGTACTTCGGGCCA"	FALSE	TRUE	NA	NA	NA	NA
"ATCCAGCGCACAGAGCGGGGGGACTCAGCCGTGTATCTCTGTGCCAGCAGCCGCGGGGACCCCGGCACTGAAGCTTTCTTTGGACAA"	"CASSRGDPGTEAFF"	"ATCCAGCGCACAGAGCGGGGGGACTCAGCCGTGTATCTCTGTGCCAGCAGCCGCGGGGACCCCGGCACTGAAGCTTTCTTTGGACAA"	"CASSRGDPGTEAFF"	"TCRBV7-3*1"	"TCRBD2-1*1"	"TCRBJ1-1*1"	51	52	58	65	1	7	NA	NA	"ATCCAGCGCACAGAGCGGGGGGACTCAGCCGTGTATCTCTGTGCCAGCAGCCGCGGGGACCCCGGCACTGAAGCTTTCTTTGGACAA"	FALSE	TRUE	NA	NA	NA	NA
"CCTGCAGAGCTTGGGGACTCGGCCATGTATCTCTGTGCCAGCAGCTCGGGACTAGCGGGAATGACAGATACGCAGTATTTTGGCCCA"	"CASSSGLAGMTDTQYF"	"CCTGCAGAGCTTGGGGACTCGGCCATGTATCTCTGTGCCAGCAGCTCGGGACTAGCGGGAATGACAGATACGCAGTATTTTGGCCCA"	"CASSSGLAGMTDTQYF"	"TCRBV11-1*1"	"TCRBD2-1*2"	"TCRBJ2-3*1"	46	47	60	63	1	3	NA	NA	"CCTGCAGAGCTTGGGGACTCGGCCATGTATCTCTGTGCCAGCAGCTCGGGACTAGCGGGAATGACAGATACGCAGTATTTTGGCCCA"	FALSE	TRUE	NA	NA	NA	NA
"GAGTCGCCCAGCCCCAACCAGACCTCTCTGTACTTCTGTGCCAGCAGTTTATTTTCCGGGTTCCAAGAGACCCAGTACTTCGGGCCA"	"CASSLFSGFQETQYF"	"GAGTCGCCCAGCCCCAACCAGACCTCTCTGTACTTCTGTGCCAGCAGTTTATTTTCCGGGTTCCAAGAGACCCAGTACTTCGGGCCA"	"CASSLFSGFQETQYF"	"TCRBV27-1*1"	"TCRBD2-1"	"TCRBJ2-5*1"	52	56	60	62	4	2	NA	NA	"GAGTCGCCCAGCCCCAACCAGACCTCTCTGTACTTCTGTGCCAGCAGTTTATTTTCCGGGTTCCAAGAGACCCAGTACTTCGGGCCA"	FALSE	TRUE	NA	NA	NA	NA
"CGCACAGAGCGGGGGGACTCAGCCGTGTATCTCTGTGCCAGCAGCTTACGCCGGGACTAGCGGGCAGATACGCAGTATTTTGGCCCA"	"CASSLRRD*RADTQYF"	"CGCACAGAGCGGGGGGACTCAGCCGTGTATCTCTGTGCCAGCAGCTTACGCCGGGACTAGCGGGCAGATACGCAGTATTTTGGCCCA"	"CASSLRRD*RADTQYF"	"TCRBV7-3*1"	"TCRBD2-1"	"TCRBJ2-3*1"	48	52	-1	64	4	65	NA	NA	"CGCACAGAGCGGGGGGACTCAGCCGTGTATCTCTGTGCCAGCAGCTTACGCCGGGACTAGCGGGCAGATACGCAGTATTTTGGCCCA"	FALSE	TRUE	NA	NA	NA	NA
"AGCTCTCTGGAGCTGGGGGACTCAGCTTTGTATTTCTGTGCCAGCAGCGTAGAACTAGCGGCCTACAATGAGCAGTTCTTCGGGCCA"	"CASSVELAAYNEQFF"	"AGCTCTCTGGAGCTGGGGGACTCAGCTTTGTATTTCTGTGCCAGCAGCGTAGAACTAGCGGCCTACAATGAGCAGTTCTTCGGGCCA"	"CASSVELAAYNEQFF"	"TCRBV9-1*1"	"TCRBD2-1"	"TCRBJ2-1*1"	52	53	-1	61	1	62	NA	NA	"AGCTCTCTGGAGCTGGGGGACTCAGCTTTGTATTTCTGTGCCAGCAGCGTAGAACTAGCGGCCTACAATGAGCAGTTCTTCGGGCCA"	FALSE	TRUE	NA	NA	NA	NA
"ACCAGTGCCCATCCTGAAGACAGCAGCTTCTACATCTGCAGTGCTAGAGATCCGGGACAGGGGGGTTATGGCTACACCTTCGGTTCG"	"CSARDPGQGGYGYTF"	"ACCAGTGCCCATCCTGAAGACAGCAGCTTCTACATCTGCAGTGCTAGAGATCCGGGACAGGGGGGTTATGGCTACACCTTCGGTTCG"	"CSARDPGQGGYGYTF"	NA	"TCRBD1-1*1"	"TCRBJ1-2*1"	50	53	64	66	3	2	NA	NA	"ACCAGTGCCCATCCTGAAGACAGCAGCTTCTACATCTGCAGTGCTAGAGATCCGGGACAGGGGGGTTATGGCTACACCTTCGGTTCG"	FALSE	TRUE	NA	NA	NA	NA
"CTTGAGGACTCGGCCGTGTATCTCTGTGCCAGCAGCCCTAGTGGGAGGGGGCCTAAGGTGGCTAATGAAAAACTGTTTTTTGGCAGT"	"CASSPSGRGPKVANEKLFF"	"CTTGAGGACTCGGCCGTGTATCTCTGTGCCAGCAGCCCTAGTGGGAGGGGGCCTAAGGTGGCTAATGAAAAACTGTTTTTTGGCAGT"	"CASSPSGRGPKVANEKLFF"	"TCRBV11-2"	NA	"TCRBJ1-4*1"	36	45	52	61	9	9	NA	NA	"CTTGAGGACTCGGCCGTGTATCTCTGTGCCAGCAGCCCTAGTGGGAGGGGGCCTAAGGTGGCTAATGAAAAACTGTTTTTTGGCAGT"	FALSE	TRUE	NA	NA	NA	NA
"GCCATCCCCAACCAGACAGCTCTTTACTTCTGTGCCACCAGTGACCTTGGACAGGGAGCGTACCAAGAGACCCAGTACTTCGGGCCA"	"CATSDLGQGAYQETQYF"	"GCCATCCCCAACCAGACAGCTCTTTACTTCTGTGCCACCAGTGACCTTGGACAGGGAGCGTACCAAGAGACCCAGTACTTCGGGCCA"	"CATSDLGQGAYQETQYF"	"TCRBV24-1*1"	"TCRBD1-1*1"	"TCRBJ2-5*1"	44	48	56	61	4	5	NA	NA	"GCCATCCCCAACCAGACAGCTCTTTACTTCTGTGCCACCAGTGACCTTGGACAGGGAGCGTACCAAGAGACCCAGTACTTCGGGCCA"	FALSE	TRUE	NA	NA	NA	NA
"CAGCCTGCAGAGCAGGGGGACTCGGCCGTGTATGTCTGTGCAAGTCGCTTAATCCCCCGTTGAACCTACGAGCAGTACTTCGGGCCG"	"CASRLIPR*TYEQYF"	"CAGCCTGCAGAGCAGGGGGACTCGGCCGTGTATGTCTGTGCAAGTCGCTTAATCCCCCGTTGAACCTACGAGCAGTACTTCGGGCCG"	"CASRLIPR*TYEQYF"	"TCRBV12-2*1"	NA	"TCRBJ2-7*1"	51	61	63	64	10	1	NA	NA	"CAGCCTGCAGAGCAGGGGGACTCGGCCGTGTATGTCTGTGCAAGTCGCTTAATCCCCCGTTGAACCTACGAGCAGTACTTCGGGCCG"	FALSE	TRUE	NA	NA	NA	NA
"TCCGCTACCAGCTCCCAGACATCTGTGTACTTCTGTGCCATCAGTGAGTCTAGCGGGAGAGACACCTACGAGCAGTACTTCGGGCCG"	"CAISESSGRDTYEQYF"	"TCCGCTACCAGCTCCCAGACATCTGTGTACTTCTGTGCCATCAGTGAGTCTAGCGGGAGAGACACCTACGAGCAGTACTTCGGGCCG"	"CAISESSGRDTYEQYF"	"TCRBV1-3*1"	"TCRBD2-1*2"	"TCRBJ2-7*1"	-1	50	59	64	51	5	NA	NA	"TCCGCTACCAGCTCCCAGACATCTGTGTACTTCTGTGCCATCAGTGAGTCTAGCGGGAGAGACACCTACGAGCAGTACTTCGGGCCG"	FALSE	TRUE	NA	NA	NA	NA
"CTGAAGATCCAGCGCACACAGCAGGAGGACTCCGCCGTGTATCTCTGTGCCAGCAGCTTAGCTCCATCCCGGCCGTTCTTCGGGCCA"	"CASSLAPSRPFF"	"CTGAAGATCCAGCGCACACAGCAGGAGGACTCCGCCGTGTATCTCTGTGCCAGCAGCTTAGCTCCATCCCGGCCGTTCTTCGGGCCA"	"CASSLAPSRPFF"	"TCRBV7-8*1"	NA	"TCRBJ2-1*1"	62	70	73	74	8	1	NA	NA	"CTGAAGATCCAGCGCACACAGCAGGAGGACTCCGCCGTGTATCTCTGTGCCAGCAGCTTAGCTCCATCCCGGCCGTTCTTCGGGCCA"	FALSE	TRUE	NA	NA	NA	NA
"GCCCATCCTGAAGACAGCAGCTTCTACATCTGCAGTGCTAGGACTAGCGGGACTTCCAACTCCTACAATGAGCAGTTCTTCGGGCCA"	"CSARTSGTSNSYNEQFF"	"GCCCATCCTGAAGACAGCAGCTTCTACATCTGCAGTGCTAGGACTAGCGGGACTTCCAACTCCTACAATGAGCAGTTCTTCGGGCCA"	"CSARTSGTSNSYNEQFF"	NA	"TCRBD2-1*2"	"TCRBJ2-1*1"	-1	41	52	59	42	7	NA	NA	"GCCCATCCTGAAGACAGCAGCTTCTACATCTGCAGTGCTAGGACTAGCGGGACTTCCAACTCCTACAATGAGCAGTTCTTCGGGCCA"	FALSE	TRUE	NA	NA	NA	NA
"CAGCGCACAGAGCAGGGGGACTCGGCCATGTATCTCTGTGCCAGCAGCCACCGGACTAGCGGGAGCGGTGAGCAGTTCTTCGGGCCA"	"CASSHRTSGSGEQFF"	"CAGCGCACAGAGCAGGGGGACTCGGCCATGTATCTCTGTGCCAGCAGCCACCGGACTAGCGGGAGCGGTGAGCAGTTCTTCGGGCCA"	"CASSHRTSGSGEQFF"	"TCRBV7-9*1"	"TCRBD2-1*2"	"TCRBJ2-1*1"	48	52	65	68	4	3	NA	NA	"CAGCGCACAGAGCAGGGGGACTCGGCCATGTATCTCTGTGCCAGCAGCCACCGGACTAGCGGGAGCGGTGAGCAGTTCTTCGGGCCA"	FALSE	TRUE	NA	NA	NA	NA
"TCGCCCAGCCCCAACCAGACCTCTCTGTACTTCTGTGCCAGCAGTCGGGACAGGGCTCCTGTTAGGGATGAGCAGTTCTTCGGGCCA"	"CASSRDRAPVRDEQFF"	"TCGCCCAGCCCCAACCAGACCTCTCTGTACTTCTGTGCCAGCAGTCGGGACAGGGCTCCTGTTAGGGATGAGCAGTTCTTCGGGCCA"	"CASSRDRAPVRDEQFF"	"TCRBV27-1*1"	"TCRBD1-1*1"	"TCRBJ2-1*1"	45	46	55	67	1	12	NA	NA	"TCGCCCAGCCCCAACCAGACCTCTCTGTACTTCTGTGCCAGCAGTCGGGACAGGGCTCCTGTTAGGGATGAGCAGTTCTTCGGGCCA"	FALSE	TRUE	NA	NA	NA	NA
"ATCCAGCCTGCAGAGCTTGGGGACTCGGCCGTGTATCTCTGTGCCAGCAGCTTAGAGGGGAACACCGGGGAGCTGTTTTTTGGAGAA"	"CASSLEGNTGELFF"	"ATCCAGCCTGCAGAGCTTGGGGACTCGGCCGTGTATCTCTGTGCCAGCAGCTTAGAGGGGAACACCGGGGAGCTGTTTTTTGGAGAA"	"CASSLEGNTGELFF"	"TCRBV11-3*1"	NA	"TCRBJ2-2*1"	-1	56	-1	59	57	60	NA	NA	"ATCCAGCCTGCAGAGCTTGGGGACTCGGCCGTGTATCTCTGTGCCAGCAGCTTAGAGGGGAACACCGGGGAGCTGTTTTTTGGAGAA"	FALSE	TRUE	NA	NA	NA	NA
"NNNNNNNNNNNNNNNNNNTGTCGGCTGCTCCCTCCCAAACATCTGTGTACTCCAGGGAGCCTGCACGAGACCCAGTACTTCGGGCCA"	""	"NNNNNNNNNNNNNNNNNNTGTCGGCTGCTCCCTCCCAAACATCTGTGTACTCCAGGGAGCCTGCACGAGACCCAGTACTTCGGGCCA"	""	NA	NA	"TCRBJ2-5*1"	51	52	57	66	1	9	NA	NA	"NNNNNNNNNNNNNNNNNNTGTCGGCTGCTCCCTCCCAAACATCTGTGTACTCCAGGGAGCCTGCACGAGACCCAGTACTTCGGGCCA"	FALSE	FALSE	NA	NA	NA	NA
"TGCTGCCTCCTCCCAGACATCTGTATATTTCTGCGCCAGCAGACCCATAGACAGGGCCCGAACACCGGGGAGCTGTTTTTTGGAGAA"	""	"TGCTGCCTCCTCCCAGACATCTGTATATTTCTGCGCCAGCAGACCCATAGACAGGGCCCGAACACCGGGGAGCTGTTTTTTGGAGAA"	""	"TCRBV1-1"	"TCRBD1-1*1"	"TCRBJ2-2*1"	42	49	56	58	7	2	NA	NA	"TGCTGCCTCCTCCCAGACATCTGTATATTTCTGCGCCAGCAGACCCATAGACAGGGCCCGAACACCGGGGAGCTGTTTTTTGGAGAA"	FALSE	FALSE	NA	NA	NA	NA
"CTGAAGATCCAGCGCACAGAGCGGGGGGACTCAGCCGTGTATCTCTGTGCCAGCAGCTCGAACACCGGGGAGCTGTTTTTTGGAGAA"	"CASSSNTGELFF"	"CTGAAGATCCAGCGCACAGAGCGGGGGGACTCAGCCGTGTATCTCTGTGCCAGCAGCTCGAACACCGGGGAGCTGTTTTTTGGAGAA"	"CASSSNTGELFF"	"TCRBV7-3*1"	NA	"TCRBJ2-2*1"	-1	-1	-1	58	0	59	NA	NA	"CTGAAGATCCAGCGCACAGAGCGGGGGGACTCAGCCGTGTATCTCTGTGCCAGCAGCTCGAACACCGGGGAGCTGTTTTTTGGAGAA"	FALSE	TRUE	NA	NA	NA	NA
"CTGAGGATCCAGCAGGTAGTGCGAGGAGATTCGGCAGCTTATTTCTGTGCCAGCTCACAAGAAAACTATGGCTACACCTTCGGTTCG"	"CASSQENYGYTF"	"CTGAGGATCCAGCAGGTAGTGCGAGGAGATTCGGCAGCTTATTTCTGTGCCAGCTCACAAGAAAACTATGGCTACACCTTCGGTTCG"	"CASSQENYGYTF"	"TCRBV18-1*1"	NA	"TCRBJ1-2*1"	58	60	62	63	2	1	NA	NA	"CTGAGGATCCAGCAGGTAGTGCGAGGAGATTCGGCAGCTTATTTCTGTGCCAGCTCACAAGAAAACTATGGCTACACCTTCGGTTCG"	FALSE	TRUE	NA	NA	NA	NA
"ACGATCCAGCGCACAGAGCAGCGGGACTCAGCCATGTATCGCTGTGCTAGCAGCCGGGACCCATCGGCCGAGCAGTACTTCGGGCCG"	"CASSRDPSAEQYF"	"ACGATCCAGCGCACAGAGCAGCGGGACTCAGCCATGTATCGCTGTGCTAGCAGCCGGGACCCATCGGCCGAGCAGTACTTCGGGCCG"	"CASSRDPSAEQYF"	NA	NA	"TCRBJ2-7*1"	54	55	60	68	1	8	NA	NA	"ACGATCCAGCGCACAGAGCAGCGGGACTCAGCCATGTATCGCTGTGCTAGCAGCCGGGACCCATCGGCCGAGCAGTACTTCGGGCCG"	FALSE	TRUE	NA	NA	NA	NA
"CACAGAGCGGGGGGACTCAGCCGTGTATCTCTGTGCCAGCAGCTTTTTTTGACAGGTGGATTCGATCAGCCCCAGCATTTTGGTGAT"	""	"CACAGAGCGGGGGGACTCAGCCGTGTATCTCTGTGCCAGCAGCTTTTTTTGACAGGTGGATTCGATCAGCCCCAGCATTTTGGTGAT"	""	"TCRBV7-3*1"	"TCRBD1-1*1"	"TCRBJ1-5*1"	45	50	56	64	5	8	NA	NA	"CACAGAGCGGGGGGACTCAGCCGTGTATCTCTGTGCCAGCAGCTTTTTTTGACAGGTGGATTCGATCAGCCCCAGCATTTTGGTGAT"	FALSE	FALSE	NA	NA	NA	NA
"TCGGCTGCTCCCTCCCAGACATCTGTGTACTTGTGTGCCAGCAATACTCGCACGCCGATTATGAACACTGAAGCTTTCTTTGGACAA"	"CASNTRTPIMNTEAFF"	"TCGGCTGCTCCCTCCCAGACATCTGTGTACTTGTGTGCCAGCAATACTCGCACGCCGATTATGAACACTGAAGCTTTCTTTGGACAA"	"CASNTRTPIMNTEAFF"	"TCRBV6-8*1"	"TCRBD2-1"	"TCRBJ1-1*1"	43	45	48	61	2	13	NA	NA	"TCGGCTGCTCCCTCCCAGACATCTGTGTACTTGTGTGCCAGCAATACTCGCACGCCGATTATGAACACTGAAGCTTTCTTTGGACAA"	FALSE	TRUE	NA	NA	NA	NA
"CGCTCAGGCTGGAGTTGGCTGCTCCCTCCCAGACATCTGTGTACTTCTGTGCCAACAATACCGAGACTTGAGCAGTACTTCGGGCCG"	""	"CGCTCAGGCTGGAGTTGGCTGCTCCCTCCCAGACATCTGTGTACTTCTGTGCCAACAATACCGAGACTTGAGCAGTACTTCGGGCCG"	""	"TCRBV6-6"	"TCRBD2-1"	"TCRBJ2-7*1"	54	64	68	69	10	1	NA	NA	"CGCTCAGGCTGGAGTTGGCTGCTCCCTCCCAGACATCTGTGTACTTCTGTGCCAACAATACCGAGACTTGAGCAGTACTTCGGGCCG"	FALSE	FALSE	NA	NA	NA	NA
"TCACCAGGCCTGGGGGACGCAGCCATGTACCTGTGTGCCACCAGCAGAGGATCTAGCGGGAGAAGTAATGAGCAGTTCTTCGGGCCA"	"CATSRGSSGRSNEQFF"	"TCACCAGGCCTGGGGGACGCAGCCATGTACCTGTGTGCCACCAGCAGAGGATCTAGCGGGAGAAGTAATGAGCAGTTCTTCGGGCCA"	"CATSRGSSGRSNEQFF"	"TCRBV15-1*2"	"TCRBD2-1*2"	"TCRBJ2-1*1"	49	52	62	66	3	4	NA	NA	"TCACCAGGCCTGGGGGACGCAGCCATGTACCTGTGTGCCACCAGCAGAGGATCTAGCGGGAGAAGTAATGAGCAGTTCTTCGGGCCA"	FALSE	TRUE	NA	NA	NA	NA
"GTGACATCGGCCCAAAAGAACCCGACAGCTTTCTATCTCTGTGCCAGTAGTATCGGACAGGTCGCTTTGTGGTACACCTTCGGTTCG"	"CASSIGQVALWYTF"	"GTGACATCGGCCCAAAAGAACCCGACAGCTTTCTATCTCTGTGCCAGTAGTATCGGACAGGTCGCTTTGTGGTACACCTTCGGTTCG"	"CASSIGQVALWYTF"	"TCRBV19-1*1"	"TCRBD1-1*1"	"TCRBJ1-2*1"	53	54	61	72	1	11	NA	NA	"GTGACATCGGCCCAAAAGAACCCGACAGCTTTCTATCTCTGTGCCAGTAGTATCGGACAGGTCGCTTTGTGGTACACCTTCGGTTCG"	FALSE	TRUE	NA	NA	NA	NA
"CTAAACCTGAGCTCTCTGGAGCTGGGGGACTCAGCTTTGTATTTCTGTGCCAGCAGCTCTCTCACCGGGGAGCTGTTTTTTGGAGAA"	"CASSSLTGELFF"	"CTAAACCTGAGCTCTCTGGAGCTGGGGGACTCAGCTTTGTATTTCTGTGCCAGCAGCTCTCTCACCGGGGAGCTGTTTTTTGGAGAA"	"CASSSLTGELFF"	"TCRBV9-1*1"	"TCRBD2-1"	"TCRBJ2-2*1"	57	58	60	62	1	2	NA	NA	"CTAAACCTGAGCTCTCTGGAGCTGGGGGACTCAGCTTTGTATTTCTGTGCCAGCAGCTCTCTCACCGGGGAGCTGTTTTTTGGAGAA"	FALSE	TRUE	NA	NA	NA	NA
"ATCCAGCGCACAGAGCGGGGGGACTCAGCCGTGTATCTCTGTGCCAGCAGCCCAACGACAGGGCGGAATGAGCAGTTCTTCGGGCCA"	"CASSPTTGRNEQFF"	"ATCCAGCGCACAGAGCGGGGGGACTCAGCCGTGTATCTCTGTGCCAGCAGCCCAACGACAGGGCGGAATGAGCAGTTCTTCGGGCCA"	"CASSPTTGRNEQFF"	"TCRBV7-3*1"	"TCRBD1-1*1"	"TCRBJ2-1*1"	51	56	63	66	5	3	NA	NA	"ATCCAGCGCACAGAGCGGGGGGACTCAGCCGTGTATCTCTGTGCCAGCAGCCCAACGACAGGGCGGAATGAGCAGTTCTTCGGGCCA"	FALSE	TRUE	NA	NA	NA	NA
"AAGATCCGGTCCACAAAGCTGGAGGACTCAGCCATGTACTTCTGTGCCAGCAGTTTCCAGGGAAACTTTGGCTACACCTTCGGTTCG"	"CASSFQGNFGYTF"	"AAGATCCGGTCCACAAAGCTGGAGGACTCAGCCATGTACTTCTGTGCCAGCAGTTTCCAGGGAAACTTTGGCTACACCTTCGGTTCG"	"CASSFQGNFGYTF"	"TCRBV2-1"	"TCRBD1-1*1"	"TCRBJ1-2*1"	54	57	62	68	3	6	NA	NA	"AAGATCCGGTCCACAAAGCTGGAGGACTCAGCCATGTACTTCTGTGCCAGCAGTTTCCAGGGAAACTTTGGCTACACCTTCGGTTCG"	FALSE	TRUE	NA	NA	NA	NA
"ACAGTGACCAGTGCCCATCCTGAAGACAGCAGCTTCTACATCTGCAGTGCAAATGGGATACGCACAGATACGCAGTATTTTGGCCCA"	"CSANGIRTDTQYF"	"ACAGTGACCAGTGCCCATCCTGAAGACAGCAGCTTCTACATCTGCAGTGCAAATGGGATACGCACAGATACGCAGTATTTTGGCCCA"	"CSANGIRTDTQYF"	NA	NA	"TCRBJ2-3*1"	50	54	58	61	4	3	NA	NA	"ACAGTGACCAGTGCCCATCCTGAAGACAGCAGCTTCTACATCTGCAGTGCAAATGGGATACGCACAGATACGCAGTATTTTGGCCCA"	FALSE	TRUE	NA	NA	NA	NA
"NNNNNNNNNNNNNTGTCGGCTGCTCCCTCCCAGACATCTGTGTACTTCTGTGCCAGCAGTTACAGGGGGGCCCTCCACTTTGGGAAT"	"CASSYRGALHF"	"NNNNNNNNNNNNNTGTCGGCTGCTCCCTCCCAGACATCTGTGTACTTCTGTGCCAGCAGTTACAGGGGGGCCCTCCACTTTGGGAAT"	"CASSYRGALHF"	"TCRBV6-5*1"	NA	"TCRBJ1-6*1"	-1	63	69	70	64	1	NA	NA	"NNNNNNNNNNNNNTGTCGGCTGCTCCCTCCCAGACATCTGTGTACTTCTGTGCCAGCAGTTACAGGGGGGCCCTCCACTTTGGGAAT"	FALSE	TRUE	NA	NA	NA	NA
"GTGAACGCCTTGTTGCTGGGGGACTCGGCCCTGTATCTCTGTGCCAGCAGCTTGGACAGGACCTCCCAAGAAGCTTTCTTTGGACAA"	"CASSLDRTSQEAFF"	"GTGAACGCCTTGTTGCTGGGGGACTCGGCCCTGTATCTCTGTGCCAGCAGCTTGGACAGGACCTCCCAAGAAGCTTTCTTTGGACAA"	"CASSLDRTSQEAFF"	"TCRBV5-5*1"	"TCRBD1-1*1"	"TCRBJ1-1*1"	-1	55	60	69	56	9	NA	NA	"GTGAACGCCTTGTTGCTGGGGGACTCGGCCCTGTATCTCTGTGCCAGCAGCTTGGACAGGACCTCCCAAGAAGCTTTCTTTGGACAA"	FALSE	TRUE	NA	NA	NA	NA
"ACCCTGCAGCCAGAAGACTCGGCCCTGTATCTCTGTGCCAGCAGCCAAGGAACTACCACTAGCACAGATACGCAGTATTTTGGCCCA"	"CASSQGTTTSTDTQYF"	"ACCCTGCAGCCAGAAGACTCGGCCCTGTATCTCTGTGCCAGCAGCCAAGGAACTACCACTAGCACAGATACGCAGTATTTTGGCCCA"	"CASSQGTTTSTDTQYF"	"TCRBV4-2*1"	"TCRBD2-1"	"TCRBJ2-3*1"	49	51	55	60	2	5	NA	NA	"ACCCTGCAGCCAGAAGACTCGGCCCTGTATCTCTGTGCCAGCAGCCAAGGAACTACCACTAGCACAGATACGCAGTATTTTGGCCCA"	FALSE	TRUE	NA	NA	NA	NA
"GCCCATCCTGAAGACAGCAGCTTCTACATCTGCAGTGCTAGTACGGGTCTAGCGGGAGTCGGCACAGATACGCAGTATTTTGGCCCA"	"CSASTGLAGVGTDTQYF"	"GCCCATCCTGAAGACAGCAGCTTCTACATCTGCAGTGCTAGTACGGGTCTAGCGGGAGTCGGCACAGATACGCAGTATTTTGGCCCA"	"CSASTGLAGVGTDTQYF"	"TCRBV2-1*4"	"TCRBD2-1*2"	"TCRBJ2-3*1"	42	48	58	61	6	3	NA	NA	"GCCCATCCTGAAGACAGCAGCTTCTACATCTGCAGTGCTAGTACGGGTCTAGCGGGAGTCGGCACAGATACGCAGTATTTTGGCCCA"	FALSE	TRUE	NA	NA	NA	NA
"CGCTCACCAGGCCTGGGGGACGCAGCCATGTACCTGTGTGCCACCAGCAGAGGCAGGGGAAGCAATCAGCCCCAGCATTTTGGTGAT"	"CATSRGRGSNQPQHF"	"CGCTCACCAGGCCTGGGGGACGCAGCCATGTACCTGTGTGCCACCAGCAGAGGCAGGGGAAGCAATCAGCCCCAGCATTTTGGTGAT"	"CATSRGRGSNQPQHF"	"TCRBV15-1*2"	"TCRBD1-1*1"	"TCRBJ1-5*1"	52	53	59	60	1	1	NA	NA	"CGCTCACCAGGCCTGGGGGACGCAGCCATGTACCTGTGTGCCACCAGCAGAGGCAGGGGAAGCAATCAGCCCCAGCATTTTGGTGAT"	FALSE	TRUE	NA	NA	NA	NA
"GAGTCGCCCAGCCCCAACCAGACCTCTCTGTACTTCTGTGCCAGCAGCCTAGGGTTTCGCTATAATTCACCCCTCCACTTTGGGAAT"	"CASSLGFRYNSPLHF"	"GAGTCGCCCAGCCCCAACCAGACCTCTCTGTACTTCTGTGCCAGCAGCCTAGGGTTTCGCTATAATTCACCCCTCCACTTTGGGAAT"	"CASSLGFRYNSPLHF"	"TCRBV27-1*1"	NA	"TCRBJ1-6*1"	47	50	54	59	3	5	NA	NA	"GAGTCGCCCAGCCCCAACCAGACCTCTCTGTACTTCTGTGCCAGCAGCCTAGGGTTTCGCTATAATTCACCCCTCCACTTTGGGAAT"	FALSE	TRUE	NA	NA	NA	NA
"ACCAGTGCCCATCCTGAAGACAGCAGCTTCTACATCTGCAGTGCTAGAGATCTAGCGGGAGCCTACAATGAGCAGTTCTTCGGGCCA"	"CSARDLAGAYNEQFF"	"ACCAGTGCCCATCCTGAAGACAGCAGCTTCTACATCTGCAGTGCTAGAGATCTAGCGGGAGCCTACAATGAGCAGTTCTTCGGGCCA"	"CSARDLAGAYNEQFF"	NA	"TCRBD2-1*2"	"TCRBJ2-1*1"	50	51	-1	61	1	62	NA	NA	"ACCAGTGCCCATCCTGAAGACAGCAGCTTCTACATCTGCAGTGCTAGAGATCTAGCGGGAGCCTACAATGAGCAGTTCTTCGGGCCA"	FALSE	TRUE	NA	NA	NA	NA
"TCTCTGGAGCTGGGGGACTCAGCTTTGTATTTCTGTGCCAGCAGCGCGATCGCCCGGGACCGTAGGGAAGAGCAGTTCTTCGGGCCA"	"CASSAIARDRREEQFF"	"TCTCTGGAGCTGGGGGACTCAGCTTTGTATTTCTGTGCCAGCAGCGCGATCGCCCGGGACCGTAGGGAAGAGCAGTTCTTCGGGCCA"	"CASSAIARDRREEQFF"	"TCRBV9-1*1"	NA	"TCRBJ2-1*1"	46	55	60	69	9	9	NA	NA	"TCTCTGGAGCTGGGGGACTCAGCTTTGTATTTCTGTGCCAGCAGCGCGATCGCCCGGGACCGTAGGGAAGAGCAGTTCTTCGGGCCA"	FALSE	TRUE	NA	NA	NA	NA
"ACTCTGACAGTGACCAGTGCCCATCCTGAAGACAGCAGCTTCTACATCTGCAGTGCTAGCAGGGGAGATACGCAGTATTTTGGCCCA"	"CSASRGDTQYF"	"ACTCTGACAGTGACCAGTGCCCATCCTGAAGACAGCAGCTTCTACATCTGCAGTGCTAGCAGGGGAGATACGCAGTATTTTGGCCCA"	"CSASRGDTQYF"	"TCRBV2-1"	"TCRBD1-1*1"	"TCRBJ2-3*1"	-1	59	-1	65	60	66	NA	NA	"ACTCTGACAGTGACCAGTGCCCATCCTGAAGACAGCAGCTTCTACATCTGCAGTGCTAGCAGGGGAGATACGCAGTATTTTGGCCCA"	FALSE	TRUE	NA	NA	NA	NA
"CAATCCTGTCCTCAGAACCGGGAGACACGGCACTGTATCTCTGCGCCAGCCCCCGGGACAGGAAACACTGAAGCTTTCTTTGGACAA"	""	"CAATCCTGTCCTCAGAACCGGGAGACACGGCACTGTATCTCTGCGCCAGCCCCCGGGACAGGAAACACTGAAGCTTTCTTTGGACAA"	""	"TCRBV23-1*1"	"TCRBD1-1*1"	"TCRBJ1-1*1"	50	54	62	63	4	1	NA	NA	"CAATCCTGTCCTCAGAACCGGGAGACACGGCACTGTATCTCTGCGCCAGCCCCCGGGACAGGAAACACTGAAGCTTTCTTTGGACAA"	FALSE	FALSE	NA	NA	NA	NA
"ACTGTGACATCGGCCCAAAAGAACCCGACAGCTTTCTATCTCTGTGCCAGCAGGGAACTGAACACCGGGGAGCTGTTTTTTGGAGAA"	"CASRELNTGELFF"	"ACTGTGACATCGGCCCAAAAGAACCCGACAGCTTTCTATCTCTGTGCCAGCAGGGAACTGAACACCGGGGAGCTGTTTTTTGGAGAA"	"CASRELNTGELFF"	"TCRBV19-1*1"	"TCRBD1-1*1"	"TCRBJ2-2*1"	-1	50	55	59	51	4	NA	NA	"ACTGTGACATCGGCCCAAAAGAACCCGACAGCTTTCTATCTCTGTGCCAGCAGGGAACTGAACACCGGGGAGCTGTTTTTTGGAGAA"	FALSE	TRUE	NA	NA	NA	NA
"GGAGATCCAGCGCACAGAGCAGGGGGACTCGGCCATGTATCTCTGTGCCAGCAGCTTAGTCGTTCCCTTGGCTACACCTTCGGTTCG"	""	"GGAGATCCAGCGCACAGAGCAGGGGGACTCGGCCATGTATCTCTGTGCCAGCAGCTTAGTCGTTCCCTTGGCTACACCTTCGGTTCG"	""	"TCRBV7-9*1"	"TCRBD2-1"	"TCRBJ1-2*1"	59	66	-1	68	7	69	NA	NA	"GGAGATCCAGCGCACAGAGCAGGGGGACTCGGCCATGTATCTCTGTGCCAGCAGCTTAGTCGTTCCCTTGGCTACACCTTCGGTTCG"	FALSE	FALSE	NA	NA	NA	NA
"NCTCTGAAGATCCGGTCCACAAAGCTGGAGGACTCAGCCATGTACTTCTGTGCCAGCAGTGAATTCCAGGAAAATGCCTTCGGTTCG"	"CASSEFQENAF"	"NCTCTGAAGATCCGGTCCACAAAGCTGGAGGACTCAGCCATGTACTTCTGTGCCAGCAGTGAATTCCAGGAAAATGCCTTCGGTTCG"	"CASSEFQENAF"	"TCRBV2-1"	"TCRBD1-1*1"	"TCRBJ1-2*1"	63	66	70	76	3	6	NA	NA	"NCTCTGAAGATCCGGTCCACAAAGCTGGAGGACTCAGCCATGTACTTCTGTGCCAGCAGTGAATTCCAGGAAAATGCCTTCGGTTCG"	FALSE	TRUE	NA	NA	NA	NA
"TTAAATCTTCACATCAATTCCCTGGAGCTTGGTGACTCTGCTGTGTATTTCTGTGCCAGCAGCCAACCTACGCAGTTCTTCGGGCCA"	"CASSQPTQFF"	"TTAAATCTTCACATCAATTCCCTGGAGCTTGGTGACTCTGCTGTGTATTTCTGTGCCAGCAGCCAACCTACGCAGTTCTTCGGGCCA"	"CASSQPTQFF"	"TCRBV3-1/3-2*1"	"TCRBD2-1"	"TCRBJ2-1*1"	66	67	70	71	1	1	NA	NA	"TTAAATCTTCACATCAATTCCCTGGAGCTTGGTGACTCTGCTGTGTATTTCTGTGCCAGCAGCCAACCTACGCAGTTCTTCGGGCCA"	FALSE	TRUE	NA	NA	NA	NA
"TCCGGTCCACAAAGCTGGAGGACTCAGCCATGTACTTCTGTGCCAGCAGTGAAGGAGATGTCCACAGATACGCAGTATTTTGGCCCA"	""	"TCCGGTCCACAAAGCTGGAGGACTCAGCCATGTACTTCTGTGCCAGCAGTGAAGGAGATGTCCACAGATACGCAGTATTTTGGCCCA"	""	"TCRBV2-1"	"TCRBD2-1*2"	"TCRBJ2-3*1"	-1	54	57	62	55	5	NA	NA	"TCCGGTCCACAAAGCTGGAGGACTCAGCCATGTACTTCTGTGCCAGCAGTGAAGGAGATGTCCACAGATACGCAGTATTTTGGCCCA"	FALSE	FALSE	NA	NA	NA	NA
"NTGTCGGCTGCTCCCTCCCAAACATCTGTGTACTTCTGTGCCAGCAGTAACCGCGGGGACTTGAACACTGAAGCTTTCTTTGGACAA"	"CASSNRGDLNTEAFF"	"NTGTCGGCTGCTCCCTCCCAAACATCTGTGTACTTCTGTGCCAGCAGTAACCGCGGGGACTTGAACACTGAAGCTTTCTTTGGACAA"	"CASSNRGDLNTEAFF"	"TCRBV6-2/6-3*1"	"TCRBD2-1"	"TCRBJ1-1*1"	48	55	-1	61	7	62	NA	NA	"NTGTCGGCTGCTCCCTCCCAAACATCTGTGTACTTCTGTGCCAGCAGTAACCGCGGGGACTTGAACACTGAAGCTTTCTTTGGACAA"	FALSE	TRUE	NA	NA	NA	NA
"GTCAGGGGACACAGCACTGTATTTCTGTGCCAGCTACCCTCCCTTTCGCTAGCGGGATAAGTCACAGATACGCAGTATTTTGGCCCA"	""	"GTCAGGGGACACAGCACTGTATTTCTGTGCCAGCTACCCTCCCTTTCGCTAGCGGGATAAGTCACAGATACGCAGTATTTTGGCCCA"	""	"TCRBV21-1*1"	"TCRBD2-1*2"	"TCRBJ2-3*1"	34	48	57	62	14	5	NA	NA	"GTCAGGGGACACAGCACTGTATTTCTGTGCCAGCTACCCTCCCTTTCGCTAGCGGGATAAGTCACAGATACGCAGTATTTTGGCCCA"	FALSE	FALSE	NA	NA	NA	NA
"GATCCTGCGCACAGAGCAGGGGGACTCGGCCATGTATCTCTGTGCCAGCAGCTCTTCCGGAAGCGAACTGAAGCTTTCTTTGGACAA"	""	"GATCCTGCGCACAGAGCAGGGGGACTCGGCCATGTATCTCTGTGCCAGCAGCTCTTCCGGAAGCGAACTGAAGCTTTCTTTGGACAA"	""	"TCRBV7-9*1"	"TCRBD2-1"	"TCRBJ1-1*1"	53	61	65	66	8	1	NA	NA	"GATCCTGCGCACAGAGCAGGGGGACTCGGCCATGTATCTCTGTGCCAGCAGCTCTTCCGGAAGCGAACTGAAGCTTTCTTTGGACAA"	FALSE	FALSE	NA	NA	NA	NA
"CATCCTGAAGACAGCAGCTTCTACATCTGCAGTGCACGTATGTCGACCGGGGTTCTAGCGGTACCCTACGAGCAGTACTTCGGGCCG"	"CSARMSTGVLAVPYEQYF"	"CATCCTGAAGACAGCAGCTTCTACATCTGCAGTGCACGTATGTCGACCGGGGTTCTAGCGGTACCCTACGAGCAGTACTTCGGGCCG"	"CSARMSTGVLAVPYEQYF"	NA	"TCRBD2-1"	"TCRBJ2-7*1"	35	54	61	64	19	3	NA	NA	"CATCCTGAAGACAGCAGCTTCTACATCTGCAGTGCACGTATGTCGACCGGGGTTCTAGCGGTACCCTACGAGCAGTACTTCGGGCCG"	FALSE	TRUE	NA	NA	NA	NA
"GAGCTGGGGGACTCGGCCCTTTATCTTTGCGCCAGCAGCTTGGAAGGGAGGACAGGGGTTATTGCAGATACGCAGTATTTTGGCCCA"	"CASSLEGRTGVIADTQYF"	"GAGCTGGGGGACTCGGCCCTTTATCTTTGCGCCAGCAGCTTGGAAGGGAGGACAGGGGTTATTGCAGATACGCAGTATTTTGGCCCA"	"CASSLEGRTGVIADTQYF"	"TCRBV5-1*1"	"TCRBD1-1*1"	"TCRBJ2-3*1"	43	49	58	64	6	6	NA	NA	"GAGCTGGGGGACTCGGCCCTTTATCTTTGCGCCAGCAGCTTGGAAGGGAGGACAGGGGTTATTGCAGATACGCAGTATTTTGGCCCA"	FALSE	TRUE	NA	NA	NA	NA
"NNNNNNNNNNNNNTGTCGGCTGCTCCCTCCCAGACATCTGTGTACTTCTGTGCCAGCCGCAGGAGGGATACGCAGTATTTTGGCCCA"	"CASRRRDTQYF"	"NNNNNNNNNNNNNTGTCGGCTGCTCCCTCCCAGACATCTGTGTACTTCTGTGCCAGCCGCAGGAGGGATACGCAGTATTTTGGCCCA"	"CASRRRDTQYF"	"TCRBV6-5*1"	"TCRBD2-1*2"	"TCRBJ2-3*1"	57	61	-1	66	4	67	NA	NA	"NNNNNNNNNNNNNTGTCGGCTGCTCCCTCCCAGACATCTGTGTACTTCTGTGCCAGCCGCAGGAGGGATACGCAGTATTTTGGCCCA"	FALSE	TRUE	NA	NA	NA	NA
"CACATCAATTCCCTGGAGCTTGGTGACTCTGCTGTGTATTTCTGTGCCAGCAGCCCCCGGAGGCTCTGGGGCTACACCTTCGGTTCG"	"CASSPRRLWGYTF"	"CACATCAATTCCCTGGAGCTTGGTGACTCTGCTGTGTATTTCTGTGCCAGCAGCCCCCGGAGGCTCTGGGGCTACACCTTCGGTTCG"	"CASSPRRLWGYTF"	"TCRBV3-1/3-2*1"	"TCRBD2-1*2"	"TCRBJ1-2*1"	55	58	63	69	3	6	NA	NA	"CACATCAATTCCCTGGAGCTTGGTGACTCTGCTGTGTATTTCTGTGCCAGCAGCCCCCGGAGGCTCTGGGGCTACACCTTCGGTTCG"	FALSE	TRUE	NA	NA	NA	NA
"AATCTTCACATCAATTCCCTGGAGCTTGGTGACTCTGCTGTGTATTTCTGTGCCAGCCGAAGGGATAATGAGCAGTTCTTCGGGCCA"	"CASRRDNEQFF"	"AATCTTCACATCAATTCCCTGGAGCTTGGTGACTCTGCTGTGTATTTCTGTGCCAGCCGAAGGGATAATGAGCAGTTCTTCGGGCCA"	"CASRRDNEQFF"	"TCRBV3-1/3-2*1"	NA	"TCRBJ2-1*1"	57	61	65	66	4	1	NA	NA	"AATCTTCACATCAATTCCCTGGAGCTTGGTGACTCTGCTGTGTATTTCTGTGCCAGCCGAAGGGATAATGAGCAGTTCTTCGGGCCA"	FALSE	TRUE	NA	NA	NA	NA
"TTGGCGATTCAGCGCACAGAGCAGGGGGACTCGGCCATGTATCTCTGTGCCAGCAGCTTAGCGAGCAATGAGCAGTTCTTCGGGCCA"	"CASSLASNEQFF"	"TTGGCGATTCAGCGCACAGAGCAGGGGGACTCGGCCATGTATCTCTGTGCCAGCAGCTTAGCGAGCAATGAGCAGTTCTTCGGGCCA"	"CASSLASNEQFF"	"TCRBV7-9*1"	"TCRBD2-1*2"	"TCRBJ2-1*1"	-1	62	-1	65	63	66	NA	NA	"TTGGCGATTCAGCGCACAGAGCAGGGGGACTCGGCCATGTATCTCTGTGCCAGCAGCTTAGCGAGCAATGAGCAGTTCTTCGGGCCA"	FALSE	TRUE	NA	NA	NA	NA
"CCACGGAGTCAGGGGACACAGCACTGTATTTCTGTGCCAGCAGCCCCCTCAAGGAGATATAGCAATCAGCCCCAGCATTTTGGTGAT"	""	"CCACGGAGTCAGGGGACACAGCACTGTATTTCTGTGCCAGCAGCCCCCTCAAGGAGATATAGCAATCAGCCCCAGCATTTTGGTGAT"	""	"TCRBV21-1*1"	"TCRBD2-1*2"	"TCRBJ1-5*1"	44	52	56	59	8	3	NA	NA	"CCACGGAGTCAGGGGACACAGCACTGTATTTCTGTGCCAGCAGCCCCCTCAAGGAGATATAGCAATCAGCCCCAGCATTTTGGTGAT"	FALSE	FALSE	NA	NA	NA	NA
"ATCCAGCCCTCAGAACCCAGGGACTCAGCTGTGTACTTCTGTGCCAGCAGGGGGATTACAAGCACAGATACGCAGTATTTTGGCCCA"	"CASRGITSTDTQYF"	"ATCCAGCCCTCAGAACCCAGGGACTCAGCTGTGTACTTCTGTGCCAGCAGGGGGATTACAAGCACAGATACGCAGTATTTTGGCCCA"	"CASRGITSTDTQYF"	NA	NA	"TCRBJ2-3*1"	50	51	55	60	1	5	NA	NA	"ATCCAGCCCTCAGAACCCAGGGACTCAGCTGTGTACTTCTGTGCCAGCAGGGGGATTACAAGCACAGATACGCAGTATTTTGGCCCA"	FALSE	TRUE	NA	NA	NA	NA
"AAGATCCGGTCCACAAAGCTGGAGGACTCAGCCATGTACTTCTGTGCCAGCACCCTAGACGCGGCCACTGAAGCTTTCTTTGGACAA"	"CASTLDAATEAFF"	"AAGATCCGGTCCACAAAGCTGGAGGACTCAGCCATGTACTTCTGTGCCAGCACCCTAGACGCGGCCACTGAAGCTTTCTTTGGACAA"	"CASTLDAATEAFF"	"TCRBV2-1"	"TCRBD2-1"	"TCRBJ1-1*1"	52	54	58	65	2	7	NA	NA	"AAGATCCGGTCCACAAAGCTGGAGGACTCAGCCATGTACTTCTGTGCCAGCACCCTAGACGCGGCCACTGAAGCTTTCTTTGGACAA"	FALSE	TRUE	NA	NA	NA	NA
"NNNNCTTGGAGATCCAGTCCACGGAGTCAGGGGACACAGCACTGTATTTCTGTGCCAGCAGCTTGGGATGAGCAGTTCTTCGGGCCA"	""	"NNNNCTTGGAGATCCAGTCCACGGAGTCAGGGGACACAGCACTGTATTTCTGTGCCAGCAGCTTGGGATGAGCAGTTCTTCGGGCCA"	""	"TCRBV21-1*1"	NA	"TCRBJ2-1*1"	62	64	-1	67	2	68	NA	NA	"NNNNCTTGGAGATCCAGTCCACGGAGTCAGGGGACACAGCACTGTATTTCTGTGCCAGCAGCTTGGGATGAGCAGTTCTTCGGGCCA"	FALSE	FALSE	NA	NA	NA	NA
"AGCCCCAACCAGACCTCTCTGTACTTCTGTGCCAGCAGCCCCCACGGGACAGGTACTAATAGCAATCAGCCCCAGCATTTTGGTGAT"	"CASSPHGTGTNSNQPQHF"	"AGCCCCAACCAGACCTCTCTGTACTTCTGTGCCAGCAGCCCCCACGGGACAGGTACTAATAGCAATCAGCCCCAGCATTTTGGTGAT"	"CASSPHGTGTNSNQPQHF"	"TCRBV27-1*1"	"TCRBD1-1*1"	"TCRBJ1-5*1"	38	45	53	59	7	6	NA	NA	"AGCCCCAACCAGACCTCTCTGTACTTCTGTGCCAGCAGCCCCCACGGGACAGGTACTAATAGCAATCAGCCCCAGCATTTTGGTGAT"	FALSE	TRUE	NA	NA	NA	NA
"GTCGGCTGCTCCCTCCCAGACATCTGTGTACTTCTGTGCCAGCAGTGTGGACAGGGAACGAACACCGGGGAGCTGTTTTTTGGAGAA"	""	"GTCGGCTGCTCCCTCCCAGACATCTGTGTACTTCTGTGCCAGCAGTGTGGACAGGGAACGAACACCGGGGAGCTGTTTTTTGGAGAA"	""	"TCRBV6-1*1"	"TCRBD1-1*1"	"TCRBJ2-2*1"	47	48	56	58	1	2	NA	NA	"GTCGGCTGCTCCCTCCCAGACATCTGTGTACTTCTGTGCCAGCAGTGTGGACAGGGAACGAACACCGGGGAGCTGTTTTTTGGAGAA"	FALSE	FALSE	NA	NA	NA	NA
"CCTGGAGTCGCCCAGCCCCAACCAGACCTCTCTGTACTTCTGTGCCAGCAGTAGCAGGGGGTCCGCGAAAAACTGTTTTTTGGCAGT"	""	"CCTGGAGTCGCCCAGCCCCAACCAGACCTCTCTGTACTTCTGTGCCAGCAGTAGCAGGGGGTCCGCGAAAAACTGTTTTTTGGCAGT"	""	"TCRBV27-1*1"	"TCRBD1-1*1"	"TCRBJ1-4*1"	52	54	61	66	2	5	NA	NA	"CCTGGAGTCGCCCAGCCCCAACCAGACCTCTCTGTACTTCTGTGCCAGCAGTAGCAGGGGGTCCGCGAAAAACTGTTTTTTGGCAGT"	FALSE	FALSE	NA	NA	NA	NA
"NNNCTTGGAGATCCAGTCCACGGAGTCAGGGGACACAGCACTGTATTTCTGTGCCAGCAGCAAACGGACGAGCAGTACTTCGGGCCG"	""	"NNNCTTGGAGATCCAGTCCACGGAGTCAGGGGACACAGCACTGTATTTCTGTGCCAGCAGCAAACGGACGAGCAGTACTTCGGGCCG"	""	"TCRBV21-1*1"	"TCRBD2-1"	"TCRBJ2-7*1"	-1	64	-1	67	65	68	NA	NA	"NNNCTTGGAGATCCAGTCCACGGAGTCAGGGGACACAGCACTGTATTTCTGTGCCAGCAGCAAACGGACGAGCAGTACTTCGGGCCG"	FALSE	FALSE	NA	NA	NA	NA
"CTGGAGTCCGCCAGCACCAACCAGACATCTATGTACCTCTGTGCCAGCAGTTTCATCTCCGGGATCAATGAGCAGTTCTTCGGGCCA"	"CASSFISGINEQFF"	"CTGGAGTCCGCCAGCACCAACCAGACATCTATGTACCTCTGTGCCAGCAGTTTCATCTCCGGGATCAATGAGCAGTTCTTCGGGCCA"	"CASSFISGINEQFF"	"TCRBV28-1*1"	"TCRBD2-1*2"	"TCRBJ2-1*1"	53	59	64	65	6	1	NA	NA	"CTGGAGTCCGCCAGCACCAACCAGACATCTATGTACCTCTGTGCCAGCAGTTTCATCTCCGGGATCAATGAGCAGTTCTTCGGGCCA"	FALSE	TRUE	NA	NA	NA	NA
"GAGTCTGCCAGGCCCTCACATACCTCTCAGTACCTCTGTGCCAGCAGTGTCGGGACATATCTGAACACTGAAGCTTTCTTTGGACAA"	"CASSVGTYLNTEAFF"	"GAGTCTGCCAGGCCCTCACATACCTCTCAGTACCTCTGTGCCAGCAGTGTCGGGACATATCTGAACACTGAAGCTTTCTTTGGACAA"	"CASSVGTYLNTEAFF"	"TCRBV25-1*1"	"TCRBD1-1*1"	"TCRBJ1-1*1"	49	51	57	61	2	4	NA	NA	"GAGTCTGCCAGGCCCTCACATACCTCTCAGTACCTCTGTGCCAGCAGTGTCGGGACATATCTGAACACTGAAGCTTTCTTTGGACAA"	FALSE	TRUE	NA	NA	NA	NA
"CTACACACCCTGCAGCCAGAAGACTCGGCCCTGTATCTCTGTGCCAGCAGCCGGGAGGAGGGAGGCTATGAGCAGTTCTTCGGGCCA"	"CASSREEGGYEQFF"	"CTACACACCCTGCAGCCAGAAGACTCGGCCCTGTATCTCTGTGCCAGCAGCCGGGAGGAGGGAGGCTATGAGCAGTTCTTCGGGCCA"	"CASSREEGGYEQFF"	"TCRBV4-2*1"	"TCRBD2-1*2"	"TCRBJ2-1*1"	-1	52	58	67	53	9	NA	NA	"CTACACACCCTGCAGCCAGAAGACTCGGCCCTGTATCTCTGTGCCAGCAGCCGGGAGGAGGGAGGCTATGAGCAGTTCTTCGGGCCA"	FALSE	TRUE	NA	NA	NA	NA
"CCCTCCCAGACATCTGTGTACTTCTGTGCCAGCAGTTACCAAAGACTAGCGGGGGCTGGAGCACAAGAGACCCAGTACTTCGGGCCA"	"CASSYQRLAGAGAQETQYF"	"CCCTCCCAGACATCTGTGTACTTCTGTGCCAGCAGTTACCAAAGACTAGCGGGGGCTGGAGCACAAGAGACCCAGTACTTCGGGCCA"	"CASSYQRLAGAGAQETQYF"	NA	"TCRBD2-1*1"	"TCRBJ2-5*1"	39	43	55	63	4	8	NA	NA	"CCCTCCCAGACATCTGTGTACTTCTGTGCCAGCAGTTACCAAAGACTAGCGGGGGCTGGAGCACAAGAGACCCAGTACTTCGGGCCA"	FALSE	TRUE	NA	NA	NA	NA
"CAGCGCACAGAGCGGGGGGACTCAGCCGTGTATCTCTGTGCCAGCAGCTTACGTACAACGAACACCGGGGAGCTGTTTTTTGGAGAA"	"CASSLRTTNTGELFF"	"CAGCGCACAGAGCGGGGGGACTCAGCCGTGTATCTCTGTGCCAGCAGCTTACGTACAACGAACACCGGGGAGCTGTTTTTTGGAGAA"	"CASSLRTTNTGELFF"	"TCRBV7-3*1"	"TCRBD1-1*1"	"TCRBJ2-2*1"	51	54	57	58	3	1	NA	NA	"CAGCGCACAGAGCGGGGGGACTCAGCCGTGTATCTCTGTGCCAGCAGCTTACGTACAACGAACACCGGGGAGCTGTTTTTTGGAGAA"	FALSE	TRUE	NA	NA	NA	NA
"AAGATCCAGCGCACACAGCAGGAGGACTCGGCCGTGTATCTCTGTGCCAGCAGCCGACAGGCCCAAGAGACCCAGTACTTCGGGCCA"	"CASSRQAQETQYF"	"AAGATCCAGCGCACACAGCAGGAGGACTCGGCCGTGTATCTCTGTGCCAGCAGCCGACAGGCCCAAGAGACCCAGTACTTCGGGCCA"	"CASSRQAQETQYF"	"TCRBV7-8*3"	"TCRBD1-1*1"	"TCRBJ2-5*1"	-1	57	61	62	58	1	NA	NA	"AAGATCCAGCGCACACAGCAGGAGGACTCGGCCGTGTATCTCTGTGCCAGCAGCCGACAGGCCCAAGAGACCCAGTACTTCGGGCCA"	FALSE	TRUE	NA	NA	NA	NA
"NTGTCGGCTGCTCCCTCCCAAACATCTGTGTACTTCTGTGCCAGCAGTTACCGGACAGCTAGCAATCAGCCCCAGCATTTTGGTGAT"	"CASSYRTASNQPQHF"	"NTGTCGGCTGCTCCCTCCCAAACATCTGTGTACTTCTGTGCCAGCAGTTACCGGACAGCTAGCAATCAGCCCCAGCATTTTGGTGAT"	"CASSYRTASNQPQHF"	"TCRBV6-2/6-3*1"	"TCRBD1-1*1"	"TCRBJ1-5*1"	51	52	58	59	1	1	NA	NA	"NTGTCGGCTGCTCCCTCCCAAACATCTGTGTACTTCTGTGCCAGCAGTTACCGGACAGCTAGCAATCAGCCCCAGCATTTTGGTGAT"	FALSE	TRUE	NA	NA	NA	NA
"CAGCACCAACCAGACATCTATGTACCTCTGTGCCAGCAGTTTAAGGGACAGGGGAGGCGCAATGGGCAGCCCCAGCATTTTGGTGAT"	""	"CAGCACCAACCAGACATCTATGTACCTCTGTGCCAGCAGTTTAAGGGACAGGGGAGGCGCAATGGGCAGCCCCAGCATTTTGGTGAT"	""	"TCRBV28-1*1"	"TCRBD1-1*1"	"TCRBJ1-5*1"	43	44	54	66	1	12	NA	NA	"CAGCACCAACCAGACATCTATGTACCTCTGTGCCAGCAGTTTAAGGGACAGGGGAGGCGCAATGGGCAGCCCCAGCATTTTGGTGAT"	FALSE	FALSE	NA	NA	NA	NA
"CAGCCTGCAGAGCTTGGGGACTCGGCCGTGTATCTCTGTGCCAGCAGCTTAGGGGAAATAGCCAAAAACATTCAGTACTTCGGCGCC"	"CASSLGEIAKNIQYF"	"CAGCCTGCAGAGCTTGGGGACTCGGCCGTGTATCTCTGTGCCAGCAGCTTAGGGGAAATAGCCAAAAACATTCAGTACTTCGGCGCC"	"CASSLGEIAKNIQYF"	"TCRBV11-3*1"	NA	"TCRBJ2-4*1"	-1	52	56	59	53	3	NA	NA	"CAGCCTGCAGAGCTTGGGGACTCGGCCGTGTATCTCTGTGCCAGCAGCTTAGGGGAAATAGCCAAAAACATTCAGTACTTCGGCGCC"	FALSE	TRUE	NA	NA	NA	NA
"TTGGAGATCCAGTCCACGGAGTCAGGGGACACAGCACTGTATTTCTGTGCCACCCGACATTTGGGGAACATTCAGTACTTCGGCGCC"	"CATRHLGNIQYF"	"TTGGAGATCCAGTCCACGGAGTCAGGGGACACAGCACTGTATTTCTGTGCCACCCGACATTTGGGGAACATTCAGTACTTCGGCGCC"	"CATRHLGNIQYF"	"TCRBV21-1*1"	NA	"TCRBJ2-4*1"	52	55	59	66	3	7	NA	NA	"TTGGAGATCCAGTCCACGGAGTCAGGGGACACAGCACTGTATTTCTGTGCCACCCGACATTTGGGGAACATTCAGTACTTCGGCGCC"	FALSE	TRUE	NA	NA	NA	NA
"GTGACATCGGCCCAAAAGAACCCGACAGCTTTCTATCTCTGTGCCACTTCGAAGGACAGGGCCGGAAACACCATATATTTTGGAGAG"	"CATSKDRAGNTIYF"	"GTGACATCGGCCCAAAAGAACCCGACAGCTTTCTATCTCTGTGCCACTTCGAAGGACAGGGCCGGAAACACCATATATTTTGGAGAG"	"CATSKDRAGNTIYF"	"TCRBV19-1*1"	"TCRBD1-1*1"	"TCRBJ1-3*1"	46	53	61	63	7	2	NA	NA	"GTGACATCGGCCCAAAAGAACCCGACAGCTTTCTATCTCTGTGCCACTTCGAAGGACAGGGCCGGAAACACCATATATTTTGGAGAG"	FALSE	TRUE	NA	NA	NA	NA
"CGGTCCACAAAGCTGGAGGACTCAGCCATGTACTTCTGTGCCAGCATAAGGGAAAAGAGCTCCTACAATGAGCAGTTCTTCGGGCCA"	"CASIREKSSYNEQFF"	"CGGTCCACAAAGCTGGAGGACTCAGCCATGTACTTCTGTGCCAGCATAAGGGAAAAGAGCTCCTACAATGAGCAGTTCTTCGGGCCA"	"CASIREKSSYNEQFF"	"TCRBV2-1"	NA	"TCRBJ2-1*1"	46	49	53	59	3	6	NA	NA	"CGGTCCACAAAGCTGGAGGACTCAGCCATGTACTTCTGTGCCAGCATAAGGGAAAAGAGCTCCTACAATGAGCAGTTCTTCGGGCCA"	FALSE	TRUE	NA	NA	NA	NA
"CTGATTCTGGAGTCCGCCAGCACCAACCAGACATCTATGTACCTCTGTGCCAGCAGGGGGGGGGACCAGCCCCAGCATTTTGGTGAT"	"CASRGGDQPQHF"	"CTGATTCTGGAGTCCGCCAGCACCAACCAGACATCTATGTACCTCTGTGCCAGCAGGGGGGGGGACCAGCCCCAGCATTTTGGTGAT"	"CASRGGDQPQHF"	"TCRBV28-1*1"	"TCRBD2-1*1"	"TCRBJ1-5*1"	-1	56	63	66	57	3	NA	NA	"CTGATTCTGGAGTCCGCCAGCACCAACCAGACATCTATGTACCTCTGTGCCAGCAGGGGGGGGGACCAGCCCCAGCATTTTGGTGAT"	FALSE	TRUE	NA	NA	NA	NA
"CTGGAGTCGCCCAGCCCCAACCAGACCTCTCTGTACTTCTGTGCCAGCAGGGCGAGGGAGAACACCGGGGAGCTGTTTTTTGGAGAA"	"CASRARENTGELFF"	"CTGGAGTCGCCCAGCCCCAACCAGACCTCTCTGTACTTCTGTGCCAGCAGGGCGAGGGAGAACACCGGGGAGCTGTTTTTTGGAGAA"	"CASRARENTGELFF"	"TCRBV27-1*1"	"TCRBD2-1*2"	"TCRBJ2-2*1"	50	53	58	59	3	1	NA	NA	"CTGGAGTCGCCCAGCCCCAACCAGACCTCTCTGTACTTCTGTGCCAGCAGGGCGAGGGAGAACACCGGGGAGCTGTTTTTTGGAGAA"	FALSE	TRUE	NA	NA	NA	NA
"CTTGGAGATCCAGTCCACGGAGTCAGGGGACACAGCACTGTATTTCTGTGCCAGCAGCAAAGAACTCCTAGGGCTTTCTTTGGACAA"	""	"CTTGGAGATCCAGTCCACGGAGTCAGGGGACACAGCACTGTATTTCTGTGCCAGCAGCAAAGAACTCCTAGGGCTTTCTTTGGACAA"	""	"TCRBV21-1*1"	"TCRBD2-1"	"TCRBJ1-1*1"	62	67	71	72	5	1	NA	NA	"CTTGGAGATCCAGTCCACGGAGTCAGGGGACACAGCACTGTATTTCTGTGCCAGCAGCAAAGAACTCCTAGGGCTTTCTTTGGACAA"	FALSE	FALSE	NA	NA	NA	NA
"CAGCCATGTACCTGTGTGCCACCAGCAGAGATCAGTCGTAGGGGGCGATGCGGGAGCCGAAGCTCCTACGAGCAGTACTTCGGGCCG"	""	"CAGCCATGTACCTGTGTGCCACCAGCAGAGATCAGTCGTAGGGGGCGATGCGGGAGCCGAAGCTCCTACGAGCAGTACTTCGGGCCG"	""	"TCRBV15-1"	NA	"TCRBJ2-7*1"	31	39	46	62	8	16	NA	NA	"CAGCCATGTACCTGTGTGCCACCAGCAGAGATCAGTCGTAGGGGGCGATGCGGGAGCCGAAGCTCCTACGAGCAGTACTTCGGGCCG"	FALSE	FALSE	NA	NA	NA	NA
"CTTGGAGCTGGACGACTCGGCCCTGTATCTCTGTGCCAGCAGCTTTACAGGACTAGCGATGTTCCCGGGGAGCTGTTTTTTGGAGAA"	""	"CTTGGAGCTGGACGACTCGGCCCTGTATCTCTGTGCCAGCAGCTTTACAGGACTAGCGATGTTCCCGGGGAGCTGTTTTTTGGAGAA"	""	"TCRBV5-4*1"	"TCRBD2-1"	"TCRBJ2-2*1"	45	49	58	64	4	6	NA	NA	"CTTGGAGCTGGACGACTCGGCCCTGTATCTCTGTGCCAGCAGCTTTACAGGACTAGCGATGTTCCCGGGGAGCTGTTTTTTGGAGAA"	FALSE	FALSE	NA	NA	NA	NA
"CACACCCTGCAGCCAGAAGACTCGGCCCTGTATCTCTGCGCCAGCAGCCCAGGGAGCTCCTATAATTCACCCCTCCACTTTGGGAAT"	"CASSPGSSYNSPLHF"	"CACACCCTGCAGCCAGAAGACTCGGCCCTGTATCTCTGCGCCAGCAGCCCAGGGAGCTCCTATAATTCACCCCTCCACTTTGGGAAT"	"CASSPGSSYNSPLHF"	"TCRBV4-3*1"	NA	"TCRBJ1-6*1"	-1	49	54	56	50	2	NA	NA	"CACACCCTGCAGCCAGAAGACTCGGCCCTGTATCTCTGCGCCAGCAGCCCAGGGAGCTCCTATAATTCACCCCTCCACTTTGGGAAT"	FALSE	TRUE	NA	NA	NA	NA
"NNNNNNNTGTCGGCTGCTCCCTCCCAGACATCTGTGTACTTCTGTGCCAGTGATCGAAAGGGGTCCTACGAGCAGTACTTCGGGCCG"	"CASDRKGSYEQYF"	"NNNNNNNTGTCGGCTGCTCCCTCCCAGACATCTGTGTACTTCTGTGCCAGTGATCGAAAGGGGTCCTACGAGCAGTACTTCGGGCCG"	"CASDRKGSYEQYF"	"TCRBV6-5*1"	"TCRBD1-1*1"	"TCRBJ2-7*1"	50	58	-1	63	8	64	NA	NA	"NNNNNNNTGTCGGCTGCTCCCTCCCAGACATCTGTGTACTTCTGTGCCAGTGATCGAAAGGGGTCCTACGAGCAGTACTTCGGGCCG"	FALSE	TRUE	NA	NA	NA	NA
"AACCTGAGCTCTCTGGAGCTGGGGGACTCAGCTTTGTATTTCTGTGCCAGCAGCCAACCGCCGACAGATACGCAGTATTTTGGCCCA"	"CASSQPPTDTQYF"	"AACCTGAGCTCTCTGGAGCTGGGGGACTCAGCTTTGTATTTCTGTGCCAGCAGCCAACCGCCGACAGATACGCAGTATTTTGGCCCA"	"CASSQPPTDTQYF"	"TCRBV9-1*1"	NA	"TCRBJ2-3*1"	54	56	58	63	2	5	NA	NA	"AACCTGAGCTCTCTGGAGCTGGGGGACTCAGCTTTGTATTTCTGTGCCAGCAGCCAACCGCCGACAGATACGCAGTATTTTGGCCCA"	FALSE	TRUE	NA	NA	NA	NA
"GAGTCGCCCAGCCCCAACCAGACCTCTCTGTACTTCTGTGCCAGCAGGGGGACAGGGGGCTCTCGTCTCGAGCAGTACTTCGGGCCG"	"CASRGTGGSRLEQYF"	"GAGTCGCCCAGCCCCAACCAGACCTCTCTGTACTTCTGTGCCAGCAGGGGGACAGGGGGCTCTCGTCTCGAGCAGTACTTCGGGCCG"	"CASRGTGGSRLEQYF"	"TCRBV27-1*1"	"TCRBD1-1*1"	"TCRBJ2-7*1"	47	48	60	68	1	8	NA	NA	"GAGTCGCCCAGCCCCAACCAGACCTCTCTGTACTTCTGTGCCAGCAGGGGGACAGGGGGCTCTCGTCTCGAGCAGTACTTCGGGCCG"	FALSE	TRUE	NA	NA	NA	NA
"CTGACGATCCAGCGCACACAGCAGGAGGACTCGGCCGTGTATCTCTGTGCCAGCAGCTTAGGGGCTGGGGGCTACACCTTCGGTTCG"	"CASSLGAGGYTF"	"CTGACGATCCAGCGCACACAGCAGGAGGACTCGGCCGTGTATCTCTGTGCCAGCAGCTTAGGGGCTGGGGGCTACACCTTCGGTTCG"	"CASSLGAGGYTF"	"TCRBV7-2"	"TCRBD1-1*1"	"TCRBJ1-2*1"	-1	61	65	69	62	4	NA	NA	"CTGACGATCCAGCGCACACAGCAGGAGGACTCGGCCGTGTATCTCTGTGCCAGCAGCTTAGGGGCTGGGGGCTACACCTTCGGTTCG"	FALSE	TRUE	NA	NA	NA	NA
"GGGGGGACTCAGCCGTGTATCTCTGTGCCAGCAGCTCCAATTTAGCCCCAGGGACTCGTGAACACCGGGGAGCTGTTTTTTGGAGAA"	""	"GGGGGGACTCAGCCGTGTATCTCTGTGCCAGCAGCTCCAATTTAGCCCCAGGGACTCGTGAACACCGGGGAGCTGTTTTTTGGAGAA"	""	"TCRBV7-3*1"	"TCRBD2-1"	"TCRBJ2-2*1"	36	50	56	59	14	3	NA	NA	"GGGGGGACTCAGCCGTGTATCTCTGTGCCAGCAGCTCCAATTTAGCCCCAGGGACTCGTGAACACCGGGGAGCTGTTTTTTGGAGAA"	FALSE	FALSE	NA	NA	NA	NA
"CCAGAAGACTCAGCCCTGTATCTCTGCGCCAGCAGCCAAGAAGGCGTGGCTAGCGGGAGAAACACCGGGGAGCTGTTTTTTGGAGAA"	"CASSQEGVASGRNTGELFF"	"CCAGAAGACTCAGCCCTGTATCTCTGCGCCAGCAGCCAAGAAGGCGTGGCTAGCGGGAGAAACACCGGGGAGCTGTTTTTTGGAGAA"	"CASSQEGVASGRNTGELFF"	"TCRBV4-1*1"	"TCRBD2-1*2"	"TCRBJ2-2*1"	41	49	59	60	8	1	NA	NA	"CCAGAAGACTCAGCCCTGTATCTCTGCGCCAGCAGCCAAGAAGGCGTGGCTAGCGGGAGAAACACCGGGGAGCTGTTTTTTGGAGAA"	FALSE	TRUE	NA	NA	NA	NA
"GTGACCAGTGCCCATCCTGAAGACAGCAGCTTCTACATCTGCAGTGCTAGTGTGACAGGGTCCTACAATGAGCAGTTCTTCGGGCCA"	"CSASVTGSYNEQFF"	"GTGACCAGTGCCCATCCTGAAGACAGCAGCTTCTACATCTGCAGTGCTAGTGTGACAGGGTCCTACAATGAGCAGTTCTTCGGGCCA"	"CSASVTGSYNEQFF"	"TCRBV2-1*4"	"TCRBD1-1*1"	"TCRBJ2-1*1"	52	53	-1	60	1	61	NA	NA	"GTGACCAGTGCCCATCCTGAAGACAGCAGCTTCTACATCTGCAGTGCTAGTGTGACAGGGTCCTACAATGAGCAGTTCTTCGGGCCA"	FALSE	TRUE	NA	NA	NA	NA
"CTGATTCTGGAGTCCGCCAGCACCAACCAGACATCTATGTACCTCTGTGCCAGCAGGTCAGGTAGTCCGGCCGATTTCTTCGGGCCA"	"CASRSGSPADFF"	"CTGATTCTGGAGTCCGCCAGCACCAACCAGACATCTATGTACCTCTGTGCCAGCAGGTCAGGTAGTCCGGCCGATTTCTTCGGGCCA"	"CASRSGSPADFF"	"TCRBV28-1*1"	"TCRBD1-1*1"	"TCRBJ2-1*1"	56	58	62	75	2	13	NA	NA	"CTGATTCTGGAGTCCGCCAGCACCAACCAGACATCTATGTACCTCTGTGCCAGCAGGTCAGGTAGTCCGGCCGATTTCTTCGGGCCA"	FALSE	TRUE	NA	NA	NA	NA
"CAGCGCACAGAGCGGGGGGACTCAGCCGTGTATCTCTGTGCCAGCAGCTTACGACTGGGGGAACACAATGAGCAGTTCTTCGGGCCA"	"CASSLRLGEHNEQFF"	"CAGCGCACAGAGCGGGGGGACTCAGCCGTGTATCTCTGTGCCAGCAGCTTACGACTGGGGGAACACAATGAGCAGTTCTTCGGGCCA"	"CASSLRLGEHNEQFF"	"TCRBV7-3*1"	NA	"TCRBJ2-1*1"	51	56	61	64	5	3	NA	NA	"CAGCGCACAGAGCGGGGGGACTCAGCCGTGTATCTCTGTGCCAGCAGCTTACGACTGGGGGAACACAATGAGCAGTTCTTCGGGCCA"	FALSE	TRUE	NA	NA	NA	NA
"AACCCAGGGACTCAGCTGTGTACTTCTGTGCCAGCCCTAGGGCTAGCTGTCAATTCCAGCTCCTACAATGAGCAGTTCTTCGGGCCA"	""	"AACCCAGGGACTCAGCTGTGTACTTCTGTGCCAGCCCTAGGGCTAGCTGTCAATTCCAGCTCCTACAATGAGCAGTTCTTCGGGCCA"	""	NA	"TCRBD2-1"	"TCRBJ2-1*1"	35	42	47	59	7	12	NA	NA	"AACCCAGGGACTCAGCTGTGTACTTCTGTGCCAGCCCTAGGGCTAGCTGTCAATTCCAGCTCCTACAATGAGCAGTTCTTCGGGCCA"	FALSE	FALSE	NA	NA	NA	NA
"ATGAATGTGAGCACCTTGGAGCTGGGGGACTCGGCCCTTTATCTTTGCGCCAGCGGATCCTACACAGATACGCAGTATTTTGGCCCA"	"CASGSYTDTQYF"	"ATGAATGTGAGCACCTTGGAGCTGGGGGACTCGGCCCTTTATCTTTGCGCCAGCGGATCCTACACAGATACGCAGTATTTTGGCCCA"	"CASGSYTDTQYF"	"TCRBV5-1*1"	NA	"TCRBJ2-3*1"	-1	54	57	62	55	5	NA	NA	"ATGAATGTGAGCACCTTGGAGCTGGGGGACTCGGCCCTTTATCTTTGCGCCAGCGGATCCTACACAGATACGCAGTATTTTGGCCCA"	FALSE	TRUE	NA	NA	NA	NA
"AGTTCTAAGAAGCTCCTTCTCAGTGACTCTGGCTTCTATCTCTGTGCCTGGAGATTAGCGGGAGGGTACGAGCAGTACTTCGGGCCG"	"CAWRLAGGYEQYF"	"AGTTCTAAGAAGCTCCTTCTCAGTGACTCTGGCTTCTATCTCTGTGCCTGGAGATTAGCGGGAGGGTACGAGCAGTACTTCGGGCCG"	"CAWRLAGGYEQYF"	"TCRBV3-1*1"	"TCRBD2-1*2"	"TCRBJ2-7*1"	53	55	-1	66	2	67	NA	NA	"AGTTCTAAGAAGCTCCTTCTCAGTGACTCTGGCTTCTATCTCTGTGCCTGGAGATTAGCGGGAGGGTACGAGCAGTACTTCGGGCCG"	FALSE	TRUE	NA	NA	NA	NA
"CAGCAGGTAGTGCGAGGAGATTCGGCAGCTTATTTCTGTGCCAGCTCACCCCGACAGGGGGCGTACACTGAAGCTTTCTTTGGACAA"	"CASSPRQGAYTEAFF"	"CAGCAGGTAGTGCGAGGAGATTCGGCAGCTTATTTCTGTGCCAGCTCACCCCGACAGGGGGCGTACACTGAAGCTTTCTTTGGACAA"	"CASSPRQGAYTEAFF"	"TCRBV18-1*1"	"TCRBD1-1*1"	"TCRBJ1-1*1"	50	52	62	64	2	2	NA	NA	"CAGCAGGTAGTGCGAGGAGATTCGGCAGCTTATTTCTGTGCCAGCTCACCCCGACAGGGGGCGTACACTGAAGCTTTCTTTGGACAA"	FALSE	TRUE	NA	NA	NA	NA
"AAGGTGCAGCCTGCAGAACTGGAGGATTCTGGAGTTTATTTCTGTGCCAGCAGCCACCAGGGAGTGGAGACCCAGTACTTCGGGCCA"	"CASSHQGVETQYF"	"AAGGTGCAGCCTGCAGAACTGGAGGATTCTGGAGTTTATTTCTGTGCCAGCAGCCACCAGGGAGTGGAGACCCAGTACTTCGGGCCA"	"CASSHQGVETQYF"	"TCRBV14-1*1"	NA	"TCRBJ2-5*1"	56	57	62	66	1	4	NA	NA	"AAGGTGCAGCCTGCAGAACTGGAGGATTCTGGAGTTTATTTCTGTGCCAGCAGCCACCAGGGAGTGGAGACCCAGTACTTCGGGCCA"	FALSE	TRUE	NA	NA	NA	NA
"GAGTCTGCCATCCCCAACCAGACAGCTCTTTACTTCTGTGCCACCAGTGACAAGGACAGGGGGTGGGAGACCCAGTACTTCGGGCCA"	"CATSDKDRGWETQYF"	"GAGTCTGCCATCCCCAACCAGACAGCTCTTTACTTCTGTGCCACCAGTGACAAGGACAGGGGGTGGGAGACCCAGTACTTCGGGCCA"	"CATSDKDRGWETQYF"	"TCRBV24-1*1"	"TCRBD1-1*1"	"TCRBJ2-5*1"	50	53	63	66	3	3	NA	NA	"GAGTCTGCCATCCCCAACCAGACAGCTCTTTACTTCTGTGCCACCAGTGACAAGGACAGGGGGTGGGAGACCCAGTACTTCGGGCCA"	FALSE	TRUE	NA	NA	NA	NA
"AACCCAGGGACTTGGGCCTATATTTCTGTGCCAGCAGCTCCCCGGACAGGGGATACAACGAACACCGGGGAGCTGTTTTTTGGAGAA"	""	"AACCCAGGGACTTGGGCCTATATTTCTGTGCCAGCAGCTCCCCGGACAGGGGATACAACGAACACCGGGGAGCTGTTTTTTGGAGAA"	""	"TCRBV12-1*1"	"TCRBD1-1*1"	"TCRBJ2-2*1"	39	43	52	58	4	6	NA	NA	"AACCCAGGGACTTGGGCCTATATTTCTGTGCCAGCAGCTCCCCGGACAGGGGATACAACGAACACCGGGGAGCTGTTTTTTGGAGAA"	FALSE	FALSE	NA	NA	NA	NA
"CCTGGCAATCCTGTCCTCAGAACCGGGAGACACGGCACTGTATCTCTGCGCCAGCAGTCAGATAAGATGAAACTGTTTTTTGGCAGT"	""	"CCTGGCAATCCTGTCCTCAGAACCGGGAGACACGGCACTGTATCTCTGCGCCAGCAGTCAGATAAGATGAAACTGTTTTTTGGCAGT"	""	"TCRBV23-1*1"	NA	"TCRBJ1-4*1"	-1	60	62	69	61	7	NA	NA	"CCTGGCAATCCTGTCCTCAGAACCGGGAGACACGGCACTGTATCTCTGCGCCAGCAGTCAGATAAGATGAAACTGTTTTTTGGCAGT"	FALSE	FALSE	NA	NA	NA	NA
"ACCTTGGAGCTGGGGGACTCGGCCCTTTATCTTTGCGCCAGCAGCTCCCGGACTAGCGGAATAACAGATACGCAGTATTTTGGCCCA"	"CASSSRTSGITDTQYF"	"ACCTTGGAGCTGGGGGACTCGGCCCTTTATCTTTGCGCCAGCAGCTCCCGGACTAGCGGAATAACAGATACGCAGTATTTTGGCCCA"	"CASSSRTSGITDTQYF"	"TCRBV5-1*1"	"TCRBD2-1"	"TCRBJ2-3*1"	46	49	59	63	3	4	NA	NA	"ACCTTGGAGCTGGGGGACTCGGCCCTTTATCTTTGCGCCAGCAGCTCCCGGACTAGCGGAATAACAGATACGCAGTATTTTGGCCCA"	FALSE	TRUE	NA	NA	NA	NA
"CCACAAAGCTGGAGGACTCAGCCATGTACTTCTGTGCCAGCAGCGACCTCGAGCAACAGGGGGTTGGGGGAGCTGTTTTTTGGAGAA"	""	"CCACAAAGCTGGAGGACTCAGCCATGTACTTCTGTGCCAGCAGCGACCTCGAGCAACAGGGGGTTGGGGGAGCTGTTTTTTGGAGAA"	""	"TCRBV2-1"	"TCRBD1-1*1"	"TCRBJ2-2*1"	43	55	63	66	12	3	NA	NA	"CCACAAAGCTGGAGGACTCAGCCATGTACTTCTGTGCCAGCAGCGACCTCGAGCAACAGGGGGTTGGGGGAGCTGTTTTTTGGAGAA"	FALSE	FALSE	NA	NA	NA	NA
"CTCCTTCTCAGTGACTCTGGCTTCTATCTCTGTGCCTGGAGGATAAGTGGACAGGGAGAAACCAACTATGGCTACACCTTCGGTTCG"	"CAWRISGQGETNYGYTF"	"CTCCTTCTCAGTGACTCTGGCTTCTATCTCTGTGCCTGGAGGATAAGTGGACAGGGAGAAACCAACTATGGCTACACCTTCGGTTCG"	"CAWRISGQGETNYGYTF"	"TCRBV3-1*1"	"TCRBD1-1*1"	"TCRBJ1-2*1"	41	48	56	63	7	7	NA	NA	"CTCCTTCTCAGTGACTCTGGCTTCTATCTCTGTGCCTGGAGGATAAGTGGACAGGGAGAAACCAACTATGGCTACACCTTCGGTTCG"	FALSE	TRUE	NA	NA	NA	NA
"NNNNTGTCGGCTGCTCCCTCCCAGACATCTGTGTACTTCTGTGCCAGCGAGGACGGATCAACCAAAAACATTCAGTACTTCGGCGCC"	"CASEDGSTKNIQYF"	"NNNNTGTCGGCTGCTCCCTCCCAGACATCTGTGTACTTCTGTGCCAGCGAGGACGGATCAACCAAAAACATTCAGTACTTCGGCGCC"	"CASEDGSTKNIQYF"	"TCRBV6-5*1"	NA	"TCRBJ2-4*1"	48	50	54	61	2	7	NA	NA	"NNNNTGTCGGCTGCTCCCTCCCAGACATCTGTGTACTTCTGTGCCAGCGAGGACGGATCAACCAAAAACATTCAGTACTTCGGCGCC"	FALSE	TRUE	NA	NA	NA	NA
"GTGAGCACCTTGGAGCTGGGGGACTCGGCCCTTTATCTTTGCGCCAGCAGCCAAACTAGCGGGAAGGATACGCAGTATTTTGGCCCA"	"CASSQTSGKDTQYF"	"GTGAGCACCTTGGAGCTGGGGGACTCGGCCCTTTATCTTTGCGCCAGCAGCCAAACTAGCGGGAAGGATACGCAGTATTTTGGCCCA"	"CASSQTSGKDTQYF"	"TCRBV5-1*1"	"TCRBD2-1*2"	"TCRBJ2-3*1"	51	54	64	66	3	2	NA	NA	"GTGAGCACCTTGGAGCTGGGGGACTCGGCCCTTTATCTTTGCGCCAGCAGCCAAACTAGCGGGAAGGATACGCAGTATTTTGGCCCA"	FALSE	TRUE	NA	NA	NA	NA
"ACAGTGACCAGTGCCCATCCTGAAGACAGCAGCTTCTACATCTGCAGTGCTAGTCAGGGCCCGCGGCAGCCCCAGCATTTTGGTGAT"	"CSASQGPRQPQHF"	"ACAGTGACCAGTGCCCATCCTGAAGACAGCAGCTTCTACATCTGCAGTGCTAGTCAGGGCCCGCGGCAGCCCCAGCATTTTGGTGAT"	"CSASQGPRQPQHF"	"TCRBV2-1*4"	"TCRBD1-1*1"	"TCRBJ1-5*1"	-1	54	59	66	55	7	NA	NA	"ACAGTGACCAGTGCCCATCCTGAAGACAGCAGCTTCTACATCTGCAGTGCTAGTCAGGGCCCGCGGCAGCCCCAGCATTTTGGTGAT"	FALSE	TRUE	NA	NA	NA	NA
"TCCCTGGAGCTTGGTGACTCTGCTGTGTATTTCTGTGCCAGCAGCCAAGGAGGGCGGACTAGCACAGATACGCAGTATTTTGGCCCA"	"CASSQGGRTSTDTQYF"	"TCCCTGGAGCTTGGTGACTCTGCTGTGTATTTCTGTGCCAGCAGCCAAGGAGGGCGGACTAGCACAGATACGCAGTATTTTGGCCCA"	"CASSQGGRTSTDTQYF"	"TCRBV3-1/3-2*1"	"TCRBD2-1"	"TCRBJ2-3*1"	49	55	-1	60	6	61	NA	NA	"TCCCTGGAGCTTGGTGACTCTGCTGTGTATTTCTGTGCCAGCAGCCAAGGAGGGCGGACTAGCACAGATACGCAGTATTTTGGCCCA"	FALSE	TRUE	NA	NA	NA	NA
"CTACACACCCTGCAGCCAGAAGACTCGGCCCTGTATCTCTGCGCCAGCAGACTCTCTCTAGAGGGCTACGAGCAGTACTTCGGGCCG"	"CASRLSLEGYEQYF"	"CTACACACCCTGCAGCCAGAAGACTCGGCCCTGTATCTCTGCGCCAGCAGACTCTCTCTAGAGGGCTACGAGCAGTACTTCGGGCCG"	"CASRLSLEGYEQYF"	"TCRBV4-3*1"	"TCRBD2-1*2"	"TCRBJ2-7*1"	50	60	-1	65	10	66	NA	NA	"CTACACACCCTGCAGCCAGAAGACTCGGCCCTGTATCTCTGCGCCAGCAGACTCTCTCTAGAGGGCTACGAGCAGTACTTCGGGCCG"	FALSE	TRUE	NA	NA	NA	NA
"TCCGCCAGCACCAACCAGACATCTATGTACCTCTGTGCCAGCAGTTGGGGACTAGCGGGTGCCCTCAACGAGCAGTACTTCGGGCCG"	"CASSWGLAGALNEQYF"	"TCCGCCAGCACCAACCAGACATCTATGTACCTCTGTGCCAGCAGTTGGGGACTAGCGGGTGCCCTCAACGAGCAGTACTTCGGGCCG"	"CASSWGLAGALNEQYF"	"TCRBV28-1*1"	"TCRBD2-1"	"TCRBJ2-7*1"	46	47	59	67	1	8	NA	NA	"TCCGCCAGCACCAACCAGACATCTATGTACCTCTGTGCCAGCAGTTGGGGACTAGCGGGTGCCCTCAACGAGCAGTACTTCGGGCCG"	FALSE	TRUE	NA	NA	NA	NA
"ACGATCCAGCGCACAGAGCAGCGGGACTCGGCCATGTATCGCTGTGCCAGCAGCTTAGACCGGGACTACAAGCAGTTCTTCGGGCCA"	"CASSLDRDYKQFF"	"ACGATCCAGCGCACAGAGCAGCGGGACTCGGCCATGTATCGCTGTGCCAGCAGCTTAGACCGGGACTACAAGCAGTTCTTCGGGCCA"	"CASSLDRDYKQFF"	"TCRBV7-6*1"	"TCRBD2-1"	"TCRBJ2-1*1"	58	61	68	70	3	2	NA	NA	"ACGATCCAGCGCACAGAGCAGCGGGACTCGGCCATGTATCGCTGTGCCAGCAGCTTAGACCGGGACTACAAGCAGTTCTTCGGGCCA"	FALSE	TRUE	NA	NA	NA	NA
"AATGTGAGCACCTTGGAGCTGGGGGACTCGGCCCTTTATCTTTGCGCCAGCAGCCACGGGACGAACACTGAAGCTTTCTTTGGACAA"	"CASSHGTNTEAFF"	"AATGTGAGCACCTTGGAGCTGGGGGACTCGGCCCTTTATCTTTGCGCCAGCAGCCACGGGACGAACACTGAAGCTTTCTTTGGACAA"	"CASSHGTNTEAFF"	"TCRBV5-1*1"	NA	"TCRBJ1-1*1"	54	57	-1	62	3	63	NA	NA	"AATGTGAGCACCTTGGAGCTGGGGGACTCGGCCCTTTATCTTTGCGCCAGCAGCCACGGGACGAACACTGAAGCTTTCTTTGGACAA"	FALSE	TRUE	NA	NA	NA	NA
"GTGCAGCCTGCAGAACTGGAGGATTCTGGAGTTTATTTCTGTGCCAGCAGCCAAGTCCGGGGGGTTGCTGGCTACACCTTCGGTTCG"	"CASSQVRGVAGYTF"	"GTGCAGCCTGCAGAACTGGAGGATTCTGGAGTTTATTTCTGTGCCAGCAGCCAAGTCCGGGGGGTTGCTGGCTACACCTTCGGTTCG"	"CASSQVRGVAGYTF"	"TCRBV14-1*1"	"TCRBD2-1*1"	"TCRBJ1-2*1"	55	57	64	68	2	4	NA	NA	"GTGCAGCCTGCAGAACTGGAGGATTCTGGAGTTTATTTCTGTGCCAGCAGCCAAGTCCGGGGGGTTGCTGGCTACACCTTCGGTTCG"	FALSE	TRUE	NA	NA	NA	NA
"NNNNTGTCGGCTGCTCCCTCCCAGACATCTGTGTACTTCTGTGCCAGCAGTTATGGGACAGGGGGCTATGGCTACACCTTCGGTTCG"	"CASSYGTGGYGYTF"	"NNNNTGTCGGCTGCTCCCTCCCAGACATCTGTGTACTTCTGTGCCAGCAGTTATGGGACAGGGGGCTATGGCTACACCTTCGGTTCG"	"CASSYGTGGYGYTF"	"TCRBV6-5*1"	"TCRBD1-1*1"	"TCRBJ1-2*1"	53	54	-1	65	1	66	NA	NA	"NNNNTGTCGGCTGCTCCCTCCCAGACATCTGTGTACTTCTGTGCCAGCAGTTATGGGACAGGGGGCTATGGCTACACCTTCGGTTCG"	FALSE	TRUE	NA	NA	NA	NA
"CGGTCCACAAAGCTGGAGGACTCAGCCATGTACTTCTGTGCCAGCAGTGAAGAGGGACAGGGGAACACTGAAGCTTTCTTTGGACAA"	"CASSEEGQGNTEAFF"	"CGGTCCACAAAGCTGGAGGACTCAGCCATGTACTTCTGTGCCAGCAGTGAAGAGGGACAGGGGAACACTGAAGCTTTCTTTGGACAA"	"CASSEEGQGNTEAFF"	"TCRBV2-1"	"TCRBD1-1*1"	"TCRBJ1-1*1"	52	53	-1	62	1	63	NA	NA	"CGGTCCACAAAGCTGGAGGACTCAGCCATGTACTTCTGTGCCAGCAGTGAAGAGGGACAGGGGAACACTGAAGCTTTCTTTGGACAA"	FALSE	TRUE	NA	NA	NA	NA
"CTCAAGATCCAGCCTGCAAAGCTTGAGGACTCGGCCGTGTATCTCTGTGCCAGCAGCCCAACGAGGTCTGAGCAGTTCTTCGGGCCA"	"CASSPTRSEQFF"	"CTCAAGATCCAGCCTGCAAAGCTTGAGGACTCGGCCGTGTATCTCTGTGCCAGCAGCCCAACGAGGTCTGAGCAGTTCTTCGGGCCA"	"CASSPTRSEQFF"	"TCRBV11-2*1"	"TCRBD2-1*2"	"TCRBJ2-1*1"	57	62	66	68	5	2	NA	NA	"CTCAAGATCCAGCCTGCAAAGCTTGAGGACTCGGCCGTGTATCTCTGTGCCAGCAGCCCAACGAGGTCTGAGCAGTTCTTCGGGCCA"	FALSE	TRUE	NA	NA	NA	NA
"GTGAGCAACATGAGCCCTGAAGACAGCAGCATATATCTCTGCAGCGTTGTACCCCTCCTGGGGGGGGAAAAACTGTTTTTTGGCAGT"	"CSVVPLLGGEKLFF"	"GTGAGCAACATGAGCCCTGAAGACAGCAGCATATATCTCTGCAGCGTTGTACCCCTCCTGGGGGGGGAAAAACTGTTTTTTGGCAGT"	"CSVVPLLGGEKLFF"	"TCRBV29-1"	"TCRBD2-1*1"	"TCRBJ1-4*1"	49	59	-1	66	10	67	NA	NA	"GTGAGCAACATGAGCCCTGAAGACAGCAGCATATATCTCTGCAGCGTTGTACCCCTCCTGGGGGGGGAAAAACTGTTTTTTGGCAGT"	FALSE	TRUE	NA	NA	NA	NA
"CAGCACCAACCAGACATCTATGTACCTCTGTGCCAGCAGTTTCCCTGAACGGCATCCCAAAGCACAGATACGCAGTATTTTGGCCCA"	""	"CAGCACCAACCAGACATCTATGTACCTCTGTGCCAGCAGTTTCCCTGAACGGCATCCCAAAGCACAGATACGCAGTATTTTGGCCCA"	""	"TCRBV28-1*1"	NA	"TCRBJ2-3*1"	42	50	53	60	8	7	NA	NA	"CAGCACCAACCAGACATCTATGTACCTCTGTGCCAGCAGTTTCCCTGAACGGCATCCCAAAGCACAGATACGCAGTATTTTGGCCCA"	FALSE	FALSE	NA	NA	NA	NA
"ACATCGGCCCAAAAGAACCCGACAGCTTTCTATCTCTGTGCCAGCCGCAGGCGGGACAGGGGTACAGATACGCAGTATTTTGGCCCA"	"CASRRRDRGTDTQYF"	"ACATCGGCCCAAAAGAACCCGACAGCTTTCTATCTCTGTGCCAGCCGCAGGCGGGACAGGGGTACAGATACGCAGTATTTTGGCCCA"	"CASRRRDRGTDTQYF"	"TCRBV19-1*1"	"TCRBD1-1*1"	"TCRBJ2-3*1"	44	52	62	63	8	1	NA	NA	"ACATCGGCCCAAAAGAACCCGACAGCTTTCTATCTCTGTGCCAGCCGCAGGCGGGACAGGGGTACAGATACGCAGTATTTTGGCCCA"	FALSE	TRUE	NA	NA	NA	NA
"ATCCGGTCCACAAAGCTGGAGGACTCAGCCATGTACTTCTGTGCCAGCAGTGGGAGGCCTGCGAATTCACCCCTCCACTTTGGGAAT"	"CASSGRPANSPLHF"	"ATCCGGTCCACAAAGCTGGAGGACTCAGCCATGTACTTCTGTGCCAGCAGTGGGAGGCCTGCGAATTCACCCCTCCACTTTGGGAAT"	"CASSGRPANSPLHF"	"TCRBV2-1"	"TCRBD2-1*2"	"TCRBJ1-6*1"	-1	52	57	63	53	6	NA	NA	"ATCCGGTCCACAAAGCTGGAGGACTCAGCCATGTACTTCTGTGCCAGCAGTGGGAGGCCTGCGAATTCACCCCTCCACTTTGGGAAT"	FALSE	TRUE	NA	NA	NA	NA
"ACCCTGGAGTCTGCCAGGCCCTCACATACCTCTCAGTACCTCTGTGCCAGCAGTGTTGACCCGACCTACGAGCAGTACTTCGGGCCG"	"CASSVDPTYEQYF"	"ACCCTGGAGTCTGCCAGGCCCTCACATACCTCTCAGTACCTCTGTGCCAGCAGTGTTGACCCGACCTACGAGCAGTACTTCGGGCCG"	"CASSVDPTYEQYF"	"TCRBV25-1*1"	NA	"TCRBJ2-7*1"	55	57	60	64	2	4	NA	NA	"ACCCTGGAGTCTGCCAGGCCCTCACATACCTCTCAGTACCTCTGTGCCAGCAGTGTTGACCCGACCTACGAGCAGTACTTCGGGCCG"	FALSE	TRUE	NA	NA	NA	NA
"ATCCAGCGCACAGAGCAGGGGGACTCGGCCATGTATCTCTGTGCCAGCAGCTTAGTACCGGGTACCTACGAGCAGTACTTCGGGCCG"	"CASSLVPGTYEQYF"	"ATCCAGCGCACAGAGCAGGGGGACTCGGCCATGTATCTCTGTGCCAGCAGCTTAGTACCGGGTACCTACGAGCAGTACTTCGGGCCG"	"CASSLVPGTYEQYF"	"TCRBV7-9*1"	"TCRBD2-1"	"TCRBJ2-7*1"	55	58	62	64	3	2	NA	NA	"ATCCAGCGCACAGAGCAGGGGGACTCGGCCATGTATCTCTGTGCCAGCAGCTTAGTACCGGGTACCTACGAGCAGTACTTCGGGCCG"	FALSE	TRUE	NA	NA	NA	NA
"CTGTACCCTCTCAGACATCTGTGTACTTCTGTGCCAGCAGTGACTATTCCGGGACTATCGACCTAGTGGGAGCTGTTTTTTGGAGAA"	""	"CTGTACCCTCTCAGACATCTGTGTACTTCTGTGCCAGCAGTGACTATTCCGGGACTATCGACCTAGTGGGAGCTGTTTTTTGGAGAA"	""	"TCRBV6-4*1"	"TCRBD2-1"	"TCRBJ2-2*1"	45	50	57	67	5	10	NA	NA	"CTGTACCCTCTCAGACATCTGTGTACTTCTGTGCCAGCAGTGACTATTCCGGGACTATCGACCTAGTGGGAGCTGTTTTTTGGAGAA"	FALSE	FALSE	NA	NA	NA	NA
"TCCCAGACATCTGTGTACTTCTGTGCCAGCAGTCCCCTCGGGACAGCCGGCTGACACGTAGATAAAAACATTCAGTACTTCGGCGCC"	"CASSPLGTAG*HVDKNIQYF"	"TCCCAGACATCTGTGTACTTCTGTGCCAGCAGTCCCCTCGGGACAGCCGGCTGACACGTAGATAAAAACATTCAGTACTTCGGCGCC"	"CASSPLGTAG*HVDKNIQYF"	"TCRBV6-6*4"	"TCRBD1-1*1"	"TCRBJ2-4*1"	34	39	46	63	5	17	NA	NA	"TCCCAGACATCTGTGTACTTCTGTGCCAGCAGTCCCCTCGGGACAGCCGGCTGACACGTAGATAAAAACATTCAGTACTTCGGCGCC"	FALSE	TRUE	NA	NA	NA	NA
"CAGCCCTCAGAACCCAGGGACTCAGCTGTGTACTTCTGTGCCAGCAGGGTGGGGTCTAAGTCCTACAATGAGCAGTTCTTCGGGCCA"	"CASRVGSKSYNEQFF"	"CAGCCCTCAGAACCCAGGGACTCAGCTGTGTACTTCTGTGCCAGCAGGGTGGGGTCTAAGTCCTACAATGAGCAGTTCTTCGGGCCA"	"CASRVGSKSYNEQFF"	NA	NA	"TCRBJ2-1*1"	47	50	54	60	3	6	NA	NA	"CAGCCCTCAGAACCCAGGGACTCAGCTGTGTACTTCTGTGCCAGCAGGGTGGGGTCTAAGTCCTACAATGAGCAGTTCTTCGGGCCA"	FALSE	TRUE	NA	NA	NA	NA
"ATCCAGCCCTCAGAACCCAGGGACTCAGCTGTGTACTTCTGTGCCAGCAGTTTTGGACTAGCGGAATACGAGCAGTACTTCGGGCCG"	"CASSFGLAEYEQYF"	"ATCCAGCCCTCAGAACCCAGGGACTCAGCTGTGTACTTCTGTGCCAGCAGTTTTGGACTAGCGGAATACGAGCAGTACTTCGGGCCG"	"CASSFGLAEYEQYF"	NA	"TCRBD2-1"	"TCRBJ2-7*1"	53	54	64	66	1	2	NA	NA	"ATCCAGCCCTCAGAACCCAGGGACTCAGCTGTGTACTTCTGTGCCAGCAGTTTTGGACTAGCGGAATACGAGCAGTACTTCGGGCCG"	FALSE	TRUE	NA	NA	NA	NA
"AACCAGACCTCTCTGTACTTCTGTGCCAGCTCATCCCTCGGCGGGACTAGCGGGGGGTCGGTCCAAGAGACCCAGTACTTCGGGCCA"	"CASSSLGGTSGGSVQETQYF"	"AACCAGACCTCTCTGTACTTCTGTGCCAGCTCATCCCTCGGCGGGACTAGCGGGGGGTCGGTCCAAGAGACCCAGTACTTCGGGCCA"	"CASSSLGGTSGGSVQETQYF"	"TCRBV27-1*1"	"TCRBD2-1*1"	"TCRBJ2-5*1"	30	42	57	62	12	5	NA	NA	"AACCAGACCTCTCTGTACTTCTGTGCCAGCTCATCCCTCGGCGGGACTAGCGGGGGGTCGGTCCAAGAGACCCAGTACTTCGGGCCA"	FALSE	TRUE	NA	NA	NA	NA
"AGTGCCCATCCTGAAGACAGCAGCTTCTACATCTGCAGTGCTAGAGGGGGACAGCGGAATTTTCGGGAGACCCAGTACTTCGGGCCA"	"CSARGGQRNFRETQYF"	"AGTGCCCATCCTGAAGACAGCAGCTTCTACATCTGCAGTGCTAGAGGGGGACAGCGGAATTTTCGGGAGACCCAGTACTTCGGGCCA"	"CSARGGQRNFRETQYF"	NA	"TCRBD1-1*1"	"TCRBJ2-5*1"	46	47	54	66	1	12	NA	NA	"AGTGCCCATCCTGAAGACAGCAGCTTCTACATCTGCAGTGCTAGAGGGGGACAGCGGAATTTTCGGGAGACCCAGTACTTCGGGCCA"	FALSE	TRUE	NA	NA	NA	NA
"GTGCAGCCTGCAGAACTGGAGGATTCTGGAGTTTATTTCTGTGCCAGCAGCCAAGATCGAGACAGGGGTAGCCAGTACTTCGGGCCA"	"CASSQDRDRGSQYF"	"GTGCAGCCTGCAGAACTGGAGGATTCTGGAGTTTATTTCTGTGCCAGCAGCCAAGATCGAGACAGGGGTAGCCAGTACTTCGGGCCA"	"CASSQDRDRGSQYF"	"TCRBV14-1*1"	"TCRBD1-1*1"	"TCRBJ2-5*1"	56	60	68	71	4	3	NA	NA	"GTGCAGCCTGCAGAACTGGAGGATTCTGGAGTTTATTTCTGTGCCAGCAGCCAAGATCGAGACAGGGGTAGCCAGTACTTCGGGCCA"	FALSE	TRUE	NA	NA	NA	NA
"ATCCTGTCCTCAGAACCGGGAGACACGGCACTGTATCTCTGCGCCAGCAGTCCGCCAGACCGCTACAATGAGCAGTTCTTCGGGCCA"	"CASSPPDRYNEQFF"	"ATCCTGTCCTCAGAACCGGGAGACACGGCACTGTATCTCTGCGCCAGCAGTCCGCCAGACCGCTACAATGAGCAGTTCTTCGGGCCA"	"CASSPPDRYNEQFF"	"TCRBV23-1*1"	NA	"TCRBJ2-1*1"	52	57	60	62	5	2	NA	NA	"ATCCTGTCCTCAGAACCGGGAGACACGGCACTGTATCTCTGCGCCAGCAGTCCGCCAGACCGCTACAATGAGCAGTTCTTCGGGCCA"	FALSE	TRUE	NA	NA	NA	NA
"GAACCCAGGGACTCAGCTGTGTACTTCTGTGCCAGCAGTTTAAGTTTTGCGGCTTCCTACTCTGGAAACACCATATATTTTGGAGAG"	"CASSLSFAASYSGNTIYF"	"GAACCCAGGGACTCAGCTGTGTACTTCTGTGCCAGCAGTTTAAGTTTTGCGGCTTCCTACTCTGGAAACACCATATATTTTGGAGAG"	"CASSLSFAASYSGNTIYF"	NA	"TCRBD2-1"	"TCRBJ1-3*1"	42	48	52	59	6	7	NA	NA	"GAACCCAGGGACTCAGCTGTGTACTTCTGTGCCAGCAGTTTAAGTTTTGCGGCTTCCTACTCTGGAAACACCATATATTTTGGAGAG"	FALSE	TRUE	NA	NA	NA	NA
"GTGCGAGGAGATTCGGCAGCTTATTTCTGTGCCAGCTCACTCCCGTGGGGGACAGGGATCCCCACAGATACGCAGTATTTTGGCCCA"	"CASSLPWGTGIPTDTQYF"	"GTGCGAGGAGATTCGGCAGCTTATTTCTGTGCCAGCTCACTCCCGTGGGGGACAGGGATCCCCACAGATACGCAGTATTTTGGCCCA"	"CASSLPWGTGIPTDTQYF"	"TCRBV18-1*1"	"TCRBD1-1*1"	"TCRBJ2-3*1"	40	48	57	62	8	5	NA	NA	"GTGCGAGGAGATTCGGCAGCTTATTTCTGTGCCAGCTCACTCCCGTGGGGGACAGGGATCCCCACAGATACGCAGTATTTTGGCCCA"	FALSE	TRUE	NA	NA	NA	NA
"CCAGCCCTCAGAACCCAGGGACTCAGCTGTGTACTTCTGTGCCAGCAGTTTTTTGTAGGGCAGGGCTACGAGCAGTACTTCGGGCCG"	""	"CCAGCCCTCAGAACCCAGGGACTCAGCTGTGTACTTCTGTGCCAGCAGTTTTTTGTAGGGCAGGGCTACGAGCAGTACTTCGGGCCG"	""	NA	"TCRBD1-1*1"	"TCRBJ2-7*1"	51	60	-1	65	9	66	NA	NA	"CCAGCCCTCAGAACCCAGGGACTCAGCTGTGTACTTCTGTGCCAGCAGTTTTTTGTAGGGCAGGGCTACGAGCAGTACTTCGGGCCG"	FALSE	FALSE	NA	NA	NA	NA
"CCAGCAGGTAGTGCGAGGAGATTCGGCAGCTTATTTCTGTGCCAGCTCACCTCGGGTCCCGGACGGGATGAGCAGTTCTTCGGGCCA"	""	"CCAGCAGGTAGTGCGAGGAGATTCGGCAGCTTATTTCTGTGCCAGCTCACCTCGGGTCCCGGACGGGATGAGCAGTTCTTCGGGCCA"	""	"TCRBV18-1*1"	NA	"TCRBJ2-1*1"	51	60	64	67	9	3	NA	NA	"CCAGCAGGTAGTGCGAGGAGATTCGGCAGCTTATTTCTGTGCCAGCTCACCTCGGGTCCCGGACGGGATGAGCAGTTCTTCGGGCCA"	FALSE	FALSE	NA	NA	NA	NA
"TCCCAGACATCTGTGTACTTCTGTGCCAGCAGTGAACGCGTGGGGGGTCTAGGGGGCATCACGAACACTGAAGCTTTCTTTGGACAA"	"CASSERVGGLGGITNTEAFF"	"TCCCAGACATCTGTGTACTTCTGTGCCAGCAGTGAACGCGTGGGGGGTCTAGGGGGCATCACGAACACTGAAGCTTTCTTTGGACAA"	"CASSERVGGLGGITNTEAFF"	"TCRBV6-1*1"	"TCRBD1-1*1"	"TCRBJ1-1*1"	36	50	57	62	14	5	NA	NA	"TCCCAGACATCTGTGTACTTCTGTGCCAGCAGTGAACGCGTGGGGGGTCTAGGGGGCATCACGAACACTGAAGCTTTCTTTGGACAA"	FALSE	TRUE	NA	NA	NA	NA
"TCTGCTGCCTCCTCCCAGACATCTGTATATTTCTGCGCCAGCAGTGAGTCTCTAGGACTAACGAACACTGAAGCTTTCTTTGGACAA"	"CASSESLGLTNTEAFF"	"TCTGCTGCCTCCTCCCAGACATCTGTATATTTCTGCGCCAGCAGTGAGTCTCTAGGACTAACGAACACTGAAGCTTTCTTTGGACAA"	"CASSESLGLTNTEAFF"	"TCRBV1-1"	"TCRBD2-1"	"TCRBJ1-1*1"	50	54	60	62	4	2	NA	NA	"TCTGCTGCCTCCTCCCAGACATCTGTATATTTCTGCGCCAGCAGTGAGTCTCTAGGACTAACGAACACTGAAGCTTTCTTTGGACAA"	FALSE	TRUE	NA	NA	NA	NA
"GTGAGCAACATGAGCCCTGAAGACAGCAGCATATATCTCTGCAGCGTTGAAGACACAGGGGACTACAATGAGCAGTTCTTCGGGCCA"	"CSVEDTGDYNEQFF"	"GTGAGCAACATGAGCCCTGAAGACAGCAGCATATATCTCTGCAGCGTTGAAGACACAGGGGACTACAATGAGCAGTTCTTCGGGCCA"	"CSVEDTGDYNEQFF"	"TCRBV29-1"	"TCRBD1-1*1"	"TCRBJ2-1*1"	53	54	61	62	1	1	NA	NA	"GTGAGCAACATGAGCCCTGAAGACAGCAGCATATATCTCTGCAGCGTTGAAGACACAGGGGACTACAATGAGCAGTTCTTCGGGCCA"	FALSE	TRUE	NA	NA	NA	NA
"GCCTTGTTGCTGGGGGACTCGGCCCTGTATCTCTGTGCCAGCAGCGAGTCCCGACAGGGCTGGAACTATGGCTACACCTTCGGTTCG"	"CASSESRQGWNYGYTF"	"GCCTTGTTGCTGGGGGACTCGGCCCTGTATCTCTGTGCCAGCAGCGAGTCCCGACAGGGCTGGAACTATGGCTACACCTTCGGTTCG"	"CASSESRQGWNYGYTF"	"TCRBV5-5*1"	"TCRBD1-1*1"	"TCRBJ1-2*1"	45	52	59	63	7	4	NA	NA	"GCCTTGTTGCTGGGGGACTCGGCCCTGTATCTCTGTGCCAGCAGCGAGTCCCGACAGGGCTGGAACTATGGCTACACCTTCGGTTCG"	FALSE	TRUE	NA	NA	NA	NA
"ACATCGGCCCAAAAGAACCCGACAGCTTTCTATCTCTGTGCCAGTAATCCATCAGGGGGACGGGGAGAGACCCAGTACTTCGGGCCA"	"CASNPSGGRGETQYF"	"ACATCGGCCCAAAAGAACCCGACAGCTTTCTATCTCTGTGCCAGTAATCCATCAGGGGGACGGGGAGAGACCCAGTACTTCGGGCCA"	"CASNPSGGRGETQYF"	"TCRBV19-1*1"	"TCRBD1-1*1"	"TCRBJ2-5*1"	46	52	59	65	6	6	NA	NA	"ACATCGGCCCAAAAGAACCCGACAGCTTTCTATCTCTGTGCCAGTAATCCATCAGGGGGACGGGGAGAGACCCAGTACTTCGGGCCA"	FALSE	TRUE	NA	NA	NA	NA
"TCCCTGGAGCTTGGTGACTCTGCTGTGTATTTCTGTGCCAGCAGCCAAGTCGGGACGGGGGGGTCCTACGAGCAGTACTTCGGGCCG"	"CASSQVGTGGSYEQYF"	"TCCCTGGAGCTTGGTGACTCTGCTGTGTATTTCTGTGCCAGCAGCCAAGTCGGGACGGGGGGGTCCTACGAGCAGTACTTCGGGCCG"	"CASSQVGTGGSYEQYF"	"TCRBV3-1/3-2*1"	"TCRBD2-1*1"	"TCRBJ2-7*1"	49	55	-1	63	6	64	NA	NA	"TCCCTGGAGCTTGGTGACTCTGCTGTGTATTTCTGTGCCAGCAGCCAAGTCGGGACGGGGGGGTCCTACGAGCAGTACTTCGGGCCG"	FALSE	TRUE	NA	NA	NA	NA
"ACAGTGACCAGTGCCCATCCTGAAGACAGCAGCTTCTACATCTGCAGTGCTAGGGGGCAGACCAATCAGCCCCAGCATTTTGGTGAT"	"CSARGQTNQPQHF"	"ACAGTGACCAGTGCCCATCCTGAAGACAGCAGCTTCTACATCTGCAGTGCTAGGGGGCAGACCAATCAGCCCCAGCATTTTGGTGAT"	"CSARGQTNQPQHF"	NA	"TCRBD1-1*1"	"TCRBJ1-5*1"	-1	53	58	62	54	4	NA	NA	"ACAGTGACCAGTGCCCATCCTGAAGACAGCAGCTTCTACATCTGCAGTGCTAGGGGGCAGACCAATCAGCCCCAGCATTTTGGTGAT"	FALSE	TRUE	NA	NA	NA	NA
"CTGAATGTGAACGCCTTGGAGCTGGACGACTCGGCCCTGTATCTCTGTGCCAGCAGCTTGGTTAGCGGGAATCAGTACTTCGGCGCC"	"CASSLVSGNQYF"	"CTGAATGTGAACGCCTTGGAGCTGGACGACTCGGCCCTGTATCTCTGTGCCAGCAGCTTGGTTAGCGGGAATCAGTACTTCGGCGCC"	"CASSLVSGNQYF"	"TCRBV5-4*1"	"TCRBD2-1*2"	"TCRBJ2-4*1"	61	62	70	71	1	1	NA	NA	"CTGAATGTGAACGCCTTGGAGCTGGACGACTCGGCCCTGTATCTCTGTGCCAGCAGCTTGGTTAGCGGGAATCAGTACTTCGGCGCC"	FALSE	TRUE	NA	NA	NA	NA
"NNNNNNNNNNTGTCGGCTGCTCCCTCCCAGACATCTGTGTACTTCTGTGCCACCCAGGGGGCGGATCAGCCCCAGCATTTTGGTGAT"	"CATQGADQPQHF"	"NNNNNNNNNNTGTCGGCTGCTCCCTCCCAGACATCTGTGTACTTCTGTGCCACCCAGGGGGCGGATCAGCCCCAGCATTTTGGTGAT"	"CATQGADQPQHF"	"TCRBV6-5*1"	"TCRBD1-1*1"	"TCRBJ1-5*1"	52	54	62	64	2	2	NA	NA	"NNNNNNNNNNTGTCGGCTGCTCCCTCCCAGACATCTGTGTACTTCTGTGCCACCCAGGGGGCGGATCAGCCCCAGCATTTTGGTGAT"	FALSE	TRUE	NA	NA	NA	NA
"GTGAGCACCTTGGAGCTGGGGGACTCGGCCCTTTATCTTTGCGCCAGCAGCTTAAACAGGGTCAATCAGCCCCAGCATTTTGGTGAT"	"CASSLNRVNQPQHF"	"GTGAGCACCTTGGAGCTGGGGGACTCGGCCCTTTATCTTTGCGCCAGCAGCTTAAACAGGGTCAATCAGCCCCAGCATTTTGGTGAT"	"CASSLNRVNQPQHF"	"TCRBV5-1*1"	"TCRBD1-1*1"	"TCRBJ1-5*1"	53	55	61	62	2	1	NA	NA	"GTGAGCACCTTGGAGCTGGGGGACTCGGCCCTTTATCTTTGCGCCAGCAGCTTAAACAGGGTCAATCAGCCCCAGCATTTTGGTGAT"	FALSE	TRUE	NA	NA	NA	NA
"TGAATGTGAGCACCTTGGAGCTGGGGGACTCGGCCCTTTATCTTTGCGCCAGCATAGTCCGGGGCCAACGTCCTGACTTTCGGGGCC"	""	"TGAATGTGAGCACCTTGGAGCTGGGGGACTCGGCCCTTTATCTTTGCGCCAGCATAGTCCGGGGCCAACGTCCTGACTTTCGGGGCC"	""	"TCRBV5-1*1"	"TCRBD2-1"	"TCRBJ2-6*1"	-1	54	57	60	55	3	NA	NA	"TGAATGTGAGCACCTTGGAGCTGGGGGACTCGGCCCTTTATCTTTGCGCCAGCATAGTCCGGGGCCAACGTCCTGACTTTCGGGGCC"	FALSE	FALSE	NA	NA	NA	NA
"CAGCCTGCAAAGCTTGAGGACTCGGCCGTGTATCTCTGTGCCAGCAGCTTAGGAGCCCAGGGGGACAATGAGCAGTTCTTCGGGCCA"	"CASSLGAQGDNEQFF"	"CAGCCTGCAAAGCTTGAGGACTCGGCCGTGTATCTCTGTGCCAGCAGCTTAGGAGCCCAGGGGGACAATGAGCAGTTCTTCGGGCCA"	"CASSLGAQGDNEQFF"	"TCRBV11-2*1"	"TCRBD1-1*1"	"TCRBJ2-1*1"	52	57	-1	64	5	65	NA	NA	"CAGCCTGCAAAGCTTGAGGACTCGGCCGTGTATCTCTGTGCCAGCAGCTTAGGAGCCCAGGGGGACAATGAGCAGTTCTTCGGGCCA"	FALSE	TRUE	NA	NA	NA	NA
"GAGTCTGCTGCCTCCTCCCAGACATCTGTATATTTCTGCGCCAGCAGCGGCCTTAGACCCCGCAATCAGCCCCAGCATTTTGGTGAT"	"CASSGLRPRNQPQHF"	"GAGTCTGCTGCCTCCTCCCAGACATCTGTATATTTCTGCGCCAGCAGCGGCCTTAGACCCCGCAATCAGCCCCAGCATTTTGGTGAT"	"CASSGLRPRNQPQHF"	"TCRBV1-1*1"	NA	"TCRBJ1-5*1"	47	55	58	61	8	3	NA	NA	"GAGTCTGCTGCCTCCTCCCAGACATCTGTATATTTCTGCGCCAGCAGCGGCCTTAGACCCCGCAATCAGCCCCAGCATTTTGGTGAT"	FALSE	TRUE	NA	NA	NA	NA
"CTGAATGTGAACGCCTTGTTGCTGGGGGACTCGGCCCTCTATCTCTGTGCCAGCAGCTATCGCGGGCAGGAGCAGTTCTTCGGGCCA"	"CASSYRGQEQFF"	"CTGAATGTGAACGCCTTGTTGCTGGGGGACTCGGCCCTCTATCTCTGTGCCAGCAGCTATCGCGGGCAGGAGCAGTTCTTCGGGCCA"	"CASSYRGQEQFF"	"TCRBV5-6*1"	"TCRBD2-1"	"TCRBJ2-1*1"	58	61	66	69	3	3	NA	NA	"CTGAATGTGAACGCCTTGTTGCTGGGGGACTCGGCCCTCTATCTCTGTGCCAGCAGCTATCGCGGGCAGGAGCAGTTCTTCGGGCCA"	FALSE	TRUE	NA	NA	NA	NA
"ATCCTGGAGTCGCCCAGCCCCAACCAGACCTCTCTGTACTTCTGTGCCAGCAGTTTATCCCGGCTCGGCGAGCAGTACTTCGGGCCG"	"CASSLSRLGEQYF"	"ATCCTGGAGTCGCCCAGCCCCAACCAGACCTCTCTGTACTTCTGTGCCAGCAGTTTATCCCGGCTCGGCGAGCAGTACTTCGGGCCG"	"CASSLSRLGEQYF"	"TCRBV27-1*1"	NA	"TCRBJ2-7*1"	59	61	64	68	2	4	NA	NA	"ATCCTGGAGTCGCCCAGCCCCAACCAGACCTCTCTGTACTTCTGTGCCAGCAGTTTATCCCGGCTCGGCGAGCAGTACTTCGGGCCG"	FALSE	TRUE	NA	NA	NA	NA
"AGCTTGAGGACTCGGCCGTGTATCTCTGTGCCAGCAGCTTAGTTGAATTCGCAGGTGCCCCCCACAGATACGCAGTATTTTGGCCCA"	""	"AGCTTGAGGACTCGGCCGTGTATCTCTGTGCCAGCAGCTTAGTTGAATTCGCAGGTGCCCCCCACAGATACGCAGTATTTTGGCCCA"	""	"TCRBV11-2"	"TCRBD1-1*1"	"TCRBJ2-3*1"	42	51	55	62	9	7	NA	NA	"AGCTTGAGGACTCGGCCGTGTATCTCTGTGCCAGCAGCTTAGTTGAATTCGCAGGTGCCCCCCACAGATACGCAGTATTTTGGCCCA"	FALSE	FALSE	NA	NA	NA	NA
"TGCCTTCACCTACACACCCTGCAGCCAGAAGACTCGGCCCTGTATCTCTGCGCCAGCAGCCAAGGTCTTGAGCAGTACTTCGGGCCG"	"CASSQGLEQYF"	"TGCCTTCACCTACACACCCTGCAGCCAGAAGACTCGGCCCTGTATCTCTGCGCCAGCAGCCAAGGTCTTGAGCAGTACTTCGGGCCG"	"CASSQGLEQYF"	"TCRBV4-3*1"	"TCRBD2-1"	"TCRBJ2-7*1"	64	66	68	69	2	1	NA	NA	"TGCCTTCACCTACACACCCTGCAGCCAGAAGACTCGGCCCTGTATCTCTGCGCCAGCAGCCAAGGTCTTGAGCAGTACTTCGGGCCG"	FALSE	TRUE	NA	NA	NA	NA
"ATCCAGCCTGCAGAGCTTGGGGACTCGGCCGTGTATCTCTGTGCCAGCAGCAGGGCCGGGAGGCTCAATGAGCAGTTCTTCGGGCCA"	"CASSRAGRLNEQFF"	"ATCCAGCCTGCAGAGCTTGGGGACTCGGCCGTGTATCTCTGTGCCAGCAGCAGGGCCGGGAGGCTCAATGAGCAGTTCTTCGGGCCA"	"CASSRAGRLNEQFF"	"TCRBV11-3*1"	"TCRBD2-1*2"	"TCRBJ2-1*1"	51	56	63	65	5	2	NA	NA	"ATCCAGCCTGCAGAGCTTGGGGACTCGGCCGTGTATCTCTGTGCCAGCAGCAGGGCCGGGAGGCTCAATGAGCAGTTCTTCGGGCCA"	FALSE	TRUE	NA	NA	NA	NA
"ACTCTGACTGTGAGCAACATGAGCCCTGAAGACAGCAGCATATATCTCTGCACCGTGCCAGACTACAATGAGCAGTTCTTCGGGCCA"	"CTVPDYNEQFF"	"ACTCTGACTGTGAGCAACATGAGCCCTGAAGACAGCAGCATATATCTCTGCACCGTGCCAGACTACAATGAGCAGTTCTTCGGGCCA"	"CTVPDYNEQFF"	"TCRBV29-1*1"	"TCRBD1-1*1"	"TCRBJ2-1*1"	56	58	61	62	2	1	NA	NA	"ACTCTGACTGTGAGCAACATGAGCCCTGAAGACAGCAGCATATATCTCTGCACCGTGCCAGACTACAATGAGCAGTTCTTCGGGCCA"	FALSE	TRUE	NA	NA	NA	NA
"CTGGAGTCCGCCAGCACCAACCAGACATCTATGTACCTCTGTGCCAGCAGTTTAGGCGGACAGTACTATGGCTACACCTTCGGTTCG"	"CASSLGGQYYGYTF"	"CTGGAGTCCGCCAGCACCAACCAGACATCTATGTACCTCTGTGCCAGCAGTTTAGGCGGACAGTACTATGGCTACACCTTCGGTTCG"	"CASSLGGQYYGYTF"	"TCRBV28-1*1"	"TCRBD1-1*1"	"TCRBJ1-2*1"	54	57	63	64	3	1	NA	NA	"CTGGAGTCCGCCAGCACCAACCAGACATCTATGTACCTCTGTGCCAGCAGTTTAGGCGGACAGTACTATGGCTACACCTTCGGTTCG"	FALSE	TRUE	NA	NA	NA	NA
"AAGATCCGGTCCACAAAGCTGGAGGACTCAGCCATGTACTTCTGTGCCAGCAGCCGAGCTATGAATCAGCCCCAGCATTTTGGTGAT"	"CASSRAMNQPQHF"	"AAGATCCGGTCCACAAAGCTGGAGGACTCAGCCATGTACTTCTGTGCCAGCAGCCGAGCTATGAATCAGCCCCAGCATTTTGGTGAT"	"CASSRAMNQPQHF"	"TCRBV2-1"	"TCRBD2-1"	"TCRBJ1-5*1"	53	58	61	63	5	2	NA	NA	"AAGATCCGGTCCACAAAGCTGGAGGACTCAGCCATGTACTTCTGTGCCAGCAGCCGAGCTATGAATCAGCCCCAGCATTTTGGTGAT"	FALSE	TRUE	NA	NA	NA	NA
"CGCCTTGGAGCTGGACGACTCGGCCCTGTATCTCTGTGCCAGCAGCGTACGGACTAGCGGGTCTCCTACGAGCAGTACTTCGGGCCG"	""	"CGCCTTGGAGCTGGACGACTCGGCCCTGTATCTCTGTGCCAGCAGCGTACGGACTAGCGGGTCTCCTACGAGCAGTACTTCGGGCCG"	""	"TCRBV5-4*1"	"TCRBD2-1"	"TCRBJ2-7*1"	46	50	61	62	4	1	NA	NA	"CGCCTTGGAGCTGGACGACTCGGCCCTGTATCTCTGTGCCAGCAGCGTACGGACTAGCGGGTCTCCTACGAGCAGTACTTCGGGCCG"	FALSE	FALSE	NA	NA	NA	NA
"CTGCAGCCAGAAGACTCGGCCCTGTATCTCTGCGCCAGCAGCCAAGATCGCGCACAATATCGGACAGGTGGCTACACCTTCGGTTCG"	"CASSQDRAQYRTGGYTF"	"CTGCAGCCAGAAGACTCGGCCCTGTATCTCTGCGCCAGCAGCCAAGATCGCGCACAATATCGGACAGGTGGCTACACCTTCGGTTCG"	"CASSQDRAQYRTGGYTF"	"TCRBV4-3*1"	"TCRBD1-1*1"	"TCRBJ1-2*1"	47	61	-1	68	14	69	NA	NA	"CTGCAGCCAGAAGACTCGGCCCTGTATCTCTGCGCCAGCAGCCAAGATCGCGCACAATATCGGACAGGTGGCTACACCTTCGGTTCG"	FALSE	TRUE	NA	NA	NA	NA
"AGTCGCCCAGCCCCAACCAGACCTCTCTGTACTTCTGTGCCAGCAGTTCACTTAGCGGGAGGGGGCTGCGAGCAGTACTTCGGGCCG"	""	"AGTCGCCCAGCCCCAACCAGACCTCTCTGTACTTCTGTGCCAGCAGTTCACTTAGCGGGAGGGGGCTGCGAGCAGTACTTCGGGCCG"	""	"TCRBV27-1*1"	"TCRBD2-1*2"	"TCRBJ2-7*1"	48	52	63	68	4	5	NA	NA	"AGTCGCCCAGCCCCAACCAGACCTCTCTGTACTTCTGTGCCAGCAGTTCACTTAGCGGGAGGGGGCTGCGAGCAGTACTTCGGGCCG"	FALSE	FALSE	NA	NA	NA	NA
"AAGCTCCTTCTCAGTGACTCTGGCTTCTATCTCTGTGCCTACCGAGACAGAGCGGGGGGGGTCACCGGGGAGCTGTTTTTTGGAGAA"	"CAYRDRAGGVTGELFF"	"AAGCTCCTTCTCAGTGACTCTGGCTTCTATCTCTGTGCCTACCGAGACAGAGCGGGGGGGGTCACCGGGGAGCTGTTTTTTGGAGAA"	"CAYRDRAGGVTGELFF"	"TCRBV3-1"	"TCRBD2-1*1"	"TCRBJ2-2*1"	40	50	60	62	10	2	NA	NA	"AAGCTCCTTCTCAGTGACTCTGGCTTCTATCTCTGTGCCTACCGAGACAGAGCGGGGGGGGTCACCGGGGAGCTGTTTTTTGGAGAA"	FALSE	TRUE	NA	NA	NA	NA
"TCCCTGGAGCTTGGTGACTCTGCTGTGTATTTCTGTGCCAGCAGCCAAGATGAGGTACAGAGTAACTATGGCTACACCTTCGGTTCG"	"CASSQDEVQSNYGYTF"	"TCCCTGGAGCTTGGTGACTCTGCTGTGTATTTCTGTGCCAGCAGCCAAGATGAGGTACAGAGTAACTATGGCTACACCTTCGGTTCG"	"CASSQDEVQSNYGYTF"	"TCRBV3-1/3-2*1"	NA	"TCRBJ1-2*1"	50	56	60	62	6	2	NA	NA	"TCCCTGGAGCTTGGTGACTCTGCTGTGTATTTCTGTGCCAGCAGCCAAGATGAGGTACAGAGTAACTATGGCTACACCTTCGGTTCG"	FALSE	TRUE	NA	NA	NA	NA
"ATCCAGCCCTCAGAACCCAGGGACTCAGCTGTGTACTTCTGTGCCAGCAGTTTCCAGGGACCGGGAGACGAGCAGTACTTCGGGCCG"	"CASSFQGPGDEQYF"	"ATCCAGCCCTCAGAACCCAGGGACTCAGCTGTGTACTTCTGTGCCAGCAGTTTCCAGGGACCGGGAGACGAGCAGTACTTCGGGCCG"	"CASSFQGPGDEQYF"	NA	"TCRBD2-1*2"	"TCRBJ2-7*1"	53	61	-1	67	8	68	NA	NA	"ATCCAGCCCTCAGAACCCAGGGACTCAGCTGTGTACTTCTGTGCCAGCAGTTTCCAGGGACCGGGAGACGAGCAGTACTTCGGGCCG"	FALSE	TRUE	NA	NA	NA	NA
"CAGCCCTCAGAACCCAGGGACTCAGCTGTGTACTTCTGTGCCAGCAGTTTCGGGGGAAGGGATTATCAGCCCCAGCATTTTGGTGAT"	"CASSFGGRDYQPQHF"	"CAGCCCTCAGAACCCAGGGACTCAGCTGTGTACTTCTGTGCCAGCAGTTTCGGGGGAAGGGATTATCAGCCCCAGCATTTTGGTGAT"	"CASSFGGRDYQPQHF"	NA	"TCRBD2-1*1"	"TCRBJ1-5*1"	-1	50	56	64	51	8	NA	NA	"CAGCCCTCAGAACCCAGGGACTCAGCTGTGTACTTCTGTGCCAGCAGTTTCGGGGGAAGGGATTATCAGCCCCAGCATTTTGGTGAT"	FALSE	TRUE	NA	NA	NA	NA
"GTAGTGCGAGGAGATTCGGCAGCTTATTTCTGTGCCAGCTCACCCTTACGACAGGGGGCAAGGACAGATACGCAGTATTTTGGCCCA"	"CASSPLRQGARTDTQYF"	"GTAGTGCGAGGAGATTCGGCAGCTTATTTCTGTGCCAGCTCACCCTTACGACAGGGGGCAAGGACAGATACGCAGTATTTTGGCCCA"	"CASSPLRQGARTDTQYF"	"TCRBV18-1*1"	"TCRBD1-1*1"	"TCRBJ2-3*1"	44	49	59	63	5	4	NA	NA	"GTAGTGCGAGGAGATTCGGCAGCTTATTTCTGTGCCAGCTCACCCTTACGACAGGGGGCAAGGACAGATACGCAGTATTTTGGCCCA"	FALSE	TRUE	NA	NA	NA	NA
"CAGCGCACACAGCAGGAGGACTCCGCCGTGTATCTCTGTGCCAGCAGCCAAGAGAGCGGGAGTTACAATGAGCAGTTCTTCGGGCCA"	"CASSQESGSYNEQFF"	"CAGCGCACACAGCAGGAGGACTCCGCCGTGTATCTCTGTGCCAGCAGCCAAGAGAGCGGGAGTTACAATGAGCAGTTCTTCGGGCCA"	"CASSQESGSYNEQFF"	"TCRBV7-8*3"	"TCRBD2-1*2"	"TCRBJ2-1*1"	49	54	62	63	5	1	NA	NA	"CAGCGCACACAGCAGGAGGACTCCGCCGTGTATCTCTGTGCCAGCAGCCAAGAGAGCGGGAGTTACAATGAGCAGTTCTTCGGGCCA"	FALSE	TRUE	NA	NA	NA	NA
"CGCACAGAGCAGGAGGACTCCGCCGTGTATCTCTGTGCCAGCAGCATACGAGGACAGGGAAATACCGGGGAGCTGTTTTTTGGAGAA"	"CASSIRGQGNTGELFF"	"CGCACAGAGCAGGAGGACTCCGCCGTGTATCTCTGTGCCAGCAGCATACGAGGACAGGGAAATACCGGGGAGCTGTTTTTTGGAGAA"	"CASSIRGQGNTGELFF"	"TCRBV7-8"	"TCRBD1-1*1"	"TCRBJ2-2*1"	45	51	59	63	6	4	NA	NA	"CGCACAGAGCAGGAGGACTCCGCCGTGTATCTCTGTGCCAGCAGCATACGAGGACAGGGAAATACCGGGGAGCTGTTTTTTGGAGAA"	FALSE	TRUE	NA	NA	NA	NA
"GTCGGCTGCTCCCTCCCAGACATCTGTGTACTTCTGTGCCAGCAGTCCCGGGACTAGCGGGACTTTTGTGAGCAGTTCTTCGGGCCA"	""	"GTCGGCTGCTCCCTCCCAGACATCTGTGTACTTCTGTGCCAGCAGTCCCGGGACTAGCGGGACTTTTGTGAGCAGTTCTTCGGGCCA"	""	NA	"TCRBD2-1*2"	"TCRBJ2-1*1"	46	49	62	68	3	6	NA	NA	"GTCGGCTGCTCCCTCCCAGACATCTGTGTACTTCTGTGCCAGCAGTCCCGGGACTAGCGGGACTTTTGTGAGCAGTTCTTCGGGCCA"	FALSE	FALSE	NA	NA	NA	NA
"GTTGGCGTCTGCTGTACCCTCTCAGACATCTGTGTACTTCTGTGCCAGCGGCCCGGGACGGACATGAAGGAAGCTTTCTTTGGACAA"	""	"GTTGGCGTCTGCTGTACCCTCTCAGACATCTGTGTACTTCTGTGCCAGCGGCCCGGGACGGACATGAAGGAAGCTTTCTTTGGACAA"	""	"TCRBV6-4*1"	NA	"TCRBJ1-1*1"	49	54	59	69	5	10	NA	NA	"GTTGGCGTCTGCTGTACCCTCTCAGACATCTGTGTACTTCTGTGCCAGCGGCCCGGGACGGACATGAAGGAAGCTTTCTTTGGACAA"	FALSE	FALSE	NA	NA	NA	NA
"CCTGCAGAGCTTGGGGACTCGGCCGTGTATCTCTGTGCCAGCAGCTTAGGGAGCGGGAGGGCCAACGGGGAGCTGTTTTTTGGAGAA"	"CASSLGSGRANGELFF"	"CCTGCAGAGCTTGGGGACTCGGCCGTGTATCTCTGTGCCAGCAGCTTAGGGAGCGGGAGGGCCAACGGGGAGCTGTTTTTTGGAGAA"	"CASSLGSGRANGELFF"	"TCRBV11-3*1"	"TCRBD2-1*2"	"TCRBJ2-2*1"	49	51	61	65	2	4	NA	NA	"CCTGCAGAGCTTGGGGACTCGGCCGTGTATCTCTGTGCCAGCAGCTTAGGGAGCGGGAGGGCCAACGGGGAGCTGTTTTTTGGAGAA"	FALSE	TRUE	NA	NA	NA	NA
"CGCACAGAGCAGGGGGACTCGGCCATGTATCTCTGTGCCAGCAGCTTCTTCCTTGGGACAGGGGGCACTGAAGCTTTCTTTGGACAA"	"CASSFFLGTGGTEAFF"	"CGCACAGAGCAGGGGGACTCGGCCATGTATCTCTGTGCCAGCAGCTTCTTCCTTGGGACAGGGGGCACTGAAGCTTTCTTTGGACAA"	"CASSFFLGTGGTEAFF"	"TCRBV7-9*1"	"TCRBD1-1*1"	"TCRBJ1-1*1"	47	54	-1	65	7	66	NA	NA	"CGCACAGAGCAGGGGGACTCGGCCATGTATCTCTGTGCCAGCAGCTTCTTCCTTGGGACAGGGGGCACTGAAGCTTTCTTTGGACAA"	FALSE	TRUE	NA	NA	NA	NA
"ACTCTGACTGTGAGCAACATGAGCCCTGAAGACAGCAGCATATATCTCTGCAGCGGGGACAGGGCTGGGGGCTACACCTTCGGTTCG"	"CSGDRAGGYTF"	"ACTCTGACTGTGAGCAACATGAGCCCTGAAGACAGCAGCATATATCTCTGCAGCGGGGACAGGGCTGGGGGCTACACCTTCGGTTCG"	"CSGDRAGGYTF"	"TCRBV29-1"	"TCRBD1-1*1"	"TCRBJ1-2*1"	-1	55	64	69	56	5	NA	NA	"ACTCTGACTGTGAGCAACATGAGCCCTGAAGACAGCAGCATATATCTCTGCAGCGGGGACAGGGCTGGGGGCTACACCTTCGGTTCG"	FALSE	TRUE	NA	NA	NA	NA
"AATGTGAGCACCTTGGAGCTGGGGGACTCGGCCCTTTATCTTTGCGCCAGCAGGCGAGGGTTGGACACTGAAGCTTTCTTTGGACAA"	"CASRRGLDTEAFF"	"AATGTGAGCACCTTGGAGCTGGGGGACTCGGCCCTTTATCTTTGCGCCAGCAGGCGAGGGTTGGACACTGAAGCTTTCTTTGGACAA"	"CASRRGLDTEAFF"	"TCRBV5-1*1"	"TCRBD2-1*2"	"TCRBJ1-1*1"	53	55	60	64	2	4	NA	NA	"AATGTGAGCACCTTGGAGCTGGGGGACTCGGCCCTTTATCTTTGCGCCAGCAGGCGAGGGTTGGACACTGAAGCTTTCTTTGGACAA"	FALSE	TRUE	NA	NA	NA	NA
"NNNNTGTCGGCTGCTCCCTCCCAGACATCTGTGTACTTCTGTGCCAGCAGTGAGGGCAGGGGGGCAGATACGCAGTATTTTGGCCCA"	"CASSEGRGADTQYF"	"NNNNTGTCGGCTGCTCCCTCCCAGACATCTGTGTACTTCTGTGCCAGCAGTGAGGGCAGGGGGGCAGATACGCAGTATTTTGGCCCA"	"CASSEGRGADTQYF"	"TCRBV6-1*1"	"TCRBD1-1*1"	"TCRBJ2-3*1"	53	56	63	64	3	1	NA	NA	"NNNNTGTCGGCTGCTCCCTCCCAGACATCTGTGTACTTCTGTGCCAGCAGTGAGGGCAGGGGGGCAGATACGCAGTATTTTGGCCCA"	FALSE	TRUE	NA	NA	NA	NA
"AGTTCTAAGAAGCTCCTTCTCAGTGACTCTGGCTTCTATCTCTGTGCCTGGAGTGTGGCCGCTAACTATGGCTACACCTTCGGTTCG"	"CAWSVAANYGYTF"	"AGTTCTAAGAAGCTCCTTCTCAGTGACTCTGGCTTCTATCTCTGTGCCTGGAGTGTGGCCGCTAACTATGGCTACACCTTCGGTTCG"	"CAWSVAANYGYTF"	"TCRBV3-1*1"	"TCRBD1-1*1"	"TCRBJ1-2*1"	-1	56	59	61	57	2	NA	NA	"AGTTCTAAGAAGCTCCTTCTCAGTGACTCTGGCTTCTATCTCTGTGCCTGGAGTGTGGCCGCTAACTATGGCTACACCTTCGGTTCG"	FALSE	TRUE	NA	NA	NA	NA
"TCAGAACCCAGGGACTCAGCTGTGTACTTCTGTGCCAGCAGTTGGACAGGGCCTATTGCAACTAATGAAAAACTGTTTTTTGGCAGT"	"CASSWTGPIATNEKLFF"	"TCAGAACCCAGGGACTCAGCTGTGTACTTCTGTGCCAGCAGTTGGACAGGGCCTATTGCAACTAATGAAAAACTGTTTTTTGGCAGT"	"CASSWTGPIATNEKLFF"	NA	"TCRBD1-1*1"	"TCRBJ1-4*1"	-1	43	51	58	44	7	NA	NA	"TCAGAACCCAGGGACTCAGCTGTGTACTTCTGTGCCAGCAGTTGGACAGGGCCTATTGCAACTAATGAAAAACTGTTTTTTGGCAGT"	FALSE	TRUE	NA	NA	NA	NA
"TCGGCCCAAAAGAACCCGACAGCTTTCTATCTCTGTGCCAGTAGTATAGATCTACCGGGAGGGCCGTTCGAGCAGTACTTCGGGCCG"	"CASSIDLPGGPFEQYF"	"TCGGCCCAAAAGAACCCGACAGCTTTCTATCTCTGTGCCAGTAGTATAGATCTACCGGGAGGGCCGTTCGAGCAGTACTTCGGGCCG"	"CASSIDLPGGPFEQYF"	"TCRBV19-1*1"	"TCRBD2-1*2"	"TCRBJ2-7*1"	50	55	63	68	5	5	NA	NA	"TCGGCCCAAAAGAACCCGACAGCTTTCTATCTCTGTGCCAGTAGTATAGATCTACCGGGAGGGCCGTTCGAGCAGTACTTCGGGCCG"	FALSE	TRUE	NA	NA	NA	NA
"NNNNTGAAGATCCAGCCCTCAGAACCCAGGGACTCAGCTGTGTACTTCTGTGCCAGCAGCCACGGGGGGCGGCAGTACTTCGGGCCG"	"CASSHGGRQYF"	"NNNNTGAAGATCCAGCCCTCAGAACCCAGGGACTCAGCTGTGTACTTCTGTGCCAGCAGCCACGGGGGGCGGCAGTACTTCGGGCCG"	"CASSHGGRQYF"	"TCRBV12-3/12-4*1"	"TCRBD2-1*1"	"TCRBJ2-7*1"	59	62	69	71	3	2	NA	NA	"NNNNTGAAGATCCAGCCCTCAGAACCCAGGGACTCAGCTGTGTACTTCTGTGCCAGCAGCCACGGGGGGCGGCAGTACTTCGGGCCG"	FALSE	TRUE	NA	NA	NA	NA
"GTGACTCTGCTGTGTATTTCTGTGCCAGCAGCCCCAGAGTCGAGACTAGCGGGAGCATAGTAAGGCTACGAGCAGTACTTCGGGCCG"	""	"GTGACTCTGCTGTGTATTTCTGTGCCAGCAGCCCCAGAGTCGAGACTAGCGGGAGCATAGTAAGGCTACGAGCAGTACTTCGGGCCG"	""	"TCRBV3-1/3-2*1"	"TCRBD2-1*2"	"TCRBJ2-7*1"	33	43	55	65	10	10	NA	NA	"GTGACTCTGCTGTGTATTTCTGTGCCAGCAGCCCCAGAGTCGAGACTAGCGGGAGCATAGTAAGGCTACGAGCAGTACTTCGGGCCG"	FALSE	FALSE	NA	NA	NA	NA
"CTGGAGTCCGCTACCAGCTCCCAGACATCTGTGTACTTCTGTGCCATCAGTGTTAGGTCACCATCCAATGAGCAGTTCTTCGGGCCA"	"CAISVRSPSNEQFF"	"CTGGAGTCCGCTACCAGCTCCCAGACATCTGTGTACTTCTGTGCCATCAGTGTTAGGTCACCATCCAATGAGCAGTTCTTCGGGCCA"	"CAISVRSPSNEQFF"	"TCRBV1-3*1"	NA	"TCRBJ2-1*1"	52	54	57	65	2	8	NA	NA	"CTGGAGTCCGCTACCAGCTCCCAGACATCTGTGTACTTCTGTGCCATCAGTGTTAGGTCACCATCCAATGAGCAGTTCTTCGGGCCA"	FALSE	TRUE	NA	NA	NA	NA
"GCTTGAGGACTCGGCCGTGTATCTCTGTGCCAGCAGCCCTTACCCCCTTGGACTAGCGGGAGGGCAGATACGCAGTATTTTGGCCCA"	""	"GCTTGAGGACTCGGCCGTGTATCTCTGTGCCAGCAGCCCTTACCCCCTTGGACTAGCGGGAGGGCAGATACGCAGTATTTTGGCCCA"	""	"TCRBV11-2"	"TCRBD2-1*2"	"TCRBJ2-3*1"	37	49	-1	64	12	65	NA	NA	"GCTTGAGGACTCGGCCGTGTATCTCTGTGCCAGCAGCCCTTACCCCCTTGGACTAGCGGGAGGGCAGATACGCAGTATTTTGGCCCA"	FALSE	FALSE	NA	NA	NA	NA
"CCCTGAAGACAGCAGCATATATCTCTGCAGCGTTGAAAGCGAGGCCCTAGCGGAGCGGAAGGTAGAGATGAGCAGTTCTTCGGGCCA"	""	"CCCTGAAGACAGCAGCATATATCTCTGCAGCGTTGAAAGCGAGGCCCTAGCGGAGCGGAAGGTAGAGATGAGCAGTTCTTCGGGCCA"	""	"TCRBV29-1"	"TCRBD2-1"	"TCRBJ2-1*1"	37	46	53	67	9	14	NA	NA	"CCCTGAAGACAGCAGCATATATCTCTGCAGCGTTGAAAGCGAGGCCCTAGCGGAGCGGAAGGTAGAGATGAGCAGTTCTTCGGGCCA"	FALSE	FALSE	NA	NA	NA	NA
"CCGCTCAGGCTGGAGTTGGCTGCTCCCTCCCAGACATCTGTGTACTTCTGTGCCAGCAGTTTAGGAGAGACCCAGTACTTCGGGCCA"	"CASSLGETQYF"	"CCGCTCAGGCTGGAGTTGGCTGCTCCCTCCCAGACATCTGTGTACTTCTGTGCCAGCAGTTTAGGAGAGACCCAGTACTTCGGGCCA"	"CASSLGETQYF"	"TCRBV6-6*1"	NA	"TCRBJ2-5*1"	61	62	-1	65	1	66	NA	NA	"CCGCTCAGGCTGGAGTTGGCTGCTCCCTCCCAGACATCTGTGTACTTCTGTGCCAGCAGTTTAGGAGAGACCCAGTACTTCGGGCCA"	FALSE	TRUE	NA	NA	NA	NA
"ATTCTGGAGTCCGCCAGCACCAACCAGACATCTATGTACCTCTGTGCCAGCAGTTGGCCAGGGGGCCAGCCCCAGCATTTTGGTGAT"	"CASSWPGGQPQHF"	"ATTCTGGAGTCCGCCAGCACCAACCAGACATCTATGTACCTCTGTGCCAGCAGTTGGCCAGGGGGCCAGCCCCAGCATTTTGGTGAT"	"CASSWPGGQPQHF"	"TCRBV28-1*1"	"TCRBD1-1*1"	"TCRBJ1-5*1"	55	58	-1	66	3	67	NA	NA	"ATTCTGGAGTCCGCCAGCACCAACCAGACATCTATGTACCTCTGTGCCAGCAGTTGGCCAGGGGGCCAGCCCCAGCATTTTGGTGAT"	FALSE	TRUE	NA	NA	NA	NA
"GAGTCTGCCATCCCCAACCAGACAGCTCTTTACTTCTGTGCCACCAGTGACGCCCTGGGGGGGGAAGAGACCCAGTACTTCGGGCCA"	"CATSDALGGEETQYF"	"GAGTCTGCCATCCCCAACCAGACAGCTCTTTACTTCTGTGCCACCAGTGACGCCCTGGGGGGGGAAGAGACCCAGTACTTCGGGCCA"	"CATSDALGGEETQYF"	"TCRBV24-1*1"	"TCRBD2-1*1"	"TCRBJ2-5*1"	50	56	63	64	6	1	NA	NA	"GAGTCTGCCATCCCCAACCAGACAGCTCTTTACTTCTGTGCCACCAGTGACGCCCTGGGGGGGGAAGAGACCCAGTACTTCGGGCCA"	FALSE	TRUE	NA	NA	NA	NA
"TCGGCCCAAAAGAACCCGACAGCTTTCTATCTCTGTGCCAGTAGTGTCCGGGGACCTCGGAACACCGGGGAGCTGTTTTTTGGAGAA"	"CASSVRGPRNTGELFF"	"TCGGCCCAAAAGAACCCGACAGCTTTCTATCTCTGTGCCAGTAGTGTCCGGGGACCTCGGAACACCGGGGAGCTGTTTTTTGGAGAA"	"CASSVRGPRNTGELFF"	"TCRBV19-1*1"	NA	"TCRBJ2-2*1"	45	50	55	59	5	4	NA	NA	"TCGGCCCAAAAGAACCCGACAGCTTTCTATCTCTGTGCCAGTAGTGTCCGGGGACCTCGGAACACCGGGGAGCTGTTTTTTGGAGAA"	FALSE	TRUE	NA	NA	NA	NA
"GCCTTGTTGCTGGGGGACTCGGCCCTCTATCTCTGTGCCAGCAGCTTGATGGGAGCCGATTGGTCCGGGGAGCTGTTTTTTGGAGAA"	"CASSLMGADWSGELFF"	"GCCTTGTTGCTGGGGGACTCGGCCCTCTATCTCTGTGCCAGCAGCTTGATGGGAGCCGATTGGTCCGGGGAGCTGTTTTTTGGAGAA"	"CASSLMGADWSGELFF"	"TCRBV5-6*1"	"TCRBD2-1*2"	"TCRBJ2-2*1"	48	50	55	64	2	9	NA	NA	"GCCTTGTTGCTGGGGGACTCGGCCCTCTATCTCTGTGCCAGCAGCTTGATGGGAGCCGATTGGTCCGGGGAGCTGTTTTTTGGAGAA"	FALSE	TRUE	NA	NA	NA	NA
"AGTGCCCATCCTGAAGACAGCAGCTTCTACATCTGCAGTGCGATGACGGACAGGGGACTAGGGTTGGATGGCTACACCTTCGGTTCG"	"CSAMTDRGLGLDGYTF"	"AGTGCCCATCCTGAAGACAGCAGCTTCTACATCTGCAGTGCGATGACGGACAGGGGACTAGGGTTGGATGGCTACACCTTCGGTTCG"	"CSAMTDRGLGLDGYTF"	NA	"TCRBD1-1*1"	"TCRBJ1-2*1"	41	47	56	67	6	11	NA	NA	"AGTGCCCATCCTGAAGACAGCAGCTTCTACATCTGCAGTGCGATGACGGACAGGGGACTAGGGTTGGATGGCTACACCTTCGGTTCG"	FALSE	TRUE	NA	NA	NA	NA
"GCCCAAAAGAACCCGACAGCTTTCTATCTCTGTGCCAGCACCCCCCGAGCACAGGGGGCTAAGGACTATGGCTACACCTTCGGTTCG"	"CASTPRAQGAKDYGYTF"	"GCCCAAAAGAACCCGACAGCTTTCTATCTCTGTGCCAGCACCCCCCGAGCACAGGGGGCTAAGGACTATGGCTACACCTTCGGTTCG"	"CASTPRAQGAKDYGYTF"	"TCRBV19-1*1"	"TCRBD1-1*1"	"TCRBJ1-2*1"	38	50	59	64	12	5	NA	NA	"GCCCAAAAGAACCCGACAGCTTTCTATCTCTGTGCCAGCACCCCCCGAGCACAGGGGGCTAAGGACTATGGCTACACCTTCGGTTCG"	FALSE	TRUE	NA	NA	NA	NA
"GAGCAGGAGGACTCCGCCGTGTATCTCTGTGCCAGCAGCTTACGGATAGCGGGAGTCAATCTCCACAATGAGCAGTTCTTCGGGCCA"	"CASSLRIAGVNLHNEQFF"	"GAGCAGGAGGACTCCGCCGTGTATCTCTGTGCCAGCAGCTTACGGATAGCGGGAGTCAATCTCCACAATGAGCAGTTCTTCGGGCCA"	"CASSLRIAGVNLHNEQFF"	"TCRBV7-8*1"	"TCRBD2-1*2"	"TCRBJ2-1*1"	42	46	55	64	4	9	NA	NA	"GAGCAGGAGGACTCCGCCGTGTATCTCTGTGCCAGCAGCTTACGGATAGCGGGAGTCAATCTCCACAATGAGCAGTTCTTCGGGCCA"	FALSE	TRUE	NA	NA	NA	NA
"CTTCACCTACACACCCTGCAGCCAGAAGACTCGGCCCTGTATCTCTGCGCCAGCAGCCAAGGAAGTTCACCCCTCCACTTTGGGAAT"	"CASSQGSSPLHF"	"CTTCACCTACACACCCTGCAGCCAGAAGACTCGGCCCTGTATCTCTGCGCCAGCAGCCAAGGAAGTTCACCCCTCCACTTTGGGAAT"	"CASSQGSSPLHF"	"TCRBV4-3*1"	NA	"TCRBJ1-6*1"	-1	61	63	65	62	2	NA	NA	"CTTCACCTACACACCCTGCAGCCAGAAGACTCGGCCCTGTATCTCTGCGCCAGCAGCCAAGGAAGTTCACCCCTCCACTTTGGGAAT"	FALSE	TRUE	NA	NA	NA	NA
"GTGACCAGTGCCCATCCTGAAGACAGCAGCTTCTACATCTGCAGTGCTAGAGAGGGGGATAGGCAAGAGACCCAGTACTTCGGGCCA"	"CSAREGDRQETQYF"	"GTGACCAGTGCCCATCCTGAAGACAGCAGCTTCTACATCTGCAGTGCTAGAGAGGGGGATAGGCAAGAGACCCAGTACTTCGGGCCA"	"CSAREGDRQETQYF"	NA	NA	"TCRBJ2-5*1"	-1	53	58	63	54	5	NA	NA	"GTGACCAGTGCCCATCCTGAAGACAGCAGCTTCTACATCTGCAGTGCTAGAGAGGGGGATAGGCAAGAGACCCAGTACTTCGGGCCA"	FALSE	TRUE	NA	NA	NA	NA
"AGTGCCTTGGAGCTGGGGGACTCGGCCCTGTATCTCTGTGCCAGAAGCTGACCCGGGACTAATCAAGAGACCCAGTACTTCGGGCCA"	"CARS*PGTNQETQYF"	"AGTGCCTTGGAGCTGGGGGACTCGGCCCTGTATCTCTGTGCCAGAAGCTGACCCGGGACTAATCAAGAGACCCAGTACTTCGGGCCA"	"CARS*PGTNQETQYF"	"TCRBV5-3"	"TCRBD2-1"	"TCRBJ2-5*1"	49	54	61	63	5	2	NA	NA	"AGTGCCTTGGAGCTGGGGGACTCGGCCCTGTATCTCTGTGCCAGAAGCTGACCCGGGACTAATCAAGAGACCCAGTACTTCGGGCCA"	FALSE	TRUE	NA	NA	NA	NA
"AGTGCCCATCCTGAAGACAGCAGCTTCTACATCTGCAGTGCTAGAGTTTGGCTAGCGGTGCTAGGGGAGACCCAGTACTTCGGGCCA"	"CSARVWLAVLGETQYF"	"AGTGCCCATCCTGAAGACAGCAGCTTCTACATCTGCAGTGCTAGAGTTTGGCTAGCGGTGCTAGGGGAGACCCAGTACTTCGGGCCA"	"CSARVWLAVLGETQYF"	NA	"TCRBD2-1"	"TCRBJ2-5*1"	46	51	58	66	5	8	NA	NA	"AGTGCCCATCCTGAAGACAGCAGCTTCTACATCTGCAGTGCTAGAGTTTGGCTAGCGGTGCTAGGGGAGACCCAGTACTTCGGGCCA"	FALSE	TRUE	NA	NA	NA	NA
"CTGGAGTCGCCCAGCCCCAACCAGACCTCTCTGTACTTCTGTGCCAGCACTACCCGGGGGCGCGCCTATACGCAGTATTTTGGCCCA"	"CASTTRGRAYTQYF"	"CTGGAGTCGCCCAGCCCCAACCAGACCTCTCTGTACTTCTGTGCCAGCACTACCCGGGGGCGCGCCTATACGCAGTATTTTGGCCCA"	"CASTTRGRAYTQYF"	"TCRBV27-1*1"	NA	"TCRBJ2-3*1"	49	55	61	67	6	6	NA	NA	"CTGGAGTCGCCCAGCCCCAACCAGACCTCTCTGTACTTCTGTGCCAGCACTACCCGGGGGCGCGCCTATACGCAGTATTTTGGCCCA"	FALSE	TRUE	NA	NA	NA	NA
"ATCCAGCCCTCAGAACCCAGGGACTCAGCTGTGTACTTCTGTGCCAGCAGTCTCACGGAAAGCTCCTACGAGCAGTACTTCGGGCCG"	"CASSLTESSYEQYF"	"ATCCAGCCCTCAGAACCCAGGGACTCAGCTGTGTACTTCTGTGCCAGCAGTCTCACGGAAAGCTCCTACGAGCAGTACTTCGGGCCG"	"CASSLTESSYEQYF"	NA	NA	"TCRBJ2-7*1"	51	56	59	62	5	3	NA	NA	"ATCCAGCCCTCAGAACCCAGGGACTCAGCTGTGTACTTCTGTGCCAGCAGTCTCACGGAAAGCTCCTACGAGCAGTACTTCGGGCCG"	FALSE	TRUE	NA	NA	NA	NA
"ATCCTGAGTTCTAAGAAGCTCCTTCTCAGTGACTCTGGCTTCTATCTCTGTGCCTGGAGTGGGGGCAATGAGCAGTTCTTCGGGCCA"	"CAWSGGNEQFF"	"ATCCTGAGTTCTAAGAAGCTCCTTCTCAGTGACTCTGGCTTCTATCTCTGTGCCTGGAGTGGGGGCAATGAGCAGTTCTTCGGGCCA"	"CAWSGGNEQFF"	"TCRBV3-1*1"	NA	"TCRBJ2-1*1"	-1	61	-1	65	62	66	NA	NA	"ATCCTGAGTTCTAAGAAGCTCCTTCTCAGTGACTCTGGCTTCTATCTCTGTGCCTGGAGTGGGGGCAATGAGCAGTTCTTCGGGCCA"	FALSE	TRUE	NA	NA	NA	NA
"AGCACCTTGGAGCTGGGGGACTCGGCCCTTTATCTTTGCGCCAGCAGCTTGGAAGGGGGCTTCCAAGAGACCCAGTACTTCGGGCCG"	"CASSLEGGFQETQYF"	"AGCACCTTGGAGCTGGGGGACTCGGCCCTTTATCTTTGCGCCAGCAGCTTGGAAGGGGGCTTCCAAGAGACCCAGTACTTCGGGCCG"	"CASSLEGGFQETQYF"	"TCRBV5-1*1"	"TCRBD1-1*1"	"TCRBJ2-7*1"	52	53	60	72	1	12	NA	NA	"AGCACCTTGGAGCTGGGGGACTCGGCCCTTTATCTTTGCGCCAGCAGCTTGGAAGGGGGCTTCCAAGAGACCCAGTACTTCGGGCCG"	FALSE	TRUE	NA	NA	NA	NA
"ACTGTGACATCGGCCCAAAAGAACCCGACAGCTTTCTATCTCTGTGCCAGTAGTATTGGGACAGCCACTGAAGCTTTCTTTGGACAA"	"CASSIGTATEAFF"	"ACTGTGACATCGGCCCAAAAGAACCCGACAGCTTTCTATCTCTGTGCCAGTAGTATTGGGACAGCCACTGAAGCTTTCTTTGGACAA"	"CASSIGTATEAFF"	"TCRBV19-1*1"	"TCRBD1-1*1"	"TCRBJ1-1*1"	56	57	64	65	1	1	NA	NA	"ACTGTGACATCGGCCCAAAAGAACCCGACAGCTTTCTATCTCTGTGCCAGTAGTATTGGGACAGCCACTGAAGCTTTCTTTGGACAA"	FALSE	TRUE	NA	NA	NA	NA
"ACCAGTGCCCATCCTGAAGACAGCAGCTTCTACATCTGCAGTGCTTCCGGGGAGGGACTAAATTGGGATGAGCAGTTCTTCGGGCCA"	"CSASGEGLNWDEQFF"	"ACCAGTGCCCATCCTGAAGACAGCAGCTTCTACATCTGCAGTGCTTCCGGGGAGGGACTAAATTGGGATGAGCAGTTCTTCGGGCCA"	"CSASGEGLNWDEQFF"	NA	"TCRBD2-1"	"TCRBJ2-1*1"	45	53	60	67	8	7	NA	NA	"ACCAGTGCCCATCCTGAAGACAGCAGCTTCTACATCTGCAGTGCTTCCGGGGAGGGACTAAATTGGGATGAGCAGTTCTTCGGGCCA"	FALSE	TRUE	NA	NA	NA	NA
"AAGATCCAGCCTGCAAAGCTTGAGGACTCGGCCGTGTATCTCTGTGCCAGCAGCTTAGTTATCCGGACAGAAGCTTTCTTTGGACAA"	"CASSLVIRTEAFF"	"AAGATCCAGCCTGCAAAGCTTGAGGACTCGGCCGTGTATCTCTGTGCCAGCAGCTTAGTTATCCGGACAGAAGCTTTCTTTGGACAA"	"CASSLVIRTEAFF"	"TCRBV11-2*1"	"TCRBD1-1*1"	"TCRBJ1-1*1"	58	64	-1	69	6	70	NA	NA	"AAGATCCAGCCTGCAAAGCTTGAGGACTCGGCCGTGTATCTCTGTGCCAGCAGCTTAGTTATCCGGACAGAAGCTTTCTTTGGACAA"	FALSE	TRUE	NA	NA	NA	NA
"TCCCTGATTCTGGAGTCCGCCAGCACCAACCAGACATCTATGTACCTCTGTGCCAGCAGTAGGCTGGGGGCCCAGTACTTCGGGCCA"	"CASSRLGAQYF"	"TCCCTGATTCTGGAGTCCGCCAGCACCAACCAGACATCTATGTACCTCTGTGCCAGCAGTAGGCTGGGGGCCCAGTACTTCGGGCCA"	"CASSRLGAQYF"	"TCRBV28-1*1"	NA	"TCRBJ2-5*1"	60	65	-1	70	5	71	NA	NA	"TCCCTGATTCTGGAGTCCGCCAGCACCAACCAGACATCTATGTACCTCTGTGCCAGCAGTAGGCTGGGGGCCCAGTACTTCGGGCCA"	FALSE	TRUE	NA	NA	NA	NA
"CAGCAGGTAGTGCGAGGAGATTCGGCAGCTTATTTCTGTGCCAGCTCACCTTCAGCGGGAGGGACCGGGGAGCTGTTTTTTGGAGAA"	"CASSPSAGGTGELFF"	"CAGCAGGTAGTGCGAGGAGATTCGGCAGCTTATTTCTGTGCCAGCTCACCTTCAGCGGGAGGGACCGGGGAGCTGTTTTTTGGAGAA"	"CASSPSAGGTGELFF"	"TCRBV18-1*1"	"TCRBD2-1*2"	"TCRBJ2-2*1"	50	53	-1	63	3	64	NA	NA	"CAGCAGGTAGTGCGAGGAGATTCGGCAGCTTATTTCTGTGCCAGCTCACCTTCAGCGGGAGGGACCGGGGAGCTGTTTTTTGGAGAA"	FALSE	TRUE	NA	NA	NA	NA
"ATCCAGCCCTCAGAACCCAGGGACTCAGCTGTGTATTTTTGTGCTAGTGCCCCCGGGGCAGGACACTATGGCTACACCTTCGGTTCG"	"CASAPGAGHYGYTF"	"ATCCAGCCCTCAGAACCCAGGGACTCAGCTGTGTATTTTTGTGCTAGTGCCCCCGGGGCAGGACACTATGGCTACACCTTCGGTTCG"	"CASAPGAGHYGYTF"	"TCRBV12-5*1"	NA	"TCRBJ1-2*1"	49	54	59	64	5	5	NA	NA	"ATCCAGCCCTCAGAACCCAGGGACTCAGCTGTGTATTTTTGTGCTAGTGCCCCCGGGGCAGGACACTATGGCTACACCTTCGGTTCG"	FALSE	TRUE	NA	NA	NA	NA
"CCTCAGAACCCAGGGACTCAGCTGTGTATTTTTGTGCTAGTGGTTTTCAGCTAGCGGGAGGAGACAGATACGCAGTATTTTGGCCCA"	""	"CCTCAGAACCCAGGGACTCAGCTGTGTATTTTTGTGCTAGTGGTTTTCAGCTAGCGGGAGGAGACAGATACGCAGTATTTTGGCCCA"	""	"TCRBV12-5*1"	"TCRBD2-1*2"	"TCRBJ2-3*1"	46	50	61	63	4	2	NA	NA	"CCTCAGAACCCAGGGACTCAGCTGTGTATTTTTGTGCTAGTGGTTTTCAGCTAGCGGGAGGAGACAGATACGCAGTATTTTGGCCCA"	FALSE	FALSE	NA	NA	NA	NA
"TCCCTGGAGCTTGGTGACTCTGCTGTGTATTTCTGTGCCAGCAGCCTGGGGACTAGCGGGGCCTACAATGAGCAGTTCTTCGGGCCA"	"CASSLGTSGAYNEQFF"	"TCCCTGGAGCTTGGTGACTCTGCTGTGTATTTCTGTGCCAGCAGCCTGGGGACTAGCGGGGCCTACAATGAGCAGTTCTTCGGGCCA"	"CASSLGTSGAYNEQFF"	"TCRBV3-1/3-2*1"	"TCRBD2-1*1"	"TCRBJ2-1*1"	46	48	-1	61	2	62	NA	NA	"TCCCTGGAGCTTGGTGACTCTGCTGTGTATTTCTGTGCCAGCAGCCTGGGGACTAGCGGGGCCTACAATGAGCAGTTCTTCGGGCCA"	FALSE	TRUE	NA	NA	NA	NA
"CTCACTGTGACATCGGCCCAAAAGAACCCGACAGCTTTCTATCTCTGTGCCAGTATCGCAGGGGACAATGAGCAGTTCTTCGGGCCA"	"CASIAGDNEQFF"	"CTCACTGTGACATCGGCCCAAAAGAACCCGACAGCTTTCTATCTCTGTGCCAGTATCGCAGGGGACAATGAGCAGTTCTTCGGGCCA"	"CASIAGDNEQFF"	"TCRBV19-1*1"	"TCRBD1-1*1"	"TCRBJ2-1*1"	55	58	-1	64	3	65	NA	NA	"CTCACTGTGACATCGGCCCAAAAGAACCCGACAGCTTTCTATCTCTGTGCCAGTATCGCAGGGGACAATGAGCAGTTCTTCGGGCCA"	FALSE	TRUE	NA	NA	NA	NA
"GTGAGCACCTTGGAGCTGGGGGACTCGGCCCTTTATCTTTGCGCCAGCAGCTTGGCCTGGGGGGCTGGTGGCTACACCTTCGGTTCG"	"CASSLAWGAGGYTF"	"GTGAGCACCTTGGAGCTGGGGGACTCGGCCCTTTATCTTTGCGCCAGCAGCTTGGCCTGGGGGGCTGGTGGCTACACCTTCGGTTCG"	"CASSLAWGAGGYTF"	"TCRBV5-1*1"	NA	"TCRBJ1-2*1"	55	59	65	68	4	3	NA	NA	"GTGAGCACCTTGGAGCTGGGGGACTCGGCCCTTTATCTTTGCGCCAGCAGCTTGGCCTGGGGGGCTGGTGGCTACACCTTCGGTTCG"	FALSE	TRUE	NA	NA	NA	NA
"GAAGATCCAGCGCACAGAGCAAGGGCGACTCGGCTGTGTATCTCTGTGCCAGAAGCTCCAGGGGGCTCACCCCTCCACTTTGGGAAT"	""	"GAAGATCCAGCGCACAGAGCAAGGGCGACTCGGCTGTGTATCTCTGTGCCAGAAGCTCCAGGGGGCTCACCCCTCCACTTTGGGAAT"	""	"TCRBV7-5*1"	"TCRBD1-1*1"	"TCRBJ1-6*1"	57	58	-1	66	1	67	NA	NA	"GAAGATCCAGCGCACAGAGCAAGGGCGACTCGGCTGTGTATCTCTGTGCCAGAAGCTCCAGGGGGCTCACCCCTCCACTTTGGGAAT"	FALSE	FALSE	NA	NA	NA	NA
"AACGCCTTGTTGCTGGGGGACTCGGCCCTCTATCTCTGTGCCAGCAGCCGACTAGCGGGAGGAATAGATACGCAGTATTTTGGCCCA"	"CASSRLAGGIDTQYF"	"AACGCCTTGTTGCTGGGGGACTCGGCCCTCTATCTCTGTGCCAGCAGCCGACTAGCGGGAGGAATAGATACGCAGTATTTTGGCCCA"	"CASSRLAGGIDTQYF"	"TCRBV5-6*1"	"TCRBD2-1*2"	"TCRBJ2-3*1"	48	49	62	65	1	3	NA	NA	"AACGCCTTGTTGCTGGGGGACTCGGCCCTCTATCTCTGTGCCAGCAGCCGACTAGCGGGAGGAATAGATACGCAGTATTTTGGCCCA"	FALSE	TRUE	NA	NA	NA	NA
"CAGCGCACAGAGCGGGGGGACTCAGCCGTGTATCTCTGTGCCAGCAGCTTAGGTCGCGTCAGCACCGGGGAGCTGTTTTTTGGAGAA"	"CASSLGRVSTGELFF"	"CAGCGCACAGAGCGGGGGGACTCAGCCGTGTATCTCTGTGCCAGCAGCTTAGGTCGCGTCAGCACCGGGGAGCTGTTTTTTGGAGAA"	"CASSLGRVSTGELFF"	"TCRBV7-3*1"	NA	"TCRBJ2-2*1"	51	59	-1	62	8	63	NA	NA	"CAGCGCACAGAGCGGGGGGACTCAGCCGTGTATCTCTGTGCCAGCAGCTTAGGTCGCGTCAGCACCGGGGAGCTGTTTTTTGGAGAA"	FALSE	TRUE	NA	NA	NA	NA
"TGTCGGCTGCTCCCTCCCAGACATCTGTGTACTTCTGTGCCAGCAGTTAGATCTGGGGGTCGAGACACTGAAGCTTTCTTTGGACAA"	""	"TGTCGGCTGCTCCCTCCCAGACATCTGTGTACTTCTGTGCCAGCAGTTAGATCTGGGGGTCGAGACACTGAAGCTTTCTTTGGACAA"	""	"TCRBV6-5*1"	NA	"TCRBJ1-1*1"	49	54	59	64	5	5	NA	NA	"TGTCGGCTGCTCCCTCCCAGACATCTGTGTACTTCTGTGCCAGCAGTTAGATCTGGGGGTCGAGACACTGAAGCTTTCTTTGGACAA"	FALSE	FALSE	NA	NA	NA	NA
"GACTGTGAGCAACATGAGCCCTGAAGACAGCAGCATATATCTCTGCAGCGTTCTGCGGGAGGGCCTTATGAGCAGTTCTTCGGGCCA"	""	"GACTGTGAGCAACATGAGCCCTGAAGACAGCAGCATATATCTCTGCAGCGTTCTGCGGGAGGGCCTTATGAGCAGTTCTTCGGGCCA"	""	"TCRBV29-1"	"TCRBD2-1*2"	"TCRBJ2-1*1"	52	54	63	67	2	4	NA	NA	"GACTGTGAGCAACATGAGCCCTGAAGACAGCAGCATATATCTCTGCAGCGTTCTGCGGGAGGGCCTTATGAGCAGTTCTTCGGGCCA"	FALSE	FALSE	NA	NA	NA	NA
"AATTCCCTGGAGCTTGGTGACTCTGCTGTGTATTTCTGTGCCAGCAGCCAGGTCGGGAGCTCCTACAATGAGCAGTTCTTCGGGCCA"	"CASSQVGSSYNEQFF"	"AATTCCCTGGAGCTTGGTGACTCTGCTGTGTATTTCTGTGCCAGCAGCCAGGTCGGGAGCTCCTACAATGAGCAGTTCTTCGGGCCA"	"CASSQVGSSYNEQFF"	"TCRBV3-1/3-2*1"	"TCRBD2-1*2"	"TCRBJ2-1*1"	50	53	-1	59	3	60	NA	NA	"AATTCCCTGGAGCTTGGTGACTCTGCTGTGTATTTCTGTGCCAGCAGCCAGGTCGGGAGCTCCTACAATGAGCAGTTCTTCGGGCCA"	FALSE	TRUE	NA	NA	NA	NA
"TCCGCCAGCACCAACCAGACATCTATGTACCTCTGTGCCAGCAGTTTGACGGGACTAGCGGGAACAGATACGCAGTATTTTGGCCCA"	"CASSLTGLAGTDTQYF"	"TCCGCCAGCACCAACCAGACATCTATGTACCTCTGTGCCAGCAGTTTGACGGGACTAGCGGGAACAGATACGCAGTATTTTGGCCCA"	"CASSLTGLAGTDTQYF"	"TCRBV28-1*1"	"TCRBD2-1*2"	"TCRBJ2-3*1"	47	50	-1	63	3	64	NA	NA	"TCCGCCAGCACCAACCAGACATCTATGTACCTCTGTGCCAGCAGTTTGACGGGACTAGCGGGAACAGATACGCAGTATTTTGGCCCA"	FALSE	TRUE	NA	NA	NA	NA
"CCCAGCCCCAACCAGACCTCTCTGTACTTCTGTGCCAGCGTGGGCTGGGCTAGCGGGGTCCAACAAGAGACCCAGTACTTCGGGCCA"	"CASVGWASGVQQETQYF"	"CCCAGCCCCAACCAGACCTCTCTGTACTTCTGTGCCAGCGTGGGCTGGGCTAGCGGGGTCCAACAAGAGACCCAGTACTTCGGGCCA"	"CASVGWASGVQQETQYF"	"TCRBV27-1*1"	"TCRBD2-1*1"	"TCRBJ2-5*1"	39	49	58	63	10	5	NA	NA	"CCCAGCCCCAACCAGACCTCTCTGTACTTCTGTGCCAGCGTGGGCTGGGCTAGCGGGGTCCAACAAGAGACCCAGTACTTCGGGCCA"	FALSE	TRUE	NA	NA	NA	NA
"ACAGTGACCAGTGCCCATCCTGAAGACAGCAGCTTCTACATCTGCAGTGCTCCGGGACAGGGCACAGATACGCAGTATTTTGGCCCA"	"CSAPGQGTDTQYF"	"ACAGTGACCAGTGCCCATCCTGAAGACAGCAGCTTCTACATCTGCAGTGCTCCGGGACAGGGCACAGATACGCAGTATTTTGGCCCA"	"CSAPGQGTDTQYF"	NA	"TCRBD1-1*1"	"TCRBJ2-3*1"	51	53	-1	61	2	62	NA	NA	"ACAGTGACCAGTGCCCATCCTGAAGACAGCAGCTTCTACATCTGCAGTGCTCCGGGACAGGGCACAGATACGCAGTATTTTGGCCCA"	FALSE	TRUE	NA	NA	NA	NA
"AAGATCCGGTCCACAAAGCTGGAGGACTCAGCCATGTACTTCTGTGCCAGCAGAGCGGGGGAGACCTACGAGCAGTACTTCGGGCCG"	"CASRAGETYEQYF"	"AAGATCCGGTCCACAAAGCTGGAGGACTCAGCCATGTACTTCTGTGCCAGCAGAGCGGGGGAGACCTACGAGCAGTACTTCGGGCCG"	"CASRAGETYEQYF"	"TCRBV2-1"	"TCRBD2-1*1"	"TCRBJ2-7*1"	-1	53	61	64	54	3	NA	NA	"AAGATCCGGTCCACAAAGCTGGAGGACTCAGCCATGTACTTCTGTGCCAGCAGAGCGGGGGAGACCTACGAGCAGTACTTCGGGCCG"	FALSE	TRUE	NA	NA	NA	NA
"CTAGAGTCTGCCATCCCCAACCAGACAGCTCTTTACTTCTGTGCCACCAGTGATTTTAGGGCCAATCAGCCCCAGCATTTTGGTGAT"	"CATSDFRANQPQHF"	"CTAGAGTCTGCCATCCCCAACCAGACAGCTCTTTACTTCTGTGCCACCAGTGATTTTAGGGCCAATCAGCCCCAGCATTTTGGTGAT"	"CATSDFRANQPQHF"	"TCRBV24-1*1"	NA	"TCRBJ1-5*1"	56	57	61	62	1	1	NA	NA	"CTAGAGTCTGCCATCCCCAACCAGACAGCTCTTTACTTCTGTGCCACCAGTGATTTTAGGGCCAATCAGCCCCAGCATTTTGGTGAT"	FALSE	TRUE	NA	NA	NA	NA
"AGAGCAGGAGGACTCGGCCGTGTATCTCTGTGCCAGCAGCTTAGGGGACTAGCGGGAGACGCCAAAAACATTCAGTACTTCGGCGCC"	""	"AGAGCAGGAGGACTCGGCCGTGTATCTCTGTGCCAGCAGCTTAGGGGACTAGCGGGAGACGCCAAAAACATTCAGTACTTCGGCGCC"	""	"TCRBV7-2"	"TCRBD2-1*2"	"TCRBJ2-4*1"	-1	44	58	60	45	2	NA	NA	"AGAGCAGGAGGACTCGGCCGTGTATCTCTGTGCCAGCAGCTTAGGGGACTAGCGGGAGACGCCAAAAACATTCAGTACTTCGGCGCC"	FALSE	FALSE	NA	NA	NA	NA
"CGCACAGAGCAGGGGGACTCGGCCATGTATCTCTGTGCCAGCAGCCGAGCGGGCCTCCGGGACAACAATGAGCAGTTCTTCGGGCCA"	"CASSRAGLRDNNEQFF"	"CGCACAGAGCAGGGGGACTCGGCCATGTATCTCTGTGCCAGCAGCCGAGCGGGCCTCCGGGACAACAATGAGCAGTTCTTCGGGCCA"	"CASSRAGLRDNNEQFF"	"TCRBV7-9*1"	NA	"TCRBJ2-1*1"	45	58	-1	64	13	65	NA	NA	"CGCACAGAGCAGGGGGACTCGGCCATGTATCTCTGTGCCAGCAGCCGAGCGGGCCTCCGGGACAACAATGAGCAGTTCTTCGGGCCA"	FALSE	TRUE	NA	NA	NA	NA
"CAGCAGGTAGTGCGAGGAGATTCGGCAGCTTATTTCTGTGCCAGCTCACCACGACAGGAGACTCGGGAGAAACTGTTTTTTGGCAGT"	"CASSPRQETREKLFF"	"CAGCAGGTAGTGCGAGGAGATTCGGCAGCTTATTTCTGTGCCAGCTCACCACGACAGGAGACTCGGGAGAAACTGTTTTTTGGCAGT"	"CASSPRQETREKLFF"	"TCRBV18-1*1"	NA	"TCRBJ1-4*1"	-1	52	58	69	53	11	NA	NA	"CAGCAGGTAGTGCGAGGAGATTCGGCAGCTTATTTCTGTGCCAGCTCACCACGACAGGAGACTCGGGAGAAACTGTTTTTTGGCAGT"	FALSE	TRUE	NA	NA	NA	NA
"GAGTCGCCCAGCCCCAACCAGACCTCTCTGTACTTCTGTGCCAGCAGTCCGGGACAGGGTCTCCCAGGGACCCAGTACTTCGGGCCA"	"CASSPGQGLPGTQYF"	"GAGTCGCCCAGCCCCAACCAGACCTCTCTGTACTTCTGTGCCAGCAGTCCGGGACAGGGTCTCCCAGGGACCCAGTACTTCGGGCCA"	"CASSPGQGLPGTQYF"	"TCRBV27-1*1"	"TCRBD1-1*1"	"TCRBJ2-5*1"	48	50	59	68	2	9	NA	NA	"GAGTCGCCCAGCCCCAACCAGACCTCTCTGTACTTCTGTGCCAGCAGTCCGGGACAGGGTCTCCCAGGGACCCAGTACTTCGGGCCA"	FALSE	TRUE	NA	NA	NA	NA
"GTGACCAGTGCCCATCCTGAAGACAGCAGCTTCTACATCTGCAGTGCTGGGACCGGGACTAGCGGGAGGCCACTCATCTTCGGGCCG"	"CSAGTGTSGRPLIF"	"GTGACCAGTGCCCATCCTGAAGACAGCAGCTTCTACATCTGCAGTGCTGGGACCGGGACTAGCGGGAGGCCACTCATCTTCGGGCCG"	"CSAGTGTSGRPLIF"	NA	"TCRBD2-1*2"	"TCRBJ2-7*1"	48	54	69	77	6	8	NA	NA	"GTGACCAGTGCCCATCCTGAAGACAGCAGCTTCTACATCTGCAGTGCTGGGACCGGGACTAGCGGGAGGCCACTCATCTTCGGGCCG"	FALSE	TRUE	NA	NA	NA	NA
"AGCACCTTGGAGCTGGGGGACTCGGCCCTTTATCTTTGCGCCAGCAGCTTGGGATGGGAGACGGATTCACCCCTCCACTTTGGGAAT"	"CASSLGWETDSPLHF"	"AGCACCTTGGAGCTGGGGGACTCGGCCCTTTATCTTTGCGCCAGCAGCTTGGGATGGGAGACGGATTCACCCCTCCACTTTGGGAAT"	"CASSLGWETDSPLHF"	"TCRBV5-1*1"	"TCRBD2-1*2"	"TCRBJ1-6*1"	52	55	60	64	3	4	NA	NA	"AGCACCTTGGAGCTGGGGGACTCGGCCCTTTATCTTTGCGCCAGCAGCTTGGGATGGGAGACGGATTCACCCCTCCACTTTGGGAAT"	FALSE	TRUE	NA	NA	NA	NA
"CCGCTCAGGCTGGAGTTGGCTGCTCCCTCCCAGACATCTGTGTACTTCTGTGCCAGCAGTTATAGCTATGGCTACACCTTCGGTTCG"	"CASSYSYGYTF"	"CCGCTCAGGCTGGAGTTGGCTGCTCCCTCCCAGACATCTGTGTACTTCTGTGCCAGCAGTTATAGCTATGGCTACACCTTCGGTTCG"	"CASSYSYGYTF"	"TCRBV6-6*1"	"TCRBD2-1"	"TCRBJ1-2*1"	-1	62	-1	65	63	66	NA	NA	"CCGCTCAGGCTGGAGTTGGCTGCTCCCTCCCAGACATCTGTGTACTTCTGTGCCAGCAGTTATAGCTATGGCTACACCTTCGGTTCG"	FALSE	TRUE	NA	NA	NA	NA
"CAGCGCACAGAGCAGGGGGACTCGGCCATGTATCTCTGTGCCAGCAGTCGGGGCAGCCGAATGAACACTGAAGCTTTCTTTGGACAA"	"CASSRGSRMNTEAFF"	"CAGCGCACAGAGCAGGGGGACTCGGCCATGTATCTCTGTGCCAGCAGTCGGGGCAGCCGAATGAACACTGAAGCTTTCTTTGGACAA"	"CASSRGSRMNTEAFF"	"TCRBV7-9*1"	NA	"TCRBJ1-1*1"	47	49	54	61	2	7	NA	NA	"CAGCGCACAGAGCAGGGGGACTCGGCCATGTATCTCTGTGCCAGCAGTCGGGGCAGCCGAATGAACACTGAAGCTTTCTTTGGACAA"	FALSE	TRUE	NA	NA	NA	NA
"ATCCAGCGCACAGAGCAGGGGGACTCGGCCATGTATCTCTGTGCCAGCAGCCAAGATAGACTAGCCTACGAGCAGTACTTCGGGCCG"	"CASSQDRLAYEQYF"	"ATCCAGCGCACAGAGCAGGGGGACTCGGCCATGTATCTCTGTGCCAGCAGCCAAGATAGACTAGCCTACGAGCAGTACTTCGGGCCG"	"CASSQDRLAYEQYF"	"TCRBV7-9*1"	"TCRBD2-1"	"TCRBJ2-7*1"	51	58	-1	64	7	65	NA	NA	"ATCCAGCGCACAGAGCAGGGGGACTCGGCCATGTATCTCTGTGCCAGCAGCCAAGATAGACTAGCCTACGAGCAGTACTTCGGGCCG"	FALSE	TRUE	NA	NA	NA	NA
"GTGAGCACCTTGGAGCTGGGGGACTCGGCCCTTTATCTTTGCGCCAGCAGTTCTAAACAGGGATACACTGAAGCTTTCTTTGGACAA"	"CASSSKQGYTEAFF"	"GTGAGCACCTTGGAGCTGGGGGACTCGGCCCTTTATCTTTGCGCCAGCAGTTCTAAACAGGGATACACTGAAGCTTTCTTTGGACAA"	"CASSSKQGYTEAFF"	"TCRBV5-1*1"	"TCRBD1-1*1"	"TCRBJ1-1*1"	50	56	62	64	6	2	NA	NA	"GTGAGCACCTTGGAGCTGGGGGACTCGGCCCTTTATCTTTGCGCCAGCAGTTCTAAACAGGGATACACTGAAGCTTTCTTTGGACAA"	FALSE	TRUE	NA	NA	NA	NA
"ATCCAGCCCTCAGAACCCAGGGACTCAGCTGTGTACTTCTGTGCCAGCCACAAAAGCGGGAGCCACAATGAGCAGTTCTTCGGGCCA"	"CASHKSGSHNEQFF"	"ATCCAGCCCTCAGAACCCAGGGACTCAGCTGTGTACTTCTGTGCCAGCCACAAAAGCGGGAGCCACAATGAGCAGTTCTTCGGGCCA"	"CASHKSGSHNEQFF"	NA	"TCRBD2-1*2"	"TCRBJ2-1*1"	48	54	62	64	6	2	NA	NA	"ATCCAGCCCTCAGAACCCAGGGACTCAGCTGTGTACTTCTGTGCCAGCCACAAAAGCGGGAGCCACAATGAGCAGTTCTTCGGGCCA"	FALSE	TRUE	NA	NA	NA	NA
"ATCCAGCCTGCAAAGCTTGAGGACTCGGCCGTGTATCTCTGTGCCAGCACCAATACCCTAAGGGGGGAGACCCAGTACTTCGGGCCA"	"CASTNTLRGETQYF"	"ATCCAGCCTGCAAAGCTTGAGGACTCGGCCGTGTATCTCTGTGCCAGCACCAATACCCTAAGGGGGGAGACCCAGTACTTCGGGCCA"	"CASTNTLRGETQYF"	"TCRBV11-2*1"	"TCRBD1-1*1"	"TCRBJ2-5*1"	49	60	-1	66	11	67	NA	NA	"ATCCAGCCTGCAAAGCTTGAGGACTCGGCCGTGTATCTCTGTGCCAGCACCAATACCCTAAGGGGGGAGACCCAGTACTTCGGGCCA"	FALSE	TRUE	NA	NA	NA	NA
"ATCCAGCCCTCAGAACCCAGGGACTCAGCTGTGTACTTCTGTGCCAGCAGTTTACGGGCGGCTAACAATGAGCAGTTCTTCGGGCCA"	"CASSLRAANNEQFF"	"ATCCAGCCCTCAGAACCCAGGGACTCAGCTGTGTACTTCTGTGCCAGCAGTTTACGGGCGGCTAACAATGAGCAGTTCTTCGGGCCA"	"CASSLRAANNEQFF"	NA	NA	"TCRBJ2-1*1"	54	55	59	64	1	5	NA	NA	"ATCCAGCCCTCAGAACCCAGGGACTCAGCTGTGTACTTCTGTGCCAGCAGTTTACGGGCGGCTAACAATGAGCAGTTCTTCGGGCCA"	FALSE	TRUE	NA	NA	NA	NA
"TCCAGTCCACGGAGTCAGGGGACACAGCACTGTATTTCTGTGCCAGCAGCAATACACCCTTAGCGCCCCGAGCAGTACTTCGGGCCG"	""	"TCCAGTCCACGGAGTCAGGGGACACAGCACTGTATTTCTGTGCCAGCAGCAATACACCCTTAGCGCCCCGAGCAGTACTTCGGGCCG"	""	"TCRBV21-1*1"	"TCRBD2-1"	"TCRBJ2-7*1"	52	60	65	68	8	3	NA	NA	"TCCAGTCCACGGAGTCAGGGGACACAGCACTGTATTTCTGTGCCAGCAGCAATACACCCTTAGCGCCCCGAGCAGTACTTCGGGCCG"	FALSE	FALSE	NA	NA	NA	NA
"AACATGAGCCCTGAAGACAGCAGCATATATCTCTGCAGCGTTGGAACAGGGGTGGAGATACCTTTCGATGGCTACACCTTCGGTTCG"	"CSVGTGVEIPFDGYTF"	"AACATGAGCCCTGAAGACAGCAGCATATATCTCTGCAGCGTTGGAACAGGGGTGGAGATACCTTTCGATGGCTACACCTTCGGTTCG"	"CSVGTGVEIPFDGYTF"	"TCRBV29-1"	"TCRBD1-1*1"	"TCRBJ1-2*1"	43	45	52	67	2	15	NA	NA	"AACATGAGCCCTGAAGACAGCAGCATATATCTCTGCAGCGTTGGAACAGGGGTGGAGATACCTTTCGATGGCTACACCTTCGGTTCG"	FALSE	TRUE	NA	NA	NA	NA
"GAGCAGGGGGACTCGGCCATGTATCTCTGTGCCAGCAGGGCAGAGGGGATGGGAGTTGAAGTGAATTCACCCCTCCACTTTGGGAAT"	"CASRAEGMGVEVNSPLHF"	"GAGCAGGGGGACTCGGCCATGTATCTCTGTGCCAGCAGGGCAGAGGGGATGGGAGTTGAAGTGAATTCACCCCTCCACTTTGGGAAT"	"CASRAEGMGVEVNSPLHF"	"TCRBV7-9*1"	NA	"TCRBJ1-6*1"	38	43	48	63	5	15	NA	NA	"GAGCAGGGGGACTCGGCCATGTATCTCTGTGCCAGCAGGGCAGAGGGGATGGGAGTTGAAGTGAATTCACCCCTCCACTTTGGGAAT"	FALSE	TRUE	NA	NA	NA	NA
"ACAGTGACCAGTGCCCATCCTGAAGACAGCAGCTTCTACATCTGCAGTGCCCGGGAAAATCCTAATGAAAAACTGTTTTTTGGCAGT"	"CSARENPNEKLFF"	"ACAGTGACCAGTGCCCATCCTGAAGACAGCAGCTTCTACATCTGCAGTGCCCGGGAAAATCCTAATGAAAAACTGTTTTTTGGCAGT"	"CSARENPNEKLFF"	NA	"TCRBD2-1*2"	"TCRBJ1-4*1"	50	51	56	61	1	5	NA	NA	"ACAGTGACCAGTGCCCATCCTGAAGACAGCAGCTTCTACATCTGCAGTGCCCGGGAAAATCCTAATGAAAAACTGTTTTTTGGCAGT"	FALSE	TRUE	NA	NA	NA	NA
"AGTGCCCATCCTGAAGACAGCAGCTTCTACATCTGCAGTGCTAAGAACTCCGATGGGGGGGATGCGGAGACCCAGTACTTCGGGCCA"	"CSAKNSDGGDAETQYF"	"AGTGCCCATCCTGAAGACAGCAGCTTCTACATCTGCAGTGCTAAGAACTCCGATGGGGGGGATGCGGAGACCCAGTACTTCGGGCCA"	"CSAKNSDGGDAETQYF"	NA	"TCRBD2-1*1"	"TCRBJ2-5*1"	43	54	61	66	11	5	NA	NA	"AGTGCCCATCCTGAAGACAGCAGCTTCTACATCTGCAGTGCTAAGAACTCCGATGGGGGGGATGCGGAGACCCAGTACTTCGGGCCA"	FALSE	TRUE	NA	NA	NA	NA
"CTGGAGTCTGCCAGGCCCTCACATACCTCTCAGTACCTCTGTGCCAGCAGTGGGTGGGGGATGAACACTGAAGCTTTCTTTGGACAA"	"CASSGWGMNTEAFF"	"CTGGAGTCTGCCAGGCCCTCACATACCTCTCAGTACCTCTGTGCCAGCAGTGGGTGGGGGATGAACACTGAAGCTTTCTTTGGACAA"	"CASSGWGMNTEAFF"	"TCRBV25-1*1"	NA	"TCRBJ1-1*1"	52	55	60	61	3	1	NA	NA	"CTGGAGTCTGCCAGGCCCTCACATACCTCTCAGTACCTCTGTGCCAGCAGTGGGTGGGGGATGAACACTGAAGCTTTCTTTGGACAA"	FALSE	TRUE	NA	NA	NA	NA
"TCCCTCCCAAACATCTGTGTACTTCTGTGCCAGCAGCCCCGGGCCTCGACTAGCGGGAGGGAGGCAGATACGCAGTATTTTGGCCCA"	""	"TCCCTCCCAAACATCTGTGTACTTCTGTGCCAGCAGCCCCGGGCCTCGACTAGCGGGAGGGAGGCAGATACGCAGTATTTTGGCCCA"	""	"TCRBV6-2*2"	"TCRBD2-1*2"	"TCRBJ2-3*1"	39	47	61	64	8	3	NA	NA	"TCCCTCCCAAACATCTGTGTACTTCTGTGCCAGCAGCCCCGGGCCTCGACTAGCGGGAGGGAGGCAGATACGCAGTATTTTGGCCCA"	FALSE	FALSE	NA	NA	NA	NA
"AGTGCCCATCCTGAAGACAGCAGCTTCTACATCTGCAGTGCTCCCCGGATAGCGGGAGAGACCTACAATGAGCAGTTCTTCGGGCCA"	"CSAPRIAGETYNEQFF"	"AGTGCCCATCCTGAAGACAGCAGCTTCTACATCTGCAGTGCTCCCCGGATAGCGGGAGAGACCTACAATGAGCAGTTCTTCGGGCCA"	"CSAPRIAGETYNEQFF"	NA	"TCRBD2-1*2"	"TCRBJ2-1*1"	42	49	58	61	7	3	NA	NA	"AGTGCCCATCCTGAAGACAGCAGCTTCTACATCTGCAGTGCTCCCCGGATAGCGGGAGAGACCTACAATGAGCAGTTCTTCGGGCCA"	FALSE	TRUE	NA	NA	NA	NA
"GATCCTGGAGTCGCCCAGCCCCAACCAGACCTCTCTGTACTTCTGTGCCAGCACGGGACAGCAAATGAAAAACTGTTTTTTGGCAGT"	""	"GATCCTGGAGTCGCCCAGCCCCAACCAGACCTCTCTGTACTTCTGTGCCAGCACGGGACAGCAAATGAAAAACTGTTTTTTGGCAGT"	""	"TCRBV27-1*1"	"TCRBD1-1*1"	"TCRBJ1-4*1"	53	54	61	63	1	2	NA	NA	"GATCCTGGAGTCGCCCAGCCCCAACCAGACCTCTCTGTACTTCTGTGCCAGCACGGGACAGCAAATGAAAAACTGTTTTTTGGCAGT"	FALSE	FALSE	NA	NA	NA	NA
"AGCTCTCTGGAGCTGGGGGACTCAGCTTTGTATTTCTGTGCCAGCAGCGTAGACCCAAGGGGAAACTATGGCTACACCTTCGGTTCG"	"CASSVDPRGNYGYTF"	"AGCTCTCTGGAGCTGGGGGACTCAGCTTTGTATTTCTGTGCCAGCAGCGTAGACCCAAGGGGAAACTATGGCTACACCTTCGGTTCG"	"CASSVDPRGNYGYTF"	"TCRBV9-1*1"	"TCRBD1-1*1"	"TCRBJ1-2*1"	52	57	62	63	5	1	NA	NA	"AGCTCTCTGGAGCTGGGGGACTCAGCTTTGTATTTCTGTGCCAGCAGCGTAGACCCAAGGGGAAACTATGGCTACACCTTCGGTTCG"	FALSE	TRUE	NA	NA	NA	NA
"AATTCCCTGGAGCTTGGTGACTCTGCTGTGTATTTCTGTGCCAGCAGCCAGGGACAGGGGGCTATCAACGAGCAGTACTTCGGGCCG"	"CASSQGQGAINEQYF"	"AATTCCCTGGAGCTTGGTGACTCTGCTGTGTATTTCTGTGCCAGCAGCCAGGGACAGGGGGCTATCAACGAGCAGTACTTCGGGCCG"	"CASSQGQGAINEQYF"	"TCRBV3-1/3-2*1"	"TCRBD1-1*1"	"TCRBJ2-7*1"	-1	50	62	67	51	5	NA	NA	"AATTCCCTGGAGCTTGGTGACTCTGCTGTGTATTTCTGTGCCAGCAGCCAGGGACAGGGGGCTATCAACGAGCAGTACTTCGGGCCG"	FALSE	TRUE	NA	NA	NA	NA
"ATCCAGCGCACAGAGCAGGGGGACTCGGCCATGTATCTCTGTGCCAGCAGCACAAGACAGGGCAATGAAAAACTGTTTTTTGGCAGT"	"CASSTRQGNEKLFF"	"ATCCAGCGCACAGAGCAGGGGGACTCGGCCATGTATCTCTGTGCCAGCAGCACAAGACAGGGCAATGAAAAACTGTTTTTTGGCAGT"	"CASSTRQGNEKLFF"	"TCRBV7-9*1"	"TCRBD1-1*1"	"TCRBJ1-4*1"	51	55	62	63	4	1	NA	NA	"ATCCAGCGCACAGAGCAGGGGGACTCGGCCATGTATCTCTGTGCCAGCAGCACAAGACAGGGCAATGAAAAACTGTTTTTTGGCAGT"	FALSE	TRUE	NA	NA	NA	NA
"TCTAAGAAGCTCCTTCTCAGTGACTCTGGCTTCTATCTCTGTGCCTGGACCAATACAGGGGGCACCGGGGAGCTGTTTTTTGGAGAA"	"CAWTNTGGTGELFF"	"TCTAAGAAGCTCCTTCTCAGTGACTCTGGCTTCTATCTCTGTGCCTGGACCAATACAGGGGGCACCGGGGAGCTGTTTTTTGGAGAA"	"CAWTNTGGTGELFF"	"TCRBV3-1*1"	"TCRBD1-1*1"	"TCRBJ2-2*1"	49	54	-1	62	5	63	NA	NA	"TCTAAGAAGCTCCTTCTCAGTGACTCTGGCTTCTATCTCTGTGCCTGGACCAATACAGGGGGCACCGGGGAGCTGTTTTTTGGAGAA"	FALSE	TRUE	NA	NA	NA	NA
"GCTGCTCCCTCCCAGACATCTGTGTACTTCTGTGCCAGCAGCCCCCCGGGACTAGCGGGAGCCTTGGATGAGCAGTTCTTCGGGCCA"	"CASSPPGLAGALDEQFF"	"GCTGCTCCCTCCCAGACATCTGTGTACTTCTGTGCCAGCAGCCCCCCGGGACTAGCGGGAGCCTTGGATGAGCAGTTCTTCGGGCCA"	"CASSPPGLAGALDEQFF"	NA	"TCRBD2-1*2"	"TCRBJ2-1*1"	41	47	61	67	6	6	NA	NA	"GCTGCTCCCTCCCAGACATCTGTGTACTTCTGTGCCAGCAGCCCCCCGGGACTAGCGGGAGCCTTGGATGAGCAGTTCTTCGGGCCA"	FALSE	TRUE	NA	NA	NA	NA
"GTGACCAGTGCCCATCCTGAAGACAGCAGCTTCTACATCTGCAGTGCTGAGAGCCCGGGACTTCGAGAGACCCAGTACTTCGGGCCA"	"CSAESPGLRETQYF"	"GTGACCAGTGCCCATCCTGAAGACAGCAGCTTCTACATCTGCAGTGCTGAGAGCCCGGGACTTCGAGAGACCCAGTACTTCGGGCCA"	"CSAESPGLRETQYF"	NA	"TCRBD2-1"	"TCRBJ2-5*1"	48	56	62	65	8	3	NA	NA	"GTGACCAGTGCCCATCCTGAAGACAGCAGCTTCTACATCTGCAGTGCTGAGAGCCCGGGACTTCGAGAGACCCAGTACTTCGGGCCA"	FALSE	TRUE	NA	NA	NA	NA
"AAGATCCAGCCTGCAGAGCTTGGGGACTCGGCCGTGTATCTCTGTGCCAGCAGCTTAGCTGCGTCGGGTGGGCAGTATTTTGGCCCA"	"CASSLAASGGQYF"	"AAGATCCAGCCTGCAGAGCTTGGGGACTCGGCCGTGTATCTCTGTGCCAGCAGCTTAGCTGCGTCGGGTGGGCAGTATTTTGGCCCA"	"CASSLAASGGQYF"	"TCRBV11-3*1"	"TCRBD2-1"	"TCRBJ2-3*1"	58	64	68	71	6	3	NA	NA	"AAGATCCAGCCTGCAGAGCTTGGGGACTCGGCCGTGTATCTCTGTGCCAGCAGCTTAGCTGCGTCGGGTGGGCAGTATTTTGGCCCA"	FALSE	TRUE	NA	NA	NA	NA
"CAGCCTGCAAAGCTTGAGGACTCGGCCGTGTATCTCTGTGCCAGCAGCTTATTTCGACGCAGAGGAGAGACCCAGTACTTCGGGCCA"	"CASSLFRRRGETQYF"	"CAGCCTGCAAAGCTTGAGGACTCGGCCGTGTATCTCTGTGCCAGCAGCTTATTTCGACGCAGAGGAGAGACCCAGTACTTCGGGCCA"	"CASSLFRRRGETQYF"	"TCRBV11-2*1"	"TCRBD2-1*2"	"TCRBJ2-5*1"	51	61	-1	65	10	66	NA	NA	"CAGCCTGCAAAGCTTGAGGACTCGGCCGTGTATCTCTGTGCCAGCAGCTTATTTCGACGCAGAGGAGAGACCCAGTACTTCGGGCCA"	FALSE	TRUE	NA	NA	NA	NA
"GATCCAGCAGGTAGTGCGAGGAGATTCGGCAGCTTATTTCTGTGCCAGCTCCGGACAAGTGGGGTCCATGAGCAGTTCTTCGGGCCA"	""	"GATCCAGCAGGTAGTGCGAGGAGATTCGGCAGCTTATTTCTGTGCCAGCTCCGGACAAGTGGGGTCCATGAGCAGTTCTTCGGGCCA"	""	"TCRBV18-1*1"	"TCRBD1-1*1"	"TCRBJ2-1*1"	51	52	57	67	1	10	NA	NA	"GATCCAGCAGGTAGTGCGAGGAGATTCGGCAGCTTATTTCTGTGCCAGCTCCGGACAAGTGGGGTCCATGAGCAGTTCTTCGGGCCA"	FALSE	FALSE	NA	NA	NA	NA
"GAGGACTCGGCCGTGTATCTCTGTGCCAGCAGCTTAGTACGGTTTGCGGGAGGGCCTCTTAGGGCCGGGGAGCTGTTTTTTGGAGAA"	"CASSLVRFAGGPLRAGELFF"	"GAGGACTCGGCCGTGTATCTCTGTGCCAGCAGCTTAGTACGGTTTGCGGGAGGGCCTCTTAGGGCCGGGGAGCTGTTTTTTGGAGAA"	"CASSLVRFAGGPLRAGELFF"	NA	"TCRBD2-1*2"	"TCRBJ2-2*1"	37	45	54	64	8	10	NA	NA	"GAGGACTCGGCCGTGTATCTCTGTGCCAGCAGCTTAGTACGGTTTGCGGGAGGGCCTCTTAGGGCCGGGGAGCTGTTTTTTGGAGAA"	FALSE	TRUE	NA	NA	NA	NA
"GCCTTGTTGCTGGGGGACTCGGCCCTCTATCTCTGTGCCAGCAGCCTCTGGACAGGGGTGCGCTACAATGAGCAGTTCTTCGGGCCA"	"CASSLWTGVRYNEQFF"	"GCCTTGTTGCTGGGGGACTCGGCCCTCTATCTCTGTGCCAGCAGCCTCTGGACAGGGGTGCGCTACAATGAGCAGTTCTTCGGGCCA"	"CASSLWTGVRYNEQFF"	"TCRBV5-6*1"	"TCRBD1-1*1"	"TCRBJ2-1*1"	45	49	58	62	4	4	NA	NA	"GCCTTGTTGCTGGGGGACTCGGCCCTCTATCTCTGTGCCAGCAGCCTCTGGACAGGGGTGCGCTACAATGAGCAGTTCTTCGGGCCA"	FALSE	TRUE	NA	NA	NA	NA
"GAAGCTCCTTCTCAGTGACTCTGGCTTCTATCTCTGTGCCTGGATCTCCAGGGGGCGTCCACCAAAAACATTCAGTACTTCGGCGCC"	""	"GAAGCTCCTTCTCAGTGACTCTGGCTTCTATCTCTGTGCCTGGATCTCCAGGGGGCGTCCACCAAAAACATTCAGTACTTCGGCGCC"	""	"TCRBV3-1*1"	"TCRBD1-1*1"	"TCRBJ2-4*1"	44	48	56	61	4	5	NA	NA	"GAAGCTCCTTCTCAGTGACTCTGGCTTCTATCTCTGTGCCTGGATCTCCAGGGGGCGTCCACCAAAAACATTCAGTACTTCGGCGCC"	FALSE	FALSE	NA	NA	NA	NA
"TGCCCATCCTGAAGACAGCAGCTTCTACATCTGCAGTGCCCGGGAGAAGCTAGCGGGAGGGCCATTAAGACCCAGTACTTCGGGCCA"	""	"TGCCCATCCTGAAGACAGCAGCTTCTACATCTGCAGTGCCCGGGAGAAGCTAGCGGGAGGGCCATTAAGACCCAGTACTTCGGGCCA"	""	NA	"TCRBD2-1*2"	"TCRBJ2-5*1"	39	49	61	67	10	6	NA	NA	"TGCCCATCCTGAAGACAGCAGCTTCTACATCTGCAGTGCCCGGGAGAAGCTAGCGGGAGGGCCATTAAGACCCAGTACTTCGGGCCA"	FALSE	FALSE	NA	NA	NA	NA
"ACTGTGAGCAACATGAGCCCTGAAGACAGCAGCATATATCTCTGCAGCGTGGGGATTCGGGCAAACACTGAAGCTTTCTTTGGACAA"	"CSVGIRANTEAFF"	"ACTGTGAGCAACATGAGCCCTGAAGACAGCAGCATATATCTCTGCAGCGTGGGGATTCGGGCAAACACTGAAGCTTTCTTTGGACAA"	"CSVGIRANTEAFF"	"TCRBV29-1"	NA	"TCRBJ1-1*1"	50	51	55	63	1	8	NA	NA	"ACTGTGAGCAACATGAGCCCTGAAGACAGCAGCATATATCTCTGCAGCGTGGGGATTCGGGCAAACACTGAAGCTTTCTTTGGACAA"	FALSE	TRUE	NA	NA	NA	NA
"CCTTGTTGCTGGGGGACTCGGCCCTCTATCTCTGTGCCAGTAGACCTAGAAGGAAACTAGCGGGAAATCGAGCAGTACTTCGGGCCG"	""	"CCTTGTTGCTGGGGGACTCGGCCCTCTATCTCTGTGCCAGTAGACCTAGAAGGAAACTAGCGGGAAATCGAGCAGTACTTCGGGCCG"	""	"TCRBV5-6*1"	"TCRBD2-1*2"	"TCRBJ2-7*1"	40	55	65	68	15	3	NA	NA	"CCTTGTTGCTGGGGGACTCGGCCCTCTATCTCTGTGCCAGTAGACCTAGAAGGAAACTAGCGGGAAATCGAGCAGTACTTCGGGCCG"	FALSE	FALSE	NA	NA	NA	NA
"GACTCGGCCCTGTATCTCTGCGCCAGCAGCCAAGGCCCAATACACGGACAGGGGGTTTCGAGCAATCAGCCCCAGCATTTTGGTGAT"	"CASSQGPIHGQGVSSNQPQHF"	"GACTCGGCCCTGTATCTCTGCGCCAGCAGCCAAGGCCCAATACACGGACAGGGGGTTTCGAGCAATCAGCCCCAGCATTTTGGTGAT"	"CASSQGPIHGQGVSSNQPQHF"	"TCRBV4-3*1"	"TCRBD1-1*1"	"TCRBJ1-5*1"	34	45	55	60	11	5	NA	NA	"GACTCGGCCCTGTATCTCTGCGCCAGCAGCCAAGGCCCAATACACGGACAGGGGGTTTCGAGCAATCAGCCCCAGCATTTTGGTGAT"	FALSE	TRUE	NA	NA	NA	NA
"ACGATCCAGCGCACAGAGCAGGAGGACTCCGCCGTGTATCTCTGTGCCAGCAGCTCGGGGACGGATGAGACCCAGTACTTCGGGCCA"	"CASSSGTDETQYF"	"ACGATCCAGCGCACAGAGCAGGAGGACTCCGCCGTGTATCTCTGTGCCAGCAGCTCGGGGACGGATGAGACCCAGTACTTCGGGCCA"	"CASSSGTDETQYF"	"TCRBV7-8*1"	NA	"TCRBJ2-5*1"	55	57	62	66	2	4	NA	NA	"ACGATCCAGCGCACAGAGCAGGAGGACTCCGCCGTGTATCTCTGTGCCAGCAGCTCGGGGACGGATGAGACCCAGTACTTCGGGCCA"	FALSE	TRUE	NA	NA	NA	NA
"CTGACAGTGACCAGTGCCCATCCTGAAGACAGCAGCTTCTACATCTGCAGTGCTAGAGAGTGGGGCTACGAGCAGTACTTCGGGCCG"	"CSAREWGYEQYF"	"CTGACAGTGACCAGTGCCCATCCTGAAGACAGCAGCTTCTACATCTGCAGTGCTAGAGAGTGGGGCTACGAGCAGTACTTCGGGCCG"	"CSAREWGYEQYF"	NA	NA	"TCRBJ2-7*1"	59	61	-1	65	2	66	NA	NA	"CTGACAGTGACCAGTGCCCATCCTGAAGACAGCAGCTTCTACATCTGCAGTGCTAGAGAGTGGGGCTACGAGCAGTACTTCGGGCCG"	FALSE	TRUE	NA	NA	NA	NA
"NNNNTGAAGATCCAGCCCTCAGAACCCAGGGACTCAGCTGTGTATTTTTGTGCTAGTGGTTCCATTCAGCCCCAGCATTTTGGTGAT"	"CASGSIQPQHF"	"NNNNTGAAGATCCAGCCCTCAGAACCCAGGGACTCAGCTGTGTATTTTTGTGCTAGTGGTTCCATTCAGCCCCAGCATTTTGGTGAT"	"CASGSIQPQHF"	"TCRBV12-5*1"	"TCRBD1-1*1"	"TCRBJ1-5*1"	61	62	64	65	1	1	NA	NA	"NNNNTGAAGATCCAGCCCTCAGAACCCAGGGACTCAGCTGTGTATTTTTGTGCTAGTGGTTCCATTCAGCCCCAGCATTTTGGTGAT"	FALSE	TRUE	NA	NA	NA	NA
"TCGGCCCAAAAGAACCCGACAGCTTTCTATCTCTGTGCCAGTAGTGCGCTCATGGGGACTAGCGGCAATGAGCAGTTCTTCGGGCCA"	"CASSALMGTSGNEQFF"	"TCGGCCCAAAAGAACCCGACAGCTTTCTATCTCTGTGCCAGTAGTGCGCTCATGGGGACTAGCGGCAATGAGCAGTTCTTCGGGCCA"	"CASSALMGTSGNEQFF"	"TCRBV19-1*1"	"TCRBD2-1"	"TCRBJ2-1*1"	45	54	-1	65	9	66	NA	NA	"TCGGCCCAAAAGAACCCGACAGCTTTCTATCTCTGTGCCAGTAGTGCGCTCATGGGGACTAGCGGCAATGAGCAGTTCTTCGGGCCA"	FALSE	TRUE	NA	NA	NA	NA
"NNCTCTGAAGATCCGGTCCACAAAGCTGGAGGACTCAGCCATGTACTTCTGTGCCAGTATGGAGAGGATGAGCAGTTCTTCGGGCCA"	""	"NNCTCTGAAGATCCGGTCCACAAAGCTGGAGGACTCAGCCATGTACTTCTGTGCCAGTATGGAGAGGATGAGCAGTTCTTCGGGCCA"	""	"TCRBV2-1"	"TCRBD2-1*2"	"TCRBJ2-1*1"	57	60	64	67	3	3	NA	NA	"NNCTCTGAAGATCCGGTCCACAAAGCTGGAGGACTCAGCCATGTACTTCTGTGCCAGTATGGAGAGGATGAGCAGTTCTTCGGGCCA"	FALSE	FALSE	NA	NA	NA	NA
"CTGGGGGACTCGGCCCTCTATCTCTGTGCCAGCAGCTTGGCCAGGCGGCGGCGAGACTCTGGGGCCAACGTCCTGACTTTCGGGGCC"	"CASSLARRRRDSGANVLTF"	"CTGGGGGACTCGGCCCTCTATCTCTGTGCCAGCAGCTTGGCCAGGCGGCGGCGAGACTCTGGGGCCAACGTCCTGACTTTCGGGGCC"	"CASSLARRRRDSGANVLTF"	"TCRBV5-6*1"	NA	"TCRBJ2-6*1"	40	41	45	56	1	11	NA	NA	"CTGGGGGACTCGGCCCTCTATCTCTGTGCCAGCAGCTTGGCCAGGCGGCGGCGAGACTCTGGGGCCAACGTCCTGACTTTCGGGGCC"	FALSE	TRUE	NA	NA	NA	NA
"NNNNNNNNNNTGTCGGCTGCTCCCTCCCAAACATCTGTGTACTTCTGTGCCAGCAGTTACCGTACAGCCACCATATATTTTGGAGAG"	"CASSYRTATIYF"	"NNNNNNNNNNTGTCGGCTGCTCCCTCCCAAACATCTGTGTACTTCTGTGCCAGCAGTTACCGTACAGCCACCATATATTTTGGAGAG"	"CASSYRTATIYF"	"TCRBV6-2/6-3*1"	"TCRBD1-1*1"	"TCRBJ1-3*1"	60	63	67	68	3	1	NA	NA	"NNNNNNNNNNTGTCGGCTGCTCCCTCCCAAACATCTGTGTACTTCTGTGCCAGCAGTTACCGTACAGCCACCATATATTTTGGAGAG"	FALSE	TRUE	NA	NA	NA	NA
"GTCGGCTGCTCCCTCCCAAACATCTGTGTACTTCTGTGCCAGCAGTTACAGCCCTTTCAACTTCAAGAGACCCAGTACTTCGGGCCA"	""	"GTCGGCTGCTCCCTCCCAAACATCTGTGTACTTCTGTGCCAGCAGTTACAGCCCTTTCAACTTCAAGAGACCCAGTACTTCGGGCCA"	""	"TCRBV6-2/6-3*1"	"TCRBD2-1"	"TCRBJ2-5*1"	49	59	62	63	10	1	NA	NA	"GTCGGCTGCTCCCTCCCAAACATCTGTGTACTTCTGTGCCAGCAGTTACAGCCCTTTCAACTTCAAGAGACCCAGTACTTCGGGCCA"	FALSE	FALSE	NA	NA	NA	NA
"ATCCGCTCACCAGGCCTGGGGGACGCAGCCATGTACCTGTGTGCCACCAGCAGAGATTACGGGATTGATACGCAGTATTTTGGCCCA"	"CATSRDYGIDTQYF"	"ATCCGCTCACCAGGCCTGGGGGACGCAGCCATGTACCTGTGTGCCACCAGCAGAGATTACGGGATTGATACGCAGTATTTTGGCCCA"	"CATSRDYGIDTQYF"	"TCRBV15-1*2"	"TCRBD2-1*2"	"TCRBJ2-3*1"	56	59	64	66	3	2	NA	NA	"ATCCGCTCACCAGGCCTGGGGGACGCAGCCATGTACCTGTGTGCCACCAGCAGAGATTACGGGATTGATACGCAGTATTTTGGCCCA"	FALSE	TRUE	NA	NA	NA	NA
"AATGTGAGCACCTTGGAGCTGGGGGACTCGGCCCTTTATCTTTGCGCCAGCAGCCAAGCGGGAGTAGATACGCAGTATTTTGGCCCA"	"CASSQAGVDTQYF"	"AATGTGAGCACCTTGGAGCTGGGGGACTCGGCCCTTTATCTTTGCGCCAGCAGCCAAGCGGGAGTAGATACGCAGTATTTTGGCCCA"	"CASSQAGVDTQYF"	"TCRBV5-1*1"	"TCRBD2-1*2"	"TCRBJ2-3*1"	54	56	64	65	2	1	NA	NA	"AATGTGAGCACCTTGGAGCTGGGGGACTCGGCCCTTTATCTTTGCGCCAGCAGCCAAGCGGGAGTAGATACGCAGTATTTTGGCCCA"	FALSE	TRUE	NA	NA	NA	NA
"TCGGCTGCTCCCTCCCAGACATCTGTGTACTTCTGTGCCAGCAGTGTGCGACTAGCGGGAGTAGGAGATACGCAGTATTTTGGCCCA"	"CASSVRLAGVGDTQYF"	"TCGGCTGCTCCCTCCCAGACATCTGTGTACTTCTGTGCCAGCAGTGTGCGACTAGCGGGAGTAGGAGATACGCAGTATTTTGGCCCA"	"CASSVRLAGVGDTQYF"	"TCRBV6-1*1"	"TCRBD2-1*2"	"TCRBJ2-3*1"	46	49	61	65	3	4	NA	NA	"TCGGCTGCTCCCTCCCAGACATCTGTGTACTTCTGTGCCAGCAGTGTGCGACTAGCGGGAGTAGGAGATACGCAGTATTTTGGCCCA"	FALSE	TRUE	NA	NA	NA	NA
"NTGTCGGCTGCTCCCTCCCAGACATCTGTGTACTTCTGTGCCAGCAGTGAGGGGACTAGCGGACACAATGAGCAGTTCTTCGGGCCA"	"CASSEGTSGHNEQFF"	"NTGTCGGCTGCTCCCTCCCAGACATCTGTGTACTTCTGTGCCAGCAGTGAGGGGACTAGCGGACACAATGAGCAGTTCTTCGGGCCA"	"CASSEGTSGHNEQFF"	"TCRBV6-1*1"	"TCRBD2-1"	"TCRBJ2-1*1"	50	51	62	64	1	2	NA	NA	"NTGTCGGCTGCTCCCTCCCAGACATCTGTGTACTTCTGTGCCAGCAGTGAGGGGACTAGCGGACACAATGAGCAGTTCTTCGGGCCA"	FALSE	TRUE	NA	NA	NA	NA
"CTGAGCTCTCTGGAGCTGGGGGACTCAGCTTTGTATTTCTGTGCCAGCAGCGTTAGCGGGAGGGCGGTCGAGCAGTACTTCGGGCCG"	"CASSVSGRAVEQYF"	"CTGAGCTCTCTGGAGCTGGGGGACTCAGCTTTGTATTTCTGTGCCAGCAGCGTTAGCGGGAGGGCGGTCGAGCAGTACTTCGGGCCG"	"CASSVSGRAVEQYF"	"TCRBV9-1*1"	"TCRBD2-1*2"	"TCRBJ2-7*1"	-1	53	64	68	54	4	NA	NA	"CTGAGCTCTCTGGAGCTGGGGGACTCAGCTTTGTATTTCTGTGCCAGCAGCGTTAGCGGGAGGGCGGTCGAGCAGTACTTCGGGCCG"	FALSE	TRUE	NA	NA	NA	NA
"NNNNNNNTGTCGGCTGCTCCCTCCCAGACATCTGTGTACTTCTGTGCCAGCAGAATACAGGCGAACACTGAAGCTTTCTTTGGACAA"	"CASRIQANTEAFF"	"NNNNNNNTGTCGGCTGCTCCCTCCCAGACATCTGTGTACTTCTGTGCCAGCAGAATACAGGCGAACACTGAAGCTTTCTTTGGACAA"	"CASRIQANTEAFF"	"TCRBV6-5*1"	"TCRBD1-1*1"	"TCRBJ1-1*1"	53	56	61	62	3	1	NA	NA	"NNNNNNNTGTCGGCTGCTCCCTCCCAGACATCTGTGTACTTCTGTGCCAGCAGAATACAGGCGAACACTGAAGCTTTCTTTGGACAA"	FALSE	TRUE	NA	NA	NA	NA
"GCTCTCTGGAGCTGGGGGACTCAGCTTTGTATTTCTGTGCCAGCAGCGTTCGGCGGGAGGAGGGGCAATGAGCAGTTCTTCGGGCCA"	""	"GCTCTCTGGAGCTGGGGGACTCAGCTTTGTATTTCTGTGCCAGCAGCGTTCGGCGGGAGGAGGGGCAATGAGCAGTTCTTCGGGCCA"	""	"TCRBV9-1*1"	"TCRBD2-1*2"	"TCRBJ2-1*1"	49	52	60	65	3	5	NA	NA	"GCTCTCTGGAGCTGGGGGACTCAGCTTTGTATTTCTGTGCCAGCAGCGTTCGGCGGGAGGAGGGGCAATGAGCAGTTCTTCGGGCCA"	FALSE	FALSE	NA	NA	NA	NA
"CTGGAGTCCGCTACCAGCTCCCAGACATCTGTGTACTTCTGTGCCATCAGGAAAACTAGCATGGTCTACGAGCAGTACTTCGGGCCG"	"CAIRKTSMVYEQYF"	"CTGGAGTCCGCTACCAGCTCCCAGACATCTGTGTACTTCTGTGCCATCAGGAAAACTAGCATGGTCTACGAGCAGTACTTCGGGCCG"	"CAIRKTSMVYEQYF"	"TCRBV1-3*1"	"TCRBD2-1"	"TCRBJ2-7*1"	50	54	60	65	4	5	NA	NA	"CTGGAGTCCGCTACCAGCTCCCAGACATCTGTGTACTTCTGTGCCATCAGGAAAACTAGCATGGTCTACGAGCAGTACTTCGGGCCG"	FALSE	TRUE	NA	NA	NA	NA
"NNNNNNNTGTCGGCTGCTCCCTCCCAGACATCTGTGTACTTCTGTGCCAGCAGTGTAACAGTTAACACTGAAGCTTTCTTTGGACAA"	"CASSVTVNTEAFF"	"NNNNNNNTGTCGGCTGCTCCCTCCCAGACATCTGTGTACTTCTGTGCCAGCAGTGTAACAGTTAACACTGAAGCTTTCTTTGGACAA"	"CASSVTVNTEAFF"	NA	"TCRBD1-1*1"	"TCRBJ1-1*1"	55	57	61	63	2	2	NA	NA	"NNNNNNNTGTCGGCTGCTCCCTCCCAGACATCTGTGTACTTCTGTGCCAGCAGTGTAACAGTTAACACTGAAGCTTTCTTTGGACAA"	FALSE	TRUE	NA	NA	NA	NA
"GAGTTGGCTGCTCCCTCCCAGACATCTGTGTACTTCTGTGCCAGCAGCCTCGGACTAGCGGGAGGCAATGAGCAGTTCTTCGGGCCA"	"CASSLGLAGGNEQFF"	"GAGTTGGCTGCTCCCTCCCAGACATCTGTGTACTTCTGTGCCAGCAGCCTCGGACTAGCGGGAGGCAATGAGCAGTTCTTCGGGCCA"	"CASSLGLAGGNEQFF"	"TCRBV6-6"	"TCRBD2-1*2"	"TCRBJ2-1*1"	47	51	-1	65	4	66	NA	NA	"GAGTTGGCTGCTCCCTCCCAGACATCTGTGTACTTCTGTGCCAGCAGCCTCGGACTAGCGGGAGGCAATGAGCAGTTCTTCGGGCCA"	FALSE	TRUE	NA	NA	NA	NA
"ACTGTGACATCGGCCCAAAAGAACCCGACAGCTTTCTATCTCTGTGCCAGTAGTACGGAACAGGGGAATGGCTACACCTTCGGTTCG"	"CASSTEQGNGYTF"	"ACTGTGACATCGGCCCAAAAGAACCCGACAGCTTTCTATCTCTGTGCCAGTAGTACGGAACAGGGGAATGGCTACACCTTCGGTTCG"	"CASSTEQGNGYTF"	"TCRBV19-1*1"	"TCRBD1-1*1"	"TCRBJ1-2*1"	55	59	66	67	4	1	NA	NA	"ACTGTGACATCGGCCCAAAAGAACCCGACAGCTTTCTATCTCTGTGCCAGTAGTACGGAACAGGGGAATGGCTACACCTTCGGTTCG"	FALSE	TRUE	NA	NA	NA	NA
"GCCTTGGAGCTGGACGACTCGGCCCTGTATCTCTGTGCCAGCAGCTCGGGATGGAGGGGAGGGTACGATGAGCAGTTCTTCGGGCCA"	"CASSSGWRGGYDEQFF"	"GCCTTGGAGCTGGACGACTCGGCCCTGTATCTCTGTGCCAGCAGCTCGGGATGGAGGGGAGGGTACGATGAGCAGTTCTTCGGGCCA"	"CASSSGWRGGYDEQFF"	"TCRBV5-4*1"	"TCRBD2-1*2"	"TCRBJ2-1*1"	46	56	63	67	10	4	NA	NA	"GCCTTGGAGCTGGACGACTCGGCCCTGTATCTCTGTGCCAGCAGCTCGGGATGGAGGGGAGGGTACGATGAGCAGTTCTTCGGGCCA"	FALSE	TRUE	NA	NA	NA	NA
"CAGCGCACAGAGCAGGGGGACTCGGCCATGTATCTCTGTGCCAGCAGCTTCCCGACAGGGATGGGTACTGAAGCTTTCTTTGGACAA"	"CASSFPTGMGTEAFF"	"CAGCGCACAGAGCAGGGGGACTCGGCCATGTATCTCTGTGCCAGCAGCTTCCCGACAGGGATGGGTACTGAAGCTTTCTTTGGACAA"	"CASSFPTGMGTEAFF"	"TCRBV7-9*1"	"TCRBD1-1*1"	"TCRBJ1-1*1"	50	53	60	66	3	6	NA	NA	"CAGCGCACAGAGCAGGGGGACTCGGCCATGTATCTCTGTGCCAGCAGCTTCCCGACAGGGATGGGTACTGAAGCTTTCTTTGGACAA"	FALSE	TRUE	NA	NA	NA	NA
"CACGCCCTGCAGCCAGAAGACTCAGCCCTGTATCTCTGCGCCAGCAGCCAAGGGTCCCCCTCAGAGGATACGCAGTATTTTGGCCCA"	"CASSQGSPSEDTQYF"	"CACGCCCTGCAGCCAGAAGACTCAGCCCTGTATCTCTGCGCCAGCAGCCAAGGGTCCCCCTCAGAGGATACGCAGTATTTTGGCCCA"	"CASSQGSPSEDTQYF"	"TCRBV4-1*1"	NA	"TCRBJ2-3*1"	52	61	64	66	9	2	NA	NA	"CACGCCCTGCAGCCAGAAGACTCAGCCCTGTATCTCTGCGCCAGCAGCCAAGGGTCCCCCTCAGAGGATACGCAGTATTTTGGCCCA"	FALSE	TRUE	NA	NA	NA	NA
"NNNNTGTCGGCTGCTCCCTCCCAGACATCTGTGTACTTCTGTGCCAGCAGTGAGGGGTCGGGGAACACTGAAGCTTTCTTTGGACAA"	"CASSEGSGNTEAFF"	"NNNNTGTCGGCTGCTCCCTCCCAGACATCTGTGTACTTCTGTGCCAGCAGTGAGGGGTCGGGGAACACTGAAGCTTTCTTTGGACAA"	"CASSEGSGNTEAFF"	"TCRBV6-1*1"	NA	"TCRBJ1-1*1"	-1	53	57	62	54	5	NA	NA	"NNNNTGTCGGCTGCTCCCTCCCAGACATCTGTGTACTTCTGTGCCAGCAGTGAGGGGTCGGGGAACACTGAAGCTTTCTTTGGACAA"	FALSE	TRUE	NA	NA	NA	NA
"ATCCGCTCACCAGGCCTGGGGGACGCAGCCATGTACCTGTGTGCCACATCTAAGCAAGCGGCCACAGATACGCAGTATTTTGGCCCA"	"CATSKQAATDTQYF"	"ATCCGCTCACCAGGCCTGGGGGACGCAGCCATGTACCTGTGTGCCACATCTAAGCAAGCGGCCACAGATACGCAGTATTTTGGCCCA"	"CATSKQAATDTQYF"	"TCRBV15-1*2"	"TCRBD2-1"	"TCRBJ2-3*1"	47	56	61	62	9	1	NA	NA	"ATCCGCTCACCAGGCCTGGGGGACGCAGCCATGTACCTGTGTGCCACATCTAAGCAAGCGGCCACAGATACGCAGTATTTTGGCCCA"	FALSE	TRUE	NA	NA	NA	NA
"TCAGAACCCAGGGACTCAGCTGTGTATTTTTGTGCTAGTGGTTTGGTACCAACCGGAGGGGGCACAGATACGCAGTATTTTGGCCCA"	"CASGLVPTGGGTDTQYF"	"TCAGAACCCAGGGACTCAGCTGTGTATTTTTGTGCTAGTGGTTTGGTACCAACCGGAGGGGGCACAGATACGCAGTATTTTGGCCCA"	"CASGLVPTGGGTDTQYF"	"TCRBV12-5*1"	"TCRBD2-1*2"	"TCRBJ2-3*1"	47	54	60	61	7	1	NA	NA	"TCAGAACCCAGGGACTCAGCTGTGTATTTTTGTGCTAGTGGTTTGGTACCAACCGGAGGGGGCACAGATACGCAGTATTTTGGCCCA"	FALSE	TRUE	NA	NA	NA	NA
"AGTGCGAGGAGATTCGGCAGCTTATTTCTGTGCCAGCTCCAACGGGGACAGGATAATTATAGCAATCAGCCCCAGCATTTTGGTGAT"	""	"AGTGCGAGGAGATTCGGCAGCTTATTTCTGTGCCAGCTCCAACGGGGACAGGATAATTATAGCAATCAGCCCCAGCATTTTGGTGAT"	""	"TCRBV18-1*1"	"TCRBD1-1*1"	"TCRBJ1-5*1"	39	44	52	59	5	7	NA	NA	"AGTGCGAGGAGATTCGGCAGCTTATTTCTGTGCCAGCTCCAACGGGGACAGGATAATTATAGCAATCAGCCCCAGCATTTTGGTGAT"	FALSE	FALSE	NA	NA	NA	NA
"AAGAAGCTCCTTCTCAGTGACTCTGGCTTCTATCTCTGTGCCTGGAGTGGATACACTGAAAGGAGAAACACCATATATTTTGGAGAG"	"CAWSGYTERRNTIYF"	"AAGAAGCTCCTTCTCAGTGACTCTGGCTTCTATCTCTGTGCCTGGAGTGGATACACTGAAAGGAGAAACACCATATATTTTGGAGAG"	"CAWSGYTERRNTIYF"	"TCRBV3-1*1"	NA	"TCRBJ1-3*1"	49	61	-1	64	12	65	NA	NA	"AAGAAGCTCCTTCTCAGTGACTCTGGCTTCTATCTCTGTGCCTGGAGTGGATACACTGAAAGGAGAAACACCATATATTTTGGAGAG"	FALSE	TRUE	NA	NA	NA	NA
"ACAAAGCTGGAGGACTCAGCCATGTACTTCTGTGCCAGCAGTGAAGGGACTAGCGGGAGCGTTATCTACGAGCAGTACTTCGGGCCG"	"CASSEGTSGSVIYEQYF"	"ACAAAGCTGGAGGACTCAGCCATGTACTTCTGTGCCAGCAGTGAAGGGACTAGCGGGAGCGTTATCTACGAGCAGTACTTCGGGCCG"	"CASSEGTSGSVIYEQYF"	"TCRBV2-1"	"TCRBD2-1*2"	"TCRBJ2-7*1"	-1	46	59	65	47	6	NA	NA	"ACAAAGCTGGAGGACTCAGCCATGTACTTCTGTGCCAGCAGTGAAGGGACTAGCGGGAGCGTTATCTACGAGCAGTACTTCGGGCCG"	FALSE	TRUE	NA	NA	NA	NA
"CTGGAGTCAGCTACCCGCTCCCAGACATCTGTGTATTTCTGCGCCAGCAGTGAGACAGAGGAAACCGGGGAGCTGTTTTTTGGAGAA"	"CASSETEETGELFF"	"CTGGAGTCAGCTACCCGCTCCCAGACATCTGTGTATTTCTGCGCCAGCAGTGAGACAGAGGAAACCGGGGAGCTGTTTTTTGGAGAA"	"CASSETEETGELFF"	"TCRBV1-2*1"	NA	"TCRBJ2-2*1"	-1	54	58	63	55	5	NA	NA	"CTGGAGTCAGCTACCCGCTCCCAGACATCTGTGTATTTCTGCGCCAGCAGTGAGACAGAGGAAACCGGGGAGCTGTTTTTTGGAGAA"	FALSE	TRUE	NA	NA	NA	NA
"CGGTCCACAAAGCTGGAGGACTCAGCCATGTACTTCTGTGCCAGCAGTGAGGAGCTCTCGTACACAGATACGCAGTATTTTGGCCCA"	"CASSEELSYTDTQYF"	"CGGTCCACAAAGCTGGAGGACTCAGCCATGTACTTCTGTGCCAGCAGTGAGGAGCTCTCGTACACAGATACGCAGTATTTTGGCCCA"	"CASSEELSYTDTQYF"	"TCRBV2-1"	"TCRBD2-1*2"	"TCRBJ2-3*1"	-1	50	54	62	51	8	NA	NA	"CGGTCCACAAAGCTGGAGGACTCAGCCATGTACTTCTGTGCCAGCAGTGAGGAGCTCTCGTACACAGATACGCAGTATTTTGGCCCA"	FALSE	TRUE	NA	NA	NA	NA
"CAGCCTGCAGAACTGGAGGATTCTGGAGTTTATTTCTGTGCCAGCAGCGTGGGACAGGGCCGATATGAAAAACTGTTTTTTGGCAGT"	"CASSVGQGRYEKLFF"	"CAGCCTGCAGAACTGGAGGATTCTGGAGTTTATTTCTGTGCCAGCAGCGTGGGACAGGGCCGATATGAAAAACTGTTTTTTGGCAGT"	"CASSVGQGRYEKLFF"	"TCRBV14-1*1"	"TCRBD1-1*1"	"TCRBJ1-4*1"	48	50	59	64	2	5	NA	NA	"CAGCCTGCAGAACTGGAGGATTCTGGAGTTTATTTCTGTGCCAGCAGCGTGGGACAGGGCCGATATGAAAAACTGTTTTTTGGCAGT"	FALSE	TRUE	NA	NA	NA	NA
"TGTCGGCTGCTCCCTCCCAGACATCTGTGTACTTCTGTGCCAGCAGTCTTGGTCAGGAACTCTGGAAACACCATATATTTTGGAGAG"	""	"TGTCGGCTGCTCCCTCCCAGACATCTGTGTACTTCTGTGCCAGCAGTCTTGGTCAGGAACTCTGGAAACACCATATATTTTGGAGAG"	""	"TCRBV6-5*1"	"TCRBD1-1*1"	"TCRBJ1-3*1"	47	53	57	59	6	2	NA	NA	"TGTCGGCTGCTCCCTCCCAGACATCTGTGTACTTCTGTGCCAGCAGTCTTGGTCAGGAACTCTGGAAACACCATATATTTTGGAGAG"	FALSE	FALSE	NA	NA	NA	NA
"GCCAGCACCAACCAGACATCTATGTACCTCTGTGCCAGCAGTTTAACTAGTCCGGGGCGCAGTTTGCGGGAAGCTTTCTTTGGACAA"	"CASSLTSPGRSLREAFF"	"GCCAGCACCAACCAGACATCTATGTACCTCTGTGCCAGCAGTTTAACTAGTCCGGGGCGCAGTTTGCGGGAAGCTTTCTTTGGACAA"	"CASSLTSPGRSLREAFF"	"TCRBV28-1*1"	NA	"TCRBJ1-1*1"	45	53	58	69	8	11	NA	NA	"GCCAGCACCAACCAGACATCTATGTACCTCTGTGCCAGCAGTTTAACTAGTCCGGGGCGCAGTTTGCGGGAAGCTTTCTTTGGACAA"	FALSE	TRUE	NA	NA	NA	NA
"TCAGAACCGGGAGACACGGCACTGTATCTCTGCGCCAGCAGTCACCGCCACCATTCCTAACATAGCTACGAGCAGTACTTCGGGCCG"	"CASSHRHHS*HSYEQYF"	"TCAGAACCGGGAGACACGGCACTGTATCTCTGCGCCAGCAGTCACCGCCACCATTCCTAACATAGCTACGAGCAGTACTTCGGGCCG"	"CASSHRHHS*HSYEQYF"	"TCRBV23-1*1"	NA	"TCRBJ2-7*1"	44	59	62	65	15	3	NA	NA	"TCAGAACCGGGAGACACGGCACTGTATCTCTGCGCCAGCAGTCACCGCCACCATTCCTAACATAGCTACGAGCAGTACTTCGGGCCG"	FALSE	TRUE	NA	NA	NA	NA
"GAGTCCGCCAGCACCAACCAGACATCTATGTACCTCTGTGCCAGCAGTTTATCGGGCAGCCGTTTCACAGAAGCTTTCTTTGGACAA"	"CASSLSGSRFTEAFF"	"GAGTCCGCCAGCACCAACCAGACATCTATGTACCTCTGTGCCAGCAGTTTATCGGGCAGCCGTTTCACAGAAGCTTTCTTTGGACAA"	"CASSLSGSRFTEAFF"	"TCRBV28-1*1"	NA	"TCRBJ1-1*1"	52	53	57	69	1	12	NA	NA	"GAGTCCGCCAGCACCAACCAGACATCTATGTACCTCTGTGCCAGCAGTTTATCGGGCAGCCGTTTCACAGAAGCTTTCTTTGGACAA"	FALSE	TRUE	NA	NA	NA	NA
"TTGTTGCTGGGGGACTCGGCCCTGTATCTCTGTGCCAGCAGCTTGGCAGCGGGCCACTCTGGGGCCAACGTCCTGACTTTCGGGGCC"	"CASSLAAGHSGANVLTF"	"TTGTTGCTGGGGGACTCGGCCCTGTATCTCTGTGCCAGCAGCTTGGCAGCGGGCCACTCTGGGGCCAACGTCCTGACTTTCGGGGCC"	"CASSLAAGHSGANVLTF"	"TCRBV5-5*1"	"TCRBD2-1"	"TCRBJ2-6*1"	46	47	53	56	1	3	NA	NA	"TTGTTGCTGGGGGACTCGGCCCTGTATCTCTGTGCCAGCAGCTTGGCAGCGGGCCACTCTGGGGCCAACGTCCTGACTTTCGGGGCC"	FALSE	TRUE	NA	NA	NA	NA
"GCCTGCAGAACTGGAGGATTCTGGAGTTTATTTCTGTGCCACCCGGTGGAAGGCCGGCATAGCAATCAGCCCCAGCATTTTGGTGAT"	""	"GCCTGCAGAACTGGAGGATTCTGGAGTTTATTTCTGTGCCACCCGGTGGAAGGCCGGCATAGCAATCAGCCCCAGCATTTTGGTGAT"	""	"TCRBV14-1*1"	NA	"TCRBJ1-5*1"	41	47	50	59	6	9	NA	NA	"GCCTGCAGAACTGGAGGATTCTGGAGTTTATTTCTGTGCCACCCGGTGGAAGGCCGGCATAGCAATCAGCCCCAGCATTTTGGTGAT"	FALSE	FALSE	NA	NA	NA	NA
"ACCTTGGAGCTGGGGGACTCGGCCCTTTATCTTTGCGCCAGCAGTCTGACTCCGGGACAGGGGACAGCAGAGCAGTTCTTCGGGCCA"	"CASSLTPGQGTAEQFF"	"ACCTTGGAGCTGGGGGACTCGGCCCTTTATCTTTGCGCCAGCAGTCTGACTCCGGGACAGGGGACAGCAGAGCAGTTCTTCGGGCCA"	"CASSLTPGQGTAEQFF"	"TCRBV5-1*1"	"TCRBD1-1*1"	"TCRBJ2-1*1"	44	53	63	69	9	6	NA	NA	"ACCTTGGAGCTGGGGGACTCGGCCCTTTATCTTTGCGCCAGCAGTCTGACTCCGGGACAGGGGACAGCAGAGCAGTTCTTCGGGCCA"	FALSE	TRUE	NA	NA	NA	NA
"TCGCCCAGCCCCAACCAGACCTCTCTGTACTTCTGTGCCAGCAGTTCACCCTATGCGGGAGACTCCTACGAGCAGTACTTCGGGCCG"	"CASSSPYAGDSYEQYF"	"TCGCCCAGCCCCAACCAGACCTCTCTGTACTTCTGTGCCAGCAGTTCACCCTATGCGGGAGACTCCTACGAGCAGTACTTCGGGCCG"	"CASSSPYAGDSYEQYF"	"TCRBV27-1*1"	"TCRBD2-1*2"	"TCRBJ2-7*1"	46	54	61	62	8	1	NA	NA	"TCGCCCAGCCCCAACCAGACCTCTCTGTACTTCTGTGCCAGCAGTTCACCCTATGCGGGAGACTCCTACGAGCAGTACTTCGGGCCG"	FALSE	TRUE	NA	NA	NA	NA
"TCCTCAGAACCGGGAGACACGGCACTGTATCTCTGCGCCAGCAGGCCGTAAGGGGACGGGGCTTATCAGCCCCAGCATTTTGGTGAT"	"CASRP*GDGAYQPQHF"	"TCCTCAGAACCGGGAGACACGGCACTGTATCTCTGCGCCAGCAGGCCGTAAGGGGACGGGGCTTATCAGCCCCAGCATTTTGGTGAT"	"CASRP*GDGAYQPQHF"	"TCRBV23-1*1"	NA	"TCRBJ1-5*1"	44	52	57	64	8	7	NA	NA	"TCCTCAGAACCGGGAGACACGGCACTGTATCTCTGCGCCAGCAGGCCGTAAGGGGACGGGGCTTATCAGCCCCAGCATTTTGGTGAT"	FALSE	TRUE	NA	NA	NA	NA
"CTGTACCCTCTCAGACATCTGTGTACTTCTGTGCCAGCAGTGACTCTAGGGAGGAGGCGAACCAAAAACATTCAGTACTTCGGCGCC"	""	"CTGTACCCTCTCAGACATCTGTGTACTTCTGTGCCAGCAGTGACTCTAGGGAGGAGGCGAACCAAAAACATTCAGTACTTCGGCGCC"	""	"TCRBV6-4*1"	"TCRBD2-1*2"	"TCRBJ2-4*1"	46	48	54	61	2	7	NA	NA	"CTGTACCCTCTCAGACATCTGTGTACTTCTGTGCCAGCAGTGACTCTAGGGAGGAGGCGAACCAAAAACATTCAGTACTTCGGCGCC"	FALSE	FALSE	NA	NA	NA	NA
"ACTGTGACATCGGCCCAAAAGAACCCGACAGCTTTCTATCTCTGTGCCAGTGATAGCGGGAGTAAATACGAGCAGTACTTCGGGCCG"	"CASDSGSKYEQYF"	"ACTGTGACATCGGCCCAAAAGAACCCGACAGCTTTCTATCTCTGTGCCAGTGATAGCGGGAGTAAATACGAGCAGTACTTCGGGCCG"	"CASDSGSKYEQYF"	"TCRBV19-1*1"	"TCRBD2-1*2"	"TCRBJ2-7*1"	51	53	62	66	2	4	NA	NA	"ACTGTGACATCGGCCCAAAAGAACCCGACAGCTTTCTATCTCTGTGCCAGTGATAGCGGGAGTAAATACGAGCAGTACTTCGGGCCG"	FALSE	TRUE	NA	NA	NA	NA
"AATGTGAACGCCTTGGAGCTGGACGACTCGGCCCTGTATCTCTGTGCCAGCAGGGAAGATCCCACAGATACGCAGTATTTTGGCCCA"	"CASREDPTDTQYF"	"AATGTGAACGCCTTGGAGCTGGACGACTCGGCCCTGTATCTCTGTGCCAGCAGGGAAGATCCCACAGATACGCAGTATTTTGGCCCA"	"CASREDPTDTQYF"	"TCRBV5-4*1"	NA	"TCRBJ2-3*1"	-1	53	56	62	54	6	NA	NA	"AATGTGAACGCCTTGGAGCTGGACGACTCGGCCCTGTATCTCTGTGCCAGCAGGGAAGATCCCACAGATACGCAGTATTTTGGCCCA"	FALSE	TRUE	NA	NA	NA	NA
"NNNNNNNTGTCGGCTGCTCCCTCCCAAACATCTGTGTACTTCTGTGCCAGCAGTTACCGAGCTAGCGGGAGAGAATACTTCGGGCCG"	"CASSYRASGREYF"	"NNNNNNNTGTCGGCTGCTCCCTCCCAAACATCTGTGTACTTCTGTGCCAGCAGTTACCGAGCTAGCGGGAGAGAATACTTCGGGCCG"	"CASSYRASGREYF"	"TCRBV6-2/6-3*1"	"TCRBD2-1*2"	"TCRBJ2-7*1"	57	61	71	75	4	4	NA	NA	"NNNNNNNTGTCGGCTGCTCCCTCCCAAACATCTGTGTACTTCTGTGCCAGCAGTTACCGAGCTAGCGGGAGAGAATACTTCGGGCCG"	FALSE	TRUE	NA	NA	NA	NA
"CTGCAGCCAGAAGACTCAGCCCTGTATCTCTGCGCCAGCAGCCAAGCTCCACAAAAGAGGACTAATGAAAAACTGTTTTTTGGCAGT"	"CASSQAPQKRTNEKLFF"	"CTGCAGCCAGAAGACTCAGCCCTGTATCTCTGCGCCAGCAGCCAAGCTCCACAAAAGAGGACTAATGAAAAACTGTTTTTTGGCAGT"	"CASSQAPQKRTNEKLFF"	"TCRBV4-1*1"	"TCRBD2-1*2"	"TCRBJ1-4*1"	46	56	-1	60	10	61	NA	NA	"CTGCAGCCAGAAGACTCAGCCCTGTATCTCTGCGCCAGCAGCCAAGCTCCACAAAAGAGGACTAATGAAAAACTGTTTTTTGGCAGT"	FALSE	TRUE	NA	NA	NA	NA
"GCGTCTGCTGTACCCTCTCAGACATCTGTGTACTTCTGTGCCAGCAGTGAATCTCCTTCGACCGGGGGTGAGCAGTTCTTCGGGCCA"	"CASSESPSTGGEQFF"	"GCGTCTGCTGTACCCTCTCAGACATCTGTGTACTTCTGTGCCAGCAGTGAATCTCCTTCGACCGGGGGTGAGCAGTTCTTCGGGCCA"	"CASSESPSTGGEQFF"	"TCRBV6-4*1"	"TCRBD2-1*1"	"TCRBJ2-1*1"	50	62	-1	68	12	69	NA	NA	"GCGTCTGCTGTACCCTCTCAGACATCTGTGTACTTCTGTGCCAGCAGTGAATCTCCTTCGACCGGGGGTGAGCAGTTCTTCGGGCCA"	FALSE	TRUE	NA	NA	NA	NA
"CTCAAGATCCAGCCTGCAAAGCTTGAGGACTCGGCCGTGTATCTCTGTGCCAGCATGAACCGGGTTGGGGAGCAGTACTTCGGGCCG"	"CASMNRVGEQYF"	"CTCAAGATCCAGCCTGCAAAGCTTGAGGACTCGGCCGTGTATCTCTGTGCCAGCATGAACCGGGTTGGGGAGCAGTACTTCGGGCCG"	"CASMNRVGEQYF"	"TCRBV11-2*1"	"TCRBD2-1"	"TCRBJ2-7*1"	55	60	64	69	5	5	NA	NA	"CTCAAGATCCAGCCTGCAAAGCTTGAGGACTCGGCCGTGTATCTCTGTGCCAGCATGAACCGGGTTGGGGAGCAGTACTTCGGGCCG"	FALSE	TRUE	NA	NA	NA	NA
"ATCAATTCCCTGGAGCTTGGTGACTCTGCTGTGTATTTCTGTGCCAGCAGCCCGGGACTATCAACCTACGAGCAGTACTTCGGGCCG"	"CASSPGLSTYEQYF"	"ATCAATTCCCTGGAGCTTGGTGACTCTGCTGTGTATTTCTGTGCCAGCAGCCCGGGACTATCAACCTACGAGCAGTACTTCGGGCCG"	"CASSPGLSTYEQYF"	"TCRBV3-1/3-2*1"	"TCRBD2-1"	"TCRBJ2-7*1"	52	53	60	64	1	4	NA	NA	"ATCAATTCCCTGGAGCTTGGTGACTCTGCTGTGTATTTCTGTGCCAGCAGCCCGGGACTATCAACCTACGAGCAGTACTTCGGGCCG"	FALSE	TRUE	NA	NA	NA	NA
"GAGCTTGGGGACTCGGCCGTGTATCTCTGTGCCAGCAGCGCGGGACTAGCGGGACCAGCCCCATACAATGAGCAGTTCTTCGGGCCA"	"CASSAGLAGPAPYNEQFF"	"GAGCTTGGGGACTCGGCCGTGTATCTCTGTGCCAGCAGCGCGGGACTAGCGGGACCAGCCCCATACAATGAGCAGTTCTTCGGGCCA"	"CASSAGLAGPAPYNEQFF"	"TCRBV11-3*1"	"TCRBD2-1*2"	"TCRBJ2-1*1"	39	41	54	63	2	9	NA	NA	"GAGCTTGGGGACTCGGCCGTGTATCTCTGTGCCAGCAGCGCGGGACTAGCGGGACCAGCCCCATACAATGAGCAGTTCTTCGGGCCA"	FALSE	TRUE	NA	NA	NA	NA
"AGAGCGGGGGGACTCAGCCGTGTATCTCTGTGCCAGCAGCTTATCGGAACCTAGTGGCTTTTAAGCAATGAGCAGTTCTTCGGGCCA"	""	"AGAGCGGGGGGACTCAGCCGTGTATCTCTGTGCCAGCAGCTTATCGGAACCTAGTGGCTTTTAAGCAATGAGCAGTTCTTCGGGCCA"	""	"TCRBV7-3*1"	"TCRBD2-1"	"TCRBJ2-1*1"	43	50	54	65	7	11	NA	NA	"AGAGCGGGGGGACTCAGCCGTGTATCTCTGTGCCAGCAGCTTATCGGAACCTAGTGGCTTTTAAGCAATGAGCAGTTCTTCGGGCCA"	FALSE	FALSE	NA	NA	NA	NA
"ATCCAGCAGGTAGTGCGAGGAGATTCGGCAGCTTATTTCTGTGCCAGCTCACGAGGGACCGAGAATTCACCCCTCCACTTTGGGAAT"	"CASSRGTENSPLHF"	"ATCCAGCAGGTAGTGCGAGGAGATTCGGCAGCTTATTTCTGTGCCAGCTCACGAGGGACCGAGAATTCACCCCTCCACTTTGGGAAT"	"CASSRGTENSPLHF"	"TCRBV18-1*1"	NA	"TCRBJ1-6*1"	52	54	59	63	2	4	NA	NA	"ATCCAGCAGGTAGTGCGAGGAGATTCGGCAGCTTATTTCTGTGCCAGCTCACGAGGGACCGAGAATTCACCCCTCCACTTTGGGAAT"	FALSE	TRUE	NA	NA	NA	NA
"AACGCCTTGTTGCTGGGGGACTCGGCCCTCTATCTCTGTGCCAGCAGCTTGGGGGTTAATGTGGGCTACGAGCAGTACTTCGGGCCG"	"CASSLGVNVGYEQYF"	"AACGCCTTGTTGCTGGGGGACTCGGCCCTCTATCTCTGTGCCAGCAGCTTGGGGGTTAATGTGGGCTACGAGCAGTACTTCGGGCCG"	"CASSLGVNVGYEQYF"	"TCRBV5-6*1"	NA	"TCRBJ2-7*1"	-1	52	55	65	53	10	NA	NA	"AACGCCTTGTTGCTGGGGGACTCGGCCCTCTATCTCTGTGCCAGCAGCTTGGGGGTTAATGTGGGCTACGAGCAGTACTTCGGGCCG"	FALSE	TRUE	NA	NA	NA	NA
"ACATCGGCCCAAAAGAACCCGACAGCTTTCTATCTCTGTGCCAGTAGTGGACGGAGGGGCTTCACCGGGGAGCTGTTTTTTGGAGAA"	"CASSGRRGFTGELFF"	"ACATCGGCCCAAAAGAACCCGACAGCTTTCTATCTCTGTGCCAGTAGTGGACGGAGGGGCTTCACCGGGGAGCTGTTTTTTGGAGAA"	"CASSGRRGFTGELFF"	"TCRBV19-1*1"	"TCRBD2-1*2"	"TCRBJ2-2*1"	48	52	58	62	4	4	NA	NA	"ACATCGGCCCAAAAGAACCCGACAGCTTTCTATCTCTGTGCCAGTAGTGGACGGAGGGGCTTCACCGGGGAGCTGTTTTTTGGAGAA"	FALSE	TRUE	NA	NA	NA	NA
"CCCTCCCAGACATCTGTGTACTTCTGTGCCAGCAGTTACGTCCTAGCGGGCTCTCTAATGAACACCGGGGAGCTGTTTTTTGGAGAA"	"CASSYVLAGSLMNTGELFF"	"CCCTCCCAGACATCTGTGTACTTCTGTGCCAGCAGTTACGTCCTAGCGGGCTCTCTAATGAACACCGGGGAGCTGTTTTTTGGAGAA"	"CASSYVLAGSLMNTGELFF"	NA	"TCRBD2-1"	"TCRBJ2-2*1"	39	42	50	59	3	9	NA	NA	"CCCTCCCAGACATCTGTGTACTTCTGTGCCAGCAGTTACGTCCTAGCGGGCTCTCTAATGAACACCGGGGAGCTGTTTTTTGGAGAA"	FALSE	TRUE	NA	NA	NA	NA
"ACCCTGCAGCCAGAAGACTCGGCCCTGTATCTCTGTGCCAGCAGACCAGGGGGGGTGTCTGGGGCCAACGTCCTGACTTTCGGGGCC"	"CASRPGGVSGANVLTF"	"ACCCTGCAGCCAGAAGACTCGGCCCTGTATCTCTGTGCCAGCAGACCAGGGGGGGTGTCTGGGGCCAACGTCCTGACTTTCGGGGCC"	"CASRPGGVSGANVLTF"	"TCRBV4-2*1"	NA	"TCRBJ2-6*1"	44	46	53	57	2	4	NA	NA	"ACCCTGCAGCCAGAAGACTCGGCCCTGTATCTCTGTGCCAGCAGACCAGGGGGGGTGTCTGGGGCCAACGTCCTGACTTTCGGGGCC"	FALSE	TRUE	NA	NA	NA	NA
"CAGCGCACAGAGCAGGAGGACTCGGCCGTGTATCTCTGTGCCAGCAGCGTCCGGGGGGGGAGCTACAATGAGCAGTTCTTCGGGCCA"	"CASSVRGGSYNEQFF"	"CAGCGCACAGAGCAGGAGGACTCGGCCGTGTATCTCTGTGCCAGCAGCGTCCGGGGGGGGAGCTACAATGAGCAGTTCTTCGGGCCA"	"CASSVRGGSYNEQFF"	"TCRBV7-2"	"TCRBD2-1*1"	"TCRBJ2-1*1"	48	51	59	62	3	3	NA	NA	"CAGCGCACAGAGCAGGAGGACTCGGCCGTGTATCTCTGTGCCAGCAGCGTCCGGGGGGGGAGCTACAATGAGCAGTTCTTCGGGCCA"	FALSE	TRUE	NA	NA	NA	NA
"CTGGAGCTTGGTGACTCTGCTGTGTATTTCTGTGCCAGCAGCCAAGAGTTAGCGGGAGTTTCCTACAATGAGCAGTTCTTCGGGCCA"	"CASSQELAGVSYNEQFF"	"CTGGAGCTTGGTGACTCTGCTGTGTATTTCTGTGCCAGCAGCCAAGAGTTAGCGGGAGTTTCCTACAATGAGCAGTTCTTCGGGCCA"	"CASSQELAGVSYNEQFF"	"TCRBV3-1/3-2*1"	"TCRBD2-1*2"	"TCRBJ2-1*1"	47	49	58	60	2	2	NA	NA	"CTGGAGCTTGGTGACTCTGCTGTGTATTTCTGTGCCAGCAGCCAAGAGTTAGCGGGAGTTTCCTACAATGAGCAGTTCTTCGGGCCA"	FALSE	TRUE	NA	NA	NA	NA
"GAGTCTGCTGCCTCCTCCCAGACATCTGTATATTTCTGCGCCAGCAGTGAATCGGCGGGAGCGGGGGATGAGCAGTTCTTCGGGCCA"	"CASSESAGAGDEQFF"	"GAGTCTGCTGCCTCCTCCCAGACATCTGTATATTTCTGCGCCAGCAGTGAATCGGCGGGAGCGGGGGATGAGCAGTTCTTCGGGCCA"	"CASSESAGAGDEQFF"	"TCRBV1-1*1"	"TCRBD2-1*1"	"TCRBJ2-1*1"	50	59	-1	67	9	68	NA	NA	"GAGTCTGCTGCCTCCTCCCAGACATCTGTATATTTCTGCGCCAGCAGTGAATCGGCGGGAGCGGGGGATGAGCAGTTCTTCGGGCCA"	FALSE	TRUE	NA	NA	NA	NA
"CAGCGCACAGAGCAGGAGGACTCCGCCGTGTATCTCTGTGCCAGCAGCATCGGACGGGGGCTAATTCCGAATCAGTACTTCGGCGCC"	"CASSIGRGLIPNQYF"	"CAGCGCACAGAGCAGGAGGACTCCGCCGTGTATCTCTGTGCCAGCAGCATCGGACGGGGGCTAATTCCGAATCAGTACTTCGGCGCC"	"CASSIGRGLIPNQYF"	"TCRBV7-8"	NA	"TCRBJ2-4*1"	48	55	61	71	7	10	NA	NA	"CAGCGCACAGAGCAGGAGGACTCCGCCGTGTATCTCTGTGCCAGCAGCATCGGACGGGGGCTAATTCCGAATCAGTACTTCGGCGCC"	FALSE	TRUE	NA	NA	NA	NA
"CCTGCAAAGCTTGAGGACTCGGCCGTGTATCTCTGTGCCAGCAGCTCCGTTAGCGGGAGGGCAAAAAACATTCAGTACTTCGGCGCC"	"CASSSVSGRAKNIQYF"	"CCTGCAAAGCTTGAGGACTCGGCCGTGTATCTCTGTGCCAGCAGCTCCGTTAGCGGGAGGGCAAAAAACATTCAGTACTTCGGCGCC"	"CASSSVSGRAKNIQYF"	"TCRBV11-2"	"TCRBD2-1*2"	"TCRBJ2-4*1"	46	50	61	63	4	2	NA	NA	"CCTGCAAAGCTTGAGGACTCGGCCGTGTATCTCTGTGCCAGCAGCTCCGTTAGCGGGAGGGCAAAAAACATTCAGTACTTCGGCGCC"	FALSE	TRUE	NA	NA	NA	NA
"CTAGAGTCTGCCATCCCCAACCAGACAGCTCTTTACTTCTGTGCCACCAGTGATGACTTTGGGGGGGCTGAGCAGTTCTTCGGGCCA"	"CATSDDFGGAEQFF"	"CTAGAGTCTGCCATCCCCAACCAGACAGCTCTTTACTTCTGTGCCACCAGTGATGACTTTGGGGGGGCTGAGCAGTTCTTCGGGCCA"	"CATSDDFGGAEQFF"	"TCRBV24-1*1"	"TCRBD2-1*1"	"TCRBJ2-1*1"	54	60	67	68	6	1	NA	NA	"CTAGAGTCTGCCATCCCCAACCAGACAGCTCTTTACTTCTGTGCCACCAGTGATGACTTTGGGGGGGCTGAGCAGTTCTTCGGGCCA"	FALSE	TRUE	NA	NA	NA	NA
"TGGAGTCTGCTGCCTCCTCCCAGACATCTGTATATTTCTGCGCCAGCAACCCTCGGACCTGAGGGGTACGAGCAGTACTTCGGGCCG"	""	"TGGAGTCTGCTGCCTCCTCCCAGACATCTGTATATTTCTGCGCCAGCAACCCTCGGACCTGAGGGGTACGAGCAGTACTTCGGGCCG"	""	"TCRBV1-1*1"	NA	"TCRBJ2-7*1"	48	61	-1	66	13	67	NA	NA	"TGGAGTCTGCTGCCTCCTCCCAGACATCTGTATATTTCTGCGCCAGCAACCCTCGGACCTGAGGGGTACGAGCAGTACTTCGGGCCG"	FALSE	FALSE	NA	NA	NA	NA
"ATCCGCTCACCAGGCCTGGGGGACGCAGCCATGTACCTGTGTGCCACCAGCAGAGTGGCTAGCGCCTACGAGCAGTACTTCGGGCCG"	"CATSRVASAYEQYF"	"ATCCGCTCACCAGGCCTGGGGGACGCAGCCATGTACCTGTGTGCCACCAGCAGAGTGGCTAGCGCCTACGAGCAGTACTTCGGGCCG"	"CATSRVASAYEQYF"	"TCRBV15-1*2"	"TCRBD2-1"	"TCRBJ2-7*1"	55	58	-1	64	3	65	NA	NA	"ATCCGCTCACCAGGCCTGGGGGACGCAGCCATGTACCTGTGTGCCACCAGCAGAGTGGCTAGCGCCTACGAGCAGTACTTCGGGCCG"	FALSE	TRUE	NA	NA	NA	NA
"GCTTGGGGACTCGGCCGTGTATCTCTGTGCCAGCAGCTCAAATTCCCGGGACTAGCGGGAGAATAAGAGACCCAGTACTTCGGGCCA"	""	"GCTTGGGGACTCGGCCGTGTATCTCTGTGCCAGCAGCTCAAATTCCCGGGACTAGCGGGAGAATAAGAGACCCAGTACTTCGGGCCA"	""	"TCRBV11-3*1"	"TCRBD2-1*2"	"TCRBJ2-5*1"	38	47	61	64	9	3	NA	NA	"GCTTGGGGACTCGGCCGTGTATCTCTGTGCCAGCAGCTCAAATTCCCGGGACTAGCGGGAGAATAAGAGACCCAGTACTTCGGGCCA"	FALSE	FALSE	NA	NA	NA	NA
"TCTAAGAAGCTCCTTCTCAGTGACTCTGGCTTCTATCTCTGTGCCTGTAATCCGACAGGGAGAATGTCACCCCTCCACTTTGGGAAT"	"CACNPTGRMSPLHF"	"TCTAAGAAGCTCCTTCTCAGTGACTCTGGCTTCTATCTCTGTGCCTGTAATCCGACAGGGAGAATGTCACCCCTCCACTTTGGGAAT"	"CACNPTGRMSPLHF"	"TCRBV3-1"	"TCRBD1-1*1"	"TCRBJ1-6*1"	47	53	60	66	6	6	NA	NA	"TCTAAGAAGCTCCTTCTCAGTGACTCTGGCTTCTATCTCTGTGCCTGTAATCCGACAGGGAGAATGTCACCCCTCCACTTTGGGAAT"	FALSE	TRUE	NA	NA	NA	NA
"CACGCCCTGCAGCCAGAAGACTCAGCCCTGTATCTCTGCGCCAGCAGCCAAGGCAGGGGAGTTACAGATACGCAGTATTTTGGCCCA"	"CASSQGRGVTDTQYF"	"CACGCCCTGCAGCCAGAAGACTCAGCCCTGTATCTCTGCGCCAGCAGCCAAGGCAGGGGAGTTACAGATACGCAGTATTTTGGCCCA"	"CASSQGRGVTDTQYF"	"TCRBV4-1*1"	"TCRBD1-1*1"	"TCRBJ2-3*1"	52	53	59	63	1	4	NA	NA	"CACGCCCTGCAGCCAGAAGACTCAGCCCTGTATCTCTGCGCCAGCAGCCAAGGCAGGGGAGTTACAGATACGCAGTATTTTGGCCCA"	FALSE	TRUE	NA	NA	NA	NA
"TTTTGACTAAACCTGAGCTCTCTGGAGCTGGGGGACTCAGCTTTGTATTTCTGTGCCAGCAGCTCGAATGAGCAGTTCTTCGGGCCA"	"CASSSNEQFF"	"TTTTGACTAAACCTGAGCTCTCTGGAGCTGGGGGACTCAGCTTTGTATTTCTGTGCCAGCAGCTCGAATGAGCAGTTCTTCGGGCCA"	"CASSSNEQFF"	"TCRBV9-1*1"	"TCRBD2-1"	"TCRBJ2-1*1"	63	64	-1	66	1	67	NA	NA	"TTTTGACTAAACCTGAGCTCTCTGGAGCTGGGGGACTCAGCTTTGTATTTCTGTGCCAGCAGCTCGAATGAGCAGTTCTTCGGGCCA"	FALSE	TRUE	NA	NA	NA	NA
"TCTGCCATCCCCAACCAGACAGCTCTTTACTTCTGTGCCACCAGTGATCCGACCCCCGGCTACCAAGAGACCCAGTACTTCGGGCCA"	"CATSDPTPGYQETQYF"	"TCTGCCATCCCCAACCAGACAGCTCTTTACTTCTGTGCCACCAGTGATCCGACCCCCGGCTACCAAGAGACCCAGTACTTCGGGCCA"	"CATSDPTPGYQETQYF"	"TCRBV24-1*1"	NA	"TCRBJ2-5*1"	48	50	53	61	2	8	NA	NA	"TCTGCCATCCCCAACCAGACAGCTCTTTACTTCTGTGCCACCAGTGATCCGACCCCCGGCTACCAAGAGACCCAGTACTTCGGGCCA"	FALSE	TRUE	NA	NA	NA	NA
"GGAGTCTGCCAGGCCCTCACATACCTCTCAGTACCTCTGTGCCAGCAGTGAATAGTGACAGGGGCCTATGGCTACACCTTCGGTTCG"	""	"GGAGTCTGCCAGGCCCTCACATACCTCTCAGTACCTCTGTGCCAGCAGTGAATAGTGACAGGGGCCTATGGCTACACCTTCGGTTCG"	""	"TCRBV25-1*1"	"TCRBD1-1*1"	"TCRBJ1-2*1"	54	56	64	65	2	1	NA	NA	"GGAGTCTGCCAGGCCCTCACATACCTCTCAGTACCTCTGTGCCAGCAGTGAATAGTGACAGGGGCCTATGGCTACACCTTCGGTTCG"	FALSE	FALSE	NA	NA	NA	NA
"NNNNNNNTGTCGGCTGCTCCCTCCCAAACATCTGTGTACTTCTGTGCCAGCAGTTACATGGCGGGAGGGCCTCGGTACTTCGGGCCG"	"CASSYMAGGPRYF"	"NNNNNNNTGTCGGCTGCTCCCTCCCAAACATCTGTGTACTTCTGTGCCAGCAGTTACATGGCGGGAGGGCCTCGGTACTTCGGGCCG"	"CASSYMAGGPRYF"	"TCRBV6-2/6-3*1"	"TCRBD2-1*2"	"TCRBJ2-7*1"	57	60	69	74	3	5	NA	NA	"NNNNNNNTGTCGGCTGCTCCCTCCCAAACATCTGTGTACTTCTGTGCCAGCAGTTACATGGCGGGAGGGCCTCGGTACTTCGGGCCG"	FALSE	TRUE	NA	NA	NA	NA
"TCCCCTGACCCTGGAGTCTGCCAGGCCCTCACATACCTCTCAGTACCTCTGTGCCAGCAGGACAGGGGTGAAGCTTTCTTTGGACAA"	""	"TCCCCTGACCCTGGAGTCTGCCAGGCCCTCACATACCTCTCAGTACCTCTGTGCCAGCAGGACAGGGGTGAAGCTTTCTTTGGACAA"	""	"TCRBV25-1*1"	"TCRBD1-1*1"	"TCRBJ1-1*1"	-1	60	-1	68	61	69	NA	NA	"TCCCCTGACCCTGGAGTCTGCCAGGCCCTCACATACCTCTCAGTACCTCTGTGCCAGCAGGACAGGGGTGAAGCTTTCTTTGGACAA"	FALSE	FALSE	NA	NA	NA	NA
"CAGGTAGTGCGAGGAGATTCGGCAGCTTATTTCTGTGCCAGCTCCCGATTGGACAGGGGGATTTCCTACGAGCAGTACTTCGGGCCG"	"CASSRLDRGISYEQYF"	"CAGGTAGTGCGAGGAGATTCGGCAGCTTATTTCTGTGCCAGCTCCCGATTGGACAGGGGGATTTCCTACGAGCAGTACTTCGGGCCG"	"CASSRLDRGISYEQYF"	"TCRBV18-1*1"	"TCRBD1-1*1"	"TCRBJ2-7*1"	44	50	60	63	6	3	NA	NA	"CAGGTAGTGCGAGGAGATTCGGCAGCTTATTTCTGTGCCAGCTCCCGATTGGACAGGGGGATTTCCTACGAGCAGTACTTCGGGCCG"	FALSE	TRUE	NA	NA	NA	NA
"GACAGCTTTCTATCTCTGTGCCAGTAGTATAGAGCCCAGGGGGGACTAGCGGGTCATGATGAGACCTACGAGCAGTACTTCGGGCCG"	""	"GACAGCTTTCTATCTCTGTGCCAGTAGTATAGAGCCCAGGGGGGACTAGCGGGTCATGATGAGACCTACGAGCAGTACTTCGGGCCG"	""	"TCRBV19-1*1"	"TCRBD2-1"	"TCRBJ2-7*1"	33	41	53	64	8	11	NA	NA	"GACAGCTTTCTATCTCTGTGCCAGTAGTATAGAGCCCAGGGGGGACTAGCGGGTCATGATGAGACCTACGAGCAGTACTTCGGGCCG"	FALSE	FALSE	NA	NA	NA	NA
"TCGGCTGCTCCCTCCCAGACATCTGTGTACTTCTGTGCCAGCAGTGAATGGGGGACAGGGGACTACAATGAGCAGTTCTTCGGGCCA"	"CASSEWGTGDYNEQFF"	"TCGGCTGCTCCCTCCCAGACATCTGTGTACTTCTGTGCCAGCAGTGAATGGGGGACAGGGGACTACAATGAGCAGTTCTTCGGGCCA"	"CASSEWGTGDYNEQFF"	"TCRBV6-1*1"	"TCRBD1-1*1"	"TCRBJ2-1*1"	48	51	61	62	3	1	NA	NA	"TCGGCTGCTCCCTCCCAGACATCTGTGTACTTCTGTGCCAGCAGTGAATGGGGGACAGGGGACTACAATGAGCAGTTCTTCGGGCCA"	FALSE	TRUE	NA	NA	NA	NA
"CAGCGCACAGAGCAGGGGGACTCGGCCATGTATCTCTGTGCCAGCAGCTTCCCGAGACAGGGGACCGGGGAGCTGTTTTTTGGAGAA"	"CASSFPRQGTGELFF"	"CAGCGCACAGAGCAGGGGGACTCGGCCATGTATCTCTGTGCCAGCAGCTTCCCGAGACAGGGGACCGGGGAGCTGTTTTTTGGAGAA"	"CASSFPRQGTGELFF"	"TCRBV7-9*1"	"TCRBD1-1*1"	"TCRBJ2-2*1"	50	55	-1	63	5	64	NA	NA	"CAGCGCACAGAGCAGGGGGACTCGGCCATGTATCTCTGTGCCAGCAGCTTCCCGAGACAGGGGACCGGGGAGCTGTTTTTTGGAGAA"	FALSE	TRUE	NA	NA	NA	NA
"CAGCCTGCAAAGCTTGAGGACTCGGCCGTGTATCTCTGTGCCAGCAGCGCACCGGGAGGGCCGGGTTACGAGCAGTACTTCGGGCCG"	"CASSAPGGPGYEQYF"	"CAGCCTGCAAAGCTTGAGGACTCGGCCGTGTATCTCTGTGCCAGCAGCGCACCGGGAGGGCCGGGTTACGAGCAGTACTTCGGGCCG"	"CASSAPGGPGYEQYF"	"TCRBV11-2*1"	"TCRBD2-1*2"	"TCRBJ2-7*1"	48	52	60	66	4	6	NA	NA	"CAGCCTGCAAAGCTTGAGGACTCGGCCGTGTATCTCTGTGCCAGCAGCGCACCGGGAGGGCCGGGTTACGAGCAGTACTTCGGGCCG"	FALSE	TRUE	NA	NA	NA	NA
"AGGATCCAGCAGGTAGTGCGAGGAGATTCGGCAGCTTATTTCTGTGCCAGCTCACCTAAGATGAACACTGAAGCTTTCTTTGGACAA"	"CASSPKMNTEAFF"	"AGGATCCAGCAGGTAGTGCGAGGAGATTCGGCAGCTTATTTCTGTGCCAGCTCACCTAAGATGAACACTGAAGCTTTCTTTGGACAA"	"CASSPKMNTEAFF"	"TCRBV18-1*1"	NA	"TCRBJ1-1*1"	56	59	-1	61	3	62	NA	NA	"AGGATCCAGCAGGTAGTGCGAGGAGATTCGGCAGCTTATTTCTGTGCCAGCTCACCTAAGATGAACACTGAAGCTTTCTTTGGACAA"	FALSE	TRUE	NA	NA	NA	NA
"GCTCTCTGGAGCTGGGGGACTCAGCTTTGTATTTCTGTGCCAGCAGACCTCCGACAGCGGGTTAACTACGAGCAGTACTTCGGGCCG"	""	"GCTCTCTGGAGCTGGGGGACTCAGCTTTGTATTTCTGTGCCAGCAGACCTCCGACAGCGGGTTAACTACGAGCAGTACTTCGGGCCG"	""	"TCRBV9-1*1"	"TCRBD2-1"	"TCRBJ2-7*1"	46	55	61	65	9	4	NA	NA	"GCTCTCTGGAGCTGGGGGACTCAGCTTTGTATTTCTGTGCCAGCAGACCTCCGACAGCGGGTTAACTACGAGCAGTACTTCGGGCCG"	FALSE	FALSE	NA	NA	NA	NA
"NTGTCGGCTGCTCCCTCCCAGACATCTGTGTACTTCTGTGCCAGCAGTCCCAGACTAGCGGGAGGGTATGAGCAGTTCTTCGGGCCA"	"CASSPRLAGGYEQFF"	"NTGTCGGCTGCTCCCTCCCAGACATCTGTGTACTTCTGTGCCAGCAGTCCCAGACTAGCGGGAGGGTATGAGCAGTTCTTCGGGCCA"	"CASSPRLAGGYEQFF"	"TCRBV6-5*1"	"TCRBD2-1*2"	"TCRBJ2-1*1"	48	52	66	67	4	1	NA	NA	"NTGTCGGCTGCTCCCTCCCAGACATCTGTGTACTTCTGTGCCAGCAGTCCCAGACTAGCGGGAGGGTATGAGCAGTTCTTCGGGCCA"	FALSE	TRUE	NA	NA	NA	NA
"AAGAAGCTCCTTCTCAGTGACTCTGGCTTCTATCTCTGTGCCTGGATCCCGACTAGCGAATACACAGATACGCAGTATTTTGGCCCA"	"CAWIPTSEYTDTQYF"	"AAGAAGCTCCTTCTCAGTGACTCTGGCTTCTATCTCTGTGCCTGGATCCCGACTAGCGAATACACAGATACGCAGTATTTTGGCCCA"	"CAWIPTSEYTDTQYF"	"TCRBV3-1*1"	"TCRBD2-1"	"TCRBJ2-3*1"	46	50	58	62	4	4	NA	NA	"AAGAAGCTCCTTCTCAGTGACTCTGGCTTCTATCTCTGTGCCTGGATCCCGACTAGCGAATACACAGATACGCAGTATTTTGGCCCA"	FALSE	TRUE	NA	NA	NA	NA
"CTCTCTGGAGCTGGGGGACTCAGCTTTGTATTTCTGTGCCAGCAGCCCCCACGGGCTAGCGGAAAAAACATTCAGTACTTCGGCGCC"	""	"CTCTCTGGAGCTGGGGGACTCAGCTTTGTATTTCTGTGCCAGCAGCCCCCACGGGCTAGCGGAAAAAACATTCAGTACTTCGGCGCC"	""	"TCRBV9-1*1"	"TCRBD2-1"	"TCRBJ2-4*1"	46	55	62	63	9	1	NA	NA	"CTCTCTGGAGCTGGGGGACTCAGCTTTGTATTTCTGTGCCAGCAGCCCCCACGGGCTAGCGGAAAAAACATTCAGTACTTCGGCGCC"	FALSE	FALSE	NA	NA	NA	NA
"TCTGGCTTCTATCTCTGTGCCTGGAGTGTTCCGGGACAGGGTCTAGCTAGCTTTAATCGTTTTACCTACGAGCAGTACTTCGGGCCG"	"CAWSVPGQGLASFNRFTYEQYF"	"TCTGGCTTCTATCTCTGTGCCTGGAGTGTTCCGGGACAGGGTCTAGCTAGCTTTAATCGTTTTACCTACGAGCAGTACTTCGGGCCG"	"CAWSVPGQGLASFNRFTYEQYF"	"TCRBV3-1"	"TCRBD1-1*1"	"TCRBJ2-7*1"	29	32	41	64	3	23	NA	NA	"TCTGGCTTCTATCTCTGTGCCTGGAGTGTTCCGGGACAGGGTCTAGCTAGCTTTAATCGTTTTACCTACGAGCAGTACTTCGGGCCG"	FALSE	TRUE	NA	NA	NA	NA
"TCCCTGTCCCTAGAGTCTGCCATCCCCAACCAGACAGCTCTTTACTTCTGTGCCACCAGTTGGGGGAACGAGCAGTACTTCGGGCCG"	"CATSWGNEQYF"	"TCCCTGTCCCTAGAGTCTGCCATCCCCAACCAGACAGCTCTTTACTTCTGTGCCACCAGTTGGGGGAACGAGCAGTACTTCGGGCCG"	"CATSWGNEQYF"	"TCRBV24-1*1"	NA	"TCRBJ2-7*1"	60	61	66	67	1	1	NA	NA	"TCCCTGTCCCTAGAGTCTGCCATCCCCAACCAGACAGCTCTTTACTTCTGTGCCACCAGTTGGGGGAACGAGCAGTACTTCGGGCCG"	FALSE	TRUE	NA	NA	NA	NA
"CCAAAAGAACCCGACAGCTTTCTATCTCTGTGCCAGTAGTAATCGGCCGGGACAGATGATAGCAATCAGCCCCAGCATTTTGGTGAT"	""	"CCAAAAGAACCCGACAGCTTTCTATCTCTGTGCCAGTAGTAATCGGCCGGGACAGATGATAGCAATCAGCCCCAGCATTTTGGTGAT"	""	"TCRBV19-1*1"	"TCRBD1-1*1"	"TCRBJ1-5*1"	41	48	55	59	7	4	NA	NA	"CCAAAAGAACCCGACAGCTTTCTATCTCTGTGCCAGTAGTAATCGGCCGGGACAGATGATAGCAATCAGCCCCAGCATTTTGGTGAT"	FALSE	FALSE	NA	NA	NA	NA
"CCTCAGAACCCAGGGACTCAGCTGTGTACTTCTGTGCCAGCCGGCTGTATGGCGGGTCAGAACACCGGGGAGCTGTTTTTTGGAGAA"	""	"CCTCAGAACCCAGGGACTCAGCTGTGTACTTCTGTGCCAGCCGGCTGTATGGCGGGTCAGAACACCGGGGAGCTGTTTTTTGGAGAA"	""	NA	"TCRBD2-1"	"TCRBJ2-2*1"	41	51	56	59	10	3	NA	NA	"CCTCAGAACCCAGGGACTCAGCTGTGTACTTCTGTGCCAGCCGGCTGTATGGCGGGTCAGAACACCGGGGAGCTGTTTTTTGGAGAA"	FALSE	FALSE	NA	NA	NA	NA
"AACTAAACCTGAGCTCTCTGGAGCTGGGGGACTCAGCTTTGTATTTCTGTGCCAGGACACCTAAACACTGAAGCTTTCTTTGGACAA"	""	"AACTAAACCTGAGCTCTCTGGAGCTGGGGGACTCAGCTTTGTATTTCTGTGCCAGGACACCTAAACACTGAAGCTTTCTTTGGACAA"	""	"TCRBV9-1*1"	"TCRBD1-1*1"	"TCRBJ1-1*1"	-1	55	59	63	56	4	NA	NA	"AACTAAACCTGAGCTCTCTGGAGCTGGGGGACTCAGCTTTGTATTTCTGTGCCAGGACACCTAAACACTGAAGCTTTCTTTGGACAA"	FALSE	FALSE	NA	NA	NA	NA
"TCCGCCAGCACCAACCAGACATCTATGTACCTCTGTGCCAGCAGTTTGCAGTCTAGCGGGAGGACCGGGGAGCTGTTTTTTGGAGAA"	"CASSLQSSGRTGELFF"	"TCCGCCAGCACCAACCAGACATCTATGTACCTCTGTGCCAGCAGTTTGCAGTCTAGCGGGAGGACCGGGGAGCTGTTTTTTGGAGAA"	"CASSLQSSGRTGELFF"	"TCRBV28-1*1"	"TCRBD2-1*2"	"TCRBJ2-2*1"	47	52	-1	63	5	64	NA	NA	"TCCGCCAGCACCAACCAGACATCTATGTACCTCTGTGCCAGCAGTTTGCAGTCTAGCGGGAGGACCGGGGAGCTGTTTTTTGGAGAA"	FALSE	TRUE	NA	NA	NA	NA
"ACACAGCAGGAGGACTCCGCCGTGTATCTCTGTGCCAGCAGCCCTGCGGGCGGGAGGGCCTACGCCGGGGAGCTGTTTTTTGGAGAA"	"CASSPAGGRAYAGELFF"	"ACACAGCAGGAGGACTCCGCCGTGTATCTCTGTGCCAGCAGCCCTGCGGGCGGGAGGGCCTACGCCGGGGAGCTGTTTTTTGGAGAA"	"CASSPAGGRAYAGELFF"	"TCRBV7-8*3"	"TCRBD2-1*2"	"TCRBJ2-2*1"	43	49	58	64	6	6	NA	NA	"ACACAGCAGGAGGACTCCGCCGTGTATCTCTGTGCCAGCAGCCCTGCGGGCGGGAGGGCCTACGCCGGGGAGCTGTTTTTTGGAGAA"	FALSE	TRUE	NA	NA	NA	NA
"TCTCTGGAGCTGGGGGACTCAGCTTTGTATTTCTGTGCCAGCAGCGTAGGGGACGGGTCGACCACAGATACGCAGTATTTTGGCCCA"	"CASSVGDGSTTDTQYF"	"TCTCTGGAGCTGGGGGACTCAGCTTTGTATTTCTGTGCCAGCAGCGTAGGGGACGGGTCGACCACAGATACGCAGTATTTTGGCCCA"	"CASSVGDGSTTDTQYF"	"TCRBV9-1*1"	NA	"TCRBJ2-3*1"	-1	49	54	62	50	8	NA	NA	"TCTCTGGAGCTGGGGGACTCAGCTTTGTATTTCTGTGCCAGCAGCGTAGGGGACGGGTCGACCACAGATACGCAGTATTTTGGCCCA"	FALSE	TRUE	NA	NA	NA	NA
"AAGATCCAGCCCTCAGAACCCAGGGACTCAGCTGTGTACTTCTGTGCCAGCAGCTTGACAGGGGTATACGAGCAGTACTTCGGGCCG"	"CASSLTGVYEQYF"	"AAGATCCAGCCCTCAGAACCCAGGGACTCAGCTGTGTACTTCTGTGCCAGCAGCTTGACAGGGGTATACGAGCAGTACTTCGGGCCG"	"CASSLTGVYEQYF"	"TCRBV12-3/12-4*1"	"TCRBD1-1*1"	"TCRBJ2-7*1"	53	56	64	66	3	2	NA	NA	"AAGATCCAGCCCTCAGAACCCAGGGACTCAGCTGTGTACTTCTGTGCCAGCAGCTTGACAGGGGTATACGAGCAGTACTTCGGGCCG"	FALSE	TRUE	NA	NA	NA	NA
"NCTCTGAAGATCCGGTCCACAAAGCTGGAGGACTCAGCCATGTACTTCTGTGCCAGCAGCACGACTCTCGAGCAGTACTTCGGGCCG"	"CASSTTLEQYF"	"NCTCTGAAGATCCGGTCCACAAAGCTGGAGGACTCAGCCATGTACTTCTGTGCCAGCAGCACGACTCTCGAGCAGTACTTCGGGCCG"	"CASSTTLEQYF"	"TCRBV2-1"	"TCRBD2-1"	"TCRBJ2-7*1"	59	62	66	68	3	2	NA	NA	"NCTCTGAAGATCCGGTCCACAAAGCTGGAGGACTCAGCCATGTACTTCTGTGCCAGCAGCACGACTCTCGAGCAGTACTTCGGGCCG"	FALSE	TRUE	NA	NA	NA	NA
"CGCTCACCAGGCCTGGGGGACGCAGCCATGTACCTGTGTGCCACCAGCAGAGATAGGGCAGTCAATCAGCCCCAGCATTTTGGTGAT"	"CATSRDRAVNQPQHF"	"CGCTCACCAGGCCTGGGGGACGCAGCCATGTACCTGTGTGCCACCAGCAGAGATAGGGCAGTCAATCAGCCCCAGCATTTTGGTGAT"	"CATSRDRAVNQPQHF"	"TCRBV15-1*2"	NA	"TCRBJ1-5*1"	53	54	58	62	1	4	NA	NA	"CGCTCACCAGGCCTGGGGGACGCAGCCATGTACCTGTGTGCCACCAGCAGAGATAGGGCAGTCAATCAGCCCCAGCATTTTGGTGAT"	FALSE	TRUE	NA	NA	NA	NA
"CCGCCAGCACCAACCAGACATCTATGTACCTCTGTGCCAGCAGTCCGTAGGGACTAATAAAGCCAAGAGACCCAGTACTTCGGGCCA"	""	"CCGCCAGCACCAACCAGACATCTATGTACCTCTGTGCCAGCAGTCCGTAGGGACTAATAAAGCCAAGAGACCCAGTACTTCGGGCCA"	""	"TCRBV28-1*1"	"TCRBD2-1"	"TCRBJ2-5*1"	44	49	56	62	5	6	NA	NA	"CCGCCAGCACCAACCAGACATCTATGTACCTCTGTGCCAGCAGTCCGTAGGGACTAATAAAGCCAAGAGACCCAGTACTTCGGGCCA"	FALSE	FALSE	NA	NA	NA	NA
"CTAGAGTCTGCCATCCCCAACCAGACAGCTCTTTACTTCTGTGCCACCAGTGATGGTGGGGGCAGTCAGCCCCAGCATTTTGGTGAT"	"CATSDGGGSQPQHF"	"CTAGAGTCTGCCATCCCCAACCAGACAGCTCTTTACTTCTGTGCCACCAGTGATGGTGGGGGCAGTCAGCCCCAGCATTTTGGTGAT"	"CATSDGGGSQPQHF"	"TCRBV24-1*1"	"TCRBD1-1*1"	"TCRBJ1-5*1"	54	57	63	65	3	2	NA	NA	"CTAGAGTCTGCCATCCCCAACCAGACAGCTCTTTACTTCTGTGCCACCAGTGATGGTGGGGGCAGTCAGCCCCAGCATTTTGGTGAT"	FALSE	TRUE	NA	NA	NA	NA
"TGCTCCCTCCCAGACATCTGTGTACTTCTGTGCCAGCAGACACCAGGACCGCCCAGCTCCTATAATTCACCCCTCCACTTTGGGAAT"	""	"TGCTCCCTCCCAGACATCTGTGTACTTCTGTGCCAGCAGACACCAGGACCGCCCAGCTCCTATAATTCACCCCTCCACTTTGGGAAT"	""	NA	NA	"TCRBJ1-6*1"	39	45	49	56	6	7	NA	NA	"TGCTCCCTCCCAGACATCTGTGTACTTCTGTGCCAGCAGACACCAGGACCGCCCAGCTCCTATAATTCACCCCTCCACTTTGGGAAT"	FALSE	FALSE	NA	NA	NA	NA
"ACCTTGGAGCTGGGGGACTCGGCCCTTTATCTTTGCGCCAGCAGCTTGGCCGGGACAACCCCGATGGGGACCCAGTACTTCGGGCCA"	"CASSLAGTTPMGTQYF"	"ACCTTGGAGCTGGGGGACTCGGCCCTTTATCTTTGCGCCAGCAGCTTGGCCGGGACAACCCCGATGGGGACCCAGTACTTCGGGCCA"	"CASSLAGTTPMGTQYF"	"TCRBV5-1*1"	"TCRBD1-1*1"	"TCRBJ2-5*1"	49	51	57	68	2	11	NA	NA	"ACCTTGGAGCTGGGGGACTCGGCCCTTTATCTTTGCGCCAGCAGCTTGGCCGGGACAACCCCGATGGGGACCCAGTACTTCGGGCCA"	FALSE	TRUE	NA	NA	NA	NA
"GACAGTGACCAGTGCCCATCCTGAAGACAGCAGCTTCTACATCTGCAGTGCTAGCGGCCCTCTGGGGGGGAGCAGTACTTCGGGCCG"	""	"GACAGTGACCAGTGCCCATCCTGAAGACAGCAGCTTCTACATCTGCAGTGCTAGCGGCCCTCTGGGGGGGAGCAGTACTTCGGGCCG"	""	NA	"TCRBD2-1*1"	"TCRBJ2-7*1"	54	63	-1	69	9	70	NA	NA	"GACAGTGACCAGTGCCCATCCTGAAGACAGCAGCTTCTACATCTGCAGTGCTAGCGGCCCTCTGGGGGGGAGCAGTACTTCGGGCCG"	FALSE	FALSE	NA	NA	NA	NA
"NNNNNNNNNNNNNTGTCGGCTGCTCCCTCCCAGACATCTGTGTACTTCTGTGCCAGCAGTTTAGGAAATGAAGCTTTCTTTGGACAA"	"CASSLGNEAFF"	"NNNNNNNNNNNNNTGTCGGCTGCTCCCTCCCAGACATCTGTGTACTTCTGTGCCAGCAGTTTAGGAAATGAAGCTTTCTTTGGACAA"	"CASSLGNEAFF"	"TCRBV6-5*1"	NA	"TCRBJ1-1*1"	61	63	66	68	2	2	NA	NA	"NNNNNNNNNNNNNTGTCGGCTGCTCCCTCCCAGACATCTGTGTACTTCTGTGCCAGCAGTTTAGGAAATGAAGCTTTCTTTGGACAA"	FALSE	TRUE	NA	NA	NA	NA
"CCTCAGAACCCAGGGACTCAGCTGTGTACTTCTGTGCCAGCAGTTTAGTCCGAACAGGGGGAATACAATGAGCAGTTCTTCGGGCCA"	""	"CCTCAGAACCCAGGGACTCAGCTGTGTACTTCTGTGCCAGCAGTTTAGTCCGAACAGGGGGAATACAATGAGCAGTTCTTCGGGCCA"	""	NA	"TCRBD1-1*1"	"TCRBJ2-1*1"	48	53	61	63	5	2	NA	NA	"CCTCAGAACCCAGGGACTCAGCTGTGTACTTCTGTGCCAGCAGTTTAGTCCGAACAGGGGGAATACAATGAGCAGTTCTTCGGGCCA"	FALSE	FALSE	NA	NA	NA	NA
"ATCCAGCAGGTAGTGCGAGGAGATTCGGCAGCTTATTTCTGTGCCAGCTCAACACCGGGACTAGCGGGAGGGGTGTCTTTCGGGGCC"	"CASSTPGLAGGVSF"	"ATCCAGCAGGTAGTGCGAGGAGATTCGGCAGCTTATTTCTGTGCCAGCTCAACACCGGGACTAGCGGGAGGGGTGTCTTTCGGGGCC"	"CASSTPGLAGGVSF"	"TCRBV18-1*1"	"TCRBD2-1*2"	"TCRBJ2-6*1"	-1	56	72	76	57	4	NA	NA	"ATCCAGCAGGTAGTGCGAGGAGATTCGGCAGCTTATTTCTGTGCCAGCTCAACACCGGGACTAGCGGGAGGGGTGTCTTTCGGGGCC"	FALSE	TRUE	NA	NA	NA	NA
"ACAGAGCAGGAGGACTCGGCCGTGTATCTCTGTGCCAGCAGCTTTCATAGCGGGAGGGCCGGATCCTACGAGCAGTACTTCGGGCCG"	"CASSFHSGRAGSYEQYF"	"ACAGAGCAGGAGGACTCGGCCGTGTATCTCTGTGCCAGCAGCTTTCATAGCGGGAGGGCCGGATCCTACGAGCAGTACTTCGGGCCG"	"CASSFHSGRAGSYEQYF"	"TCRBV7-2"	"TCRBD2-1*2"	"TCRBJ2-7*1"	44	47	58	63	3	5	NA	NA	"ACAGAGCAGGAGGACTCGGCCGTGTATCTCTGTGCCAGCAGCTTTCATAGCGGGAGGGCCGGATCCTACGAGCAGTACTTCGGGCCG"	FALSE	TRUE	NA	NA	NA	NA
"ATCCGCTCACCAGGCCTGGGGGACGCAGCCATGTACCTGTGTGCCACCAGCAGGTATAGGGACCGCGGGGAGCTGTTTTTTGGAGAA"	"CATSRYRDRGELFF"	"ATCCGCTCACCAGGCCTGGGGGACGCAGCCATGTACCTGTGTGCCACCAGCAGGTATAGGGACCGCGGGGAGCTGTTTTTTGGAGAA"	"CATSRYRDRGELFF"	"TCRBV15-1*2"	NA	"TCRBJ2-2*1"	53	58	63	65	5	2	NA	NA	"ATCCGCTCACCAGGCCTGGGGGACGCAGCCATGTACCTGTGTGCCACCAGCAGGTATAGGGACCGCGGGGAGCTGTTTTTTGGAGAA"	FALSE	TRUE	NA	NA	NA	NA
"ATCAATTCCCTGGAGCTTGGTGACTCTGCTGTGTATTTCTGTGCCAGCAGCTTAACAGAGAACACCGGGGAGCTGTTTTTTGGAGAA"	"CASSLTENTGELFF"	"ATCAATTCCCTGGAGCTTGGTGACTCTGCTGTGTATTTCTGTGCCAGCAGCTTAACAGAGAACACCGGGGAGCTGTTTTTTGGAGAA"	"CASSLTENTGELFF"	"TCRBV3-1/3-2*1"	"TCRBD1-1*1"	"TCRBJ2-2*1"	51	54	58	59	3	1	NA	NA	"ATCAATTCCCTGGAGCTTGGTGACTCTGCTGTGTATTTCTGTGCCAGCAGCTTAACAGAGAACACCGGGGAGCTGTTTTTTGGAGAA"	FALSE	TRUE	NA	NA	NA	NA
"AATTCCCTGGAGCTTGGTGACTCTGCTGTGTATTTCTGTGCCAGCAGCCAAAGCACAGGGGCCGGTTCACCCCTCCACTTTGGGAAT"	"CASSQSTGAGSPLHF"	"AATTCCCTGGAGCTTGGTGACTCTGCTGTGTATTTCTGTGCCAGCAGCCAAAGCACAGGGGCCGGTTCACCCCTCCACTTTGGGAAT"	"CASSQSTGAGSPLHF"	"TCRBV3-1/3-2*1"	"TCRBD1-1*1"	"TCRBJ1-6*1"	51	54	61	65	3	4	NA	NA	"AATTCCCTGGAGCTTGGTGACTCTGCTGTGTATTTCTGTGCCAGCAGCCAAAGCACAGGGGCCGGTTCACCCCTCCACTTTGGGAAT"	FALSE	TRUE	NA	NA	NA	NA
"GAGGACTCGGCCGTGTATCTCTGTGCCAGCAGCTTGTCTAGCGGGACATACAAGGTGGCTGGGGCCAACGTCCTGACTTTCGGGGCC"	"CASSLSSGTYKVAGANVLTF"	"GAGGACTCGGCCGTGTATCTCTGTGCCAGCAGCTTGTCTAGCGGGACATACAAGGTGGCTGGGGCCAACGTCCTGACTTTCGGGGCC"	"CASSLSSGTYKVAGANVLTF"	NA	"TCRBD2-1*2"	"TCRBJ2-6*1"	35	37	46	58	2	12	NA	NA	"GAGGACTCGGCCGTGTATCTCTGTGCCAGCAGCTTGTCTAGCGGGACATACAAGGTGGCTGGGGCCAACGTCCTGACTTTCGGGGCC"	FALSE	TRUE	NA	NA	NA	NA
"ACCTTGGAGCTGGGGGACTCGGCCCTTTATCTTTGCGCCAGCAGCTTGGGGGCAGGGTTTAGCACAGATACGCAGTATTTTGGCCCA"	"CASSLGAGFSTDTQYF"	"ACCTTGGAGCTGGGGGACTCGGCCCTTTATCTTTGCGCCAGCAGCTTGGGGGCAGGGTTTAGCACAGATACGCAGTATTTTGGCCCA"	"CASSLGAGFSTDTQYF"	"TCRBV5-1*1"	"TCRBD1-1*1"	"TCRBJ2-3*1"	49	52	57	60	3	3	NA	NA	"ACCTTGGAGCTGGGGGACTCGGCCCTTTATCTTTGCGCCAGCAGCTTGGGGGCAGGGTTTAGCACAGATACGCAGTATTTTGGCCCA"	FALSE	TRUE	NA	NA	NA	NA
"CTGAGCTCTCTGGAGCTGGGGGACTCAGCTTTGTATTTCTGTGCCAGCAGCTTTTTAGGGGGGTCTCCTGAAGCTTTCTTTGGACAA"	"CASSFLGGSPEAFF"	"CTGAGCTCTCTGGAGCTGGGGGACTCAGCTTTGTATTTCTGTGCCAGCAGCTTTTTAGGGGGGTCTCCTGAAGCTTTCTTTGGACAA"	"CASSFLGGSPEAFF"	"TCRBV9-1*1"	NA	"TCRBJ1-1*1"	51	56	62	67	5	5	NA	NA	"CTGAGCTCTCTGGAGCTGGGGGACTCAGCTTTGTATTTCTGTGCCAGCAGCTTTTTAGGGGGGTCTCCTGAAGCTTTCTTTGGACAA"	FALSE	TRUE	NA	NA	NA	NA
"ACAGTGACCAGTGCCCATCCTGAAGACAGCAGCTTCTACATCTGCAGTGTCCCGGACAGGAGCGGCTATGGCTACACCTTCGGTTCG"	"CSVPDRSGYGYTF"	"ACAGTGACCAGTGCCCATCCTGAAGACAGCAGCTTCTACATCTGCAGTGTCCCGGACAGGAGCGGCTATGGCTACACCTTCGGTTCG"	"CSVPDRSGYGYTF"	NA	"TCRBD1-1*1"	"TCRBJ1-2*1"	49	53	60	65	4	5	NA	NA	"ACAGTGACCAGTGCCCATCCTGAAGACAGCAGCTTCTACATCTGCAGTGTCCCGGACAGGAGCGGCTATGGCTACACCTTCGGTTCG"	FALSE	TRUE	NA	NA	NA	NA
"GCCTTGTTGCTGGGGGACTCGGCCCTGTATCTCTGTGCCAGCAGTCCGGGGACAGCTTTCAATTATGGCATTCAGTACTTCGGCGCC"	"CASSPGTAFNYGIQYF"	"GCCTTGTTGCTGGGGGACTCGGCCCTGTATCTCTGTGCCAGCAGTCCGGGGACAGCTTTCAATTATGGCATTCAGTACTTCGGCGCC"	"CASSPGTAFNYGIQYF"	"TCRBV5-5*1"	"TCRBD1-1*1"	"TCRBJ2-4*1"	44	48	55	68	4	13	NA	NA	"GCCTTGTTGCTGGGGGACTCGGCCCTGTATCTCTGTGCCAGCAGTCCGGGGACAGCTTTCAATTATGGCATTCAGTACTTCGGCGCC"	FALSE	TRUE	NA	NA	NA	NA
"TCCCTAGAGTCTGCCATCCCCAACCAGACAGCTCTTTACTTCTGTGCCACCAGTGATGAGGTTGTAGAGACCCAGTACTTCGGGCCA"	"CATSDEVVETQYF"	"TCCCTAGAGTCTGCCATCCCCAACCAGACAGCTCTTTACTTCTGTGCCACCAGTGATGAGGTTGTAGAGACCCAGTACTTCGGGCCA"	"CATSDEVVETQYF"	"TCRBV24-1*1"	"TCRBD2-1*2"	"TCRBJ2-5*1"	-1	57	61	65	58	4	NA	NA	"TCCCTAGAGTCTGCCATCCCCAACCAGACAGCTCTTTACTTCTGTGCCACCAGTGATGAGGTTGTAGAGACCCAGTACTTCGGGCCA"	FALSE	TRUE	NA	NA	NA	NA
"AGCAACATGAGCCCTGAAGACAGCAGCATATATCTCTGCAGCGTTGAAGGTACAGGGATGGCTAACTATGGCTACACCTTCGGTTCG"	"CSVEGTGMANYGYTF"	"AGCAACATGAGCCCTGAAGACAGCAGCATATATCTCTGCAGCGTTGAAGGTACAGGGATGGCTAACTATGGCTACACCTTCGGTTCG"	"CSVEGTGMANYGYTF"	"TCRBV29-1"	"TCRBD1-1*1"	"TCRBJ1-2*1"	49	51	57	61	2	4	NA	NA	"AGCAACATGAGCCCTGAAGACAGCAGCATATATCTCTGCAGCGTTGAAGGTACAGGGATGGCTAACTATGGCTACACCTTCGGTTCG"	FALSE	TRUE	NA	NA	NA	NA
"ACTCTCAAGATCCAGCCTGCAAAGCTTGAGGACTCGGCCGTGTATCTCTGTGCCAGCAGCTTAAGAGCTGAGCAGTTCTTCGGGCCA"	"CASSLRAEQFF"	"ACTCTCAAGATCCAGCCTGCAAAGCTTGAGGACTCGGCCGTGTATCTCTGTGCCAGCAGCTTAAGAGCTGAGCAGTTCTTCGGGCCA"	"CASSLRAEQFF"	"TCRBV11-2*1"	"TCRBD2-1"	"TCRBJ2-1*1"	63	65	-1	68	2	69	NA	NA	"ACTCTCAAGATCCAGCCTGCAAAGCTTGAGGACTCGGCCGTGTATCTCTGTGCCAGCAGCTTAAGAGCTGAGCAGTTCTTCGGGCCA"	FALSE	TRUE	NA	NA	NA	NA
"GCTCCCTCCCAAACATCTGTGTACTTCTGTGCCAGCAGTTTCGAAATACTAGCGGGAGCATACTACAATGAGCAGTTCTTCGGGCCA"	"CASSFEILAGAYYNEQFF"	"GCTCCCTCCCAAACATCTGTGTACTTCTGTGCCAGCAGTTTCGAAATACTAGCGGGAGCATACTACAATGAGCAGTTCTTCGGGCCA"	"CASSFEILAGAYYNEQFF"	"TCRBV6-2/6-3*1"	"TCRBD2-1*2"	"TCRBJ2-1*1"	40	47	58	62	7	4	NA	NA	"GCTCCCTCCCAAACATCTGTGTACTTCTGTGCCAGCAGTTTCGAAATACTAGCGGGAGCATACTACAATGAGCAGTTCTTCGGGCCA"	FALSE	TRUE	NA	NA	NA	NA
"CTGAGCTCTCTGGAGCTGGGGGACTCAGCTTTGTATTTCTGTGCCAGCAGCGCTAGCGGAATTTACAATGAGCAGTTCTTCGGGCCA"	"CASSASGIYNEQFF"	"CTGAGCTCTCTGGAGCTGGGGGACTCAGCTTTGTATTTCTGTGCCAGCAGCGCTAGCGGAATTTACAATGAGCAGTTCTTCGGGCCA"	"CASSASGIYNEQFF"	"TCRBV9-1*1"	"TCRBD2-1"	"TCRBJ2-1*1"	-1	52	59	63	53	4	NA	NA	"CTGAGCTCTCTGGAGCTGGGGGACTCAGCTTTGTATTTCTGTGCCAGCAGCGCTAGCGGAATTTACAATGAGCAGTTCTTCGGGCCA"	FALSE	TRUE	NA	NA	NA	NA
"ACTCTGGAGTCAGCTACCCGCTCCCAGACATCTGTGTATTTCTGCGCCAGCAGTGGACACCCGGACACTGAAGCTTTCTTTGGACAA"	"CASSGHPDTEAFF"	"ACTCTGGAGTCAGCTACCCGCTCCCAGACATCTGTGTATTTCTGCGCCAGCAGTGGACACCCGGACACTGAAGCTTTCTTTGGACAA"	"CASSGHPDTEAFF"	"TCRBV1-2*1"	"TCRBD1-1*1"	"TCRBJ1-1*1"	-1	55	59	64	56	5	NA	NA	"ACTCTGGAGTCAGCTACCCGCTCCCAGACATCTGTGTATTTCTGCGCCAGCAGTGGACACCCGGACACTGAAGCTTTCTTTGGACAA"	FALSE	TRUE	NA	NA	NA	NA
"CCTGCAGAGCTTGGGGACTCGGCCGTGTATCTCTGTGCCAGCAGCCCACCGGGGAGGGCCTCCTACAATGAGCAGTTCTTCGGGCCA"	"CASSPPGRASYNEQFF"	"CCTGCAGAGCTTGGGGACTCGGCCGTGTATCTCTGTGCCAGCAGCCCACCGGGGAGGGCCTCCTACAATGAGCAGTTCTTCGGGCCA"	"CASSPPGRASYNEQFF"	"TCRBV11-3*1"	"TCRBD2-1*2"	"TCRBJ2-1*1"	45	51	58	59	6	1	NA	NA	"CCTGCAGAGCTTGGGGACTCGGCCGTGTATCTCTGTGCCAGCAGCCCACCGGGGAGGGCCTCCTACAATGAGCAGTTCTTCGGGCCA"	FALSE	TRUE	NA	NA	NA	NA
"TTGTTGCTGGGGGACTCGGCCCTGTATCTCTGTGCCAGCAGCAAGCTCAGGGGGGGACAGGAATACTACGAGCAGTACTTCGGGCCG"	"CASSKLRGGQEYYEQYF"	"TTGTTGCTGGGGGACTCGGCCCTGTATCTCTGTGCCAGCAGCAAGCTCAGGGGGGGACAGGAATACTACGAGCAGTACTTCGGGCCG"	"CASSKLRGGQEYYEQYF"	"TCRBV5-5*1"	"TCRBD1-1*1"	"TCRBJ2-7*1"	42	53	61	65	11	4	NA	NA	"TTGTTGCTGGGGGACTCGGCCCTGTATCTCTGTGCCAGCAGCAAGCTCAGGGGGGGACAGGAATACTACGAGCAGTACTTCGGGCCG"	FALSE	TRUE	NA	NA	NA	NA
"TAAATTCTCCCTGTCCCTAGAGTCTGCCATCCCCAACCAGACAGCTCTTTACTTCTGTGCCACCAGTCCGAGCAGTACTTCGGGCCG"	""	"TAAATTCTCCCTGTCCCTAGAGTCTGCCATCCCCAACCAGACAGCTCTTTACTTCTGTGCCACCAGTCCGAGCAGTACTTCGGGCCG"	""	"TCRBV24-1*1"	NA	"TCRBJ2-7*1"	-1	-1	67	68	0	1	NA	NA	"TAAATTCTCCCTGTCCCTAGAGTCTGCCATCCCCAACCAGACAGCTCTTTACTTCTGTGCCACCAGTCCGAGCAGTACTTCGGGCCG"	FALSE	FALSE	NA	NA	NA	NA
"GAGTCCGCCAGCACCAACCAGACATCTATGTACCTCTGTGCCAGCAAGGGGCAGGGTCTTGGCAATCAGCCCCAGCATTTTGGTGAT"	"CASKGQGLGNQPQHF"	"GAGTCCGCCAGCACCAACCAGACATCTATGTACCTCTGTGCCAGCAAGGGGCAGGGTCTTGGCAATCAGCCCCAGCATTTTGGTGAT"	"CASKGQGLGNQPQHF"	"TCRBV28-1*1"	"TCRBD1-1*1"	"TCRBJ1-5*1"	46	51	56	61	5	5	NA	NA	"GAGTCCGCCAGCACCAACCAGACATCTATGTACCTCTGTGCCAGCAAGGGGCAGGGTCTTGGCAATCAGCCCCAGCATTTTGGTGAT"	FALSE	TRUE	NA	NA	NA	NA
"AATTCCCTGGAGCTTGGTGACTCTGCTGTGTATTTCTGTGCCAGCAGCCAGGGGGCTGGCGGGGCCAACGTCCTGACTTTCGGGGCC"	"CASSQGAGGANVLTF"	"AATTCCCTGGAGCTTGGTGACTCTGCTGTGTATTTCTGTGCCAGCAGCCAGGGGGCTGGCGGGGCCAACGTCCTGACTTTCGGGGCC"	"CASSQGAGGANVLTF"	"TCRBV3-1/3-2*1"	"TCRBD1-1*1"	"TCRBJ2-6*1"	-1	50	56	60	51	4	NA	NA	"AATTCCCTGGAGCTTGGTGACTCTGCTGTGTATTTCTGTGCCAGCAGCCAGGGGGCTGGCGGGGCCAACGTCCTGACTTTCGGGGCC"	FALSE	TRUE	NA	NA	NA	NA
"NTGTCGGCTGCTCCCTCCCAGACATCTGTGTACTTCTGTGCCAGCTCCCGAATCGACAGGGTTAGTCAGCCCCAGCATTTTGGTGAT"	"CASSRIDRVSQPQHF"	"NTGTCGGCTGCTCCCTCCCAGACATCTGTGTACTTCTGTGCCAGCTCCCGAATCGACAGGGTTAGTCAGCCCCAGCATTTTGGTGAT"	"CASSRIDRVSQPQHF"	"TCRBV6-5*1"	"TCRBD1-1*1"	"TCRBJ1-5*1"	45	54	61	65	9	4	NA	NA	"NTGTCGGCTGCTCCCTCCCAGACATCTGTGTACTTCTGTGCCAGCTCCCGAATCGACAGGGTTAGTCAGCCCCAGCATTTTGGTGAT"	FALSE	TRUE	NA	NA	NA	NA
"GTGAGCACCTTGGAGCTGGGGGACTCGGCCCTTTATCTTTGCGCCAGCAGTCACAGGGTAAACACCGGGGAGCTGTTTTTTGGAGAA"	"CASSHRVNTGELFF"	"GTGAGCACCTTGGAGCTGGGGGACTCGGCCCTTTATCTTTGCGCCAGCAGTCACAGGGTAAACACCGGGGAGCTGTTTTTTGGAGAA"	"CASSHRVNTGELFF"	"TCRBV5-1*1"	"TCRBD1-1*1"	"TCRBJ2-2*1"	50	52	58	60	2	2	NA	NA	"GTGAGCACCTTGGAGCTGGGGGACTCGGCCCTTTATCTTTGCGCCAGCAGTCACAGGGTAAACACCGGGGAGCTGTTTTTTGGAGAA"	FALSE	TRUE	NA	NA	NA	NA
"AGCACCTTGGAGCTGGGGGACTCGGCCCTTTATCTTTGCGCCAGCAGCCGGAGCCAGGGTGCCGGCAATGAGCAGTTCTTCGGGCCA"	"CASSRSQGAGNEQFF"	"AGCACCTTGGAGCTGGGGGACTCGGCCCTTTATCTTTGCGCCAGCAGCCGGAGCCAGGGTGCCGGCAATGAGCAGTTCTTCGGGCCA"	"CASSRSQGAGNEQFF"	"TCRBV5-1*1"	"TCRBD1-1*1"	"TCRBJ2-1*1"	48	54	59	65	6	6	NA	NA	"AGCACCTTGGAGCTGGGGGACTCGGCCCTTTATCTTTGCGCCAGCAGCCGGAGCCAGGGTGCCGGCAATGAGCAGTTCTTCGGGCCA"	FALSE	TRUE	NA	NA	NA	NA
"CTGGAGTCCGCCAGCACCAACCAGACATCTATGTACCTCTGTGCCAGCAGTCCACGGACTAGCTACAATGAGCAGTTCTTCGGGCCA"	"CASSPRTSYNEQFF"	"CTGGAGTCCGCCAGCACCAACCAGACATCTATGTACCTCTGTGCCAGCAGTCCACGGACTAGCTACAATGAGCAGTTCTTCGGGCCA"	"CASSPRTSYNEQFF"	"TCRBV28-1*1"	"TCRBD2-1"	"TCRBJ2-1*1"	51	55	-1	62	4	63	NA	NA	"CTGGAGTCCGCCAGCACCAACCAGACATCTATGTACCTCTGTGCCAGCAGTCCACGGACTAGCTACAATGAGCAGTTCTTCGGGCCA"	FALSE	TRUE	NA	NA	NA	NA
"ACCAGTGCCCATCCTGAAGACAGCAGCTTCTACATCTGCAGTGCTAGCCTTCCGGGAGCAGAATACAATGAGCAGTTCTTCGGGCCA"	"CSASLPGAEYNEQFF"	"ACCAGTGCCCATCCTGAAGACAGCAGCTTCTACATCTGCAGTGCTAGCCTTCCGGGAGCAGAATACAATGAGCAGTTCTTCGGGCCA"	"CSASLPGAEYNEQFF"	NA	"TCRBD2-1*2"	"TCRBJ2-1*1"	47	52	58	63	5	5	NA	NA	"ACCAGTGCCCATCCTGAAGACAGCAGCTTCTACATCTGCAGTGCTAGCCTTCCGGGAGCAGAATACAATGAGCAGTTCTTCGGGCCA"	FALSE	TRUE	NA	NA	NA	NA
"CACGCCCTGCAGCCAGAAGACTCAGCCCTGTATCTCTGCGCCAGCAGCGCACGGGACAGGGTTTATAACGAGCAGTACTTCGGGCCG"	"CASSARDRVYNEQYF"	"CACGCCCTGCAGCCAGAAGACTCAGCCCTGTATCTCTGCGCCAGCAGCGCACGGGACAGGGTTTATAACGAGCAGTACTTCGGGCCG"	"CASSARDRVYNEQYF"	"TCRBV4-1*1"	"TCRBD1-1*1"	"TCRBJ2-7*1"	48	52	61	67	4	6	NA	NA	"CACGCCCTGCAGCCAGAAGACTCAGCCCTGTATCTCTGCGCCAGCAGCGCACGGGACAGGGTTTATAACGAGCAGTACTTCGGGCCG"	FALSE	TRUE	NA	NA	NA	NA
"AGGATCCAGCAGGTAGTGCGAGGAGATTCGGCAGCTTATTTCTGTGCCAGCTCGTCGGACAGACTTGAAAAACTGTTTTTTGGCAGT"	"CASSSDRLEKLFF"	"AGGATCCAGCAGGTAGTGCGAGGAGATTCGGCAGCTTATTTCTGTGCCAGCTCGTCGGACAGACTTGAAAAACTGTTTTTTGGCAGT"	"CASSSDRLEKLFF"	"TCRBV18-1*1"	"TCRBD1-1*1"	"TCRBJ1-4*1"	53	56	62	65	3	3	NA	NA	"AGGATCCAGCAGGTAGTGCGAGGAGATTCGGCAGCTTATTTCTGTGCCAGCTCGTCGGACAGACTTGAAAAACTGTTTTTTGGCAGT"	FALSE	TRUE	NA	NA	NA	NA
"GTGAACGCCTTGTTGCTGGGGGACTCGGCCCTCTATCTCTGTGCCAGCAGCCTAGGACAGAGGAGGACTGAAGCTTTCTTTGGACAA"	"CASSLGQRRTEAFF"	"GTGAACGCCTTGTTGCTGGGGGACTCGGCCCTCTATCTCTGTGCCAGCAGCCTAGGACAGAGGAGGACTGAAGCTTTCTTTGGACAA"	"CASSLGQRRTEAFF"	"TCRBV5-6*1"	"TCRBD1-1*1"	"TCRBJ1-1*1"	51	54	60	66	3	6	NA	NA	"GTGAACGCCTTGTTGCTGGGGGACTCGGCCCTCTATCTCTGTGCCAGCAGCCTAGGACAGAGGAGGACTGAAGCTTTCTTTGGACAA"	FALSE	TRUE	NA	NA	NA	NA
"CAGCCTGCAGAGCTTGGGGACTCGGCCATGTATCTCTGTGCCAGCAGCGCCACCGGGACAGAGTTCTACGAGCAGTACTTCGGGCCG"	"CASSATGTEFYEQYF"	"CAGCCTGCAGAGCTTGGGGACTCGGCCATGTATCTCTGTGCCAGCAGCGCCACCGGGACAGAGTTCTACGAGCAGTACTTCGGGCCG"	"CASSATGTEFYEQYF"	"TCRBV11-1*1"	"TCRBD1-1*1"	"TCRBJ2-7*1"	48	54	61	65	6	4	NA	NA	"CAGCCTGCAGAGCTTGGGGACTCGGCCATGTATCTCTGTGCCAGCAGCGCCACCGGGACAGAGTTCTACGAGCAGTACTTCGGGCCG"	FALSE	TRUE	NA	NA	NA	NA
"GAGTCCGCCAGCACCAACCAGACATCTATGTACCTCTGTGCCAGCATCCCAGGGCGGGTGGAGGGAGAGACCCAGTACTTCGGGCCA"	"CASIPGRVEGETQYF"	"GAGTCCGCCAGCACCAACCAGACATCTATGTACCTCTGTGCCAGCATCCCAGGGCGGGTGGAGGGAGAGACCCAGTACTTCGGGCCA"	"CASIPGRVEGETQYF"	"TCRBV28-1*1"	"TCRBD2-1*2"	"TCRBJ2-5*1"	46	59	-1	65	13	66	NA	NA	"GAGTCCGCCAGCACCAACCAGACATCTATGTACCTCTGTGCCAGCATCCCAGGGCGGGTGGAGGGAGAGACCCAGTACTTCGGGCCA"	FALSE	TRUE	NA	NA	NA	NA
"CCAGCCTGCAGAGCTTGGGGACTCGGCCGTGTATCTCTGTGCCAGCCTCCCCCTAGGGCGGGAAACTATGGCTACACCTTCGGTTCG"	""	"CCAGCCTGCAGAGCTTGGGGACTCGGCCGTGTATCTCTGTGCCAGCCTCCCCCTAGGGCGGGAAACTATGGCTACACCTTCGGTTCG"	""	"TCRBV11-3*1"	"TCRBD2-1*2"	"TCRBJ1-2*1"	46	57	-1	63	11	64	NA	NA	"CCAGCCTGCAGAGCTTGGGGACTCGGCCGTGTATCTCTGTGCCAGCCTCCCCCTAGGGCGGGAAACTATGGCTACACCTTCGGTTCG"	FALSE	FALSE	NA	NA	NA	NA
"ACAAAGCTGGAGGACTCAGCCATGTACTTCTGTGCCAGCAGTGTAGAAGGGATAACGGAGTTGAACACTGAAGCTTTCTTTGGACAA"	"CASSVEGITELNTEAFF"	"ACAAAGCTGGAGGACTCAGCCATGTACTTCTGTGCCAGCAGTGTAGAAGGGATAACGGAGTTGAACACTGAAGCTTTCTTTGGACAA"	"CASSVEGITELNTEAFF"	"TCRBV2-1"	NA	"TCRBJ1-1*1"	43	48	52	61	5	9	NA	NA	"ACAAAGCTGGAGGACTCAGCCATGTACTTCTGTGCCAGCAGTGTAGAAGGGATAACGGAGTTGAACACTGAAGCTTTCTTTGGACAA"	FALSE	TRUE	NA	NA	NA	NA
"CTCAGAACCCAGGGACTCAGCTGTGTATTTTTGTGCTAGTGGTTTGGTCTGACAGTCCTCTCTGGAAACACCATATATTTTGGAGAG"	""	"CTCAGAACCCAGGGACTCAGCTGTGTATTTTTGTGCTAGTGGTTTGGTCTGACAGTCCTCTCTGGAAACACCATATATTTTGGAGAG"	""	"TCRBV12-5*1"	"TCRBD1-1*1"	"TCRBJ1-3*1"	48	50	55	59	2	4	NA	NA	"CTCAGAACCCAGGGACTCAGCTGTGTATTTTTGTGCTAGTGGTTTGGTCTGACAGTCCTCTCTGGAAACACCATATATTTTGGAGAG"	FALSE	FALSE	NA	NA	NA	NA
"CTTGGAGCTGGGGGACTCGGCCCTTTATCTTTGCGCCAGCAGCTTGGCGGGGTTTTATATAGCAATCAGCCCCAGCATTTTGGTGAT"	""	"CTTGGAGCTGGGGGACTCGGCCCTTTATCTTTGCGCCAGCAGCTTGGCGGGGTTTTATATAGCAATCAGCCCCAGCATTTTGGTGAT"	""	"TCRBV5-1*1"	"TCRBD2-1*1"	"TCRBJ1-5*1"	-1	47	52	59	48	7	NA	NA	"CTTGGAGCTGGGGGACTCGGCCCTTTATCTTTGCGCCAGCAGCTTGGCGGGGTTTTATATAGCAATCAGCCCCAGCATTTTGGTGAT"	FALSE	FALSE	NA	NA	NA	NA
"AGTTCTAAGAAGCTCCTTCTCAGTGACTCTGGCTTCTATCTCTGTGCCGCCGTAACTAGCCCCTACAATGAGCAGTTCTTCGGGCCA"	"CAAVTSPYNEQFF"	"AGTTCTAAGAAGCTCCTTCTCAGTGACTCTGGCTTCTATCTCTGTGCCGCCGTAACTAGCCCCTACAATGAGCAGTTCTTCGGGCCA"	"CAAVTSPYNEQFF"	"TCRBV3-1"	"TCRBD2-1"	"TCRBJ2-1*1"	48	54	60	61	6	1	NA	NA	"AGTTCTAAGAAGCTCCTTCTCAGTGACTCTGGCTTCTATCTCTGTGCCGCCGTAACTAGCCCCTACAATGAGCAGTTCTTCGGGCCA"	FALSE	TRUE	NA	NA	NA	NA
"GTGACTCTGCTGTGTATTTCTGTGCCAGCAGCCAAGACAAGAGGATAGAGCGGACCAACACATACTTACGAGCAGTACTTCGGGCCG"	""	"GTGACTCTGCTGTGTATTTCTGTGCCAGCAGCCAAGACAAGAGGATAGAGCGGACCAACACATACTTACGAGCAGTACTTCGGGCCG"	""	"TCRBV3-1/3-2*1"	"TCRBD2-1"	"TCRBJ2-7*1"	37	48	53	66	11	13	NA	NA	"GTGACTCTGCTGTGTATTTCTGTGCCAGCAGCCAAGACAAGAGGATAGAGCGGACCAACACATACTTACGAGCAGTACTTCGGGCCG"	FALSE	FALSE	NA	NA	NA	NA
"NNNNNNNTGTCGGCTGCTCCCTCCCAGACATCTGTGTACTTCTGTGCCAGCAGCCGGGGGGGAAACACTGAAGCTTTCTTTGGACAA"	"CASSRGGNTEAFF"	"NNNNNNNTGTCGGCTGCTCCCTCCCAGACATCTGTGTACTTCTGTGCCAGCAGCCGGGGGGGAAACACTGAAGCTTTCTTTGGACAA"	"CASSRGGNTEAFF"	"TCRBV6-5*1"	"TCRBD2-1*1"	"TCRBJ1-1*1"	53	54	62	63	1	1	NA	NA	"NNNNNNNTGTCGGCTGCTCCCTCCCAGACATCTGTGTACTTCTGTGCCAGCAGCCGGGGGGGAAACACTGAAGCTTTCTTTGGACAA"	FALSE	TRUE	NA	NA	NA	NA
"CAGCCTGCAAAGCTTGAGGACTCGGCCGTGTATCTCTGTGCCAGCAGCCCAGGACAGGGGGCTCTGGATACGCAGTATTTTGGCCCA"	"CASSPGQGALDTQYF"	"CAGCCTGCAAAGCTTGAGGACTCGGCCGTGTATCTCTGTGCCAGCAGCCCAGGACAGGGGGCTCTGGATACGCAGTATTTTGGCCCA"	"CASSPGQGALDTQYF"	"TCRBV11-2*1"	"TCRBD1-1*1"	"TCRBJ2-3*1"	48	51	62	66	3	4	NA	NA	"CAGCCTGCAAAGCTTGAGGACTCGGCCGTGTATCTCTGTGCCAGCAGCCCAGGACAGGGGGCTCTGGATACGCAGTATTTTGGCCCA"	FALSE	TRUE	NA	NA	NA	NA
"NNNNNNNTGTCGGCTGCTCCCTCCCAAACATCTGTGTACTTCTGTGCCAGCAGTTACTCAGCTAATGAAAAACTGTTTTTTGGCAGT"	"CASSYSANEKLFF"	"NNNNNNNTGTCGGCTGCTCCCTCCCAAACATCTGTGTACTTCTGTGCCAGCAGTTACTCAGCTAATGAAAAACTGTTTTTTGGCAGT"	"CASSYSANEKLFF"	"TCRBV6-2/6-3*1"	NA	"TCRBJ1-4*1"	-1	59	-1	61	60	62	NA	NA	"NNNNNNNTGTCGGCTGCTCCCTCCCAAACATCTGTGTACTTCTGTGCCAGCAGTTACTCAGCTAATGAAAAACTGTTTTTTGGCAGT"	FALSE	TRUE	NA	NA	NA	NA
"GTGAGCACCTTGGAGCTGGGGGACTCGGCCCTTTATCTTTGCGCCAGCAGCTTGGGCGGCCCGGGGGTCGAGCAGTACTTCGGGCCG"	"CASSLGGPGVEQYF"	"GTGAGCACCTTGGAGCTGGGGGACTCGGCCCTTTATCTTTGCGCCAGCAGCTTGGGCGGCCCGGGGGTCGAGCAGTACTTCGGGCCG"	"CASSLGGPGVEQYF"	"TCRBV5-1*1"	"TCRBD2-1*1"	"TCRBJ2-7*1"	55	61	67	68	6	1	NA	NA	"GTGAGCACCTTGGAGCTGGGGGACTCGGCCCTTTATCTTTGCGCCAGCAGCTTGGGCGGCCCGGGGGTCGAGCAGTACTTCGGGCCG"	FALSE	TRUE	NA	NA	NA	NA
"CAGCAGGTAGTGCGAGGAGATTCGGCAGCTTATTTCTGTGCCAGCTCACCAAATGAAGGGACGATCTACGAGCAGTACTTCGGGCCG"	"CASSPNEGTIYEQYF"	"CAGCAGGTAGTGCGAGGAGATTCGGCAGCTTATTTCTGTGCCAGCTCACCAAATGAAGGGACGATCTACGAGCAGTACTTCGGGCCG"	"CASSPNEGTIYEQYF"	"TCRBV18-1*1"	NA	"TCRBJ2-7*1"	51	57	62	65	6	3	NA	NA	"CAGCAGGTAGTGCGAGGAGATTCGGCAGCTTATTTCTGTGCCAGCTCACCAAATGAAGGGACGATCTACGAGCAGTACTTCGGGCCG"	FALSE	TRUE	NA	NA	NA	NA
"CTGGAGTTGGCTGCTCCCTCCCAGACATCTGTGTACTTCTGTGCCTGCAGCGCGGTCAGGGAGCCCTACGAGCAGTACTTCGGGCCG"	"CACSAVREPYEQYF"	"CTGGAGTTGGCTGCTCCCTCCCAGACATCTGTGTACTTCTGTGCCTGCAGCGCGGTCAGGGAGCCCTACGAGCAGTACTTCGGGCCG"	"CACSAVREPYEQYF"	"TCRBV6-6"	NA	"TCRBJ2-7*1"	50	56	61	64	6	3	NA	NA	"CTGGAGTTGGCTGCTCCCTCCCAGACATCTGTGTACTTCTGTGCCTGCAGCGCGGTCAGGGAGCCCTACGAGCAGTACTTCGGGCCG"	FALSE	TRUE	NA	NA	NA	NA
"GCCAGCACCAACCAGACATCTATGTACCTCTGTGCCAGCAGTCCCCCCATGGGTGGGACTAGCCTCCTCGAGCAGTACTTCGGGCCG"	"CASSPPMGGTSLLEQYF"	"GCCAGCACCAACCAGACATCTATGTACCTCTGTGCCAGCAGTCCCCCCATGGGTGGGACTAGCCTCCTCGAGCAGTACTTCGGGCCG"	"CASSPPMGGTSLLEQYF"	"TCRBV28-1*1"	"TCRBD2-1"	"TCRBJ2-7*1"	42	54	63	68	12	5	NA	NA	"GCCAGCACCAACCAGACATCTATGTACCTCTGTGCCAGCAGTCCCCCCATGGGTGGGACTAGCCTCCTCGAGCAGTACTTCGGGCCG"	FALSE	TRUE	NA	NA	NA	NA
"GCCTGCAGAGCTTGGGGACTCGGCCGTGTATCTCTGTGCCAGCAGCCGAAACCGGGGACAGTAAAAGAGACCCAGTACTTCGGGCCA"	""	"GCCTGCAGAGCTTGGGGACTCGGCCGTGTATCTCTGTGCCAGCAGCCGAAACCGGGGACAGTAAAAGAGACCCAGTACTTCGGGCCA"	""	"TCRBV11-3*1"	"TCRBD1-1*1"	"TCRBJ2-5*1"	46	54	61	64	8	3	NA	NA	"GCCTGCAGAGCTTGGGGACTCGGCCGTGTATCTCTGTGCCAGCAGCCGAAACCGGGGACAGTAAAAGAGACCCAGTACTTCGGGCCA"	FALSE	FALSE	NA	NA	NA	NA
"GGAGATTCGGCAGCTTATTTCTGTGCCAGCTCACCACGATCGGTGGGAGGGACAGGCACTAGCACAGATACGCAGTATTTTGGCCCA"	"CASSPRSVGGTGTSTDTQYF"	"GGAGATTCGGCAGCTTATTTCTGTGCCAGCTCACCACGATCGGTGGGAGGGACAGGCACTAGCACAGATACGCAGTATTTTGGCCCA"	"CASSPRSVGGTGTSTDTQYF"	"TCRBV18-1*1"	"TCRBD1-1*1"	"TCRBJ2-3*1"	37	48	56	60	11	4	NA	NA	"GGAGATTCGGCAGCTTATTTCTGTGCCAGCTCACCACGATCGGTGGGAGGGACAGGCACTAGCACAGATACGCAGTATTTTGGCCCA"	FALSE	TRUE	NA	NA	NA	NA
"CTGGAGCTGGGGGACTCAGCTTTGTATTTCTGTGCCAGCAGCGTAGGGGACCCCGCCCAGGGAACAGATACGCAGTATTTTGGCCCA"	"CASSVGDPAQGTDTQYF"	"CTGGAGCTGGGGGACTCAGCTTTGTATTTCTGTGCCAGCAGCGTAGGGGACCCCGCCCAGGGAACAGATACGCAGTATTTTGGCCCA"	"CASSVGDPAQGTDTQYF"	"TCRBV9-1*1"	NA	"TCRBJ2-3*1"	-1	46	51	63	47	12	NA	NA	"CTGGAGCTGGGGGACTCAGCTTTGTATTTCTGTGCCAGCAGCGTAGGGGACCCCGCCCAGGGAACAGATACGCAGTATTTTGGCCCA"	FALSE	TRUE	NA	NA	NA	NA
"CACGCCCTGCAGCCAGAAGACTCAGCCCTGTATCTCTGCGCCAGCAACGACGGGAGGGTGAACACCGGGGAGCTGTTTTTTGGAGAA"	"CASNDGRVNTGELFF"	"CACGCCCTGCAGCCAGAAGACTCAGCCCTGTATCTCTGCGCCAGCAACGACGGGAGGGTGAACACCGGGGAGCTGTTTTTTGGAGAA"	"CASNDGRVNTGELFF"	"TCRBV4-1*1"	"TCRBD2-1*2"	"TCRBJ2-2*1"	46	50	58	59	4	1	NA	NA	"CACGCCCTGCAGCCAGAAGACTCAGCCCTGTATCTCTGCGCCAGCAACGACGGGAGGGTGAACACCGGGGAGCTGTTTTTTGGAGAA"	FALSE	TRUE	NA	NA	NA	NA
"AACGCCTTGGAGCTGGAGGACTCGGCCCTGTATCTCTGTGCCAGCAGCCAAATAAGACTAGCGGGAGTCGAGCAGTACTTCGGGCCG"	"CASSQIRLAGVEQYF"	"AACGCCTTGGAGCTGGAGGACTCGGCCCTGTATCTCTGTGCCAGCAGCCAAATAAGACTAGCGGGAGTCGAGCAGTACTTCGGGCCG"	"CASSQIRLAGVEQYF"	"TCRBV5-8*1"	"TCRBD2-1*2"	"TCRBJ2-7*1"	48	55	67	68	7	1	NA	NA	"AACGCCTTGGAGCTGGAGGACTCGGCCCTGTATCTCTGTGCCAGCAGCCAAATAAGACTAGCGGGAGTCGAGCAGTACTTCGGGCCG"	FALSE	TRUE	NA	NA	NA	NA
"ACAGTGACCAGTGCCCATCCTGAAGACAGCAGCTTCTACATCTGCAGTGCAGAAAGCGGGAGAGGTTACGAGCAGTACTTCGGGCCG"	"CSAESGRGYEQYF"	"ACAGTGACCAGTGCCCATCCTGAAGACAGCAGCTTCTACATCTGCAGTGCAGAAAGCGGGAGAGGTTACGAGCAGTACTTCGGGCCG"	"CSAESGRGYEQYF"	NA	"TCRBD2-1*2"	"TCRBJ2-7*1"	50	54	62	66	4	4	NA	NA	"ACAGTGACCAGTGCCCATCCTGAAGACAGCAGCTTCTACATCTGCAGTGCAGAAAGCGGGAGAGGTTACGAGCAGTACTTCGGGCCG"	FALSE	TRUE	NA	NA	NA	NA
"ACTCTGGAGTCTGCTGCCTCCTCCCAGACATCTGTATATTTCTGCGCCAGCAGTGACAGGGAATCCGGGGAGCTGTTTTTTGGAGAA"	"CASSDRESGELFF"	"ACTCTGGAGTCTGCTGCCTCCTCCCAGACATCTGTATATTTCTGCGCCAGCAGTGACAGGGAATCCGGGGAGCTGTTTTTTGGAGAA"	"CASSDRESGELFF"	"TCRBV1-1*1"	"TCRBD1-1*1"	"TCRBJ2-2*1"	-1	56	61	64	57	3	NA	NA	"ACTCTGGAGTCTGCTGCCTCCTCCCAGACATCTGTATATTTCTGCGCCAGCAGTGACAGGGAATCCGGGGAGCTGTTTTTTGGAGAA"	FALSE	TRUE	NA	NA	NA	NA
"ATCCAGCGCACAGAGCAGGGGGACTCGGCCATGTATCTCTGTGCCAGCAGCTTAGCGCCAGGGGGGAACATTCAGTACTTCGGCGCC"	"CASSLAPGGNIQYF"	"ATCCAGCGCACAGAGCAGGGGGACTCGGCCATGTATCTCTGTGCCAGCAGCTTAGCGCCAGGGGGGAACATTCAGTACTTCGGCGCC"	"CASSLAPGGNIQYF"	"TCRBV7-9*1"	"TCRBD1-1*1"	"TCRBJ2-4*1"	56	58	65	66	2	1	NA	NA	"ATCCAGCGCACAGAGCAGGGGGACTCGGCCATGTATCTCTGTGCCAGCAGCTTAGCGCCAGGGGGGAACATTCAGTACTTCGGCGCC"	FALSE	TRUE	NA	NA	NA	NA
"CTGTCCCTAGAGTCTGCCATCCCCAACCAGACAGCTCTTTACTTCTGTGCCACCAGTGATGGAGTCACTGAAGCTTTCTTTGGACAA"	"CATSDGVTEAFF"	"CTGTCCCTAGAGTCTGCCATCCCCAACCAGACAGCTCTTTACTTCTGTGCCACCAGTGATGGAGTCACTGAAGCTTTCTTTGGACAA"	"CATSDGVTEAFF"	"TCRBV24-1*1"	"TCRBD2-1*2"	"TCRBJ1-1*1"	-1	60	64	65	61	1	NA	NA	"CTGTCCCTAGAGTCTGCCATCCCCAACCAGACAGCTCTTTACTTCTGTGCCACCAGTGATGGAGTCACTGAAGCTTTCTTTGGACAA"	FALSE	TRUE	NA	NA	NA	NA
"CCCAGACATCTGTGTACTTCTGTGCCAGCAGTTACTTACCTAGCGGAGCACCATATAAACCTCTCCTACGAGCAGTACTTCGGGCCG"	""	"CCCAGACATCTGTGTACTTCTGTGCCAGCAGTTACTTACCTAGCGGAGCACCATATAAACCTCTCCTACGAGCAGTACTTCGGGCCG"	""	NA	"TCRBD2-1"	"TCRBJ2-7*1"	36	39	46	62	3	16	NA	NA	"CCCAGACATCTGTGTACTTCTGTGCCAGCAGTTACTTACCTAGCGGAGCACCATATAAACCTCTCCTACGAGCAGTACTTCGGGCCG"	FALSE	FALSE	NA	NA	NA	NA
"GTGACCAGTGCCCATCCTGAAGACAGCAGCTTCTACATCTGCAGTGCCGGGATAGCGGGATGGAAAGAGACCCAGTACTTCGGGCCA"	"CSAGIAGWKETQYF"	"GTGACCAGTGCCCATCCTGAAGACAGCAGCTTCTACATCTGCAGTGCCGGGATAGCGGGATGGAAAGAGACCCAGTACTTCGGGCCA"	"CSAGIAGWKETQYF"	NA	"TCRBD2-1*2"	"TCRBJ2-5*1"	47	52	60	64	5	4	NA	NA	"GTGACCAGTGCCCATCCTGAAGACAGCAGCTTCTACATCTGCAGTGCCGGGATAGCGGGATGGAAAGAGACCCAGTACTTCGGGCCA"	FALSE	TRUE	NA	NA	NA	NA
"GAGTCCGCTACCAGCTCCCAGACATCTGTGTACTTCTGTGCCAGGGACAGCCCTAACCCACCATGAGAGACCCAGTACTTCGGGCCA"	"CARDSPNPP*ETQYF"	"GAGTCCGCTACCAGCTCCCAGACATCTGTGTACTTCTGTGCCAGGGACAGCCCTAACCCACCATGAGAGACCCAGTACTTCGGGCCA"	"CARDSPNPP*ETQYF"	"TCRBV1-3*1"	"TCRBD1-1*1"	"TCRBJ2-5*1"	-1	43	50	65	44	15	NA	NA	"GAGTCCGCTACCAGCTCCCAGACATCTGTGTACTTCTGTGCCAGGGACAGCCCTAACCCACCATGAGAGACCCAGTACTTCGGGCCA"	FALSE	TRUE	NA	NA	NA	NA
"GGGACTCAGCCGTGTATCTCTGTGCCAGCACTCGTTGGGGGCTAGCGGGAGTTTAAGGATAGCACAGATACGCAGTATTTTGGCCCA"	""	"GGGACTCAGCCGTGTATCTCTGTGCCAGCACTCGTTGGGGGCTAGCGGGAGTTTAAGGATAGCACAGATACGCAGTATTTTGGCCCA"	""	"TCRBV7-3*1"	"TCRBD2-1*2"	"TCRBJ2-3*1"	30	41	51	60	11	9	NA	NA	"GGGACTCAGCCGTGTATCTCTGTGCCAGCACTCGTTGGGGGCTAGCGGGAGTTTAAGGATAGCACAGATACGCAGTATTTTGGCCCA"	FALSE	FALSE	NA	NA	NA	NA
"AATTCCCTGGAGCTTGGTGACTCTGCTGTGTATTTCTGTGCCAGCAGCCCCCGGGGCAGGGCCGGAAACACCATATATTTTGGAGAG"	"CASSPRGRAGNTIYF"	"AATTCCCTGGAGCTTGGTGACTCTGCTGTGTATTTCTGTGCCAGCAGCCCCCGGGGCAGGGCCGGAAACACCATATATTTTGGAGAG"	"CASSPRGRAGNTIYF"	"TCRBV3-1/3-2*1"	NA	"TCRBJ1-3*1"	49	56	61	63	7	2	NA	NA	"AATTCCCTGGAGCTTGGTGACTCTGCTGTGTATTTCTGTGCCAGCAGCCCCCGGGGCAGGGCCGGAAACACCATATATTTTGGAGAG"	FALSE	TRUE	NA	NA	NA	NA
"NTGTCGGCTGCTCCCTCCCAGACATCTGTGTACTTCTGTGCCAGCAGAACAGGGGGCTCTGGGGCCAACGTCCTGACTTTCGGGGCC"	"CASRTGGSGANVLTF"	"NTGTCGGCTGCTCCCTCCCAGACATCTGTGTACTTCTGTGCCAGCAGAACAGGGGGCTCTGGGGCCAACGTCCTGACTTTCGGGGCC"	"CASRTGGSGANVLTF"	"TCRBV6-5*1"	"TCRBD1-1*1"	"TCRBJ2-6*1"	47	48	-1	56	1	57	NA	NA	"NTGTCGGCTGCTCCCTCCCAGACATCTGTGTACTTCTGTGCCAGCAGAACAGGGGGCTCTGGGGCCAACGTCCTGACTTTCGGGGCC"	FALSE	TRUE	NA	NA	NA	NA
"ACAGTGACCAGTGCCCATCCTGAAGACAGCAGCTTCTACATCTGCAGTGTCCCACCGGGGCCGAACTATGGCTACACCTTCGGTTCG"	"CSVPPGPNYGYTF"	"ACAGTGACCAGTGCCCATCCTGAAGACAGCAGCTTCTACATCTGCAGTGTCCCACCGGGGCCGAACTATGGCTACACCTTCGGTTCG"	"CSVPPGPNYGYTF"	NA	NA	"TCRBJ1-2*1"	49	56	61	63	7	2	NA	NA	"ACAGTGACCAGTGCCCATCCTGAAGACAGCAGCTTCTACATCTGCAGTGTCCCACCGGGGCCGAACTATGGCTACACCTTCGGTTCG"	FALSE	TRUE	NA	NA	NA	NA
"TCCCTAGAGTCTGCCATCCCCAACCAGACAGCTCTTTACTTCTGTGCCACCAGTGACCAGGGGGCTTATGGCTACACCTTCGGTTCG"	"CATSDQGAYGYTF"	"TCCCTAGAGTCTGCCATCCCCAACCAGACAGCTCTTTACTTCTGTGCCACCAGTGACCAGGGGGCTTATGGCTACACCTTCGGTTCG"	"CATSDQGAYGYTF"	"TCRBV24-1*1"	"TCRBD1-1*1"	"TCRBJ1-2*1"	56	57	65	66	1	1	NA	NA	"TCCCTAGAGTCTGCCATCCCCAACCAGACAGCTCTTTACTTCTGTGCCACCAGTGACCAGGGGGCTTATGGCTACACCTTCGGTTCG"	FALSE	TRUE	NA	NA	NA	NA
"NNNNNNNNNNTGTCGGCTGCTCCCTCCCAGACATCTGTGTACTTCTGTGCCAGCAGTTTCTCGGACAGGGACGCTTTCTTTGGACAA"	"CASSFSDRDAFF"	"NNNNNNNNNNTGTCGGCTGCTCCCTCCCAGACATCTGTGTACTTCTGTGCCAGCAGTTTCTCGGACAGGGACGCTTTCTTTGGACAA"	"CASSFSDRDAFF"	"TCRBV6-5*1"	"TCRBD1-1*1"	"TCRBJ1-1*1"	-1	62	70	72	63	2	NA	NA	"NNNNNNNNNNTGTCGGCTGCTCCCTCCCAGACATCTGTGTACTTCTGTGCCAGCAGTTTCTCGGACAGGGACGCTTTCTTTGGACAA"	FALSE	TRUE	NA	NA	NA	NA
"TCCCTAGAGTCTGCCATCCCCAACCAGACAGCTCTTTACTTCTGTGCCACCTCTGGGCGGGACCGAGAGACCCAGTACTTCGGGCCA"	"CATSGRDRETQYF"	"TCCCTAGAGTCTGCCATCCCCAACCAGACAGCTCTTTACTTCTGTGCCACCTCTGGGCGGGACCGAGAGACCCAGTACTTCGGGCCA"	"CATSGRDRETQYF"	"TCRBV24-1*1"	"TCRBD2-1*2"	"TCRBJ2-5*1"	51	56	62	65	5	3	NA	NA	"TCCCTAGAGTCTGCCATCCCCAACCAGACAGCTCTTTACTTCTGTGCCACCTCTGGGCGGGACCGAGAGACCCAGTACTTCGGGCCA"	FALSE	TRUE	NA	NA	NA	NA
"CTGACAGTGACCAGTGCCCATCCTGAAGACAGCAGCTTCTACATCTGCAGTGCCACGGCGGGAATCTACGAGCAGTACTTCGGGCCG"	"CSATAGIYEQYF"	"CTGACAGTGACCAGTGCCCATCCTGAAGACAGCAGCTTCTACATCTGCAGTGCCACGGCGGGAATCTACGAGCAGTACTTCGGGCCG"	"CSATAGIYEQYF"	NA	"TCRBD2-1*2"	"TCRBJ2-7*1"	53	57	63	65	4	2	NA	NA	"CTGACAGTGACCAGTGCCCATCCTGAAGACAGCAGCTTCTACATCTGCAGTGCCACGGCGGGAATCTACGAGCAGTACTTCGGGCCG"	FALSE	TRUE	NA	NA	NA	NA
"NTGAAGATCCAGCCCTCAGAACCCAGGGACTCAGCTGTGTACTTCTGTGCCGTCGGACTAGCGGGAGTCAAGCAGTACTTCGGGCCG"	"CAVGLAGVKQYF"	"NTGAAGATCCAGCCCTCAGAACCCAGGGACTCAGCTGTGTACTTCTGTGCCGTCGGACTAGCGGGAGTCAAGCAGTACTTCGGGCCG"	"CAVGLAGVKQYF"	"TCRBV12-3/12-4*1"	"TCRBD2-1*2"	"TCRBJ2-7*1"	51	54	67	70	3	3	NA	NA	"NTGAAGATCCAGCCCTCAGAACCCAGGGACTCAGCTGTGTACTTCTGTGCCGTCGGACTAGCGGGAGTCAAGCAGTACTTCGGGCCG"	FALSE	TRUE	NA	NA	NA	NA
"ATTCAGCGCACAGAGCAGCGGGACTCGGCCATGTATCGCTGTGCCAGCAGCCCTGGACAGGGGGCTTTCGAGCAGTACTTCGGGCCG"	"CASSPGQGAFEQYF"	"ATTCAGCGCACAGAGCAGCGGGACTCGGCCATGTATCGCTGTGCCAGCAGCCCTGGACAGGGGGCTTTCGAGCAGTACTTCGGGCCG"	"CASSPGQGAFEQYF"	NA	"TCRBD1-1*1"	"TCRBJ2-7*1"	51	54	65	68	3	3	NA	NA	"ATTCAGCGCACAGAGCAGCGGGACTCGGCCATGTATCGCTGTGCCAGCAGCCCTGGACAGGGGGCTTTCGAGCAGTACTTCGGGCCG"	FALSE	TRUE	NA	NA	NA	NA
"ACTCTGAGGATCCAGCCCATGGAACCCAGGGACTTGGGCCTATATTTCTGTGCCAGCACCCCGTAAGGAACGTAGTACTTCGGGCCG"	"CASTP*GT*YF"	"ACTCTGAGGATCCAGCCCATGGAACCCAGGGACTTGGGCCTATATTTCTGTGCCAGCACCCCGTAAGGAACGTAGTACTTCGGGCCG"	"CASTP*GT*YF"	"TCRBV12-1*1"	NA	"TCRBJ2-7*1"	58	66	69	73	8	4	NA	NA	"ACTCTGAGGATCCAGCCCATGGAACCCAGGGACTTGGGCCTATATTTCTGTGCCAGCACCCCGTAAGGAACGTAGTACTTCGGGCCG"	FALSE	TRUE	NA	NA	NA	NA
"GAGCTGAATGTGAACGCCTTGGAGCTGGAGGACTCGGCCCTGTATCTCTGTGCCAGCAGCTTGCGTTCACCCCTCCACTTTGGGAAT"	"CASSLRSPLHF"	"GAGCTGAATGTGAACGCCTTGGAGCTGGAGGACTCGGCCCTGTATCTCTGTGCCAGCAGCTTGCGTTCACCCCTCCACTTTGGGAAT"	"CASSLRSPLHF"	"TCRBV5-8*1"	"TCRBD2-1"	"TCRBJ1-6*1"	-1	63	-1	65	64	66	NA	NA	"GAGCTGAATGTGAACGCCTTGGAGCTGGAGGACTCGGCCCTGTATCTCTGTGCCAGCAGCTTGCGTTCACCCCTCCACTTTGGGAAT"	FALSE	TRUE	NA	NA	NA	NA
"CACATCAATTCCCTGGAGCTTGGTGACTCTGCTGTGTATTTCTGTGCCAGCAGCCAAGGGGACGTCGGTGAGCAGTTCTTCGGGCCA"	"CASSQGDVGEQFF"	"CACATCAATTCCCTGGAGCTTGGTGACTCTGCTGTGTATTTCTGTGCCAGCAGCCAAGGGGACGTCGGTGAGCAGTTCTTCGGGCCA"	"CASSQGDVGEQFF"	"TCRBV3-1/3-2*1"	NA	"TCRBJ2-1*1"	-1	58	63	68	59	5	NA	NA	"CACATCAATTCCCTGGAGCTTGGTGACTCTGCTGTGTATTTCTGTGCCAGCAGCCAAGGGGACGTCGGTGAGCAGTTCTTCGGGCCA"	FALSE	TRUE	NA	NA	NA	NA
"GTCCACGGAGTCAGGGGACACAGCACTGTATTTCTGTGCCAGCAGCAAGGCGTAGGAAACGTCTCCTACGAGCAGTACTTCGGGCCG"	""	"GTCCACGGAGTCAGGGGACACAGCACTGTATTTCTGTGCCAGCAGCAAGGCGTAGGAAACGTCTCCTACGAGCAGTACTTCGGGCCG"	""	"TCRBV21-1*1"	NA	"TCRBJ2-7*1"	48	54	57	62	6	5	NA	NA	"GTCCACGGAGTCAGGGGACACAGCACTGTATTTCTGTGCCAGCAGCAAGGCGTAGGAAACGTCTCCTACGAGCAGTACTTCGGGCCG"	FALSE	FALSE	NA	NA	NA	NA
"GTGACATCGGCCCAAAAGAACCCGACAGCTTTCTATCTCTGTGCCAGTAGTATAGGGCAGGGGGCGAGAGAGCAGTACTTCGGGCCG"	"CASSIGQGAREQYF"	"GTGACATCGGCCCAAAAGAACCCGACAGCTTTCTATCTCTGTGCCAGTAGTATAGGGCAGGGGGCGAGAGAGCAGTACTTCGGGCCG"	"CASSIGQGAREQYF"	"TCRBV19-1*1"	"TCRBD1-1*1"	"TCRBJ2-7*1"	55	57	65	69	2	4	NA	NA	"GTGACATCGGCCCAAAAGAACCCGACAGCTTTCTATCTCTGTGCCAGTAGTATAGGGCAGGGGGCGAGAGAGCAGTACTTCGGGCCG"	FALSE	TRUE	NA	NA	NA	NA
"NTGAAGATCCAGCCCTCAGAACCCAGGGACTCAGCTGTGTACTTCTGTGCCAGCAGAGAGGACGGTTCGCCCCAGCATTTTGGTGAT"	"CASREDGSPQHF"	"NTGAAGATCCAGCCCTCAGAACCCAGGGACTCAGCTGTGTACTTCTGTGCCAGCAGAGAGGACGGTTCGCCCCAGCATTTTGGTGAT"	"CASREDGSPQHF"	"TCRBV12-3/12-4*1"	NA	"TCRBJ1-5*1"	56	59	63	68	3	5	NA	NA	"NTGAAGATCCAGCCCTCAGAACCCAGGGACTCAGCTGTGTACTTCTGTGCCAGCAGAGAGGACGGTTCGCCCCAGCATTTTGGTGAT"	FALSE	TRUE	NA	NA	NA	NA
"NNNNTGTCGGCTGCTCCCTCCCAAACATCTGTGTACTTCTGTGCCAGCAGTTACTCGACTAGCCCCTACGAGCAGTACTTCGGGCCG"	"CASSYSTSPYEQYF"	"NNNNTGTCGGCTGCTCCCTCCCAAACATCTGTGTACTTCTGTGCCAGCAGTTACTCGACTAGCCCCTACGAGCAGTACTTCGGGCCG"	"CASSYSTSPYEQYF"	"TCRBV6-2/6-3*1"	"TCRBD2-1"	"TCRBJ2-7*1"	-1	56	63	64	57	1	NA	NA	"NNNNTGTCGGCTGCTCCCTCCCAAACATCTGTGTACTTCTGTGCCAGCAGTTACTCGACTAGCCCCTACGAGCAGTACTTCGGGCCG"	FALSE	TRUE	NA	NA	NA	NA
"GAACCCAGGGACTCAGCTGTGTACTTCTGTGCCAGCAGCTTCGACCCAGTAATCGGGAGGACGGCCTACGAGCAGTACTTCGGGCCG"	"CASSFDPVIGRTAYEQYF"	"GAACCCAGGGACTCAGCTGTGTACTTCTGTGCCAGCAGCTTCGACCCAGTAATCGGGAGGACGGCCTACGAGCAGTACTTCGGGCCG"	"CASSFDPVIGRTAYEQYF"	NA	"TCRBD2-1*2"	"TCRBJ2-7*1"	38	53	60	64	15	4	NA	NA	"GAACCCAGGGACTCAGCTGTGTACTTCTGTGCCAGCAGCTTCGACCCAGTAATCGGGAGGACGGCCTACGAGCAGTACTTCGGGCCG"	FALSE	TRUE	NA	NA	NA	NA
"GCCCAAAAGAACCCGACAGCTTTCTATCTCTGTGCCAGTAGTATCCCCTCGGCCGGACTAGCCGCCGGGGAGCTGTTTTTTGGAGAA"	"CASSIPSAGLAAGELFF"	"GCCCAAAAGAACCCGACAGCTTTCTATCTCTGTGCCAGTAGTATCCCCTCGGCCGGACTAGCCGCCGGGGAGCTGTTTTTTGGAGAA"	"CASSIPSAGLAAGELFF"	"TCRBV19-1*1"	"TCRBD2-1"	"TCRBJ2-2*1"	44	54	62	64	10	2	NA	NA	"GCCCAAAAGAACCCGACAGCTTTCTATCTCTGTGCCAGTAGTATCCCCTCGGCCGGACTAGCCGCCGGGGAGCTGTTTTTTGGAGAA"	FALSE	TRUE	NA	NA	NA	NA
"ATCCAGCCTGCAAAGCTTGAGGACTCGGCCGTGTATCTCTGTGCCAGCAGCCGTGGACAGGGATTCTACGAGCAGTACTTCGGGCCG"	"CASSRGQGFYEQYF"	"ATCCAGCCTGCAAAGCTTGAGGACTCGGCCGTGTATCTCTGTGCCAGCAGCCGTGGACAGGGATTCTACGAGCAGTACTTCGGGCCG"	"CASSRGQGFYEQYF"	"TCRBV11-2*1"	"TCRBD1-1*1"	"TCRBJ2-7*1"	51	54	62	65	3	3	NA	NA	"ATCCAGCCTGCAAAGCTTGAGGACTCGGCCGTGTATCTCTGTGCCAGCAGCCGTGGACAGGGATTCTACGAGCAGTACTTCGGGCCG"	FALSE	TRUE	NA	NA	NA	NA
"NNNNNNNNNNTGTCGGCTGCTCCCTCCCAGACATCTGTGTACTTCTGTGCCAGCAGTCGGGGTGGTCAGCCCCAGCATTTTGGTGAT"	"CASSRGGQPQHF"	"NNNNNNNNNNTGTCGGCTGCTCCCTCCCAGACATCTGTGTACTTCTGTGCCAGCAGTCGGGGTGGTCAGCCCCAGCATTTTGGTGAT"	"CASSRGGQPQHF"	"TCRBV6-5*1"	"TCRBD2-1*1"	"TCRBJ1-5*1"	-1	57	62	65	58	3	NA	NA	"NNNNNNNNNNTGTCGGCTGCTCCCTCCCAGACATCTGTGTACTTCTGTGCCAGCAGTCGGGGTGGTCAGCCCCAGCATTTTGGTGAT"	FALSE	TRUE	NA	NA	NA	NA
"GCCTGCAGAGCTTGGGGACTCGGCCGTGTATCTCTGTGCCAGCAGCTTACCAAGACGGGGATTGGAACTGAAGCTTTCTTTGGACAA"	""	"GCCTGCAGAGCTTGGGGACTCGGCCGTGTATCTCTGTGCCAGCAGCTTACCAAGACGGGGATTGGAACTGAAGCTTTCTTTGGACAA"	""	"TCRBV11-3*1"	"TCRBD2-1*1"	"TCRBJ1-1*1"	49	55	60	66	6	6	NA	NA	"GCCTGCAGAGCTTGGGGACTCGGCCGTGTATCTCTGTGCCAGCAGCTTACCAAGACGGGGATTGGAACTGAAGCTTTCTTTGGACAA"	FALSE	FALSE	NA	NA	NA	NA
"CCAGCGCACAGAGCAGGAGGACTCCGCCGTGTATCTCTGTGCCAGCAGCTTAAACAGACGAACACCGGGGAGCTGTTTTTTGGAGAA"	""	"CCAGCGCACAGAGCAGGAGGACTCCGCCGTGTATCTCTGTGCCAGCAGCTTAAACAGACGAACACCGGGGAGCTGTTTTTTGGAGAA"	""	"TCRBV7-8*1"	"TCRBD1-1*1"	"TCRBJ2-2*1"	52	53	57	58	1	1	NA	NA	"CCAGCGCACAGAGCAGGAGGACTCCGCCGTGTATCTCTGTGCCAGCAGCTTAAACAGACGAACACCGGGGAGCTGTTTTTTGGAGAA"	FALSE	FALSE	NA	NA	NA	NA
"CAGCGCACAGAGCGGGGGGACTCAGCCGTGTATCTCTGTGCCAGCAGCTTATTAGCGGGAGGAGCGGATACGCAGTATTTTGGCCCA"	"CASSLLAGGADTQYF"	"CAGCGCACAGAGCGGGGGGACTCAGCCGTGTATCTCTGTGCCAGCAGCTTATTAGCGGGAGGAGCGGATACGCAGTATTTTGGCCCA"	"CASSLLAGGADTQYF"	"TCRBV7-3*1"	"TCRBD2-1*2"	"TCRBJ2-3*1"	51	52	62	66	1	4	NA	NA	"CAGCGCACAGAGCGGGGGGACTCAGCCGTGTATCTCTGTGCCAGCAGCTTATTAGCGGGAGGAGCGGATACGCAGTATTTTGGCCCA"	FALSE	TRUE	NA	NA	NA	NA
"AACGCCTTGTTGCTGGGGGACTCGGCCCTGTATCTCTGTGCCAGCAGTGGGGGGACAGGGCACACCGGGGAGCTGTTTTTTGGAGAA"	"CASSGGTGHTGELFF"	"AACGCCTTGTTGCTGGGGGACTCGGCCCTGTATCTCTGTGCCAGCAGTGGGGGGACAGGGCACACCGGGGAGCTGTTTTTTGGAGAA"	"CASSGGTGHTGELFF"	"TCRBV5-5*1"	"TCRBD1-1*1"	"TCRBJ2-2*1"	47	51	60	61	4	1	NA	NA	"AACGCCTTGTTGCTGGGGGACTCGGCCCTGTATCTCTGTGCCAGCAGTGGGGGGACAGGGCACACCGGGGAGCTGTTTTTTGGAGAA"	FALSE	TRUE	NA	NA	NA	NA
"NNNNTGTCGGCTGCTCCCTCCCAGACATCTGTGTACTTCTGTGCCAGCAGTTGGTCTTGGGAGGGTGGTGAGCAGTTCTTCGGGCCA"	"CASSWSWEGGEQFF"	"NNNNTGTCGGCTGCTCCCTCCCAGACATCTGTGTACTTCTGTGCCAGCAGTTGGTCTTGGGAGGGTGGTGAGCAGTTCTTCGGGCCA"	"CASSWSWEGGEQFF"	"TCRBV6-5*1"	"TCRBD2-1*2"	"TCRBJ2-1*1"	52	58	65	68	6	3	NA	NA	"NNNNTGTCGGCTGCTCCCTCCCAGACATCTGTGTACTTCTGTGCCAGCAGTTGGTCTTGGGAGGGTGGTGAGCAGTTCTTCGGGCCA"	FALSE	TRUE	NA	NA	NA	NA
"TCTGACAGTGACCAGTGCCCATCCTGAAGACAGCAGCTTCTACATCTGCAGTGCTAGGGGTTAGTCTACGAGCAGTACTTCGGGCCG"	""	"TCTGACAGTGACCAGTGCCCATCCTGAAGACAGCAGCTTCTACATCTGCAGTGCTAGGGGTTAGTCTACGAGCAGTACTTCGGGCCG"	""	NA	NA	"TCRBJ2-7*1"	-1	57	60	65	58	5	NA	NA	"TCTGACAGTGACCAGTGCCCATCCTGAAGACAGCAGCTTCTACATCTGCAGTGCTAGGGGTTAGTCTACGAGCAGTACTTCGGGCCG"	FALSE	FALSE	NA	NA	NA	NA
"GTGAGCACCTTGGAGCTGGGGGACTCGGCCCTTTATCTTTGCGCCAGCAGCTTGTATCCAGGACACGACACCATATATTTTGGAGAG"	"CASSLYPGHDTIYF"	"GTGAGCACCTTGGAGCTGGGGGACTCGGCCCTTTATCTTTGCGCCAGCAGCTTGTATCCAGGACACGACACCATATATTTTGGAGAG"	"CASSLYPGHDTIYF"	"TCRBV5-1*1"	"TCRBD1-1*1"	"TCRBJ1-3*1"	54	60	65	67	6	2	NA	NA	"GTGAGCACCTTGGAGCTGGGGGACTCGGCCCTTTATCTTTGCGCCAGCAGCTTGTATCCAGGACACGACACCATATATTTTGGAGAG"	FALSE	TRUE	NA	NA	NA	NA
"GACATCCGCTCACCAGGCCTGGGGGACGCAGCCATGTACCTGTGTGCCACCAGCAGAGGGGGGGACTATGGCTACACCTTCGGTTCG"	"CATSRGGDYGYTF"	"GACATCCGCTCACCAGGCCTGGGGGACGCAGCCATGTACCTGTGTGCCACCAGCAGAGGGGGGGACTATGGCTACACCTTCGGTTCG"	"CATSRGGDYGYTF"	"TCRBV15-1*2"	"TCRBD2-1*1"	"TCRBJ1-2*1"	-1	58	-1	64	59	65	NA	NA	"GACATCCGCTCACCAGGCCTGGGGGACGCAGCCATGTACCTGTGTGCCACCAGCAGAGGGGGGGACTATGGCTACACCTTCGGTTCG"	FALSE	TRUE	NA	NA	NA	NA
"AGCACCTTGGAGCTGGGGGACTCGGCCCTTTATCTTTGCGCCAGCAGCTCAAACGACAGGGGTGGCGGGGAGCTGTTTTTTGGAGAA"	"CASSSNDRGGGELFF"	"AGCACCTTGGAGCTGGGGGACTCGGCCCTTTATCTTTGCGCCAGCAGCTCAAACGACAGGGGTGGCGGGGAGCTGTTTTTTGGAGAA"	"CASSSNDRGGGELFF"	"TCRBV5-1*1"	"TCRBD1-1*1"	"TCRBJ2-2*1"	49	54	62	65	5	3	NA	NA	"AGCACCTTGGAGCTGGGGGACTCGGCCCTTTATCTTTGCGCCAGCAGCTCAAACGACAGGGGTGGCGGGGAGCTGTTTTTTGGAGAA"	FALSE	TRUE	NA	NA	NA	NA
"TGTACTTCTGTGCCAGCAGTTAATAGGACAGAGAGAGCGGGACTAGCGGGACAAAAGAGCTCCTACAATGAGCAGTTCTTCGGGCCA"	""	"TGTACTTCTGTGCCAGCAGTTAATAGGACAGAGAGAGCGGGACTAGCGGGACAAAAGAGCTCCTACAATGAGCAGTTCTTCGGGCCA"	""	NA	"TCRBD2-1*2"	"TCRBJ2-1*1"	22	38	51	59	16	8	NA	NA	"TGTACTTCTGTGCCAGCAGTTAATAGGACAGAGAGAGCGGGACTAGCGGGACAAAAGAGCTCCTACAATGAGCAGTTCTTCGGGCCA"	FALSE	FALSE	NA	NA	NA	NA
"AATCCTGTCCTCAGAACCGGGAGACACGGCACTGTATCTCTGCGCCAGCAGTCAGGGGATCTGAACACTGAAGCTTTCTTTGGACAA"	""	"AATCCTGTCCTCAGAACCGGGAGACACGGCACTGTATCTCTGCGCCAGCAGTCAGGGGATCTGAACACTGAAGCTTTCTTTGGACAA"	""	"TCRBV23-1*1"	NA	"TCRBJ1-1*1"	54	55	59	61	1	2	NA	NA	"AATCCTGTCCTCAGAACCGGGAGACACGGCACTGTATCTCTGCGCCAGCAGTCAGGGGATCTGAACACTGAAGCTTTCTTTGGACAA"	FALSE	FALSE	NA	NA	NA	NA
"CTGGAGTCGCCCAGCCCCAACCAGACCTCTCTGTACTTCTGTGCCAGCAGTTTATCGGAGGGCCAAGAGACCCAGTACTTCGGGCCA"	"CASSLSEGQETQYF"	"CTGGAGTCGCCCAGCCCCAACCAGACCTCTCTGTACTTCTGTGCCAGCAGTTTATCGGAGGGCCAAGAGACCCAGTACTTCGGGCCA"	"CASSLSEGQETQYF"	"TCRBV27-1*1"	"TCRBD2-1*2"	"TCRBJ2-5*1"	-1	56	-1	62	57	63	NA	NA	"CTGGAGTCGCCCAGCCCCAACCAGACCTCTCTGTACTTCTGTGCCAGCAGTTTATCGGAGGGCCAAGAGACCCAGTACTTCGGGCCA"	FALSE	TRUE	NA	NA	NA	NA
"GCAACATGAGCCCTGAAGACAGCAGCATATATCTCTGCAGCTCGCGGGACAGGAACGTCTAGGAATTCACCCCTCCACTTTGGGAAT"	""	"GCAACATGAGCCCTGAAGACAGCAGCATATATCTCTGCAGCTCGCGGGACAGGAACGTCTAGGAATTCACCCCTCCACTTTGGGAAT"	""	"TCRBV29-1"	"TCRBD1-1*1"	"TCRBJ1-6*1"	41	45	53	63	4	10	NA	NA	"GCAACATGAGCCCTGAAGACAGCAGCATATATCTCTGCAGCTCGCGGGACAGGAACGTCTAGGAATTCACCCCTCCACTTTGGGAAT"	FALSE	FALSE	NA	NA	NA	NA
"AATGTGAGCACCTTGGAGCTGGGGGACTCGGCCCTTTATCTTTGCGCCAGCAGCTTGGTCGGTAGGGAGACCCAGTACTTCGGGCCA"	"CASSLVGRETQYF"	"AATGTGAGCACCTTGGAGCTGGGGGACTCGGCCCTTTATCTTTGCGCCAGCAGCTTGGTCGGTAGGGAGACCCAGTACTTCGGGCCA"	"CASSLVGRETQYF"	"TCRBV5-1*1"	NA	"TCRBJ2-5*1"	58	63	-1	66	5	67	NA	NA	"AATGTGAGCACCTTGGAGCTGGGGGACTCGGCCCTTTATCTTTGCGCCAGCAGCTTGGTCGGTAGGGAGACCCAGTACTTCGGGCCA"	FALSE	TRUE	NA	NA	NA	NA
"GGCCTGGGGGACGCAGCCATGTACCTGTGTGCCACCAGCAGAAAGAGCGGGATTGTATCCTCCTACAATGAGCAGTTCTTCGGGCCA"	"CATSRKSGIVSSYNEQFF"	"GGCCTGGGGGACGCAGCCATGTACCTGTGTGCCACCAGCAGAAAGAGCGGGATTGTATCCTCCTACAATGAGCAGTTCTTCGGGCCA"	"CATSRKSGIVSSYNEQFF"	"TCRBV15-1*2"	"TCRBD2-1*2"	"TCRBJ2-1*1"	42	45	52	59	3	7	NA	NA	"GGCCTGGGGGACGCAGCCATGTACCTGTGTGCCACCAGCAGAAAGAGCGGGATTGTATCCTCCTACAATGAGCAGTTCTTCGGGCCA"	FALSE	TRUE	NA	NA	NA	NA
"CACACCCTGCAGCCAGAAGACTCGGCCCTGTATCTCTGTGCCAGCAGAGTACGGGAGACAGGGGCCAACGTCCTGACTTTCGGGGCC"	"CASRVRETGANVLTF"	"CACACCCTGCAGCCAGAAGACTCGGCCCTGTATCTCTGTGCCAGCAGAGTACGGGAGACAGGGGCCAACGTCCTGACTTTCGGGGCC"	"CASRVRETGANVLTF"	"TCRBV4-2*1"	"TCRBD2-1*2"	"TCRBJ2-6*1"	47	51	57	60	4	3	NA	NA	"CACACCCTGCAGCCAGAAGACTCGGCCCTGTATCTCTGTGCCAGCAGAGTACGGGAGACAGGGGCCAACGTCCTGACTTTCGGGGCC"	FALSE	TRUE	NA	NA	NA	NA
"CAGCCCTCAGAACCCAGGGACTCAGCTGTGTACTTCTGTGCCAGCAGTGGGGGTTTGGGGGGAAACTACGAGCAGTACTTCGGGCCG"	"CASSGGLGGNYEQYF"	"CAGCCCTCAGAACCCAGGGACTCAGCTGTGTACTTCTGTGCCAGCAGTGGGGGTTTGGGGGGAAACTACGAGCAGTACTTCGGGCCG"	"CASSGGLGGNYEQYF"	NA	"TCRBD2-1*1"	"TCRBJ2-7*1"	48	56	62	65	8	3	NA	NA	"CAGCCCTCAGAACCCAGGGACTCAGCTGTGTACTTCTGTGCCAGCAGTGGGGGTTTGGGGGGAAACTACGAGCAGTACTTCGGGCCG"	FALSE	TRUE	NA	NA	NA	NA
"CTGATTCTGGAGTCCGCCAGCACCAACCAGACATCTATGTACCTCTGTGCCAGCAGTTTTGGAGGAACTGAAGCTTTCTTTGGACAA"	"CASSFGGTEAFF"	"CTGATTCTGGAGTCCGCCAGCACCAACCAGACATCTATGTACCTCTGTGCCAGCAGTTTTGGAGGAACTGAAGCTTTCTTTGGACAA"	"CASSFGGTEAFF"	"TCRBV28-1*1"	"TCRBD2-1*2"	"TCRBJ1-1*1"	59	60	65	66	1	1	NA	NA	"CTGATTCTGGAGTCCGCCAGCACCAACCAGACATCTATGTACCTCTGTGCCAGCAGTTTTGGAGGAACTGAAGCTTTCTTTGGACAA"	FALSE	TRUE	NA	NA	NA	NA
"CTCCCTCCCAGACATCTGTGTACTTCTGTGCCAGCAGTGAAGAAAATCTATCATGGGGGGGGGACCTACGAGCAGTACTTCGGGCCG"	""	"CTCCCTCCCAGACATCTGTGTACTTCTGTGCCAGCAGTGAAGAAAATCTATCATGGGGGGGGGACCTACGAGCAGTACTTCGGGCCG"	""	"TCRBV6-1*1"	"TCRBD2-1*1"	"TCRBJ2-7*1"	42	54	61	64	12	3	NA	NA	"CTCCCTCCCAGACATCTGTGTACTTCTGTGCCAGCAGTGAAGAAAATCTATCATGGGGGGGGGACCTACGAGCAGTACTTCGGGCCG"	FALSE	FALSE	NA	NA	NA	NA
"TCGGCTGCTCCCTCCCAGACATCTGTGTACTTCTGTGCCACCCTACCACCGGGACACCTAGCCGCAGATACGCAGTATTTTGGCCCA"	"CATLPPGHLAADTQYF"	"TCGGCTGCTCCCTCCCAGACATCTGTGTACTTCTGTGCCACCCTACCACCGGGACACCTAGCCGCAGATACGCAGTATTTTGGCCCA"	"CATLPPGHLAADTQYF"	NA	"TCRBD1-1*1"	"TCRBJ2-3*1"	40	50	56	64	10	8	NA	NA	"TCGGCTGCTCCCTCCCAGACATCTGTGTACTTCTGTGCCACCCTACCACCGGGACACCTAGCCGCAGATACGCAGTATTTTGGCCCA"	FALSE	TRUE	NA	NA	NA	NA
"NNTGTCGGCTGCTCCCTCCCAGACATCTGTGTACTTCTGTGCCAGCAGTACAGGGGTTGGGAACACCGGGGAGCTGTTTTTGGAGAA"	""	"NNTGTCGGCTGCTCCCTCCCAGACATCTGTGTACTTCTGTGCCAGCAGTACAGGGGTTGGGAACACCGGGGAGCTGTTTTTGGAGAA"	""	"TCRBV6-5*1"	"TCRBD1-1*1"	"TCRBJ2-2*1"	-1	49	56	76	50	20	NA	NA	"NNTGTCGGCTGCTCCCTCCCAGACATCTGTGTACTTCTGTGCCAGCAGTACAGGGGTTGGGAACACCGGGGAGCTGTTTTTGGAGAA"	FALSE	FALSE	NA	NA	NA	NA
"AGCACCTTGGAGCTGGGGGACTCGGCCCTTTATCTTTGCGCCAGCAGCCTGGGTAGCGGTTCCTACAATGAGCAGTTCTTCGGGCCA"	"CASSLGSGSYNEQFF"	"AGCACCTTGGAGCTGGGGGACTCGGCCCTTTATCTTTGCGCCAGCAGCCTGGGTAGCGGTTCCTACAATGAGCAGTTCTTCGGGCCA"	"CASSLGSGSYNEQFF"	"TCRBV5-1*1"	"TCRBD2-1"	"TCRBJ2-1*1"	52	53	59	60	1	1	NA	NA	"AGCACCTTGGAGCTGGGGGACTCGGCCCTTTATCTTTGCGCCAGCAGCCTGGGTAGCGGTTCCTACAATGAGCAGTTCTTCGGGCCA"	FALSE	TRUE	NA	NA	NA	NA
"GGAGATCCAGTCCACGGAGTCAGGGGACACAGCACTGTATTTCTGTGCCAGCAGCAAAGCGGGGAAGAGACCCAGTACTTCGGGCCA"	""	"GGAGATCCAGTCCACGGAGTCAGGGGACACAGCACTGTATTTCTGTGCCAGCAGCAAAGCGGGGAAGAGACCCAGTACTTCGGGCCA"	""	"TCRBV21-1*1"	NA	"TCRBJ2-5*1"	-1	60	-1	64	61	65	NA	NA	"GGAGATCCAGTCCACGGAGTCAGGGGACACAGCACTGTATTTCTGTGCCAGCAGCAAAGCGGGGAAGAGACCCAGTACTTCGGGCCA"	FALSE	FALSE	NA	NA	NA	NA
"NNNNNNNCTCTGAAGATCCGGTCCACAAAGCTGGAGGACTCAGCCATGTACTTCTGTGCCAGCAGTCCTGAGCAGTTCTTCGGGCCA"	"CASSPEQFF"	"NNNNNNNCTCTGAAGATCCGGTCCACAAAGCTGGAGGACTCAGCCATGTACTTCTGTGCCAGCAGTCCTGAGCAGTTCTTCGGGCCA"	"CASSPEQFF"	"TCRBV2-1"	NA	"TCRBJ2-1*1"	-1	-1	66	68	0	2	NA	NA	"NNNNNNNCTCTGAAGATCCGGTCCACAAAGCTGGAGGACTCAGCCATGTACTTCTGTGCCAGCAGTCCTGAGCAGTTCTTCGGGCCA"	FALSE	TRUE	NA	NA	NA	NA
"CAGCGCACAGAGCGGGGGGACTCAGCCGTGTATCTCTGTGCCAGCAGCCGATCCGGGACAGGGGGCGGTGAGCAGTTCTTCGGGCCA"	"CASSRSGTGGGEQFF"	"CAGCGCACAGAGCGGGGGGACTCAGCCGTGTATCTCTGTGCCAGCAGCCGATCCGGGACAGGGGGCGGTGAGCAGTTCTTCGGGCCA"	"CASSRSGTGGGEQFF"	"TCRBV7-3*1"	"TCRBD1-1*1"	"TCRBJ2-1*1"	48	54	66	68	6	2	NA	NA	"CAGCGCACAGAGCGGGGGGACTCAGCCGTGTATCTCTGTGCCAGCAGCCGATCCGGGACAGGGGGCGGTGAGCAGTTCTTCGGGCCA"	FALSE	TRUE	NA	NA	NA	NA
"CCTGCAGAACTGGAGGATTCTGGAGTTTATTTCTGTGCCAGCAGCCAAGTCCCACTAGCGGGAGGTGACGAGCAGTACTTCGGGCCG"	"CASSQVPLAGGDEQYF"	"CCTGCAGAACTGGAGGATTCTGGAGTTTATTTCTGTGCCAGCAGCCAAGTCCCACTAGCGGGAGGTGACGAGCAGTACTTCGGGCCG"	"CASSQVPLAGGDEQYF"	"TCRBV14-1*1"	"TCRBD2-1*2"	"TCRBJ2-7*1"	49	53	65	67	4	2	NA	NA	"CCTGCAGAACTGGAGGATTCTGGAGTTTATTTCTGTGCCAGCAGCCAAGTCCCACTAGCGGGAGGTGACGAGCAGTACTTCGGGCCG"	FALSE	TRUE	NA	NA	NA	NA
"TAAACCTTCACCTACACGCCCTGCAGCCAGAAGACTCAGCCCTGTATCTCTGCGCCTTAACTAAGGACTGGCTACACCTTCGGTTCG"	""	"TAAACCTTCACCTACACGCCCTGCAGCCAGAAGACTCAGCCCTGTATCTCTGCGCCTTAACTAAGGACTGGCTACACCTTCGGTTCG"	""	"TCRBV4-1*1"	NA	"TCRBJ1-2*1"	56	64	-1	68	8	69	NA	NA	"TAAACCTTCACCTACACGCCCTGCAGCCAGAAGACTCAGCCCTGTATCTCTGCGCCTTAACTAAGGACTGGCTACACCTTCGGTTCG"	FALSE	FALSE	NA	NA	NA	NA
"AATTCCCTGGAGCTTGGTGACTCTGCTGTGTATTTCTGTGCCAGCAGCCAAGATGGGGGGGGCAATCAGCCCCAGCATTTTGGTGAT"	"CASSQDGGGNQPQHF"	"AATTCCCTGGAGCTTGGTGACTCTGCTGTGTATTTCTGTGCCAGCAGCCAAGATGGGGGGGGCAATCAGCCCCAGCATTTTGGTGAT"	"CASSQDGGGNQPQHF"	"TCRBV3-1/3-2*1"	"TCRBD2-1*1"	"TCRBJ1-5*1"	53	54	-1	61	1	62	NA	NA	"AATTCCCTGGAGCTTGGTGACTCTGCTGTGTATTTCTGTGCCAGCAGCCAAGATGGGGGGGGCAATCAGCCCCAGCATTTTGGTGAT"	FALSE	TRUE	NA	NA	NA	NA
"ACAGAGCAGGGGGACTCGGCCATGTATCTCTGTGCCAGCAGCCATCCGGGACATCTTGTTGCTAACTATGGCTACACCTTCGGTTCG"	"CASSHPGHLVANYGYTF"	"ACAGAGCAGGGGGACTCGGCCATGTATCTCTGTGCCAGCAGCCATCCGGGACATCTTGTTGCTAACTATGGCTACACCTTCGGTTCG"	"CASSHPGHLVANYGYTF"	"TCRBV7-9*1"	"TCRBD1-1*1"	"TCRBJ1-2*1"	42	47	53	61	5	8	NA	NA	"ACAGAGCAGGGGGACTCGGCCATGTATCTCTGTGCCAGCAGCCATCCGGGACATCTTGTTGCTAACTATGGCTACACCTTCGGTTCG"	FALSE	TRUE	NA	NA	NA	NA
"CTGGAGTCTGCTGCCTCCTCCCAGACATCTGTATATTTCTGCGCCAGCAGTGAGGGGGCTACTGGAAACACCATATATTTTGGAGAG"	"CASSEGATGNTIYF"	"CTGGAGTCTGCTGCCTCCTCCCAGACATCTGTATATTTCTGCGCCAGCAGTGAGGGGGCTACTGGAAACACCATATATTTTGGAGAG"	"CASSEGATGNTIYF"	"TCRBV1-1*1"	"TCRBD1-1*1"	"TCRBJ1-3*1"	-1	54	59	61	55	2	NA	NA	"CTGGAGTCTGCTGCCTCCTCCCAGACATCTGTATATTTCTGCGCCAGCAGTGAGGGGGCTACTGGAAACACCATATATTTTGGAGAG"	FALSE	TRUE	NA	NA	NA	NA
"AATGTGAGCACCTTGGAGCTGGGGGACTCGGCCCTTTATCTTTGCGCCAGCAGCGGACAGAACCAAGAGACCCAGTACTTCGGGCCA"	"CASSGQNQETQYF"	"AATGTGAGCACCTTGGAGCTGGGGGACTCGGCCCTTTATCTTTGCGCCAGCAGCGGACAGAACCAAGAGACCCAGTACTTCGGGCCA"	"CASSGQNQETQYF"	"TCRBV5-1*1"	"TCRBD1-1*1"	"TCRBJ2-5*1"	-1	54	60	61	55	1	NA	NA	"AATGTGAGCACCTTGGAGCTGGGGGACTCGGCCCTTTATCTTTGCGCCAGCAGCGGACAGAACCAAGAGACCCAGTACTTCGGGCCA"	FALSE	TRUE	NA	NA	NA	NA
"NNNTGTCGGCTGCTCCCTCCCAAACATCTGTGTACTTCTGTGCCAGCAGAAACCTTAACGGGGCCCGGGGAGCTGTTTTTTGGAGAA"	""	"NNNTGTCGGCTGCTCCCTCCCAAACATCTGTGTACTTCTGTGCCAGCAGAAACCTTAACGGGGCCCGGGGAGCTGTTTTTTGGAGAA"	""	NA	NA	"TCRBJ2-2*1"	49	59	-1	64	10	65	NA	NA	"NNNTGTCGGCTGCTCCCTCCCAAACATCTGTGTACTTCTGTGCCAGCAGAAACCTTAACGGGGCCCGGGGAGCTGTTTTTTGGAGAA"	FALSE	FALSE	NA	NA	NA	NA
"GGGAGACACGGCACTGTATCTCTGCGCCAGCAGTCAATCTTAAAGGCCCCCCCCAGACTAGCCAAAAACATTCAGTACTTCGGCGCC"	""	"GGGAGACACGGCACTGTATCTCTGCGCCAGCAGTCAATCTTAAAGGCCCCCCCCAGACTAGCCAAAAACATTCAGTACTTCGGCGCC"	""	"TCRBV23-1*1"	"TCRBD2-1"	"TCRBJ2-4*1"	39	55	-1	59	16	60	NA	NA	"GGGAGACACGGCACTGTATCTCTGCGCCAGCAGTCAATCTTAAAGGCCCCCCCCAGACTAGCCAAAAACATTCAGTACTTCGGCGCC"	FALSE	FALSE	NA	NA	NA	NA
"NNNNNNNTGTCGGCTGCTCCCTCCCAGACATCTGTGTACTTCTGTGCCAGCAGTGTCGGGACCGCTGCTGGGGCTTTCTTTGGACAA"	"CASSVGTAAGAFF"	"NNNNNNNTGTCGGCTGCTCCCTCCCAGACATCTGTGTACTTCTGTGCCAGCAGTGTCGGGACCGCTGCTGGGGCTTTCTTTGGACAA"	"CASSVGTAAGAFF"	NA	NA	"TCRBJ1-1*1"	55	57	62	72	2	10	NA	NA	"NNNNNNNTGTCGGCTGCTCCCTCCCAGACATCTGTGTACTTCTGTGCCAGCAGTGTCGGGACCGCTGCTGGGGCTTTCTTTGGACAA"	FALSE	TRUE	NA	NA	NA	NA
"CAGAACCGGGAGACACGGCACTGTATCTCTGCGCCAGCAGTCAAGGGGGGCGCAGACGAATCTGGAAACACCATATATTTTGGAGAG"	""	"CAGAACCGGGAGACACGGCACTGTATCTCTGCGCCAGCAGTCAAGGGGGGCGCAGACGAATCTGGAAACACCATATATTTTGGAGAG"	""	"TCRBV23-1*1"	NA	"TCRBJ1-3*1"	44	45	51	60	1	9	NA	NA	"CAGAACCGGGAGACACGGCACTGTATCTCTGCGCCAGCAGTCAAGGGGGGCGCAGACGAATCTGGAAACACCATATATTTTGGAGAG"	FALSE	FALSE	NA	NA	NA	NA
"GCACCAACCAGACATCTATGTACCTCTGTGCCAGCAGTTTTCCGCAGGGGCGCTAGCGGGGTCCCCTACGAGCAGTACTTCGGGCCG"	""	"GCACCAACCAGACATCTATGTACCTCTGTGCCAGCAGTTTTCCGCAGGGGCGCTAGCGGGGTCCCCTACGAGCAGTACTTCGGGCCG"	""	"TCRBV28-1*1"	"TCRBD2-1*1"	"TCRBJ2-7*1"	40	52	61	64	12	3	NA	NA	"GCACCAACCAGACATCTATGTACCTCTGTGCCAGCAGTTTTCCGCAGGGGCGCTAGCGGGGTCCCCTACGAGCAGTACTTCGGGCCG"	FALSE	FALSE	NA	NA	NA	NA
"CACACCCTGCAGCCAGAAGACTCGGCCCTGTATCTCTGTGCCAGCAGCCAAGATGATTTACGAGGGGAGACCCAGTACTTCGGGCCA"	"CASSQDDLRGETQYF"	"CACACCCTGCAGCCAGAAGACTCGGCCCTGTATCTCTGTGCCAGCAGCCAAGATGATTTACGAGGGGAGACCCAGTACTTCGGGCCA"	"CASSQDDLRGETQYF"	"TCRBV4-2*1"	"TCRBD2-1*2"	"TCRBJ2-5*1"	53	61	-1	66	8	67	NA	NA	"CACACCCTGCAGCCAGAAGACTCGGCCCTGTATCTCTGTGCCAGCAGCCAAGATGATTTACGAGGGGAGACCCAGTACTTCGGGCCA"	FALSE	TRUE	NA	NA	NA	NA
"GAGTCGCCCAGCCCCAACCAGACCTCTCTGTACTTCTGTGCCACCAACGGGGGACCGCCCCATCTATACGAGCAGTACTTCGGGCCG"	"CATNGGPPHLYEQYF"	"GAGTCGCCCAGCCCCAACCAGACCTCTCTGTACTTCTGTGCCACCAACGGGGGACCGCCCCATCTATACGAGCAGTACTTCGGGCCG"	"CATNGGPPHLYEQYF"	"TCRBV27-1*1"	"TCRBD2-1*1"	"TCRBJ2-7*1"	43	47	53	66	4	13	NA	NA	"GAGTCGCCCAGCCCCAACCAGACCTCTCTGTACTTCTGTGCCACCAACGGGGGACCGCCCCATCTATACGAGCAGTACTTCGGGCCG"	FALSE	TRUE	NA	NA	NA	NA
"GTGAGCAACATGAGCCCTGAAGACAGCAGCATATATCTCTGCAGCGTTGATGGAGGACAGGGGCCCTACGAGCAGTACTTCGGGCCG"	"CSVDGGQGPYEQYF"	"GTGAGCAACATGAGCCCTGAAGACAGCAGCATATATCTCTGCAGCGTTGATGGAGGACAGGGGCCCTACGAGCAGTACTTCGGGCCG"	"CSVDGGQGPYEQYF"	"TCRBV29-1"	"TCRBD1-1*1"	"TCRBJ2-7*1"	50	54	63	64	4	1	NA	NA	"GTGAGCAACATGAGCCCTGAAGACAGCAGCATATATCTCTGCAGCGTTGATGGAGGACAGGGGCCCTACGAGCAGTACTTCGGGCCG"	FALSE	TRUE	NA	NA	NA	NA
"TTGTTGCTGGGGGACTCGGCCCTCTATCTCTGTGCCAGCAGCTTCCCCACCGAGACTAGCGGGAACTACGAGCAGTACTTCGGGCCG"	"CASSFPTETSGNYEQYF"	"TTGTTGCTGGGGGACTCGGCCCTCTATCTCTGTGCCAGCAGCTTCCCCACCGAGACTAGCGGGAACTACGAGCAGTACTTCGGGCCG"	"CASSFPTETSGNYEQYF"	"TCRBV5-6*1"	"TCRBD2-1*2"	"TCRBJ2-7*1"	44	53	64	65	9	1	NA	NA	"TTGTTGCTGGGGGACTCGGCCCTCTATCTCTGTGCCAGCAGCTTCCCCACCGAGACTAGCGGGAACTACGAGCAGTACTTCGGGCCG"	FALSE	TRUE	NA	NA	NA	NA
"TCCCTGGAGCTTGGTGACTCTGCTGTGTATTTCTGTGCCAGCAGCCAAGAAAGACGGAGCGATGGTGAAAAACTGTTTTTTGGCAGT"	"CASSQERRSDGEKLFF"	"TCCCTGGAGCTTGGTGACTCTGCTGTGTATTTCTGTGCCAGCAGCCAAGAAAGACGGAGCGATGGTGAAAAACTGTTTTTTGGCAGT"	"CASSQERRSDGEKLFF"	"TCRBV3-1/3-2*1"	"TCRBD2-1"	"TCRBJ1-4*1"	50	57	61	65	7	4	NA	NA	"TCCCTGGAGCTTGGTGACTCTGCTGTGTATTTCTGTGCCAGCAGCCAAGAAAGACGGAGCGATGGTGAAAAACTGTTTTTTGGCAGT"	FALSE	TRUE	NA	NA	NA	NA
"NNNNTGTCGGCTGCTCCCTCCCAAACATCTGTGTACTTCTGTGCCAGCAGCACGGGACGGGAGCACCATGAGCAGTTCTTCGGGCCA"	"CASSTGREHHEQFF"	"NNNNTGTCGGCTGCTCCCTCCCAAACATCTGTGTACTTCTGTGCCAGCAGCACGGGACGGGAGCACCATGAGCAGTTCTTCGGGCCA"	"CASSTGREHHEQFF"	"TCRBV6-2*2"	"TCRBD2-1*2"	"TCRBJ2-1*1"	51	57	63	67	6	4	NA	NA	"NNNNTGTCGGCTGCTCCCTCCCAAACATCTGTGTACTTCTGTGCCAGCAGCACGGGACGGGAGCACCATGAGCAGTTCTTCGGGCCA"	FALSE	TRUE	NA	NA	NA	NA
"CTTCACCTACACGCCCTGCAGCCAGAAGACTCAGCCCTGTATCTCTGCGCCAGCAGGGGACCCTCAGATACGCAGTATTTTGGCCCA"	"CASRGPSDTQYF"	"CTTCACCTACACGCCCTGCAGCCAGAAGACTCAGCCCTGTATCTCTGCGCCAGCAGGGGACCCTCAGATACGCAGTATTTTGGCCCA"	"CASRGPSDTQYF"	"TCRBV4-1*1"	NA	"TCRBJ2-3*1"	-1	56	61	64	57	3	NA	NA	"CTTCACCTACACGCCCTGCAGCCAGAAGACTCAGCCCTGTATCTCTGCGCCAGCAGGGGACCCTCAGATACGCAGTATTTTGGCCCA"	FALSE	TRUE	NA	NA	NA	NA
"ACCTTGGAGCTGGGGGACTCGGCCCTTTATCTTTGCGCCAGCAGCTCGTTAGCGGGAGGGCGACCAGATACGCAGTATTTTGGCCCA"	"CASSSLAGGRPDTQYF"	"ACCTTGGAGCTGGGGGACTCGGCCCTTTATCTTTGCGCCAGCAGCTCGTTAGCGGGAGGGCGACCAGATACGCAGTATTTTGGCCCA"	"CASSSLAGGRPDTQYF"	"TCRBV5-1*1"	"TCRBD2-1*2"	"TCRBJ2-3*1"	46	49	60	64	3	4	NA	NA	"ACCTTGGAGCTGGGGGACTCGGCCCTTTATCTTTGCGCCAGCAGCTCGTTAGCGGGAGGGCGACCAGATACGCAGTATTTTGGCCCA"	FALSE	TRUE	NA	NA	NA	NA
"GAGTCCGCCAGCACCAACCAGACATCTATGTACCTCTGTGCCAGCAGTTTTACTGGGGGCGTCGGAAACACCATATATTTTGGAGAG"	"CASSFTGGVGNTIYF"	"GAGTCCGCCAGCACCAACCAGACATCTATGTACCTCTGTGCCAGCAGTTTTACTGGGGGCGTCGGAAACACCATATATTTTGGAGAG"	"CASSFTGGVGNTIYF"	"TCRBV28-1*1"	"TCRBD1-1*1"	"TCRBJ1-3*1"	50	54	60	63	4	3	NA	NA	"GAGTCCGCCAGCACCAACCAGACATCTATGTACCTCTGTGCCAGCAGTTTTACTGGGGGCGTCGGAAACACCATATATTTTGGAGAG"	FALSE	TRUE	NA	NA	NA	NA
"AGCTGAATGTGAACGCCTTGGAGCTGGACGACTCGGCCCTGTATCTCTGTGCCAGCGCTGGATTCCACTGAAGCTTTCTTTGGACAA"	""	"AGCTGAATGTGAACGCCTTGGAGCTGGACGACTCGGCCCTGTATCTCTGTGCCAGCGCTGGATTCCACTGAAGCTTTCTTTGGACAA"	""	"TCRBV5-4*1"	NA	"TCRBJ1-1*1"	56	59	62	65	3	3	NA	NA	"AGCTGAATGTGAACGCCTTGGAGCTGGACGACTCGGCCCTGTATCTCTGTGCCAGCGCTGGATTCCACTGAAGCTTTCTTTGGACAA"	FALSE	FALSE	NA	NA	NA	NA
"AATGTGAGCACCTTGGAGCTGGGGGACTCGGCCCTTTATCTTTGCGCCAGCAGCTTGGTTTTAGGCAGGGAGCAGTTCTTCGGGCCA"	"CASSLVLGREQFF"	"AATGTGAGCACCTTGGAGCTGGGGGACTCGGCCCTTTATCTTTGCGCCAGCAGCTTGGTTTTAGGCAGGGAGCAGTTCTTCGGGCCA"	"CASSLVLGREQFF"	"TCRBV5-1*1"	"TCRBD1-1*1"	"TCRBJ2-1*1"	58	65	-1	69	7	70	NA	NA	"AATGTGAGCACCTTGGAGCTGGGGGACTCGGCCCTTTATCTTTGCGCCAGCAGCTTGGTTTTAGGCAGGGAGCAGTTCTTCGGGCCA"	FALSE	TRUE	NA	NA	NA	NA
"CAGCGCACAGAGCAGGAGGACTCCGCCGTGTATCTCTGTGCCAGCACCTTGACTTCGCGGGACTCAGATACGCAGTATTTTGGCCCA"	"CASTLTSRDSDTQYF"	"CAGCGCACAGAGCAGGAGGACTCCGCCGTGTATCTCTGTGCCAGCACCTTGACTTCGCGGGACTCAGATACGCAGTATTTTGGCCCA"	"CASTLTSRDSDTQYF"	"TCRBV7-8*1"	"TCRBD2-1"	"TCRBJ2-3*1"	50	58	-1	64	8	65	NA	NA	"CAGCGCACAGAGCAGGAGGACTCCGCCGTGTATCTCTGTGCCAGCACCTTGACTTCGCGGGACTCAGATACGCAGTATTTTGGCCCA"	FALSE	TRUE	NA	NA	NA	NA
"TCCACTCTGACAGTGACCAGTGCCCATCCTGAAGACAGCAGCTTCTACATCTGCAGTGCTAGAGGACGGCCACAGTACTTCGGGCCA"	"CSARGRPQYF"	"TCCACTCTGACAGTGACCAGTGCCCATCCTGAAGACAGCAGCTTCTACATCTGCAGTGCTAGAGGACGGCCACAGTACTTCGGGCCA"	"CSARGRPQYF"	"TCRBV2-1*1"	NA	"TCRBJ2-5*1"	-1	64	67	72	65	5	NA	NA	"TCCACTCTGACAGTGACCAGTGCCCATCCTGAAGACAGCAGCTTCTACATCTGCAGTGCTAGAGGACGGCCACAGTACTTCGGGCCA"	FALSE	TRUE	NA	NA	NA	NA
"AAGATCCAGCGCACACAGCAGGAGGACTCCGCCGTGTATCTCTGTGCCAGCAGTCCTGTCGGGGACACTGAAGCTTTCTTTGGACAA"	"CASSPVGDTEAFF"	"AAGATCCAGCGCACACAGCAGGAGGACTCCGCCGTGTATCTCTGTGCCAGCAGTCCTGTCGGGGACACTGAAGCTTTCTTTGGACAA"	"CASSPVGDTEAFF"	"TCRBV7-8"	"TCRBD2-1*1"	"TCRBJ1-1*1"	53	59	-1	64	6	65	NA	NA	"AAGATCCAGCGCACACAGCAGGAGGACTCCGCCGTGTATCTCTGTGCCAGCAGTCCTGTCGGGGACACTGAAGCTTTCTTTGGACAA"	FALSE	TRUE	NA	NA	NA	NA
"ACAGAGCGGGGGGACTCAGCCGTGTATCTCTGTGCCAGCAGTCGGAGATAGCGGGAGGAGGCCACCGGGGAGCTGTTTTTTGGAGAA"	"CASSRR*REEATGELFF"	"ACAGAGCGGGGGGACTCAGCCGTGTATCTCTGTGCCAGCAGTCGGAGATAGCGGGAGGAGGCCACCGGGGAGCTGTTTTTTGGAGAA"	"CASSRR*REEATGELFF"	"TCRBV7-3*1"	"TCRBD2-1*2"	"TCRBJ2-2*1"	41	48	58	62	7	4	NA	NA	"ACAGAGCGGGGGGACTCAGCCGTGTATCTCTGTGCCAGCAGTCGGAGATAGCGGGAGGAGGCCACCGGGGAGCTGTTTTTTGGAGAA"	FALSE	TRUE	NA	NA	NA	NA
"ATCCAGCGCACAGAGCAGGGGGACTCGGCCATGTATCTCTGTGCCAGCAGCTCGGACAGGGATTACTACGAGCAGTACTTCGGGCCG"	"CASSSDRDYYEQYF"	"ATCCAGCGCACAGAGCAGGGGGACTCGGCCATGTATCTCTGTGCCAGCAGCTCGGACAGGGATTACTACGAGCAGTACTTCGGGCCG"	"CASSSDRDYYEQYF"	"TCRBV7-9*1"	"TCRBD1-1*1"	"TCRBJ2-7*1"	52	53	61	65	1	4	NA	NA	"ATCCAGCGCACAGAGCAGGGGGACTCGGCCATGTATCTCTGTGCCAGCAGCTCGGACAGGGATTACTACGAGCAGTACTTCGGGCCG"	FALSE	TRUE	NA	NA	NA	NA
"TCCACTCTCAAGATCCAGCCTGCAAAGCTTGAGGACTCGGCCGTGTATCTCTGTGCCAGTACTAGAAATGAGCAGTTCTTCGGGCCA"	"CASTRNEQFF"	"TCCACTCTCAAGATCCAGCCTGCAAAGCTTGAGGACTCGGCCGTGTATCTCTGTGCCAGTACTAGAAATGAGCAGTTCTTCGGGCCA"	"CASTRNEQFF"	"TCRBV11-2*1"	"TCRBD2-1"	"TCRBJ2-1*1"	59	60	65	66	1	1	NA	NA	"TCCACTCTCAAGATCCAGCCTGCAAAGCTTGAGGACTCGGCCGTGTATCTCTGTGCCAGTACTAGAAATGAGCAGTTCTTCGGGCCA"	FALSE	TRUE	NA	NA	NA	NA
"CGCACAGAGCGGGGGGACTCAGCCGTGTATCTCTGTGCCAGCAGCTTAATGGGGGCTCCGAGGACCGGGGAGCTGTTTTTTGGAGAA"	"CASSLMGAPRTGELFF"	"CGCACAGAGCGGGGGGACTCAGCCGTGTATCTCTGTGCCAGCAGCTTAATGGGGGCTCCGAGGACCGGGGAGCTGTTTTTTGGAGAA"	"CASSLMGAPRTGELFF"	"TCRBV7-3*1"	"TCRBD1-1*1"	"TCRBJ2-2*1"	49	50	56	63	1	7	NA	NA	"CGCACAGAGCGGGGGGACTCAGCCGTGTATCTCTGTGCCAGCAGCTTAATGGGGGCTCCGAGGACCGGGGAGCTGTTTTTTGGAGAA"	FALSE	TRUE	NA	NA	NA	NA
"TTGGAGCTGGGGGACTCGGCCCTTTATCTTTGCGCCAGCAGCCACTATACCGGGACAGGGTCCTCCTATGGCTACACCTTCGGTTCG"	"CASSHYTGTGSSYGYTF"	"TTGGAGCTGGGGGACTCGGCCCTTTATCTTTGCGCCAGCAGCCACTATACCGGGACAGGGTCCTCCTATGGCTACACCTTCGGTTCG"	"CASSHYTGTGSSYGYTF"	"TCRBV5-1*1"	"TCRBD1-1*1"	"TCRBJ1-2*1"	42	51	60	65	9	5	NA	NA	"TTGGAGCTGGGGGACTCGGCCCTTTATCTTTGCGCCAGCAGCCACTATACCGGGACAGGGTCCTCCTATGGCTACACCTTCGGTTCG"	FALSE	TRUE	NA	NA	NA	NA
"CTGAATGTGAACGCCTTGTTGCTGGGGGACTCGGCCCTGTATCTCTGTGCCAGCAGCTTGGGACCTGACGAGCAGTACTTCGGGCCG"	"CASSLGPDEQYF"	"CTGAATGTGAACGCCTTGTTGCTGGGGGACTCGGCCCTGTATCTCTGTGCCAGCAGCTTGGGACCTGACGAGCAGTACTTCGGGCCG"	"CASSLGPDEQYF"	"TCRBV5-5*1"	NA	"TCRBJ2-7*1"	-1	61	64	67	62	3	NA	NA	"CTGAATGTGAACGCCTTGTTGCTGGGGGACTCGGCCCTGTATCTCTGTGCCAGCAGCTTGGGACCTGACGAGCAGTACTTCGGGCCG"	FALSE	TRUE	NA	NA	NA	NA
"ACCTTGGAGCTGGGGGACTCGGCCCTTTATCTTTGCGCCAGCAGCCCTTTAGGGCAGGGTTACACCGGGGAGCTGTTTTTTGGAGAA"	"CASSPLGQGYTGELFF"	"ACCTTGGAGCTGGGGGACTCGGCCCTTTATCTTTGCGCCAGCAGCCCTTTAGGGCAGGGTTACACCGGGGAGCTGTTTTTTGGAGAA"	"CASSPLGQGYTGELFF"	"TCRBV5-1*1"	"TCRBD1-1*1"	"TCRBJ2-2*1"	45	54	59	61	9	2	NA	NA	"ACCTTGGAGCTGGGGGACTCGGCCCTTTATCTTTGCGCCAGCAGCCCTTTAGGGCAGGGTTACACCGGGGAGCTGTTTTTTGGAGAA"	FALSE	TRUE	NA	NA	NA	NA
"GTGAGCACCTTGGAGCTGGGGGACTCGGCCCTTTATCTTTGCGCCAGCAGCTTGGACCCGGGCCCCTACGAGCAGTACTTCGGGCCG"	"CASSLDPGPYEQYF"	"GTGAGCACCTTGGAGCTGGGGGACTCGGCCCTTTATCTTTGCGCCAGCAGCTTGGACCCGGGCCCCTACGAGCAGTACTTCGGGCCG"	"CASSLDPGPYEQYF"	"TCRBV5-1*1"	NA	"TCRBJ2-7*1"	55	59	63	64	4	1	NA	NA	"GTGAGCACCTTGGAGCTGGGGGACTCGGCCCTTTATCTTTGCGCCAGCAGCTTGGACCCGGGCCCCTACGAGCAGTACTTCGGGCCG"	FALSE	TRUE	NA	NA	NA	NA
"GCGTCTGCTGTACCCTCTCAGACATCTGTGTACTTCTGTGCCAGCAGTGTTGAAGGGGGCCAAAGCGGTGAGCAGTTCTTCGGGCCA"	"CASSVEGGQSGEQFF"	"GCGTCTGCTGTACCCTCTCAGACATCTGTGTACTTCTGTGCCAGCAGTGTTGAAGGGGGCCAAAGCGGTGAGCAGTTCTTCGGGCCA"	"CASSVEGGQSGEQFF"	"TCRBV6-4*1"	"TCRBD1-1*1"	"TCRBJ2-1*1"	49	53	60	68	4	8	NA	NA	"GCGTCTGCTGTACCCTCTCAGACATCTGTGTACTTCTGTGCCAGCAGTGTTGAAGGGGGCCAAAGCGGTGAGCAGTTCTTCGGGCCA"	FALSE	TRUE	NA	NA	NA	NA
"ACTCTGGAGTCCGCTACCAGCTCCCAGACATCTGTGTACTTCTGTGCCATCGGGGAGGGGCTGGGCACTGAAGCTTTCTTTGGACAA"	"CAIGEGLGTEAFF"	"ACTCTGGAGTCCGCTACCAGCTCCCAGACATCTGTGTACTTCTGTGCCATCGGGGAGGGGCTGGGCACTGAAGCTTTCTTTGGACAA"	"CAIGEGLGTEAFF"	"TCRBV1-3*1"	"TCRBD2-1*2"	"TCRBJ1-1*1"	51	52	59	65	1	6	NA	NA	"ACTCTGGAGTCCGCTACCAGCTCCCAGACATCTGTGTACTTCTGTGCCATCGGGGAGGGGCTGGGCACTGAAGCTTTCTTTGGACAA"	FALSE	TRUE	NA	NA	NA	NA
"GTCAGGGGACACAGCACTGTATTTCTGTGCCAGCAACACACCGGACTAGCGGGAGGGCCGTCCTACTACGAGCAGTACTTCGGGCCG"	""	"GTCAGGGGACACAGCACTGTATTTCTGTGCCAGCAACACACCGGACTAGCGGGAGGGCCGTCCTACTACGAGCAGTACTTCGGGCCG"	""	"TCRBV21-1*1"	"TCRBD2-1*2"	"TCRBJ2-7*1"	35	42	57	65	7	8	NA	NA	"GTCAGGGGACACAGCACTGTATTTCTGTGCCAGCAACACACCGGACTAGCGGGAGGGCCGTCCTACTACGAGCAGTACTTCGGGCCG"	FALSE	FALSE	NA	NA	NA	NA
"CAGCCCTCAGAACCCAGGGACTCAGCTGTGTACTTCTGTGCCAGCATCCCTACGGGAGTGCGCACAGATACGCAGTATTTTGGCCCA"	"CASIPTGVRTDTQYF"	"CAGCCCTCAGAACCCAGGGACTCAGCTGTGTACTTCTGTGCCAGCATCCCTACGGGAGTGCGCACAGATACGCAGTATTTTGGCCCA"	"CASIPTGVRTDTQYF"	NA	"TCRBD2-1*2"	"TCRBJ2-3*1"	46	52	58	61	6	3	NA	NA	"CAGCCCTCAGAACCCAGGGACTCAGCTGTGTACTTCTGTGCCAGCATCCCTACGGGAGTGCGCACAGATACGCAGTATTTTGGCCCA"	FALSE	TRUE	NA	NA	NA	NA
"NNNNTGTCGGCTGCTCCCTCCCAAACATCTGTGTACTTCTGTGCCAGCAGTTATAGGGGGCTTAGCACTGAAGCTTTCTTTGGACAA"	"CASSYRGLSTEAFF"	"NNNNTGTCGGCTGCTCCCTCCCAAACATCTGTGTACTTCTGTGCCAGCAGTTATAGGGGGCTTAGCACTGAAGCTTTCTTTGGACAA"	"CASSYRGLSTEAFF"	"TCRBV6-2/6-3*1"	"TCRBD1-1*1"	"TCRBJ1-1*1"	53	54	61	65	1	4	NA	NA	"NNNNTGTCGGCTGCTCCCTCCCAAACATCTGTGTACTTCTGTGCCAGCAGTTATAGGGGGCTTAGCACTGAAGCTTTCTTTGGACAA"	FALSE	TRUE	NA	NA	NA	NA
"CACACCCTGCAGCCAGAAGACTCGGCCCTGTATCTCTGCGCCAGCAGCCAAGATCGGGGTTCCTACAATGAGCAGTTCTTCGGGCCA"	"CASSQDRGSYNEQFF"	"CACACCCTGCAGCCAGAAGACTCGGCCCTGTATCTCTGCGCCAGCAGCCAAGATCGGGGTTCCTACAATGAGCAGTTCTTCGGGCCA"	"CASSQDRGSYNEQFF"	"TCRBV4-3*1"	"TCRBD2-1*1"	"TCRBJ2-1*1"	53	54	59	60	1	1	NA	NA	"CACACCCTGCAGCCAGAAGACTCGGCCCTGTATCTCTGCGCCAGCAGCCAAGATCGGGGTTCCTACAATGAGCAGTTCTTCGGGCCA"	FALSE	TRUE	NA	NA	NA	NA
"NNNNNNNTGTCGGCTGCTCCCTCCCAGACATCTGTGTACTTCTGTGCCAGCAGCCTGGAAACAGCCTACGAGCAGTACTTCGGGCCG"	"CASSLETAYEQYF"	"NNNNNNNTGTCGGCTGCTCCCTCCCAGACATCTGTGTACTTCTGTGCCAGCAGCCTGGAAACAGCCTACGAGCAGTACTTCGGGCCG"	"CASSLETAYEQYF"	"TCRBV6-5*1"	"TCRBD1-1*1"	"TCRBJ2-7*1"	53	60	-1	64	7	65	NA	NA	"NNNNNNNTGTCGGCTGCTCCCTCCCAGACATCTGTGTACTTCTGTGCCAGCAGCCTGGAAACAGCCTACGAGCAGTACTTCGGGCCG"	FALSE	TRUE	NA	NA	NA	NA
"GCCCATCCTGAAGACAGCAGCTTCTACATCTGCAGTGCTAGAGGGCCTAGCGGGAAAGGTGCCCCCGGGGAGCTGTTTTTTGGAGAA"	"CSARGPSGKGAPGELFF"	"GCCCATCCTGAAGACAGCAGCTTCTACATCTGCAGTGCTAGAGGGCCTAGCGGGAAAGGTGCCCCCGGGGAGCTGTTTTTTGGAGAA"	"CSARGPSGKGAPGELFF"	NA	"TCRBD2-1*2"	"TCRBJ2-2*1"	43	46	55	64	3	9	NA	NA	"GCCCATCCTGAAGACAGCAGCTTCTACATCTGCAGTGCTAGAGGGCCTAGCGGGAAAGGTGCCCCCGGGGAGCTGTTTTTTGGAGAA"	FALSE	TRUE	NA	NA	NA	NA
"CCCTGCAGCCAGAAGACTCAGCCCTGTATCTCTGCGCCAGCAGCCACTCAACCGGGACTAGCGATGTTTGAGCAGTTCTTCGGGCCA"	""	"CCCTGCAGCCAGAAGACTCAGCCCTGTATCTCTGCGCCAGCAGCCACTCAACCGGGACTAGCGATGTTTGAGCAGTTCTTCGGGCCA"	""	"TCRBV4-1*1"	"TCRBD2-1"	"TCRBJ2-1*1"	46	53	63	68	7	5	NA	NA	"CCCTGCAGCCAGAAGACTCAGCCCTGTATCTCTGCGCCAGCAGCCACTCAACCGGGACTAGCGATGTTTGAGCAGTTCTTCGGGCCA"	FALSE	FALSE	NA	NA	NA	NA
"AAGATCCAGCCTGCAGAGCTTGGGGACTCGGCCGTGTATCTCTGTGCCAGCAGCTTAGTAGCAGAAGAGACCCAGTACTTCGGGCCA"	"CASSLVAEETQYF"	"AAGATCCAGCCTGCAGAGCTTGGGGACTCGGCCGTGTATCTCTGTGCCAGCAGCTTAGTAGCAGAAGAGACCCAGTACTTCGGGCCA"	"CASSLVAEETQYF"	"TCRBV11-3*1"	"TCRBD2-1"	"TCRBJ2-5*1"	-1	58	62	64	59	2	NA	NA	"AAGATCCAGCCTGCAGAGCTTGGGGACTCGGCCGTGTATCTCTGTGCCAGCAGCTTAGTAGCAGAAGAGACCCAGTACTTCGGGCCA"	FALSE	TRUE	NA	NA	NA	NA
"AAGATCCAGCGCACAGAGCGGGGGGACTCAGCCGTGTATCTCTGTGCCAGCAGCTTTACGATAGACTCACCCCTCCACTTTGGGAAT"	"CASSFTIDSPLHF"	"AAGATCCAGCGCACAGAGCGGGGGGACTCAGCCGTGTATCTCTGTGCCAGCAGCTTTACGATAGACTCACCCCTCCACTTTGGGAAT"	"CASSFTIDSPLHF"	"TCRBV7-3*1"	NA	"TCRBJ1-6*1"	56	63	-1	66	7	67	NA	NA	"AAGATCCAGCGCACAGAGCGGGGGGACTCAGCCGTGTATCTCTGTGCCAGCAGCTTTACGATAGACTCACCCCTCCACTTTGGGAAT"	FALSE	TRUE	NA	NA	NA	NA
"CTACACACCCTGCAGCCAGAAGACTCGGCCCTGTATCTCTGTGCCAGCAGCCAGGAACAGGGGAGGTCTGAAGCTTTCTTTGGACAA"	"CASSQEQGRSEAFF"	"CTACACACCCTGCAGCCAGAAGACTCGGCCCTGTATCTCTGTGCCAGCAGCCAGGAACAGGGGAGGTCTGAAGCTTTCTTTGGACAA"	"CASSQEQGRSEAFF"	"TCRBV4-2*1"	"TCRBD1-1*1"	"TCRBJ1-1*1"	53	56	63	67	3	4	NA	NA	"CTACACACCCTGCAGCCAGAAGACTCGGCCCTGTATCTCTGTGCCAGCAGCCAGGAACAGGGGAGGTCTGAAGCTTTCTTTGGACAA"	FALSE	TRUE	NA	NA	NA	NA
"GTGCAGCCTGCAGAACTGGAGGATTCTGGAGTTTATTTCTGTGCCAGCAGCCAAGGGCGGATCCCGGGGGGCTACACCTTCGGTTCG"	"CASSQGRIPGGYTF"	"GTGCAGCCTGCAGAACTGGAGGATTCTGGAGTTTATTTCTGTGCCAGCAGCCAAGGGCGGATCCCGGGGGGCTACACCTTCGGTTCG"	"CASSQGRIPGGYTF"	"TCRBV14-1*1"	"TCRBD2-1*1"	"TCRBJ1-2*1"	55	64	-1	69	9	70	NA	NA	"GTGCAGCCTGCAGAACTGGAGGATTCTGGAGTTTATTTCTGTGCCAGCAGCCAAGGGCGGATCCCGGGGGGCTACACCTTCGGTTCG"	FALSE	TRUE	NA	NA	NA	NA
"CAGCAGGTAGTGCGAGGAGATTCGGCAGCTTATTTCTGTGCCAGCTCACCTACAGGGGGCCTTGGCTATGGCTACACCTTCGGTTCG"	"CASSPTGGLGYGYTF"	"CAGCAGGTAGTGCGAGGAGATTCGGCAGCTTATTTCTGTGCCAGCTCACCTACAGGGGGCCTTGGCTATGGCTACACCTTCGGTTCG"	"CASSPTGGLGYGYTF"	"TCRBV18-1*1"	"TCRBD1-1*1"	"TCRBJ1-2*1"	50	51	60	65	1	5	NA	NA	"CAGCAGGTAGTGCGAGGAGATTCGGCAGCTTATTTCTGTGCCAGCTCACCTACAGGGGGCCTTGGCTATGGCTACACCTTCGGTTCG"	FALSE	TRUE	NA	NA	NA	NA
"ACTCTGACTGTGAGCAACATGAGCCCTGAAGACAGCAGCATATATCTCTGCAGCGTTATCCTAGGCGGGGAGCTGTTTTTTGGAGAA"	"CSVILGGELFF"	"ACTCTGACTGTGAGCAACATGAGCCCTGAAGACAGCAGCATATATCTCTGCAGCGTTATCCTAGGCGGGGAGCTGTTTTTTGGAGAA"	"CSVILGGELFF"	"TCRBV29-1*1"	"TCRBD2-1"	"TCRBJ2-2*1"	57	60	64	65	3	1	NA	NA	"ACTCTGACTGTGAGCAACATGAGCCCTGAAGACAGCAGCATATATCTCTGCAGCGTTATCCTAGGCGGGGAGCTGTTTTTTGGAGAA"	FALSE	TRUE	NA	NA	NA	NA
"CAAAGCTGGAGGACTCAGCCATGTACTTCTGTGCCAGCAGTGTCGTTGGTGCAAGGACTTTCTCAAGAGACCCAGTACTTCGGGCCA"	""	"CAAAGCTGGAGGACTCAGCCATGTACTTCTGTGCCAGCAGTGTCGTTGGTGCAAGGACTTTCTCAAGAGACCCAGTACTTCGGGCCA"	""	"TCRBV2-1"	"TCRBD2-1"	"TCRBJ2-5*1"	42	54	59	63	12	4	NA	NA	"CAAAGCTGGAGGACTCAGCCATGTACTTCTGTGCCAGCAGTGTCGTTGGTGCAAGGACTTTCTCAAGAGACCCAGTACTTCGGGCCA"	FALSE	FALSE	NA	NA	NA	NA
"GAGCTGGGGGACTCGGCCCTTTATCTTTGCGCCAGCAGCTCTTCCCGGACTAGCGGGAGGGGGGTACACGAGCAGTACTTCGGGCCG"	"CASSSSRTSGRGVHEQYF"	"GAGCTGGGGGACTCGGCCCTTTATCTTTGCGCCAGCAGCTCTTCCCGGACTAGCGGGAGGGGGGTACACGAGCAGTACTTCGGGCCG"	"CASSSSRTSGRGVHEQYF"	"TCRBV5-1*1"	"TCRBD2-1*2"	"TCRBJ2-7*1"	40	46	61	67	6	6	NA	NA	"GAGCTGGGGGACTCGGCCCTTTATCTTTGCGCCAGCAGCTCTTCCCGGACTAGCGGGAGGGGGGTACACGAGCAGTACTTCGGGCCG"	FALSE	TRUE	NA	NA	NA	NA
"CTTCACATCAATTCCCTGGAGCTTGGTGACTCTGCTGTGTATTTCTGTGCCAGCAGCCAAGGGGCGCACACCATATATTTTGGAGAG"	"CASSQGAHTIYF"	"CTTCACATCAATTCCCTGGAGCTTGGTGACTCTGCTGTGTATTTCTGTGCCAGCAGCCAAGGGGCGCACACCATATATTTTGGAGAG"	"CASSQGAHTIYF"	"TCRBV3-1/3-2*1"	"TCRBD1-1*1"	"TCRBJ1-3*1"	-1	61	65	67	62	2	NA	NA	"CTTCACATCAATTCCCTGGAGCTTGGTGACTCTGCTGTGTATTTCTGTGCCAGCAGCCAAGGGGCGCACACCATATATTTTGGAGAG"	FALSE	TRUE	NA	NA	NA	NA
"CTACACGCCCTGCAGCCAGAAGACTCAGCCCTGTATCTCTGCGCCAGCAGCCAGGACAGGGGGAACACTGAAGCTTTCTTTGGACAA"	"CASSQDRGNTEAFF"	"CTACACGCCCTGCAGCCAGAAGACTCAGCCCTGTATCTCTGCGCCAGCAGCCAGGACAGGGGGAACACTGAAGCTTTCTTTGGACAA"	"CASSQDRGNTEAFF"	"TCRBV4-1*1"	"TCRBD1-1*1"	"TCRBJ1-1*1"	-1	53	-1	62	54	63	NA	NA	"CTACACGCCCTGCAGCCAGAAGACTCAGCCCTGTATCTCTGCGCCAGCAGCCAGGACAGGGGGAACACTGAAGCTTTCTTTGGACAA"	FALSE	TRUE	NA	NA	NA	NA
"GTAGTGCGAGGAGATTCGGCAGCTTATTTCTGTGCCAGCTCACATGGACTAGCGGGAGGAGGCACCGGGGAGCTGTTTTTTGGAGAA"	"CASSHGLAGGGTGELFF"	"GTAGTGCGAGGAGATTCGGCAGCTTATTTCTGTGCCAGCTCACATGGACTAGCGGGAGGAGGCACCGGGGAGCTGTTTTTTGGAGAA"	"CASSHGLAGGGTGELFF"	"TCRBV18-1*1"	"TCRBD2-1*2"	"TCRBJ2-2*1"	43	45	59	62	2	3	NA	NA	"GTAGTGCGAGGAGATTCGGCAGCTTATTTCTGTGCCAGCTCACATGGACTAGCGGGAGGAGGCACCGGGGAGCTGTTTTTTGGAGAA"	FALSE	TRUE	NA	NA	NA	NA
"CAGCGCACAGAGCAGGGGGACTCGGCCATGTATCTCTGTGCCAGCAGCTTAGATGGGGTGAGGAACACTGAAGCTTTCTTTGGACAA"	"CASSLDGVRNTEAFF"	"CAGCGCACAGAGCAGGGGGACTCGGCCATGTATCTCTGTGCCAGCAGCTTAGATGGGGTGAGGAACACTGAAGCTTTCTTTGGACAA"	"CASSLDGVRNTEAFF"	"TCRBV7-9*1"	NA	"TCRBJ1-1*1"	52	54	58	62	2	4	NA	NA	"CAGCGCACAGAGCAGGGGGACTCGGCCATGTATCTCTGTGCCAGCAGCTTAGATGGGGTGAGGAACACTGAAGCTTTCTTTGGACAA"	FALSE	TRUE	NA	NA	NA	NA
"CGGTCCACAAAGCTGGAGGACTCAGCCATGTACTTCTGTGCCAGCAGTCCCAGGACAGTTTATAATTCACCCCTCCACTTTGGGAAT"	"CASSPRTVYNSPLHF"	"CGGTCCACAAAGCTGGAGGACTCAGCCATGTACTTCTGTGCCAGCAGTCCCAGGACAGTTTATAATTCACCCCTCCACTTTGGGAAT"	"CASSPRTVYNSPLHF"	"TCRBV2-1"	"TCRBD1-1*1"	"TCRBJ1-6*1"	48	52	58	60	4	2	NA	NA	"CGGTCCACAAAGCTGGAGGACTCAGCCATGTACTTCTGTGCCAGCAGTCCCAGGACAGTTTATAATTCACCCCTCCACTTTGGGAAT"	FALSE	TRUE	NA	NA	NA	NA
"NNNNNNNTGTCGGCTGCTCCCTCCCAAACATCTGTGTACTTCTGTGCCAGCAAGGGGGCACTCAATCAGCCCCAGCATTTTGGTGAT"	"CASKGALNQPQHF"	"NNNNNNNTGTCGGCTGCTCCCTCCCAAACATCTGTGTACTTCTGTGCCAGCAAGGGGGCACTCAATCAGCCCCAGCATTTTGGTGAT"	"CASKGALNQPQHF"	NA	"TCRBD1-1*1"	"TCRBJ1-5*1"	-1	52	59	62	53	3	NA	NA	"NNNNNNNTGTCGGCTGCTCCCTCCCAAACATCTGTGTACTTCTGTGCCAGCAAGGGGGCACTCAATCAGCCCCAGCATTTTGGTGAT"	FALSE	TRUE	NA	NA	NA	NA
"NTGTCGGCTGCTCCCTCCCAGACATCTGTGTACTTCTGTGCCAGCAGTGAAGAACTTAGCGGGAGTTATGAGCAGTTCTTCGGGCCA"	"CASSEELSGSYEQFF"	"NTGTCGGCTGCTCCCTCCCAGACATCTGTGTACTTCTGTGCCAGCAGTGAAGAACTTAGCGGGAGTTATGAGCAGTTCTTCGGGCCA"	"CASSEELSGSYEQFF"	"TCRBV6-1*1"	"TCRBD2-1*2"	"TCRBJ2-1*1"	52	56	65	67	4	2	NA	NA	"NTGTCGGCTGCTCCCTCCCAGACATCTGTGTACTTCTGTGCCAGCAGTGAAGAACTTAGCGGGAGTTATGAGCAGTTCTTCGGGCCA"	FALSE	TRUE	NA	NA	NA	NA
"CAGCCCCAACCAGACCTCTCTGTACTTCTGTGCCAGCAGTCCCCCTTAGGGGGGCCGGGAGGCAATCAGCCCCAGCATTTTGGTGAT"	""	"CAGCCCCAACCAGACCTCTCTGTACTTCTGTGCCAGCAGTCCCCCTTAGGGGGGCCGGGAGGCAATCAGCCCCAGCATTTTGGTGAT"	""	"TCRBV27-1*1"	NA	"TCRBJ1-5*1"	40	47	53	61	7	8	NA	NA	"CAGCCCCAACCAGACCTCTCTGTACTTCTGTGCCAGCAGTCCCCCTTAGGGGGGCCGGGAGGCAATCAGCCCCAGCATTTTGGTGAT"	FALSE	FALSE	NA	NA	NA	NA
"GTGAGCACCTTGGAGCTGGGGGACTCGGCCCTTTATCTTTGCGCCAGCAGCCCTAACAGACCCCCCGGGGAGCTGTTTTTTGGAGAA"	"CASSPNRPPGELFF"	"GTGAGCACCTTGGAGCTGGGGGACTCGGCCCTTTATCTTTGCGCCAGCAGCCCTAACAGACCCCCCGGGGAGCTGTTTTTTGGAGAA"	"CASSPNRPPGELFF"	"TCRBV5-1*1"	"TCRBD1-1*1"	"TCRBJ2-2*1"	51	55	59	64	4	5	NA	NA	"GTGAGCACCTTGGAGCTGGGGGACTCGGCCCTTTATCTTTGCGCCAGCAGCCCTAACAGACCCCCCGGGGAGCTGTTTTTTGGAGAA"	FALSE	TRUE	NA	NA	NA	NA
"GGGGACTCGGCCCTTTATCTTTGCGCCAGCAGTCGGAGTGGGCTCGCGGGTTTAGAGCGGGGGATAGATACGCAGTATTTTGGCCCA"	"CASSRSGLAGLERGIDTQYF"	"GGGGACTCGGCCCTTTATCTTTGCGCCAGCAGTCGGAGTGGGCTCGCGGGTTTAGAGCGGGGGATAGATACGCAGTATTTTGGCCCA"	"CASSRSGLAGLERGIDTQYF"	"TCRBV5-1*1"	"TCRBD2-1*1"	"TCRBJ2-3*1"	32	55	63	65	23	2	NA	NA	"GGGGACTCGGCCCTTTATCTTTGCGCCAGCAGTCGGAGTGGGCTCGCGGGTTTAGAGCGGGGGATAGATACGCAGTATTTTGGCCCA"	FALSE	TRUE	NA	NA	NA	NA
"NTGTCGGCTGCTCCCTCCCAGACATCTGTGTACTTCTGTGCCAGCAGTTATGGGATTCGGCCTAACACTGAAGCTTTCTTTGGACAA"	"CASSYGIRPNTEAFF"	"NTGTCGGCTGCTCCCTCCCAGACATCTGTGTACTTCTGTGCCAGCAGTTATGGGATTCGGCCTAACACTGAAGCTTTCTTTGGACAA"	"CASSYGIRPNTEAFF"	"TCRBV6-5*1"	NA	"TCRBJ1-1*1"	50	51	55	63	1	8	NA	NA	"NTGTCGGCTGCTCCCTCCCAGACATCTGTGTACTTCTGTGCCAGCAGTTATGGGATTCGGCCTAACACTGAAGCTTTCTTTGGACAA"	FALSE	TRUE	NA	NA	NA	NA
"CGCTCACCAGGCCTGGGGGACGCAGCCATGTACCTGTGTGCCACCAGCAGGGAGGGGTCTGGGGCCAACGTCCTGACTTTCGGGGCC"	"CATSREGSGANVLTF"	"CGCTCACCAGGCCTGGGGGACGCAGCCATGTACCTGTGTGCCACCAGCAGGGAGGGGTCTGGGGCCAACGTCCTGACTTTCGGGGCC"	"CATSREGSGANVLTF"	"TCRBV15-1*2"	"TCRBD2-1*2"	"TCRBJ2-6*1"	-1	50	56	57	51	1	NA	NA	"CGCTCACCAGGCCTGGGGGACGCAGCCATGTACCTGTGTGCCACCAGCAGGGAGGGGTCTGGGGCCAACGTCCTGACTTTCGGGGCC"	FALSE	TRUE	NA	NA	NA	NA
"TTGTCCACTCTGACAGTGACCAGTGCCCATCCTGAAGACAGCAGCTTCTACATCTGCAGTGCGCATGTAGGCCCGCATTTTGGTGAT"	"CSAHVGPHF"	"TTGTCCACTCTGACAGTGACCAGTGCCCATCCTGAAGACAGCAGCTTCTACATCTGCAGTGCGCATGTAGGCCCGCATTTTGGTGAT"	"CSAHVGPHF"	"TCRBV2-1"	NA	"TCRBJ1-5*1"	62	68	71	74	6	3	NA	NA	"TTGTCCACTCTGACAGTGACCAGTGCCCATCCTGAAGACAGCAGCTTCTACATCTGCAGTGCGCATGTAGGCCCGCATTTTGGTGAT"	FALSE	TRUE	NA	NA	NA	NA
"TGCAGCCAGAAGACTCGGCCCTGTATCTCTGCGCCAGCAGCCAAGCCCCCCGGCCCCGAGGACACAGATACGCAGTATTTTGGCCCA"	""	"TGCAGCCAGAAGACTCGGCCCTGTATCTCTGCGCCAGCAGCCAAGCCCCCCGGCCCCGAGGACACAGATACGCAGTATTTTGGCCCA"	""	"TCRBV4-3*1"	"TCRBD2-1*2"	"TCRBJ2-3*1"	45	57	61	62	12	1	NA	NA	"TGCAGCCAGAAGACTCGGCCCTGTATCTCTGCGCCAGCAGCCAAGCCCCCCGGCCCCGAGGACACAGATACGCAGTATTTTGGCCCA"	FALSE	FALSE	NA	NA	NA	NA
"CAGCCAGAAGACTCGGCCCTGTATCTCTGTGCCAGCAGCCAAGCCCGTGGGACTAGCGGATACACCGGGGAGCTGTTTTTTGGAGAA"	"CASSQARGTSGYTGELFF"	"CAGCCAGAAGACTCGGCCCTGTATCTCTGTGCCAGCAGCCAAGCCCGTGGGACTAGCGGATACACCGGGGAGCTGTTTTTTGGAGAA"	"CASSQARGTSGYTGELFF"	"TCRBV4-2*1"	"TCRBD2-1"	"TCRBJ2-2*1"	43	48	59	61	5	2	NA	NA	"CAGCCAGAAGACTCGGCCCTGTATCTCTGTGCCAGCAGCCAAGCCCGTGGGACTAGCGGATACACCGGGGAGCTGTTTTTTGGAGAA"	FALSE	TRUE	NA	NA	NA	NA
"TCTGCTGTACCCTCTCAGACATCTGTGTACTTCTGTGCCAGCAGAGACCGGGACAGGGGTCCCAAAGAGACCCAGTACTTCGGGCCA"	"CASRDRDRGPKETQYF"	"TCTGCTGTACCCTCTCAGACATCTGTGTACTTCTGTGCCAGCAGAGACCGGGACAGGGGTCCCAAAGAGACCCAGTACTTCGGGCCA"	"CASRDRDRGPKETQYF"	"TCRBV6-4*1"	"TCRBD1-1*1"	"TCRBJ2-5*1"	48	49	59	64	1	5	NA	NA	"TCTGCTGTACCCTCTCAGACATCTGTGTACTTCTGTGCCAGCAGAGACCGGGACAGGGGTCCCAAAGAGACCCAGTACTTCGGGCCA"	FALSE	TRUE	NA	NA	NA	NA
"TCCGCCAGCACCAACCAGACATCTATGTACCTCTGTGCCAGCAGTCAACACCGAAGCGGGAGGTGGCGCGAGCAGTACTTCGGGCCG"	"CASSQHRSGRWREQYF"	"TCCGCCAGCACCAACCAGACATCTATGTACCTCTGTGCCAGCAGTCAACACCGAAGCGGGAGGTGGCGCGAGCAGTACTTCGGGCCG"	"CASSQHRSGRWREQYF"	"TCRBV28-1*1"	"TCRBD2-1*2"	"TCRBJ2-7*1"	45	54	63	68	9	5	NA	NA	"TCCGCCAGCACCAACCAGACATCTATGTACCTCTGTGCCAGCAGTCAACACCGAAGCGGGAGGTGGCGCGAGCAGTACTTCGGGCCG"	FALSE	TRUE	NA	NA	NA	NA
"CACACCCTGCAGCCAGAAGACTCGGCCCTGTATCTCTGTGCCAGCAGCCAAGACAGGTCGGGAGGGCCGACGCAGTATTTTGGCCCA"	"CASSQDRSGGPTQYF"	"CACACCCTGCAGCCAGAAGACTCGGCCCTGTATCTCTGTGCCAGCAGCCAAGACAGGTCGGGAGGGCCGACGCAGTATTTTGGCCCA"	"CASSQDRSGGPTQYF"	"TCRBV4-2*1"	"TCRBD2-1*2"	"TCRBJ2-3*1"	53	58	66	69	5	3	NA	NA	"CACACCCTGCAGCCAGAAGACTCGGCCCTGTATCTCTGTGCCAGCAGCCAAGACAGGTCGGGAGGGCCGACGCAGTATTTTGGCCCA"	FALSE	TRUE	NA	NA	NA	NA
"TCGCCCAGCCCCAACCAGACCTCTCTGTACTTCTGTGCCAGCAGTCCCCTTGGCAGGGGACCCAATCAGCCCCAGCATTTTGGTGAT"	"CASSPLGRGPNQPQHF"	"TCGCCCAGCCCCAACCAGACCTCTCTGTACTTCTGTGCCAGCAGTCCCCTTGGCAGGGGACCCAATCAGCCCCAGCATTTTGGTGAT"	"CASSPLGRGPNQPQHF"	"TCRBV27-1*1"	"TCRBD1-1*1"	"TCRBJ1-5*1"	45	53	59	62	8	3	NA	NA	"TCGCCCAGCCCCAACCAGACCTCTCTGTACTTCTGTGCCAGCAGTCCCCTTGGCAGGGGACCCAATCAGCCCCAGCATTTTGGTGAT"	FALSE	TRUE	NA	NA	NA	NA
"GACTGTGAGCAACATGAGCCCTGAAGACAGCAGCATATATCTCTGCAGCGTGAAAAACAGGGGGACGCTGAAGCTTTCTTTGGACAA"	""	"GACTGTGAGCAACATGAGCCCTGAAGACAGCAGCATATATCTCTGCAGCGTGAAAAACAGGGGGACGCTGAAGCTTTCTTTGGACAA"	""	"TCRBV29-1"	"TCRBD1-1*1"	"TCRBJ1-1*1"	51	56	64	67	5	3	NA	NA	"GACTGTGAGCAACATGAGCCCTGAAGACAGCAGCATATATCTCTGCAGCGTGAAAAACAGGGGGACGCTGAAGCTTTCTTTGGACAA"	FALSE	FALSE	NA	NA	NA	NA
"ACTGTGACATCGGCCCAAAAGAACCCGACAGCTTTCTATCTCTGTGCCAGTAGTCAGGCTAGAGGATTGGAGCAGTACTTCGGGCCG"	"CASSQARGLEQYF"	"ACTGTGACATCGGCCCAAAAGAACCCGACAGCTTTCTATCTCTGTGCCAGTAGTCAGGCTAGAGGATTGGAGCAGTACTTCGGGCCG"	"CASSQARGLEQYF"	"TCRBV19-1*1"	NA	"TCRBJ2-7*1"	-1	54	58	69	55	11	NA	NA	"ACTGTGACATCGGCCCAAAAGAACCCGACAGCTTTCTATCTCTGTGCCAGTAGTCAGGCTAGAGGATTGGAGCAGTACTTCGGGCCG"	FALSE	TRUE	NA	NA	NA	NA
"NNNNTGTCGGCTGCTCCCTCCCAGACATCTGTGTACTTCTGTGCCAGCAGTTACGCCGGCGGGGCCACTGAAGCTTTCTTTGGACAA"	"CASSYAGGATEAFF"	"NNNNTGTCGGCTGCTCCCTCCCAGACATCTGTGTACTTCTGTGCCAGCAGTTACGCCGGCGGGGCCACTGAAGCTTTCTTTGGACAA"	"CASSYAGGATEAFF"	"TCRBV6-5*1"	"TCRBD2-1*1"	"TCRBJ1-1*1"	54	58	64	65	4	1	NA	NA	"NNNNTGTCGGCTGCTCCCTCCCAGACATCTGTGTACTTCTGTGCCAGCAGTTACGCCGGCGGGGCCACTGAAGCTTTCTTTGGACAA"	FALSE	TRUE	NA	NA	NA	NA
"CTACCAGCTCCCAGACATCTGTGTACTTCTGTGCCATCAGTGAGTCGGTTTTGTAGGGGGAGTTACAATGAGCAGTTCTTCGGGCCA"	""	"CTACCAGCTCCCAGACATCTGTGTACTTCTGTGCCATCAGTGAGTCGGTTTTGTAGGGGGAGTTACAATGAGCAGTTCTTCGGGCCA"	""	"TCRBV1-3*1"	"TCRBD1-1*1"	"TCRBJ2-1*1"	46	54	60	63	8	3	NA	NA	"CTACCAGCTCCCAGACATCTGTGTACTTCTGTGCCATCAGTGAGTCGGTTTTGTAGGGGGAGTTACAATGAGCAGTTCTTCGGGCCA"	FALSE	FALSE	NA	NA	NA	NA
"CCACGGAGTCAGGGGACACAGCACTGTATTTCTGTGCCAGCAGCCCTCCGGTTTTGGGAGGGTAATTCACCCCTCCACTTTGGGAAT"	""	"CCACGGAGTCAGGGGACACAGCACTGTATTTCTGTGCCAGCAGCCCTCCGGTTTTGGGAGGGTAATTCACCCCTCCACTTTGGGAAT"	""	"TCRBV21-1*1"	"TCRBD2-1*2"	"TCRBJ1-6*1"	44	55	-1	62	11	63	NA	NA	"CCACGGAGTCAGGGGACACAGCACTGTATTTCTGTGCCAGCAGCCCTCCGGTTTTGGGAGGGTAATTCACCCCTCCACTTTGGGAAT"	FALSE	FALSE	NA	NA	NA	NA
"GAGCTGAATGTGAACGCCTTGGAGCTGGACGACTCGGCCCTGTATCTCTGTGCCAGCAGCTTAGACACTGAAGCTTTCTTTGGACAA"	"CASSLDTEAFF"	"GAGCTGAATGTGAACGCCTTGGAGCTGGACGACTCGGCCCTGTATCTCTGTGCCAGCAGCTTAGACACTGAAGCTTTCTTTGGACAA"	"CASSLDTEAFF"	"TCRBV5-4*1"	NA	"TCRBJ1-1*1"	-1	62	-1	64	63	65	NA	NA	"GAGCTGAATGTGAACGCCTTGGAGCTGGACGACTCGGCCCTGTATCTCTGTGCCAGCAGCTTAGACACTGAAGCTTTCTTTGGACAA"	FALSE	TRUE	NA	NA	NA	NA
"CTGGAGTCGCCCAGCCCCAACCAGACCTCTCTGTACTTCTGTGCCAGCAGTTCTTCTGCTCCGGGTTACGAGCAGTACTTCGGGCCG"	"CASSSSAPGYEQYF"	"CTGGAGTCGCCCAGCCCCAACCAGACCTCTCTGTACTTCTGTGCCAGCAGTTCTTCTGCTCCGGGTTACGAGCAGTACTTCGGGCCG"	"CASSSSAPGYEQYF"	"TCRBV27-1*1"	"TCRBD2-1"	"TCRBJ2-7*1"	52	61	65	66	9	1	NA	NA	"CTGGAGTCGCCCAGCCCCAACCAGACCTCTCTGTACTTCTGTGCCAGCAGTTCTTCTGCTCCGGGTTACGAGCAGTACTTCGGGCCG"	FALSE	TRUE	NA	NA	NA	NA
"AAGATCCGGTCCACAAAGCTGGAGGACTCAGCCATGTACTTCTGTGCCAGCAGTGAACCCAGCACAGATACGCAGTATTTTGGCCCA"	"CASSEPSTDTQYF"	"AAGATCCGGTCCACAAAGCTGGAGGACTCAGCCATGTACTTCTGTGCCAGCAGTGAACCCAGCACAGATACGCAGTATTTTGGCCCA"	"CASSEPSTDTQYF"	"TCRBV2-1"	NA	"TCRBJ2-3*1"	-1	-1	57	60	0	3	NA	NA	"AAGATCCGGTCCACAAAGCTGGAGGACTCAGCCATGTACTTCTGTGCCAGCAGTGAACCCAGCACAGATACGCAGTATTTTGGCCCA"	FALSE	TRUE	NA	NA	NA	NA
"GTGAACGCCTTGTTGCTGGGGGACTCGGCCCTGTATCTCTGTGCCAGCAGCTTGGAGGACAGTAGAGATACGCAGTATTTTGGCCCA"	"CASSLEDSRDTQYF"	"GTGAACGCCTTGTTGCTGGGGGACTCGGCCCTGTATCTCTGTGCCAGCAGCTTGGAGGACAGTAGAGATACGCAGTATTTTGGCCCA"	"CASSLEDSRDTQYF"	"TCRBV5-5*1"	"TCRBD1-1*1"	"TCRBJ2-3*1"	55	56	62	65	1	3	NA	NA	"GTGAACGCCTTGTTGCTGGGGGACTCGGCCCTGTATCTCTGTGCCAGCAGCTTGGAGGACAGTAGAGATACGCAGTATTTTGGCCCA"	FALSE	TRUE	NA	NA	NA	NA
"AGCACCTTGGAGCTGGGGGACTCGGCCCTTTATCTTTGCGCCAGCAGTTGGGGCGACAGGGGGCGGGAGACCCAGTACTTCGGGCCA"	"CASSWGDRGRETQYF"	"AGCACCTTGGAGCTGGGGGACTCGGCCCTTTATCTTTGCGCCAGCAGTTGGGGCGACAGGGGGCGGGAGACCCAGTACTTCGGGCCA"	"CASSWGDRGRETQYF"	"TCRBV5-1*1"	"TCRBD1-1*1"	"TCRBJ2-5*1"	47	54	64	66	7	2	NA	NA	"AGCACCTTGGAGCTGGGGGACTCGGCCCTTTATCTTTGCGCCAGCAGTTGGGGCGACAGGGGGCGGGAGACCCAGTACTTCGGGCCA"	FALSE	TRUE	NA	NA	NA	NA
"TCAACTCTGACTGTGAGCAACATGAGCCCTGAAGACAGCAGCATATATCTCTGCAGCGTCGCGGACTACGAGCAGTACTTCGGGCCG"	"CSVADYEQYF"	"TCAACTCTGACTGTGAGCAACATGAGCCCTGAAGACAGCAGCATATATCTCTGCAGCGTCGCGGACTACGAGCAGTACTTCGGGCCG"	"CSVADYEQYF"	"TCRBV29-1*1"	"TCRBD2-1"	"TCRBJ2-7*1"	59	60	64	65	1	1	NA	NA	"TCAACTCTGACTGTGAGCAACATGAGCCCTGAAGACAGCAGCATATATCTCTGCAGCGTCGCGGACTACGAGCAGTACTTCGGGCCG"	FALSE	TRUE	NA	NA	NA	NA
"TCCACAAAGCTGGAGGACTCAGCCATGTACTTCTGTGCCAGCAGCCCTCGGACTAGGGGCTCCTACAATGAGCAGTTCTTCGGGCCA"	"CASSPRTRGSYNEQFF"	"TCCACAAAGCTGGAGGACTCAGCCATGTACTTCTGTGCCAGCAGCCCTCGGACTAGGGGCTCCTACAATGAGCAGTTCTTCGGGCCA"	"CASSPRTRGSYNEQFF"	"TCRBV2-1"	"TCRBD2-1"	"TCRBJ2-1*1"	44	49	56	59	5	3	NA	NA	"TCCACAAAGCTGGAGGACTCAGCCATGTACTTCTGTGCCAGCAGCCCTCGGACTAGGGGCTCCTACAATGAGCAGTTCTTCGGGCCA"	FALSE	TRUE	NA	NA	NA	NA
"ATCCAGCAGGTAGTGCGAGGAGATTCGGCAGCTTATTTCTGTGCCAGCTCACCCGGGTCGGGATACAATGAGCAGTTCTTCGGGCCA"	"CASSPGSGYNEQFF"	"ATCCAGCAGGTAGTGCGAGGAGATTCGGCAGCTTATTTCTGTGCCAGCTCACCCGGGTCGGGATACAATGAGCAGTTCTTCGGGCCA"	"CASSPGSGYNEQFF"	"TCRBV18-1*1"	"TCRBD2-1*2"	"TCRBJ2-1*1"	53	58	-1	63	5	64	NA	NA	"ATCCAGCAGGTAGTGCGAGGAGATTCGGCAGCTTATTTCTGTGCCAGCTCACCCGGGTCGGGATACAATGAGCAGTTCTTCGGGCCA"	FALSE	TRUE	NA	NA	NA	NA
"TGAAGACAGCAGCTTCTACATCTGCAGTGCTAGAGTTGGGCGGCAGGGATCACCCCCAGGTGTAATTCACCCCTCCACTTTGGGAAT"	""	"TGAAGACAGCAGCTTCTACATCTGCAGTGCTAGAGTTGGGCGGCAGGGATCACCCCCAGGTGTAATTCACCCCTCCACTTTGGGAAT"	""	NA	"TCRBD1-1*1"	"TCRBJ1-6*1"	35	43	48	62	8	14	NA	NA	"TGAAGACAGCAGCTTCTACATCTGCAGTGCTAGAGTTGGGCGGCAGGGATCACCCCCAGGTGTAATTCACCCCTCCACTTTGGGAAT"	FALSE	FALSE	NA	NA	NA	NA
"GCACACAGCAGGAGGACTCCGCCGTGTATCTCTGTGCCAGCAGCTTAGAAGAACCGACTAGCGGGGGAGACCCAGTACTTCGGGCCA"	""	"GCACACAGCAGGAGGACTCCGCCGTGTATCTCTGTGCCAGCAGCTTAGAAGAACCGACTAGCGGGGGAGACCCAGTACTTCGGGCCA"	""	"TCRBV7-8*1"	"TCRBD2-1*1"	"TCRBJ2-5*1"	48	55	-1	66	7	67	NA	NA	"GCACACAGCAGGAGGACTCCGCCGTGTATCTCTGTGCCAGCAGCTTAGAAGAACCGACTAGCGGGGGAGACCCAGTACTTCGGGCCA"	FALSE	FALSE	NA	NA	NA	NA
"AGTCAGGGGACACAGCACTGTATTTCTGTGCCAGCAGCAAAGGGCCGGCTAGCGGGAGCCCTTGGAAACGAGCAGTACTTCGGGCCG"	""	"AGTCAGGGGACACAGCACTGTATTTCTGTGCCAGCAGCAAAGGGCCGGCTAGCGGGAGCCCTTGGAAACGAGCAGTACTTCGGGCCG"	""	"TCRBV21-1*1"	"TCRBD2-1*2"	"TCRBJ2-7*1"	42	48	58	67	6	9	NA	NA	"AGTCAGGGGACACAGCACTGTATTTCTGTGCCAGCAGCAAAGGGCCGGCTAGCGGGAGCCCTTGGAAACGAGCAGTACTTCGGGCCG"	FALSE	FALSE	NA	NA	NA	NA
"CAGCGCACACAGCAGGAGGACTCGGCCGTGTATCTCTGTGCCAGCAGCTCCGAGCGGGTCCCCGGGGACGAGCAGTACTTCGGGCCG"	"CASSSERVPGDEQYF"	"CAGCGCACACAGCAGGAGGACTCGGCCGTGTATCTCTGTGCCAGCAGCTCCGAGCGGGTCCCCGGGGACGAGCAGTACTTCGGGCCG"	"CASSSERVPGDEQYF"	"TCRBV7-2"	"TCRBD2-1"	"TCRBJ2-7*1"	49	52	58	67	3	9	NA	NA	"CAGCGCACACAGCAGGAGGACTCGGCCGTGTATCTCTGTGCCAGCAGCTCCGAGCGGGTCCCCGGGGACGAGCAGTACTTCGGGCCG"	FALSE	TRUE	NA	NA	NA	NA
"AGCTCTCTGGAGCTGGGGGACTCAGCTTTGTATTTCTGTGCCAGCAGCGCGCGGGAGGGCCCCAGGGATACGCAGTATTTTGGCCCA"	"CASSAREGPRDTQYF"	"AGCTCTCTGGAGCTGGGGGACTCAGCTTTGTATTTCTGTGCCAGCAGCGCGCGGGAGGGCCCCAGGGATACGCAGTATTTTGGCCCA"	"CASSAREGPRDTQYF"	"TCRBV9-1*1"	"TCRBD2-1*2"	"TCRBJ2-3*1"	49	50	59	66	1	7	NA	NA	"AGCTCTCTGGAGCTGGGGGACTCAGCTTTGTATTTCTGTGCCAGCAGCGCGCGGGAGGGCCCCAGGGATACGCAGTATTTTGGCCCA"	FALSE	TRUE	NA	NA	NA	NA
"ATTCAGCGCACAGAGCAGGAGGACTCGGCCGTGTATCTCTGTGCCAGCAGCGCCGAGGGAGTACTGGAGACCCAGTACTTCGGGCCA"	"CASSAEGVLETQYF"	"ATTCAGCGCACAGAGCAGGAGGACTCGGCCGTGTATCTCTGTGCCAGCAGCGCCGAGGGAGTACTGGAGACCCAGTACTTCGGGCCA"	"CASSAEGVLETQYF"	"TCRBV7-2"	"TCRBD2-1*2"	"TCRBJ2-5*1"	51	56	61	66	5	5	NA	NA	"ATTCAGCGCACAGAGCAGGAGGACTCGGCCGTGTATCTCTGTGCCAGCAGCGCCGAGGGAGTACTGGAGACCCAGTACTTCGGGCCA"	FALSE	TRUE	NA	NA	NA	NA
"ATTCTGGAGTCCGCCAGCACCAACCAGACATCTATGTACCTCTGTGCCACCCAAAGCCATCACAATCAGCCCCAGCATTTTGGTGAT"	"CATQSHHNQPQHF"	"ATTCTGGAGTCCGCCAGCACCAACCAGACATCTATGTACCTCTGTGCCACCCAAAGCCATCACAATCAGCCCCAGCATTTTGGTGAT"	"CATQSHHNQPQHF"	"TCRBV28-1*1"	"TCRBD2-1"	"TCRBJ1-5*1"	49	54	57	62	5	5	NA	NA	"ATTCTGGAGTCCGCCAGCACCAACCAGACATCTATGTACCTCTGTGCCACCCAAAGCCATCACAATCAGCCCCAGCATTTTGGTGAT"	FALSE	TRUE	NA	NA	NA	NA
"GTACCCTCTCAGACATCTGTGTACTTCTGTGCCAGCAAATAGCGGGCAGTCTCGGGTAAGAACACCGGGGAGCTGTTTTTTGGAGAA"	"CASK*RAVSGKNTGELFF"	"GTACCCTCTCAGACATCTGTGTACTTCTGTGCCAGCAAATAGCGGGCAGTCTCGGGTAAGAACACCGGGGAGCTGTTTTTTGGAGAA"	"CASK*RAVSGKNTGELFF"	"TCRBV6-4*1"	"TCRBD2-1"	"TCRBJ2-2*1"	37	39	46	59	2	13	NA	NA	"GTACCCTCTCAGACATCTGTGTACTTCTGTGCCAGCAAATAGCGGGCAGTCTCGGGTAAGAACACCGGGGAGCTGTTTTTTGGAGAA"	FALSE	TRUE	NA	NA	NA	NA
"GAGCCCTGAAGACAGCAGCATATATCTCTGCAGCCTTACCAAGGGACTAGCGGGAGGGCGTGGACCGGGGAGCTGTTTTTTGGAGAA"	""	"GAGCCCTGAAGACAGCAGCATATATCTCTGCAGCCTTACCAAGGGACTAGCGGGAGGGCGTGGACCGGGGAGCTGTTTTTTGGAGAA"	""	"TCRBV29-1"	"TCRBD2-1*2"	"TCRBJ2-2*1"	34	42	58	63	8	5	NA	NA	"GAGCCCTGAAGACAGCAGCATATATCTCTGCAGCCTTACCAAGGGACTAGCGGGAGGGCGTGGACCGGGGAGCTGTTTTTTGGAGAA"	FALSE	FALSE	NA	NA	NA	NA
"AAGCTCCTTCTCAGTGACTCTGGCTTCTATCTCTGTGCCTGGAGTGTACGATGGGGCCGTGAAAACACTGAAGCTTTCTTTGGACAA"	"CAWSVRWGRENTEAFF"	"AAGCTCCTTCTCAGTGACTCTGGCTTCTATCTCTGTGCCTGGAGTGTACGATGGGGCCGTGAAAACACTGAAGCTTTCTTTGGACAA"	"CAWSVRWGRENTEAFF"	"TCRBV3-1*1"	"TCRBD1-1*1"	"TCRBJ1-1*1"	47	52	57	63	5	6	NA	NA	"AAGCTCCTTCTCAGTGACTCTGGCTTCTATCTCTGTGCCTGGAGTGTACGATGGGGCCGTGAAAACACTGAAGCTTTCTTTGGACAA"	FALSE	TRUE	NA	NA	NA	NA
"CTGGAGTCGCCCAGCCCCAACCAGACCTCTCTGTACTTCTGTGCCAGCAGTCCGTCTAGCTCCTACAATGAGCAGTTCTTCGGGCCA"	"CASSPSSSYNEQFF"	"CTGGAGTCGCCCAGCCCCAACCAGACCTCTCTGTACTTCTGTGCCAGCAGTCCGTCTAGCTCCTACAATGAGCAGTTCTTCGGGCCA"	"CASSPSSSYNEQFF"	"TCRBV27-1*1"	"TCRBD2-1"	"TCRBJ2-1*1"	51	55	-1	59	4	60	NA	NA	"CTGGAGTCGCCCAGCCCCAACCAGACCTCTCTGTACTTCTGTGCCAGCAGTCCGTCTAGCTCCTACAATGAGCAGTTCTTCGGGCCA"	FALSE	TRUE	NA	NA	NA	NA
"ACCAGTGCCCATCCTGAAGACAGCAGCTTCTACATCTGCAGTGCTAGAGGGACTAGCGGGAGGAGAGAGACCCAGTACTTCGGGCCA"	"CSARGTSGRRETQYF"	"ACCAGTGCCCATCCTGAAGACAGCAGCTTCTACATCTGCAGTGCTAGAGGGACTAGCGGGAGGAGAGAGACCCAGTACTTCGGGCCA"	"CSARGTSGRRETQYF"	NA	"TCRBD2-1*2"	"TCRBJ2-5*1"	-1	49	63	65	50	2	NA	NA	"ACCAGTGCCCATCCTGAAGACAGCAGCTTCTACATCTGCAGTGCTAGAGGGACTAGCGGGAGGAGAGAGACCCAGTACTTCGGGCCA"	FALSE	TRUE	NA	NA	NA	NA
"ACTCTGGAGTCTGCTGCCTCCTCCCAGACATCTGTATATTTCTGCGCCAGCAGTGAGTCGGGGCGGGACATCGAGTACTTCGGGCCG"	"CASSESGRDIEYF"	"ACTCTGGAGTCTGCTGCCTCCTCCCAGACATCTGTATATTTCTGCGCCAGCAGTGAGTCGGGGCGGGACATCGAGTACTTCGGGCCG"	"CASSESGRDIEYF"	"TCRBV1-1*1"	NA	"TCRBJ2-7*1"	59	64	70	73	5	3	NA	NA	"ACTCTGGAGTCTGCTGCCTCCTCCCAGACATCTGTATATTTCTGCGCCAGCAGTGAGTCGGGGCGGGACATCGAGTACTTCGGGCCG"	FALSE	TRUE	NA	NA	NA	NA
"CTTCACATCAATTCCCTGGAGCTTGGTGACTCTGCTGTGTATTTCTGTGCCAGCAGCCAAGGAATCATGGGGCAGTACTTCGGGCCG"	"CASSQGIMGQYF"	"CTTCACATCAATTCCCTGGAGCTTGGTGACTCTGCTGTGTATTTCTGTGCCAGCAGCCAAGGAATCATGGGGCAGTACTTCGGGCCG"	"CASSQGIMGQYF"	"TCRBV3-1/3-2*1"	NA	"TCRBJ2-7*1"	61	68	-1	71	7	72	NA	NA	"CTTCACATCAATTCCCTGGAGCTTGGTGACTCTGCTGTGTATTTCTGTGCCAGCAGCCAAGGAATCATGGGGCAGTACTTCGGGCCG"	FALSE	TRUE	NA	NA	NA	NA
"AGCACCAACCAGACATCTATGTACCTCTGTGCCAGCAGTTTTCGGCCTCTAGCGGTTACTAGCACAGATACGCAGTATTTTGGCCCA"	"CASSFRPLAVTSTDTQYF"	"AGCACCAACCAGACATCTATGTACCTCTGTGCCAGCAGTTTTCGGCCTCTAGCGGTTACTAGCACAGATACGCAGTATTTTGGCCCA"	"CASSFRPLAVTSTDTQYF"	"TCRBV28-1*1"	"TCRBD2-1"	"TCRBJ2-3*1"	41	48	55	60	7	5	NA	NA	"AGCACCAACCAGACATCTATGTACCTCTGTGCCAGCAGTTTTCGGCCTCTAGCGGTTACTAGCACAGATACGCAGTATTTTGGCCCA"	FALSE	TRUE	NA	NA	NA	NA
"GTGAACGCCTTGTTGCTGGGGGACTCGGCCCTCTATCTCTGTGCCAGCAGACTGGACAGGACTATCTATGGCTACACCTTCGGTTCG"	"CASRLDRTIYGYTF"	"GTGAACGCCTTGTTGCTGGGGGACTCGGCCCTCTATCTCTGTGCCAGCAGACTGGACAGGACTATCTATGGCTACACCTTCGGTTCG"	"CASRLDRTIYGYTF"	"TCRBV5-6*1"	"TCRBD1-1*1"	"TCRBJ1-2*1"	50	53	60	65	3	5	NA	NA	"GTGAACGCCTTGTTGCTGGGGGACTCGGCCCTCTATCTCTGTGCCAGCAGACTGGACAGGACTATCTATGGCTACACCTTCGGTTCG"	FALSE	TRUE	NA	NA	NA	NA
"GCCCAGCCCCAACCAGACCTCTCTGTACTTCTGTGCCAGCAGTTTCTGCACAACGGACAGGGGTAGTGCGAGCAGTACTTCGGGCCG"	""	"GCCCAGCCCCAACCAGACCTCTCTGTACTTCTGTGCCAGCAGTTTCTGCACAACGGACAGGGGTAGTGCGAGCAGTACTTCGGGCCG"	""	"TCRBV27-1*1"	"TCRBD1-1*1"	"TCRBJ2-7*1"	45	54	63	68	9	5	NA	NA	"GCCCAGCCCCAACCAGACCTCTCTGTACTTCTGTGCCAGCAGTTTCTGCACAACGGACAGGGGTAGTGCGAGCAGTACTTCGGGCCG"	FALSE	FALSE	NA	NA	NA	NA
"CTGACAGTGACCAGTGCCCATCCTGAAGACAGCAGCTTCTACATCTGCAGTGCTAGTGGCCTCAACTACGAGCAGTACTTCGGGCCG"	"CSASGLNYEQYF"	"CTGACAGTGACCAGTGCCCATCCTGAAGACAGCAGCTTCTACATCTGCAGTGCTAGTGGCCTCAACTACGAGCAGTACTTCGGGCCG"	"CSASGLNYEQYF"	"TCRBV2-1*4"	NA	"TCRBJ2-7*1"	58	62	64	65	4	1	NA	NA	"CTGACAGTGACCAGTGCCCATCCTGAAGACAGCAGCTTCTACATCTGCAGTGCTAGTGGCCTCAACTACGAGCAGTACTTCGGGCCG"	FALSE	TRUE	NA	NA	NA	NA
"GCCTTGGAGCTGGAGGACTCGGCCCTGTATCTCTGTGCCAGCAGCCAACCTCTGCGGAAGAACACCGGGGAGCTGTTTTTTGGAGAA"	"CASSQPLRKNTGELFF"	"GCCTTGGAGCTGGAGGACTCGGCCCTGTATCTCTGTGCCAGCAGCCAACCTCTGCGGAAGAACACCGGGGAGCTGTTTTTTGGAGAA"	"CASSQPLRKNTGELFF"	"TCRBV5-8*1"	"TCRBD2-1"	"TCRBJ2-2*1"	45	53	57	59	8	2	NA	NA	"GCCTTGGAGCTGGAGGACTCGGCCCTGTATCTCTGTGCCAGCAGCCAACCTCTGCGGAAGAACACCGGGGAGCTGTTTTTTGGAGAA"	FALSE	TRUE	NA	NA	NA	NA
"GAGTCGCCCAGCCCCAACCAGACCTCTCTGTACTTCTGTGCCAGCAGTCCTAACCCGGGACAGGGGTGGGAGCAGTACTTCGGGCCG"	"CASSPNPGQGWEQYF"	"GAGTCGCCCAGCCCCAACCAGACCTCTCTGTACTTCTGTGCCAGCAGTCCTAACCCGGGACAGGGGTGGGAGCAGTACTTCGGGCCG"	"CASSPNPGQGWEQYF"	"TCRBV27-1*1"	"TCRBD1-1*1"	"TCRBJ2-7*1"	48	56	66	69	8	3	NA	NA	"GAGTCGCCCAGCCCCAACCAGACCTCTCTGTACTTCTGTGCCAGCAGTCCTAACCCGGGACAGGGGTGGGAGCAGTACTTCGGGCCG"	FALSE	TRUE	NA	NA	NA	NA
"ATCCAGCCCTCAGAACCCAGGGACTCAGCTGTGTACTTCTGTGCCAGCAGTTTAGAGACCTCCTACAATGAGCAGTTCTTCGGGCCA"	"CASSLETSYNEQFF"	"ATCCAGCCCTCAGAACCCAGGGACTCAGCTGTGTACTTCTGTGCCAGCAGTTTAGAGACCTCCTACAATGAGCAGTTCTTCGGGCCA"	"CASSLETSYNEQFF"	NA	NA	"TCRBJ2-1*1"	55	56	-1	59	1	60	NA	NA	"ATCCAGCCCTCAGAACCCAGGGACTCAGCTGTGTACTTCTGTGCCAGCAGTTTAGAGACCTCCTACAATGAGCAGTTCTTCGGGCCA"	FALSE	TRUE	NA	NA	NA	NA
"CCAGTGCCCATCCTGAAGACAGCAGCTTCTACATCTGCAGTGCTAGAGGGGACTAGCGGGAGGGCCAATGAGCAGTTCTTCGGGCCA"	""	"CCAGTGCCCATCCTGAAGACAGCAGCTTCTACATCTGCAGTGCTAGAGGGGACTAGCGGGAGGGCCAATGAGCAGTTCTTCGGGCCA"	""	NA	"TCRBD2-1*2"	"TCRBJ2-1*1"	-1	48	64	65	49	1	NA	NA	"CCAGTGCCCATCCTGAAGACAGCAGCTTCTACATCTGCAGTGCTAGAGGGGACTAGCGGGAGGGCCAATGAGCAGTTCTTCGGGCCA"	FALSE	FALSE	NA	NA	NA	NA
"AGCTCTCTGGAGCTGGGGGACTCAGCTTTGTATTTCTGTGCCAGCAGCGTAGGCGCAGATATGAACACTGAAGCTTTCTTTGGACAA"	"CASSVGADMNTEAFF"	"AGCTCTCTGGAGCTGGGGGACTCAGCTTTGTATTTCTGTGCCAGCAGCGTAGGCGCAGATATGAACACTGAAGCTTTCTTTGGACAA"	"CASSVGADMNTEAFF"	"TCRBV9-1*1"	NA	"TCRBJ1-1*1"	52	55	58	61	3	3	NA	NA	"AGCTCTCTGGAGCTGGGGGACTCAGCTTTGTATTTCTGTGCCAGCAGCGTAGGCGCAGATATGAACACTGAAGCTTTCTTTGGACAA"	FALSE	TRUE	NA	NA	NA	NA
"GTGAACGCCTTGTTGCTGGGGGACTCGGCCCTCTATCTCTGTGCCAGCAGCTCAACGGGGGGCTACTATGGCTACACCTTCGGTTCG"	"CASSSTGGYYGYTF"	"GTGAACGCCTTGTTGCTGGGGGACTCGGCCCTCTATCTCTGTGCCAGCAGCTCAACGGGGGGCTACTATGGCTACACCTTCGGTTCG"	"CASSSTGGYYGYTF"	"TCRBV5-6*1"	"TCRBD2-1*1"	"TCRBJ1-2*1"	52	55	62	64	3	2	NA	NA	"GTGAACGCCTTGTTGCTGGGGGACTCGGCCCTCTATCTCTGTGCCAGCAGCTCAACGGGGGGCTACTATGGCTACACCTTCGGTTCG"	FALSE	TRUE	NA	NA	NA	NA
"ACAGAGCGGGGGGACTCAGCCGTGTATCTCTGTGCCAGCAGCCCTGGGACTAGCGGGATTAGCACAGATACGCAGTATTTTGGCCCA"	"CASSPGTSGISTDTQYF"	"ACAGAGCGGGGGGACTCAGCCGTGTATCTCTGTGCCAGCAGCCCTGGGACTAGCGGGATTAGCACAGATACGCAGTATTTTGGCCCA"	"CASSPGTSGISTDTQYF"	"TCRBV7-3*1"	"TCRBD2-1*2"	"TCRBJ2-3*1"	42	45	58	60	3	2	NA	NA	"ACAGAGCGGGGGGACTCAGCCGTGTATCTCTGTGCCAGCAGCCCTGGGACTAGCGGGATTAGCACAGATACGCAGTATTTTGGCCCA"	FALSE	TRUE	NA	NA	NA	NA
"GAGCAGGGGGACTCGGCCATGTATCTCTGTGCCAGCAGCTCTACTAGCGGGAGTTTGGTTGGCTACAATGAGCAGTTCTTCGGGCCA"	"CASSSTSGSLVGYNEQFF"	"GAGCAGGGGGACTCGGCCATGTATCTCTGTGCCAGCAGCTCTACTAGCGGGAGTTTGGTTGGCTACAATGAGCAGTTCTTCGGGCCA"	"CASSSTSGSLVGYNEQFF"	"TCRBV7-9*1"	"TCRBD2-1*2"	"TCRBJ2-1*1"	40	42	53	62	2	9	NA	NA	"GAGCAGGGGGACTCGGCCATGTATCTCTGTGCCAGCAGCTCTACTAGCGGGAGTTTGGTTGGCTACAATGAGCAGTTCTTCGGGCCA"	FALSE	TRUE	NA	NA	NA	NA
"TGTGAACGCCTTGTTGCTGGGGGACTCGGCCCTGTATCTCTGTGCCAGCAGCTTGTACAGGGTGGCCACGAGCAGTACTTCGGGCCG"	""	"TGTGAACGCCTTGTTGCTGGGGGACTCGGCCCTGTATCTCTGTGCCAGCAGCTTGTACAGGGTGGCCACGAGCAGTACTTCGGGCCG"	""	"TCRBV5-5*1"	"TCRBD1-1*1"	"TCRBJ2-7*1"	55	56	62	67	1	5	NA	NA	"TGTGAACGCCTTGTTGCTGGGGGACTCGGCCCTGTATCTCTGTGCCAGCAGCTTGTACAGGGTGGCCACGAGCAGTACTTCGGGCCG"	FALSE	FALSE	NA	NA	NA	NA
"CTTGTTGCTGGGGGACTCGGCCCTGTATCTCTGTGCCAGCAACCTTTCCCCCCGTGGGGGACGAACACTGAAGCTTTCTTTGGACAA"	""	"CTTGTTGCTGGGGGACTCGGCCCTGTATCTCTGTGCCAGCAACCTTTCCCCCCGTGGGGGACGAACACTGAAGCTTTCTTTGGACAA"	""	"TCRBV5-5*1"	NA	"TCRBJ1-1*1"	41	57	-1	62	16	63	NA	NA	"CTTGTTGCTGGGGGACTCGGCCCTGTATCTCTGTGCCAGCAACCTTTCCCCCCGTGGGGGACGAACACTGAAGCTTTCTTTGGACAA"	FALSE	FALSE	NA	NA	NA	NA
"TCTGCCAGGCCCTCACATACCTCTCAGTACCTCTGTGCCAGCAGTGAATACGGGACTAGCGGGGAAGAGACCCAGTACTTCGGGCCA"	"CASSEYGTSGEETQYF"	"TCTGCCAGGCCCTCACATACCTCTCAGTACCTCTGTGCCAGCAGTGAATACGGGACTAGCGGGGAAGAGACCCAGTACTTCGGGCCA"	"CASSEYGTSGEETQYF"	"TCRBV25-1*1"	"TCRBD2-1*1"	"TCRBJ2-5*1"	50	51	-1	64	1	65	NA	NA	"TCTGCCAGGCCCTCACATACCTCTCAGTACCTCTGTGCCAGCAGTGAATACGGGACTAGCGGGGAAGAGACCCAGTACTTCGGGCCA"	FALSE	TRUE	NA	NA	NA	NA
"GACCTCCCCCTCACTCTGGAGTCTGCTGCCTCCTCCCAGACATCTGTATATTTCTGCGCCAGCAGTGATCGGGCTTTCTTTGGACAA"	"CASSDRAFF"	"GACCTCCCCCTCACTCTGGAGTCTGCTGCCTCCTCCCAGACATCTGTATATTTCTGCGCCAGCAGTGATCGGGCTTTCTTTGGACAA"	"CASSDRAFF"	"TCRBV1-1*1"	"TCRBD2-1"	"TCRBJ1-1*1"	68	69	-1	72	1	73	NA	NA	"GACCTCCCCCTCACTCTGGAGTCTGCTGCCTCCTCCCAGACATCTGTATATTTCTGCGCCAGCAGTGATCGGGCTTTCTTTGGACAA"	FALSE	TRUE	NA	NA	NA	NA
"TCTGCTGTCTCCTCCCAGACATCTGTATATTTCTGCGCCAGCGGCCCGGGACTAGCGGGGGTCTACAATGAGCAGTTCTTCGGGCCA"	"CASGPGLAGVYNEQFF"	"TCTGCTGTCTCCTCCCAGACATCTGTATATTTCTGCGCCAGCGGCCCGGGACTAGCGGGGGTCTACAATGAGCAGTTCTTCGGGCCA"	"CASGPGLAGVYNEQFF"	"TCRBV1-1"	"TCRBD2-1*1"	"TCRBJ2-1*1"	42	47	61	62	5	1	NA	NA	"TCTGCTGTCTCCTCCCAGACATCTGTATATTTCTGCGCCAGCGGCCCGGGACTAGCGGGGGTCTACAATGAGCAGTTCTTCGGGCCA"	FALSE	TRUE	NA	NA	NA	NA
"ATTCAGCGCACAGAGCAGGAGGACTCGGCCGTGTATCTCTGTGCCAGCAGCCCAAAGTCCACGAGGGATGGCTACACCTTCGGTTCG"	"CASSPKSTRDGYTF"	"ATTCAGCGCACAGAGCAGGAGGACTCGGCCGTGTATCTCTGTGCCAGCAGCCCAAAGTCCACGAGGGATGGCTACACCTTCGGTTCG"	"CASSPKSTRDGYTF"	"TCRBV7-2"	"TCRBD2-1*2"	"TCRBJ1-2*1"	51	62	-1	67	11	68	NA	NA	"ATTCAGCGCACAGAGCAGGAGGACTCGGCCGTGTATCTCTGTGCCAGCAGCCCAAAGTCCACGAGGGATGGCTACACCTTCGGTTCG"	FALSE	TRUE	NA	NA	NA	NA
"AATGTGAACGCCTTGTTGCTGGGGGACTCGGCCCTCTATCTCTGTGCCAGCAGCTTACAGGGCATCACTGAAGCTTTCTTTGGACAA"	"CASSLQGITEAFF"	"AATGTGAACGCCTTGTTGCTGGGGGACTCGGCCCTCTATCTCTGTGCCAGCAGCTTACAGGGCATCACTGAAGCTTTCTTTGGACAA"	"CASSLQGITEAFF"	"TCRBV5-6*1"	"TCRBD1-1*1"	"TCRBJ1-1*1"	-1	56	62	65	57	3	NA	NA	"AATGTGAACGCCTTGTTGCTGGGGGACTCGGCCCTCTATCTCTGTGCCAGCAGCTTACAGGGCATCACTGAAGCTTTCTTTGGACAA"	FALSE	TRUE	NA	NA	NA	NA
"CGCACACAGCAGGAGGACTCCGCCGTGTATCTCTGTGCCAGCAGCCCGAGGGTTAGCGGGAGGGACAATGAGCAGTTCTTCGGGCCA"	"CASSPRVSGRDNEQFF"	"CGCACACAGCAGGAGGACTCCGCCGTGTATCTCTGTGCCAGCAGCCCGAGGGTTAGCGGGAGGGACAATGAGCAGTTCTTCGGGCCA"	"CASSPRVSGRDNEQFF"	"TCRBV7-8*3"	"TCRBD2-1*2"	"TCRBJ2-1*1"	46	53	-1	64	7	65	NA	NA	"CGCACACAGCAGGAGGACTCCGCCGTGTATCTCTGTGCCAGCAGCCCGAGGGTTAGCGGGAGGGACAATGAGCAGTTCTTCGGGCCA"	FALSE	TRUE	NA	NA	NA	NA
"NNNNTGTCGGCTGCTCCCTCCCAGACATCTGTGTACTTCTGTGCCAGCAATCCGGGACAGGCCACAGATACGCAGTATTTTGGCCCA"	"CASNPGQATDTQYF"	"NNNNTGTCGGCTGCTCCCTCCCAGACATCTGTGTACTTCTGTGCCAGCAATCCGGGACAGGCCACAGATACGCAGTATTTTGGCCCA"	"CASNPGQATDTQYF"	"TCRBV6-5*1"	"TCRBD1-1*1"	"TCRBJ2-3*1"	49	53	61	62	4	1	NA	NA	"NNNNTGTCGGCTGCTCCCTCCCAGACATCTGTGTACTTCTGTGCCAGCAATCCGGGACAGGCCACAGATACGCAGTATTTTGGCCCA"	FALSE	TRUE	NA	NA	NA	NA
"CTTGAGGACTCGGCCGTGTATCTCTGTGCCAGCAGCTTAGGGCCGGTACTAGCGGGAGTAACGAACAATGAGCAGTTCTTCGGGCCA"	"CASSLGPVLAGVTNNEQFF"	"CTTGAGGACTCGGCCGTGTATCTCTGTGCCAGCAGCTTAGGGCCGGTACTAGCGGGAGTAACGAACAATGAGCAGTTCTTCGGGCCA"	"CASSLGPVLAGVTNNEQFF"	"TCRBV11-2"	"TCRBD2-1*2"	"TCRBJ2-1*1"	40	47	58	64	7	6	NA	NA	"CTTGAGGACTCGGCCGTGTATCTCTGTGCCAGCAGCTTAGGGCCGGTACTAGCGGGAGTAACGAACAATGAGCAGTTCTTCGGGCCA"	FALSE	TRUE	NA	NA	NA	NA
"CAGCGCACAGAGCAGGGGGACTCGGCCATGTATCTCTGTGCCAGCAGCTTTCGGGCGGGAGAGACAGATACGCAGTATTTTGGCCCA"	"CASSFRAGETDTQYF"	"CAGCGCACAGAGCAGGGGGACTCGGCCATGTATCTCTGTGCCAGCAGCTTTCGGGCGGGAGAGACAGATACGCAGTATTTTGGCCCA"	"CASSFRAGETDTQYF"	"TCRBV7-9*1"	"TCRBD2-1*2"	"TCRBJ2-3*1"	50	54	61	63	4	2	NA	NA	"CAGCGCACAGAGCAGGGGGACTCGGCCATGTATCTCTGTGCCAGCAGCTTTCGGGCGGGAGAGACAGATACGCAGTATTTTGGCCCA"	FALSE	TRUE	NA	NA	NA	NA
"CTCACTCTGGAGTCCGCTACCAGCTCCCAGACATCTGTGTACTTCTGTGCCATCAGTGAAGGGCTCGATGAGCAGTTCTTCGGGCCA"	"CAISEGLDEQFF"	"CTCACTCTGGAGTCCGCTACCAGCTCCCAGACATCTGTGTACTTCTGTGCCATCAGTGAAGGGCTCGATGAGCAGTTCTTCGGGCCA"	"CAISEGLDEQFF"	"TCRBV1-3*1"	NA	"TCRBJ2-1*1"	-1	59	63	67	60	4	NA	NA	"CTCACTCTGGAGTCCGCTACCAGCTCCCAGACATCTGTGTACTTCTGTGCCATCAGTGAAGGGCTCGATGAGCAGTTCTTCGGGCCA"	FALSE	TRUE	NA	NA	NA	NA
"AATGTGAGCACCTTGGAGCTGGGGGACTCGGCCCTTTATCTTTGCGCCAGCAGCTTGGCAGTTAACACTGAAGCTTTCTTTGGACAA"	"CASSLAVNTEAFF"	"AATGTGAGCACCTTGGAGCTGGGGGACTCGGCCCTTTATCTTTGCGCCAGCAGCTTGGCAGTTAACACTGAAGCTTTCTTTGGACAA"	"CASSLAVNTEAFF"	"TCRBV5-1*1"	"TCRBD1-1*1"	"TCRBJ1-1*1"	-1	58	61	63	59	2	NA	NA	"AATGTGAGCACCTTGGAGCTGGGGGACTCGGCCCTTTATCTTTGCGCCAGCAGCTTGGCAGTTAACACTGAAGCTTTCTTTGGACAA"	FALSE	TRUE	NA	NA	NA	NA
"AGCACCTTGGAGCTGGGGGACTCGGCCCTTTATCTTTGCGCCAGCAGCGTTACAGGGGGCTATAACTATGGCTACACCTTCGGTTCG"	"CASSVTGGYNYGYTF"	"AGCACCTTGGAGCTGGGGGACTCGGCCCTTTATCTTTGCGCCAGCAGCGTTACAGGGGGCTATAACTATGGCTACACCTTCGGTTCG"	"CASSVTGGYNYGYTF"	"TCRBV5-1*1"	"TCRBD1-1*1"	"TCRBJ1-2*1"	48	51	60	62	3	2	NA	NA	"AGCACCTTGGAGCTGGGGGACTCGGCCCTTTATCTTTGCGCCAGCAGCGTTACAGGGGGCTATAACTATGGCTACACCTTCGGTTCG"	FALSE	TRUE	NA	NA	NA	NA
"NNTGAAGATCCAGCCCTCAGAACCCAGGGACTCAGCTGTGTATTTTTGTGCTAGTGGTTTGGTTCGGAGACCCAGTACTTCGGGCCA"	""	"NNTGAAGATCCAGCCCTCAGAACCCAGGGACTCAGCTGTGTATTTTTGTGCTAGTGGTTTGGTTCGGAGACCCAGTACTTCGGGCCA"	""	"TCRBV12-5*1"	"TCRBD2-1"	"TCRBJ2-5*1"	63	64	-1	66	1	67	NA	NA	"NNTGAAGATCCAGCCCTCAGAACCCAGGGACTCAGCTGTGTATTTTTGTGCTAGTGGTTTGGTTCGGAGACCCAGTACTTCGGGCCA"	FALSE	FALSE	NA	NA	NA	NA
"CTGACAGTGACCAGTGCCCATCCTGAAGACAGCAGCTTCTACATCTGCAGTGCTGGGACAGGGGCAGATACGCAGTATTTTGGCCCA"	"CSAGTGADTQYF"	"CTGACAGTGACCAGTGCCCATCCTGAAGACAGCAGCTTCTACATCTGCAGTGCTGGGACAGGGGCAGATACGCAGTATTTTGGCCCA"	"CSAGTGADTQYF"	NA	"TCRBD1-1*1"	"TCRBJ2-3*1"	-1	54	-1	64	55	65	NA	NA	"CTGACAGTGACCAGTGCCCATCCTGAAGACAGCAGCTTCTACATCTGCAGTGCTGGGACAGGGGCAGATACGCAGTATTTTGGCCCA"	FALSE	TRUE	NA	NA	NA	NA
"ACCAGTGCCCATCCTGAAGACAGCAGCTTCTACATCTGCAGTGCTAGGGTGATAGGACCAGCTAATTCACCCCTCCACTTTGGGAAT"	"CSARVIGPANSPLHF"	"ACCAGTGCCCATCCTGAAGACAGCAGCTTCTACATCTGCAGTGCTAGGGTGATAGGACCAGCTAATTCACCCCTCCACTTTGGGAAT"	"CSARVIGPANSPLHF"	NA	NA	"TCRBJ1-6*1"	47	54	58	62	7	4	NA	NA	"ACCAGTGCCCATCCTGAAGACAGCAGCTTCTACATCTGCAGTGCTAGGGTGATAGGACCAGCTAATTCACCCCTCCACTTTGGGAAT"	FALSE	TRUE	NA	NA	NA	NA
"CAGCGCACAGAGCAGGGGGACTCGGCCATGTATCTCTGTGCCAGCAGTTCAACTACAGGCTCCTACAATGAGCAGTTCTTCGGGCCA"	"CASSSTTGSYNEQFF"	"CAGCGCACAGAGCAGGGGGACTCGGCCATGTATCTCTGTGCCAGCAGTTCAACTACAGGCTCCTACAATGAGCAGTTCTTCGGGCCA"	"CASSSTTGSYNEQFF"	"TCRBV7-9*1"	"TCRBD1-1*1"	"TCRBJ2-1*1"	47	54	-1	59	7	60	NA	NA	"CAGCGCACAGAGCAGGGGGACTCGGCCATGTATCTCTGTGCCAGCAGTTCAACTACAGGCTCCTACAATGAGCAGTTCTTCGGGCCA"	FALSE	TRUE	NA	NA	NA	NA
"TCGGCTGCTCCCTCCCAAACATCTGTGTACTTCTGTGCCAGCAGTTACTCGGGACTAGCGGCATACAATGAGCAGTTCTTCGGGCCA"	"CASSYSGLAAYNEQFF"	"TCGGCTGCTCCCTCCCAAACATCTGTGTACTTCTGTGCCAGCAGTTACTCGGGACTAGCGGCATACAATGAGCAGTTCTTCGGGCCA"	"CASSYSGLAAYNEQFF"	"TCRBV6-2/6-3*1"	"TCRBD2-1"	"TCRBJ2-1*1"	-1	50	61	63	51	2	NA	NA	"TCGGCTGCTCCCTCCCAAACATCTGTGTACTTCTGTGCCAGCAGTTACTCGGGACTAGCGGCATACAATGAGCAGTTCTTCGGGCCA"	FALSE	TRUE	NA	NA	NA	NA
"ATCCAGCCCTCAGAACCCAGGGACTCAGCTGTGTACTTCTGTGCCAGCAGGATGACAGGGGCCACAGATACGCAGTATTTTGGCCCA"	"CASRMTGATDTQYF"	"ATCCAGCCCTCAGAACCCAGGGACTCAGCTGTGTACTTCTGTGCCAGCAGGATGACAGGGGCCACAGATACGCAGTATTTTGGCCCA"	"CASRMTGATDTQYF"	NA	"TCRBD1-1*1"	"TCRBJ2-3*1"	50	53	61	62	3	1	NA	NA	"ATCCAGCCCTCAGAACCCAGGGACTCAGCTGTGTACTTCTGTGCCAGCAGGATGACAGGGGCCACAGATACGCAGTATTTTGGCCCA"	FALSE	TRUE	NA	NA	NA	NA
"GCCCAAAAGAACCCGACAGCTTTCTATCTCTGTGCCAGTAGTGTTCCACCATTCACCGGGAACCCTGGCGAGCAGTACTTCGGGCCG"	"CASSVPPFTGNPGEQYF"	"GCCCAAAAGAACCCGACAGCTTTCTATCTCTGTGCCAGTAGTGTTCCACCATTCACCGGGAACCCTGGCGAGCAGTACTTCGGGCCG"	"CASSVPPFTGNPGEQYF"	"TCRBV19-1*1"	"TCRBD2-1*2"	"TCRBJ2-7*1"	42	56	61	68	14	7	NA	NA	"GCCCAAAAGAACCCGACAGCTTTCTATCTCTGTGCCAGTAGTGTTCCACCATTCACCGGGAACCCTGGCGAGCAGTACTTCGGGCCG"	FALSE	TRUE	NA	NA	NA	NA
"GCCAGCACCAACCAGACATCTATGTACCTCTGTGCCAGCAATTATGTTGGTGTAGGGGGGCCAAATCAGCCCCAGCATTTTGGTGAT"	"CASNYVGVGGPNQPQHF"	"GCCAGCACCAACCAGACATCTATGTACCTCTGTGCCAGCAATTATGTTGGTGTAGGGGGGCCAAATCAGCCCCAGCATTTTGGTGAT"	"CASNYVGVGGPNQPQHF"	"TCRBV28-1*1"	NA	"TCRBJ1-5*1"	40	53	59	63	13	4	NA	NA	"GCCAGCACCAACCAGACATCTATGTACCTCTGTGCCAGCAATTATGTTGGTGTAGGGGGGCCAAATCAGCCCCAGCATTTTGGTGAT"	FALSE	TRUE	NA	NA	NA	NA
"CTCAAGATCCAGCCTGCAGAGCTTGGGGACTCGGCCGTGTATCTCTGTGCCAGCAGCTTAGGGGACCGAGCGCAGTACTTCGGGCCG"	"CASSLGDRAQYF"	"CTCAAGATCCAGCCTGCAGAGCTTGGGGACTCGGCCGTGTATCTCTGTGCCAGCAGCTTAGGGGACCGAGCGCAGTACTTCGGGCCG"	"CASSLGDRAQYF"	"TCRBV11-3*1"	NA	"TCRBJ2-7*1"	-1	61	66	71	62	5	NA	NA	"CTCAAGATCCAGCCTGCAGAGCTTGGGGACTCGGCCGTGTATCTCTGTGCCAGCAGCTTAGGGGACCGAGCGCAGTACTTCGGGCCG"	FALSE	TRUE	NA	NA	NA	NA
"CATCCGCTCACCAGGCCTGGGGGACGCAGCCATGTACCTGTGTGCCACCAGCGGGGACAGTGAGGCTCAGCCCAGCATTTTGGTGAT"	""	"CATCCGCTCACCAGGCCTGGGGGACGCAGCCATGTACCTGTGTGCCACCAGCGGGGACAGTGAGGCTCAGCCCAGCATTTTGGTGAT"	""	"TCRBV15-1*2"	"TCRBD1-1*1"	"TCRBJ1-5*1"	52	53	60	70	1	10	NA	NA	"CATCCGCTCACCAGGCCTGGGGGACGCAGCCATGTACCTGTGTGCCACCAGCGGGGACAGTGAGGCTCAGCCCAGCATTTTGGTGAT"	FALSE	FALSE	NA	NA	NA	NA
"AATGTGAGCACCTTGGAGCTGGGGGACTCGGCCCTTTATCTTTGCGCCAGCAGCCCGGGACTACAAAACATTCAGTACTTCGGCGCC"	"CASSPGLQNIQYF"	"AATGTGAGCACCTTGGAGCTGGGGGACTCGGCCCTTTATCTTTGCGCCAGCAGCCCGGGACTACAAAACATTCAGTACTTCGGCGCC"	"CASSPGLQNIQYF"	"TCRBV5-1*1"	"TCRBD2-1"	"TCRBJ2-4*1"	54	56	63	64	2	1	NA	NA	"AATGTGAGCACCTTGGAGCTGGGGGACTCGGCCCTTTATCTTTGCGCCAGCAGCCCGGGACTACAAAACATTCAGTACTTCGGCGCC"	FALSE	TRUE	NA	NA	NA	NA
"NNNNNNNNNNTGTCGGCTGCTCCCTCCCAGACATCTGTGTACTTCTGTGCCAGCAGTTACCGAGATCAGCCCCAGCATTTTGGTGAT"	"CASSYRDQPQHF"	"NNNNNNNNNNTGTCGGCTGCTCCCTCCCAGACATCTGTGTACTTCTGTGCCAGCAGTTACCGAGATCAGCCCCAGCATTTTGGTGAT"	"CASSYRDQPQHF"	"TCRBV6-5*1"	"TCRBD2-1*2"	"TCRBJ1-5*1"	60	61	-1	64	1	65	NA	NA	"NNNNNNNNNNTGTCGGCTGCTCCCTCCCAGACATCTGTGTACTTCTGTGCCAGCAGTTACCGAGATCAGCCCCAGCATTTTGGTGAT"	FALSE	TRUE	NA	NA	NA	NA
"TGGAGTCCGCTACCCGCTCCCAGACATCTGTGTATTTCTGCGCCAGCCCCGGGGGACTAGCGGGAGTACGAGCAGTACTTCGGGCCG"	""	"TGGAGTCCGCTACCCGCTCCCAGACATCTGTGTATTTCTGCGCCAGCCCCGGGGGACTAGCGGGAGTACGAGCAGTACTTCGGGCCG"	""	"TCRBV1-2*1"	"TCRBD2-1*2"	"TCRBJ2-7*1"	47	52	-1	66	5	67	NA	NA	"TGGAGTCCGCTACCCGCTCCCAGACATCTGTGTATTTCTGCGCCAGCCCCGGGGGACTAGCGGGAGTACGAGCAGTACTTCGGGCCG"	FALSE	FALSE	NA	NA	NA	NA
"ACGATCCAGCGCACAGAGCAGGAGGACTCCGCCGTGTATCTCTGTGCCAGCAGCGCCGGTCGCACAGATACGCAGTATTTTGGCCCA"	"CASSAGRTDTQYF"	"ACGATCCAGCGCACAGAGCAGGAGGACTCCGCCGTGTATCTCTGTGCCAGCAGCGCCGGTCGCACAGATACGCAGTATTTTGGCCCA"	"CASSAGRTDTQYF"	"TCRBV7-8"	"TCRBD2-1"	"TCRBJ2-3*1"	54	56	59	61	2	2	NA	NA	"ACGATCCAGCGCACAGAGCAGGAGGACTCCGCCGTGTATCTCTGTGCCAGCAGCGCCGGTCGCACAGATACGCAGTATTTTGGCCCA"	FALSE	TRUE	NA	NA	NA	NA
"CAGCGGGACTCAGCCATGTATCGCTGTGCTAGCAGCCCCAATTTAGCGGGAGGAGGGCGAGGCACCGGGGAGCTGTTTTTTGGAGAA"	"CASSPNLAGGGRGTGELFF"	"CAGCGGGACTCAGCCATGTATCGCTGTGCTAGCAGCCCCAATTTAGCGGGAGGAGGGCGAGGCACCGGGGAGCTGTTTTTTGGAGAA"	"CASSPNLAGGGRGTGELFF"	"TCRBV7-7*1"	"TCRBD2-1*2"	"TCRBJ2-2*1"	36	43	53	62	7	9	NA	NA	"CAGCGGGACTCAGCCATGTATCGCTGTGCTAGCAGCCCCAATTTAGCGGGAGGAGGGCGAGGCACCGGGGAGCTGTTTTTTGGAGAA"	FALSE	TRUE	NA	NA	NA	NA
"CCTGTCCCTAGAGTCTGCCATCCCCAACCAGACAGCTCTTTACTTCTGTGCCACCAGTGTGGTACAGATACGCAGTATTTTGGCCCA"	""	"CCTGTCCCTAGAGTCTGCCATCCCCAACCAGACAGCTCTTTACTTCTGTGCCACCAGTGTGGTACAGATACGCAGTATTTTGGCCCA"	""	"TCRBV24-1*1"	NA	"TCRBJ2-3*1"	59	60	62	63	1	1	NA	NA	"CCTGTCCCTAGAGTCTGCCATCCCCAACCAGACAGCTCTTTACTTCTGTGCCACCAGTGTGGTACAGATACGCAGTATTTTGGCCCA"	FALSE	FALSE	NA	NA	NA	NA
"GTGACATCGGCCCAAAAGAACCCGACAGCTTTCTATCTCTGTGCCAGTCAGAGAGACGCTGGGGCCAACGTCCTGACTTTCGGGGCC"	"CASQRDAGANVLTF"	"GTGACATCGGCCCAAAAGAACCCGACAGCTTTCTATCTCTGTGCCAGTCAGAGAGACGCTGGGGCCAACGTCCTGACTTTCGGGGCC"	"CASQRDAGANVLTF"	"TCRBV19-1*1"	NA	"TCRBJ2-6*1"	48	54	57	58	6	1	NA	NA	"GTGACATCGGCCCAAAAGAACCCGACAGCTTTCTATCTCTGTGCCAGTCAGAGAGACGCTGGGGCCAACGTCCTGACTTTCGGGGCC"	FALSE	TRUE	NA	NA	NA	NA
"GTGCAGCCTGCAGAACTGGAGGATTCTGGAGTTTATTTCTGTGCCAGCAGCCAAGGGGGGACCGGCGCTGAAGCTTTCTTTGGACAA"	"CASSQGGTGAEAFF"	"GTGCAGCCTGCAGAACTGGAGGATTCTGGAGTTTATTTCTGTGCCAGCAGCCAAGGGGGGACCGGCGCTGAAGCTTTCTTTGGACAA"	"CASSQGGTGAEAFF"	"TCRBV14-1*1"	NA	"TCRBJ1-1*1"	55	57	62	67	2	5	NA	NA	"GTGCAGCCTGCAGAACTGGAGGATTCTGGAGTTTATTTCTGTGCCAGCAGCCAAGGGGGGACCGGCGCTGAAGCTTTCTTTGGACAA"	FALSE	TRUE	NA	NA	NA	NA
"GCCAGGCCCTCACATACCTCTCAGTACCTCTGTGCCAGCAGTGATTCAGGGACTAGCGGGACCACAGATACGCAGTATTTTGGCCCA"	"CASSDSGTSGTTDTQYF"	"GCCAGGCCCTCACATACCTCTCAGTACCTCTGTGCCAGCAGTGATTCAGGGACTAGCGGGACCACAGATACGCAGTATTTTGGCCCA"	"CASSDSGTSGTTDTQYF"	"TCRBV25-1*1"	"TCRBD2-1*2"	"TCRBJ2-3*1"	44	48	61	62	4	1	NA	NA	"GCCAGGCCCTCACATACCTCTCAGTACCTCTGTGCCAGCAGTGATTCAGGGACTAGCGGGACCACAGATACGCAGTATTTTGGCCCA"	FALSE	TRUE	NA	NA	NA	NA
"TCCACGGAGTCAGGGGACACAGCACTGTATTTCTGTGCCAGCAGCAAAGTTGTGCGGCAGACTCCGGATACGCAGTATTTTGGCCCA"	"CASSKVVRQTPDTQYF"	"TCCACGGAGTCAGGGGACACAGCACTGTATTTCTGTGCCAGCAGCAAAGTTGTGCGGCAGACTCCGGATACGCAGTATTTTGGCCCA"	"CASSKVVRQTPDTQYF"	"TCRBV21-1*1"	"TCRBD2-1"	"TCRBJ2-3*1"	49	59	63	66	10	3	NA	NA	"TCCACGGAGTCAGGGGACACAGCACTGTATTTCTGTGCCAGCAGCAAAGTTGTGCGGCAGACTCCGGATACGCAGTATTTTGGCCCA"	FALSE	TRUE	NA	NA	NA	NA
"GCAGAACTGGAGGATTCTGGAGTTTATTTCTGTGCCAGCAGCCTCCGTGGAGGACTAGCGGGTTCCCACGAGCAGTACTTCGGGCCG"	"CASSLRGGLAGSHEQYF"	"GCAGAACTGGAGGATTCTGGAGTTTATTTCTGTGCCAGCAGCCTCCGTGGAGGACTAGCGGGTTCCCACGAGCAGTACTTCGGGCCG"	"CASSLRGGLAGSHEQYF"	"TCRBV14-1*1"	"TCRBD2-1"	"TCRBJ2-7*1"	43	51	62	67	8	5	NA	NA	"GCAGAACTGGAGGATTCTGGAGTTTATTTCTGTGCCAGCAGCCTCCGTGGAGGACTAGCGGGTTCCCACGAGCAGTACTTCGGGCCG"	FALSE	TRUE	NA	NA	NA	NA
"AACGCCTTGGAGCTGGACGACTCGGCCCTGTATCTCTGTGCCAGCAGCTTGCGTACTAGCGGAACCAATGAGCAGTTCTTCGGGCCA"	"CASSLRTSGTNEQFF"	"AACGCCTTGGAGCTGGACGACTCGGCCCTGTATCTCTGTGCCAGCAGCTTGCGTACTAGCGGAACCAATGAGCAGTTCTTCGGGCCA"	"CASSLRTSGTNEQFF"	"TCRBV5-4*1"	"TCRBD2-1"	"TCRBJ2-1*1"	51	54	62	65	3	3	NA	NA	"AACGCCTTGGAGCTGGACGACTCGGCCCTGTATCTCTGTGCCAGCAGCTTGCGTACTAGCGGAACCAATGAGCAGTTCTTCGGGCCA"	FALSE	TRUE	NA	NA	NA	NA
"ACTGTGAGCAACATGAGCCCTGAAGACAGCAGCATATATCTCTGCAGCGTAGCTACAGGGTCTAACACTGAAGCTTTCTTTGGACAA"	"CSVATGSNTEAFF"	"ACTGTGAGCAACATGAGCCCTGAAGACAGCAGCATATATCTCTGCAGCGTAGCTACAGGGTCTAACACTGAAGCTTTCTTTGGACAA"	"CSVATGSNTEAFF"	"TCRBV29-1"	"TCRBD1-1*1"	"TCRBJ1-1*1"	50	54	60	63	4	3	NA	NA	"ACTGTGAGCAACATGAGCCCTGAAGACAGCAGCATATATCTCTGCAGCGTAGCTACAGGGTCTAACACTGAAGCTTTCTTTGGACAA"	FALSE	TRUE	NA	NA	NA	NA
"ATCCAGCGCACACAGCAGGAGGACTCGGCCGTGTATCTCTGTGCCAGCAGGACTAGCGGGGGCCTCAATGAGCAGTTCTTCGGGCCA"	"CASRTSGGLNEQFF"	"ATCCAGCGCACACAGCAGGAGGACTCGGCCGTGTATCTCTGTGCCAGCAGGACTAGCGGGGGCCTCAATGAGCAGTTCTTCGGGCCA"	"CASRTSGGLNEQFF"	"TCRBV7-2"	"TCRBD2-1*1"	"TCRBJ2-1*1"	-1	50	62	65	51	3	NA	NA	"ATCCAGCGCACACAGCAGGAGGACTCGGCCGTGTATCTCTGTGCCAGCAGGACTAGCGGGGGCCTCAATGAGCAGTTCTTCGGGCCA"	FALSE	TRUE	NA	NA	NA	NA
"GTCAGGGGACACAGCACTGTATTTCTGTGCCAGCAGCAAAACCCCGATGGATGGGAGGAGGGGGCCCACGAGCAGTACTTCGGGCCG"	""	"GTCAGGGGACACAGCACTGTATTTCTGTGCCAGCAGCAAAACCCCGATGGATGGGAGGAGGGGGCCCACGAGCAGTACTTCGGGCCG"	""	"TCRBV21-1*1"	"TCRBD1-1*1"	"TCRBJ2-7*1"	40	58	65	67	18	2	NA	NA	"GTCAGGGGACACAGCACTGTATTTCTGTGCCAGCAGCAAAACCCCGATGGATGGGAGGAGGGGGCCCACGAGCAGTACTTCGGGCCG"	FALSE	FALSE	NA	NA	NA	NA
"GCTGTACCCTCTCAGACATCTGTGTACTTCTGTGCCAGCAGTGCGAGCTATAGCGGAAGCGGCACAGATACGCAGTATTTTGGCCCA"	"CASSASYSGSGTDTQYF"	"GCTGTACCCTCTCAGACATCTGTGTACTTCTGTGCCAGCAGTGCGAGCTATAGCGGAAGCGGCACAGATACGCAGTATTTTGGCCCA"	"CASSASYSGSGTDTQYF"	"TCRBV6-4*1"	"TCRBD2-1"	"TCRBJ2-3*1"	43	50	56	61	7	5	NA	NA	"GCTGTACCCTCTCAGACATCTGTGTACTTCTGTGCCAGCAGTGCGAGCTATAGCGGAAGCGGCACAGATACGCAGTATTTTGGCCCA"	FALSE	TRUE	NA	NA	NA	NA
"GAGATCCAGCGCACAGAGCAGGGGGACTCGGCCATGTATCTCTGTGCCAGCCCAGGACTAGCGGACAATGAGCAGTTCTTCGGGCCA"	"CASPGLADNEQFF"	"GAGATCCAGCGCACAGAGCAGGGGGACTCGGCCATGTATCTCTGTGCCAGCCCAGGACTAGCGGACAATGAGCAGTTCTTCGGGCCA"	"CASPGLADNEQFF"	"TCRBV7-9"	"TCRBD2-1"	"TCRBJ2-1*1"	51	54	-1	64	3	65	NA	NA	"GAGATCCAGCGCACAGAGCAGGGGGACTCGGCCATGTATCTCTGTGCCAGCCCAGGACTAGCGGACAATGAGCAGTTCTTCGGGCCA"	FALSE	TRUE	NA	NA	NA	NA
"TCGCCCAGCCCCAACCAGACCTCTCTGTACTTCTGTGCCAGCAGTTTCCGATGGGACAGTTTTTCCACTGAAGCTTTCTTTGGACAA"	"CASSFRWDSFSTEAFF"	"TCGCCCAGCCCCAACCAGACCTCTCTGTACTTCTGTGCCAGCAGTTTCCGATGGGACAGTTTTTCCACTGAAGCTTTCTTTGGACAA"	"CASSFRWDSFSTEAFF"	"TCRBV27-1*1"	"TCRBD1-1*1"	"TCRBJ1-1*1"	47	52	59	65	5	6	NA	NA	"TCGCCCAGCCCCAACCAGACCTCTCTGTACTTCTGTGCCAGCAGTTTCCGATGGGACAGTTTTTCCACTGAAGCTTTCTTTGGACAA"	FALSE	TRUE	NA	NA	NA	NA
"ATCCAGCCTGCAGAGCTTGGGGACTCGGCCGTGTATCTCTGTGCCAGCAGCTTCACAGGACGTCTTCAAAAACTGTTTTTTGGCAGT"	"CASSFTGRLQKLFF"	"ATCCAGCCTGCAGAGCTTGGGGACTCGGCCGTGTATCTCTGTGCCAGCAGCTTCACAGGACGTCTTCAAAAACTGTTTTTTGGCAGT"	"CASSFTGRLQKLFF"	"TCRBV11-3*1"	"TCRBD1-1*1"	"TCRBJ1-4*1"	53	54	59	67	1	8	NA	NA	"ATCCAGCCTGCAGAGCTTGGGGACTCGGCCGTGTATCTCTGTGCCAGCAGCTTCACAGGACGTCTTCAAAAACTGTTTTTTGGCAGT"	FALSE	TRUE	NA	NA	NA	NA
"ACAGAGCAGGGGGACTCGGCCATGTATCTCTGTGCCAGCAGCCACGGGACTAGCGGGAGGGCCCGCAATGAGCAGTTCTTCGGGCCA"	"CASSHGTSGRARNEQFF"	"ACAGAGCAGGGGGACTCGGCCATGTATCTCTGTGCCAGCAGCCACGGGACTAGCGGGAGGGCCCGCAATGAGCAGTTCTTCGGGCCA"	"CASSHGTSGRARNEQFF"	"TCRBV7-9*1"	"TCRBD2-1*2"	"TCRBJ2-1*1"	42	45	61	65	3	4	NA	NA	"ACAGAGCAGGGGGACTCGGCCATGTATCTCTGTGCCAGCAGCCACGGGACTAGCGGGAGGGCCCGCAATGAGCAGTTCTTCGGGCCA"	FALSE	TRUE	NA	NA	NA	NA
"ATCCAGCGCACAGAGCAGGGGGACTCGGCCATGTATCTCTGTGCCAGCAGCCCCGGGCCGCTTCAAGAGACCCAGTACTTCGGGCCA"	"CASSPGPLQETQYF"	"ATCCAGCGCACAGAGCAGGGGGACTCGGCCATGTATCTCTGTGCCAGCAGCCCCGGGCCGCTTCAAGAGACCCAGTACTTCGGGCCA"	"CASSPGPLQETQYF"	"TCRBV7-9*1"	NA	"TCRBJ2-5*1"	51	54	58	63	3	5	NA	NA	"ATCCAGCGCACAGAGCAGGGGGACTCGGCCATGTATCTCTGTGCCAGCAGCCCCGGGCCGCTTCAAGAGACCCAGTACTTCGGGCCA"	FALSE	TRUE	NA	NA	NA	NA
"ACGATCCAGCGCACAGAGCAGGAGGACTCGGCCGTGTATCTCTGTGCCAGCAGCTTAGTGGTTAACTATGGCTACACCTTCGGTTCG"	"CASSLVVNYGYTF"	"ACGATCCAGCGCACAGAGCAGGAGGACTCGGCCGTGTATCTCTGTGCCAGCAGCTTAGTGGTTAACTATGGCTACACCTTCGGTTCG"	"CASSLVVNYGYTF"	"TCRBV7-2"	NA	"TCRBJ1-2*1"	58	59	61	62	1	1	NA	NA	"ACGATCCAGCGCACAGAGCAGGAGGACTCGGCCGTGTATCTCTGTGCCAGCAGCTTAGTGGTTAACTATGGCTACACCTTCGGTTCG"	FALSE	TRUE	NA	NA	NA	NA
"NTGTCGGCTGCTCCCTCCCAGACATCTGTGTACTTCTGTGCCAGCAGTTACTGGCACAGGGAATCGGAGACCCAGTACTTCGGGCCA"	"CASSYWHRESETQYF"	"NTGTCGGCTGCTCCCTCCCAGACATCTGTGTACTTCTGTGCCAGCAGTTACTGGCACAGGGAATCGGAGACCCAGTACTTCGGGCCA"	"CASSYWHRESETQYF"	"TCRBV6-5*1"	"TCRBD1-1*1"	"TCRBJ2-5*1"	52	55	61	66	3	5	NA	NA	"NTGTCGGCTGCTCCCTCCCAGACATCTGTGTACTTCTGTGCCAGCAGTTACTGGCACAGGGAATCGGAGACCCAGTACTTCGGGCCA"	FALSE	TRUE	NA	NA	NA	NA
"TAGAGTCTGCCATCCCCAACCAGACAGCTCTTTACTTCTGTGCCACCCGTGAGCCCGTACTGACAAGAGACCCAGTACTTCGGGCCA"	""	"TAGAGTCTGCCATCCCCAACCAGACAGCTCTTTACTTCTGTGCCACCCGTGAGCCCGTACTGACAAGAGACCCAGTACTTCGGGCCA"	""	"TCRBV24-1*1"	"TCRBD2-1"	"TCRBJ2-5*1"	52	58	61	63	6	2	NA	NA	"TAGAGTCTGCCATCCCCAACCAGACAGCTCTTTACTTCTGTGCCACCCGTGAGCCCGTACTGACAAGAGACCCAGTACTTCGGGCCA"	FALSE	FALSE	NA	NA	NA	NA
"GTGACATCGGCCCAAAAGAACCCGACAGCTTTCTATCTCTGTGCCACCGAAGGACGGCATAGCAATCAGCCCCAGCATTTTGGTGAT"	"CATEGRHSNQPQHF"	"GTGACATCGGCCCAAAAGAACCCGACAGCTTTCTATCTCTGTGCCACCGAAGGACGGCATAGCAATCAGCCCCAGCATTTTGGTGAT"	"CATEGRHSNQPQHF"	"TCRBV19-1*1"	NA	"TCRBJ1-5*1"	46	51	55	59	5	4	NA	NA	"GTGACATCGGCCCAAAAGAACCCGACAGCTTTCTATCTCTGTGCCACCGAAGGACGGCATAGCAATCAGCCCCAGCATTTTGGTGAT"	FALSE	TRUE	NA	NA	NA	NA
"AGCTCTCTGGAGCTGGGGGACTCAGCTTTGTATTTCTGTGCCAGCAGCGTAGACCCGGGGGAGTTGGGGGAGCTGTTTTTTGGAGAA"	"CASSVDPGELGELFF"	"AGCTCTCTGGAGCTGGGGGACTCAGCTTTGTATTTCTGTGCCAGCAGCGTAGACCCGGGGGAGTTGGGGGAGCTGTTTTTTGGAGAA"	"CASSVDPGELGELFF"	"TCRBV9-1*1"	"TCRBD2-1*1"	"TCRBJ2-2*1"	52	55	61	66	3	5	NA	NA	"AGCTCTCTGGAGCTGGGGGACTCAGCTTTGTATTTCTGTGCCAGCAGCGTAGACCCGGGGGAGTTGGGGGAGCTGTTTTTTGGAGAA"	FALSE	TRUE	NA	NA	NA	NA
"CACAGAGCGGGGGGACTCAGCCGTGTATCTCTGTGCCAGCAGCTTCCGCGGGAGGGCCTGAACACCGGGGAGCTGTTTTTTGGAGAA"	""	"CACAGAGCGGGGGGACTCAGCCGTGTATCTCTGTGCCAGCAGCTTCCGCGGGAGGGCCTGAACACCGGGGAGCTGTTTTTTGGAGAA"	""	"TCRBV7-3*1"	"TCRBD2-1*2"	"TCRBJ2-2*1"	45	47	56	59	2	3	NA	NA	"CACAGAGCGGGGGGACTCAGCCGTGTATCTCTGTGCCAGCAGCTTCCGCGGGAGGGCCTGAACACCGGGGAGCTGTTTTTTGGAGAA"	FALSE	FALSE	NA	NA	NA	NA
"GTGAACGCCTTGGAGCTGGACGACTCGGCCCTGTATCTCTGTGCCAGCAGCCGACAGGGGTACAATTCACCCCTCCACTTTGGGAAT"	"CASSRQGYNSPLHF"	"GTGAACGCCTTGGAGCTGGACGACTCGGCCCTGTATCTCTGTGCCAGCAGCCGACAGGGGTACAATTCACCCCTCCACTTTGGGAAT"	"CASSRQGYNSPLHF"	"TCRBV5-4*1"	"TCRBD1-1*1"	"TCRBJ1-6*1"	51	52	60	63	1	3	NA	NA	"GTGAACGCCTTGGAGCTGGACGACTCGGCCCTGTATCTCTGTGCCAGCAGCCGACAGGGGTACAATTCACCCCTCCACTTTGGGAAT"	FALSE	TRUE	NA	NA	NA	NA
"CTAAGAAGCTCCTTCTCAGTGACTCTGGCTTCTATCTCTGTGCCTGGTAGCGGAGTGCCGAACACCGGGGAGCTGTTTTTTGGAGAA"	""	"CTAAGAAGCTCCTTCTCAGTGACTCTGGCTTCTATCTCTGTGCCTGGTAGCGGAGTGCCGAACACCGGGGAGCTGTTTTTTGGAGAA"	""	"TCRBV3-1"	"TCRBD2-1"	"TCRBJ2-2*1"	-1	47	53	58	48	5	NA	NA	"CTAAGAAGCTCCTTCTCAGTGACTCTGGCTTCTATCTCTGTGCCTGGTAGCGGAGTGCCGAACACCGGGGAGCTGTTTTTTGGAGAA"	FALSE	FALSE	NA	NA	NA	NA
"CGGGGGGACTCAGCCGTGTATCTCTGTGCCAGCAGCCCCCGCGCTCGGACAGGGGTTAGAGGGAACACTGAAGCTTTCTTTGGACAA"	"CASSPRARTGVRGNTEAFF"	"CGGGGGGACTCAGCCGTGTATCTCTGTGCCAGCAGCCCCCGCGCTCGGACAGGGGTTAGAGGGAACACTGAAGCTTTCTTTGGACAA"	"CASSPRARTGVRGNTEAFF"	"TCRBV7-3*1"	"TCRBD1-1*1"	"TCRBJ1-1*1"	36	46	55	62	10	7	NA	NA	"CGGGGGGACTCAGCCGTGTATCTCTGTGCCAGCAGCCCCCGCGCTCGGACAGGGGTTAGAGGGAACACTGAAGCTTTCTTTGGACAA"	FALSE	TRUE	NA	NA	NA	NA
"AAGATCCAGCGCACAGAGCGGGGGGACTCAGCCGTGTATCTCTGTGCCAGCAGCGCGGAACCTGACACTGAAGCTTTCTTTGGACAA"	"CASSAEPDTEAFF"	"AAGATCCAGCGCACAGAGCGGGGGGACTCAGCCGTGTATCTCTGTGCCAGCAGCGCGGAACCTGACACTGAAGCTTTCTTTGGACAA"	"CASSAEPDTEAFF"	"TCRBV7-3*1"	"TCRBD2-1"	"TCRBJ1-1*1"	-1	54	58	64	55	6	NA	NA	"AAGATCCAGCGCACAGAGCGGGGGGACTCAGCCGTGTATCTCTGTGCCAGCAGCGCGGAACCTGACACTGAAGCTTTCTTTGGACAA"	FALSE	TRUE	NA	NA	NA	NA
"CAGCGCACACAGCAGGAGGACTCCGCCGTGTATCTCTGTGCCAGCAGCTTATTCACCGGGAGAGTGTTCGAGCAGTACTTCGGGCCG"	"CASSLFTGRVFEQYF"	"CAGCGCACACAGCAGGAGGACTCCGCCGTGTATCTCTGTGCCAGCAGCTTATTCACCGGGAGAGTGTTCGAGCAGTACTTCGGGCCG"	"CASSLFTGRVFEQYF"	"TCRBV7-8*1"	"TCRBD2-1*2"	"TCRBJ2-7*1"	51	56	62	68	5	6	NA	NA	"CAGCGCACACAGCAGGAGGACTCCGCCGTGTATCTCTGTGCCAGCAGCTTATTCACCGGGAGAGTGTTCGAGCAGTACTTCGGGCCG"	FALSE	TRUE	NA	NA	NA	NA
"CAGCGCACAGAGCGGGGGGACTCAGCCGTGTATCTCTGTGCCAGCAGTCATCTCGGCGGAAACACCGGGGAGCTGTTTTTTGGAGAA"	"CASSHLGGNTGELFF"	"CAGCGCACAGAGCGGGGGGACTCAGCCGTGTATCTCTGTGCCAGCAGTCATCTCGGCGGAAACACCGGGGAGCTGTTTTTTGGAGAA"	"CASSHLGGNTGELFF"	"TCRBV7-3*1"	"TCRBD2-1"	"TCRBJ2-2*1"	47	55	59	60	8	1	NA	NA	"CAGCGCACAGAGCGGGGGGACTCAGCCGTGTATCTCTGTGCCAGCAGTCATCTCGGCGGAAACACCGGGGAGCTGTTTTTTGGAGAA"	FALSE	TRUE	NA	NA	NA	NA
"CACATCAATTCCCTGGAGCTTGGTGACTCTGCTGTGTATTTCTGTGCCAGCAGCCAAAGTTTTAAAGATACGCAGTATTTTGGCCCA"	"CASSQSFKDTQYF"	"CACATCAATTCCCTGGAGCTTGGTGACTCTGCTGTGTATTTCTGTGCCAGCAGCCAAAGTTTTAAAGATACGCAGTATTTTGGCCCA"	"CASSQSFKDTQYF"	"TCRBV3-1/3-2*1"	NA	"TCRBJ2-3*1"	-1	57	59	65	58	6	NA	NA	"CACATCAATTCCCTGGAGCTTGGTGACTCTGCTGTGTATTTCTGTGCCAGCAGCCAAAGTTTTAAAGATACGCAGTATTTTGGCCCA"	FALSE	TRUE	NA	NA	NA	NA
"TCGGCTGCTCCCTCCCAGACATCTGTGTACTTCTGTGCCAGCAGTTCCTCACTAGCGGGAGGCTACAATGAGCAGTTCTTCGGGCCA"	"CASSSSLAGGYNEQFF"	"TCGGCTGCTCCCTCCCAGACATCTGTGTACTTCTGTGCCAGCAGTTCCTCACTAGCGGGAGGCTACAATGAGCAGTTCTTCGGGCCA"	"CASSSSLAGGYNEQFF"	"TCRBV6-5*1"	"TCRBD2-1*2"	"TCRBJ2-1*1"	-1	50	-1	62	51	63	NA	NA	"TCGGCTGCTCCCTCCCAGACATCTGTGTACTTCTGTGCCAGCAGTTCCTCACTAGCGGGAGGCTACAATGAGCAGTTCTTCGGGCCA"	FALSE	TRUE	NA	NA	NA	NA
"CACGCCCTGCAGCCAGAAGACTCAGCCCTGTATCTCTGCGCCAGCAGCCAACCCCCGACAGGGGCCTACGAGCAGTACTTCGGGCCG"	"CASSQPPTGAYEQYF"	"CACGCCCTGCAGCCAGAAGACTCAGCCCTGTATCTCTGCGCCAGCAGCCAACCCCCGACAGGGGCCTACGAGCAGTACTTCGGGCCG"	"CASSQPPTGAYEQYF"	"TCRBV4-1*1"	"TCRBD1-1*1"	"TCRBJ2-7*1"	51	56	-1	64	5	65	NA	NA	"CACGCCCTGCAGCCAGAAGACTCAGCCCTGTATCTCTGCGCCAGCAGCCAACCCCCGACAGGGGCCTACGAGCAGTACTTCGGGCCG"	FALSE	TRUE	NA	NA	NA	NA
"GCGCACAGAGCGGGGGGACTCAGCCGTGTATCTCTGTGCCAGCAGCGAATCCGGGACTAGCGGGAGGGAGGGCGGTTCTTCGGGCCA"	""	"GCGCACAGAGCGGGGGGACTCAGCCGTGTATCTCTGTGCCAGCAGCGAATCCGGGACTAGCGGGAGGGAGGGCGGTTCTTCGGGCCA"	""	"TCRBV7-3*1"	"TCRBD2-1*2"	"TCRBJ2-1*1"	46	52	68	74	6	6	NA	NA	"GCGCACAGAGCGGGGGGACTCAGCCGTGTATCTCTGTGCCAGCAGCGAATCCGGGACTAGCGGGAGGGAGGGCGGTTCTTCGGGCCA"	FALSE	FALSE	NA	NA	NA	NA
"GCGTCTGCTGTACCCTCTCAGACATCTGTGTACTTCTGTGCCAGCAGTGATCCCCAGGGGTCCGACACTGAAGCTTTCTTTGGACAA"	"CASSDPQGSDTEAFF"	"GCGTCTGCTGTACCCTCTCAGACATCTGTGTACTTCTGTGCCAGCAGTGATCCCCAGGGGTCCGACACTGAAGCTTTCTTTGGACAA"	"CASSDPQGSDTEAFF"	"TCRBV6-4*1"	"TCRBD1-1*1"	"TCRBJ1-1*1"	50	54	60	64	4	4	NA	NA	"GCGTCTGCTGTACCCTCTCAGACATCTGTGTACTTCTGTGCCAGCAGTGATCCCCAGGGGTCCGACACTGAAGCTTTCTTTGGACAA"	FALSE	TRUE	NA	NA	NA	NA
"NTGAAGATCCAGCCCTCAGAACCCAGGGACTCAGCTGTGTATTTTTGTGCTAGTGGTTCAACCTATACCGAGCAGTACTTCGGGCCG"	"CASGSTYTEQYF"	"NTGAAGATCCAGCCCTCAGAACCCAGGGACTCAGCTGTGTATTTTTGTGCTAGTGGTTCAACCTATACCGAGCAGTACTTCGGGCCG"	"CASGSTYTEQYF"	"TCRBV12-5*1"	"TCRBD2-1"	"TCRBJ2-7*1"	58	62	65	68	4	3	NA	NA	"NTGAAGATCCAGCCCTCAGAACCCAGGGACTCAGCTGTGTATTTTTGTGCTAGTGGTTCAACCTATACCGAGCAGTACTTCGGGCCG"	FALSE	TRUE	NA	NA	NA	NA
"CCTGCAAAGCTTGAGGACTCGGCCGTGTATCTCTGTGCCAGCAGCTTAGAGTCAGGCTCGAACACCGGGGAGCTGTTTTTTGGAGAA"	"CASSLESGSNTGELFF"	"CCTGCAAAGCTTGAGGACTCGGCCGTGTATCTCTGTGCCAGCAGCTTAGAGTCAGGCTCGAACACCGGGGAGCTGTTTTTTGGAGAA"	"CASSLESGSNTGELFF"	"TCRBV11-2"	"TCRBD1-1*1"	"TCRBJ2-2*1"	50	52	56	58	2	2	NA	NA	"CCTGCAAAGCTTGAGGACTCGGCCGTGTATCTCTGTGCCAGCAGCTTAGAGTCAGGCTCGAACACCGGGGAGCTGTTTTTTGGAGAA"	FALSE	TRUE	NA	NA	NA	NA
"AGCAACATGAGCCCTGAAGACAGCAGCATATATCTCTGCAGCGTTAGGACTTACAGGCCTGAGGGCTACGAGCAGTACTTCGGGCCG"	"CSVRTYRPEGYEQYF"	"AGCAACATGAGCCCTGAAGACAGCAGCATATATCTCTGCAGCGTTAGGACTTACAGGCCTGAGGGCTACGAGCAGTACTTCGGGCCG"	"CSVRTYRPEGYEQYF"	"TCRBV29-1"	NA	"TCRBJ2-7*1"	45	52	57	65	7	8	NA	NA	"AGCAACATGAGCCCTGAAGACAGCAGCATATATCTCTGCAGCGTTAGGACTTACAGGCCTGAGGGCTACGAGCAGTACTTCGGGCCG"	FALSE	TRUE	NA	NA	NA	NA
"TCCCTGTCCCTAGAGTCTGCCATCCCCAACCAGACAGCTCTTTACTTCTGTGCCACCAGTGACCCGGCTGAAGCTTTCTTTGGACAA"	"CATSDPAEAFF"	"TCCCTGTCCCTAGAGTCTGCCATCCCCAACCAGACAGCTCTTTACTTCTGTGCCACCAGTGACCCGGCTGAAGCTTTCTTTGGACAA"	"CATSDPAEAFF"	"TCRBV24-1*1"	"TCRBD2-1"	"TCRBJ1-1*1"	62	64	-1	67	2	68	NA	NA	"TCCCTGTCCCTAGAGTCTGCCATCCCCAACCAGACAGCTCTTTACTTCTGTGCCACCAGTGACCCGGCTGAAGCTTTCTTTGGACAA"	FALSE	TRUE	NA	NA	NA	NA
"ACTGTGAGCAACATGAGCCCTGAAGACAGCAGCATATATCTCTGCAGCGTTCGCCCGGGGGAAGGCTACGAGCAGTACTTCGGGCCG"	"CSVRPGEGYEQYF"	"ACTGTGAGCAACATGAGCCCTGAAGACAGCAGCATATATCTCTGCAGCGTTCGCCCGGGGGAAGGCTACGAGCAGTACTTCGGGCCG"	"CSVRPGEGYEQYF"	"TCRBV29-1"	"TCRBD2-1*1"	"TCRBJ2-7*1"	51	55	61	65	4	4	NA	NA	"ACTGTGAGCAACATGAGCCCTGAAGACAGCAGCATATATCTCTGCAGCGTTCGCCCGGGGGAAGGCTACGAGCAGTACTTCGGGCCG"	FALSE	TRUE	NA	NA	NA	NA
"GCTGCTCCCTCCCAGACATCTGTGTACTTCTGTGCCAGCAGCCCCACGGGACTAGCGGGTTATAGAGATACGCAGTATTTTGGCCCA"	"CASSPTGLAGYRDTQYF"	"GCTGCTCCCTCCCAGACATCTGTGTACTTCTGTGCCAGCAGCCCCACGGGACTAGCGGGTTATAGAGATACGCAGTATTTTGGCCCA"	"CASSPTGLAGYRDTQYF"	NA	"TCRBD2-1"	"TCRBJ2-3*1"	41	47	59	65	6	6	NA	NA	"GCTGCTCCCTCCCAGACATCTGTGTACTTCTGTGCCAGCAGCCCCACGGGACTAGCGGGTTATAGAGATACGCAGTATTTTGGCCCA"	FALSE	TRUE	NA	NA	NA	NA
"ATCCAGCCCTCAGAACCCAGGGACTCAGCTGTGTACTTCTGTGCCAGCAGCCCTACTAGCGGATCCTACGAGCAGTACTTCGGGCCG"	"CASSPTSGSYEQYF"	"ATCCAGCCCTCAGAACCCAGGGACTCAGCTGTGTACTTCTGTGCCAGCAGCCCTACTAGCGGATCCTACGAGCAGTACTTCGGGCCG"	"CASSPTSGSYEQYF"	NA	"TCRBD2-1"	"TCRBJ2-7*1"	50	54	62	63	4	1	NA	NA	"ATCCAGCCCTCAGAACCCAGGGACTCAGCTGTGTACTTCTGTGCCAGCAGCCCTACTAGCGGATCCTACGAGCAGTACTTCGGGCCG"	FALSE	TRUE	NA	NA	NA	NA
"CCTGCAGAGCTTGGGGACTCGGCCGTGTATCTCTGTGCCAGCAGCTTAGTCCTGGGAGGGGGCACAGATACGCAGTATTTTGGCCCA"	"CASSLVLGGGTDTQYF"	"CCTGCAGAGCTTGGGGACTCGGCCGTGTATCTCTGTGCCAGCAGCTTAGTCCTGGGAGGGGGCACAGATACGCAGTATTTTGGCCCA"	"CASSLVLGGGTDTQYF"	"TCRBV11-3*1"	"TCRBD2-1*2"	"TCRBJ2-3*1"	49	53	60	61	4	1	NA	NA	"CCTGCAGAGCTTGGGGACTCGGCCGTGTATCTCTGTGCCAGCAGCTTAGTCCTGGGAGGGGGCACAGATACGCAGTATTTTGGCCCA"	FALSE	TRUE	NA	NA	NA	NA
"ACAGTGACCAGTGCCCATCCTGAAGACAGCAGCTTCTACATCTGCAGTGCTAGTAGGCAGGGTACCTACGAGCAGTACTTCGGGCCG"	"CSASRQGTYEQYF"	"ACAGTGACCAGTGCCCATCCTGAAGACAGCAGCTTCTACATCTGCAGTGCTAGTAGGCAGGGTACCTACGAGCAGTACTTCGGGCCG"	"CSASRQGTYEQYF"	"TCRBV2-1*4"	"TCRBD1-1*1"	"TCRBJ2-7*1"	54	57	62	64	3	2	NA	NA	"ACAGTGACCAGTGCCCATCCTGAAGACAGCAGCTTCTACATCTGCAGTGCTAGTAGGCAGGGTACCTACGAGCAGTACTTCGGGCCG"	FALSE	TRUE	NA	NA	NA	NA
"AACCTGAGCTCTCTGGAGCTGGGGGACTCAGCTTTGTATTTCTGTGCCAGCAGCGTAGAACCCCCCGGGGAGCAGTTCTTCGGGCCA"	"CASSVEPPGEQFF"	"AACCTGAGCTCTCTGGAGCTGGGGGACTCAGCTTTGTATTTCTGTGCCAGCAGCGTAGAACCCCCCGGGGAGCAGTTCTTCGGGCCA"	"CASSVEPPGEQFF"	"TCRBV9-1*1"	"TCRBD2-1"	"TCRBJ2-1*1"	58	65	-1	69	7	70	NA	NA	"AACCTGAGCTCTCTGGAGCTGGGGGACTCAGCTTTGTATTTCTGTGCCAGCAGCGTAGAACCCCCCGGGGAGCAGTTCTTCGGGCCA"	FALSE	TRUE	NA	NA	NA	NA
"CGCACAGAGCAGGAGGACTCCGCCGTGTATCTCTGTGCCAGCAGCGGTGGACTAGCGGGAGGTAGCAATGAGCAGTTCTTCGGGCCA"	"CASSGGLAGGSNEQFF"	"CGCACAGAGCAGGAGGACTCCGCCGTGTATCTCTGTGCCAGCAGCGGTGGACTAGCGGGAGGTAGCAATGAGCAGTTCTTCGGGCCA"	"CASSGGLAGGSNEQFF"	"TCRBV7-8"	"TCRBD2-1*2"	"TCRBJ2-1*1"	45	48	62	65	3	3	NA	NA	"CGCACAGAGCAGGAGGACTCCGCCGTGTATCTCTGTGCCAGCAGCGGTGGACTAGCGGGAGGTAGCAATGAGCAGTTCTTCGGGCCA"	FALSE	TRUE	NA	NA	NA	NA
"CTGGAGTCCGCCAGCACCAACCAGACATCTATGTACCTCTGTGCCAGCAGGTTAACTCATAGCAATCAGCCCCAGCATTTTGGTGAT"	"CASRLTHSNQPQHF"	"CTGGAGTCCGCCAGCACCAACCAGACATCTATGTACCTCTGTGCCAGCAGGTTAACTCATAGCAATCAGCCCCAGCATTTTGGTGAT"	"CASRLTHSNQPQHF"	"TCRBV28-1*1"	"TCRBD2-1"	"TCRBJ1-5*1"	-1	54	57	59	55	2	NA	NA	"CTGGAGTCCGCCAGCACCAACCAGACATCTATGTACCTCTGTGCCAGCAGGTTAACTCATAGCAATCAGCCCCAGCATTTTGGTGAT"	FALSE	TRUE	NA	NA	NA	NA
"ATTCAGCGCACAGAGCAGGAGGACTCGGCCGTGTATCTCTGTGCCAGCAGTTCTCAGGGGTCCGAAGAGACCCAGTACTTCGGGCCA"	"CASSSQGSEETQYF"	"ATTCAGCGCACAGAGCAGGAGGACTCGGCCGTGTATCTCTGTGCCAGCAGTTCTCAGGGGTCCGAAGAGACCCAGTACTTCGGGCCA"	"CASSSQGSEETQYF"	"TCRBV7-2"	"TCRBD1-1*1"	"TCRBJ2-5*1"	50	54	60	64	4	4	NA	NA	"ATTCAGCGCACAGAGCAGGAGGACTCGGCCGTGTATCTCTGTGCCAGCAGTTCTCAGGGGTCCGAAGAGACCCAGTACTTCGGGCCA"	FALSE	TRUE	NA	NA	NA	NA
"CTGGAGTCGCCCAGCCCCAACCAGACCTCTCTGTACTTCTGTGCCAGCAGAAGGACTAGCGGGAGAAGGGAGCAGTTCTTCGGGCCA"	"CASRRTSGRREQFF"	"CTGGAGTCGCCCAGCCCCAACCAGACCTCTCTGTACTTCTGTGCCAGCAGAAGGACTAGCGGGAGAAGGGAGCAGTTCTTCGGGCCA"	"CASRRTSGRREQFF"	"TCRBV27-1*1"	"TCRBD2-1*2"	"TCRBJ2-1*1"	50	52	65	69	2	4	NA	NA	"CTGGAGTCGCCCAGCCCCAACCAGACCTCTCTGTACTTCTGTGCCAGCAGAAGGACTAGCGGGAGAAGGGAGCAGTTCTTCGGGCCA"	FALSE	TRUE	NA	NA	NA	NA
"ATCCAGCGCACACAGCAGGAGGACTCGGCCGTGTATCTCTGTGCCAGCAGCTTAATGGGGGACACAGATACGCAGTATTTTGGCCCA"	"CASSLMGDTDTQYF"	"ATCCAGCGCACACAGCAGGAGGACTCGGCCGTGTATCTCTGTGCCAGCAGCTTAATGGGGGACACAGATACGCAGTATTTTGGCCCA"	"CASSLMGDTDTQYF"	"TCRBV7-2"	NA	"TCRBJ2-3*1"	54	56	61	62	2	1	NA	NA	"ATCCAGCGCACACAGCAGGAGGACTCGGCCGTGTATCTCTGTGCCAGCAGCTTAATGGGGGACACAGATACGCAGTATTTTGGCCCA"	FALSE	TRUE	NA	NA	NA	NA
"TCCACTCTGACAGTGACCAGTGCCCATCCTGAAGACAGCAGCTTCTACATCTGCAGTGCTCTCAGGGGTGGCTACACCTTCGGTTCG"	"CSALRGGYTF"	"TCCACTCTGACAGTGACCAGTGCCCATCCTGAAGACAGCAGCTTCTACATCTGCAGTGCTCTCAGGGGTGGCTACACCTTCGGTTCG"	"CSALRGGYTF"	"TCRBV2-1"	"TCRBD1-1*1"	"TCRBJ1-2*1"	60	62	-1	68	2	69	NA	NA	"TCCACTCTGACAGTGACCAGTGCCCATCCTGAAGACAGCAGCTTCTACATCTGCAGTGCTCTCAGGGGTGGCTACACCTTCGGTTCG"	FALSE	TRUE	NA	NA	NA	NA
"GTGAACGCCTTGGAGCTGGACGACTCGGCCCTGTATCTCTGTGCCAGCAGCGCCGGGACTAGCGTTTACGAGCAGTACTTCGGGCCG"	"CASSAGTSVYEQYF"	"GTGAACGCCTTGGAGCTGGACGACTCGGCCCTGTATCTCTGTGCCAGCAGCGCCGGGACTAGCGTTTACGAGCAGTACTTCGGGCCG"	"CASSAGTSVYEQYF"	"TCRBV5-4*1"	"TCRBD2-1"	"TCRBJ2-7*1"	51	54	64	66	3	2	NA	NA	"GTGAACGCCTTGGAGCTGGACGACTCGGCCCTGTATCTCTGTGCCAGCAGCGCCGGGACTAGCGTTTACGAGCAGTACTTCGGGCCG"	FALSE	TRUE	NA	NA	NA	NA
"NTGTCGGCTGCTCCCTCCCAGACATCTGTGTACTTCTGTGCCAGCAAAGACGGATTACAGGGGCAAGAGACCCAGTACTTCGGGCCA"	"CASKDGLQGQETQYF"	"NTGTCGGCTGCTCCCTCCCAGACATCTGTGTACTTCTGTGCCAGCAAAGACGGATTACAGGGGCAAGAGACCCAGTACTTCGGGCCA"	"CASKDGLQGQETQYF"	"TCRBV6-5*1"	"TCRBD1-1*1"	"TCRBJ2-5*1"	46	56	-1	63	10	64	NA	NA	"NTGTCGGCTGCTCCCTCCCAGACATCTGTGTACTTCTGTGCCAGCAAAGACGGATTACAGGGGCAAGAGACCCAGTACTTCGGGCCA"	FALSE	TRUE	NA	NA	NA	NA
"AAGATCCAGCCTGCAAAGCTTGAGGACTCGGCCGTGTATCTCTGTGCCAGCAGCCCAGGGGCGGGAGATACGCAGTATTTTGGCCCA"	"CASSPGAGDTQYF"	"AAGATCCAGCCTGCAAAGCTTGAGGACTCGGCCGTGTATCTCTGTGCCAGCAGCCCAGGGGCGGGAGATACGCAGTATTTTGGCCCA"	"CASSPGAGDTQYF"	"TCRBV11-2*1"	"TCRBD1-1*1"	"TCRBJ2-3*1"	54	55	61	65	1	4	NA	NA	"AAGATCCAGCCTGCAAAGCTTGAGGACTCGGCCGTGTATCTCTGTGCCAGCAGCCCAGGGGCGGGAGATACGCAGTATTTTGGCCCA"	FALSE	TRUE	NA	NA	NA	NA
"TCCTTGGAGCTGGGGGACTCAGCCCTGTACTTCTGTGCCAGCAGCTTATACGGACAGGGAGAATCGCACACCATATATTTTGGAGAG"	"CASSLYGQGESHTIYF"	"TCCTTGGAGCTGGGGGACTCAGCCCTGTACTTCTGTGCCAGCAGCTTATACGGACAGGGAGAATCGCACACCATATATTTTGGAGAG"	"CASSLYGQGESHTIYF"	"TCRBV13-1*1"	"TCRBD1-1*1"	"TCRBJ1-3*1"	48	51	59	67	3	8	NA	NA	"TCCTTGGAGCTGGGGGACTCAGCCCTGTACTTCTGTGCCAGCAGCTTATACGGACAGGGAGAATCGCACACCATATATTTTGGAGAG"	FALSE	TRUE	NA	NA	NA	NA
"CTGAAGATCCGGTCCACAAAGCTGGAGGACTCAGCCATGTACTTCTGTGCCACCAGGACAGGGGACAACGAGCAGTACTTCGGGCCG"	"CATRTGDNEQYF"	"CTGAAGATCCGGTCCACAAAGCTGGAGGACTCAGCCATGTACTTCTGTGCCACCAGGACAGGGGACAACGAGCAGTACTTCGGGCCG"	"CATRTGDNEQYF"	"TCRBV2-1"	"TCRBD1-1*1"	"TCRBJ2-7*1"	-1	56	64	67	57	3	NA	NA	"CTGAAGATCCGGTCCACAAAGCTGGAGGACTCAGCCATGTACTTCTGTGCCACCAGGACAGGGGACAACGAGCAGTACTTCGGGCCG"	FALSE	TRUE	NA	NA	NA	NA
"CTCAAGATCCAGCCTGCAGAGCTTGGGGACTCGGCCGTGTATCTCTGTGCCAGCAGCTTTGTCGCCTACGAGCAGTACTTCGGGCCG"	"CASSFVAYEQYF"	"CTCAAGATCCAGCCTGCAGAGCTTGGGGACTCGGCCGTGTATCTCTGTGCCAGCAGCTTTGTCGCCTACGAGCAGTACTTCGGGCCG"	"CASSFVAYEQYF"	"TCRBV11-3*1"	"TCRBD2-1"	"TCRBJ2-7*1"	59	62	-1	64	3	65	NA	NA	"CTCAAGATCCAGCCTGCAGAGCTTGGGGACTCGGCCGTGTATCTCTGTGCCAGCAGCTTTGTCGCCTACGAGCAGTACTTCGGGCCG"	FALSE	TRUE	NA	NA	NA	NA
"TCCACTCTGACAGTGACCAGTGCCCATCCTGAAGACAGCAGCTTCTACATCTGCAGTGCTAGGGCAGAGACCCAGTACTTCGGGCCA"	"CSARAETQYF"	"TCCACTCTGACAGTGACCAGTGCCCATCCTGAAGACAGCAGCTTCTACATCTGCAGTGCTAGGGCAGAGACCCAGTACTTCGGGCCA"	"CSARAETQYF"	"TCRBV2-1"	"TCRBD1-1*1"	"TCRBJ2-5*1"	-1	62	-1	65	63	66	NA	NA	"TCCACTCTGACAGTGACCAGTGCCCATCCTGAAGACAGCAGCTTCTACATCTGCAGTGCTAGGGCAGAGACCCAGTACTTCGGGCCA"	FALSE	TRUE	NA	NA	NA	NA
"TGTGAGTGCCTTGGAGCTGGGGGACTCGGCCCTGTATCTCTGTGCCAGAAGCTCCAAGCGGGTAGGTACGAGCAGTACTTCGGGCCG"	""	"TGTGAGTGCCTTGGAGCTGGGGGACTCGGCCCTGTATCTCTGTGCCAGAAGCTCCAAGCGGGTAGGTACGAGCAGTACTTCGGGCCG"	""	"TCRBV5-3"	"TCRBD2-1"	"TCRBJ2-7*1"	53	56	62	66	3	4	NA	NA	"TGTGAGTGCCTTGGAGCTGGGGGACTCGGCCCTGTATCTCTGTGCCAGAAGCTCCAAGCGGGTAGGTACGAGCAGTACTTCGGGCCG"	FALSE	FALSE	NA	NA	NA	NA
"AAGATCCAGCCTGCAAAGCTTGAGGACTCGGCCGTGTATCTCTGTGCCAGCAGCTTTGGGACGAACTATGGCTACACCTTCGGTTCG"	"CASSFGTNYGYTF"	"AAGATCCAGCCTGCAAAGCTTGAGGACTCGGCCGTGTATCTCTGTGCCAGCAGCTTTGGGACGAACTATGGCTACACCTTCGGTTCG"	"CASSFGTNYGYTF"	"TCRBV11-2*1"	NA	"TCRBJ1-2*1"	56	57	62	63	1	1	NA	NA	"AAGATCCAGCCTGCAAAGCTTGAGGACTCGGCCGTGTATCTCTGTGCCAGCAGCTTTGGGACGAACTATGGCTACACCTTCGGTTCG"	FALSE	TRUE	NA	NA	NA	NA
"GTGAACGCCTTGTTGCTGGGGGACTCGGCCCTCTATCTCTGTGCCAGCAGCCCAGGACCCGGGACGGGGGAGCTGTTTTTTGGAGAA"	"CASSPGPGTGELFF"	"GTGAACGCCTTGTTGCTGGGGGACTCGGCCCTCTATCTCTGTGCCAGCAGCCCAGGACCCGGGACGGGGGAGCTGTTTTTTGGAGAA"	"CASSPGPGTGELFF"	"TCRBV5-6*1"	NA	"TCRBJ2-2*1"	51	60	65	66	9	1	NA	NA	"GTGAACGCCTTGTTGCTGGGGGACTCGGCCCTCTATCTCTGTGCCAGCAGCCCAGGACCCGGGACGGGGGAGCTGTTTTTTGGAGAA"	FALSE	TRUE	NA	NA	NA	NA
"ATCCTGGAGTCGCCCAGCCCCAACCAGACCTCTCTGTACTTCTGTGCCAGCAGACAGGGGGTCGCCTACGAGCAGTACTTCGGGCCG"	"CASRQGVAYEQYF"	"ATCCTGGAGTCGCCCAGCCCCAACCAGACCTCTCTGTACTTCTGTGCCAGCAGACAGGGGGTCGCCTACGAGCAGTACTTCGGGCCG"	"CASRQGVAYEQYF"	"TCRBV27-1*1"	"TCRBD1-1*1"	"TCRBJ2-7*1"	-1	53	61	64	54	3	NA	NA	"ATCCTGGAGTCGCCCAGCCCCAACCAGACCTCTCTGTACTTCTGTGCCAGCAGACAGGGGGTCGCCTACGAGCAGTACTTCGGGCCG"	FALSE	TRUE	NA	NA	NA	NA
"CAGCCTGCAGAGCTTGGGGACTCGGCCGTGTATCTCTGTGCCAGCACCCCGGGGCGGAATTACTACAATGAGCAGTTCTTCGGGCCA"	"CASTPGRNYYNEQFF"	"CAGCCTGCAGAGCTTGGGGACTCGGCCGTGTATCTCTGTGCCAGCACCCCGGGGCGGAATTACTACAATGAGCAGTTCTTCGGGCCA"	"CASTPGRNYYNEQFF"	"TCRBV11-3*1"	NA	"TCRBJ2-1*1"	46	50	55	62	4	7	NA	NA	"CAGCCTGCAGAGCTTGGGGACTCGGCCGTGTATCTCTGTGCCAGCACCCCGGGGCGGAATTACTACAATGAGCAGTTCTTCGGGCCA"	FALSE	TRUE	NA	NA	NA	NA
"GCTGCTCCCTCCCAAACATCTGTGTACTTCTGTGCCAGCAGTTACTCAGACTCCGGGACAGGGTAATACGAGCAGTACTTCGGGCCG"	"CASSYSDSGTG*YEQYF"	"GCTGCTCCCTCCCAAACATCTGTGTACTTCTGTGCCAGCAGTTACTCAGACTCCGGGACAGGGTAATACGAGCAGTACTTCGGGCCG"	"CASSYSDSGTG*YEQYF"	"TCRBV6-2/6-3*1"	"TCRBD1-1*1"	"TCRBJ2-7*1"	47	54	63	66	7	3	NA	NA	"GCTGCTCCCTCCCAAACATCTGTGTACTTCTGTGCCAGCAGTTACTCAGACTCCGGGACAGGGTAATACGAGCAGTACTTCGGGCCG"	FALSE	TRUE	NA	NA	NA	NA
"TCGGCTGCTCCCTCCCAGACATCTGTGTACTTCTGTGCCAGCAGTTACTCGGCGGCCGTCTCCTACAATGAGCAGTTCTTCGGGCCA"	"CASSYSAAVSYNEQFF"	"TCGGCTGCTCCCTCCCAGACATCTGTGTACTTCTGTGCCAGCAGTTACTCGGCGGCCGTCTCCTACAATGAGCAGTTCTTCGGGCCA"	"CASSYSAAVSYNEQFF"	"TCRBV6-5*1"	"TCRBD2-1"	"TCRBJ2-1*1"	50	51	55	59	1	4	NA	NA	"TCGGCTGCTCCCTCCCAGACATCTGTGTACTTCTGTGCCAGCAGTTACTCGGCGGCCGTCTCCTACAATGAGCAGTTCTTCGGGCCA"	FALSE	TRUE	NA	NA	NA	NA
"GAGCAGGAGGACTCGGCCGTGTATCTCTGTGCCAGCAGCCTCAGGTGGGGACAGGCTTCAACTAATGAAAAACTGTTTTTTGGCAGT"	"CASSLRWGQASTNEKLFF"	"GAGCAGGAGGACTCGGCCGTGTATCTCTGTGCCAGCAGCCTCAGGTGGGGACAGGCTTCAACTAATGAAAAACTGTTTTTTGGCAGT"	"CASSLRWGQASTNEKLFF"	"TCRBV7-2"	"TCRBD1-1*1"	"TCRBJ1-4*1"	39	47	55	58	8	3	NA	NA	"GAGCAGGAGGACTCGGCCGTGTATCTCTGTGCCAGCAGCCTCAGGTGGGGACAGGCTTCAACTAATGAAAAACTGTTTTTTGGCAGT"	FALSE	TRUE	NA	NA	NA	NA
"ATCCAGCCTGCAAAGCTTGAGGACTCGGCCGTGTATCTCTGTGCCAGCAGCTTTAGCTCCTATAATTCACCCCTCCACTTTGGGAAT"	"CASSFSSYNSPLHF"	"ATCCAGCCTGCAAAGCTTGAGGACTCGGCCGTGTATCTCTGTGCCAGCAGCTTTAGCTCCTATAATTCACCCCTCCACTTTGGGAAT"	"CASSFSSYNSPLHF"	"TCRBV11-2*1"	"TCRBD2-1"	"TCRBJ1-6*1"	-1	53	-1	56	54	57	NA	NA	"ATCCAGCCTGCAAAGCTTGAGGACTCGGCCGTGTATCTCTGTGCCAGCAGCTTTAGCTCCTATAATTCACCCCTCCACTTTGGGAAT"	FALSE	TRUE	NA	NA	NA	NA
"GAGTCGCCCAGCCCCAACCAGACCTCTCTGTACTTCTGTGCCAGCAGTCCTCGGGACAGGGGGGTCTATGGCTACACCTTCGGTTCG"	"CASSPRDRGVYGYTF"	"GAGTCGCCCAGCCCCAACCAGACCTCTCTGTACTTCTGTGCCAGCAGTCCTCGGGACAGGGGGGTCTATGGCTACACCTTCGGTTCG"	"CASSPRDRGVYGYTF"	"TCRBV27-1*1"	"TCRBD1-1*1"	"TCRBJ1-2*1"	48	52	63	65	4	2	NA	NA	"GAGTCGCCCAGCCCCAACCAGACCTCTCTGTACTTCTGTGCCAGCAGTCCTCGGGACAGGGGGGTCTATGGCTACACCTTCGGTTCG"	FALSE	TRUE	NA	NA	NA	NA
"CGGTCCACAAAGCTGGAGGACTCAGCCATGTACTTCTGTGCCAGCAGGGGCCCGGGACTACAGAACACTGAAGCTTTCTTTGGACAA"	"CASRGPGLQNTEAFF"	"CGGTCCACAAAGCTGGAGGACTCAGCCATGTACTTCTGTGCCAGCAGGGGCCCGGGACTACAGAACACTGAAGCTTTCTTTGGACAA"	"CASRGPGLQNTEAFF"	"TCRBV2-1"	"TCRBD2-1"	"TCRBJ1-1*1"	47	53	60	62	6	2	NA	NA	"CGGTCCACAAAGCTGGAGGACTCAGCCATGTACTTCTGTGCCAGCAGGGGCCCGGGACTACAGAACACTGAAGCTTTCTTTGGACAA"	FALSE	TRUE	NA	NA	NA	NA
"GTCCACGGAGTCAGGGGACACAGCACTGTATTTCTGTGCCAGCGGCTCACGGACAGGCTGAGCACAGATACGCAGTATTTTGGCCCA"	""	"GTCCACGGAGTCAGGGGACACAGCACTGTATTTCTGTGCCAGCGGCTCACGGACAGGCTGAGCACAGATACGCAGTATTTTGGCCCA"	""	"TCRBV21-1*1"	"TCRBD1-1*1"	"TCRBJ2-3*1"	43	50	57	60	7	3	NA	NA	"GTCCACGGAGTCAGGGGACACAGCACTGTATTTCTGTGCCAGCGGCTCACGGACAGGCTGAGCACAGATACGCAGTATTTTGGCCCA"	FALSE	FALSE	NA	NA	NA	NA
"CAGCGCACAGAGCAGCGGGACTCAGCCATGTATCGCTGTGCTAGCAGCTTAGGAGGGTTGATCACAGATACGCAGTATTTTGGCCCA"	"CASSLGGLITDTQYF"	"CAGCGCACAGAGCAGCGGGACTCAGCCATGTATCGCTGTGCTAGCAGCTTAGGAGGGTTGATCACAGATACGCAGTATTTTGGCCCA"	"CASSLGGLITDTQYF"	"TCRBV7-7*1"	"TCRBD2-1*2"	"TCRBJ2-3*1"	-1	52	57	62	53	5	NA	NA	"CAGCGCACAGAGCAGCGGGACTCAGCCATGTATCGCTGTGCTAGCAGCTTAGGAGGGTTGATCACAGATACGCAGTATTTTGGCCCA"	FALSE	TRUE	NA	NA	NA	NA
"CAGCGCACACAGCAGGAGGACTCCGCCGTGTATCTCTGTGCCAGCAGCCGGACGGGCGGGAGTCAAGGTACGCAGTATTTTGGCCCA"	"CASSRTGGSQGTQYF"	"CAGCGCACACAGCAGGAGGACTCCGCCGTGTATCTCTGTGCCAGCAGCCGGACGGGCGGGAGTCAAGGTACGCAGTATTTTGGCCCA"	"CASSRTGGSQGTQYF"	"TCRBV7-8*3"	"TCRBD2-1*2"	"TCRBJ2-3*1"	50	55	62	68	5	6	NA	NA	"CAGCGCACACAGCAGGAGGACTCCGCCGTGTATCTCTGTGCCAGCAGCCGGACGGGCGGGAGTCAAGGTACGCAGTATTTTGGCCCA"	FALSE	TRUE	NA	NA	NA	NA
"GAGTCCGCCAGCACCAACCAGACATCTATGTACCTCTGTGCCAGCAGTGTGGCAGCGGGAGTTTAGGAGACCCAGTACTTCGGGCCA"	"CASSVAAGV*ETQYF"	"GAGTCCGCCAGCACCAACCAGACATCTATGTACCTCTGTGCCAGCAGTGTGGCAGCGGGAGTTTAGGAGACCCAGTACTTCGGGCCA"	"CASSVAAGV*ETQYF"	"TCRBV28-1*1"	"TCRBD2-1*2"	"TCRBJ2-5*1"	48	53	61	66	5	5	NA	NA	"GAGTCCGCCAGCACCAACCAGACATCTATGTACCTCTGTGCCAGCAGTGTGGCAGCGGGAGTTTAGGAGACCCAGTACTTCGGGCCA"	FALSE	TRUE	NA	NA	NA	NA
"ACTGTGACATCGGCCCAAAAGAACCCGACAGCTTTCTATCTCTGTGCCAGTACCCTTCGCCCTCCCTACGAGCAGTACTTCGGGCCG"	"CASTLRPPYEQYF"	"ACTGTGACATCGGCCCAAAAGAACCCGACAGCTTTCTATCTCTGTGCCAGTACCCTTCGCCCTCCCTACGAGCAGTACTTCGGGCCG"	"CASTLRPPYEQYF"	"TCRBV19-1*1"	NA	"TCRBJ2-7*1"	52	58	60	64	6	4	NA	NA	"ACTGTGACATCGGCCCAAAAGAACCCGACAGCTTTCTATCTCTGTGCCAGTACCCTTCGCCCTCCCTACGAGCAGTACTTCGGGCCG"	FALSE	TRUE	NA	NA	NA	NA
"CCTGCAGAGCTTGGGGACTCGGCCGTGTATCTCTGTGCCAGCAGCTTACGAGTTGCGCCGAACAGGAACGAGCAGTACTTCGGGCCG"	"CASSLRVAPNRNEQYF"	"CCTGCAGAGCTTGGGGACTCGGCCGTGTATCTCTGTGCCAGCAGCTTACGAGTTGCGCCGAACAGGAACGAGCAGTACTTCGGGCCG"	"CASSLRVAPNRNEQYF"	"TCRBV11-3*1"	"TCRBD1-1*1"	"TCRBJ2-7*1"	48	61	66	67	13	1	NA	NA	"CCTGCAGAGCTTGGGGACTCGGCCGTGTATCTCTGTGCCAGCAGCTTACGAGTTGCGCCGAACAGGAACGAGCAGTACTTCGGGCCG"	FALSE	TRUE	NA	NA	NA	NA
"CTCACTCTGGAGTCCGCTACCCGCTCCCAGACATCTGTGTATTTCTGCGCCAGCACCCAAAACACCGGGGAGCTGTTTTTTGGAGAA"	"CASTQNTGELFF"	"CTCACTCTGGAGTCCGCTACCCGCTCCCAGACATCTGTGTATTTCTGCGCCAGCACCCAAAACACCGGGGAGCTGTTTTTTGGAGAA"	"CASTQNTGELFF"	"TCRBV1-2*1"	"TCRBD1-1*1"	"TCRBJ2-2*1"	55	57	59	60	2	1	NA	NA	"CTCACTCTGGAGTCCGCTACCCGCTCCCAGACATCTGTGTATTTCTGCGCCAGCACCCAAAACACCGGGGAGCTGTTTTTTGGAGAA"	FALSE	TRUE	NA	NA	NA	NA
"GTGACCAGTGCCCATCCTGAAGACAGCAGCTTCTACATCTGCAGTGCTAGAGTTCTAGCGGGAGAAAATGAGCAGTTCTTCGGGCCA"	"CSARVLAGENEQFF"	"GTGACCAGTGCCCATCCTGAAGACAGCAGCTTCTACATCTGCAGTGCTAGAGTTCTAGCGGGAGAAAATGAGCAGTTCTTCGGGCCA"	"CSARVLAGENEQFF"	NA	"TCRBD2-1*2"	"TCRBJ2-1*1"	52	54	64	66	2	2	NA	NA	"GTGACCAGTGCCCATCCTGAAGACAGCAGCTTCTACATCTGCAGTGCTAGAGTTCTAGCGGGAGAAAATGAGCAGTTCTTCGGGCCA"	FALSE	TRUE	NA	NA	NA	NA
"CAGCCAGAAGACTCGGCCCTGTATCTCTGTGCCAGCAGCCAAGTTTGAAAAGGCAGCGGGATAGATGAGACCCAGTACTTCGGGCCA"	"CASSQV*KGSGIDETQYF"	"CAGCCAGAAGACTCGGCCCTGTATCTCTGTGCCAGCAGCCAAGTTTGAAAAGGCAGCGGGATAGATGAGACCCAGTACTTCGGGCCA"	"CASSQV*KGSGIDETQYF"	"TCRBV4-2*1"	"TCRBD2-1*2"	"TCRBJ2-5*1"	43	54	61	66	11	5	NA	NA	"CAGCCAGAAGACTCGGCCCTGTATCTCTGTGCCAGCAGCCAAGTTTGAAAAGGCAGCGGGATAGATGAGACCCAGTACTTCGGGCCA"	FALSE	TRUE	NA	NA	NA	NA
"GCCAGCACCAACCAGACATCTATGTACCTCTGTGCCAGCAGTTCCGCAAGGACAGTCCCATCGGGGGATACGCAGTATTTTGGCCCA"	"CASSSARTVPSGDTQYF"	"GCCAGCACCAACCAGACATCTATGTACCTCTGTGCCAGCAGTTCCGCAAGGACAGTCCCATCGGGGGATACGCAGTATTTTGGCCCA"	"CASSSARTVPSGDTQYF"	"TCRBV28-1*1"	"TCRBD1-1*1"	"TCRBJ2-3*1"	43	49	55	66	6	11	NA	NA	"GCCAGCACCAACCAGACATCTATGTACCTCTGTGCCAGCAGTTCCGCAAGGACAGTCCCATCGGGGGATACGCAGTATTTTGGCCCA"	FALSE	TRUE	NA	NA	NA	NA
"CGCACACAGCAGGAGGACTCCGCCGTGTATCTCTGTGCCAGCAGCTACCTGATTAGCGGGAGCACAGATACGCAGTATTTTGGCCCA"	"CASSYLISGSTDTQYF"	"CGCACACAGCAGGAGGACTCCGCCGTGTATCTCTGTGCCAGCAGCTACCTGATTAGCGGGAGCACAGATACGCAGTATTTTGGCCCA"	"CASSYLISGSTDTQYF"	"TCRBV7-8*1"	"TCRBD2-1"	"TCRBJ2-3*1"	46	53	-1	60	7	61	NA	NA	"CGCACACAGCAGGAGGACTCCGCCGTGTATCTCTGTGCCAGCAGCTACCTGATTAGCGGGAGCACAGATACGCAGTATTTTGGCCCA"	FALSE	TRUE	NA	NA	NA	NA
"CGCCAGCACCAACCAGACATCTATGTACCTCTGTGCCAGCAGTTTCCAGTCGGGAGTGAGGTGGCCGGGGAGCTGTTTTTTGGAGAA"	""	"CGCCAGCACCAACCAGACATCTATGTACCTCTGTGCCAGCAGTTTCCAGTCGGGAGTGAGGTGGCCGGGGAGCTGTTTTTTGGAGAA"	""	"TCRBV28-1*1"	"TCRBD2-1*2"	"TCRBJ2-2*1"	45	50	56	64	5	8	NA	NA	"CGCCAGCACCAACCAGACATCTATGTACCTCTGTGCCAGCAGTTTCCAGTCGGGAGTGAGGTGGCCGGGGAGCTGTTTTTTGGAGAA"	FALSE	FALSE	NA	NA	NA	NA
"AGCTCTCTGGAGCTGGGGGACTCAGCTTTGTATTTCTGTGCCAGCAACCCAGGAGTCTCTGGGGCCAACGTCCTGACTTTCGGGGCC"	"CASNPGVSGANVLTF"	"AGCTCTCTGGAGCTGGGGGACTCAGCTTTGTATTTCTGTGCCAGCAACCCAGGAGTCTCTGGGGCCAACGTCCTGACTTTCGGGGCC"	"CASNPGVSGANVLTF"	"TCRBV9-1*1"	NA	"TCRBJ2-6*1"	46	49	53	56	3	3	NA	NA	"AGCTCTCTGGAGCTGGGGGACTCAGCTTTGTATTTCTGTGCCAGCAACCCAGGAGTCTCTGGGGCCAACGTCCTGACTTTCGGGGCC"	FALSE	TRUE	NA	NA	NA	NA
"AGCACCTTGGAGCTGGGGGACTCGGCCCTTTATCTTTGCGCCAGCAGCTTGGTTATCGGACTCTACAATGAGCAGTTCTTCGGGCCA"	"CASSLVIGLYNEQFF"	"AGCACCTTGGAGCTGGGGGACTCGGCCCTTTATCTTTGCGCCAGCAGCTTGGTTATCGGACTCTACAATGAGCAGTTCTTCGGGCCA"	"CASSLVIGLYNEQFF"	"TCRBV5-1*1"	"TCRBD2-1"	"TCRBJ2-1*1"	52	57	-1	62	5	63	NA	NA	"AGCACCTTGGAGCTGGGGGACTCGGCCCTTTATCTTTGCGCCAGCAGCTTGGTTATCGGACTCTACAATGAGCAGTTCTTCGGGCCA"	FALSE	TRUE	NA	NA	NA	NA
"ATCCGCTCACCAGGCCTGGGGGACGCAGCCATGTACCTGTGTGCCACCAGCAGAGATCTGGAGGGCTACGAGCAGTACTTCGGGCCG"	"CATSRDLEGYEQYF"	"ATCCGCTCACCAGGCCTGGGGGACGCAGCCATGTACCTGTGTGCCACCAGCAGAGATCTGGAGGGCTACGAGCAGTACTTCGGGCCG"	"CATSRDLEGYEQYF"	"TCRBV15-1*2"	"TCRBD2-1*2"	"TCRBJ2-7*1"	56	59	-1	65	3	66	NA	NA	"ATCCGCTCACCAGGCCTGGGGGACGCAGCCATGTACCTGTGTGCCACCAGCAGAGATCTGGAGGGCTACGAGCAGTACTTCGGGCCG"	FALSE	TRUE	NA	NA	NA	NA
"GTGAGCAACATGAGCCCTGAAGACAGCAGCATATATCTCTGCAGCGTTGCCCCTAGCGGGAGATACAATGAGCAGTTCTTCGGGCCA"	"CSVAPSGRYNEQFF"	"GTGAGCAACATGAGCCCTGAAGACAGCAGCATATATCTCTGCAGCGTTGCCCCTAGCGGGAGATACAATGAGCAGTTCTTCGGGCCA"	"CSVAPSGRYNEQFF"	"TCRBV29-1"	"TCRBD2-1*2"	"TCRBJ2-1*1"	49	52	62	63	3	1	NA	NA	"GTGAGCAACATGAGCCCTGAAGACAGCAGCATATATCTCTGCAGCGTTGCCCCTAGCGGGAGATACAATGAGCAGTTCTTCGGGCCA"	FALSE	TRUE	NA	NA	NA	NA
"ACGATTCAGCGCACAGAGCAGCGGGACTCAGCCATGTATCGCTGTGCTAGCAGCCCGACAGGGATTAAAGGCTACACCTTCGGTTCG"	"CASSPTGIKGYTF"	"ACGATTCAGCGCACAGAGCAGCGGGACTCAGCCATGTATCGCTGTGCTAGCAGCCCGACAGGGATTAAAGGCTACACCTTCGGTTCG"	"CASSPTGIKGYTF"	"TCRBV7-7*1"	"TCRBD1-1*1"	"TCRBJ1-2*1"	54	56	63	69	2	6	NA	NA	"ACGATTCAGCGCACAGAGCAGCGGGACTCAGCCATGTATCGCTGTGCTAGCAGCCCGACAGGGATTAAAGGCTACACCTTCGGTTCG"	FALSE	TRUE	NA	NA	NA	NA
"CAGCCTGCAGAGCTTGGGGACTCGGCCGTGTATCTCTGTGCCAGCAGTCCCTCTTGGGGAGTCCCAGATACGCAGTATTTTGGCCCA"	"CASSPSWGVPDTQYF"	"CAGCCTGCAGAGCTTGGGGACTCGGCCGTGTATCTCTGTGCCAGCAGTCCCTCTTGGGGAGTCCCAGATACGCAGTATTTTGGCCCA"	"CASSPSWGVPDTQYF"	"TCRBV11-3*1"	"TCRBD2-1*2"	"TCRBJ2-3*1"	47	56	61	64	9	3	NA	NA	"CAGCCTGCAGAGCTTGGGGACTCGGCCGTGTATCTCTGTGCCAGCAGTCCCTCTTGGGGAGTCCCAGATACGCAGTATTTTGGCCCA"	FALSE	TRUE	NA	NA	NA	NA
"AATTCCCTGGAGCTTGGTGACTCTGCTGTGTATTTCTGTGCCAGCAGCCACGGCCGGACAGTTAATTCACCCCTCCACTTTGGGAAT"	"CASSHGRTVNSPLHF"	"AATTCCCTGGAGCTTGGTGACTCTGCTGTGTATTTCTGTGCCAGCAGCCACGGCCGGACAGTTAATTCACCCCTCCACTTTGGGAAT"	"CASSHGRTVNSPLHF"	"TCRBV3-1/3-2*1"	"TCRBD1-1*1"	"TCRBJ1-6*1"	50	55	61	62	5	1	NA	NA	"AATTCCCTGGAGCTTGGTGACTCTGCTGTGTATTTCTGTGCCAGCAGCCACGGCCGGACAGTTAATTCACCCCTCCACTTTGGGAAT"	FALSE	TRUE	NA	NA	NA	NA
"ACAGAGCAGGGGGACTCGGCCATGTATCTCTGTGCCAGCAGCTTAGGTCTTTTCCGGGACCCCGCCGGTGAGCAGTTCTTCGGGCCA"	"CASSLGLFRDPAGEQFF"	"ACAGAGCAGGGGGACTCGGCCATGTATCTCTGTGCCAGCAGCTTAGGTCTTTTCCGGGACCCCGCCGGTGAGCAGTTCTTCGGGCCA"	"CASSLGLFRDPAGEQFF"	"TCRBV7-9*1"	NA	"TCRBJ2-1*1"	46	55	60	68	9	8	NA	NA	"ACAGAGCAGGGGGACTCGGCCATGTATCTCTGTGCCAGCAGCTTAGGTCTTTTCCGGGACCCCGCCGGTGAGCAGTTCTTCGGGCCA"	FALSE	TRUE	NA	NA	NA	NA
"ATGAATGTGAGCACCTTGGAGCTGGGGGACTCGGCCCTTTATCTTTGCGCCAGCAGCTCAGCCAGCTATGGCTACACCTTCGGTTCG"	"CASSSASYGYTF"	"ATGAATGTGAGCACCTTGGAGCTGGGGGACTCGGCCCTTTATCTTTGCGCCAGCAGCTCAGCCAGCTATGGCTACACCTTCGGTTCG"	"CASSSASYGYTF"	"TCRBV5-1*1"	NA	"TCRBJ1-2*1"	-1	58	61	65	59	4	NA	NA	"ATGAATGTGAGCACCTTGGAGCTGGGGGACTCGGCCCTTTATCTTTGCGCCAGCAGCTCAGCCAGCTATGGCTACACCTTCGGTTCG"	FALSE	TRUE	NA	NA	NA	NA
"CAGAGCAGGAGGACTCCGCCGTGTATCTCTGTGCCAGCAGCCTATTCGGACTAGCGAGCGGAGGGGGAGACCCAGTACTTCGGGCCA"	""	"CAGAGCAGGAGGACTCCGCCGTGTATCTCTGTGCCAGCAGCCTATTCGGACTAGCGAGCGGAGGGGGAGACCCAGTACTTCGGGCCA"	""	"TCRBV7-8*3"	"TCRBD2-1"	"TCRBJ2-5*1"	42	47	56	66	5	10	NA	NA	"CAGAGCAGGAGGACTCCGCCGTGTATCTCTGTGCCAGCAGCCTATTCGGACTAGCGAGCGGAGGGGGAGACCCAGTACTTCGGGCCA"	FALSE	FALSE	NA	NA	NA	NA
"AGCACCTTGGAGCTGGGGGACTCGGCCCTTTATCTTTGCGCCAGCAGCTCGGGGGGGGCGACGGGAAACACCATATATTTTGGAGAG"	"CASSSGGATGNTIYF"	"AGCACCTTGGAGCTGGGGGACTCGGCCCTTTATCTTTGCGCCAGCAGCTCGGGGGGGGCGACGGGAAACACCATATATTTTGGAGAG"	"CASSSGGATGNTIYF"	"TCRBV5-1*1"	"TCRBD2-1*1"	"TCRBJ1-3*1"	-1	49	57	63	50	6	NA	NA	"AGCACCTTGGAGCTGGGGGACTCGGCCCTTTATCTTTGCGCCAGCAGCTCGGGGGGGGCGACGGGAAACACCATATATTTTGGAGAG"	FALSE	TRUE	NA	NA	NA	NA
"AATGTGAACGCCTTGGAGCTGGAGGACTCGGCCCTGTATCTCTGTGCCAGCAGCTCGGCGTTCACAGATACGCAGTATTTTGGCCCA"	"CASSSAFTDTQYF"	"AATGTGAACGCCTTGGAGCTGGAGGACTCGGCCCTGTATCTCTGTGCCAGCAGCTCGGCGTTCACAGATACGCAGTATTTTGGCCCA"	"CASSSAFTDTQYF"	"TCRBV5-8*1"	NA	"TCRBJ2-3*1"	55	56	59	62	1	3	NA	NA	"AATGTGAACGCCTTGGAGCTGGAGGACTCGGCCCTGTATCTCTGTGCCAGCAGCTCGGCGTTCACAGATACGCAGTATTTTGGCCCA"	FALSE	TRUE	NA	NA	NA	NA
"GTCCTCAGAACCGGGAGACACGGCACTGTATCTCTGCGCCAGCAGTAGGATTATGCCTGACGAGAGAATGAAGCTTTCTTTGGACAA"	""	"GTCCTCAGAACCGGGAGACACGGCACTGTATCTCTGCGCCAGCAGTAGGATTATGCCTGACGAGAGAATGAAGCTTTCTTTGGACAA"	""	"TCRBV23-1*1"	NA	"TCRBJ1-1*1"	46	47	50	68	1	18	NA	NA	"GTCCTCAGAACCGGGAGACACGGCACTGTATCTCTGCGCCAGCAGTAGGATTATGCCTGACGAGAGAATGAAGCTTTCTTTGGACAA"	FALSE	FALSE	NA	NA	NA	NA
"TCGGCCCAAAAGAACCCGACAGCTTTCTATCTCTGTGCCAGTAGCACCCATAGCGGGAGAGGATACAATGAGCAGTTCTTCGGGCCA"	"CASSTHSGRGYNEQFF"	"TCGGCCCAAAAGAACCCGACAGCTTTCTATCTCTGTGCCAGTAGCACCCATAGCGGGAGAGGATACAATGAGCAGTTCTTCGGGCCA"	"CASSTHSGRGYNEQFF"	"TCRBV19-1*1"	"TCRBD2-1*2"	"TCRBJ2-1*1"	44	50	59	63	6	4	NA	NA	"TCGGCCCAAAAGAACCCGACAGCTTTCTATCTCTGTGCCAGTAGCACCCATAGCGGGAGAGGATACAATGAGCAGTTCTTCGGGCCA"	FALSE	TRUE	NA	NA	NA	NA
"ACTCTGGAGTCAGCTACCCGCTCCCAGACATCTGTGTATTTCTGCGCCAGCAGTGGGCCAGGGCGATCTGAAGCTTTCTTTGGACAA"	"CASSGPGRSEAFF"	"ACTCTGGAGTCAGCTACCCGCTCCCAGACATCTGTGTATTTCTGCGCCAGCAGTGGGCCAGGGCGATCTGAAGCTTTCTTTGGACAA"	"CASSGPGRSEAFF"	"TCRBV1-2*1"	"TCRBD1-1*1"	"TCRBJ1-1*1"	55	58	63	67	3	4	NA	NA	"ACTCTGGAGTCAGCTACCCGCTCCCAGACATCTGTGTATTTCTGCGCCAGCAGTGGGCCAGGGCGATCTGAAGCTTTCTTTGGACAA"	FALSE	TRUE	NA	NA	NA	NA
"GAGTCGCCCAGCCCCAACCAGACCTCTCTGTACTTCTGTGCCAGCAGTAGGGGAGTAGCGGACTACAATGAGCAGTTCTTCGGGCCA"	"CASSRGVADYNEQFF"	"GAGTCGCCCAGCCCCAACCAGACCTCTCTGTACTTCTGTGCCAGCAGTAGGGGAGTAGCGGACTACAATGAGCAGTTCTTCGGGCCA"	"CASSRGVADYNEQFF"	"TCRBV27-1*1"	"TCRBD2-1"	"TCRBJ2-1*1"	48	55	61	62	7	1	NA	NA	"GAGTCGCCCAGCCCCAACCAGACCTCTCTGTACTTCTGTGCCAGCAGTAGGGGAGTAGCGGACTACAATGAGCAGTTCTTCGGGCCA"	FALSE	TRUE	NA	NA	NA	NA
"CAGCCTGCAAAGCTTGAGGACTCGGCCGTGTATCTCTGTGCCAGCAGCCCTGGGACAGGGGGCCCCTACGAGCAGTACTTCGGGCCG"	"CASSPGTGGPYEQYF"	"CAGCCTGCAAAGCTTGAGGACTCGGCCGTGTATCTCTGTGCCAGCAGCCCTGGGACAGGGGGCCCCTACGAGCAGTACTTCGGGCCG"	"CASSPGTGGPYEQYF"	"TCRBV11-2*1"	"TCRBD1-1*1"	"TCRBJ2-7*1"	48	51	63	64	3	1	NA	NA	"CAGCCTGCAAAGCTTGAGGACTCGGCCGTGTATCTCTGTGCCAGCAGCCCTGGGACAGGGGGCCCCTACGAGCAGTACTTCGGGCCG"	FALSE	TRUE	NA	NA	NA	NA
"ACAGTGACCAGTGCCCATCCTGAAGACAGCAGCTTCTACATCTGCAGTGCTAGAGTCCAGGGCACAGATACGCAGTATTTTGGCCCA"	"CSARVQGTDTQYF"	"ACAGTGACCAGTGCCCATCCTGAAGACAGCAGCTTCTACATCTGCAGTGCTAGAGTCCAGGGCACAGATACGCAGTATTTTGGCCCA"	"CSARVQGTDTQYF"	NA	"TCRBD1-1*1"	"TCRBJ2-3*1"	55	57	-1	61	2	62	NA	NA	"ACAGTGACCAGTGCCCATCCTGAAGACAGCAGCTTCTACATCTGCAGTGCTAGAGTCCAGGGCACAGATACGCAGTATTTTGGCCCA"	FALSE	TRUE	NA	NA	NA	NA
"GAGTCGCCCAGCCCCAACCAGACCTCTCTGTACTTCTGTGCCAGCAGTTCACAGGGGGTCCACACCGGGGAGCTGTTTTTTGGAGAA"	"CASSSQGVHTGELFF"	"GAGTCGCCCAGCCCCAACCAGACCTCTCTGTACTTCTGTGCCAGCAGTTCACAGGGGGTCCACACCGGGGAGCTGTTTTTTGGAGAA"	"CASSSQGVHTGELFF"	"TCRBV27-1*1"	"TCRBD1-1*1"	"TCRBJ2-2*1"	49	50	58	61	1	3	NA	NA	"GAGTCGCCCAGCCCCAACCAGACCTCTCTGTACTTCTGTGCCAGCAGTTCACAGGGGGTCCACACCGGGGAGCTGTTTTTTGGAGAA"	FALSE	TRUE	NA	NA	NA	NA
"GCCAGCACCAACCAGACATCTATGTACCTCTGTGCCAGCAGTTTAAGACATAGCGGGGTTAATAGCAATGAGCAGTTCTTCGGGCCA"	"CASSLRHSGVNSNEQFF"	"GCCAGCACCAACCAGACATCTATGTACCTCTGTGCCAGCAGTTTAAGACATAGCGGGGTTAATAGCAATGAGCAGTTCTTCGGGCCA"	"CASSLRHSGVNSNEQFF"	"TCRBV28-1*1"	"TCRBD2-1*1"	"TCRBJ2-1*1"	45	50	58	65	5	7	NA	NA	"GCCAGCACCAACCAGACATCTATGTACCTCTGTGCCAGCAGTTTAAGACATAGCGGGGTTAATAGCAATGAGCAGTTCTTCGGGCCA"	FALSE	TRUE	NA	NA	NA	NA
"TTGGCGTCTGCTGTACCCTCTCAGACATCTGTGTACTTCTGTGCCAGCAGATTGACAGGGGACACCGGGGAGCTGTTTTTTGGAGAA"	"CASRLTGDTGELFF"	"TTGGCGTCTGCTGTACCCTCTCAGACATCTGTGTACTTCTGTGCCAGCAGATTGACAGGGGACACCGGGGAGCTGTTTTTTGGAGAA"	"CASRLTGDTGELFF"	"TCRBV6-4*1"	"TCRBD1-1*1"	"TCRBJ2-2*1"	50	53	-1	61	3	62	NA	NA	"TTGGCGTCTGCTGTACCCTCTCAGACATCTGTGTACTTCTGTGCCAGCAGATTGACAGGGGACACCGGGGAGCTGTTTTTTGGAGAA"	FALSE	TRUE	NA	NA	NA	NA
"CAGCCCTCAGAACCCAGGGACTCAGCTGTGTACTTCTGTGCCAGCAGTTTAACAGGACTAGGCCAAGAGACCCAGTACTTCGGGCCA"	"CASSLTGLGQETQYF"	"CAGCCCTCAGAACCCAGGGACTCAGCTGTGTACTTCTGTGCCAGCAGTTTAACAGGACTAGGCCAAGAGACCCAGTACTTCGGGCCA"	"CASSLTGLGQETQYF"	NA	"TCRBD2-1"	"TCRBJ2-5*1"	51	54	61	62	3	1	NA	NA	"CAGCCCTCAGAACCCAGGGACTCAGCTGTGTACTTCTGTGCCAGCAGTTTAACAGGACTAGGCCAAGAGACCCAGTACTTCGGGCCA"	FALSE	TRUE	NA	NA	NA	NA
"CAGCGCACAGAGCAGGGGGACTCGGCCATGTATCTCTGTGCCAGCAGCTCCGGGGCAGGGTTTGCAGATACGCAGTATTTTGGCCCA"	"CASSSGAGFADTQYF"	"CAGCGCACAGAGCAGGGGGACTCGGCCATGTATCTCTGTGCCAGCAGCTCCGGGGCAGGGTTTGCAGATACGCAGTATTTTGGCCCA"	"CASSSGAGFADTQYF"	"TCRBV7-9*1"	NA	"TCRBJ2-3*1"	49	55	60	64	6	4	NA	NA	"CAGCGCACAGAGCAGGGGGACTCGGCCATGTATCTCTGTGCCAGCAGCTCCGGGGCAGGGTTTGCAGATACGCAGTATTTTGGCCCA"	FALSE	TRUE	NA	NA	NA	NA
"CTGACAGTGACCAGTGCCCATCCTGAAGACAGCAGCTTCTACATCTGCAGTGCAGATAGGACCGACAATGAGCAGTTCTTCGGGCCA"	"CSADRTDNEQFF"	"CTGACAGTGACCAGTGCCCATCCTGAAGACAGCAGCTTCTACATCTGCAGTGCAGATAGGACCGACAATGAGCAGTTCTTCGGGCCA"	"CSADRTDNEQFF"	NA	NA	"TCRBJ2-1*1"	53	58	62	64	5	2	NA	NA	"CTGACAGTGACCAGTGCCCATCCTGAAGACAGCAGCTTCTACATCTGCAGTGCAGATAGGACCGACAATGAGCAGTTCTTCGGGCCA"	FALSE	TRUE	NA	NA	NA	NA
"CCTGCAAAGCTTGAGGACTCGGCCGTGTATCTCTGTGCCAGCGGACCACTAGTCCCGAGCTCCTACAATGAGCAGTTCTTCGGGCCA"	"CASGPLVPSSYNEQFF"	"CCTGCAAAGCTTGAGGACTCGGCCGTGTATCTCTGTGCCAGCGGACCACTAGTCCCGAGCTCCTACAATGAGCAGTTCTTCGGGCCA"	"CASGPLVPSSYNEQFF"	"TCRBV11-2"	"TCRBD2-1"	"TCRBJ2-1*1"	42	47	52	59	5	7	NA	NA	"CCTGCAAAGCTTGAGGACTCGGCCGTGTATCTCTGTGCCAGCGGACCACTAGTCCCGAGCTCCTACAATGAGCAGTTCTTCGGGCCA"	FALSE	TRUE	NA	NA	NA	NA
"CTGGGGGACTCGGCCCTTTATCTTTGCGCCAGCAGCTTGGAGGCTAGCGGGAGGATCCCTTACACAGATACGCAGTATTTTGGCCCA"	"CASSLEASGRIPYTDTQYF"	"CTGGGGGACTCGGCCCTTTATCTTTGCGCCAGCAGCTTGGAGGCTAGCGGGAGGATCCCTTACACAGATACGCAGTATTTTGGCCCA"	"CASSLEASGRIPYTDTQYF"	"TCRBV5-1*1"	"TCRBD2-1*2"	"TCRBJ2-3*1"	40	43	54	62	3	8	NA	NA	"CTGGGGGACTCGGCCCTTTATCTTTGCGCCAGCAGCTTGGAGGCTAGCGGGAGGATCCCTTACACAGATACGCAGTATTTTGGCCCA"	FALSE	TRUE	NA	NA	NA	NA
"AACGCCTTGGAGCTGGACGACTCGGCCCTGTATCTCTGTGCCAGCAGCTTGGATTTCACTAGCGCAGAGACCCAGTACTTCGGGCCA"	"CASSLDFTSAETQYF"	"AACGCCTTGGAGCTGGACGACTCGGCCCTGTATCTCTGTGCCAGCAGCTTGGATTTCACTAGCGCAGAGACCCAGTACTTCGGGCCA"	"CASSLDFTSAETQYF"	"TCRBV5-4*1"	"TCRBD2-1"	"TCRBJ2-5*1"	52	57	64	65	5	1	NA	NA	"AACGCCTTGGAGCTGGACGACTCGGCCCTGTATCTCTGTGCCAGCAGCTTGGATTTCACTAGCGCAGAGACCCAGTACTTCGGGCCA"	FALSE	TRUE	NA	NA	NA	NA
"CTGACTGTGAGCAACATGAGCCCTGAAGACAGCAGCATATATCTCTGCAGTGGAACCGGGACAGCCTATGGCTACACCTTCGGTTCG"	"CSGTGTAYGYTF"	"CTGACTGTGAGCAACATGAGCCCTGAAGACAGCAGCATATATCTCTGCAGTGGAACCGGGACAGCCTATGGCTACACCTTCGGTTCG"	"CSGTGTAYGYTF"	"TCRBV29-1"	"TCRBD1-1*1"	"TCRBJ1-2*1"	50	57	64	65	7	1	NA	NA	"CTGACTGTGAGCAACATGAGCCCTGAAGACAGCAGCATATATCTCTGCAGTGGAACCGGGACAGCCTATGGCTACACCTTCGGTTCG"	FALSE	TRUE	NA	NA	NA	NA
"CCAGTGCCCATCCTGAAGACAGCAGCTTCTACATCTGCAGTGCTAATCCCCTGTAGAATAGCCAAAAACATTCAGTACTTCGGCGCC"	""	"CCAGTGCCCATCCTGAAGACAGCAGCTTCTACATCTGCAGTGCTAATCCCCTGTAGAATAGCCAAAAACATTCAGTACTTCGGCGCC"	""	NA	"TCRBD2-1"	"TCRBJ2-4*1"	45	53	56	59	8	3	NA	NA	"CCAGTGCCCATCCTGAAGACAGCAGCTTCTACATCTGCAGTGCTAATCCCCTGTAGAATAGCCAAAAACATTCAGTACTTCGGCGCC"	FALSE	FALSE	NA	NA	NA	NA
"ACGATTCAGCGCACAGAGCAGCGGGACTCAGCCATGTATCGCTGTGCTAGCAGCTTGACAGTAGATTCACCCCTCCACTTTGGGAAT"	"CASSLTVDSPLHF"	"ACGATTCAGCGCACAGAGCAGCGGGACTCAGCCATGTATCGCTGTGCTAGCAGCTTGACAGTAGATTCACCCCTCCACTTTGGGAAT"	"CASSLTVDSPLHF"	"TCRBV7-7*1"	"TCRBD1-1*1"	"TCRBJ1-6*1"	-1	56	61	64	57	3	NA	NA	"ACGATTCAGCGCACAGAGCAGCGGGACTCAGCCATGTATCGCTGTGCTAGCAGCTTGACAGTAGATTCACCCCTCCACTTTGGGAAT"	FALSE	TRUE	NA	NA	NA	NA
"AATTCCCTGGAGCTTGGTGACTCTGCTGTGTATTTCTGTGCCAGCAGCCAGGTGGACAGGCCTCCGAATGGCTACACCTTCGGTTCG"	"CASSQVDRPPNGYTF"	"AATTCCCTGGAGCTTGGTGACTCTGCTGTGTATTTCTGTGCCAGCAGCCAGGTGGACAGGCCTCCGAATGGCTACACCTTCGGTTCG"	"CASSQVDRPPNGYTF"	"TCRBV3-1/3-2*1"	"TCRBD1-1*1"	"TCRBJ1-2*1"	50	53	60	67	3	7	NA	NA	"AATTCCCTGGAGCTTGGTGACTCTGCTGTGTATTTCTGTGCCAGCAGCCAGGTGGACAGGCCTCCGAATGGCTACACCTTCGGTTCG"	FALSE	TRUE	NA	NA	NA	NA
"AACATGAGCCCTGAAGACAGCAGCATATATCTCTGCAGCGTTGAAGATCGTTTAAGCCGGGTAGGAGAGACCCAGTACTTCGGGCCA"	"CSVEDRLSRVGETQYF"	"AACATGAGCCCTGAAGACAGCAGCATATATCTCTGCAGCGTTGAAGATCGTTTAAGCCGGGTAGGAGAGACCCAGTACTTCGGGCCA"	"CSVEDRLSRVGETQYF"	"TCRBV29-1"	"TCRBD2-1"	"TCRBJ2-5*1"	47	57	61	65	10	4	NA	NA	"AACATGAGCCCTGAAGACAGCAGCATATATCTCTGCAGCGTTGAAGATCGTTTAAGCCGGGTAGGAGAGACCCAGTACTTCGGGCCA"	FALSE	TRUE	NA	NA	NA	NA
"GAGTTGGCTGCTCCCTCCCAGACATCTGTGTACTTCTGTGCCAGCAGTACCCGGGGGCCAGCTAACTATGGCTACACCTTCGGTTCG"	"CASSTRGPANYGYTF"	"GAGTTGGCTGCTCCCTCCCAGACATCTGTGTACTTCTGTGCCAGCAGTACCCGGGGGCCAGCTAACTATGGCTACACCTTCGGTTCG"	"CASSTRGPANYGYTF"	"TCRBV6-6"	NA	"TCRBJ1-2*1"	48	52	58	61	4	3	NA	NA	"GAGTTGGCTGCTCCCTCCCAGACATCTGTGTACTTCTGTGCCAGCAGTACCCGGGGGCCAGCTAACTATGGCTACACCTTCGGTTCG"	FALSE	TRUE	NA	NA	NA	NA
"NNNNNNNTGTCGGCTGCTCCCTCCCAAACATCTGTGTACTTCTGTGCCAGCAGGGTACATAAGAACACTGAAGCTTTCTTTGGACAA"	"CASRVHKNTEAFF"	"NNNNNNNTGTCGGCTGCTCCCTCCCAAACATCTGTGTACTTCTGTGCCAGCAGGGTACATAAGAACACTGAAGCTTTCTTTGGACAA"	"CASRVHKNTEAFF"	NA	"TCRBD1-1*1"	"TCRBJ1-1*1"	53	56	59	62	3	3	NA	NA	"NNNNNNNTGTCGGCTGCTCCCTCCCAAACATCTGTGTACTTCTGTGCCAGCAGGGTACATAAGAACACTGAAGCTTTCTTTGGACAA"	FALSE	TRUE	NA	NA	NA	NA
"TCGGCTGCTCCCTCCCAAACATCTGTGTACTTCTGTGCCAGCAGTTTATGGCCTAGCGGGAGGAGCTACGAGCAGTACTTCGGGCCG"	"CASSLWPSGRSYEQYF"	"TCGGCTGCTCCCTCCCAAACATCTGTGTACTTCTGTGCCAGCAGTTTATGGCCTAGCGGGAGGAGCTACGAGCAGTACTTCGGGCCG"	"CASSLWPSGRSYEQYF"	"TCRBV6-2/6-3*1"	"TCRBD2-1*2"	"TCRBJ2-7*1"	46	52	63	65	6	2	NA	NA	"TCGGCTGCTCCCTCCCAAACATCTGTGTACTTCTGTGCCAGCAGTTTATGGCCTAGCGGGAGGAGCTACGAGCAGTACTTCGGGCCG"	FALSE	TRUE	NA	NA	NA	NA
"CAGCGCACAGAGCGGGGGGACTCAGCCGTGTATCTCTGTGCCAGCAAACTCGACGGGTCGAACACCGGGGAGCTGTTTTTTGGAGAA"	"CASKLDGSNTGELFF"	"CAGCGCACAGAGCGGGGGGACTCAGCCGTGTATCTCTGTGCCAGCAAACTCGACGGGTCGAACACCGGGGAGCTGTTTTTTGGAGAA"	"CASKLDGSNTGELFF"	"TCRBV7-3*1"	"TCRBD2-1"	"TCRBJ2-2*1"	46	53	57	58	7	1	NA	NA	"CAGCGCACAGAGCGGGGGGACTCAGCCGTGTATCTCTGTGCCAGCAAACTCGACGGGTCGAACACCGGGGAGCTGTTTTTTGGAGAA"	FALSE	TRUE	NA	NA	NA	NA
"ATGAGCTCCTTGGAGCTGGGGGACTCAGCCCTGTACTTCTGTGCCAGCAGCTTCAGGGGATCTGGAAACACCATATATTTTGGAGAG"	"CASSFRGSGNTIYF"	"ATGAGCTCCTTGGAGCTGGGGGACTCAGCCCTGTACTTCTGTGCCAGCAGCTTCAGGGGATCTGGAAACACCATATATTTTGGAGAG"	"CASSFRGSGNTIYF"	"TCRBV13-1*1"	"TCRBD1-1*1"	"TCRBJ1-3*1"	-1	53	59	60	54	1	NA	NA	"ATGAGCTCCTTGGAGCTGGGGGACTCAGCCCTGTACTTCTGTGCCAGCAGCTTCAGGGGATCTGGAAACACCATATATTTTGGAGAG"	FALSE	TRUE	NA	NA	NA	NA
"AGTTCTAAGAAGCTCCTTCTCAGTGACTCTGGCTTCTATCTCTGTGCCTGGAGCCAGGGACAGGGCTACGAGCAGTACTTCGGGCCG"	"CAWSQGQGYEQYF"	"AGTTCTAAGAAGCTCCTTCTCAGTGACTCTGGCTTCTATCTCTGTGCCTGGAGCCAGGGACAGGGCTACGAGCAGTACTTCGGGCCG"	"CAWSQGQGYEQYF"	"TCRBV3-1*1"	"TCRBD1-1*1"	"TCRBJ2-7*1"	53	56	-1	65	3	66	NA	NA	"AGTTCTAAGAAGCTCCTTCTCAGTGACTCTGGCTTCTATCTCTGTGCCTGGAGCCAGGGACAGGGCTACGAGCAGTACTTCGGGCCG"	FALSE	TRUE	NA	NA	NA	NA
"AAGATCCAGCCCTCAGAACCCAGGGACTCAGCTGTGTACTTCTGTGCCAGCAGTTTGGCAGGGGCGGAAAAACTGTTTTTTGGCAGT"	"CASSLAGAEKLFF"	"AAGATCCAGCCCTCAGAACCCAGGGACTCAGCTGTGTACTTCTGTGCCAGCAGTTTGGCAGGGGCGGAAAAACTGTTTTTTGGCAGT"	"CASSLAGAEKLFF"	"TCRBV12-3/12-4*1"	"TCRBD1-1*1"	"TCRBJ1-4*1"	56	58	64	66	2	2	NA	NA	"AAGATCCAGCCCTCAGAACCCAGGGACTCAGCTGTGTACTTCTGTGCCAGCAGTTTGGCAGGGGCGGAAAAACTGTTTTTTGGCAGT"	FALSE	TRUE	NA	NA	NA	NA
"AAGATCCAGCGCACAGAGCAGGAGGACTCGGCCGTGTATCTCTGTGCCAGCAGCCGTCCGGTTGGAAACACCATATATTTTGGAGAG"	"CASSRPVGNTIYF"	"AAGATCCAGCGCACAGAGCAGGAGGACTCGGCCGTGTATCTCTGTGCCAGCAGCCGTCCGGTTGGAAACACCATATATTTTGGAGAG"	"CASSRPVGNTIYF"	"TCRBV7-8*3"	"TCRBD2-1"	"TCRBJ1-3*1"	56	58	61	62	2	1	NA	NA	"AAGATCCAGCGCACAGAGCAGGAGGACTCGGCCGTGTATCTCTGTGCCAGCAGCCGTCCGGTTGGAAACACCATATATTTTGGAGAG"	FALSE	TRUE	NA	NA	NA	NA
"NTGTCGGCTGCTCCCTCCCAGACATCTGTGTACTTCTGTGCCAGCAGCCACCTGAGGCAAATGAACACTGAAGCTTTCTTTGGACAA"	"CASSHLRQMNTEAFF"	"NTGTCGGCTGCTCCCTCCCAGACATCTGTGTACTTCTGTGCCAGCAGCCACCTGAGGCAAATGAACACTGAAGCTTTCTTTGGACAA"	"CASSHLRQMNTEAFF"	"TCRBV6-5*1"	"TCRBD2-1*2"	"TCRBJ1-1*1"	47	53	57	61	6	4	NA	NA	"NTGTCGGCTGCTCCCTCCCAGACATCTGTGTACTTCTGTGCCAGCAGCCACCTGAGGCAAATGAACACTGAAGCTTTCTTTGGACAA"	FALSE	TRUE	NA	NA	NA	NA
"GATCCAGCCTGCAAAGCTTGAGGACTCGGCCGTGTATCTCTGTGCCAGCAGCTCACTAGCGGGAGAAATACGCAGTATTTTGGCCCA"	""	"GATCCAGCCTGCAAAGCTTGAGGACTCGGCCGTGTATCTCTGTGCCAGCAGCTCACTAGCGGGAGAAATACGCAGTATTTTGGCCCA"	""	"TCRBV11-2*1"	"TCRBD2-1*2"	"TCRBJ2-3*1"	53	54	65	67	1	2	NA	NA	"GATCCAGCCTGCAAAGCTTGAGGACTCGGCCGTGTATCTCTGTGCCAGCAGCTCACTAGCGGGAGAAATACGCAGTATTTTGGCCCA"	FALSE	FALSE	NA	NA	NA	NA
"TCAGAACCCAGGGACTCAGCTGTGTACTTCTGTGCCAGCAGGCACCGGGACTAGCGGACTCGCACAGATACGCAGTATTTTGGCCCA"	"CASRHRD*RTRTDTQYF"	"TCAGAACCCAGGGACTCAGCTGTGTACTTCTGTGCCAGCAGGCACCGGGACTAGCGGACTCGCACAGATACGCAGTATTTTGGCCCA"	"CASRHRD*RTRTDTQYF"	NA	"TCRBD2-1"	"TCRBJ2-3*1"	41	46	57	61	5	4	NA	NA	"TCAGAACCCAGGGACTCAGCTGTGTACTTCTGTGCCAGCAGGCACCGGGACTAGCGGACTCGCACAGATACGCAGTATTTTGGCCCA"	FALSE	TRUE	NA	NA	NA	NA
"AGTTCTAAGAAGCTCCTTCTCAGTGACTCTGGCTTCTATCTCTGTGCCTGGAGACGCGGACCCGACAATGAGCAGTTCTTCGGGCCA"	"CAWRRGPDNEQFF"	"AGTTCTAAGAAGCTCCTTCTCAGTGACTCTGGCTTCTATCTCTGTGCCTGGAGACGCGGACCCGACAATGAGCAGTTCTTCGGGCCA"	"CAWRRGPDNEQFF"	"TCRBV3-1*1"	NA	"TCRBJ2-1*1"	53	57	61	64	4	3	NA	NA	"AGTTCTAAGAAGCTCCTTCTCAGTGACTCTGGCTTCTATCTCTGTGCCTGGAGACGCGGACCCGACAATGAGCAGTTCTTCGGGCCA"	FALSE	TRUE	NA	NA	NA	NA
"GGCAATCCTGTCCTCAGAACCGGGAGACACGGCACTGTATCTCTGCGCCACTGACTATTAGCCAAAAACATTCAGTACTTCGGCGCC"	""	"GGCAATCCTGTCCTCAGAACCGGGAGACACGGCACTGTATCTCTGCGCCACTGACTATTAGCCAAAAACATTCAGTACTTCGGCGCC"	""	"TCRBV23-1*1"	"TCRBD2-1"	"TCRBJ2-4*1"	50	52	57	59	2	2	NA	NA	"GGCAATCCTGTCCTCAGAACCGGGAGACACGGCACTGTATCTCTGCGCCACTGACTATTAGCCAAAAACATTCAGTACTTCGGCGCC"	FALSE	FALSE	NA	NA	NA	NA
"AACGCCTTGGAGCTGGAGGACTCGGCCCTGTATCTCTGTGCCAGCAACCCAGGGACCTTATGGGAGGATACGCAGTATTTTGGCCCA"	"CASNPGTLWEDTQYF"	"AACGCCTTGGAGCTGGAGGACTCGGCCCTGTATCTCTGTGCCAGCAACCCAGGGACCTTATGGGAGGATACGCAGTATTTTGGCCCA"	"CASNPGTLWEDTQYF"	"TCRBV5-8*1"	NA	"TCRBJ2-3*1"	46	51	56	66	5	10	NA	NA	"AACGCCTTGGAGCTGGAGGACTCGGCCCTGTATCTCTGTGCCAGCAACCCAGGGACCTTATGGGAGGATACGCAGTATTTTGGCCCA"	FALSE	TRUE	NA	NA	NA	NA
"GCTCCCTCCCAGACATCTGTGTACTTCTGTGCCAGCAGTTTACTACCGCCGGGACAGTTGAATTCCTACGAGCAGTACTTCGGGCCG"	"CASSLLPPGQLNSYEQYF"	"GCTCCCTCCCAGACATCTGTGTACTTCTGTGCCAGCAGTTTACTACCGCCGGGACAGTTGAATTCCTACGAGCAGTACTTCGGGCCG"	"CASSLLPPGQLNSYEQYF"	NA	"TCRBD1-1*1"	"TCRBJ2-7*1"	40	50	57	63	10	6	NA	NA	"GCTCCCTCCCAGACATCTGTGTACTTCTGTGCCAGCAGTTTACTACCGCCGGGACAGTTGAATTCCTACGAGCAGTACTTCGGGCCG"	FALSE	TRUE	NA	NA	NA	NA
"CAGCGCACAGAGCAGCGGGACTCGGCCATGTATCGCTGTGCCAGCAGCTTAGGAGGGACGCCCTCCTACGAGCAGTACTTCGGGCCG"	"CASSLGGTPSYEQYF"	"CAGCGCACAGAGCAGCGGGACTCGGCCATGTATCGCTGTGCCAGCAGCTTAGGAGGGACGCCCTCCTACGAGCAGTACTTCGGGCCG"	"CASSLGGTPSYEQYF"	"TCRBV7-6*1"	NA	"TCRBJ2-7*1"	52	54	59	62	2	3	NA	NA	"CAGCGCACAGAGCAGCGGGACTCGGCCATGTATCGCTGTGCCAGCAGCTTAGGAGGGACGCCCTCCTACGAGCAGTACTTCGGGCCG"	FALSE	TRUE	NA	NA	NA	NA
"CTGGAGTCAGCTACCAGCTCCCAGACATCTGTGTACTTCTGTGCCATCGAAGGCGGGATGAGGGCCGGGGAGCTGTTTTTTGGAGAA"	"CAIEGGMRAGELFF"	"CTGGAGTCAGCTACCAGCTCCCAGACATCTGTGTACTTCTGTGCCATCGAAGGCGGGATGAGGGCCGGGGAGCTGTTTTTTGGAGAA"	"CAIEGGMRAGELFF"	"TCRBV1-3*1"	"TCRBD2-1*2"	"TCRBJ2-2*1"	48	52	58	64	4	6	NA	NA	"CTGGAGTCAGCTACCAGCTCCCAGACATCTGTGTACTTCTGTGCCATCGAAGGCGGGATGAGGGCCGGGGAGCTGTTTTTTGGAGAA"	FALSE	TRUE	NA	NA	NA	NA
"ATCCTGGAGTCGCCCAGCCCCAACCAGACCTCTCTGTACTTCTGTGCCAGCGGGGGGGGTAGCACAGATACGCAGTATTTTGGCCCA"	"CASGGGSTDTQYF"	"ATCCTGGAGTCGCCCAGCCCCAACCAGACCTCTCTGTACTTCTGTGCCAGCGGGGGGGGTAGCACAGATACGCAGTATTTTGGCCCA"	"CASGGGSTDTQYF"	"TCRBV27-1*1"	"TCRBD2-1*1"	"TCRBJ2-3*1"	-1	51	58	60	52	2	NA	NA	"ATCCTGGAGTCGCCCAGCCCCAACCAGACCTCTCTGTACTTCTGTGCCAGCGGGGGGGGTAGCACAGATACGCAGTATTTTGGCCCA"	FALSE	TRUE	NA	NA	NA	NA
"AATGTGAACGCCTTGGAGCTGGACGACTCGGCCCTGTATCTCTGTGCCAGCAGCTTGCGGGGGGACTATGGCTACACCTTCGGTTCG"	"CASSLRGDYGYTF"	"AATGTGAACGCCTTGGAGCTGGACGACTCGGCCCTGTATCTCTGTGCCAGCAGCTTGCGGGGGGACTATGGCTACACCTTCGGTTCG"	"CASSLRGDYGYTF"	"TCRBV5-4*1"	"TCRBD2-1*1"	"TCRBJ1-2*1"	-1	57	-1	64	58	65	NA	NA	"AATGTGAACGCCTTGGAGCTGGACGACTCGGCCCTGTATCTCTGTGCCAGCAGCTTGCGGGGGGACTATGGCTACACCTTCGGTTCG"	FALSE	TRUE	NA	NA	NA	NA
"TCGGCCCTGTATCTCTGTGCCAGCAGCTTGGTCCTCATGGCCGGGGGCAAACGGGACAGAAAAAGCTACGAGCAGTACTTCGGGCCG"	"CASSLVLMAGGKRDRKSYEQYF"	"TCGGCCCTGTATCTCTGTGCCAGCAGCTTGGTCCTCATGGCCGGGGGCAAACGGGACAGAAAAAGCTACGAGCAGTACTTCGGGCCG"	"CASSLVLMAGGKRDRKSYEQYF"	NA	"TCRBD1-1*1"	"TCRBJ2-7*1"	31	52	59	65	21	6	NA	NA	"TCGGCCCTGTATCTCTGTGCCAGCAGCTTGGTCCTCATGGCCGGGGGCAAACGGGACAGAAAAAGCTACGAGCAGTACTTCGGGCCG"	FALSE	TRUE	NA	NA	NA	NA
"ATCCAGCCCTCAGAACCCAGGGACTCAGCTGTGTACTTCTGTGCCAGCAGCCAGGTGGAGGCTGGAAACACCATATATTTTGGAGAG"	"CASSQVEAGNTIYF"	"ATCCAGCCCTCAGAACCCAGGGACTCAGCTGTGTACTTCTGTGCCAGCAGCCAGGTGGAGGCTGGAAACACCATATATTTTGGAGAG"	"CASSQVEAGNTIYF"	NA	"TCRBD2-1*2"	"TCRBJ1-3*1"	50	56	-1	61	6	62	NA	NA	"ATCCAGCCCTCAGAACCCAGGGACTCAGCTGTGTACTTCTGTGCCAGCAGCCAGGTGGAGGCTGGAAACACCATATATTTTGGAGAG"	FALSE	TRUE	NA	NA	NA	NA
"GTAGTGCGAGGAGATTCGGCAGCTTATTTCTGTGCCAGCCCCCTGGGAGGGACACCTAACCCCACAGATACGCAGTATTTTGGCCCA"	"CASPLGGTPNPTDTQYF"	"GTAGTGCGAGGAGATTCGGCAGCTTATTTCTGTGCCAGCCCCCTGGGAGGGACACCTAACCCCACAGATACGCAGTATTTTGGCCCA"	"CASPLGGTPNPTDTQYF"	"TCRBV18-1*1"	"TCRBD2-1*2"	"TCRBJ2-3*1"	39	44	51	62	5	11	NA	NA	"GTAGTGCGAGGAGATTCGGCAGCTTATTTCTGTGCCAGCCCCCTGGGAGGGACACCTAACCCCACAGATACGCAGTATTTTGGCCCA"	FALSE	TRUE	NA	NA	NA	NA
"GAGATCCAGCGCACAGAGCAGGGGGACTCGGCCATGTATCTCTGTGCCAGCAGCTTTGCATCCTCCTACGAGCAGTACTTCGGGCCG"	"CASSFASSYEQYF"	"GAGATCCAGCGCACAGAGCAGGGGGACTCGGCCATGTATCTCTGTGCCAGCAGCTTTGCATCCTCCTACGAGCAGTACTTCGGGCCG"	"CASSFASSYEQYF"	"TCRBV7-9*1"	NA	"TCRBJ2-7*1"	56	58	60	62	2	2	NA	NA	"GAGATCCAGCGCACAGAGCAGGGGGACTCGGCCATGTATCTCTGTGCCAGCAGCTTTGCATCCTCCTACGAGCAGTACTTCGGGCCG"	FALSE	TRUE	NA	NA	NA	NA
"CAGCGCACAGAGCAGGGGGACTCGGCCATGTATCTCTGTGCCAGCAGCATGGACCCCGCGGTAAAGGGGGGCTACACCTTCGGTTCG"	"CASSMDPAVKGGYTF"	"CAGCGCACAGAGCAGGGGGACTCGGCCATGTATCTCTGTGCCAGCAGCATGGACCCCGCGGTAAAGGGGGGCTACACCTTCGGTTCG"	"CASSMDPAVKGGYTF"	"TCRBV7-9*1"	"TCRBD1-1*1"	"TCRBJ1-2*1"	48	64	-1	69	16	70	NA	NA	"CAGCGCACAGAGCAGGGGGACTCGGCCATGTATCTCTGTGCCAGCAGCATGGACCCCGCGGTAAAGGGGGGCTACACCTTCGGTTCG"	FALSE	TRUE	NA	NA	NA	NA
"AAGATCCGGTCCACAAAGCTGGAGGACTCAGCCATGTACTTCTGTGCCAGCTCGACAGGAGGCGCTTCACCCCTCCACTTTGGGAAT"	"CASSTGGASPLHF"	"AAGATCCGGTCCACAAAGCTGGAGGACTCAGCCATGTACTTCTGTGCCAGCTCGACAGGAGGCGCTTCACCCCTCCACTTTGGGAAT"	"CASSTGGASPLHF"	"TCRBV2-1"	"TCRBD1-1*1"	"TCRBJ1-6*1"	51	53	59	65	2	6	NA	NA	"AAGATCCGGTCCACAAAGCTGGAGGACTCAGCCATGTACTTCTGTGCCAGCTCGACAGGAGGCGCTTCACCCCTCCACTTTGGGAAT"	FALSE	TRUE	NA	NA	NA	NA
"ACCCTGCAGCCAGAAGACTCGGCCCTGTATCTCTGCGCCAGCAGCCCCAGAGTTATCGGGGATTACAATGAGCAGTTCTTCGGGCCA"	"CASSPRVIGDYNEQFF"	"ACCCTGCAGCCAGAAGACTCGGCCCTGTATCTCTGCGCCAGCAGCCCCAGAGTTATCGGGGATTACAATGAGCAGTTCTTCGGGCCA"	"CASSPRVIGDYNEQFF"	"TCRBV4-3*1"	"TCRBD2-1*1"	"TCRBJ2-1*1"	46	56	61	63	10	2	NA	NA	"ACCCTGCAGCCAGAAGACTCGGCCCTGTATCTCTGCGCCAGCAGCCCCAGAGTTATCGGGGATTACAATGAGCAGTTCTTCGGGCCA"	FALSE	TRUE	NA	NA	NA	NA
"NNNNTGTCGGCTGCTCCCTCCCAGACATCTGTGTACTTCTGTGCCAGCAGCCAACACGGGGGGTTTCAGCCCCAGCATTTTGGTGAT"	"CASSQHGGFQPQHF"	"NNNNTGTCGGCTGCTCCCTCCCAGACATCTGTGTACTTCTGTGCCAGCAGCCAACACGGGGGGTTTCAGCCCCAGCATTTTGGTGAT"	"CASSQHGGFQPQHF"	"TCRBV6-5*1"	"TCRBD2-1*1"	"TCRBJ1-5*1"	50	56	63	65	6	2	NA	NA	"NNNNTGTCGGCTGCTCCCTCCCAGACATCTGTGTACTTCTGTGCCAGCAGCCAACACGGGGGGTTTCAGCCCCAGCATTTTGGTGAT"	FALSE	TRUE	NA	NA	NA	NA
"CTCCTCCCAGACATCTGTATATTTCTGCGCCAGCAGCAAGACCCCCAAGACTAGCGGGAGGGCCCTTGGGAGCTGTTTTTTGGAGAA"	""	"CTCCTCCCAGACATCTGTATATTTCTGCGCCAGCAGCAAGACCCCCAAGACTAGCGGGAGGGCCCTTGGGAGCTGTTTTTTGGAGAA"	""	"TCRBV1-1"	"TCRBD2-1*2"	"TCRBJ2-2*1"	36	48	62	67	12	5	NA	NA	"CTCCTCCCAGACATCTGTATATTTCTGCGCCAGCAGCAAGACCCCCAAGACTAGCGGGAGGGCCCTTGGGAGCTGTTTTTTGGAGAA"	FALSE	FALSE	NA	NA	NA	NA
"GCCAGCACCAACCAGACATCTATGTACCTCTGTGCCAGCAGTTTTGGACTAGCGGGATACGACCCCTACGAGCAGTACTTCGGGCCG"	"CASSFGLAGYDPYEQYF"	"GCCAGCACCAACCAGACATCTATGTACCTCTGTGCCAGCAGTTTTGGACTAGCGGGATACGACCCCTACGAGCAGTACTTCGGGCCG"	"CASSFGLAGYDPYEQYF"	"TCRBV28-1*1"	"TCRBD2-1*2"	"TCRBJ2-7*1"	44	45	57	64	1	7	NA	NA	"GCCAGCACCAACCAGACATCTATGTACCTCTGTGCCAGCAGTTTTGGACTAGCGGGATACGACCCCTACGAGCAGTACTTCGGGCCG"	FALSE	TRUE	NA	NA	NA	NA
"ACCTTGGAGCTGGGGGACTCGGCCCTTTATCTTTGCGCCAGCAGCTTGGGGCGCACGGGCGGGAACTCTGAAGCTTTCTTTGGACAA"	"CASSLGRTGGNSEAFF"	"ACCTTGGAGCTGGGGGACTCGGCCCTTTATCTTTGCGCCAGCAGCTTGGGGCGCACGGGCGGGAACTCTGAAGCTTTCTTTGGACAA"	"CASSLGRTGGNSEAFF"	"TCRBV5-1*1"	"TCRBD2-1*2"	"TCRBJ1-1*1"	49	58	64	67	9	3	NA	NA	"ACCTTGGAGCTGGGGGACTCGGCCCTTTATCTTTGCGCCAGCAGCTTGGGGCGCACGGGCGGGAACTCTGAAGCTTTCTTTGGACAA"	FALSE	TRUE	NA	NA	NA	NA
"AAGATCCAGCCCTCAGAACCCAGGGACTCAGCTGTGTATTTTTGTGCTAGTGGTTTAGGTGAAAGCAATGAGCAGTTCTTCGGGCCA"	"CASGLGESNEQFF"	"AAGATCCAGCCCTCAGAACCCAGGGACTCAGCTGTGTATTTTTGTGCTAGTGGTTTAGGTGAAAGCAATGAGCAGTTCTTCGGGCCA"	"CASGLGESNEQFF"	"TCRBV12-5*1"	NA	"TCRBJ2-1*1"	-1	56	59	65	57	6	NA	NA	"AAGATCCAGCCCTCAGAACCCAGGGACTCAGCTGTGTATTTTTGTGCTAGTGGTTTAGGTGAAAGCAATGAGCAGTTCTTCGGGCCA"	FALSE	TRUE	NA	NA	NA	NA
"CAGCCCTCAGAACCCAGGGACTCAGCTGTGTACTTCTGTGCCAGCAGAACGACAGGGATCTCCTACAATGAGCAGTTCTTCGGGCCA"	"CASRTTGISYNEQFF"	"CAGCCCTCAGAACCCAGGGACTCAGCTGTGTACTTCTGTGCCAGCAGAACGACAGGGATCTCCTACAATGAGCAGTTCTTCGGGCCA"	"CASRTTGISYNEQFF"	NA	"TCRBD1-1*1"	"TCRBJ2-1*1"	47	50	57	59	3	2	NA	NA	"CAGCCCTCAGAACCCAGGGACTCAGCTGTGTACTTCTGTGCCAGCAGAACGACAGGGATCTCCTACAATGAGCAGTTCTTCGGGCCA"	FALSE	TRUE	NA	NA	NA	NA
"TGACGATCCAGCGCACAGAGCAGGGGGACTCGGCCATGTATCTCTGTGCCAGCAGCTCAAAAGACTCCTCCTCGGTACTTCGGGCCA"	""	"TGACGATCCAGCGCACAGAGCAGGGGGACTCGGCCATGTATCTCTGTGCCAGCAGCTCAAAAGACTCCTCCTCGGTACTTCGGGCCA"	""	"TCRBV7-9*1"	"TCRBD2-1"	"TCRBJ2-5*1"	57	62	66	74	5	8	NA	NA	"TGACGATCCAGCGCACAGAGCAGGGGGACTCGGCCATGTATCTCTGTGCCAGCAGCTCAAAAGACTCCTCCTCGGTACTTCGGGCCA"	FALSE	FALSE	NA	NA	NA	NA
"CCATCCTGAAGACAGCAGCTTCTACATCTGCAGTGCTCTACAGGGGGCTTCCTTCGTTCCGCGAACAATGAGCAGTTCTTCGGGCCA"	""	"CCATCCTGAAGACAGCAGCTTCTACATCTGCAGTGCTCTACAGGGGGCTTCCTTCGTTCCGCGAACAATGAGCAGTTCTTCGGGCCA"	""	NA	"TCRBD1-1*1"	"TCRBJ2-1*1"	37	39	48	64	2	16	NA	NA	"CCATCCTGAAGACAGCAGCTTCTACATCTGCAGTGCTCTACAGGGGGCTTCCTTCGTTCCGCGAACAATGAGCAGTTCTTCGGGCCA"	FALSE	FALSE	NA	NA	NA	NA
"NNNNNNNTGTCGGCTGCTCCCTCCCAAACATCTGTGTACTTCTGTGCCAGCAGGGACTTCCTCACAGATACGCAGTATTTTGGCCCA"	"CASRDFLTDTQYF"	"NNNNNNNTGTCGGCTGCTCCCTCCCAAACATCTGTGTACTTCTGTGCCAGCAGGGACTTCCTCACAGATACGCAGTATTTTGGCCCA"	"CASRDFLTDTQYF"	NA	"TCRBD2-1"	"TCRBJ2-3*1"	-1	53	58	62	54	4	NA	NA	"NNNNNNNTGTCGGCTGCTCCCTCCCAAACATCTGTGTACTTCTGTGCCAGCAGGGACTTCCTCACAGATACGCAGTATTTTGGCCCA"	FALSE	TRUE	NA	NA	NA	NA
"CGGTCCACAAAGCTGGAGGACTCAGCCATGTACTTCTGTGCCAGCAGTGAACAAGCGGGAAGGACCGGGGAGCTGTTTTTTGGAGAA"	"CASSEQAGRTGELFF"	"CGGTCCACAAAGCTGGAGGACTCAGCCATGTACTTCTGTGCCAGCAGTGAACAAGCGGGAAGGACCGGGGAGCTGTTTTTTGGAGAA"	"CASSEQAGRTGELFF"	"TCRBV2-1"	"TCRBD2-1*2"	"TCRBJ2-2*1"	51	53	60	63	2	3	NA	NA	"CGGTCCACAAAGCTGGAGGACTCAGCCATGTACTTCTGTGCCAGCAGTGAACAAGCGGGAAGGACCGGGGAGCTGTTTTTTGGAGAA"	FALSE	TRUE	NA	NA	NA	NA
"CCCAACCAGACCTCTCTGTACTTCTGTGCCAGCAGTAGGACTGGGCTAGCGGAGGAGGTGGGGCTCTACGAGCAGTACTTCGGGCCG"	"CASSRTGLAEEVGLYEQYF"	"CCCAACCAGACCTCTCTGTACTTCTGTGCCAGCAGTAGGACTGGGCTAGCGGAGGAGGTGGGGCTCTACGAGCAGTACTTCGGGCCG"	"CASSRTGLAEEVGLYEQYF"	"TCRBV27-1*1"	"TCRBD2-1"	"TCRBJ2-7*1"	36	45	52	65	9	13	NA	NA	"CCCAACCAGACCTCTCTGTACTTCTGTGCCAGCAGTAGGACTGGGCTAGCGGAGGAGGTGGGGCTCTACGAGCAGTACTTCGGGCCG"	FALSE	TRUE	NA	NA	NA	NA
"CAGCGCACAGAGCGGGGGGACTCAGCCGTGTATCTCTGTGCCAGCAGCGCCCTAGCGGGAGTTTACAATGAGCAGTTCTTCGGGCCA"	"CASSALAGVYNEQFF"	"CAGCGCACAGAGCGGGGGGACTCAGCCGTGTATCTCTGTGCCAGCAGCGCCCTAGCGGGAGTTTACAATGAGCAGTTCTTCGGGCCA"	"CASSALAGVYNEQFF"	"TCRBV7-3*1"	"TCRBD2-1*2"	"TCRBJ2-1*1"	48	51	61	63	3	2	NA	NA	"CAGCGCACAGAGCGGGGGGACTCAGCCGTGTATCTCTGTGCCAGCAGCGCCCTAGCGGGAGTTTACAATGAGCAGTTCTTCGGGCCA"	FALSE	TRUE	NA	NA	NA	NA
"AACGCCTTGTTGCTGGGGGACTCGGCCCTCTATCTCTGTGCCAGCAGCGGCGGACTAGGGGTCTCGATTGAGCAGTTCTTCGGGCCA"	"CASSGGLGVSIEQFF"	"AACGCCTTGTTGCTGGGGGACTCGGCCCTCTATCTCTGTGCCAGCAGCGGCGGACTAGGGGTCTCGATTGAGCAGTTCTTCGGGCCA"	"CASSGGLGVSIEQFF"	"TCRBV5-6*1"	"TCRBD2-1"	"TCRBJ2-1*1"	48	51	58	68	3	10	NA	NA	"AACGCCTTGTTGCTGGGGGACTCGGCCCTCTATCTCTGTGCCAGCAGCGGCGGACTAGGGGTCTCGATTGAGCAGTTCTTCGGGCCA"	FALSE	TRUE	NA	NA	NA	NA
"CAGCCCTCAGAACCCAGGGACTCAGCTGTGTACTTCTGTGCCAGCAGTTCCAGAGGGGTTCGGGCCTATGGCTACACCTTCGGTTCG"	"CASSSRGVRAYGYTF"	"CAGCCCTCAGAACCCAGGGACTCAGCTGTGTACTTCTGTGCCAGCAGTTCCAGAGGGGTTCGGGCCTATGGCTACACCTTCGGTTCG"	"CASSSRGVRAYGYTF"	NA	NA	"TCRBJ1-2*1"	49	53	58	65	4	7	NA	NA	"CAGCCCTCAGAACCCAGGGACTCAGCTGTGTACTTCTGTGCCAGCAGTTCCAGAGGGGTTCGGGCCTATGGCTACACCTTCGGTTCG"	FALSE	TRUE	NA	NA	NA	NA
"NNNNNNNTGTCGGCTGCTCCCTCCCAAACATCTGTGTACTTCTGTGCCAGCAGTTACGGCAGGCAAGAGACCCAGTACTTCGGGCCA"	"CASSYGRQETQYF"	"NNNNNNNTGTCGGCTGCTCCCTCCCAAACATCTGTGTACTTCTGTGCCAGCAGTTACGGCAGGCAAGAGACCCAGTACTTCGGGCCA"	"CASSYGRQETQYF"	"TCRBV6-2/6-3*1"	"TCRBD1-1*1"	"TCRBJ2-5*1"	57	59	-1	63	2	64	NA	NA	"NNNNNNNTGTCGGCTGCTCCCTCCCAAACATCTGTGTACTTCTGTGCCAGCAGTTACGGCAGGCAAGAGACCCAGTACTTCGGGCCA"	FALSE	TRUE	NA	NA	NA	NA
"GAGTCGCCCAGCCCCAACCAGACCTCTCTGTACTTCTGTGCCAGCAGAATACAGGGTTCGAACACCGGGGAGCTGTTTTTTGGAGAA"	"CASRIQGSNTGELFF"	"GAGTCGCCCAGCCCCAACCAGACCTCTCTGTACTTCTGTGCCAGCAGAATACAGGGTTCGAACACCGGGGAGCTGTTTTTTGGAGAA"	"CASRIQGSNTGELFF"	"TCRBV27-1*1"	"TCRBD1-1*1"	"TCRBJ2-2*1"	47	50	56	58	3	2	NA	NA	"GAGTCGCCCAGCCCCAACCAGACCTCTCTGTACTTCTGTGCCAGCAGAATACAGGGTTCGAACACCGGGGAGCTGTTTTTTGGAGAA"	FALSE	TRUE	NA	NA	NA	NA
"NNNNNNNTGTCGGCTGCTCCCTCCCAGACATCTGTGTACTTCTGTGCCAGCAGTACTTCTTTCCGGGAGACCCAGTACTTCGGGCCA"	"CASSTSFRETQYF"	"NNNNNNNTGTCGGCTGCTCCCTCCCAGACATCTGTGTACTTCTGTGCCAGCAGTACTTCTTTCCGGGAGACCCAGTACTTCGGGCCA"	"CASSTSFRETQYF"	"TCRBV6-5*1"	"TCRBD2-1"	"TCRBJ2-5*1"	-1	54	57	66	55	9	NA	NA	"NNNNNNNTGTCGGCTGCTCCCTCCCAGACATCTGTGTACTTCTGTGCCAGCAGTACTTCTTTCCGGGAGACCCAGTACTTCGGGCCA"	FALSE	TRUE	NA	NA	NA	NA
"CTGATTCTGGAGTCCGCCAGCACCAACCAGACATCTATGTACCTCTGTGCCAGCAGTTTCGGTGTAGGGGAGCTGTTTTTTGGAGAA"	"CASSFGVGELFF"	"CTGATTCTGGAGTCCGCCAGCACCAACCAGACATCTATGTACCTCTGTGCCAGCAGTTTCGGTGTAGGGGAGCTGTTTTTTGGAGAA"	"CASSFGVGELFF"	"TCRBV28-1*1"	"TCRBD2-1"	"TCRBJ2-2*1"	-1	59	62	66	60	4	NA	NA	"CTGATTCTGGAGTCCGCCAGCACCAACCAGACATCTATGTACCTCTGTGCCAGCAGTTTCGGTGTAGGGGAGCTGTTTTTTGGAGAA"	FALSE	TRUE	NA	NA	NA	NA
"CTCAGGCTGGAGTTGGCTGCTCCCTCCCAGACATCTGTGTACTTCTGTGCCAGCAGTTACTCGATCGATACGCAGTATTTTGGCCCA"	"CASSYSIDTQYF"	"CTCAGGCTGGAGTTGGCTGCTCCCTCCCAGACATCTGTGTACTTCTGTGCCAGCAGTTACTCGATCGATACGCAGTATTTTGGCCCA"	"CASSYSIDTQYF"	"TCRBV6-6*1"	NA	"TCRBJ2-3*1"	-1	62	64	66	63	2	NA	NA	"CTCAGGCTGGAGTTGGCTGCTCCCTCCCAGACATCTGTGTACTTCTGTGCCAGCAGTTACTCGATCGATACGCAGTATTTTGGCCCA"	FALSE	TRUE	NA	NA	NA	NA
"ATCCAGCCCTCAGAACCCAGGGACTCAGCTGTGTACTTCTGTGCCAGCAGTTTCCAGGGGCCCTACAATGAGCAGTTCTTCGGGCCA"	"CASSFQGPYNEQFF"	"ATCCAGCCCTCAGAACCCAGGGACTCAGCTGTGTACTTCTGTGCCAGCAGTTTCCAGGGGCCCTACAATGAGCAGTTCTTCGGGCCA"	"CASSFQGPYNEQFF"	NA	"TCRBD1-1*1"	"TCRBJ2-1*1"	53	54	60	61	1	1	NA	NA	"ATCCAGCCCTCAGAACCCAGGGACTCAGCTGTGTACTTCTGTGCCAGCAGTTTCCAGGGGCCCTACAATGAGCAGTTCTTCGGGCCA"	FALSE	TRUE	NA	NA	NA	NA
"GCTGCTCCCTCCCAAACATCTGTGTACTTCTGTGCCAGCAGTTTGATGTTGACTAGCGGACTCACCGGGGAGCTGTTTTTTGGAGAA"	"CASSLMLTSGLTGELFF"	"GCTGCTCCCTCCCAAACATCTGTGTACTTCTGTGCCAGCAGTTTGATGTTGACTAGCGGACTCACCGGGGAGCTGTTTTTTGGAGAA"	"CASSLMLTSGLTGELFF"	"TCRBV6-2/6-3*1"	"TCRBD2-1"	"TCRBJ2-2*1"	43	50	59	62	7	3	NA	NA	"GCTGCTCCCTCCCAAACATCTGTGTACTTCTGTGCCAGCAGTTTGATGTTGACTAGCGGACTCACCGGGGAGCTGTTTTTTGGAGAA"	FALSE	TRUE	NA	NA	NA	NA
"GTGAGCACCTTGGAGCTGGGGGACTCGGCCCTTTATCTTTGCGCCAGCAGCTTGGCTACAGGGAAAGATACGCAGTATTTTGGCCCA"	"CASSLATGKDTQYF"	"GTGAGCACCTTGGAGCTGGGGGACTCGGCCCTTTATCTTTGCGCCAGCAGCTTGGCTACAGGGAAAGATACGCAGTATTTTGGCCCA"	"CASSLATGKDTQYF"	"TCRBV5-1*1"	"TCRBD1-1*1"	"TCRBJ2-3*1"	55	57	63	65	2	2	NA	NA	"GTGAGCACCTTGGAGCTGGGGGACTCGGCCCTTTATCTTTGCGCCAGCAGCTTGGCTACAGGGAAAGATACGCAGTATTTTGGCCCA"	FALSE	TRUE	NA	NA	NA	NA
"NTGTCGGCTGCTCCCTCCCAAACATCTGTGTACTTCTGTGCCAGCAGGGAACCGGGACACATCAACTACGAGCAGTACTTCGGGCCG"	"CASREPGHINYEQYF"	"NTGTCGGCTGCTCCCTCCCAAACATCTGTGTACTTCTGTGCCAGCAGGGAACCGGGACACATCAACTACGAGCAGTACTTCGGGCCG"	"CASREPGHINYEQYF"	NA	"TCRBD1-1*1"	"TCRBJ2-7*1"	47	53	59	65	6	6	NA	NA	"NTGTCGGCTGCTCCCTCCCAAACATCTGTGTACTTCTGTGCCAGCAGGGAACCGGGACACATCAACTACGAGCAGTACTTCGGGCCG"	FALSE	TRUE	NA	NA	NA	NA
"GAGTCGCCCAGCCCCAACCAGACCTCTCTGTACTTCTGTGCCAGCAGTTTATCGAAGGGTGTGGACGGGGAGCTGTTTTTTGGAGAA"	"CASSLSKGVDGELFF"	"GAGTCGCCCAGCCCCAACCAGACCTCTCTGTACTTCTGTGCCAGCAGTTTATCGAAGGGTGTGGACGGGGAGCTGTTTTTTGGAGAA"	"CASSLSKGVDGELFF"	"TCRBV27-1*1"	NA	"TCRBJ2-2*1"	53	55	59	65	2	6	NA	NA	"GAGTCGCCCAGCCCCAACCAGACCTCTCTGTACTTCTGTGCCAGCAGTTTATCGAAGGGTGTGGACGGGGAGCTGTTTTTTGGAGAA"	FALSE	TRUE	NA	NA	NA	NA
"CAGCCTGCAAAGCTTGAGGACTCGGCCGTGTATCTCTGTGCCAGCAGCATTAGCGGGTGGAACACCGGGGAGCTGTTTTTTGGAGAA"	"CASSISGWNTGELFF"	"CAGCCTGCAAAGCTTGAGGACTCGGCCGTGTATCTCTGTGCCAGCAGCATTAGCGGGTGGAACACCGGGGAGCTGTTTTTTGGAGAA"	"CASSISGWNTGELFF"	"TCRBV11-2*1"	"TCRBD2-1"	"TCRBJ2-2*1"	48	50	57	59	2	2	NA	NA	"CAGCCTGCAAAGCTTGAGGACTCGGCCGTGTATCTCTGTGCCAGCAGCATTAGCGGGTGGAACACCGGGGAGCTGTTTTTTGGAGAA"	FALSE	TRUE	NA	NA	NA	NA
"CTGATCCTGGAGTCGCCCAGCCCCAACCAGACCTCTCTGTACTTCTGTGCCAGCAGCCGGAGGGGAGAGCCCCAGCATTTTGGTGAT"	"CASSRRGEPQHF"	"CTGATCCTGGAGTCGCCCAGCCCCAACCAGACCTCTCTGTACTTCTGTGCCAGCAGCCGGAGGGGAGAGCCCCAGCATTTTGGTGAT"	"CASSRRGEPQHF"	"TCRBV27-1*1"	"TCRBD2-1*2"	"TCRBJ1-5*1"	56	58	64	67	2	3	NA	NA	"CTGATCCTGGAGTCGCCCAGCCCCAACCAGACCTCTCTGTACTTCTGTGCCAGCAGCCGGAGGGGAGAGCCCCAGCATTTTGGTGAT"	FALSE	TRUE	NA	NA	NA	NA
"CAGCCCTCAGAACCCAGGGACTCAGCTGTGTACTTCTGTGCCAGCAGGGGGGGGACTAGGGTATAGAGTGAGCAGTTCTTCGGGCCA"	"CASRGGTRV*SEQFF"	"CAGCCCTCAGAACCCAGGGACTCAGCTGTGTACTTCTGTGCCAGCAGGGGGGGGACTAGGGTATAGAGTGAGCAGTTCTTCGGGCCA"	"CASRGGTRV*SEQFF"	NA	"TCRBD2-1"	"TCRBJ2-1*1"	47	51	59	68	4	9	NA	NA	"CAGCCCTCAGAACCCAGGGACTCAGCTGTGTACTTCTGTGCCAGCAGGGGGGGGACTAGGGTATAGAGTGAGCAGTTCTTCGGGCCA"	FALSE	TRUE	NA	NA	NA	NA
"CAGCCCATGGAACCCAGGGACTTGGGCCTATATTTCTGTGCCAGCAGCTTTGAAACAGGGGGCTAGTCACCCCTCCACTTTGGGAAT"	"CASSFETGG*SPLHF"	"CAGCCCATGGAACCCAGGGACTTGGGCCTATATTTCTGTGCCAGCAGCTTTGAAACAGGGGGCTAGTCACCCCTCCACTTTGGGAAT"	"CASSFETGG*SPLHF"	"TCRBV12-1*1"	"TCRBD1-1*1"	"TCRBJ1-6*1"	52	54	63	66	2	3	NA	NA	"CAGCCCATGGAACCCAGGGACTTGGGCCTATATTTCTGTGCCAGCAGCTTTGAAACAGGGGGCTAGTCACCCCTCCACTTTGGGAAT"	FALSE	TRUE	NA	NA	NA	NA
"GAGTCCGCCAGCACCAACCAGACATCTATGTACCTCTGTGCCAGCAGCGTAAGACAGGAAACCAAAAACATTCAGTACTTCGGCGCC"	"CASSVRQETKNIQYF"	"GAGTCCGCCAGCACCAACCAGACATCTATGTACCTCTGTGCCAGCAGCGTAAGACAGGAAACCAAAAACATTCAGTACTTCGGCGCC"	"CASSVRQETKNIQYF"	"TCRBV28-1*1"	"TCRBD1-1*1"	"TCRBJ2-4*1"	47	52	58	61	5	3	NA	NA	"GAGTCCGCCAGCACCAACCAGACATCTATGTACCTCTGTGCCAGCAGCGTAAGACAGGAAACCAAAAACATTCAGTACTTCGGCGCC"	FALSE	TRUE	NA	NA	NA	NA
"GCAATCCTGTCCTCAGAACCGGGAGACACGGCACTGTATCTCTGCGCCAGCAGTCACTCAGGGAAGGACGAGCAGTACTTCGGGCCG"	"CASSHSGKDEQYF"	"GCAATCCTGTCCTCAGAACCGGGAGACACGGCACTGTATCTCTGCGCCAGCAGTCACTCAGGGAAGGACGAGCAGTACTTCGGGCCG"	"CASSHSGKDEQYF"	"TCRBV23-1*1"	"TCRBD1-1*1"	"TCRBJ2-7*1"	56	58	63	67	2	4	NA	NA	"GCAATCCTGTCCTCAGAACCGGGAGACACGGCACTGTATCTCTGCGCCAGCAGTCACTCAGGGAAGGACGAGCAGTACTTCGGGCCG"	FALSE	TRUE	NA	NA	NA	NA
"NNNNTGAAGATCCAGCCCTCAGAACCCAGGGACTCAGCTGTGTACTTCTGTGCCAGCAGGGACAGAATCCGAGCTTTCTTTGGACAA"	"CASRDRIRAFF"	"NNNNTGAAGATCCAGCCCTCAGAACCCAGGGACTCAGCTGTGTACTTCTGTGCCAGCAGGGACAGAATCCGAGCTTTCTTTGGACAA"	"CASRDRIRAFF"	"TCRBV12-3/12-4*1"	"TCRBD1-1*1"	"TCRBJ1-1*1"	-1	59	65	71	60	6	NA	NA	"NNNNTGAAGATCCAGCCCTCAGAACCCAGGGACTCAGCTGTGTACTTCTGTGCCAGCAGGGACAGAATCCGAGCTTTCTTTGGACAA"	FALSE	TRUE	NA	NA	NA	NA
"GCGCACAGAGCAGGGGGACTCGGCCATGTATCTCTGTGCCAGCACTAAAGGGGACCGGGGGGCACAGATACGCAGTATTTTGGCCCA"	""	"GCGCACAGAGCAGGGGGACTCGGCCATGTATCTCTGTGCCAGCACTAAAGGGGACCGGGGGGCACAGATACGCAGTATTTTGGCCCA"	""	"TCRBV7-9*5"	"TCRBD2-1*1"	"TCRBJ2-3*1"	50	55	-1	61	5	62	NA	NA	"GCGCACAGAGCAGGGGGACTCGGCCATGTATCTCTGTGCCAGCACTAAAGGGGACCGGGGGGCACAGATACGCAGTATTTTGGCCCA"	FALSE	FALSE	NA	NA	NA	NA
"CCCTGGAGCTTGGTGACTCTGCTGTGTATTTCTGTGCCAGCAGCCATTTCGGGGCTTTATAGCAATCAGCCCCAGCATTTTGGTGAT"	""	"CCCTGGAGCTTGGTGACTCTGCTGTGTATTTCTGTGCCAGCAGCCATTTCGGGGCTTTATAGCAATCAGCCCCAGCATTTTGGTGAT"	""	"TCRBV3-1/3-2*1"	NA	"TCRBJ1-5*1"	46	50	55	59	4	4	NA	NA	"CCCTGGAGCTTGGTGACTCTGCTGTGTATTTCTGTGCCAGCAGCCATTTCGGGGCTTTATAGCAATCAGCCCCAGCATTTTGGTGAT"	FALSE	FALSE	NA	NA	NA	NA
"CTCAGTGACTCTGGCTTCTATCTCTGTGCCTGGAGTGTAGTGTTCGGGAGGGCCCGTGCTAGCACAGATACGCAGTATTTTGGCCCA"	"CAWSVVFGRARASTDTQYF"	"CTCAGTGACTCTGGCTTCTATCTCTGTGCCTGGAGTGTAGTGTTCGGGAGGGCCCGTGCTAGCACAGATACGCAGTATTTTGGCCCA"	"CAWSVVFGRARASTDTQYF"	"TCRBV3-1"	"TCRBD2-1*2"	"TCRBJ2-3*1"	38	44	52	60	6	8	NA	NA	"CTCAGTGACTCTGGCTTCTATCTCTGTGCCTGGAGTGTAGTGTTCGGGAGGGCCCGTGCTAGCACAGATACGCAGTATTTTGGCCCA"	FALSE	TRUE	NA	NA	NA	NA
"ATCCAGCCCTCAGAACCCAGGGACTCAGCTGTGTACTTCTGTGCCAGCAGTCCGCCACACACAGGCTACGAGCAGTACTTCGGGCCG"	"CASSPPHTGYEQYF"	"ATCCAGCCCTCAGAACCCAGGGACTCAGCTGTGTACTTCTGTGCCAGCAGTCCGCCACACACAGGCTACGAGCAGTACTTCGGGCCG"	"CASSPPHTGYEQYF"	NA	"TCRBD1-1*1"	"TCRBJ2-7*1"	51	60	-1	65	9	66	NA	NA	"ATCCAGCCCTCAGAACCCAGGGACTCAGCTGTGTACTTCTGTGCCAGCAGTCCGCCACACACAGGCTACGAGCAGTACTTCGGGCCG"	FALSE	TRUE	NA	NA	NA	NA
"CAGCCCTCAGAACCCAGGGACTCAGCTGTGTACTTCTGTGCCAGCAGTACTAGCGGGAGGAACACAGATACGCAGTATTTTGGCCCA"	"CASSTSGRNTDTQYF"	"CAGCCCTCAGAACCCAGGGACTCAGCTGTGTACTTCTGTGCCAGCAGTACTAGCGGGAGGAACACAGATACGCAGTATTTTGGCCCA"	"CASSTSGRNTDTQYF"	NA	"TCRBD2-1*2"	"TCRBJ2-3*1"	-1	48	60	62	49	2	NA	NA	"CAGCCCTCAGAACCCAGGGACTCAGCTGTGTACTTCTGTGCCAGCAGTACTAGCGGGAGGAACACAGATACGCAGTATTTTGGCCCA"	FALSE	TRUE	NA	NA	NA	NA
"GCCCTGCAGCCAGAAGACTCAGCCCTGTATCTCTGCGCCAGCAGCCAAGATGAGGCAGCGGGGGTATATGAGCAGTTCTTCGGGCCA"	"CASSQDEAAGVYEQFF"	"GCCCTGCAGCCAGAAGACTCAGCCCTGTATCTCTGCGCCAGCAGCCAAGATGAGGCAGCGGGGGTATATGAGCAGTTCTTCGGGCCA"	"CASSQDEAAGVYEQFF"	"TCRBV4-1*1"	"TCRBD2-1*1"	"TCRBJ2-1*1"	50	56	64	67	6	3	NA	NA	"GCCCTGCAGCCAGAAGACTCAGCCCTGTATCTCTGCGCCAGCAGCCAAGATGAGGCAGCGGGGGTATATGAGCAGTTCTTCGGGCCA"	FALSE	TRUE	NA	NA	NA	NA
"GCTGCTCCCTCCCAGACATCTGTGTACTTCTGTGCCAGCAGTTACCCAGGACAGGGGAAGTCCGGAAACACCATATATTTTGGAGAG"	"CASSYPGQGKSGNTIYF"	"GCTGCTCCCTCCCAGACATCTGTGTACTTCTGTGCCAGCAGTTACCCAGGACAGGGGAAGTCCGGAAACACCATATATTTTGGAGAG"	"CASSYPGQGKSGNTIYF"	NA	"TCRBD1-1*1"	"TCRBJ1-3*1"	45	48	57	63	3	6	NA	NA	"GCTGCTCCCTCCCAGACATCTGTGTACTTCTGTGCCAGCAGTTACCCAGGACAGGGGAAGTCCGGAAACACCATATATTTTGGAGAG"	FALSE	TRUE	NA	NA	NA	NA
"CGCCCAGCCCCAACCAGACCTCTCTGTACTTCTGTGCCAGCAGTTTTGCCCGGGGACGGAGGCAATCAGCCCCAGCATTTTGGTGAT"	""	"CGCCCAGCCCCAACCAGACCTCTCTGTACTTCTGTGCCAGCAGTTTTGCCCGGGGACGGAGGCAATCAGCCCCAGCATTTTGGTGAT"	""	"TCRBV27-1*1"	NA	"TCRBJ1-5*1"	46	52	57	61	6	4	NA	NA	"CGCCCAGCCCCAACCAGACCTCTCTGTACTTCTGTGCCAGCAGTTTTGCCCGGGGACGGAGGCAATCAGCCCCAGCATTTTGGTGAT"	FALSE	FALSE	NA	NA	NA	NA
"CAGCGCACACAGCAGGAGGACTCCGCCGTGTATCTCTGTGCCAGCAGCACACCGGGACAGAGTAATGAAAAACTGTTTTTTGGCAGT"	"CASSTPGQSNEKLFF"	"CAGCGCACACAGCAGGAGGACTCCGCCGTGTATCTCTGTGCCAGCAGCACACCGGGACAGAGTAATGAAAAACTGTTTTTTGGCAGT"	"CASSTPGQSNEKLFF"	"TCRBV7-8"	"TCRBD1-1*1"	"TCRBJ1-4*1"	48	53	60	62	5	2	NA	NA	"CAGCGCACACAGCAGGAGGACTCCGCCGTGTATCTCTGTGCCAGCAGCACACCGGGACAGAGTAATGAAAAACTGTTTTTTGGCAGT"	FALSE	TRUE	NA	NA	NA	NA
"CCCCTGATCCTGGAGTCGCCCAGCCCCAACCAGACCTCTCTGTACTTCTGTGCCAGCAGTTTAGGTACTGAAGCTTTCTTTGGACAA"	"CASSLGTEAFF"	"CCCCTGATCCTGGAGTCGCCCAGCCCCAACCAGACCTCTCTGTACTTCTGTGCCAGCAGTTTAGGTACTGAAGCTTTCTTTGGACAA"	"CASSLGTEAFF"	"TCRBV27-1*1"	NA	"TCRBJ1-1*1"	-1	63	65	66	64	1	NA	NA	"CCCCTGATCCTGGAGTCGCCCAGCCCCAACCAGACCTCTCTGTACTTCTGTGCCAGCAGTTTAGGTACTGAAGCTTTCTTTGGACAA"	FALSE	TRUE	NA	NA	NA	NA
"GTGAGCACCTTGGAGCTGGGGGACTCGGCCCTTTATCTTTGCGCCAGCAGCCCCTGGACAGGGGAAAATGAGCAGTTCTTCGGGCCA"	"CASSPWTGENEQFF"	"GTGAGCACCTTGGAGCTGGGGGACTCGGCCCTTTATCTTTGCGCCAGCAGCCCCTGGACAGGGGAAAATGAGCAGTTCTTCGGGCCA"	"CASSPWTGENEQFF"	"TCRBV5-1*1"	"TCRBD1-1*1"	"TCRBJ2-1*1"	51	55	64	66	4	2	NA	NA	"GTGAGCACCTTGGAGCTGGGGGACTCGGCCCTTTATCTTTGCGCCAGCAGCCCCTGGACAGGGGAAAATGAGCAGTTCTTCGGGCCA"	FALSE	TRUE	NA	NA	NA	NA
"GTTTTTTGGGTTGCTCCCTCCCAAACATCTGTGTACTTCTGTGCCAGCAGTTACTCGTTAGCCTCAGATACGCAGTATTTTGGCCCA"	"CASSYSLASDTQYF"	"GTTTTTTGGGTTGCTCCCTCCCAAACATCTGTGTACTTCTGTGCCAGCAGTTACTCGTTAGCCTCAGATACGCAGTATTTTGGCCCA"	"CASSYSLASDTQYF"	"TCRBV6-2/6-3*1"	"TCRBD2-1"	"TCRBJ2-3*1"	56	58	62	64	2	2	NA	NA	"GTTTTTTGGGTTGCTCCCTCCCAAACATCTGTGTACTTCTGTGCCAGCAGTTACTCGTTAGCCTCAGATACGCAGTATTTTGGCCCA"	FALSE	TRUE	NA	NA	NA	NA
"GGCTGCTCCCTCCCAAACATCTGTGTACTTCTGTGCCAGCAGTTACCCCCCGTAACAGGGGTGGATCAGCCCCAGCATTTTGGTGAT"	""	"GGCTGCTCCCTCCCAAACATCTGTGTACTTCTGTGCCAGCAGTTACCCCCCGTAACAGGGGTGGATCAGCCCCAGCATTTTGGTGAT"	""	"TCRBV6-2/6-3*1"	"TCRBD1-1*1"	"TCRBJ1-5*1"	46	54	61	64	8	3	NA	NA	"GGCTGCTCCCTCCCAAACATCTGTGTACTTCTGTGCCAGCAGTTACCCCCCGTAACAGGGGTGGATCAGCCCCAGCATTTTGGTGAT"	FALSE	FALSE	NA	NA	NA	NA
"AAGAAGCTCCTTCTCAGTGACTCTGGCTTCTATCTCTGTGCCTGGAGTGTACGTCCCCCCTCTGGAAACACCATATATTTTGGAGAG"	"CAWSVRPPSGNTIYF"	"AAGAAGCTCCTTCTCAGTGACTCTGGCTTCTATCTCTGTGCCTGGAGTGTACGTCCCCCCTCTGGAAACACCATATATTTTGGAGAG"	"CAWSVRPPSGNTIYF"	"TCRBV3-1*1"	NA	"TCRBJ1-3*1"	-1	50	52	59	51	7	NA	NA	"AAGAAGCTCCTTCTCAGTGACTCTGGCTTCTATCTCTGTGCCTGGAGTGTACGTCCCCCCTCTGGAAACACCATATATTTTGGAGAG"	FALSE	TRUE	NA	NA	NA	NA
"ATCAATTCCCTGGAGCTTGGTGACTCTGCTGTGTATTTCTGTGCCAGCAGAAATAGCGGGTCTATGGGCGAGCAGTACTTCGGGCCG"	"CASRNSGSMGEQYF"	"ATCAATTCCCTGGAGCTTGGTGACTCTGCTGTGTATTTCTGTGCCAGCAGAAATAGCGGGTCTATGGGCGAGCAGTACTTCGGGCCG"	"CASRNSGSMGEQYF"	"TCRBV3-1/3-2*1"	"TCRBD2-1"	"TCRBJ2-7*1"	50	53	60	68	3	8	NA	NA	"ATCAATTCCCTGGAGCTTGGTGACTCTGCTGTGTATTTCTGTGCCAGCAGAAATAGCGGGTCTATGGGCGAGCAGTACTTCGGGCCG"	FALSE	TRUE	NA	NA	NA	NA
"AACCCAGGGACTCAGCTGTGTACTTCTGTGCCAGCAGTTTACATAGGGGACTAGCGGGAGAACCTCTACGAGCAGTACTTCGGGCCG"	""	"AACCCAGGGACTCAGCTGTGTACTTCTGTGCCAGCAGTTTACATAGGGGACTAGCGGGAGAACCTCTACGAGCAGTACTTCGGGCCG"	""	NA	"TCRBD2-1*2"	"TCRBJ2-7*1"	41	46	60	65	5	5	NA	NA	"AACCCAGGGACTCAGCTGTGTACTTCTGTGCCAGCAGTTTACATAGGGGACTAGCGGGAGAACCTCTACGAGCAGTACTTCGGGCCG"	FALSE	FALSE	NA	NA	NA	NA
"GCCCAAAAGAACCCGACAGCTTTCTATCTCTGTGCCAGTAGCCTCAGGACGACTAGCGGCCTATACAATGAGCAGTTCTTCGGGCCA"	"CASSLRTTSGLYNEQFF"	"GCCCAAAAGAACCCGACAGCTTTCTATCTCTGTGCCAGTAGCCTCAGGACGACTAGCGGCCTATACAATGAGCAGTTCTTCGGGCCA"	"CASSLRTTSGLYNEQFF"	"TCRBV19-1*1"	"TCRBD2-1"	"TCRBJ2-1*1"	41	50	59	63	9	4	NA	NA	"GCCCAAAAGAACCCGACAGCTTTCTATCTCTGTGCCAGTAGCCTCAGGACGACTAGCGGCCTATACAATGAGCAGTTCTTCGGGCCA"	FALSE	TRUE	NA	NA	NA	NA
"CTGAATGTGAACGCCTTGTTGCTGGGGGACTCGGCCCTGTATCTCTGTGCCAGCAGCCCGCCGAGTGTGGCCCTCCACTTTGGGAAT"	"CASSPPSVALHF"	"CTGAATGTGAACGCCTTGTTGCTGGGGGACTCGGCCCTGTATCTCTGTGCCAGCAGCCCGCCGAGTGTGGCCCTCCACTTTGGGAAT"	"CASSPPSVALHF"	"TCRBV5-5*1"	"TCRBD2-1*2"	"TCRBJ1-6*1"	57	62	65	70	5	5	NA	NA	"CTGAATGTGAACGCCTTGTTGCTGGGGGACTCGGCCCTGTATCTCTGTGCCAGCAGCCCGCCGAGTGTGGCCCTCCACTTTGGGAAT"	FALSE	TRUE	NA	NA	NA	NA
"TGAAGATCCAGCGCACAGAGCAAGGGCGACTCGGCTGTGTATCTCTGTGCCAGAAGCTCCACCCATAATGGCTACACCTTCGGTTCG"	"CARSSTHNGYTF"	"TGAAGATCCAGCGCACAGAGCAAGGGCGACTCGGCTGTGTATCTCTGTGCCAGAAGCTCCACCCATAATGGCTACACCTTCGGTTCG"	"CARSSTHNGYTF"	"TCRBV7-5*1"	NA	"TCRBJ1-2*1"	58	60	62	67	2	5	NA	NA	"TGAAGATCCAGCGCACAGAGCAAGGGCGACTCGGCTGTGTATCTCTGTGCCAGAAGCTCCACCCATAATGGCTACACCTTCGGTTCG"	FALSE	TRUE	NA	NA	NA	NA
"CCTGCAGAGCTTGGGGACTCGGCCATGTATCTCTGTGCCAGCAGCGTTTATGGACAGATCCTTTCCTACGAGCAGTACTTCGGGCCG"	"CASSVYGQILSYEQYF"	"CCTGCAGAGCTTGGGGACTCGGCCATGTATCTCTGTGCCAGCAGCGTTTATGGACAGATCCTTTCCTACGAGCAGTACTTCGGGCCG"	"CASSVYGQILSYEQYF"	"TCRBV11-1*1"	"TCRBD1-1*1"	"TCRBJ2-7*1"	45	51	57	63	6	6	NA	NA	"CCTGCAGAGCTTGGGGACTCGGCCATGTATCTCTGTGCCAGCAGCGTTTATGGACAGATCCTTTCCTACGAGCAGTACTTCGGGCCG"	FALSE	TRUE	NA	NA	NA	NA
"NNTGTCGGCTGCTCCCTCCCAGACATCTGTGTACTTCTGTGCCAGCACGAGGCAGGGGGCTCTGGAAACACCATATATTTTGGAGAG"	""	"NNTGTCGGCTGCTCCCTCCCAGACATCTGTGTACTTCTGTGCCAGCACGAGGCAGGGGGCTCTGGAAACACCATATATTTTGGAGAG"	""	"TCRBV6-5*1"	"TCRBD1-1*1"	"TCRBJ1-3*1"	47	52	-1	59	5	60	NA	NA	"NNTGTCGGCTGCTCCCTCCCAGACATCTGTGTACTTCTGTGCCAGCACGAGGCAGGGGGCTCTGGAAACACCATATATTTTGGAGAG"	FALSE	FALSE	NA	NA	NA	NA
"GCAGCCAGAAGACTCGGCCCTGTATCTCTGTGCCAGCAGCCAAGATCTTAAGTCGGCAGGGGGCTGTACGAGCAGTACTTCGGGCCG"	""	"GCAGCCAGAAGACTCGGCCCTGTATCTCTGTGCCAGCAGCCAAGATCTTAAGTCGGCAGGGGGCTGTACGAGCAGTACTTCGGGCCG"	""	"TCRBV4-2*1"	"TCRBD1-1*1"	"TCRBJ2-7*1"	45	56	64	66	11	2	NA	NA	"GCAGCCAGAAGACTCGGCCCTGTATCTCTGTGCCAGCAGCCAAGATCTTAAGTCGGCAGGGGGCTGTACGAGCAGTACTTCGGGCCG"	FALSE	FALSE	NA	NA	NA	NA
"AGCACCTTGGAGCTGGGGGACTCGGCCCTTTATCTTTGCGCCAGCAGCTTGCGGACAGGGAGGGGAGAAAAACTGTTTTTTGGCAGT"	"CASSLRTGRGEKLFF"	"AGCACCTTGGAGCTGGGGGACTCGGCCCTTTATCTTTGCGCCAGCAGCTTGCGGACAGGGAGGGGAGAAAAACTGTTTTTTGGCAGT"	"CASSLRTGRGEKLFF"	"TCRBV5-1*1"	"TCRBD1-1*1"	"TCRBJ1-4*1"	51	52	60	66	1	6	NA	NA	"AGCACCTTGGAGCTGGGGGACTCGGCCCTTTATCTTTGCGCCAGCAGCTTGCGGACAGGGAGGGGAGAAAAACTGTTTTTTGGCAGT"	FALSE	TRUE	NA	NA	NA	NA
"TCTGGAGCTGGGGGACTCAGCTTTGTATTTCTGTGCCAGCAGCGTAAGTAGCCCTAGCTGGTAACCTACGAGCAGTACTTCGGGCCG"	""	"TCTGGAGCTGGGGGACTCAGCTTTGTATTTCTGTGCCAGCAGCGTAAGTAGCCCTAGCTGGTAACCTACGAGCAGTACTTCGGGCCG"	""	"TCRBV9-1*1"	"TCRBD2-1"	"TCRBJ2-7*1"	46	53	58	64	7	6	NA	NA	"TCTGGAGCTGGGGGACTCAGCTTTGTATTTCTGTGCCAGCAGCGTAAGTAGCCCTAGCTGGTAACCTACGAGCAGTACTTCGGGCCG"	FALSE	FALSE	NA	NA	NA	NA
"CACACCCTGCAGCCAGAAGACTCGGCCCTGTATCTCTGCGCCAGCAGCCAAGGGACGGGGTATGAAGAGACCCAGTACTTCGGGCCA"	"CASSQGTGYEETQYF"	"CACACCCTGCAGCCAGAAGACTCGGCCCTGTATCTCTGCGCCAGCAGCCAAGGGACGGGGTATGAAGAGACCCAGTACTTCGGGCCA"	"CASSQGTGYEETQYF"	"TCRBV4-3*1"	"TCRBD2-1*1"	"TCRBJ2-5*1"	52	55	60	64	3	4	NA	NA	"CACACCCTGCAGCCAGAAGACTCGGCCCTGTATCTCTGCGCCAGCAGCCAAGGGACGGGGTATGAAGAGACCCAGTACTTCGGGCCA"	FALSE	TRUE	NA	NA	NA	NA
"CTGCAGCCAGAAGACTCGGCCCTGTATCTCTGTGCCAGCAGCCAAGCACCCAGGGTCGTCGGGGATGAAAAACTGTTTTTTGGCAGT"	"CASSQAPRVVGDEKLFF"	"CTGCAGCCAGAAGACTCGGCCCTGTATCTCTGTGCCAGCAGCCAAGCACCCAGGGTCGTCGGGGATGAAAAACTGTTTTTTGGCAGT"	"CASSQAPRVVGDEKLFF"	"TCRBV4-2*1"	NA	"TCRBJ1-4*1"	46	50	55	64	4	9	NA	NA	"CTGCAGCCAGAAGACTCGGCCCTGTATCTCTGTGCCAGCAGCCAAGCACCCAGGGTCGTCGGGGATGAAAAACTGTTTTTTGGCAGT"	FALSE	TRUE	NA	NA	NA	NA
"TGGCAATCCTGTCCTCAGAACCGGGAGACACGGCACTGTATCTCACCGGGGACCGACTTAAATAACTACGAGCAGTACTTCGGGCCG"	""	"TGGCAATCCTGTCCTCAGAACCGGGAGACACGGCACTGTATCTCACCGGGGACCGACTTAAATAACTACGAGCAGTACTTCGGGCCG"	""	"TCRBV23-1*1"	NA	"TCRBJ2-7*1"	44	48	53	65	4	12	NA	NA	"TGGCAATCCTGTCCTCAGAACCGGGAGACACGGCACTGTATCTCACCGGGGACCGACTTAAATAACTACGAGCAGTACTTCGGGCCG"	FALSE	FALSE	NA	NA	NA	NA
"ATCCAGCCTGCAGAGCTTGGGGACTCGGCCGTGTATCTCTGTGCCAGCAGCTTGGAGGGAACCTCCTACGAGCAGTACTTCGGGCCG"	"CASSLEGTSYEQYF"	"ATCCAGCCTGCAGAGCTTGGGGACTCGGCCGTGTATCTCTGTGCCAGCAGCTTGGAGGGAACCTCCTACGAGCAGTACTTCGGGCCG"	"CASSLEGTSYEQYF"	"TCRBV11-3*1"	"TCRBD2-1*2"	"TCRBJ2-7*1"	-1	53	59	62	54	3	NA	NA	"ATCCAGCCTGCAGAGCTTGGGGACTCGGCCGTGTATCTCTGTGCCAGCAGCTTGGAGGGAACCTCCTACGAGCAGTACTTCGGGCCG"	FALSE	TRUE	NA	NA	NA	NA
"CAGGTAGTGCGAGGAGATTCGGCAGCTTATTTCTGTGCCAGCTCACCACGAACTAGCGGGATAGGCTACGAGCAGTACTTCGGGCCG"	"CASSPRTSGIGYEQYF"	"CAGGTAGTGCGAGGAGATTCGGCAGCTTATTTCTGTGCCAGCTCACCACGAACTAGCGGGATAGGCTACGAGCAGTACTTCGGGCCG"	"CASSPRTSGIGYEQYF"	"TCRBV18-1*1"	"TCRBD2-1*2"	"TCRBJ2-7*1"	49	51	61	65	2	4	NA	NA	"CAGGTAGTGCGAGGAGATTCGGCAGCTTATTTCTGTGCCAGCTCACCACGAACTAGCGGGATAGGCTACGAGCAGTACTTCGGGCCG"	FALSE	TRUE	NA	NA	NA	NA
"TCCCTCCCAGACATCTGTGTACTTCTGTGCCAGCAGTTCCCTAAAACCTTACTAGCTGAGAGCTCCTACGAGCAGTACTTCGGGCCG"	""	"TCCCTCCCAGACATCTGTGTACTTCTGTGCCAGCAGTTCCCTAAAACCTTACTAGCTGAGAGCTCCTACGAGCAGTACTTCGGGCCG"	""	NA	"TCRBD2-1"	"TCRBJ2-7*1"	38	50	56	62	12	6	NA	NA	"TCCCTCCCAGACATCTGTGTACTTCTGTGCCAGCAGTTCCCTAAAACCTTACTAGCTGAGAGCTCCTACGAGCAGTACTTCGGGCCG"	FALSE	FALSE	NA	NA	NA	NA
"CACACCCTGCAGCCAGAAGACTCGGCCCTGTATCTCTGTGCCAGCAGCCAAGATCGGGGTTTAAGTGAAAAACTGTTTTTTGGCAGT"	"CASSQDRGLSEKLFF"	"CACACCCTGCAGCCAGAAGACTCGGCCCTGTATCTCTGTGCCAGCAGCCAAGATCGGGGTTTAAGTGAAAAACTGTTTTTTGGCAGT"	"CASSQDRGLSEKLFF"	"TCRBV4-2*1"	"TCRBD2-1*1"	"TCRBJ1-4*1"	53	54	59	65	1	6	NA	NA	"CACACCCTGCAGCCAGAAGACTCGGCCCTGTATCTCTGTGCCAGCAGCCAAGATCGGGGTTTAAGTGAAAAACTGTTTTTTGGCAGT"	FALSE	TRUE	NA	NA	NA	NA
"TCGCCCAGCCCCAACCAGACCTCTCTGTACTTCTGTGCCAGCAGTTCACCCAGTCACCGCAAGAACACTGAAGCTTTCTTTGGACAA"	"CASSSPSHRKNTEAFF"	"TCGCCCAGCCCCAACCAGACCTCTCTGTACTTCTGTGCCAGCAGTTCACCCAGTCACCGCAAGAACACTGAAGCTTTCTTTGGACAA"	"CASSSPSHRKNTEAFF"	"TCRBV27-1*1"	"TCRBD1-1*1"	"TCRBJ1-1*1"	46	50	53	62	4	9	NA	NA	"TCGCCCAGCCCCAACCAGACCTCTCTGTACTTCTGTGCCAGCAGTTCACCCAGTCACCGCAAGAACACTGAAGCTTTCTTTGGACAA"	FALSE	TRUE	NA	NA	NA	NA
"CTGGAGTCGCCCAGCCCCAACCAGACCTCTCTGTACTTCTGTGCCAGCAGTTACGACAGGGGGCATTACGAGCAGTACTTCGGGCCG"	"CASSYDRGHYEQYF"	"CTGGAGTCGCCCAGCCCCAACCAGACCTCTCTGTACTTCTGTGCCAGCAGTTACGACAGGGGGCATTACGAGCAGTACTTCGGGCCG"	"CASSYDRGHYEQYF"	"TCRBV27-1*1"	"TCRBD1-1*1"	"TCRBJ2-7*1"	52	54	64	66	2	2	NA	NA	"CTGGAGTCGCCCAGCCCCAACCAGACCTCTCTGTACTTCTGTGCCAGCAGTTACGACAGGGGGCATTACGAGCAGTACTTCGGGCCG"	FALSE	TRUE	NA	NA	NA	NA
"CCTGCAGAACTGGAGGATTCTGGAGTTTATTTCTGTGCCAGCAGCCAAGATCTAGCGGGCCCATCCGGGGAGCTGTTTTTTGGAGAA"	"CASSQDLAGPSGELFF"	"CCTGCAGAACTGGAGGATTCTGGAGTTTATTTCTGTGCCAGCAGCCAAGATCTAGCGGGCCCATCCGGGGAGCTGTTTTTTGGAGAA"	"CASSQDLAGPSGELFF"	"TCRBV14-1*1"	"TCRBD2-1"	"TCRBJ2-2*1"	50	51	59	64	1	5	NA	NA	"CCTGCAGAACTGGAGGATTCTGGAGTTTATTTCTGTGCCAGCAGCCAAGATCTAGCGGGCCCATCCGGGGAGCTGTTTTTTGGAGAA"	FALSE	TRUE	NA	NA	NA	NA
"CAGCGCACAGAGCAGGAGGACTCGGCCGTGTATCTCTGTGCCAGCAGCTTCCAGGCGTCACCTGGAAACACCATATATTTTGGAGAG"	"CASSFQASPGNTIYF"	"CAGCGCACAGAGCAGGAGGACTCGGCCGTGTATCTCTGTGCCAGCAGCTTCCAGGCGTCACCTGGAAACACCATATATTTTGGAGAG"	"CASSFQASPGNTIYF"	"TCRBV7-2"	"TCRBD1-1*1"	"TCRBJ1-3*1"	50	51	55	61	1	6	NA	NA	"CAGCGCACAGAGCAGGAGGACTCGGCCGTGTATCTCTGTGCCAGCAGCTTCCAGGCGTCACCTGGAAACACCATATATTTTGGAGAG"	FALSE	TRUE	NA	NA	NA	NA
"NNNNTGTCGGCTGCTCCCTCCCAAACATCTGTGTACTTCTGTGCCAGCAGCTCATATGGGGACAGGGGCGAGCAGTACTTCGGGCCG"	"CASSSYGDRGEQYF"	"NNNNTGTCGGCTGCTCCCTCCCAAACATCTGTGTACTTCTGTGCCAGCAGCTCATATGGGGACAGGGGCGAGCAGTACTTCGGGCCG"	"CASSSYGDRGEQYF"	"TCRBV6-2*2"	"TCRBD1-1*1"	"TCRBJ2-7*1"	51	58	-1	68	7	69	NA	NA	"NNNNTGTCGGCTGCTCCCTCCCAAACATCTGTGTACTTCTGTGCCAGCAGCTCATATGGGGACAGGGGCGAGCAGTACTTCGGGCCG"	FALSE	TRUE	NA	NA	NA	NA
"AATTCCCTGGAGCTTGGTGACTCTGCTGTGTATTTCTGTGCCAGCAGCCAAGGGACACCTGGGGGTCAGCCCCAGCATTTTGGTGAT"	"CASSQGTPGGQPQHF"	"AATTCCCTGGAGCTTGGTGACTCTGCTGTGTATTTCTGTGCCAGCAGCCAAGGGACACCTGGGGGTCAGCCCCAGCATTTTGGTGAT"	"CASSQGTPGGQPQHF"	"TCRBV3-1/3-2*1"	NA	"TCRBJ1-5*1"	-1	52	57	65	53	8	NA	NA	"AATTCCCTGGAGCTTGGTGACTCTGCTGTGTATTTCTGTGCCAGCAGCCAAGGGACACCTGGGGGTCAGCCCCAGCATTTTGGTGAT"	FALSE	TRUE	NA	NA	NA	NA
"CTGAAGATCCAGCGCACACAGCAGGAGGACTCCGCCGTGTATCTCTGTGCCAGCAGCTTGACAGGGTACGAGCAGTACTTCGGGCCG"	"CASSLTGYEQYF"	"CTGAAGATCCAGCGCACACAGCAGGAGGACTCCGCCGTGTATCTCTGTGCCAGCAGCTTGACAGGGTACGAGCAGTACTTCGGGCCG"	"CASSLTGYEQYF"	"TCRBV7-8*1"	"TCRBD1-1*1"	"TCRBJ2-7*1"	-1	59	-1	66	60	67	NA	NA	"CTGAAGATCCAGCGCACACAGCAGGAGGACTCCGCCGTGTATCTCTGTGCCAGCAGCTTGACAGGGTACGAGCAGTACTTCGGGCCG"	FALSE	TRUE	NA	NA	NA	NA
"ATCCAGCGCACAGAGCAGCGGGACTCGGCCATGTATCGCTGTGCCAGCAGCTTAGTAGGACTGCAAGAGACCCAGTACTTCGGGCCA"	"CASSLVGLQETQYF"	"ATCCAGCGCACAGAGCAGCGGGACTCGGCCATGTATCGCTGTGCCAGCAGCTTAGTAGGACTGCAAGAGACCCAGTACTTCGGGCCA"	"CASSLVGLQETQYF"	"TCRBV7-6*1"	"TCRBD2-1"	"TCRBJ2-5*1"	55	57	62	63	2	1	NA	NA	"ATCCAGCGCACAGAGCAGCGGGACTCGGCCATGTATCGCTGTGCCAGCAGCTTAGTAGGACTGCAAGAGACCCAGTACTTCGGGCCA"	FALSE	TRUE	NA	NA	NA	NA
"TCAGAACCCAGGGACTCAGCTGTGTACTTCTGTGCCAGCAGTTTAGCCCCTAGCGGGGTCTCCTACAATGAGCAGTTCTTCGGGCCA"	"CASSLAPSGVSYNEQFF"	"TCAGAACCCAGGGACTCAGCTGTGTACTTCTGTGCCAGCAGTTTAGCCCCTAGCGGGGTCTCCTACAATGAGCAGTTCTTCGGGCCA"	"CASSLAPSGVSYNEQFF"	NA	"TCRBD2-1*1"	"TCRBJ2-1*1"	47	49	58	59	2	1	NA	NA	"TCAGAACCCAGGGACTCAGCTGTGTACTTCTGTGCCAGCAGTTTAGCCCCTAGCGGGGTCTCCTACAATGAGCAGTTCTTCGGGCCA"	FALSE	TRUE	NA	NA	NA	NA
"ATTCTGGAGTCCGCCAGCACCAACCAGACATCTATGTACCTCTGTGCCAGCATCTCGTCGGGAGAAAACATTCAGTACTTCGGCGCC"	"CASISSGENIQYF"	"ATTCTGGAGTCCGCCAGCACCAACCAGACATCTATGTACCTCTGTGCCAGCATCTCGTCGGGAGAAAACATTCAGTACTTCGGCGCC"	"CASISSGENIQYF"	"TCRBV28-1*1"	"TCRBD2-1*2"	"TCRBJ2-4*1"	52	58	-1	64	6	65	NA	NA	"ATTCTGGAGTCCGCCAGCACCAACCAGACATCTATGTACCTCTGTGCCAGCATCTCGTCGGGAGAAAACATTCAGTACTTCGGCGCC"	FALSE	TRUE	NA	NA	NA	NA
"CACATCAATTCCCTGGAGCTTGGTGACTCTGCTGTGTATTTCTGTGCCAGCAGCCAAGTTGGAGGCTACGAGCAGTACTTCGGGCCG"	"CASSQVGGYEQYF"	"CACATCAATTCCCTGGAGCTTGGTGACTCTGCTGTGTATTTCTGTGCCAGCAGCCAAGTTGGAGGCTACGAGCAGTACTTCGGGCCG"	"CASSQVGGYEQYF"	"TCRBV3-1/3-2*1"	"TCRBD2-1*2"	"TCRBJ2-7*1"	58	60	-1	65	2	66	NA	NA	"CACATCAATTCCCTGGAGCTTGGTGACTCTGCTGTGTATTTCTGTGCCAGCAGCCAAGTTGGAGGCTACGAGCAGTACTTCGGGCCG"	FALSE	TRUE	NA	NA	NA	NA
"CTGACAGTGACCAGTGCCCATCCTGAAGACAGCAGCTTCTACATCTGCAGTGCTGCTAGGGGTCGGGAGACCCAGTACTTCGGGCCA"	"CSAARGRETQYF"	"CTGACAGTGACCAGTGCCCATCCTGAAGACAGCAGCTTCTACATCTGCAGTGCTGCTAGGGGTCGGGAGACCCAGTACTTCGGGCCA"	"CSAARGRETQYF"	NA	"TCRBD1-1*1"	"TCRBJ2-5*1"	54	57	62	66	3	4	NA	NA	"CTGACAGTGACCAGTGCCCATCCTGAAGACAGCAGCTTCTACATCTGCAGTGCTGCTAGGGGTCGGGAGACCCAGTACTTCGGGCCA"	FALSE	TRUE	NA	NA	NA	NA
"CTCACTGTGACATCGGCCCAAAAGAACCCGACAGCTTTCTATCTCTGTGCCAGTAGTATGGGGTATCAGCCCCAGCATTTTGGTGAT"	"CASSMGYQPQHF"	"CTCACTGTGACATCGGCCCAAAAGAACCCGACAGCTTTCTATCTCTGTGCCAGTAGTATGGGGTATCAGCCCCAGCATTTTGGTGAT"	"CASSMGYQPQHF"	"TCRBV19-1*1"	NA	"TCRBJ1-5*1"	-1	59	63	64	60	1	NA	NA	"CTCACTGTGACATCGGCCCAAAAGAACCCGACAGCTTTCTATCTCTGTGCCAGTAGTATGGGGTATCAGCCCCAGCATTTTGGTGAT"	FALSE	TRUE	NA	NA	NA	NA
"CTGACCTTGTCCACTCTGACAGTGACCAGTGCCCATCCTGAAGACAGCAGCTTCTACATCTGCAGTGCGGGGGGGTTCTTCGGGCCA"	"CSAGGFF"	"CTGACCTTGTCCACTCTGACAGTGACCAGTGCCCATCCTGAAGACAGCAGCTTCTACATCTGCAGTGCGGGGGGGTTCTTCGGGCCA"	"CSAGGFF"	"TCRBV2-1"	"TCRBD2-1*1"	"TCRBJ2-1*1"	-1	68	-1	74	69	75	NA	NA	"CTGACCTTGTCCACTCTGACAGTGACCAGTGCCCATCCTGAAGACAGCAGCTTCTACATCTGCAGTGCGGGGGGGTTCTTCGGGCCA"	FALSE	TRUE	NA	NA	NA	NA
"GCCCTGCAGCCAGAAGACTCAGCCCTGTATCTCTGCGCCAGCAGCCAAGATCGAGGGGGGGACACAGATACGCAGTATTTTGGCCCA"	"CASSQDRGGDTDTQYF"	"GCCCTGCAGCCAGAAGACTCAGCCCTGTATCTCTGCGCCAGCAGCCAAGATCGAGGGGGGGACACAGATACGCAGTATTTTGGCCCA"	"CASSQDRGGDTDTQYF"	"TCRBV4-1*1"	"TCRBD2-1*1"	"TCRBJ2-3*1"	50	54	61	62	4	1	NA	NA	"GCCCTGCAGCCAGAAGACTCAGCCCTGTATCTCTGCGCCAGCAGCCAAGATCGAGGGGGGGACACAGATACGCAGTATTTTGGCCCA"	FALSE	TRUE	NA	NA	NA	NA
"CAGCCCTCAGAACCCAGGGACTCAGCTGTGTACTTCTGTGCCAGCAGTTTTCAAGGTTCTGGGGCCAACGTCCTGACTTTCGGGGCC"	"CASSFQGSGANVLTF"	"CAGCCCTCAGAACCCAGGGACTCAGCTGTGTACTTCTGTGCCAGCAGTTTTCAAGGTTCTGGGGCCAACGTCCTGACTTTCGGGGCC"	"CASSFQGSGANVLTF"	NA	NA	"TCRBJ2-6*1"	50	53	56	57	3	1	NA	NA	"CAGCCCTCAGAACCCAGGGACTCAGCTGTGTACTTCTGTGCCAGCAGTTTTCAAGGTTCTGGGGCCAACGTCCTGACTTTCGGGGCC"	FALSE	TRUE	NA	NA	NA	NA
"ATTCTGGAGTCCGCCAGCACCAACCAGACATCTATGTACCTCTGTGCCAGCAGACCATCTGGGGCAGAGACCCAGTACTTCGGGCCA"	"CASRPSGAETQYF"	"ATTCTGGAGTCCGCCAGCACCAACCAGACATCTATGTACCTCTGTGCCAGCAGACCATCTGGGGCAGAGACCCAGTACTTCGGGCCA"	"CASRPSGAETQYF"	"TCRBV28-1*1"	"TCRBD1-1*1"	"TCRBJ2-5*1"	53	60	-1	65	7	66	NA	NA	"ATTCTGGAGTCCGCCAGCACCAACCAGACATCTATGTACCTCTGTGCCAGCAGACCATCTGGGGCAGAGACCCAGTACTTCGGGCCA"	FALSE	TRUE	NA	NA	NA	NA
"CCCCCTGATCCTGGAGTCGCCCAGCCCCAACCAGACCTCTCTGTACTTCTGTGCCAGCAGTTTAGCAATGAGCAGTTCTTCGGGCCA"	""	"CCCCCTGATCCTGGAGTCGCCCAGCCCCAACCAGACCTCTCTGTACTTCTGTGCCAGCAGTTTAGCAATGAGCAGTTCTTCGGGCCA"	""	"TCRBV27-1*1"	NA	"TCRBJ2-1*1"	-1	-1	64	65	0	1	NA	NA	"CCCCCTGATCCTGGAGTCGCCCAGCCCCAACCAGACCTCTCTGTACTTCTGTGCCAGCAGTTTAGCAATGAGCAGTTCTTCGGGCCA"	FALSE	FALSE	NA	NA	NA	NA
"GCCTTGGGCCCAAAGAACCCGACAGCTTTCTATCTCTGTGCCAGTAGTATAAGCGGGGCTAGCACAGATACGCAGTATTTTGGCCCA"	"CASSISGASTDTQYF"	"GCCTTGGGCCCAAAGAACCCGACAGCTTTCTATCTCTGTGCCAGTAGTATAAGCGGGGCTAGCACAGATACGCAGTATTTTGGCCCA"	"CASSISGASTDTQYF"	"TCRBV19-1*1"	"TCRBD2-1*1"	"TCRBJ2-3*1"	-1	51	58	60	52	2	NA	NA	"GCCTTGGGCCCAAAGAACCCGACAGCTTTCTATCTCTGTGCCAGTAGTATAAGCGGGGCTAGCACAGATACGCAGTATTTTGGCCCA"	FALSE	TRUE	NA	NA	NA	NA
"CCTCAGAACCCAGGGACTCAGCTGTGTATTTTTGTGCTAGTGGTTCTCTTACATCATTCCTTAAATACCGAGCAGTTCTTCGGGCCA"	""	"CCTCAGAACCCAGGGACTCAGCTGTGTATTTTTGTGCTAGTGGTTCTCTTACATCATTCCTTAAATACCGAGCAGTTCTTCGGGCCA"	""	"TCRBV12-5*1"	"TCRBD1-1*1"	"TCRBJ2-1*1"	45	50	53	69	5	16	NA	NA	"CCTCAGAACCCAGGGACTCAGCTGTGTATTTTTGTGCTAGTGGTTCTCTTACATCATTCCTTAAATACCGAGCAGTTCTTCGGGCCA"	FALSE	FALSE	NA	NA	NA	NA
"ACAAAGCTGGAGGACTCAGCCATGTACTTCTGTGCCAGCAGTGACCACCTTGGGGCAGGGGTTAATGAAAAACTGTTTTTTGGCAGT"	"CASSDHLGAGVNEKLFF"	"ACAAAGCTGGAGGACTCAGCCATGTACTTCTGTGCCAGCAGTGACCACCTTGGGGCAGGGGTTAATGAAAAACTGTTTTTTGGCAGT"	"CASSDHLGAGVNEKLFF"	"TCRBV2-1"	"TCRBD1-1*1"	"TCRBJ1-4*1"	44	55	61	62	11	1	NA	NA	"ACAAAGCTGGAGGACTCAGCCATGTACTTCTGTGCCAGCAGTGACCACCTTGGGGCAGGGGTTAATGAAAAACTGTTTTTTGGCAGT"	FALSE	TRUE	NA	NA	NA	NA
"ATCCGGTCCACAAAGCTGGAGGACTCAGCCATGTACTTCTGTGCCAGCAACCGGGGACGAGGCGCAGATACGCAGTATTTTGGCCCA"	"CASNRGRGADTQYF"	"ATCCGGTCCACAAAGCTGGAGGACTCAGCCATGTACTTCTGTGCCAGCAACCGGGGACGAGGCGCAGATACGCAGTATTTTGGCCCA"	"CASNRGRGADTQYF"	"TCRBV2-1"	NA	"TCRBJ2-3*1"	49	53	58	64	4	6	NA	NA	"ATCCGGTCCACAAAGCTGGAGGACTCAGCCATGTACTTCTGTGCCAGCAACCGGGGACGAGGCGCAGATACGCAGTATTTTGGCCCA"	FALSE	TRUE	NA	NA	NA	NA
"ACATCGGCCCAAAAGAACCCGACAGCTTTCTATCTCTGTGCCAGTAGTATACAGGGAAGGGGCAATCAGCCCCAGCATTTTGGTGAT"	"CASSIQGRGNQPQHF"	"ACATCGGCCCAAAAGAACCCGACAGCTTTCTATCTCTGTGCCAGTAGTATACAGGGAAGGGGCAATCAGCCCCAGCATTTTGGTGAT"	"CASSIQGRGNQPQHF"	"TCRBV19-1*1"	"TCRBD1-1*1"	"TCRBJ1-5*1"	-1	51	56	61	52	5	NA	NA	"ACATCGGCCCAAAAGAACCCGACAGCTTTCTATCTCTGTGCCAGTAGTATACAGGGAAGGGGCAATCAGCCCCAGCATTTTGGTGAT"	FALSE	TRUE	NA	NA	NA	NA
"CTGGAGTCGCCCAGCCCCAACCAGACCTCTCTGTACTTCTGTGCCAGCACACAGACAGGTAGCCACTATGGCTACACCTTCGGTTCG"	"CASTQTGSHYGYTF"	"CTGGAGTCGCCCAGCCCCAACCAGACCTCTCTGTACTTCTGTGCCAGCACACAGACAGGTAGCCACTATGGCTACACCTTCGGTTCG"	"CASTQTGSHYGYTF"	"TCRBV27-1*1"	"TCRBD1-1*1"	"TCRBJ1-2*1"	49	53	59	64	4	5	NA	NA	"CTGGAGTCGCCCAGCCCCAACCAGACCTCTCTGTACTTCTGTGCCAGCACACAGACAGGTAGCCACTATGGCTACACCTTCGGTTCG"	FALSE	TRUE	NA	NA	NA	NA
"ACTCTGACAGTGACCAGTGCCCATCCTGAAGACAGCAGCTTCTACATCTGCAGTGCCCCCCAGTCGACAGGGTGGCACTTCGGGCCA"	"CSAPQSTGWHF"	"ACTCTGACAGTGACCAGTGCCCATCCTGAAGACAGCAGCTTCTACATCTGCAGTGCCCCCCAGTCGACAGGGTGGCACTTCGGGCCA"	"CSAPQSTGWHF"	"TCRBV2-1"	"TCRBD1-1*1"	"TCRBJ2-5*1"	56	65	72	76	9	4	NA	NA	"ACTCTGACAGTGACCAGTGCCCATCCTGAAGACAGCAGCTTCTACATCTGCAGTGCCCCCCAGTCGACAGGGTGGCACTTCGGGCCA"	FALSE	TRUE	NA	NA	NA	NA
"CAGCCCTCAGAACCCAGGGACTCAGCTGTGTACTTCTGTGCCAGCAGTTTAGATCCGGGTTCCACAGATACGCAGTATTTTGGCCCA"	"CASSLDPGSTDTQYF"	"CAGCCCTCAGAACCCAGGGACTCAGCTGTGTACTTCTGTGCCAGCAGTTTAGATCCGGGTTCCACAGATACGCAGTATTTTGGCCCA"	"CASSLDPGSTDTQYF"	NA	"TCRBD2-1"	"TCRBJ2-3*1"	52	55	59	62	3	3	NA	NA	"CAGCCCTCAGAACCCAGGGACTCAGCTGTGTACTTCTGTGCCAGCAGTTTAGATCCGGGTTCCACAGATACGCAGTATTTTGGCCCA"	FALSE	TRUE	NA	NA	NA	NA
"CAGCCTGCAGAACTGGAGGATTCTGGAGTTTATTTCTGTGCCAGCAGCCCGTTGATAGGGCACCAAGAGACCCAGTACTTCGGGCCA"	"CASSPLIGHQETQYF"	"CAGCCTGCAGAACTGGAGGATTCTGGAGTTTATTTCTGTGCCAGCAGCCCGTTGATAGGGCACCAAGAGACCCAGTACTTCGGGCCA"	"CASSPLIGHQETQYF"	"TCRBV14-1*1"	NA	"TCRBJ2-5*1"	49	56	60	61	7	1	NA	NA	"CAGCCTGCAGAACTGGAGGATTCTGGAGTTTATTTCTGTGCCAGCAGCCCGTTGATAGGGCACCAAGAGACCCAGTACTTCGGGCCA"	FALSE	TRUE	NA	NA	NA	NA
"CCTGTCCCTAGAGTCTGCCATCCCCAACCAGACAGCTCTTTACTTCTGTGCCACCAGTGAGAAACAGGGTAGCAGTTTTTTGGCAGT"	""	"CCTGTCCCTAGAGTCTGCCATCCCCAACCAGACAGCTCTTTACTTCTGTGCCACCAGTGAGAAACAGGGTAGCAGTTTTTTGGCAGT"	""	"TCRBV24-1*1"	"TCRBD1-1*1"	"TCRBJ1-4*1"	60	63	69	74	3	5	NA	NA	"CCTGTCCCTAGAGTCTGCCATCCCCAACCAGACAGCTCTTTACTTCTGTGCCACCAGTGAGAAACAGGGTAGCAGTTTTTTGGCAGT"	FALSE	FALSE	NA	NA	NA	NA
"CTGAAGATCCAGCGCACAGAGCGGGGGGACTCAGCCGTGTATCTCTGTGCCAGCAGCTTATGGGGTGATACGCAGTATTTTGGCCCA"	"CASSLWGDTQYF"	"CTGAAGATCCAGCGCACAGAGCGGGGGGACTCAGCCGTGTATCTCTGTGCCAGCAGCTTATGGGGTGATACGCAGTATTTTGGCCCA"	"CASSLWGDTQYF"	"TCRBV7-3*1"	NA	"TCRBJ2-3*1"	60	61	65	66	1	1	NA	NA	"CTGAAGATCCAGCGCACAGAGCGGGGGGACTCAGCCGTGTATCTCTGTGCCAGCAGCTTATGGGGTGATACGCAGTATTTTGGCCCA"	FALSE	TRUE	NA	NA	NA	NA
"NNNNNNNNNNTGTCGGCTGCTCCCTCCCAAACATCTGTGTACTTCTGTGCCAGCAGTTACGGCCCAGATACGCAGTATTTTGGCCCA"	"CASSYGPDTQYF"	"NNNNNNNNNNTGTCGGCTGCTCCCTCCCAAACATCTGTGTACTTCTGTGCCAGCAGTTACGGCCCAGATACGCAGTATTTTGGCCCA"	"CASSYGPDTQYF"	"TCRBV6-2/6-3*1"	"TCRBD1-1*1"	"TCRBJ2-3*1"	-1	60	63	64	61	1	NA	NA	"NNNNNNNNNNTGTCGGCTGCTCCCTCCCAAACATCTGTGTACTTCTGTGCCAGCAGTTACGGCCCAGATACGCAGTATTTTGGCCCA"	FALSE	TRUE	NA	NA	NA	NA
"ACCCTGCAGCCAGAAGACTCGGCCCTGTATCTCTGTGCCAGCAGCCAAGATGTTGGACAGGAAAATCAGCCCCAGCATTTTGGTGAT"	"CASSQDVGQENQPQHF"	"ACCCTGCAGCCAGAAGACTCGGCCCTGTATCTCTGTGCCAGCAGCCAAGATGTTGGACAGGAAAATCAGCCCCAGCATTTTGGTGAT"	"CASSQDVGQENQPQHF"	"TCRBV4-2*1"	"TCRBD1-1*1"	"TCRBJ1-5*1"	50	54	61	63	4	2	NA	NA	"ACCCTGCAGCCAGAAGACTCGGCCCTGTATCTCTGTGCCAGCAGCCAAGATGTTGGACAGGAAAATCAGCCCCAGCATTTTGGTGAT"	FALSE	TRUE	NA	NA	NA	NA
"CAGAGCAGGGGGACTCGGCCATGTATCTCTGTGCCAGCAGCGACCACTAGCGGGAGGGCCCCCAAAAACATTCAGTACTTCGGCGCC"	""	"CAGAGCAGGGGGACTCGGCCATGTATCTCTGTGCCAGCAGCGACCACTAGCGGGAGGGCCCCCAAAAACATTCAGTACTTCGGCGCC"	""	"TCRBV7-9*1"	"TCRBD2-1*2"	"TCRBJ2-4*1"	41	45	58	61	4	3	NA	NA	"CAGAGCAGGGGGACTCGGCCATGTATCTCTGTGCCAGCAGCGACCACTAGCGGGAGGGCCCCCAAAAACATTCAGTACTTCGGCGCC"	FALSE	FALSE	NA	NA	NA	NA
"GCGCACACAGCAGGAGGACTCGGCCGTGTATCTCTGTGCCAGCAGCGTAACCGGGACTAAGAGGCCGGGGAGCTGTTTTTTGGAGAA"	""	"GCGCACACAGCAGGAGGACTCGGCCGTGTATCTCTGTGCCAGCAGCGTAACCGGGACTAAGAGGCCGGGGAGCTGTTTTTTGGAGAA"	""	"TCRBV7-2"	"TCRBD2-1"	"TCRBJ2-2*1"	46	52	59	64	6	5	NA	NA	"GCGCACACAGCAGGAGGACTCGGCCGTGTATCTCTGTGCCAGCAGCGTAACCGGGACTAAGAGGCCGGGGAGCTGTTTTTTGGAGAA"	FALSE	FALSE	NA	NA	NA	NA
"GTGAGCACCTTGGAGCTGGGGGACTCGGCCCTTTATCTTTGCGCCAGCAGCTTGGGACAGGGTGGTCAGGCCCAGTACTTCGGGCCA"	"CASSLGQGGQAQYF"	"GTGAGCACCTTGGAGCTGGGGGACTCGGCCCTTTATCTTTGCGCCAGCAGCTTGGGACAGGGTGGTCAGGCCCAGTACTTCGGGCCA"	"CASSLGQGGQAQYF"	"TCRBV5-1*1"	"TCRBD1-1*1"	"TCRBJ2-5*1"	-1	55	62	70	56	8	NA	NA	"GTGAGCACCTTGGAGCTGGGGGACTCGGCCCTTTATCTTTGCGCCAGCAGCTTGGGACAGGGTGGTCAGGCCCAGTACTTCGGGCCA"	FALSE	TRUE	NA	NA	NA	NA
"AATGTGAGCACCTTGGAGCTGGGGGACTCGGCCCTTTATCTTTGCGCCAGCAGCTTGGCCAGGGGAGATACGCAGTATTTTGGCCCA"	"CASSLARGDTQYF"	"AATGTGAGCACCTTGGAGCTGGGGGACTCGGCCCTTTATCTTTGCGCCAGCAGCTTGGCCAGGGGAGATACGCAGTATTTTGGCCCA"	"CASSLARGDTQYF"	"TCRBV5-1*1"	"TCRBD1-1*1"	"TCRBJ2-3*1"	58	59	-1	65	1	66	NA	NA	"AATGTGAGCACCTTGGAGCTGGGGGACTCGGCCCTTTATCTTTGCGCCAGCAGCTTGGCCAGGGGAGATACGCAGTATTTTGGCCCA"	FALSE	TRUE	NA	NA	NA	NA
"CAGCCCTCAGAACCCAGGGACTCAGCTGTGTACTTCTGTGCCAGCAGTTTACCTTCCCAGGCGGGCAATGAAGCTTTCTTTGGACAA"	"CASSLPSQAGNEAFF"	"CAGCCCTCAGAACCCAGGGACTCAGCTGTGTACTTCTGTGCCAGCAGTTTACCTTCCCAGGCGGGCAATGAAGCTTTCTTTGGACAA"	"CASSLPSQAGNEAFF"	NA	"TCRBD2-1"	"TCRBJ1-1*1"	51	60	65	68	9	3	NA	NA	"CAGCCCTCAGAACCCAGGGACTCAGCTGTGTACTTCTGTGCCAGCAGTTTACCTTCCCAGGCGGGCAATGAAGCTTTCTTTGGACAA"	FALSE	TRUE	NA	NA	NA	NA
"TCTCTGGAGCTGGGGGACTCAGCTTTGTATTTCTGTGCCAGCAGCGTAGGATTTAGCGTGAACACCGGGGAGCTGTTTTTTGGAGAA"	"CASSVGFSVNTGELFF"	"TCTCTGGAGCTGGGGGACTCAGCTTTGTATTTCTGTGCCAGCAGCGTAGGATTTAGCGTGAACACCGGGGAGCTGTTTTTTGGAGAA"	"CASSVGFSVNTGELFF"	"TCRBV9-1*1"	"TCRBD2-1"	"TCRBJ2-2*1"	49	53	58	59	4	1	NA	NA	"TCTCTGGAGCTGGGGGACTCAGCTTTGTATTTCTGTGCCAGCAGCGTAGGATTTAGCGTGAACACCGGGGAGCTGTTTTTTGGAGAA"	FALSE	TRUE	NA	NA	NA	NA
"AACGCCTTGGAGCTGGACGACTCGGCCCTGTATCTCTGTGCCAGCAGCCCACCTCTGAAGGGGCCCAACGAGCAGTACTTCGGGCCG"	"CASSPPLKGPNEQYF"	"AACGCCTTGGAGCTGGACGACTCGGCCCTGTATCTCTGTGCCAGCAGCCCACCTCTGAAGGGGCCCAACGAGCAGTACTTCGGGCCG"	"CASSPPLKGPNEQYF"	"TCRBV5-4*1"	"TCRBD1-1*1"	"TCRBJ2-7*1"	48	58	63	67	10	4	NA	NA	"AACGCCTTGGAGCTGGACGACTCGGCCCTGTATCTCTGTGCCAGCAGCCCACCTCTGAAGGGGCCCAACGAGCAGTACTTCGGGCCG"	FALSE	TRUE	NA	NA	NA	NA
"ACTCTGACTGTGAGCAACATGAGCCCTGAAGACAGCAGCATATATCTCTGCAGCGTTAAGGGGGCCTACGAGCAGTACTTCGGGCCG"	"CSVKGAYEQYF"	"ACTCTGACTGTGAGCAACATGAGCCCTGAAGACAGCAGCATATATCTCTGCAGCGTTAAGGGGGCCTACGAGCAGTACTTCGGGCCG"	"CSVKGAYEQYF"	"TCRBV29-1*1"	"TCRBD1-1*1"	"TCRBJ2-7*1"	57	58	-1	64	1	65	NA	NA	"ACTCTGACTGTGAGCAACATGAGCCCTGAAGACAGCAGCATATATCTCTGCAGCGTTAAGGGGGCCTACGAGCAGTACTTCGGGCCG"	FALSE	TRUE	NA	NA	NA	NA
"TCCTGGAGTCGCCCAGCCCCAACCAGACCTCTCTGTACTTCTGTGCCAGCAGTCGGCCGGGACAATGGGACCCAGTACTTCGGGCCA"	""	"TCCTGGAGTCGCCCAGCCCCAACCAGACCTCTCTGTACTTCTGTGCCAGCAGTCGGCCGGGACAATGGGACCCAGTACTTCGGGCCA"	""	"TCRBV27-1*1"	"TCRBD1-1*1"	"TCRBJ2-5*1"	53	58	64	68	5	4	NA	NA	"TCCTGGAGTCGCCCAGCCCCAACCAGACCTCTCTGTACTTCTGTGCCAGCAGTCGGCCGGGACAATGGGACCCAGTACTTCGGGCCA"	FALSE	FALSE	NA	NA	NA	NA
"GTGAACGCCTTGGAGCTGGACGACTCGGCCCTGTATCTCTGTGCCAGCAAGAACAGGTTGAGCTCCTACGAGCAGTACTTCGGGCCG"	"CASKNRLSSYEQYF"	"GTGAACGCCTTGGAGCTGGACGACTCGGCCCTGTATCTCTGTGCCAGCAAGAACAGGTTGAGCTCCTACGAGCAGTACTTCGGGCCG"	"CASKNRLSSYEQYF"	"TCRBV5-4*1"	"TCRBD1-1*1"	"TCRBJ2-7*1"	49	52	57	62	3	5	NA	NA	"GTGAACGCCTTGGAGCTGGACGACTCGGCCCTGTATCTCTGTGCCAGCAAGAACAGGTTGAGCTCCTACGAGCAGTACTTCGGGCCG"	FALSE	TRUE	NA	NA	NA	NA
"NNNNCACTCTGACGATCCAGCGCACAGAGCAGGAGGACTCGGCCGTGTATCTCTGTGCCAGCAGCTTACGAGCAGTACTTCGGGCCG"	""	"NNNNCACTCTGACGATCCAGCGCACAGAGCAGGAGGACTCGGCCGTGTATCTCTGTGCCAGCAGCTTACGAGCAGTACTTCGGGCCG"	""	"TCRBV7-2"	NA	"TCRBJ2-7*1"	-1	-1	-1	66	0	67	NA	NA	"NNNNCACTCTGACGATCCAGCGCACAGAGCAGGAGGACTCGGCCGTGTATCTCTGTGCCAGCAGCTTACGAGCAGTACTTCGGGCCG"	FALSE	FALSE	NA	NA	NA	NA
"ACAGAGCAGGGGGACTCGGCCATGTATCTCTGTGCCAGCAGTTCGGTCCGGGGACAGATGAACACCGGGGAGCTGTTTTTTGGAGAA"	"CASSSVRGQMNTGELFF"	"ACAGAGCAGGGGGACTCGGCCATGTATCTCTGTGCCAGCAGTTCGGTCCGGGGACAGATGAACACCGGGGAGCTGTTTTTTGGAGAA"	"CASSSVRGQMNTGELFF"	"TCRBV7-9*1"	"TCRBD1-1*1"	"TCRBJ2-2*1"	41	50	57	59	9	2	NA	NA	"ACAGAGCAGGGGGACTCGGCCATGTATCTCTGTGCCAGCAGTTCGGTCCGGGGACAGATGAACACCGGGGAGCTGTTTTTTGGAGAA"	FALSE	TRUE	NA	NA	NA	NA
"CTGAGCTCTCTGGAGCTGGGGGACTCAGCTTTGTATTTCTGTGCCAGCAGCGTAGCGGACTGGGACACTGAAGCTTTCTTTGGACAA"	"CASSVADWDTEAFF"	"CTGAGCTCTCTGGAGCTGGGGGACTCAGCTTTGTATTTCTGTGCCAGCAGCGTAGCGGACTGGGACACTGAAGCTTTCTTTGGACAA"	"CASSVADWDTEAFF"	"TCRBV9-1*1"	"TCRBD2-1"	"TCRBJ1-1*1"	55	56	61	64	1	3	NA	NA	"CTGAGCTCTCTGGAGCTGGGGGACTCAGCTTTGTATTTCTGTGCCAGCAGCGTAGCGGACTGGGACACTGAAGCTTTCTTTGGACAA"	FALSE	TRUE	NA	NA	NA	NA
"CCCAGGGACTCAGCTGTGTACTTCTGTGCCAGCAGTCAAAGGACTAGCGAGCACCGTCATAGCACAGATACGCAGTATTTTGGCCCA"	"CASSQRTSEHRHSTDTQYF"	"CCCAGGGACTCAGCTGTGTACTTCTGTGCCAGCAGTCAAAGGACTAGCGAGCACCGTCATAGCACAGATACGCAGTATTTTGGCCCA"	"CASSQRTSEHRHSTDTQYF"	NA	"TCRBD2-1"	"TCRBJ2-3*1"	36	40	49	60	4	11	NA	NA	"CCCAGGGACTCAGCTGTGTACTTCTGTGCCAGCAGTCAAAGGACTAGCGAGCACCGTCATAGCACAGATACGCAGTATTTTGGCCCA"	FALSE	TRUE	NA	NA	NA	NA
"AGCCTGCAGAGCTTGGGGACTCGGCCGTGTATCTCTGTGCCAGCAGTCCGAACGAGGGAGGGGGCAGCCGAGCAGTACTTCGGGCCG"	""	"AGCCTGCAGAGCTTGGGGACTCGGCCGTGTATCTCTGTGCCAGCAGTCCGAACGAGGGAGGGGGCAGCCGAGCAGTACTTCGGGCCG"	""	"TCRBV11-3*1"	NA	"TCRBJ2-7*1"	46	58	65	68	12	3	NA	NA	"AGCCTGCAGAGCTTGGGGACTCGGCCGTGTATCTCTGTGCCAGCAGTCCGAACGAGGGAGGGGGCAGCCGAGCAGTACTTCGGGCCG"	FALSE	FALSE	NA	NA	NA	NA
"GTGAACGCCTTGGAGCTGGAGGACTCGGCCCTGTATCTCTGTGCCAGCAGCTTGGGGACCGAACTCAGAGGCTACACCTTCGGTTCG"	"CASSLGTELRGYTF"	"GTGAACGCCTTGGAGCTGGAGGACTCGGCCCTGTATCTCTGTGCCAGCAGCTTGGGGACCGAACTCAGAGGCTACACCTTCGGTTCG"	"CASSLGTELRGYTF"	"TCRBV5-8*1"	NA	"TCRBJ1-2*1"	-1	55	59	69	56	10	NA	NA	"GTGAACGCCTTGGAGCTGGAGGACTCGGCCCTGTATCTCTGTGCCAGCAGCTTGGGGACCGAACTCAGAGGCTACACCTTCGGTTCG"	FALSE	TRUE	NA	NA	NA	NA
"CTGGAGCTGGGGGACTCAGCTTTGTATTTCTGTGCCAGCAGCGTAGAGGCTAGCGGGAGCTGGGCCAACGTCCTGACTTTCGGGGCC"	"CASSVEASGSWANVLTF"	"CTGGAGCTGGGGGACTCAGCTTTGTATTTCTGTGCCAGCAGCGTAGAGGCTAGCGGGAGCTGGGCCAACGTCCTGACTTTCGGGGCC"	"CASSVEASGSWANVLTF"	"TCRBV9-1*1"	"TCRBD2-1*2"	"TCRBJ2-6*1"	46	49	59	61	3	2	NA	NA	"CTGGAGCTGGGGGACTCAGCTTTGTATTTCTGTGCCAGCAGCGTAGAGGCTAGCGGGAGCTGGGCCAACGTCCTGACTTTCGGGGCC"	FALSE	TRUE	NA	NA	NA	NA
"AGCACCTTGGAGCTGGGGGACTCGGCCCTTTATCTTTGCGCCAGCCACGACGGGACTAGCGGCCTCAATGAGCAGTTCTTCGGGCCA"	"CASHDGTSGLNEQFF"	"AGCACCTTGGAGCTGGGGGACTCGGCCCTTTATCTTTGCGCCAGCCACGACGGGACTAGCGGCCTCAATGAGCAGTTCTTCGGGCCA"	"CASHDGTSGLNEQFF"	"TCRBV5-1*1"	"TCRBD2-1"	"TCRBJ2-1*1"	45	51	62	65	6	3	NA	NA	"AGCACCTTGGAGCTGGGGGACTCGGCCCTTTATCTTTGCGCCAGCCACGACGGGACTAGCGGCCTCAATGAGCAGTTCTTCGGGCCA"	FALSE	TRUE	NA	NA	NA	NA
"AATGTGAACGCCTTGGAGCTGGACGACTCGGCCCTGTATCTCTGTGCCAGCAGCTTTACTAACGCCTACGAGCAGTACTTCGGGCCG"	"CASSFTNAYEQYF"	"AATGTGAACGCCTTGGAGCTGGACGACTCGGCCCTGTATCTCTGTGCCAGCAGCTTTACTAACGCCTACGAGCAGTACTTCGGGCCG"	"CASSFTNAYEQYF"	"TCRBV5-4*1"	"TCRBD2-1"	"TCRBJ2-7*1"	56	57	61	64	1	3	NA	NA	"AATGTGAACGCCTTGGAGCTGGACGACTCGGCCCTGTATCTCTGTGCCAGCAGCTTTACTAACGCCTACGAGCAGTACTTCGGGCCG"	FALSE	TRUE	NA	NA	NA	NA
"AACGCCTTGTTGCTGGGGGACTCGGCCCTGTATCTCTGTGCCAGCAGCTTGGGACAGAATAGCAATCAGCCCCAGCATTTTGGTGAT"	"CASSLGQNSNQPQHF"	"AACGCCTTGTTGCTGGGGGACTCGGCCCTGTATCTCTGTGCCAGCAGCTTGGGACAGAATAGCAATCAGCCCCAGCATTTTGGTGAT"	"CASSLGQNSNQPQHF"	"TCRBV5-5*1"	"TCRBD1-1*1"	"TCRBJ1-5*1"	-1	52	57	59	53	2	NA	NA	"AACGCCTTGTTGCTGGGGGACTCGGCCCTGTATCTCTGTGCCAGCAGCTTGGGACAGAATAGCAATCAGCCCCAGCATTTTGGTGAT"	FALSE	TRUE	NA	NA	NA	NA
"CTCTCTGGAGCTGGGGGACTCAGCTTTGTATTTCTGTGCCAGCAGCGAGCGACTAGCGGGAGGGCCATCGCGCAGTTCTTCGGGCCA"	""	"CTCTCTGGAGCTGGGGGACTCAGCTTTGTATTTCTGTGCCAGCAGCGAGCGACTAGCGGGAGGGCCATCGCGCAGTTCTTCGGGCCA"	""	"TCRBV9-1*1"	"TCRBD2-1*2"	"TCRBJ2-1*1"	47	50	64	71	3	7	NA	NA	"CTCTCTGGAGCTGGGGGACTCAGCTTTGTATTTCTGTGCCAGCAGCGAGCGACTAGCGGGAGGGCCATCGCGCAGTTCTTCGGGCCA"	FALSE	FALSE	NA	NA	NA	NA
"GCCCAAAAGAACCCGACAGCTTTCTATCTCTGTGCCAGTAGTATTGAGGTGTGGGGGGACCCAGGAAACATTCAGTACTTCGGCGCC"	"CASSIEVWGDPGNIQYF"	"GCCCAAAAGAACCCGACAGCTTTCTATCTCTGTGCCAGTAGTATTGAGGTGTGGGGGGACCCAGGAAACATTCAGTACTTCGGCGCC"	"CASSIEVWGDPGNIQYF"	"TCRBV19-1*1"	"TCRBD2-1*1"	"TCRBJ2-4*1"	44	52	58	65	8	7	NA	NA	"GCCCAAAAGAACCCGACAGCTTTCTATCTCTGTGCCAGTAGTATTGAGGTGTGGGGGGACCCAGGAAACATTCAGTACTTCGGCGCC"	FALSE	TRUE	NA	NA	NA	NA
"AGTGACCAGTGCCCATCCTGAAGACAGCAGCTTCTACATCTGCAGTGCTAGATGGGGGGGCCTCAAGAGACCCAGTACTTCGGGCCA"	""	"AGTGACCAGTGCCCATCCTGAAGACAGCAGCTTCTACATCTGCAGTGCTAGATGGGGGGGCCTCAAGAGACCCAGTACTTCGGGCCA"	""	NA	"TCRBD2-1*1"	"TCRBJ2-5*1"	52	53	60	63	1	3	NA	NA	"AGTGACCAGTGCCCATCCTGAAGACAGCAGCTTCTACATCTGCAGTGCTAGATGGGGGGGCCTCAAGAGACCCAGTACTTCGGGCCA"	FALSE	FALSE	NA	NA	NA	NA
"ACCCTGGAGTCTGCCAGGCCCTCACATACCTCTCAGTACCTCTGTGCCAGTCAACAGGGGGCGGGCTATGGCTACACCTTCGGTTCG"	"CASQQGAGYGYTF"	"ACCCTGGAGTCTGCCAGGCCCTCACATACCTCTCAGTACCTCTGTGCCAGTCAACAGGGGGCGGGCTATGGCTACACCTTCGGTTCG"	"CASQQGAGYGYTF"	"TCRBV25-1*1"	"TCRBD1-1*1"	"TCRBJ1-2*1"	50	53	62	65	3	3	NA	NA	"ACCCTGGAGTCTGCCAGGCCCTCACATACCTCTCAGTACCTCTGTGCCAGTCAACAGGGGGCGGGCTATGGCTACACCTTCGGTTCG"	FALSE	TRUE	NA	NA	NA	NA
"ACATCGGCCCAAAAGAACCCGACAGCTTTCTATCTCTGTGCCAGTAGTACTACCGGGACAGCCAAAGGTGGCTACACCTTCGGTTCG"	"CASSTTGTAKGGYTF"	"ACATCGGCCCAAAAGAACCCGACAGCTTTCTATCTCTGTGCCAGTAGTACTACCGGGACAGCCAAAGGTGGCTACACCTTCGGTTCG"	"CASSTTGTAKGGYTF"	"TCRBV19-1*1"	"TCRBD1-1*1"	"TCRBJ1-2*1"	49	54	61	68	5	7	NA	NA	"ACATCGGCCCAAAAGAACCCGACAGCTTTCTATCTCTGTGCCAGTAGTACTACCGGGACAGCCAAAGGTGGCTACACCTTCGGTTCG"	FALSE	TRUE	NA	NA	NA	NA
"GTGACCAGTGCCCATCCTGAAGACAGCAGCTTCTACATCTGCAGTGCTAGGGCCGGGACAGGGTACTACGAGCAGTACTTCGGGCCG"	"CSARAGTGYYEQYF"	"GTGACCAGTGCCCATCCTGAAGACAGCAGCTTCTACATCTGCAGTGCTAGGGCCGGGACAGGGTACTACGAGCAGTACTTCGGGCCG"	"CSARAGTGYYEQYF"	NA	"TCRBD1-1*1"	"TCRBJ2-7*1"	50	54	63	65	4	2	NA	NA	"GTGACCAGTGCCCATCCTGAAGACAGCAGCTTCTACATCTGCAGTGCTAGGGCCGGGACAGGGTACTACGAGCAGTACTTCGGGCCG"	FALSE	TRUE	NA	NA	NA	NA
"CAGCGCACAGGGCGGGGGGACTCAGCCGTGTATCTCTGTGCCAGCAGCTTAAACGGGGGGGACACCGGGGAGCTGTTTTTTGGAGAA"	"CASSLNGGDTGELFF"	"CAGCGCACAGGGCGGGGGGACTCAGCCGTGTATCTCTGTGCCAGCAGCTTAAACGGGGGGGACACCGGGGAGCTGTTTTTTGGAGAA"	"CASSLNGGDTGELFF"	"TCRBV7-3*1"	"TCRBD2-1*1"	"TCRBJ2-2*1"	52	53	-1	61	1	62	NA	NA	"CAGCGCACAGGGCGGGGGGACTCAGCCGTGTATCTCTGTGCCAGCAGCTTAAACGGGGGGGACACCGGGGAGCTGTTTTTTGGAGAA"	FALSE	TRUE	NA	NA	NA	NA
"AATGTGAACGCCTTGGAGCTGGACGACTCGGCCCTGTATCTCTGTGCCAGCAGCTCAGGGGGCGGAGAGACCCAGTACTTCGGGCCA"	"CASSSGGGETQYF"	"AATGTGAACGCCTTGGAGCTGGACGACTCGGCCCTGTATCTCTGTGCCAGCAGCTCAGGGGGCGGAGAGACCCAGTACTTCGGGCCA"	"CASSSGGGETQYF"	"TCRBV5-4*1"	"TCRBD1-1*1"	"TCRBJ2-5*1"	-1	55	63	65	56	2	NA	NA	"AATGTGAACGCCTTGGAGCTGGACGACTCGGCCCTGTATCTCTGTGCCAGCAGCTCAGGGGGCGGAGAGACCCAGTACTTCGGGCCA"	FALSE	TRUE	NA	NA	NA	NA
"AGCACCTTGGAGCTGGGGGACTCGGCCCTTTATCTTTGCGCCAGCAGCTTGGTAGGGACTAGCAGGGATGAGCAGTTCTTCGGGCCA"	"CASSLVGTSRDEQFF"	"AGCACCTTGGAGCTGGGGGACTCGGCCCTTTATCTTTGCGCCAGCAGCTTGGTAGGGACTAGCAGGGATGAGCAGTTCTTCGGGCCA"	"CASSLVGTSRDEQFF"	"TCRBV5-1*1"	"TCRBD2-1"	"TCRBJ2-1*1"	52	54	63	67	2	4	NA	NA	"AGCACCTTGGAGCTGGGGGACTCGGCCCTTTATCTTTGCGCCAGCAGCTTGGTAGGGACTAGCAGGGATGAGCAGTTCTTCGGGCCA"	FALSE	TRUE	NA	NA	NA	NA
"CAGCCAGAAGACTCGGCCCTGTATCTCTGCGCCAGCAGCCAAGATTTTAGGACTAGCGGGATCACAGATACGCAGTATTTTGGCCCA"	"CASSQDFRTSGITDTQYF"	"CAGCCAGAAGACTCGGCCCTGTATCTCTGCGCCAGCAGCCAAGATTTTAGGACTAGCGGGATCACAGATACGCAGTATTTTGGCCCA"	"CASSQDFRTSGITDTQYF"	"TCRBV4-3*1"	"TCRBD2-1*2"	"TCRBJ2-3*1"	44	49	61	62	5	1	NA	NA	"CAGCCAGAAGACTCGGCCCTGTATCTCTGCGCCAGCAGCCAAGATTTTAGGACTAGCGGGATCACAGATACGCAGTATTTTGGCCCA"	FALSE	TRUE	NA	NA	NA	NA
"TCGCCCAGCCCCAACCAGACCTCTCTGTACTTCTGTGCCAGCAGTTTATGGGCCGGGACCGAGACCTACGAGCAGTACTTCGGGCCG"	"CASSLWAGTETYEQYF"	"TCGCCCAGCCCCAACCAGACCTCTCTGTACTTCTGTGCCAGCAGTTTATGGGCCGGGACCGAGACCTACGAGCAGTACTTCGGGCCG"	"CASSLWAGTETYEQYF"	"TCRBV27-1*1"	NA	"TCRBJ2-7*1"	49	54	59	64	5	5	NA	NA	"TCGCCCAGCCCCAACCAGACCTCTCTGTACTTCTGTGCCAGCAGTTTATGGGCCGGGACCGAGACCTACGAGCAGTACTTCGGGCCG"	FALSE	TRUE	NA	NA	NA	NA
"GTACCCTCTCAGACATCTGTGTACTTCTGTGCCAGCAGCGATTGAGTATCGTGTGGGTAGGGGCGTCAGCCCCAGCATTTTGGTGAT"	"CASSD*VSCG*GRQPQHF"	"GTACCCTCTCAGACATCTGTGTACTTCTGTGCCAGCAGCGATTGAGTATCGTGTGGGTAGGGGCGTCAGCCCCAGCATTTTGGTGAT"	"CASSD*VSCG*GRQPQHF"	"TCRBV6-4*1"	"TCRBD1-1*1"	"TCRBJ1-5*1"	38	58	63	65	20	2	NA	NA	"GTACCCTCTCAGACATCTGTGTACTTCTGTGCCAGCAGCGATTGAGTATCGTGTGGGTAGGGGCGTCAGCCCCAGCATTTTGGTGAT"	FALSE	TRUE	NA	NA	NA	NA
"CTCAGAACCGGGAGACACGGCACTGTATCTCTGCGCCAGCACATCTCCGAGACAGAGAGCTCTGGAAACACCATATATTTTGGAGAG"	""	"CTCAGAACCGGGAGACACGGCACTGTATCTCTGCGCCAGCACATCTCCGAGACAGAGAGCTCTGGAAACACCATATATTTTGGAGAG"	""	"TCRBV23-1*1"	"TCRBD1-1*1"	"TCRBJ1-3*1"	41	50	55	59	9	4	NA	NA	"CTCAGAACCGGGAGACACGGCACTGTATCTCTGCGCCAGCACATCTCCGAGACAGAGAGCTCTGGAAACACCATATATTTTGGAGAG"	FALSE	FALSE	NA	NA	NA	NA
"ACCAGTGCCCATCCTGAAGACAGCAGCTTCTACATCTGCAGTGCTAGAGTCTCCGGGAGGGCCGGTGAGACCCAGTACTTCGGGCCA"	"CSARVSGRAGETQYF"	"ACCAGTGCCCATCCTGAAGACAGCAGCTTCTACATCTGCAGTGCTAGAGTCTCCGGGAGGGCCGGTGAGACCCAGTACTTCGGGCCA"	"CSARVSGRAGETQYF"	NA	"TCRBD2-1*2"	"TCRBJ2-5*1"	49	53	61	66	4	5	NA	NA	"ACCAGTGCCCATCCTGAAGACAGCAGCTTCTACATCTGCAGTGCTAGAGTCTCCGGGAGGGCCGGTGAGACCCAGTACTTCGGGCCA"	FALSE	TRUE	NA	NA	NA	NA
"GCGCACAGAGCGGGGGGACTCAGCCGTGTATCTCTGTGCCAGCAGGTAGCCAGGAAAATAAAGAATTCACCCCTCCACTTTGGGAAT"	""	"GCGCACAGAGCGGGGGGACTCAGCCGTGTATCTCTGTGCCAGCAGGTAGCCAGGAAAATAAAGAATTCACCCCTCCACTTTGGGAAT"	""	"TCRBV7-3*1"	NA	"TCRBJ1-6*1"	45	50	54	63	5	9	NA	NA	"GCGCACAGAGCGGGGGGACTCAGCCGTGTATCTCTGTGCCAGCAGGTAGCCAGGAAAATAAAGAATTCACCCCTCCACTTTGGGAAT"	FALSE	FALSE	NA	NA	NA	NA
"GCTCCCTCCCAGACATCTGTGTACTTCTGTGCCAGCAGTGACCGAACTTTAGCGGGTTCTAGCACAGATACGCAGTATTTTGGCCCA"	"CASSDRTLAGSSTDTQYF"	"GCTCCCTCCCAGACATCTGTGTACTTCTGTGCCAGCAGTGACCGAACTTTAGCGGGTTCTAGCACAGATACGCAGTATTTTGGCCCA"	"CASSDRTLAGSSTDTQYF"	"TCRBV6-1*1"	"TCRBD2-1"	"TCRBJ2-3*1"	41	49	56	60	8	4	NA	NA	"GCTCCCTCCCAGACATCTGTGTACTTCTGTGCCAGCAGTGACCGAACTTTAGCGGGTTCTAGCACAGATACGCAGTATTTTGGCCCA"	FALSE	TRUE	NA	NA	NA	NA
"ATCCGGTCCACAAAGCTGGAGGACTCAGCCATGTACTTCTGTGCCAGCACTTCGGGAGTGGGATCCTACGAGCAGTACTTCGGGCCG"	"CASTSGVGSYEQYF"	"ATCCGGTCCACAAAGCTGGAGGACTCAGCCATGTACTTCTGTGCCAGCACTTCGGGAGTGGGATCCTACGAGCAGTACTTCGGGCCG"	"CASTSGVGSYEQYF"	"TCRBV2-1"	"TCRBD2-1*2"	"TCRBJ2-7*1"	49	52	58	63	3	5	NA	NA	"ATCCGGTCCACAAAGCTGGAGGACTCAGCCATGTACTTCTGTGCCAGCACTTCGGGAGTGGGATCCTACGAGCAGTACTTCGGGCCG"	FALSE	TRUE	NA	NA	NA	NA
"TGCAGCCAGAAGACTCAGCCCTGTATCTCTGCGCCAGCAGCCAAGTGCCCTCAGGAATACGGCAATCAGCCCCAGCATTTTGGTGAT"	""	"TGCAGCCAGAAGACTCAGCCCTGTATCTCTGCGCCAGCAGCCAAGTGCCCTCAGGAATACGGCAATCAGCCCCAGCATTTTGGTGAT"	""	"TCRBV4-1*1"	"TCRBD1-1*1"	"TCRBJ1-5*1"	45	51	55	61	6	6	NA	NA	"TGCAGCCAGAAGACTCAGCCCTGTATCTCTGCGCCAGCAGCCAAGTGCCCTCAGGAATACGGCAATCAGCCCCAGCATTTTGGTGAT"	FALSE	FALSE	NA	NA	NA	NA
"AGGATCCAGCAGGTAGTGCGAGGAGATTCGGCAGCTTATTTCTGTGCCAGCTCATCCATCCCCAGGGGTTAGCAGTTCTTCGGGCCA"	"CASSSIPRG*QFF"	"AGGATCCAGCAGGTAGTGCGAGGAGATTCGGCAGCTTATTTCTGTGCCAGCTCATCCATCCCCAGGGGTTAGCAGTTCTTCGGGCCA"	"CASSSIPRG*QFF"	"TCRBV18-1*1"	"TCRBD1-1*1"	"TCRBJ2-1*1"	54	62	68	70	8	2	NA	NA	"AGGATCCAGCAGGTAGTGCGAGGAGATTCGGCAGCTTATTTCTGTGCCAGCTCATCCATCCCCAGGGGTTAGCAGTTCTTCGGGCCA"	FALSE	TRUE	NA	NA	NA	NA
"CACCTACACACCCTGCAGCCAGAAGACTCGGCCCTGTATCTCTGTGCCAGCACCACACAGGGTAACTATGGCTACACCTTCGGTTCG"	"CASTTQGNYGYTF"	"CACCTACACACCCTGCAGCCAGAAGACTCGGCCCTGTATCTCTGTGCCAGCACCACACAGGGTAACTATGGCTACACCTTCGGTTCG"	"CASTTQGNYGYTF"	"TCRBV4-2*2"	"TCRBD1-1*1"	"TCRBJ1-2*1"	54	56	-1	62	2	63	NA	NA	"CACCTACACACCCTGCAGCCAGAAGACTCGGCCCTGTATCTCTGTGCCAGCACCACACAGGGTAACTATGGCTACACCTTCGGTTCG"	FALSE	TRUE	NA	NA	NA	NA
"ACATTCTCAACTCTGACTGTGAGCAACATGAGCCCTGAAGACAGCAGCATATATCTCTGCAGCCCCTCCAAAAAGTACTTCGGGCCG"	"CSPSKKYF"	"ACATTCTCAACTCTGACTGTGAGCAACATGAGCCCTGAAGACAGCAGCATATATCTCTGCAGCCCCTCCAAAAAGTACTTCGGGCCG"	"CSPSKKYF"	"TCRBV29-1"	NA	"TCRBJ2-7*1"	63	68	70	73	5	3	NA	NA	"ACATTCTCAACTCTGACTGTGAGCAACATGAGCCCTGAAGACAGCAGCATATATCTCTGCAGCCCCTCCAAAAAGTACTTCGGGCCG"	FALSE	TRUE	NA	NA	NA	NA
"ACCAGTGCCCATCCTGAAGACAGCAGCTTCTACATCTGCGGGGGCACTTCCCGGATGGGAGGCACAGATACGCAGTATTTTGGCCCA"	"CGGTSRMGGTDTQYF"	"ACCAGTGCCCATCCTGAAGACAGCAGCTTCTACATCTGCGGGGGCACTTCCCGGATGGGAGGCACAGATACGCAGTATTTTGGCCCA"	"CGGTSRMGGTDTQYF"	NA	"TCRBD1-1*1"	"TCRBJ2-3*1"	-1	39	45	61	40	16	NA	NA	"ACCAGTGCCCATCCTGAAGACAGCAGCTTCTACATCTGCGGGGGCACTTCCCGGATGGGAGGCACAGATACGCAGTATTTTGGCCCA"	FALSE	TRUE	NA	NA	NA	NA
"AATGTGAACGCCTTGTTGCTGGGGGACTCGGCCCTCTATCTCTGTGCCAGCAGCCTAGGGCTTAGGAATGAGCAGTTCTTCGGGCCA"	"CASSLGLRNEQFF"	"AATGTGAACGCCTTGTTGCTGGGGGACTCGGCCCTCTATCTCTGTGCCAGCAGCCTAGGGCTTAGGAATGAGCAGTTCTTCGGGCCA"	"CASSLGLRNEQFF"	"TCRBV5-6*1"	NA	"TCRBJ2-1*1"	54	56	60	66	2	6	NA	NA	"AATGTGAACGCCTTGTTGCTGGGGGACTCGGCCCTCTATCTCTGTGCCAGCAGCCTAGGGCTTAGGAATGAGCAGTTCTTCGGGCCA"	FALSE	TRUE	NA	NA	NA	NA
"CTGAGGATCCAGCAGGTAGTGCGAGGAGATTCGGCAGCTTATTTCTGTGCCAGCTCACCCGCAGGTGAAAAACTGTTTTTTGGCAGT"	"CASSPAGEKLFF"	"CTGAGGATCCAGCAGGTAGTGCGAGGAGATTCGGCAGCTTATTTCTGTGCCAGCTCACCCGCAGGTGAAAAACTGTTTTTTGGCAGT"	"CASSPAGEKLFF"	"TCRBV18-1*1"	"TCRBD1-1*1"	"TCRBJ1-4*1"	59	61	-1	65	2	66	NA	NA	"CTGAGGATCCAGCAGGTAGTGCGAGGAGATTCGGCAGCTTATTTCTGTGCCAGCTCACCCGCAGGTGAAAAACTGTTTTTTGGCAGT"	FALSE	TRUE	NA	NA	NA	NA
"ATCCTGGAGTCGCCCAGCCCCAACCAGACCTCTCTGTACTTCTGTGCCAGCAGTTTAGGGACTTACTACGAGCAGTACTTCGGGCCG"	"CASSLGTYYEQYF"	"ATCCTGGAGTCGCCCAGCCCCAACCAGACCTCTCTGTACTTCTGTGCCAGCAGTTTAGGGACTTACTACGAGCAGTACTTCGGGCCG"	"CASSLGTYYEQYF"	"TCRBV27-1*1"	"TCRBD2-1"	"TCRBJ2-7*1"	-1	57	63	65	58	2	NA	NA	"ATCCTGGAGTCGCCCAGCCCCAACCAGACCTCTCTGTACTTCTGTGCCAGCAGTTTAGGGACTTACTACGAGCAGTACTTCGGGCCG"	FALSE	TRUE	NA	NA	NA	NA
"AAGGTGCAGCCTGCAGAACTGGAGGATTCTGGAGTTTATTTCTGTGCCAGCAGCCAAGATGCAGCCGCCGGCTACACCTTCGGTTCG"	"CASSQDAAAGYTF"	"AAGGTGCAGCCTGCAGAACTGGAGGATTCTGGAGTTTATTTCTGTGCCAGCAGCCAAGATGCAGCCGCCGGCTACACCTTCGGTTCG"	"CASSQDAAAGYTF"	"TCRBV14-1*1"	NA	"TCRBJ1-2*1"	59	61	64	69	2	5	NA	NA	"AAGGTGCAGCCTGCAGAACTGGAGGATTCTGGAGTTTATTTCTGTGCCAGCAGCCAAGATGCAGCCGCCGGCTACACCTTCGGTTCG"	FALSE	TRUE	NA	NA	NA	NA
"CGCACAGAGCAGCGGGACTCGGCCATGTATCGCTGTGCCAGCAGCTTATGGGGTCCTACCGGACACTATGAGCAGTTCTTCGGGCCA"	"CASSLWGPTGHYEQFF"	"CGCACAGAGCAGCGGGACTCGGCCATGTATCGCTGTGCCAGCAGCTTATGGGGTCCTACCGGACACTATGAGCAGTTCTTCGGGCCA"	"CASSLWGPTGHYEQFF"	"TCRBV7-6*1"	"TCRBD1-1*1"	"TCRBJ2-1*1"	48	60	65	67	12	2	NA	NA	"CGCACAGAGCAGCGGGACTCGGCCATGTATCGCTGTGCCAGCAGCTTATGGGGTCCTACCGGACACTATGAGCAGTTCTTCGGGCCA"	FALSE	TRUE	NA	NA	NA	NA
"ATCCAGCCCTCAGAACCCAGGGACTCAGCTGTGTACTTCTGTGCCAGCAGTTTAGCGCGACAGTACTATGGCTACACCTTCGGTTCG"	"CASSLARQYYGYTF"	"ATCCAGCCCTCAGAACCCAGGGACTCAGCTGTGTACTTCTGTGCCAGCAGTTTAGCGCGACAGTACTATGGCTACACCTTCGGTTCG"	"CASSLARQYYGYTF"	NA	"TCRBD1-1*1"	"TCRBJ1-2*1"	56	58	63	64	2	1	NA	NA	"ATCCAGCCCTCAGAACCCAGGGACTCAGCTGTGTACTTCTGTGCCAGCAGTTTAGCGCGACAGTACTATGGCTACACCTTCGGTTCG"	FALSE	TRUE	NA	NA	NA	NA
"TCTAAGAAGCTCCTTCTCAGTGACTCTGGCTTCTATCTCTGTGCCTGGAGTGTAGGGGGGAGTGCCCACGAGCAGTACTTCGGGCCG"	"CAWSVGGSAHEQYF"	"TCTAAGAAGCTCCTTCTCAGTGACTCTGGCTTCTATCTCTGTGCCTGGAGTGTAGGGGGGAGTGCCCACGAGCAGTACTTCGGGCCG"	"CAWSVGGSAHEQYF"	"TCRBV3-1*1"	NA	"TCRBJ2-7*1"	-1	53	59	67	54	8	NA	NA	"TCTAAGAAGCTCCTTCTCAGTGACTCTGGCTTCTATCTCTGTGCCTGGAGTGTAGGGGGGAGTGCCCACGAGCAGTACTTCGGGCCG"	FALSE	TRUE	NA	NA	NA	NA
"CTGGAGTCCGCCAGCACCAACCAGACATCTATGTACCTCTGTGCCAGCAGTTTGATGGGTTTAAGACACACCATATATTTTGGAGAG"	"CASSLMGLRHTIYF"	"CTGGAGTCCGCCAGCACCAACCAGACATCTATGTACCTCTGTGCCAGCAGTTTGATGGGTTTAAGACACACCATATATTTTGGAGAG"	"CASSLMGLRHTIYF"	"TCRBV28-1*1"	NA	"TCRBJ1-3*1"	53	56	59	67	3	8	NA	NA	"CTGGAGTCCGCCAGCACCAACCAGACATCTATGTACCTCTGTGCCAGCAGTTTGATGGGTTTAAGACACACCATATATTTTGGAGAG"	FALSE	TRUE	NA	NA	NA	NA
"CAGCGCACAGAGCGGGGGGACTCAGCCGTGTATCTCTGTGCCAGCAGCTTACTTGCAAATTCCTACAATGAGCAGTTCTTCGGGCCA"	"CASSLLANSYNEQFF"	"CAGCGCACAGAGCGGGGGGACTCAGCCGTGTATCTCTGTGCCAGCAGCTTACTTGCAAATTCCTACAATGAGCAGTTCTTCGGGCCA"	"CASSLLANSYNEQFF"	"TCRBV7-3*1"	NA	"TCRBJ2-1*1"	51	55	57	60	4	3	NA	NA	"CAGCGCACAGAGCGGGGGGACTCAGCCGTGTATCTCTGTGCCAGCAGCTTACTTGCAAATTCCTACAATGAGCAGTTCTTCGGGCCA"	FALSE	TRUE	NA	NA	NA	NA
"AGCTCTCTGGAGCTGGGGGACTCAGCTTTGTATTTCTGTGCCAGCAGCGTAGTGGTCGGGACGACAGATACGCAGTATTTTGGCCCA"	"CASSVVVGTTDTQYF"	"AGCTCTCTGGAGCTGGGGGACTCAGCTTTGTATTTCTGTGCCAGCAGCGTAGTGGTCGGGACGACAGATACGCAGTATTTTGGCCCA"	"CASSVVVGTTDTQYF"	"TCRBV9-1*1"	NA	"TCRBJ2-3*1"	52	57	62	63	5	1	NA	NA	"AGCTCTCTGGAGCTGGGGGACTCAGCTTTGTATTTCTGTGCCAGCAGCGTAGTGGTCGGGACGACAGATACGCAGTATTTTGGCCCA"	FALSE	TRUE	NA	NA	NA	NA
"ACCAGTGCCCATCCTGAAGACAGCAGCTTCTACATCTGCAGTGCTAGAGTAGGCGGGATTTCGAGTGGTGAGCAGTTCTTCGGGCCA"	"CSARVGGISSGEQFF"	"ACCAGTGCCCATCCTGAAGACAGCAGCTTCTACATCTGCAGTGCTAGAGTAGGCGGGATTTCGAGTGGTGAGCAGTTCTTCGGGCCA"	"CSARVGGISSGEQFF"	NA	"TCRBD2-1*2"	"TCRBJ2-1*1"	49	52	58	68	3	10	NA	NA	"ACCAGTGCCCATCCTGAAGACAGCAGCTTCTACATCTGCAGTGCTAGAGTAGGCGGGATTTCGAGTGGTGAGCAGTTCTTCGGGCCA"	FALSE	TRUE	NA	NA	NA	NA
"CAGCCTGCAGAGCTTGGGGACTCGGCCATGTATCTCTGTGCCAGCAGCGTACGTTTAGGACCGTCCTACGAGCAGTACTTCGGGCCG"	"CASSVRLGPSYEQYF"	"CAGCCTGCAGAGCTTGGGGACTCGGCCATGTATCTCTGTGCCAGCAGCGTACGTTTAGGACCGTCCTACGAGCAGTACTTCGGGCCG"	"CASSVRLGPSYEQYF"	"TCRBV11-1*1"	NA	"TCRBJ2-7*1"	48	57	61	63	9	2	NA	NA	"CAGCCTGCAGAGCTTGGGGACTCGGCCATGTATCTCTGTGCCAGCAGCGTACGTTTAGGACCGTCCTACGAGCAGTACTTCGGGCCG"	FALSE	TRUE	NA	NA	NA	NA
"GTGACCAGTGCCCATCCTGAAGACAGCAGCTTCTACATCTGCAGTGCTAGAGGGGACACGGGTGCCGGGGAGCTGTTTTTTGGAGAA"	"CSARGDTGAGELFF"	"GTGACCAGTGCCCATCCTGAAGACAGCAGCTTCTACATCTGCAGTGCTAGAGGGGACACGGGTGCCGGGGAGCTGTTTTTTGGAGAA"	"CSARGDTGAGELFF"	NA	"TCRBD1-1*1"	"TCRBJ2-2*1"	-1	52	58	64	53	6	NA	NA	"GTGACCAGTGCCCATCCTGAAGACAGCAGCTTCTACATCTGCAGTGCTAGAGGGGACACGGGTGCCGGGGAGCTGTTTTTTGGAGAA"	FALSE	TRUE	NA	NA	NA	NA
"CCTGCAGAGCTTGGGGACTCGGCCGTGTATCTCTGTGCCAGCAGCGCCACCGGGACTAGCGGGGGGAAGGAGCAGTACTTCGGGCCG"	"CASSATGTSGGKEQYF"	"CCTGCAGAGCTTGGGGACTCGGCCGTGTATCTCTGTGCCAGCAGCGCCACCGGGACTAGCGGGGGGAAGGAGCAGTACTTCGGGCCG"	"CASSATGTSGGKEQYF"	"TCRBV11-3*1"	"TCRBD2-1*1"	"TCRBJ2-7*1"	45	51	66	69	6	3	NA	NA	"CCTGCAGAGCTTGGGGACTCGGCCGTGTATCTCTGTGCCAGCAGCGCCACCGGGACTAGCGGGGGGAAGGAGCAGTACTTCGGGCCG"	FALSE	TRUE	NA	NA	NA	NA
"ATTCAGCGCACAGAGCAGCGGGACTCGGCCATGTATCGCTGTGCCAGCAGCTTAAAGGGTGGGGGAACTGAAGCTTTCTTTGGACAA"	"CASSLKGGGTEAFF"	"ATTCAGCGCACAGAGCAGCGGGACTCGGCCATGTATCGCTGTGCCAGCAGCTTAAAGGGTGGGGGAACTGAAGCTTTCTTTGGACAA"	"CASSLKGGGTEAFF"	NA	NA	"TCRBJ1-1*1"	54	60	65	66	6	1	NA	NA	"ATTCAGCGCACAGAGCAGCGGGACTCGGCCATGTATCGCTGTGCCAGCAGCTTAAAGGGTGGGGGAACTGAAGCTTTCTTTGGACAA"	FALSE	TRUE	NA	NA	NA	NA
"NTGTCGGCTGCTCCCTCCCAGACATCTGTGTACTTCTGTGCCAGCAGTGGATACGACAAGATGGACACTGAAGCTTTCTTTGGACAA"	"CASSGYDKMDTEAFF"	"NTGTCGGCTGCTCCCTCCCAGACATCTGTGTACTTCTGTGCCAGCAGTGGATACGACAAGATGGACACTGAAGCTTTCTTTGGACAA"	"CASSGYDKMDTEAFF"	NA	"TCRBD1-1*1"	"TCRBJ1-1*1"	49	54	58	64	5	6	NA	NA	"NTGTCGGCTGCTCCCTCCCAGACATCTGTGTACTTCTGTGCCAGCAGTGGATACGACAAGATGGACACTGAAGCTTTCTTTGGACAA"	FALSE	TRUE	NA	NA	NA	NA
"ATCCAGCGCACAGAGCAGGGGGACTCGGCCATGTATCTCTGTGCCAGCAGCTGGACAGTAGCCAAAAACATTCAGTACTTCGGCGCC"	"CASSWTVAKNIQYF"	"ATCCAGCGCACAGAGCAGGGGGACTCGGCCATGTATCTCTGTGCCAGCAGCTGGACAGTAGCCAAAAACATTCAGTACTTCGGCGCC"	"CASSWTVAKNIQYF"	"TCRBV7-9*1"	"TCRBD1-1*1"	"TCRBJ2-4*1"	-1	52	58	59	53	1	NA	NA	"ATCCAGCGCACAGAGCAGGGGGACTCGGCCATGTATCTCTGTGCCAGCAGCTGGACAGTAGCCAAAAACATTCAGTACTTCGGCGCC"	FALSE	TRUE	NA	NA	NA	NA
"GTGAGCACCTTGGAGCTGGGGGACTCGGCCCTTTATCTTTGCGCCAGCAGCTTTTCCCGGGGCGCCGGGGAGCTGTTTTTTGGAGAA"	"CASSFSRGAGELFF"	"GTGAGCACCTTGGAGCTGGGGGACTCGGCCCTTTATCTTTGCGCCAGCAGCTTTTCCCGGGGCGCCGGGGAGCTGTTTTTTGGAGAA"	"CASSFSRGAGELFF"	"TCRBV5-1*1"	NA	"TCRBJ2-2*1"	53	58	63	64	5	1	NA	NA	"GTGAGCACCTTGGAGCTGGGGGACTCGGCCCTTTATCTTTGCGCCAGCAGCTTTTCCCGGGGCGCCGGGGAGCTGTTTTTTGGAGAA"	FALSE	TRUE	NA	NA	NA	NA
"AACGCCTTGGAGCTGGACGACTCGGCCCTGTATCTCTGTGCCAGCAGCTTGGAGCCACCCAACACCGGGGAGCTGTTTTTTGGAGAA"	"CASSLEPPNTGELFF"	"AACGCCTTGGAGCTGGACGACTCGGCCCTGTATCTCTGTGCCAGCAGCTTGGAGCCACCCAACACCGGGGAGCTGTTTTTTGGAGAA"	"CASSLEPPNTGELFF"	"TCRBV5-4*1"	"TCRBD2-1"	"TCRBJ2-2*1"	-1	52	55	60	53	5	NA	NA	"AACGCCTTGGAGCTGGACGACTCGGCCCTGTATCTCTGTGCCAGCAGCTTGGAGCCACCCAACACCGGGGAGCTGTTTTTTGGAGAA"	FALSE	TRUE	NA	NA	NA	NA
"TCGCCCAGCCCCAACCAGACCTCTCTGTACTTCTGTGCCAGCAGTCCCCCCAGCGGGAGGGCCGGCAATGAGCAGTTCTTCGGGCCA"	"CASSPPSGRAGNEQFF"	"TCGCCCAGCCCCAACCAGACCTCTCTGTACTTCTGTGCCAGCAGTCCCCCCAGCGGGAGGGCCGGCAATGAGCAGTTCTTCGGGCCA"	"CASSPPSGRAGNEQFF"	"TCRBV27-1*1"	"TCRBD2-1*2"	"TCRBJ2-1*1"	45	51	61	65	6	4	NA	NA	"TCGCCCAGCCCCAACCAGACCTCTCTGTACTTCTGTGCCAGCAGTCCCCCCAGCGGGAGGGCCGGCAATGAGCAGTTCTTCGGGCCA"	FALSE	TRUE	NA	NA	NA	NA
"GAGTCCGCCAGCACCAACCAGACATCTATGTACCTCTGTGCCAGCAGCTTGACAGGGGCCCGCAGATATGGCTACACCTTCGGTTCG"	"CASSLTGARRYGYTF"	"GAGTCCGCCAGCACCAACCAGACATCTATGTACCTCTGTGCCAGCAGCTTGACAGGGGCCCGCAGATATGGCTACACCTTCGGTTCG"	"CASSLTGARRYGYTF"	"TCRBV28-1*1"	"TCRBD1-1*1"	"TCRBJ1-2*1"	47	50	58	66	3	8	NA	NA	"GAGTCCGCCAGCACCAACCAGACATCTATGTACCTCTGTGCCAGCAGCTTGACAGGGGCCCGCAGATATGGCTACACCTTCGGTTCG"	FALSE	TRUE	NA	NA	NA	NA
"ACTCGGCCGTGTATGTCTGTGCAAGTCGCTTAGCCCCGACTACCGTTAGCGGAAATGCCTAGCACAGATACGCAGTATTTTGGCCCA"	""	"ACTCGGCCGTGTATGTCTGTGCAAGTCGCTTAGCCCCGACTACCGTTAGCGGAAATGCCTAGCACAGATACGCAGTATTTTGGCCCA"	""	"TCRBV12-2*1"	"TCRBD2-1"	"TCRBJ2-3*1"	34	46	52	60	12	8	NA	NA	"ACTCGGCCGTGTATGTCTGTGCAAGTCGCTTAGCCCCGACTACCGTTAGCGGAAATGCCTAGCACAGATACGCAGTATTTTGGCCCA"	FALSE	FALSE	NA	NA	NA	NA
"AGAGCAGGGGGACTCGGCCATGTATCTCTGTGCCAGCAGCCCCCGGGACAGGGGCCCCAATCGGCCGAGGGACAGTACTTCGGGCCG"	""	"AGAGCAGGGGGACTCGGCCATGTATCTCTGTGCCAGCAGCCCCCGGGACAGGGGCCCCAATCGGCCGAGGGACAGTACTTCGGGCCG"	""	"TCRBV7-9*1"	"TCRBD1-1*1"	"TCRBJ2-7*1"	40	44	54	72	4	18	NA	NA	"AGAGCAGGGGGACTCGGCCATGTATCTCTGTGCCAGCAGCCCCCGGGACAGGGGCCCCAATCGGCCGAGGGACAGTACTTCGGGCCG"	FALSE	FALSE	NA	NA	NA	NA
"ATCCAGCGCACAGAGCAGGGGGACTCGGCCATGTATCTCTGTGCCAGCAGCTTAGAGGGCTCTAATTCACCCCTCCACTTTGGGAAT"	"CASSLEGSNSPLHF"	"ATCCAGCGCACAGAGCAGGGGGACTCGGCCATGTATCTCTGTGCCAGCAGCTTAGAGGGCTCTAATTCACCCCTCCACTTTGGGAAT"	"CASSLEGSNSPLHF"	"TCRBV7-9*1"	NA	"TCRBJ1-6*1"	-1	55	59	62	56	3	NA	NA	"ATCCAGCGCACAGAGCAGGGGGACTCGGCCATGTATCTCTGTGCCAGCAGCTTAGAGGGCTCTAATTCACCCCTCCACTTTGGGAAT"	FALSE	TRUE	NA	NA	NA	NA
"CTGACAGTGACCAGTGCCCATCCTGAAGACAGCAGCTTCTACATCTGCAGTGCTGGCAGGGGAGTCTCACCCCTCCACTTTGGGAAT"	"CSAGRGVSPLHF"	"CTGACAGTGACCAGTGCCCATCCTGAAGACAGCAGCTTCTACATCTGCAGTGCTGGCAGGGGAGTCTCACCCCTCCACTTTGGGAAT"	"CSAGRGVSPLHF"	NA	"TCRBD1-1*1"	"TCRBJ1-6*1"	54	56	62	66	2	4	NA	NA	"CTGACAGTGACCAGTGCCCATCCTGAAGACAGCAGCTTCTACATCTGCAGTGCTGGCAGGGGAGTCTCACCCCTCCACTTTGGGAAT"	FALSE	TRUE	NA	NA	NA	NA
"ACTCTCAAGATCCAGCCTGCAGAGCTTGGGGACTCGGCCGTGTATCTCTGTGCCAGCAGTCAACTAGGAAAGCAGTTCTTCGGGCCA"	"CASSQLGKQFF"	"ACTCTCAAGATCCAGCCTGCAGAGCTTGGGGACTCGGCCGTGTATCTCTGTGCCAGCAGTCAACTAGGAAAGCAGTTCTTCGGGCCA"	"CASSQLGKQFF"	"TCRBV11-3*1"	"TCRBD2-1"	"TCRBJ2-1*1"	59	62	67	70	3	3	NA	NA	"ACTCTCAAGATCCAGCCTGCAGAGCTTGGGGACTCGGCCGTGTATCTCTGTGCCAGCAGTCAACTAGGAAAGCAGTTCTTCGGGCCA"	FALSE	TRUE	NA	NA	NA	NA
"GGAGTCGCCCAGCCCCAACCAGACCTCTCTGTACTTCTGTGCCAGCAGCCGACCGATCTAGCGCAAGAGACCCAGTACTTCGGGCCA"	""	"GGAGTCGCCCAGCCCCAACCAGACCTCTCTGTACTTCTGTGCCAGCAGCCGACCGATCTAGCGCAAGAGACCCAGTACTTCGGGCCA"	""	"TCRBV27-1*1"	"TCRBD2-1"	"TCRBJ2-5*1"	48	57	-1	63	9	64	NA	NA	"GGAGTCGCCCAGCCCCAACCAGACCTCTCTGTACTTCTGTGCCAGCAGCCGACCGATCTAGCGCAAGAGACCCAGTACTTCGGGCCA"	FALSE	FALSE	NA	NA	NA	NA
"ACTCTGACTGTGAGCAACATGAGCCCTGAAGACAGCAGCATATATCTCTGCAGCGTTGAAGGGAACTATGGCTACACCTTCGGTTCG"	"CSVEGNYGYTF"	"ACTCTGACTGTGAGCAACATGAGCCCTGAAGACAGCAGCATATATCTCTGCAGCGTTGAAGGGAACTATGGCTACACCTTCGGTTCG"	"CSVEGNYGYTF"	"TCRBV29-1*1"	NA	"TCRBJ1-2*1"	-1	61	-1	63	62	64	NA	NA	"ACTCTGACTGTGAGCAACATGAGCCCTGAAGACAGCAGCATATATCTCTGCAGCGTTGAAGGGAACTATGGCTACACCTTCGGTTCG"	FALSE	TRUE	NA	NA	NA	NA
"GCAGGGGGACTCGGCCATGTATCTCTGTGCCAGCAGCCCTACTCTTGGTTTTGGGACCGACGGTCCTACGAGCAGTACTTCGGGCCG"	""	"GCAGGGGGACTCGGCCATGTATCTCTGTGCCAGCAGCCCTACTCTTGGTTTTGGGACCGACGGTCCTACGAGCAGTACTTCGGGCCG"	""	"TCRBV7-9*1"	NA	"TCRBJ2-7*1"	37	52	57	63	15	6	NA	NA	"GCAGGGGGACTCGGCCATGTATCTCTGTGCCAGCAGCCCTACTCTTGGTTTTGGGACCGACGGTCCTACGAGCAGTACTTCGGGCCG"	FALSE	FALSE	NA	NA	NA	NA
"NTGTCGGCTGCTCCCTCCCAGACATCTGTGTACTTCTGTGCCAGCAGAAAGAGGCCAGCTACTTACGGGGAGCTGTTTTTTGGAGAA"	"CASRKRPATYGELFF"	"NTGTCGGCTGCTCCCTCCCAGACATCTGTGTACTTCTGTGCCAGCAGAAAGAGGCCAGCTACTTACGGGGAGCTGTTTTTTGGAGAA"	"CASRKRPATYGELFF"	"TCRBV6-5*1"	"TCRBD2-1*2"	"TCRBJ2-2*1"	47	50	54	65	3	11	NA	NA	"NTGTCGGCTGCTCCCTCCCAGACATCTGTGTACTTCTGTGCCAGCAGAAAGAGGCCAGCTACTTACGGGGAGCTGTTTTTTGGAGAA"	FALSE	TRUE	NA	NA	NA	NA
"AACGCCTTGGAGCTGGACGACTCGGCCCTGTATCTCTGTGCCAGCAGCTTTCAACCCTCCGAGAACACTGAAGCTTTCTTTGGACAA"	"CASSFQPSENTEAFF"	"AACGCCTTGGAGCTGGACGACTCGGCCCTGTATCTCTGTGCCAGCAGCTTTCAACCCTCCGAGAACACTGAAGCTTTCTTTGGACAA"	"CASSFQPSENTEAFF"	"TCRBV5-4*1"	NA	"TCRBJ1-1*1"	50	60	-1	62	10	63	NA	NA	"AACGCCTTGGAGCTGGACGACTCGGCCCTGTATCTCTGTGCCAGCAGCTTTCAACCCTCCGAGAACACTGAAGCTTTCTTTGGACAA"	FALSE	TRUE	NA	NA	NA	NA
"GTGACATCGGCCCAAAAGAACCCGACAGCTTTCTATCTCTGTGCCAGTAGCCAAGACCAGGGGGTTACTGAAGCTTTCTTTGGACAA"	"CASSQDQGVTEAFF"	"GTGACATCGGCCCAAAAGAACCCGACAGCTTTCTATCTCTGTGCCAGTAGCCAAGACCAGGGGGTTACTGAAGCTTTCTTTGGACAA"	"CASSQDQGVTEAFF"	"TCRBV19-1*1"	"TCRBD1-1*1"	"TCRBJ1-1*1"	50	57	64	66	7	2	NA	NA	"GTGACATCGGCCCAAAAGAACCCGACAGCTTTCTATCTCTGTGCCAGTAGCCAAGACCAGGGGGTTACTGAAGCTTTCTTTGGACAA"	FALSE	TRUE	NA	NA	NA	NA
"GTGACATCGGCCCAAAAGAACCCGACAGCTTTCTATCTCTGTGCCAGTAGTTTCTCGGCGGACACCGGGGAGCTGTTTTTTGGAGAA"	"CASSFSADTGELFF"	"GTGACATCGGCCCAAAAGAACCCGACAGCTTTCTATCTCTGTGCCAGTAGTTTCTCGGCGGACACCGGGGAGCTGTTTTTTGGAGAA"	"CASSFSADTGELFF"	"TCRBV19-1*1"	"TCRBD2-1"	"TCRBJ2-2*1"	51	57	-1	61	6	62	NA	NA	"GTGACATCGGCCCAAAAGAACCCGACAGCTTTCTATCTCTGTGCCAGTAGTTTCTCGGCGGACACCGGGGAGCTGTTTTTTGGAGAA"	FALSE	TRUE	NA	NA	NA	NA
"TCCTGAAGACAGCAGCTTCTACATCTGCAGTGCTAGAGAAGGGACTCCGGAGCGCGGACAACTAATGAAAAACTGTTTTTTGGCAGT"	""	"TCCTGAAGACAGCAGCTTCTACATCTGCAGTGCTAGAGAAGGGACTCCGGAGCGCGGACAACTAATGAAAAACTGTTTTTTGGCAGT"	""	NA	"TCRBD2-1"	"TCRBJ1-4*1"	39	40	46	58	1	12	NA	NA	"TCCTGAAGACAGCAGCTTCTACATCTGCAGTGCTAGAGAAGGGACTCCGGAGCGCGGACAACTAATGAAAAACTGTTTTTTGGCAGT"	FALSE	FALSE	NA	NA	NA	NA
"ATGAGCCCTGAAGACAGCAGCATATATCTCTGCAGCGTTGAAGATTCCACCCACACTATAACCTACAATGAGCAGTTCTTCGGGCCA"	"CSVEDSTHTITYNEQFF"	"ATGAGCCCTGAAGACAGCAGCATATATCTCTGCAGCGTTGAAGATTCCACCCACACTATAACCTACAATGAGCAGTTCTTCGGGCCA"	"CSVEDSTHTITYNEQFF"	"TCRBV29-1"	"TCRBD2-1"	"TCRBJ2-1*1"	44	54	58	61	10	3	NA	NA	"ATGAGCCCTGAAGACAGCAGCATATATCTCTGCAGCGTTGAAGATTCCACCCACACTATAACCTACAATGAGCAGTTCTTCGGGCCA"	FALSE	TRUE	NA	NA	NA	NA
"CAGTCCACGGAGTCAGGGGACACAGCACTGTATTTCTGTGCCAGCAGCAAGGCCGGGACAGGGGTTAACGAGCAGTACTTCGGGCCG"	"CASSKAGTGVNEQYF"	"CAGTCCACGGAGTCAGGGGACACAGCACTGTATTTCTGTGCCAGCAGCAAGGCCGGGACAGGGGTTAACGAGCAGTACTTCGGGCCG"	"CASSKAGTGVNEQYF"	"TCRBV21-1*1"	"TCRBD1-1*1"	"TCRBJ2-7*1"	50	54	64	67	4	3	NA	NA	"CAGTCCACGGAGTCAGGGGACACAGCACTGTATTTCTGTGCCAGCAGCAAGGCCGGGACAGGGGTTAACGAGCAGTACTTCGGGCCG"	FALSE	TRUE	NA	NA	NA	NA
"AAGCTTGAGGACTCGGCCGTGTATCTCTGTGCCAGCAGCTTGGGGGACGGCCTAGACTCTGGGGCCAACGTCCTGACTTTCGGGGCC"	"CASSLGDGLDSGANVLTF"	"AAGCTTGAGGACTCGGCCGTGTATCTCTGTGCCAGCAGCTTGGGGGACGGCCTAGACTCTGGGGCCAACGTCCTGACTTTCGGGGCC"	"CASSLGDGLDSGANVLTF"	"TCRBV11-2"	NA	"TCRBJ2-6*1"	41	43	48	56	2	8	NA	NA	"AAGCTTGAGGACTCGGCCGTGTATCTCTGTGCCAGCAGCTTGGGGGACGGCCTAGACTCTGGGGCCAACGTCCTGACTTTCGGGGCC"	FALSE	TRUE	NA	NA	NA	NA
"GCCCAGCCCCAACCAGACCTCTCTGTACTTCTGTGCCAGCAGACTCTTCGACAGGGGGAGGAGGACACTGAAGCTTTCTTTGGACAA"	""	"GCCCAGCCCCAACCAGACCTCTCTGTACTTCTGTGCCAGCAGACTCTTCGACAGGGGGAGGAGGACACTGAAGCTTTCTTTGGACAA"	""	"TCRBV27-1*1"	"TCRBD1-1*1"	"TCRBJ1-1*1"	42	49	58	64	7	6	NA	NA	"GCCCAGCCCCAACCAGACCTCTCTGTACTTCTGTGCCAGCAGACTCTTCGACAGGGGGAGGAGGACACTGAAGCTTTCTTTGGACAA"	FALSE	FALSE	NA	NA	NA	NA
"AGTGCCCATCCTGAAGACAGCAGCTTCTACATCTGCAGTGCTAGACCTAGCGGGAGAGTCGGCACAGATACGCAGTATTTTGGCCCA"	"CSARPSGRVGTDTQYF"	"AGTGCCCATCCTGAAGACAGCAGCTTCTACATCTGCAGTGCTAGACCTAGCGGGAGAGTCGGCACAGATACGCAGTATTTTGGCCCA"	"CSARPSGRVGTDTQYF"	NA	"TCRBD2-1*2"	"TCRBJ2-3*1"	45	46	56	61	1	5	NA	NA	"AGTGCCCATCCTGAAGACAGCAGCTTCTACATCTGCAGTGCTAGACCTAGCGGGAGAGTCGGCACAGATACGCAGTATTTTGGCCCA"	FALSE	TRUE	NA	NA	NA	NA
"CAGCGCACAGAGCAGGGGGACTCGGCCATGTATCTCTGTGCCAGCAGCTGGACAGGACACTCCTACAATGAGCAGTTCTTCGGGCCA"	"CASSWTGHSYNEQFF"	"CAGCGCACAGAGCAGGGGGACTCGGCCATGTATCTCTGTGCCAGCAGCTGGACAGGACACTCCTACAATGAGCAGTTCTTCGGGCCA"	"CASSWTGHSYNEQFF"	"TCRBV7-9*1"	"TCRBD1-1*1"	"TCRBJ2-1*1"	-1	49	56	59	50	3	NA	NA	"CAGCGCACAGAGCAGGGGGACTCGGCCATGTATCTCTGTGCCAGCAGCTGGACAGGACACTCCTACAATGAGCAGTTCTTCGGGCCA"	FALSE	TRUE	NA	NA	NA	NA
"CAGAGCGGGGGGACTCAGCCGTGTATCTCTGTGCCAGCAGCCTCCCCCGACACCCCGGGAGCCAAAAACATTCAGTACTTCGGCGCC"	""	"CAGAGCGGGGGGACTCAGCCGTGTATCTCTGTGCCAGCAGCCTCCCCCGACACCCCGGGAGCCAAAAACATTCAGTACTTCGGCGCC"	""	"TCRBV7-3*1"	NA	"TCRBJ2-4*1"	41	48	52	59	7	7	NA	NA	"CAGAGCGGGGGGACTCAGCCGTGTATCTCTGTGCCAGCAGCCTCCCCCGACACCCCGGGAGCCAAAAACATTCAGTACTTCGGCGCC"	FALSE	FALSE	NA	NA	NA	NA
"GCTACCAGCTCCCAGACATCTGTGTACTTCTGTGCCATCAGTGAGTCGGGACTACCTCGCTCCTACAATGAGCAGTTCTTCGGGCCA"	"CAISESGLPRSYNEQFF"	"GCTACCAGCTCCCAGACATCTGTGTACTTCTGTGCCATCAGTGAGTCGGGACTACCTCGCTCCTACAATGAGCAGTTCTTCGGGCCA"	"CAISESGLPRSYNEQFF"	"TCRBV1-3*1"	"TCRBD2-1"	"TCRBJ2-1*1"	-1	47	54	59	48	5	NA	NA	"GCTACCAGCTCCCAGACATCTGTGTACTTCTGTGCCATCAGTGAGTCGGGACTACCTCGCTCCTACAATGAGCAGTTCTTCGGGCCA"	FALSE	TRUE	NA	NA	NA	NA
"CTAAGAAGCTCCTTCTCAGTGACTCTGGCTTCTATCTCTGTGCCTGGATGAAAGCTCACGGGTGATCAGCCCCAGCATTTTGGTGAT"	""	"CTAAGAAGCTCCTTCTCAGTGACTCTGGCTTCTATCTCTGTGCCTGGATGAAAGCTCACGGGTGATCAGCCCCAGCATTTTGGTGAT"	""	"TCRBV3-1*1"	"TCRBD2-1"	"TCRBJ1-5*1"	48	58	62	64	10	2	NA	NA	"CTAAGAAGCTCCTTCTCAGTGACTCTGGCTTCTATCTCTGTGCCTGGATGAAAGCTCACGGGTGATCAGCCCCAGCATTTTGGTGAT"	FALSE	FALSE	NA	NA	NA	NA
"CTCAAGATCCAGCCTGCAAAGCTTGAGGACTCGGCCGTGTATCTCTGTGCCAGTGGACAGGGATTCGAGGGCTACACCTTCGGTTCG"	"CASGQGFEGYTF"	"CTCAAGATCCAGCCTGCAAAGCTTGAGGACTCGGCCGTGTATCTCTGTGCCAGTGGACAGGGATTCGAGGGCTACACCTTCGGTTCG"	"CASGQGFEGYTF"	"TCRBV11-2*1"	"TCRBD1-1*1"	"TCRBJ1-2*1"	53	54	62	69	1	7	NA	NA	"CTCAAGATCCAGCCTGCAAAGCTTGAGGACTCGGCCGTGTATCTCTGTGCCAGTGGACAGGGATTCGAGGGCTACACCTTCGGTTCG"	FALSE	TRUE	NA	NA	NA	NA
"GTGAGCACCTTGGAGCTGGGGGACTCGGCCCTTTATCTTTGCGCCAGCAGCTTTCGGGGGGCTGCAGATACGCAGTATTTTGGCCCA"	"CASSFRGAADTQYF"	"GTGAGCACCTTGGAGCTGGGGGACTCGGCCCTTTATCTTTGCGCCAGCAGCTTTCGGGGGGCTGCAGATACGCAGTATTTTGGCCCA"	"CASSFRGAADTQYF"	"TCRBV5-1*1"	"TCRBD2-1*1"	"TCRBJ2-3*1"	53	54	61	64	1	3	NA	NA	"GTGAGCACCTTGGAGCTGGGGGACTCGGCCCTTTATCTTTGCGCCAGCAGCTTTCGGGGGGCTGCAGATACGCAGTATTTTGGCCCA"	FALSE	TRUE	NA	NA	NA	NA
"NTGAAGATCCAGCCCTCAGAACCCAGGGACTCAGCTGTGTACTTCTGTGCCAGCAGTTTGACAGAGAACACCATATATTTTGGAGAG"	"CASSLTENTIYF"	"NTGAAGATCCAGCCCTCAGAACCCAGGGACTCAGCTGTGTACTTCTGTGCCAGCAGTTTGACAGAGAACACCATATATTTTGGAGAG"	"CASSLTENTIYF"	"TCRBV12-3/12-4*1"	"TCRBD1-1*1"	"TCRBJ1-3*1"	-1	59	64	66	60	2	NA	NA	"NTGAAGATCCAGCCCTCAGAACCCAGGGACTCAGCTGTGTACTTCTGTGCCAGCAGTTTGACAGAGAACACCATATATTTTGGAGAG"	FALSE	TRUE	NA	NA	NA	NA
"AAGATCCAGCGCACAGAGCGGGGGGACTCAGCCGTGTATCTCTGTGCCAGCAGCTTAAATGGGGTGGGTGAGCAGTTCTTCGGGCCA"	"CASSLNGVGEQFF"	"AAGATCCAGCGCACAGAGCGGGGGGACTCAGCCGTGTATCTCTGTGCCAGCAGCTTAAATGGGGTGGGTGAGCAGTTCTTCGGGCCA"	"CASSLNGVGEQFF"	"TCRBV7-3*1"	NA	"TCRBJ2-1*1"	58	60	64	68	2	4	NA	NA	"AAGATCCAGCGCACAGAGCGGGGGGACTCAGCCGTGTATCTCTGTGCCAGCAGCTTAAATGGGGTGGGTGAGCAGTTCTTCGGGCCA"	FALSE	TRUE	NA	NA	NA	NA
"ACATCAATTCCCTGGAGCTTGGTGACTCTGCTGTGTATTTCTGTGCCAGCAGCATATTGTAGCTCTTATGAAGCTTTCTTTGGACAA"	""	"ACATCAATTCCCTGGAGCTTGGTGACTCTGCTGTGTATTTCTGTGCCAGCAGCATATTGTAGCTCTTATGAAGCTTTCTTTGGACAA"	""	"TCRBV3-1/3-2*1"	"TCRBD2-1"	"TCRBJ1-1*1"	53	59	63	68	6	5	NA	NA	"ACATCAATTCCCTGGAGCTTGGTGACTCTGCTGTGTATTTCTGTGCCAGCAGCATATTGTAGCTCTTATGAAGCTTTCTTTGGACAA"	FALSE	FALSE	NA	NA	NA	NA
"NNNNNNNTGTCGGCTGCTCCCTCCCAGACATCTGTGTACTTCTGTGCCAGCAGTTACAATCGGAACACTGAAGCTTTCTTTGGACAA"	"CASSYNRNTEAFF"	"NNNNNNNTGTCGGCTGCTCCCTCCCAGACATCTGTGTACTTCTGTGCCAGCAGTTACAATCGGAACACTGAAGCTTTCTTTGGACAA"	"CASSYNRNTEAFF"	"TCRBV6-5*1"	"TCRBD2-1"	"TCRBJ1-1*1"	57	60	-1	62	3	63	NA	NA	"NNNNNNNTGTCGGCTGCTCCCTCCCAGACATCTGTGTACTTCTGTGCCAGCAGTTACAATCGGAACACTGAAGCTTTCTTTGGACAA"	FALSE	TRUE	NA	NA	NA	NA
"CTCCTCCCAGACATCTGTATATTTCTGCGCCAGCAGCGAGGATGGTGGGAGGACAGGGTAGGGTCCAATGAGCAGTTCTTCGGGCCA"	""	"CTCCTCCCAGACATCTGTATATTTCTGCGCCAGCAGCGAGGATGGTGGGAGGACAGGGTAGGGTCCAATGAGCAGTTCTTCGGGCCA"	""	"TCRBV1-1"	"TCRBD1-1*1"	"TCRBJ2-1*1"	40	50	58	65	10	7	NA	NA	"CTCCTCCCAGACATCTGTATATTTCTGCGCCAGCAGCGAGGATGGTGGGAGGACAGGGTAGGGTCCAATGAGCAGTTCTTCGGGCCA"	FALSE	FALSE	NA	NA	NA	NA
"CTGGAGTCGCCCAGCCCCAACCAGACCTCTCTGTACTTCTGTGCCAGCAGTTTATACAAAAGCTCCTACGAGCAGTACTTCGGGCCG"	"CASSLYKSSYEQYF"	"CTGGAGTCGCCCAGCCCCAACCAGACCTCTCTGTACTTCTGTGCCAGCAGTTTATACAAAAGCTCCTACGAGCAGTACTTCGGGCCG"	"CASSLYKSSYEQYF"	"TCRBV27-1*1"	"TCRBD1-1*1"	"TCRBJ2-7*1"	-1	55	58	62	56	4	NA	NA	"CTGGAGTCGCCCAGCCCCAACCAGACCTCTCTGTACTTCTGTGCCAGCAGTTTATACAAAAGCTCCTACGAGCAGTACTTCGGGCCG"	FALSE	TRUE	NA	NA	NA	NA
"TCGGCTGCTCCCTCCCAGACATCTGTGTACTTCTGTGCCAGCAGGGGCTTAGGGTCTAGCTCCTACAATGAGCAGTTCTTCGGGCCA"	"CASRGLGSSSYNEQFF"	"TCGGCTGCTCCCTCCCAGACATCTGTGTACTTCTGTGCCAGCAGGGGCTTAGGGTCTAGCTCCTACAATGAGCAGTTCTTCGGGCCA"	"CASRGLGSSSYNEQFF"	NA	NA	"TCRBJ2-1*1"	44	50	54	59	6	5	NA	NA	"TCGGCTGCTCCCTCCCAGACATCTGTGTACTTCTGTGCCAGCAGGGGCTTAGGGTCTAGCTCCTACAATGAGCAGTTCTTCGGGCCA"	FALSE	TRUE	NA	NA	NA	NA
"AAGATCCGGTCCACAAAGCTGGAGGACTCAGCCATGTACTTCTGTGCCAGCAGGGCAGGGTCTAATGAAAAACTGTTTTTTGGCAGT"	"CASRAGSNEKLFF"	"AAGATCCGGTCCACAAAGCTGGAGGACTCAGCCATGTACTTCTGTGCCAGCAGGGCAGGGTCTAATGAAAAACTGTTTTTTGGCAGT"	"CASRAGSNEKLFF"	"TCRBV2-1"	"TCRBD1-1*1"	"TCRBJ1-4*1"	53	55	60	61	2	1	NA	NA	"AAGATCCGGTCCACAAAGCTGGAGGACTCAGCCATGTACTTCTGTGCCAGCAGGGCAGGGTCTAATGAAAAACTGTTTTTTGGCAGT"	FALSE	TRUE	NA	NA	NA	NA
"TGACATCGGCCCAAAAGAACCCGACAGCTTTCTATCTCTGTGCCAGGAGGAAAGGGGGCTTACTCCTACGAGCAGTACTTCGGGCCG"	""	"TGACATCGGCCCAAAAGAACCCGACAGCTTTCTATCTCTGTGCCAGGAGGAAAGGGGGCTTACTCCTACGAGCAGTACTTCGGGCCG"	""	"TCRBV19-1*1"	"TCRBD1-1*1"	"TCRBJ2-7*1"	46	52	59	62	6	3	NA	NA	"TGACATCGGCCCAAAAGAACCCGACAGCTTTCTATCTCTGTGCCAGGAGGAAAGGGGGCTTACTCCTACGAGCAGTACTTCGGGCCG"	FALSE	FALSE	NA	NA	NA	NA
"CTGAGTTCTAAGAAGCTCCTTCTCAGTGACTCTGGCTTCTATCTCTGTGCCTGGAGCTTCCTCTACTACGAGCAGTACTTCGGGCCG"	"CAWSFLYYEQYF"	"CTGAGTTCTAAGAAGCTCCTTCTCAGTGACTCTGGCTTCTATCTCTGTGCCTGGAGCTTCCTCTACTACGAGCAGTACTTCGGGCCG"	"CAWSFLYYEQYF"	"TCRBV3-1*1"	"TCRBD2-1"	"TCRBJ2-7*1"	56	62	-1	65	6	66	NA	NA	"CTGAGTTCTAAGAAGCTCCTTCTCAGTGACTCTGGCTTCTATCTCTGTGCCTGGAGCTTCCTCTACTACGAGCAGTACTTCGGGCCG"	FALSE	TRUE	NA	NA	NA	NA
"CTCACTCTGGAGTCAGCTACCAGCTCCCAGACATCTGTGTACTTCTGTGCCATCACTGACAGGGGCGACGAGCAGTACTTCGGGCCG"	"CAITDRGDEQYF"	"CTCACTCTGGAGTCAGCTACCAGCTCCCAGACATCTGTGTACTTCTGTGCCATCACTGACAGGGGCGACGAGCAGTACTTCGGGCCG"	"CAITDRGDEQYF"	"TCRBV1-3*1"	"TCRBD1-1*1"	"TCRBJ2-7*1"	-1	59	65	67	60	2	NA	NA	"CTCACTCTGGAGTCAGCTACCAGCTCCCAGACATCTGTGTACTTCTGTGCCATCACTGACAGGGGCGACGAGCAGTACTTCGGGCCG"	FALSE	TRUE	NA	NA	NA	NA
"CTGAGCTCTCTGGAGCTGGGGGACTCAGCTTTGTATTTCTGTGCCAGCAGCGTAGGTCTGGGGTGGGAGACCCAGTACTTCGGGCCA"	"CASSVGLGWETQYF"	"CTGAGCTCTCTGGAGCTGGGGGACTCAGCTTTGTATTTCTGTGCCAGCAGCGTAGGTCTGGGGTGGGAGACCCAGTACTTCGGGCCA"	"CASSVGLGWETQYF"	"TCRBV9-1*1"	NA	"TCRBJ2-5*1"	55	59	63	66	4	3	NA	NA	"CTGAGCTCTCTGGAGCTGGGGGACTCAGCTTTGTATTTCTGTGCCAGCAGCGTAGGTCTGGGGTGGGAGACCCAGTACTTCGGGCCA"	FALSE	TRUE	NA	NA	NA	NA
"GAGTCAGCTGCTCCCTCTCAGACTTCTGTTTACTTCTGTGCCAGCAGTCACCGGGACTAGCGGACCAATGAGCAGTTCTTCGGGCCA"	"CASSHRD*RTNEQFF"	"GAGTCAGCTGCTCCCTCTCAGACTTCTGTTTACTTCTGTGCCAGCAGTCACCGGGACTAGCGGACCAATGAGCAGTTCTTCGGGCCA"	"CASSHRD*RTNEQFF"	"TCRBV6-7*1"	"TCRBD2-1"	"TCRBJ2-1*1"	48	52	63	65	4	2	NA	NA	"GAGTCAGCTGCTCCCTCTCAGACTTCTGTTTACTTCTGTGCCAGCAGTCACCGGGACTAGCGGACCAATGAGCAGTTCTTCGGGCCA"	FALSE	TRUE	NA	NA	NA	NA
"GTGAGCACCTTGGAGCTGGGGGACTCGGCCCTTTATCTTTGCGCCAGCAGCCTCGGGACTAGCGGTTACGAGCAGTACTTCGGGCCG"	"CASSLGTSGYEQYF"	"GTGAGCACCTTGGAGCTGGGGGACTCGGCCCTTTATCTTTGCGCCAGCAGCCTCGGGACTAGCGGTTACGAGCAGTACTTCGGGCCG"	"CASSLGTSGYEQYF"	"TCRBV5-1*1"	"TCRBD2-1"	"TCRBJ2-7*1"	51	54	65	66	3	1	NA	NA	"GTGAGCACCTTGGAGCTGGGGGACTCGGCCCTTTATCTTTGCGCCAGCAGCCTCGGGACTAGCGGTTACGAGCAGTACTTCGGGCCG"	FALSE	TRUE	NA	NA	NA	NA
"CTGACAGTGACCAGTGCCCATCCTGAAGACAGCAGCTTCTACATCTGCAGTACGCGACAGGGCACAGATACGCAGTATTTTGGCCCA"	"CSTRQGTDTQYF"	"CTGACAGTGACCAGTGCCCATCCTGAAGACAGCAGCTTCTACATCTGCAGTACGCGACAGGGCACAGATACGCAGTATTTTGGCCCA"	"CSTRQGTDTQYF"	NA	"TCRBD1-1*1"	"TCRBJ2-3*1"	51	55	-1	61	4	62	NA	NA	"CTGACAGTGACCAGTGCCCATCCTGAAGACAGCAGCTTCTACATCTGCAGTACGCGACAGGGCACAGATACGCAGTATTTTGGCCCA"	FALSE	TRUE	NA	NA	NA	NA
"GGACGCAGCCATGTACCTGTGTGCCACCAGCAGAGATTGTTGGGGGAATATGCGGGGGGCGATAATTCACCCCTCCACTTTGGGAAT"	""	"GGACGCAGCCATGTACCTGTGTGCCACCAGCAGAGATTGTTGGGGGAATATGCGGGGGGCGATAATTCACCCCTCCACTTTGGGAAT"	""	"TCRBV15-1*2"	"TCRBD2-1*1"	"TCRBJ1-6*1"	36	51	59	61	15	2	NA	NA	"GGACGCAGCCATGTACCTGTGTGCCACCAGCAGAGATTGTTGGGGGAATATGCGGGGGGCGATAATTCACCCCTCCACTTTGGGAAT"	FALSE	FALSE	NA	NA	NA	NA
"CAGCCTGCAGAGCTTGGGGACTCGGCCGTGTATCTCTGTGCCAGCAGCCCCCGGGATAGCGGGAGTCGAGAGCAGTACTTCGGGCCG"	"CASSPRDSGSREQYF"	"CAGCCTGCAGAGCTTGGGGACTCGGCCGTGTATCTCTGTGCCAGCAGCCCCCGGGATAGCGGGAGTCGAGAGCAGTACTTCGGGCCG"	"CASSPRDSGSREQYF"	"TCRBV11-3*1"	"TCRBD2-1*2"	"TCRBJ2-7*1"	48	56	65	69	8	4	NA	NA	"CAGCCTGCAGAGCTTGGGGACTCGGCCGTGTATCTCTGTGCCAGCAGCCCCCGGGATAGCGGGAGTCGAGAGCAGTACTTCGGGCCG"	FALSE	TRUE	NA	NA	NA	NA
"ATCCTGGAGTCGCCCAGCCCCAACCAGACCTCTCTGTACTTCTGTGCCAGCAGATACCTTGTAGGGGAAGAAGCTTTCTTTGGACAA"	"CASRYLVGEEAFF"	"ATCCTGGAGTCGCCCAGCCCCAACCAGACCTCTCTGTACTTCTGTGCCAGCAGATACCTTGTAGGGGAAGAAGCTTTCTTTGGACAA"	"CASRYLVGEEAFF"	"TCRBV27-1*1"	"TCRBD1-1*1"	"TCRBJ1-1*1"	53	62	67	69	9	2	NA	NA	"ATCCTGGAGTCGCCCAGCCCCAACCAGACCTCTCTGTACTTCTGTGCCAGCAGATACCTTGTAGGGGAAGAAGCTTTCTTTGGACAA"	FALSE	TRUE	NA	NA	NA	NA
"GTCCACAAAGCTGGAGGACTCAGCCATGTACTTCTGTGCCAGCAGTAGGACTAGCGGGAGGGCTCGAATACGCAGTATTTTGGCCCA"	""	"GTCCACAAAGCTGGAGGACTCAGCCATGTACTTCTGTGCCAGCAGTAGGACTAGCGGGAGGGCTCGAATACGCAGTATTTTGGCCCA"	""	"TCRBV2-1"	"TCRBD2-1*2"	"TCRBJ2-3*1"	46	47	62	67	1	5	NA	NA	"GTCCACAAAGCTGGAGGACTCAGCCATGTACTTCTGTGCCAGCAGTAGGACTAGCGGGAGGGCTCGAATACGCAGTATTTTGGCCCA"	FALSE	FALSE	NA	NA	NA	NA
"AAGCTTGAGGACTCGGCCGTGTATCTCTGTGCCAGCAGCTTAGGGGGACTAGCGGGAGTCGGATCCTACGAGCAGTACTTCGGGCCG"	"CASSLGGLAGVGSYEQYF"	"AAGCTTGAGGACTCGGCCGTGTATCTCTGTGCCAGCAGCTTAGGGGGACTAGCGGGAGTCGGATCCTACGAGCAGTACTTCGGGCCG"	"CASSLGGLAGVGSYEQYF"	"TCRBV11-2"	"TCRBD2-1*2"	"TCRBJ2-7*1"	43	44	58	63	1	5	NA	NA	"AAGCTTGAGGACTCGGCCGTGTATCTCTGTGCCAGCAGCTTAGGGGGACTAGCGGGAGTCGGATCCTACGAGCAGTACTTCGGGCCG"	FALSE	TRUE	NA	NA	NA	NA
"CACGCCCTGCAGCCAGAAGACTCAGCCCTGTATCTCTGCGCCAGCAGCCAAGAGGGACTAGCCTCCTACGAGCAGTACTTCGGGCCG"	"CASSQEGLASYEQYF"	"CACGCCCTGCAGCCAGAAGACTCAGCCCTGTATCTCTGCGCCAGCAGCCAAGAGGGACTAGCCTCCTACGAGCAGTACTTCGGGCCG"	"CASSQEGLASYEQYF"	"TCRBV4-1*1"	"TCRBD2-1"	"TCRBJ2-7*1"	-1	53	-1	62	54	63	NA	NA	"CACGCCCTGCAGCCAGAAGACTCAGCCCTGTATCTCTGCGCCAGCAGCCAAGAGGGACTAGCCTCCTACGAGCAGTACTTCGGGCCG"	FALSE	TRUE	NA	NA	NA	NA
"ACAGAGCAGGGGGACTCGGCCATGTATCTCTGTGCCAGCAGCTCCGGGACAGGGGGCGGGGCTAATGAAAAACTGTTTTTTGGCAGT"	"CASSSGTGGGANEKLFF"	"ACAGAGCAGGGGGACTCGGCCATGTATCTCTGTGCCAGCAGCTCCGGGACAGGGGGCGGGGCTAATGAAAAACTGTTTTTTGGCAGT"	"CASSSGTGGGANEKLFF"	"TCRBV7-9*1"	"TCRBD1-1*1"	"TCRBJ1-4*1"	43	45	57	61	2	4	NA	NA	"ACAGAGCAGGGGGACTCGGCCATGTATCTCTGTGCCAGCAGCTCCGGGACAGGGGGCGGGGCTAATGAAAAACTGTTTTTTGGCAGT"	FALSE	TRUE	NA	NA	NA	NA
"ACGATCCAGCGCACAGAGCAGCGGGACTCGGCCATGTATCGCTGTGCCAGCAGCTTAGCGCTAGGGAATGAGCAGTTCTTCGGGCCA"	"CASSLALGNEQFF"	"ACGATCCAGCGCACAGAGCAGCGGGACTCGGCCATGTATCGCTGTGCCAGCAGCTTAGCGCTAGGGAATGAGCAGTTCTTCGGGCCA"	"CASSLALGNEQFF"	"TCRBV7-6*1"	NA	"TCRBJ2-1*1"	59	62	-1	66	3	67	NA	NA	"ACGATCCAGCGCACAGAGCAGCGGGACTCGGCCATGTATCGCTGTGCCAGCAGCTTAGCGCTAGGGAATGAGCAGTTCTTCGGGCCA"	FALSE	TRUE	NA	NA	NA	NA
"ATCCAGCGCACAGAGCGGGGGGACTCAGCCGTGTATCTCTGTGCCAGCAGCCCCCAGGGATTTAATTCACCCCTCCACTTTGGGAAT"	"CASSPQGFNSPLHF"	"ATCCAGCGCACAGAGCGGGGGGACTCAGCCGTGTATCTCTGTGCCAGCAGCCCCCAGGGATTTAATTCACCCCTCCACTTTGGGAAT"	"CASSPQGFNSPLHF"	"TCRBV7-3*1"	"TCRBD1-1*1"	"TCRBJ1-6*1"	51	54	59	62	3	3	NA	NA	"ATCCAGCGCACAGAGCGGGGGGACTCAGCCGTGTATCTCTGTGCCAGCAGCCCCCAGGGATTTAATTCACCCCTCCACTTTGGGAAT"	FALSE	TRUE	NA	NA	NA	NA
"AGCACCTTGGAGCTGGGGGACTCGGCCCTTTATCTTTGCGCCAGCAGCCCCATTTTGGGGGGTGGCCAGCCCCAGCATTTTGGTGAT"	"CASSPILGGGQPQHF"	"AGCACCTTGGAGCTGGGGGACTCGGCCCTTTATCTTTGCGCCAGCAGCCCCATTTTGGGGGGTGGCCAGCCCCAGCATTTTGGTGAT"	"CASSPILGGGQPQHF"	"TCRBV5-1*1"	"TCRBD2-1*1"	"TCRBJ1-5*1"	48	56	62	66	8	4	NA	NA	"AGCACCTTGGAGCTGGGGGACTCGGCCCTTTATCTTTGCGCCAGCAGCCCCATTTTGGGGGGTGGCCAGCCCCAGCATTTTGGTGAT"	FALSE	TRUE	NA	NA	NA	NA
"TCCCTAGAGTCTGCCATCCCCAACCAGACAGCTCTTTACTTCTGTGCCACCAGTGTAAGGGGTGCAGAGACCCAGTACTTCGGGCCA"	"CATSVRGAETQYF"	"TCCCTAGAGTCTGCCATCCCCAACCAGACAGCTCTTTACTTCTGTGCCACCAGTGTAAGGGGTGCAGAGACCCAGTACTTCGGGCCA"	"CATSVRGAETQYF"	"TCRBV24-1*1"	"TCRBD1-1*1"	"TCRBJ2-5*1"	55	57	62	65	2	3	NA	NA	"TCCCTAGAGTCTGCCATCCCCAACCAGACAGCTCTTTACTTCTGTGCCACCAGTGTAAGGGGTGCAGAGACCCAGTACTTCGGGCCA"	FALSE	TRUE	NA	NA	NA	NA
"AACCTGAGCTCTCTGGAGCTGGGGGACTCAGCTTTGTATTTCTGTGCCAGCAGCCCAAGTATGAGGGGCTTCTACACCTTCGGTTCG"	"CASSPSMRGFYTF"	"AACCTGAGCTCTCTGGAGCTGGGGGACTCAGCTTTGTATTTCTGTGCCAGCAGCCCAAGTATGAGGGGCTTCTACACCTTCGGTTCG"	"CASSPSMRGFYTF"	"TCRBV9-1*1"	NA	"TCRBJ1-2*1"	54	63	68	71	9	3	NA	NA	"AACCTGAGCTCTCTGGAGCTGGGGGACTCAGCTTTGTATTTCTGTGCCAGCAGCCCAAGTATGAGGGGCTTCTACACCTTCGGTTCG"	FALSE	TRUE	NA	NA	NA	NA
"TGAGCACCTTGGAGCTGGGGGACTCGGCCCTTTATCTTTGCGCCAGCAGCTACCCCCTGTTGAGGGTGCGAGCAGTACTTCGGGCCG"	""	"TGAGCACCTTGGAGCTGGGGGACTCGGCCCTTTATCTTTGCGCCAGCAGCTACCCCCTGTTGAGGGTGCGAGCAGTACTTCGGGCCG"	""	"TCRBV5-1*1"	"TCRBD2-1*2"	"TCRBJ2-7*1"	51	61	66	68	10	2	NA	NA	"TGAGCACCTTGGAGCTGGGGGACTCGGCCCTTTATCTTTGCGCCAGCAGCTACCCCCTGTTGAGGGTGCGAGCAGTACTTCGGGCCG"	FALSE	FALSE	NA	NA	NA	NA
"CTGCTCCCTCCCAGACATCTGTGTACTTCTGTGCCAGCAGTTACTCGTCGGCAGGGGGCTGCAGGAAACACCATATATTTTGGAGAG"	""	"CTGCTCCCTCCCAGACATCTGTGTACTTCTGTGCCAGCAGTTACTCGTCGGCAGGGGGCTGCAGGAAACACCATATATTTTGGAGAG"	""	NA	"TCRBD1-1*1"	"TCRBJ1-3*1"	46	51	59	63	5	4	NA	NA	"CTGCTCCCTCCCAGACATCTGTGTACTTCTGTGCCAGCAGTTACTCGTCGGCAGGGGGCTGCAGGAAACACCATATATTTTGGAGAG"	FALSE	FALSE	NA	NA	NA	NA
"ACCTTGGAGCTGGGGGACTCGGCCCTTTATCTTTGCGCCAGCAGCCAAACGGGACAGGGTCGTACCTACGAGCAGTACTTCGGGCCG"	"CASSQTGQGRTYEQYF"	"ACCTTGGAGCTGGGGGACTCGGCCCTTTATCTTTGCGCCAGCAGCCAAACGGGACAGGGTCGTACCTACGAGCAGTACTTCGGGCCG"	"CASSQTGQGRTYEQYF"	"TCRBV5-1*1"	"TCRBD1-1*1"	"TCRBJ2-7*1"	45	50	59	64	5	5	NA	NA	"ACCTTGGAGCTGGGGGACTCGGCCCTTTATCTTTGCGCCAGCAGCCAAACGGGACAGGGTCGTACCTACGAGCAGTACTTCGGGCCG"	FALSE	TRUE	NA	NA	NA	NA
"GAAGACTCAGCCCTGTATCTCTGCGCCAGCAGCATCCCTCCCGGGACTAGCGGGGTCGGGGGGGGCAATGAGCAGTTCTTCGGGCCA"	"CASSIPPGTSGVGGGNEQFF"	"GAAGACTCAGCCCTGTATCTCTGCGCCAGCAGCATCCCTCCCGGGACTAGCGGGGTCGGGGGGGGCAATGAGCAGTTCTTCGGGCCA"	"CASSIPPGTSGVGGGNEQFF"	"TCRBV4-1*1"	"TCRBD2-1*1"	"TCRBJ2-1*1"	33	42	55	65	9	10	NA	NA	"GAAGACTCAGCCCTGTATCTCTGCGCCAGCAGCATCCCTCCCGGGACTAGCGGGGTCGGGGGGGGCAATGAGCAGTTCTTCGGGCCA"	FALSE	TRUE	NA	NA	NA	NA
"CTGGAGTCGCCCAGCCCCAACCAGACCTCTCTGTACTTCTGTGCCAGCGGGACAGGGCCGATGAACACTGAAGCTTTCTTTGGACAA"	"CASGTGPMNTEAFF"	"CTGGAGTCGCCCAGCCCCAACCAGACCTCTCTGTACTTCTGTGCCAGCGGGACAGGGCCGATGAACACTGAAGCTTTCTTTGGACAA"	"CASGTGPMNTEAFF"	"TCRBV27-1*1"	"TCRBD1-1*1"	"TCRBJ1-1*1"	-1	48	57	61	49	4	NA	NA	"CTGGAGTCGCCCAGCCCCAACCAGACCTCTCTGTACTTCTGTGCCAGCGGGACAGGGCCGATGAACACTGAAGCTTTCTTTGGACAA"	FALSE	TRUE	NA	NA	NA	NA
"CTGTGAGCAACATGAGCCCTGAAGACAGCAGCATATATCTCTGCAGCGTTGAGGGACAGGGAGATTTACGAGCAGTACTTCGGGCCG"	""	"CTGTGAGCAACATGAGCCCTGAAGACAGCAGCATATATCTCTGCAGCGTTGAGGGACAGGGAGATTTACGAGCAGTACTTCGGGCCG"	""	"TCRBV29-1"	"TCRBD1-1*1"	"TCRBJ2-7*1"	-1	52	61	66	53	5	NA	NA	"CTGTGAGCAACATGAGCCCTGAAGACAGCAGCATATATCTCTGCAGCGTTGAGGGACAGGGAGATTTACGAGCAGTACTTCGGGCCG"	FALSE	FALSE	NA	NA	NA	NA
"GCACTGCAGCAAGAAGACTCAGCTGCGTATCTCTGCACCAGCAGCCAAGACTACCTAGCCCAAACAAATGAGCAGTTCTTCGGGCCA"	"CTSSQDYLAQTNEQFF"	"GCACTGCAGCAAGAAGACTCAGCTGCGTATCTCTGCACCAGCAGCCAAGACTACCTAGCCCAAACAAATGAGCAGTTCTTCGGGCCA"	"CTSSQDYLAQTNEQFF"	"TCRBV1-1*1"	"TCRBD2-1"	"TCRBJ2-1*1"	50	54	59	66	4	7	NA	NA	"GCACTGCAGCAAGAAGACTCAGCTGCGTATCTCTGCACCAGCAGCCAAGACTACCTAGCCCAAACAAATGAGCAGTTCTTCGGGCCA"	FALSE	TRUE	NA	NA	NA	NA
"TCGGCTGCTCCCTCCCAAACATCTGTGTACTTCTGTGCCAGCAGCCTCTCTTCGACTAGCGCCTCCTCCGAGCAGTACTTCGGGCCG"	"CASSLSSTSASSEQYF"	"TCGGCTGCTCCCTCCCAAACATCTGTGTACTTCTGTGCCAGCAGCCTCTCTTCGACTAGCGCCTCCTCCGAGCAGTACTTCGGGCCG"	"CASSLSSTSASSEQYF"	"TCRBV6-2*2"	"TCRBD2-1"	"TCRBJ2-7*1"	46	53	61	68	7	7	NA	NA	"TCGGCTGCTCCCTCCCAAACATCTGTGTACTTCTGTGCCAGCAGCCTCTCTTCGACTAGCGCCTCCTCCGAGCAGTACTTCGGGCCG"	FALSE	TRUE	NA	NA	NA	NA
"GAGTTGGCTGCTCCCTCCCAGACATCTGTGTACTTCTGTGCCAGCAGTTACTCATGGGGGAGCAATCAGCCCCAGCATTTTGGTGAT"	"CASSYSWGSNQPQHF"	"GAGTTGGCTGCTCCCTCCCAGACATCTGTGTACTTCTGTGCCAGCAGTTACTCATGGGGGAGCAATCAGCCCCAGCATTTTGGTGAT"	"CASSYSWGSNQPQHF"	"TCRBV6-6*1"	NA	"TCRBJ1-5*1"	53	55	-1	60	2	61	NA	NA	"GAGTTGGCTGCTCCCTCCCAGACATCTGTGTACTTCTGTGCCAGCAGTTACTCATGGGGGAGCAATCAGCCCCAGCATTTTGGTGAT"	FALSE	TRUE	NA	NA	NA	NA
"ATCCAGCGCACAGAGCAGGGGGACTCGGCCATGTATCTCTGTGCCTGCACAAGATTCAGGCAGTGGACTGAAGCTTTCTTTGGACAA"	"CACTRFRQWTEAFF"	"ATCCAGCGCACAGAGCAGGGGGACTCGGCCATGTATCTCTGTGCCTGCACAAGATTCAGGCAGTGGACTGAAGCTTTCTTTGGACAA"	"CACTRFRQWTEAFF"	"TCRBV7-9"	"TCRBD1-1*1"	"TCRBJ1-1*1"	50	56	60	66	6	6	NA	NA	"ATCCAGCGCACAGAGCAGGGGGACTCGGCCATGTATCTCTGTGCCTGCACAAGATTCAGGCAGTGGACTGAAGCTTTCTTTGGACAA"	FALSE	TRUE	NA	NA	NA	NA
"CCAGCGCACAGAGCAGGGGGACTCGGCCATGTATCTCTGTGCCAGCAGCTTACGCAGGGGCTAAGGAGTGAGCAGTTCTTCGGGCCA"	""	"CCAGCGCACAGAGCAGGGGGACTCGGCCATGTATCTCTGTGCCAGCAGCTTACGCAGGGGCTAAGGAGTGAGCAGTTCTTCGGGCCA"	""	"TCRBV7-9*1"	"TCRBD1-1*1"	"TCRBJ2-1*1"	52	54	60	68	2	8	NA	NA	"CCAGCGCACAGAGCAGGGGGACTCGGCCATGTATCTCTGTGCCAGCAGCTTACGCAGGGGCTAAGGAGTGAGCAGTTCTTCGGGCCA"	FALSE	FALSE	NA	NA	NA	NA
"CCCAGGGACTCAGCTGTGTACTTCTGTGCCAGCAGTTTAGCTAGTGGGGGGACAGGGGTCCTCAATCAGCCCCAGCATTTTGGTGAT"	"CASSLASGGTGVLNQPQHF"	"CCCAGGGACTCAGCTGTGTACTTCTGTGCCAGCAGTTTAGCTAGTGGGGGGACAGGGGTCCTCAATCAGCCCCAGCATTTTGGTGAT"	"CASSLASGGTGVLNQPQHF"	NA	"TCRBD1-1*1"	"TCRBJ1-5*1"	41	48	58	62	7	4	NA	NA	"CCCAGGGACTCAGCTGTGTACTTCTGTGCCAGCAGTTTAGCTAGTGGGGGGACAGGGGTCCTCAATCAGCCCCAGCATTTTGGTGAT"	FALSE	TRUE	NA	NA	NA	NA
"TCAGCTACCCGCTCCCAGACATCTGTGTATTTCTGCGCCAGCAGTGAGACCGGACAGGGTTTGGTGACTGAAGCTTTCTTTGGACAA"	"CASSETGQGLVTEAFF"	"TCAGCTACCCGCTCCCAGACATCTGTGTATTTCTGCGCCAGCAGTGAGACCGGACAGGGTTTGGTGACTGAAGCTTTCTTTGGACAA"	"CASSETGQGLVTEAFF"	"TCRBV1-2*1"	"TCRBD1-1*1"	"TCRBJ1-1*1"	48	51	59	66	3	7	NA	NA	"TCAGCTACCCGCTCCCAGACATCTGTGTATTTCTGCGCCAGCAGTGAGACCGGACAGGGTTTGGTGACTGAAGCTTTCTTTGGACAA"	FALSE	TRUE	NA	NA	NA	NA
"TCGGCTGCTCCCTCCCAGACATCTGTGTACTTCTGTGCCAGCAGTTACTCCCTCGGACAGGGAAACACTGAAGCTTTCTTTGGACAA"	"CASSYSLGQGNTEAFF"	"TCGGCTGCTCCCTCCCAGACATCTGTGTACTTCTGTGCCAGCAGTTACTCCCTCGGACAGGGAAACACTGAAGCTTTCTTTGGACAA"	"CASSYSLGQGNTEAFF"	"TCRBV6-5*1"	"TCRBD1-1*1"	"TCRBJ1-1*1"	50	54	62	63	4	1	NA	NA	"TCGGCTGCTCCCTCCCAGACATCTGTGTACTTCTGTGCCAGCAGTTACTCCCTCGGACAGGGAAACACTGAAGCTTTCTTTGGACAA"	FALSE	TRUE	NA	NA	NA	NA
"GCCCTTTATCTTTGCGCCAGCAGCTTTCCGGGACTAGCGGAAGCAGGGTGGGAACTAGGGCATTACAATGAGCAGTTCTTCGGGCCA"	"CASSFPGLAEAGWELGHYNEQFF"	"GCCCTTTATCTTTGCGCCAGCAGCTTTCCGGGACTAGCGGAAGCAGGGTGGGAACTAGGGCATTACAATGAGCAGTTCTTCGGGCCA"	"CASSFPGLAEAGWELGHYNEQFF"	"TCRBV5-1*1"	"TCRBD2-1"	"TCRBJ2-1*1"	26	29	40	63	3	23	NA	NA	"GCCCTTTATCTTTGCGCCAGCAGCTTTCCGGGACTAGCGGAAGCAGGGTGGGAACTAGGGCATTACAATGAGCAGTTCTTCGGGCCA"	FALSE	TRUE	NA	NA	NA	NA
"GGGGGGACTCAGCCGTGTATCTCTGTGCCAGCAGCTTAAGTGTCTAGCGGGATGTTCTCTGGGGCCAACGTCCTGACTTTCGGGGCC"	""	"GGGGGGACTCAGCCGTGTATCTCTGTGCCAGCAGCTTAAGTGTCTAGCGGGATGTTCTCTGGGGCCAACGTCCTGACTTTCGGGGCC"	""	"TCRBV7-3*1"	"TCRBD2-1*2"	"TCRBJ2-6*1"	39	43	52	56	4	4	NA	NA	"GGGGGGACTCAGCCGTGTATCTCTGTGCCAGCAGCTTAAGTGTCTAGCGGGATGTTCTCTGGGGCCAACGTCCTGACTTTCGGGGCC"	FALSE	FALSE	NA	NA	NA	NA
"GCTGCTCCCTCCCAAACATCTGTGTACTTCTGTGCCAGCAGTTACGAAATGCCAGGGGTGACTTACAATGAGCAGTTCTTCGGGCCA"	"CASSYEMPGVTYNEQFF"	"GCTGCTCCCTCCCAAACATCTGTGTACTTCTGTGCCAGCAGTTACGAAATGCCAGGGGTGACTTACAATGAGCAGTTCTTCGGGCCA"	"CASSYEMPGVTYNEQFF"	"TCRBV6-2/6-3*1"	"TCRBD1-1*1"	"TCRBJ2-1*1"	45	52	58	63	7	5	NA	NA	"GCTGCTCCCTCCCAAACATCTGTGTACTTCTGTGCCAGCAGTTACGAAATGCCAGGGGTGACTTACAATGAGCAGTTCTTCGGGCCA"	FALSE	TRUE	NA	NA	NA	NA
"CTGGAGTTGGCTGCTCCCTCCCAGACATCTGTGTACTTCTGTGCCAGCAGTTCGGACAGGAACACCGGGGAGCTGTTTTTTGGAGAA"	"CASSSDRNTGELFF"	"CTGGAGTTGGCTGCTCCCTCCCAGACATCTGTGTACTTCTGTGCCAGCAGTTCGGACAGGAACACCGGGGAGCTGTTTTTTGGAGAA"	"CASSSDRNTGELFF"	"TCRBV6-6*1"	"TCRBD1-1*1"	"TCRBJ2-2*1"	52	53	-1	59	1	60	NA	NA	"CTGGAGTTGGCTGCTCCCTCCCAGACATCTGTGTACTTCTGTGCCAGCAGTTCGGACAGGAACACCGGGGAGCTGTTTTTTGGAGAA"	FALSE	TRUE	NA	NA	NA	NA
"NTGTCGGCTGCTCCCTCCCAAACATCTGTGTACTTCTGTGCCAGCAGTTTCGGCGAGAGGTCGTCCGGGGAGCTGTTTTTTGGAGAA"	"CASSFGERSSGELFF"	"NTGTCGGCTGCTCCCTCCCAAACATCTGTGTACTTCTGTGCCAGCAGTTTCGGCGAGAGGTCGTCCGGGGAGCTGTTTTTTGGAGAA"	"CASSFGERSSGELFF"	"TCRBV6-2/6-3*1"	"TCRBD2-1*2"	"TCRBJ2-2*1"	49	56	60	64	7	4	NA	NA	"NTGTCGGCTGCTCCCTCCCAAACATCTGTGTACTTCTGTGCCAGCAGTTTCGGCGAGAGGTCGTCCGGGGAGCTGTTTTTTGGAGAA"	FALSE	TRUE	NA	NA	NA	NA
"TGTCCTCAGAACCGGGAGACACGGCACTGTATCTCTGCGCCAGCAGGCAGGACAGCCCTCATGAACACTGAAGCTTTCTTTGGACAA"	""	"TGTCCTCAGAACCGGGAGACACGGCACTGTATCTCTGCGCCAGCAGGCAGGACAGCCCTCATGAACACTGAAGCTTTCTTTGGACAA"	""	"TCRBV23-1*1"	"TCRBD1-1*1"	"TCRBJ1-1*1"	46	49	55	61	3	6	NA	NA	"TGTCCTCAGAACCGGGAGACACGGCACTGTATCTCTGCGCCAGCAGGCAGGACAGCCCTCATGAACACTGAAGCTTTCTTTGGACAA"	FALSE	FALSE	NA	NA	NA	NA
"CCTGCAGAGCTTGGGGACTCGGCCATGTATCTCTGTGCCAGCAGTCATATGGGGCAGGGTTAGTAAGAGACCCAGTACTTCGGGCCA"	"CASSHMGQG**ETQYF"	"CCTGCAGAGCTTGGGGACTCGGCCATGTATCTCTGTGCCAGCAGTCATATGGGGCAGGGTTAGTAAGAGACCCAGTACTTCGGGCCA"	"CASSHMGQG**ETQYF"	"TCRBV11-1*1"	"TCRBD1-1*1"	"TCRBJ2-5*1"	44	54	59	64	10	5	NA	NA	"CCTGCAGAGCTTGGGGACTCGGCCATGTATCTCTGTGCCAGCAGTCATATGGGGCAGGGTTAGTAAGAGACCCAGTACTTCGGGCCA"	FALSE	TRUE	NA	NA	NA	NA
"GGAGTCAGGGGACACAGCACTGTATTTCTGTGCCAGCCAAGGTTGGCTAGCGGGAGGTTAGCCAAAAACATTCAGTACTTCGGCGCC"	""	"GGAGTCAGGGGACACAGCACTGTATTTCTGTGCCAGCCAAGGTTGGCTAGCGGGAGGTTAGCCAAAAACATTCAGTACTTCGGCGCC"	""	"TCRBV21-1*1"	"TCRBD2-1*2"	"TCRBJ2-4*1"	37	46	57	59	9	2	NA	NA	"GGAGTCAGGGGACACAGCACTGTATTTCTGTGCCAGCCAAGGTTGGCTAGCGGGAGGTTAGCCAAAAACATTCAGTACTTCGGCGCC"	FALSE	FALSE	NA	NA	NA	NA
"ACATCGGCCCAAAAGAACCCGACAGCTTTCTATCTCTGTGCCAGTAGTATCACGGGGACAACTAATGAAAAACTGTTTTTTGGCAGT"	"CASSITGTTNEKLFF"	"ACATCGGCCCAAAAGAACCCGACAGCTTTCTATCTCTGTGCCAGTAGTATCACGGGGACAACTAATGAAAAACTGTTTTTTGGCAGT"	"CASSITGTTNEKLFF"	"TCRBV19-1*1"	"TCRBD2-1*1"	"TCRBJ1-4*1"	50	52	57	58	2	1	NA	NA	"ACATCGGCCCAAAAGAACCCGACAGCTTTCTATCTCTGTGCCAGTAGTATCACGGGGACAACTAATGAAAAACTGTTTTTTGGCAGT"	FALSE	TRUE	NA	NA	NA	NA
"CAGAGCGGGGGGACTCAGCCGTGTATCTCTGTGCCAGCAGCTTAACGCTTCTAGCGGGAGGGCCGGAATGAGCAGTTCTTCGGGCCA"	""	"CAGAGCGGGGGGACTCAGCCGTGTATCTCTGTGCCAGCAGCTTAACGCTTCTAGCGGGAGGGCCGGAATGAGCAGTTCTTCGGGCCA"	""	"TCRBV7-3*1"	"TCRBD2-1*2"	"TCRBJ2-1*1"	46	50	62	66	4	4	NA	NA	"CAGAGCGGGGGGACTCAGCCGTGTATCTCTGTGCCAGCAGCTTAACGCTTCTAGCGGGAGGGCCGGAATGAGCAGTTCTTCGGGCCA"	FALSE	FALSE	NA	NA	NA	NA
"CTGACGATCCAGCGCACAGAGCAGGAGGACTCGGCCGTGTATCTCTGTGCCAGCAGCTTGCAGGGACAGCCCCAGCATTTTGGTGAT"	"CASSLQGQPQHF"	"CTGACGATCCAGCGCACAGAGCAGGAGGACTCGGCCGTGTATCTCTGTGCCAGCAGCTTGCAGGGACAGCCCCAGCATTTTGGTGAT"	"CASSLQGQPQHF"	"TCRBV7-2"	"TCRBD1-1*1"	"TCRBJ1-5*1"	59	60	65	66	1	1	NA	NA	"CTGACGATCCAGCGCACAGAGCAGGAGGACTCGGCCGTGTATCTCTGTGCCAGCAGCTTGCAGGGACAGCCCCAGCATTTTGGTGAT"	FALSE	TRUE	NA	NA	NA	NA
"ATCCGGTCCACAAAGCTGGAGGACTCAGCCATGTACTTCTGTGCCAGCAGTCTCGGACTAGCGAAGGATGAGCAGTTCTTCGGGCCA"	"CASSLGLAKDEQFF"	"ATCCGGTCCACAAAGCTGGAGGACTCAGCCATGTACTTCTGTGCCAGCAGTCTCGGACTAGCGAAGGATGAGCAGTTCTTCGGGCCA"	"CASSLGLAKDEQFF"	"TCRBV2-1"	"TCRBD2-1"	"TCRBJ2-1*1"	51	54	63	67	3	4	NA	NA	"ATCCGGTCCACAAAGCTGGAGGACTCAGCCATGTACTTCTGTGCCAGCAGTCTCGGACTAGCGAAGGATGAGCAGTTCTTCGGGCCA"	FALSE	TRUE	NA	NA	NA	NA
"AGAACCCGACAGCTTTCTATCTCTGTGCCAGTAGTGGCTTTTCGGGCCCAATAAGTCTATAGCTCCTACGAGCAGTACTTCGGGCCG"	""	"AGAACCCGACAGCTTTCTATCTCTGTGCCAGTAGTGGCTTTTCGGGCCCAATAAGTCTATAGCTCCTACGAGCAGTACTTCGGGCCG"	""	"TCRBV19-1*1"	NA	"TCRBJ2-7*1"	35	43	47	62	8	15	NA	NA	"AGAACCCGACAGCTTTCTATCTCTGTGCCAGTAGTGGCTTTTCGGGCCCAATAAGTCTATAGCTCCTACGAGCAGTACTTCGGGCCG"	FALSE	FALSE	NA	NA	NA	NA
"CGCACACAGCAGGAGGACTCCGCCGTGTATCTCTGTGCCAGCAGCTTAATAGAGGGACAGGGGCGTTACGAGCAGTACTTCGGGCCG"	"CASSLIEGQGRYEQYF"	"CGCACACAGCAGGAGGACTCCGCCGTGTATCTCTGTGCCAGCAGCTTAATAGAGGGACAGGGGCGTTACGAGCAGTACTTCGGGCCG"	"CASSLIEGQGRYEQYF"	"TCRBV7-8*1"	"TCRBD1-1*1"	"TCRBJ2-7*1"	48	53	63	66	5	3	NA	NA	"CGCACACAGCAGGAGGACTCCGCCGTGTATCTCTGTGCCAGCAGCTTAATAGAGGGACAGGGGCGTTACGAGCAGTACTTCGGGCCG"	FALSE	TRUE	NA	NA	NA	NA
"GAGTCTGCTGCCTCCTCCCAGACATCTGTATATTTCTGCGCCAGCAGTTCGCAGGGGGCGGGTGAAGATACGCAGTATTTTGGCCCA"	"CASSSQGAGEDTQYF"	"GAGTCTGCTGCCTCCTCCCAGACATCTGTATATTTCTGCGCCAGCAGTTCGCAGGGGGCGGGTGAAGATACGCAGTATTTTGGCCCA"	"CASSSQGAGEDTQYF"	"TCRBV1-1*1"	"TCRBD1-1*1"	"TCRBJ2-3*1"	48	51	59	65	3	6	NA	NA	"GAGTCTGCTGCCTCCTCCCAGACATCTGTATATTTCTGCGCCAGCAGTTCGCAGGGGGCGGGTGAAGATACGCAGTATTTTGGCCCA"	FALSE	TRUE	NA	NA	NA	NA
"CGCCCAGCCCCAACCAGACCTCTCTGTACTTCTGTGCCAGCAGTTTGGTAACCGACAGCTAGCAATCAGCCCCAGCATTTTGGTGAT"	""	"CGCCCAGCCCCAACCAGACCTCTCTGTACTTCTGTGCCAGCAGTTTGGTAACCGACAGCTAGCAATCAGCCCCAGCATTTTGGTGAT"	""	"TCRBV27-1*1"	"TCRBD1-1*1"	"TCRBJ1-5*1"	46	53	58	59	7	1	NA	NA	"CGCCCAGCCCCAACCAGACCTCTCTGTACTTCTGTGCCAGCAGTTTGGTAACCGACAGCTAGCAATCAGCCCCAGCATTTTGGTGAT"	FALSE	FALSE	NA	NA	NA	NA
"ACCCTGGAGTCTGCCAGGCCCTCACATACCTCTCAGTACCTCTGTGCCACCCAGGGAAGTAGCGGGAAAGAGCAGTTCTTCGGGCCA"	"CATQGSSGKEQFF"	"ACCCTGGAGTCTGCCAGGCCCTCACATACCTCTCAGTACCTCTGTGCCACCCAGGGAAGTAGCGGGAAAGAGCAGTTCTTCGGGCCA"	"CATQGSSGKEQFF"	"TCRBV25-1*1"	"TCRBD2-1*2"	"TCRBJ2-1*1"	49	59	67	69	10	2	NA	NA	"ACCCTGGAGTCTGCCAGGCCCTCACATACCTCTCAGTACCTCTGTGCCACCCAGGGAAGTAGCGGGAAAGAGCAGTTCTTCGGGCCA"	FALSE	TRUE	NA	NA	NA	NA
"GCGTCTGCTGTACCCTCTCAGACATCTGTGTACTTCTGTGCCAGCAGTGACTCATCGGACGGGAGCGATGAGCAGTTCTTCGGGCCA"	"CASSDSSDGSDEQFF"	"GCGTCTGCTGTACCCTCTCAGACATCTGTGTACTTCTGTGCCAGCAGTGACTCATCGGACGGGAGCGATGAGCAGTTCTTCGGGCCA"	"CASSDSSDGSDEQFF"	"TCRBV6-4*1"	"TCRBD2-1*2"	"TCRBJ2-1*1"	53	59	65	67	6	2	NA	NA	"GCGTCTGCTGTACCCTCTCAGACATCTGTGTACTTCTGTGCCAGCAGTGACTCATCGGACGGGAGCGATGAGCAGTTCTTCGGGCCA"	FALSE	TRUE	NA	NA	NA	NA
"TCCAGTCCACGGAGTCAGGGGACACAGCACTGTATTTCTGTGCCAGCAGCCTGGGGACTAACTAGTTACGAGCAGTACTTCGGGCCG"	""	"TCCAGTCCACGGAGTCAGGGGACACAGCACTGTATTTCTGTGCCAGCAGCCTGGGGACTAACTAGTTACGAGCAGTACTTCGGGCCG"	""	"TCRBV21-1*1"	"TCRBD2-1"	"TCRBJ2-7*1"	50	53	60	66	3	6	NA	NA	"TCCAGTCCACGGAGTCAGGGGACACAGCACTGTATTTCTGTGCCAGCAGCCTGGGGACTAACTAGTTACGAGCAGTACTTCGGGCCG"	FALSE	FALSE	NA	NA	NA	NA
"GCTCCCTCCCAGACATCTGTGTACTTCTGTGCCAGCGCCAAGGAACTAGCGGGTATCAAGTCCTACAATGAGCAGTTCTTCGGGCCA"	"CASAKELAGIKSYNEQFF"	"GCTCCCTCCCAGACATCTGTGTACTTCTGTGCCAGCGCCAAGGAACTAGCGGGTATCAAGTCCTACAATGAGCAGTTCTTCGGGCCA"	"CASAKELAGIKSYNEQFF"	NA	"TCRBD2-1"	"TCRBJ2-1*1"	36	44	53	60	8	7	NA	NA	"GCTCCCTCCCAGACATCTGTGTACTTCTGTGCCAGCGCCAAGGAACTAGCGGGTATCAAGTCCTACAATGAGCAGTTCTTCGGGCCA"	FALSE	TRUE	NA	NA	NA	NA
"NNNNNNNNNNTGTCGGCTGCTCCCTCCCAGACATCTGTGTACTTCTGTGCCAGCAGAGAGGGATTCGGAAAACTGTTTTTTGGCAGT"	"CASREGFGKLFF"	"NNNNNNNNNNTGTCGGCTGCTCCCTCCCAGACATCTGTGTACTTCTGTGCCAGCAGAGAGGGATTCGGAAAACTGTTTTTTGGCAGT"	"CASREGFGKLFF"	"TCRBV6-5*1"	"TCRBD2-1*2"	"TCRBJ1-4*1"	56	57	62	68	1	6	NA	NA	"NNNNNNNNNNTGTCGGCTGCTCCCTCCCAGACATCTGTGTACTTCTGTGCCAGCAGAGAGGGATTCGGAAAACTGTTTTTTGGCAGT"	FALSE	TRUE	NA	NA	NA	NA
"NNNNNNNNNNTGTCGGCTGCTCCCTCCCAAACATCTGTGTACTTCTGTGCCAGCAGTTACTCTGGAAACACCATATATTTTGGAGAG"	"CASSYSGNTIYF"	"NNNNNNNNNNTGTCGGCTGCTCCCTCCCAAACATCTGTGTACTTCTGTGCCAGCAGTTACTCTGGAAACACCATATATTTTGGAGAG"	"CASSYSGNTIYF"	"TCRBV6-2/6-3*1"	NA	"TCRBJ1-3*1"	-1	-1	-1	59	0	60	NA	NA	"NNNNNNNNNNTGTCGGCTGCTCCCTCCCAAACATCTGTGTACTTCTGTGCCAGCAGTTACTCTGGAAACACCATATATTTTGGAGAG"	FALSE	TRUE	NA	NA	NA	NA
"CTGGAGTTGGCTGCTCCCTCCCAGACATCTGTGTACTTCTGTGCCAGCGGGGACAGGGGGCGGGATGAAAAACTGTTTTTTGGCAGT"	"CASGDRGRDEKLFF"	"CTGGAGTTGGCTGCTCCCTCCCAGACATCTGTGTACTTCTGTGCCAGCGGGGACAGGGGGCGGGATGAAAAACTGTTTTTTGGCAGT"	"CASGDRGRDEKLFF"	"TCRBV6-6"	"TCRBD1-1*1"	"TCRBJ1-4*1"	48	49	61	64	1	3	NA	NA	"CTGGAGTTGGCTGCTCCCTCCCAGACATCTGTGTACTTCTGTGCCAGCGGGGACAGGGGGCGGGATGAAAAACTGTTTTTTGGCAGT"	FALSE	TRUE	NA	NA	NA	NA
"ACAGTGACCAGTGCCCATCCTGAAGACAGCAGCTTCTACATCTGCAGTGCCCGTGGACAGGGGAATTCACCCCTCCACTTTGGGAAT"	"CSARGQGNSPLHF"	"ACAGTGACCAGTGCCCATCCTGAAGACAGCAGCTTCTACATCTGCAGTGCCCGTGGACAGGGGAATTCACCCCTCCACTTTGGGAAT"	"CSARGQGNSPLHF"	NA	"TCRBD1-1*1"	"TCRBJ1-6*1"	50	54	-1	63	4	64	NA	NA	"ACAGTGACCAGTGCCCATCCTGAAGACAGCAGCTTCTACATCTGCAGTGCCCGTGGACAGGGGAATTCACCCCTCCACTTTGGGAAT"	FALSE	TRUE	NA	NA	NA	NA
"CAGCCTGCAGAACTGGAGGATTCTGGAGTTTATTTCTGTGCCAGCAGCCAAGACTAGTGAGTCTACTACGAGCAGTACTTCGGGCCG"	"CASSQD**VYYEQYF"	"CAGCCTGCAGAACTGGAGGATTCTGGAGTTTATTTCTGTGCCAGCAGCCAAGACTAGTGAGTCTACTACGAGCAGTACTTCGGGCCG"	"CASSQD**VYYEQYF"	"TCRBV14-1*1"	"TCRBD2-1"	"TCRBJ2-7*1"	-1	53	57	65	54	8	NA	NA	"CAGCCTGCAGAACTGGAGGATTCTGGAGTTTATTTCTGTGCCAGCAGCCAAGACTAGTGAGTCTACTACGAGCAGTACTTCGGGCCG"	FALSE	TRUE	NA	NA	NA	NA
"CAGCAGGTAGTGCGAGGAGATTCGGCAGCTTATTTCTGTGCCAGCTCACCACGGACTAGCCATGGGGGAGAGCAGTACTTCGGGCCG"	"CASSPRTSHGGEQYF"	"CAGCAGGTAGTGCGAGGAGATTCGGCAGCTTATTTCTGTGCCAGCTCACCACGGACTAGCCATGGGGGAGAGCAGTACTTCGGGCCG"	"CASSPRTSHGGEQYF"	"TCRBV18-1*1"	"TCRBD2-1"	"TCRBJ2-7*1"	-1	52	60	69	53	9	NA	NA	"CAGCAGGTAGTGCGAGGAGATTCGGCAGCTTATTTCTGTGCCAGCTCACCACGGACTAGCCATGGGGGAGAGCAGTACTTCGGGCCG"	FALSE	TRUE	NA	NA	NA	NA
"NNNNTGAAGATCCAGCCCTCAGAACCCAGGGACTCAGCTGTGTACTTCTGTGCCAGCAGCCGTTACAATGAGCAGTTCTTCGGGCCA"	"CASSRYNEQFF"	"NNNNTGAAGATCCAGCCCTCAGAACCCAGGGACTCAGCTGTGTACTTCTGTGCCAGCAGCCGTTACAATGAGCAGTTCTTCGGGCCA"	"CASSRYNEQFF"	"TCRBV12-3/12-4*1"	"TCRBD2-1"	"TCRBJ2-1*1"	59	60	62	63	1	1	NA	NA	"NNNNTGAAGATCCAGCCCTCAGAACCCAGGGACTCAGCTGTGTACTTCTGTGCCAGCAGCCGTTACAATGAGCAGTTCTTCGGGCCA"	FALSE	TRUE	NA	NA	NA	NA
"CTGATCCTGGAGTCGCCCAGCCCCAACCAGACCTCTCTGTACTTCTGTGCCAGCCGTTACGGACAAGAGACCCAGTACTTCGGGCCA"	"CASRYGQETQYF"	"CTGATCCTGGAGTCGCCCAGCCCCAACCAGACCTCTCTGTACTTCTGTGCCAGCCGTTACGGACAAGAGACCCAGTACTTCGGGCCA"	"CASRYGQETQYF"	"TCRBV27-1*1"	NA	"TCRBJ2-5*1"	58	60	-1	63	2	64	NA	NA	"CTGATCCTGGAGTCGCCCAGCCCCAACCAGACCTCTCTGTACTTCTGTGCCAGCCGTTACGGACAAGAGACCCAGTACTTCGGGCCA"	FALSE	TRUE	NA	NA	NA	NA
"TCGCCCAGCCCCAACCAGACCTCTCTGTACTTCTGTGCCAGCAGTTTATCACTAGCGGGAGGCTCCTACGAGCAGTACTTCGGGCCG"	"CASSLSLAGGSYEQYF"	"TCGCCCAGCCCCAACCAGACCTCTCTGTACTTCTGTGCCAGCAGTTTATCACTAGCGGGAGGCTCCTACGAGCAGTACTTCGGGCCG"	"CASSLSLAGGSYEQYF"	"TCRBV27-1*1"	"TCRBD2-1*2"	"TCRBJ2-7*1"	-1	50	-1	62	51	63	NA	NA	"TCGCCCAGCCCCAACCAGACCTCTCTGTACTTCTGTGCCAGCAGTTTATCACTAGCGGGAGGCTCCTACGAGCAGTACTTCGGGCCG"	FALSE	TRUE	NA	NA	NA	NA
"CCCTCAGAACCCAGGGACTCAGCTGTGTACTTCTGTGCCAGCAGTTTATTAGGGGGCTCCGTCCTTGGTGGCTACACCTTCGGTTCG"	"CASSLLGGSVLGGYTF"	"CCCTCAGAACCCAGGGACTCAGCTGTGTACTTCTGTGCCAGCAGTTTATTAGGGGGCTCCGTCCTTGGTGGCTACACCTTCGGTTCG"	"CASSLLGGSVLGGYTF"	NA	"TCRBD1-1*1"	"TCRBJ1-2*1"	48	50	57	68	2	11	NA	NA	"CCCTCAGAACCCAGGGACTCAGCTGTGTACTTCTGTGCCAGCAGTTTATTAGGGGGCTCCGTCCTTGGTGGCTACACCTTCGGTTCG"	FALSE	TRUE	NA	NA	NA	NA
"AGGCTGGAGTCGGCTGCTCCCTCCCAGACATCTGTGTACTTCTGTGCCAGCAACGTAGCCTCTTACAATGAGCAGTTCTTCGGGCCA"	"CASNVASYNEQFF"	"AGGCTGGAGTCGGCTGCTCCCTCCCAGACATCTGTGTACTTCTGTGCCAGCAACGTAGCCTCTTACAATGAGCAGTTCTTCGGGCCA"	"CASNVASYNEQFF"	"TCRBV6-1*1"	"TCRBD2-1"	"TCRBJ2-1*1"	52	55	59	63	3	4	NA	NA	"AGGCTGGAGTCGGCTGCTCCCTCCCAGACATCTGTGTACTTCTGTGCCAGCAACGTAGCCTCTTACAATGAGCAGTTCTTCGGGCCA"	FALSE	TRUE	NA	NA	NA	NA
"NNNNTGTCGGCTGCTCCCTCCCAGACATCTGTGTACTTCTGTGCCAGCGACGTCGTCGGACTGAACACTGAAGCTTTCTTTGGACAA"	"CASDVVGLNTEAFF"	"NNNNTGTCGGCTGCTCCCTCCCAGACATCTGTGTACTTCTGTGCCAGCGACGTCGTCGGACTGAACACTGAAGCTTTCTTTGGACAA"	"CASDVVGLNTEAFF"	"TCRBV6-5*1"	NA	"TCRBJ1-1*1"	48	57	-1	61	9	62	NA	NA	"NNNNTGTCGGCTGCTCCCTCCCAGACATCTGTGTACTTCTGTGCCAGCGACGTCGTCGGACTGAACACTGAAGCTTTCTTTGGACAA"	FALSE	TRUE	NA	NA	NA	NA
"AAGATCCAGCCTGCAAAGCTTGAGGACTCGGCCGTGTATCTCTGTGCCAGCGCACCCGGAACGGGGTATGGCTACACCTTCGGTTCG"	"CASAPGTGYGYTF"	"AAGATCCAGCCTGCAAAGCTTGAGGACTCGGCCGTGTATCTCTGTGCCAGCGCACCCGGAACGGGGTATGGCTACACCTTCGGTTCG"	"CASAPGTGYGYTF"	"TCRBV11-2*1"	"TCRBD2-1*1"	"TCRBJ1-2*1"	51	61	-1	66	10	67	NA	NA	"AAGATCCAGCCTGCAAAGCTTGAGGACTCGGCCGTGTATCTCTGTGCCAGCGCACCCGGAACGGGGTATGGCTACACCTTCGGTTCG"	FALSE	TRUE	NA	NA	NA	NA
"GGTCCACAAAGCTGGAGGACTCAGCCATGTACTTCTGTGCCAGCAGTACGAAATGGCGGTAGCACAGATACGCAGTATTTTGGCCCA"	""	"GGTCCACAAAGCTGGAGGACTCAGCCATGTACTTCTGTGCCAGCAGTACGAAATGGCGGTAGCACAGATACGCAGTATTTTGGCCCA"	""	"TCRBV2-1"	"TCRBD2-1"	"TCRBJ2-3*1"	47	55	59	60	8	1	NA	NA	"GGTCCACAAAGCTGGAGGACTCAGCCATGTACTTCTGTGCCAGCAGTACGAAATGGCGGTAGCACAGATACGCAGTATTTTGGCCCA"	FALSE	FALSE	NA	NA	NA	NA
"CTGATTCTGGAGTCCGCCAGCACCAACCAGACATCTATGTACCTCTGTGCCAGCGAGGGACAGGAGAATGGCTACACCTTCGGTTCG"	"CASEGQENGYTF"	"CTGATTCTGGAGTCCGCCAGCACCAACCAGACATCTATGTACCTCTGTGCCAGCGAGGGACAGGAGAATGGCTACACCTTCGGTTCG"	"CASEGQENGYTF"	"TCRBV28-1*1"	"TCRBD1-1*1"	"TCRBJ1-2*1"	54	56	64	67	2	3	NA	NA	"CTGATTCTGGAGTCCGCCAGCACCAACCAGACATCTATGTACCTCTGTGCCAGCGAGGGACAGGAGAATGGCTACACCTTCGGTTCG"	FALSE	TRUE	NA	NA	NA	NA
"TTGTTGCTGGGGGACTCGGCCCTCTATCTCTGTGCCAGCAGCTTGGTAGGGACAGGGCCCAGCACCGGGGAGCTGTTTTTTGGAGAA"	"CASSLVGTGPSTGELFF"	"TTGTTGCTGGGGGACTCGGCCCTCTATCTCTGTGCCAGCAGCTTGGTAGGGACAGGGCCCAGCACCGGGGAGCTGTTTTTTGGAGAA"	"CASSLVGTGPSTGELFF"	"TCRBV5-6*1"	"TCRBD1-1*1"	"TCRBJ2-2*1"	46	48	57	62	2	5	NA	NA	"TTGTTGCTGGGGGACTCGGCCCTCTATCTCTGTGCCAGCAGCTTGGTAGGGACAGGGCCCAGCACCGGGGAGCTGTTTTTTGGAGAA"	FALSE	TRUE	NA	NA	NA	NA
"CTGCAGCCAGAAGACTCAGCCCTGTATCTCTGCGCCAGCAGCCAAGTGTTTTCGCTAGCCGGAGGGGAGACCCAGTACTTCGGGCCA"	"CASSQVFSLAGGETQYF"	"CTGCAGCCAGAAGACTCAGCCCTGTATCTCTGCGCCAGCAGCCAAGTGTTTTCGCTAGCCGGAGGGGAGACCCAGTACTTCGGGCCA"	"CASSQVFSLAGGETQYF"	"TCRBV4-1*1"	"TCRBD2-1*2"	"TCRBJ2-5*1"	46	60	-1	66	14	67	NA	NA	"CTGCAGCCAGAAGACTCAGCCCTGTATCTCTGCGCCAGCAGCCAAGTGTTTTCGCTAGCCGGAGGGGAGACCCAGTACTTCGGGCCA"	FALSE	TRUE	NA	NA	NA	NA
"TCAATTCCCTGGAGCTTGGTGACTCTGCTGTGTATTTCTGTGCCAGCGAACCCGACTCACCTCTCCTACGAGCAGTACTTCGGGCCG"	""	"TCAATTCCCTGGAGCTTGGTGACTCTGCTGTGTATTTCTGTGCCAGCGAACCCGACTCACCTCTCCTACGAGCAGTACTTCGGGCCG"	""	"TCRBV3-1/3-2*1"	"TCRBD2-1"	"TCRBJ2-7*1"	47	53	57	62	6	5	NA	NA	"TCAATTCCCTGGAGCTTGGTGACTCTGCTGTGTATTTCTGTGCCAGCGAACCCGACTCACCTCTCCTACGAGCAGTACTTCGGGCCG"	FALSE	FALSE	NA	NA	NA	NA
"GCCCTCAGAACCCAGGGACTCAGCTGTGTATTTTTGTGCTAGTGGTCAAACCGACTCACGACCCACAATGAGCAGTTCTTCGGGCCA"	""	"GCCCTCAGAACCCAGGGACTCAGCTGTGTATTTTTGTGCTAGTGGTCAAACCGACTCACGACCCACAATGAGCAGTTCTTCGGGCCA"	""	"TCRBV12-5*1"	"TCRBD2-1"	"TCRBJ2-1*1"	46	52	56	64	6	8	NA	NA	"GCCCTCAGAACCCAGGGACTCAGCTGTGTATTTTTGTGCTAGTGGTCAAACCGACTCACGACCCACAATGAGCAGTTCTTCGGGCCA"	FALSE	FALSE	NA	NA	NA	NA
"CCAGCCCTCAGAACCCAGGGACTCAGCTGTGTACTTCTGTGCCAGCAGTTTATGCGAGGGCCAGGAAACACCATATATTTTGGAGAG"	""	"CCAGCCCTCAGAACCCAGGGACTCAGCTGTGTACTTCTGTGCCAGCAGTTTATGCGAGGGCCAGGAAACACCATATATTTTGGAGAG"	""	NA	"TCRBD2-1*2"	"TCRBJ1-3*1"	52	55	60	63	3	3	NA	NA	"CCAGCCCTCAGAACCCAGGGACTCAGCTGTGTACTTCTGTGCCAGCAGTTTATGCGAGGGCCAGGAAACACCATATATTTTGGAGAG"	FALSE	FALSE	NA	NA	NA	NA
"AGTGCCCATCCTGAAGACAGCAGCTTCTACATCTGCAGTGCTAGGAAAATAGCGGGAGGAACTTTCTACGAGCAGTACTTCGGGCCG"	"CSARKIAGGTFYEQYF"	"AGTGCCCATCCTGAAGACAGCAGCTTCTACATCTGCAGTGCTAGGAAAATAGCGGGAGGAACTTTCTACGAGCAGTACTTCGGGCCG"	"CSARKIAGGTFYEQYF"	NA	"TCRBD2-1*2"	"TCRBJ2-7*1"	44	49	59	65	5	6	NA	NA	"AGTGCCCATCCTGAAGACAGCAGCTTCTACATCTGCAGTGCTAGGAAAATAGCGGGAGGAACTTTCTACGAGCAGTACTTCGGGCCG"	FALSE	TRUE	NA	NA	NA	NA
"GAGTCGCCCAGCCCCAACCAGACCTCTCTGTACTTCTGTGCCAGCAGTCCCTGGGGAGCTATGAACACTGAAGCTTTCTTTGGACAA"	"CASSPWGAMNTEAFF"	"GAGTCGCCCAGCCCCAACCAGACCTCTCTGTACTTCTGTGCCAGCAGTCCCTGGGGAGCTATGAACACTGAAGCTTTCTTTGGACAA"	"CASSPWGAMNTEAFF"	"TCRBV27-1*1"	"TCRBD2-1*2"	"TCRBJ1-1*1"	48	53	58	61	5	3	NA	NA	"GAGTCGCCCAGCCCCAACCAGACCTCTCTGTACTTCTGTGCCAGCAGTCCCTGGGGAGCTATGAACACTGAAGCTTTCTTTGGACAA"	FALSE	TRUE	NA	NA	NA	NA
"TCTGCCATCCCCAACCAGACAGCTCTTTACTTCTGTGCCACCAGCGACCCGGGACAGGGAGACACCGGGGAGCTGTTTTTTGGAGAA"	"CATSDPGQGDTGELFF"	"TCTGCCATCCCCAACCAGACAGCTCTTTACTTCTGTGCCACCAGCGACCCGGGACAGGGAGACACCGGGGAGCTGTTTTTTGGAGAA"	"CATSDPGQGDTGELFF"	"TCRBV24-1*1"	"TCRBD1-1*1"	"TCRBJ2-2*1"	44	50	59	61	6	2	NA	NA	"TCTGCCATCCCCAACCAGACAGCTCTTTACTTCTGTGCCACCAGCGACCCGGGACAGGGAGACACCGGGGAGCTGTTTTTTGGAGAA"	FALSE	TRUE	NA	NA	NA	NA
"CTGTCCCTAGAGTCTGCCATCCCCAACCAGACAGCTCTTTACTTCTGTGCCACCAGTGATTGGGGGAATGAGCAGTTCTTCGGGCCA"	"CATSDWGNEQFF"	"CTGTCCCTAGAGTCTGCCATCCCCAACCAGACAGCTCTTTACTTCTGTGCCACCAGTGATTGGGGGAATGAGCAGTTCTTCGGGCCA"	"CATSDWGNEQFF"	"TCRBV24-1*1"	NA	"TCRBJ2-1*1"	-1	61	-1	66	62	67	NA	NA	"CTGTCCCTAGAGTCTGCCATCCCCAACCAGACAGCTCTTTACTTCTGTGCCACCAGTGATTGGGGGAATGAGCAGTTCTTCGGGCCA"	FALSE	TRUE	NA	NA	NA	NA
"CTCTGGAGCTGGGGGACTCAGCTTTGTATTTCTGTGCCAGCAGCGTACCGGGGAGGGAGGTCCTACAATGAGCAGTTCTTCGGGCCA"	""	"CTCTGGAGCTGGGGGACTCAGCTTTGTATTTCTGTGCCAGCAGCGTACCGGGGAGGGAGGTCCTACAATGAGCAGTTCTTCGGGCCA"	""	"TCRBV9-1*1"	"TCRBD2-1*2"	"TCRBJ2-1*1"	47	50	57	60	3	3	NA	NA	"CTCTGGAGCTGGGGGACTCAGCTTTGTATTTCTGTGCCAGCAGCGTACCGGGGAGGGAGGTCCTACAATGAGCAGTTCTTCGGGCCA"	FALSE	FALSE	NA	NA	NA	NA
"GGAGATCCAGTCCACGGAGTCAGGGGACACAGCACTGTATTTCTGTGCCAGCAGCACCCCGCCCTCTACGAGCAGTACTTCGGGCCG"	""	"GGAGATCCAGTCCACGGAGTCAGGGGACACAGCACTGTATTTCTGTGCCAGCAGCACCCCGCCCTCTACGAGCAGTACTTCGGGCCG"	""	"TCRBV21-1*1"	NA	"TCRBJ2-7*1"	56	60	62	65	4	3	NA	NA	"GGAGATCCAGTCCACGGAGTCAGGGGACACAGCACTGTATTTCTGTGCCAGCAGCACCCCGCCCTCTACGAGCAGTACTTCGGGCCG"	FALSE	FALSE	NA	NA	NA	NA
"CTGGAGCTGGGGGACTCAGCTTTGTATTTCTGTGCCAGCAGCGAACTAGCGGGAGTGAGTAACACCGGGGAGCTGTTTTTTGGAGAA"	"CASSELAGVSNTGELFF"	"CTGGAGCTGGGGGACTCAGCTTTGTATTTCTGTGCCAGCAGCGAACTAGCGGGAGTGAGTAACACCGGGGAGCTGTTTTTTGGAGAA"	"CASSELAGVSNTGELFF"	"TCRBV9-1*1"	"TCRBD2-1*2"	"TCRBJ2-2*1"	43	44	55	60	1	5	NA	NA	"CTGGAGCTGGGGGACTCAGCTTTGTATTTCTGTGCCAGCAGCGAACTAGCGGGAGTGAGTAACACCGGGGAGCTGTTTTTTGGAGAA"	FALSE	TRUE	NA	NA	NA	NA
"CAGCGCACAGAGCGGGGGGACTCAGCCGTGTATCTCTGTGCCAGCAGCCCACAGGGGACAGACACAGATACGCAGTATTTTGGCCCA"	"CASSPQGTDTDTQYF"	"CAGCGCACAGAGCGGGGGGACTCAGCCGTGTATCTCTGTGCCAGCAGCCCACAGGGGACAGACACAGATACGCAGTATTTTGGCCCA"	"CASSPQGTDTDTQYF"	"TCRBV7-3*1"	"TCRBD1-1*1"	"TCRBJ2-3*1"	48	54	61	62	6	1	NA	NA	"CAGCGCACAGAGCGGGGGGACTCAGCCGTGTATCTCTGTGCCAGCAGCCCACAGGGGACAGACACAGATACGCAGTATTTTGGCCCA"	FALSE	TRUE	NA	NA	NA	NA
"CAGCGCACACAGCAGGAGGACTCCGCCGTGTATCTCTGTGCCAGCAGCTTAGGTGGGACAGGGGGAGCTGAAGCTTTCTTTGGACAA"	"CASSLGGTGGAEAFF"	"CAGCGCACACAGCAGGAGGACTCCGCCGTGTATCTCTGTGCCAGCAGCTTAGGTGGGACAGGGGGAGCTGAAGCTTTCTTTGGACAA"	"CASSLGGTGGAEAFF"	"TCRBV7-8*1"	"TCRBD1-1*1"	"TCRBJ1-1*1"	52	54	65	67	2	2	NA	NA	"CAGCGCACACAGCAGGAGGACTCCGCCGTGTATCTCTGTGCCAGCAGCTTAGGTGGGACAGGGGGAGCTGAAGCTTTCTTTGGACAA"	FALSE	TRUE	NA	NA	NA	NA
"ACATCGGCCCAAAAGAACCCGACAGCTTTCTATCTCTGTGCCAGTAGTTTGAAGTACTCTGGGGCCAACGTCCTGACTTTCGGGGCC"	"CASSLKYSGANVLTF"	"ACATCGGCCCAAAAGAACCCGACAGCTTTCTATCTCTGTGCCAGTAGTTTGAAGTACTCTGGGGCCAACGTCCTGACTTTCGGGGCC"	"CASSLKYSGANVLTF"	"TCRBV19-1*1"	NA	"TCRBJ2-6*1"	48	50	52	56	2	4	NA	NA	"ACATCGGCCCAAAAGAACCCGACAGCTTTCTATCTCTGTGCCAGTAGTTTGAAGTACTCTGGGGCCAACGTCCTGACTTTCGGGGCC"	FALSE	TRUE	NA	NA	NA	NA
"AGGCCCTCACATACCTCTCAGTACCTCTGTGCCAGCAGTGCATTAGCGCCCCAGGACAGGGAAAATGAAAAACTGTTTTTTGGCAGT"	"CASSALAPQDRENEKLFF"	"AGGCCCTCACATACCTCTCAGTACCTCTGTGCCAGCAGTGCATTAGCGCCCCAGGACAGGGAAAATGAAAAACTGTTTTTTGGCAGT"	"CASSALAPQDRENEKLFF"	"TCRBV25-1*1"	"TCRBD1-1*1"	"TCRBJ1-4*1"	40	53	61	63	13	2	NA	NA	"AGGCCCTCACATACCTCTCAGTACCTCTGTGCCAGCAGTGCATTAGCGCCCCAGGACAGGGAAAATGAAAAACTGTTTTTTGGCAGT"	FALSE	TRUE	NA	NA	NA	NA
"GTGAGCAACATGAGCCCTGAAGACAGCAGCATATATCTCTGCAGCGTTAGGACTAGCGGGAGAAGAGAGACCCAGTACTTCGGGCCA"	"CSVRTSGRRETQYF"	"GTGAGCAACATGAGCCCTGAAGACAGCAGCATATATCTCTGCAGCGTTAGGACTAGCGGGAGAAGAGAGACCCAGTACTTCGGGCCA"	"CSVRTSGRRETQYF"	"TCRBV29-1"	"TCRBD2-1*2"	"TCRBJ2-5*1"	48	49	62	65	1	3	NA	NA	"GTGAGCAACATGAGCCCTGAAGACAGCAGCATATATCTCTGCAGCGTTAGGACTAGCGGGAGAAGAGAGACCCAGTACTTCGGGCCA"	FALSE	TRUE	NA	NA	NA	NA
"GTCGGCTGCTCCCTCCCAGACATCTGTGTACTTCTGTGCCAGCAGTTCTGACTCCGAGGGAAAAAAAACGAGCAGTACTTCGGGCCG"	""	"GTCGGCTGCTCCCTCCCAGACATCTGTGTACTTCTGTGCCAGCAGTTCTGACTCCGAGGGAAAAAAAACGAGCAGTACTTCGGGCCG"	""	"TCRBV6-5*1"	"TCRBD2-1*2"	"TCRBJ2-7*1"	47	55	60	67	8	7	NA	NA	"GTCGGCTGCTCCCTCCCAGACATCTGTGTACTTCTGTGCCAGCAGTTCTGACTCCGAGGGAAAAAAAACGAGCAGTACTTCGGGCCG"	FALSE	FALSE	NA	NA	NA	NA
"TGGCGTCTGCTGTACCCTCTCAGACATCTGTGTACTTCTGTGCCAGTACCGGGACAGATGAACACCGGGGAGCTGTTTTTTGGAGAA"	""	"TGGCGTCTGCTGTACCCTCTCAGACATCTGTGTACTTCTGTGCCAGTACCGGGACAGATGAACACCGGGGAGCTGTTTTTTGGAGAA"	""	"TCRBV6-4*1"	"TCRBD1-1*1"	"TCRBJ2-2*1"	46	50	57	59	4	2	NA	NA	"TGGCGTCTGCTGTACCCTCTCAGACATCTGTGTACTTCTGTGCCAGTACCGGGACAGATGAACACCGGGGAGCTGTTTTTTGGAGAA"	FALSE	FALSE	NA	NA	NA	NA
"GTGACCAGTGCCCATCCTGAAGACAGCAGCTTCTACATCTGCAGTGCAACGACTAGCGGGATTACCGGGGAGCTGTTTTTTGGAGAA"	"CSATTSGITGELFF"	"GTGACCAGTGCCCATCCTGAAGACAGCAGCTTCTACATCTGCAGTGCAACGACTAGCGGGATTACCGGGGAGCTGTTTTTTGGAGAA"	"CSATTSGITGELFF"	NA	"TCRBD2-1*2"	"TCRBJ2-2*1"	47	50	61	63	3	2	NA	NA	"GTGACCAGTGCCCATCCTGAAGACAGCAGCTTCTACATCTGCAGTGCAACGACTAGCGGGATTACCGGGGAGCTGTTTTTTGGAGAA"	FALSE	TRUE	NA	NA	NA	NA
"GAGTCAGCTACCCGCTCCCAGACATCTGTGTATTTCTGCGCCAGCGGGTACCTTGGCCGGGAGACAGATACGCAGTATTTTGGCCCA"	"CASGYLGRETDTQYF"	"GAGTCAGCTACCCGCTCCCAGACATCTGTGTATTTCTGCGCCAGCGGGTACCTTGGCCGGGAGACAGATACGCAGTATTTTGGCCCA"	"CASGYLGRETDTQYF"	"TCRBV1-2*1"	"TCRBD2-1*2"	"TCRBJ2-3*1"	45	57	-1	63	12	64	NA	NA	"GAGTCAGCTACCCGCTCCCAGACATCTGTGTATTTCTGCGCCAGCGGGTACCTTGGCCGGGAGACAGATACGCAGTATTTTGGCCCA"	FALSE	TRUE	NA	NA	NA	NA
"NNNNTGTCGGCTGCTCCCTCCCAGACATCTGTGTACTTCTGTGCCAGCAGCTGGACAGGGAGCGGTTCACCCCTCCACTTTGGGAAT"	"CASSWTGSGSPLHF"	"NNNNTGTCGGCTGCTCCCTCCCAGACATCTGTGTACTTCTGTGCCAGCAGCTGGACAGGGAGCGGTTCACCCCTCCACTTTGGGAAT"	"CASSWTGSGSPLHF"	"TCRBV6-5*1"	"TCRBD1-1*1"	"TCRBJ1-6*1"	50	52	60	65	2	5	NA	NA	"NNNNTGTCGGCTGCTCCCTCCCAGACATCTGTGTACTTCTGTGCCAGCAGCTGGACAGGGAGCGGTTCACCCCTCCACTTTGGGAAT"	FALSE	TRUE	NA	NA	NA	NA
"AGATCCAGCGCACACAGCAGGAGGACTCCGCCGTGTATCTCTGTGCCAGCAGCCCCGGGGATCTACTACGAGCAGTACTTCGGGCCG"	""	"AGATCCAGCGCACACAGCAGGAGGACTCCGCCGTGTATCTCTGTGCCAGCAGCCCCGGGGATCTACTACGAGCAGTACTTCGGGCCG"	""	"TCRBV7-8*3"	"TCRBD2-1*1"	"TCRBJ2-7*1"	54	55	60	65	1	5	NA	NA	"AGATCCAGCGCACACAGCAGGAGGACTCCGCCGTGTATCTCTGTGCCAGCAGCCCCGGGGATCTACTACGAGCAGTACTTCGGGCCG"	FALSE	FALSE	NA	NA	NA	NA
"CTGATCCTGGAGTCGCCCAGCCCCAACCAGACCTCTCTGTACTTCTGTGCCAGCAGTTTTCGAGGCACTGAAGCTTTCTTTGGACAA"	"CASSFRGTEAFF"	"CTGATCCTGGAGTCGCCCAGCCCCAACCAGACCTCTCTGTACTTCTGTGCCAGCAGTTTTCGAGGCACTGAAGCTTTCTTTGGACAA"	"CASSFRGTEAFF"	"TCRBV27-1*1"	"TCRBD2-1*2"	"TCRBJ1-1*1"	59	61	-1	65	2	66	NA	NA	"CTGATCCTGGAGTCGCCCAGCCCCAACCAGACCTCTCTGTACTTCTGTGCCAGCAGTTTTCGAGGCACTGAAGCTTTCTTTGGACAA"	FALSE	TRUE	NA	NA	NA	NA
"GAGATCCAGCGCACAGAGCAGGGGGACTCGGCCATGTATCTCTGTGCCAGCAGCTTAGAAACTGGGACGGAGCAGTTCTTCGGGCCA"	"CASSLETGTEQFF"	"GAGATCCAGCGCACAGAGCAGGGGGACTCGGCCATGTATCTCTGTGCCAGCAGCTTAGAAACTGGGACGGAGCAGTTCTTCGGGCCA"	"CASSLETGTEQFF"	"TCRBV7-9*1"	NA	"TCRBJ2-1*1"	58	63	68	69	5	1	NA	NA	"GAGATCCAGCGCACAGAGCAGGGGGACTCGGCCATGTATCTCTGTGCCAGCAGCTTAGAAACTGGGACGGAGCAGTTCTTCGGGCCA"	FALSE	TRUE	NA	NA	NA	NA
"TCTGCCATCCCCAACCAGACAGCTCTTTACTTCTGTGCCACCAGTGAGCACGGGGAGCCCTCGGGGAATGAGCAGTTCTTCGGGCCA"	"CATSEHGEPSGNEQFF"	"TCTGCCATCCCCAACCAGACAGCTCTTTACTTCTGTGCCACCAGTGAGCACGGGGAGCCCTCGGGGAATGAGCAGTTCTTCGGGCCA"	"CATSEHGEPSGNEQFF"	"TCRBV24-1*1"	"TCRBD2-1"	"TCRBJ2-1*1"	47	50	55	66	3	11	NA	NA	"TCTGCCATCCCCAACCAGACAGCTCTTTACTTCTGTGCCACCAGTGAGCACGGGGAGCCCTCGGGGAATGAGCAGTTCTTCGGGCCA"	FALSE	TRUE	NA	NA	NA	NA
"CGGGGGGACTCAGCCGTGTATCTCTGTGCCAGCCTACTCGGGACGGCGGACTAGCGGACCTACACCGGGGAGCTGTTTTTTGGAGAA"	"CASLLGTAD*RTYTGELFF"	"CGGGGGGACTCAGCCGTGTATCTCTGTGCCAGCCTACTCGGGACGGCGGACTAGCGGACCTACACCGGGGAGCTGTTTTTTGGAGAA"	"CASLLGTAD*RTYTGELFF"	"TCRBV7-3*1"	"TCRBD2-1"	"TCRBJ2-2*1"	33	47	57	61	14	4	NA	NA	"CGGGGGGACTCAGCCGTGTATCTCTGTGCCAGCCTACTCGGGACGGCGGACTAGCGGACCTACACCGGGGAGCTGTTTTTTGGAGAA"	FALSE	TRUE	NA	NA	NA	NA
"ACCCTGCAGCCAGAAGACTCGGCCCTGTATCTCTGTGCCAGCAGCCAAATAGGGCGGAGCTTCTACAATGAGCAGTTCTTCGGGCCA"	"CASSQIGRSFYNEQFF"	"ACCCTGCAGCCAGAAGACTCGGCCCTGTATCTCTGTGCCAGCAGCCAAATAGGGCGGAGCTTCTACAATGAGCAGTTCTTCGGGCCA"	"CASSQIGRSFYNEQFF"	"TCRBV4-2*1"	NA	"TCRBJ2-1*1"	48	50	54	62	2	8	NA	NA	"ACCCTGCAGCCAGAAGACTCGGCCCTGTATCTCTGTGCCAGCAGCCAAATAGGGCGGAGCTTCTACAATGAGCAGTTCTTCGGGCCA"	FALSE	TRUE	NA	NA	NA	NA
"NNNNCTCTGAAGATCCGGTCCACAAAGCTGGAGGACTCAGCCATGTACTTCTGTGCCAGCAGGCAGCAAGAGCAGTTCTTCGGGCCA"	"CASRQQEQFF"	"NNNNCTCTGAAGATCCGGTCCACAAAGCTGGAGGACTCAGCCATGTACTTCTGTGCCAGCAGGCAGCAAGAGCAGTTCTTCGGGCCA"	"CASRQQEQFF"	"TCRBV2-1"	NA	"TCRBJ2-1*1"	62	63	66	69	1	3	NA	NA	"NNNNCTCTGAAGATCCGGTCCACAAAGCTGGAGGACTCAGCCATGTACTTCTGTGCCAGCAGGCAGCAAGAGCAGTTCTTCGGGCCA"	FALSE	TRUE	NA	NA	NA	NA
"TCTGGAGCTGGGGGACTCAGCTTTGTATTTCTGTGCCAGCAGCGTAGTGAGAACCCTGGAAGCTCCTACGAGCAGTACTTCGGGCCG"	""	"TCTGGAGCTGGGGGACTCAGCTTTGTATTTCTGTGCCAGCAGCGTAGTGAGAACCCTGGAAGCTCCTACGAGCAGTACTTCGGGCCG"	""	"TCRBV9-1*1"	NA	"TCRBJ2-7*1"	47	57	60	62	10	2	NA	NA	"TCTGGAGCTGGGGGACTCAGCTTTGTATTTCTGTGCCAGCAGCGTAGTGAGAACCCTGGAAGCTCCTACGAGCAGTACTTCGGGCCG"	FALSE	FALSE	NA	NA	NA	NA
"CTTCACATCAATTCCCTGGAGCTTGGTGACTCTGCTGTGTATTTCTGTGCCAGCAGCCAAGAATCAGATACGCAGTATTTTGGCCCA"	"CASSQESDTQYF"	"CTTCACATCAATTCCCTGGAGCTTGGTGACTCTGCTGTGTATTTCTGTGCCAGCAGCCAAGAATCAGATACGCAGTATTTTGGCCCA"	"CASSQESDTQYF"	"TCRBV3-1/3-2*1"	NA	"TCRBJ2-3*1"	-1	-1	62	64	0	2	NA	NA	"CTTCACATCAATTCCCTGGAGCTTGGTGACTCTGCTGTGTATTTCTGTGCCAGCAGCCAAGAATCAGATACGCAGTATTTTGGCCCA"	FALSE	TRUE	NA	NA	NA	NA
"AAGATCCGGTCCACAAAGCTGGAGGACTCAGCCATGTACTTCTGTGCCAGCAGTGGGGCGGGAACCTACGAGCAGTACTTCGGGCCG"	"CASSGAGTYEQYF"	"AAGATCCGGTCCACAAAGCTGGAGGACTCAGCCATGTACTTCTGTGCCAGCAGTGGGGCGGGAACCTACGAGCAGTACTTCGGGCCG"	"CASSGAGTYEQYF"	"TCRBV2-1"	"TCRBD2-1*2"	"TCRBJ2-7*1"	55	57	63	64	2	1	NA	NA	"AAGATCCGGTCCACAAAGCTGGAGGACTCAGCCATGTACTTCTGTGCCAGCAGTGGGGCGGGAACCTACGAGCAGTACTTCGGGCCG"	FALSE	TRUE	NA	NA	NA	NA
"GCCTGCAGAGCTTGGGGACTCGGCCGTGTATCTCTGTGCCAGCAGCTTGCCGGGACAGACTCCTACAATGAGCAGTTCTTCGGGCCA"	""	"GCCTGCAGAGCTTGGGGACTCGGCCGTGTATCTCTGTGCCAGCAGCTTGCCGGGACAGACTCCTACAATGAGCAGTTCTTCGGGCCA"	""	"TCRBV11-3*1"	"TCRBD1-1*1"	"TCRBJ2-1*1"	48	51	58	59	3	1	NA	NA	"GCCTGCAGAGCTTGGGGACTCGGCCGTGTATCTCTGTGCCAGCAGCTTGCCGGGACAGACTCCTACAATGAGCAGTTCTTCGGGCCA"	FALSE	FALSE	NA	NA	NA	NA
"CGTCTGCTGTACCCTCTCAGACATCTGTGTACTTCTGTGCCAGCCCAGGTAGCGGGAGGGTGGGAAGAGACCCAGTACTTCGGGCCA"	""	"CGTCTGCTGTACCCTCTCAGACATCTGTGTACTTCTGTGCCAGCCCAGGTAGCGGGAGGGTGGGAAGAGACCCAGTACTTCGGGCCA"	""	"TCRBV6-4*1"	"TCRBD2-1*2"	"TCRBJ2-5*1"	44	49	60	64	5	4	NA	NA	"CGTCTGCTGTACCCTCTCAGACATCTGTGTACTTCTGTGCCAGCCCAGGTAGCGGGAGGGTGGGAAGAGACCCAGTACTTCGGGCCA"	FALSE	FALSE	NA	NA	NA	NA
"NNNNNNNNNNNNTGTCGGCTGCTCCCTCCCAAACATCTGTGTACTTCTGTGCCAGCAGTTGTGAGAGAGACCCAGTACTTCGGGCCA"	""	"NNNNNNNNNNNNTGTCGGCTGCTCCCTCCCAAACATCTGTGTACTTCTGTGCCAGCAGTTGTGAGAGAGACCCAGTACTTCGGGCCA"	""	"TCRBV6-2/6-3*1"	"TCRBD2-1*2"	"TCRBJ2-5*1"	60	62	-1	65	2	66	NA	NA	"NNNNNNNNNNNNTGTCGGCTGCTCCCTCCCAAACATCTGTGTACTTCTGTGCCAGCAGTTGTGAGAGAGACCCAGTACTTCGGGCCA"	FALSE	FALSE	NA	NA	NA	NA
"CTGGAGGACTCGGCCCTGTATCTCTGTGCCAGCAGCTCATCCGGGACTAGCGGACCTCCTATCACAGATACGCAGTATTTTGGCCCA"	"CASSSSGTSGPPITDTQYF"	"CTGGAGGACTCGGCCCTGTATCTCTGTGCCAGCAGCTCATCCGGGACTAGCGGACCTCCTATCACAGATACGCAGTATTTTGGCCCA"	"CASSSSGTSGPPITDTQYF"	"TCRBV5-8*1"	"TCRBD2-1"	"TCRBJ2-3*1"	37	42	53	62	5	9	NA	NA	"CTGGAGGACTCGGCCCTGTATCTCTGTGCCAGCAGCTCATCCGGGACTAGCGGACCTCCTATCACAGATACGCAGTATTTTGGCCCA"	FALSE	TRUE	NA	NA	NA	NA
"GAGATCCAGGCTACGAAGCTTGAGGATTCAGCAGTGTATTTTTGTGCCAGCAGCCAATCCGGCGAGGGGAGCTACACCTTCGGTTCG"	"CASSQSGEGSYTF"	"GAGATCCAGGCTACGAAGCTTGAGGATTCAGCAGTGTATTTTTGTGCCAGCAGCCAATCCGGCGAGGGGAGCTACACCTTCGGTTCG"	"CASSQSGEGSYTF"	"TCRBV16-1*1"	NA	"TCRBJ1-2*1"	59	64	69	70	5	1	NA	NA	"GAGATCCAGGCTACGAAGCTTGAGGATTCAGCAGTGTATTTTTGTGCCAGCAGCCAATCCGGCGAGGGGAGCTACACCTTCGGTTCG"	FALSE	TRUE	NA	NA	NA	NA
"GTCGCACTGCAGCAAGAAGACTCAGCTGCGTATCTCTGCACCAGCACCCTCCCCGGAGCGGGCACAGATACGCAGTATTTTGGCCCA"	"CTSTLPGAGTDTQYF"	"GTCGCACTGCAGCAAGAAGACTCAGCTGCGTATCTCTGCACCAGCACCCTCCCCGGAGCGGGCACAGATACGCAGTATTTTGGCCCA"	"CTSTLPGAGTDTQYF"	"TCRBV1-1*1"	"TCRBD2-1"	"TCRBJ2-3*1"	46	56	-1	61	10	62	NA	NA	"GTCGCACTGCAGCAAGAAGACTCAGCTGCGTATCTCTGCACCAGCACCCTCCCCGGAGCGGGCACAGATACGCAGTATTTTGGCCCA"	FALSE	TRUE	NA	NA	NA	NA
"AATGTGAACGCCTTGGAGCTGGACGACTCGGCCCTGTATCTCTGTGCCAGCAGCTTGCAAGGGGACCATGAGCAGTTCTTCGGGCCA"	"CASSLQGDHEQFF"	"AATGTGAACGCCTTGGAGCTGGACGACTCGGCCCTGTATCTCTGTGCCAGCAGCTTGCAAGGGGACCATGAGCAGTTCTTCGGGCCA"	"CASSLQGDHEQFF"	"TCRBV5-4*1"	NA	"TCRBJ2-1*1"	57	61	66	67	4	1	NA	NA	"AATGTGAACGCCTTGGAGCTGGACGACTCGGCCCTGTATCTCTGTGCCAGCAGCTTGCAAGGGGACCATGAGCAGTTCTTCGGGCCA"	FALSE	TRUE	NA	NA	NA	NA
"NNNNNNNTGTCGGCTGCTCCCTCCCAGACATCTGTGTACTTCTGTGCCAGCAGGCGATAAGGGGATTCACCCCTCCACTTTGGGAAT"	"CASRR*GDSPLHF"	"NNNNNNNTGTCGGCTGCTCCCTCCCAGACATCTGTGTACTTCTGTGCCAGCAGGCGATAAGGGGATTCACCCCTCCACTTTGGGAAT"	"CASRR*GDSPLHF"	"TCRBV6-5*1"	"TCRBD1-1*1"	"TCRBJ1-6*1"	53	59	-1	64	6	65	NA	NA	"NNNNNNNTGTCGGCTGCTCCCTCCCAGACATCTGTGTACTTCTGTGCCAGCAGGCGATAAGGGGATTCACCCCTCCACTTTGGGAAT"	FALSE	TRUE	NA	NA	NA	NA
"AGCTCTCTGGAGCTGGGGGACTCAGCTTTGTATTTCTGTGCCAGCAGCCCCAGACTAGCGAGCACAGATACGCAGTATTTTGGCCCA"	"CASSPRLASTDTQYF"	"AGCTCTCTGGAGCTGGGGGACTCAGCTTTGTATTTCTGTGCCAGCAGCCCCAGACTAGCGAGCACAGATACGCAGTATTTTGGCCCA"	"CASSPRLASTDTQYF"	"TCRBV9-1*1"	"TCRBD2-1"	"TCRBJ2-3*1"	48	52	-1	60	4	61	NA	NA	"AGCTCTCTGGAGCTGGGGGACTCAGCTTTGTATTTCTGTGCCAGCAGCCCCAGACTAGCGAGCACAGATACGCAGTATTTTGGCCCA"	FALSE	TRUE	NA	NA	NA	NA
"CTGACGATTCAGCGCACAGAGCAGGAGGACTCGGCCGTGTATCTCTGTGCCAGCAGCTTATCTATGCAGCCCCAGCATTTTGGTGAT"	"CASSLSMQPQHF"	"CTGACGATTCAGCGCACAGAGCAGGAGGACTCGGCCGTGTATCTCTGTGCCAGCAGCTTATCTATGCAGCCCCAGCATTTTGGTGAT"	"CASSLSMQPQHF"	"TCRBV7-2"	"TCRBD2-1"	"TCRBJ1-5*1"	60	61	64	66	1	2	NA	NA	"CTGACGATTCAGCGCACAGAGCAGGAGGACTCGGCCGTGTATCTCTGTGCCAGCAGCTTATCTATGCAGCCCCAGCATTTTGGTGAT"	FALSE	TRUE	NA	NA	NA	NA
"CCTTGGAGCTGGGGGACTCAGCCCTGTACTTCTGTGCCAGCAGCCTCGGGACTAGCGGAGGGAGTGGAGACCCAGTACTTCGGGCCA"	""	"CCTTGGAGCTGGGGGACTCAGCCCTGTACTTCTGTGCCAGCAGCCTCGGGACTAGCGGAGGGAGTGGAGACCCAGTACTTCGGGCCA"	""	"TCRBV13-1*1"	"TCRBD2-1"	"TCRBJ2-5*1"	44	47	58	66	3	8	NA	NA	"CCTTGGAGCTGGGGGACTCAGCCCTGTACTTCTGTGCCAGCAGCCTCGGGACTAGCGGAGGGAGTGGAGACCCAGTACTTCGGGCCA"	FALSE	FALSE	NA	NA	NA	NA
"CTGTCCTCAGAACCGGGAGACACGGCACTGTATCTCTGCGCCAGCAGTCAATCGGGGACAAAGACTTATGGCTACACCTTCGGTTCG"	"CASSQSGTKTYGYTF"	"CTGTCCTCAGAACCGGGAGACACGGCACTGTATCTCTGCGCCAGCAGTCAATCGGGGACAAAGACTTATGGCTACACCTTCGGTTCG"	"CASSQSGTKTYGYTF"	"TCRBV23-1*1"	"TCRBD1-1*1"	"TCRBJ1-2*1"	53	54	60	66	1	6	NA	NA	"CTGTCCTCAGAACCGGGAGACACGGCACTGTATCTCTGCGCCAGCAGTCAATCGGGGACAAAGACTTATGGCTACACCTTCGGTTCG"	FALSE	TRUE	NA	NA	NA	NA
"GTGAGCACCTTGGAGCTGGGGGACTCGGCCCTTTATCTTTGCGCCAGCAGCTTGGTGCTAGCCGACAATGAGCAGTTCTTCGGGCCA"	"CASSLVLADNEQFF"	"GTGAGCACCTTGGAGCTGGGGGACTCGGCCCTTTATCTTTGCGCCAGCAGCTTGGTGCTAGCCGACAATGAGCAGTTCTTCGGGCCA"	"CASSLVLADNEQFF"	"TCRBV5-1*1"	"TCRBD2-1"	"TCRBJ2-1*1"	55	57	62	64	2	2	NA	NA	"GTGAGCACCTTGGAGCTGGGGGACTCGGCCCTTTATCTTTGCGCCAGCAGCTTGGTGCTAGCCGACAATGAGCAGTTCTTCGGGCCA"	FALSE	TRUE	NA	NA	NA	NA
"GAGATCCAGTCCACGGAGTCAGGGGACACAGCACTGTATTTCTGTGCCAGCAATCCGTTCTCTGGAAACACCATATATTTTGGAGAG"	"CASNPFSGNTIYF"	"GAGATCCAGTCCACGGAGTCAGGGGACACAGCACTGTATTTCTGTGCCAGCAATCCGTTCTCTGGAAACACCATATATTTTGGAGAG"	"CASNPFSGNTIYF"	"TCRBV21-1*1"	"TCRBD2-1"	"TCRBJ1-3*1"	52	55	57	59	3	2	NA	NA	"GAGATCCAGTCCACGGAGTCAGGGGACACAGCACTGTATTTCTGTGCCAGCAATCCGTTCTCTGGAAACACCATATATTTTGGAGAG"	FALSE	TRUE	NA	NA	NA	NA
"GAGTTGGCTGCTCCCTCCCAGACATCTGTGTACTTCTGTGCCAGCAGTTACCAAGACAGGGGTGGCGAAAAACTGTTTTTTGGCAGT"	"CASSYQDRGGEKLFF"	"GAGTTGGCTGCTCCCTCCCAGACATCTGTGTACTTCTGTGCCAGCAGTTACCAAGACAGGGGTGGCGAAAAACTGTTTTTTGGCAGT"	"CASSYQDRGGEKLFF"	"TCRBV6-6*1"	"TCRBD1-1*1"	"TCRBJ1-4*1"	51	54	62	66	3	4	NA	NA	"GAGTTGGCTGCTCCCTCCCAGACATCTGTGTACTTCTGTGCCAGCAGTTACCAAGACAGGGGTGGCGAAAAACTGTTTTTTGGCAGT"	FALSE	TRUE	NA	NA	NA	NA
"CTGGAGTCCGCTACCAGCTCCCAGACATCTGTGTACTTCTGTGCCATCAGGCTGACAGGCCAGAACACTGAAGCTTTCTTTGGACAA"	"CAIRLTGQNTEAFF"	"CTGGAGTCCGCTACCAGCTCCCAGACATCTGTGTACTTCTGTGCCATCAGGCTGACAGGCCAGAACACTGAAGCTTTCTTTGGACAA"	"CAIRLTGQNTEAFF"	"TCRBV1-3*1"	"TCRBD1-1*1"	"TCRBJ1-1*1"	50	53	59	62	3	3	NA	NA	"CTGGAGTCCGCTACCAGCTCCCAGACATCTGTGTACTTCTGTGCCATCAGGCTGACAGGCCAGAACACTGAAGCTTTCTTTGGACAA"	FALSE	TRUE	NA	NA	NA	NA
"NTGTCGGCTGCTCCCTCCCAAACATCTGTGTACTTCTGTGCCAGCAGTTACGCGGGACAGGGTTCAGATACGCAGTATTTTGGCCCA"	"CASSYAGQGSDTQYF"	"NTGTCGGCTGCTCCCTCCCAAACATCTGTGTACTTCTGTGCCAGCAGTTACGCGGGACAGGGTTCAGATACGCAGTATTTTGGCCCA"	"CASSYAGQGSDTQYF"	"TCRBV6-2/6-3*1"	"TCRBD1-1*1"	"TCRBJ2-3*1"	51	53	62	64	2	2	NA	NA	"NTGTCGGCTGCTCCCTCCCAAACATCTGTGTACTTCTGTGCCAGCAGTTACGCGGGACAGGGTTCAGATACGCAGTATTTTGGCCCA"	FALSE	TRUE	NA	NA	NA	NA
"CCCCTCACTCTGGAGTCTGCTGCCTCCTCCCAGACATCTGTATATTTCTGCGCCAGCAGTGAGTCAGGGAAGCAGTTCTTCGGGCCA"	"CASSESGKQFF"	"CCCCTCACTCTGGAGTCTGCTGCCTCCTCCCAGACATCTGTATATTTCTGCGCCAGCAGTGAGTCAGGGAAGCAGTTCTTCGGGCCA"	"CASSESGKQFF"	"TCRBV1-1*1"	NA	"TCRBJ2-1*1"	65	66	-1	70	1	71	NA	NA	"CCCCTCACTCTGGAGTCTGCTGCCTCCTCCCAGACATCTGTATATTTCTGCGCCAGCAGTGAGTCAGGGAAGCAGTTCTTCGGGCCA"	FALSE	TRUE	NA	NA	NA	NA
"GTCTGCTGCCTCCTCCCAGACATCTGTATATTTCTGCGCCAGCAGTTCTAGGACAGTTTTTCCTACAATGAGCAGTTCTTCGGGCCA"	""	"GTCTGCTGCCTCCTCCCAGACATCTGTATATTTCTGCGCCAGCAGTTCTAGGACAGTTTTTCCTACAATGAGCAGTTCTTCGGGCCA"	""	"TCRBV1-1"	"TCRBD1-1*1"	"TCRBJ2-1*1"	46	50	56	60	4	4	NA	NA	"GTCTGCTGCCTCCTCCCAGACATCTGTATATTTCTGCGCCAGCAGTTCTAGGACAGTTTTTCCTACAATGAGCAGTTCTTCGGGCCA"	FALSE	FALSE	NA	NA	NA	NA
"ACTGTGAGCAACATGAGCCCTGAAGACAGCAGCATATATCTCTGCAGCGTTGTATGGGGGGCTGGAAACACCATATATTTTGGAGAG"	"CSVVWGAGNTIYF"	"ACTGTGAGCAACATGAGCCCTGAAGACAGCAGCATATATCTCTGCAGCGTTGTATGGGGGGCTGGAAACACCATATATTTTGGAGAG"	"CSVVWGAGNTIYF"	"TCRBV29-1"	"TCRBD2-1*1"	"TCRBJ1-3*1"	52	55	-1	61	3	62	NA	NA	"ACTGTGAGCAACATGAGCCCTGAAGACAGCAGCATATATCTCTGCAGCGTTGTATGGGGGGCTGGAAACACCATATATTTTGGAGAG"	FALSE	TRUE	NA	NA	NA	NA
"CACATCAATTCCCTGGAGCTTGGTGACTCTGCTGTGTATTTCTGTGCCAGCAGCCAAAACAGGGGGACTGAAGCTTTCTTTGGACAA"	"CASSQNRGTEAFF"	"CACATCAATTCCCTGGAGCTTGGTGACTCTGCTGTGTATTTCTGTGCCAGCAGCCAAAACAGGGGGACTGAAGCTTTCTTTGGACAA"	"CASSQNRGTEAFF"	"TCRBV3-1/3-2*1"	"TCRBD1-1*1"	"TCRBJ1-1*1"	57	58	-1	66	1	67	NA	NA	"CACATCAATTCCCTGGAGCTTGGTGACTCTGCTGTGTATTTCTGTGCCAGCAGCCAAAACAGGGGGACTGAAGCTTTCTTTGGACAA"	FALSE	TRUE	NA	NA	NA	NA
"CTGCCATCCCCAACCAGACAGCTCTTTACTTCTGTGCCACCAGTCCGGGACAGGGAGCCCAGCACAGATACGCAGTATTTTGGCCCA"	""	"CTGCCATCCCCAACCAGACAGCTCTTTACTTCTGTGCCACCAGTCCGGGACAGGGAGCCCAGCACAGATACGCAGTATTTTGGCCCA"	""	"TCRBV24-1*1"	"TCRBD1-1*1"	"TCRBJ2-3*1"	44	46	55	60	2	5	NA	NA	"CTGCCATCCCCAACCAGACAGCTCTTTACTTCTGTGCCACCAGTCCGGGACAGGGAGCCCAGCACAGATACGCAGTATTTTGGCCCA"	FALSE	FALSE	NA	NA	NA	NA
"TCTCACTGTGACATCGGCCCAAAAGAACCCGACAGCTTTCTATCTCTGTGCCAGTAGTAACCGACTCGGGCGGCTTTCTTTGGACAA"	""	"TCTCACTGTGACATCGGCCCAAAAGAACCCGACAGCTTTCTATCTCTGTGCCAGTAGTAACCGACTCGGGCGGCTTTCTTTGGACAA"	""	"TCRBV19-1*1"	NA	"TCRBJ1-1*1"	59	67	71	72	8	1	NA	NA	"TCTCACTGTGACATCGGCCCAAAAGAACCCGACAGCTTTCTATCTCTGTGCCAGTAGTAACCGACTCGGGCGGCTTTCTTTGGACAA"	FALSE	FALSE	NA	NA	NA	NA
"ACATCGGCCCAAAAGAACCCGACAGCTTTCTATCTCTGTGCCAGTAGTATAGCGGGAGAAAATATAGATACGCAGTATTTTGGCCCA"	"CASSIAGENIDTQYF"	"ACATCGGCCCAAAAGAACCCGACAGCTTTCTATCTCTGTGCCAGTAGTATAGCGGGAGAAAATATAGATACGCAGTATTTTGGCCCA"	"CASSIAGENIDTQYF"	"TCRBV19-1*1"	"TCRBD2-1*2"	"TCRBJ2-3*1"	-1	52	58	65	53	7	NA	NA	"ACATCGGCCCAAAAGAACCCGACAGCTTTCTATCTCTGTGCCAGTAGTATAGCGGGAGAAAATATAGATACGCAGTATTTTGGCCCA"	FALSE	TRUE	NA	NA	NA	NA
"ACCCTGGAGTCTGCCAGGCCCTCACATACCTCTCAGTACCTCTGTGCCAGCAGTGCCCCCGGCAGCCCCCAAGCTTTCTTTGGACAA"	"CASSAPGSPQAFF"	"ACCCTGGAGTCTGCCAGGCCCTCACATACCTCTCAGTACCTCTGTGCCAGCAGTGCCCCCGGCAGCCCCCAAGCTTTCTTTGGACAA"	"CASSAPGSPQAFF"	"TCRBV25-1*1"	NA	"TCRBJ1-1*1"	55	62	65	70	7	5	NA	NA	"ACCCTGGAGTCTGCCAGGCCCTCACATACCTCTCAGTACCTCTGTGCCAGCAGTGCCCCCGGCAGCCCCCAAGCTTTCTTTGGACAA"	FALSE	TRUE	NA	NA	NA	NA
"ACAGTGACCAGTGCCCATCCTGAAGACAGCAGCTTCTACATCTGCAGTGCTAGATTCGGACAGCAAGAGACCCAGTACTTCGGGCCA"	"CSARFGQQETQYF"	"ACAGTGACCAGTGCCCATCCTGAAGACAGCAGCTTCTACATCTGCAGTGCTAGATTCGGACAGCAAGAGACCCAGTACTTCGGGCCA"	"CSARFGQQETQYF"	NA	"TCRBD1-1*1"	"TCRBJ2-5*1"	54	57	-1	63	3	64	NA	NA	"ACAGTGACCAGTGCCCATCCTGAAGACAGCAGCTTCTACATCTGCAGTGCTAGATTCGGACAGCAAGAGACCCAGTACTTCGGGCCA"	FALSE	TRUE	NA	NA	NA	NA
"CGCACAGAGCAGGAGGACTCGGCCGTGTATCTCTGTGCCAGCAGCGGCGGGACTAGCACCTGGGGTGGGGAGCTGTTTTTTGGAGAA"	"CASSGGTSTWGGELFF"	"CGCACAGAGCAGGAGGACTCGGCCGTGTATCTCTGTGCCAGCAGCGGCGGGACTAGCACCTGGGGTGGGGAGCTGTTTTTTGGAGAA"	"CASSGGTSTWGGELFF"	"TCRBV7-2"	"TCRBD2-1"	"TCRBJ2-2*1"	45	48	57	66	3	9	NA	NA	"CGCACAGAGCAGGAGGACTCGGCCGTGTATCTCTGTGCCAGCAGCGGCGGGACTAGCACCTGGGGTGGGGAGCTGTTTTTTGGAGAA"	FALSE	TRUE	NA	NA	NA	NA
"ACCAGTGCCCATCCTGAAGACAGCAGCTTCTACATCTGCAGTGCTACGACTAGCGGGAGAGTCACAGATACGCAGTATTTTGGCCCA"	"CSATTSGRVTDTQYF"	"ACCAGTGCCCATCCTGAAGACAGCAGCTTCTACATCTGCAGTGCTACGACTAGCGGGAGAGTCACAGATACGCAGTATTTTGGCCCA"	"CSATTSGRVTDTQYF"	NA	"TCRBD2-1*2"	"TCRBJ2-3*1"	46	47	59	62	1	3	NA	NA	"ACCAGTGCCCATCCTGAAGACAGCAGCTTCTACATCTGCAGTGCTACGACTAGCGGGAGAGTCACAGATACGCAGTATTTTGGCCCA"	FALSE	TRUE	NA	NA	NA	NA
"TCCACAAAGCTGGAGGACTCAGCCATGTACTTCTGTGCCAGCAGTTTACAGGGGGCATTTAGCACCGGGGAGCTGTTTTTTGGAGAA"	"CASSLQGAFSTGELFF"	"TCCACAAAGCTGGAGGACTCAGCCATGTACTTCTGTGCCAGCAGTTTACAGGGGGCATTTAGCACCGGGGAGCTGTTTTTTGGAGAA"	"CASSLQGAFSTGELFF"	"TCRBV2-1"	"TCRBD1-1*1"	"TCRBJ2-2*1"	45	47	56	62	2	6	NA	NA	"TCCACAAAGCTGGAGGACTCAGCCATGTACTTCTGTGCCAGCAGTTTACAGGGGGCATTTAGCACCGGGGAGCTGTTTTTTGGAGAA"	FALSE	TRUE	NA	NA	NA	NA
"ACTCTGGAGTCTGCTGCCTCCTCCCAGACATCTGTATATTTCTGCGCCAGCAGTGATTCGGGAGAAGATACGCAGTATTTTGGCCCA"	"CASSDSGEDTQYF"	"ACTCTGGAGTCTGCTGCCTCCTCCCAGACATCTGTATATTTCTGCGCCAGCAGTGATTCGGGAGAAGATACGCAGTATTTTGGCCCA"	"CASSDSGEDTQYF"	"TCRBV1-1*1"	"TCRBD2-1*2"	"TCRBJ2-3*1"	56	58	64	65	2	1	NA	NA	"ACTCTGGAGTCTGCTGCCTCCTCCCAGACATCTGTATATTTCTGCGCCAGCAGTGATTCGGGAGAAGATACGCAGTATTTTGGCCCA"	FALSE	TRUE	NA	NA	NA	NA
"GCCATCCCCAACCAGACAGCTCTTTACTTCTGTGCCACCAGTGATTTAATTGCAAATCCTGCCGCGCAGCCCCAGCATTTTGGTGAT"	"CATSDLIANPAAQPQHF"	"GCCATCCCCAACCAGACAGCTCTTTACTTCTGTGCCACCAGTGATTTAATTGCAAATCCTGCCGCGCAGCCCCAGCATTTTGGTGAT"	"CATSDLIANPAAQPQHF"	"TCRBV24-1*1"	"TCRBD2-1"	"TCRBJ1-5*1"	47	63	-1	66	16	67	NA	NA	"GCCATCCCCAACCAGACAGCTCTTTACTTCTGTGCCACCAGTGATTTAATTGCAAATCCTGCCGCGCAGCCCCAGCATTTTGGTGAT"	FALSE	TRUE	NA	NA	NA	NA
"ACATCGGCCCAAAAGAACCCGACAGCTTTCTATCTCTGTGCCAGTAGTGAGTTAGACAGGCACACCGGGGAGCTGTTTTTTGGAGAA"	"CASSELDRHTGELFF"	"ACATCGGCCCAAAAGAACCCGACAGCTTTCTATCTCTGTGCCAGTAGTGAGTTAGACAGGCACACCGGGGAGCTGTTTTTTGGAGAA"	"CASSELDRHTGELFF"	"TCRBV19-1*1"	"TCRBD1-1*1"	"TCRBJ2-2*1"	48	54	60	61	6	1	NA	NA	"ACATCGGCCCAAAAGAACCCGACAGCTTTCTATCTCTGTGCCAGTAGTGAGTTAGACAGGCACACCGGGGAGCTGTTTTTTGGAGAA"	FALSE	TRUE	NA	NA	NA	NA
"GAGATGAATGTGAGCACCTTGGAGCTGGGGGACTCGGCCCTTTATCTTTGCGCCAGCAGCTACAACTACGAGCAGTACTTCGGGCCG"	"CASSYNYEQYF"	"GAGATGAATGTGAGCACCTTGGAGCTGGGGGACTCGGCCCTTTATCTTTGCGCCAGCAGCTACAACTACGAGCAGTACTTCGGGCCG"	"CASSYNYEQYF"	"TCRBV5-1*1"	"TCRBD1-1*1"	"TCRBJ2-7*1"	-1	61	64	65	62	1	NA	NA	"GAGATGAATGTGAGCACCTTGGAGCTGGGGGACTCGGCCCTTTATCTTTGCGCCAGCAGCTACAACTACGAGCAGTACTTCGGGCCG"	FALSE	TRUE	NA	NA	NA	NA
"AGCAGGGGGACTCGGCCATGTATCTCTGTGCCAGCAGCCTACCAAATCTCGACAGGCTTCTGATACACTGAAGCTTTCTTTGGACAA"	""	"AGCAGGGGGACTCGGCCATGTATCTCTGTGCCAGCAGCCTACCAAATCTCGACAGGCTTCTGATACACTGAAGCTTTCTTTGGACAA"	""	"TCRBV7-9*1"	"TCRBD1-1*1"	"TCRBJ1-1*1"	38	50	56	64	12	8	NA	NA	"AGCAGGGGGACTCGGCCATGTATCTCTGTGCCAGCAGCCTACCAAATCTCGACAGGCTTCTGATACACTGAAGCTTTCTTTGGACAA"	FALSE	FALSE	NA	NA	NA	NA
"GAGTCCGCTACCAGCTCCCAGACATCTGTGTACTTCTGTGCCATCTCCCCAGCTAGCGGGAGGGAAGGGACCCAGTACTTCGGGCCA"	"CAISPASGREGTQYF"	"GAGTCCGCTACCAGCTCCCAGACATCTGTGTACTTCTGTGCCATCTCCCCAGCTAGCGGGAGGGAAGGGACCCAGTACTTCGGGCCA"	"CAISPASGREGTQYF"	"TCRBV1-3*1"	"TCRBD2-1*2"	"TCRBJ2-5*1"	45	52	64	68	7	4	NA	NA	"GAGTCCGCTACCAGCTCCCAGACATCTGTGTACTTCTGTGCCATCTCCCCAGCTAGCGGGAGGGAAGGGACCCAGTACTTCGGGCCA"	FALSE	TRUE	NA	NA	NA	NA
"TGTGAGCAACATGAGCCCTGAAGACAGCAGCATATATCTCTGCAGCGTTATAAAGCTACGAGGTCGCCGACCCAGTACTTCGGGCCA"	""	"TGTGAGCAACATGAGCCCTGAAGACAGCAGCATATATCTCTGCAGCGTTATAAAGCTACGAGGTCGCCGACCCAGTACTTCGGGCCA"	""	"TCRBV29-1"	"TCRBD2-1*2"	"TCRBJ2-5*1"	49	59	63	68	10	5	NA	NA	"TGTGAGCAACATGAGCCCTGAAGACAGCAGCATATATCTCTGCAGCGTTATAAAGCTACGAGGTCGCCGACCCAGTACTTCGGGCCA"	FALSE	FALSE	NA	NA	NA	NA
"CTGGAGATCCAGCGCACAGAGCAGGGGGACTCGGCCATGTATCTCTGTGCCTCAAGGGGGGAGAACACTGAAGCTTTCTTTGGACAA"	"CASRGENTEAFF"	"CTGGAGATCCAGCGCACAGAGCAGGGGGACTCGGCCATGTATCTCTGTGCCTCAAGGGGGGAGAACACTGAAGCTTTCTTTGGACAA"	"CASRGENTEAFF"	"TCRBV7-9"	NA	"TCRBJ1-1*1"	51	54	60	62	3	2	NA	NA	"CTGGAGATCCAGCGCACAGAGCAGGGGGACTCGGCCATGTATCTCTGTGCCTCAAGGGGGGAGAACACTGAAGCTTTCTTTGGACAA"	FALSE	TRUE	NA	NA	NA	NA
"AATTCCCTGGAGCTTGGTGACTCTGCTGTGTATTTCTGTGCCAGCAGCCAAGGGGCAGGGGGCCTTTCGAGTATCACCTTCGGTTCG"	"CASSQGAGGLSSITF"	"AATTCCCTGGAGCTTGGTGACTCTGCTGTGTATTTCTGTGCCAGCAGCCAAGGGGCAGGGGGCCTTTCGAGTATCACCTTCGGTTCG"	"CASSQGAGGLSSITF"	"TCRBV3-1/3-2*1"	"TCRBD1-1*1"	"TCRBJ1-2*1"	52	55	63	74	3	11	NA	NA	"AATTCCCTGGAGCTTGGTGACTCTGCTGTGTATTTCTGTGCCAGCAGCCAAGGGGCAGGGGGCCTTTCGAGTATCACCTTCGGTTCG"	FALSE	TRUE	NA	NA	NA	NA
"GCCTTGGAGCTGGACGACTCGGCCCTGTATCTCTGTGCCAGCAGCTTGAGTAGAAGCGGGAGTACCTACGAGCAGTACTTCGGGCCG"	"CASSLSRSGSTYEQYF"	"GCCTTGGAGCTGGACGACTCGGCCCTGTATCTCTGTGCCAGCAGCTTGAGTAGAAGCGGGAGTACCTACGAGCAGTACTTCGGGCCG"	"CASSLSRSGSTYEQYF"	"TCRBV5-4*1"	"TCRBD2-1*2"	"TCRBJ2-7*1"	48	54	62	64	6	2	NA	NA	"GCCTTGGAGCTGGACGACTCGGCCCTGTATCTCTGTGCCAGCAGCTTGAGTAGAAGCGGGAGTACCTACGAGCAGTACTTCGGGCCG"	FALSE	TRUE	NA	NA	NA	NA
"ACAGAGCGGGGGGACTCAGCCGTGTATCTCTGTGCCAGCAGCTTAAGCCGGTGGGCTAGCGGGAAGAATGAGCAGTTCTTCGGGCCA"	"CASSLSRWASGKNEQFF"	"ACAGAGCGGGGGGACTCAGCCGTGTATCTCTGTGCCAGCAGCTTAAGCCGGTGGGCTAGCGGGAAGAATGAGCAGTTCTTCGGGCCA"	"CASSLSRWASGKNEQFF"	"TCRBV7-3*1"	"TCRBD2-1*2"	"TCRBJ2-1*1"	46	55	64	66	9	2	NA	NA	"ACAGAGCGGGGGGACTCAGCCGTGTATCTCTGTGCCAGCAGCTTAAGCCGGTGGGCTAGCGGGAAGAATGAGCAGTTCTTCGGGCCA"	FALSE	TRUE	NA	NA	NA	NA
"GAGTCGCCCAGCCCCAACCAGACCTCTCTGTACTTCTGTGCCAGCAGCGCCGGGACAGGGGGTTATTCACCCCTCCACTTTGGGAAT"	"CASSAGTGGYSPLHF"	"GAGTCGCCCAGCCCCAACCAGACCTCTCTGTACTTCTGTGCCAGCAGCGCCGGGACAGGGGGTTATTCACCCCTCCACTTTGGGAAT"	"CASSAGTGGYSPLHF"	"TCRBV27-1*1"	"TCRBD1-1*1"	"TCRBJ1-6*1"	47	51	62	64	4	2	NA	NA	"GAGTCGCCCAGCCCCAACCAGACCTCTCTGTACTTCTGTGCCAGCAGCGCCGGGACAGGGGGTTATTCACCCCTCCACTTTGGGAAT"	FALSE	TRUE	NA	NA	NA	NA
"ACTGTGAGCAACATGAGCCCTGAAGACAGCAGCATATATCTCTGCAGCGTTGGGACGGGGATATCATACGAGCAGTACTTCGGGCCG"	"CSVGTGISYEQYF"	"ACTGTGAGCAACATGAGCCCTGAAGACAGCAGCATATATCTCTGCAGCGTTGGGACGGGGATATCATACGAGCAGTACTTCGGGCCG"	"CSVGTGISYEQYF"	"TCRBV29-1"	"TCRBD2-1*1"	"TCRBJ2-7*1"	52	55	60	66	3	6	NA	NA	"ACTGTGAGCAACATGAGCCCTGAAGACAGCAGCATATATCTCTGCAGCGTTGGGACGGGGATATCATACGAGCAGTACTTCGGGCCG"	FALSE	TRUE	NA	NA	NA	NA
"TCTAAGAAGCTCCTTCTCAGTGACTCTGGCTTCTGTCCCTGTGCCGGATCTCCCGGGACAGGGAATTTACCCCTCCACTTTGGGAAT"	"CAGSPGTGNLPLHF"	"TCTAAGAAGCTCCTTCTCAGTGACTCTGGCTTCTGTCCCTGTGCCGGATCTCCCGGGACAGGGAATTTACCCCTCCACTTTGGGAAT"	"CAGSPGTGNLPLHF"	"TCRBV3-1"	"TCRBD1-1*1"	"TCRBJ1-6*1"	45	54	63	68	9	5	NA	NA	"TCTAAGAAGCTCCTTCTCAGTGACTCTGGCTTCTGTCCCTGTGCCGGATCTCCCGGGACAGGGAATTTACCCCTCCACTTTGGGAAT"	FALSE	TRUE	NA	NA	NA	NA
"GTGACCAGTGCCCATCCTGAAGACAGCAGCTTCTACATCTGCAGTGCCCGAGAGCGGGGAGCCAAAAACATTCAGTACTTCGGCGCC"	"CSARERGAKNIQYF"	"GTGACCAGTGCCCATCCTGAAGACAGCAGCTTCTACATCTGCAGTGCCCGAGAGCGGGGAGCCAAAAACATTCAGTACTTCGGCGCC"	"CSARERGAKNIQYF"	NA	"TCRBD2-1*1"	"TCRBJ2-4*1"	47	52	-1	59	5	60	NA	NA	"GTGACCAGTGCCCATCCTGAAGACAGCAGCTTCTACATCTGCAGTGCCCGAGAGCGGGGAGCCAAAAACATTCAGTACTTCGGCGCC"	FALSE	TRUE	NA	NA	NA	NA
"NNNNNNNNNNNNNTGTCGGCTGCTCCCTCCCAGACATCTGTGTACTTCTGTGCCAGCAGTTACCTAGGCGAGCAGTACTTCGGGCCG"	"CASSYLGEQYF"	"NNNNNNNNNNNNNTGTCGGCTGCTCCCTCCCAGACATCTGTGTACTTCTGTGCCAGCAGTTACCTAGGCGAGCAGTACTTCGGGCCG"	"CASSYLGEQYF"	"TCRBV6-5*1"	"TCRBD2-1"	"TCRBJ2-7*1"	-1	63	67	68	64	1	NA	NA	"NNNNNNNNNNNNNTGTCGGCTGCTCCCTCCCAGACATCTGTGTACTTCTGTGCCAGCAGTTACCTAGGCGAGCAGTACTTCGGGCCG"	FALSE	TRUE	NA	NA	NA	NA
"GTGAACGCCTTGGAGCTGGACGACTCGGCCCTGTATCTCTGTGCCAGCAGCTGGGGCAAGTTGAACACTGAAGCTTTCTTTGGACAA"	"CASSWGKLNTEAFF"	"GTGAACGCCTTGGAGCTGGACGACTCGGCCCTGTATCTCTGTGCCAGCAGCTGGGGCAAGTTGAACACTGAAGCTTTCTTTGGACAA"	"CASSWGKLNTEAFF"	"TCRBV5-4*1"	"TCRBD1-1*1"	"TCRBJ1-1*1"	-1	52	57	61	53	4	NA	NA	"GTGAACGCCTTGGAGCTGGACGACTCGGCCCTGTATCTCTGTGCCAGCAGCTGGGGCAAGTTGAACACTGAAGCTTTCTTTGGACAA"	FALSE	TRUE	NA	NA	NA	NA
"GCCTGCAGAGCTTGGGGACTCGGCCGTGTATCTCTGTGCCAGCAGCTTATGGGGCAAGCAACTAATGAAAAACTGTTTTTTGGCAGT"	""	"GCCTGCAGAGCTTGGGGACTCGGCCGTGTATCTCTGTGCCAGCAGCTTATGGGGCAAGCAACTAATGAAAAACTGTTTTTTGGCAGT"	""	"TCRBV11-3*1"	"TCRBD1-1*1"	"TCRBJ1-4*1"	49	50	55	58	1	3	NA	NA	"GCCTGCAGAGCTTGGGGACTCGGCCGTGTATCTCTGTGCCAGCAGCTTATGGGGCAAGCAACTAATGAAAAACTGTTTTTTGGCAGT"	FALSE	FALSE	NA	NA	NA	NA
"NTGTCGGCTGCTCCCTCCCAGACATCTGTGTACTTCTGTGCCAGCAGGTCTGGACTAGCGGGCACAGATACGCAGTATTTTGGCCCA"	"CASRSGLAGTDTQYF"	"NTGTCGGCTGCTCCCTCCCAGACATCTGTGTACTTCTGTGCCAGCAGGTCTGGACTAGCGGGCACAGATACGCAGTATTTTGGCCCA"	"CASRSGLAGTDTQYF"	"TCRBV6-5*1"	"TCRBD2-1"	"TCRBJ2-3*1"	47	51	-1	61	4	62	NA	NA	"NTGTCGGCTGCTCCCTCCCAGACATCTGTGTACTTCTGTGCCAGCAGGTCTGGACTAGCGGGCACAGATACGCAGTATTTTGGCCCA"	FALSE	TRUE	NA	NA	NA	NA
"AATGTGAACGCCTTGGAGCTGGACGACTCGGCCCTGTATCTCTGTGCCAGCAGCTTCAGGGCGTCCTACGAGCAGTACTTCGGGCCG"	"CASSFRASYEQYF"	"AATGTGAACGCCTTGGAGCTGGACGACTCGGCCCTGTATCTCTGTGCCAGCAGCTTCAGGGCGTCCTACGAGCAGTACTTCGGGCCG"	"CASSFRASYEQYF"	"TCRBV5-4*1"	"TCRBD1-1*1"	"TCRBJ2-7*1"	-1	56	61	63	57	2	NA	NA	"AATGTGAACGCCTTGGAGCTGGACGACTCGGCCCTGTATCTCTGTGCCAGCAGCTTCAGGGCGTCCTACGAGCAGTACTTCGGGCCG"	FALSE	TRUE	NA	NA	NA	NA
"TCGCCCAGCCCCAACCAGACCTCTCTGTACTTCTGTGCCAGCAGTTTTGGGTTCGGGTCTCGCGGCACTGAAGCTTTCTTTGGACAA"	"CASSFGFGSRGTEAFF"	"TCGCCCAGCCCCAACCAGACCTCTCTGTACTTCTGTGCCAGCAGTTTTGGGTTCGGGTCTCGCGGCACTGAAGCTTTCTTTGGACAA"	"CASSFGFGSRGTEAFF"	"TCRBV27-1*1"	"TCRBD2-1"	"TCRBJ1-1*1"	47	61	-1	65	14	66	NA	NA	"TCGCCCAGCCCCAACCAGACCTCTCTGTACTTCTGTGCCAGCAGTTTTGGGTTCGGGTCTCGCGGCACTGAAGCTTTCTTTGGACAA"	FALSE	TRUE	NA	NA	NA	NA
"TCCCTGGAGCTTGGTGACTCTGCTGTGTATTTCTGTGCCAGCAGCTACCCGACGGGAATGGCCAAAAACATTCAGTACTTCGGCGCC"	"CASSYPTGMAKNIQYF"	"TCCCTGGAGCTTGGTGACTCTGCTGTGTATTTCTGTGCCAGCAGCTACCCGACGGGAATGGCCAAAAACATTCAGTACTTCGGCGCC"	"CASSYPTGMAKNIQYF"	"TCRBV3-1/3-2*1"	"TCRBD2-1*2"	"TCRBJ2-4*1"	45	52	57	60	7	3	NA	NA	"TCCCTGGAGCTTGGTGACTCTGCTGTGTATTTCTGTGCCAGCAGCTACCCGACGGGAATGGCCAAAAACATTCAGTACTTCGGCGCC"	FALSE	TRUE	NA	NA	NA	NA
"NTGTCGGCTGCTCCCTCCCAGACATCTGTGTACTTCTGTGCCAGCAGTCAGACGGAAAGCTCTGGAAACACCATATATTTTGGAGAG"	"CASSQTESSGNTIYF"	"NTGTCGGCTGCTCCCTCCCAGACATCTGTGTACTTCTGTGCCAGCAGTCAGACGGAAAGCTCTGGAAACACCATATATTTTGGAGAG"	"CASSQTESSGNTIYF"	"TCRBV6-5*1"	NA	"TCRBJ1-3*1"	48	53	56	59	5	3	NA	NA	"NTGTCGGCTGCTCCCTCCCAGACATCTGTGTACTTCTGTGCCAGCAGTCAGACGGAAAGCTCTGGAAACACCATATATTTTGGAGAG"	FALSE	TRUE	NA	NA	NA	NA
"GGGGACTCGGCCCTGTATCTCTGTGCCAGAAGCTATACATTCCGGGACAGGGACTAGCGGGAGAGGTATGAGCAGTTCTTCGGGCCA"	"CARSYTFRDRD*RERYEQFF"	"GGGGACTCGGCCCTGTATCTCTGTGCCAGAAGCTATACATTCCGGGACAGGGACTAGCGGGAGAGGTATGAGCAGTTCTTCGGGCCA"	"CARSYTFRDRD*RERYEQFF"	"TCRBV5-3"	"TCRBD2-1*2"	"TCRBJ2-1*1"	34	49	63	67	15	4	NA	NA	"GGGGACTCGGCCCTGTATCTCTGTGCCAGAAGCTATACATTCCGGGACAGGGACTAGCGGGAGAGGTATGAGCAGTTCTTCGGGCCA"	FALSE	TRUE	NA	NA	NA	NA
"ATTCTGGAGTCCGCCAGCACCAACCAGACATCTATGTACCTCTGTGCGAGCATTTGGGGGACGGGGACTGAAGCTTTCTTTGGACAA"	"CASIWGTGTEAFF"	"ATTCTGGAGTCCGCCAGCACCAACCAGACATCTATGTACCTCTGTGCGAGCATTTGGGGGACGGGGACTGAAGCTTTCTTTGGACAA"	"CASIWGTGTEAFF"	"TCRBV28-1*1"	NA	"TCRBJ1-1*1"	52	57	62	66	5	4	NA	NA	"ATTCTGGAGTCCGCCAGCACCAACCAGACATCTATGTACCTCTGTGCGAGCATTTGGGGGACGGGGACTGAAGCTTTCTTTGGACAA"	FALSE	TRUE	NA	NA	NA	NA
"AAGATCCAGCCTGCAAAGCTTGAGGACTCGGCCGTGTATCTCTGTGCCAGCAGCGTGACTACACTCTACGAGCAGTACTTCGGGCCG"	"CASSVTTLYEQYF"	"AAGATCCAGCCTGCAAAGCTTGAGGACTCGGCCGTGTATCTCTGTGCCAGCAGCGTGACTACACTCTACGAGCAGTACTTCGGGCCG"	"CASSVTTLYEQYF"	"TCRBV11-2*1"	"TCRBD2-1"	"TCRBJ2-7*1"	54	56	61	65	2	4	NA	NA	"AAGATCCAGCCTGCAAAGCTTGAGGACTCGGCCGTGTATCTCTGTGCCAGCAGCGTGACTACACTCTACGAGCAGTACTTCGGGCCG"	FALSE	TRUE	NA	NA	NA	NA
"GCCTTGGAGCTGGACGACTCGGCCCTGTATCTCTGTGCCAGCAGCCCACTAGCGGGAGGGCCCGTGGAGACCCAGTACTTCGGGCCA"	"CASSPLAGGPVETQYF"	"GCCTTGGAGCTGGACGACTCGGCCCTGTATCTCTGTGCCAGCAGCCCACTAGCGGGAGGGCCCGTGGAGACCCAGTACTTCGGGCCA"	"CASSPLAGGPVETQYF"	"TCRBV5-4*1"	"TCRBD2-1*2"	"TCRBJ2-5*1"	45	47	60	66	2	6	NA	NA	"GCCTTGGAGCTGGACGACTCGGCCCTGTATCTCTGTGCCAGCAGCCCACTAGCGGGAGGGCCCGTGGAGACCCAGTACTTCGGGCCA"	FALSE	TRUE	NA	NA	NA	NA
"CCAGACCTCTCTGTACTTCTGTGCCAGCAATACCCCCGGAGCGGGTCGGGCCACTCCTCTGGGGCCAACGTCCTGACTTTCGGGGCC"	""	"CCAGACCTCTCTGTACTTCTGTGCCAGCAATACCCCCGGAGCGGGTCGGGCCACTCCTCTGGGGCCAACGTCCTGACTTTCGGGGCC"	""	"TCRBV27-1*1"	"TCRBD2-1"	"TCRBJ2-6*1"	29	39	45	56	10	11	NA	NA	"CCAGACCTCTCTGTACTTCTGTGCCAGCAATACCCCCGGAGCGGGTCGGGCCACTCCTCTGGGGCCAACGTCCTGACTTTCGGGGCC"	FALSE	FALSE	NA	NA	NA	NA
"GAGTCTGCCAGGCCCTCACATACCTCTCAGTACCTCTGTGCCAGCAGTCACTCAGGGGGAGGCAATCAGCCCCAGCATTTTGGTGAT"	"CASSHSGGGNQPQHF"	"GAGTCTGCCAGGCCCTCACATACCTCTCAGTACCTCTGTGCCAGCAGTCACTCAGGGGGAGGCAATCAGCCCCAGCATTTTGGTGAT"	"CASSHSGGGNQPQHF"	"TCRBV25-1*1"	"TCRBD1-1*1"	"TCRBJ1-5*1"	48	52	59	61	4	2	NA	NA	"GAGTCTGCCAGGCCCTCACATACCTCTCAGTACCTCTGTGCCAGCAGTCACTCAGGGGGAGGCAATCAGCCCCAGCATTTTGGTGAT"	FALSE	TRUE	NA	NA	NA	NA
"NCTCTGAAGATCCGGTCCACAAAGCTGGAGGACTCAGCCATGTACTTCTGTGCCAGCAGTCACCAATACGAGCAGTACTTCGGGCCG"	"CASSHQYEQYF"	"NCTCTGAAGATCCGGTCCACAAAGCTGGAGGACTCAGCCATGTACTTCTGTGCCAGCAGTCACCAATACGAGCAGTACTTCGGGCCG"	"CASSHQYEQYF"	"TCRBV2-1"	NA	"TCRBJ2-7*1"	60	61	63	66	1	3	NA	NA	"NCTCTGAAGATCCGGTCCACAAAGCTGGAGGACTCAGCCATGTACTTCTGTGCCAGCAGTCACCAATACGAGCAGTACTTCGGGCCG"	FALSE	TRUE	NA	NA	NA	NA
"AAGATCCAGCCCTCAGAACCCAGGGACTCAGCTGTGTACTTCTGTGCCAGCAGTTTGGGGACAGTTAATGAAGCTTTCTTTGGACAA"	"CASSLGTVNEAFF"	"AAGATCCAGCCCTCAGAACCCAGGGACTCAGCTGTGTACTTCTGTGCCAGCAGTTTGGGGACAGTTAATGAAGCTTTCTTTGGACAA"	"CASSLGTVNEAFF"	"TCRBV12-3/12-4*1"	"TCRBD1-1*1"	"TCRBJ1-1*1"	56	57	64	68	1	4	NA	NA	"AAGATCCAGCCCTCAGAACCCAGGGACTCAGCTGTGTACTTCTGTGCCAGCAGTTTGGGGACAGTTAATGAAGCTTTCTTTGGACAA"	FALSE	TRUE	NA	NA	NA	NA
"CCTGGAGCTTGGTGACTCTGCTGTGTATTTCTGTGCCAGCAGCCAGGGACTAGCGGGAGGGGAACAGATACGCAGTATTTTGGCCCA"	""	"CCTGGAGCTTGGTGACTCTGCTGTGTATTTCTGTGCCAGCAGCCAGGGACTAGCGGGAGGGGAACAGATACGCAGTATTTTGGCCCA"	""	"TCRBV3-1/3-2*1"	"TCRBD2-1*2"	"TCRBJ2-3*1"	-1	45	61	63	46	2	NA	NA	"CCTGGAGCTTGGTGACTCTGCTGTGTATTTCTGTGCCAGCAGCCAGGGACTAGCGGGAGGGGAACAGATACGCAGTATTTTGGCCCA"	FALSE	FALSE	NA	NA	NA	NA
"ACGATCCAGCGCACAGAGCAGCGGGACTCGGCCATGTATCGCTGTGCCAGCAGCCTAAACAGGGGTGAGACCCAGTACTTCGGGCCA"	"CASSLNRGETQYF"	"ACGATCCAGCGCACAGAGCAGCGGGACTCGGCCATGTATCGCTGTGCCAGCAGCCTAAACAGGGGTGAGACCCAGTACTTCGGGCCA"	"CASSLNRGETQYF"	"TCRBV7-6*1"	"TCRBD1-1*1"	"TCRBJ2-5*1"	54	58	65	66	4	1	NA	NA	"ACGATCCAGCGCACAGAGCAGCGGGACTCGGCCATGTATCGCTGTGCCAGCAGCCTAAACAGGGGTGAGACCCAGTACTTCGGGCCA"	FALSE	TRUE	NA	NA	NA	NA
"CAGTGCCCATCCTGAAGACAGCAGCTTCTACATCTGCAGTGCTAAGAAAGGCCGGGACTTGGACAAGAGACCCAGTACTTCGGGCCA"	""	"CAGTGCCCATCCTGAAGACAGCAGCTTCTACATCTGCAGTGCTAAGAAAGGCCGGGACTTGGACAAGAGACCCAGTACTTCGGGCCA"	""	NA	"TCRBD2-1"	"TCRBJ2-5*1"	44	53	59	63	9	4	NA	NA	"CAGTGCCCATCCTGAAGACAGCAGCTTCTACATCTGCAGTGCTAAGAAAGGCCGGGACTTGGACAAGAGACCCAGTACTTCGGGCCA"	FALSE	FALSE	NA	NA	NA	NA
"CCAACCAGACCTCTCTGTACTTCTGTGCCAGCAGTTCAATCCGGGACTAGCGGGAGTCCATCCTACAATGAGCAGTTCTTCGGGCCA"	""	"CCAACCAGACCTCTCTGTACTTCTGTGCCAGCAGTTCAATCCGGGACTAGCGGGAGTCCATCCTACAATGAGCAGTTCTTCGGGCCA"	""	"TCRBV27-1*1"	"TCRBD2-1*2"	"TCRBJ2-1*1"	36	42	56	60	6	4	NA	NA	"CCAACCAGACCTCTCTGTACTTCTGTGCCAGCAGTTCAATCCGGGACTAGCGGGAGTCCATCCTACAATGAGCAGTTCTTCGGGCCA"	FALSE	FALSE	NA	NA	NA	NA
"GAGCTGGGGGACTCGGCCCTTTATCTTTGCGCCAGCAGCTTGGACCGACAGGAGAAGGCAACTAATGAAAAACTGTTTTTTGGCAGT"	"CASSLDRQEKATNEKLFF"	"GAGCTGGGGGACTCGGCCCTTTATCTTTGCGCCAGCAGCTTGGACCGACAGGAGAAGGCAACTAATGAAAAACTGTTTTTTGGCAGT"	"CASSLDRQEKATNEKLFF"	"TCRBV5-1*1"	"TCRBD1-1*1"	"TCRBJ1-4*1"	43	46	52	58	3	6	NA	NA	"GAGCTGGGGGACTCGGCCCTTTATCTTTGCGCCAGCAGCTTGGACCGACAGGAGAAGGCAACTAATGAAAAACTGTTTTTTGGCAGT"	FALSE	TRUE	NA	NA	NA	NA
"ATCCGGTCCACAAAGCTGGAGGACTCAGCCATGTACTTCTGTGCCAGAACTAGCGGAGGCTCCTACAATGAGCAGTTCTTCGGGCCA"	"CARTSGGSYNEQFF"	"ATCCGGTCCACAAAGCTGGAGGACTCAGCCATGTACTTCTGTGCCAGAACTAGCGGAGGCTCCTACAATGAGCAGTTCTTCGGGCCA"	"CARTSGGSYNEQFF"	"TCRBV2-1"	"TCRBD2-1"	"TCRBJ2-1*1"	47	48	56	59	1	3	NA	NA	"ATCCGGTCCACAAAGCTGGAGGACTCAGCCATGTACTTCTGTGCCAGAACTAGCGGAGGCTCCTACAATGAGCAGTTCTTCGGGCCA"	FALSE	TRUE	NA	NA	NA	NA
"ACTGTGACATCGGCCCAAAAGAACCCGACAGCTTTCTATCTCTGTGCCAGTAGTATCGGGACAGCCACTGAAGCTTTCTTTGGACAA"	"CASSIGTATEAFF"	"ACTGTGACATCGGCCCAAAAGAACCCGACAGCTTTCTATCTCTGTGCCAGTAGTATCGGGACAGCCACTGAAGCTTTCTTTGGACAA"	"CASSIGTATEAFF"	"TCRBV19-1*1"	"TCRBD1-1*1"	"TCRBJ1-1*1"	56	57	64	65	1	1	NA	NA	"ACTGTGACATCGGCCCAAAAGAACCCGACAGCTTTCTATCTCTGTGCCAGTAGTATCGGGACAGCCACTGAAGCTTTCTTTGGACAA"	FALSE	TRUE	NA	NA	NA	NA
"GTGAGCACCTTGGAGCTGGGGGACTCGGCCCTTTATCTTTGCGCCAGCAGCAGTAGTCTAGCCAAAAACATTCAGTACTTCGGCGCC"	"CASSSSLAKNIQYF"	"GTGAGCACCTTGGAGCTGGGGGACTCGGCCCTTTATCTTTGCGCCAGCAGCAGTAGTCTAGCCAAAAACATTCAGTACTTCGGCGCC"	"CASSSSLAKNIQYF"	"TCRBV5-1*1"	"TCRBD2-1"	"TCRBJ2-4*1"	51	53	56	59	2	3	NA	NA	"GTGAGCACCTTGGAGCTGGGGGACTCGGCCCTTTATCTTTGCGCCAGCAGCAGTAGTCTAGCCAAAAACATTCAGTACTTCGGCGCC"	FALSE	TRUE	NA	NA	NA	NA
"ATCCAGCGCACAGAGCGGGGGGACTCAGCCGTGTATCTCTGTGCCAGCAGTCCAAGCCGGGGTGCGGTCGAGCAGTACTTCGGGCCG"	"CASSPSRGAVEQYF"	"ATCCAGCGCACAGAGCGGGGGGACTCAGCCGTGTATCTCTGTGCCAGCAGTCCAAGCCGGGGTGCGGTCGAGCAGTACTTCGGGCCG"	"CASSPSRGAVEQYF"	"TCRBV7-3*1"	"TCRBD2-1*1"	"TCRBJ2-7*1"	50	57	62	68	7	6	NA	NA	"ATCCAGCGCACAGAGCGGGGGGACTCAGCCGTGTATCTCTGTGCCAGCAGTCCAAGCCGGGGTGCGGTCGAGCAGTACTTCGGGCCG"	FALSE	TRUE	NA	NA	NA	NA
"GATCCAGCGCACACAGCAGGAGGACTCGGCCGTGTATCTCTGTGCCAGCAGCTATGGACAGGGAAGGATGAGCAGTTCTTCGGGCCA"	""	"GATCCAGCGCACACAGCAGGAGGACTCGGCCGTGTATCTCTGTGCCAGCAGCTATGGACAGGGAAGGATGAGCAGTTCTTCGGGCCA"	""	"TCRBV7-2"	"TCRBD1-1*1"	"TCRBJ2-1*1"	53	55	63	67	2	4	NA	NA	"GATCCAGCGCACACAGCAGGAGGACTCGGCCGTGTATCTCTGTGCCAGCAGCTATGGACAGGGAAGGATGAGCAGTTCTTCGGGCCA"	FALSE	FALSE	NA	NA	NA	NA
"TCTCTGGAGCTGGGGGACTCAGCTTTGTATTTCTGTGCCAGCAGCAACGACAGGGTGTCGGGGGCCAACGTCCTGACTTTCGGGGCC"	"CASSNDRVSGANVLTF"	"TCTCTGGAGCTGGGGGACTCAGCTTTGTATTTCTGTGCCAGCAGCAACGACAGGGTGTCGGGGGCCAACGTCCTGACTTTCGGGGCC"	"CASSNDRVSGANVLTF"	"TCRBV9-1*1"	"TCRBD1-1*1"	"TCRBJ2-6*1"	45	48	55	60	3	5	NA	NA	"TCTCTGGAGCTGGGGGACTCAGCTTTGTATTTCTGTGCCAGCAGCAACGACAGGGTGTCGGGGGCCAACGTCCTGACTTTCGGGGCC"	FALSE	TRUE	NA	NA	NA	NA
"CCTCACTCTGGAGTCAGCTACCCGCTCCCAGACATCTGTGTATTTCTGCGCCAGCAAATGGTCCATCAGCCCCAGCATTTTGGTGAT"	""	"CCTCACTCTGGAGTCAGCTACCCGCTCCCAGACATCTGTGTATTTCTGCGCCAGCAAATGGTCCATCAGCCCCAGCATTTTGGTGAT"	""	"TCRBV1-2*1"	NA	"TCRBJ1-5*1"	56	59	61	64	3	3	NA	NA	"CCTCACTCTGGAGTCAGCTACCCGCTCCCAGACATCTGTGTATTTCTGCGCCAGCAAATGGTCCATCAGCCCCAGCATTTTGGTGAT"	FALSE	FALSE	NA	NA	NA	NA
"GAGTCGCCCAGCCCCAACCAGACCTCTCTGTACTTCTGTGCCAGCAGTTTGCCCGGGACTAGAAGGTACGAGCAGTACTTCGGGCCG"	"CASSLPGTRRYEQYF"	"GAGTCGCCCAGCCCCAACCAGACCTCTCTGTACTTCTGTGCCAGCAGTTTGCCCGGGACTAGAAGGTACGAGCAGTACTTCGGGCCG"	"CASSLPGTRRYEQYF"	"TCRBV27-1*1"	"TCRBD2-1"	"TCRBJ2-7*1"	50	54	62	66	4	4	NA	NA	"GAGTCGCCCAGCCCCAACCAGACCTCTCTGTACTTCTGTGCCAGCAGTTTGCCCGGGACTAGAAGGTACGAGCAGTACTTCGGGCCG"	FALSE	TRUE	NA	NA	NA	NA
"NNNNTGTCGGCTGCTCCCTCCCAGACATCTGTGTACTTCTGTGCCAGCAGCAAGAGGAATAGCAATCAGCCCCAGCATTTTGGTGAT"	"CASSKRNSNQPQHF"	"NNNNTGTCGGCTGCTCCCTCCCAGACATCTGTGTACTTCTGTGCCAGCAGCAAGAGGAATAGCAATCAGCCCCAGCATTTTGGTGAT"	"CASSKRNSNQPQHF"	"TCRBV6-5*1"	"TCRBD2-1*2"	"TCRBJ1-5*1"	50	53	57	59	3	2	NA	NA	"NNNNTGTCGGCTGCTCCCTCCCAGACATCTGTGTACTTCTGTGCCAGCAGCAAGAGGAATAGCAATCAGCCCCAGCATTTTGGTGAT"	FALSE	TRUE	NA	NA	NA	NA
"GAGCAGGGGGACTCGGCCATGTATCTCTGTGCCAGCAGCAATAATCCCATAGGGACAGGGGGGGTCAATGAGCAGTTCTTCGGGCCA"	"CASSNNPIGTGGVNEQFF"	"GAGCAGGGGGACTCGGCCATGTATCTCTGTGCCAGCAGCAATAATCCCATAGGGACAGGGGGGGTCAATGAGCAGTTCTTCGGGCCA"	"CASSNNPIGTGGVNEQFF"	"TCRBV7-9*1"	"TCRBD1-1*1"	"TCRBJ2-1*1"	39	51	62	65	12	3	NA	NA	"GAGCAGGGGGACTCGGCCATGTATCTCTGTGCCAGCAGCAATAATCCCATAGGGACAGGGGGGGTCAATGAGCAGTTCTTCGGGCCA"	FALSE	TRUE	NA	NA	NA	NA
"GTGCCCATCCTGAAGACAGCAGCTTCTACATCTGCAGTGCTAGAGTTCCGACCGGGACACAGAAACTATGGCTACACCTTCGGTTCG"	""	"GTGCCCATCCTGAAGACAGCAGCTTCTACATCTGCAGTGCTAGAGTTCCGACCGGGACACAGAAACTATGGCTACACCTTCGGTTCG"	""	NA	"TCRBD1-1*1"	"TCRBJ1-2*1"	45	53	59	63	8	4	NA	NA	"GTGCCCATCCTGAAGACAGCAGCTTCTACATCTGCAGTGCTAGAGTTCCGACCGGGACACAGAAACTATGGCTACACCTTCGGTTCG"	FALSE	FALSE	NA	NA	NA	NA
"CAGCCTGCAAAGCTTGAGGACTCGGCCGTGTATCTCTGTGCCAGCAGCCCGATGGCTAGCGGGAGTAGGGTGCAGTACTTCGGGCCG"	"CASSPMASGSRVQYF"	"CAGCCTGCAAAGCTTGAGGACTCGGCCGTGTATCTCTGTGCCAGCAGCCCGATGGCTAGCGGGAGTAGGGTGCAGTACTTCGGGCCG"	"CASSPMASGSRVQYF"	"TCRBV11-2*1"	"TCRBD2-1*2"	"TCRBJ2-7*1"	48	55	65	71	7	6	NA	NA	"CAGCCTGCAAAGCTTGAGGACTCGGCCGTGTATCTCTGTGCCAGCAGCCCGATGGCTAGCGGGAGTAGGGTGCAGTACTTCGGGCCG"	FALSE	TRUE	NA	NA	NA	NA
"CAGCGCACAGAGCAGGAGGACTCGGCCGTGTATCTCTGTGCCAGCAGCCGACCACTAGCGGACAAAGAGACCCAGTACTTCGGGCCA"	"CASSRPLADKETQYF"	"CAGCGCACAGAGCAGGAGGACTCGGCCGTGTATCTCTGTGCCAGCAGCCGACCACTAGCGGACAAAGAGACCCAGTACTTCGGGCCA"	"CASSRPLADKETQYF"	NA	"TCRBD2-1"	"TCRBJ2-5*1"	48	53	61	64	5	3	NA	NA	"CAGCGCACAGAGCAGGAGGACTCGGCCGTGTATCTCTGTGCCAGCAGCCGACCACTAGCGGACAAAGAGACCCAGTACTTCGGGCCA"	FALSE	TRUE	NA	NA	NA	NA
"NNNNNNNNNNTGTCGGCTGCTCCCTCCCAGACATCTGTGTACTTCTGTGCCAGCAGTACCCTAGGGGATACGCAGTATTTTGGCCCA"	"CASSTLGDTQYF"	"NNNNNNNNNNTGTCGGCTGCTCCCTCCCAGACATCTGTGTACTTCTGTGCCAGCAGTACCCTAGGGGATACGCAGTATTTTGGCCCA"	"CASSTLGDTQYF"	"TCRBV6-5*1"	NA	"TCRBJ2-3*1"	57	62	-1	66	5	67	NA	NA	"NNNNNNNNNNTGTCGGCTGCTCCCTCCCAGACATCTGTGTACTTCTGTGCCAGCAGTACCCTAGGGGATACGCAGTATTTTGGCCCA"	FALSE	TRUE	NA	NA	NA	NA
"NNNNNNNNNNNNNTGTCGGCTGCTCCCTCCCAGACATCTGTGTACTTCTGTGCCACCGGATGGGCCAATGGCTACACCTTCGGTTCG"	"CATGWANGYTF"	"NNNNNNNNNNNNNTGTCGGCTGCTCCCTCCCAGACATCTGTGTACTTCTGTGCCACCGGATGGGCCAATGGCTACACCTTCGGTTCG"	"CATGWANGYTF"	"TCRBV6-5*1"	"TCRBD1-1*1"	"TCRBJ1-2*1"	55	61	65	67	6	2	NA	NA	"NNNNNNNNNNNNNTGTCGGCTGCTCCCTCCCAGACATCTGTGTACTTCTGTGCCACCGGATGGGCCAATGGCTACACCTTCGGTTCG"	FALSE	TRUE	NA	NA	NA	NA
"GCGTCTGCTGTACCCTCTCAGACATCTGTGTACTTCTGTGCCAGCAGTGACTCAGGCGGGACTAGTCATGAGCAGTTCTTCGGGCCA"	"CASSDSGGTSHEQFF"	"GCGTCTGCTGTACCCTCTCAGACATCTGTGTACTTCTGTGCCAGCAGTGACTCAGGCGGGACTAGTCATGAGCAGTTCTTCGGGCCA"	"CASSDSGGTSHEQFF"	"TCRBV6-4*1"	"TCRBD2-1"	"TCRBJ2-1*1"	53	57	65	67	4	2	NA	NA	"GCGTCTGCTGTACCCTCTCAGACATCTGTGTACTTCTGTGCCAGCAGTGACTCAGGCGGGACTAGTCATGAGCAGTTCTTCGGGCCA"	FALSE	TRUE	NA	NA	NA	NA
"CCAGCCCTCAGAACCCAGGGACTCAGCTGTGTATTTTTGTGCTAGTGGTTTGGTGGGACACATAAAGAGACCCAGTACTTCGGGCCA"	""	"CCAGCCCTCAGAACCCAGGGACTCAGCTGTGTATTTTTGTGCTAGTGGTTTGGTGGGACACATAAAGAGACCCAGTACTTCGGGCCA"	""	"TCRBV12-5*1"	"TCRBD1-1*1"	"TCRBJ2-5*1"	-1	54	60	64	55	4	NA	NA	"CCAGCCCTCAGAACCCAGGGACTCAGCTGTGTATTTTTGTGCTAGTGGTTTGGTGGGACACATAAAGAGACCCAGTACTTCGGGCCA"	FALSE	FALSE	NA	NA	NA	NA
"TGCCCATCCTGAAGACAGCAGCTTCTACATCTGCAGTGCTACCGGGACTAGCGGGCCCAAAGCTCCTACGAGCAGTACTTCGGGCCG"	""	"TGCCCATCCTGAAGACAGCAGCTTCTACATCTGCAGTGCTACCGGGACTAGCGGGCCCAAAGCTCCTACGAGCAGTACTTCGGGCCG"	""	NA	"TCRBD2-1"	"TCRBJ2-7*1"	41	43	55	62	2	7	NA	NA	"TGCCCATCCTGAAGACAGCAGCTTCTACATCTGCAGTGCTACCGGGACTAGCGGGCCCAAAGCTCCTACGAGCAGTACTTCGGGCCG"	FALSE	FALSE	NA	NA	NA	NA
"GAGCTGGGGGACTCAGCTTTGTATTTCTGTGCCAGCAGCGCCCAGGGGCCCGGACTAGGAGGCTCCTACGAGCAGTACTTCGGGCCG"	"CASSAQGPGLGGSYEQYF"	"GAGCTGGGGGACTCAGCTTTGTATTTCTGTGCCAGCAGCGCCCAGGGGCCCGGACTAGGAGGCTCCTACGAGCAGTACTTCGGGCCG"	"CASSAQGPGLGGSYEQYF"	"TCRBV9-1*1"	"TCRBD2-1"	"TCRBJ2-7*1"	40	51	58	62	11	4	NA	NA	"GAGCTGGGGGACTCAGCTTTGTATTTCTGTGCCAGCAGCGCCCAGGGGCCCGGACTAGGAGGCTCCTACGAGCAGTACTTCGGGCCG"	FALSE	TRUE	NA	NA	NA	NA
"CGCACAGAGCAGGAGGACTCGGCCGTGTATCTCTGTGCCAGCAGCTTAGGGGTAGCGGGAGGGGCAGATACGCAGTATTTTGGCCCA"	"CASSLGVAGGADTQYF"	"CGCACAGAGCAGGAGGACTCGGCCGTGTATCTCTGTGCCAGCAGCTTAGGGGTAGCGGGAGGGGCAGATACGCAGTATTTTGGCCCA"	"CASSLGVAGGADTQYF"	"TCRBV7-2"	"TCRBD2-1*2"	"TCRBJ2-3*1"	49	52	63	64	3	1	NA	NA	"CGCACAGAGCAGGAGGACTCGGCCGTGTATCTCTGTGCCAGCAGCTTAGGGGTAGCGGGAGGGGCAGATACGCAGTATTTTGGCCCA"	FALSE	TRUE	NA	NA	NA	NA
"GTCCACAAAGCTGGAGGACTCAGCCATGTACTTCTGTGCCAGCAGTGACCGGGACTCCCCTATAATTCACCCCTCCACTTTGGGAAT"	""	"GTCCACAAAGCTGGAGGACTCAGCCATGTACTTCTGTGCCAGCAGTGACCGGGACTCCCCTATAATTCACCCCTCCACTTTGGGAAT"	""	"TCRBV2-1"	"TCRBD2-1"	"TCRBJ1-6*1"	48	50	56	58	2	2	NA	NA	"GTCCACAAAGCTGGAGGACTCAGCCATGTACTTCTGTGCCAGCAGTGACCGGGACTCCCCTATAATTCACCCCTCCACTTTGGGAAT"	FALSE	FALSE	NA	NA	NA	NA
"CACACCCTGCAGCCAGAAGACTCGGCCCTGTATCTCTGCGCCAGCAGTACAGGACTAGCGGGGCTAAGTACGCAGTATTTTGGCCCA"	"CASSTGLAGLSTQYF"	"CACACCCTGCAGCCAGAAGACTCGGCCCTGTATCTCTGCGCCAGCAGTACAGGACTAGCGGGGCTAAGTACGCAGTATTTTGGCCCA"	"CASSTGLAGLSTQYF"	"TCRBV4-3*1"	"TCRBD2-1*1"	"TCRBJ2-3*1"	47	51	63	68	4	5	NA	NA	"CACACCCTGCAGCCAGAAGACTCGGCCCTGTATCTCTGCGCCAGCAGTACAGGACTAGCGGGGCTAAGTACGCAGTATTTTGGCCCA"	FALSE	TRUE	NA	NA	NA	NA
"CAAACATCTGTGTACTTCTGTGCCAGCAGTCCACCTGCGACTAGCGGGAGATCATATGTAGCCAAAAACATTCAGTACTTCGGCGCC"	"CASSPPATSGRSYVAKNIQYF"	"CAAACATCTGTGTACTTCTGTGCCAGCAGTCCACCTGCGACTAGCGGGAGATCATATGTAGCCAAAAACATTCAGTACTTCGGCGCC"	"CASSPPATSGRSYVAKNIQYF"	"TCRBV6-2/6-3*1"	"TCRBD2-1*2"	"TCRBJ2-4*1"	30	38	50	59	8	9	NA	NA	"CAAACATCTGTGTACTTCTGTGCCAGCAGTCCACCTGCGACTAGCGGGAGATCATATGTAGCCAAAAACATTCAGTACTTCGGCGCC"	FALSE	TRUE	NA	NA	NA	NA
"CTGGAGTCCGCCAGCACCAACCAGACATCTATGTACCTCTGTGCCAGCAGTAAATTGGGGGGCTCGAGGGAGCAGTACTTCGGGCCG"	"CASSKLGGSREQYF"	"CTGGAGTCCGCCAGCACCAACCAGACATCTATGTACCTCTGTGCCAGCAGTAAATTGGGGGGCTCGAGGGAGCAGTACTTCGGGCCG"	"CASSKLGGSREQYF"	"TCRBV28-1*1"	NA	"TCRBJ2-7*1"	51	57	63	69	6	6	NA	NA	"CTGGAGTCCGCCAGCACCAACCAGACATCTATGTACCTCTGTGCCAGCAGTAAATTGGGGGGCTCGAGGGAGCAGTACTTCGGGCCG"	FALSE	TRUE	NA	NA	NA	NA
"GTGACCAGTGCCCATCCTGAAGACAGCAGCTTCTACATCTGCAGTGCTAGAAGGTTGCAGGGCGGATCACCCCTCCACTTTGGGAAT"	"CSARRLQGGSPLHF"	"GTGACCAGTGCCCATCCTGAAGACAGCAGCTTCTACATCTGCAGTGCTAGAAGGTTGCAGGGCGGATCACCCCTCCACTTTGGGAAT"	"CSARRLQGGSPLHF"	NA	"TCRBD1-1*1"	"TCRBJ1-6*1"	51	57	62	66	6	4	NA	NA	"GTGACCAGTGCCCATCCTGAAGACAGCAGCTTCTACATCTGCAGTGCTAGAAGGTTGCAGGGCGGATCACCCCTCCACTTTGGGAAT"	FALSE	TRUE	NA	NA	NA	NA
"CATCGGCCCAAAAGAACCCGACAGCTTTCTATCTCTGTGCCAGTAGTATCCGGGACAGGGTAAATAGATACGCAGTATTTTGGCCCA"	""	"CATCGGCCCAAAAGAACCCGACAGCTTTCTATCTCTGTGCCAGTAGTATCCGGGACAGGGTAAATAGATACGCAGTATTTTGGCCCA"	""	"TCRBV19-1*1"	"TCRBD1-1*1"	"TCRBJ2-3*1"	49	51	60	65	2	5	NA	NA	"CATCGGCCCAAAAGAACCCGACAGCTTTCTATCTCTGTGCCAGTAGTATCCGGGACAGGGTAAATAGATACGCAGTATTTTGGCCCA"	FALSE	FALSE	NA	NA	NA	NA
"GTGACCAGTGCCCATCCTGAAGACAGCAGCTTCTACATCTGCAGTGCTAGCCCGGGGACTAGCGGTTACGAGCAGTACTTCGGGCCG"	"CSASPGTSGYEQYF"	"GTGACCAGTGCCCATCCTGAAGACAGCAGCTTCTACATCTGCAGTGCTAGCCCGGGGACTAGCGGTTACGAGCAGTACTTCGGGCCG"	"CSASPGTSGYEQYF"	NA	"TCRBD2-1"	"TCRBJ2-7*1"	50	54	65	66	4	1	NA	NA	"GTGACCAGTGCCCATCCTGAAGACAGCAGCTTCTACATCTGCAGTGCTAGCCCGGGGACTAGCGGTTACGAGCAGTACTTCGGGCCG"	FALSE	TRUE	NA	NA	NA	NA
"ACAGTGACCAGTGCCCATCCTGAAGGCAGCAGCTTCTACATCTGCAGTGCTGCCAATGACGCCTACAATGAGCAGTTCTTCGGGCCA"	"CSAANDAYNEQFF"	"ACAGTGACCAGTGCCCATCCTGAAGGCAGCAGCTTCTACATCTGCAGTGCTGCCAATGACGCCTACAATGAGCAGTTCTTCGGGCCA"	"CSAANDAYNEQFF"	NA	NA	"TCRBJ2-1*1"	51	57	60	61	6	1	NA	NA	"ACAGTGACCAGTGCCCATCCTGAAGGCAGCAGCTTCTACATCTGCAGTGCTGCCAATGACGCCTACAATGAGCAGTTCTTCGGGCCA"	FALSE	TRUE	NA	NA	NA	NA
"NNNNNNNNNNTGTCGGCTGCTCCCTCCCAAACATCTGTGTACTTCTGTGCCAGCGAGGGGGGCAGGGTTGAGCAGTACTTCGGGCCG"	"CASEGGRVEQYF"	"NNNNNNNNNNTGTCGGCTGCTCCCTCCCAAACATCTGTGTACTTCTGTGCCAGCGAGGGGGGCAGGGTTGAGCAGTACTTCGGGCCG"	"CASEGGRVEQYF"	NA	NA	"TCRBJ2-7*1"	54	55	61	69	1	8	NA	NA	"NNNNNNNNNNTGTCGGCTGCTCCCTCCCAAACATCTGTGTACTTCTGTGCCAGCGAGGGGGGCAGGGTTGAGCAGTACTTCGGGCCG"	FALSE	TRUE	NA	NA	NA	NA
"GCTGCTCCCTCCCAGACATCTGTGTACTTCTGTGCCAGCAGTGGACTAGCGGGGGGTATGAGCACAGATACGCAGTATTTTGGCCCA"	"CASSGLAGGMSTDTQYF"	"GCTGCTCCCTCCCAGACATCTGTGTACTTCTGTGCCAGCAGTGGACTAGCGGGGGGTATGAGCACAGATACGCAGTATTTTGGCCCA"	"CASSGLAGGMSTDTQYF"	"TCRBV6-1*1"	"TCRBD2-1*1"	"TCRBJ2-3*1"	-1	43	56	60	44	4	NA	NA	"GCTGCTCCCTCCCAGACATCTGTGTACTTCTGTGCCAGCAGTGGACTAGCGGGGGGTATGAGCACAGATACGCAGTATTTTGGCCCA"	FALSE	TRUE	NA	NA	NA	NA
"CACCTACACGCCCTGCAGCCAGAAGACTCAGCCCTGTATCTCTGCGCCAGCAGCCCCCTCCCCCGGGAGACCCAGTACTTCGGGCCA"	"CASSPLPRETQYF"	"CACCTACACGCCCTGCAGCCAGAAGACTCAGCCCTGTATCTCTGCGCCAGCAGCCCCCTCCCCCGGGAGACCCAGTACTTCGGGCCA"	"CASSPLPRETQYF"	"TCRBV4-1*1"	"TCRBD2-1"	"TCRBJ2-5*1"	55	63	-1	66	8	67	NA	NA	"CACCTACACGCCCTGCAGCCAGAAGACTCAGCCCTGTATCTCTGCGCCAGCAGCCCCCTCCCCCGGGAGACCCAGTACTTCGGGCCA"	FALSE	TRUE	NA	NA	NA	NA
"AGATCCAGTCCACGGAGTCAGGGGACACAGCACTGTATTTCTGTGCCAGCAGCATGGGGACAGGGCGGCGAGCAGTACTTCGGGCCG"	""	"AGATCCAGTCCACGGAGTCAGGGGACACAGCACTGTATTTCTGTGCCAGCAGCATGGGGACAGGGCGGCGAGCAGTACTTCGGGCCG"	""	"TCRBV21-1*1"	"TCRBD1-1*1"	"TCRBJ2-7*1"	54	56	65	68	2	3	NA	NA	"AGATCCAGTCCACGGAGTCAGGGGACACAGCACTGTATTTCTGTGCCAGCAGCATGGGGACAGGGCGGCGAGCAGTACTTCGGGCCG"	FALSE	FALSE	NA	NA	NA	NA
"GAGTCTGCCAGGCCCTCACATACCTCTCAGTACCTCTGTGCCAGCAGCTCAACGGGACTAGCGGGAGCCGAGCAGTACTTCGGGCCG"	"CASSSTGLAGAEQYF"	"GAGTCTGCCAGGCCCTCACATACCTCTCAGTACCTCTGTGCCAGCAGCTCAACGGGACTAGCGGGAGCCGAGCAGTACTTCGGGCCG"	"CASSSTGLAGAEQYF"	"TCRBV25-1*1"	"TCRBD2-1*2"	"TCRBJ2-7*1"	47	53	67	68	6	1	NA	NA	"GAGTCTGCCAGGCCCTCACATACCTCTCAGTACCTCTGTGCCAGCAGCTCAACGGGACTAGCGGGAGCCGAGCAGTACTTCGGGCCG"	FALSE	TRUE	NA	NA	NA	NA
"ACGTTGGCGTCTGCTGTACCCTCTCAGACATCTGTGTACTTCTGTGCCAGCCGGGACAAGATGAGCGGGGAGCTGTTTTTTGGAGAA"	"CASRDKMSGELFF"	"ACGTTGGCGTCTGCTGTACCCTCTCAGACATCTGTGTACTTCTGTGCCAGCCGGGACAAGATGAGCGGGGAGCTGTTTTTTGGAGAA"	"CASRDKMSGELFF"	"TCRBV6-4*1"	"TCRBD1-1*1"	"TCRBJ2-2*1"	51	52	58	65	1	7	NA	NA	"ACGTTGGCGTCTGCTGTACCCTCTCAGACATCTGTGTACTTCTGTGCCAGCCGGGACAAGATGAGCGGGGAGCTGTTTTTTGGAGAA"	FALSE	TRUE	NA	NA	NA	NA
"GAGCTGGGGGACTCAGCTTTGTATTTCTGTGCCAGCAGCGCAGAAACCGGGACTAGCGGGAGAATCGGGGAGCTGTTTTTTGGAGAA"	"CASSAETGTSGRIGELFF"	"GAGCTGGGGGACTCAGCTTTGTATTTCTGTGCCAGCAGCGCAGAAACCGGGACTAGCGGGAGAATCGGGGAGCTGTTTTTTGGAGAA"	"CASSAETGTSGRIGELFF"	"TCRBV9-1*1"	"TCRBD2-1*2"	"TCRBJ2-2*1"	40	48	62	65	8	3	NA	NA	"GAGCTGGGGGACTCAGCTTTGTATTTCTGTGCCAGCAGCGCAGAAACCGGGACTAGCGGGAGAATCGGGGAGCTGTTTTTTGGAGAA"	FALSE	TRUE	NA	NA	NA	NA
"CTGCAGCCAGAAGACTCGGCCCTGTATCTCTGCGCCAGCAGCCAAGATCCACGCCCCTTTGAATCCTACGAGCAGTACTTCGGGCCG"	"CASSQDPRPFESYEQYF"	"CTGCAGCCAGAAGACTCGGCCCTGTATCTCTGCGCCAGCAGCCAAGATCCACGCCCCTTTGAATCCTACGAGCAGTACTTCGGGCCG"	"CASSQDPRPFESYEQYF"	"TCRBV4-3*1"	NA	"TCRBJ2-7*1"	47	60	62	63	13	1	NA	NA	"CTGCAGCCAGAAGACTCGGCCCTGTATCTCTGCGCCAGCAGCCAAGATCCACGCCCCTTTGAATCCTACGAGCAGTACTTCGGGCCG"	FALSE	TRUE	NA	NA	NA	NA
"CCCTGATCCTGGAGTCGCCCAGCCCCAACCAGACCTCTCTGTACTTCTGTGCCAGCAACCTCCGGGCAGGGATCCGGCTTCGGGCCG"	""	"CCCTGATCCTGGAGTCGCCCAGCCCCAACCAGACCTCTCTGTACTTCTGTGCCAGCAACCTCCGGGCAGGGATCCGGCTTCGGGCCG"	""	"TCRBV27-1*1"	"TCRBD1-1*1"	"TCRBJ2-7*1"	57	66	71	77	9	6	NA	NA	"CCCTGATCCTGGAGTCGCCCAGCCCCAACCAGACCTCTCTGTACTTCTGTGCCAGCAACCTCCGGGCAGGGATCCGGCTTCGGGCCG"	FALSE	FALSE	NA	NA	NA	NA
"GCCCAAAAGAACCCGACAGCTTTCTATCTCTGTGCCAGTAGTACCGGGACAGATAGGTGGATCGGCCAGCCCCAGCATTTTGGTGAT"	"CASSTGTDRWIGQPQHF"	"GCCCAAAAGAACCCGACAGCTTTCTATCTCTGTGCCAGTAGTACCGGGACAGATAGGTGGATCGGCCAGCCCCAGCATTTTGGTGAT"	"CASSTGTDRWIGQPQHF"	"TCRBV19-1*1"	"TCRBD1-1*1"	"TCRBJ1-5*1"	43	45	52	66	2	14	NA	NA	"GCCCAAAAGAACCCGACAGCTTTCTATCTCTGTGCCAGTAGTACCGGGACAGATAGGTGGATCGGCCAGCCCCAGCATTTTGGTGAT"	FALSE	TRUE	NA	NA	NA	NA
"TGACAGTGACCAGTGCCCATCCTGAAGACAGCAGCTTCTACATCTGCCCGAGGGATTTCTAGCACAGATACGCAGTATTTTGGCCCA"	""	"TGACAGTGACCAGTGCCCATCCTGAAGACAGCAGCTTCTACATCTGCCCGAGGGATTTCTAGCACAGATACGCAGTATTTTGGCCCA"	""	NA	"TCRBD2-1*2"	"TCRBJ2-3*1"	47	49	54	60	2	6	NA	NA	"TGACAGTGACCAGTGCCCATCCTGAAGACAGCAGCTTCTACATCTGCCCGAGGGATTTCTAGCACAGATACGCAGTATTTTGGCCCA"	FALSE	FALSE	NA	NA	NA	NA
"TCAGAACCCAGGGACTCAGCTGTGTACTTCTGTGCCAGCAGTTTTTCCCCGGCAGGGGGATTGACCGGGGAGCTGTTTTTTGGAGAA"	"CASSFSPAGGLTGELFF"	"TCAGAACCCAGGGACTCAGCTGTGTACTTCTGTGCCAGCAGTTTTTCCCCGGCAGGGGGATTGACCGGGGAGCTGTTTTTTGGAGAA"	"CASSFSPAGGLTGELFF"	NA	"TCRBD1-1*1"	"TCRBJ2-2*1"	44	52	59	63	8	4	NA	NA	"TCAGAACCCAGGGACTCAGCTGTGTACTTCTGTGCCAGCAGTTTTTCCCCGGCAGGGGGATTGACCGGGGAGCTGTTTTTTGGAGAA"	FALSE	TRUE	NA	NA	NA	NA
"CTCAGGCTGGAGTTGGCTGCTCCCTCCCAGACATCTGTGTACTTCTGTGCCAGCAGGGACCCCAATCAGCCCCAGCATTTTGGTGAT"	"CASRDPNQPQHF"	"CTCAGGCTGGAGTTGGCTGCTCCCTCCCAGACATCTGTGTACTTCTGTGCCAGCAGGGACCCCAATCAGCCCCAGCATTTTGGTGAT"	"CASRDPNQPQHF"	"TCRBV6-6"	NA	"TCRBJ1-5*1"	-1	56	60	62	57	2	NA	NA	"CTCAGGCTGGAGTTGGCTGCTCCCTCCCAGACATCTGTGTACTTCTGTGCCAGCAGGGACCCCAATCAGCCCCAGCATTTTGGTGAT"	FALSE	TRUE	NA	NA	NA	NA
"TTGGCTGCTCCCTCCCAGACATCTGTGTACTTCTGTGCCAGCAGTCCTATGACCTCCCTGAGAACTGGGGAGCTGTTTTTTGGAGAA"	"CASSPMTSLRTGELFF"	"TTGGCTGCTCCCTCCCAGACATCTGTGTACTTCTGTGCCAGCAGTCCTATGACCTCCCTGAGAACTGGGGAGCTGTTTTTTGGAGAA"	"CASSPMTSLRTGELFF"	"TCRBV6-6*4"	NA	"TCRBJ2-2*1"	46	50	53	66	4	13	NA	NA	"TTGGCTGCTCCCTCCCAGACATCTGTGTACTTCTGTGCCAGCAGTCCTATGACCTCCCTGAGAACTGGGGAGCTGTTTTTTGGAGAA"	FALSE	TRUE	NA	NA	NA	NA
"CAGCCTGCAGAACTGGAGGATTCTGGAGTTTATTTCTGTGCCAGCAGCGAAGACATCGGCAGGGCCTACGAGCAGTACTTCGGGCCG"	"CASSEDIGRAYEQYF"	"CAGCCTGCAGAACTGGAGGATTCTGGAGTTTATTTCTGTGCCAGCAGCGAAGACATCGGCAGGGCCTACGAGCAGTACTTCGGGCCG"	"CASSEDIGRAYEQYF"	"TCRBV14-1*1"	"TCRBD1-1*1"	"TCRBJ2-7*1"	53	59	-1	64	6	65	NA	NA	"CAGCCTGCAGAACTGGAGGATTCTGGAGTTTATTTCTGTGCCAGCAGCGAAGACATCGGCAGGGCCTACGAGCAGTACTTCGGGCCG"	FALSE	TRUE	NA	NA	NA	NA
"ACTGGAGGATTCTGGAGTTTATTTCTGTGCCAGCAGCCAAGGAAGACAGGGGGCCCCACCTCCCACAATGAGCAGTTCTTCGGGCCA"	""	"ACTGGAGGATTCTGGAGTTTATTTCTGTGCCAGCAGCCAAGGAAGACAGGGGGCCCCACCTCCCACAATGAGCAGTTCTTCGGGCCA"	""	"TCRBV14-1*1"	"TCRBD1-1*1"	"TCRBJ2-1*1"	41	44	54	64	3	10	NA	NA	"ACTGGAGGATTCTGGAGTTTATTTCTGTGCCAGCAGCCAAGGAAGACAGGGGGCCCCACCTCCCACAATGAGCAGTTCTTCGGGCCA"	FALSE	FALSE	NA	NA	NA	NA
"CAGCCCTCAGAACCCAGGGACTCAGCTGTGTACTTCTGTGCCAGCAGTTTACATGGCGGGAGTTTCAGTGAGCAGTTCTTCGGGCCA"	"CASSLHGGSFSEQFF"	"CAGCCCTCAGAACCCAGGGACTCAGCTGTGTACTTCTGTGCCAGCAGTTTACATGGCGGGAGTTTCAGTGAGCAGTTCTTCGGGCCA"	"CASSLHGGSFSEQFF"	NA	"TCRBD2-1*2"	"TCRBJ2-1*1"	51	55	62	68	4	6	NA	NA	"CAGCCCTCAGAACCCAGGGACTCAGCTGTGTACTTCTGTGCCAGCAGTTTACATGGCGGGAGTTTCAGTGAGCAGTTCTTCGGGCCA"	FALSE	TRUE	NA	NA	NA	NA
"GTGACCAGTGCCCATCCTGAAGACAGCAGCTTCTACATCTGCAGTGCTATAAGAGGGAGGGACCGGGAGACCCAGTACTTCGGGCCA"	"CSAIRGRDRETQYF"	"GTGACCAGTGCCCATCCTGAAGACAGCAGCTTCTACATCTGCAGTGCTATAAGAGGGAGGGACCGGGAGACCCAGTACTTCGGGCCA"	"CSAIRGRDRETQYF"	NA	"TCRBD2-1*2"	"TCRBJ2-5*1"	49	54	61	66	5	5	NA	NA	"GTGACCAGTGCCCATCCTGAAGACAGCAGCTTCTACATCTGCAGTGCTATAAGAGGGAGGGACCGGGAGACCCAGTACTTCGGGCCA"	FALSE	TRUE	NA	NA	NA	NA
"ACGATTCAGCGCACAGAGCAGCGGGACTCGGCCATGTATCGCTGTGCCAGCAGCCCCCTAGGGGCTTCTGGCTACACCTTCGGTTCG"	"CASSPLGASGYTF"	"ACGATTCAGCGCACAGAGCAGCGGGACTCGGCCATGTATCGCTGTGCCAGCAGCCCCCTAGGGGCTTCTGGCTACACCTTCGGTTCG"	"CASSPLGASGYTF"	NA	"TCRBD1-1*1"	"TCRBJ1-2*1"	54	59	64	68	5	4	NA	NA	"ACGATTCAGCGCACAGAGCAGCGGGACTCGGCCATGTATCGCTGTGCCAGCAGCCCCCTAGGGGCTTCTGGCTACACCTTCGGTTCG"	FALSE	TRUE	NA	NA	NA	NA
"ACGTTGGCGTCTGCTGTACCCTCTCAGACATCTGTGTACTTCTGTGCCAGCAGTGACACAGACGGGACTGAAGCTTTCTTTGGACAA"	"CASSDTDGTEAFF"	"ACGTTGGCGTCTGCTGTACCCTCTCAGACATCTGTGTACTTCTGTGCCAGCAGTGACACAGACGGGACTGAAGCTTTCTTTGGACAA"	"CASSDTDGTEAFF"	"TCRBV6-4*1"	NA	"TCRBJ1-1*1"	-1	57	61	66	58	5	NA	NA	"ACGTTGGCGTCTGCTGTACCCTCTCAGACATCTGTGTACTTCTGTGCCAGCAGTGACACAGACGGGACTGAAGCTTTCTTTGGACAA"	FALSE	TRUE	NA	NA	NA	NA
"ACCAGTGCCCATCCTGAAGACAGCAGCTTCTACATCTGCAGTGCTAGCCCCCTTAGGGAGGGCCCCAGCGAGCAGTACTTCGGGCCG"	"CSASPLREGPSEQYF"	"ACCAGTGCCCATCCTGAAGACAGCAGCTTCTACATCTGCAGTGCTAGCCCCCTTAGGGAGGGCCCCAGCGAGCAGTACTTCGGGCCG"	"CSASPLREGPSEQYF"	NA	"TCRBD2-1*2"	"TCRBJ2-7*1"	47	55	62	68	8	6	NA	NA	"ACCAGTGCCCATCCTGAAGACAGCAGCTTCTACATCTGCAGTGCTAGCCCCCTTAGGGAGGGCCCCAGCGAGCAGTACTTCGGGCCG"	FALSE	TRUE	NA	NA	NA	NA
"TCAGGGGACACAGCACTGTATTTCTGTGCCAGAACTCGCTACAGGGGTCGACCCTAGTATAGCAATCAGCCCCAGCATTTTGGTGAT"	"CARTRYRGRP*YSNQPQHF"	"TCAGGGGACACAGCACTGTATTTCTGTGCCAGAACTCGCTACAGGGGTCGACCCTAGTATAGCAATCAGCCCCAGCATTTTGGTGAT"	"CARTRYRGRP*YSNQPQHF"	"TCRBV21-1*1"	"TCRBD1-1*1"	"TCRBJ1-5*1"	32	40	47	59	8	12	NA	NA	"TCAGGGGACACAGCACTGTATTTCTGTGCCAGAACTCGCTACAGGGGTCGACCCTAGTATAGCAATCAGCCCCAGCATTTTGGTGAT"	FALSE	TRUE	NA	NA	NA	NA
"GATCCAGCCCTCAGAACCCAGGGACTCAGCTGTGTACTTCTGTGCCAGCAGAAGACTAGCGACACCGGGGAGCTGTTTTTTGGAGAA"	""	"GATCCAGCCCTCAGAACCCAGGGACTCAGCTGTGTACTTCTGTGCCAGCAGAAGACTAGCGACACCGGGGAGCTGTTTTTTGGAGAA"	""	NA	"TCRBD2-1"	"TCRBJ2-2*1"	51	53	-1	61	2	62	NA	NA	"GATCCAGCCCTCAGAACCCAGGGACTCAGCTGTGTACTTCTGTGCCAGCAGAAGACTAGCGACACCGGGGAGCTGTTTTTTGGAGAA"	FALSE	FALSE	NA	NA	NA	NA
"GAGCAGGGGGACTCGGCCATGTATCTCTGTGCCAGCAGCTTTGGCCGCAGGGCAGGGGGGAAGAACACTGAAGCTTTCTTTGGACAA"	"CASSFGRRAGGKNTEAFF"	"GAGCAGGGGGACTCGGCCATGTATCTCTGTGCCAGCAGCTTTGGCCGCAGGGCAGGGGGGAAGAACACTGAAGCTTTCTTTGGACAA"	"CASSFGRRAGGKNTEAFF"	"TCRBV7-9*1"	"TCRBD1-1*1"	"TCRBJ1-1*1"	41	52	59	62	11	3	NA	NA	"GAGCAGGGGGACTCGGCCATGTATCTCTGTGCCAGCAGCTTTGGCCGCAGGGCAGGGGGGAAGAACACTGAAGCTTTCTTTGGACAA"	FALSE	TRUE	NA	NA	NA	NA
"CATCGGCCCAAAAGAACCCGACAGCTTTCTATCTCTGTGCCGTGATTCTTAAGGAGACAGATAAATGAAAAACTGTTTTTTGGCAGT"	""	"CATCGGCCCAAAAGAACCCGACAGCTTTCTATCTCTGTGCCGTGATTCTTAAGGAGACAGATAAATGAAAAACTGTTTTTTGGCAGT"	""	"TCRBV19-1*1"	"TCRBD1-1*1"	"TCRBJ1-4*1"	41	55	60	63	14	3	NA	NA	"CATCGGCCCAAAAGAACCCGACAGCTTTCTATCTCTGTGCCGTGATTCTTAAGGAGACAGATAAATGAAAAACTGTTTTTTGGCAGT"	FALSE	FALSE	NA	NA	NA	NA
"TCCCAGACATCTGTGTACTTCTGTGCCAGCAGTGAAGGGGTGTGGGGGGGGTCCAGGTCGGGCAATCAGCCCCAGCATTTTGGTGAT"	"CASSEGVWGGSRSGNQPQHF"	"TCCCAGACATCTGTGTACTTCTGTGCCAGCAGTGAAGGGGTGTGGGGGGGGTCCAGGTCGGGCAATCAGCCCCAGCATTTTGGTGAT"	"CASSEGVWGGSRSGNQPQHF"	"TCRBV6-1*1"	"TCRBD2-1*1"	"TCRBJ1-5*1"	37	43	50	61	6	11	NA	NA	"TCCCAGACATCTGTGTACTTCTGTGCCAGCAGTGAAGGGGTGTGGGGGGGGTCCAGGTCGGGCAATCAGCCCCAGCATTTTGGTGAT"	FALSE	TRUE	NA	NA	NA	NA
"GTGAACGCCTTGGAGCTGGAGGACTCGGCCCTGTATCTCTGTGCCAGCAGCTTGTTTCTGGGGACCGGGGAGCTGTTTTTTGGAGAA"	"CASSLFLGTGELFF"	"GTGAACGCCTTGGAGCTGGAGGACTCGGCCCTGTATCTCTGTGCCAGCAGCTTGTTTCTGGGGACCGGGGAGCTGTTTTTTGGAGAA"	"CASSLFLGTGELFF"	"TCRBV5-8*1"	NA	"TCRBJ2-2*1"	54	59	-1	63	5	64	NA	NA	"GTGAACGCCTTGGAGCTGGAGGACTCGGCCCTGTATCTCTGTGCCAGCAGCTTGTTTCTGGGGACCGGGGAGCTGTTTTTTGGAGAA"	FALSE	TRUE	NA	NA	NA	NA
"CACAGAGCAGGAGGACTCGGCCGTGTATCTCTGTGCCAGCAGCTTAGTGTGTTGGGCGCCTTTAACTATGGCTACACCTTCGGTTCG"	""	"CACAGAGCAGGAGGACTCGGCCGTGTATCTCTGTGCCAGCAGCTTAGTGTGTTGGGCGCCTTTAACTATGGCTACACCTTCGGTTCG"	""	"TCRBV7-2"	"TCRBD1-1*1"	"TCRBJ1-2*1"	47	53	57	62	6	5	NA	NA	"CACAGAGCAGGAGGACTCGGCCGTGTATCTCTGTGCCAGCAGCTTAGTGTGTTGGGCGCCTTTAACTATGGCTACACCTTCGGTTCG"	FALSE	FALSE	NA	NA	NA	NA
"NNNNNCTCTCACTGTGACATCGGCCCAAAAGAACCCGACAGCTTTCTATCTCTGTGCCAGCTAAGGAACACCATATATTTTGGAGAG"	""	"NNNNNCTCTCACTGTGACATCGGCCCAAAAGAACCCGACAGCTTTCTATCTCTGTGCCAGCTAAGGAACACCATATATTTTGGAGAG"	""	"TCRBV19-1*1"	NA	"TCRBJ1-3*1"	60	63	-1	66	3	67	NA	NA	"NNNNNCTCTCACTGTGACATCGGCCCAAAAGAACCCGACAGCTTTCTATCTCTGTGCCAGCTAAGGAACACCATATATTTTGGAGAG"	FALSE	FALSE	NA	NA	NA	NA
"ACGCCTTGGAGCTGGAGGACTCGGCCCTGTATCTCTGTGCCAGTAGTCCCGGCCATCGCTCCGTATTCACCCCTCCACTTTGGGAAT"	""	"ACGCCTTGGAGCTGGAGGACTCGGCCCTGTATCTCTGTGCCAGTAGTCCCGGCCATCGCTCCGTATTCACCCCTCCACTTTGGGAAT"	""	"TCRBV5-8*1"	NA	"TCRBJ1-6*1"	43	50	53	64	7	11	NA	NA	"ACGCCTTGGAGCTGGAGGACTCGGCCCTGTATCTCTGTGCCAGTAGTCCCGGCCATCGCTCCGTATTCACCCCTCCACTTTGGGAAT"	FALSE	FALSE	NA	NA	NA	NA
"GCCTTGGAGCTGGACGACTCGGCCCTGTATCTCTGTGCCAGCAGCTCCCATCGGACAGGGAACGCCGGGGAGCTGTTTTTTGGAGAA"	"CASSSHRTGNAGELFF"	"GCCTTGGAGCTGGACGACTCGGCCCTGTATCTCTGTGCCAGCAGCTCCCATCGGACAGGGAACGCCGGGGAGCTGTTTTTTGGAGAA"	"CASSSHRTGNAGELFF"	"TCRBV5-4*1"	"TCRBD1-1*1"	"TCRBJ2-2*1"	46	52	60	64	6	4	NA	NA	"GCCTTGGAGCTGGACGACTCGGCCCTGTATCTCTGTGCCAGCAGCTCCCATCGGACAGGGAACGCCGGGGAGCTGTTTTTTGGAGAA"	FALSE	TRUE	NA	NA	NA	NA
"NNTGTCGGCTGCTCCCTCCCAGACATCTGTGTACTTCTGTGCCAGCAGTGAAAGCGGGGCAACACCGGGGAGCTGTTTTTTGGAGAA"	""	"NNTGTCGGCTGCTCCCTCCCAGACATCTGTGTACTTCTGTGCCAGCAGTGAAAGCGGGGCAACACCGGGGAGCTGTTTTTTGGAGAA"	""	"TCRBV6-1*1"	"TCRBD2-1*1"	"TCRBJ2-2*1"	-1	52	59	60	53	1	NA	NA	"NNTGTCGGCTGCTCCCTCCCAGACATCTGTGTACTTCTGTGCCAGCAGTGAAAGCGGGGCAACACCGGGGAGCTGTTTTTTGGAGAA"	FALSE	FALSE	NA	NA	NA	NA
"GTCTGCTGCCTCCTCCCAGACATCTGTATATTTCTGCGCCAGCAGTGACCAAGGGACAGGGGTTCAGAGACCCAGTACTTCGGGCCA"	""	"GTCTGCTGCCTCCTCCCAGACATCTGTATATTTCTGCGCCAGCAGTGACCAAGGGACAGGGGTTCAGAGACCCAGTACTTCGGGCCA"	""	"TCRBV1-1"	"TCRBD1-1*1"	"TCRBJ2-5*1"	48	52	62	65	4	3	NA	NA	"GTCTGCTGCCTCCTCCCAGACATCTGTATATTTCTGCGCCAGCAGTGACCAAGGGACAGGGGTTCAGAGACCCAGTACTTCGGGCCA"	FALSE	FALSE	NA	NA	NA	NA
"CGCTCACCAGGCCTGGGGGACGCAGCCATGTACCTGTGTGCCACCAGCAGAGATTTGGCCCTCGGGGAGACCCAGTACTTCGGGCCA"	"CATSRDLALGETQYF"	"CGCTCACCAGGCCTGGGGGACGCAGCCATGTACCTGTGTGCCACCAGCAGAGATTTGGCCCTCGGGGAGACCCAGTACTTCGGGCCA"	"CATSRDLALGETQYF"	"TCRBV15-1*2"	"TCRBD2-1"	"TCRBJ2-5*1"	53	62	-1	66	9	67	NA	NA	"CGCTCACCAGGCCTGGGGGACGCAGCCATGTACCTGTGTGCCACCAGCAGAGATTTGGCCCTCGGGGAGACCCAGTACTTCGGGCCA"	FALSE	TRUE	NA	NA	NA	NA
"ATTTCCCCCTCACTCTGGAGTCAGCTACCAGCTCCCAGACATCTGTGTACTTCTGTGCCACAGGCTAGCGGGTAGTACTTCGGGCCA"	""	"ATTTCCCCCTCACTCTGGAGTCAGCTACCAGCTCCCAGACATCTGTGTACTTCTGTGCCACAGGCTAGCGGGTAGTACTTCGGGCCA"	""	"TCRBV1-3*1"	"TCRBD2-1"	"TCRBJ2-5*1"	60	64	72	73	4	1	NA	NA	"ATTTCCCCCTCACTCTGGAGTCAGCTACCAGCTCCCAGACATCTGTGTACTTCTGTGCCACAGGCTAGCGGGTAGTACTTCGGGCCA"	FALSE	FALSE	NA	NA	NA	NA
"CTCACTGTGACATCGGCCCAAAAGAACCCGACAGCTTTCTATCTCTGTGCCACCGGGGATAGGAGGGAAAAACTGTTTTTTGGCAGT"	"CATGDRREKLFF"	"CTCACTGTGACATCGGCCCAAAAGAACCCGACAGCTTTCTATCTCTGTGCCACCGGGGATAGGAGGGAAAAACTGTTTTTTGGCAGT"	"CATGDRREKLFF"	"TCRBV19-1*1"	"TCRBD2-1"	"TCRBJ1-4*1"	52	53	58	66	1	8	NA	NA	"CTCACTGTGACATCGGCCCAAAAGAACCCGACAGCTTTCTATCTCTGTGCCACCGGGGATAGGAGGGAAAAACTGTTTTTTGGCAGT"	FALSE	TRUE	NA	NA	NA	NA
"TCTCTGGAGCTGGGGGACTCAGCTTTGTATTTCTGTGCCAGCAGTCCATCCGGGCGGCAGAACACCGGGGAGCTGTTTTTTGGAGAA"	"CASSPSGRQNTGELFF"	"TCTCTGGAGCTGGGGGACTCAGCTTTGTATTTCTGTGCCAGCAGTCCATCCGGGCGGCAGAACACCGGGGAGCTGTTTTTTGGAGAA"	"CASSPSGRQNTGELFF"	"TCRBV9-1*1"	NA	"TCRBJ2-2*1"	44	51	55	59	7	4	NA	NA	"TCTCTGGAGCTGGGGGACTCAGCTTTGTATTTCTGTGCCAGCAGTCCATCCGGGCGGCAGAACACCGGGGAGCTGTTTTTTGGAGAA"	FALSE	TRUE	NA	NA	NA	NA
"GAGTCTGCCAGGCCCTCACATACCTCTCAGTACCTCTGTGCCAGCAGTGAAAAGGGGGCCGGCACAGATACGCAGTATTTTGGCCCA"	"CASSEKGAGTDTQYF"	"GAGTCTGCCAGGCCCTCACATACCTCTCAGTACCTCTGTGCCAGCAGTGAAAAGGGGGCCGGCACAGATACGCAGTATTTTGGCCCA"	"CASSEKGAGTDTQYF"	"TCRBV25-1*1"	"TCRBD1-1*1"	"TCRBJ2-3*1"	51	52	59	61	1	2	NA	NA	"GAGTCTGCCAGGCCCTCACATACCTCTCAGTACCTCTGTGCCAGCAGTGAAAAGGGGGCCGGCACAGATACGCAGTATTTTGGCCCA"	FALSE	TRUE	NA	NA	NA	NA
"CAGCGCACAGAGCAGGAGGACTCGGCCGTGTATCTCTGTGCCAGCAGCTTAGTTCCTGCTAGCAATCAGCCCCAGCATTTTGGTGAT"	"CASSLVPASNQPQHF"	"CAGCGCACAGAGCAGGAGGACTCGGCCGTGTATCTCTGTGCCAGCAGCTTAGTTCCTGCTAGCAATCAGCCCCAGCATTTTGGTGAT"	"CASSLVPASNQPQHF"	"TCRBV7-2"	NA	"TCRBJ1-5*1"	52	57	-1	59	5	60	NA	NA	"CAGCGCACAGAGCAGGAGGACTCGGCCGTGTATCTCTGTGCCAGCAGCTTAGTTCCTGCTAGCAATCAGCCCCAGCATTTTGGTGAT"	FALSE	TRUE	NA	NA	NA	NA
"CGCTCACCAGGCCTGGGGGACGCAGCCATGTACCTGTGTGCCACCTCCCGACTAGCGGGAGGGCCTTACGAGCAGTACTTCGGGCCG"	"CATSRLAGGPYEQYF"	"CGCTCACCAGGCCTGGGGGACGCAGCCATGTACCTGTGTGCCACCTCCCGACTAGCGGGAGGGCCTTACGAGCAGTACTTCGGGCCG"	"CATSRLAGGPYEQYF"	"TCRBV15-1*2"	"TCRBD2-1*2"	"TCRBJ2-7*1"	45	49	63	66	4	3	NA	NA	"CGCTCACCAGGCCTGGGGGACGCAGCCATGTACCTGTGTGCCACCTCCCGACTAGCGGGAGGGCCTTACGAGCAGTACTTCGGGCCG"	FALSE	TRUE	NA	NA	NA	NA
"ACCAGTGCCCATCCTGAAGACAGCAGCTTCTACATCTGCAGTGCCGAAACTAGGCAGGGGCGTTACAATGAGCAGTTCTTCGGGCCA"	"CSAETRQGRYNEQFF"	"ACCAGTGCCCATCCTGAAGACAGCAGCTTCTACATCTGCAGTGCCGAAACTAGGCAGGGGCGTTACAATGAGCAGTTCTTCGGGCCA"	"CSAETRQGRYNEQFF"	NA	"TCRBD1-1*1"	"TCRBJ2-1*1"	44	54	60	63	10	3	NA	NA	"ACCAGTGCCCATCCTGAAGACAGCAGCTTCTACATCTGCAGTGCCGAAACTAGGCAGGGGCGTTACAATGAGCAGTTCTTCGGGCCA"	FALSE	TRUE	NA	NA	NA	NA
"GATCCAGCGCACAGAGCGGGGGGACTCAGCCGTGTATCTCTGTGCCAGCAGCTTAACGTGGCTGGGGAGACCCAGTACTTCGGGCCA"	""	"GATCCAGCGCACAGAGCGGGGGGACTCAGCCGTGTATCTCTGTGCCAGCAGCTTAACGTGGCTGGGGAGACCCAGTACTTCGGGCCA"	""	"TCRBV7-3*1"	NA	"TCRBJ2-5*1"	57	63	-1	66	6	67	NA	NA	"GATCCAGCGCACAGAGCGGGGGGACTCAGCCGTGTATCTCTGTGCCAGCAGCTTAACGTGGCTGGGGAGACCCAGTACTTCGGGCCA"	FALSE	FALSE	NA	NA	NA	NA
"NTGTCGGCTGCTCCCTCCCAGACATCTGTGTACTTCTGTGCCAGCAGTGAGGTGGGGTCCTCTGGGGAGACCCAGTACTTCGGGCCA"	"CASSEVGSSGETQYF"	"NTGTCGGCTGCTCCCTCCCAGACATCTGTGTACTTCTGTGCCAGCAGTGAGGTGGGGTCCTCTGGGGAGACCCAGTACTTCGGGCCA"	"CASSEVGSSGETQYF"	"TCRBV6-1*1"	NA	"TCRBJ2-5*1"	50	53	57	66	3	9	NA	NA	"NTGTCGGCTGCTCCCTCCCAGACATCTGTGTACTTCTGTGCCAGCAGTGAGGTGGGGTCCTCTGGGGAGACCCAGTACTTCGGGCCA"	FALSE	TRUE	NA	NA	NA	NA
"TCCACTCTGACAGTGACCAGTGCCCATCCTGAAGACAGCAGCTTCTACATCTGCAGTGCTGGGCTGGAGACCCAGTACTTCGGGCCA"	"CSAGLETQYF"	"TCCACTCTGACAGTGACCAGTGCCCATCCTGAAGACAGCAGCTTCTACATCTGCAGTGCTGGGCTGGAGACCCAGTACTTCGGGCCA"	"CSAGLETQYF"	"TCRBV2-1"	"TCRBD1-1*1"	"TCRBJ2-5*1"	-1	60	64	66	61	2	NA	NA	"TCCACTCTGACAGTGACCAGTGCCCATCCTGAAGACAGCAGCTTCTACATCTGCAGTGCTGGGCTGGAGACCCAGTACTTCGGGCCA"	FALSE	TRUE	NA	NA	NA	NA
"NNNNNNNTGTCGGCTGCTCCCTCCCAGACATCTGTGTACTTCTGTGCCAGCAGTGGAGTAGTCTCCTACGAGCAGTACTTCGGGCCG"	"CASSGVVSYEQYF"	"NNNNNNNTGTCGGCTGCTCCCTCCCAGACATCTGTGTACTTCTGTGCCAGCAGTGGAGTAGTCTCCTACGAGCAGTACTTCGGGCCG"	"CASSGVVSYEQYF"	NA	"TCRBD2-1"	"TCRBJ2-7*1"	55	58	61	62	3	1	NA	NA	"NNNNNNNTGTCGGCTGCTCCCTCCCAGACATCTGTGTACTTCTGTGCCAGCAGTGGAGTAGTCTCCTACGAGCAGTACTTCGGGCCG"	FALSE	TRUE	NA	NA	NA	NA
"TCGGCTGCTCCCTCCCAGACATCTGTGTACTTGTGTGCCAGCAGTTACTTGTGTCCTTATGGCAAAAACATTCAGTACTTCGGCGCC"	"CASSYLCPYGKNIQYF"	"TCGGCTGCTCCCTCCCAGACATCTGTGTACTTGTGTGCCAGCAGTTACTTGTGTCCTTATGGCAAAAACATTCAGTACTTCGGCGCC"	"CASSYLCPYGKNIQYF"	"TCRBV6-8*1"	NA	"TCRBJ2-4*1"	49	60	-1	62	11	63	NA	NA	"TCGGCTGCTCCCTCCCAGACATCTGTGTACTTGTGTGCCAGCAGTTACTTGTGTCCTTATGGCAAAAACATTCAGTACTTCGGCGCC"	FALSE	TRUE	NA	NA	NA	NA
"CCCCTGATCCTGGAGTCGCCCAGCCCCAACCAGACCTCTCTGTACTTCTGTGCCAGCAGTTTAAGCGGGGAGCTGTTTTTTGGAGAA"	"CASSLSGELFF"	"CCCCTGATCCTGGAGTCGCCCAGCCCCAACCAGACCTCTCTGTACTTCTGTGCCAGCAGTTTAAGCGGGGAGCTGTTTTTTGGAGAA"	"CASSLSGELFF"	"TCRBV27-1*1"	NA	"TCRBJ2-2*1"	-1	63	-1	65	64	66	NA	NA	"CCCCTGATCCTGGAGTCGCCCAGCCCCAACCAGACCTCTCTGTACTTCTGTGCCAGCAGTTTAAGCGGGGAGCTGTTTTTTGGAGAA"	FALSE	TRUE	NA	NA	NA	NA
"CTGGAGTCGCCCAGCCCCAACCAGACCTCTCTGTACTTCTGTGCCAGCAGTTTATGGGGACAGGGTTACGAGCAGTACTTCGGGCCG"	"CASSLWGQGYEQYF"	"CTGGAGTCGCCCAGCCCCAACCAGACCTCTCTGTACTTCTGTGCCAGCAGTTTATGGGGACAGGGTTACGAGCAGTACTTCGGGCCG"	"CASSLWGQGYEQYF"	"TCRBV27-1*1"	"TCRBD1-1*1"	"TCRBJ2-7*1"	55	56	65	66	1	1	NA	NA	"CTGGAGTCGCCCAGCCCCAACCAGACCTCTCTGTACTTCTGTGCCAGCAGTTTATGGGGACAGGGTTACGAGCAGTACTTCGGGCCG"	FALSE	TRUE	NA	NA	NA	NA
"NNNNTGTCGGCTGCTCCCTCCCAAACATCTGTGTACTTCTGTGCCAGCAGTTCCACGGGGGCCACAGATACGCAGTATTTTGGCCCA"	"CASSSTGATDTQYF"	"NNNNTGTCGGCTGCTCCCTCCCAAACATCTGTGTACTTCTGTGCCAGCAGTTCCACGGGGGCCACAGATACGCAGTATTTTGGCCCA"	"CASSSTGATDTQYF"	"TCRBV6-2/6-3*1"	NA	"TCRBJ2-3*1"	52	56	-1	62	4	63	NA	NA	"NNNNTGTCGGCTGCTCCCTCCCAAACATCTGTGTACTTCTGTGCCAGCAGTTCCACGGGGGCCACAGATACGCAGTATTTTGGCCCA"	FALSE	TRUE	NA	NA	NA	NA
"ACATCGGCCCAAAAGAACCCGACAGCTTTCTATCTCTGTGCCAGTAGTATAGTCGAGGGAGACAACTATGGCTACACCTTCGGTTCG"	"CASSIVEGDNYGYTF"	"ACATCGGCCCAAAAGAACCCGACAGCTTTCTATCTCTGTGCCAGTAGTATAGTCGAGGGAGACAACTATGGCTACACCTTCGGTTCG"	"CASSIVEGDNYGYTF"	"TCRBV19-1*1"	"TCRBD2-1*2"	"TCRBJ1-2*1"	52	56	61	63	4	2	NA	NA	"ACATCGGCCCAAAAGAACCCGACAGCTTTCTATCTCTGTGCCAGTAGTATAGTCGAGGGAGACAACTATGGCTACACCTTCGGTTCG"	FALSE	TRUE	NA	NA	NA	NA
"ATTCAGCGCACAGAGCAGCGGGACTCAGCCATGTATCGCTGTGCTAGCAGCTTAGCCGGGAGAACAGATACGCAGTATTTTGGCCCA"	"CASSLAGRTDTQYF"	"ATTCAGCGCACAGAGCAGCGGGACTCAGCCATGTATCGCTGTGCTAGCAGCTTAGCCGGGAGAACAGATACGCAGTATTTTGGCCCA"	"CASSLAGRTDTQYF"	"TCRBV7-7*1"	"TCRBD2-1*2"	"TCRBJ2-3*1"	-1	56	62	63	57	1	NA	NA	"ATTCAGCGCACAGAGCAGCGGGACTCAGCCATGTATCGCTGTGCTAGCAGCTTAGCCGGGAGAACAGATACGCAGTATTTTGGCCCA"	FALSE	TRUE	NA	NA	NA	NA
"CTGGAGTCGCCCAGCCCCAACCAGACCTCTCTGTACTTCTGTGCCAGCAGTTTATACCAGACAGGACAGCCCCAGCATTTTGGTGAT"	"CASSLYQTGQPQHF"	"CTGGAGTCGCCCAGCCCCAACCAGACCTCTCTGTACTTCTGTGCCAGCAGTTTATACCAGACAGGACAGCCCCAGCATTTTGGTGAT"	"CASSLYQTGQPQHF"	"TCRBV27-1*1"	"TCRBD1-1*1"	"TCRBJ1-5*1"	55	59	65	66	4	1	NA	NA	"CTGGAGTCGCCCAGCCCCAACCAGACCTCTCTGTACTTCTGTGCCAGCAGTTTATACCAGACAGGACAGCCCCAGCATTTTGGTGAT"	FALSE	TRUE	NA	NA	NA	NA
"ATTCTGGAGTCCGCCAGCACCAACCAGACATCTATGTACCTCTGTGCCAGCAGCCAGGGGTCAGCCTACGAGCAGTACTTCGGGCCG"	"CASSQGSAYEQYF"	"ATTCTGGAGTCCGCCAGCACCAACCAGACATCTATGTACCTCTGTGCCAGCAGCCAGGGGTCAGCCTACGAGCAGTACTTCGGGCCG"	"CASSQGSAYEQYF"	"TCRBV28-1*1"	"TCRBD1-1*1"	"TCRBJ2-7*1"	53	54	60	64	1	4	NA	NA	"ATTCTGGAGTCCGCCAGCACCAACCAGACATCTATGTACCTCTGTGCCAGCAGCCAGGGGTCAGCCTACGAGCAGTACTTCGGGCCG"	FALSE	TRUE	NA	NA	NA	NA
"ACCTTGGAGCTGGGGGACTCGGCCCTTTATCTTTGCGCCAGCAGCCCCCCTGGACAGTCAACTCGGGAGACCCAGTACTTCGGGCCA"	"CASSPPGQSTRETQYF"	"ACCTTGGAGCTGGGGGACTCGGCCCTTTATCTTTGCGCCAGCAGCCCCCCTGGACAGTCAACTCGGGAGACCCAGTACTTCGGGCCA"	"CASSPPGQSTRETQYF"	"TCRBV5-1*1"	"TCRBD1-1*1"	"TCRBJ2-5*1"	45	51	57	66	6	9	NA	NA	"ACCTTGGAGCTGGGGGACTCGGCCCTTTATCTTTGCGCCAGCAGCCCCCCTGGACAGTCAACTCGGGAGACCCAGTACTTCGGGCCA"	FALSE	TRUE	NA	NA	NA	NA
"ACCAGTGCCCATCCTGAAGACAGCAGCTTCTACATCTGCAGTGCCAGAATAGCGGCGAGCTCCTACAATGAGCAGTTCTTCGGGCCA"	"CSARIAASSYNEQFF"	"ACCAGTGCCCATCCTGAAGACAGCAGCTTCTACATCTGCAGTGCCAGAATAGCGGCGAGCTCCTACAATGAGCAGTTCTTCGGGCCA"	"CSARIAASSYNEQFF"	NA	"TCRBD2-1"	"TCRBJ2-1*1"	48	49	55	59	1	4	NA	NA	"ACCAGTGCCCATCCTGAAGACAGCAGCTTCTACATCTGCAGTGCCAGAATAGCGGCGAGCTCCTACAATGAGCAGTTCTTCGGGCCA"	FALSE	TRUE	NA	NA	NA	NA
"TCCCTGATTCTGGAGTCCGCCAGCACCAACCAGACATCTATGTACCTCTGTGCCAGCAGTCAGCGCCGCGAGCAGTACTTCGGGCCG"	"CASSQRREQYF"	"TCCCTGATTCTGGAGTCCGCCAGCACCAACCAGACATCTATGTACCTCTGTGCCAGCAGTCAGCGCCGCGAGCAGTACTTCGGGCCG"	"CASSQRREQYF"	"TCRBV28-1*1"	"TCRBD2-1"	"TCRBJ2-7*1"	60	61	65	68	1	3	NA	NA	"TCCCTGATTCTGGAGTCCGCCAGCACCAACCAGACATCTATGTACCTCTGTGCCAGCAGTCAGCGCCGCGAGCAGTACTTCGGGCCG"	FALSE	TRUE	NA	NA	NA	NA
"CGCTCACCAGGCCTGGGGGACGCAGCCATGTACCTGTGTGCCACCAGCAGCTATGGGACAACTAATGAAAAACTGTTTTTTGGCAGT"	"CATSSYGTTNEKLFF"	"CGCTCACCAGGCCTGGGGGACGCAGCCATGTACCTGTGTGCCACCAGCAGCTATGGGACAACTAATGAAAAACTGTTTTTTGGCAGT"	"CATSSYGTTNEKLFF"	"TCRBV15-1*2"	NA	"TCRBJ1-4*1"	50	54	-1	58	4	59	NA	NA	"CGCTCACCAGGCCTGGGGGACGCAGCCATGTACCTGTGTGCCACCAGCAGCTATGGGACAACTAATGAAAAACTGTTTTTTGGCAGT"	FALSE	TRUE	NA	NA	NA	NA
"ATTCAGCGCACAGAGCAGGAGGACTCGGCCGTGTATCTCTGTGCCAGCAGCTCGACAGGGATCTCAGATACGCAGTATTTTGGCCCA"	"CASSSTGISDTQYF"	"ATTCAGCGCACAGAGCAGGAGGACTCGGCCGTGTATCTCTGTGCCAGCAGCTCGACAGGGATCTCAGATACGCAGTATTTTGGCCCA"	"CASSSTGISDTQYF"	"TCRBV7-2"	"TCRBD1-1*1"	"TCRBJ2-3*1"	52	53	60	64	1	4	NA	NA	"ATTCAGCGCACAGAGCAGGAGGACTCGGCCGTGTATCTCTGTGCCAGCAGCTCGACAGGGATCTCAGATACGCAGTATTTTGGCCCA"	FALSE	TRUE	NA	NA	NA	NA
"TCGGCCCAAAAGAACCCGACAGCTTTCTATCTCTGTGCCAGTACCTTTAGGGACAGGGGGCACACCGGGGAGCTGTTTTTTGGAGAA"	"CASTFRDRGHTGELFF"	"TCGGCCCAAAAGAACCCGACAGCTTTCTATCTCTGTGCCAGTACCTTTAGGGACAGGGGGCACACCGGGGAGCTGTTTTTTGGAGAA"	"CASTFRDRGHTGELFF"	"TCRBV19-1*1"	"TCRBD1-1*1"	"TCRBJ2-2*1"	43	49	-1	61	6	62	NA	NA	"TCGGCCCAAAAGAACCCGACAGCTTTCTATCTCTGTGCCAGTACCTTTAGGGACAGGGGGCACACCGGGGAGCTGTTTTTTGGAGAA"	FALSE	TRUE	NA	NA	NA	NA
"GAGCTGGGGGACTCAGCTTTGTATTTCTGTGCCAGCACCTATAAACTAGCGGGAGGGCCCGGCACCGGGGAGCTGTTTTTTGGAGAA"	"CASTYKLAGGPGTGELFF"	"GAGCTGGGGGACTCAGCTTTGTATTTCTGTGCCAGCACCTATAAACTAGCGGGAGGGCCCGGCACCGGGGAGCTGTTTTTTGGAGAA"	"CASTYKLAGGPGTGELFF"	"TCRBV9-1*1"	"TCRBD2-1*2"	"TCRBJ2-2*1"	37	44	57	62	7	5	NA	NA	"GAGCTGGGGGACTCAGCTTTGTATTTCTGTGCCAGCACCTATAAACTAGCGGGAGGGCCCGGCACCGGGGAGCTGTTTTTTGGAGAA"	FALSE	TRUE	NA	NA	NA	NA
"GAGTTGGCTGCTCCCTCCCAGACATCTGTGTACTTCTGTGCCAGCAGTTATCAGGTTAGCTCTGGAAACACCATATATTTTGGAGAG"	"CASSYQVSSGNTIYF"	"GAGTTGGCTGCTCCCTCCCAGACATCTGTGTACTTCTGTGCCAGCAGTTATCAGGTTAGCTCTGGAAACACCATATATTTTGGAGAG"	"CASSYQVSSGNTIYF"	"TCRBV6-6*1"	"TCRBD1-1*1"	"TCRBJ1-3*1"	50	51	55	59	1	4	NA	NA	"GAGTTGGCTGCTCCCTCCCAGACATCTGTGTACTTCTGTGCCAGCAGTTATCAGGTTAGCTCTGGAAACACCATATATTTTGGAGAG"	FALSE	TRUE	NA	NA	NA	NA
"ACAGAGCAGGGGGACTCGGCCATGTATCTCTGTGCCAGCAGCTCACATTGGACGCAGGGCTCTGGAAACACCATATATTTTGGAGAG"	"CASSSHWTQGSGNTIYF"	"ACAGAGCAGGGGGACTCGGCCATGTATCTCTGTGCCAGCAGCTCACATTGGACGCAGGGCTCTGGAAACACCATATATTTTGGAGAG"	"CASSSHWTQGSGNTIYF"	"TCRBV7-9*1"	"TCRBD1-1*1"	"TCRBJ1-3*1"	43	54	-1	59	11	60	NA	NA	"ACAGAGCAGGGGGACTCGGCCATGTATCTCTGTGCCAGCAGCTCACATTGGACGCAGGGCTCTGGAAACACCATATATTTTGGAGAG"	FALSE	TRUE	NA	NA	NA	NA
"TCCAGCCTGCAGAGCTTGGGGACTCGGCCGTGTATCTCTGTGCCAGCAGCACTAGTAACCAACACCGGGGAGCTGTTTTTTGGAGAA"	""	"TCCAGCCTGCAGAGCTTGGGGACTCGGCCGTGTATCTCTGTGCCAGCAGCACTAGTAACCAACACCGGGGAGCTGTTTTTTGGAGAA"	""	"TCRBV11-3*1"	"TCRBD2-1"	"TCRBJ2-2*1"	-1	50	55	60	51	5	NA	NA	"TCCAGCCTGCAGAGCTTGGGGACTCGGCCGTGTATCTCTGTGCCAGCAGCACTAGTAACCAACACCGGGGAGCTGTTTTTTGGAGAA"	FALSE	FALSE	NA	NA	NA	NA
"TGTCGGCTGCTCCCTCCCAAACATCTGTGTACTTCTGTGCCAGCAGTTACTTCGGACAGCCCCTCCTACGAGCAGTACTTCGGGCCG"	""	"TGTCGGCTGCTCCCTCCCAAACATCTGTGTACTTCTGTGCCAGCAGTTACTTCGGACAGCCCCTCCTACGAGCAGTACTTCGGGCCG"	""	"TCRBV6-2/6-3*1"	"TCRBD1-1*1"	"TCRBJ2-7*1"	51	53	59	62	2	3	NA	NA	"TGTCGGCTGCTCCCTCCCAAACATCTGTGTACTTCTGTGCCAGCAGTTACTTCGGACAGCCCCTCCTACGAGCAGTACTTCGGGCCG"	FALSE	FALSE	NA	NA	NA	NA
"CAGCCTGCAGAACTGGAGGATTCTGGAGTTTATTTCTGTGCCAGCAGCCAAGTAACAGGGGGGATAAACATTCAGTACTTCGGCGCC"	"CASSQVTGGINIQYF"	"CAGCCTGCAGAACTGGAGGATTCTGGAGTTTATTTCTGTGCCAGCAGCCAAGTAACAGGGGGGATAAACATTCAGTACTTCGGCGCC"	"CASSQVTGGINIQYF"	"TCRBV14-1*1"	"TCRBD1-1*1"	"TCRBJ2-4*1"	52	54	62	65	2	3	NA	NA	"CAGCCTGCAGAACTGGAGGATTCTGGAGTTTATTTCTGTGCCAGCAGCCAAGTAACAGGGGGGATAAACATTCAGTACTTCGGCGCC"	FALSE	TRUE	NA	NA	NA	NA
"ACCAGTGCCCATCCTGAAGACAGCAGCTTCTACATCTGCAGTGCCACTGGGTCTGGTAGCGGAGCCTACGAGCAGTACTTCGGGCCG"	"CSATGSGSGAYEQYF"	"ACCAGTGCCCATCCTGAAGACAGCAGCTTCTACATCTGCAGTGCCACTGGGTCTGGTAGCGGAGCCTACGAGCAGTACTTCGGGCCG"	"CSATGSGSGAYEQYF"	NA	"TCRBD2-1"	"TCRBJ2-7*1"	44	56	62	64	12	2	NA	NA	"ACCAGTGCCCATCCTGAAGACAGCAGCTTCTACATCTGCAGTGCCACTGGGTCTGGTAGCGGAGCCTACGAGCAGTACTTCGGGCCG"	FALSE	TRUE	NA	NA	NA	NA
"ATCCGCTCACCAGGCCTGGGGGACGCAGCCATGTACCTGTGTGCCACCAGCAGAGTCCAGGAGAACACTGAAGCTTTCTTTGGACAA"	"CATSRVQENTEAFF"	"ATCCGCTCACCAGGCCTGGGGGACGCAGCCATGTACCTGTGTGCCACCAGCAGAGTCCAGGAGAACACTGAAGCTTTCTTTGGACAA"	"CATSRVQENTEAFF"	"TCRBV15-1*2"	"TCRBD1-1*1"	"TCRBJ1-1*1"	55	57	61	62	2	1	NA	NA	"ATCCGCTCACCAGGCCTGGGGGACGCAGCCATGTACCTGTGTGCCACCAGCAGAGTCCAGGAGAACACTGAAGCTTTCTTTGGACAA"	FALSE	TRUE	NA	NA	NA	NA
"CAGGTAGTGCGAGGAGATTCGGCAGCTTATTTCTGTGCCAGCTCACCATTTTCGGGACTAGCCCTCGGTGAGCAGTTCTTCGGGCCA"	"CASSPFSGLALGEQFF"	"CAGGTAGTGCGAGGAGATTCGGCAGCTTATTTCTGTGCCAGCTCACCATTTTCGGGACTAGCCCTCGGTGAGCAGTTCTTCGGGCCA"	"CASSPFSGLALGEQFF"	"TCRBV18-1*1"	"TCRBD2-1"	"TCRBJ2-1*1"	48	53	62	68	5	6	NA	NA	"CAGGTAGTGCGAGGAGATTCGGCAGCTTATTTCTGTGCCAGCTCACCATTTTCGGGACTAGCCCTCGGTGAGCAGTTCTTCGGGCCA"	FALSE	TRUE	NA	NA	NA	NA
"CAGAGCAGCGGGACTCGGCCATGTATCGCTGTGCCAGCAGCTTAGGACATTAGGGACAGGGGCCCGTAGCCCCAGCATTTTGGTGAT"	""	"CAGAGCAGCGGGACTCGGCCATGTATCGCTGTGCCAGCAGCTTAGGACATTAGGGACAGGGGCCCGTAGCCCCAGCATTTTGGTGAT"	""	"TCRBV7-6*1"	"TCRBD1-1*1"	"TCRBJ1-5*1"	45	52	62	67	7	5	NA	NA	"CAGAGCAGCGGGACTCGGCCATGTATCGCTGTGCCAGCAGCTTAGGACATTAGGGACAGGGGCCCGTAGCCCCAGCATTTTGGTGAT"	FALSE	FALSE	NA	NA	NA	NA
"GAGCTGGGGGACTCGGCCCTGTATCTCTGTGCCAGAAGCTTCCTGTAGCGGGAGGGCCTAGCCAAAAACATTCAGTACTTCGGCGCC"	"CARSFL*REGLAKNIQYF"	"GAGCTGGGGGACTCGGCCCTGTATCTCTGTGCCAGAAGCTTCCTGTAGCGGGAGGGCCTAGCCAAAAACATTCAGTACTTCGGCGCC"	"CARSFL*REGLAKNIQYF"	"TCRBV5-3"	"TCRBD2-1*2"	"TCRBJ2-4*1"	41	45	56	59	4	3	NA	NA	"GAGCTGGGGGACTCGGCCCTGTATCTCTGTGCCAGAAGCTTCCTGTAGCGGGAGGGCCTAGCCAAAAACATTCAGTACTTCGGCGCC"	FALSE	TRUE	NA	NA	NA	NA
"AGCGCACAGAGCAGCGGGACTCAGCCATGTATCGCTGTGCTAGCAGCTGGAGCGACAGATACGAGGAATGGCTACACCTTCGGTTCG"	""	"AGCGCACAGAGCAGCGGGACTCAGCCATGTATCGCTGTGCTAGCAGCTGGAGCGACAGATACGAGGAATGGCTACACCTTCGGTTCG"	""	"TCRBV7-7*1"	"TCRBD1-1*1"	"TCRBJ1-2*1"	48	53	58	67	5	9	NA	NA	"AGCGCACAGAGCAGCGGGACTCAGCCATGTATCGCTGTGCTAGCAGCTGGAGCGACAGATACGAGGAATGGCTACACCTTCGGTTCG"	FALSE	FALSE	NA	NA	NA	NA
"TGCCCATCCTGAAGACAGCAGCTTCTACATCTGCAGTGCTAGAGTTCTCTAGCGGGAGGCGTCGTTGAGACCCAGTACTTCGGGCCA"	""	"TGCCCATCCTGAAGACAGCAGCTTCTACATCTGCAGTGCTAGAGTTCTCTAGCGGGAGGCGTCGTTGAGACCCAGTACTTCGGGCCA"	""	NA	"TCRBD2-1*2"	"TCRBJ2-5*1"	44	48	59	66	4	7	NA	NA	"TGCCCATCCTGAAGACAGCAGCTTCTACATCTGCAGTGCTAGAGTTCTCTAGCGGGAGGCGTCGTTGAGACCCAGTACTTCGGGCCA"	FALSE	FALSE	NA	NA	NA	NA
"ACCAGTGCCCATCCTGAAGACAGCAGCTTCTACATCTGCAGTGCCCCACCCCTAGCGGGAGTTCAAGAGACCCAGTACTTCGGGCCA"	"CSAPPLAGVQETQYF"	"ACCAGTGCCCATCCTGAAGACAGCAGCTTCTACATCTGCAGTGCCCCACCCCTAGCGGGAGTTCAAGAGACCCAGTACTTCGGGCCA"	"CSAPPLAGVQETQYF"	NA	"TCRBD2-1*2"	"TCRBJ2-5*1"	44	51	61	63	7	2	NA	NA	"ACCAGTGCCCATCCTGAAGACAGCAGCTTCTACATCTGCAGTGCCCCACCCCTAGCGGGAGTTCAAGAGACCCAGTACTTCGGGCCA"	FALSE	TRUE	NA	NA	NA	NA
"GAGTCTGCCAGGCCCTCACATACCTCTCAGTACCTCTGTGCCAGCAGTGAATCCCGCTCTGGGGCCAACGTCCTGACTTTCGGGGCC"	"CASSESRSGANVLTF"	"GAGTCTGCCAGGCCCTCACATACCTCTCAGTACCTCTGTGCCAGCAGTGAATCCCGCTCTGGGGCCAACGTCCTGACTTTCGGGGCC"	"CASSESRSGANVLTF"	"TCRBV25-1*1"	"TCRBD2-1"	"TCRBJ2-6*1"	52	54	-1	56	2	57	NA	NA	"GAGTCTGCCAGGCCCTCACATACCTCTCAGTACCTCTGTGCCAGCAGTGAATCCCGCTCTGGGGCCAACGTCCTGACTTTCGGGGCC"	FALSE	TRUE	NA	NA	NA	NA
"ATCCAGCCTGCAAAGCTTGAGGACTCGGCCGTGTATCTCTGTGCCAGCAGCTTAGAACCGCTTACCTATGGCTACACCTTCGGTTCG"	"CASSLEPLTYGYTF"	"ATCCAGCCTGCAAAGCTTGAGGACTCGGCCGTGTATCTCTGTGCCAGCAGCTTAGAACCGCTTACCTATGGCTACACCTTCGGTTCG"	"CASSLEPLTYGYTF"	"TCRBV11-2*1"	NA	"TCRBJ1-2*1"	-1	56	58	65	57	7	NA	NA	"ATCCAGCCTGCAAAGCTTGAGGACTCGGCCGTGTATCTCTGTGCCAGCAGCTTAGAACCGCTTACCTATGGCTACACCTTCGGTTCG"	FALSE	TRUE	NA	NA	NA	NA
"CTGAGCTCTCTGGAGCTGGGGGACTCAGCTTTGTATTTCTGTGCCAGCAGCGCGGGACTAGCGGAAGAGACCCAGTACTTCGGGCCA"	"CASSAGLAEETQYF"	"CTGAGCTCTCTGGAGCTGGGGGACTCAGCTTTGTATTTCTGTGCCAGCAGCGCGGGACTAGCGGAAGAGACCCAGTACTTCGGGCCA"	"CASSAGLAEETQYF"	"TCRBV9-1*1"	"TCRBD2-1"	"TCRBJ2-5*1"	52	53	-1	64	1	65	NA	NA	"CTGAGCTCTCTGGAGCTGGGGGACTCAGCTTTGTATTTCTGTGCCAGCAGCGCGGGACTAGCGGAAGAGACCCAGTACTTCGGGCCA"	FALSE	TRUE	NA	NA	NA	NA
"CTTCACATCAATTCCCTGGAGCTTGGTGACTCTGCTGTGTATTTCTGTGCCAGCAGCCCCTACACCGGGGAGCTGTTTTTTGGAGAA"	"CASSPYTGELFF"	"CTTCACATCAATTCCCTGGAGCTTGGTGACTCTGCTGTGTATTTCTGTGCCAGCAGCCCCTACACCGGGGAGCTGTTTTTTGGAGAA"	"CASSPYTGELFF"	"TCRBV3-1/3-2*1"	"TCRBD2-1"	"TCRBJ2-2*1"	58	59	-1	61	1	62	NA	NA	"CTTCACATCAATTCCCTGGAGCTTGGTGACTCTGCTGTGTATTTCTGTGCCAGCAGCCCCTACACCGGGGAGCTGTTTTTTGGAGAA"	FALSE	TRUE	NA	NA	NA	NA
"CTCACTCTGGAGTCTGCTGCCTCCTCCCAGACATCTGTATATTTCTGCGCCAAAATTAGCGGGAGGTATGAGCAGTTCTTCGGGCCA"	"CAKISGRYEQFF"	"CTCACTCTGGAGTCTGCTGCCTCCTCCCAGACATCTGTATATTTCTGCGCCAAAATTAGCGGGAGGTATGAGCAGTTCTTCGGGCCA"	"CAKISGRYEQFF"	"TCRBV1-1*1"	"TCRBD2-1*2"	"TCRBJ2-1*1"	52	56	66	67	4	1	NA	NA	"CTCACTCTGGAGTCTGCTGCCTCCTCCCAGACATCTGTATATTTCTGCGCCAAAATTAGCGGGAGGTATGAGCAGTTCTTCGGGCCA"	FALSE	TRUE	NA	NA	NA	NA
"CTGCAGCCAGAAGACTCAGCCCTGTATCTCTGCGCCAGCAGCCATGAAAACAGGGGCCTCTACACCTACGAGCAGTACTTCGGGCCG"	"CASSHENRGLYTYEQYF"	"CTGCAGCCAGAAGACTCAGCCCTGTATCTCTGCGCCAGCAGCCATGAAAACAGGGGCCTCTACACCTACGAGCAGTACTTCGGGCCG"	"CASSHENRGLYTYEQYF"	"TCRBV4-1*1"	"TCRBD1-1*1"	"TCRBJ2-7*1"	44	49	56	64	5	8	NA	NA	"CTGCAGCCAGAAGACTCAGCCCTGTATCTCTGCGCCAGCAGCCATGAAAACAGGGGCCTCTACACCTACGAGCAGTACTTCGGGCCG"	FALSE	TRUE	NA	NA	NA	NA
"AAGATCCAGCCCTCAGAACCCAGGGACTCAGCTGTGTACTTCTGTGCCAGCAGTTTCGTCCGCAATCAGCCCCAGCATTTTGGTGAT"	"CASSFVRNQPQHF"	"AAGATCCAGCCCTCAGAACCCAGGGACTCAGCTGTGTACTTCTGTGCCAGCAGTTTCGTCCGCAATCAGCCCCAGCATTTTGGTGAT"	"CASSFVRNQPQHF"	"TCRBV12-3/12-4*1"	"TCRBD2-1"	"TCRBJ1-5*1"	-1	56	58	61	57	3	NA	NA	"AAGATCCAGCCCTCAGAACCCAGGGACTCAGCTGTGTACTTCTGTGCCAGCAGTTTCGTCCGCAATCAGCCCCAGCATTTTGGTGAT"	FALSE	TRUE	NA	NA	NA	NA
"ACGCCTTGGAGCTGGAGGACTCGGCCCTGTATCTCTGTGCCAGCAGCTTGGCGGCTAGCGGGAAACAATGAGCAGTTCTTCGGGCCA"	""	"ACGCCTTGGAGCTGGAGGACTCGGCCCTGTATCTCTGTGCCAGCAGCTTGGCGGCTAGCGGGAAACAATGAGCAGTTCTTCGGGCCA"	""	"TCRBV5-8*1"	"TCRBD2-1*2"	"TCRBJ2-1*1"	51	54	63	64	3	1	NA	NA	"ACGCCTTGGAGCTGGAGGACTCGGCCCTGTATCTCTGTGCCAGCAGCTTGGCGGCTAGCGGGAAACAATGAGCAGTTCTTCGGGCCA"	FALSE	FALSE	NA	NA	NA	NA
"CTGGAGTCCGCCAGCACCAACCAGACATCTATGTACCTCTGTGCCAGCAGTTTAAAAAGGGGGTACAATGAGCAGTTCTTCGGGCCA"	"CASSLKRGYNEQFF"	"CTGGAGTCCGCCAGCACCAACCAGACATCTATGTACCTCTGTGCCAGCAGTTTAAAAAGGGGGTACAATGAGCAGTTCTTCGGGCCA"	"CASSLKRGYNEQFF"	"TCRBV28-1*1"	"TCRBD1-1*1"	"TCRBJ2-1*1"	54	57	-1	63	3	64	NA	NA	"CTGGAGTCCGCCAGCACCAACCAGACATCTATGTACCTCTGTGCCAGCAGTTTAAAAAGGGGGTACAATGAGCAGTTCTTCGGGCCA"	FALSE	TRUE	NA	NA	NA	NA
"AAGATCCAGCCCTCAGAACCCAGGGACTCAGCTGTGTACTTCTGTGCCAGCAGGTTACTAGATTACAATGAGCAGTTCTTCGGGCCA"	"CASRLLDYNEQFF"	"AAGATCCAGCCCTCAGAACCCAGGGACTCAGCTGTGTACTTCTGTGCCAGCAGGTTACTAGATTACAATGAGCAGTTCTTCGGGCCA"	"CASRLLDYNEQFF"	"TCRBV12-3/12-4*1"	"TCRBD2-1"	"TCRBJ2-1*1"	-1	57	61	63	58	2	NA	NA	"AAGATCCAGCCCTCAGAACCCAGGGACTCAGCTGTGTACTTCTGTGCCAGCAGGTTACTAGATTACAATGAGCAGTTCTTCGGGCCA"	FALSE	TRUE	NA	NA	NA	NA
"ATCCAGCGCACAGAGCAGGGGGACTCGGCCATGTATCTCTGTGCCAGCAGCTTAGGGGCCCAATACAATGAGCAGTTCTTCGGGCCA"	"CASSLGAQYNEQFF"	"ATCCAGCGCACAGAGCAGGGGGACTCGGCCATGTATCTCTGTGCCAGCAGCTTAGGGGCCCAATACAATGAGCAGTTCTTCGGGCCA"	"CASSLGAQYNEQFF"	"TCRBV7-9*1"	"TCRBD1-1*1"	"TCRBJ2-1*1"	-1	55	59	63	56	4	NA	NA	"ATCCAGCGCACAGAGCAGGGGGACTCGGCCATGTATCTCTGTGCCAGCAGCTTAGGGGCCCAATACAATGAGCAGTTCTTCGGGCCA"	FALSE	TRUE	NA	NA	NA	NA
"ACCAGTGCCCATCCTGAAGACAGCAGCTTCTACATCTGCAGTGCTAGGGAACTAGCGGAGGATTACAATGAGCAGTTCTTCGGGCCA"	"CSARELAEDYNEQFF"	"ACCAGTGCCCATCCTGAAGACAGCAGCTTCTACATCTGCAGTGCTAGGGAACTAGCGGAGGATTACAATGAGCAGTTCTTCGGGCCA"	"CSARELAEDYNEQFF"	NA	"TCRBD2-1"	"TCRBJ2-1*1"	47	50	58	63	3	5	NA	NA	"ACCAGTGCCCATCCTGAAGACAGCAGCTTCTACATCTGCAGTGCTAGGGAACTAGCGGAGGATTACAATGAGCAGTTCTTCGGGCCA"	FALSE	TRUE	NA	NA	NA	NA
"CAGCGCACAGAGCGGGGGGACTCAGCCGTGTATCTCTGTGCCAGCAGCCGACATCTAGCGGGAGCAGATACGCAGTATTTTGGCCCA"	"CASSRHLAGADTQYF"	"CAGCGCACAGAGCGGGGGGACTCAGCCGTGTATCTCTGTGCCAGCAGCCGACATCTAGCGGGAGCAGATACGCAGTATTTTGGCCCA"	"CASSRHLAGADTQYF"	"TCRBV7-3*1"	"TCRBD2-1*2"	"TCRBJ2-3*1"	48	54	-1	64	6	65	NA	NA	"CAGCGCACAGAGCGGGGGGACTCAGCCGTGTATCTCTGTGCCAGCAGCCGACATCTAGCGGGAGCAGATACGCAGTATTTTGGCCCA"	FALSE	TRUE	NA	NA	NA	NA
"CAGCGCACAGAGCAGGGGGACTCGGCCATGTATCTCTGTGCCAGCAGCCCTCCGGGACCCTCCACAGATACGCAGTATTTTGGCCCA"	"CASSPPGPSTDTQYF"	"CAGCGCACAGAGCAGGGGGACTCGGCCATGTATCTCTGTGCCAGCAGCCCTCCGGGACCCTCCACAGATACGCAGTATTTTGGCCCA"	"CASSPPGPSTDTQYF"	"TCRBV7-9*1"	NA	"TCRBJ2-3*1"	48	53	58	62	5	4	NA	NA	"CAGCGCACAGAGCAGGGGGACTCGGCCATGTATCTCTGTGCCAGCAGCCCTCCGGGACCCTCCACAGATACGCAGTATTTTGGCCCA"	FALSE	TRUE	NA	NA	NA	NA
"AGTGCCCATCCTGAAGACAGCAGCTTCTACATCTGCAGTGCTAGAGATAGAAGTGGGATCTCCTACAATGAGCAGTTCTTCGGGCCA"	"CSARDRSGISYNEQFF"	"AGTGCCCATCCTGAAGACAGCAGCTTCTACATCTGCAGTGCTAGAGATAGAAGTGGGATCTCCTACAATGAGCAGTTCTTCGGGCCA"	"CSARDRSGISYNEQFF"	NA	NA	"TCRBJ2-1*1"	47	54	58	59	7	1	NA	NA	"AGTGCCCATCCTGAAGACAGCAGCTTCTACATCTGCAGTGCTAGAGATAGAAGTGGGATCTCCTACAATGAGCAGTTCTTCGGGCCA"	FALSE	TRUE	NA	NA	NA	NA
"TTGCTGGGGGACTCGGCCCTCTATCTCTGTGCCAGCAGCTCCTTAAGTGAACTAGCGGGCTTGGGGAATGAGCAGTTCTTCGGGCCA"	"CASSSLSELAGLGNEQFF"	"TTGCTGGGGGACTCGGCCCTCTATCTCTGTGCCAGCAGCTCCTTAAGTGAACTAGCGGGCTTGGGGAATGAGCAGTTCTTCGGGCCA"	"CASSSLSELAGLGNEQFF"	"TCRBV5-6*1"	"TCRBD2-1"	"TCRBJ2-1*1"	40	50	59	66	10	7	NA	NA	"TTGCTGGGGGACTCGGCCCTCTATCTCTGTGCCAGCAGCTCCTTAAGTGAACTAGCGGGCTTGGGGAATGAGCAGTTCTTCGGGCCA"	FALSE	TRUE	NA	NA	NA	NA
"AGCACCTTGGAGCTGGGGGACTCGGCCCTTTATCTTTGCGCCAGCAGCTCGCGAACAGGGATATCTGCTGAAGCTTTCTTTGGACAA"	"CASSSRTGISAEAFF"	"AGCACCTTGGAGCTGGGGGACTCGGCCCTTTATCTTTGCGCCAGCAGCTCGCGAACAGGGATATCTGCTGAAGCTTTCTTTGGACAA"	"CASSSRTGISAEAFF"	"TCRBV5-1*1"	"TCRBD1-1*1"	"TCRBJ1-1*1"	49	54	60	67	5	7	NA	NA	"AGCACCTTGGAGCTGGGGGACTCGGCCCTTTATCTTTGCGCCAGCAGCTCGCGAACAGGGATATCTGCTGAAGCTTTCTTTGGACAA"	FALSE	TRUE	NA	NA	NA	NA
"TTGGAGATCCAGTCCACGGAGTCAGGGGACACAGCACTGTATTTCTGTGCCAGCAAAGGGACGGAAGAGACCCAGTACTTCGGGCCA"	"CASKGTEETQYF"	"TTGGAGATCCAGTCCACGGAGTCAGGGGACACAGCACTGTATTTCTGTGCCAGCAAAGGGACGGAAGAGACCCAGTACTTCGGGCCA"	"CASKGTEETQYF"	"TCRBV21-1*1"	NA	"TCRBJ2-5*1"	55	57	62	64	2	2	NA	NA	"TTGGAGATCCAGTCCACGGAGTCAGGGGACACAGCACTGTATTTCTGTGCCAGCAAAGGGACGGAAGAGACCCAGTACTTCGGGCCA"	FALSE	TRUE	NA	NA	NA	NA
"NNNNNNNTGTCGGCTGCTCCCTCCCAGACATCTGTGTACTTCTGTGCCAGCATGAAAATGGGGAACACTGAAGCTTTCTTTGGACAA"	"CASMKMGNTEAFF"	"NNNNNNNTGTCGGCTGCTCCCTCCCAGACATCTGTGTACTTCTGTGCCAGCATGAAAATGGGGAACACTGAAGCTTTCTTTGGACAA"	"CASMKMGNTEAFF"	"TCRBV6-5*1"	NA	"TCRBJ1-1*1"	52	59	-1	62	7	63	NA	NA	"NNNNNNNTGTCGGCTGCTCCCTCCCAGACATCTGTGTACTTCTGTGCCAGCATGAAAATGGGGAACACTGAAGCTTTCTTTGGACAA"	FALSE	TRUE	NA	NA	NA	NA
"ATCCTGGAGTCGCCCAGCCCCAACCAGACCTCTCTGTACTTCTGTGCCAGCAGTCCCGGCCAAGGAAACACCATATATTTTGGAGAG"	"CASSPGQGNTIYF"	"ATCCTGGAGTCGCCCAGCCCCAACCAGACCTCTCTGTACTTCTGTGCCAGCAGTCCCGGCCAAGGAAACACCATATATTTTGGAGAG"	"CASSPGQGNTIYF"	"TCRBV27-1*1"	NA	"TCRBJ1-3*1"	54	57	60	63	3	3	NA	NA	"ATCCTGGAGTCGCCCAGCCCCAACCAGACCTCTCTGTACTTCTGTGCCAGCAGTCCCGGCCAAGGAAACACCATATATTTTGGAGAG"	FALSE	TRUE	NA	NA	NA	NA
"ATCCAGCCCTCAGAACCCAGGGACTCAGCTGTGTACTTCTGTGCCAGCAGTTTATGGGGGCAGTCCTACGAGCAGTACTTCGGGCCG"	"CASSLWGQSYEQYF"	"ATCCAGCCCTCAGAACCCAGGGACTCAGCTGTGTACTTCTGTGCCAGCAGTTTATGGGGGCAGTCCTACGAGCAGTACTTCGGGCCG"	"CASSLWGQSYEQYF"	NA	"TCRBD1-1*1"	"TCRBJ2-7*1"	54	55	61	63	1	2	NA	NA	"ATCCAGCCCTCAGAACCCAGGGACTCAGCTGTGTACTTCTGTGCCAGCAGTTTATGGGGGCAGTCCTACGAGCAGTACTTCGGGCCG"	FALSE	TRUE	NA	NA	NA	NA
"GAGTCAGCTACCAGCTCCCAGACATCTGTGTACTTCTGTGCCATCAGGGGGCCCGGGGGCGTCACAGATACGCAGTATTTTGGCCCA"	"CAIRGPGGVTDTQYF"	"GAGTCAGCTACCAGCTCCCAGACATCTGTGTACTTCTGTGCCATCAGGGGGCCCGGGGGCGTCACAGATACGCAGTATTTTGGCCCA"	"CAIRGPGGVTDTQYF"	"TCRBV1-3*1"	NA	"TCRBJ2-3*1"	47	54	60	62	7	2	NA	NA	"GAGTCAGCTACCAGCTCCCAGACATCTGTGTACTTCTGTGCCATCAGGGGGCCCGGGGGCGTCACAGATACGCAGTATTTTGGCCCA"	FALSE	TRUE	NA	NA	NA	NA
"GAGCTGGACGACTCGGCCCTGTATCTCTGTGCCAGCAGTTCCTACAAATTCGGGCTAGCGAACTTAGAGACCCAGTACTTCGGGCCA"	"CASSSYKFGLANLETQYF"	"GAGCTGGACGACTCGGCCCTGTATCTCTGTGCCAGCAGTTCCTACAAATTCGGGCTAGCGAACTTAGAGACCCAGTACTTCGGGCCA"	"CASSSYKFGLANLETQYF"	"TCRBV5-4*1"	"TCRBD2-1"	"TCRBJ2-5*1"	38	54	60	65	16	5	NA	NA	"GAGCTGGACGACTCGGCCCTGTATCTCTGTGCCAGCAGTTCCTACAAATTCGGGCTAGCGAACTTAGAGACCCAGTACTTCGGGCCA"	FALSE	TRUE	NA	NA	NA	NA
"TTGTTGCTGGGGGACTCGGCCCTCTATCTCTGTGCCAGCAGCTTTGGGACAGGGGTGGGGTTGGCCACTGAAGCTTTCTTTGGACAA"	"CASSFGTGVGLATEAFF"	"TTGTTGCTGGGGGACTCGGCCCTCTATCTCTGTGCCAGCAGCTTTGGGACAGGGGTGGGGTTGGCCACTGAAGCTTTCTTTGGACAA"	"CASSFGTGVGLATEAFF"	"TCRBV5-6*1"	"TCRBD1-1*1"	"TCRBJ1-1*1"	44	45	55	65	1	10	NA	NA	"TTGTTGCTGGGGGACTCGGCCCTCTATCTCTGTGCCAGCAGCTTTGGGACAGGGGTGGGGTTGGCCACTGAAGCTTTCTTTGGACAA"	FALSE	TRUE	NA	NA	NA	NA
"GTGACCAGTGCCCATCCTGAAGACAGCAGCTTCTACATCTGCAGTGCTAGAGTAGGGACAGGGGTCACTGAAGCTTTCTTTGGACAA"	"CSARVGTGVTEAFF"	"GTGACCAGTGCCCATCCTGAAGACAGCAGCTTCTACATCTGCAGTGCTAGAGTAGGGACAGGGGTCACTGAAGCTTTCTTTGGACAA"	"CSARVGTGVTEAFF"	NA	"TCRBD1-1*1"	"TCRBJ1-1*1"	52	54	64	65	2	1	NA	NA	"GTGACCAGTGCCCATCCTGAAGACAGCAGCTTCTACATCTGCAGTGCTAGAGTAGGGACAGGGGTCACTGAAGCTTTCTTTGGACAA"	FALSE	TRUE	NA	NA	NA	NA
"CCCTGATCCTGGAGTCGCCCAGCCCCAACCAGACCTCTCTGTACTTCTGTGCCAGCAGTTTACAGGGATGGCTACACCTTCGGTTCG"	""	"CCCTGATCCTGGAGTCGCCCAGCCCCAACCAGACCTCTCTGTACTTCTGTGCCAGCAGTTTACAGGGATGGCTACACCTTCGGTTCG"	""	"TCRBV27-1*1"	"TCRBD1-1*1"	"TCRBJ1-2*1"	-1	62	-1	67	63	68	NA	NA	"CCCTGATCCTGGAGTCGCCCAGCCCCAACCAGACCTCTCTGTACTTCTGTGCCAGCAGTTTACAGGGATGGCTACACCTTCGGTTCG"	FALSE	FALSE	NA	NA	NA	NA
"GATCCAGCCTGCAGAGCTTGGGGACTCGGCCGTGTATCTCTGTGCCAGCAGCTTAGACAGGGTTCCTACGAGCAGTACTTCGGGCCG"	""	"GATCCAGCCTGCAGAGCTTGGGGACTCGGCCGTGTATCTCTGTGCCAGCAGCTTAGACAGGGTTCCTACGAGCAGTACTTCGGGCCG"	""	"TCRBV11-3*1"	"TCRBD1-1*1"	"TCRBJ2-7*1"	-1	57	62	63	58	1	NA	NA	"GATCCAGCCTGCAGAGCTTGGGGACTCGGCCGTGTATCTCTGTGCCAGCAGCTTAGACAGGGTTCCTACGAGCAGTACTTCGGGCCG"	FALSE	FALSE	NA	NA	NA	NA
"CAGCCTGCAGAGCTTGGGGACTCGGCCATGTATCTCTGTGCCAGCAGTAGAAGCGGGAGCAACTACAATGAGCAGTTCTTCGGGCCA"	"CASSRSGSNYNEQFF"	"CAGCCTGCAGAGCTTGGGGACTCGGCCATGTATCTCTGTGCCAGCAGTAGAAGCGGGAGCAACTACAATGAGCAGTTCTTCGGGCCA"	"CASSRSGSNYNEQFF"	"TCRBV11-1*1"	"TCRBD2-1*2"	"TCRBJ2-1*1"	47	51	59	62	4	3	NA	NA	"CAGCCTGCAGAGCTTGGGGACTCGGCCATGTATCTCTGTGCCAGCAGTAGAAGCGGGAGCAACTACAATGAGCAGTTCTTCGGGCCA"	FALSE	TRUE	NA	NA	NA	NA
"TTGGCGTCTGCTGTACCCTCTCAGACATCTGTGTACTTCTGTGCCAGCAGCCCAACAGGGGGCTTCTATGGCTACACCTTCGGTTCG"	"CASSPTGGFYGYTF"	"TTGGCGTCTGCTGTACCCTCTCAGACATCTGTGTACTTCTGTGCCAGCAGCCCAACAGGGGGCTTCTATGGCTACACCTTCGGTTCG"	"CASSPTGGFYGYTF"	"TCRBV6-4*1"	"TCRBD1-1*1"	"TCRBJ1-2*1"	50	54	63	65	4	2	NA	NA	"TTGGCGTCTGCTGTACCCTCTCAGACATCTGTGTACTTCTGTGCCAGCAGCCCAACAGGGGGCTTCTATGGCTACACCTTCGGTTCG"	FALSE	TRUE	NA	NA	NA	NA
"TCGGCTGCTCCCTCCCAAACATCTGTGTACTTCTGTGCCAGCAGTCTTTCCCAACTTATCGGAACAGATACGCAGTATTTTGGCCCA"	"CASSLSQLIGTDTQYF"	"TCGGCTGCTCCCTCCCAAACATCTGTGTACTTCTGTGCCAGCAGTCTTTCCCAACTTATCGGAACAGATACGCAGTATTTTGGCCCA"	"CASSLSQLIGTDTQYF"	"TCRBV6-2/6-3*1"	NA	"TCRBJ2-3*1"	45	60	-1	63	15	64	NA	NA	"TCGGCTGCTCCCTCCCAAACATCTGTGTACTTCTGTGCCAGCAGTCTTTCCCAACTTATCGGAACAGATACGCAGTATTTTGGCCCA"	FALSE	TRUE	NA	NA	NA	NA
"ATCCAGCAGGTAGTGCGAGGAGATTCGGCAGCTTATTTCTGTGCCAGCTCGGTAGCGGAGAACACCGGGGAGCTGTTTTTTGGAGAA"	"CASSVAENTGELFF"	"ATCCAGCAGGTAGTGCGAGGAGATTCGGCAGCTTATTTCTGTGCCAGCTCGGTAGCGGAGAACACCGGGGAGCTGTTTTTTGGAGAA"	"CASSVAENTGELFF"	"TCRBV18-1*1"	"TCRBD2-1"	"TCRBJ2-2*1"	50	52	58	59	2	1	NA	NA	"ATCCAGCAGGTAGTGCGAGGAGATTCGGCAGCTTATTTCTGTGCCAGCTCGGTAGCGGAGAACACCGGGGAGCTGTTTTTTGGAGAA"	FALSE	TRUE	NA	NA	NA	NA
"TCCGCCAGCACCAACCAGACATCTATGTACCTCTGTGCCAGCAGTTTAGGAGGGGTGACTGGGGCCAACGTCCTGACTTTCGGGGCC"	"CASSLGGVTGANVLTF"	"TCCGCCAGCACCAACCAGACATCTATGTACCTCTGTGCCAGCAGTTTAGGAGGGGTGACTGGGGCCAACGTCCTGACTTTCGGGGCC"	"CASSLGGVTGANVLTF"	"TCRBV28-1*1"	"TCRBD2-1*2"	"TCRBJ2-6*1"	-1	48	54	58	49	4	NA	NA	"TCCGCCAGCACCAACCAGACATCTATGTACCTCTGTGCCAGCAGTTTAGGAGGGGTGACTGGGGCCAACGTCCTGACTTTCGGGGCC"	FALSE	TRUE	NA	NA	NA	NA
"CTCACTGTGACATCGGCCCAAAAGAACCCGACAGCTTTCTATCTCTGTGCCAGTACCGGGGAGAACACTGAAGCTTTCTTTGGACAA"	"CASTGENTEAFF"	"CTCACTGTGACATCGGCCCAAAAGAACCCGACAGCTTTCTATCTCTGTGCCAGTACCGGGGAGAACACTGAAGCTTTCTTTGGACAA"	"CASTGENTEAFF"	"TCRBV19-1*1"	"TCRBD2-1*1"	"TCRBJ1-1*1"	55	56	61	62	1	1	NA	NA	"CTCACTGTGACATCGGCCCAAAAGAACCCGACAGCTTTCTATCTCTGTGCCAGTACCGGGGAGAACACTGAAGCTTTCTTTGGACAA"	FALSE	TRUE	NA	NA	NA	NA
"CCTCTCAGACATCTGTGTACTTCTGTGCCAGCAGTGGTCCGAGACTAGCTCCTTTCTTAGAACACCGGGGAGCTGTTTTTTGGAGAA"	""	"CCTCTCAGACATCTGTGTACTTCTGTGCCAGCAGTGGTCCGAGACTAGCTCCTTTCTTAGAACACCGGGGAGCTGTTTTTTGGAGAA"	""	"TCRBV6-4*1"	"TCRBD2-1"	"TCRBJ2-2*1"	36	42	49	59	6	10	NA	NA	"CCTCTCAGACATCTGTGTACTTCTGTGCCAGCAGTGGTCCGAGACTAGCTCCTTTCTTAGAACACCGGGGAGCTGTTTTTTGGAGAA"	FALSE	FALSE	NA	NA	NA	NA
"GAGATCCAGCGCACAGAGCAGGGGGACTCGGCCATGTATCTCTGTGCCAGCAGCTCGTTCGGGGGTGTCGGCTACACCTTCGGTTCG"	"CASSSFGGVGYTF"	"GAGATCCAGCGCACAGAGCAGGGGGACTCGGCCATGTATCTCTGTGCCAGCAGCTCGTTCGGGGGTGTCGGCTACACCTTCGGTTCG"	"CASSSFGGVGYTF"	"TCRBV7-9*1"	"TCRBD2-1*1"	"TCRBJ1-2*1"	55	59	65	69	4	4	NA	NA	"GAGATCCAGCGCACAGAGCAGGGGGACTCGGCCATGTATCTCTGTGCCAGCAGCTCGTTCGGGGGTGTCGGCTACACCTTCGGTTCG"	FALSE	TRUE	NA	NA	NA	NA
"AATGTGAACGCCTTGGAGCTGGACGACTCGGCCCTGTATCTCTGTGCCAGCAGCACCCAGATTTTTACCGAGCAGTACTTCGGGCCG"	"CASSTQIFTEQYF"	"AATGTGAACGCCTTGGAGCTGGACGACTCGGCCCTGTATCTCTGTGCCAGCAGCACCCAGATTTTTACCGAGCAGTACTTCGGGCCG"	"CASSTQIFTEQYF"	"TCRBV5-4*1"	"TCRBD1-1*1"	"TCRBJ2-7*1"	54	57	60	68	3	8	NA	NA	"AATGTGAACGCCTTGGAGCTGGACGACTCGGCCCTGTATCTCTGTGCCAGCAGCACCCAGATTTTTACCGAGCAGTACTTCGGGCCG"	FALSE	TRUE	NA	NA	NA	NA
"CACACCCTGCAGCCAGAAGACTCGGCCCTGTATCTCTGTGCCAGCAGCCAAGAGCTCTCCAGGGACTACGAGCAGTACTTCGGGCCG"	"CASSQELSRDYEQYF"	"CACACCCTGCAGCCAGAAGACTCGGCCCTGTATCTCTGTGCCAGCAGCCAAGAGCTCTCCAGGGACTACGAGCAGTACTTCGGGCCG"	"CASSQELSRDYEQYF"	"TCRBV4-2*1"	"TCRBD1-1*1"	"TCRBJ2-7*1"	53	59	64	65	6	1	NA	NA	"CACACCCTGCAGCCAGAAGACTCGGCCCTGTATCTCTGTGCCAGCAGCCAAGAGCTCTCCAGGGACTACGAGCAGTACTTCGGGCCG"	FALSE	TRUE	NA	NA	NA	NA
"CCCCTGATCCTGGAGTCGCCCAGCCCCAACCAGACCTCTCTGTACTTCTGTGCCACCCCCCCGGGCACTGAAGCTTTCTTTGGACAA"	"CATPPGTEAFF"	"CCCCTGATCCTGGAGTCGCCCAGCCCCAACCAGACCTCTCTGTACTTCTGTGCCACCCCCCCGGGCACTGAAGCTTTCTTTGGACAA"	"CATPPGTEAFF"	"TCRBV27-1*1"	"TCRBD2-1"	"TCRBJ1-1*1"	55	61	-1	65	6	66	NA	NA	"CCCCTGATCCTGGAGTCGCCCAGCCCCAACCAGACCTCTCTGTACTTCTGTGCCACCCCCCCGGGCACTGAAGCTTTCTTTGGACAA"	FALSE	TRUE	NA	NA	NA	NA
"AATGTGAGCACCTTGGAGCTGGGGGACTCGGCCCTTTATCTTTGCGCCAGCAGCTCCCAGGGAAGCTACGAGCAGTACTTCGGGCCG"	"CASSSQGSYEQYF"	"AATGTGAGCACCTTGGAGCTGGGGGACTCGGCCCTTTATCTTTGCGCCAGCAGCTCCCAGGGAAGCTACGAGCAGTACTTCGGGCCG"	"CASSSQGSYEQYF"	"TCRBV5-1*1"	"TCRBD1-1*1"	"TCRBJ2-7*1"	55	57	62	65	2	3	NA	NA	"AATGTGAGCACCTTGGAGCTGGGGGACTCGGCCCTTTATCTTTGCGCCAGCAGCTCCCAGGGAAGCTACGAGCAGTACTTCGGGCCG"	FALSE	TRUE	NA	NA	NA	NA
"AAGATCCGGTCCACAAAGCTGGAGGACTCAGCCATGTACTTCTGTGCCAGCAACGACTAGCGGGATTGTGAGCAGTTCTTCGGGCCA"	"CASND*RDCEQFF"	"AAGATCCGGTCCACAAAGCTGGAGGACTCAGCCATGTACTTCTGTGCCAGCAACGACTAGCGGGATTGTGAGCAGTTCTTCGGGCCA"	"CASND*RDCEQFF"	"TCRBV2-1"	"TCRBD2-1*2"	"TCRBJ2-1*1"	52	54	65	68	2	3	NA	NA	"AAGATCCGGTCCACAAAGCTGGAGGACTCAGCCATGTACTTCTGTGCCAGCAACGACTAGCGGGATTGTGAGCAGTTCTTCGGGCCA"	FALSE	TRUE	NA	NA	NA	NA
"ATCCAGGGCACAGAGCAGGGGGACTCGGCCATGTATCTCTGTGCCAGCGCTTCTAGCGGCTCCTACAATGAGCAGTTCTTCGGGCCA"	"CASASSGSYNEQFF"	"ATCCAGGGCACAGAGCAGGGGGACTCGGCCATGTATCTCTGTGCCAGCGCTTCTAGCGGCTCCTACAATGAGCAGTTCTTCGGGCCA"	"CASASSGSYNEQFF"	"TCRBV7-9"	"TCRBD2-1"	"TCRBJ2-1*1"	48	52	-1	59	4	60	NA	NA	"ATCCAGGGCACAGAGCAGGGGGACTCGGCCATGTATCTCTGTGCCAGCGCTTCTAGCGGCTCCTACAATGAGCAGTTCTTCGGGCCA"	FALSE	TRUE	NA	NA	NA	NA
"ATCCAGCGCACACAGCAGGAGGACTCGGCCGTGTATCTCTGTGCCAGCAGCTTAGCGGCGGTTAGGGAGACCCAGTACTTCGGGCCA"	"CASSLAAVRETQYF"	"ATCCAGCGCACACAGCAGGAGGACTCGGCCGTGTATCTCTGTGCCAGCAGCTTAGCGGCGGTTAGGGAGACCCAGTACTTCGGGCCA"	"CASSLAAVRETQYF"	"TCRBV7-2"	"TCRBD2-1"	"TCRBJ2-5*1"	56	57	61	66	1	5	NA	NA	"ATCCAGCGCACACAGCAGGAGGACTCGGCCGTGTATCTCTGTGCCAGCAGCTTAGCGGCGGTTAGGGAGACCCAGTACTTCGGGCCA"	FALSE	TRUE	NA	NA	NA	NA
"ACATCGGCCCAAAAGAACCCGACAGCTTTCTATCTCTGTGCCAGTAGTAAGCTAGCGGGAGCGGGAGATGAGCAGTTCTTCGGGCCA"	"CASSKLAGAGDEQFF"	"ACATCGGCCCAAAAGAACCCGACAGCTTTCTATCTCTGTGCCAGTAGTAAGCTAGCGGGAGCGGGAGATGAGCAGTTCTTCGGGCCA"	"CASSKLAGAGDEQFF"	"TCRBV19-1*1"	"TCRBD2-1*2"	"TCRBJ2-1*1"	49	51	61	67	2	6	NA	NA	"ACATCGGCCCAAAAGAACCCGACAGCTTTCTATCTCTGTGCCAGTAGTAAGCTAGCGGGAGCGGGAGATGAGCAGTTCTTCGGGCCA"	FALSE	TRUE	NA	NA	NA	NA
"GAGTCGCCCAGCCCCAACCAGACCTCTCTGTACTTCTGTGCCAGCAGTCCGCTGGGACAGTTGGACTATGGCTACACCTTCGGTTCG"	"CASSPLGQLDYGYTF"	"GAGTCGCCCAGCCCCAACCAGACCTCTCTGTACTTCTGTGCCAGCAGTCCGCTGGGACAGTTGGACTATGGCTACACCTTCGGTTCG"	"CASSPLGQLDYGYTF"	"TCRBV27-1*1"	"TCRBD1-1*1"	"TCRBJ1-2*1"	48	53	60	64	5	4	NA	NA	"GAGTCGCCCAGCCCCAACCAGACCTCTCTGTACTTCTGTGCCAGCAGTCCGCTGGGACAGTTGGACTATGGCTACACCTTCGGTTCG"	FALSE	TRUE	NA	NA	NA	NA
"AGCAACATGAGCCCTGAAGACAGCAGCATATATCTCTGCAGCGTTGAATTGTGGGCTAGCGGAACAGATACGCAGTATTTTGGCCCA"	"CSVELWASGTDTQYF"	"AGCAACATGAGCCCTGAAGACAGCAGCATATATCTCTGCAGCGTTGAATTGTGGGCTAGCGGAACAGATACGCAGTATTTTGGCCCA"	"CSVELWASGTDTQYF"	"TCRBV29-1"	"TCRBD2-1"	"TCRBJ2-3*1"	48	55	62	63	7	1	NA	NA	"AGCAACATGAGCCCTGAAGACAGCAGCATATATCTCTGCAGCGTTGAATTGTGGGCTAGCGGAACAGATACGCAGTATTTTGGCCCA"	FALSE	TRUE	NA	NA	NA	NA
"CTGACAGTGACCAGTGCCCATCCTGAAGACAGCAGCTTCTACATCTGCAGTGCCTTGAGGGGTCCCTACGAGCAGTACTTCGGGCCG"	"CSALRGPYEQYF"	"CTGACAGTGACCAGTGCCCATCCTGAAGACAGCAGCTTCTACATCTGCAGTGCCTTGAGGGGTCCCTACGAGCAGTACTTCGGGCCG"	"CSALRGPYEQYF"	NA	NA	"TCRBJ2-7*1"	53	57	62	64	4	2	NA	NA	"CTGACAGTGACCAGTGCCCATCCTGAAGACAGCAGCTTCTACATCTGCAGTGCCTTGAGGGGTCCCTACGAGCAGTACTTCGGGCCG"	FALSE	TRUE	NA	NA	NA	NA
"GCAGCCAGAAGACTCGGCCCTGTATCTCTGCGCCAGCAGCCAAGATATCCTCTAGGACAGGGGTACAATGAGCAGTTCTTCGGGCCA"	""	"GCAGCCAGAAGACTCGGCCCTGTATCTCTGCGCCAGCAGCCAAGATATCCTCTAGGACAGGGGTACAATGAGCAGTTCTTCGGGCCA"	""	"TCRBV4-3*1"	"TCRBD1-1*1"	"TCRBJ2-1*1"	45	54	-1	63	9	64	NA	NA	"GCAGCCAGAAGACTCGGCCCTGTATCTCTGCGCCAGCAGCCAAGATATCCTCTAGGACAGGGGTACAATGAGCAGTTCTTCGGGCCA"	FALSE	FALSE	NA	NA	NA	NA
"CTCACTCTGGAGTCCGCTACCAGCTCCCAGACATCTGTGTACTTCTGTGCCATCCGGACAGCAGCCTACGAGCAGTACTTCGGGCCG"	"CAIRTAAYEQYF"	"CTCACTCTGGAGTCCGCTACCAGCTCCCAGACATCTGTGTACTTCTGTGCCATCCGGACAGCAGCCTACGAGCAGTACTTCGGGCCG"	"CAIRTAAYEQYF"	"TCRBV1-3*1"	"TCRBD1-1*1"	"TCRBJ2-7*1"	54	55	61	64	1	3	NA	NA	"CTCACTCTGGAGTCCGCTACCAGCTCCCAGACATCTGTGTACTTCTGTGCCATCCGGACAGCAGCCTACGAGCAGTACTTCGGGCCG"	FALSE	TRUE	NA	NA	NA	NA
"GTGAACGCCTTGTTGCTGGGGGACTCGGCCCTCTATCTCTGTGCCAGCAGCGAAAGGACAGGGTACTTGGAGCAGTTCTTCGGGCCA"	"CASSERTGYLEQFF"	"GTGAACGCCTTGTTGCTGGGGGACTCGGCCCTCTATCTCTGTGCCAGCAGCGAAAGGACAGGGTACTTGGAGCAGTTCTTCGGGCCA"	"CASSERTGYLEQFF"	"TCRBV5-6*1"	"TCRBD1-1*1"	"TCRBJ2-1*1"	51	55	63	69	4	6	NA	NA	"GTGAACGCCTTGTTGCTGGGGGACTCGGCCCTCTATCTCTGTGCCAGCAGCGAAAGGACAGGGTACTTGGAGCAGTTCTTCGGGCCA"	FALSE	TRUE	NA	NA	NA	NA
"GTGCAGCCTGCAGAACTGGAGGATTCTGGAGTTTATTTCTGTGCCAGCAGCCCGGGACTCCGCAGAGCGACCCAGTACTTCGGGCCA"	"CASSPGLRRATQYF"	"GTGCAGCCTGCAGAACTGGAGGATTCTGGAGTTTATTTCTGTGCCAGCAGCCCGGGACTCCGCAGAGCGACCCAGTACTTCGGGCCA"	"CASSPGLRRATQYF"	"TCRBV14-1*1"	"TCRBD2-1"	"TCRBJ2-5*1"	52	53	59	68	1	9	NA	NA	"GTGCAGCCTGCAGAACTGGAGGATTCTGGAGTTTATTTCTGTGCCAGCAGCCCGGGACTCCGCAGAGCGACCCAGTACTTCGGGCCA"	FALSE	TRUE	NA	NA	NA	NA
"GTGAGCAACATGAGCCCTGAAGACAGCAGCATATATCTCTGCAGCATCCACCCAGGGGTTGTAAACACTGAAGCTTTCTTTGGACAA"	"CSIHPGVVNTEAFF"	"GTGAGCAACATGAGCCCTGAAGACAGCAGCATATATCTCTGCAGCATCCACCCAGGGGTTGTAAACACTGAAGCTTTCTTTGGACAA"	"CSIHPGVVNTEAFF"	"TCRBV29-1"	"TCRBD1-1*1"	"TCRBJ1-1*1"	45	52	58	63	7	5	NA	NA	"GTGAGCAACATGAGCCCTGAAGACAGCAGCATATATCTCTGCAGCATCCACCCAGGGGTTGTAAACACTGAAGCTTTCTTTGGACAA"	FALSE	TRUE	NA	NA	NA	NA
"TCGGCTGCTCCCTCCCAGACATCTGTGTACTTCTGTGCCAGCAGCTTACTAGCGGGAGGGCCACAAGAGACCCAGTACTTCGGGCCA"	"CASSLLAGGPQETQYF"	"TCGGCTGCTCCCTCCCAGACATCTGTGTACTTCTGTGCCAGCAGCTTACTAGCGGGAGGGCCACAAGAGACCCAGTACTTCGGGCCA"	"CASSLLAGGPQETQYF"	NA	"TCRBD2-1*2"	"TCRBJ2-5*1"	44	47	60	63	3	3	NA	NA	"TCGGCTGCTCCCTCCCAGACATCTGTGTACTTCTGTGCCAGCAGCTTACTAGCGGGAGGGCCACAAGAGACCCAGTACTTCGGGCCA"	FALSE	TRUE	NA	NA	NA	NA
"GAGTCCGCCAGCACCAACCAGACATCTATGTACCTCTGTGCCAGCAGTTTGGCAGGGGGCGATTTTTTTGAAGCTTTCTTTGGACAA"	"CASSLAGGDFFEAFF"	"GAGTCCGCCAGCACCAACCAGACATCTATGTACCTCTGTGCCAGCAGTTTGGCAGGGGGCGATTTTTTTGAAGCTTTCTTTGGACAA"	"CASSLAGGDFFEAFF"	"TCRBV28-1*1"	"TCRBD1-1*1"	"TCRBJ1-1*1"	50	52	60	68	2	8	NA	NA	"GAGTCCGCCAGCACCAACCAGACATCTATGTACCTCTGTGCCAGCAGTTTGGCAGGGGGCGATTTTTTTGAAGCTTTCTTTGGACAA"	FALSE	TRUE	NA	NA	NA	NA
"GGAGTCAGGGGACACAGCACTGTATTTCTGTGCCAGCAGCGTACGATTCCACCGACAGGGCCCTACAATGAGCAGTTCTTCGGGCCA"	""	"GGAGTCAGGGGACACAGCACTGTATTTCTGTGCCAGCAGCGTACGATTCCACCGACAGGGCCCTACAATGAGCAGTTCTTCGGGCCA"	""	"TCRBV21-1*1"	"TCRBD1-1*1"	"TCRBJ2-1*1"	40	53	60	61	13	1	NA	NA	"GGAGTCAGGGGACACAGCACTGTATTTCTGTGCCAGCAGCGTACGATTCCACCGACAGGGCCCTACAATGAGCAGTTCTTCGGGCCA"	FALSE	FALSE	NA	NA	NA	NA
"GTGACCAGTGCCCATCCTGAAGACAGCAGCTTCTACATCTGCAGTGCTAGAGATCCGTCCGGCCAAGAGACCCAGTACTTCGGGCCA"	"CSARDPSGQETQYF"	"GTGACCAGTGCCCATCCTGAAGACAGCAGCTTCTACATCTGCAGTGCTAGAGATCCGTCCGGCCAAGAGACCCAGTACTTCGGGCCA"	"CSARDPSGQETQYF"	NA	"TCRBD2-1"	"TCRBJ2-5*1"	53	59	-1	62	6	63	NA	NA	"GTGACCAGTGCCCATCCTGAAGACAGCAGCTTCTACATCTGCAGTGCTAGAGATCCGTCCGGCCAAGAGACCCAGTACTTCGGGCCA"	FALSE	TRUE	NA	NA	NA	NA
"CTGGAGTCCGCCAGCACCAACCAGACATCTATGTACCTCTGTGCCAGCAGGACCCCGGGACAGGGGACCGAAGCTTTCTTTGGACAA"	"CASRTPGQGTEAFF"	"CTGGAGTCCGCCAGCACCAACCAGACATCTATGTACCTCTGTGCCAGCAGGACCCCGGGACAGGGGACCGAAGCTTTCTTTGGACAA"	"CASRTPGQGTEAFF"	"TCRBV28-1*1"	"TCRBD1-1*1"	"TCRBJ1-1*1"	50	56	66	69	6	3	NA	NA	"CTGGAGTCCGCCAGCACCAACCAGACATCTATGTACCTCTGTGCCAGCAGGACCCCGGGACAGGGGACCGAAGCTTTCTTTGGACAA"	FALSE	TRUE	NA	NA	NA	NA
"ATCCAGCGCACACAGCAGGAGGACTCCGCCGTGTATCTCTGTGCCAGCAGCCCCATCGACTCTGGAAACACCATATATTTTGGAGAG"	"CASSPIDSGNTIYF"	"ATCCAGCGCACACAGCAGGAGGACTCCGCCGTGTATCTCTGTGCCAGCAGCCCCATCGACTCTGGAAACACCATATATTTTGGAGAG"	"CASSPIDSGNTIYF"	"TCRBV7-8*3"	NA	"TCRBJ1-3*1"	52	57	-1	59	5	60	NA	NA	"ATCCAGCGCACACAGCAGGAGGACTCCGCCGTGTATCTCTGTGCCAGCAGCCCCATCGACTCTGGAAACACCATATATTTTGGAGAG"	FALSE	TRUE	NA	NA	NA	NA
"AGATCCAGTCCACGGAGTCAGGGGACACAGCACTGTATTTCTGTGCCAGCCGATCAGTGATAAACCGAAAAACTGTTTTTTGGCAGT"	""	"AGATCCAGTCCACGGAGTCAGGGGACACAGCACTGTATTTCTGTGCCAGCCGATCAGTGATAAACCGAAAAACTGTTTTTTGGCAGT"	""	"TCRBV21-1*1"	"TCRBD1-1*1"	"TCRBJ1-4*1"	50	54	57	66	4	9	NA	NA	"AGATCCAGTCCACGGAGTCAGGGGACACAGCACTGTATTTCTGTGCCAGCCGATCAGTGATAAACCGAAAAACTGTTTTTTGGCAGT"	FALSE	FALSE	NA	NA	NA	NA
"AATGTGAGCACCTTGGAGCTGGGGGACTCGGCCCTTTATCTTTGCGCCAGCAGCTTACCCTCTCGAACTGAAGCTTTCTTTGGACAA"	"CASSLPSRTEAFF"	"AATGTGAGCACCTTGGAGCTGGGGGACTCGGCCCTTTATCTTTGCGCCAGCAGCTTACCCTCTCGAACTGAAGCTTTCTTTGGACAA"	"CASSLPSRTEAFF"	"TCRBV5-1*1"	NA	"TCRBJ1-1*1"	56	64	-1	66	8	67	NA	NA	"AATGTGAGCACCTTGGAGCTGGGGGACTCGGCCCTTTATCTTTGCGCCAGCAGCTTACCCTCTCGAACTGAAGCTTTCTTTGGACAA"	FALSE	TRUE	NA	NA	NA	NA
"GTCCGCCAGCACCAACCAGACATCTATGTACCTCTGTGCCAGCAGTTTGCCATTCCCAGGGAGGAGTACGAGCAGTACTTCGGGCCG"	""	"GTCCGCCAGCACCAACCAGACATCTATGTACCTCTGTGCCAGCAGTTTGCCATTCCCAGGGAGGAGTACGAGCAGTACTTCGGGCCG"	""	"TCRBV28-1*1"	"TCRBD2-1*2"	"TCRBJ2-7*1"	48	58	64	66	10	2	NA	NA	"GTCCGCCAGCACCAACCAGACATCTATGTACCTCTGTGCCAGCAGTTTGCCATTCCCAGGGAGGAGTACGAGCAGTACTTCGGGCCG"	FALSE	FALSE	NA	NA	NA	NA
"TCTCTGGAGCTGGGGGACTCAGCTTTGTATTTCTGTGCCAGCAGCGTATCTCTAGGGCGAATCACAGATACGCAGTATTTTGGCCCA"	"CASSVSLGRITDTQYF"	"TCTCTGGAGCTGGGGGACTCAGCTTTGTATTTCTGTGCCAGCAGCGTATCTCTAGGGCGAATCACAGATACGCAGTATTTTGGCCCA"	"CASSVSLGRITDTQYF"	"TCRBV9-1*1"	NA	"TCRBJ2-3*1"	48	53	57	62	5	5	NA	NA	"TCTCTGGAGCTGGGGGACTCAGCTTTGTATTTCTGTGCCAGCAGCGTATCTCTAGGGCGAATCACAGATACGCAGTATTTTGGCCCA"	FALSE	TRUE	NA	NA	NA	NA
"GCCTTGTTGCTGGGGGACTCGGCCCTCTATCTCTGTGCCAGCAGCTTGGCCGGACTAGCGGGCTACAATGAGCAGTTCTTCGGGCCA"	"CASSLAGLAGYNEQFF"	"GCCTTGTTGCTGGGGGACTCGGCCCTCTATCTCTGTGCCAGCAGCTTGGCCGGACTAGCGGGCTACAATGAGCAGTTCTTCGGGCCA"	"CASSLAGLAGYNEQFF"	"TCRBV5-6*1"	"TCRBD2-1"	"TCRBJ2-1*1"	49	51	-1	62	2	63	NA	NA	"GCCTTGTTGCTGGGGGACTCGGCCCTCTATCTCTGTGCCAGCAGCTTGGCCGGACTAGCGGGCTACAATGAGCAGTTCTTCGGGCCA"	FALSE	TRUE	NA	NA	NA	NA
"CACGCCCTGCAGCCAGAAGACTCAGCCCTGTATCTCTGCGCCAGCAGCCAAGATCCGGGGAGGGGTACTGAAGCTTTCTTTGGACAA"	"CASSQDPGRGTEAFF"	"CACGCCCTGCAGCCAGAAGACTCAGCCCTGTATCTCTGCGCCAGCAGCCAAGATCCGGGGAGGGGTACTGAAGCTTTCTTTGGACAA"	"CASSQDPGRGTEAFF"	"TCRBV4-1*1"	"TCRBD2-1*2"	"TCRBJ1-1*1"	53	57	64	66	4	2	NA	NA	"CACGCCCTGCAGCCAGAAGACTCAGCCCTGTATCTCTGCGCCAGCAGCCAAGATCCGGGGAGGGGTACTGAAGCTTTCTTTGGACAA"	FALSE	TRUE	NA	NA	NA	NA
"CAGCGCACAGAGCAGGGGGACTCGGCCATGTATCTCTGTGCCAGCACCCAGGACAGGGGGAATAATTCACCCCTCCACTTTGGGAAT"	"CASTQDRGNNSPLHF"	"CAGCGCACAGAGCAGGGGGACTCGGCCATGTATCTCTGTGCCAGCACCCAGGACAGGGGGAATAATTCACCCCTCCACTTTGGGAAT"	"CASTQDRGNNSPLHF"	"TCRBV7-9*5"	"TCRBD1-1*1"	"TCRBJ1-6*1"	48	50	60	61	2	1	NA	NA	"CAGCGCACAGAGCAGGGGGACTCGGCCATGTATCTCTGTGCCAGCACCCAGGACAGGGGGAATAATTCACCCCTCCACTTTGGGAAT"	FALSE	TRUE	NA	NA	NA	NA
"CCCTCCCAGACATCTGTGTACTTGTGTGCCAGCAGTTAGGTAAGGGACTAGCGGTAAAGCTCCTACAATGAGCAGTTCTTCGGGCCA"	"CASS*VRD*R*SSYNEQFF"	"CCCTCCCAGACATCTGTGTACTTGTGTGCCAGCAGTTAGGTAAGGGACTAGCGGTAAAGCTCCTACAATGAGCAGTTCTTCGGGCCA"	"CASS*VRD*R*SSYNEQFF"	"TCRBV6-8*1"	"TCRBD2-1"	"TCRBJ2-1*1"	38	43	54	59	5	5	NA	NA	"CCCTCCCAGACATCTGTGTACTTGTGTGCCAGCAGTTAGGTAAGGGACTAGCGGTAAAGCTCCTACAATGAGCAGTTCTTCGGGCCA"	FALSE	TRUE	NA	NA	NA	NA
"TCGGCCCAAAAGAACCCGACAGCTTTCTATCTCTGTGCCAGTGCCACCTATGGCGGGAGTACGGCAGATACGCAGTATTTTGGCCCA"	"CASATYGGSTADTQYF"	"TCGGCCCAAAAGAACCCGACAGCTTTCTATCTCTGTGCCAGTGCCACCTATGGCGGGAGTACGGCAGATACGCAGTATTTTGGCCCA"	"CASATYGGSTADTQYF"	"TCRBV19-1*1"	"TCRBD2-1*2"	"TCRBJ2-3*1"	42	52	59	64	10	5	NA	NA	"TCGGCCCAAAAGAACCCGACAGCTTTCTATCTCTGTGCCAGTGCCACCTATGGCGGGAGTACGGCAGATACGCAGTATTTTGGCCCA"	FALSE	TRUE	NA	NA	NA	NA
"CTGATCCTGGAGTCGCCCAGCCCCAACCAGACCTCTCTGTACTTCTGTGCCAGCAGTTCGGACTCAGGGGAGCTGTTTTTTGGAGAA"	"CASSSDSGELFF"	"CTGATCCTGGAGTCGCCCAGCCCCAACCAGACCTCTCTGTACTTCTGTGCCAGCAGTTCGGACTCAGGGGAGCTGTTTTTTGGAGAA"	"CASSSDSGELFF"	"TCRBV27-1*1"	"TCRBD2-1"	"TCRBJ2-2*1"	58	59	64	66	1	2	NA	NA	"CTGATCCTGGAGTCGCCCAGCCCCAACCAGACCTCTCTGTACTTCTGTGCCAGCAGTTCGGACTCAGGGGAGCTGTTTTTTGGAGAA"	FALSE	TRUE	NA	NA	NA	NA
"CAGCCCTCAGAACCCAGGGACTCAGCTGTGTATTTTTGTGCTAGTGGCCTCGCAGCGGGAATCTTCGGGGAGCTGTTTTTTGGAGAA"	"CASGLAAGIFGELFF"	"CAGCCCTCAGAACCCAGGGACTCAGCTGTGTATTTTTGTGCTAGTGGCCTCGCAGCGGGAATCTTCGGGGAGCTGTTTTTTGGAGAA"	"CASGLAAGIFGELFF"	"TCRBV12-5*1"	"TCRBD2-1*2"	"TCRBJ2-2*1"	47	53	60	65	6	5	NA	NA	"CAGCCCTCAGAACCCAGGGACTCAGCTGTGTATTTTTGTGCTAGTGGCCTCGCAGCGGGAATCTTCGGGGAGCTGTTTTTTGGAGAA"	FALSE	TRUE	NA	NA	NA	NA
"AACGCCTTGTTGCTGGGGGACTCGGCCCTCTATCTCTGTGCCAGCAGCATACCAAAGACAGGGTCTGAGCGGTACACCTTCGGTTCG"	"CASSIPKTGSERYTF"	"AACGCCTTGTTGCTGGGGGACTCGGCCCTCTATCTCTGTGCCAGCAGCATACCAAAGACAGGGTCTGAGCGGTACACCTTCGGTTCG"	"CASSIPKTGSERYTF"	"TCRBV5-6*1"	"TCRBD1-1*1"	"TCRBJ1-2*1"	48	56	63	72	8	9	NA	NA	"AACGCCTTGTTGCTGGGGGACTCGGCCCTCTATCTCTGTGCCAGCAGCATACCAAAGACAGGGTCTGAGCGGTACACCTTCGGTTCG"	FALSE	TRUE	NA	NA	NA	NA
"ACATGAGCCCTGAAGACAGCAGCATATATCTCTGCAGTCACCGGGACAACCAACTCTCGGGCCGAAGATACGCAGTATTTTGGCCCA"	""	"ACATGAGCCCTGAAGACAGCAGCATATATCTCTGCAGTCACCGGGACAACCAACTCTCGGGCCGAAGATACGCAGTATTTTGGCCCA"	""	"TCRBV29-1"	"TCRBD1-1*1"	"TCRBJ2-3*1"	37	42	48	65	5	17	NA	NA	"ACATGAGCCCTGAAGACAGCAGCATATATCTCTGCAGTCACCGGGACAACCAACTCTCGGGCCGAAGATACGCAGTATTTTGGCCCA"	FALSE	FALSE	NA	NA	NA	NA
"ATCCTGGAGTCGCCCAGCCCCAACCAGACCTCTCTGTACTTCTGTGCCAGCAGGGCAGGGGGTACCTACGAGCAGTACTTCGGGCCG"	"CASRAGGTYEQYF"	"ATCCTGGAGTCGCCCAGCCCCAACCAGACCTCTCTGTACTTCTGTGCCAGCAGGGCAGGGGGTACCTACGAGCAGTACTTCGGGCCG"	"CASRAGGTYEQYF"	"TCRBV27-1*1"	"TCRBD1-1*1"	"TCRBJ2-7*1"	53	55	62	64	2	2	NA	NA	"ATCCTGGAGTCGCCCAGCCCCAACCAGACCTCTCTGTACTTCTGTGCCAGCAGGGCAGGGGGTACCTACGAGCAGTACTTCGGGCCG"	FALSE	TRUE	NA	NA	NA	NA
"TTGGAGATCCAGCGCACAGAGCAGGGGGACTCGGCCATGTATCTCTGTGCCAGCGGGGGGCTAGGGGAAAAACTGTTTTTTGGCAGT"	"CASGGLGEKLFF"	"TTGGAGATCCAGCGCACAGAGCAGGGGGACTCGGCCATGTATCTCTGTGCCAGCGGGGGGCTAGGGGAAAAACTGTTTTTTGGCAGT"	"CASGGLGEKLFF"	"TCRBV7-9"	NA	"TCRBJ1-4*1"	54	55	61	66	1	5	NA	NA	"TTGGAGATCCAGCGCACAGAGCAGGGGGACTCGGCCATGTATCTCTGTGCCAGCGGGGGGCTAGGGGAAAAACTGTTTTTTGGCAGT"	FALSE	TRUE	NA	NA	NA	NA
"GCTGTACCCTCTCAGACATCTGTGTACTTCTGTGCCAGCAGCCACACGACAGGGCGAGTGAGATGGAACATTCAGTACTTCGGCGCC"	"CASSHTTGRVRWNIQYF"	"GCTGTACCCTCTCAGACATCTGTGTACTTCTGTGCCAGCAGCCACACGACAGGGCGAGTGAGATGGAACATTCAGTACTTCGGCGCC"	"CASSHTTGRVRWNIQYF"	"TCRBV6-4*1"	"TCRBD1-1*1"	"TCRBJ2-4*1"	41	47	54	66	6	12	NA	NA	"GCTGTACCCTCTCAGACATCTGTGTACTTCTGTGCCAGCAGCCACACGACAGGGCGAGTGAGATGGAACATTCAGTACTTCGGCGCC"	FALSE	TRUE	NA	NA	NA	NA
"AGCACCTTGGAGCTGGGGGACTCGGCCCTTTATCTTTGCGCCAGCAGCTTGGGTGGAGGGATACCTAACGAGCAGTACTTCGGGCCG"	"CASSLGGGIPNEQYF"	"AGCACCTTGGAGCTGGGGGACTCGGCCCTTTATCTTTGCGCCAGCAGCTTGGGTGGAGGGATACCTAACGAGCAGTACTTCGGGCCG"	"CASSLGGGIPNEQYF"	"TCRBV5-1*1"	"TCRBD2-1*2"	"TCRBJ2-7*1"	52	54	60	67	2	7	NA	NA	"AGCACCTTGGAGCTGGGGGACTCGGCCCTTTATCTTTGCGCCAGCAGCTTGGGTGGAGGGATACCTAACGAGCAGTACTTCGGGCCG"	FALSE	TRUE	NA	NA	NA	NA
"GCGCACAGAGCAGCGGGACTCGGCCATGTATCGCTGTGCCAGCAGCTTAGCGGACAGAGAGACAATCAGCCCCAGCATTTTGGTGAT"	""	"GCGCACAGAGCAGCGGGACTCGGCCATGTATCGCTGTGCCAGCAGCTTAGCGGACAGAGAGACAATCAGCCCCAGCATTTTGGTGAT"	""	"TCRBV7-6*1"	"TCRBD1-1*1"	"TCRBJ1-5*1"	-1	51	57	62	52	5	NA	NA	"GCGCACAGAGCAGCGGGACTCGGCCATGTATCGCTGTGCCAGCAGCTTAGCGGACAGAGAGACAATCAGCCCCAGCATTTTGGTGAT"	FALSE	FALSE	NA	NA	NA	NA
"TTGGAGATCCAGCGCACAGAGCAGGGGGACTCGGCCATGTATCTCTGTGCCAGCAGCTTAGGCATCTACGAGCAGTACTTCGGGCCG"	"CASSLGIYEQYF"	"TTGGAGATCCAGCGCACAGAGCAGGGGGACTCGGCCATGTATCTCTGTGCCAGCAGCTTAGGCATCTACGAGCAGTACTTCGGGCCG"	"CASSLGIYEQYF"	"TCRBV7-9*1"	NA	"TCRBJ2-7*1"	61	62	64	65	1	1	NA	NA	"TTGGAGATCCAGCGCACAGAGCAGGGGGACTCGGCCATGTATCTCTGTGCCAGCAGCTTAGGCATCTACGAGCAGTACTTCGGGCCG"	FALSE	TRUE	NA	NA	NA	NA
"GAGTCTGCCAGGCCCTCACATACCTCTCAGTACCTCTGTGCCAGCAGTGAAATAGGAGGGAGCGGTTCACCCCTCCACTTTGGGAAT"	"CASSEIGGSGSPLHF"	"GAGTCTGCCAGGCCCTCACATACCTCTCAGTACCTCTGTGCCAGCAGTGAAATAGGAGGGAGCGGTTCACCCCTCCACTTTGGGAAT"	"CASSEIGGSGSPLHF"	"TCRBV25-1*1"	"TCRBD2-1*2"	"TCRBJ1-6*1"	51	54	60	65	3	5	NA	NA	"GAGTCTGCCAGGCCCTCACATACCTCTCAGTACCTCTGTGCCAGCAGTGAAATAGGAGGGAGCGGTTCACCCCTCCACTTTGGGAAT"	FALSE	TRUE	NA	NA	NA	NA
"ACATCGGCCCAAAAGAACCCGACAGCTTTCTATCTCTGTGCCAGCGCTAATTCGGCAGGTGGGGGCAATGAGCAGTTCTTCGGGCCA"	"CASANSAGGGNEQFF"	"ACATCGGCCCAAAAGAACCCGACAGCTTTCTATCTCTGTGCCAGCGCTAATTCGGCAGGTGGGGGCAATGAGCAGTTCTTCGGGCCA"	"CASANSAGGGNEQFF"	"TCRBV19-1*1"	NA	"TCRBJ2-1*1"	44	60	-1	65	16	66	NA	NA	"ACATCGGCCCAAAAGAACCCGACAGCTTTCTATCTCTGTGCCAGCGCTAATTCGGCAGGTGGGGGCAATGAGCAGTTCTTCGGGCCA"	FALSE	TRUE	NA	NA	NA	NA
"CAGTGCCCATCCTGAAGACAGCAGCTTCTACATCTGCAGTGCTAGAGCCCGGACAGGGGAGAAAATCAGCCCCAGCATTTTGGTGAT"	""	"CAGTGCCCATCCTGAAGACAGCAGCTTCTACATCTGCAGTGCTAGAGCCCGGACAGGGGAGAAAATCAGCCCCAGCATTTTGGTGAT"	""	NA	"TCRBD1-1*1"	"TCRBJ1-5*1"	47	50	59	63	3	4	NA	NA	"CAGTGCCCATCCTGAAGACAGCAGCTTCTACATCTGCAGTGCTAGAGCCCGGACAGGGGAGAAAATCAGCCCCAGCATTTTGGTGAT"	FALSE	FALSE	NA	NA	NA	NA
"CAAAAGAACCCGACAGCTTTCTATCTCTGTGCCAGTAGTATAGATCGGACTAGCGGGAGGGCCACAGATACGCAGTATTTTGGCCCA"	"CASSIDRTSGRATDTQYF"	"CAAAAGAACCCGACAGCTTTCTATCTCTGTGCCAGTAGTATAGATCGGACTAGCGGGAGGGCCACAGATACGCAGTATTTTGGCCCA"	"CASSIDRTSGRATDTQYF"	"TCRBV19-1*1"	"TCRBD2-1*2"	"TCRBJ2-3*1"	44	46	61	62	2	1	NA	NA	"CAAAAGAACCCGACAGCTTTCTATCTCTGTGCCAGTAGTATAGATCGGACTAGCGGGAGGGCCACAGATACGCAGTATTTTGGCCCA"	FALSE	TRUE	NA	NA	NA	NA
"TTGGCTGCTCCCTCCCAGACATCTGTGTACTTCTGTGCCAGCAGTTCCGGACAACTAAGCTCTGGAAACACCATATATTTTGGAGAG"	"CASSSGQLSSGNTIYF"	"TTGGCTGCTCCCTCCCAGACATCTGTGTACTTCTGTGCCAGCAGTTCCGGACAACTAAGCTCTGGAAACACCATATATTTTGGAGAG"	"CASSSGQLSSGNTIYF"	"TCRBV6-6*1"	"TCRBD1-1*1"	"TCRBJ1-3*1"	46	48	53	59	2	6	NA	NA	"TTGGCTGCTCCCTCCCAGACATCTGTGTACTTCTGTGCCAGCAGTTCCGGACAACTAAGCTCTGGAAACACCATATATTTTGGAGAG"	FALSE	TRUE	NA	NA	NA	NA
"ACACAGCACTGTATTTCTGTGCCAGCGTCCGGGACAGGTCACCGGAAGAGGACAAACGATCACACAGATACGCAGTATTTTGGCCCA"	""	"ACACAGCACTGTATTTCTGTGCCAGCGTCCGGGACAGGTCACCGGAAGAGGACAAACGATCACACAGATACGCAGTATTTTGGCCCA"	""	"TCRBV21-1*1"	"TCRBD1-1*1"	"TCRBJ2-3*1"	26	30	38	62	4	24	NA	NA	"ACACAGCACTGTATTTCTGTGCCAGCGTCCGGGACAGGTCACCGGAAGAGGACAAACGATCACACAGATACGCAGTATTTTGGCCCA"	FALSE	FALSE	NA	NA	NA	NA
"GAGCAGGGGGACTCGGCCATGTATCTCTGTGCCAGCAGCTTAGGATGGGACAGGGGGGAAGACAATCAGCCCCAGCATTTTGGTGAT"	"CASSLGWDRGEDNQPQHF"	"GAGCAGGGGGACTCGGCCATGTATCTCTGTGCCAGCAGCTTAGGATGGGACAGGGGGGAAGACAATCAGCCCCAGCATTTTGGTGAT"	"CASSLGWDRGEDNQPQHF"	"TCRBV7-9*1"	"TCRBD1-1*1"	"TCRBJ1-5*1"	43	46	57	62	3	5	NA	NA	"GAGCAGGGGGACTCGGCCATGTATCTCTGTGCCAGCAGCTTAGGATGGGACAGGGGGGAAGACAATCAGCCCCAGCATTTTGGTGAT"	FALSE	TRUE	NA	NA	NA	NA
"CAGCGCACACAGCAGGAGGACTCGGCCGTGTATCTCTGTGCCAGCAGCTTACGGCTAGCGGCACGGGATACGCAGTATTTTGGCCCA"	"CASSLRLAARDTQYF"	"CAGCGCACACAGCAGGAGGACTCGGCCGTGTATCTCTGTGCCAGCAGCTTACGGCTAGCGGCACGGGATACGCAGTATTTTGGCCCA"	"CASSLRLAARDTQYF"	"TCRBV7-2"	"TCRBD2-1"	"TCRBJ2-3*1"	51	54	61	66	3	5	NA	NA	"CAGCGCACACAGCAGGAGGACTCGGCCGTGTATCTCTGTGCCAGCAGCTTACGGCTAGCGGCACGGGATACGCAGTATTTTGGCCCA"	FALSE	TRUE	NA	NA	NA	NA
"NTGTCGGCTGCTCCCTCCCAAACATCTGTGTACTTCTGTGCCAGCAGTGACGACTGGCTTAACCAAGAGACCCAGTACTTCGGGCCA"	"CASSDDWLNQETQYF"	"NTGTCGGCTGCTCCCTCCCAAACATCTGTGTACTTCTGTGCCAGCAGTGACGACTGGCTTAACCAAGAGACCCAGTACTTCGGGCCA"	"CASSDDWLNQETQYF"	"TCRBV6-2/6-3*1"	"TCRBD2-1"	"TCRBJ2-5*1"	48	51	55	61	3	6	NA	NA	"NTGTCGGCTGCTCCCTCCCAAACATCTGTGTACTTCTGTGCCAGCAGTGACGACTGGCTTAACCAAGAGACCCAGTACTTCGGGCCA"	FALSE	TRUE	NA	NA	NA	NA
"GAGTCTGCCATCCCCAACCAGACAGCTCTTTACTTCTGTGCCACCAGTGACGTACAGGGATATCAAGAGACCCAGTACTTCGGGCCA"	"CATSDVQGYQETQYF"	"GAGTCTGCCATCCCCAACCAGACAGCTCTTTACTTCTGTGCCACCAGTGACGTACAGGGATATCAAGAGACCCAGTACTTCGGGCCA"	"CATSDVQGYQETQYF"	"TCRBV24-1*1"	"TCRBD1-1*1"	"TCRBJ2-5*1"	50	53	59	63	3	4	NA	NA	"GAGTCTGCCATCCCCAACCAGACAGCTCTTTACTTCTGTGCCACCAGTGACGTACAGGGATATCAAGAGACCCAGTACTTCGGGCCA"	FALSE	TRUE	NA	NA	NA	NA
"ATCCAGCGCACACAGCAGGAGGACTCGGCCGTGTATCTCTGTGCCAGCAGCCTACTAGCGGGGGGCTACGAGCAGTACTTCGGGCCG"	"CASSLLAGGYEQYF"	"ATCCAGCGCACACAGCAGGAGGACTCGGCCGTGTATCTCTGTGCCAGCAGCCTACTAGCGGGGGGCTACGAGCAGTACTTCGGGCCG"	"CASSLLAGGYEQYF"	"TCRBV7-2"	"TCRBD2-1*1"	"TCRBJ2-7*1"	51	53	-1	65	2	66	NA	NA	"ATCCAGCGCACACAGCAGGAGGACTCGGCCGTGTATCTCTGTGCCAGCAGCCTACTAGCGGGGGGCTACGAGCAGTACTTCGGGCCG"	FALSE	TRUE	NA	NA	NA	NA
"TCTAAGAAGCTCCTTCTCAGTGACTCTGGCTTCTATCTCTGTGCCTGGAGTGTCGGCAGGGGGCAAGGAGGCTACACCTTCGGTTCG"	"CAWSVGRGQGGYTF"	"TCTAAGAAGCTCCTTCTCAGTGACTCTGGCTTCTATCTCTGTGCCTGGAGTGTCGGCAGGGGGCAAGGAGGCTACACCTTCGGTTCG"	"CAWSVGRGQGGYTF"	"TCRBV3-1*1"	"TCRBD1-1*1"	"TCRBJ1-2*1"	53	56	64	69	3	5	NA	NA	"TCTAAGAAGCTCCTTCTCAGTGACTCTGGCTTCTATCTCTGTGCCTGGAGTGTCGGCAGGGGGCAAGGAGGCTACACCTTCGGTTCG"	FALSE	TRUE	NA	NA	NA	NA
"AAGCTGGAGGACTCAGCCATGTACTTCTGTGCCAGCAGTGAATGGGTAGAATCGGGAGGGCCTGTCGATGAGCAGTTCTTCGGGCCA"	"CASSEWVESGGPVDEQFF"	"AAGCTGGAGGACTCAGCCATGTACTTCTGTGCCAGCAGTGAATGGGTAGAATCGGGAGGGCCTGTCGATGAGCAGTTCTTCGGGCCA"	"CASSEWVESGGPVDEQFF"	"TCRBV2-1"	"TCRBD2-1*2"	"TCRBJ2-1*1"	42	52	60	67	10	7	NA	NA	"AAGCTGGAGGACTCAGCCATGTACTTCTGTGCCAGCAGTGAATGGGTAGAATCGGGAGGGCCTGTCGATGAGCAGTTCTTCGGGCCA"	FALSE	TRUE	NA	NA	NA	NA
"ACTCTGACTGTGAGCAACATGAGCCCTGAAGACAGCAGCATATATCTCTGCAGCGTTGGAGATGGCTATGGCTACACCTTCGGTTCG"	"CSVGDGYGYTF"	"ACTCTGACTGTGAGCAACATGAGCCCTGAAGACAGCAGCATATATCTCTGCAGCGTTGGAGATGGCTATGGCTACACCTTCGGTTCG"	"CSVGDGYGYTF"	"TCRBV29-1*1"	NA	"TCRBJ1-2*1"	62	63	-1	65	1	66	NA	NA	"ACTCTGACTGTGAGCAACATGAGCCCTGAAGACAGCAGCATATATCTCTGCAGCGTTGGAGATGGCTATGGCTACACCTTCGGTTCG"	FALSE	TRUE	NA	NA	NA	NA
"AGTGCCTTGGAGCTGGGGGACTCGGCCCTGTATCTCTGTGCCGGGCTACCGGGAGAGACTAGCACAGATACGCAGTATTTTGGCCCA"	"CAGLPGETSTDTQYF"	"AGTGCCTTGGAGCTGGGGGACTCGGCCCTGTATCTCTGTGCCGGGCTACCGGGAGAGACTAGCACAGATACGCAGTATTTTGGCCCA"	"CAGLPGETSTDTQYF"	"TCRBV5-3"	"TCRBD2-1*2"	"TCRBJ2-3*1"	42	49	55	60	7	5	NA	NA	"AGTGCCTTGGAGCTGGGGGACTCGGCCCTGTATCTCTGTGCCGGGCTACCGGGAGAGACTAGCACAGATACGCAGTATTTTGGCCCA"	FALSE	TRUE	NA	NA	NA	NA
"GCCCTGCAGCCAGAAGACTCAGCCCTGTATCTCTGCGCCAGCAGCCATACGTCCGGGACAGGGACCTACGAGCAGTACTTCGGGCCG"	"CASSHTSGTGTYEQYF"	"GCCCTGCAGCCAGAAGACTCAGCCCTGTATCTCTGCGCCAGCAGCCATACGTCCGGGACAGGGACCTACGAGCAGTACTTCGGGCCG"	"CASSHTSGTGTYEQYF"	"TCRBV4-1*1"	"TCRBD1-1*1"	"TCRBJ2-7*1"	47	54	63	64	7	1	NA	NA	"GCCCTGCAGCCAGAAGACTCAGCCCTGTATCTCTGCGCCAGCAGCCATACGTCCGGGACAGGGACCTACGAGCAGTACTTCGGGCCG"	FALSE	TRUE	NA	NA	NA	NA
"GCTGCTCCCTCCCAAACATCTGTGTACTTCTGTGCCAGCAGTTACTCTGGACTCGCCAGGGGGGGCGATGAGCAGTTCTTCGGGCCA"	"CASSYSGLARGGDEQFF"	"GCTGCTCCCTCCCAAACATCTGTGTACTTCTGTGCCAGCAGTTACTCTGGACTCGCCAGGGGGGGCGATGAGCAGTTCTTCGGGCCA"	"CASSYSGLARGGDEQFF"	"TCRBV6-2/6-3*1"	NA	"TCRBJ2-1*1"	47	56	63	67	9	4	NA	NA	"GCTGCTCCCTCCCAAACATCTGTGTACTTCTGTGCCAGCAGTTACTCTGGACTCGCCAGGGGGGGCGATGAGCAGTTCTTCGGGCCA"	FALSE	TRUE	NA	NA	NA	NA
"ATCCAGCCCTCAGAACCCAGGGACTCAGCTGTGTACTTCTGTGCCAGCGGCAAAGAGGAGGGTAATTCACCCCTCCACTTTGGGAAT"	"CASGKEEGNSPLHF"	"ATCCAGCCCTCAGAACCCAGGGACTCAGCTGTGTACTTCTGTGCCAGCGGCAAAGAGGAGGGTAATTCACCCCTCCACTTTGGGAAT"	"CASGKEEGNSPLHF"	NA	"TCRBD2-1*2"	"TCRBJ1-6*1"	48	56	-1	62	8	63	NA	NA	"ATCCAGCCCTCAGAACCCAGGGACTCAGCTGTGTACTTCTGTGCCAGCGGCAAAGAGGAGGGTAATTCACCCCTCCACTTTGGGAAT"	FALSE	TRUE	NA	NA	NA	NA
"ATCCAGCCTGCAAAGCTTGAGGACTCGGCCGTGTATCTCTGTGCCAGCAGAATACCAGGGATCGGGGAGACCCAGTACTTCGGGCCA"	"CASRIPGIGETQYF"	"ATCCAGCCTGCAAAGCTTGAGGACTCGGCCGTGTATCTCTGTGCCAGCAGAATACCAGGGATCGGGGAGACCCAGTACTTCGGGCCA"	"CASRIPGIGETQYF"	"TCRBV11-2*1"	"TCRBD1-1*1"	"TCRBJ2-5*1"	50	55	60	66	5	6	NA	NA	"ATCCAGCCTGCAAAGCTTGAGGACTCGGCCGTGTATCTCTGTGCCAGCAGAATACCAGGGATCGGGGAGACCCAGTACTTCGGGCCA"	FALSE	TRUE	NA	NA	NA	NA
"NNNNTGTCGGCTGCTCCCTCCCAAACATCTGTGTACTTCTGTGCCAGCATAGCCGGGACATGGAACTACGAGCAGTACTTCGGGCCG"	"CASIAGTWNYEQYF"	"NNNNTGTCGGCTGCTCCCTCCCAAACATCTGTGTACTTCTGTGCCAGCATAGCCGGGACATGGAACTACGAGCAGTACTTCGGGCCG"	"CASIAGTWNYEQYF"	NA	"TCRBD1-1*1"	"TCRBJ2-7*1"	49	54	60	65	5	5	NA	NA	"NNNNTGTCGGCTGCTCCCTCCCAAACATCTGTGTACTTCTGTGCCAGCATAGCCGGGACATGGAACTACGAGCAGTACTTCGGGCCG"	FALSE	TRUE	NA	NA	NA	NA
"ACTGTGAGCAACATGAGCCCTGAAGACAGCAGCATATATCTCTGCAGCGTTGAAAAGGCCGCGGGCCACGAGCAGTACTTCGGGCCG"	"CSVEKAAGHEQYF"	"ACTGTGAGCAACATGAGCCCTGAAGACAGCAGCATATATCTCTGCAGCGTTGAAAAGGCCGCGGGCCACGAGCAGTACTTCGGGCCG"	"CSVEKAAGHEQYF"	"TCRBV29-1"	"TCRBD2-1"	"TCRBJ2-7*1"	54	60	65	67	6	2	NA	NA	"ACTGTGAGCAACATGAGCCCTGAAGACAGCAGCATATATCTCTGCAGCGTTGAAAAGGCCGCGGGCCACGAGCAGTACTTCGGGCCG"	FALSE	TRUE	NA	NA	NA	NA
"AGCGCACAGAGCAGCGGGACTCGGCCATGTATCGCTGTGCCAGCACCGACAGCGGGGAGGGGGCGCAGAGAGCAGTACTTCGGGCCG"	""	"AGCGCACAGAGCAGCGGGACTCGGCCATGTATCGCTGTGCCAGCACCGACAGCGGGGAGGGGGCGCAGAGAGCAGTACTTCGGGCCG"	""	"TCRBV7-6*1"	NA	"TCRBJ2-7*1"	45	57	64	69	12	5	NA	NA	"AGCGCACAGAGCAGCGGGACTCGGCCATGTATCGCTGTGCCAGCACCGACAGCGGGGAGGGGGCGCAGAGAGCAGTACTTCGGGCCG"	FALSE	FALSE	NA	NA	NA	NA
"TCACTCTGGAGTCTGCTGCCTCCTCCCAGACATCTGTATATTTCTGCGCCAGCAGTGTACATAAATTCACCCCTCCACTTTGGGAAT"	""	"TCACTCTGGAGTCTGCTGCCTCCTCCCAGACATCTGTATATTTCTGCGCCAGCAGTGTACATAAATTCACCCCTCCACTTTGGGAAT"	""	"TCRBV1-1*1"	"TCRBD1-1*1"	"TCRBJ1-6*1"	57	58	61	63	1	2	NA	NA	"TCACTCTGGAGTCTGCTGCCTCCTCCCAGACATCTGTATATTTCTGCGCCAGCAGTGTACATAAATTCACCCCTCCACTTTGGGAAT"	FALSE	FALSE	NA	NA	NA	NA
"GCAAAGCTTGAGGACTCGGCCGTGTATCTCTGTGCCAGCAGCTCCCCTGGGGGTCGGAGGGCCAAAAACATTCAGTACTTCGGCGCC"	"CASSSPGGRRAKNIQYF"	"GCAAAGCTTGAGGACTCGGCCGTGTATCTCTGTGCCAGCAGCTCCCCTGGGGGTCGGAGGGCCAAAAACATTCAGTACTTCGGCGCC"	"CASSSPGGRRAKNIQYF"	"TCRBV11-2"	NA	"TCRBJ2-4*1"	43	48	53	60	5	7	NA	NA	"GCAAAGCTTGAGGACTCGGCCGTGTATCTCTGTGCCAGCAGCTCCCCTGGGGGTCGGAGGGCCAAAAACATTCAGTACTTCGGCGCC"	FALSE	TRUE	NA	NA	NA	NA
"GCGCACAGAGCAGGAGGACTCGGCCGTGTATCTCTGTGCCAGCAGCCGGGGTGAAGCGGGAACACAGATACGCAGTATTTTGGCCCA"	""	"GCGCACAGAGCAGGAGGACTCGGCCGTGTATCTCTGTGCCAGCAGCCGGGGTGAAGCGGGAACACAGATACGCAGTATTTTGGCCCA"	""	"TCRBV7-2"	"TCRBD2-1*2"	"TCRBJ2-3*1"	46	54	61	62	8	1	NA	NA	"GCGCACAGAGCAGGAGGACTCGGCCGTGTATCTCTGTGCCAGCAGCCGGGGTGAAGCGGGAACACAGATACGCAGTATTTTGGCCCA"	FALSE	FALSE	NA	NA	NA	NA
"TTGGAGCTGGGGGACTCGGCCCTTTATCTTTGCGCCAGCAGCTTGGATGCTAGCGGGAGCGGTGGGGGTACGCAGTATTTTGGCCCA"	"CASSLDASGSGGGTQYF"	"TTGGAGCTGGGGGACTCGGCCCTTTATCTTTGCGCCAGCAGCTTGGATGCTAGCGGGAGCGGTGGGGGTACGCAGTATTTTGGCCCA"	"CASSLDASGSGGGTQYF"	"TCRBV5-1*1"	"TCRBD2-1*2"	"TCRBJ2-3*1"	46	49	59	68	3	9	NA	NA	"TTGGAGCTGGGGGACTCGGCCCTTTATCTTTGCGCCAGCAGCTTGGATGCTAGCGGGAGCGGTGGGGGTACGCAGTATTTTGGCCCA"	FALSE	TRUE	NA	NA	NA	NA
"CCTTGTTGCTGGGGGACTCGGCCCTGTATCTCTGTGCCAGCAGCTTGGATTTTAGGGGCGGGCACAGATACGCAGTATTTTGGCCCA"	""	"CCTTGTTGCTGGGGGACTCGGCCCTGTATCTCTGTGCCAGCAGCTTGGATTTTAGGGGCGGGCACAGATACGCAGTATTTTGGCCCA"	""	"TCRBV5-5*1"	"TCRBD1-1*1"	"TCRBJ2-3*1"	48	53	58	61	5	3	NA	NA	"CCTTGTTGCTGGGGGACTCGGCCCTGTATCTCTGTGCCAGCAGCTTGGATTTTAGGGGCGGGCACAGATACGCAGTATTTTGGCCCA"	FALSE	FALSE	NA	NA	NA	NA
"CCTGAAGACAGCAGCATATATCTCTGCAGCGTTCTTGCAATGAGTAGCGGGAGTGCAGGGGGGGCCAACGTCCTGACTTTCGGGGCC"	"CSVLAMSSGSAGGANVLTF"	"CCTGAAGACAGCAGCATATATCTCTGCAGCGTTCTTGCAATGAGTAGCGGGAGTGCAGGGGGGGCCAACGTCCTGACTTTCGGGGCC"	"CSVLAMSSGSAGGANVLTF"	"TCRBV29-1"	"TCRBD2-1*2"	"TCRBJ2-6*1"	33	44	53	60	11	7	NA	NA	"CCTGAAGACAGCAGCATATATCTCTGCAGCGTTCTTGCAATGAGTAGCGGGAGTGCAGGGGGGGCCAACGTCCTGACTTTCGGGGCC"	FALSE	TRUE	NA	NA	NA	NA
"GAGCTGGGGGACTCGGCCCTTTATCTTTGCGCCAGCAGCGGATCCGGGACCGCAATAGCGGGCAAAAACATTCAGTACTTCGGCGCC"	"CASSGSGTAIAGKNIQYF"	"GAGCTGGGGGACTCGGCCCTTTATCTTTGCGCCAGCAGCGGATCCGGGACCGCAATAGCGGGCAAAAACATTCAGTACTTCGGCGCC"	"CASSGSGTAIAGKNIQYF"	"TCRBV5-1*1"	"TCRBD2-1"	"TCRBJ2-4*1"	39	55	-1	62	16	63	NA	NA	"GAGCTGGGGGACTCGGCCCTTTATCTTTGCGCCAGCAGCGGATCCGGGACCGCAATAGCGGGCAAAAACATTCAGTACTTCGGCGCC"	FALSE	TRUE	NA	NA	NA	NA
"NNNNNTGTCGGCTGCTCCCTCCCAGACATCTGTGTACTTCTGTGCCGCCTCGGACTAGCGTACACCGGGGAGCTGTTTTTTGGAGAA"	""	"NNNNNTGTCGGCTGCTCCCTCCCAGACATCTGTGTACTTCTGTGCCGCCTCGGACTAGCGTACACCGGGGAGCTGTTTTTTGGAGAA"	""	"TCRBV6-5*1"	"TCRBD2-1"	"TCRBJ2-2*1"	46	51	60	61	5	1	NA	NA	"NNNNNTGTCGGCTGCTCCCTCCCAGACATCTGTGTACTTCTGTGCCGCCTCGGACTAGCGTACACCGGGGAGCTGTTTTTTGGAGAA"	FALSE	FALSE	NA	NA	NA	NA
"CTGGAGTCGCCCAGCCCCAACCAGACCTCTCTGTACTTCTGTGCCAGCAAGTCAGCCGGGGGCAATCAGCCCCAGCATTTTGGTGAT"	"CASKSAGGNQPQHF"	"CTGGAGTCGCCCAGCCCCAACCAGACCTCTCTGTACTTCTGTGCCAGCAAGTCAGCCGGGGGCAATCAGCCCCAGCATTTTGGTGAT"	"CASKSAGGNQPQHF"	"TCRBV27-1*1"	"TCRBD2-1*1"	"TCRBJ1-5*1"	49	56	-1	61	7	62	NA	NA	"CTGGAGTCGCCCAGCCCCAACCAGACCTCTCTGTACTTCTGTGCCAGCAAGTCAGCCGGGGGCAATCAGCCCCAGCATTTTGGTGAT"	FALSE	TRUE	NA	NA	NA	NA
"GGCTGCTCCCTCCCAGACATCTGTGTACTTCTGTGCCAGCAGTTACAGTCCAACTAGCGGGAGGCAGATACGCAGTATTTTGGCCCA"	""	"GGCTGCTCCCTCCCAGACATCTGTGTACTTCTGTGCCAGCAGTTACAGTCCAACTAGCGGGAGGCAGATACGCAGTATTTTGGCCCA"	""	NA	"TCRBD2-1*2"	"TCRBJ2-3*1"	46	52	-1	64	6	65	NA	NA	"GGCTGCTCCCTCCCAGACATCTGTGTACTTCTGTGCCAGCAGTTACAGTCCAACTAGCGGGAGGCAGATACGCAGTATTTTGGCCCA"	FALSE	FALSE	NA	NA	NA	NA
"TGACCAGTGCCCATCCTGAAGACAGCAGCTTCTACATCTGCAGTGCTAGAGGGACAGGGGGCGGAAAATGAGCAGTTCTTCGGGCCA"	""	"TGACCAGTGCCCATCCTGAAGACAGCAGCTTCTACATCTGCAGTGCTAGAGGGACAGGGGGCGGAAAATGAGCAGTTCTTCGGGCCA"	""	NA	"TCRBD1-1*1"	"TCRBJ2-1*1"	-1	51	62	66	52	4	NA	NA	"TGACCAGTGCCCATCCTGAAGACAGCAGCTTCTACATCTGCAGTGCTAGAGGGACAGGGGGCGGAAAATGAGCAGTTCTTCGGGCCA"	FALSE	FALSE	NA	NA	NA	NA
"NNTGTCGGCTGCTCCCTCCCAGACATCTGTGTACTTCTGTGCCAGCAGTTCCCCCGGGCGGGAGTGGACGAGCAGTACTTCGGGCCG"	""	"NNTGTCGGCTGCTCCCTCCCAGACATCTGTGTACTTCTGTGCCAGCAGTTCCCCCGGGCGGGAGTGGACGAGCAGTACTTCGGGCCG"	""	"TCRBV6-5*1"	"TCRBD2-1*2"	"TCRBJ2-7*1"	50	57	64	67	7	3	NA	NA	"NNTGTCGGCTGCTCCCTCCCAGACATCTGTGTACTTCTGTGCCAGCAGTTCCCCCGGGCGGGAGTGGACGAGCAGTACTTCGGGCCG"	FALSE	FALSE	NA	NA	NA	NA
"TCCGCCAGCACCAACCAGACATCTATGTACCTCTGTGCCAGCAGTCACCGCCGCGGGGCCACAACCTACGAGCAGTACTTCGGGCCG"	"CASSHRRGATTYEQYF"	"TCCGCCAGCACCAACCAGACATCTATGTACCTCTGTGCCAGCAGTCACCGCCGCGGGGCCACAACCTACGAGCAGTACTTCGGGCCG"	"CASSHRRGATTYEQYF"	"TCRBV28-1*1"	"TCRBD2-1*1"	"TCRBJ2-7*1"	45	52	58	64	7	6	NA	NA	"TCCGCCAGCACCAACCAGACATCTATGTACCTCTGTGCCAGCAGTCACCGCCGCGGGGCCACAACCTACGAGCAGTACTTCGGGCCG"	FALSE	TRUE	NA	NA	NA	NA
"AACGCCTTGTTGCTGGGGGACTCGGCCCTCTATCTCTGTGCCAGCAGCTTGTCGGGGGCTATGAACACTGAAGCTTTCTTTGGACAA"	"CASSLSGAMNTEAFF"	"AACGCCTTGTTGCTGGGGGACTCGGCCCTCTATCTCTGTGCCAGCAGCTTGTCGGGGGCTATGAACACTGAAGCTTTCTTTGGACAA"	"CASSLSGAMNTEAFF"	"TCRBV5-6*1"	NA	"TCRBJ1-1*1"	51	53	59	61	2	2	NA	NA	"AACGCCTTGTTGCTGGGGGACTCGGCCCTCTATCTCTGTGCCAGCAGCTTGTCGGGGGCTATGAACACTGAAGCTTTCTTTGGACAA"	FALSE	TRUE	NA	NA	NA	NA
"AGTTCTAAGAAGCTCCTTCTCAGTGACTCTGGCTTCTATCTCTGTGCCTGGGGAGCGGGATCCTCCTACGAGCAGTACTTCGGGCCG"	"CAWGAGSSYEQYF"	"AGTTCTAAGAAGCTCCTTCTCAGTGACTCTGGCTTCTATCTCTGTGCCTGGGGAGCGGGATCCTCCTACGAGCAGTACTTCGGGCCG"	"CAWGAGSSYEQYF"	"TCRBV3-1*5"	"TCRBD2-1*2"	"TCRBJ2-7*1"	-1	55	60	62	56	2	NA	NA	"AGTTCTAAGAAGCTCCTTCTCAGTGACTCTGGCTTCTATCTCTGTGCCTGGGGAGCGGGATCCTCCTACGAGCAGTACTTCGGGCCG"	FALSE	TRUE	NA	NA	NA	NA
"CCCACAGAGCAGGAGGACTCGGCCGTGTATCTCTGTGCCAGCAGCCCAACTAGCGGGAGCTCCTACAATGAGCAGTTCTTCGGGCCA"	"CASSPTSGSSYNEQFF"	"CCCACAGAGCAGGAGGACTCGGCCGTGTATCTCTGTGCCAGCAGCCCAACTAGCGGGAGCTCCTACAATGAGCAGTTCTTCGGGCCA"	"CASSPTSGSSYNEQFF"	"TCRBV7-2"	"TCRBD2-1*2"	"TCRBJ2-1*1"	45	48	-1	59	3	60	NA	NA	"CCCACAGAGCAGGAGGACTCGGCCGTGTATCTCTGTGCCAGCAGCCCAACTAGCGGGAGCTCCTACAATGAGCAGTTCTTCGGGCCA"	FALSE	TRUE	NA	NA	NA	NA
"ACCAGTGCCCATCCTGAAGACAGCAGCTTCTACATCTGCAGTGCTAGAGATCCGGAATCTGGGGCCAACGTCCTGACTTTCGGGGCC"	"CSARDPESGANVLTF"	"ACCAGTGCCCATCCTGAAGACAGCAGCTTCTACATCTGCAGTGCTAGAGATCCGGAATCTGGGGCCAACGTCCTGACTTTCGGGGCC"	"CSARDPESGANVLTF"	NA	NA	"TCRBJ2-6*1"	50	53	56	57	3	1	NA	NA	"ACCAGTGCCCATCCTGAAGACAGCAGCTTCTACATCTGCAGTGCTAGAGATCCGGAATCTGGGGCCAACGTCCTGACTTTCGGGGCC"	FALSE	TRUE	NA	NA	NA	NA
"GTCAGCTGCTCCCTCTCAGACTTCTGTTTACTTCTGTGCCAGCAGTTACTTAGGCCCCTGCGGACCTACGAGCAGTACTTCGGGCCG"	""	"GTCAGCTGCTCCCTCTCAGACTTCTGTTTACTTCTGTGCCAGCAGTTACTTAGGCCCCTGCGGACCTACGAGCAGTACTTCGGGCCG"	""	"TCRBV6-7*1"	"TCRBD2-1"	"TCRBJ2-7*1"	50	59	63	64	9	1	NA	NA	"GTCAGCTGCTCCCTCTCAGACTTCTGTTTACTTCTGTGCCAGCAGTTACTTAGGCCCCTGCGGACCTACGAGCAGTACTTCGGGCCG"	FALSE	FALSE	NA	NA	NA	NA
"CTGGAGTCGCCCAGCCCCAACCAGACCTCTCTGTACTTCTGTGCCAGCAGTCCAATAGGGAATGTGGATACGCAGTATTTTGGCCCA"	"CASSPIGNVDTQYF"	"CTGGAGTCGCCCAGCCCCAACCAGACCTCTCTGTACTTCTGTGCCAGCAGTCCAATAGGGAATGTGGATACGCAGTATTTTGGCCCA"	"CASSPIGNVDTQYF"	"TCRBV27-1*1"	NA	"TCRBJ2-3*1"	51	57	61	66	6	5	NA	NA	"CTGGAGTCGCCCAGCCCCAACCAGACCTCTCTGTACTTCTGTGCCAGCAGTCCAATAGGGAATGTGGATACGCAGTATTTTGGCCCA"	FALSE	TRUE	NA	NA	NA	NA
"CAGCGCACAGAGCAGGAGGACTCGGCCGTGTATCTCTGTGCCAGCAGCTTATGGGGCGAAAGCACAGATACGCAGTATTTTGGCCCA"	"CASSLWGESTDTQYF"	"CAGCGCACAGAGCAGGAGGACTCGGCCGTGTATCTCTGTGCCAGCAGCTTATGGGGCGAAAGCACAGATACGCAGTATTTTGGCCCA"	"CASSLWGESTDTQYF"	"TCRBV7-2"	"TCRBD1-1*1"	"TCRBJ2-3*1"	51	52	57	60	1	3	NA	NA	"CAGCGCACAGAGCAGGAGGACTCGGCCGTGTATCTCTGTGCCAGCAGCTTATGGGGCGAAAGCACAGATACGCAGTATTTTGGCCCA"	FALSE	TRUE	NA	NA	NA	NA
"AGTGCCCATCCTGAAGACAGCAGCTTCTACATCTGCAGTGGAAGGGCTAGCGGGAGTGTAGGTCCCAATGAGCAGTTCTTCGGGCCA"	"CSGRASGSVGPNEQFF"	"AGTGCCCATCCTGAAGACAGCAGCTTCTACATCTGCAGTGGAAGGGCTAGCGGGAGTGTAGGTCCCAATGAGCAGTTCTTCGGGCCA"	"CSGRASGSVGPNEQFF"	NA	"TCRBD2-1*2"	"TCRBJ2-1*1"	40	46	56	65	6	9	NA	NA	"AGTGCCCATCCTGAAGACAGCAGCTTCTACATCTGCAGTGGAAGGGCTAGCGGGAGTGTAGGTCCCAATGAGCAGTTCTTCGGGCCA"	FALSE	TRUE	NA	NA	NA	NA
"AAGATCCAGCGCACAGAGCAGGGGGACTCGGCCATGTATCTCTGTGCCAGCAGCTGGGGACAGAAAGAGACCCAGTACTTCGGGCCA"	"CASSWGQKETQYF"	"AAGATCCAGCGCACAGAGCAGGGGGACTCGGCCATGTATCTCTGTGCCAGCAGCTGGGGACAGAAAGAGACCCAGTACTTCGGGCCA"	"CASSWGQKETQYF"	"TCRBV7-9*1"	"TCRBD1-1*1"	"TCRBJ2-5*1"	55	56	63	64	1	1	NA	NA	"AAGATCCAGCGCACAGAGCAGGGGGACTCGGCCATGTATCTCTGTGCCAGCAGCTGGGGACAGAAAGAGACCCAGTACTTCGGGCCA"	FALSE	TRUE	NA	NA	NA	NA
"CTGGGGGACTCGGCCCTTTATCTTTGCGCCAGCAGCTCCGGTCTACTCGGACAGAATTTGAACACCGGGGAGCTGTTTTTTGGAGAA"	"CASSSGLLGQNLNTGELFF"	"CTGGGGGACTCGGCCCTTTATCTTTGCGCCAGCAGCTCCGGTCTACTCGGACAGAATTTGAACACCGGGGAGCTGTTTTTTGGAGAA"	"CASSSGLLGQNLNTGELFF"	"TCRBV5-1*1"	"TCRBD1-1*1"	"TCRBJ2-2*1"	37	48	54	59	11	5	NA	NA	"CTGGGGGACTCGGCCCTTTATCTTTGCGCCAGCAGCTCCGGTCTACTCGGACAGAATTTGAACACCGGGGAGCTGTTTTTTGGAGAA"	FALSE	TRUE	NA	NA	NA	NA
"GTAGTGCGAGGAGATTCGGCAGCTTATTTCTGTGCCAGCTCACCCCGTCAAGGGGGAACGGCAGGTCAGCCCCAGCATTTTGGTGAT"	"CASSPRQGGTAGQPQHF"	"GTAGTGCGAGGAGATTCGGCAGCTTATTTCTGTGCCAGCTCACCCCGTCAAGGGGGAACGGCAGGTCAGCCCCAGCATTTTGGTGAT"	"CASSPRQGGTAGQPQHF"	"TCRBV18-1*1"	"TCRBD1-1*1"	"TCRBJ1-5*1"	44	50	56	65	6	9	NA	NA	"GTAGTGCGAGGAGATTCGGCAGCTTATTTCTGTGCCAGCTCACCCCGTCAAGGGGGAACGGCAGGTCAGCCCCAGCATTTTGGTGAT"	FALSE	TRUE	NA	NA	NA	NA
"GTAGTGCGAGGAGATTCGGCAGCTTATTTCTGTGCCAGCTCACCACTGCAGGGAGGGGGTTCCGGTGAAAAACTGTTTTTTGGCAGT"	"CASSPLQGGGSGEKLFF"	"GTAGTGCGAGGAGATTCGGCAGCTTATTTCTGTGCCAGCTCACCACTGCAGGGAGGGGGTTCCGGTGAAAAACTGTTTTTTGGCAGT"	"CASSPLQGGGSGEKLFF"	"TCRBV18-1*1"	"TCRBD2-1*2"	"TCRBJ1-4*1"	46	50	57	65	4	8	NA	NA	"GTAGTGCGAGGAGATTCGGCAGCTTATTTCTGTGCCAGCTCACCACTGCAGGGAGGGGGTTCCGGTGAAAAACTGTTTTTTGGCAGT"	FALSE	TRUE	NA	NA	NA	NA
"ACATCGGCCCAAAAGAACCCGACAGCTTTCTATCTCTGTGCCAGTACCCCCCAGGGAACTGGGGCCAACGTCCTGACTTTCGGGGCC"	"CASTPQGTGANVLTF"	"ACATCGGCCCAAAAGAACCCGACAGCTTTCTATCTCTGTGCCAGTACCCCCCAGGGAACTGGGGCCAACGTCCTGACTTTCGGGGCC"	"CASTPQGTGANVLTF"	"TCRBV19-1*1"	"TCRBD1-1*1"	"TCRBJ2-6*1"	46	51	56	58	5	2	NA	NA	"ACATCGGCCCAAAAGAACCCGACAGCTTTCTATCTCTGTGCCAGTACCCCCCAGGGAACTGGGGCCAACGTCCTGACTTTCGGGGCC"	FALSE	TRUE	NA	NA	NA	NA
"TTGTTGCTGGGGGACTCGGCCCTGTATCTCTGTGCCAGCAGCATAGGGACAGGTCCCTCCTATAATTCACCCCTCCACTTTGGGAAT"	"CASSIGTGPSYNSPLHF"	"TTGTTGCTGGGGGACTCGGCCCTGTATCTCTGTGCCAGCAGCATAGGGACAGGTCCCTCCTATAATTCACCCCTCCACTTTGGGAAT"	"CASSIGTGPSYNSPLHF"	"TCRBV5-5*1"	"TCRBD1-1*1"	"TCRBJ1-6*1"	42	45	53	56	3	3	NA	NA	"TTGTTGCTGGGGGACTCGGCCCTGTATCTCTGTGCCAGCAGCATAGGGACAGGTCCCTCCTATAATTCACCCCTCCACTTTGGGAAT"	FALSE	TRUE	NA	NA	NA	NA
"CGATTCAGCGCACAGAGCAGCGGGACTCGGCCATGTATCGCTGTGCCAGCAGCTTCCGGGACTTACTACGAGCAGTACTTCGGGCCG"	""	"CGATTCAGCGCACAGAGCAGCGGGACTCGGCCATGTATCGCTGTGCCAGCAGCTTCCGGGACTTACTACGAGCAGTACTTCGGGCCG"	""	NA	"TCRBD2-1"	"TCRBJ2-7*1"	55	57	63	65	2	2	NA	NA	"CGATTCAGCGCACAGAGCAGCGGGACTCGGCCATGTATCGCTGTGCCAGCAGCTTCCGGGACTTACTACGAGCAGTACTTCGGGCCG"	FALSE	FALSE	NA	NA	NA	NA
"ATTCTGGAGTCCGCCAGCACCAACCAGACATCTATGTACCTCTGTGCCAGCAGTTTGGACGGATACAATGAGCAGTTCTTCGGGCCA"	"CASSLDGYNEQFF"	"ATTCTGGAGTCCGCCAGCACCAACCAGACATCTATGTACCTCTGTGCCAGCAGTTTGGACGGATACAATGAGCAGTTCTTCGGGCCA"	"CASSLDGYNEQFF"	"TCRBV28-1*1"	NA	"TCRBJ2-1*1"	-1	56	60	63	57	3	NA	NA	"ATTCTGGAGTCCGCCAGCACCAACCAGACATCTATGTACCTCTGTGCCAGCAGTTTGGACGGATACAATGAGCAGTTCTTCGGGCCA"	FALSE	TRUE	NA	NA	NA	NA
"GCTGTACCCTCTCAGACATCTGTGTACTTCTGTGCCAGCAGTGTTGGGGCTCACAATGGGCGGTTCAATGAGCAGTTCTTCGGGCCA"	"CASSVGAHNGRFNEQFF"	"GCTGTACCCTCTCAGACATCTGTGTACTTCTGTGCCAGCAGTGTTGGGGCTCACAATGGGCGGTTCAATGAGCAGTTCTTCGGGCCA"	"CASSVGAHNGRFNEQFF"	"TCRBV6-4*1"	"TCRBD1-1*1"	"TCRBJ2-1*1"	43	45	50	65	2	15	NA	NA	"GCTGTACCCTCTCAGACATCTGTGTACTTCTGTGCCAGCAGTGTTGGGGCTCACAATGGGCGGTTCAATGAGCAGTTCTTCGGGCCA"	FALSE	TRUE	NA	NA	NA	NA
"TCTGCCAGGCCCTCACATACCTCTCAGTACCTCTGTGCCAGCAGTGAGACTAGCGGGAGGATGCACAATGAGCAGTTCTTCGGGCCA"	"CASSETSGRMHNEQFF"	"TCTGCCAGGCCCTCACATACCTCTCAGTACCTCTGTGCCAGCAGTGAGACTAGCGGGAGGATGCACAATGAGCAGTTCTTCGGGCCA"	"CASSETSGRMHNEQFF"	"TCRBV25-1*1"	"TCRBD2-1*2"	"TCRBJ2-1*1"	-1	47	60	64	48	4	NA	NA	"TCTGCCAGGCCCTCACATACCTCTCAGTACCTCTGTGCCAGCAGTGAGACTAGCGGGAGGATGCACAATGAGCAGTTCTTCGGGCCA"	FALSE	TRUE	NA	NA	NA	NA
"CAGTGCACAGAGCGGGGGGACTCAGCCGTGTATCTCTGTGCCAGCAGCCCCCAGGGCGGGAGTTACAATGAGCAGTTCTTCGGGCCA"	"CASSPQGGSYNEQFF"	"CAGTGCACAGAGCGGGGGGACTCAGCCGTGTATCTCTGTGCCAGCAGCCCCCAGGGCGGGAGTTACAATGAGCAGTTCTTCGGGCCA"	"CASSPQGGSYNEQFF"	"TCRBV7-3*1"	"TCRBD2-1*2"	"TCRBJ2-1*1"	48	55	62	63	7	1	NA	NA	"CAGTGCACAGAGCGGGGGGACTCAGCCGTGTATCTCTGTGCCAGCAGCCCCCAGGGCGGGAGTTACAATGAGCAGTTCTTCGGGCCA"	FALSE	TRUE	NA	NA	NA	NA
"AGCTCTCTGGAGCTGGGGGACTCAGCTTTGTATTTCTGTGCCAGCAGCGCCGGGACAGGGGGGTACAATGAGCAGTTCTTCGGGCCA"	"CASSAGTGGYNEQFF"	"AGCTCTCTGGAGCTGGGGGACTCAGCTTTGTATTTCTGTGCCAGCAGCGCCGGGACAGGGGGGTACAATGAGCAGTTCTTCGGGCCA"	"CASSAGTGGYNEQFF"	"TCRBV9-1*1"	"TCRBD1-1*1"	"TCRBJ2-1*1"	49	51	62	63	2	1	NA	NA	"AGCTCTCTGGAGCTGGGGGACTCAGCTTTGTATTTCTGTGCCAGCAGCGCCGGGACAGGGGGGTACAATGAGCAGTTCTTCGGGCCA"	FALSE	TRUE	NA	NA	NA	NA
"CGCTCACCAGGCCTGGGGGACGCAGCCATGTACCTGTGTGCCACCAGCAGAGCCTCCTCTGGGGCCAACGTCCTGACTTTCGGGGCC"	"CATSRASSGANVLTF"	"CGCTCACCAGGCCTGGGGGACGCAGCCATGTACCTGTGTGCCACCAGCAGAGCCTCCTCTGGGGCCAACGTCCTGACTTTCGGGGCC"	"CATSRASSGANVLTF"	"TCRBV15-1*2"	"TCRBD2-1"	"TCRBJ2-6*1"	52	53	55	56	1	1	NA	NA	"CGCTCACCAGGCCTGGGGGACGCAGCCATGTACCTGTGTGCCACCAGCAGAGCCTCCTCTGGGGCCAACGTCCTGACTTTCGGGGCC"	FALSE	TRUE	NA	NA	NA	NA
"ACTCTGGAGTCTGCTGCCTCCTCCCAGACATCTGTATATTTCTGCGCCAGCAGTGGGGGTACCCCCTACGAGCAGTACTTCGGGCCG"	"CASSGGTPYEQYF"	"ACTCTGGAGTCTGCTGCCTCCTCCCAGACATCTGTATATTTCTGCGCCAGCAGTGGGGGTACCCCCTACGAGCAGTACTTCGGGCCG"	"CASSGGTPYEQYF"	"TCRBV1-1*1"	NA	"TCRBJ2-7*1"	-1	55	59	64	56	5	NA	NA	"ACTCTGGAGTCTGCTGCCTCCTCCCAGACATCTGTATATTTCTGCGCCAGCAGTGGGGGTACCCCCTACGAGCAGTACTTCGGGCCG"	FALSE	TRUE	NA	NA	NA	NA
"NNNNTGTCGGCTGCTCCCTCCCAGACATCTGTGTACTTCTGTGCCAGCAGTGACAGGGGGCAGGTGGCTGGCTACACCTTCGGTTCG"	"CASSDRGQVAGYTF"	"NNNNTGTCGGCTGCTCCCTCCCAGACATCTGTGTACTTCTGTGCCAGCAGTGACAGGGGGCAGGTGGCTGGCTACACCTTCGGTTCG"	"CASSDRGQVAGYTF"	"TCRBV6-1*1"	"TCRBD1-1*1"	"TCRBJ1-2*1"	-1	53	61	68	54	7	NA	NA	"NNNNTGTCGGCTGCTCCCTCCCAGACATCTGTGTACTTCTGTGCCAGCAGTGACAGGGGGCAGGTGGCTGGCTACACCTTCGGTTCG"	FALSE	TRUE	NA	NA	NA	NA
"TTCCCGCTCAGGCTGGAGTTGGCTGCTCCCTCCCAGACATCTGTGTACTTCTGTGCCAGCGGTCAAGAGACCCAGTACTTCGGGCCA"	"CASGQETQYF"	"TTCCCGCTCAGGCTGGAGTTGGCTGCTCCCTCCCAGACATCTGTGTACTTCTGTGCCAGCGGTCAAGAGACCCAGTACTTCGGGCCA"	"CASGQETQYF"	"TCRBV6-6"	NA	"TCRBJ2-5*1"	-1	60	62	63	61	1	NA	NA	"TTCCCGCTCAGGCTGGAGTTGGCTGCTCCCTCCCAGACATCTGTGTACTTCTGTGCCAGCGGTCAAGAGACCCAGTACTTCGGGCCA"	FALSE	TRUE	NA	NA	NA	NA
"GCACAGAGCGGGGGGACTCAGCCGTGTATCTCTGTGCCAGCAGATAAGATGCGGGAGTTTAACACCGGGGAGCTGTTTTTTGGAGAA"	""	"GCACAGAGCGGGGGGACTCAGCCGTGTATCTCTGTGCCAGCAGATAAGATGCGGGAGTTTAACACCGGGGAGCTGTTTTTTGGAGAA"	""	"TCRBV7-3*1"	"TCRBD2-1*2"	"TCRBJ2-2*1"	43	50	57	60	7	3	NA	NA	"GCACAGAGCGGGGGGACTCAGCCGTGTATCTCTGTGCCAGCAGATAAGATGCGGGAGTTTAACACCGGGGAGCTGTTTTTTGGAGAA"	FALSE	FALSE	NA	NA	NA	NA
"CCTTGTTGCTGGGGGACTCGGCCCTCTATCTCTGTGCCAGCAGCTTGGGAGACAGGGAATCGCAATCAGCCCCAGCATTTTGGTGAT"	""	"CCTTGTTGCTGGGGGACTCGGCCCTCTATCTCTGTGCCAGCAGCTTGGGAGACAGGGAATCGCAATCAGCCCCAGCATTTTGGTGAT"	""	"TCRBV5-6*1"	"TCRBD1-1*1"	"TCRBJ1-5*1"	48	50	57	61	2	4	NA	NA	"CCTTGTTGCTGGGGGACTCGGCCCTCTATCTCTGTGCCAGCAGCTTGGGAGACAGGGAATCGCAATCAGCCCCAGCATTTTGGTGAT"	FALSE	FALSE	NA	NA	NA	NA
"GCCTTGGAGCTGGACGACTCGGCCCTGTATCTCTGTGCCAGCAGCCCGGGGACTAGCGGGAGGGTCAGCGAGCAGTACTTCGGGCCG"	"CASSPGTSGRVSEQYF"	"GCCTTGGAGCTGGACGACTCGGCCCTGTATCTCTGTGCCAGCAGCCCGGGGACTAGCGGGAGGGTCAGCGAGCAGTACTTCGGGCCG"	"CASSPGTSGRVSEQYF"	"TCRBV5-4*1"	"TCRBD2-1*2"	"TCRBJ2-7*1"	45	48	64	68	3	4	NA	NA	"GCCTTGGAGCTGGACGACTCGGCCCTGTATCTCTGTGCCAGCAGCCCGGGGACTAGCGGGAGGGTCAGCGAGCAGTACTTCGGGCCG"	FALSE	TRUE	NA	NA	NA	NA
"CAGGTAGTGCGAGGAGATTCGGCAGCTTATTTCTGTGCCAGCTCACCCGCCCCTCCGGGAGTCGCCGGGGAGCTGTTTTTTGGAGAA"	"CASSPAPPGVAGELFF"	"CAGGTAGTGCGAGGAGATTCGGCAGCTTATTTCTGTGCCAGCTCACCCGCCCCTCCGGGAGTCGCCGGGGAGCTGTTTTTTGGAGAA"	"CASSPAPPGVAGELFF"	"TCRBV18-1*1"	"TCRBD2-1*2"	"TCRBJ2-2*1"	47	55	61	64	8	3	NA	NA	"CAGGTAGTGCGAGGAGATTCGGCAGCTTATTTCTGTGCCAGCTCACCCGCCCCTCCGGGAGTCGCCGGGGAGCTGTTTTTTGGAGAA"	FALSE	TRUE	NA	NA	NA	NA
"CACATCAATTCCCTGGAGCTTGGTGACTCTGCTGTGTATTTCTGTGCCAGCAGCCGGGTAGACGGCTACGAGCAGTACTTCGGGCCG"	"CASSRVDGYEQYF"	"CACATCAATTCCCTGGAGCTTGGTGACTCTGCTGTGTATTTCTGTGCCAGCAGCCGGGTAGACGGCTACGAGCAGTACTTCGGGCCG"	"CASSRVDGYEQYF"	"TCRBV3-1/3-2*1"	NA	"TCRBJ2-7*1"	-1	55	58	65	56	7	NA	NA	"CACATCAATTCCCTGGAGCTTGGTGACTCTGCTGTGTATTTCTGTGCCAGCAGCCGGGTAGACGGCTACGAGCAGTACTTCGGGCCG"	FALSE	TRUE	NA	NA	NA	NA
"TGGAGCTGGGGGACTCAGCTTTGTATTTCTGTGCCAGCAGCGCCAGCCCAACAGGATGTAACCAATCAGCCCCAGCATTTTGGTGAT"	""	"TGGAGCTGGGGGACTCAGCTTTGTATTTCTGTGCCAGCAGCGCCAGCCCAACAGGATGTAACCAATCAGCCCCAGCATTTTGGTGAT"	""	"TCRBV9-1*1"	"TCRBD1-1*1"	"TCRBJ1-5*1"	42	50	55	62	8	7	NA	NA	"TGGAGCTGGGGGACTCAGCTTTGTATTTCTGTGCCAGCAGCGCCAGCCCAACAGGATGTAACCAATCAGCCCCAGCATTTTGGTGAT"	FALSE	FALSE	NA	NA	NA	NA
"ATCCAGCGCACACAGCAGGAGGACTCCGCCGTGTATCTCTGTGCCAGCAGCTTAGGGGCGGGGGCTCGGGGCTACACCTTCGGTTCG"	"CASSLGAGARGYTF"	"ATCCAGCGCACACAGCAGGAGGACTCCGCCGTGTATCTCTGTGCCAGCAGCTTAGGGGCGGGGGCTCGGGGCTACACCTTCGGTTCG"	"CASSLGAGARGYTF"	"TCRBV7-8*1"	"TCRBD2-1*1"	"TCRBJ1-2*1"	55	57	64	69	2	5	NA	NA	"ATCCAGCGCACACAGCAGGAGGACTCCGCCGTGTATCTCTGTGCCAGCAGCTTAGGGGCGGGGGCTCGGGGCTACACCTTCGGTTCG"	FALSE	TRUE	NA	NA	NA	NA
"AACATGAGCTCCTTGGAGCTGGGGGACTCAGCCCTGTACTTCTGTGCCAGCAGCTTGGCTAGCTACAATGAGCAGTTCTTCGGGCCA"	"CASSLASYNEQFF"	"AACATGAGCTCCTTGGAGCTGGGGGACTCAGCCCTGTACTTCTGTGCCAGCAGCTTGGCTAGCTACAATGAGCAGTTCTTCGGGCCA"	"CASSLASYNEQFF"	"TCRBV13-1*1"	"TCRBD2-1"	"TCRBJ2-1*1"	56	58	-1	62	2	63	NA	NA	"AACATGAGCTCCTTGGAGCTGGGGGACTCAGCCCTGTACTTCTGTGCCAGCAGCTTGGCTAGCTACAATGAGCAGTTCTTCGGGCCA"	FALSE	TRUE	NA	NA	NA	NA
"ACCTTGGAGCTGGGGGACTCGGCCCTTTATCTTTGCGCCAGCAGCTATGCAGCGGGAACGAACACCGGGGAGCTGTTTTTTGGAGAA"	"CASSYAAGTNTGELFF"	"ACCTTGGAGCTGGGGGACTCGGCCCTTTATCTTTGCGCCAGCAGCTATGCAGCGGGAACGAACACCGGGGAGCTGTTTTTTGGAGAA"	"CASSYAAGTNTGELFF"	"TCRBV5-1*1"	"TCRBD2-1*2"	"TCRBJ2-2*1"	46	50	57	58	4	1	NA	NA	"ACCTTGGAGCTGGGGGACTCGGCCCTTTATCTTTGCGCCAGCAGCTATGCAGCGGGAACGAACACCGGGGAGCTGTTTTTTGGAGAA"	FALSE	TRUE	NA	NA	NA	NA
"GAGTCGCCCAGCCCCAACCAGACCTCTCTGTACTTCTGTGCCAGCAGTTTGGGAACTAGCGGGATCTACGAGCAGTACTTCGGGCCG"	"CASSLGTSGIYEQYF"	"GAGTCGCCCAGCCCCAACCAGACCTCTCTGTACTTCTGTGCCAGCAGTTTGGGAACTAGCGGGATCTACGAGCAGTACTTCGGGCCG"	"CASSLGTSGIYEQYF"	"TCRBV27-1*1"	"TCRBD2-1*2"	"TCRBJ2-7*1"	50	54	64	65	4	1	NA	NA	"GAGTCGCCCAGCCCCAACCAGACCTCTCTGTACTTCTGTGCCAGCAGTTTGGGAACTAGCGGGATCTACGAGCAGTACTTCGGGCCG"	FALSE	TRUE	NA	NA	NA	NA
"CGCACAGAGCAGGAGGACTCGGCCGTGTATCTCTGTGCCAGCAGCGGCGAACTAGCGGGGGACTCCTACGAGCAGTACTTCGGGCCG"	"CASSGELAGDSYEQYF"	"CGCACAGAGCAGGAGGACTCGGCCGTGTATCTCTGTGCCAGCAGCGGCGAACTAGCGGGGGACTCCTACGAGCAGTACTTCGGGCCG"	"CASSGELAGDSYEQYF"	"TCRBV7-2"	"TCRBD2-1*1"	"TCRBJ2-7*1"	45	50	61	62	5	1	NA	NA	"CGCACAGAGCAGGAGGACTCGGCCGTGTATCTCTGTGCCAGCAGCGGCGAACTAGCGGGGGACTCCTACGAGCAGTACTTCGGGCCG"	FALSE	TRUE	NA	NA	NA	NA
"NNNNNNNNNNTGTCGGCTGCTCCCTCCCAGACATCTGTGTACTTCTGTGCCATCAGACAGGGGACATATGGCTACACCTTCGGTTCG"	"CAIRQGTYGYTF"	"NNNNNNNNNNTGTCGGCTGCTCCCTCCCAGACATCTGTGTACTTCTGTGCCATCAGACAGGGGACATATGGCTACACCTTCGGTTCG"	"CAIRQGTYGYTF"	"TCRBV6-5*1"	"TCRBD1-1*1"	"TCRBJ1-2*1"	-1	56	63	66	57	3	NA	NA	"NNNNNNNNNNTGTCGGCTGCTCCCTCCCAGACATCTGTGTACTTCTGTGCCATCAGACAGGGGACATATGGCTACACCTTCGGTTCG"	FALSE	TRUE	NA	NA	NA	NA
"ATCCAGCAGGTAGTGCGAGGAGATTCGGCAGCTTATTTCTGTGCCAGCTCTCCCAACAGGGGGAACACTGAAGCTTTCTTTGGACAA"	"CASSPNRGNTEAFF"	"ATCCAGCAGGTAGTGCGAGGAGATTCGGCAGCTTATTTCTGTGCCAGCTCTCCCAACAGGGGGAACACTGAAGCTTTCTTTGGACAA"	"CASSPNRGNTEAFF"	"TCRBV18-1*1"	"TCRBD1-1*1"	"TCRBJ1-1*1"	50	55	-1	62	5	63	NA	NA	"ATCCAGCAGGTAGTGCGAGGAGATTCGGCAGCTTATTTCTGTGCCAGCTCTCCCAACAGGGGGAACACTGAAGCTTTCTTTGGACAA"	FALSE	TRUE	NA	NA	NA	NA
"CTGAAGGTGCAGCCTGCAGAACTGGAGGATTCTGGAGTTTATTTCTGTGCCAGCCGTCAAGGGGGCGATACGCAGTATTTTGGCCCA"	"CASRQGGDTQYF"	"CTGAAGGTGCAGCCTGCAGAACTGGAGGATTCTGGAGTTTATTTCTGTGCCAGCCGTCAAGGGGGCGATACGCAGTATTTTGGCCCA"	"CASRQGGDTQYF"	"TCRBV14-1*1"	"TCRBD1-1*1"	"TCRBJ2-3*1"	-1	61	-1	66	62	67	NA	NA	"CTGAAGGTGCAGCCTGCAGAACTGGAGGATTCTGGAGTTTATTTCTGTGCCAGCCGTCAAGGGGGCGATACGCAGTATTTTGGCCCA"	FALSE	TRUE	NA	NA	NA	NA
"CTTCACCTACACACCCTGCAGCCAGAAGACTCGGCCCTGTATCTCTGTGCCAGCAGCCAAGTTGCCTATGGCTACACCTTCGGTTCG"	"CASSQVAYGYTF"	"CTTCACCTACACACCCTGCAGCCAGAAGACTCGGCCCTGTATCTCTGTGCCAGCAGCCAAGTTGCCTATGGCTACACCTTCGGTTCG"	"CASSQVAYGYTF"	"TCRBV4-2*1"	NA	"TCRBJ1-2*1"	61	63	-1	65	2	66	NA	NA	"CTTCACCTACACACCCTGCAGCCAGAAGACTCGGCCCTGTATCTCTGTGCCAGCAGCCAAGTTGCCTATGGCTACACCTTCGGTTCG"	FALSE	TRUE	NA	NA	NA	NA
"CAGCGCACAGAGCAGCGGGACTCAGCCATGTATCGCTGTGCTAGCAGCTTAGGTAGAAACCCTCGCAATGAGCAGTTCTTCGGGCCA"	"CASSLGRNPRNEQFF"	"CAGCGCACAGAGCAGCGGGACTCAGCCATGTATCGCTGTGCTAGCAGCTTAGGTAGAAACCCTCGCAATGAGCAGTTCTTCGGGCCA"	"CASSLGRNPRNEQFF"	"TCRBV7-7*1"	"TCRBD2-1"	"TCRBJ2-1*1"	52	53	56	65	1	9	NA	NA	"CAGCGCACAGAGCAGCGGGACTCAGCCATGTATCGCTGTGCTAGCAGCTTAGGTAGAAACCCTCGCAATGAGCAGTTCTTCGGGCCA"	FALSE	TRUE	NA	NA	NA	NA
"AAGATCCAGCCTGCAAAGCTTGAGGACTCGGCCGTGTATCTCTGTGCCAGCAGCCCAGGGGGCGGGGATACGCAGTATTTTGGCCCA"	"CASSPGGGDTQYF"	"AAGATCCAGCCTGCAAAGCTTGAGGACTCGGCCGTGTATCTCTGTGCCAGCAGCCCAGGGGGCGGGGATACGCAGTATTTTGGCCCA"	"CASSPGGGDTQYF"	"TCRBV11-2*1"	"TCRBD1-1*1"	"TCRBJ2-3*1"	54	55	63	66	1	3	NA	NA	"AAGATCCAGCCTGCAAAGCTTGAGGACTCGGCCGTGTATCTCTGTGCCAGCAGCCCAGGGGGCGGGGATACGCAGTATTTTGGCCCA"	FALSE	TRUE	NA	NA	NA	NA
"AGAGCGGGGGGACTCAGCCGTGTATCTCTGTGCCAGCAGCCGGACTAGCGGGAGGGCGGGTTCACAGATACGCAGTATTTTGGCCCA"	""	"AGAGCGGGGGGACTCAGCCGTGTATCTCTGTGCCAGCAGCCGGACTAGCGGGAGGGCGGGTTCACAGATACGCAGTATTTTGGCCCA"	""	"TCRBV7-3*1"	"TCRBD2-1*2"	"TCRBJ2-3*1"	40	41	56	62	1	6	NA	NA	"AGAGCGGGGGGACTCAGCCGTGTATCTCTGTGCCAGCAGCCGGACTAGCGGGAGGGCGGGTTCACAGATACGCAGTATTTTGGCCCA"	FALSE	FALSE	NA	NA	NA	NA
"AATGTGAGCACCTTGGAGCTGGGGGACTCGGCCCTTTATCTTTGCGCCAGCAGCTTCAGCGGAAACAATGAGCAGTTCTTCGGGCCA"	"CASSFSGNNEQFF"	"AATGTGAGCACCTTGGAGCTGGGGGACTCGGCCCTTTATCTTTGCGCCAGCAGCTTCAGCGGAAACAATGAGCAGTTCTTCGGGCCA"	"CASSFSGNNEQFF"	"TCRBV5-1*1"	"TCRBD2-1"	"TCRBJ2-1*1"	56	57	62	64	1	2	NA	NA	"AATGTGAGCACCTTGGAGCTGGGGGACTCGGCCCTTTATCTTTGCGCCAGCAGCTTCAGCGGAAACAATGAGCAGTTCTTCGGGCCA"	FALSE	TRUE	NA	NA	NA	NA
"CAGCCTGCAGAGCTTGGGGACTCGGCCATGTATCTCTGTGCCAGCAGCTTAGGGGATAGGCGAGGCGATGAGCAGTTCTTCGGGCCA"	"CASSLGDRRGDEQFF"	"CAGCCTGCAGAGCTTGGGGACTCGGCCATGTATCTCTGTGCCAGCAGCTTAGGGGATAGGCGAGGCGATGAGCAGTTCTTCGGGCCA"	"CASSLGDRRGDEQFF"	"TCRBV11-1*1"	NA	"TCRBJ2-1*1"	-1	52	56	67	53	11	NA	NA	"CAGCCTGCAGAGCTTGGGGACTCGGCCATGTATCTCTGTGCCAGCAGCTTAGGGGATAGGCGAGGCGATGAGCAGTTCTTCGGGCCA"	FALSE	TRUE	NA	NA	NA	NA
"CTGAGCTCTCTGGAGCTGGGGGACTCAGCTTTGTATTTCTGTGCCAGCAGCGTAGGACAGAGGATCTACGAGCAGTACTTCGGGCCG"	"CASSVGQRIYEQYF"	"CTGAGCTCTCTGGAGCTGGGGGACTCAGCTTTGTATTTCTGTGCCAGCAGCGTAGGACAGAGGATCTACGAGCAGTACTTCGGGCCG"	"CASSVGQRIYEQYF"	"TCRBV9-1*1"	"TCRBD1-1*1"	"TCRBJ2-7*1"	-1	55	60	65	56	5	NA	NA	"CTGAGCTCTCTGGAGCTGGGGGACTCAGCTTTGTATTTCTGTGCCAGCAGCGTAGGACAGAGGATCTACGAGCAGTACTTCGGGCCG"	FALSE	TRUE	NA	NA	NA	NA
"GCCCTCAGAACCCAGGGACTCAGCTGTGTACTTCTGTGCCAGCAGTTTAGCCAACTAGCGGGAGGCTAAGAGCAGTACTTCGGGCCG"	""	"GCCCTCAGAACCCAGGGACTCAGCTGTGTACTTCTGTGCCAGCAGTTTAGCCAACTAGCGGGAGGCTAAGAGCAGTACTTCGGGCCG"	""	NA	"TCRBD2-1*2"	"TCRBJ2-7*1"	51	53	65	69	2	4	NA	NA	"GCCCTCAGAACCCAGGGACTCAGCTGTGTACTTCTGTGCCAGCAGTTTAGCCAACTAGCGGGAGGCTAAGAGCAGTACTTCGGGCCG"	FALSE	FALSE	NA	NA	NA	NA
"GTGACATCGGCCCAAAAGAACCCGACAGCTTTCTATCTCTGTGCCAGTAGCACGACAGGCCCCAATCAGCCCCAGCATTTTGGTGAT"	"CASSTTGPNQPQHF"	"GTGACATCGGCCCAAAAGAACCCGACAGCTTTCTATCTCTGTGCCAGTAGCACGACAGGCCCCAATCAGCCCCAGCATTTTGGTGAT"	"CASSTTGPNQPQHF"	"TCRBV19-1*1"	"TCRBD1-1*1"	"TCRBJ1-5*1"	50	53	59	62	3	3	NA	NA	"GTGACATCGGCCCAAAAGAACCCGACAGCTTTCTATCTCTGTGCCAGTAGCACGACAGGCCCCAATCAGCCCCAGCATTTTGGTGAT"	FALSE	TRUE	NA	NA	NA	NA
"NTGTCGGCTGCTCCCTCCCAGACATCTGTGTACTTCTGTGCCAGCAGAACCGGAACAGGGGGCAATTCACCCCTCCACTTTGGGAAT"	"CASRTGTGGNSPLHF"	"NTGTCGGCTGCTCCCTCCCAGACATCTGTGTACTTCTGTGCCAGCAGAACCGGAACAGGGGGCAATTCACCCCTCCACTTTGGGAAT"	"CASRTGTGGNSPLHF"	"TCRBV6-5*1"	"TCRBD1-1*1"	"TCRBJ1-6*1"	47	54	-1	63	7	64	NA	NA	"NTGTCGGCTGCTCCCTCCCAGACATCTGTGTACTTCTGTGCCAGCAGAACCGGAACAGGGGGCAATTCACCCCTCCACTTTGGGAAT"	FALSE	TRUE	NA	NA	NA	NA
"CAGCGCACAGAGCAGGAGGACTCGGCCGTGTATCTCTGTGCCAGCAGCTTAGCGGCTAGCGGCCAAGAGACCCAGTACTTCGGGCCA"	"CASSLAASGQETQYF"	"CAGCGCACAGAGCAGGAGGACTCGGCCGTGTATCTCTGTGCCAGCAGCTTAGCGGCTAGCGGCCAAGAGACCCAGTACTTCGGGCCA"	"CASSLAASGQETQYF"	"TCRBV7-2"	"TCRBD2-1"	"TCRBJ2-5*1"	53	55	-1	62	2	63	NA	NA	"CAGCGCACAGAGCAGGAGGACTCGGCCGTGTATCTCTGTGCCAGCAGCTTAGCGGCTAGCGGCCAAGAGACCCAGTACTTCGGGCCA"	FALSE	TRUE	NA	NA	NA	NA
"GCAGAGCTTGGGGACTCGGCCGTGTATCTCTGTGCCAGCAGCTCCCCAAGACAGGGTTCTAACACCGGGGAGCTGTTTTTTGGAGAA"	"CASSSPRQGSNTGELFF"	"GCAGAGCTTGGGGACTCGGCCGTGTATCTCTGTGCCAGCAGCTCCCCAAGACAGGGTTCTAACACCGGGGAGCTGTTTTTTGGAGAA"	"CASSSPRQGSNTGELFF"	"TCRBV11-3*1"	"TCRBD1-1*1"	"TCRBJ2-2*1"	43	49	56	60	6	4	NA	NA	"GCAGAGCTTGGGGACTCGGCCGTGTATCTCTGTGCCAGCAGCTCCCCAAGACAGGGTTCTAACACCGGGGAGCTGTTTTTTGGAGAA"	FALSE	TRUE	NA	NA	NA	NA
"TCCGCCAGCACCAACCAGACATCTATGTACCTCTGTGCCAGCAGTTTCCGAGGTAGCTGGAGCAATCAGCCCCAGCATTTTGGTGAT"	"CASSFRGSWSNQPQHF"	"TCCGCCAGCACCAACCAGACATCTATGTACCTCTGTGCCAGCAGTTTCCGAGGTAGCTGGAGCAATCAGCCCCAGCATTTTGGTGAT"	"CASSFRGSWSNQPQHF"	"TCRBV28-1*1"	"TCRBD2-1"	"TCRBJ1-5*1"	47	53	57	60	6	3	NA	NA	"TCCGCCAGCACCAACCAGACATCTATGTACCTCTGTGCCAGCAGTTTCCGAGGTAGCTGGAGCAATCAGCCCCAGCATTTTGGTGAT"	FALSE	TRUE	NA	NA	NA	NA
"CTGAGCTCTCTGGAGCTGGGGGACTCAGCTTTGTATTTCTGTGCCAGCAGGTTCGCCGCGAACACCGGGGAGCTGTTTTTTGGAGAA"	"CASRFAANTGELFF"	"CTGAGCTCTCTGGAGCTGGGGGACTCAGCTTTGTATTTCTGTGCCAGCAGGTTCGCCGCGAACACCGGGGAGCTGTTTTTTGGAGAA"	"CASRFAANTGELFF"	"TCRBV9-1*1"	NA	"TCRBJ2-2*1"	50	54	56	58	4	2	NA	NA	"CTGAGCTCTCTGGAGCTGGGGGACTCAGCTTTGTATTTCTGTGCCAGCAGGTTCGCCGCGAACACCGGGGAGCTGTTTTTTGGAGAA"	FALSE	TRUE	NA	NA	NA	NA
"TGCTCCCTCCCAAACATCTGTGTACTTCTGTGCCAGCAGGCACTAGCGGGAGATCACGGGGGGTACAATGAGCAGTTCTTCGGGCCA"	""	"TGCTCCCTCCCAAACATCTGTGTACTTCTGTGCCAGCAGGCACTAGCGGGAGATCACGGGGGGTACAATGAGCAGTTCTTCGGGCCA"	""	NA	"TCRBD2-1*2"	"TCRBJ2-1*1"	39	41	52	63	2	11	NA	NA	"TGCTCCCTCCCAAACATCTGTGTACTTCTGTGCCAGCAGGCACTAGCGGGAGATCACGGGGGGTACAATGAGCAGTTCTTCGGGCCA"	FALSE	FALSE	NA	NA	NA	NA
"NNNNNNNTGTCGGCTGCTCCCTCCCAGACATCTGTGTACTTCTGTGCCAGCAGTGAAAGCGGGGGGGCTAGGCAGTATTTTGGCCCA"	"CASSESGGARQYF"	"NNNNNNNTGTCGGCTGCTCCCTCCCAGACATCTGTGTACTTCTGTGCCAGCAGTGAAAGCGGGGGGGCTAGGCAGTATTTTGGCCCA"	"CASSESGGARQYF"	"TCRBV6-1*1"	"TCRBD2-1*1"	"TCRBJ2-3*1"	-1	57	67	71	58	4	NA	NA	"NNNNNNNTGTCGGCTGCTCCCTCCCAGACATCTGTGTACTTCTGTGCCAGCAGTGAAAGCGGGGGGGCTAGGCAGTATTTTGGCCCA"	FALSE	TRUE	NA	NA	NA	NA
"CTACACACCCTGCAGCCAGAAGACTCGGCCCTGTATCTCTGCGCCAGCAGCCAAGCAGGGCGGAACACTGAAGCTTTCTTTGGACAA"	"CASSQAGRNTEAFF"	"CTACACACCCTGCAGCCAGAAGACTCGGCCCTGTATCTCTGCGCCAGCAGCCAAGCAGGGCGGAACACTGAAGCTTTCTTTGGACAA"	"CASSQAGRNTEAFF"	"TCRBV4-3*1"	"TCRBD1-1*1"	"TCRBJ1-1*1"	-1	55	60	62	56	2	NA	NA	"CTACACACCCTGCAGCCAGAAGACTCGGCCCTGTATCTCTGCGCCAGCAGCCAAGCAGGGCGGAACACTGAAGCTTTCTTTGGACAA"	FALSE	TRUE	NA	NA	NA	NA
"GAGTCTGCTGCCTCCTCCCAGACATCTGTATATTTCTGCGCCAGCAGTGAGGCGGGAGGGCCTTCGGATACGCAGTATTTTGGCCCA"	"CASSEAGGPSDTQYF"	"GAGTCTGCTGCCTCCTCCCAGACATCTGTATATTTCTGCGCCAGCAGTGAGGCGGGAGGGCCTTCGGATACGCAGTATTTTGGCCCA"	"CASSEAGGPSDTQYF"	"TCRBV1-1*1"	"TCRBD2-1*2"	"TCRBJ2-3*1"	-1	51	60	66	52	6	NA	NA	"GAGTCTGCTGCCTCCTCCCAGACATCTGTATATTTCTGCGCCAGCAGTGAGGCGGGAGGGCCTTCGGATACGCAGTATTTTGGCCCA"	FALSE	TRUE	NA	NA	NA	NA
"AGTGCCCATCCTGAAGACAGCAGCTTCTACATCTGCAGTGCTAGAGATCGTCCCAGCGGGAGATACAATGAGCAGTTCTTCGGGCCA"	"CSARDRPSGRYNEQFF"	"AGTGCCCATCCTGAAGACAGCAGCTTCTACATCTGCAGTGCTAGAGATCGTCCCAGCGGGAGATACAATGAGCAGTTCTTCGGGCCA"	"CSARDRPSGRYNEQFF"	NA	"TCRBD2-1*2"	"TCRBJ2-1*1"	47	54	62	63	7	1	NA	NA	"AGTGCCCATCCTGAAGACAGCAGCTTCTACATCTGCAGTGCTAGAGATCGTCCCAGCGGGAGATACAATGAGCAGTTCTTCGGGCCA"	FALSE	TRUE	NA	NA	NA	NA
"NNNNTGTCGGCTGCTCCCTCCCAAACATCTGTGTACTTCTGTGCCAGCAGCAGAACAGTGGGCCCCTACGAGCAGTACTTCGGGCCG"	"CASSRTVGPYEQYF"	"NNNNTGTCGGCTGCTCCCTCCCAAACATCTGTGTACTTCTGTGCCAGCAGCAGAACAGTGGGCCCCTACGAGCAGTACTTCGGGCCG"	"CASSRTVGPYEQYF"	"TCRBV6-2*2"	"TCRBD1-1*1"	"TCRBJ2-7*1"	51	54	58	64	3	6	NA	NA	"NNNNTGTCGGCTGCTCCCTCCCAAACATCTGTGTACTTCTGTGCCAGCAGCAGAACAGTGGGCCCCTACGAGCAGTACTTCGGGCCG"	FALSE	TRUE	NA	NA	NA	NA
"AGTGCCCATCCTGAAGACAGCAGCTTCTACATCTGCAGTGCTAGAGACACTAGCGGGGCCCTCTCCTACGAGCAGTACTTCGGGCCG"	"CSARDTSGALSYEQYF"	"AGTGCCCATCCTGAAGACAGCAGCTTCTACATCTGCAGTGCTAGAGACACTAGCGGGGCCCTCTCCTACGAGCAGTACTTCGGGCCG"	"CSARDTSGALSYEQYF"	NA	"TCRBD2-1*1"	"TCRBJ2-7*1"	47	48	58	62	1	4	NA	NA	"AGTGCCCATCCTGAAGACAGCAGCTTCTACATCTGCAGTGCTAGAGACACTAGCGGGGCCCTCTCCTACGAGCAGTACTTCGGGCCG"	FALSE	TRUE	NA	NA	NA	NA
"TCCAGCCCTCAGAACCCAGGGACTCAGCTGTGTACTTCTGTGCCAGCAGTTTAAGGGCCCGGCGGGTCACCCCTCCACTTTGGGAAT"	""	"TCCAGCCCTCAGAACCCAGGGACTCAGCTGTGTACTTCTGTGCCAGCAGTTTAAGGGCCCGGCGGGTCACCCCTCCACTTTGGGAAT"	""	NA	"TCRBD2-1"	"TCRBJ1-6*1"	53	61	-1	66	8	67	NA	NA	"TCCAGCCCTCAGAACCCAGGGACTCAGCTGTGTACTTCTGTGCCAGCAGTTTAAGGGCCCGGCGGGTCACCCCTCCACTTTGGGAAT"	FALSE	FALSE	NA	NA	NA	NA
"GCCCTGCAGCCAGAAGACTCAGCCCTGTATCTCTGCGCCAGCAGCCAAGATACGGGTCATCCGGACTACGAGCAGTACTTCGGGCCG"	"CASSQDTGHPDYEQYF"	"GCCCTGCAGCCAGAAGACTCAGCCCTGTATCTCTGCGCCAGCAGCCAAGATACGGGTCATCCGGACTACGAGCAGTACTTCGGGCCG"	"CASSQDTGHPDYEQYF"	"TCRBV4-1*1"	"TCRBD2-1"	"TCRBJ2-7*1"	50	52	56	65	2	9	NA	NA	"GCCCTGCAGCCAGAAGACTCAGCCCTGTATCTCTGCGCCAGCAGCCAAGATACGGGTCATCCGGACTACGAGCAGTACTTCGGGCCG"	FALSE	TRUE	NA	NA	NA	NA
"CAGCCCTCAGAACCCAGGGACTCAGCTGTGTACTTCTGTGCCAGTACCCGCAGGGACATGGGCAATCAGCCCCAGCATTTTGGTGAT"	"CASTRRDMGNQPQHF"	"CAGCCCTCAGAACCCAGGGACTCAGCTGTGTACTTCTGTGCCAGTACCCGCAGGGACATGGGCAATCAGCCCCAGCATTTTGGTGAT"	"CASTRRDMGNQPQHF"	NA	"TCRBD1-1*1"	"TCRBJ1-5*1"	44	52	58	61	8	3	NA	NA	"CAGCCCTCAGAACCCAGGGACTCAGCTGTGTACTTCTGTGCCAGTACCCGCAGGGACATGGGCAATCAGCCCCAGCATTTTGGTGAT"	FALSE	TRUE	NA	NA	NA	NA
"CTAAACCTGAGCTCTCTGGAGCTGGGGGACTCAGCTTTGTATTTCTGTGCCAGCACCGGTCCGGTCGAGACCCAGTACTTCGGGCCA"	"CASTGPVETQYF"	"CTAAACCTGAGCTCTCTGGAGCTGGGGGACTCAGCTTTGTATTTCTGTGCCAGCACCGGTCCGGTCGAGACCCAGTACTTCGGGCCA"	"CASTGPVETQYF"	"TCRBV9-1*1"	"TCRBD2-1"	"TCRBJ2-5*1"	55	56	59	66	1	7	NA	NA	"CTAAACCTGAGCTCTCTGGAGCTGGGGGACTCAGCTTTGTATTTCTGTGCCAGCACCGGTCCGGTCGAGACCCAGTACTTCGGGCCA"	FALSE	TRUE	NA	NA	NA	NA
"GAGTTTATTTCTGTGCCAGCAGCCAAGAAAGGGTTCCTGGTAGTGAGGACTAGCGGGAGGGTTAGGGAGACCCAGTACTTCGGGCCA"	""	"GAGTTTATTTCTGTGCCAGCAGCCAAGAAAGGGTTCCTGGTAGTGAGGACTAGCGGGAGGGTTAGGGAGACCCAGTACTTCGGGCCA"	""	"TCRBV14-1*1"	"TCRBD2-1*2"	"TCRBJ2-5*1"	28	46	61	66	18	5	NA	NA	"GAGTTTATTTCTGTGCCAGCAGCCAAGAAAGGGTTCCTGGTAGTGAGGACTAGCGGGAGGGTTAGGGAGACCCAGTACTTCGGGCCA"	FALSE	FALSE	NA	NA	NA	NA
"GTGACCAGTGCCCATCCTGAAGACAGCAGCTTCTACATCTGCAGTGCTAGACTGGCGGAAGGACCCTACGAGCAGTACTTCGGGCCG"	"CSARLAEGPYEQYF"	"GTGACCAGTGCCCATCCTGAAGACAGCAGCTTCTACATCTGCAGTGCTAGACTGGCGGAAGGACCCTACGAGCAGTACTTCGGGCCG"	"CSARLAEGPYEQYF"	NA	NA	"TCRBJ2-7*1"	51	60	-1	64	9	65	NA	NA	"GTGACCAGTGCCCATCCTGAAGACAGCAGCTTCTACATCTGCAGTGCTAGACTGGCGGAAGGACCCTACGAGCAGTACTTCGGGCCG"	FALSE	TRUE	NA	NA	NA	NA
"TCGGCCCAAAAGAACCCGACAGCTTTCTATCTCTGTGCCAGTAGTGGCTTACGGGGGGGGAGAGGCACTGAAGCTTTCTTTGGACAA"	"CASSGLRGGRGTEAFF"	"TCGGCCCAAAAGAACCCGACAGCTTTCTATCTCTGTGCCAGTAGTGGCTTACGGGGGGGGAGAGGCACTGAAGCTTTCTTTGGACAA"	"CASSGLRGGRGTEAFF"	"TCRBV19-1*1"	"TCRBD2-1*1"	"TCRBJ1-1*1"	45	51	59	65	6	6	NA	NA	"TCGGCCCAAAAGAACCCGACAGCTTTCTATCTCTGTGCCAGTAGTGGCTTACGGGGGGGGAGAGGCACTGAAGCTTTCTTTGGACAA"	FALSE	TRUE	NA	NA	NA	NA
"GCAGCGGGACTCAGCCATGTATCGCTGTGCTAGCAGCTTAAGACCCAGACTGCGACTAGCGGGAGCTACGAGCAGTACTTCGGGCCG"	""	"GCAGCGGGACTCAGCCATGTATCGCTGTGCTAGCAGCTTAAGACCCAGACTGCGACTAGCGGGAGCTACGAGCAGTACTTCGGGCCG"	""	"TCRBV7-7*1"	"TCRBD2-1*2"	"TCRBJ2-7*1"	40	53	-1	65	13	66	NA	NA	"GCAGCGGGACTCAGCCATGTATCGCTGTGCTAGCAGCTTAAGACCCAGACTGCGACTAGCGGGAGCTACGAGCAGTACTTCGGGCCG"	FALSE	FALSE	NA	NA	NA	NA
"NNNNTGAAGATCCAGCCCTCAGAACCCAGGGACTCAGCTGTGTACTTCTGTGCCAGCAGCTTGGTATACGAGCAGTACTTCGGGCCG"	"CASSLVYEQYF"	"NNNNTGAAGATCCAGCCCTCAGAACCCAGGGACTCAGCTGTGTACTTCTGTGCCAGCAGCTTGGTATACGAGCAGTACTTCGGGCCG"	"CASSLVYEQYF"	"TCRBV12-3/12-4*1"	NA	"TCRBJ2-7*1"	59	62	64	66	3	2	NA	NA	"NNNNTGAAGATCCAGCCCTCAGAACCCAGGGACTCAGCTGTGTACTTCTGTGCCAGCAGCTTGGTATACGAGCAGTACTTCGGGCCG"	FALSE	TRUE	NA	NA	NA	NA
"CAGCCTGCAGAGCTTGGGGACTCGGCCATGTATCTCTGTGCCAGCAGCTTGGCCCGACGCGCCACAGATACGCAGTATTTTGGCCCA"	"CASSLARRATDTQYF"	"CAGCCTGCAGAGCTTGGGGACTCGGCCATGTATCTCTGTGCCAGCAGCTTGGCCCGACGCGCCACAGATACGCAGTATTTTGGCCCA"	"CASSLARRATDTQYF"	"TCRBV11-1*1"	NA	"TCRBJ2-3*1"	50	55	58	62	5	4	NA	NA	"CAGCCTGCAGAGCTTGGGGACTCGGCCATGTATCTCTGTGCCAGCAGCTTGGCCCGACGCGCCACAGATACGCAGTATTTTGGCCCA"	FALSE	TRUE	NA	NA	NA	NA
"GCGTCTGCTGTACCCTCTCAGACATCTGTGTACTTCTGTGCCAGCAGTGACTCCTCTGGGAGTATCTATGAGCAGTTCTTCGGGCCA"	"CASSDSSGSIYEQFF"	"GCGTCTGCTGTACCCTCTCAGACATCTGTGTACTTCTGTGCCAGCAGTGACTCCTCTGGGAGTATCTATGAGCAGTTCTTCGGGCCA"	"CASSDSSGSIYEQFF"	"TCRBV6-4*1"	"TCRBD2-1*2"	"TCRBJ2-1*1"	53	57	62	67	4	5	NA	NA	"GCGTCTGCTGTACCCTCTCAGACATCTGTGTACTTCTGTGCCAGCAGTGACTCCTCTGGGAGTATCTATGAGCAGTTCTTCGGGCCA"	FALSE	TRUE	NA	NA	NA	NA
"CAGCCTGCAGAGCTTGGGGACTCGGCCATGTATCTCTGTGCCAGCAGCACGGACAGGGGAGTGTCCTACGAGCAGTACTTCGGGCCG"	"CASSTDRGVSYEQYF"	"CAGCCTGCAGAGCTTGGGGACTCGGCCATGTATCTCTGTGCCAGCAGCACGGACAGGGGAGTGTCCTACGAGCAGTACTTCGGGCCG"	"CASSTDRGVSYEQYF"	"TCRBV11-1*1"	"TCRBD1-1*1"	"TCRBJ2-7*1"	48	50	59	63	2	4	NA	NA	"CAGCCTGCAGAGCTTGGGGACTCGGCCATGTATCTCTGTGCCAGCAGCACGGACAGGGGAGTGTCCTACGAGCAGTACTTCGGGCCG"	FALSE	TRUE	NA	NA	NA	NA
"CTTGGAGCTGGGGGACTCGGCCCTTTATCTTTGCGCCAGCAGCTAAGGCCGGGACTAGCGCCCAAAAACATTCAGTACTTCGGCGCC"	""	"CTTGGAGCTGGGGGACTCGGCCCTTTATCTTTGCGCCAGCAGCTAAGGCCGGGACTAGCGCCCAAAAACATTCAGTACTTCGGCGCC"	""	"TCRBV5-1*1"	"TCRBD2-1"	"TCRBJ2-4*1"	44	50	60	61	6	1	NA	NA	"CTTGGAGCTGGGGGACTCGGCCCTTTATCTTTGCGCCAGCAGCTAAGGCCGGGACTAGCGCCCAAAAACATTCAGTACTTCGGCGCC"	FALSE	FALSE	NA	NA	NA	NA
"ACATCTGTATACTTCTGTGCCAGCAGTTATTCTTCTTCGCCTTTGGGACAGCTATTCTCCCATTGTTGGGAGCAGTACTTCGGGCCG"	"CASSYSSSPLGQLFSHCWEQYF"	"ACATCTGTATACTTCTGTGCCAGCAGTTATTCTTCTTCGCCTTTGGGACAGCTATTCTCCCATTGTTGGGAGCAGTACTTCGGGCCG"	"CASSYSSSPLGQLFSHCWEQYF"	"TCRBV6-9*1"	"TCRBD1-1*1"	"TCRBJ2-7*1"	32	44	51	69	12	18	NA	NA	"ACATCTGTATACTTCTGTGCCAGCAGTTATTCTTCTTCGCCTTTGGGACAGCTATTCTCCCATTGTTGGGAGCAGTACTTCGGGCCG"	FALSE	TRUE	NA	NA	NA	NA
"NTGTCGGCTGCTCCCTCCCAGACATCTGTGTACTTCTGTGCCAGCAGTTACATGGCGGAACCCTACAATGAGCAGTTCTTCGGGCCA"	"CASSYMAEPYNEQFF"	"NTGTCGGCTGCTCCCTCCCAGACATCTGTGTACTTCTGTGCCAGCAGTTACATGGCGGAACCCTACAATGAGCAGTTCTTCGGGCCA"	"CASSYMAEPYNEQFF"	"TCRBV6-5*1"	"TCRBD2-1"	"TCRBJ2-1*1"	51	54	58	61	3	3	NA	NA	"NTGTCGGCTGCTCCCTCCCAGACATCTGTGTACTTCTGTGCCAGCAGTTACATGGCGGAACCCTACAATGAGCAGTTCTTCGGGCCA"	FALSE	TRUE	NA	NA	NA	NA
"NNNNTGTCGGCTGCTCCCTCCCAGACATCTGTGTACTTCTGTGCCAGCAGTGACGGCGCCTCTAGCGGGAGTCCGTTCTTCGGGCCA"	"CASSDGASSGSPFF"	"NNNNTGTCGGCTGCTCCCTCCCAGACATCTGTGTACTTCTGTGCCAGCAGTGACGGCGCCTCTAGCGGGAGTCCGTTCTTCGGGCCA"	"CASSDGASSGSPFF"	"TCRBV6-1*1"	"TCRBD2-1*2"	"TCRBJ2-1*1"	53	61	71	74	8	3	NA	NA	"NNNNTGTCGGCTGCTCCCTCCCAGACATCTGTGTACTTCTGTGCCAGCAGTGACGGCGCCTCTAGCGGGAGTCCGTTCTTCGGGCCA"	FALSE	TRUE	NA	NA	NA	NA
"CACGCCCTGCAGCCAGAAGACTCAGCCCTGTATCTCTGCGCCAGCAGCTACGACAGGGACTCGACCTACGAGCAGTACTTCGGGCCG"	"CASSYDRDSTYEQYF"	"CACGCCCTGCAGCCAGAAGACTCAGCCCTGTATCTCTGCGCCAGCAGCTACGACAGGGACTCGACCTACGAGCAGTACTTCGGGCCG"	"CASSYDRDSTYEQYF"	"TCRBV4-1*1"	"TCRBD1-1*1"	"TCRBJ2-7*1"	48	51	58	64	3	6	NA	NA	"CACGCCCTGCAGCCAGAAGACTCAGCCCTGTATCTCTGCGCCAGCAGCTACGACAGGGACTCGACCTACGAGCAGTACTTCGGGCCG"	FALSE	TRUE	NA	NA	NA	NA
"CAGCGCACACAGCAGGAGGACTCCGCCGTGTATCTCTGTGCCAGCAGCTTAGCGACCCGGGGGCACGAACGAGAATATTTTGGAGAG"	"CASSLATRGHEREYF"	"CAGCGCACACAGCAGGAGGACTCCGCCGTGTATCTCTGTGCCAGCAGCTTAGCGACCCGGGGGCACGAACGAGAATATTTTGGAGAG"	"CASSLATRGHEREYF"	"TCRBV7-8*1"	NA	"TCRBJ1-3*1"	53	58	64	74	5	10	NA	NA	"CAGCGCACACAGCAGGAGGACTCCGCCGTGTATCTCTGTGCCAGCAGCTTAGCGACCCGGGGGCACGAACGAGAATATTTTGGAGAG"	FALSE	TRUE	NA	NA	NA	NA
"GAGTCCGCCAGCACCAACCAGACATCTATGTACCTCTGTGCCAGCAGTCGGTGGGGGCAGGCTGGAAACACCATATATTTTGGAGAG"	"CASSRWGQAGNTIYF"	"GAGTCCGCCAGCACCAACCAGACATCTATGTACCTCTGTGCCAGCAGTCGGTGGGGGCAGGCTGGAAACACCATATATTTTGGAGAG"	"CASSRWGQAGNTIYF"	"TCRBV28-1*1"	"TCRBD1-1*1"	"TCRBJ1-3*1"	48	52	58	61	4	3	NA	NA	"GAGTCCGCCAGCACCAACCAGACATCTATGTACCTCTGTGCCAGCAGTCGGTGGGGGCAGGCTGGAAACACCATATATTTTGGAGAG"	FALSE	TRUE	NA	NA	NA	NA
"CTGAGCTCTCTGGAGCTGGGGGACTCAGCTTTGTATTTCTGTGCCAGCAGCGTAGCCGGGAGCGGCTACGAGCAGTACTTCGGGCCG"	"CASSVAGSGYEQYF"	"CTGAGCTCTCTGGAGCTGGGGGACTCAGCTTTGTATTTCTGTGCCAGCAGCGTAGCCGGGAGCGGCTACGAGCAGTACTTCGGGCCG"	"CASSVAGSGYEQYF"	"TCRBV9-1*1"	"TCRBD2-1*2"	"TCRBJ2-7*1"	55	56	62	65	1	3	NA	NA	"CTGAGCTCTCTGGAGCTGGGGGACTCAGCTTTGTATTTCTGTGCCAGCAGCGTAGCCGGGAGCGGCTACGAGCAGTACTTCGGGCCG"	FALSE	TRUE	NA	NA	NA	NA
"TCCGCTCACCAGGCCTGGGGGACGCAGCCATGTACCTGTGTGCCACCAGCAGAGGGGGCTCCCTAAGAGACCCAGTACTTCGGGCCA"	""	"TCCGCTCACCAGGCCTGGGGGACGCAGCCATGTACCTGTGTGCCACCAGCAGAGGGGGCTCCCTAAGAGACCCAGTACTTCGGGCCA"	""	"TCRBV15-1*2"	"TCRBD1-1*1"	"TCRBJ2-5*1"	-1	54	59	64	55	5	NA	NA	"TCCGCTCACCAGGCCTGGGGGACGCAGCCATGTACCTGTGTGCCACCAGCAGAGGGGGCTCCCTAAGAGACCCAGTACTTCGGGCCA"	FALSE	FALSE	NA	NA	NA	NA
"ACTCTGACAGTGACCAGTGCCCATCCTGAAGACAGCAGCTTCTACATCTGCAGTGCTAGAAGGGGCTACGAGCAGTACTTCGGGCCG"	"CSARRGYEQYF"	"ACTCTGACAGTGACCAGTGCCCATCCTGAAGACAGCAGCTTCTACATCTGCAGTGCTAGAAGGGGCTACGAGCAGTACTTCGGGCCG"	"CSARRGYEQYF"	"TCRBV2-1*1"	"TCRBD1-1*1"	"TCRBJ2-7*1"	-1	60	-1	65	61	66	NA	NA	"ACTCTGACAGTGACCAGTGCCCATCCTGAAGACAGCAGCTTCTACATCTGCAGTGCTAGAAGGGGCTACGAGCAGTACTTCGGGCCG"	FALSE	TRUE	NA	NA	NA	NA
"GATCCAGCCTGCAAAGCTTGAGGACTCGGCCGTGTATCTCTGTGCCAGCAGCCAACGGGGGATCGCTATGGCTACACCTTCGGTTCG"	""	"GATCCAGCCTGCAAAGCTTGAGGACTCGGCCGTGTATCTCTGTGCCAGCAGCCAACGGGGGATCGCTATGGCTACACCTTCGGTTCG"	""	"TCRBV11-2*1"	"TCRBD2-1*1"	"TCRBJ1-2*1"	52	55	61	65	3	4	NA	NA	"GATCCAGCCTGCAAAGCTTGAGGACTCGGCCGTGTATCTCTGTGCCAGCAGCCAACGGGGGATCGCTATGGCTACACCTTCGGTTCG"	FALSE	FALSE	NA	NA	NA	NA
"GCCTGCAGAGCAGGGGGACTCGGCCGTGTATGTCTGTGCAAGTCGCGGGGACTAGCGGAGAAGGGTAATGAGCAGTTCTTCGGGCCA"	""	"GCCTGCAGAGCAGGGGGACTCGGCCGTGTATGTCTGTGCAAGTCGCGGGGACTAGCGGAGAAGGGTAATGAGCAGTTCTTCGGGCCA"	""	"TCRBV12-2*1"	"TCRBD2-1"	"TCRBJ2-1*1"	46	47	58	66	1	8	NA	NA	"GCCTGCAGAGCAGGGGGACTCGGCCGTGTATGTCTGTGCAAGTCGCGGGGACTAGCGGAGAAGGGTAATGAGCAGTTCTTCGGGCCA"	FALSE	FALSE	NA	NA	NA	NA
"GTGACCAGTGCCCATCCTGAAGACAGCAGCTTCTACATCTGCAGTGCTCCCGGACAAGGAAACACAGATACGCAGTATTTTGGCCCA"	"CSAPGQGNTDTQYF"	"GTGACCAGTGCCCATCCTGAAGACAGCAGCTTCTACATCTGCAGTGCTCCCGGACAAGGAAACACAGATACGCAGTATTTTGGCCCA"	"CSAPGQGNTDTQYF"	NA	"TCRBD1-1*1"	"TCRBJ2-3*1"	48	51	56	62	3	6	NA	NA	"GTGACCAGTGCCCATCCTGAAGACAGCAGCTTCTACATCTGCAGTGCTCCCGGACAAGGAAACACAGATACGCAGTATTTTGGCCCA"	FALSE	TRUE	NA	NA	NA	NA
"GTGCCCATCCTGAAGACAGCAGCTTCTACATCTGCAGTGCTTGTCCTAAAAGGTGGGGGGGCCTACAATGAGCAGTTCTTCGGGCCA"	""	"GTGCCCATCCTGAAGACAGCAGCTTCTACATCTGCAGTGCTTGTCCTAAAAGGTGGGGGGGCCTACAATGAGCAGTTCTTCGGGCCA"	""	NA	"TCRBD2-1*1"	"TCRBJ2-1*1"	41	54	-1	61	13	62	NA	NA	"GTGCCCATCCTGAAGACAGCAGCTTCTACATCTGCAGTGCTTGTCCTAAAAGGTGGGGGGGCCTACAATGAGCAGTTCTTCGGGCCA"	FALSE	FALSE	NA	NA	NA	NA
"GGAGATCCAGCGCACAGAGCAGGGGGACTCGGCCATGTATCTCTGTGCCAGCACCCACCAGGGTTTTATGGCTACACCTTCGGTTCG"	""	"GGAGATCCAGCGCACAGAGCAGGGGGACTCGGCCATGTATCTCTGTGCCAGCACCCACCAGGGTTTTATGGCTACACCTTCGGTTCG"	""	"TCRBV7-9*5"	"TCRBD1-1*1"	"TCRBJ1-2*1"	55	58	63	66	3	3	NA	NA	"GGAGATCCAGCGCACAGAGCAGGGGGACTCGGCCATGTATCTCTGTGCCAGCACCCACCAGGGTTTTATGGCTACACCTTCGGTTCG"	FALSE	FALSE	NA	NA	NA	NA
"ATTCTGGAGTCCGCCAGCACCAACCAGACATCTATGTACCTCTGTGCCAGCAGTTTACGGACAGTAGACGAGCAGTACTTCGGGCCG"	"CASSLRTVDEQYF"	"ATTCTGGAGTCCGCCAGCACCAACCAGACATCTATGTACCTCTGTGCCAGCAGTTTACGGACAGTAGACGAGCAGTACTTCGGGCCG"	"CASSLRTVDEQYF"	"TCRBV28-1*1"	"TCRBD1-1*1"	"TCRBJ2-7*1"	57	58	64	67	1	3	NA	NA	"ATTCTGGAGTCCGCCAGCACCAACCAGACATCTATGTACCTCTGTGCCAGCAGTTTACGGACAGTAGACGAGCAGTACTTCGGGCCG"	FALSE	TRUE	NA	NA	NA	NA
"ATCCGCTCACCAGGCCTGGGGGACGCAGCCATGTACCTGTGTGCCACCAGCAGACAGGGCTCTAACTATGGCTACACCTTCGGTTCG"	"CATSRQGSNYGYTF"	"ATCCGCTCACCAGGCCTGGGGGACGCAGCCATGTACCTGTGTGCCACCAGCAGACAGGGCTCTAACTATGGCTACACCTTCGGTTCG"	"CATSRQGSNYGYTF"	"TCRBV15-1*2"	"TCRBD1-1*1"	"TCRBJ1-2*1"	-1	54	59	61	55	2	NA	NA	"ATCCGCTCACCAGGCCTGGGGGACGCAGCCATGTACCTGTGTGCCACCAGCAGACAGGGCTCTAACTATGGCTACACCTTCGGTTCG"	FALSE	TRUE	NA	NA	NA	NA
"CAGCCTGCAAAGCTTGAGGACTCGGCCGTGTATCTCTGTGCCAGCAGCTTAGAGCAGGGGGCGGCAGATACGCAGTATTTTGGCCCA"	"CASSLEQGAADTQYF"	"CAGCCTGCAAAGCTTGAGGACTCGGCCGTGTATCTCTGTGCCAGCAGCTTAGAGCAGGGGGCGGCAGATACGCAGTATTTTGGCCCA"	"CASSLEQGAADTQYF"	"TCRBV11-2*1"	"TCRBD1-1*1"	"TCRBJ2-3*1"	53	54	62	64	1	2	NA	NA	"CAGCCTGCAAAGCTTGAGGACTCGGCCGTGTATCTCTGTGCCAGCAGCTTAGAGCAGGGGGCGGCAGATACGCAGTATTTTGGCCCA"	FALSE	TRUE	NA	NA	NA	NA
"NNNNTGTCGGCTGCTCCCTCCCAAACATCTGTGTACTTCTGTGCCAGCAGCCCCCTCATTAAATACAATGAGCAGTTCTTCGGGCCA"	"CASSPLIKYNEQFF"	"NNNNTGTCGGCTGCTCCCTCCCAAACATCTGTGTACTTCTGTGCCAGCAGCCCCCTCATTAAATACAATGAGCAGTTCTTCGGGCCA"	"CASSPLIKYNEQFF"	"TCRBV6-2*2"	NA	"TCRBJ2-1*1"	53	56	58	63	3	5	NA	NA	"NNNNTGTCGGCTGCTCCCTCCCAAACATCTGTGTACTTCTGTGCCAGCAGCCCCCTCATTAAATACAATGAGCAGTTCTTCGGGCCA"	FALSE	TRUE	NA	NA	NA	NA
"CACGCCCTGCAGCCAGAAGACTCAGCCCTGTATCTCTGCGCCAGCAGCCAAGACTTCGGGAGGGCCGATACGCAGTATTTTGGCCCA"	"CASSQDFGRADTQYF"	"CACGCCCTGCAGCCAGAAGACTCAGCCCTGTATCTCTGCGCCAGCAGCCAAGACTTCGGGAGGGCCGATACGCAGTATTTTGGCCCA"	"CASSQDFGRADTQYF"	"TCRBV4-1*1"	"TCRBD2-1*2"	"TCRBJ2-3*1"	53	56	64	66	3	2	NA	NA	"CACGCCCTGCAGCCAGAAGACTCAGCCCTGTATCTCTGCGCCAGCAGCCAAGACTTCGGGAGGGCCGATACGCAGTATTTTGGCCCA"	FALSE	TRUE	NA	NA	NA	NA
"ATCCGCTCACCAGGCCTGGGGGACGCAGCCATGTACCTGTGTGCCACCAGCAGAGGGGGGCTGACCACTGAAGCTTTCTTTGGACAA"	"CATSRGGLTTEAFF"	"ATCCGCTCACCAGGCCTGGGGGACGCAGCCATGTACCTGTGTGCCACCAGCAGAGGGGGGCTGACCACTGAAGCTTTCTTTGGACAA"	"CATSRGGLTTEAFF"	"TCRBV15-1*2"	"TCRBD1-1*1"	"TCRBJ1-1*1"	-1	55	61	65	56	4	NA	NA	"ATCCGCTCACCAGGCCTGGGGGACGCAGCCATGTACCTGTGTGCCACCAGCAGAGGGGGGCTGACCACTGAAGCTTTCTTTGGACAA"	FALSE	TRUE	NA	NA	NA	NA
"ATCCAGCCCTCAGAACCCAGGGACTCAGCTGTGTACTTCTGTGCCAGCAGTGCCTGGCGGTCGTACAATGAGCAGTTCTTCGGGCCA"	"CASSAWRSYNEQFF"	"ATCCAGCCCTCAGAACCCAGGGACTCAGCTGTGTACTTCTGTGCCAGCAGTGCCTGGCGGTCGTACAATGAGCAGTTCTTCGGGCCA"	"CASSAWRSYNEQFF"	NA	"TCRBD2-1"	"TCRBJ2-1*1"	51	56	60	63	5	3	NA	NA	"ATCCAGCCCTCAGAACCCAGGGACTCAGCTGTGTACTTCTGTGCCAGCAGTGCCTGGCGGTCGTACAATGAGCAGTTCTTCGGGCCA"	FALSE	TRUE	NA	NA	NA	NA
"CCCTGGAGCTTGGTGACTCTGCTGTGTATTTCTGTGCCAGCAGCCAAGTTAAGGGTCGTAGCCAAAAACATTCAGTACTTCGGCGCC"	""	"CCCTGGAGCTTGGTGACTCTGCTGTGTATTTCTGTGCCAGCAGCCAAGTTAAGGGTCGTAGCCAAAAACATTCAGTACTTCGGCGCC"	""	"TCRBV3-1/3-2*1"	NA	"TCRBJ2-4*1"	48	51	55	59	3	4	NA	NA	"CCCTGGAGCTTGGTGACTCTGCTGTGTATTTCTGTGCCAGCAGCCAAGTTAAGGGTCGTAGCCAAAAACATTCAGTACTTCGGCGCC"	FALSE	FALSE	NA	NA	NA	NA
"CTGGAGCTTGGTGACTCTGCTGTGTATTTCTGTGCCAGCAGCCAAGATTTGACAGGGAGTAATTTAGGTACGCAGTATTTTGGCCCA"	"CASSQDLTGSNLGTQYF"	"CTGGAGCTTGGTGACTCTGCTGTGTATTTCTGTGCCAGCAGCCAAGATTTGACAGGGAGTAATTTAGGTACGCAGTATTTTGGCCCA"	"CASSQDLTGSNLGTQYF"	"TCRBV3-1/3-2*1"	"TCRBD1-1*1"	"TCRBJ2-3*1"	47	50	57	68	3	11	NA	NA	"CTGGAGCTTGGTGACTCTGCTGTGTATTTCTGTGCCAGCAGCCAAGATTTGACAGGGAGTAATTTAGGTACGCAGTATTTTGGCCCA"	FALSE	TRUE	NA	NA	NA	NA
"CAGCGCACAGAGCAGCGGGACTCGGCCATGTATCGCTGTGCCAGCAGCTTATCTAGCGGGAGTTCCGGGGAGCTGTTTTTTGGAGAA"	"CASSLSSGSSGELFF"	"CAGCGCACAGAGCAGCGGGACTCGGCCATGTATCGCTGTGCCAGCAGCTTATCTAGCGGGAGTTCCGGGGAGCTGTTTTTTGGAGAA"	"CASSLSSGSSGELFF"	"TCRBV7-6*1"	"TCRBD2-1*2"	"TCRBJ2-2*1"	51	52	62	64	1	2	NA	NA	"CAGCGCACAGAGCAGCGGGACTCGGCCATGTATCGCTGTGCCAGCAGCTTATCTAGCGGGAGTTCCGGGGAGCTGTTTTTTGGAGAA"	FALSE	TRUE	NA	NA	NA	NA
"ATCAATTCCCTGGAGCTTGGTGACTCTGCTGTGTATTTCTGTGCCAGCAGCGCCACGACAGGGCTCACTGAAGCTTTCTTTGGACAA"	"CASSATTGLTEAFF"	"ATCAATTCCCTGGAGCTTGGTGACTCTGCTGTGTATTTCTGTGCCAGCAGCGCCACGACAGGGCTCACTGAAGCTTTCTTTGGACAA"	"CASSATTGLTEAFF"	"TCRBV3-1/3-2*1"	"TCRBD1-1*1"	"TCRBJ1-1*1"	51	56	63	65	5	2	NA	NA	"ATCAATTCCCTGGAGCTTGGTGACTCTGCTGTGTATTTCTGTGCCAGCAGCGCCACGACAGGGCTCACTGAAGCTTTCTTTGGACAA"	FALSE	TRUE	NA	NA	NA	NA
"TTGGCGTCTGCTGTACCCTCTCAGACATCTGTGTACTTCTGTGCCAGCAGTCGCACTAGCGGCACAGATACGCAGTATTTTGGCCCA"	"CASSRTSGTDTQYF"	"TTGGCGTCTGCTGTACCCTCTCAGACATCTGTGTACTTCTGTGCCAGCAGTCGCACTAGCGGCACAGATACGCAGTATTTTGGCCCA"	"CASSRTSGTDTQYF"	"TCRBV6-4*1"	"TCRBD2-1"	"TCRBJ2-3*1"	51	54	-1	61	3	62	NA	NA	"TTGGCGTCTGCTGTACCCTCTCAGACATCTGTGTACTTCTGTGCCAGCAGTCGCACTAGCGGCACAGATACGCAGTATTTTGGCCCA"	FALSE	TRUE	NA	NA	NA	NA
"ACAGTGACCAGTGCCCATCCTGAAGACAGCAGCTTCTACATCTGCAGTGCTGCCGGGACAAGGTTAAATGAGCAGTTCTTCGGGCCA"	"CSAAGTRLNEQFF"	"ACAGTGACCAGTGCCCATCCTGAAGACAGCAGCTTCTACATCTGCAGTGCTGCCGGGACAAGGTTAAATGAGCAGTTCTTCGGGCCA"	"CSAAGTRLNEQFF"	NA	"TCRBD1-1*1"	"TCRBJ2-1*1"	51	54	60	66	3	6	NA	NA	"ACAGTGACCAGTGCCCATCCTGAAGACAGCAGCTTCTACATCTGCAGTGCTGCCGGGACAAGGTTAAATGAGCAGTTCTTCGGGCCA"	FALSE	TRUE	NA	NA	NA	NA
"GCAAAGCTTGAGGACTCGGCCGTGTATCTCTGTGCCAGCAGCTTACGGCCAGGGGGCACTCGTTCCTACGAGCAGTACTTCGGGCCG"	"CASSLRPGGTRSYEQYF"	"GCAAAGCTTGAGGACTCGGCCGTGTATCTCTGTGCCAGCAGCTTACGGCCAGGGGGCACTCGTTCCTACGAGCAGTACTTCGGGCCG"	"CASSLRPGGTRSYEQYF"	"TCRBV11-2"	"TCRBD1-1*1"	"TCRBJ2-7*1"	45	49	57	63	4	6	NA	NA	"GCAAAGCTTGAGGACTCGGCCGTGTATCTCTGTGCCAGCAGCTTACGGCCAGGGGGCACTCGTTCCTACGAGCAGTACTTCGGGCCG"	FALSE	TRUE	NA	NA	NA	NA
"CCCAGCCCCAACCAGACCTCTCTGTACTTCTGTGCCAGCAGTTCCGCCAGCGGGAGGCCAAGCGCGTACGAGCAGTACTTCGGGCCG"	"CASSSASGRPSAYEQYF"	"CCCAGCCCCAACCAGACCTCTCTGTACTTCTGTGCCAGCAGTTCCGCCAGCGGGAGGCCAAGCGCGTACGAGCAGTACTTCGGGCCG"	"CASSSASGRPSAYEQYF"	"TCRBV27-1*1"	"TCRBD2-1*2"	"TCRBJ2-7*1"	43	48	57	66	5	9	NA	NA	"CCCAGCCCCAACCAGACCTCTCTGTACTTCTGTGCCAGCAGTTCCGCCAGCGGGAGGCCAAGCGCGTACGAGCAGTACTTCGGGCCG"	FALSE	TRUE	NA	NA	NA	NA
"AAGATCCAGCGCACAGAGCGGGGGGACTCAGCCGTGTATCTCTGTGCCAGCAGCTTCGACAGTACAGATACGCAGTATTTTGGCCCA"	"CASSFDSTDTQYF"	"AAGATCCAGCGCACAGAGCGGGGGGACTCAGCCGTGTATCTCTGTGCCAGCAGCTTCGACAGTACAGATACGCAGTATTTTGGCCCA"	"CASSFDSTDTQYF"	"TCRBV7-3*1"	"TCRBD1-1*1"	"TCRBJ2-3*1"	56	57	62	63	1	1	NA	NA	"AAGATCCAGCGCACAGAGCGGGGGGACTCAGCCGTGTATCTCTGTGCCAGCAGCTTCGACAGTACAGATACGCAGTATTTTGGCCCA"	FALSE	TRUE	NA	NA	NA	NA
"AGAGCGGGGGGACTCAGCCGTGTATCTCTGTGCCACCCCTATGAGACTAGCGGGACAAGGGACACCGGGGAGCTGTTTTTTGGAGAA"	""	"AGAGCGGGGGGACTCAGCCGTGTATCTCTGTGCCACCCCTATGAGACTAGCGGGACAAGGGACACCGGGGAGCTGTTTTTTGGAGAA"	""	"TCRBV7-3*1"	"TCRBD2-1*2"	"TCRBJ2-2*1"	35	44	55	61	9	6	NA	NA	"AGAGCGGGGGGACTCAGCCGTGTATCTCTGTGCCACCCCTATGAGACTAGCGGGACAAGGGACACCGGGGAGCTGTTTTTTGGAGAA"	FALSE	FALSE	NA	NA	NA	NA
"CTGAGCTCTCTGGAGCTGGGGGACTCAGCTTTGTATTTCTGTGCCAGCAGCCCGACAGGGAACACCGGGGAGCTGTTTTTTGGAGAA"	"CASSPTGNTGELFF"	"CTGAGCTCTCTGGAGCTGGGGGACTCAGCTTTGTATTTCTGTGCCAGCAGCCCGACAGGGAACACCGGGGAGCTGTTTTTTGGAGAA"	"CASSPTGNTGELFF"	"TCRBV9-1*1"	"TCRBD1-1*1"	"TCRBJ2-2*1"	51	53	-1	59	2	60	NA	NA	"CTGAGCTCTCTGGAGCTGGGGGACTCAGCTTTGTATTTCTGTGCCAGCAGCCCGACAGGGAACACCGGGGAGCTGTTTTTTGGAGAA"	FALSE	TRUE	NA	NA	NA	NA
"ACAGTGACCAGTGCCCATCCTGAAGACAGCAGCTTCTACATCTGCAGTGCTAGAGATTACTCCGCCTACGAGCAGTACTTCGGGCCG"	"CSARDYSAYEQYF"	"ACAGTGACCAGTGCCCATCCTGAAGACAGCAGCTTCTACATCTGCAGTGCTAGAGATTACTCCGCCTACGAGCAGTACTTCGGGCCG"	"CSARDYSAYEQYF"	NA	"TCRBD2-1"	"TCRBJ2-7*1"	56	58	61	64	2	3	NA	NA	"ACAGTGACCAGTGCCCATCCTGAAGACAGCAGCTTCTACATCTGCAGTGCTAGAGATTACTCCGCCTACGAGCAGTACTTCGGGCCG"	FALSE	TRUE	NA	NA	NA	NA
"CAGCCAGAAGACTCAGCCCTGTATCTCTGCGCCAGCAGCCAAGAACCGGGACTAGCGGGGTTGGGAGAGACCCAGTACTTCGGGCCA"	"CASSQEPGLAGLGETQYF"	"CAGCCAGAAGACTCAGCCCTGTATCTCTGCGCCAGCAGCCAAGAACCGGGACTAGCGGGGTTGGGAGAGACCCAGTACTTCGGGCCA"	"CASSQEPGLAGLGETQYF"	"TCRBV4-1*1"	"TCRBD2-1*1"	"TCRBJ2-5*1"	44	47	60	65	3	5	NA	NA	"CAGCCAGAAGACTCAGCCCTGTATCTCTGCGCCAGCAGCCAAGAACCGGGACTAGCGGGGTTGGGAGAGACCCAGTACTTCGGGCCA"	FALSE	TRUE	NA	NA	NA	NA
"ACCAGTGCCCATCCTGAAGACAGCAGCTTCTACATCTGCAGTGCTGGAGGACTAGCAATCGGCACAGATACGCAGTATTTTGGCCCA"	"CSAGGLAIGTDTQYF"	"ACCAGTGCCCATCCTGAAGACAGCAGCTTCTACATCTGCAGTGCTGGAGGACTAGCAATCGGCACAGATACGCAGTATTTTGGCCCA"	"CSAGGLAIGTDTQYF"	NA	"TCRBD2-1"	"TCRBJ2-3*1"	-1	49	56	61	50	5	NA	NA	"ACCAGTGCCCATCCTGAAGACAGCAGCTTCTACATCTGCAGTGCTGGAGGACTAGCAATCGGCACAGATACGCAGTATTTTGGCCCA"	FALSE	TRUE	NA	NA	NA	NA
"GAGTCGCCCAGCCCCAACCAGACCTCTCTGTACTTCTGTGCCAGCAGTTTATTAACAGGGTCTATCTATGGCTACACCTTCGGTTCG"	"CASSLLTGSIYGYTF"	"GAGTCGCCCAGCCCCAACCAGACCTCTCTGTACTTCTGTGCCAGCAGTTTATTAACAGGGTCTATCTATGGCTACACCTTCGGTTCG"	"CASSLLTGSIYGYTF"	"TCRBV27-1*1"	"TCRBD1-1*1"	"TCRBJ1-2*1"	52	54	60	65	2	5	NA	NA	"GAGTCGCCCAGCCCCAACCAGACCTCTCTGTACTTCTGTGCCAGCAGTTTATTAACAGGGTCTATCTATGGCTACACCTTCGGTTCG"	FALSE	TRUE	NA	NA	NA	NA
"CCACGGAGTCAGGGGACACAGCACTGTATTTCTGTGCCAGCAGCAAATAGACTAGCGGGGTGGACCGGGGAGCTGTTTTTTGGAGAA"	""	"CCACGGAGTCAGGGGACACAGCACTGTATTTCTGTGCCAGCAGCAAATAGACTAGCGGGGTGGACCGGGGAGCTGTTTTTTGGAGAA"	""	"TCRBV21-1*1"	"TCRBD2-1*1"	"TCRBJ2-2*1"	47	49	60	63	2	3	NA	NA	"CCACGGAGTCAGGGGACACAGCACTGTATTTCTGTGCCAGCAGCAAATAGACTAGCGGGGTGGACCGGGGAGCTGTTTTTTGGAGAA"	FALSE	FALSE	NA	NA	NA	NA
"NCTCTGAAGATCCGGTCCACAAAGCTGGAGGACTCAGCCATGTACTTCTGTGCCAGCGGGGGGCCGAACATTCAGTACTTCGGCGCC"	"CASGGPNIQYF"	"NCTCTGAAGATCCGGTCCACAAAGCTGGAGGACTCAGCCATGTACTTCTGTGCCAGCGGGGGGCCGAACATTCAGTACTTCGGCGCC"	"CASGGPNIQYF"	"TCRBV2-1"	NA	"TCRBJ2-4*1"	57	58	64	66	1	2	NA	NA	"NCTCTGAAGATCCGGTCCACAAAGCTGGAGGACTCAGCCATGTACTTCTGTGCCAGCGGGGGGCCGAACATTCAGTACTTCGGCGCC"	FALSE	TRUE	NA	NA	NA	NA
"GCCCATCCTGAAGACAGCAGCTTCTACATCTGCAGTGCTAGAGAGACCCGGGACAGGGTGTCGGCAGATACGCAGTATTTTGGCCCA"	"CSARETRDRVSADTQYF"	"GCCCATCCTGAAGACAGCAGCTTCTACATCTGCAGTGCTAGAGAGACCCGGGACAGGGTGTCGGCAGATACGCAGTATTTTGGCCCA"	"CSARETRDRVSADTQYF"	NA	"TCRBD1-1*1"	"TCRBJ2-3*1"	44	49	58	64	5	6	NA	NA	"GCCCATCCTGAAGACAGCAGCTTCTACATCTGCAGTGCTAGAGAGACCCGGGACAGGGTGTCGGCAGATACGCAGTATTTTGGCCCA"	FALSE	TRUE	NA	NA	NA	NA
"ACGTTGGCGTCTGCTGTACCCTCTCAGACATCTGTGTACTTCTGTGCCAGCAGTGACTCTAACAACAATGAGCAGTTCTTCGGGCCA"	"CASSDSNNNEQFF"	"ACGTTGGCGTCTGCTGTACCCTCTCAGACATCTGTGTACTTCTGTGCCAGCAGTGACTCTAACAACAATGAGCAGTTCTTCGGGCCA"	"CASSDSNNNEQFF"	"TCRBV6-4*1"	"TCRBD1-1*1"	"TCRBJ2-1*1"	59	61	-1	64	2	65	NA	NA	"ACGTTGGCGTCTGCTGTACCCTCTCAGACATCTGTGTACTTCTGTGCCAGCAGTGACTCTAACAACAATGAGCAGTTCTTCGGGCCA"	FALSE	TRUE	NA	NA	NA	NA
"ACAGTGACCAGTGCCCATCCTGAAGACAGCAGCTTCTACATCTGCAGTGCCCTTCGGGAGGGAACCTACGAGCAGTACTTCGGGCCG"	"CSALREGTYEQYF"	"ACAGTGACCAGTGCCCATCCTGAAGACAGCAGCTTCTACATCTGCAGTGCCCTTCGGGAGGGAACCTACGAGCAGTACTTCGGGCCG"	"CSALREGTYEQYF"	NA	"TCRBD2-1*2"	"TCRBJ2-7*1"	50	54	62	64	4	2	NA	NA	"ACAGTGACCAGTGCCCATCCTGAAGACAGCAGCTTCTACATCTGCAGTGCCCTTCGGGAGGGAACCTACGAGCAGTACTTCGGGCCG"	FALSE	TRUE	NA	NA	NA	NA
"ACCTTGGAGCTGGGGGACTCGGCCCTTTATCTTTGCGCCAGCAGCCAAGACCCTGTTGGCACGAAAAACATTCAGTACTTCGGCGCC"	"CASSQDPVGTKNIQYF"	"ACCTTGGAGCTGGGGGACTCGGCCCTTTATCTTTGCGCCAGCAGCCAAGACCCTGTTGGCACGAAAAACATTCAGTACTTCGGCGCC"	"CASSQDPVGTKNIQYF"	"TCRBV5-1*1"	NA	"TCRBJ2-4*1"	45	48	51	63	3	12	NA	NA	"ACCTTGGAGCTGGGGGACTCGGCCCTTTATCTTTGCGCCAGCAGCCAAGACCCTGTTGGCACGAAAAACATTCAGTACTTCGGCGCC"	FALSE	TRUE	NA	NA	NA	NA
"CTCACTCTGGAGTCTGCTGCCTCCTCCCAGACATCTGTATATTTCTGCGCCAGTACCCGTCCCCGATACGAGCAGTACTTCGGGCCG"	"CASTRPRYEQYF"	"CTCACTCTGGAGTCTGCTGCCTCCTCCCAGACATCTGTATATTTCTGCGCCAGTACCCGTCCCCGATACGAGCAGTACTTCGGGCCG"	"CASTRPRYEQYF"	"TCRBV1-1*1"	NA	"TCRBJ2-7*1"	53	64	-1	66	11	67	NA	NA	"CTCACTCTGGAGTCTGCTGCCTCCTCCCAGACATCTGTATATTTCTGCGCCAGTACCCGTCCCCGATACGAGCAGTACTTCGGGCCG"	FALSE	TRUE	NA	NA	NA	NA
"TCACCAGGCCTGGGGGACGCAGCCATGTACCTGTGTGCCACCAGCAGATCTAGCGGGAGGCTCGTAGATACGCAGTATTTTGGCCCA"	"CATSRSSGRLVDTQYF"	"TCACCAGGCCTGGGGGACGCAGCCATGTACCTGTGTGCCACCAGCAGATCTAGCGGGAGGCTCGTAGATACGCAGTATTTTGGCCCA"	"CATSRSSGRLVDTQYF"	"TCRBV15-1*2"	"TCRBD2-1*2"	"TCRBJ2-3*1"	48	49	60	65	1	5	NA	NA	"TCACCAGGCCTGGGGGACGCAGCCATGTACCTGTGTGCCACCAGCAGATCTAGCGGGAGGCTCGTAGATACGCAGTATTTTGGCCCA"	FALSE	TRUE	NA	NA	NA	NA
"TTGTTGCTGGGGGACTCGGCCCTGTATCTCTGTGCCAGCAGCAGAGACTGGGTAGGCCGGGGGTACAATGAGCAGTTCTTCGGGCCA"	"CASSRDWVGRGYNEQFF"	"TTGTTGCTGGGGGACTCGGCCCTGTATCTCTGTGCCAGCAGCAGAGACTGGGTAGGCCGGGGGTACAATGAGCAGTTCTTCGGGCCA"	"CASSRDWVGRGYNEQFF"	"TCRBV5-5*1"	"TCRBD2-1*1"	"TCRBJ2-1*1"	42	57	-1	63	15	64	NA	NA	"TTGTTGCTGGGGGACTCGGCCCTGTATCTCTGTGCCAGCAGCAGAGACTGGGTAGGCCGGGGGTACAATGAGCAGTTCTTCGGGCCA"	FALSE	TRUE	NA	NA	NA	NA
"CTGACCCTGGAGTCTGCCAGGCCCTCACATACCTCTCAGTACCTCTGTGCCAGCAGTGGGGTTAGGGATACGCAGTATTTTGGCCCA"	"CASSGVRDTQYF"	"CTGACCCTGGAGTCTGCCAGGCCCTCACATACCTCTCAGTACCTCTGTGCCAGCAGTGGGGTTAGGGATACGCAGTATTTTGGCCCA"	"CASSGVRDTQYF"	"TCRBV25-1*1"	NA	"TCRBJ2-3*1"	-1	58	61	66	59	5	NA	NA	"CTGACCCTGGAGTCTGCCAGGCCCTCACATACCTCTCAGTACCTCTGTGCCAGCAGTGGGGTTAGGGATACGCAGTATTTTGGCCCA"	FALSE	TRUE	NA	NA	NA	NA
"GACCAGTGCCCATCCTGAAGACAGCAGCTTCTACATCTGCAGTGCCACAGGGGGACAGGGGATATCTCACCCCTCCACTTTGGGAAT"	""	"GACCAGTGCCCATCCTGAAGACAGCAGCTTCTACATCTGCAGTGCCACAGGGGGACAGGGGATATCTCACCCCTCCACTTTGGGAAT"	""	NA	"TCRBD1-1*1"	"TCRBJ1-6*1"	45	51	61	66	6	5	NA	NA	"GACCAGTGCCCATCCTGAAGACAGCAGCTTCTACATCTGCAGTGCCACAGGGGGACAGGGGATATCTCACCCCTCCACTTTGGGAAT"	FALSE	FALSE	NA	NA	NA	NA
"ACACGCCCTGCAGCCAGAAGACTCAGCCCTGTATCTCTGCGCCAGCAGCCAAGATCGGGGTACATCAATGAGCAGTTCTTCGGGCCA"	""	"ACACGCCCTGCAGCCAGAAGACTCAGCCCTGTATCTCTGCGCCAGCAGCCAAGATCGGGGTACATCAATGAGCAGTTCTTCGGGCCA"	""	"TCRBV4-1*1"	"TCRBD2-1*1"	"TCRBJ2-1*1"	54	55	60	65	1	5	NA	NA	"ACACGCCCTGCAGCCAGAAGACTCAGCCCTGTATCTCTGCGCCAGCAGCCAAGATCGGGGTACATCAATGAGCAGTTCTTCGGGCCA"	FALSE	FALSE	NA	NA	NA	NA
"CTGGAGTCCGCCAGCACCAACCAGACATCTATGTACCTCTGTGCCAGCGGGGACGGTAGCTCTGGAAACACCATATATTTTGGAGAG"	"CASGDGSSGNTIYF"	"CTGGAGTCCGCCAGCACCAACCAGACATCTATGTACCTCTGTGCCAGCGGGGACGGTAGCTCTGGAAACACCATATATTTTGGAGAG"	"CASGDGSSGNTIYF"	"TCRBV28-1*1"	NA	"TCRBJ1-3*1"	48	49	54	59	1	5	NA	NA	"CTGGAGTCCGCCAGCACCAACCAGACATCTATGTACCTCTGTGCCAGCGGGGACGGTAGCTCTGGAAACACCATATATTTTGGAGAG"	FALSE	TRUE	NA	NA	NA	NA
"AGTCTGCCATCCCCAACCAGACAGCTCTTTACTTCTGTGCCACCATGCTACTAGCGGGAGGGATACAATGAGCAGTTCTTCGGGCCA"	""	"AGTCTGCCATCCCCAACCAGACAGCTCTTTACTTCTGTGCCACCATGCTACTAGCGGGAGGGATACAATGAGCAGTTCTTCGGGCCA"	""	"TCRBV24-1*1"	"TCRBD2-1*2"	"TCRBJ2-1*1"	45	49	62	63	4	1	NA	NA	"AGTCTGCCATCCCCAACCAGACAGCTCTTTACTTCTGTGCCACCATGCTACTAGCGGGAGGGATACAATGAGCAGTTCTTCGGGCCA"	FALSE	FALSE	NA	NA	NA	NA
"GCAGAACTGGAGGATTCTGGAGTTTATTTCTGTGCCAGCAGCTCGGGACTAGCGGGAGGGGGGTACAATGAGCAGTTCTTCGGGCCA"	"CASSSGLAGGGYNEQFF"	"GCAGAACTGGAGGATTCTGGAGTTTATTTCTGTGCCAGCAGCTCGGGACTAGCGGGAGGGGGGTACAATGAGCAGTTCTTCGGGCCA"	"CASSSGLAGGGYNEQFF"	"TCRBV14-1*1"	"TCRBD2-1*2"	"TCRBJ2-1*1"	42	44	60	63	2	3	NA	NA	"GCAGAACTGGAGGATTCTGGAGTTTATTTCTGTGCCAGCAGCTCGGGACTAGCGGGAGGGGGGTACAATGAGCAGTTCTTCGGGCCA"	FALSE	TRUE	NA	NA	NA	NA
"NNNNNNNTGTCGGCTGCTCCCTCCCAGACATCTGTGTACTTCTGTGCCAGCACCCACCCGGGGGGGAATGAGCAGTTCTTCGGGCCA"	"CASTHPGGNEQFF"	"NNNNNNNTGTCGGCTGCTCCCTCCCAGACATCTGTGTACTTCTGTGCCAGCACCCACCCGGGGGGGAATGAGCAGTTCTTCGGGCCA"	"CASTHPGGNEQFF"	"TCRBV6-5*1"	"TCRBD2-1*1"	"TCRBJ2-1*1"	52	58	-1	66	6	67	NA	NA	"NNNNNNNTGTCGGCTGCTCCCTCCCAGACATCTGTGTACTTCTGTGCCAGCACCCACCCGGGGGGGAATGAGCAGTTCTTCGGGCCA"	FALSE	TRUE	NA	NA	NA	NA
"GCGCACAGAGCAGGAGGACTCGGCCGTGTATCTCTGTGCCAGCAGCACGGAGGGGGGGGCTCTGGAAACACCATATATTTTGGAGAG"	""	"GCGCACAGAGCAGGAGGACTCGGCCGTGTATCTCTGTGCCAGCAGCACGGAGGGGGGGGCTCTGGAAACACCATATATTTTGGAGAG"	""	"TCRBV7-2"	"TCRBD2-1*1"	"TCRBJ1-3*1"	46	51	58	59	5	1	NA	NA	"GCGCACAGAGCAGGAGGACTCGGCCGTGTATCTCTGTGCCAGCAGCACGGAGGGGGGGGCTCTGGAAACACCATATATTTTGGAGAG"	FALSE	FALSE	NA	NA	NA	NA
"ACGATCCAGCGCACAGAGCAGGAGGACTCGGCCGTGTATCTCTGTGCCAGCAGCTTAACAGTCTCCTACGAGCAGTACTTCGGGCCG"	"CASSLTVSYEQYF"	"ACGATCCAGCGCACAGAGCAGGAGGACTCGGCCGTGTATCTCTGTGCCAGCAGCTTAACAGTCTCCTACGAGCAGTACTTCGGGCCG"	"CASSLTVSYEQYF"	"TCRBV7-2"	"TCRBD1-1*1"	"TCRBJ2-7*1"	-1	57	61	62	58	1	NA	NA	"ACGATCCAGCGCACAGAGCAGGAGGACTCGGCCGTGTATCTCTGTGCCAGCAGCTTAACAGTCTCCTACGAGCAGTACTTCGGGCCG"	FALSE	TRUE	NA	NA	NA	NA
"TGTCGGCTGCTCCCTCCCAAACATCTGTGTACTTCTGTGCCAGCAGTCACCGGGACTAGCAACACAGATACGCAGTATTTTGGCCCA"	""	"TGTCGGCTGCTCCCTCCCAAACATCTGTGTACTTCTGTGCCAGCAGTCACCGGGACTAGCAACACAGATACGCAGTATTTTGGCCCA"	""	"TCRBV6-2/6-3*1"	"TCRBD2-1"	"TCRBJ2-3*1"	47	51	60	62	4	2	NA	NA	"TGTCGGCTGCTCCCTCCCAAACATCTGTGTACTTCTGTGCCAGCAGTCACCGGGACTAGCAACACAGATACGCAGTATTTTGGCCCA"	FALSE	FALSE	NA	NA	NA	NA
"GAACCGGGAGACACGGCACTGTATCTCTGCGCCAGCAGTCGCCCCAGAGTGTAAGAGGGGTATCGAAACATTCAGTACTTCGGCGCC"	"CASSRPRV*EGYRNIQYF"	"GAACCGGGAGACACGGCACTGTATCTCTGCGCCAGCAGTCGCCCCAGAGTGTAAGAGGGGTATCGAAACATTCAGTACTTCGGCGCC"	"CASSRPRV*EGYRNIQYF"	"TCRBV23-1*1"	NA	"TCRBJ2-4*1"	40	55	60	65	15	5	NA	NA	"GAACCGGGAGACACGGCACTGTATCTCTGCGCCAGCAGTCGCCCCAGAGTGTAAGAGGGGTATCGAAACATTCAGTACTTCGGCGCC"	FALSE	TRUE	NA	NA	NA	NA
"GTGAGCAACATGAGCCCTGAAGACAGCAGCATATATCTCTGCAGCGTCGTCCCCCCGGGACAGGGAGAGACCCAGTACTTCGGGCCA"	"CSVVPPGQGETQYF"	"GTGAGCAACATGAGCCCTGAAGACAGCAGCATATATCTCTGCAGCGTCGTCCCCCCGGGACAGGGAGAGACCCAGTACTTCGGGCCA"	"CSVVPPGQGETQYF"	"TCRBV29-1"	"TCRBD1-1*1"	"TCRBJ2-5*1"	47	56	-1	65	9	66	NA	NA	"GTGAGCAACATGAGCCCTGAAGACAGCAGCATATATCTCTGCAGCGTCGTCCCCCCGGGACAGGGAGAGACCCAGTACTTCGGGCCA"	FALSE	TRUE	NA	NA	NA	NA
"GTGACCAGTGCCCATCCTGAAGACAGCAGCTTCTACATCTGCAGTGTAGGAGCGGGAGTGTTCGCAGATACGCAGTATTTTGGCCCA"	"CSVGAGVFADTQYF"	"GTGACCAGTGCCCATCCTGAAGACAGCAGCTTCTACATCTGCAGTGTAGGAGCGGGAGTGTTCGCAGATACGCAGTATTTTGGCCCA"	"CSVGAGVFADTQYF"	NA	"TCRBD2-1*2"	"TCRBJ2-3*1"	46	50	58	64	4	6	NA	NA	"GTGACCAGTGCCCATCCTGAAGACAGCAGCTTCTACATCTGCAGTGTAGGAGCGGGAGTGTTCGCAGATACGCAGTATTTTGGCCCA"	FALSE	TRUE	NA	NA	NA	NA
"GAGCACCTTGGAGCTGGGGGACTCGGCCCTTTATCTTTGCGCCAGCAGCTTCCCCCGCGCGTAACCTACGAGCAGTACTTCGGGCCG"	""	"GAGCACCTTGGAGCTGGGGGACTCGGCCCTTTATCTTTGCGCCAGCAGCTTCCCCCGCGCGTAACCTACGAGCAGTACTTCGGGCCG"	""	"TCRBV5-1*1"	"TCRBD2-1"	"TCRBJ2-7*1"	51	56	59	64	5	5	NA	NA	"GAGCACCTTGGAGCTGGGGGACTCGGCCCTTTATCTTTGCGCCAGCAGCTTCCCCCGCGCGTAACCTACGAGCAGTACTTCGGGCCG"	FALSE	FALSE	NA	NA	NA	NA
"GTGACATCGGCCCAAAAGAACCCGACAGCTTTCTATCTCTGTGCCAGCAAACCGGGACAGATTAACTATGGCTACACCTTCGGTTCG"	"CASKPGQINYGYTF"	"GTGACATCGGCCCAAAAGAACCCGACAGCTTTCTATCTCTGTGCCAGCAAACCGGGACAGATTAACTATGGCTACACCTTCGGTTCG"	"CASKPGQINYGYTF"	"TCRBV19-1*1"	"TCRBD1-1*1"	"TCRBJ1-2*1"	47	53	60	62	6	2	NA	NA	"GTGACATCGGCCCAAAAGAACCCGACAGCTTTCTATCTCTGTGCCAGCAAACCGGGACAGATTAACTATGGCTACACCTTCGGTTCG"	FALSE	TRUE	NA	NA	NA	NA
"TAGAGTCTGCCATCCCCAACCAGACAGCTCTTTACTTCTGTGCCACCAGTGACCTAGCGGCGGGCCTACGAGCAGTACTTCGGGCCG"	""	"TAGAGTCTGCCATCCCCAACCAGACAGCTCTTTACTTCTGTGCCACCAGTGACCTAGCGGCGGGCCTACGAGCAGTACTTCGGGCCG"	""	"TCRBV24-1*1"	"TCRBD2-1"	"TCRBJ2-7*1"	52	53	60	64	1	4	NA	NA	"TAGAGTCTGCCATCCCCAACCAGACAGCTCTTTACTTCTGTGCCACCAGTGACCTAGCGGCGGGCCTACGAGCAGTACTTCGGGCCG"	FALSE	FALSE	NA	NA	NA	NA
"TGACGATTCAGCGCACAGAGCAGCGGGACTCGGCCATGTATCGCTGTGCCAGCAGCCCCACGGCCCACTGAAGCTTTCTTTGGACAA"	""	"TGACGATTCAGCGCACAGAGCAGCGGGACTCGGCCATGTATCGCTGTGCCAGCAGCCCCACGGCCCACTGAAGCTTTCTTTGGACAA"	""	NA	NA	"TCRBJ1-1*1"	56	61	64	65	5	1	NA	NA	"TGACGATTCAGCGCACAGAGCAGCGGGACTCGGCCATGTATCGCTGTGCCAGCAGCCCCACGGCCCACTGAAGCTTTCTTTGGACAA"	FALSE	FALSE	NA	NA	NA	NA
"TTGTTGCTGGGGGACTCGGCCCTGTATCTCTGTGCCAGCAGCTTGTCCCAAGCCAGGGGCTCCTACAATGAGCAGTTCTTCGGGCCA"	"CASSLSQARGSYNEQFF"	"TTGTTGCTGGGGGACTCGGCCCTGTATCTCTGTGCCAGCAGCTTGTCCCAAGCCAGGGGCTCCTACAATGAGCAGTTCTTCGGGCCA"	"CASSLSQARGSYNEQFF"	"TCRBV5-5*1"	"TCRBD1-1*1"	"TCRBJ2-1*1"	45	53	-1	59	8	60	NA	NA	"TTGTTGCTGGGGGACTCGGCCCTGTATCTCTGTGCCAGCAGCTTGTCCCAAGCCAGGGGCTCCTACAATGAGCAGTTCTTCGGGCCA"	FALSE	TRUE	NA	NA	NA	NA
"GTGAGCAACATGAGCCCTGAAGACAGCAGCATATATCTCTGCAGCGTTGGAAGGACAGGGTTTAGTGAAAAACTGTTTTTTGGCAGT"	"CSVGRTGFSEKLFF"	"GTGAGCAACATGAGCCCTGAAGACAGCAGCATATATCTCTGCAGCGTTGGAAGGACAGGGTTTAGTGAAAAACTGTTTTTTGGCAGT"	"CSVGRTGFSEKLFF"	"TCRBV29-1"	"TCRBD1-1*1"	"TCRBJ1-4*1"	49	52	60	65	3	5	NA	NA	"GTGAGCAACATGAGCCCTGAAGACAGCAGCATATATCTCTGCAGCGTTGGAAGGACAGGGTTTAGTGAAAAACTGTTTTTTGGCAGT"	FALSE	TRUE	NA	NA	NA	NA
"AACGCCTTGTTGCTGGGGGACTCGGCCCTGTATCTCTGTGCCAGCAGCTGGACCGGGACCGGCTACAATGAGCAGTTCTTCGGGCCA"	"CASSWTGTGYNEQFF"	"AACGCCTTGTTGCTGGGGGACTCGGCCCTGTATCTCTGTGCCAGCAGCTGGACCGGGACCGGCTACAATGAGCAGTTCTTCGGGCCA"	"CASSWTGTGYNEQFF"	"TCRBV5-5*1"	NA	"TCRBJ2-1*1"	49	54	59	62	5	3	NA	NA	"AACGCCTTGTTGCTGGGGGACTCGGCCCTGTATCTCTGTGCCAGCAGCTGGACCGGGACCGGCTACAATGAGCAGTTCTTCGGGCCA"	FALSE	TRUE	NA	NA	NA	NA
"NTGTCGGCTGCTCCCTCCCAGACATCTGTGTACTTCTGTGCCAGCATCGCAAGCGGGACCTCCTACAATGAGCAGTTCTTCGGGCCA"	"CASIASGTSYNEQFF"	"NTGTCGGCTGCTCCCTCCCAGACATCTGTGTACTTCTGTGCCAGCATCGCAAGCGGGACCTCCTACAATGAGCAGTTCTTCGGGCCA"	"CASIASGTSYNEQFF"	"TCRBV6-5*1"	"TCRBD2-1*2"	"TCRBJ2-1*1"	46	51	58	59	5	1	NA	NA	"NTGTCGGCTGCTCCCTCCCAGACATCTGTGTACTTCTGTGCCAGCATCGCAAGCGGGACCTCCTACAATGAGCAGTTCTTCGGGCCA"	FALSE	TRUE	NA	NA	NA	NA
"CCTGAGTTCTAAGAAGCTCCTTCTCAGTGACTCTGGCTTCTATCTCTGTGCCTGTCGCCATTGAACACTGAAGCTTTCTTTGGACAA"	""	"CCTGAGTTCTAAGAAGCTCCTTCTCAGTGACTCTGGCTTCTATCTCTGTGCCTGTCGCCATTGAACACTGAAGCTTTCTTTGGACAA"	""	"TCRBV3-1"	NA	"TCRBJ1-1*1"	54	58	60	61	4	1	NA	NA	"CCTGAGTTCTAAGAAGCTCCTTCTCAGTGACTCTGGCTTCTATCTCTGTGCCTGTCGCCATTGAACACTGAAGCTTTCTTTGGACAA"	FALSE	FALSE	NA	NA	NA	NA
"ATCCAGCCTGCAAAGCTTGAGGACTCGGCCGTGTATCTCTGTGCCAGCAGCTTATTTGAAGTCGGCGGGGAGCTGTTTTTTGGAGAA"	"CASSLFEVGGELFF"	"ATCCAGCCTGCAAAGCTTGAGGACTCGGCCGTGTATCTCTGTGCCAGCAGCTTATTTGAAGTCGGCGGGGAGCTGTTTTTTGGAGAA"	"CASSLFEVGGELFF"	"TCRBV11-2*1"	"TCRBD2-1"	"TCRBJ2-2*1"	54	62	-1	65	8	66	NA	NA	"ATCCAGCCTGCAAAGCTTGAGGACTCGGCCGTGTATCTCTGTGCCAGCAGCTTATTTGAAGTCGGCGGGGAGCTGTTTTTTGGAGAA"	FALSE	TRUE	NA	NA	NA	NA
"GCTGAATGTGAACGCCTTGTTGCTGGGGGACTCGGCCCTCTATCTCTGTGCCAGCAGCGTTGGGAATATGGCTACACCTTCGGTTCG"	""	"GCTGAATGTGAACGCCTTGTTGCTGGGGGACTCGGCCCTCTATCTCTGTGCCAGCAGCGTTGGGAATATGGCTACACCTTCGGTTCG"	""	"TCRBV5-6*1"	NA	"TCRBJ1-2*1"	58	61	65	66	3	1	NA	NA	"GCTGAATGTGAACGCCTTGTTGCTGGGGGACTCGGCCCTCTATCTCTGTGCCAGCAGCGTTGGGAATATGGCTACACCTTCGGTTCG"	FALSE	FALSE	NA	NA	NA	NA
"GAGTCTGCCAGGCCCTCACATACCTCTCAGTACCTCTGTGCCAGCGGGGGGAAGGGACAGGGGTACAATGAGCAGTTCTTCGGGCCA"	"CASGGKGQGYNEQFF"	"GAGTCTGCCAGGCCCTCACATACCTCTCAGTACCTCTGTGCCAGCGGGGGGAAGGGACAGGGGTACAATGAGCAGTTCTTCGGGCCA"	"CASGGKGQGYNEQFF"	"TCRBV25-1*1"	"TCRBD1-1*1"	"TCRBJ2-1*1"	45	53	-1	63	8	64	NA	NA	"GAGTCTGCCAGGCCCTCACATACCTCTCAGTACCTCTGTGCCAGCGGGGGGAAGGGACAGGGGTACAATGAGCAGTTCTTCGGGCCA"	FALSE	TRUE	NA	NA	NA	NA
"NTGTCGGCTGCTCCCTCCCAGACATCTGTGTACTTCTGTGCCAGCAGTTACTTCGGGGACAAGAACTATGGCTACACCTTCGGTTCG"	"CASSYFGDKNYGYTF"	"NTGTCGGCTGCTCCCTCCCAGACATCTGTGTACTTCTGTGCCAGCAGTTACTTCGGGGACAAGAACTATGGCTACACCTTCGGTTCG"	"CASSYFGDKNYGYTF"	"TCRBV6-5*1"	"TCRBD1-1*1"	"TCRBJ1-2*1"	52	55	61	63	3	2	NA	NA	"NTGTCGGCTGCTCCCTCCCAGACATCTGTGTACTTCTGTGCCAGCAGTTACTTCGGGGACAAGAACTATGGCTACACCTTCGGTTCG"	FALSE	TRUE	NA	NA	NA	NA
"GAGATCCAGCGCACAGAGCAGGGGGACTCGGCCATGTATCTCTGTGCCAGCAGCTTAGCGGGGGGGCGTGAGCAGTTCTTCGGGCCA"	"CASSLAGGREQFF"	"GAGATCCAGCGCACAGAGCAGGGGGACTCGGCCATGTATCTCTGTGCCAGCAGCTTAGCGGGGGGGCGTGAGCAGTTCTTCGGGCCA"	"CASSLAGGREQFF"	"TCRBV7-9*1"	"TCRBD2-1*1"	"TCRBJ2-1*1"	-1	59	66	68	60	2	NA	NA	"GAGATCCAGCGCACAGAGCAGGGGGACTCGGCCATGTATCTCTGTGCCAGCAGCTTAGCGGGGGGGCGTGAGCAGTTCTTCGGGCCA"	FALSE	TRUE	NA	NA	NA	NA
"TGGAGTCGCCCAGCCCCAACCAGACCTCTCTGTACTTCTGTGCCAGTGAGACAAGGACAGCCTCACAATGAGCAGTTCTTCGGGCCA"	""	"TGGAGTCGCCCAGCCCCAACCAGACCTCTCTGTACTTCTGTGCCAGTGAGACAAGGACAGCCTCACAATGAGCAGTTCTTCGGGCCA"	""	"TCRBV27-1*1"	"TCRBD1-1*1"	"TCRBJ2-1*1"	46	54	60	64	8	4	NA	NA	"TGGAGTCGCCCAGCCCCAACCAGACCTCTCTGTACTTCTGTGCCAGTGAGACAAGGACAGCCTCACAATGAGCAGTTCTTCGGGCCA"	FALSE	FALSE	NA	NA	NA	NA
"CTGAGCTCTCTGGAGCTGGGGGACTCAGCTTTGTATTTCTGTGCCAGCAGCGTAGGTAGCGGGAGCGGGGAGCTGTTTTTTGGAGAA"	"CASSVGSGSGELFF"	"CTGAGCTCTCTGGAGCTGGGGGACTCAGCTTTGTATTTCTGTGCCAGCAGCGTAGGTAGCGGGAGCGGGGAGCTGTTTTTTGGAGAA"	"CASSVGSGSGELFF"	"TCRBV9-1*1"	"TCRBD2-1*2"	"TCRBJ2-2*1"	55	56	-1	65	1	66	NA	NA	"CTGAGCTCTCTGGAGCTGGGGGACTCAGCTTTGTATTTCTGTGCCAGCAGCGTAGGTAGCGGGAGCGGGGAGCTGTTTTTTGGAGAA"	FALSE	TRUE	NA	NA	NA	NA
"AGCACCTTGGAGCTGGGGGACTCGGCCCTTTATCTTTGCGCCAGCACCCAGGACAGGGGGGCGAACACTGAAGCTTTCTTTGGACAA"	"CASTQDRGANTEAFF"	"AGCACCTTGGAGCTGGGGGACTCGGCCCTTTATCTTTGCGCCAGCACCCAGGACAGGGGGGCGAACACTGAAGCTTTCTTTGGACAA"	"CASTQDRGANTEAFF"	"TCRBV5-1*1"	"TCRBD1-1*1"	"TCRBJ1-1*1"	46	50	60	62	4	2	NA	NA	"AGCACCTTGGAGCTGGGGGACTCGGCCCTTTATCTTTGCGCCAGCACCCAGGACAGGGGGGCGAACACTGAAGCTTTCTTTGGACAA"	FALSE	TRUE	NA	NA	NA	NA
"ACAAAGCTGGAGGACTCAGCCATGTACTTCTGTGCCAGCAGTTCAGGTCCGTTGGAGGGGAGGAACACTGAAGCTTTCTTTGGACAA"	"CASSSGPLEGRNTEAFF"	"ACAAAGCTGGAGGACTCAGCCATGTACTTCTGTGCCAGCAGTTCAGGTCCGTTGGAGGGGAGGAACACTGAAGCTTTCTTTGGACAA"	"CASSSGPLEGRNTEAFF"	"TCRBV2-1"	"TCRBD2-1*2"	"TCRBJ1-1*1"	42	53	59	62	11	3	NA	NA	"ACAAAGCTGGAGGACTCAGCCATGTACTTCTGTGCCAGCAGTTCAGGTCCGTTGGAGGGGAGGAACACTGAAGCTTTCTTTGGACAA"	FALSE	TRUE	NA	NA	NA	NA
"ACGATTCAGCGCACAGAGCAGCGGGACTCGGCCATGTATCGCTGTGCCAGCAAGTTCCGGGTCGGAACTGAAGCTTTCTTTGGACAA"	"CASKFRVGTEAFF"	"ACGATTCAGCGCACAGAGCAGCGGGACTCGGCCATGTATCGCTGTGCCAGCAAGTTCCGGGTCGGAACTGAAGCTTTCTTTGGACAA"	"CASKFRVGTEAFF"	NA	"TCRBD2-1"	"TCRBJ1-1*1"	52	57	61	66	5	5	NA	NA	"ACGATTCAGCGCACAGAGCAGCGGGACTCGGCCATGTATCGCTGTGCCAGCAAGTTCCGGGTCGGAACTGAAGCTTTCTTTGGACAA"	FALSE	TRUE	NA	NA	NA	NA
"GTGAGCACCTTGGAGCTGGGGGACTCGGCCCTTTATCTTTGCGCCAGCAGCCTAGACAGCTCCTACAATGAGCAGTTCTTCGGGCCA"	"CASSLDSSYNEQFF"	"GTGAGCACCTTGGAGCTGGGGGACTCGGCCCTTTATCTTTGCGCCAGCAGCCTAGACAGCTCCTACAATGAGCAGTTCTTCGGGCCA"	"CASSLDSSYNEQFF"	"TCRBV5-1*1"	"TCRBD1-1*1"	"TCRBJ2-1*1"	51	54	-1	59	3	60	NA	NA	"GTGAGCACCTTGGAGCTGGGGGACTCGGCCCTTTATCTTTGCGCCAGCAGCCTAGACAGCTCCTACAATGAGCAGTTCTTCGGGCCA"	FALSE	TRUE	NA	NA	NA	NA
"ACCCTGCAGCCAGAAGACTCGGCCCTGTATCTCTGCGCCAGCAGCCAGGGGGGCGGGGGTGTTACGGAAAAACTGTTTTTTGGCAGT"	"CASSQGGGGVTEKLFF"	"ACCCTGCAGCCAGAAGACTCGGCCCTGTATCTCTGCGCCAGCAGCCAGGGGGGCGGGGGTGTTACGGAAAAACTGTTTTTTGGCAGT"	"CASSQGGGGVTEKLFF"	"TCRBV4-3*1"	"TCRBD2-1*1"	"TCRBJ1-4*1"	47	52	59	66	5	7	NA	NA	"ACCCTGCAGCCAGAAGACTCGGCCCTGTATCTCTGCGCCAGCAGCCAGGGGGGCGGGGGTGTTACGGAAAAACTGTTTTTTGGCAGT"	FALSE	TRUE	NA	NA	NA	NA
"TCGGCTGCTCCCTCCCAGACATCTGTGTACTTCTGTGCCAGCAGTGACCCTAAGACAGGGAGCTCCTACGAGCAGTACTTCGGGCCG"	"CASSDPKTGSSYEQYF"	"TCGGCTGCTCCCTCCCAGACATCTGTGTACTTCTGTGCCAGCAGTGACCCTAAGACAGGGAGCTCCTACGAGCAGTACTTCGGGCCG"	"CASSDPKTGSSYEQYF"	"TCRBV6-1*1"	"TCRBD1-1*1"	"TCRBJ2-7*1"	47	53	60	62	6	2	NA	NA	"TCGGCTGCTCCCTCCCAGACATCTGTGTACTTCTGTGCCAGCAGTGACCCTAAGACAGGGAGCTCCTACGAGCAGTACTTCGGGCCG"	FALSE	TRUE	NA	NA	NA	NA
"TCGGCTGCTCCCTCCCAAACATCTGTGTACTTCTGTGCCAGCAGTTCCTTAACTAGCGGGAGCACAGATACGCAGTATTTTGGCCCA"	"CASSSLTSGSTDTQYF"	"TCGGCTGCTCCCTCCCAAACATCTGTGTACTTCTGTGCCAGCAGTTCCTTAACTAGCGGGAGCACAGATACGCAGTATTTTGGCCCA"	"CASSSLTSGSTDTQYF"	"TCRBV6-2/6-3*1"	"TCRBD2-1"	"TCRBJ2-3*1"	46	51	-1	60	5	61	NA	NA	"TCGGCTGCTCCCTCCCAAACATCTGTGTACTTCTGTGCCAGCAGTTCCTTAACTAGCGGGAGCACAGATACGCAGTATTTTGGCCCA"	FALSE	TRUE	NA	NA	NA	NA
"CGCACACAGCAGGAGGACTCCGCCGTGTATCTCTGTGCCAGCAGCCTGCTAACTACGGCACACGCAGATACGCAGTATTTTGGCCCA"	"CASSLLTTAHADTQYF"	"CGCACACAGCAGGAGGACTCCGCCGTGTATCTCTGTGCCAGCAGCCTGCTAACTACGGCACACGCAGATACGCAGTATTTTGGCCCA"	"CASSLLTTAHADTQYF"	"TCRBV7-8*3"	"TCRBD2-1"	"TCRBJ2-3*1"	46	51	55	64	5	9	NA	NA	"CGCACACAGCAGGAGGACTCCGCCGTGTATCTCTGTGCCAGCAGCCTGCTAACTACGGCACACGCAGATACGCAGTATTTTGGCCCA"	FALSE	TRUE	NA	NA	NA	NA
"AAGAAGCTCCTTCTCAGTGACTCTGGCTTCTATCTCTGTGCCTACAAACAGGGGGCAAGCTCCTACAATGAGCAGTTCTTCGGGCCA"	"CAYKQGASSYNEQFF"	"AAGAAGCTCCTTCTCAGTGACTCTGGCTTCTATCTCTGTGCCTACAAACAGGGGGCAAGCTCCTACAATGAGCAGTTCTTCGGGCCA"	"CAYKQGASSYNEQFF"	"TCRBV3-1"	"TCRBD1-1*1"	"TCRBJ2-1*1"	43	47	56	59	4	3	NA	NA	"AAGAAGCTCCTTCTCAGTGACTCTGGCTTCTATCTCTGTGCCTACAAACAGGGGGCAAGCTCCTACAATGAGCAGTTCTTCGGGCCA"	FALSE	TRUE	NA	NA	NA	NA
"GCAGGAGGACTCGGCCGTGTATCTCTGTGCCAGCAGCTTAGCAGAAGGGGACGCCAAACTCTTCAAGAGACCCAGTACTTCGGGCCA"	""	"GCAGGAGGACTCGGCCGTGTATCTCTGTGCCAGCAGCTTAGCAGAAGGGGACGCCAAACTCTTCAAGAGACCCAGTACTTCGGGCCA"	""	"TCRBV7-2"	NA	"TCRBJ2-5*1"	42	47	52	63	5	11	NA	NA	"GCAGGAGGACTCGGCCGTGTATCTCTGTGCCAGCAGCTTAGCAGAAGGGGACGCCAAACTCTTCAAGAGACCCAGTACTTCGGGCCA"	FALSE	FALSE	NA	NA	NA	NA
"CAAAAGAACCCGACAGCTTTCTATCTCTGTGCCAGTACCAGTACCCCGGCTGACGTGTGGGGGGCCAACGTCCTGACTTTCGGGGCC"	"CASTSTPADVWGANVLTF"	"CAAAAGAACCCGACAGCTTTCTATCTCTGTGCCAGTACCAGTACCCCGGCTGACGTGTGGGGGGCCAACGTCCTGACTTTCGGGGCC"	"CASTSTPADVWGANVLTF"	"TCRBV19-1*1"	NA	"TCRBJ2-6*1"	37	51	54	60	14	6	NA	NA	"CAAAAGAACCCGACAGCTTTCTATCTCTGTGCCAGTACCAGTACCCCGGCTGACGTGTGGGGGGCCAACGTCCTGACTTTCGGGGCC"	FALSE	TRUE	NA	NA	NA	NA
"AGTGCCCATCCTGAAGACAGCAGCTTCTACATCTGCAGTGCTAGCTTGACTAGCGGGGGTAGCACAGATACGCAGTATTTTGGCCCA"	"CSASLTSGGSTDTQYF"	"AGTGCCCATCCTGAAGACAGCAGCTTCTACATCTGCAGTGCTAGCTTGACTAGCGGGGGTAGCACAGATACGCAGTATTTTGGCCCA"	"CSASLTSGGSTDTQYF"	NA	"TCRBD2-1*1"	"TCRBJ2-3*1"	44	47	59	60	3	1	NA	NA	"AGTGCCCATCCTGAAGACAGCAGCTTCTACATCTGCAGTGCTAGCTTGACTAGCGGGGGTAGCACAGATACGCAGTATTTTGGCCCA"	FALSE	TRUE	NA	NA	NA	NA
"CAGCGCACAGAGCAGGAGGACTCGGCCGTGTATCTCTGTGCCAGCCCATTATAGGGAAAGCTAAATTCACCCCTCCACTTTGGGAAT"	"CASPL*GKLNSPLHF"	"CAGCGCACAGAGCAGGAGGACTCGGCCGTGTATCTCTGTGCCAGCCCATTATAGGGAAAGCTAAATTCACCCCTCCACTTTGGGAAT"	"CASPL*GKLNSPLHF"	"TCRBV7-2"	NA	"TCRBJ1-6*1"	45	53	57	63	8	6	NA	NA	"CAGCGCACAGAGCAGGAGGACTCGGCCGTGTATCTCTGTGCCAGCCCATTATAGGGAAAGCTAAATTCACCCCTCCACTTTGGGAAT"	FALSE	TRUE	NA	NA	NA	NA
"CTGGAGCTTGGTGACTCTGCTGTGTATTTCTGTGCCAGCAGCCAAGTCTCAGGCCGGACCGATGCAGGCGAGCAGTACTTCGGGCCG"	"CASSQVSGRTDAGEQYF"	"CTGGAGCTTGGTGACTCTGCTGTGTATTTCTGTGCCAGCAGCCAAGTCTCAGGCCGGACCGATGCAGGCGAGCAGTACTTCGGGCCG"	"CASSQVSGRTDAGEQYF"	"TCRBV3-1/3-2*1"	NA	"TCRBJ2-7*1"	46	55	59	68	9	9	NA	NA	"CTGGAGCTTGGTGACTCTGCTGTGTATTTCTGTGCCAGCAGCCAAGTCTCAGGCCGGACCGATGCAGGCGAGCAGTACTTCGGGCCG"	FALSE	TRUE	NA	NA	NA	NA
"CCCTGTCCCTAGAGTCTGCCATCCCCAACCAGACAGCTCTTTACTTCTGTGCCACCAGTGACTCGAAACACCATATATTTTGGAGAG"	""	"CCCTGTCCCTAGAGTCTGCCATCCCCAACCAGACAGCTCTTTACTTCTGTGCCACCAGTGACTCGAAACACCATATATTTTGGAGAG"	""	"TCRBV24-1*1"	"TCRBD2-1"	"TCRBJ1-3*1"	-1	61	63	64	62	1	NA	NA	"CCCTGTCCCTAGAGTCTGCCATCCCCAACCAGACAGCTCTTTACTTCTGTGCCACCAGTGACTCGAAACACCATATATTTTGGAGAG"	FALSE	FALSE	NA	NA	NA	NA
"CTCACTCTGGAGTCTGCTGCCTCCTCCCAGACATCTGTATATTTCTGCGCCAGCAGTGGATCCGGCGATGAGCAGTTCTTCGGGCCA"	"CASSGSGDEQFF"	"CTCACTCTGGAGTCTGCTGCCTCCTCCCAGACATCTGTATATTTCTGCGCCAGCAGTGGATCCGGCGATGAGCAGTTCTTCGGGCCA"	"CASSGSGDEQFF"	"TCRBV1-1*1"	NA	"TCRBJ2-1*1"	58	63	66	67	5	1	NA	NA	"CTCACTCTGGAGTCTGCTGCCTCCTCCCAGACATCTGTATATTTCTGCGCCAGCAGTGGATCCGGCGATGAGCAGTTCTTCGGGCCA"	FALSE	TRUE	NA	NA	NA	NA
"ATCCAGCGCACAGAGCGGGGGGACTCAGCCGTGTATCTCTGTGCCAGCAGCTTAAGACCCCTCCAAGAGACCCAGTACTTCGGGCCA"	"CASSLRPLQETQYF"	"ATCCAGCGCACAGAGCGGGGGGACTCAGCCGTGTATCTCTGTGCCAGCAGCTTAAGACCCCTCCAAGAGACCCAGTACTTCGGGCCA"	"CASSLRPLQETQYF"	"TCRBV7-3*1"	NA	"TCRBJ2-5*1"	-1	55	58	62	56	4	NA	NA	"ATCCAGCGCACAGAGCGGGGGGACTCAGCCGTGTATCTCTGTGCCAGCAGCTTAAGACCCCTCCAAGAGACCCAGTACTTCGGGCCA"	FALSE	TRUE	NA	NA	NA	NA
"TCCGCCAGCACCAACCAGACATCTATGTACCTCTGTGCCAGCAGGACGGGGACAGGGAATATCAATCAGCCCCAGCATTTTGGTGAT"	"CASRTGTGNINQPQHF"	"TCCGCCAGCACCAACCAGACATCTATGTACCTCTGTGCCAGCAGGACGGGGACAGGGAATATCAATCAGCCCCAGCATTTTGGTGAT"	"CASRTGTGNINQPQHF"	"TCRBV28-1*1"	"TCRBD1-1*1"	"TCRBJ1-5*1"	44	48	57	62	4	5	NA	NA	"TCCGCCAGCACCAACCAGACATCTATGTACCTCTGTGCCAGCAGGACGGGGACAGGGAATATCAATCAGCCCCAGCATTTTGGTGAT"	FALSE	TRUE	NA	NA	NA	NA
"CACGCCCTGCAGCCAGAAGACTCAGCCCTGTATCTCTGCGCCAGCAGCCGGGGACTAGCGGGAAGGGGTGAGCAGTTCTTCGGGCCA"	"CASSRGLAGRGEQFF"	"CACGCCCTGCAGCCAGAAGACTCAGCCCTGTATCTCTGCGCCAGCAGCCGGGGACTAGCGGGAAGGGGTGAGCAGTTCTTCGGGCCA"	"CASSRGLAGRGEQFF"	"TCRBV4-1*1"	"TCRBD2-1*2"	"TCRBJ2-1*1"	49	50	63	68	1	5	NA	NA	"CACGCCCTGCAGCCAGAAGACTCAGCCCTGTATCTCTGCGCCAGCAGCCGGGGACTAGCGGGAAGGGGTGAGCAGTTCTTCGGGCCA"	FALSE	TRUE	NA	NA	NA	NA
"ACAGAGCAGGAGGACTCCGCCGTGTATCTCTGTGCCAGCAGCTTCAAAGCGGGAGGGCCGATTACAGATACGCAGTATTTTGGCCCA"	"CASSFKAGGPITDTQYF"	"ACAGAGCAGGAGGACTCCGCCGTGTATCTCTGTGCCAGCAGCTTCAAAGCGGGAGGGCCGATTACAGATACGCAGTATTTTGGCCCA"	"CASSFKAGGPITDTQYF"	"TCRBV7-8*1"	"TCRBD2-1*2"	"TCRBJ2-3*1"	44	47	57	63	3	6	NA	NA	"ACAGAGCAGGAGGACTCCGCCGTGTATCTCTGTGCCAGCAGCTTCAAAGCGGGAGGGCCGATTACAGATACGCAGTATTTTGGCCCA"	FALSE	TRUE	NA	NA	NA	NA
"CAGCGCACAGAGCAGCGGGACTCGGCCATGTATCGCTGTGCCAGCAGCGCACAGGGAGGTGTATTCGATACGCAGTATTTTGGCCCA"	"CASSAQGGVFDTQYF"	"CAGCGCACAGAGCAGCGGGACTCGGCCATGTATCGCTGTGCCAGCAGCGCACAGGGAGGTGTATTCGATACGCAGTATTTTGGCCCA"	"CASSAQGGVFDTQYF"	"TCRBV7-6*1"	NA	"TCRBJ2-3*1"	48	50	56	66	2	10	NA	NA	"CAGCGCACAGAGCAGCGGGACTCGGCCATGTATCGCTGTGCCAGCAGCGCACAGGGAGGTGTATTCGATACGCAGTATTTTGGCCCA"	FALSE	TRUE	NA	NA	NA	NA
"CGCTCACCAGGCCTGGGGGACGCAGCCATGTACCTGTGTGCCACCAGCCGGAGAGAGGCAACTAATGAAAAACTGTTTTTTGGCAGT"	"CATSRREATNEKLFF"	"CGCTCACCAGGCCTGGGGGACGCAGCCATGTACCTGTGTGCCACCAGCCGGAGAGAGGCAACTAATGAAAAACTGTTTTTTGGCAGT"	"CATSRREATNEKLFF"	"TCRBV15-1*2"	"TCRBD2-1*2"	"TCRBJ1-4*1"	48	49	53	58	1	5	NA	NA	"CGCTCACCAGGCCTGGGGGACGCAGCCATGTACCTGTGTGCCACCAGCCGGAGAGAGGCAACTAATGAAAAACTGTTTTTTGGCAGT"	FALSE	TRUE	NA	NA	NA	NA
"AGCACCTTGGAGCTGGGGGACTCGGCCCTTTATCTTTGCGCCAGCAGCTTGGGTTCAGGGTGGAAAACTGAAGCTTTCTTTGGACAA"	"CASSLGSGWKTEAFF"	"AGCACCTTGGAGCTGGGGGACTCGGCCCTTTATCTTTGCGCCAGCAGCTTGGGTTCAGGGTGGAAAACTGAAGCTTTCTTTGGACAA"	"CASSLGSGWKTEAFF"	"TCRBV5-1*1"	"TCRBD1-1*1"	"TCRBJ1-1*1"	52	55	60	66	3	6	NA	NA	"AGCACCTTGGAGCTGGGGGACTCGGCCCTTTATCTTTGCGCCAGCAGCTTGGGTTCAGGGTGGAAAACTGAAGCTTTCTTTGGACAA"	FALSE	TRUE	NA	NA	NA	NA
"CGGTCCACAAAGCTGGAGGACTCAGCCATGTACTTCTGTGCCAGCAGTGAATTACAGTCACCCCTGAGTGGCTACACCTTCGGTTCG"	"CASSELQSPLSGYTF"	"CGGTCCACAAAGCTGGAGGACTCAGCCATGTACTTCTGTGCCAGCAGTGAATTACAGTCACCCCTGAGTGGCTACACCTTCGGTTCG"	"CASSELQSPLSGYTF"	"TCRBV2-1"	"TCRBD1-1*1"	"TCRBJ1-2*1"	51	53	57	68	2	11	NA	NA	"CGGTCCACAAAGCTGGAGGACTCAGCCATGTACTTCTGTGCCAGCAGTGAATTACAGTCACCCCTGAGTGGCTACACCTTCGGTTCG"	FALSE	TRUE	NA	NA	NA	NA
"ACAGAGCGGGGGGACTCAGCCGTGTATCTCTGTGCCAGCAGCTGGCCAATGGGGACCGTCCGAAATGAAAAACTGTTTTTTGGCAGT"	"CASSWPMGTVRNEKLFF"	"ACAGAGCGGGGGGACTCAGCCGTGTATCTCTGTGCCAGCAGCTGGCCAATGGGGACCGTCCGAAATGAAAAACTGTTTTTTGGCAGT"	"CASSWPMGTVRNEKLFF"	"TCRBV7-3*1"	NA	"TCRBJ1-4*1"	43	51	56	63	8	7	NA	NA	"ACAGAGCGGGGGGACTCAGCCGTGTATCTCTGTGCCAGCAGCTGGCCAATGGGGACCGTCCGAAATGAAAAACTGTTTTTTGGCAGT"	FALSE	TRUE	NA	NA	NA	NA
"ACCAGTGCCCATCCTGAAGACAGCAGCTTCTACATCTGCAGTGCTAGTAAGGGGTCGGGACAGCACCCGGAGCAGTACTTCGGGCCG"	"CSASKGSGQHPEQYF"	"ACCAGTGCCCATCCTGAAGACAGCAGCTTCTACATCTGCAGTGCTAGTAAGGGGTCGGGACAGCACCCGGAGCAGTACTTCGGGCCG"	"CSASKGSGQHPEQYF"	"TCRBV2-1*4"	"TCRBD1-1*1"	"TCRBJ2-7*1"	48	56	63	69	8	6	NA	NA	"ACCAGTGCCCATCCTGAAGACAGCAGCTTCTACATCTGCAGTGCTAGTAAGGGGTCGGGACAGCACCCGGAGCAGTACTTCGGGCCG"	FALSE	TRUE	NA	NA	NA	NA
"GAGTCGCCCAGCCCCAACCAGACCTCTCTGTACTTCTGTGCCAGCATTCCGGCGGGAGTCTTCCCAGATACGCAGTATTTTGGCCCA"	"CASIPAGVFPDTQYF"	"GAGTCGCCCAGCCCCAACCAGACCTCTCTGTACTTCTGTGCCAGCATTCCGGCGGGAGTCTTCCCAGATACGCAGTATTTTGGCCCA"	"CASIPAGVFPDTQYF"	"TCRBV27-1*1"	"TCRBD2-1*2"	"TCRBJ2-3*1"	46	51	58	64	5	6	NA	NA	"GAGTCGCCCAGCCCCAACCAGACCTCTCTGTACTTCTGTGCCAGCATTCCGGCGGGAGTCTTCCCAGATACGCAGTATTTTGGCCCA"	FALSE	TRUE	NA	NA	NA	NA
"AATTCCCTGGAGCTTGGTGACTCTGCTGTGTATTTCTGTGCCAGCAGCCAAGGCCCAACCTCCGGGAATGGCTACACCTTCGGTTCG"	"CASSQGPTSGNGYTF"	"AATTCCCTGGAGCTTGGTGACTCTGCTGTGTATTTCTGTGCCAGCAGCCAAGGCCCAACCTCCGGGAATGGCTACACCTTCGGTTCG"	"CASSQGPTSGNGYTF"	"TCRBV3-1/3-2*1"	"TCRBD2-1*2"	"TCRBJ1-2*1"	52	62	-1	67	10	68	NA	NA	"AATTCCCTGGAGCTTGGTGACTCTGCTGTGTATTTCTGTGCCAGCAGCCAAGGCCCAACCTCCGGGAATGGCTACACCTTCGGTTCG"	FALSE	TRUE	NA	NA	NA	NA
"ATCCAGCAGGTAGTGCGAGGAGATTCGGCAGCTTATTTCTGTGCCAGCTCACCAGCGGACCTCCAAGAGACCCAGTACTTCGGGCCA"	"CASSPADLQETQYF"	"ATCCAGCAGGTAGTGCGAGGAGATTCGGCAGCTTATTTCTGTGCCAGCTCACCAGCGGACCTCCAAGAGACCCAGTACTTCGGGCCA"	"CASSPADLQETQYF"	"TCRBV18-1*1"	NA	"TCRBJ2-5*1"	54	56	60	62	2	2	NA	NA	"ATCCAGCAGGTAGTGCGAGGAGATTCGGCAGCTTATTTCTGTGCCAGCTCACCAGCGGACCTCCAAGAGACCCAGTACTTCGGGCCA"	FALSE	TRUE	NA	NA	NA	NA
"AACCTGAGCTCTCTGGAGCTGGGGGACTCAGCTTTGTATTTCTGTGCCAGCAGCACCCTTAGCCGCGATGAGCAGTTCTTCGGGCCA"	"CASSTLSRDEQFF"	"AACCTGAGCTCTCTGGAGCTGGGGGACTCAGCTTTGTATTTCTGTGCCAGCAGCACCCTTAGCCGCGATGAGCAGTTCTTCGGGCCA"	"CASSTLSRDEQFF"	"TCRBV9-1*1"	"TCRBD2-1"	"TCRBJ2-1*1"	54	59	63	67	5	4	NA	NA	"AACCTGAGCTCTCTGGAGCTGGGGGACTCAGCTTTGTATTTCTGTGCCAGCAGCACCCTTAGCCGCGATGAGCAGTTCTTCGGGCCA"	FALSE	TRUE	NA	NA	NA	NA
"CTACACGCCCTGCAGCCAGAAGACTCAGCCCTGTATCTCTGCGCCAGCAGCCAAGATGCAGGGAATCAGCCCCAGCATTTTGGTGAT"	"CASSQDAGNQPQHF"	"CTACACGCCCTGCAGCCAGAAGACTCAGCCCTGTATCTCTGCGCCAGCAGCCAAGATGCAGGGAATCAGCCCCAGCATTTTGGTGAT"	"CASSQDAGNQPQHF"	"TCRBV4-1*1"	"TCRBD1-1*1"	"TCRBJ1-5*1"	56	58	-1	63	2	64	NA	NA	"CTACACGCCCTGCAGCCAGAAGACTCAGCCCTGTATCTCTGCGCCAGCAGCCAAGATGCAGGGAATCAGCCCCAGCATTTTGGTGAT"	FALSE	TRUE	NA	NA	NA	NA
"CGCACAGAGCGGGGGGACTCAGCCGTGTATCTCTGTGCCAGCAGCTGGACAGGGAGTTGACACCCCAATGAGCAGTTCTTCGGGCCA"	"CASSWTGS*HPNEQFF"	"CGCACAGAGCGGGGGGACTCAGCCGTGTATCTCTGTGCCAGCAGCTGGACAGGGAGTTGACACCCCAATGAGCAGTTCTTCGGGCCA"	"CASSWTGS*HPNEQFF"	"TCRBV7-3*1"	"TCRBD1-1*1"	"TCRBJ2-1*1"	-1	46	54	65	47	11	NA	NA	"CGCACAGAGCGGGGGGACTCAGCCGTGTATCTCTGTGCCAGCAGCTGGACAGGGAGTTGACACCCCAATGAGCAGTTCTTCGGGCCA"	FALSE	TRUE	NA	NA	NA	NA
"CTGGGGGACGCAGCCATGTACCTGTGTGCCACCAGCAGAGGCGGCCTAGCGGGAGAGGGGGTATTCAATGAGCAGTTCTTCGGGCCA"	"CATSRGGLAGEGVFNEQFF"	"CTGGGGGACGCAGCCATGTACCTGTGTGCCACCAGCAGAGGCGGCCTAGCGGGAGAGGGGGTATTCAATGAGCAGTTCTTCGGGCCA"	"CATSRGGLAGEGVFNEQFF"	"TCRBV15-1*2"	"TCRBD2-1*2"	"TCRBJ2-1*1"	40	45	55	65	5	10	NA	NA	"CTGGGGGACGCAGCCATGTACCTGTGTGCCACCAGCAGAGGCGGCCTAGCGGGAGAGGGGGTATTCAATGAGCAGTTCTTCGGGCCA"	FALSE	TRUE	NA	NA	NA	NA
"ATGAGCCCTGAAGACAGCAGCATATATCTCTGCAGCGCCGTCGAAGGACGGGGAGATTCGAGAGCCACTGAAGCTTTCTTTGGACAA"	"CSAVEGRGDSRATEAFF"	"ATGAGCCCTGAAGACAGCAGCATATATCTCTGCAGCGCCGTCGAAGGACGGGGAGATTCGAGAGCCACTGAAGCTTTCTTTGGACAA"	"CSAVEGRGDSRATEAFF"	"TCRBV29-1*3"	"TCRBD2-1"	"TCRBJ1-1*1"	38	48	53	65	10	12	NA	NA	"ATGAGCCCTGAAGACAGCAGCATATATCTCTGCAGCGCCGTCGAAGGACGGGGAGATTCGAGAGCCACTGAAGCTTTCTTTGGACAA"	FALSE	TRUE	NA	NA	NA	NA
"ACCCTGCAGCCAGAAGACTCGGCCCTGTATCTCTGTGCCAGCAGCCAGGATTCCACTAGCGGTGGGGAGACCCAGTACTTCGGGCCA"	"CASSQDSTSGGETQYF"	"ACCCTGCAGCCAGAAGACTCGGCCCTGTATCTCTGTGCCAGCAGCCAGGATTCCACTAGCGGTGGGGAGACCCAGTACTTCGGGCCA"	"CASSQDSTSGGETQYF"	"TCRBV4-2*1"	"TCRBD2-1"	"TCRBJ2-5*1"	47	54	62	66	7	4	NA	NA	"ACCCTGCAGCCAGAAGACTCGGCCCTGTATCTCTGTGCCAGCAGCCAGGATTCCACTAGCGGTGGGGAGACCCAGTACTTCGGGCCA"	FALSE	TRUE	NA	NA	NA	NA
"NNNNNNNNNNNNNTGTCGGCTGCTCCCTCCCAAACATCTGTGTACTTCTGTGCCAGCAGTTACAGAACTGAAGCTTTCTTTGGACAA"	"CASSYRTEAFF"	"NNNNNNNNNNNNNTGTCGGCTGCTCCCTCCCAAACATCTGTGTACTTCTGTGCCAGCAGTTACAGAACTGAAGCTTTCTTTGGACAA"	"CASSYRTEAFF"	"TCRBV6-2/6-3*1"	NA	"TCRBJ1-1*1"	63	64	-1	66	1	67	NA	NA	"NNNNNNNNNNNNNTGTCGGCTGCTCCCTCCCAAACATCTGTGTACTTCTGTGCCAGCAGTTACAGAACTGAAGCTTTCTTTGGACAA"	FALSE	TRUE	NA	NA	NA	NA
"AACGCCTTGGAGCTGGACGACTCGGCCCTGTATCTCTGTGCCAGCAGCTTTGTTAAGGGGGTATGGTCCGAGCAGTACTTCGGGCCG"	"CASSFVKGVWSEQYF"	"AACGCCTTGGAGCTGGACGACTCGGCCCTGTATCTCTGTGCCAGCAGCTTTGTTAAGGGGGTATGGTCCGAGCAGTACTTCGGGCCG"	"CASSFVKGVWSEQYF"	"TCRBV5-4*1"	"TCRBD1-1*1"	"TCRBJ2-7*1"	50	55	61	68	5	7	NA	NA	"AACGCCTTGGAGCTGGACGACTCGGCCCTGTATCTCTGTGCCAGCAGCTTTGTTAAGGGGGTATGGTCCGAGCAGTACTTCGGGCCG"	FALSE	TRUE	NA	NA	NA	NA
"GGAGTCGCCCAGCCCCAACCAGACCTCTCTGTACTTCTGTGCCAGCAGTTTATCTCCACCTATAATTCACCCCTCCACTTTGGGAAT"	""	"GGAGTCGCCCAGCCCCAACCAGACCTCTCTGTACTTCTGTGCCAGCAGTTTATCTCCACCTATAATTCACCCCTCCACTTTGGGAAT"	""	"TCRBV27-1*1"	"TCRBD1-1*1"	"TCRBJ1-6*1"	54	56	-1	58	2	59	NA	NA	"GGAGTCGCCCAGCCCCAACCAGACCTCTCTGTACTTCTGTGCCAGCAGTTTATCTCCACCTATAATTCACCCCTCCACTTTGGGAAT"	FALSE	FALSE	NA	NA	NA	NA
"AACGCCTTGGAGCTGGACGACTCGGCCCTGTATCTCTGTGCCAGCAGCTTAGGACTAGCGTACCCGGATACGCAGTATTTTGGCCCA"	"CASSLGLAYPDTQYF"	"AACGCCTTGGAGCTGGACGACTCGGCCCTGTATCTCTGTGCCAGCAGCTTAGGACTAGCGTACCCGGATACGCAGTATTTTGGCCCA"	"CASSLGLAYPDTQYF"	"TCRBV5-4*1"	"TCRBD2-1"	"TCRBJ2-3*1"	50	51	60	66	1	6	NA	NA	"AACGCCTTGGAGCTGGACGACTCGGCCCTGTATCTCTGTGCCAGCAGCTTAGGACTAGCGTACCCGGATACGCAGTATTTTGGCCCA"	FALSE	TRUE	NA	NA	NA	NA
"TCTCCCTGTCCCTAGAGTCTGCCATCCCCAACCAGACAGCTCTTTACTTCTGTGCCACCGCTGAACTATGGCTACACCTTCGGTTCG"	""	"TCTCCCTGTCCCTAGAGTCTGCCATCCCCAACCAGACAGCTCTTTACTTCTGTGCCACCGCTGAACTATGGCTACACCTTCGGTTCG"	""	"TCRBV24-1*1"	NA	"TCRBJ1-2*1"	-1	59	61	63	60	2	NA	NA	"TCTCCCTGTCCCTAGAGTCTGCCATCCCCAACCAGACAGCTCTTTACTTCTGTGCCACCGCTGAACTATGGCTACACCTTCGGTTCG"	FALSE	FALSE	NA	NA	NA	NA
"CGGTCCACAAAGCTGGAGGACTCAGCCATGTACTTCTGTGCAACGGGGACTAGCGGGACTACCTACAATGAGCAGTTCTTCGGGCCA"	"CATGTSGTTYNEQFF"	"CGGTCCACAAAGCTGGAGGACTCAGCCATGTACTTCTGTGCAACGGGGACTAGCGGGACTACCTACAATGAGCAGTTCTTCGGGCCA"	"CATGTSGTTYNEQFF"	"TCRBV2-1"	"TCRBD2-1*2"	"TCRBJ2-1*1"	41	45	58	61	4	3	NA	NA	"CGGTCCACAAAGCTGGAGGACTCAGCCATGTACTTCTGTGCAACGGGGACTAGCGGGACTACCTACAATGAGCAGTTCTTCGGGCCA"	FALSE	TRUE	NA	NA	NA	NA
"AGTTCTAAGAAGCTCCTTCTCAGTGACTCTGGCTTCTATCTCTGTGCCTGGGACAGGGGGCTGAACACTGAAGCTTTCTTTGGACAA"	"CAWDRGLNTEAFF"	"AGTTCTAAGAAGCTCCTTCTCAGTGACTCTGGCTTCTATCTCTGTGCCTGGGACAGGGGGCTGAACACTGAAGCTTTCTTTGGACAA"	"CAWDRGLNTEAFF"	"TCRBV3-1*5"	"TCRBD1-1*1"	"TCRBJ1-1*1"	-1	52	-1	61	53	62	NA	NA	"AGTTCTAAGAAGCTCCTTCTCAGTGACTCTGGCTTCTATCTCTGTGCCTGGGACAGGGGGCTGAACACTGAAGCTTTCTTTGGACAA"	FALSE	TRUE	NA	NA	NA	NA
"AGGATCCAGCAGGTAGTGCGAGGAGATTCGGCAGCTTATTTCTGTGCCAGCTCTCGGGACTTTCTGGCTGAGCAGTACTTCGGGCCG"	"CASSRDFLAEQYF"	"AGGATCCAGCAGGTAGTGCGAGGAGATTCGGCAGCTTATTTCTGTGCCAGCTCTCGGGACTTTCTGGCTGAGCAGTACTTCGGGCCG"	"CASSRDFLAEQYF"	"TCRBV18-1*1"	"TCRBD2-1"	"TCRBJ2-7*1"	53	55	61	69	2	8	NA	NA	"AGGATCCAGCAGGTAGTGCGAGGAGATTCGGCAGCTTATTTCTGTGCCAGCTCTCGGGACTTTCTGGCTGAGCAGTACTTCGGGCCG"	FALSE	TRUE	NA	NA	NA	NA
"ATCCAGCCTGCAAAGCTTGAGGACTCGGCCGTGTATCTCTGTGCCAGCATCCCGACAGGGATAGGAAACACCATATATTTTGGAGAG"	"CASIPTGIGNTIYF"	"ATCCAGCCTGCAAAGCTTGAGGACTCGGCCGTGTATCTCTGTGCCAGCATCCCGACAGGGATAGGAAACACCATATATTTTGGAGAG"	"CASIPTGIGNTIYF"	"TCRBV11-2*1"	"TCRBD1-1*1"	"TCRBJ1-3*1"	49	53	60	63	4	3	NA	NA	"ATCCAGCCTGCAAAGCTTGAGGACTCGGCCGTGTATCTCTGTGCCAGCATCCCGACAGGGATAGGAAACACCATATATTTTGGAGAG"	FALSE	TRUE	NA	NA	NA	NA
"CAGCCTGCAAAGCTTGAGGACTCGGCCGTGTATCTCTGTGCCAGCAGCTTATTGAGCGGGAGGGCCGGGGAGCTGTTTTTTGGAGAA"	"CASSLLSGRAGELFF"	"CAGCCTGCAAAGCTTGAGGACTCGGCCGTGTATCTCTGTGCCAGCAGCTTATTGAGCGGGAGGGCCGGGGAGCTGTTTTTTGGAGAA"	"CASSLLSGRAGELFF"	"TCRBV11-2*1"	"TCRBD2-1*2"	"TCRBJ2-2*1"	51	54	-1	64	3	65	NA	NA	"CAGCCTGCAAAGCTTGAGGACTCGGCCGTGTATCTCTGTGCCAGCAGCTTATTGAGCGGGAGGGCCGGGGAGCTGTTTTTTGGAGAA"	FALSE	TRUE	NA	NA	NA	NA
"AGCACCTTGGAGCTGGGGGACTCGGCCCTTTATCTTTGCGCCAGCAGCTTGGGACAGGGAAGCAGTCAGCCCCAGCATTTTGGTGAT"	"CASSLGQGSSQPQHF"	"AGCACCTTGGAGCTGGGGGACTCGGCCCTTTATCTTTGCGCCAGCAGCTTGGGACAGGGAAGCAGTCAGCCCCAGCATTTTGGTGAT"	"CASSLGQGSSQPQHF"	"TCRBV5-1*1"	"TCRBD1-1*1"	"TCRBJ1-5*1"	-1	52	59	65	53	6	NA	NA	"AGCACCTTGGAGCTGGGGGACTCGGCCCTTTATCTTTGCGCCAGCAGCTTGGGACAGGGAAGCAGTCAGCCCCAGCATTTTGGTGAT"	FALSE	TRUE	NA	NA	NA	NA
"TCGGCTGCTCCCTCCCAAACATCTGTGTACTTCTGTGCCAGCAGGGGCTATTTGCGACAGAGCAATCAGCCCCAGCATTTTGGTGAT"	"CASRGYLRQSNQPQHF"	"TCGGCTGCTCCCTCCCAAACATCTGTGTACTTCTGTGCCAGCAGGGGCTATTTGCGACAGAGCAATCAGCCCCAGCATTTTGGTGAT"	"CASRGYLRQSNQPQHF"	NA	"TCRBD1-1*1"	"TCRBJ1-5*1"	44	55	-1	60	11	61	NA	NA	"TCGGCTGCTCCCTCCCAAACATCTGTGTACTTCTGTGCCAGCAGGGGCTATTTGCGACAGAGCAATCAGCCCCAGCATTTTGGTGAT"	FALSE	TRUE	NA	NA	NA	NA
"TCTCTGGAGCTGGGGGACTCAGCTTTGTATTTCTGTGCCAGCAGCGTAGCTCTCGTTGGGAGTTGGGAGACCCAGTACTTCGGGCCA"	"CASSVALVGSWETQYF"	"TCTCTGGAGCTGGGGGACTCAGCTTTGTATTTCTGTGCCAGCAGCGTAGCTCTCGTTGGGAGTTGGGAGACCCAGTACTTCGGGCCA"	"CASSVALVGSWETQYF"	"TCRBV9-1*1"	"TCRBD2-1*2"	"TCRBJ2-5*1"	49	57	62	66	8	4	NA	NA	"TCTCTGGAGCTGGGGGACTCAGCTTTGTATTTCTGTGCCAGCAGCGTAGCTCTCGTTGGGAGTTGGGAGACCCAGTACTTCGGGCCA"	FALSE	TRUE	NA	NA	NA	NA
"CTGATTCTGGAGTCCGCCAGCACCAACCAGACATCTATGTACCTCTGTGCCAGCAGTTTTGGCACCGGGGAGCTGTTTTTTGGAGAA"	"CASSFGTGELFF"	"CTGATTCTGGAGTCCGCCAGCACCAACCAGACATCTATGTACCTCTGTGCCAGCAGTTTTGGCACCGGGGAGCTGTTTTTTGGAGAA"	"CASSFGTGELFF"	"TCRBV28-1*1"	NA	"TCRBJ2-2*1"	59	60	-1	62	1	63	NA	NA	"CTGATTCTGGAGTCCGCCAGCACCAACCAGACATCTATGTACCTCTGTGCCAGCAGTTTTGGCACCGGGGAGCTGTTTTTTGGAGAA"	FALSE	TRUE	NA	NA	NA	NA
"ACCAGTGCCCATCCTGAAGACAGCAGCTTCTACATCTGCAGTGCTAAACCCGGAGGGCCACTGACAGATACGCAGTATTTTGGCCCA"	"CSAKPGGPLTDTQYF"	"ACCAGTGCCCATCCTGAAGACAGCAGCTTCTACATCTGCAGTGCTAAACCCGGAGGGCCACTGACAGATACGCAGTATTTTGGCCCA"	"CSAKPGGPLTDTQYF"	NA	"TCRBD2-1*2"	"TCRBJ2-3*1"	46	51	57	63	5	6	NA	NA	"ACCAGTGCCCATCCTGAAGACAGCAGCTTCTACATCTGCAGTGCTAAACCCGGAGGGCCACTGACAGATACGCAGTATTTTGGCCCA"	FALSE	TRUE	NA	NA	NA	NA
"CAGCGCACAGAGCAGGGGGACTCGGCCATGTATCTCTGTGCCAGCAGCATGGACAGGGAGATAAACTATGGCTACACCTTCGGTTCG"	"CASSMDREINYGYTF"	"CAGCGCACAGAGCAGGGGGACTCGGCCATGTATCTCTGTGCCAGCAGCATGGACAGGGAGATAAACTATGGCTACACCTTCGGTTCG"	"CASSMDREINYGYTF"	"TCRBV7-9*1"	"TCRBD1-1*1"	"TCRBJ1-2*1"	48	50	58	63	2	5	NA	NA	"CAGCGCACAGAGCAGGGGGACTCGGCCATGTATCTCTGTGCCAGCAGCATGGACAGGGAGATAAACTATGGCTACACCTTCGGTTCG"	FALSE	TRUE	NA	NA	NA	NA
"ATCCAGCGCACAGAGCGGGGGGACTCAGCCGTGTATCTCTGTGCCAGCAGCTTAGGTTGGGGGGTCAATGAGCAGTTCTTCGGGCCA"	"CASSLGWGVNEQFF"	"ATCCAGCGCACAGAGCGGGGGGACTCAGCCGTGTATCTCTGTGCCAGCAGCTTAGGTTGGGGGGTCAATGAGCAGTTCTTCGGGCCA"	"CASSLGWGVNEQFF"	"TCRBV7-3*1"	"TCRBD2-1*1"	"TCRBJ2-1*1"	54	58	64	65	4	1	NA	NA	"ATCCAGCGCACAGAGCGGGGGGACTCAGCCGTGTATCTCTGTGCCAGCAGCTTAGGTTGGGGGGTCAATGAGCAGTTCTTCGGGCCA"	FALSE	TRUE	NA	NA	NA	NA
"CCTGGAGTCGCCCAGCCCCAACCAGACCTCTCTGTACTTCTGTGCCAGGAACGCCCGGTTGCGAGGGAGACCCAGTACTTCGGGCCA"	""	"CCTGGAGTCGCCCAGCCCCAACCAGACCTCTCTGTACTTCTGTGCCAGGAACGCCCGGTTGCGAGGGAGACCCAGTACTTCGGGCCA"	""	"TCRBV27-1*1"	"TCRBD2-1*2"	"TCRBJ2-5*1"	48	62	-1	66	14	67	NA	NA	"CCTGGAGTCGCCCAGCCCCAACCAGACCTCTCTGTACTTCTGTGCCAGGAACGCCCGGTTGCGAGGGAGACCCAGTACTTCGGGCCA"	FALSE	FALSE	NA	NA	NA	NA
"CTCAGGCTGGAGTTGGCTGCTCCCTCCCAGACATCTGTGTACTTCTGTGCCAGCAGTTACCCGGGCAATGAGCAGTTCTTCGGGCCA"	"CASSYPGNEQFF"	"CTCAGGCTGGAGTTGGCTGCTCCCTCCCAGACATCTGTGTACTTCTGTGCCAGCAGTTACCCGGGCAATGAGCAGTTCTTCGGGCCA"	"CASSYPGNEQFF"	"TCRBV6-6*1"	"TCRBD2-1"	"TCRBJ2-1*1"	60	61	-1	65	1	66	NA	NA	"CTCAGGCTGGAGTTGGCTGCTCCCTCCCAGACATCTGTGTACTTCTGTGCCAGCAGTTACCCGGGCAATGAGCAGTTCTTCGGGCCA"	FALSE	TRUE	NA	NA	NA	NA
"TGACAGTGACCAGTGCCCATCCTGAAGACAGCAGCTTCTACATCTGCAGTGCCACCCCAGATTTCATGGGAGCAGTACTTCGGGCCG"	""	"TGACAGTGACCAGTGCCCATCCTGAAGACAGCAGCTTCTACATCTGCAGTGCCACCCCAGATTTCATGGGAGCAGTACTTCGGGCCG"	""	NA	"TCRBD1-1*1"	"TCRBJ2-7*1"	52	57	60	69	5	9	NA	NA	"TGACAGTGACCAGTGCCCATCCTGAAGACAGCAGCTTCTACATCTGCAGTGCCACCCCAGATTTCATGGGAGCAGTACTTCGGGCCG"	FALSE	FALSE	NA	NA	NA	NA
"AACATGAGCTCCTTGGAGCTGGGGGACTCAGCCCTGTACTTCTGTGCCAGCAGCCCGCCCGGGACAAAGATTCAGTACTTCGGCGCC"	"CASSPPGTKIQYF"	"AACATGAGCTCCTTGGAGCTGGGGGACTCAGCCCTGTACTTCTGTGCCAGCAGCCCGCCCGGGACAAAGATTCAGTACTTCGGCGCC"	"CASSPPGTKIQYF"	"TCRBV13-1*1"	"TCRBD1-1*1"	"TCRBJ2-4*1"	54	60	66	69	6	3	NA	NA	"AACATGAGCTCCTTGGAGCTGGGGGACTCAGCCCTGTACTTCTGTGCCAGCAGCCCGCCCGGGACAAAGATTCAGTACTTCGGCGCC"	FALSE	TRUE	NA	NA	NA	NA
"AACATGAGCTCCTTGGAGCTGGGGGACTCAGCCCTGTACTTCTGTGCCAGCAGCTTAGGGTCAGCCCATGGCTACACCTTCGGTTCG"	"CASSLGSAHGYTF"	"AACATGAGCTCCTTGGAGCTGGGGGACTCAGCCCTGTACTTCTGTGCCAGCAGCTTAGGGTCAGCCCATGGCTACACCTTCGGTTCG"	"CASSLGSAHGYTF"	"TCRBV13-1*1"	NA	"TCRBJ1-2*1"	59	61	64	67	2	3	NA	NA	"AACATGAGCTCCTTGGAGCTGGGGGACTCAGCCCTGTACTTCTGTGCCAGCAGCTTAGGGTCAGCCCATGGCTACACCTTCGGTTCG"	FALSE	TRUE	NA	NA	NA	NA
"CAGCCCTCAGAACCCAGGGACTCAGCTGTGTACTTCTGTGCCAGTTTCGAGACAGGGGCGTCCTACAATGAGCAGTTCTTCGGGCCA"	"CASFETGASYNEQFF"	"CAGCCCTCAGAACCCAGGGACTCAGCTGTGTACTTCTGTGCCAGTTTCGAGACAGGGGCGTCCTACAATGAGCAGTTCTTCGGGCCA"	"CASFETGASYNEQFF"	NA	"TCRBD1-1*1"	"TCRBJ2-1*1"	44	50	58	60	6	2	NA	NA	"CAGCCCTCAGAACCCAGGGACTCAGCTGTGTACTTCTGTGCCAGTTTCGAGACAGGGGCGTCCTACAATGAGCAGTTCTTCGGGCCA"	FALSE	TRUE	NA	NA	NA	NA
"GCCCATCCTGAAGACAGCAGCTTCTACATCTGCAGTGCTGGACAGGGGGCTCAACTAGCGGGAGAAGATACGCAGTATTTTGGCCCA"	"CSAGQGAQLAGEDTQYF"	"GCCCATCCTGAAGACAGCAGCTTCTACATCTGCAGTGCTGGACAGGGGGCTCAACTAGCGGGAGAAGATACGCAGTATTTTGGCCCA"	"CSAGQGAQLAGEDTQYF"	NA	"TCRBD2-1*2"	"TCRBJ2-3*1"	50	53	64	65	3	1	NA	NA	"GCCCATCCTGAAGACAGCAGCTTCTACATCTGCAGTGCTGGACAGGGGGCTCAACTAGCGGGAGAAGATACGCAGTATTTTGGCCCA"	FALSE	TRUE	NA	NA	NA	NA
"GCTTCTCCCTGATTCTGGAGTCCGCCAGCACCAACCAGACATCTATGTACCTCTGTGCCAGCCAGGTCGGCCCAGCATTTTGGTGAT"	""	"GCTTCTCCCTGATTCTGGAGTCCGCCAGCACCAACCAGACATCTATGTACCTCTGTGCCAGCCAGGTCGGCCCAGCATTTTGGTGAT"	""	"TCRBV28-1*1"	"TCRBD1-1*1"	"TCRBJ1-5*1"	-1	62	66	70	63	4	NA	NA	"GCTTCTCCCTGATTCTGGAGTCCGCCAGCACCAACCAGACATCTATGTACCTCTGTGCCAGCCAGGTCGGCCCAGCATTTTGGTGAT"	FALSE	FALSE	NA	NA	NA	NA
"ATCCTGGAGTCGCCCAGCCCCAACCAGACCTCTCTGTACTTCTGTGCCAGCAGCCCGGGGGAGCACTATGGCTACACCTTCGGTTCG"	"CASSPGEHYGYTF"	"ATCCTGGAGTCGCCCAGCCCCAACCAGACCTCTCTGTACTTCTGTGCCAGCAGCCCGGGGGAGCACTATGGCTACACCTTCGGTTCG"	"CASSPGEHYGYTF"	"TCRBV27-1*1"	"TCRBD2-1*1"	"TCRBJ1-2*1"	53	55	61	64	2	3	NA	NA	"ATCCTGGAGTCGCCCAGCCCCAACCAGACCTCTCTGTACTTCTGTGCCAGCAGCCCGGGGGAGCACTATGGCTACACCTTCGGTTCG"	FALSE	TRUE	NA	NA	NA	NA
"GCGCACACAGCAGGAGGACTCCGCCGTGTATCTCTGTGCCAGCATCAGGACAGTAACAAAGAGAATTCACCCCTCCACTTTGGGAAT"	""	"GCGCACACAGCAGGAGGACTCCGCCGTGTATCTCTGTGCCAGCATCAGGACAGTAACAAAGAGAATTCACCCCTCCACTTTGGGAAT"	""	"TCRBV7-8"	"TCRBD1-1*1"	"TCRBJ1-6*1"	44	47	53	63	3	10	NA	NA	"GCGCACACAGCAGGAGGACTCCGCCGTGTATCTCTGTGCCAGCATCAGGACAGTAACAAAGAGAATTCACCCCTCCACTTTGGGAAT"	FALSE	FALSE	NA	NA	NA	NA
"CTACACACCCTGCAGCCAGAAGACTCGGCCCTGTATCTCTGTGCCAGCAGCCAATCACAGGGTAGAGAAGAAGCTTTCTTTGGACAA"	"CASSQSQGREEAFF"	"CTACACACCCTGCAGCCAGAAGACTCGGCCCTGTATCTCTGTGCCAGCAGCCAATCACAGGGTAGAGAAGAAGCTTTCTTTGGACAA"	"CASSQSQGREEAFF"	"TCRBV4-2*1"	"TCRBD1-1*1"	"TCRBJ1-1*1"	54	56	62	69	2	7	NA	NA	"CTACACACCCTGCAGCCAGAAGACTCGGCCCTGTATCTCTGTGCCAGCAGCCAATCACAGGGTAGAGAAGAAGCTTTCTTTGGACAA"	FALSE	TRUE	NA	NA	NA	NA
"AGCTCTCTGGAGCTGGGGGACTCAGCTTTGTATTTCTGTGCCAGCAGCGTAGGAGTCGGTAGCACAGATACGCAGTATTTTGGCCCA"	"CASSVGVGSTDTQYF"	"AGCTCTCTGGAGCTGGGGGACTCAGCTTTGTATTTCTGTGCCAGCAGCGTAGGAGTCGGTAGCACAGATACGCAGTATTTTGGCCCA"	"CASSVGVGSTDTQYF"	"TCRBV9-1*1"	"TCRBD2-1"	"TCRBJ2-3*1"	52	56	59	60	4	1	NA	NA	"AGCTCTCTGGAGCTGGGGGACTCAGCTTTGTATTTCTGTGCCAGCAGCGTAGGAGTCGGTAGCACAGATACGCAGTATTTTGGCCCA"	FALSE	TRUE	NA	NA	NA	NA
"TGGAGCTTGGTGACTCTGCTGTGTATTTCTGTGCCAGCAGCCGTAGGGACTAGCGGGAGGGCCGTGTACGAGCAGTACTTCGGGCCG"	""	"TGGAGCTTGGTGACTCTGCTGTGTATTTCTGTGCCAGCAGCCGTAGGGACTAGCGGGAGGGCCGTGTACGAGCAGTACTTCGGGCCG"	""	"TCRBV3-1/3-2*1"	"TCRBD2-1*2"	"TCRBJ2-7*1"	42	45	61	66	3	5	NA	NA	"TGGAGCTTGGTGACTCTGCTGTGTATTTCTGTGCCAGCAGCCGTAGGGACTAGCGGGAGGGCCGTGTACGAGCAGTACTTCGGGCCG"	FALSE	FALSE	NA	NA	NA	NA
"ACTGTGACATCGGCCCAAAAGAACCCGACAGCTTTCTATCTCTGTGCCAGTAGTATAGCCCCTCGGACATACGCTTTCTTTGGACAA"	"CASSIAPRTYAFF"	"ACTGTGACATCGGCCCAAAAGAACCCGACAGCTTTCTATCTCTGTGCCAGTAGTATAGCCCCTCGGACATACGCTTTCTTTGGACAA"	"CASSIAPRTYAFF"	"TCRBV19-1*1"	"TCRBD1-1*1"	"TCRBJ1-1*1"	58	64	69	72	6	3	NA	NA	"ACTGTGACATCGGCCCAAAAGAACCCGACAGCTTTCTATCTCTGTGCCAGTAGTATAGCCCCTCGGACATACGCTTTCTTTGGACAA"	FALSE	TRUE	NA	NA	NA	NA
"AAGATCCGGTCCACAAAGCTGGAGGACTCAGCCATGTACTTCTGTGCCAGCACTGGACAGGAAAATTCACCCCTCCACTTTGGGAAT"	"CASTGQENSPLHF"	"AAGATCCGGTCCACAAAGCTGGAGGACTCAGCCATGTACTTCTGTGCCAGCACTGGACAGGAAAATTCACCCCTCCACTTTGGGAAT"	"CASTGQENSPLHF"	"TCRBV2-1"	"TCRBD1-1*1"	"TCRBJ1-6*1"	52	54	61	63	2	2	NA	NA	"AAGATCCGGTCCACAAAGCTGGAGGACTCAGCCATGTACTTCTGTGCCAGCACTGGACAGGAAAATTCACCCCTCCACTTTGGGAAT"	FALSE	TRUE	NA	NA	NA	NA
"CGGTCCACAAAGCTGGAGGACTCAGCCATGTACTTCTGTGCCAGCCGAAGACAGACTCAGAGCACAGATACGCAGTATTTTGGCCCA"	"CASRRQTQSTDTQYF"	"CGGTCCACAAAGCTGGAGGACTCAGCCATGTACTTCTGTGCCAGCCGAAGACAGACTCAGAGCACAGATACGCAGTATTTTGGCCCA"	"CASRRQTQSTDTQYF"	"TCRBV2-1"	"TCRBD1-1*1"	"TCRBJ2-3*1"	45	49	54	60	4	6	NA	NA	"CGGTCCACAAAGCTGGAGGACTCAGCCATGTACTTCTGTGCCAGCCGAAGACAGACTCAGAGCACAGATACGCAGTATTTTGGCCCA"	FALSE	TRUE	NA	NA	NA	NA
"GCCCATCCTGAAGACAGCAGCTTCTACATCTGCAGTGCTAGTTCGGACGTAAGGGCCGCATGGGGCACTGAAGCTTTCTTTGGACAA"	"CSASSDVRAAWGTEAFF"	"GCCCATCCTGAAGACAGCAGCTTCTACATCTGCAGTGCTAGTTCGGACGTAAGGGCCGCATGGGGCACTGAAGCTTTCTTTGGACAA"	"CSASSDVRAAWGTEAFF"	"TCRBV2-1*4"	NA	"TCRBJ1-1*1"	42	44	48	65	2	17	NA	NA	"GCCCATCCTGAAGACAGCAGCTTCTACATCTGCAGTGCTAGTTCGGACGTAAGGGCCGCATGGGGCACTGAAGCTTTCTTTGGACAA"	FALSE	TRUE	NA	NA	NA	NA
"GACATCTGTGTACTTCTGTGCCAGCAGTTACCCAAAAAAGGGACAGAAGTCTCTAGTAGGGCCAAAAACATTCAGTACTTCGGCGCC"	""	"GACATCTGTGTACTTCTGTGCCAGCAGTTACCCAAAAAAGGGACAGAAGTCTCTAGTAGGGCCAAAAACATTCAGTACTTCGGCGCC"	""	NA	"TCRBD1-1*1"	"TCRBJ2-4*1"	31	39	46	60	8	14	NA	NA	"GACATCTGTGTACTTCTGTGCCAGCAGTTACCCAAAAAAGGGACAGAAGTCTCTAGTAGGGCCAAAAACATTCAGTACTTCGGCGCC"	FALSE	FALSE	NA	NA	NA	NA
"NTGAAGATCCAGCCCTCAGAACCCAGGGACTCAGCTGTGTACTTCTGTGCCAGCAGTTTAAGGGGCACTGAAGCTTTCTTTGGACAA"	"CASSLRGTEAFF"	"NTGAAGATCCAGCCCTCAGAACCCAGGGACTCAGCTGTGTACTTCTGTGCCAGCAGTTTAAGGGGCACTGAAGCTTTCTTTGGACAA"	"CASSLRGTEAFF"	"TCRBV12-3/12-4*1"	"TCRBD1-1*1"	"TCRBJ1-1*1"	-1	60	-1	65	61	66	NA	NA	"NTGAAGATCCAGCCCTCAGAACCCAGGGACTCAGCTGTGTACTTCTGTGCCAGCAGTTTAAGGGGCACTGAAGCTTTCTTTGGACAA"	FALSE	TRUE	NA	NA	NA	NA
"CGCACAGAGCAGGAGGACTCGGCCGTGTATCTCTGTGCCAGCAGCTCCCAAACGGGACTAGAATACAATGAGCAGTTCTTCGGGCCA"	"CASSSQTGLEYNEQFF"	"CGCACAGAGCAGGAGGACTCGGCCGTGTATCTCTGTGCCAGCAGCTCCCAAACGGGACTAGAATACAATGAGCAGTTCTTCGGGCCA"	"CASSSQTGLEYNEQFF"	"TCRBV7-2"	"TCRBD2-1"	"TCRBJ2-1*1"	46	53	61	63	7	2	NA	NA	"CGCACAGAGCAGGAGGACTCGGCCGTGTATCTCTGTGCCAGCAGCTCCCAAACGGGACTAGAATACAATGAGCAGTTCTTCGGGCCA"	FALSE	TRUE	NA	NA	NA	NA
"GCGCACAGAGCGGGGGGACTCAGCCGTGTATCTCTGTGCCAGCAGCTTATTCGGCCAGGGAGACACCGGGGAGCTGTTTTTGGAGAA"	""	"GCGCACAGAGCGGGGGGACTCAGCCGTGTATCTCTGTGCCAGCAGCTTATTCGGCCAGGGAGACACCGGGGAGCTGTTTTTGGAGAA"	""	"TCRBV7-3*1"	NA	"TCRBJ2-2*1"	49	55	60	76	6	16	NA	NA	"GCGCACAGAGCGGGGGGACTCAGCCGTGTATCTCTGTGCCAGCAGCTTATTCGGCCAGGGAGACACCGGGGAGCTGTTTTTGGAGAA"	FALSE	FALSE	NA	NA	NA	NA
"TGGTGACTCTGCTGTGTATTTCTGTGCCAGCAGCCAAGATTGTATTTCTGGCGGGAGGGCCATTCAGATACGCAGTATTTTGGCCCA"	""	"TGGTGACTCTGCTGTGTATTTCTGTGCCAGCAGCCAAGATTGTATTTCTGGCGGGAGGGCCATTCAGATACGCAGTATTTTGGCCCA"	""	"TCRBV3-1/3-2*1"	"TCRBD2-1*2"	"TCRBJ2-3*1"	39	50	59	64	11	5	NA	NA	"TGGTGACTCTGCTGTGTATTTCTGTGCCAGCAGCCAAGATTGTATTTCTGGCGGGAGGGCCATTCAGATACGCAGTATTTTGGCCCA"	FALSE	FALSE	NA	NA	NA	NA
"NTGTCGGCTGCTCCCTCCCAGACATCTGTGTACTTCTGTGCCAGCAGTTACGAGGGGGGGATTAACTATGGCTACACCTTCGGTTCG"	"CASSYEGGINYGYTF"	"NTGTCGGCTGCTCCCTCCCAGACATCTGTGTACTTCTGTGCCAGCAGTTACGAGGGGGGGATTAACTATGGCTACACCTTCGGTTCG"	"CASSYEGGINYGYTF"	"TCRBV6-5*1"	"TCRBD2-1*1"	"TCRBJ1-2*1"	51	53	60	62	2	2	NA	NA	"NTGTCGGCTGCTCCCTCCCAGACATCTGTGTACTTCTGTGCCAGCAGTTACGAGGGGGGGATTAACTATGGCTACACCTTCGGTTCG"	FALSE	TRUE	NA	NA	NA	NA
"NNNNNNNNNNNNTGTCGGCTGCTCCCTCCCAGACATCTGTGTACTTCTGTGCCAGCAGCAGCCTACAATGAGCAGTTCTTCGGGCCA"	""	"NNNNNNNNNNNNTGTCGGCTGCTCCCTCCCAGACATCTGTGTACTTCTGTGCCAGCAGCAGCCTACAATGAGCAGTTCTTCGGGCCA"	""	"TCRBV6-5*1"	"TCRBD1-1*1"	"TCRBJ2-1*1"	-1	58	-1	61	59	62	NA	NA	"NNNNNNNNNNNNTGTCGGCTGCTCCCTCCCAGACATCTGTGTACTTCTGTGCCAGCAGCAGCCTACAATGAGCAGTTCTTCGGGCCA"	FALSE	FALSE	NA	NA	NA	NA
"ACGATTCAGCGCACAGAGCAGCGGGACTCGGCCATGTATCGCTGTGCCAGCAGCCCGGGACAGGGAAACACCATATATTTTGGAGAG"	"CASSPGQGNTIYF"	"ACGATTCAGCGCACAGAGCAGCGGGACTCGGCCATGTATCGCTGTGCCAGCAGCCCGGGACAGGGAAACACCATATATTTTGGAGAG"	"CASSPGQGNTIYF"	NA	"TCRBD1-1*1"	"TCRBJ1-3*1"	54	56	-1	63	2	64	NA	NA	"ACGATTCAGCGCACAGAGCAGCGGGACTCGGCCATGTATCGCTGTGCCAGCAGCCCGGGACAGGGAAACACCATATATTTTGGAGAG"	FALSE	TRUE	NA	NA	NA	NA
"AGCTCCTTGGAGCTGGGGGACTCAGCCCTGTACTTCTGTGCCAGCAGCGGCCAGGGGGCGCTTGGAAACACCATATATTTTGGAGAG"	"CASSGQGALGNTIYF"	"AGCTCCTTGGAGCTGGGGGACTCAGCCCTGTACTTCTGTGCCAGCAGCGGCCAGGGGGCGCTTGGAAACACCATATATTTTGGAGAG"	"CASSGQGALGNTIYF"	"TCRBV13-1*1"	"TCRBD1-1*1"	"TCRBJ1-3*1"	48	51	59	62	3	3	NA	NA	"AGCTCCTTGGAGCTGGGGGACTCAGCCCTGTACTTCTGTGCCAGCAGCGGCCAGGGGGCGCTTGGAAACACCATATATTTTGGAGAG"	FALSE	TRUE	NA	NA	NA	NA
"AAGATCCAGCCCTCAGAACCCAGGGACTCAGCTGTGTACTTCTGTGCCAGCAGTTCAGGACTAGACAATGAGCAGTTCTTCGGGCCA"	"CASSSGLDNEQFF"	"AAGATCCAGCCCTCAGAACCCAGGGACTCAGCTGTGTACTTCTGTGCCAGCAGTTCAGGACTAGACAATGAGCAGTTCTTCGGGCCA"	"CASSSGLDNEQFF"	"TCRBV12-3/12-4*1"	"TCRBD2-1"	"TCRBJ2-1*1"	55	57	-1	64	2	65	NA	NA	"AAGATCCAGCCCTCAGAACCCAGGGACTCAGCTGTGTACTTCTGTGCCAGCAGTTCAGGACTAGACAATGAGCAGTTCTTCGGGCCA"	FALSE	TRUE	NA	NA	NA	NA
"GAGTCCGCCAGCACCAACCAGACATCTATGTACCTCTGTGCCAGCAGTTTGTTACGACAGGGGTCCTACGAGCAGTACTTCGGGCCG"	"CASSLLRQGSYEQYF"	"GAGTCCGCCAGCACCAACCAGACATCTATGTACCTCTGTGCCAGCAGTTTGTTACGACAGGGGTCCTACGAGCAGTACTTCGGGCCG"	"CASSLLRQGSYEQYF"	"TCRBV28-1*1"	"TCRBD1-1*1"	"TCRBJ2-7*1"	50	55	-1	63	5	64	NA	NA	"GAGTCCGCCAGCACCAACCAGACATCTATGTACCTCTGTGCCAGCAGTTTGTTACGACAGGGGTCCTACGAGCAGTACTTCGGGCCG"	FALSE	TRUE	NA	NA	NA	NA
"AAGAACCCGACAGCTTTCTATCTCTGTGCCAGTAGTGCAGGGACTAGCGGGAGTAGGTCCCACCAAGAGACCCAGTACTTCGGGCCA"	"CASSAGTSGSRSHQETQYF"	"AAGAACCCGACAGCTTTCTATCTCTGTGCCAGTAGTGCAGGGACTAGCGGGAGTAGGTCCCACCAAGAGACCCAGTACTTCGGGCCA"	"CASSAGTSGSRSHQETQYF"	"TCRBV19-1*1"	"TCRBD2-1*2"	"TCRBJ2-5*1"	36	39	53	61	3	8	NA	NA	"AAGAACCCGACAGCTTTCTATCTCTGTGCCAGTAGTGCAGGGACTAGCGGGAGTAGGTCCCACCAAGAGACCCAGTACTTCGGGCCA"	FALSE	TRUE	NA	NA	NA	NA
"GAACCCAGGGACTCAGCTGTGTACTTCTGTGCCAGCAGTTTAACAGCAGGGGGCGGCTGGACCACAGATACGCAGTATTTTGGCCCA"	"CASSLTAGGGWTTDTQYF"	"GAACCCAGGGACTCAGCTGTGTACTTCTGTGCCAGCAGTTTAACAGCAGGGGGCGGCTGGACCACAGATACGCAGTATTTTGGCCCA"	"CASSLTAGGGWTTDTQYF"	NA	"TCRBD1-1*1"	"TCRBJ2-3*1"	42	46	54	62	4	8	NA	NA	"GAACCCAGGGACTCAGCTGTGTACTTCTGTGCCAGCAGTTTAACAGCAGGGGGCGGCTGGACCACAGATACGCAGTATTTTGGCCCA"	FALSE	TRUE	NA	NA	NA	NA
"GGCCTGGGGGACGCAGCCATGTACCTGTGTGCCACCAGCAGAGTAGGAGGGGGAGGGGTTCCTCACAATGAGCAGTTCTTCGGGCCA"	"CATSRVGGGGVPHNEQFF"	"GGCCTGGGGGACGCAGCCATGTACCTGTGTGCCACCAGCAGAGTAGGAGGGGGAGGGGTTCCTCACAATGAGCAGTTCTTCGGGCCA"	"CATSRVGGGGVPHNEQFF"	"TCRBV15-1*2"	"TCRBD2-1*2"	"TCRBJ2-1*1"	43	50	57	64	7	7	NA	NA	"GGCCTGGGGGACGCAGCCATGTACCTGTGTGCCACCAGCAGAGTAGGAGGGGGAGGGGTTCCTCACAATGAGCAGTTCTTCGGGCCA"	FALSE	TRUE	NA	NA	NA	NA
"GACTGTGAGCAACATGAGCCCTGAAGACAGCAGCATATATCTCTACCCCTACAAGTGGGGTCTGGAAACACCATATATTTTGGAGAG"	""	"GACTGTGAGCAACATGAGCCCTGAAGACAGCAGCATATATCTCTACCCCTACAAGTGGGGTCTGGAAACACCATATATTTTGGAGAG"	""	"TCRBV29-1"	NA	"TCRBJ1-3*1"	44	56	-1	60	12	61	NA	NA	"GACTGTGAGCAACATGAGCCCTGAAGACAGCAGCATATATCTCTACCCCTACAAGTGGGGTCTGGAAACACCATATATTTTGGAGAG"	FALSE	FALSE	NA	NA	NA	NA
"NTGTCGGCTGCTCCCTCCCAAACATCTGTGTACTTCTGTGCCAGCAGTTACTCATTACTAGTAGGGGAGACCCAGTACTTCGGGCCA"	"CASSYSLLVGETQYF"	"NTGTCGGCTGCTCCCTCCCAAACATCTGTGTACTTCTGTGCCAGCAGTTACTCATTACTAGTAGGGGAGACCCAGTACTTCGGGCCA"	"CASSYSLLVGETQYF"	"TCRBV6-2/6-3*1"	"TCRBD2-1"	"TCRBJ2-5*1"	53	56	61	66	3	5	NA	NA	"NTGTCGGCTGCTCCCTCCCAAACATCTGTGTACTTCTGTGCCAGCAGTTACTCATTACTAGTAGGGGAGACCCAGTACTTCGGGCCA"	FALSE	TRUE	NA	NA	NA	NA
"ACATCGGCCCAAAAGAACCCGACAGCTTTCTATCTCTGTGCCAGTAGTATTAATGTGGGGACAGGAGAGACCCAGTACTTCGGGCCA"	"CASSINVGTGETQYF"	"ACATCGGCCCAAAAGAACCCGACAGCTTTCTATCTCTGTGCCAGTAGTATTAATGTGGGGACAGGAGAGACCCAGTACTTCGGGCCA"	"CASSINVGTGETQYF"	"TCRBV19-1*1"	"TCRBD1-1*1"	"TCRBJ2-5*1"	50	57	-1	65	7	66	NA	NA	"ACATCGGCCCAAAAGAACCCGACAGCTTTCTATCTCTGTGCCAGTAGTATTAATGTGGGGACAGGAGAGACCCAGTACTTCGGGCCA"	FALSE	TRUE	NA	NA	NA	NA
"GCGTCTGCTGTACCCTCTCAGACATCTGTGTACTTCTGTGCCAGCAGTGAGTGGGAGGGAGGCTACAATGAGCAGTTCTTCGGGCCA"	"CASSEWEGGYNEQFF"	"GCGTCTGCTGTACCCTCTCAGACATCTGTGTACTTCTGTGCCAGCAGTGAGTGGGAGGGAGGCTACAATGAGCAGTTCTTCGGGCCA"	"CASSEWEGGYNEQFF"	"TCRBV6-4*1"	"TCRBD2-1*2"	"TCRBJ2-1*1"	50	52	59	62	2	3	NA	NA	"GCGTCTGCTGTACCCTCTCAGACATCTGTGTACTTCTGTGCCAGCAGTGAGTGGGAGGGAGGCTACAATGAGCAGTTCTTCGGGCCA"	FALSE	TRUE	NA	NA	NA	NA
"CTGGAGTCCGCCAGCACCAACCAGACATCTATGTACCTCTGTGCCAGCAGTCAGGGACAGGGTGACACTGAAGCTTTCTTTGGACAA"	"CASSQGQGDTEAFF"	"CTGGAGTCCGCCAGCACCAACCAGACATCTATGTACCTCTGTGCCAGCAGTCAGGGACAGGGTGACACTGAAGCTTTCTTTGGACAA"	"CASSQGQGDTEAFF"	"TCRBV28-1*1"	"TCRBD1-1*1"	"TCRBJ1-1*1"	51	53	62	64	2	2	NA	NA	"CTGGAGTCCGCCAGCACCAACCAGACATCTATGTACCTCTGTGCCAGCAGTCAGGGACAGGGTGACACTGAAGCTTTCTTTGGACAA"	FALSE	TRUE	NA	NA	NA	NA
"CTGGAGTCGCCCAGCCCCAACCAGACCTCTCTGTACTTCTGTGCCAGCAGTTTTGCAGGGGAGGGATACGAGCAGTACTTCGGGCCG"	"CASSFAGEGYEQYF"	"CTGGAGTCGCCCAGCCCCAACCAGACCTCTCTGTACTTCTGTGCCAGCAGTTTTGCAGGGGAGGGATACGAGCAGTACTTCGGGCCG"	"CASSFAGEGYEQYF"	"TCRBV27-1*1"	"TCRBD2-1*2"	"TCRBJ2-7*1"	53	58	65	66	5	1	NA	NA	"CTGGAGTCGCCCAGCCCCAACCAGACCTCTCTGTACTTCTGTGCCAGCAGTTTTGCAGGGGAGGGATACGAGCAGTACTTCGGGCCG"	FALSE	TRUE	NA	NA	NA	NA
"CACACCCTGCAGCCAGAAGACTCGGCCCTGTATCTCTGTGCCAGCAGCCAAGATGAGGGGACTAGTGGCGAAGCTTTCTTTGGACAA"	"CASSQDEGTSGEAFF"	"CACACCCTGCAGCCAGAAGACTCGGCCCTGTATCTCTGTGCCAGCAGCCAAGATGAGGGGACTAGTGGCGAAGCTTTCTTTGGACAA"	"CASSQDEGTSGEAFF"	"TCRBV4-2*1"	"TCRBD2-1"	"TCRBJ1-1*1"	53	57	65	69	4	4	NA	NA	"CACACCCTGCAGCCAGAAGACTCGGCCCTGTATCTCTGTGCCAGCAGCCAAGATGAGGGGACTAGTGGCGAAGCTTTCTTTGGACAA"	FALSE	TRUE	NA	NA	NA	NA
"CCCTCAGAACCCAGGGACTCAGCTGTGTACTTCTGTGCCAGCAGTTTAGGGGACGGAGGTCTGATTTATGGCTACACCTTCGGTTCG"	"CASSLGDGGLIYGYTF"	"CCCTCAGAACCCAGGGACTCAGCTGTGTACTTCTGTGCCAGCAGTTTAGGGGACGGAGGTCTGATTTATGGCTACACCTTCGGTTCG"	"CASSLGDGGLIYGYTF"	NA	NA	"TCRBJ1-2*1"	-1	49	54	66	50	12	NA	NA	"CCCTCAGAACCCAGGGACTCAGCTGTGTACTTCTGTGCCAGCAGTTTAGGGGACGGAGGTCTGATTTATGGCTACACCTTCGGTTCG"	FALSE	TRUE	NA	NA	NA	NA
"AAGCTCCTTCTCAGTGACTCTGGCTTCTATCTCTGTGCCTGGAGTGTAAGACGGGGGCTCGGCAATCAGCCCCAGCATTTTGGTGAT"	"CAWSVRRGLGNQPQHF"	"AAGCTCCTTCTCAGTGACTCTGGCTTCTATCTCTGTGCCTGGAGTGTAAGACGGGGGCTCGGCAATCAGCCCCAGCATTTTGGTGAT"	"CAWSVRRGLGNQPQHF"	"TCRBV3-1*1"	NA	"TCRBJ1-5*1"	47	52	58	61	5	3	NA	NA	"AAGCTCCTTCTCAGTGACTCTGGCTTCTATCTCTGTGCCTGGAGTGTAAGACGGGGGCTCGGCAATCAGCCCCAGCATTTTGGTGAT"	FALSE	TRUE	NA	NA	NA	NA
"TCGGCCCAAAAGAACCCGACAGCTTTCTATCTCTGTGCCAGTAGCTACCCAGGGGGCCTCGCCGGCTACGAGCAGTACTTCGGGCCG"	"CASSYPGGLAGYEQYF"	"TCGGCCCAAAAGAACCCGACAGCTTTCTATCTCTGTGCCAGTAGCTACCCAGGGGGCCTCGCCGGCTACGAGCAGTACTTCGGGCCG"	"CASSYPGGLAGYEQYF"	"TCRBV19-1*1"	"TCRBD1-1*1"	"TCRBJ2-7*1"	44	49	57	65	5	8	NA	NA	"TCGGCCCAAAAGAACCCGACAGCTTTCTATCTCTGTGCCAGTAGCTACCCAGGGGGCCTCGCCGGCTACGAGCAGTACTTCGGGCCG"	FALSE	TRUE	NA	NA	NA	NA
"CTGACTGTGAGCAACATGAGCCCTGAAGACAGCAGCATATATCTCTGCAGCGTTCGGTTGTTTGGCTACGAGCAGTACTTCGGGCCG"	"CSVRLFGYEQYF"	"CTGACTGTGAGCAACATGAGCCCTGAAGACAGCAGCATATATCTCTGCAGCGTTCGGTTGTTTGGCTACGAGCAGTACTTCGGGCCG"	"CSVRLFGYEQYF"	"TCRBV29-1"	"TCRBD2-1"	"TCRBJ2-7*1"	-1	54	57	65	55	8	NA	NA	"CTGACTGTGAGCAACATGAGCCCTGAAGACAGCAGCATATATCTCTGCAGCGTTCGGTTGTTTGGCTACGAGCAGTACTTCGGGCCG"	FALSE	TRUE	NA	NA	NA	NA
"GCAGAGCTTGGGGACTCGGCCGTGTATCTCTGTGCCAGCAGCCAAAGCCTAAGACAGGGCAGGCCCTATGGCTACACCTTCGGTTCG"	"CASSQSLRQGRPYGYTF"	"GCAGAGCTTGGGGACTCGGCCGTGTATCTCTGTGCCAGCAGCCAAAGCCTAAGACAGGGCAGGCCCTATGGCTACACCTTCGGTTCG"	"CASSQSLRQGRPYGYTF"	"TCRBV11-3*1"	"TCRBD1-1*1"	"TCRBJ1-2*1"	42	52	59	65	10	6	NA	NA	"GCAGAGCTTGGGGACTCGGCCGTGTATCTCTGTGCCAGCAGCCAAAGCCTAAGACAGGGCAGGCCCTATGGCTACACCTTCGGTTCG"	FALSE	TRUE	NA	NA	NA	NA
"ATCCAGCGCACAGAGCAGGGGGACTCGGCCATGTATCTCTGTGCCAGCAGCCCCTCTTCGCTCCCCTACGAGCAGTACTTCGGGCCG"	"CASSPSSLPYEQYF"	"ATCCAGCGCACAGAGCAGGGGGACTCGGCCATGTATCTCTGTGCCAGCAGCCCCTCTTCGCTCCCCTACGAGCAGTACTTCGGGCCG"	"CASSPSSLPYEQYF"	"TCRBV7-9*1"	NA	"TCRBJ2-7*1"	51	59	61	64	8	3	NA	NA	"ATCCAGCGCACAGAGCAGGGGGACTCGGCCATGTATCTCTGTGCCAGCAGCCCCTCTTCGCTCCCCTACGAGCAGTACTTCGGGCCG"	FALSE	TRUE	NA	NA	NA	NA
"AATTCCCTGGAGCTTGGTGACTCTGCTGTGTATTTCTGTGCCAGCAGCCCGAGGGGGGGAGGAGATTCACCCCTCCACTTTGGGAAT"	"CASSPRGGGDSPLHF"	"AATTCCCTGGAGCTTGGTGACTCTGCTGTGTATTTCTGTGCCAGCAGCCCGAGGGGGGGAGGAGATTCACCCCTCCACTTTGGGAAT"	"CASSPRGGGDSPLHF"	"TCRBV3-1/3-2*1"	"TCRBD2-1*1"	"TCRBJ1-6*1"	49	52	59	64	3	5	NA	NA	"AATTCCCTGGAGCTTGGTGACTCTGCTGTGTATTTCTGTGCCAGCAGCCCGAGGGGGGGAGGAGATTCACCCCTCCACTTTGGGAAT"	FALSE	TRUE	NA	NA	NA	NA
"GAGTCCGCCAGCACCAACCAGACATCTATGTACCTCTGTGCCAGCAGTTTTTTTTCGGGACAGGGGGGCGAGCAGTACTTCGGGCCG"	"CASSFFSGQGGEQYF"	"GAGTCCGCCAGCACCAACCAGACATCTATGTACCTCTGTGCCAGCAGTTTTTTTTCGGGACAGGGGGGCGAGCAGTACTTCGGGCCG"	"CASSFFSGQGGEQYF"	"TCRBV28-1*1"	"TCRBD1-1*1"	"TCRBJ2-7*1"	50	56	67	68	6	1	NA	NA	"GAGTCCGCCAGCACCAACCAGACATCTATGTACCTCTGTGCCAGCAGTTTTTTTTCGGGACAGGGGGGCGAGCAGTACTTCGGGCCG"	FALSE	TRUE	NA	NA	NA	NA
"ACAAAGCTGGAGGACTCAGCCATGTACTTCTGTGCCAGCAGTGAAGCGGTGGGACTAGCTCCTCTAGATACGCAGTATTTTGGCCCA"	"CASSEAVGLAPLDTQYF"	"ACAAAGCTGGAGGACTCAGCCATGTACTTCTGTGCCAGCAGTGAAGCGGTGGGACTAGCTCCTCTAGATACGCAGTATTTTGGCCCA"	"CASSEAVGLAPLDTQYF"	"TCRBV2-1"	"TCRBD2-1"	"TCRBJ2-3*1"	47	50	59	65	3	6	NA	NA	"ACAAAGCTGGAGGACTCAGCCATGTACTTCTGTGCCAGCAGTGAAGCGGTGGGACTAGCTCCTCTAGATACGCAGTATTTTGGCCCA"	FALSE	TRUE	NA	NA	NA	NA
"GTGACCAGTGCCCATCCTGAAGACAGCAGCTTCTACATCTGCAGTGCTCTTGGACTAGCGGGAGCTAGTGAGCAGTTCTTCGGGCCA"	"CSALGLAGASEQFF"	"GTGACCAGTGCCCATCCTGAAGACAGCAGCTTCTACATCTGCAGTGCTCTTGGACTAGCGGGAGCTAGTGAGCAGTTCTTCGGGCCA"	"CSALGLAGASEQFF"	NA	"TCRBD2-1*2"	"TCRBJ2-1*1"	48	51	64	68	3	4	NA	NA	"GTGACCAGTGCCCATCCTGAAGACAGCAGCTTCTACATCTGCAGTGCTCTTGGACTAGCGGGAGCTAGTGAGCAGTTCTTCGGGCCA"	FALSE	TRUE	NA	NA	NA	NA
"CACGCCCTGCAGCCAGAAGACTCAGCCCTGTATCTCTGCGCCAGCAGAACCCTAGCGGAGAGCTCCTACGAGCAGTACTTCGGGCCG"	"CASRTLAESSYEQYF"	"CACGCCCTGCAGCCAGAAGACTCAGCCCTGTATCTCTGCGCCAGCAGAACCCTAGCGGAGAGCTCCTACGAGCAGTACTTCGGGCCG"	"CASRTLAESSYEQYF"	"TCRBV4-1*1"	"TCRBD2-1"	"TCRBJ2-7*1"	47	51	58	62	4	4	NA	NA	"CACGCCCTGCAGCCAGAAGACTCAGCCCTGTATCTCTGCGCCAGCAGAACCCTAGCGGAGAGCTCCTACGAGCAGTACTTCGGGCCG"	FALSE	TRUE	NA	NA	NA	NA
"GCAGAGCTTGGGGACTCGGCCATGTATCTCTGTGCCAGCAGCTTAGGTACGAGCAGGGGGCCGACCTACGAGCAGTACTTCGGGCCG"	"CASSLGTSRGPTYEQYF"	"GCAGAGCTTGGGGACTCGGCCATGTATCTCTGTGCCAGCAGCTTAGGTACGAGCAGGGGGCCGACCTACGAGCAGTACTTCGGGCCG"	"CASSLGTSRGPTYEQYF"	NA	"TCRBD1-1*1"	"TCRBJ2-7*1"	46	53	61	64	7	3	NA	NA	"GCAGAGCTTGGGGACTCGGCCATGTATCTCTGTGCCAGCAGCTTAGGTACGAGCAGGGGGCCGACCTACGAGCAGTACTTCGGGCCG"	FALSE	TRUE	NA	NA	NA	NA
"CACATCAATTCCCTGGAGCTTGGTGACTCTGCTGTGTATTTCTGTGCCAGCAGCCACAACGGGATCGATGAGCAGTTCTTCGGGCCA"	"CASSHNGIDEQFF"	"CACATCAATTCCCTGGAGCTTGGTGACTCTGCTGTGTATTTCTGTGCCAGCAGCCACAACGGGATCGATGAGCAGTTCTTCGGGCCA"	"CASSHNGIDEQFF"	"TCRBV3-1/3-2*1"	"TCRBD2-1*2"	"TCRBJ2-1*1"	56	59	64	67	3	3	NA	NA	"CACATCAATTCCCTGGAGCTTGGTGACTCTGCTGTGTATTTCTGTGCCAGCAGCCACAACGGGATCGATGAGCAGTTCTTCGGGCCA"	FALSE	TRUE	NA	NA	NA	NA
"GAACTAAACCTGAGCTCTCTGGAGCTGGGGGACTCAGCTTTGTATTTCTGTGCCAGCAGTCTTGGCGGGGAGCTGTTTTTTGGAGAA"	"CASSLGGELFF"	"GAACTAAACCTGAGCTCTCTGGAGCTGGGGGACTCAGCTTTGTATTTCTGTGCCAGCAGTCTTGGCGGGGAGCTGTTTTTTGGAGAA"	"CASSLGGELFF"	"TCRBV9-1*1"	NA	"TCRBJ2-2*1"	59	63	-1	65	4	66	NA	NA	"GAACTAAACCTGAGCTCTCTGGAGCTGGGGGACTCAGCTTTGTATTTCTGTGCCAGCAGTCTTGGCGGGGAGCTGTTTTTTGGAGAA"	FALSE	TRUE	NA	NA	NA	NA
"CTTCACATCAATTCCCTGGAGCTTGGTGACTCTGCTGTGTATTTCTGTGCCAGCAGCCAAGATTGGCGGGAGCAGTTCTTCGGGCCA"	"CASSQDWREQFF"	"CTTCACATCAATTCCCTGGAGCTTGGTGACTCTGCTGTGTATTTCTGTGCCAGCAGCCAAGATTGGCGGGAGCAGTTCTTCGGGCCA"	"CASSQDWREQFF"	"TCRBV3-1/3-2*1"	"TCRBD2-1"	"TCRBJ2-1*1"	62	65	-1	69	3	70	NA	NA	"CTTCACATCAATTCCCTGGAGCTTGGTGACTCTGCTGTGTATTTCTGTGCCAGCAGCCAAGATTGGCGGGAGCAGTTCTTCGGGCCA"	FALSE	TRUE	NA	NA	NA	NA
"GTGAGCACCTTGGAGCTGGGGGACTCGGCCCTTTATCTTTGCGCCAGCTAATTTGGCAGGGATAATTCACCCCTCCACTTTGGGAAT"	"CAS*FGRDNSPLHF"	"GTGAGCACCTTGGAGCTGGGGGACTCGGCCCTTTATCTTTGCGCCAGCTAATTTGGCAGGGATAATTCACCCCTCCACTTTGGGAAT"	"CAS*FGRDNSPLHF"	"TCRBV5-1*1"	"TCRBD1-1*1"	"TCRBJ1-6*1"	48	56	-1	61	8	62	NA	NA	"GTGAGCACCTTGGAGCTGGGGGACTCGGCCCTTTATCTTTGCGCCAGCTAATTTGGCAGGGATAATTCACCCCTCCACTTTGGGAAT"	FALSE	TRUE	NA	NA	NA	NA
"TCTCAGTGACTCTGGCTTCTATCTCTGTGCCTGGAGTTGAATTCAATCTAGCGGGAAGATTGCGCGGATACGCAGTATTTTGGCCCA"	""	"TCTCAGTGACTCTGGCTTCTATCTCTGTGCCTGGAGTTGAATTCAATCTAGCGGGAAGATTGCGCGGATACGCAGTATTTTGGCCCA"	""	"TCRBV3-1*1"	"TCRBD2-1*2"	"TCRBJ2-3*1"	37	47	56	66	10	10	NA	NA	"TCTCAGTGACTCTGGCTTCTATCTCTGTGCCTGGAGTTGAATTCAATCTAGCGGGAAGATTGCGCGGATACGCAGTATTTTGGCCCA"	FALSE	FALSE	NA	NA	NA	NA
"GTGAGCACCTTGGAGCTGGGGGACTCGGCCCTTTATCTTTGCGCCAGCAGCTTGGCCGCGGCATCGCATGAGCAGTTCTTCGGGCCA"	"CASSLAAASHEQFF"	"GTGAGCACCTTGGAGCTGGGGGACTCGGCCCTTTATCTTTGCGCCAGCAGCTTGGCCGCGGCATCGCATGAGCAGTTCTTCGGGCCA"	"CASSLAAASHEQFF"	"TCRBV5-1*1"	"TCRBD2-1"	"TCRBJ2-1*1"	55	57	61	67	2	6	NA	NA	"GTGAGCACCTTGGAGCTGGGGGACTCGGCCCTTTATCTTTGCGCCAGCAGCTTGGCCGCGGCATCGCATGAGCAGTTCTTCGGGCCA"	FALSE	TRUE	NA	NA	NA	NA
"GCCTTGTTGCTGGGGGACTCGGCCCTGTATCTCTGTGCCAGCAGCTCGGCCTTGCCAGGGTTCTACTACGAGCAGTACTTCGGGCCG"	"CASSSALPGFYYEQYF"	"GCCTTGTTGCTGGGGGACTCGGCCCTGTATCTCTGTGCCAGCAGCTCGGCCTTGCCAGGGTTCTACTACGAGCAGTACTTCGGGCCG"	"CASSSALPGFYYEQYF"	"TCRBV5-5*1"	"TCRBD1-1*1"	"TCRBJ2-7*1"	46	55	60	65	9	5	NA	NA	"GCCTTGTTGCTGGGGGACTCGGCCCTGTATCTCTGTGCCAGCAGCTCGGCCTTGCCAGGGTTCTACTACGAGCAGTACTTCGGGCCG"	FALSE	TRUE	NA	NA	NA	NA
"AGCGCACAGAGCAGGAGGACTCGGCCGTGTATCTCTGTGCCAGCAGCCTCAAGAGTAGCGGGAGGACATGAGCAGTTCTTCGGGCCA"	""	"AGCGCACAGAGCAGGAGGACTCGGCCGTGTATCTCTGTGCCAGCAGCCTCAAGAGTAGCGGGAGGACATGAGCAGTTCTTCGGGCCA"	""	"TCRBV7-2"	"TCRBD2-1*2"	"TCRBJ2-1*1"	47	55	65	67	8	2	NA	NA	"AGCGCACAGAGCAGGAGGACTCGGCCGTGTATCTCTGTGCCAGCAGCCTCAAGAGTAGCGGGAGGACATGAGCAGTTCTTCGGGCCA"	FALSE	FALSE	NA	NA	NA	NA
"ATCCGGTCCACAAAGCTGGAGGACTCAGCCATGTACTTCTGTGCCAGCAGTGAAGTCGCTAGCGCTGATGAGCAGTTCTTCGGGCCA"	"CASSEVASADEQFF"	"ATCCGGTCCACAAAGCTGGAGGACTCAGCCATGTACTTCTGTGCCAGCAGTGAAGTCGCTAGCGCTGATGAGCAGTTCTTCGGGCCA"	"CASSEVASADEQFF"	"TCRBV2-1"	"TCRBD2-1"	"TCRBJ2-1*1"	55	58	64	67	3	3	NA	NA	"ATCCGGTCCACAAAGCTGGAGGACTCAGCCATGTACTTCTGTGCCAGCAGTGAAGTCGCTAGCGCTGATGAGCAGTTCTTCGGGCCA"	FALSE	TRUE	NA	NA	NA	NA
"ACTCGGCCGTGTATCTCTGTGCCAGCAGCTTAGGTGGGGGACTAGCGGGAGGGCCCGGCAACCTACAATGAGCAGTTCTTCGGGCCA"	""	"ACTCGGCCGTGTATCTCTGTGCCAGCAGCTTAGGTGGGGGACTAGCGGGAGGGCCCGGCAACCTACAATGAGCAGTTCTTCGGGCCA"	""	NA	"TCRBD2-1*2"	"TCRBJ2-1*1"	33	37	53	61	4	8	NA	NA	"ACTCGGCCGTGTATCTCTGTGCCAGCAGCTTAGGTGGGGGACTAGCGGGAGGGCCCGGCAACCTACAATGAGCAGTTCTTCGGGCCA"	FALSE	FALSE	NA	NA	NA	NA
"CGGTCCACAAAGCTGGAGGACTCAGCCATGTACTTCTGTGCCAGCAGCCAGACTAGCGGGTACTACAATGAGCAGTTCTTCGGGCCA"	"CASSQTSGYYNEQFF"	"CGGTCCACAAAGCTGGAGGACTCAGCCATGTACTTCTGTGCCAGCAGCCAGACTAGCGGGTACTACAATGAGCAGTTCTTCGGGCCA"	"CASSQTSGYYNEQFF"	"TCRBV2-1"	"TCRBD2-1"	"TCRBJ2-1*1"	47	50	60	62	3	2	NA	NA	"CGGTCCACAAAGCTGGAGGACTCAGCCATGTACTTCTGTGCCAGCAGCCAGACTAGCGGGTACTACAATGAGCAGTTCTTCGGGCCA"	FALSE	TRUE	NA	NA	NA	NA
"AGTCTGCCAGGCCCTCACATACCTCTCAGTACCTCTGTGCCAGCAGTGAATCCGTCATATTCCTACAATGAGCAGTTCTTCGGGCCA"	""	"AGTCTGCCAGGCCCTCACATACCTCTCAGTACCTCTGTGCCAGCAGTGAATCCGTCATATTCCTACAATGAGCAGTTCTTCGGGCCA"	""	"TCRBV25-1*1"	NA	"TCRBJ2-1*1"	51	55	57	60	4	3	NA	NA	"AGTCTGCCAGGCCCTCACATACCTCTCAGTACCTCTGTGCCAGCAGTGAATCCGTCATATTCCTACAATGAGCAGTTCTTCGGGCCA"	FALSE	FALSE	NA	NA	NA	NA
"GAGTCTGCCATCCCCAACCAGACAGCTCTTTACTTCTGTGCCACCAGTGACTTCGGTGGGAGCACAGATACGCAGTATTTTGGCCCA"	"CATSDFGGSTDTQYF"	"GAGTCTGCCATCCCCAACCAGACAGCTCTTTACTTCTGTGCCACCAGTGACTTCGGTGGGAGCACAGATACGCAGTATTTTGGCCCA"	"CATSDFGGSTDTQYF"	"TCRBV24-1*1"	NA	"TCRBJ2-3*1"	50	57	-1	60	7	61	NA	NA	"GAGTCTGCCATCCCCAACCAGACAGCTCTTTACTTCTGTGCCACCAGTGACTTCGGTGGGAGCACAGATACGCAGTATTTTGGCCCA"	FALSE	TRUE	NA	NA	NA	NA
"ATCCGGTCCACAAAGCTGGAGGACTCAGCCATGTACTTCTGTGCCAGCAGGGCGGGCTTCCGAGACACTGAAGCTTTCTTTGGACAA"	"CASRAGFRDTEAFF"	"ATCCGGTCCACAAAGCTGGAGGACTCAGCCATGTACTTCTGTGCCAGCAGGGCGGGCTTCCGAGACACTGAAGCTTTCTTTGGACAA"	"CASRAGFRDTEAFF"	"TCRBV2-1"	"TCRBD2-1"	"TCRBJ1-1*1"	50	51	56	64	1	8	NA	NA	"ATCCGGTCCACAAAGCTGGAGGACTCAGCCATGTACTTCTGTGCCAGCAGGGCGGGCTTCCGAGACACTGAAGCTTTCTTTGGACAA"	FALSE	TRUE	NA	NA	NA	NA
"GCCAGGCCCTCACATACCTCTCAGTACCTCTGTGCCAGCAGTGAGCCGAACGAAGCGGGAGGGTCCTACGAGCAGTACTTCGGGCCG"	"CASSEPNEAGGSYEQYF"	"GCCAGGCCCTCACATACCTCTCAGTACCTCTGTGCCAGCAGTGAGCCGAACGAAGCGGGAGGGTCCTACGAGCAGTACTTCGGGCCG"	"CASSEPNEAGGSYEQYF"	"TCRBV25-1*1"	"TCRBD2-1*2"	"TCRBJ2-7*1"	44	53	-1	63	9	64	NA	NA	"GCCAGGCCCTCACATACCTCTCAGTACCTCTGTGCCAGCAGTGAGCCGAACGAAGCGGGAGGGTCCTACGAGCAGTACTTCGGGCCG"	FALSE	TRUE	NA	NA	NA	NA
"NNNTGTCGGCTGCTCCCTCCCAGACATCTGTGTACTTCTGTGCCCCCCCCTGGGCTAGCGGGAGAACACGAGCAGTACTTCGGGCCG"	""	"NNNTGTCGGCTGCTCCCTCCCAGACATCTGTGTACTTCTGTGCCCCCCCCTGGGCTAGCGGGAGAACACGAGCAGTACTTCGGGCCG"	""	"TCRBV6-5*1"	"TCRBD2-1*2"	"TCRBJ2-7*1"	44	54	64	67	10	3	NA	NA	"NNNTGTCGGCTGCTCCCTCCCAGACATCTGTGTACTTCTGTGCCCCCCCCTGGGCTAGCGGGAGAACACGAGCAGTACTTCGGGCCG"	FALSE	FALSE	NA	NA	NA	NA
"CCTGAGCTCTCTGGAGCTGGGGGACTCAGCTTTGTATTTCTGTGCCAGCAGCGTAGGGGGGGATTGGCACCCCAGCATTTTGGTGAT"	""	"CCTGAGCTCTCTGGAGCTGGGGGACTCAGCTTTGTATTTCTGTGCCAGCAGCGTAGGGGGGGATTGGCACCCCAGCATTTTGGTGAT"	""	"TCRBV9-1*1"	"TCRBD2-1*1"	"TCRBJ1-5*1"	-1	56	62	69	57	7	NA	NA	"CCTGAGCTCTCTGGAGCTGGGGGACTCAGCTTTGTATTTCTGTGCCAGCAGCGTAGGGGGGGATTGGCACCCCAGCATTTTGGTGAT"	FALSE	FALSE	NA	NA	NA	NA
"TCTGGAGCTGGGGGACTCAGCTTTGTATTTCTGTGCCAGCAGCGTAGAGTGGAAGGGCAGGGGGGAGAGACCCAGTACTTCGGGCCA"	""	"TCTGGAGCTGGGGGACTCAGCTTTGTATTTCTGTGCCAGCAGCGTAGAGTGGAAGGGCAGGGGGGAGAGACCCAGTACTTCGGGCCA"	""	"TCRBV9-1*1"	"TCRBD1-1*1"	"TCRBJ2-5*1"	47	57	64	65	10	1	NA	NA	"TCTGGAGCTGGGGGACTCAGCTTTGTATTTCTGTGCCAGCAGCGTAGAGTGGAAGGGCAGGGGGGAGAGACCCAGTACTTCGGGCCA"	FALSE	FALSE	NA	NA	NA	NA
"TTGGAGCTGGGGGACTCGGCCCTTTATCTTTGCGCCAGCAGCTTGCAGAGTGCGGGAGCGGGCACAGATACGCAGTATTTTGGCCCA"	"CASSLQSAGAGTDTQYF"	"TTGGAGCTGGGGGACTCGGCCCTTTATCTTTGCGCCAGCAGCTTGCAGAGTGCGGGAGCGGGCACAGATACGCAGTATTTTGGCCCA"	"CASSLQSAGAGTDTQYF"	"TCRBV5-1*1"	"TCRBD2-1*2"	"TCRBJ2-3*1"	45	51	58	61	6	3	NA	NA	"TTGGAGCTGGGGGACTCGGCCCTTTATCTTTGCGCCAGCAGCTTGCAGAGTGCGGGAGCGGGCACAGATACGCAGTATTTTGGCCCA"	FALSE	TRUE	NA	NA	NA	NA
"AAGAAGCTCCTTCTCAGTGACTCTGGCTTCTATCTCTGTGCCACCGAAAGCGGACAGGGCGTGGACAATGAGCAGTTCTTCGGGCCA"	"CATESGQGVDNEQFF"	"AAGAAGCTCCTTCTCAGTGACTCTGGCTTCTATCTCTGTGCCACCGAAAGCGGACAGGGCGTGGACAATGAGCAGTTCTTCGGGCCA"	"CATESGQGVDNEQFF"	"TCRBV3-1"	"TCRBD1-1*1"	"TCRBJ2-1*1"	42	51	59	64	9	5	NA	NA	"AAGAAGCTCCTTCTCAGTGACTCTGGCTTCTATCTCTGTGCCACCGAAAGCGGACAGGGCGTGGACAATGAGCAGTTCTTCGGGCCA"	FALSE	TRUE	NA	NA	NA	NA
"GACAGTGACCAGTGCCCATCCTGAAGACAGCAGCTTCTACATCTGCAGTGCACCCGGGGGGGGGCGCGTGGCTACACCTTCGGTTCG"	""	"GACAGTGACCAGTGCCCATCCTGAAGACAGCAGCTTCTACATCTGCAGTGCACCCGGGGGGGGGCGCGTGGCTACACCTTCGGTTCG"	""	NA	"TCRBD2-1*1"	"TCRBJ1-2*1"	51	54	62	68	3	6	NA	NA	"GACAGTGACCAGTGCCCATCCTGAAGACAGCAGCTTCTACATCTGCAGTGCACCCGGGGGGGGGCGCGTGGCTACACCTTCGGTTCG"	FALSE	FALSE	NA	NA	NA	NA
"ACCTTGGAGCTGGGGGACTCGGCCCTTTATCTTTGCGCCAGCAGCTTGGGGGCGGGAGCATCCTACAATGAGCAGTTCTTCGGGCCA"	"CASSLGAGASYNEQFF"	"ACCTTGGAGCTGGGGGACTCGGCCCTTTATCTTTGCGCCAGCAGCTTGGGGGCGGGAGCATCCTACAATGAGCAGTTCTTCGGGCCA"	"CASSLGAGASYNEQFF"	"TCRBV5-1*1"	"TCRBD2-1*2"	"TCRBJ2-1*1"	49	51	58	60	2	2	NA	NA	"ACCTTGGAGCTGGGGGACTCGGCCCTTTATCTTTGCGCCAGCAGCTTGGGGGCGGGAGCATCCTACAATGAGCAGTTCTTCGGGCCA"	FALSE	TRUE	NA	NA	NA	NA
"GAGTCCGCCAGCACCAACCAGACATCTATGTACCTCTGTGCCAGCAGACAACAGGGGGCGAGGGGTCAGCCCCAGCATTTTGGTGAT"	"CASRQQGARGQPQHF"	"GAGTCCGCCAGCACCAACCAGACATCTATGTACCTCTGTGCCAGCAGACAACAGGGGGCGAGGGGTCAGCCCCAGCATTTTGGTGAT"	"CASRQQGARGQPQHF"	"TCRBV28-1*1"	"TCRBD1-1*1"	"TCRBJ1-5*1"	47	50	59	65	3	6	NA	NA	"GAGTCCGCCAGCACCAACCAGACATCTATGTACCTCTGTGCCAGCAGACAACAGGGGGCGAGGGGTCAGCCCCAGCATTTTGGTGAT"	FALSE	TRUE	NA	NA	NA	NA
"AGCTCTCTGGAGCTGGGGGACTCAGCTTTGTATTTCTGTGCCAGCAGCGTAGAGGGATTTGGGGGGTCAGAAGCTTTCTTTGGACAA"	"CASSVEGFGGSEAFF"	"AGCTCTCTGGAGCTGGGGGACTCAGCTTTGTATTTCTGTGCCAGCAGCGTAGAGGGATTTGGGGGGTCAGAAGCTTTCTTTGGACAA"	"CASSVEGFGGSEAFF"	"TCRBV9-1*1"	"TCRBD2-1*1"	"TCRBJ1-1*1"	52	60	66	69	8	3	NA	NA	"AGCTCTCTGGAGCTGGGGGACTCAGCTTTGTATTTCTGTGCCAGCAGCGTAGAGGGATTTGGGGGGTCAGAAGCTTTCTTTGGACAA"	FALSE	TRUE	NA	NA	NA	NA
"ATCCAGCAGGTAGTGCGAGGAGATTCGGCAGCTTATTTCTGTGCCAGCTCATCATACAGGGAGGGCCATGAGCAGTTCTTCGGGCCA"	"CASSSYREGHEQFF"	"ATCCAGCAGGTAGTGCGAGGAGATTCGGCAGCTTATTTCTGTGCCAGCTCATCATACAGGGAGGGCCATGAGCAGTTCTTCGGGCCA"	"CASSSYREGHEQFF"	"TCRBV18-1*1"	"TCRBD2-1*2"	"TCRBJ2-1*1"	51	58	65	67	7	2	NA	NA	"ATCCAGCAGGTAGTGCGAGGAGATTCGGCAGCTTATTTCTGTGCCAGCTCATCATACAGGGAGGGCCATGAGCAGTTCTTCGGGCCA"	FALSE	TRUE	NA	NA	NA	NA
"AACGCCTTGGAGCTGGACGACTCGGCCCTGTATCTCTGTGCCAGCAGCGAGGGACTAGGGGCGGCCAATGAGCAGTTCTTCGGGCCA"	"CASSEGLGAANEQFF"	"AACGCCTTGGAGCTGGACGACTCGGCCCTGTATCTCTGTGCCAGCAGCGAGGGACTAGGGGCGGCCAATGAGCAGTTCTTCGGGCCA"	"CASSEGLGAANEQFF"	"TCRBV5-4*1"	"TCRBD2-1"	"TCRBJ2-1*1"	48	50	58	65	2	7	NA	NA	"AACGCCTTGGAGCTGGACGACTCGGCCCTGTATCTCTGTGCCAGCAGCGAGGGACTAGGGGCGGCCAATGAGCAGTTCTTCGGGCCA"	FALSE	TRUE	NA	NA	NA	NA
"TGCAGAGCTTGGGGACTCGGCCGTGTATCTCTGTGCCAGCAGCTGATTTAAGGGGTGGACACCTATGAAAAACTGTTTTTTGGCAGT"	""	"TGCAGAGCTTGGGGACTCGGCCGTGTATCTCTGTGCCAGCAGCTGATTTAAGGGGTGGACACCTATGAAAAACTGTTTTTTGGCAGT"	""	"TCRBV11-3*1"	"TCRBD1-1*1"	"TCRBJ1-4*1"	44	56	61	64	12	3	NA	NA	"TGCAGAGCTTGGGGACTCGGCCGTGTATCTCTGTGCCAGCAGCTGATTTAAGGGGTGGACACCTATGAAAAACTGTTTTTTGGCAGT"	FALSE	FALSE	NA	NA	NA	NA
"CTTCTCAGTGACTCTGGCTTCTATCTCTGTGCCTGGAGTTCATCCGGCTCAGGACTGATCTCTGGAAACACCATATATTTTGGAGAG"	"CAWSSSGSGLISGNTIYF"	"CTTCTCAGTGACTCTGGCTTCTATCTCTGTGCCTGGAGTTCATCCGGCTCAGGACTGATCTCTGGAAACACCATATATTTTGGAGAG"	"CAWSSSGSGLISGNTIYF"	"TCRBV3-1*1"	"TCRBD2-1"	"TCRBJ1-3*1"	39	51	56	59	12	3	NA	NA	"CTTCTCAGTGACTCTGGCTTCTATCTCTGTGCCTGGAGTTCATCCGGCTCAGGACTGATCTCTGGAAACACCATATATTTTGGAGAG"	FALSE	TRUE	NA	NA	NA	NA
"TCGGCTGCTCCCTCCCAGACATCTGTGTACTTCTGTGCCAGCAGTCCCCTGGAAGTCGGAGCTAACTATGGCTACACCTTCGGTTCG"	"CASSPLEVGANYGYTF"	"TCGGCTGCTCCCTCCCAGACATCTGTGTACTTCTGTGCCAGCAGTCCCCTGGAAGTCGGAGCTAACTATGGCTACACCTTCGGTTCG"	"CASSPLEVGANYGYTF"	NA	"TCRBD2-1*2"	"TCRBJ1-2*1"	45	57	-1	61	12	62	NA	NA	"TCGGCTGCTCCCTCCCAGACATCTGTGTACTTCTGTGCCAGCAGTCCCCTGGAAGTCGGAGCTAACTATGGCTACACCTTCGGTTCG"	FALSE	TRUE	NA	NA	NA	NA
"CAGCAGGTAGTGCGAGGAGATTCGGCAGCTTATTTCTGTGCCAGCTCACCACCCTTGTCGGGGCCAACGTCCTGACTTTCGGGGCCG"	"CASSPPLSGPTS*LS"	"CAGCAGGTAGTGCGAGGAGATTCGGCAGCTTATTTCTGTGCCAGCTCACCACCCTTGTCGGGGCCAACGTCCTGACTTTCGGGGCCG"	"CASSPPLSGPTS*LS"	"TCRBV18-1*1"	NA	"TCRBJ2-7"	53	59	64	81	6	17	NA	NA	"CAGCAGGTAGTGCGAGGAGATTCGGCAGCTTATTTCTGTGCCAGCTCACCACCCTTGTCGGGGCCAACGTCCTGACTTTCGGGGCCG"	FALSE	TRUE	NA	NA	NA	NA
"CTGACGATCCAGCGCACAGAGCAGGGGGACTCGGCCATGTATCTCTGTGCCAGCAGCTTAGACGGATATGGCTACACCTTCGGTTCG"	"CASSLDGYGYTF"	"CTGACGATCCAGCGCACAGAGCAGGGGGACTCGGCCATGTATCTCTGTGCCAGCAGCTTAGACGGATATGGCTACACCTTCGGTTCG"	"CASSLDGYGYTF"	"TCRBV7-9*1"	NA	"TCRBJ1-2*1"	61	63	-1	66	2	67	NA	NA	"CTGACGATCCAGCGCACAGAGCAGGGGGACTCGGCCATGTATCTCTGTGCCAGCAGCTTAGACGGATATGGCTACACCTTCGGTTCG"	FALSE	TRUE	NA	NA	NA	NA
"NTGAAGATCCAGCCCTCAGAACCCAGGGACTCAGCTGTGTACTTCTGTGCCAGCAGTTCCCAGGGTTTGCAAGCTTTCTTTGGACAA"	"CASSSQGLQAFF"	"NTGAAGATCCAGCCCTCAGAACCCAGGGACTCAGCTGTGTACTTCTGTGCCAGCAGTTCCCAGGGTTTGCAAGCTTTCTTTGGACAA"	"CASSSQGLQAFF"	"TCRBV12-3/12-4*1"	"TCRBD1-1*1"	"TCRBJ1-1*1"	58	60	65	70	2	5	NA	NA	"NTGAAGATCCAGCCCTCAGAACCCAGGGACTCAGCTGTGTACTTCTGTGCCAGCAGTTCCCAGGGTTTGCAAGCTTTCTTTGGACAA"	FALSE	TRUE	NA	NA	NA	NA
"GTGACCAGTGCCCATCCTGAGGACAGCAGCTTCTACATCTGCAGTGCTGGAACGGGACTAAACTACAATGAGCAGTTCTTCGGGCCA"	"CSAGTGLNYNEQFF"	"GTGACCAGTGCCCATCCTGAGGACAGCAGCTTCTACATCTGCAGTGCTGGAACGGGACTAAACTACAATGAGCAGTTCTTCGGGCCA"	"CSAGTGLNYNEQFF"	NA	"TCRBD2-1"	"TCRBJ2-1*1"	48	53	60	62	5	2	NA	NA	"GTGACCAGTGCCCATCCTGAGGACAGCAGCTTCTACATCTGCAGTGCTGGAACGGGACTAAACTACAATGAGCAGTTCTTCGGGCCA"	FALSE	TRUE	NA	NA	NA	NA
"AACCTTCACCTACACGCCCTGCAGCCAGAAGACTCAGCCCTGTATCTCTGCGCCAGCAGCCCTGGGGACAATCTGTTTTTTGGCAGT"	"CASSPGDNLFF"	"AACCTTCACCTACACGCCCTGCAGCCAGAAGACTCAGCCCTGTATCTCTGCGCCAGCAGCCCTGGGGACAATCTGTTTTTTGGCAGT"	"CASSPGDNLFF"	"TCRBV4-1*1"	"TCRBD1-1*1"	"TCRBJ1-4*1"	61	64	70	72	3	2	NA	NA	"AACCTTCACCTACACGCCCTGCAGCCAGAAGACTCAGCCCTGTATCTCTGCGCCAGCAGCCCTGGGGACAATCTGTTTTTTGGCAGT"	FALSE	TRUE	NA	NA	NA	NA
"CACGCCCTGCAGCCAGAAGACTCAGCCCTGTATCTCTGCGCCAGCAGCCAAGGGTCCAGGATCTCCTACGAGCAGTACTTCGGGCCG"	"CASSQGSRISYEQYF"	"CACGCCCTGCAGCCAGAAGACTCAGCCCTGTATCTCTGCGCCAGCAGCCAAGGGTCCAGGATCTCCTACGAGCAGTACTTCGGGCCG"	"CASSQGSRISYEQYF"	"TCRBV4-1*1"	"TCRBD1-1*1"	"TCRBJ2-7*1"	52	56	60	62	4	2	NA	NA	"CACGCCCTGCAGCCAGAAGACTCAGCCCTGTATCTCTGCGCCAGCAGCCAAGGGTCCAGGATCTCCTACGAGCAGTACTTCGGGCCG"	FALSE	TRUE	NA	NA	NA	NA
"AGCACCTTGGAGCTGGGGGACTCGGCCCTTTATCTTTGCGCCAGCAGCTTCGGACAGGGTGATAATTCACCCCTCCACTTTGGGAAT"	"CASSFGQGDNSPLHF"	"AGCACCTTGGAGCTGGGGGACTCGGCCCTTTATCTTTGCGCCAGCAGCTTCGGACAGGGTGATAATTCACCCCTCCACTTTGGGAAT"	"CASSFGQGDNSPLHF"	"TCRBV5-1*1"	"TCRBD1-1*1"	"TCRBJ1-6*1"	50	51	59	61	1	2	NA	NA	"AGCACCTTGGAGCTGGGGGACTCGGCCCTTTATCTTTGCGCCAGCAGCTTCGGACAGGGTGATAATTCACCCCTCCACTTTGGGAAT"	FALSE	TRUE	NA	NA	NA	NA
"AGCTGGGGGACTCAGCTTTGTATTTCTGTGCCAGCAGCCCTAGGACAGCCGCACGGATCTGGGGCCAACGTCCTGACTTTCGGGGCC"	""	"AGCTGGGGGACTCAGCTTTGTATTTCTGTGCCAGCAGCCCTAGGACAGCCGCACGGATCTGGGGCCAACGTCCTGACTTTCGGGGCC"	""	"TCRBV9-1*1"	"TCRBD1-1*1"	"TCRBJ2-6*1"	38	42	48	57	4	9	NA	NA	"AGCTGGGGGACTCAGCTTTGTATTTCTGTGCCAGCAGCCCTAGGACAGCCGCACGGATCTGGGGCCAACGTCCTGACTTTCGGGGCC"	FALSE	FALSE	NA	NA	NA	NA
"GGGGGACTCAGCCGTGTATCTCTGTGCCAGCAGGTCTCGGTTGTGGTTAACGGGACAGGGCGGGCAGATACGCAGTATTTTGGCCCA"	""	"GGGGGACTCAGCCGTGTATCTCTGTGCCAGCAGGTCTCGGTTGTGGTTAACGGGACAGGGCGGGCAGATACGCAGTATTTTGGCCCA"	""	"TCRBV7-3*1"	"TCRBD1-1*1"	"TCRBJ2-3*1"	33	51	60	64	18	4	NA	NA	"GGGGGACTCAGCCGTGTATCTCTGTGCCAGCAGGTCTCGGTTGTGGTTAACGGGACAGGGCGGGCAGATACGCAGTATTTTGGCCCA"	FALSE	FALSE	NA	NA	NA	NA
"CTAGAGTCTGCCATCCCCAACCAGACAGCTCTTTACTTCTGTGCCACCAGTAGGGGGCTAGCTACAGATACGCAGTATTTTGGCCCA"	"CATSRGLATDTQYF"	"CTAGAGTCTGCCATCCCCAACCAGACAGCTCTTTACTTCTGTGCCACCAGTAGGGGGCTAGCTACAGATACGCAGTATTTTGGCCCA"	"CATSRGLATDTQYF"	"TCRBV24-1*1"	"TCRBD1-1*1"	"TCRBJ2-3*1"	-1	51	58	63	52	5	NA	NA	"CTAGAGTCTGCCATCCCCAACCAGACAGCTCTTTACTTCTGTGCCACCAGTAGGGGGCTAGCTACAGATACGCAGTATTTTGGCCCA"	FALSE	TRUE	NA	NA	NA	NA
"TCCAGCAGGTAGTGCGAGGAGATTCGGCAGCTTATTTCTGTGCCAGCTCACCTGGACAGGGGGAACAATGAGCAGTTCTTCGGGCCA"	""	"TCCAGCAGGTAGTGCGAGGAGATTCGGCAGCTTATTTCTGTGCCAGCTCACCTGGACAGGGGGAACAATGAGCAGTTCTTCGGGCCA"	""	"TCRBV18-1*1"	"TCRBD1-1*1"	"TCRBJ2-1*1"	52	53	63	64	1	1	NA	NA	"TCCAGCAGGTAGTGCGAGGAGATTCGGCAGCTTATTTCTGTGCCAGCTCACCTGGACAGGGGGAACAATGAGCAGTTCTTCGGGCCA"	FALSE	FALSE	NA	NA	NA	NA
"CTGACAGTGACCAGTGCCCATCCTGAAGACAGCAGCTTCTACATCTGCAGTGCTAGAGTACCCGGCGGGGAGGCGATTTATGGCCCA"	"CSARVPGGEAIY"	"CTGACAGTGACCAGTGCCCATCCTGAAGACAGCAGCTTCTACATCTGCAGTGCTAGAGTACCCGGCGGGGAGGCGATTTATGGCCCA"	"CSARVPGGEAIY"	NA	"TCRBD2-1"	"TCRBJ2-3*1"	58	64	70	80	6	10	NA	NA	"CTGACAGTGACCAGTGCCCATCCTGAAGACAGCAGCTTCTACATCTGCAGTGCTAGAGTACCCGGCGGGGAGGCGATTTATGGCCCA"	FALSE	TRUE	NA	NA	NA	NA
"AGCTCTCTGGAGCTGGGGGACTCAGCTTTGTATTTCTGTGCCAGCAGCGTGGGACAGGGGGCGAACACTGAAGCTTTCTTTGGACAA"	"CASSVGQGANTEAFF"	"AGCTCTCTGGAGCTGGGGGACTCAGCTTTGTATTTCTGTGCCAGCAGCGTGGGACAGGGGGCGAACACTGAAGCTTTCTTTGGACAA"	"CASSVGQGANTEAFF"	"TCRBV9-1*1"	"TCRBD1-1*1"	"TCRBJ1-1*1"	-1	50	-1	62	51	63	NA	NA	"AGCTCTCTGGAGCTGGGGGACTCAGCTTTGTATTTCTGTGCCAGCAGCGTGGGACAGGGGGCGAACACTGAAGCTTTCTTTGGACAA"	FALSE	TRUE	NA	NA	NA	NA
"ACCAGCTCCCAGACATCTGTGTACTTCTGTGCCATCAGCAGACTAGCGGGAGGCCGAAGCTCCTACAATGAGCAGTTCTTCGGGCCA"	"CAISRLAGGRSSYNEQFF"	"ACCAGCTCCCAGACATCTGTGTACTTCTGTGCCATCAGCAGACTAGCGGGAGGCCGAAGCTCCTACAATGAGCAGTTCTTCGGGCCA"	"CAISRLAGGRSSYNEQFF"	"TCRBV1-3*1"	"TCRBD2-1*2"	"TCRBJ2-1*1"	38	40	53	59	2	6	NA	NA	"ACCAGCTCCCAGACATCTGTGTACTTCTGTGCCATCAGCAGACTAGCGGGAGGCCGAAGCTCCTACAATGAGCAGTTCTTCGGGCCA"	FALSE	TRUE	NA	NA	NA	NA
"ATCCAGCCCTCAGAACCCAGGGACTCAGCTGTGTACTTCTGTGCCAGCAGTTTAGCGAAGGCTAGCGGGGCCCAGTACTTCGGGCCA"	"CASSLAKASGAQYF"	"ATCCAGCCCTCAGAACCCAGGGACTCAGCTGTGTACTTCTGTGCCAGCAGTTTAGCGAAGGCTAGCGGGGCCCAGTACTTCGGGCCA"	"CASSLAKASGAQYF"	NA	"TCRBD2-1*1"	"TCRBJ2-5*1"	56	61	-1	70	5	71	NA	NA	"ATCCAGCCCTCAGAACCCAGGGACTCAGCTGTGTACTTCTGTGCCAGCAGTTTAGCGAAGGCTAGCGGGGCCCAGTACTTCGGGCCA"	FALSE	TRUE	NA	NA	NA	NA
"AGCACCTTGGAGCTGGGGGACTCGGCCCTTTATCTTTGCGCCAGCAGCTTCGGAGGACCGAACACCGGGGAGCTGTTTTTTGGAGAA"	"CASSFGGPNTGELFF"	"AGCACCTTGGAGCTGGGGGACTCGGCCCTTTATCTTTGCGCCAGCAGCTTCGGAGGACCGAACACCGGGGAGCTGTTTTTTGGAGAA"	"CASSFGGPNTGELFF"	"TCRBV5-1*1"	"TCRBD2-1*2"	"TCRBJ2-2*1"	50	51	56	58	1	2	NA	NA	"AGCACCTTGGAGCTGGGGGACTCGGCCCTTTATCTTTGCGCCAGCAGCTTCGGAGGACCGAACACCGGGGAGCTGTTTTTTGGAGAA"	FALSE	TRUE	NA	NA	NA	NA
"NNCTTGGAGATCCAGTCCACGGAGTCAGGGGACACAGCACTGTATTTCTGTGCCAGCAGCAAGTACGAAAAACTGTTTTTTGGCAGT"	"CASSKYEKLFF"	"NNCTTGGAGATCCAGTCCACGGAGTCAGGGGACACAGCACTGTATTTCTGTGCCAGCAGCAAGTACGAAAAACTGTTTTTTGGCAGT"	"CASSKYEKLFF"	"TCRBV21-1*1"	NA	"TCRBJ1-4*1"	62	64	-1	66	2	67	NA	NA	"NNCTTGGAGATCCAGTCCACGGAGTCAGGGGACACAGCACTGTATTTCTGTGCCAGCAGCAAGTACGAAAAACTGTTTTTTGGCAGT"	FALSE	TRUE	NA	NA	NA	NA
"TGACATCCGCTCACCAGGCCTGGGGGACGCAGCCATGTACCTGTGTGCCACCAGCAGAGGGGGGACTATGGCTACACCTTCGGTTCG"	""	"TGACATCCGCTCACCAGGCCTGGGGGACGCAGCCATGTACCTGTGTGCCACCAGCAGAGGGGGGACTATGGCTACACCTTCGGTTCG"	""	"TCRBV15-1*2"	NA	"TCRBJ1-2*1"	-1	59	-1	64	60	65	NA	NA	"TGACATCCGCTCACCAGGCCTGGGGGACGCAGCCATGTACCTGTGTGCCACCAGCAGAGGGGGGACTATGGCTACACCTTCGGTTCG"	FALSE	FALSE	NA	NA	NA	NA
"GAGTTGGCTGCTCCCTCCCAGACATCTGTGTACTTCTGTGCCAGCAGTCCCTCCCGGGGGGAATACAATGAGCAGTTCTTCGGGCCA"	"CASSPSRGEYNEQFF"	"GAGTTGGCTGCTCCCTCCCAGACATCTGTGTACTTCTGTGCCAGCAGTCCCTCCCGGGGGGAATACAATGAGCAGTTCTTCGGGCCA"	"CASSPSRGEYNEQFF"	"TCRBV6-6*4"	"TCRBD2-1*1"	"TCRBJ2-1*1"	49	54	61	63	5	2	NA	NA	"GAGTTGGCTGCTCCCTCCCAGACATCTGTGTACTTCTGTGCCAGCAGTCCCTCCCGGGGGGAATACAATGAGCAGTTCTTCGGGCCA"	FALSE	TRUE	NA	NA	NA	NA
"GCTGCTCCCTCCCAAACATCTGTGTACTTCTGTGCCAGCAGTTACCGCCAGTTGGCAGGACTAAATTCACCCCTCCACTTTGGGAAT"	"CASSYRQLAGLNSPLHF"	"GCTGCTCCCTCCCAAACATCTGTGTACTTCTGTGCCAGCAGTTACCGCCAGTTGGCAGGACTAAATTCACCCCTCCACTTTGGGAAT"	"CASSYRQLAGLNSPLHF"	"TCRBV6-2/6-3*1"	"TCRBD2-1"	"TCRBJ1-6*1"	45	57	-1	63	12	64	NA	NA	"GCTGCTCCCTCCCAAACATCTGTGTACTTCTGTGCCAGCAGTTACCGCCAGTTGGCAGGACTAAATTCACCCCTCCACTTTGGGAAT"	FALSE	TRUE	NA	NA	NA	NA
"NNNNNNNNNNTGTCGGCTGCTCCCTCCCAGACATCTGTGTACTTCTGTGCCAGCAGTTACGATAATTCACCCCTCCACTTTGGGAAT"	"CASSYDNSPLHF"	"NNNNNNNNNNTGTCGGCTGCTCCCTCCCAGACATCTGTGTACTTCTGTGCCAGCAGTTACGATAATTCACCCCTCCACTTTGGGAAT"	"CASSYDNSPLHF"	"TCRBV6-5*1"	NA	"TCRBJ1-6*1"	-1	-1	60	61	0	1	NA	NA	"NNNNNNNNNNTGTCGGCTGCTCCCTCCCAGACATCTGTGTACTTCTGTGCCAGCAGTTACGATAATTCACCCCTCCACTTTGGGAAT"	FALSE	TRUE	NA	NA	NA	NA
"CCCTCAGAACCCAGGGACTCAGCTGTGTACTTCTGTGCCAGCAGTTTTATGGCGGGAGAACCTCCCTACGAGCAGTACTTCGGGCCG"	"CASSFMAGEPPYEQYF"	"CCCTCAGAACCCAGGGACTCAGCTGTGTACTTCTGTGCCAGCAGTTTTATGGCGGGAGAACCTCCCTACGAGCAGTACTTCGGGCCG"	"CASSFMAGEPPYEQYF"	NA	"TCRBD2-1*2"	"TCRBJ2-7*1"	47	51	58	64	4	6	NA	NA	"CCCTCAGAACCCAGGGACTCAGCTGTGTACTTCTGTGCCAGCAGTTTTATGGCGGGAGAACCTCCCTACGAGCAGTACTTCGGGCCG"	FALSE	TRUE	NA	NA	NA	NA
"GTGACATCGGCCCAAAAGAACCCGACAGCTTTCTATCTCTGTGCCAGTAGTGCTAACTCTGGGGCCAACGTCCTGACTTTCGGGGCC"	"CASSANSGANVLTF"	"GTGACATCGGCCCAAAAGAACCCGACAGCTTTCTATCTCTGTGCCAGTAGTGCTAACTCTGGGGCCAACGTCCTGACTTTCGGGGCC"	"CASSANSGANVLTF"	"TCRBV19-1*1"	"TCRBD2-1"	"TCRBJ2-6*1"	51	52	55	56	1	1	NA	NA	"GTGACATCGGCCCAAAAGAACCCGACAGCTTTCTATCTCTGTGCCAGTAGTGCTAACTCTGGGGCCAACGTCCTGACTTTCGGGGCC"	FALSE	TRUE	NA	NA	NA	NA
"TCTGCCAGGCCCTCACATACCTCTCAGTACCTCTGTGCCAGCAGTGATTTTCCCTCAGTGAAGAACACTGAAGCTTTCTTTGGACAA"	"CASSDFPSVKNTEAFF"	"TCTGCCAGGCCCTCACATACCTCTCAGTACCTCTGTGCCAGCAGTGATTTTCCCTCAGTGAAGAACACTGAAGCTTTCTTTGGACAA"	"CASSDFPSVKNTEAFF"	"TCRBV25-1*1"	"TCRBD1-1*1"	"TCRBJ1-1*1"	47	55	58	62	8	4	NA	NA	"TCTGCCAGGCCCTCACATACCTCTCAGTACCTCTGTGCCAGCAGTGATTTTCCCTCAGTGAAGAACACTGAAGCTTTCTTTGGACAA"	FALSE	TRUE	NA	NA	NA	NA
"ACGTTGGCGTCTGCTGTACCCTCTCAGACATCTGTGTACTTCTGTGCCAGCAGTGACACTACCACCGGGGAGCTGTTTTTTGGAGAA"	"CASSDTTTGELFF"	"ACGTTGGCGTCTGCTGTACCCTCTCAGACATCTGTGTACTTCTGTGCCAGCAGTGACACTACCACCGGGGAGCTGTTTTTTGGAGAA"	"CASSDTTTGELFF"	"TCRBV6-4*1"	"TCRBD2-1"	"TCRBJ2-2*1"	-1	57	61	62	58	1	NA	NA	"ACGTTGGCGTCTGCTGTACCCTCTCAGACATCTGTGTACTTCTGTGCCAGCAGTGACACTACCACCGGGGAGCTGTTTTTTGGAGAA"	FALSE	TRUE	NA	NA	NA	NA
"ACTGTGACATCGGCCCAAAAGAACCCGACAGCTTTCTATCTCTGTGCCAGCGGACTCGCGGCGGCCTATGGCTACACCTTCGGTTCG"	"CASGLAAAYGYTF"	"ACTGTGACATCGGCCCAAAAGAACCCGACAGCTTTCTATCTCTGTGCCAGCGGACTCGCGGCGGCCTATGGCTACACCTTCGGTTCG"	"CASGLAAAYGYTF"	"TCRBV19-1*1"	"TCRBD2-1"	"TCRBJ1-2*1"	50	51	56	65	1	9	NA	NA	"ACTGTGACATCGGCCCAAAAGAACCCGACAGCTTTCTATCTCTGTGCCAGCGGACTCGCGGCGGCCTATGGCTACACCTTCGGTTCG"	FALSE	TRUE	NA	NA	NA	NA
"GTGACATCGGCCCAAAAGAACCCGACAGCTTTCTATCTCTGTGCCAGTAGCCCGACTAGCGGGAGCTACGAGCAGTACTTCGGGCCG"	"CASSPTSGSYEQYF"	"GTGACATCGGCCCAAAAGAACCCGACAGCTTTCTATCTCTGTGCCAGTAGCCCGACTAGCGGGAGCTACGAGCAGTACTTCGGGCCG"	"CASSPTSGSYEQYF"	"TCRBV19-1*1"	"TCRBD2-1*2"	"TCRBJ2-7*1"	50	53	-1	65	3	66	NA	NA	"GTGACATCGGCCCAAAAGAACCCGACAGCTTTCTATCTCTGTGCCAGTAGCCCGACTAGCGGGAGCTACGAGCAGTACTTCGGGCCG"	FALSE	TRUE	NA	NA	NA	NA
"CTGGAGTCCGCCAGCACCAACCAGACATCTATGTACCTCTGTGCCAGCAGGACCTCGGGGCAGCGGCAGACCCAGTACTTCGGGCCA"	"CASRTSGQRQTQYF"	"CTGGAGTCCGCCAGCACCAACCAGACATCTATGTACCTCTGTGCCAGCAGGACCTCGGGGCAGCGGCAGACCCAGTACTTCGGGCCA"	"CASRTSGQRQTQYF"	"TCRBV28-1*1"	NA	"TCRBJ2-5*1"	50	56	61	67	6	6	NA	NA	"CTGGAGTCCGCCAGCACCAACCAGACATCTATGTACCTCTGTGCCAGCAGGACCTCGGGGCAGCGGCAGACCCAGTACTTCGGGCCA"	FALSE	TRUE	NA	NA	NA	NA
"TTGCTGGGGGACTCGGCCCTCTATCTCTGTGCCAGCAGCTTGGGTTGGTTGATGGGATTCCCTAACTATGGCTACACCTTCGGTTCG"	"CASSLGWLMGFPNYGYTF"	"TTGCTGGGGGACTCGGCCCTCTATCTCTGTGCCAGCAGCTTGGGTTGGTTGATGGGATTCCCTAACTATGGCTACACCTTCGGTTCG"	"CASSLGWLMGFPNYGYTF"	"TCRBV5-6*1"	NA	"TCRBJ1-2*1"	43	53	57	61	10	4	NA	NA	"TTGCTGGGGGACTCGGCCCTCTATCTCTGTGCCAGCAGCTTGGGTTGGTTGATGGGATTCCCTAACTATGGCTACACCTTCGGTTCG"	FALSE	TRUE	NA	NA	NA	NA
"CTCTCAAGATCCATCCTGCAAAGCTTGAGGACTCGGCCGTGTATCTCTGTGCCAGCAGCCCAGCCCCCTGGGGGGTATTTTGGCCCA"	""	"CTCTCAAGATCCATCCTGCAAAGCTTGAGGACTCGGCCGTGTATCTCTGTGCCAGCAGCCCAGCCCCCTGGGGGGTATTTTGGCCCA"	""	"TCRBV11-2"	NA	"TCRBJ2-3*1"	59	69	-1	74	10	75	NA	NA	"CTCTCAAGATCCATCCTGCAAAGCTTGAGGACTCGGCCGTGTATCTCTGTGCCAGCAGCCCAGCCCCCTGGGGGGTATTTTGGCCCA"	FALSE	FALSE	NA	NA	NA	NA
"GAGCGGGGGGACTCAGCCGTGTATCTCTGTGCCAGCAGCTTATTTTTCACGGGTTTGTTGGGGAACACTGAAGCTTTCTTTGGACAA"	"CASSLFFTGLLGNTEAFF"	"GAGCGGGGGGACTCAGCCGTGTATCTCTGTGCCAGCAGCTTATTTTTCACGGGTTTGTTGGGGAACACTGAAGCTTTCTTTGGACAA"	"CASSLFFTGLLGNTEAFF"	"TCRBV7-3*1"	"TCRBD2-1"	"TCRBJ1-1*1"	42	49	53	62	7	9	NA	NA	"GAGCGGGGGGACTCAGCCGTGTATCTCTGTGCCAGCAGCTTATTTTTCACGGGTTTGTTGGGGAACACTGAAGCTTTCTTTGGACAA"	FALSE	TRUE	NA	NA	NA	NA
"TCCACGGAGTCAGGGGACACAGCACTGTATTTCTGTGCCATCCCCGGGGGGGGCCCGTCGAGCAATCAGCCCCAGCATTTTGGTGAT"	"CAIPGGGPSSNQPQHF"	"TCCACGGAGTCAGGGGACACAGCACTGTATTTCTGTGCCATCCCCGGGGGGGGCCCGTCGAGCAATCAGCCCCAGCATTTTGGTGAT"	"CAIPGGGPSSNQPQHF"	"TCRBV21-1*1"	"TCRBD2-1*1"	"TCRBJ1-5*1"	40	44	52	60	4	8	NA	NA	"TCCACGGAGTCAGGGGACACAGCACTGTATTTCTGTGCCATCCCCGGGGGGGGCCCGTCGAGCAATCAGCCCCAGCATTTTGGTGAT"	FALSE	TRUE	NA	NA	NA	NA
"ACCCTGGAGTCTGCCAGGCCCTCACATACCTCTCAGTACCTCTGTGCCAGCAGTGCCCCCGGGCCCGCGGGCTACACCTTCGGTTCG"	"CASSAPGPAGYTF"	"ACCCTGGAGTCTGCCAGGCCCTCACATACCTCTCAGTACCTCTGTGCCAGCAGTGCCCCCGGGCCCGCGGGCTACACCTTCGGTTCG"	"CASSAPGPAGYTF"	"TCRBV25-1*1"	NA	"TCRBJ1-2*1"	55	60	64	69	5	5	NA	NA	"ACCCTGGAGTCTGCCAGGCCCTCACATACCTCTCAGTACCTCTGTGCCAGCAGTGCCCCCGGGCCCGCGGGCTACACCTTCGGTTCG"	FALSE	TRUE	NA	NA	NA	NA
"TTGGCGTCTGCTGTACCCTCTCAGACATCTGTGTACTTCTGTGCCAGCAGTGACTCAGCGGGGGCTTATGGCTACACCTTCGGTTCG"	"CASSDSAGAYGYTF"	"TTGGCGTCTGCTGTACCCTCTCAGACATCTGTGTACTTCTGTGCCAGCAGTGACTCAGCGGGGGCTTATGGCTACACCTTCGGTTCG"	"CASSDSAGAYGYTF"	"TCRBV6-4*1"	"TCRBD2-1*1"	"TCRBJ1-2*1"	-1	56	64	66	57	2	NA	NA	"TTGGCGTCTGCTGTACCCTCTCAGACATCTGTGTACTTCTGTGCCAGCAGTGACTCAGCGGGGGCTTATGGCTACACCTTCGGTTCG"	FALSE	TRUE	NA	NA	NA	NA
"TTGTTGCTGGGGGACTCGGCCCTCTATCTCTGTGCCAGCAGCGACAGGGGGGTTAACGAGAAGATCTATGGCTACACCTTCGGTTCG"	"CASSDRGVNEKIYGYTF"	"TTGTTGCTGGGGGACTCGGCCCTCTATCTCTGTGCCAGCAGCGACAGGGGGGTTAACGAGAAGATCTATGGCTACACCTTCGGTTCG"	"CASSDRGVNEKIYGYTF"	"TCRBV5-6*1"	"TCRBD1-1*1"	"TCRBJ1-2*1"	-1	42	51	65	43	14	NA	NA	"TTGTTGCTGGGGGACTCGGCCCTCTATCTCTGTGCCAGCAGCGACAGGGGGGTTAACGAGAAGATCTATGGCTACACCTTCGGTTCG"	FALSE	TRUE	NA	NA	NA	NA
"TCGGCCCAAAAGAACCCGACAGCTTTCTATCTCTGTGCCAGTAGTATAGGTCTACAGGGGGCGGCAGATACGCAGTATTTTGGCCCA"	"CASSIGLQGAADTQYF"	"TCGGCCCAAAAGAACCCGACAGCTTTCTATCTCTGTGCCAGTAGTATAGGTCTACAGGGGGCGGCAGATACGCAGTATTTTGGCCCA"	"CASSIGLQGAADTQYF"	"TCRBV19-1*1"	"TCRBD1-1*1"	"TCRBJ2-3*1"	49	53	62	64	4	2	NA	NA	"TCGGCCCAAAAGAACCCGACAGCTTTCTATCTCTGTGCCAGTAGTATAGGTCTACAGGGGGCGGCAGATACGCAGTATTTTGGCCCA"	FALSE	TRUE	NA	NA	NA	NA
"CTCCCAGACATCTGTGTACTTCTGTGCCAGCAGTTACGGACTAGCGGGATTCGACACTCTGGGGCCAACGTCCTGACTTTCGGGGCC"	""	"CTCCCAGACATCTGTGTACTTCTGTGCCAGCAGTTACGGACTAGCGGGATTCGACACTCTGGGGCCAACGTCCTGACTTTCGGGGCC"	""	NA	"TCRBD2-1*2"	"TCRBJ2-6*1"	-1	37	49	56	38	7	NA	NA	"CTCCCAGACATCTGTGTACTTCTGTGCCAGCAGTTACGGACTAGCGGGATTCGACACTCTGGGGCCAACGTCCTGACTTTCGGGGCC"	FALSE	FALSE	NA	NA	NA	NA
"GTGACCAGTGCCCATCCTGAAGACAGCAGCTTCTACATCTGCAGTGCTAAAGTCGAAAGGGTGTCCTATGGCTACACCTTCGGTTCG"	"CSAKVERVSYGYTF"	"GTGACCAGTGCCCATCCTGAAGACAGCAGCTTCTACATCTGCAGTGCTAAAGTCGAAAGGGTGTCCTATGGCTACACCTTCGGTTCG"	"CSAKVERVSYGYTF"	NA	NA	"TCRBJ1-2*1"	49	57	61	65	8	4	NA	NA	"GTGACCAGTGCCCATCCTGAAGACAGCAGCTTCTACATCTGCAGTGCTAAAGTCGAAAGGGTGTCCTATGGCTACACCTTCGGTTCG"	FALSE	TRUE	NA	NA	NA	NA
"GTCTGCCATCCCCAACCAGACAGCTCTTTACTTCTGTGCCACCAGTGACGACAGCGGGGGGCCAAAAACATTCAGTACTTCGGCGCC"	""	"GTCTGCCATCCCCAACCAGACAGCTCTTTACTTCTGTGCCACCAGTGACGACAGCGGGGGGCCAAAAACATTCAGTACTTCGGCGCC"	""	"TCRBV24-1*1"	"TCRBD2-1*1"	"TCRBJ2-4*1"	48	52	-1	60	4	61	NA	NA	"GTCTGCCATCCCCAACCAGACAGCTCTTTACTTCTGTGCCACCAGTGACGACAGCGGGGGGCCAAAAACATTCAGTACTTCGGCGCC"	FALSE	FALSE	NA	NA	NA	NA
"ACTCTGGAGTCCGCTACCAGCTCCCAGACATCTGTGTACTTCTGTGCCATCAGGGGACAGGTCAATAACGAGCAGTACTTCGGGCCG"	"CAIRGQVNNEQYF"	"ACTCTGGAGTCCGCTACCAGCTCCCAGACATCTGTGTACTTCTGTGCCATCAGGGGACAGGTCAATAACGAGCAGTACTTCGGGCCG"	"CAIRGQVNNEQYF"	"TCRBV1-3*1"	"TCRBD1-1*1"	"TCRBJ2-7*1"	-1	53	61	67	54	6	NA	NA	"ACTCTGGAGTCCGCTACCAGCTCCCAGACATCTGTGTACTTCTGTGCCATCAGGGGACAGGTCAATAACGAGCAGTACTTCGGGCCG"	FALSE	TRUE	NA	NA	NA	NA
"AAGAAGCTCCTTCTCAGTGACTCTGGCTTCTATCTCTGTGCCTGGAGTTTCGGTAGCGGGGCCTACAATGAGCAGTTCTTCGGGCCA"	"CAWSFGSGAYNEQFF"	"AAGAAGCTCCTTCTCAGTGACTCTGGCTTCTATCTCTGTGCCTGGAGTTTCGGTAGCGGGGCCTACAATGAGCAGTTCTTCGGGCCA"	"CAWSFGSGAYNEQFF"	"TCRBV3-1*1"	"TCRBD2-1*1"	"TCRBJ2-1*1"	48	53	-1	61	5	62	NA	NA	"AAGAAGCTCCTTCTCAGTGACTCTGGCTTCTATCTCTGTGCCTGGAGTTTCGGTAGCGGGGCCTACAATGAGCAGTTCTTCGGGCCA"	FALSE	TRUE	NA	NA	NA	NA
"GTAGTGCGAGGAGATTCGGCAGCTTATTTCTGTGCCAGCTCACCCGGGACTAGCGGTTGAGAGGACAATGAGCAGTTCTTCGGGCCA"	"CASSPGTSG*EDNEQFF"	"GTAGTGCGAGGAGATTCGGCAGCTTATTTCTGTGCCAGCTCACCCGGGACTAGCGGTTGAGAGGACAATGAGCAGTTCTTCGGGCCA"	"CASSPGTSG*EDNEQFF"	"TCRBV18-1*1"	"TCRBD2-1"	"TCRBJ2-1*1"	44	45	56	64	1	8	NA	NA	"GTAGTGCGAGGAGATTCGGCAGCTTATTTCTGTGCCAGCTCACCCGGGACTAGCGGTTGAGAGGACAATGAGCAGTTCTTCGGGCCA"	FALSE	TRUE	NA	NA	NA	NA
"GCTGCTCCCTCCCAGACATCTGTGTACTTCTGTGCCAGCAGTCCGGGGAGCGGGGAGGGACCCACCGGGGAGCTGTTTTTTGGAGAA"	"CASSPGSGEGPTGELFF"	"GCTGCTCCCTCCCAGACATCTGTGTACTTCTGTGCCAGCAGTCCGGGGAGCGGGGAGGGACCCACCGGGGAGCTGTTTTTTGGAGAA"	"CASSPGSGEGPTGELFF"	"TCRBV6-6*4"	"TCRBD2-1"	"TCRBJ2-2*1"	43	48	55	62	5	7	NA	NA	"GCTGCTCCCTCCCAGACATCTGTGTACTTCTGTGCCAGCAGTCCGGGGAGCGGGGAGGGACCCACCGGGGAGCTGTTTTTTGGAGAA"	FALSE	TRUE	NA	NA	NA	NA
"AAGATCCAGCCCTCAGAACCCAGGGACTCAGCTGTGTACTTCTGTGCCAGCAGTCTTCAGGGGTCAGATACGCAGTATTTTGGCCCA"	"CASSLQGSDTQYF"	"AAGATCCAGCCCTCAGAACCCAGGGACTCAGCTGTGTACTTCTGTGCCAGCAGTCTTCAGGGGTCAGATACGCAGTATTTTGGCCCA"	"CASSLQGSDTQYF"	"TCRBV12-3/12-4*1"	"TCRBD1-1*1"	"TCRBJ2-3*1"	54	57	63	64	3	1	NA	NA	"AAGATCCAGCCCTCAGAACCCAGGGACTCAGCTGTGTACTTCTGTGCCAGCAGTCTTCAGGGGTCAGATACGCAGTATTTTGGCCCA"	FALSE	TRUE	NA	NA	NA	NA
"CAGCCTGCAGAGCTTGGGGACTCGGCCGTGTATCTCTGTGCCAGCAGCTTAGTAAGGCAGTTGCCCGAGACCCAGTACTTCGGGCCA"	"CASSLVRQLPETQYF"	"CAGCCTGCAGAGCTTGGGGACTCGGCCGTGTATCTCTGTGCCAGCAGCTTAGTAAGGCAGTTGCCCGAGACCCAGTACTTCGGGCCA"	"CASSLVRQLPETQYF"	"TCRBV11-3*1"	NA	"TCRBJ2-5*1"	52	57	60	66	5	6	NA	NA	"CAGCCTGCAGAGCTTGGGGACTCGGCCGTGTATCTCTGTGCCAGCAGCTTAGTAAGGCAGTTGCCCGAGACCCAGTACTTCGGGCCA"	FALSE	TRUE	NA	NA	NA	NA
"ACCCTGCAGCCAGAAGACTCGGCCCTGTATCTCTGCGCCAGCAGCCAAGAGGGCAGCGGGGGCTACAATGAGCAGTTCTTCGGGCCA"	"CASSQEGSGGYNEQFF"	"ACCCTGCAGCCAGAAGACTCGGCCCTGTATCTCTGCGCCAGCAGCCAAGAGGGCAGCGGGGGCTACAATGAGCAGTTCTTCGGGCCA"	"CASSQEGSGGYNEQFF"	"TCRBV4-3*1"	"TCRBD2-1*1"	"TCRBJ2-1*1"	50	54	-1	62	4	63	NA	NA	"ACCCTGCAGCCAGAAGACTCGGCCCTGTATCTCTGCGCCAGCAGCCAAGAGGGCAGCGGGGGCTACAATGAGCAGTTCTTCGGGCCA"	FALSE	TRUE	NA	NA	NA	NA
"GCACAGAGCGGGGGGACTCAGCCGTGTATCTCTGTGCCAGCAGCTTAAATCCGGGAGGTTTGCTACAATGAGCAGTTCTTCGGGCCA"	""	"GCACAGAGCGGGGGGACTCAGCCGTGTATCTCTGTGCCAGCAGCTTAAATCCGGGAGGTTTGCTACAATGAGCAGTTCTTCGGGCCA"	""	"TCRBV7-3*1"	"TCRBD2-1*2"	"TCRBJ2-1*1"	48	51	58	62	3	4	NA	NA	"GCACAGAGCGGGGGGACTCAGCCGTGTATCTCTGTGCCAGCAGCTTAAATCCGGGAGGTTTGCTACAATGAGCAGTTCTTCGGGCCA"	FALSE	FALSE	NA	NA	NA	NA
"CTGCAGCCAGAAGACTCAGCCCTGTATCTCTGCGCCAGCAGCCTAAACCCCGGGACAGGGTTCGTCGATACGCAGTATTTTGGCCCA"	"CASSLNPGTGFVDTQYF"	"CTGCAGCCAGAAGACTCAGCCCTGTATCTCTGCGCCAGCAGCCTAAACCCCGGGACAGGGTTCGTCGATACGCAGTATTTTGGCCCA"	"CASSLNPGTGFVDTQYF"	"TCRBV4-1*1"	"TCRBD1-1*1"	"TCRBJ2-3*1"	43	51	60	66	8	6	NA	NA	"CTGCAGCCAGAAGACTCAGCCCTGTATCTCTGCGCCAGCAGCCTAAACCCCGGGACAGGGTTCGTCGATACGCAGTATTTTGGCCCA"	FALSE	TRUE	NA	NA	NA	NA
"ACCAGTGCCCATCCTGAAGACAGCAGCTTCTACATCTGCAGTGCTTCTGGGGCTGTGGGGGGCAATCAGCCCCAGCATTTTGGTGAT"	"CSASGAVGGNQPQHF"	"ACCAGTGCCCATCCTGAAGACAGCAGCTTCTACATCTGCAGTGCTTCTGGGGCTGTGGGGGGCAATCAGCCCCAGCATTTTGGTGAT"	"CSASGAVGGNQPQHF"	NA	NA	"TCRBJ1-5*1"	45	56	-1	61	11	62	NA	NA	"ACCAGTGCCCATCCTGAAGACAGCAGCTTCTACATCTGCAGTGCTTCTGGGGCTGTGGGGGGCAATCAGCCCCAGCATTTTGGTGAT"	FALSE	TRUE	NA	NA	NA	NA
"GAACCCAGGGACTCAGCTGTGTACTTCTGTGCCAGCAGGCCACGCCAGGTCGGGGGCCCGGTGGTAGAGACCCAGTACTTCGGGCCA"	"CASRPRQVGGPVVETQYF"	"GAACCCAGGGACTCAGCTGTGTACTTCTGTGCCAGCAGGCCACGCCAGGTCGGGGGCCCGGTGGTAGAGACCCAGTACTTCGGGCCA"	"CASRPRQVGGPVVETQYF"	NA	NA	"TCRBJ2-5*1"	38	51	57	65	13	8	NA	NA	"GAACCCAGGGACTCAGCTGTGTACTTCTGTGCCAGCAGGCCACGCCAGGTCGGGGGCCCGGTGGTAGAGACCCAGTACTTCGGGCCA"	FALSE	TRUE	NA	NA	NA	NA
"ACTGTGACATCGGCCCAAAAGAACCCGACAGCTTTCTATCTCTGTGCCAGTGGGAGGGGCGCGGGAGATACGCAGTATTTTGGCCCA"	"CASGRGAGDTQYF"	"ACTGTGACATCGGCCCAAAAGAACCCGACAGCTTTCTATCTCTGTGCCAGTGGGAGGGGCGCGGGAGATACGCAGTATTTTGGCCCA"	"CASGRGAGDTQYF"	"TCRBV19-1*1"	"TCRBD2-1*2"	"TCRBJ2-3*1"	-1	51	58	65	52	7	NA	NA	"ACTGTGACATCGGCCCAAAAGAACCCGACAGCTTTCTATCTCTGTGCCAGTGGGAGGGGCGCGGGAGATACGCAGTATTTTGGCCCA"	FALSE	TRUE	NA	NA	NA	NA
"GTGACATCGGCCCAAAAGAACCCGACAGCTTTCTATCTCTGTGCCAGTAGTATAGGTTCCCCCACAGATACGCAGTATTTTGGCCCA"	"CASSIGSPTDTQYF"	"GTGACATCGGCCCAAAAGAACCCGACAGCTTTCTATCTCTGTGCCAGTAGTATAGGTTCCCCCACAGATACGCAGTATTTTGGCCCA"	"CASSIGSPTDTQYF"	"TCRBV19-1*1"	NA	"TCRBJ2-3*1"	-1	-1	55	62	0	7	NA	NA	"GTGACATCGGCCCAAAAGAACCCGACAGCTTTCTATCTCTGTGCCAGTAGTATAGGTTCCCCCACAGATACGCAGTATTTTGGCCCA"	FALSE	TRUE	NA	NA	NA	NA
"CACACCCTGCAGCCAGAAGACTCGGCCCTGTATCTCTGTGCCAGCAGCCAAGATCTTGGGGGGCCTGACGAAGCTTTCTTTGGACAA"	"CASSQDLGGPDEAFF"	"CACACCCTGCAGCCAGAAGACTCGGCCCTGTATCTCTGTGCCAGCAGCCAAGATCTTGGGGGGCCTGACGAAGCTTTCTTTGGACAA"	"CASSQDLGGPDEAFF"	"TCRBV4-2*1"	NA	"TCRBJ1-1*1"	53	58	64	69	5	5	NA	NA	"CACACCCTGCAGCCAGAAGACTCGGCCCTGTATCTCTGTGCCAGCAGCCAAGATCTTGGGGGGCCTGACGAAGCTTTCTTTGGACAA"	FALSE	TRUE	NA	NA	NA	NA
"TCTGGAGCTGGGGGACTCAGCTTTGTATTTCTGTGCCAGCAGCGTTCAGACTAGCGGGTCTCCTACAATGAGCAGTTCTTCGGGCCA"	""	"TCTGGAGCTGGGGGACTCAGCTTTGTATTTCTGTGCCAGCAGCGTTCAGACTAGCGGGTCTCCTACAATGAGCAGTTCTTCGGGCCA"	""	"TCRBV9-1*1"	"TCRBD2-1"	"TCRBJ2-1*1"	45	48	58	59	3	1	NA	NA	"TCTGGAGCTGGGGGACTCAGCTTTGTATTTCTGTGCCAGCAGCGTTCAGACTAGCGGGTCTCCTACAATGAGCAGTTCTTCGGGCCA"	FALSE	FALSE	NA	NA	NA	NA
"GAGTCAGCTACCCGCTCCCAGACATCTGTGTATTTCTGCGCCAGCAGTGGGGGACGGAGCTCTGGAAACACCATATATTTTGGAGAG"	"CASSGGRSSGNTIYF"	"GAGTCAGCTACCCGCTCCCAGACATCTGTGTATTTCTGCGCCAGCAGTGGGGGACGGAGCTCTGGAAACACCATATATTTTGGAGAG"	"CASSGGRSSGNTIYF"	"TCRBV1-2*1"	NA	"TCRBJ1-3*1"	49	50	55	59	1	4	NA	NA	"GAGTCAGCTACCCGCTCCCAGACATCTGTGTATTTCTGCGCCAGCAGTGGGGGACGGAGCTCTGGAAACACCATATATTTTGGAGAG"	FALSE	TRUE	NA	NA	NA	NA
"NNNNTGTTGGCTGCTCCCTCCCAGACATCTGTGTACTTCTGTGCCAGCAGTTCACAGGGGCTTCGCACTGAAGCTTTCTTTGGACAA"	"CASSSQGLRTEAFF"	"NNNNTGTTGGCTGCTCCCTCCCAGACATCTGTGTACTTCTGTGCCAGCAGTTCACAGGGGCTTCGCACTGAAGCTTTCTTTGGACAA"	"CASSSQGLRTEAFF"	"TCRBV6-6*1"	"TCRBD1-1*1"	"TCRBJ1-1*1"	52	53	60	65	1	5	NA	NA	"NNNNTGTTGGCTGCTCCCTCCCAGACATCTGTGTACTTCTGTGCCAGCAGTTCACAGGGGCTTCGCACTGAAGCTTTCTTTGGACAA"	FALSE	TRUE	NA	NA	NA	NA
"CAGCGCACAGAGCAGGGGGACTCGGCCATGTATCTCTGTGCCAGCAGCACCCGACAGGGGAGCACAGATACGCAGTATTTTGGCCCA"	"CASSTRQGSTDTQYF"	"CAGCGCACAGAGCAGGGGGACTCGGCCATGTATCTCTGTGCCAGCAGCACCCGACAGGGGAGCACAGATACGCAGTATTTTGGCCCA"	"CASSTRQGSTDTQYF"	"TCRBV7-9*1"	"TCRBD1-1*1"	"TCRBJ2-3*1"	48	52	-1	60	4	61	NA	NA	"CAGCGCACAGAGCAGGGGGACTCGGCCATGTATCTCTGTGCCAGCAGCACCCGACAGGGGAGCACAGATACGCAGTATTTTGGCCCA"	FALSE	TRUE	NA	NA	NA	NA
"CTTGACATCCGCTCACCAGGCCTGGGGGACGCAGCCATGTACCTGTGTGCCACCTCCGACAGGGTCGAGACCCAGTACTTCGGGCCA"	"CATSDRVETQYF"	"CTTGACATCCGCTCACCAGGCCTGGGGGACGCAGCCATGTACCTGTGTGCCACCTCCGACAGGGTCGAGACCCAGTACTTCGGGCCA"	"CATSDRVETQYF"	"TCRBV15-1*2"	"TCRBD1-1*1"	"TCRBJ2-5*1"	54	57	64	66	3	2	NA	NA	"CTTGACATCCGCTCACCAGGCCTGGGGGACGCAGCCATGTACCTGTGTGCCACCTCCGACAGGGTCGAGACCCAGTACTTCGGGCCA"	FALSE	TRUE	NA	NA	NA	NA
"TTGTTGCTGGGGGACTCGGCCCTCTATCTCTGTGCCAGCAGCTTGGCCTTTGCGGGCCTAATTTACAATGAGCAGTTCTTCGGGCCA"	"CASSLAFAGLIYNEQFF"	"TTGTTGCTGGGGGACTCGGCCCTCTATCTCTGTGCCAGCAGCTTGGCCTTTGCGGGCCTAATTTACAATGAGCAGTTCTTCGGGCCA"	"CASSLAFAGLIYNEQFF"	"TCRBV5-6*1"	"TCRBD2-1"	"TCRBJ2-1*1"	46	51	56	63	5	7	NA	NA	"TTGTTGCTGGGGGACTCGGCCCTCTATCTCTGTGCCAGCAGCTTGGCCTTTGCGGGCCTAATTTACAATGAGCAGTTCTTCGGGCCA"	FALSE	TRUE	NA	NA	NA	NA
"AACCTGAGCTCTCTGGAGCTGGGGGACTCAGCTTTGTATTTCTGTGCCAGCAGCGTAGTGGGTGCCGGGGAGCTGTTTTTTGGAGAA"	"CASSVVGAGELFF"	"AACCTGAGCTCTCTGGAGCTGGGGGACTCAGCTTTGTATTTCTGTGCCAGCAGCGTAGTGGGTGCCGGGGAGCTGTTTTTTGGAGAA"	"CASSVVGAGELFF"	"TCRBV9-1*1"	NA	"TCRBJ2-2*1"	58	59	62	64	1	2	NA	NA	"AACCTGAGCTCTCTGGAGCTGGGGGACTCAGCTTTGTATTTCTGTGCCAGCAGCGTAGTGGGTGCCGGGGAGCTGTTTTTTGGAGAA"	FALSE	TRUE	NA	NA	NA	NA
"CTGATTCTGGAGTCCGCCAGCACCAACCAGACATCTATGTACCTCTGTGCCAGCAGGACTAGCAATCAGCCCCAGCATTTTGGTGAT"	"CASRTSNQPQHF"	"CTGATTCTGGAGTCCGCCAGCACCAACCAGACATCTATGTACCTCTGTGCCAGCAGGACTAGCAATCAGCCCCAGCATTTTGGTGAT"	"CASRTSNQPQHF"	"TCRBV28-1*1"	NA	"TCRBJ1-5*1"	-1	56	-1	59	57	60	NA	NA	"CTGATTCTGGAGTCCGCCAGCACCAACCAGACATCTATGTACCTCTGTGCCAGCAGGACTAGCAATCAGCCCCAGCATTTTGGTGAT"	FALSE	TRUE	NA	NA	NA	NA
"GCCAGCACCAACCAGACATCTATGTACCTCTGTGCCAGCAGCACCAAACAGGCCGTACTAGCCAAAAACATTCAGTACTTCGGCGCC"	"CASSTKQAVLAKNIQYF"	"GCCAGCACCAACCAGACATCTATGTACCTCTGTGCCAGCAGCACCAAACAGGCCGTACTAGCCAAAAACATTCAGTACTTCGGCGCC"	"CASSTKQAVLAKNIQYF"	"TCRBV28-1*1"	"TCRBD1-1*1"	"TCRBJ2-4*1"	41	47	52	59	6	7	NA	NA	"GCCAGCACCAACCAGACATCTATGTACCTCTGTGCCAGCAGCACCAAACAGGCCGTACTAGCCAAAAACATTCAGTACTTCGGCGCC"	FALSE	TRUE	NA	NA	NA	NA
"ACGATTCAGCGCACAGAGCAGCGGGACTCAGCCATGTATCGCTGTGCTAGCAGCTTTAGCAGCTCCAATGAGCAGTTCTTCGGGCCA"	"CASSFSSSNEQFF"	"ACGATTCAGCGCACAGAGCAGCGGGACTCAGCCATGTATCGCTGTGCTAGCAGCTTTAGCAGCTCCAATGAGCAGTTCTTCGGGCCA"	"CASSFSSSNEQFF"	"TCRBV7-7*1"	"TCRBD2-1"	"TCRBJ2-1*1"	-1	56	60	65	57	5	NA	NA	"ACGATTCAGCGCACAGAGCAGCGGGACTCAGCCATGTATCGCTGTGCTAGCAGCTTTAGCAGCTCCAATGAGCAGTTCTTCGGGCCA"	FALSE	TRUE	NA	NA	NA	NA
"GATCCAGTCCACGGAGTCAGGGGACACAGCACTGTATTTCTGTGCCAGCCACTCACCTCCGGGGTCTACGAGCAGTACTTCGGGCCG"	""	"GATCCAGTCCACGGAGTCAGGGGACACAGCACTGTATTTCTGTGCCAGCCACTCACCTCCGGGGTCTACGAGCAGTACTTCGGGCCG"	""	"TCRBV21-1*1"	"TCRBD2-1*1"	"TCRBJ2-7*1"	49	59	64	65	10	1	NA	NA	"GATCCAGTCCACGGAGTCAGGGGACACAGCACTGTATTTCTGTGCCAGCCACTCACCTCCGGGGTCTACGAGCAGTACTTCGGGCCG"	FALSE	FALSE	NA	NA	NA	NA
"CCCCTCACTCTGGAGTCTGCTGCCTCCTCCCAGACATCTGTATATTTCTGCGCCAGCATTACCTCCTACGAGCAGTACTTCGGGCCG"	"CASITSYEQYF"	"CCCCTCACTCTGGAGTCTGCTGCCTCCTCCCAGACATCTGTATATTTCTGCGCCAGCATTACCTCCTACGAGCAGTACTTCGGGCCG"	"CASITSYEQYF"	"TCRBV1-1*1"	NA	"TCRBJ2-7*1"	58	60	-1	62	2	63	NA	NA	"CCCCTCACTCTGGAGTCTGCTGCCTCCTCCCAGACATCTGTATATTTCTGCGCCAGCATTACCTCCTACGAGCAGTACTTCGGGCCG"	FALSE	TRUE	NA	NA	NA	NA
"NNNNNNNTGTCGGCTGCTCCCTCCCAGACATCTGTGTACTTCTGTGCCAGCAGTGAAAGCCAGCATCAGCCCCAGCATTTTGGTGAT"	"CASSESQHQPQHF"	"NNNNNNNTGTCGGCTGCTCCCTCCCAGACATCTGTGTACTTCTGTGCCAGCAGTGAAAGCCAGCATCAGCCCCAGCATTTTGGTGAT"	"CASSESQHQPQHF"	"TCRBV6-1*1"	NA	"TCRBJ1-5*1"	57	60	63	64	3	1	NA	NA	"NNNNNNNTGTCGGCTGCTCCCTCCCAGACATCTGTGTACTTCTGTGCCAGCAGTGAAAGCCAGCATCAGCCCCAGCATTTTGGTGAT"	FALSE	TRUE	NA	NA	NA	NA
"GTGACCAGTGCCCATCCTGAAGACAGCAGCTTCTACATCTGCAGTGCTAGAGCAGGGGGCTCTGGAAACACCATATATTTTGGAGAG"	"CSARAGGSGNTIYF"	"GTGACCAGTGCCCATCCTGAAGACAGCAGCTTCTACATCTGCAGTGCTAGAGCAGGGGGCTCTGGAAACACCATATATTTTGGAGAG"	"CSARAGGSGNTIYF"	NA	"TCRBD1-1*1"	"TCRBJ1-3*1"	-1	52	-1	59	53	60	NA	NA	"GTGACCAGTGCCCATCCTGAAGACAGCAGCTTCTACATCTGCAGTGCTAGAGCAGGGGGCTCTGGAAACACCATATATTTTGGAGAG"	FALSE	TRUE	NA	NA	NA	NA
"GTGAGCACCTTGGAGCTGGGGGACTCGGCCCTTTATCTTTGCGCCAGCAGCCCAGGACCGAACACCGGGGAGCTGTTTTTTGGAGAA"	"CASSPGPNTGELFF"	"GTGAGCACCTTGGAGCTGGGGGACTCGGCCCTTTATCTTTGCGCCAGCAGCCCAGGACCGAACACCGGGGAGCTGTTTTTTGGAGAA"	"CASSPGPNTGELFF"	"TCRBV5-1*1"	NA	"TCRBJ2-2*1"	51	54	-1	58	3	59	NA	NA	"GTGAGCACCTTGGAGCTGGGGGACTCGGCCCTTTATCTTTGCGCCAGCAGCCCAGGACCGAACACCGGGGAGCTGTTTTTTGGAGAA"	FALSE	TRUE	NA	NA	NA	NA
"NTGTCGGCTGCTCCCTCCCAGACATCTGTGTACTTCTGTGCCAGCAGTGCCGGGACTAGCGGGGTAGATACGCAGTATTTTGGCCCA"	"CASSAGTSGVDTQYF"	"NTGTCGGCTGCTCCCTCCCAGACATCTGTGTACTTCTGTGCCAGCAGTGCCGGGACTAGCGGGGTAGATACGCAGTATTTTGGCCCA"	"CASSAGTSGVDTQYF"	NA	"TCRBD2-1*1"	"TCRBJ2-3*1"	49	51	64	65	2	1	NA	NA	"NTGTCGGCTGCTCCCTCCCAGACATCTGTGTACTTCTGTGCCAGCAGTGCCGGGACTAGCGGGGTAGATACGCAGTATTTTGGCCCA"	FALSE	TRUE	NA	NA	NA	NA
"CAGCAGGAGGACTCCGCCGTGTATCTCTGTGCCAGCAGCTTAGGACGAGGGGGGGCAGCGGTAGGAAACACCATATATTTTGGAGAG"	"CASSLGRGGAAVGNTIYF"	"CAGCAGGAGGACTCCGCCGTGTATCTCTGTGCCAGCAGCTTAGGACGAGGGGGGGCAGCGGTAGGAAACACCATATATTTTGGAGAG"	"CASSLGRGGAAVGNTIYF"	"TCRBV7-8*1"	"TCRBD2-1*1"	"TCRBJ1-3*1"	43	48	55	63	5	8	NA	NA	"CAGCAGGAGGACTCCGCCGTGTATCTCTGTGCCAGCAGCTTAGGACGAGGGGGGGCAGCGGTAGGAAACACCATATATTTTGGAGAG"	FALSE	TRUE	NA	NA	NA	NA
"GTGACATCGGCCCAAAAGAACCCGACAGCTTTCTATCTCTGTGCCAGTACCCCGGGACAGGGTATCGATGAGCAGTTCTTCGGGCCA"	"CASTPGQGIDEQFF"	"GTGACATCGGCCCAAAAGAACCCGACAGCTTTCTATCTCTGTGCCAGTACCCCGGGACAGGGTATCGATGAGCAGTTCTTCGGGCCA"	"CASTPGQGIDEQFF"	"TCRBV19-1*1"	"TCRBD1-1*1"	"TCRBJ2-1*1"	49	53	62	67	4	5	NA	NA	"GTGACATCGGCCCAAAAGAACCCGACAGCTTTCTATCTCTGTGCCAGTACCCCGGGACAGGGTATCGATGAGCAGTTCTTCGGGCCA"	FALSE	TRUE	NA	NA	NA	NA
"AAAGCTGGAGGACTCAGCCATGTACTTCTGTGCCAGCAGTGAACCCGACAGAGACCGTATAGCAATCAGCCCCAGCATTTTGGTGAT"	""	"AAAGCTGGAGGACTCAGCCATGTACTTCTGTGCCAGCAGTGAACCCGACAGAGACCGTATAGCAATCAGCCCCAGCATTTTGGTGAT"	""	"TCRBV2-1"	"TCRBD1-1*1"	"TCRBJ1-5*1"	43	46	51	59	3	8	NA	NA	"AAAGCTGGAGGACTCAGCCATGTACTTCTGTGCCAGCAGTGAACCCGACAGAGACCGTATAGCAATCAGCCCCAGCATTTTGGTGAT"	FALSE	FALSE	NA	NA	NA	NA
"GTGACCAGTGCCCATCCTGAAGACAGCAGCTTCTACATCTGCAGTGCTAGAGTTCGCCTAGTGAACACTGAAGCTTTCTTTGGACAA"	"CSARVRLVNTEAFF"	"GTGACCAGTGCCCATCCTGAAGACAGCAGCTTCTACATCTGCAGTGCTAGAGTTCGCCTAGTGAACACTGAAGCTTTCTTTGGACAA"	"CSARVRLVNTEAFF"	NA	"TCRBD2-1"	"TCRBJ1-1*1"	52	57	-1	61	5	62	NA	NA	"GTGACCAGTGCCCATCCTGAAGACAGCAGCTTCTACATCTGCAGTGCTAGAGTTCGCCTAGTGAACACTGAAGCTTTCTTTGGACAA"	FALSE	TRUE	NA	NA	NA	NA
"ATCCAGCCCTCAGAACCCAGGGACTCAGCTGTGTACTTCTGTGCCAGCAGTTTGTCAGGGGTTGGAAACACCATATATTTTGGAGAG"	"CASSLSGVGNTIYF"	"ATCCAGCCCTCAGAACCCAGGGACTCAGCTGTGTACTTCTGTGCCAGCAGTTTGTCAGGGGTTGGAAACACCATATATTTTGGAGAG"	"CASSLSGVGNTIYF"	NA	"TCRBD1-1*1"	"TCRBJ1-3*1"	53	55	61	62	2	1	NA	NA	"ATCCAGCCCTCAGAACCCAGGGACTCAGCTGTGTACTTCTGTGCCAGCAGTTTGTCAGGGGTTGGAAACACCATATATTTTGGAGAG"	FALSE	TRUE	NA	NA	NA	NA
"CAGAACTGGAGGATTCTGGAGTTTATTTCTGTGCCAGCAGCCAATTATCGGCTAGTACCGAGGTCCTACGAGCAGTACTTCGGGCCG"	""	"CAGAACTGGAGGATTCTGGAGTTTATTTCTGTGCCAGCAGCCAATTATCGGCTAGTACCGAGGTCCTACGAGCAGTACTTCGGGCCG"	""	"TCRBV14-1*1"	"TCRBD2-1"	"TCRBJ2-7*1"	44	51	55	63	7	8	NA	NA	"CAGAACTGGAGGATTCTGGAGTTTATTTCTGTGCCAGCAGCCAATTATCGGCTAGTACCGAGGTCCTACGAGCAGTACTTCGGGCCG"	FALSE	FALSE	NA	NA	NA	NA
"GGGGGACTCAGCTTTGTATTTCTGTGCCAGCAGCGTAGCTCCGAGACAGCCAAGAGCTCCTATAATTCACCCCTCCACTTTGGGAAT"	""	"GGGGGACTCAGCTTTGTATTTCTGTGCCAGCAGCGTAGCTCCGAGACAGCCAAGAGCTCCTATAATTCACCCCTCCACTTTGGGAAT"	""	"TCRBV9-1*1"	"TCRBD1-1*1"	"TCRBJ1-6*1"	38	44	49	56	6	7	NA	NA	"GGGGGACTCAGCTTTGTATTTCTGTGCCAGCAGCGTAGCTCCGAGACAGCCAAGAGCTCCTATAATTCACCCCTCCACTTTGGGAAT"	FALSE	FALSE	NA	NA	NA	NA
"NNNNTGTCGGCTGCTCCCTCCCAAACATCTGTGTACTTCTGTGCCAGCAGTAGGGACGGCCAATTCGATGGCTACACCTTCGGTTCG"	"CASSRDGQFDGYTF"	"NNNNTGTCGGCTGCTCCCTCCCAAACATCTGTGTACTTCTGTGCCAGCAGTAGGGACGGCCAATTCGATGGCTACACCTTCGGTTCG"	"CASSRDGQFDGYTF"	"TCRBV6-2/6-3*1"	NA	"TCRBJ1-2*1"	51	52	57	67	1	10	NA	NA	"NNNNTGTCGGCTGCTCCCTCCCAAACATCTGTGTACTTCTGTGCCAGCAGTAGGGACGGCCAATTCGATGGCTACACCTTCGGTTCG"	FALSE	TRUE	NA	NA	NA	NA
"ACTCTGACAGTGACCAGTGCCCATCCTGAAGACAGCAGCTTCTACATCTGCAGTGCTAGGGAGTACAATGAGCAGTTCTTCGGGCCA"	"CSAREYNEQFF"	"ACTCTGACAGTGACCAGTGCCCATCCTGAAGACAGCAGCTTCTACATCTGCAGTGCTAGGGAGTACAATGAGCAGTTCTTCGGGCCA"	"CSAREYNEQFF"	"TCRBV2-1"	"TCRBD2-1*2"	"TCRBJ2-1*1"	-1	59	-1	63	60	64	NA	NA	"ACTCTGACAGTGACCAGTGCCCATCCTGAAGACAGCAGCTTCTACATCTGCAGTGCTAGGGAGTACAATGAGCAGTTCTTCGGGCCA"	FALSE	TRUE	NA	NA	NA	NA
"GACATCGGCCCAAAAGAACCCGACAGCTTTCTATCTCTGTGCCAGTAGTATAGATACAGGGCTCAAGAGACCCAGTACTTCGGGCCA"	""	"GACATCGGCCCAAAAGAACCCGACAGCTTTCTATCTCTGTGCCAGTAGTATAGATACAGGGCTCAAGAGACCCAGTACTTCGGGCCA"	""	"TCRBV19-1*1"	"TCRBD1-1*1"	"TCRBJ2-5*1"	54	55	61	63	1	2	NA	NA	"GACATCGGCCCAAAAGAACCCGACAGCTTTCTATCTCTGTGCCAGTAGTATAGATACAGGGCTCAAGAGACCCAGTACTTCGGGCCA"	FALSE	FALSE	NA	NA	NA	NA
"CCTCACGTTGGCGTCTGCTGTACCCTCTCAGACATCTGTGTACTTCTGTGCCAGCAGGTCAGGGTCGGCGAGCAGTTCTTCGGGCCA"	""	"CCTCACGTTGGCGTCTGCTGTACCCTCTCAGACATCTGTGTACTTCTGTGCCAGCAGGTCAGGGTCGGCGAGCAGTTCTTCGGGCCA"	""	"TCRBV6-4*1"	"TCRBD1-1*1"	"TCRBJ2-1*1"	57	59	64	69	2	5	NA	NA	"CCTCACGTTGGCGTCTGCTGTACCCTCTCAGACATCTGTGTACTTCTGTGCCAGCAGGTCAGGGTCGGCGAGCAGTTCTTCGGGCCA"	FALSE	FALSE	NA	NA	NA	NA
"ACTGTGAGCAACATGAGCCCTGAAGACAGCAGCATATATCTCTGCAGCGTTTCCGGGACAGGGATCTACGAGCAGTACTTCGGGCCG"	"CSVSGTGIYEQYF"	"ACTGTGAGCAACATGAGCCCTGAAGACAGCAGCATATATCTCTGCAGCGTTTCCGGGACAGGGATCTACGAGCAGTACTTCGGGCCG"	"CSVSGTGIYEQYF"	"TCRBV29-1"	"TCRBD1-1*1"	"TCRBJ2-7*1"	51	54	63	65	3	2	NA	NA	"ACTGTGAGCAACATGAGCCCTGAAGACAGCAGCATATATCTCTGCAGCGTTTCCGGGACAGGGATCTACGAGCAGTACTTCGGGCCG"	FALSE	TRUE	NA	NA	NA	NA
"CAGCCTGCAGAACTGGAGGATTCTGGAGTTTATTTCTGTGCCAGCAGCCCAATAGACAGGGGGCGAAAGACCCAGTACTTCGGGCCA"	"CASSPIDRGRKTQYF"	"CAGCCTGCAGAACTGGAGGATTCTGGAGTTTATTTCTGTGCCAGCAGCCCAATAGACAGGGGGCGAAAGACCCAGTACTTCGGGCCA"	"CASSPIDRGRKTQYF"	"TCRBV14-1*1"	"TCRBD1-1*1"	"TCRBJ2-5*1"	49	54	64	67	5	3	NA	NA	"CAGCCTGCAGAACTGGAGGATTCTGGAGTTTATTTCTGTGCCAGCAGCCCAATAGACAGGGGGCGAAAGACCCAGTACTTCGGGCCA"	FALSE	TRUE	NA	NA	NA	NA
"GTGCAGCCTGCAGAACTGGAGGATTCTGGAGTTTATTTCTGTGCCAGCAGCCAAGTGTACTTTTCAGATACGCAGTATTTTGGCCCA"	"CASSQVYFSDTQYF"	"GTGCAGCCTGCAGAACTGGAGGATTCTGGAGTTTATTTCTGTGCCAGCAGCCAAGTGTACTTTTCAGATACGCAGTATTTTGGCCCA"	"CASSQVYFSDTQYF"	"TCRBV14-1*1"	"TCRBD2-1"	"TCRBJ2-3*1"	55	58	61	64	3	3	NA	NA	"GTGCAGCCTGCAGAACTGGAGGATTCTGGAGTTTATTTCTGTGCCAGCAGCCAAGTGTACTTTTCAGATACGCAGTATTTTGGCCCA"	FALSE	TRUE	NA	NA	NA	NA
"CCCCTGATCCTGGAGTCGCCCAGCCCCAACCAGACCTCTCTGTACTTCTGTGCCAGCAAGAGCTCCTACGAGCAGTACTTCGGGCCG"	"CASKSSYEQYF"	"CCCCTGATCCTGGAGTCGCCCAGCCCCAACCAGACCTCTCTGTACTTCTGTGCCAGCAAGAGCTCCTACGAGCAGTACTTCGGGCCG"	"CASKSSYEQYF"	"TCRBV27-1*1"	"TCRBD2-1*2"	"TCRBJ2-7*1"	58	59	-1	62	1	63	NA	NA	"CCCCTGATCCTGGAGTCGCCCAGCCCCAACCAGACCTCTCTGTACTTCTGTGCCAGCAAGAGCTCCTACGAGCAGTACTTCGGGCCG"	FALSE	TRUE	NA	NA	NA	NA
"GTGACATCGGCCCAAAAGAACCCGACAGCTTTCTATCTCTGTGCCAGTAGTCGGGGACTAGCGATGGGGGAGCTGTTTTTTGGAGAA"	"CASSRGLAMGELFF"	"GTGACATCGGCCCAAAAGAACCCGACAGCTTTCTATCTCTGTGCCAGTAGTCGGGGACTAGCGATGGGGGAGCTGTTTTTTGGAGAA"	"CASSRGLAMGELFF"	"TCRBV19-1*1"	"TCRBD2-1"	"TCRBJ2-2*1"	51	53	63	66	2	3	NA	NA	"GTGACATCGGCCCAAAAGAACCCGACAGCTTTCTATCTCTGTGCCAGTAGTCGGGGACTAGCGATGGGGGAGCTGTTTTTTGGAGAA"	FALSE	TRUE	NA	NA	NA	NA
"CCAGCCTGCAGAGCTTGGGGACTCGGCCGTGTATCTCTGTGCCAGCAGCTTACCAGACAGGCTAACTATGGCTACACCTTCGGTTCG"	""	"CCAGCCTGCAGAGCTTGGGGACTCGGCCGTGTATCTCTGTGCCAGCAGCTTACCAGACAGGCTAACTATGGCTACACCTTCGGTTCG"	""	"TCRBV11-3*1"	"TCRBD1-1*1"	"TCRBJ1-2*1"	52	55	-1	61	3	62	NA	NA	"CCAGCCTGCAGAGCTTGGGGACTCGGCCGTGTATCTCTGTGCCAGCAGCTTACCAGACAGGCTAACTATGGCTACACCTTCGGTTCG"	FALSE	FALSE	NA	NA	NA	NA
"CAGCCCTCAGAACCCAGGGACTCAGCTGTGTATTTTTGTGCTAGTGTCCCGAGCGGCTACAGCACAGATACGCAGTATTTTGGCCCA"	"CASVPSGYSTDTQYF"	"CAGCCCTCAGAACCCAGGGACTCAGCTGTGTATTTTTGTGCTAGTGTCCCGAGCGGCTACAGCACAGATACGCAGTATTTTGGCCCA"	"CASVPSGYSTDTQYF"	"TCRBV12-5*1"	"TCRBD2-1"	"TCRBJ2-3*1"	46	51	56	60	5	4	NA	NA	"CAGCCCTCAGAACCCAGGGACTCAGCTGTGTATTTTTGTGCTAGTGTCCCGAGCGGCTACAGCACAGATACGCAGTATTTTGGCCCA"	FALSE	TRUE	NA	NA	NA	NA
"GTGAACGCCTTGTTGCTGGGGGACTCGGCCCTGTATCTCTGTGCCAGCAGCCAGACAGGGCTTAGGTACGAGCAGTACTTCGGGCCG"	"CASSQTGLRYEQYF"	"GTGAACGCCTTGTTGCTGGGGGACTCGGCCCTGTATCTCTGTGCCAGCAGCCAGACAGGGCTTAGGTACGAGCAGTACTTCGGGCCG"	"CASSQTGLRYEQYF"	"TCRBV5-5*1"	"TCRBD1-1*1"	"TCRBJ2-7*1"	51	53	60	66	2	6	NA	NA	"GTGAACGCCTTGTTGCTGGGGGACTCGGCCCTGTATCTCTGTGCCAGCAGCCAGACAGGGCTTAGGTACGAGCAGTACTTCGGGCCG"	FALSE	TRUE	NA	NA	NA	NA
"CATCCGCTCACCAGGCCTGGGGGACGCAGCCATGTACCTGTGTGCCACCAGCAGGGCCAGGGGAGGGAAAAACTGTTTTTTGGCAGT"	""	"CATCCGCTCACCAGGCCTGGGGGACGCAGCCATGTACCTGTGTGCCACCAGCAGGGCCAGGGGAGGGAAAAACTGTTTTTTGGCAGT"	""	"TCRBV15-1*2"	NA	"TCRBJ1-4*1"	54	57	63	66	3	3	NA	NA	"CATCCGCTCACCAGGCCTGGGGGACGCAGCCATGTACCTGTGTGCCACCAGCAGGGCCAGGGGAGGGAAAAACTGTTTTTTGGCAGT"	FALSE	FALSE	NA	NA	NA	NA
"NNNNTGTCGGCTGCTCCCTCCCAAACATCTGTGTACTTCTGTGCCAGCAGTCAGGCGGGGGCAGGGGAGCCCCAGCATTTTGGTGAT"	"CASSQAGAGEPQHF"	"NNNNTGTCGGCTGCTCCCTCCCAAACATCTGTGTACTTCTGTGCCAGCAGTCAGGCGGGGGCAGGGGAGCCCCAGCATTTTGGTGAT"	"CASSQAGAGEPQHF"	"TCRBV6-2/6-3*1"	"TCRBD2-1*1"	"TCRBJ1-5*1"	51	54	61	67	3	6	NA	NA	"NNNNTGTCGGCTGCTCCCTCCCAAACATCTGTGTACTTCTGTGCCAGCAGTCAGGCGGGGGCAGGGGAGCCCCAGCATTTTGGTGAT"	FALSE	TRUE	NA	NA	NA	NA
"GTGAACGCCTTGTTGCTGGGGGACTCGGCCCTCTATCTCTGTGCCAGCAGTCGGGTGACAGCTGGAAACACCATATATTTTGGAGAG"	"CASSRVTAGNTIYF"	"GTGAACGCCTTGTTGCTGGGGGACTCGGCCCTCTATCTCTGTGCCAGCAGTCGGGTGACAGCTGGAAACACCATATATTTTGGAGAG"	"CASSRVTAGNTIYF"	"TCRBV5-6*1"	"TCRBD1-1*1"	"TCRBJ1-3*1"	50	56	-1	61	6	62	NA	NA	"GTGAACGCCTTGTTGCTGGGGGACTCGGCCCTCTATCTCTGTGCCAGCAGTCGGGTGACAGCTGGAAACACCATATATTTTGGAGAG"	FALSE	TRUE	NA	NA	NA	NA
"GCTGCTCCCTCCCAGACATCTGTGTACTTCTGTGCCAGCAGTGATGAAACTCCGGGACAGAGACAAGAGACCCAGTACTTCGGGCCA"	"CASSDETPGQRQETQYF"	"GCTGCTCCCTCCCAGACATCTGTGTACTTCTGTGCCAGCAGTGATGAAACTCCGGGACAGAGACAAGAGACCCAGTACTTCGGGCCA"	"CASSDETPGQRQETQYF"	"TCRBV6-1*1"	"TCRBD1-1*1"	"TCRBJ2-5*1"	44	53	60	63	9	3	NA	NA	"GCTGCTCCCTCCCAGACATCTGTGTACTTCTGTGCCAGCAGTGATGAAACTCCGGGACAGAGACAAGAGACCCAGTACTTCGGGCCA"	FALSE	TRUE	NA	NA	NA	NA
"AGCTCTCTGGAGCTGGGGGACTCAGCTTTGTATTTCTGTGCCAGCAGCGAAGGGGCAGGGGTCAGCGCTGAAGCTTTCTTTGGACAA"	"CASSEGAGVSAEAFF"	"AGCTCTCTGGAGCTGGGGGACTCAGCTTTGTATTTCTGTGCCAGCAGCGAAGGGGCAGGGGTCAGCGCTGAAGCTTTCTTTGGACAA"	"CASSEGAGVSAEAFF"	"TCRBV9-1*1"	"TCRBD1-1*1"	"TCRBJ1-1*1"	49	55	61	67	6	6	NA	NA	"AGCTCTCTGGAGCTGGGGGACTCAGCTTTGTATTTCTGTGCCAGCAGCGAAGGGGCAGGGGTCAGCGCTGAAGCTTTCTTTGGACAA"	FALSE	TRUE	NA	NA	NA	NA
"GCCTTGTTGCTGGGGGACTCGGCCCTGTATCTCTGTGCCAGCAGCCTCGAGAGGGGACGCCGCACAGATACGCAGTATTTTGGCCCA"	"CASSLERGRRTDTQYF"	"GCCTTGTTGCTGGGGGACTCGGCCCTGTATCTCTGTGCCAGCAGCCTCGAGAGGGGACGCCGCACAGATACGCAGTATTTTGGCCCA"	"CASSLERGRRTDTQYF"	"TCRBV5-5*1"	NA	"TCRBJ2-3*1"	45	53	58	61	8	3	NA	NA	"GCCTTGTTGCTGGGGGACTCGGCCCTGTATCTCTGTGCCAGCAGCCTCGAGAGGGGACGCCGCACAGATACGCAGTATTTTGGCCCA"	FALSE	TRUE	NA	NA	NA	NA
"ATCAATTCCCTGGAGCTTGGTGACTCTGCTGTGTATTTCTGTGCCAGCAGGGATAGGGACTCCACAGATACGCAGTATTTTGGCCCA"	"CASRDRDSTDTQYF"	"ATCAATTCCCTGGAGCTTGGTGACTCTGCTGTGTATTTCTGTGCCAGCAGGGATAGGGACTCCACAGATACGCAGTATTTTGGCCCA"	"CASRDRDSTDTQYF"	"TCRBV3-1/3-2*1"	"TCRBD2-1"	"TCRBJ2-3*1"	50	55	61	62	5	1	NA	NA	"ATCAATTCCCTGGAGCTTGGTGACTCTGCTGTGTATTTCTGTGCCAGCAGGGATAGGGACTCCACAGATACGCAGTATTTTGGCCCA"	FALSE	TRUE	NA	NA	NA	NA
"CTGCAGCCAGAAGACTCAGCCCTGTATCTCTGCGCCAGCAGCCTAAAGATATCGGGACTACTTTACGATGAGCAGTTCTTCGGGCCA"	"CASSLKISGLLYDEQFF"	"CTGCAGCCAGAAGACTCAGCCCTGTATCTCTGCGCCAGCAGCCTAAAGATATCGGGACTACTTTACGATGAGCAGTTCTTCGGGCCA"	"CASSLKISGLLYDEQFF"	"TCRBV4-1*1"	"TCRBD2-1"	"TCRBJ2-1*1"	43	53	60	67	10	7	NA	NA	"CTGCAGCCAGAAGACTCAGCCCTGTATCTCTGCGCCAGCAGCCTAAAGATATCGGGACTACTTTACGATGAGCAGTTCTTCGGGCCA"	FALSE	TRUE	NA	NA	NA	NA
"CCGCTACCAGCTCCCAGACATCTGTGTACTTCTGTGCCATCAGGGACTAGCGGGGTTGTCGGGACCGGGGAGCTGTTTTTTGGAGAA"	""	"CCGCTACCAGCTCCCAGACATCTGTGTACTTCTGTGCCATCAGGGACTAGCGGGGTTGTCGGGACCGGGGAGCTGTTTTTTGGAGAA"	""	"TCRBV1-3*1"	"TCRBD2-1*1"	"TCRBJ2-2*1"	-1	43	55	63	44	8	NA	NA	"CCGCTACCAGCTCCCAGACATCTGTGTACTTCTGTGCCATCAGGGACTAGCGGGGTTGTCGGGACCGGGGAGCTGTTTTTTGGAGAA"	FALSE	FALSE	NA	NA	NA	NA
"ACCAGTGCCCATCCTGAAGACAGCAGCTTCTACATCTGCAGTGCTAGAGATCCGGCGGGGGAAAGATACGAGCAGTACTTCGGGCCG"	"CSARDPAGERYEQYF"	"ACCAGTGCCCATCCTGAAGACAGCAGCTTCTACATCTGCAGTGCTAGAGATCCGGCGGGGGAAAGATACGAGCAGTACTTCGGGCCG"	"CSARDPAGERYEQYF"	NA	"TCRBD2-1*1"	"TCRBJ2-7*1"	50	54	61	66	4	5	NA	NA	"ACCAGTGCCCATCCTGAAGACAGCAGCTTCTACATCTGCAGTGCTAGAGATCCGGCGGGGGAAAGATACGAGCAGTACTTCGGGCCG"	FALSE	TRUE	NA	NA	NA	NA
"GCTCCTTCTCAGTGACTCTGGCTTCTATCTCTGTGCCTGGAGACCCCCGGGACAGGGCTGGGGTTCTATGGCTACACCTTCGGTTCG"	""	"GCTCCTTCTCAGTGACTCTGGCTTCTATCTCTGTGCCTGGAGACCCCCGGGACAGGGCTGGGGTTCTATGGCTACACCTTCGGTTCG"	""	"TCRBV3-1*1"	"TCRBD1-1*1"	"TCRBJ1-2*1"	42	48	57	65	6	8	NA	NA	"GCTCCTTCTCAGTGACTCTGGCTTCTATCTCTGTGCCTGGAGACCCCCGGGACAGGGCTGGGGTTCTATGGCTACACCTTCGGTTCG"	FALSE	FALSE	NA	NA	NA	NA
"GCGTCTGCTGTACCCTCTCAGACATCTGTGTACTTCTGTGCCAGCAGACACAGGGACGATAGCAATCAGCCCCAGCATTTTGGTGAT"	"CASRHRDDSNQPQHF"	"GCGTCTGCTGTACCCTCTCAGACATCTGTGTACTTCTGTGCCAGCAGACACAGGGACGATAGCAATCAGCCCCAGCATTTTGGTGAT"	"CASRHRDDSNQPQHF"	"TCRBV6-4*1"	"TCRBD1-1*1"	"TCRBJ1-5*1"	47	49	55	59	2	4	NA	NA	"GCGTCTGCTGTACCCTCTCAGACATCTGTGTACTTCTGTGCCAGCAGACACAGGGACGATAGCAATCAGCCCCAGCATTTTGGTGAT"	FALSE	TRUE	NA	NA	NA	NA
"GCTCCTTCTCAGTGACTCTGGCTTCTATCTCTGTGCCTGGAGTGTAGATTAGCGGGAGGGCCTCTAGAGACCCAGTACTTCGGGCCA"	""	"GCTCCTTCTCAGTGACTCTGGCTTCTATCTCTGTGCCTGGAGTGTAGATTAGCGGGAGGGCCTCTAGAGACCCAGTACTTCGGGCCA"	""	"TCRBV3-1*1"	"TCRBD2-1*2"	"TCRBJ2-5*1"	45	49	60	65	4	5	NA	NA	"GCTCCTTCTCAGTGACTCTGGCTTCTATCTCTGTGCCTGGAGTGTAGATTAGCGGGAGGGCCTCTAGAGACCCAGTACTTCGGGCCA"	FALSE	FALSE	NA	NA	NA	NA
"ATCCAGCCCTCAGAACCCAGGGACTCAGCTGTGTACTTCTGTGCCAGCAGTTCTAGGGGGTATAATTCACCCCTCCACTTTGGGAAT"	"CASSSRGYNSPLHF"	"ATCCAGCCCTCAGAACCCAGGGACTCAGCTGTGTACTTCTGTGCCAGCAGTTCTAGGGGGTATAATTCACCCCTCCACTTTGGGAAT"	"CASSSRGYNSPLHF"	NA	"TCRBD1-1*1"	"TCRBJ1-6*1"	52	54	-1	60	2	61	NA	NA	"ATCCAGCCCTCAGAACCCAGGGACTCAGCTGTGTACTTCTGTGCCAGCAGTTCTAGGGGGTATAATTCACCCCTCCACTTTGGGAAT"	FALSE	TRUE	NA	NA	NA	NA
"CGCTCACCAGGCCTGGGGGACGCAGCCATGTACCTGTGTGCCACCAGCAGAGATTTAGCGAACTCCTACGAGCAGTACTTCGGGCCG"	"CATSRDLANSYEQYF"	"CGCTCACCAGGCCTGGGGGACGCAGCCATGTACCTGTGTGCCACCAGCAGAGATTTAGCGAACTCCTACGAGCAGTACTTCGGGCCG"	"CATSRDLANSYEQYF"	"TCRBV15-1*2"	"TCRBD2-1"	"TCRBJ2-7*1"	53	55	60	62	2	2	NA	NA	"CGCTCACCAGGCCTGGGGGACGCAGCCATGTACCTGTGTGCCACCAGCAGAGATTTAGCGAACTCCTACGAGCAGTACTTCGGGCCG"	FALSE	TRUE	NA	NA	NA	NA
"ATTCAGCGCACAGAGCAGGGGGACTCGGCCATGTATCTCTGTGCCAGCAATATAGACAGGGAGGGGGAGACCCAGTACTTCGGGCCA"	"CASNIDREGETQYF"	"ATTCAGCGCACAGAGCAGGGGGACTCGGCCATGTATCTCTGTGCCAGCAATATAGACAGGGAGGGGGAGACCCAGTACTTCGGGCCA"	"CASNIDREGETQYF"	"TCRBV7-9"	NA	"TCRBJ2-5*1"	49	54	61	66	5	5	NA	NA	"ATTCAGCGCACAGAGCAGGGGGACTCGGCCATGTATCTCTGTGCCAGCAATATAGACAGGGAGGGGGAGACCCAGTACTTCGGGCCA"	FALSE	TRUE	NA	NA	NA	NA
"TCTGGAGTCCGCCAGCACCAACCAGACATCTATGTACCTCTGTGCCAGCAGAAGGGGGGAGGGTACAATGAGCAGTTCTTCGGGCCA"	""	"TCTGGAGTCCGCCAGCACCAACCAGACATCTATGTACCTCTGTGCCAGCAGAAGGGGGGAGGGTACAATGAGCAGTTCTTCGGGCCA"	""	"TCRBV28-1*1"	"TCRBD2-1*2"	"TCRBJ2-1*1"	51	56	-1	63	5	64	NA	NA	"TCTGGAGTCCGCCAGCACCAACCAGACATCTATGTACCTCTGTGCCAGCAGAAGGGGGGAGGGTACAATGAGCAGTTCTTCGGGCCA"	FALSE	FALSE	NA	NA	NA	NA
"ATCCAGCCCTCAGAACCCAGGGACTCAGCTGTGTACTTCTGTGCCAGCAGAAGGACAGGGACTCACTCACCCCTCCACTTTGGGAAT"	"CASRRTGTHSPLHF"	"ATCCAGCCCTCAGAACCCAGGGACTCAGCTGTGTACTTCTGTGCCAGCAGAAGGACAGGGACTCACTCACCCCTCCACTTTGGGAAT"	"CASRRTGTHSPLHF"	NA	"TCRBD1-1*1"	"TCRBJ1-6*1"	50	52	60	66	2	6	NA	NA	"ATCCAGCCCTCAGAACCCAGGGACTCAGCTGTGTACTTCTGTGCCAGCAGAAGGACAGGGACTCACTCACCCCTCCACTTTGGGAAT"	FALSE	TRUE	NA	NA	NA	NA
"AGTGCCCATCCTGAAGACAGCAGCTTCTACATCTGCAGTGCTAGTAGACTAGCGGGAGGGGGGTACAATGAGCAGTTCTTCGGGCCA"	"CSASRLAGGGYNEQFF"	"AGTGCCCATCCTGAAGACAGCAGCTTCTACATCTGCAGTGCTAGTAGACTAGCGGGAGGGGGGTACAATGAGCAGTTCTTCGGGCCA"	"CSASRLAGGGYNEQFF"	"TCRBV2-1*4"	"TCRBD2-1*2"	"TCRBJ2-1*1"	45	46	60	63	1	3	NA	NA	"AGTGCCCATCCTGAAGACAGCAGCTTCTACATCTGCAGTGCTAGTAGACTAGCGGGAGGGGGGTACAATGAGCAGTTCTTCGGGCCA"	FALSE	TRUE	NA	NA	NA	NA
"GACCAGTGCCCATCCTGAAGACAGCAGCTTCTACATCTGCAGTGCTAACGGAGGGCCGTGTATACAGATACGCAGTATTTTGGCCCA"	""	"GACCAGTGCCCATCCTGAAGACAGCAGCTTCTACATCTGCAGTGCTAACGGAGGGCCGTGTATACAGATACGCAGTATTTTGGCCCA"	""	NA	"TCRBD2-1*2"	"TCRBJ2-3*1"	47	49	55	63	2	8	NA	NA	"GACCAGTGCCCATCCTGAAGACAGCAGCTTCTACATCTGCAGTGCTAACGGAGGGCCGTGTATACAGATACGCAGTATTTTGGCCCA"	FALSE	FALSE	NA	NA	NA	NA
"GTGAGCAACATGAGCCCTGAAGACAGCAGCATATATCTCTGCAGCGTTGGAGAGGGACAGGGGATGAACGAGCAGTACTTCGGGCCG"	"CSVGEGQGMNEQYF"	"GTGAGCAACATGAGCCCTGAAGACAGCAGCATATATCTCTGCAGCGTTGGAGAGGGACAGGGGATGAACGAGCAGTACTTCGGGCCG"	"CSVGEGQGMNEQYF"	"TCRBV29-1"	"TCRBD1-1*1"	"TCRBJ2-7*1"	-1	53	63	67	54	4	NA	NA	"GTGAGCAACATGAGCCCTGAAGACAGCAGCATATATCTCTGCAGCGTTGGAGAGGGACAGGGGATGAACGAGCAGTACTTCGGGCCG"	FALSE	TRUE	NA	NA	NA	NA
"ATCCAGCGCACAGAGCGGGGGGACTCAGCCGTGTATCTCTGTGCCAGCAGCTTGGGGATCGGGGCCAACGTCCTGACTTTCGGGGCC"	"CASSLGIGANVLTF"	"ATCCAGCGCACAGAGCGGGGGGACTCAGCCGTGTATCTCTGTGCCAGCAGCTTGGGGATCGGGGCCAACGTCCTGACTTTCGGGGCC"	"CASSLGIGANVLTF"	"TCRBV7-3*1"	NA	"TCRBJ2-6*1"	53	54	58	60	1	2	NA	NA	"ATCCAGCGCACAGAGCGGGGGGACTCAGCCGTGTATCTCTGTGCCAGCAGCTTGGGGATCGGGGCCAACGTCCTGACTTTCGGGGCC"	FALSE	TRUE	NA	NA	NA	NA
"GAACCCAGGGACTCAGCTGTGTACTTCTGTGCCAGCAGCCGCCTACTAGCGGGAGGGCCGGGTTCCGGGGAGCTGTTTTTTGGAGAA"	"CASSRLLAGGPGSGELFF"	"GAACCCAGGGACTCAGCTGTGTACTTCTGTGCCAGCAGCCGCCTACTAGCGGGAGGGCCGGGTTCCGGGGAGCTGTTTTTTGGAGAA"	"CASSRLLAGGPGSGELFF"	NA	"TCRBD2-1*2"	"TCRBJ2-2*1"	38	44	57	64	6	7	NA	NA	"GAACCCAGGGACTCAGCTGTGTACTTCTGTGCCAGCAGCCGCCTACTAGCGGGAGGGCCGGGTTCCGGGGAGCTGTTTTTTGGAGAA"	FALSE	TRUE	NA	NA	NA	NA
"ACTGTGACATCGGCCCAAAAGAACCCGACAGCTTTCTATCTCTGTGCCAGTAGTACGGACGAAAATCAGCCCCAGCATTTTGGTGAT"	"CASSTDENQPQHF"	"ACTGTGACATCGGCCCAAAAGAACCCGACAGCTTTCTATCTCTGTGCCAGTAGTACGGACGAAAATCAGCCCCAGCATTTTGGTGAT"	"CASSTDENQPQHF"	"TCRBV19-1*1"	NA	"TCRBJ1-5*1"	55	56	60	63	1	3	NA	NA	"ACTGTGACATCGGCCCAAAAGAACCCGACAGCTTTCTATCTCTGTGCCAGTAGTACGGACGAAAATCAGCCCCAGCATTTTGGTGAT"	FALSE	TRUE	NA	NA	NA	NA
"TCCCCCTGATCCTGGAGTCGCCCAGCCCCAACCAGACCTCTCTGTACTTCTGTGCCAGCAGTGGGGCGGCCCCAGCATTTTGGTGAT"	""	"TCCCCCTGATCCTGGAGTCGCCCAGCCCCAACCAGACCTCTCTGTACTTCTGTGCCAGCAGTGGGGCGGCCCCAGCATTTTGGTGAT"	""	"TCRBV27-1*1"	"TCRBD1-1*1"	"TCRBJ1-5*1"	-1	62	67	68	63	1	NA	NA	"TCCCCCTGATCCTGGAGTCGCCCAGCCCCAACCAGACCTCTCTGTACTTCTGTGCCAGCAGTGGGGCGGCCCCAGCATTTTGGTGAT"	FALSE	FALSE	NA	NA	NA	NA
"CTGAATGTGAACGCCTTGGAGCTGGACGACTCGGCCCTGTATCTCTGTGCCAGCAGCTTGGAAGCCAGGAAAGCTTTCTTTGGACAA"	"CASSLEARKAFF"	"CTGAATGTGAACGCCTTGGAGCTGGACGACTCGGCCCTGTATCTCTGTGCCAGCAGCTTGGAAGCCAGGAAAGCTTTCTTTGGACAA"	"CASSLEARKAFF"	"TCRBV5-4*1"	"TCRBD1-1*1"	"TCRBJ1-1*1"	61	65	69	70	4	1	NA	NA	"CTGAATGTGAACGCCTTGGAGCTGGACGACTCGGCCCTGTATCTCTGTGCCAGCAGCTTGGAAGCCAGGAAAGCTTTCTTTGGACAA"	FALSE	TRUE	NA	NA	NA	NA
"CACGCCCTGCAGCCAGAAGACTCAGCCCTGTATCTCTGCGCCAGCAGCCTAACCAGGGGGCGAGGTCAGCCCCAGCATTTTGGTGAT"	"CASSLTRGRGQPQHF"	"CACGCCCTGCAGCCAGAAGACTCAGCCCTGTATCTCTGCGCCAGCAGCCTAACCAGGGGGCGAGGTCAGCCCCAGCATTTTGGTGAT"	"CASSLTRGRGQPQHF"	"TCRBV4-1*1"	"TCRBD1-1*1"	"TCRBJ1-5*1"	49	53	61	65	4	4	NA	NA	"CACGCCCTGCAGCCAGAAGACTCAGCCCTGTATCTCTGCGCCAGCAGCCTAACCAGGGGGCGAGGTCAGCCCCAGCATTTTGGTGAT"	FALSE	TRUE	NA	NA	NA	NA
"ACCTTGGAGCTGGGGGACTCGGCCCTTTATCTTTGCGCCAGCAGCTCTCAGTTTGACAACCTGAACACTGAAGCTTTCTTTGGACAA"	"CASSSQFDNLNTEAFF"	"ACCTTGGAGCTGGGGGACTCGGCCCTTTATCTTTGCGCCAGCAGCTCTCAGTTTGACAACCTGAACACTGAAGCTTTCTTTGGACAA"	"CASSSQFDNLNTEAFF"	"TCRBV5-1*1"	"TCRBD1-1*1"	"TCRBJ1-1*1"	46	54	58	61	8	3	NA	NA	"ACCTTGGAGCTGGGGGACTCGGCCCTTTATCTTTGCGCCAGCAGCTCTCAGTTTGACAACCTGAACACTGAAGCTTTCTTTGGACAA"	FALSE	TRUE	NA	NA	NA	NA
"GCCTTGGAGCTGGAGGACTCGGCCCTGTATCTCTGTGCCAGCAGCAAAAATCAGCGGGAGAGGCACGAGACCCAGTACTTCGGGCCA"	"CASSKNQRERHETQYF"	"GCCTTGGAGCTGGAGGACTCGGCCCTGTATCTCTGTGCCAGCAGCAAAAATCAGCGGGAGAGGCACGAGACCCAGTACTTCGGGCCA"	"CASSKNQRERHETQYF"	"TCRBV5-8*1"	"TCRBD2-1*2"	"TCRBJ2-5*1"	45	52	60	66	7	6	NA	NA	"GCCTTGGAGCTGGAGGACTCGGCCCTGTATCTCTGTGCCAGCAGCAAAAATCAGCGGGAGAGGCACGAGACCCAGTACTTCGGGCCA"	FALSE	TRUE	NA	NA	NA	NA
"TCCACAAAGCTGGAGGACTCAGCCATGTACTTCTGTGCCAGCAGTGATATGAGACAGCTTCCGAATCAGCCCCAGCATTTTGGTGAT"	"CASSDMRQLPNQPQHF"	"TCCACAAAGCTGGAGGACTCAGCCATGTACTTCTGTGCCAGCAGTGATATGAGACAGCTTCCGAATCAGCCCCAGCATTTTGGTGAT"	"CASSDMRQLPNQPQHF"	"TCRBV2-1"	"TCRBD1-1*1"	"TCRBJ1-5*1"	47	52	57	63	5	6	NA	NA	"TCCACAAAGCTGGAGGACTCAGCCATGTACTTCTGTGCCAGCAGTGATATGAGACAGCTTCCGAATCAGCCCCAGCATTTTGGTGAT"	FALSE	TRUE	NA	NA	NA	NA
"CCCAGGGACTCAGCTGTGTACTTCTGTGCCAGCAATTTGGTGGGAGGGGGGGCGGCCGGCGCCTCCTACGAGCAGTACTTCGGGCCG"	"CASNLVGGGAAGASYEQYF"	"CCCAGGGACTCAGCTGTGTACTTCTGTGCCAGCAATTTGGTGGGAGGGGGGGCGGCCGGCGCCTCCTACGAGCAGTACTTCGGGCCG"	"CASNLVGGGAAGASYEQYF"	NA	"TCRBD2-1"	"TCRBJ2-7*1"	38	45	52	62	7	10	NA	NA	"CCCAGGGACTCAGCTGTGTACTTCTGTGCCAGCAATTTGGTGGGAGGGGGGGCGGCCGGCGCCTCCTACGAGCAGTACTTCGGGCCG"	FALSE	TRUE	NA	NA	NA	NA
"GGAGTCAGCTGCTCCCTCTCAGACTTCTGTTTACTTCTGTGCCAGCGGCTGAGTCAGCGGAGCTCCTACGAGCAGTACTTCGGGCCG"	""	"GGAGTCAGCTGCTCCCTCTCAGACTTCTGTTTACTTCTGTGCCAGCGGCTGAGTCAGCGGAGCTCCTACGAGCAGTACTTCGGGCCG"	""	"TCRBV6-7*1"	"TCRBD2-1"	"TCRBJ2-7*1"	46	55	60	62	9	2	NA	NA	"GGAGTCAGCTGCTCCCTCTCAGACTTCTGTTTACTTCTGTGCCAGCGGCTGAGTCAGCGGAGCTCCTACGAGCAGTACTTCGGGCCG"	FALSE	FALSE	NA	NA	NA	NA
"ATCCAGCCCTCAGAACCCAGGGACTCAGCTGTGTATTTTTGTGCTAGTGGTTCGGGACAGGGTCGGGAGACCCAGTACTTCGGGCCA"	"CASGSGQGRETQYF"	"ATCCAGCCCTCAGAACCCAGGGACTCAGCTGTGTATTTTTGTGCTAGTGGTTCGGGACAGGGTCGGGAGACCCAGTACTTCGGGCCA"	"CASGSGQGRETQYF"	"TCRBV12-5*1"	"TCRBD1-1*1"	"TCRBJ2-5*1"	52	53	62	66	1	4	NA	NA	"ATCCAGCCCTCAGAACCCAGGGACTCAGCTGTGTATTTTTGTGCTAGTGGTTCGGGACAGGGTCGGGAGACCCAGTACTTCGGGCCA"	FALSE	TRUE	NA	NA	NA	NA
"CTGTTTGTTGTGTTGGCTGCTCCCTCCCAGACATCTGTGTACTTCTGTGCCAGCAGTTCCCTACCCTACGAGCAGTACTTCGGGCCG"	"CASSSLPYEQYF"	"CTGTTTGTTGTGTTGGCTGCTCCCTCCCAGACATCTGTGTACTTCTGTGCCAGCAGTTCCCTACCCTACGAGCAGTACTTCGGGCCG"	"CASSSLPYEQYF"	"TCRBV6-6*1"	"TCRBD2-1"	"TCRBJ2-7*1"	58	60	63	64	2	1	NA	NA	"CTGTTTGTTGTGTTGGCTGCTCCCTCCCAGACATCTGTGTACTTCTGTGCCAGCAGTTCCCTACCCTACGAGCAGTACTTCGGGCCG"	FALSE	TRUE	NA	NA	NA	NA
"AACGCCTTGTTGCTGGGGGACTCGGCCCTCTATCTCTGTGCCAGCAGCTTGGTCGGGTCGAACACCGGGGAGCTGTTTTTTGGAGAA"	"CASSLVGSNTGELFF"	"AACGCCTTGTTGCTGGGGGACTCGGCCCTCTATCTCTGTGCCAGCAGCTTGGTCGGGTCGAACACCGGGGAGCTGTTTTTTGGAGAA"	"CASSLVGSNTGELFF"	"TCRBV5-6*1"	"TCRBD2-1"	"TCRBJ2-2*1"	52	53	57	58	1	1	NA	NA	"AACGCCTTGTTGCTGGGGGACTCGGCCCTCTATCTCTGTGCCAGCAGCTTGGTCGGGTCGAACACCGGGGAGCTGTTTTTTGGAGAA"	FALSE	TRUE	NA	NA	NA	NA
"AGTGCCCATCCTGAAGACAGCAGCTTCTACATCTGCAGTGCTAGAGATTTGAGACAGGGAAATAGCTACGAGCAGTACTTCGGGCCG"	"CSARDLRQGNSYEQYF"	"AGTGCCCATCCTGAAGACAGCAGCTTCTACATCTGCAGTGCTAGAGATTTGAGACAGGGAAATAGCTACGAGCAGTACTTCGGGCCG"	"CSARDLRQGNSYEQYF"	NA	"TCRBD1-1*1"	"TCRBJ2-7*1"	47	52	59	65	5	6	NA	NA	"AGTGCCCATCCTGAAGACAGCAGCTTCTACATCTGCAGTGCTAGAGATTTGAGACAGGGAAATAGCTACGAGCAGTACTTCGGGCCG"	FALSE	TRUE	NA	NA	NA	NA
"GCCTTGGAGCTGGACGACTCGGCCCTGTATCTCTGTGCCAGCAGCTCGAAAACCGGACAGGGGGCATACGAGCAGTACTTCGGGCCG"	"CASSSKTGQGAYEQYF"	"GCCTTGGAGCTGGACGACTCGGCCCTGTATCTCTGTGCCAGCAGCTCGAAAACCGGACAGGGGGCATACGAGCAGTACTTCGGGCCG"	"CASSSKTGQGAYEQYF"	"TCRBV5-4*1"	"TCRBD1-1*1"	"TCRBJ2-7*1"	46	54	65	66	8	1	NA	NA	"GCCTTGGAGCTGGACGACTCGGCCCTGTATCTCTGTGCCAGCAGCTCGAAAACCGGACAGGGGGCATACGAGCAGTACTTCGGGCCG"	FALSE	TRUE	NA	NA	NA	NA
"GTGACCAGTGCCCATCCTGAAGACAGCAGCTTCTACATCTGCAGTGCTAGTGTCCCCCTCCAGCGGGAGCCCCAGCATTTTGGTGAT"	"CSASVPLQREPQHF"	"GTGACCAGTGCCCATCCTGAAGACAGCAGCTTCTACATCTGCAGTGCTAGTGTCCCCCTCCAGCGGGAGCCCCAGCATTTTGGTGAT"	"CSASVPLQREPQHF"	"TCRBV2-1*4"	"TCRBD2-1"	"TCRBJ1-5*1"	52	61	-1	67	9	68	NA	NA	"GTGACCAGTGCCCATCCTGAAGACAGCAGCTTCTACATCTGCAGTGCTAGTGTCCCCCTCCAGCGGGAGCCCCAGCATTTTGGTGAT"	FALSE	TRUE	NA	NA	NA	NA
"NNTGTCGGCTGCTCCCTCCCAAACATCTGTGTACTTCTGTGCCAGCAAGGTAGGGGGGTAAGGAATTCACCCCTCCACTTTGGGAAT"	""	"NNTGTCGGCTGCTCCCTCCCAAACATCTGTGTACTTCTGTGCCAGCAAGGTAGGGGGGTAAGGAATTCACCCCTCCACTTTGGGAAT"	""	NA	NA	"TCRBJ1-6*1"	47	51	57	63	4	6	NA	NA	"NNTGTCGGCTGCTCCCTCCCAAACATCTGTGTACTTCTGTGCCAGCAAGGTAGGGGGGTAAGGAATTCACCCCTCCACTTTGGGAAT"	FALSE	FALSE	NA	NA	NA	NA
"GGAGTCAGGGGACACAGCACTGTATTTCTGTGCCAGCAGCACGGGACGCCTCGGGGACTAGGACGGGATGAGCAGTTCTTCGGGCCA"	""	"GGAGTCAGGGGACACAGCACTGTATTTCTGTGCCAGCAGCACGGGACGCCTCGGGGACTAGGACGGGATGAGCAGTTCTTCGGGCCA"	""	"TCRBV21-1*1"	"TCRBD2-1"	"TCRBJ2-1*1"	41	53	61	67	12	6	NA	NA	"GGAGTCAGGGGACACAGCACTGTATTTCTGTGCCAGCAGCACGGGACGCCTCGGGGACTAGGACGGGATGAGCAGTTCTTCGGGCCA"	FALSE	FALSE	NA	NA	NA	NA
"GTGACATCGGCCCAAAAGAACCCGACAGCTTTCTATCTCTGTGCCAGTAGTATGTTGGGCAGGAGGGAGACCCAGTACTTCGGGCCA"	"CASSMLGRRETQYF"	"GTGACATCGGCCCAAAAGAACCCGACAGCTTTCTATCTCTGTGCCAGTAGTATGTTGGGCAGGAGGGAGACCCAGTACTTCGGGCCA"	"CASSMLGRRETQYF"	"TCRBV19-1*1"	"TCRBD2-1*2"	"TCRBJ2-5*1"	53	61	-1	66	8	67	NA	NA	"GTGACATCGGCCCAAAAGAACCCGACAGCTTTCTATCTCTGTGCCAGTAGTATGTTGGGCAGGAGGGAGACCCAGTACTTCGGGCCA"	FALSE	TRUE	NA	NA	NA	NA
"AGCCCCAACCAGACCTCTCTGTACTTCTGTGCCAGCAGTCCAGGGGGACGATGGAGCTCCTATAATTCACCCCTCCACTTTGGGAAT"	"CASSPGGRWSSYNSPLHF"	"AGCCCCAACCAGACCTCTCTGTACTTCTGTGCCAGCAGTCCAGGGGGACGATGGAGCTCCTATAATTCACCCCTCCACTTTGGGAAT"	"CASSPGGRWSSYNSPLHF"	"TCRBV27-1*1"	"TCRBD1-1*1"	"TCRBJ1-6*1"	39	40	47	56	1	9	NA	NA	"AGCCCCAACCAGACCTCTCTGTACTTCTGTGCCAGCAGTCCAGGGGGACGATGGAGCTCCTATAATTCACCCCTCCACTTTGGGAAT"	FALSE	TRUE	NA	NA	NA	NA
"CTGGAGTCGCCCAGCCCCAACCAGACCTCTCTGTACTTCTGTGCCAGCAGAAGAGGGGCAATGAACACTGAAGCTTTCTTTGGACAA"	"CASRRGAMNTEAFF"	"CTGGAGTCGCCCAGCCCCAACCAGACCTCTCTGTACTTCTGTGCCAGCAGAAGAGGGGCAATGAACACTGAAGCTTTCTTTGGACAA"	"CASRRGAMNTEAFF"	"TCRBV27-1*1"	NA	"TCRBJ1-1*1"	50	53	58	61	3	3	NA	NA	"CTGGAGTCGCCCAGCCCCAACCAGACCTCTCTGTACTTCTGTGCCAGCAGAAGAGGGGCAATGAACACTGAAGCTTTCTTTGGACAA"	FALSE	TRUE	NA	NA	NA	NA
"GAGTCGCCCAGCCCCAACCAGACCTCTCTGTACTTCTGTGCCAGCAGTTTCGACATAGGGACGGGGGGGGAGCAGTTCTTCGGGCCA"	"CASSFDIGTGGEQFF"	"GAGTCGCCCAGCCCCAACCAGACCTCTCTGTACTTCTGTGCCAGCAGTTTCGACATAGGGACGGGGGGGGAGCAGTTCTTCGGGCCA"	"CASSFDIGTGGEQFF"	"TCRBV27-1*1"	"TCRBD2-1*1"	"TCRBJ2-1*1"	50	61	-1	69	11	70	NA	NA	"GAGTCGCCCAGCCCCAACCAGACCTCTCTGTACTTCTGTGCCAGCAGTTTCGACATAGGGACGGGGGGGGAGCAGTTCTTCGGGCCA"	FALSE	TRUE	NA	NA	NA	NA
"CAGGTAGTGCGAGGAGATTCGGCAGCTTATTTCTGTGCCAGCTCACCTGGGACCGCCAAAGTCGGGGAAAAACTGTTTTTTGGCAGT"	"CASSPGTAKVGEKLFF"	"CAGGTAGTGCGAGGAGATTCGGCAGCTTATTTCTGTGCCAGCTCACCTGGGACCGCCAAAGTCGGGGAAAAACTGTTTTTTGGCAGT"	"CASSPGTAKVGEKLFF"	"TCRBV18-1*1"	NA	"TCRBJ1-4*1"	47	48	53	66	1	13	NA	NA	"CAGGTAGTGCGAGGAGATTCGGCAGCTTATTTCTGTGCCAGCTCACCTGGGACCGCCAAAGTCGGGGAAAAACTGTTTTTTGGCAGT"	FALSE	TRUE	NA	NA	NA	NA
"TCGGCTGCTCCCTCCCAGACATCTGTGTACTTCTGTGCCAGCGTGCTCCAATCCGGGACAGGGGATGAAAAACTGTTTTTTGGCAGT"	"CASVLQSGTGDEKLFF"	"TCGGCTGCTCCCTCCCAGACATCTGTGTACTTCTGTGCCAGCGTGCTCCAATCCGGGACAGGGGATGAAAAACTGTTTTTTGGCAGT"	"CASVLQSGTGDEKLFF"	NA	"TCRBD1-1*1"	"TCRBJ1-4*1"	42	54	-1	64	12	65	NA	NA	"TCGGCTGCTCCCTCCCAGACATCTGTGTACTTCTGTGCCAGCGTGCTCCAATCCGGGACAGGGGATGAAAAACTGTTTTTTGGCAGT"	FALSE	TRUE	NA	NA	NA	NA
"CTGAAGGTGCAGCCTGCAGAACTGGAGGATTCTGGAGTTTATTTCTGTGCCAGCAGTACAGGGGTCTATGGCTACACCTTCGGTTCG"	"CASSTGVYGYTF"	"CTGAAGGTGCAGCCTGCAGAACTGGAGGATTCTGGAGTTTATTTCTGTGCCAGCAGTACAGGGGTCTATGGCTACACCTTCGGTTCG"	"CASSTGVYGYTF"	"TCRBV14-1*1"	"TCRBD1-1*1"	"TCRBJ1-2*1"	56	57	64	65	1	1	NA	NA	"CTGAAGGTGCAGCCTGCAGAACTGGAGGATTCTGGAGTTTATTTCTGTGCCAGCAGTACAGGGGTCTATGGCTACACCTTCGGTTCG"	FALSE	TRUE	NA	NA	NA	NA
"TCTCTGGAGCTGGGGGACTCAGCTTTGTATTTCTGTGCCAGCAGCGTATTGACAGGGGGATCAAATACTGAAGCTTTCTTTGGACAA"	"CASSVLTGGSNTEAFF"	"TCTCTGGAGCTGGGGGACTCAGCTTTGTATTTCTGTGCCAGCAGCGTATTGACAGGGGGATCAAATACTGAAGCTTTCTTTGGACAA"	"CASSVLTGGSNTEAFF"	"TCRBV9-1*1"	"TCRBD1-1*1"	"TCRBJ1-1*1"	48	50	59	66	2	7	NA	NA	"TCTCTGGAGCTGGGGGACTCAGCTTTGTATTTCTGTGCCAGCAGCGTATTGACAGGGGGATCAAATACTGAAGCTTTCTTTGGACAA"	FALSE	TRUE	NA	NA	NA	NA
"AACGCCTTGTTGCTGGGGGACTCGGCCCTCTATCTCTGTGCCAGCAGTGGACTAGCGGGGACCCAAGAGACCCAGTACTTCGGGCCA"	"CASSGLAGTQETQYF"	"AACGCCTTGTTGCTGGGGGACTCGGCCCTCTATCTCTGTGCCAGCAGTGGACTAGCGGGGACCCAAGAGACCCAGTACTTCGGGCCA"	"CASSGLAGTQETQYF"	"TCRBV5-6*1"	"TCRBD2-1*1"	"TCRBJ2-5*1"	47	48	60	62	1	2	NA	NA	"AACGCCTTGTTGCTGGGGGACTCGGCCCTCTATCTCTGTGCCAGCAGTGGACTAGCGGGGACCCAAGAGACCCAGTACTTCGGGCCA"	FALSE	TRUE	NA	NA	NA	NA
"GTGACCAGTGCCCATCCTGAAGACAGCAGCTTCTACATCTGCAGTGCTAGCCGACAGGGTAGAGGTGGTGGCTACACCTTCGGTTCG"	"CSASRQGRGGGYTF"	"GTGACCAGTGCCCATCCTGAAGACAGCAGCTTCTACATCTGCAGTGCTAGCCGACAGGGTAGAGGTGGTGGCTACACCTTCGGTTCG"	"CSASRQGRGGGYTF"	NA	"TCRBD1-1*1"	"TCRBJ1-2*1"	50	52	59	68	2	9	NA	NA	"GTGACCAGTGCCCATCCTGAAGACAGCAGCTTCTACATCTGCAGTGCTAGCCGACAGGGTAGAGGTGGTGGCTACACCTTCGGTTCG"	FALSE	TRUE	NA	NA	NA	NA
"AGCACCAACCAGACATCTATGTACCTCTGTGCCAGCAGTTTACCGGAGGTAGCGGGCCTCCTCTCCTACGAGCAGTACTTCGGGCCG"	"CASSLPEVAGLLSYEQYF"	"AGCACCAACCAGACATCTATGTACCTCTGTGCCAGCAGTTTACCGGAGGTAGCGGGCCTCCTCTCCTACGAGCAGTACTTCGGGCCG"	"CASSLPEVAGLLSYEQYF"	"TCRBV28-1*1"	"TCRBD2-1"	"TCRBJ2-7*1"	42	49	56	62	7	6	NA	NA	"AGCACCAACCAGACATCTATGTACCTCTGTGCCAGCAGTTTACCGGAGGTAGCGGGCCTCCTCTCCTACGAGCAGTACTTCGGGCCG"	FALSE	TRUE	NA	NA	NA	NA
"CCAGCACCAACCAGACATCTATGTACCTCTGTGCCAGTGGTGAGGGACTAGCGGGATTCGAACACCGGGGAGCTGTTTTTTGGAGAA"	""	"CCAGCACCAACCAGACATCTATGTACCTCTGTGCCAGTGGTGAGGGACTAGCGGGATTCGAACACCGGGGAGCTGTTTTTTGGAGAA"	""	"TCRBV28-1*1"	"TCRBD2-1*2"	"TCRBJ2-2*1"	37	43	56	58	6	2	NA	NA	"CCAGCACCAACCAGACATCTATGTACCTCTGTGCCAGTGGTGAGGGACTAGCGGGATTCGAACACCGGGGAGCTGTTTTTTGGAGAA"	FALSE	FALSE	NA	NA	NA	NA
"CAGCCTGCAGAGCTTGGGGACTCGGCCGTGTATCTCTGTGCCAGCAGCTTAGGGGGTCAGGGGGCCGATGAGCAGTTCTTCGGGCCA"	"CASSLGGQGADEQFF"	"CAGCCTGCAGAGCTTGGGGACTCGGCCGTGTATCTCTGTGCCAGCAGCTTAGGGGGTCAGGGGGCCGATGAGCAGTTCTTCGGGCCA"	"CASSLGGQGADEQFF"	"TCRBV11-3*1"	"TCRBD1-1*1"	"TCRBJ2-1*1"	52	57	65	67	5	2	NA	NA	"CAGCCTGCAGAGCTTGGGGACTCGGCCGTGTATCTCTGTGCCAGCAGCTTAGGGGGTCAGGGGGCCGATGAGCAGTTCTTCGGGCCA"	FALSE	TRUE	NA	NA	NA	NA
"TCCCTAGAGTCTGCCATCCCCAACCAGACAGCTCTTTACTTCTGTGCCACCAGTGATTTACAGAGCTATGGCTACACCTTCGGTTCG"	"CATSDLQSYGYTF"	"TCCCTAGAGTCTGCCATCCCCAACCAGACAGCTCTTTACTTCTGTGCCACCAGTGATTTACAGAGCTATGGCTACACCTTCGGTTCG"	"CATSDLQSYGYTF"	"TCRBV24-1*1"	"TCRBD1-1*1"	"TCRBJ1-2*1"	-1	59	63	65	60	2	NA	NA	"TCCCTAGAGTCTGCCATCCCCAACCAGACAGCTCTTTACTTCTGTGCCACCAGTGATTTACAGAGCTATGGCTACACCTTCGGTTCG"	FALSE	TRUE	NA	NA	NA	NA
"NNNNNNNTGTCGGCTGCTCCCTCCCAAACATCTGTGTACTTCTGTGCCAGCAGTGCTGGACTAGCCGGCGAGCAGTACTTCGGGCCG"	"CASSAGLAGEQYF"	"NNNNNNNTGTCGGCTGCTCCCTCCCAAACATCTGTGTACTTCTGTGCCAGCAGTGCTGGACTAGCCGGCGAGCAGTACTTCGGGCCG"	"CASSAGLAGEQYF"	"TCRBV6-2/6-3*1"	"TCRBD2-1"	"TCRBJ2-7*1"	54	57	65	68	3	3	NA	NA	"NNNNNNNTGTCGGCTGCTCCCTCCCAAACATCTGTGTACTTCTGTGCCAGCAGTGCTGGACTAGCCGGCGAGCAGTACTTCGGGCCG"	FALSE	TRUE	NA	NA	NA	NA
"CCAGCCCTCAGAACCCAGGGACTCAGCTGTGTACTTCTGTGCCAGCAGTTCCCCGGGAGTAGCACAGATACGCAGTATTTTGGCCCA"	""	"CCAGCCCTCAGAACCCAGGGACTCAGCTGTGTACTTCTGTGCCAGCAGTTCCCCGGGAGTAGCACAGATACGCAGTATTTTGGCCCA"	""	NA	"TCRBD2-1*2"	"TCRBJ2-3*1"	50	53	59	60	3	1	NA	NA	"CCAGCCCTCAGAACCCAGGGACTCAGCTGTGTACTTCTGTGCCAGCAGTTCCCCGGGAGTAGCACAGATACGCAGTATTTTGGCCCA"	FALSE	FALSE	NA	NA	NA	NA
"CACGGAGTCAGGGGACACAGCACTGTATTTCTGTGCCAGCAGCAAACTCGGCTAGCGAGTAGCACAGATACGCAGTATTTTGGCCCA"	""	"CACGGAGTCAGGGGACACAGCACTGTATTTCTGTGCCAGCAGCAAACTCGGCTAGCGAGTAGCACAGATACGCAGTATTTTGGCCCA"	""	"TCRBV21-1*1"	"TCRBD2-1"	"TCRBJ2-3*1"	46	51	57	60	5	3	NA	NA	"CACGGAGTCAGGGGACACAGCACTGTATTTCTGTGCCAGCAGCAAACTCGGCTAGCGAGTAGCACAGATACGCAGTATTTTGGCCCA"	FALSE	FALSE	NA	NA	NA	NA
"CACACCCTGCAGCCAGAAGACTCGGCCCTGTATCTCTGTGCCAGCAGCCAAGGAACTAGCGGGGATAGAGGGCAGTTCTTCGGGCCA"	"CASSQGTSGDRGQFF"	"CACACCCTGCAGCCAGAAGACTCGGCCCTGTATCTCTGTGCCAGCAGCCAAGGAACTAGCGGGGATAGAGGGCAGTTCTTCGGGCCA"	"CASSQGTSGDRGQFF"	"TCRBV4-2*1"	"TCRBD2-1*1"	"TCRBJ2-1*1"	52	54	64	71	2	7	NA	NA	"CACACCCTGCAGCCAGAAGACTCGGCCCTGTATCTCTGTGCCAGCAGCCAAGGAACTAGCGGGGATAGAGGGCAGTTCTTCGGGCCA"	FALSE	TRUE	NA	NA	NA	NA
"AAGATCCAGCCTGCAGAGCTTGGGGACTCGGCCGTGTATCTCTGTGCCAGCAGCCCCTCGGACCGCTACGAGCAGTACTTCGGGCCG"	"CASSPSDRYEQYF"	"AAGATCCAGCCTGCAGAGCTTGGGGACTCGGCCGTGTATCTCTGTGCCAGCAGCCCCTCGGACCGCTACGAGCAGTACTTCGGGCCG"	"CASSPSDRYEQYF"	"TCRBV11-3*1"	NA	"TCRBJ2-7*1"	54	59	63	65	5	2	NA	NA	"AAGATCCAGCCTGCAGAGCTTGGGGACTCGGCCGTGTATCTCTGTGCCAGCAGCCCCTCGGACCGCTACGAGCAGTACTTCGGGCCG"	FALSE	TRUE	NA	NA	NA	NA
"GCACCTTGGAGCTGGGGGACTCGGCCCTTTATCTTTGCGCCAGCAGCTTGGAGAGAGTCCGGGGGCTATGGCTACACCTTCGGTTCG"	""	"GCACCTTGGAGCTGGGGGACTCGGCCCTTTATCTTTGCGCCAGCAGCTTGGAGAGAGTCCGGGGGCTATGGCTACACCTTCGGTTCG"	""	"TCRBV5-1*1"	"TCRBD2-1*1"	"TCRBJ1-2*1"	51	59	-1	65	8	66	NA	NA	"GCACCTTGGAGCTGGGGGACTCGGCCCTTTATCTTTGCGCCAGCAGCTTGGAGAGAGTCCGGGGGCTATGGCTACACCTTCGGTTCG"	FALSE	FALSE	NA	NA	NA	NA
"GAGTTGGCTGCTCCCTCCCAGACATCTGTGTACTTCTGTGCCAGCAGTACCCAGCGGGAGAGTTCCTACGAGCAGTACTTCGGGCCG"	"CASSTQRESSYEQYF"	"GAGTTGGCTGCTCCCTCCCAGACATCTGTGTACTTCTGTGCCAGCAGTACCCAGCGGGAGAGTTCCTACGAGCAGTACTTCGGGCCG"	"CASSTQRESSYEQYF"	"TCRBV6-6"	"TCRBD2-1*2"	"TCRBJ2-7*1"	48	52	60	63	4	3	NA	NA	"GAGTTGGCTGCTCCCTCCCAGACATCTGTGTACTTCTGTGCCAGCAGTACCCAGCGGGAGAGTTCCTACGAGCAGTACTTCGGGCCG"	FALSE	TRUE	NA	NA	NA	NA
"GAGGATTCAGCAGTGTATTTTTGTGCCAGCAGCCAAAGGGGAACCTTACCTGGGGGCGATAAAACCTACGAGCAGTACTTCGGGCCG"	"CASSQRGTLPGGDKTYEQYF"	"GAGGATTCAGCAGTGTATTTTTGTGCCAGCAGCCAAAGGGGAACCTTACCTGGGGGCGATAAAACCTACGAGCAGTACTTCGGGCCG"	"CASSQRGTLPGGDKTYEQYF"	"TCRBV16-1*1"	"TCRBD1-1*1"	"TCRBJ2-7*1"	36	51	57	64	15	7	NA	NA	"GAGGATTCAGCAGTGTATTTTTGTGCCAGCAGCCAAAGGGGAACCTTACCTGGGGGCGATAAAACCTACGAGCAGTACTTCGGGCCG"	FALSE	TRUE	NA	NA	NA	NA
"GTGAGCACCTTGGAGCTGGGGGACTCGGCCCTTTATCTTTGCGCCAGCAGCTTGGTGCTAGCGGGAGATACGCAGTATTTTGGCCCA"	"CASSLVLAGDTQYF"	"GTGAGCACCTTGGAGCTGGGGGACTCGGCCCTTTATCTTTGCGCCAGCAGCTTGGTGCTAGCGGGAGATACGCAGTATTTTGGCCCA"	"CASSLVLAGDTQYF"	"TCRBV5-1*1"	"TCRBD2-1"	"TCRBJ2-3*1"	55	57	-1	65	2	66	NA	NA	"GTGAGCACCTTGGAGCTGGGGGACTCGGCCCTTTATCTTTGCGCCAGCAGCTTGGTGCTAGCGGGAGATACGCAGTATTTTGGCCCA"	FALSE	TRUE	NA	NA	NA	NA
"NTGTCGGCTGCTCCCTCCCAGACATCTGTGTACTTCTGTGCCAGCAGTGAAGGTCCGGCAGAAGAAGAGCCCCAGCATTTTGGTGAT"	"CASSEGPAEEEPQHF"	"NTGTCGGCTGCTCCCTCCCAGACATCTGTGTACTTCTGTGCCAGCAGTGAAGGTCCGGCAGAAGAAGAGCCCCAGCATTTTGGTGAT"	"CASSEGPAEEEPQHF"	"TCRBV6-1*1"	NA	"TCRBJ1-5*1"	52	58	61	67	6	6	NA	NA	"NTGTCGGCTGCTCCCTCCCAGACATCTGTGTACTTCTGTGCCAGCAGTGAAGGTCCGGCAGAAGAAGAGCCCCAGCATTTTGGTGAT"	FALSE	TRUE	NA	NA	NA	NA
"TGGAGTCCGCCAGCACCAACCAGACATCTATGTACCTCTGTGCCAGCAGTTTATGCTAGCACGGCCGGGGAGCTGTTTTTTGGAGAA"	""	"TGGAGTCCGCCAGCACCAACCAGACATCTATGTACCTCTGTGCCAGCAGTTTATGCTAGCACGGCCGGGGAGCTGTTTTTTGGAGAA"	""	"TCRBV28-1*1"	"TCRBD2-1"	"TCRBJ2-2*1"	-1	55	60	64	56	4	NA	NA	"TGGAGTCCGCCAGCACCAACCAGACATCTATGTACCTCTGTGCCAGCAGTTTATGCTAGCACGGCCGGGGAGCTGTTTTTTGGAGAA"	FALSE	FALSE	NA	NA	NA	NA
"TGTGAGCAACATGAGCCCTGAAGACAGCAGCATATATCTCTGCAGCGTGCGCAGGGGGCCTCTGGAAACACCATATATTTTGGAGAG"	""	"TGTGAGCAACATGAGCCCTGAAGACAGCAGCATATATCTCTGCAGCGTGCGCAGGGGGCCTCTGGAAACACCATATATTTTGGAGAG"	""	"TCRBV29-1"	"TCRBD1-1*1"	"TCRBJ1-3*1"	48	51	-1	59	3	60	NA	NA	"TGTGAGCAACATGAGCCCTGAAGACAGCAGCATATATCTCTGCAGCGTGCGCAGGGGGCCTCTGGAAACACCATATATTTTGGAGAG"	FALSE	FALSE	NA	NA	NA	NA
"CAGCCAGAAGACTCGGCCCTGTATCTCTGTGCCAGCAGCCAAGACGAGGGGGACAGGGGAGGCAATCAGCCCCAGCATTTTGGTGAT"	"CASSQDEGDRGGNQPQHF"	"CAGCCAGAAGACTCGGCCCTGTATCTCTGTGCCAGCAGCCAAGACGAGGGGGACAGGGGAGGCAATCAGCCCCAGCATTTTGGTGAT"	"CASSQDEGDRGGNQPQHF"	"TCRBV4-2*1"	"TCRBD1-1*1"	"TCRBJ1-5*1"	44	49	59	61	5	2	NA	NA	"CAGCCAGAAGACTCGGCCCTGTATCTCTGTGCCAGCAGCCAAGACGAGGGGGACAGGGGAGGCAATCAGCCCCAGCATTTTGGTGAT"	FALSE	TRUE	NA	NA	NA	NA
"CACGGAGTCAGGGGACACAGCACTGTATTTCTGTGCCAGCAGCCCCCGCCGGTATAGACAGGGAACTATGGCTACACCTTCGGTTCG"	""	"CACGGAGTCAGGGGACACAGCACTGTATTTCTGTGCCAGCAGCCCCCGCCGGTATAGACAGGGAACTATGGCTACACCTTCGGTTCG"	""	"TCRBV21-1*1"	"TCRBD1-1*1"	"TCRBJ1-2*1"	43	56	-1	63	13	64	NA	NA	"CACGGAGTCAGGGGACACAGCACTGTATTTCTGTGCCAGCAGCCCCCGCCGGTATAGACAGGGAACTATGGCTACACCTTCGGTTCG"	FALSE	FALSE	NA	NA	NA	NA
"ATCCAGTCCACGGAGTCAGGGGACACAGCACTGTATTTCTGTGCCAGCAGCCGATTCCAGGGGAGAAACACCATATATTTTGGAGAG"	"CASSRFQGRNTIYF"	"ATCCAGTCCACGGAGTCAGGGGACACAGCACTGTATTTCTGTGCCAGCAGCCGATTCCAGGGGAGAAACACCATATATTTTGGAGAG"	"CASSRFQGRNTIYF"	"TCRBV21-1*1"	"TCRBD1-1*1"	"TCRBJ1-3*1"	51	57	63	64	6	1	NA	NA	"ATCCAGTCCACGGAGTCAGGGGACACAGCACTGTATTTCTGTGCCAGCAGCCGATTCCAGGGGAGAAACACCATATATTTTGGAGAG"	FALSE	TRUE	NA	NA	NA	NA
"ATCCAGCCTGCAGAGCTTGGGGACTCGGCCGTGTATCTCTGTGCCAGCAGCTTAGGCCTTCCCACAGATACGCAGTATTTTGGCCCA"	"CASSLGLPTDTQYF"	"ATCCAGCCTGCAGAGCTTGGGGACTCGGCCGTGTATCTCTGTGCCAGCAGCTTAGGCCTTCCCACAGATACGCAGTATTTTGGCCCA"	"CASSLGLPTDTQYF"	"TCRBV11-3*1"	NA	"TCRBJ2-3*1"	-1	55	57	62	56	5	NA	NA	"ATCCAGCCTGCAGAGCTTGGGGACTCGGCCGTGTATCTCTGTGCCAGCAGCTTAGGCCTTCCCACAGATACGCAGTATTTTGGCCCA"	FALSE	TRUE	NA	NA	NA	NA
"TGGTGACTCTGCTGTGTATTTCTGTGCCAGCAGCCAAGTGGGCCAGGGGGAATTTCGGGTTCCTACAATGAGCAGTTCTTCGGGCCA"	""	"TGGTGACTCTGCTGTGTATTTCTGTGCCAGCAGCCAAGTGGGCCAGGGGGAATTTCGGGTTCCTACAATGAGCAGTTCTTCGGGCCA"	""	"TCRBV3-1/3-2*1"	"TCRBD1-1*1"	"TCRBJ2-1*1"	38	43	50	60	5	10	NA	NA	"TGGTGACTCTGCTGTGTATTTCTGTGCCAGCAGCCAAGTGGGCCAGGGGGAATTTCGGGTTCCTACAATGAGCAGTTCTTCGGGCCA"	FALSE	FALSE	NA	NA	NA	NA
"AACATGAGCCCTGAAGACAGCAGCATATATCTCTGCAGCGTCCCGGCCTCCCGGAACTCTGGGGCCAACGTCCTGACTTTCGGGGCC"	"CSVPASRNSGANVLTF"	"AACATGAGCCCTGAAGACAGCAGCATATATCTCTGCAGCGTCCCGGCCTCCCGGAACTCTGGGGCCAACGTCCTGACTTTCGGGGCC"	"CSVPASRNSGANVLTF"	"TCRBV29-1"	NA	"TCRBJ2-6*1"	41	52	55	56	11	1	NA	NA	"AACATGAGCCCTGAAGACAGCAGCATATATCTCTGCAGCGTCCCGGCCTCCCGGAACTCTGGGGCCAACGTCCTGACTTTCGGGGCC"	FALSE	TRUE	NA	NA	NA	NA
"ATCCAGCCTGCAGAGCTTGGGGACTCGGCCGTGTATCTCTGTGCCAGCAGCTTAGAGGGTAGCGGAAGAGAGCAGTTCTTCGGGCCA"	"CASSLEGSGREQFF"	"ATCCAGCCTGCAGAGCTTGGGGACTCGGCCGTGTATCTCTGTGCCAGCAGCTTAGAGGGTAGCGGAAGAGAGCAGTTCTTCGGGCCA"	"CASSLEGSGREQFF"	"TCRBV11-3*1"	"TCRBD2-1"	"TCRBJ2-1*1"	56	59	65	69	3	4	NA	NA	"ATCCAGCCTGCAGAGCTTGGGGACTCGGCCGTGTATCTCTGTGCCAGCAGCTTAGAGGGTAGCGGAAGAGAGCAGTTCTTCGGGCCA"	FALSE	TRUE	NA	NA	NA	NA
"AGTGCCCATCCTGAAGACAGCAGCTTCTACATCTGCAGTGCTAACCTAGCGGGAGGGAGCTCCTACAATGAGCAGTTCTTCGGGCCA"	"CSANLAGGSSYNEQFF"	"AGTGCCCATCCTGAAGACAGCAGCTTCTACATCTGCAGTGCTAACCTAGCGGGAGGGAGCTCCTACAATGAGCAGTTCTTCGGGCCA"	"CSANLAGGSSYNEQFF"	NA	"TCRBD2-1*2"	"TCRBJ2-1*1"	43	45	57	59	2	2	NA	NA	"AGTGCCCATCCTGAAGACAGCAGCTTCTACATCTGCAGTGCTAACCTAGCGGGAGGGAGCTCCTACAATGAGCAGTTCTTCGGGCCA"	FALSE	TRUE	NA	NA	NA	NA
"AGTCCGCCAGCACCAACCAGACATCTATGTACCTCTGTGCCAGCAGTCTCCCCCCCGGGACAGCTCAATGAGCAGTTCTTCGGGCCA"	""	"AGTCCGCCAGCACCAACCAGACATCTATGTACCTCTGTGCCAGCAGTCTCCCCCCCGGGACAGCTCAATGAGCAGTTCTTCGGGCCA"	""	"TCRBV28-1*1"	"TCRBD1-1*1"	"TCRBJ2-1*1"	47	56	63	65	9	2	NA	NA	"AGTCCGCCAGCACCAACCAGACATCTATGTACCTCTGTGCCAGCAGTCTCCCCCCCGGGACAGCTCAATGAGCAGTTCTTCGGGCCA"	FALSE	FALSE	NA	NA	NA	NA
"NTGTCGGCTGCTCCCTCCCAGACATCTGTGTACTTCTGTGCCAGCAGTTTCGACTGGGGCTCCTACAATGAGCAGTTCTTCGGGCCA"	"CASSFDWGSYNEQFF"	"NTGTCGGCTGCTCCCTCCCAGACATCTGTGTACTTCTGTGCCAGCAGTTTCGACTGGGGCTCCTACAATGAGCAGTTCTTCGGGCCA"	"CASSFDWGSYNEQFF"	"TCRBV6-5*1"	NA	"TCRBJ2-1*1"	49	55	-1	59	6	60	NA	NA	"NTGTCGGCTGCTCCCTCCCAGACATCTGTGTACTTCTGTGCCAGCAGTTTCGACTGGGGCTCCTACAATGAGCAGTTCTTCGGGCCA"	FALSE	TRUE	NA	NA	NA	NA
"TCTCTGGAGCTGGGGGACTCAGCTTTGTATTTCTGTGCCAGCAGTGTACCACTCTCCGACACTAACTATGGCTACACCTTCGGTTCG"	"CASSVPLSDTNYGYTF"	"TCTCTGGAGCTGGGGGACTCAGCTTTGTATTTCTGTGCCAGCAGTGTACCACTCTCCGACACTAACTATGGCTACACCTTCGGTTCG"	"CASSVPLSDTNYGYTF"	"TCRBV9-1*1"	"TCRBD1-1*1"	"TCRBJ1-2*1"	48	57	-1	61	9	62	NA	NA	"TCTCTGGAGCTGGGGGACTCAGCTTTGTATTTCTGTGCCAGCAGTGTACCACTCTCCGACACTAACTATGGCTACACCTTCGGTTCG"	FALSE	TRUE	NA	NA	NA	NA
"TCACTCTGGAGTCCGCTACCCGCTCCCAGACATCTGTGTATTTCTGCGCCAGCAGTGACCAGGGGAAATGGCTACACCTTCGGTTCG"	""	"TCACTCTGGAGTCCGCTACCCGCTCCCAGACATCTGTGTATTTCTGCGCCAGCAGTGACCAGGGGAAATGGCTACACCTTCGGTTCG"	""	"TCRBV1-2*1"	"TCRBD1-1*1"	"TCRBJ1-2*1"	58	59	65	67	1	2	NA	NA	"TCACTCTGGAGTCCGCTACCCGCTCCCAGACATCTGTGTATTTCTGCGCCAGCAGTGACCAGGGGAAATGGCTACACCTTCGGTTCG"	FALSE	FALSE	NA	NA	NA	NA
"CCTCAGAACCCAGGGACTCAGCTGTGTACTTCTGTGCCAGCAGTTTAGCCCCAACCGGACTAGTACTACGAGCAGTACTTCGGGCCG"	""	"CCTCAGAACCCAGGGACTCAGCTGTGTACTTCTGTGCCAGCAGTTTAGCCCCAACCGGACTAGTACTACGAGCAGTACTTCGGGCCG"	""	NA	"TCRBD2-1"	"TCRBJ2-7*1"	49	56	63	65	7	2	NA	NA	"CCTCAGAACCCAGGGACTCAGCTGTGTACTTCTGTGCCAGCAGTTTAGCCCCAACCGGACTAGTACTACGAGCAGTACTTCGGGCCG"	FALSE	FALSE	NA	NA	NA	NA
"CTGAAGTTCCAGCGCACACAGCAGGAGGACTCCGCCGTGTATCTCTGTGCCAGCAGCTTAGACAAAAACATTCAGTACTTCGGCGCC"	"CASSLDKNIQYF"	"CTGAAGTTCCAGCGCACACAGCAGGAGGACTCCGCCGTGTATCTCTGTGCCAGCAGCTTAGACAAAAACATTCAGTACTTCGGCGCC"	"CASSLDKNIQYF"	"TCRBV7-8*1"	NA	"TCRBJ2-4*1"	-1	-1	61	62	0	1	NA	NA	"CTGAAGTTCCAGCGCACACAGCAGGAGGACTCCGCCGTGTATCTCTGTGCCAGCAGCTTAGACAAAAACATTCAGTACTTCGGCGCC"	FALSE	TRUE	NA	NA	NA	NA
"ACATCGGCCCAAAAGAACCCGACAGCTTTCTATCTCTGTGCCAGTAGCGACCTAGCGAACTCCTACAATGAGCAGTTCTTCGGGCCA"	"CASSDLANSYNEQFF"	"ACATCGGCCCAAAAGAACCCGACAGCTTTCTATCTCTGTGCCAGTAGCGACCTAGCGAACTCCTACAATGAGCAGTTCTTCGGGCCA"	"CASSDLANSYNEQFF"	"TCRBV19-1*1"	"TCRBD2-1"	"TCRBJ2-1*1"	47	51	57	59	4	2	NA	NA	"ACATCGGCCCAAAAGAACCCGACAGCTTTCTATCTCTGTGCCAGTAGCGACCTAGCGAACTCCTACAATGAGCAGTTCTTCGGGCCA"	FALSE	TRUE	NA	NA	NA	NA
"GTCCGCCAGCACCAACCAGACATCTATGTACCTCTGTGCCAGCAGTCCAAATTTCAGGGGGCTTGGGAGACCCAGTACTTCGGGCCA"	""	"GTCCGCCAGCACCAACCAGACATCTATGTACCTCTGTGCCAGCAGTCCAAATTTCAGGGGGCTTGGGAGACCCAGTACTTCGGGCCA"	""	"TCRBV28-1*1"	"TCRBD1-1*1"	"TCRBJ2-5*1"	46	54	62	66	8	4	NA	NA	"GTCCGCCAGCACCAACCAGACATCTATGTACCTCTGTGCCAGCAGTCCAAATTTCAGGGGGCTTGGGAGACCCAGTACTTCGGGCCA"	FALSE	FALSE	NA	NA	NA	NA
"CAGCGCACAGAGCAGCGGGACTCGGCCATGTATCGCTGTGCCAGCAGCTTAGACTAGCGGGTCTCCTACGAGCAGTACTTCGGGCCG"	"CASSLD*RVSYEQYF"	"CAGCGCACAGAGCAGCGGGACTCGGCCATGTATCGCTGTGCCAGCAGCTTAGACTAGCGGGTCTCCTACGAGCAGTACTTCGGGCCG"	"CASSLD*RVSYEQYF"	"TCRBV7-6*1"	"TCRBD2-1"	"TCRBJ2-7*1"	-1	52	61	62	53	1	NA	NA	"CAGCGCACAGAGCAGCGGGACTCGGCCATGTATCGCTGTGCCAGCAGCTTAGACTAGCGGGTCTCCTACGAGCAGTACTTCGGGCCG"	FALSE	TRUE	NA	NA	NA	NA
"CCTGGAGCTTGGTGACTCTGCTGTGTATTTCTGTGCCAGCAGCCCACTAGCGGGAGAAGACGGTCAGATACGCAGTATTTTGGCCCA"	""	"CCTGGAGCTTGGTGACTCTGCTGTGTATTTCTGTGCCAGCAGCCCACTAGCGGGAGAAGACGGTCAGATACGCAGTATTTTGGCCCA"	""	"TCRBV3-1/3-2*1"	"TCRBD2-1*2"	"TCRBJ2-3*1"	44	45	56	64	1	8	NA	NA	"CCTGGAGCTTGGTGACTCTGCTGTGTATTTCTGTGCCAGCAGCCCACTAGCGGGAGAAGACGGTCAGATACGCAGTATTTTGGCCCA"	FALSE	FALSE	NA	NA	NA	NA
"ATCCAGCGCACAGAGCAGGGGGACTCGGCCATGTATCTCTGTGCCAGCAGCTTTAAGGGGCGAGGCACTGAAGCTTTCTTTGGACAA"	"CASSFKGRGTEAFF"	"ATCCAGCGCACAGAGCAGGGGGACTCGGCCATGTATCTCTGTGCCAGCAGCTTTAAGGGGCGAGGCACTGAAGCTTTCTTTGGACAA"	"CASSFKGRGTEAFF"	"TCRBV7-9*1"	"TCRBD1-1*1"	"TCRBJ1-1*1"	53	55	60	65	2	5	NA	NA	"ATCCAGCGCACAGAGCAGGGGGACTCGGCCATGTATCTCTGTGCCAGCAGCTTTAAGGGGCGAGGCACTGAAGCTTTCTTTGGACAA"	FALSE	TRUE	NA	NA	NA	NA
"AGTGCCCATCCTGAAGACAGCAGCTTCTACATCTGCAGTGCTAGCGCTCGACTAGCGGGAGGGACAGATACGCAGTATTTTGGCCCA"	"CSASARLAGGTDTQYF"	"AGTGCCCATCCTGAAGACAGCAGCTTCTACATCTGCAGTGCTAGCGCTCGACTAGCGGGAGGGACAGATACGCAGTATTTTGGCCCA"	"CSASARLAGGTDTQYF"	NA	"TCRBD2-1*2"	"TCRBJ2-3*1"	44	49	-1	63	5	64	NA	NA	"AGTGCCCATCCTGAAGACAGCAGCTTCTACATCTGCAGTGCTAGCGCTCGACTAGCGGGAGGGACAGATACGCAGTATTTTGGCCCA"	FALSE	TRUE	NA	NA	NA	NA
"GAGACACGGCACTGTATCTCTGCGCCAGCAGTCAATCGGACGGGGGCAGAACCTTCCGATCCGAACACTGAAGCTTTCTTTGGACAA"	""	"GAGACACGGCACTGTATCTCTGCGCCAGCAGTCAATCGGACGGGGGCAGAACCTTCCGATCCGAACACTGAAGCTTTCTTTGGACAA"	""	"TCRBV23-1*1"	NA	"TCRBJ1-1*1"	37	41	47	62	4	15	NA	NA	"GAGACACGGCACTGTATCTCTGCGCCAGCAGTCAATCGGACGGGGGCAGAACCTTCCGATCCGAACACTGAAGCTTTCTTTGGACAA"	FALSE	FALSE	NA	NA	NA	NA
"ACAGTGACCAGTGCCCATCCTGAAGACAGCAGCTTCTACATCTGCAGTGGAAGGACTAGCGGGAGCTACGAGCAGTACTTCGGGCCG"	"CSGRTSGSYEQYF"	"ACAGTGACCAGTGCCCATCCTGAAGACAGCAGCTTCTACATCTGCAGTGGAAGGACTAGCGGGAGCTACGAGCAGTACTTCGGGCCG"	"CSGRTSGSYEQYF"	NA	"TCRBD2-1*2"	"TCRBJ2-7*1"	49	52	-1	65	3	66	NA	NA	"ACAGTGACCAGTGCCCATCCTGAAGACAGCAGCTTCTACATCTGCAGTGGAAGGACTAGCGGGAGCTACGAGCAGTACTTCGGGCCG"	FALSE	TRUE	NA	NA	NA	NA
"GTGACCAGTGCCCATCCTGAAGACAGCAGCTTCTACATCTGCAGTGCTAGTCCCCGACAGGTCATCTACGAGCAGTACTTCGGGCCG"	"CSASPRQVIYEQYF"	"GTGACCAGTGCCCATCCTGAAGACAGCAGCTTCTACATCTGCAGTGCTAGTCCCCGACAGGTCATCTACGAGCAGTACTTCGGGCCG"	"CSASPRQVIYEQYF"	"TCRBV2-1*4"	"TCRBD1-1*1"	"TCRBJ2-7*1"	51	55	61	65	4	4	NA	NA	"GTGACCAGTGCCCATCCTGAAGACAGCAGCTTCTACATCTGCAGTGCTAGTCCCCGACAGGTCATCTACGAGCAGTACTTCGGGCCG"	FALSE	TRUE	NA	NA	NA	NA
"GATCCAGCAGGTAGTGCGAGGAGATTCGGCAGCTTATTTCTGTGCCAGCTCCCCCGGGGGTTTACCTACGAGCAGTACTTCGGGCCG"	""	"GATCCAGCAGGTAGTGCGAGGAGATTCGGCAGCTTATTTCTGTGCCAGCTCCCCCGGGGGTTTACCTACGAGCAGTACTTCGGGCCG"	""	"TCRBV18-1*1"	"TCRBD2-1*1"	"TCRBJ2-7*1"	51	54	60	64	3	4	NA	NA	"GATCCAGCAGGTAGTGCGAGGAGATTCGGCAGCTTATTTCTGTGCCAGCTCCCCCGGGGGTTTACCTACGAGCAGTACTTCGGGCCG"	FALSE	FALSE	NA	NA	NA	NA
"ATGTGAACGCCTTGGAGCTGGAGGACTCGGCCCTGTATCTCTGTGCCAGCAGCTTGTGGTCAGAACTATGGCTACACCTTCGGTTCG"	""	"ATGTGAACGCCTTGGAGCTGGAGGACTCGGCCCTGTATCTCTGTGCCAGCAGCTTGTGGTCAGAACTATGGCTACACCTTCGGTTCG"	""	"TCRBV5-8*1"	"TCRBD1-1*1"	"TCRBJ1-2*1"	56	60	-1	63	4	64	NA	NA	"ATGTGAACGCCTTGGAGCTGGAGGACTCGGCCCTGTATCTCTGTGCCAGCAGCTTGTGGTCAGAACTATGGCTACACCTTCGGTTCG"	FALSE	FALSE	NA	NA	NA	NA
"ATCCTGAGTTCTAAGAAGCTCCTTCTCAGTGACTCTGGCTTCTATCTCTGTGCCTGGAGAGACCCGGAAGGAGCTTTCTTTGGACAA"	"CAWRDPEGAFF"	"ATCCTGAGTTCTAAGAAGCTCCTTCTCAGTGACTCTGGCTTCTATCTCTGTGCCTGGAGAGACCCGGAAGGAGCTTTCTTTGGACAA"	"CAWRDPEGAFF"	"TCRBV3-1*1"	NA	"TCRBJ1-1*1"	59	65	68	71	6	3	NA	NA	"ATCCTGAGTTCTAAGAAGCTCCTTCTCAGTGACTCTGGCTTCTATCTCTGTGCCTGGAGAGACCCGGAAGGAGCTTTCTTTGGACAA"	FALSE	TRUE	NA	NA	NA	NA
"GACCAGTGCTCATCCTGAAGACAGCAGCTTCTACATCTGCAGTGCTAGGTCTCGGGAGGGGAATACAATGAGCAGTTCTTCGGGCCA"	""	"GACCAGTGCTCATCCTGAAGACAGCAGCTTCTACATCTGCAGTGCTAGGTCTCGGGAGGGGAATACAATGAGCAGTTCTTCGGGCCA"	""	NA	"TCRBD2-1*2"	"TCRBJ2-1*1"	48	52	60	63	4	3	NA	NA	"GACCAGTGCTCATCCTGAAGACAGCAGCTTCTACATCTGCAGTGCTAGGTCTCGGGAGGGGAATACAATGAGCAGTTCTTCGGGCCA"	FALSE	FALSE	NA	NA	NA	NA
"CTGGAGTCGCCCAGCCCCAACCAGACCTCTCTGTACTTCTGTGCCAGCAGTTTTCTAGGGGGCTCCTACGAGCAGTACTTCGGGCCG"	"CASSFLGGSYEQYF"	"CTGGAGTCGCCCAGCCCCAACCAGACCTCTCTGTACTTCTGTGCCAGCAGTTTTCTAGGGGGCTCCTACGAGCAGTACTTCGGGCCG"	"CASSFLGGSYEQYF"	"TCRBV27-1*1"	"TCRBD1-1*1"	"TCRBJ2-7*1"	53	56	-1	62	3	63	NA	NA	"CTGGAGTCGCCCAGCCCCAACCAGACCTCTCTGTACTTCTGTGCCAGCAGTTTTCTAGGGGGCTCCTACGAGCAGTACTTCGGGCCG"	FALSE	TRUE	NA	NA	NA	NA
"CAGCGCACAGAGCAGGAGGACTCGGCCGTGTATCTCTGTGCCAGCACCGTTTGGGGCGGGAGATCCAATGAGCAGTTCTTCGGGCCA"	"CASTVWGGRSNEQFF"	"CAGCGCACAGAGCAGGAGGACTCGGCCGTGTATCTCTGTGCCAGCACCGTTTGGGGCGGGAGATCCAATGAGCAGTTCTTCGGGCCA"	"CASTVWGGRSNEQFF"	"TCRBV7-2"	"TCRBD2-1*2"	"TCRBJ2-1*1"	46	55	62	65	9	3	NA	NA	"CAGCGCACAGAGCAGGAGGACTCGGCCGTGTATCTCTGTGCCAGCACCGTTTGGGGCGGGAGATCCAATGAGCAGTTCTTCGGGCCA"	FALSE	TRUE	NA	NA	NA	NA
"ACCAGTGCCCATCCTGAAGACAGCAGCTTCTACATCTGCAGTGCCACCTCAGGTGAGGGGAGAGGACAAGAGCAGTACTTCGGGCCG"	"CSATSGEGRGQEQYF"	"ACCAGTGCCCATCCTGAAGACAGCAGCTTCTACATCTGCAGTGCCACCTCAGGTGAGGGGAGAGGACAAGAGCAGTACTTCGGGCCG"	"CSATSGEGRGQEQYF"	NA	NA	"TCRBJ2-7*1"	44	63	68	69	19	1	NA	NA	"ACCAGTGCCCATCCTGAAGACAGCAGCTTCTACATCTGCAGTGCCACCTCAGGTGAGGGGAGAGGACAAGAGCAGTACTTCGGGCCG"	FALSE	TRUE	NA	NA	NA	NA
"ACCTTGGAGCTGGGGGACTCGGCCCTTTATCTTTGCGCCAGCAGCTTGGGCTTCCGGGACAAGTTGGTCGAGCAGTACTTCGGGCCG"	"CASSLGFRDKLVEQYF"	"ACCTTGGAGCTGGGGGACTCGGCCCTTTATCTTTGCGCCAGCAGCTTGGGCTTCCGGGACAAGTTGGTCGAGCAGTACTTCGGGCCG"	"CASSLGFRDKLVEQYF"	"TCRBV5-1*1"	"TCRBD1-1*1"	"TCRBJ2-7*1"	49	55	61	68	6	7	NA	NA	"ACCTTGGAGCTGGGGGACTCGGCCCTTTATCTTTGCGCCAGCAGCTTGGGCTTCCGGGACAAGTTGGTCGAGCAGTACTTCGGGCCG"	FALSE	TRUE	NA	NA	NA	NA
"NNNNNNNTGTCGGCTGCTCCCTCCCAAACATCTGTGTACTTCTGTGCCAGCAGTTATGGGAACTCCTACGAGCAGTACTTCGGGCCG"	"CASSYGNSYEQYF"	"NNNNNNNTGTCGGCTGCTCCCTCCCAAACATCTGTGTACTTCTGTGCCAGCAGTTATGGGAACTCCTACGAGCAGTACTTCGGGCCG"	"CASSYGNSYEQYF"	"TCRBV6-2/6-3*1"	NA	"TCRBJ2-7*1"	56	57	61	62	1	1	NA	NA	"NNNNNNNTGTCGGCTGCTCCCTCCCAAACATCTGTGTACTTCTGTGCCAGCAGTTATGGGAACTCCTACGAGCAGTACTTCGGGCCG"	FALSE	TRUE	NA	NA	NA	NA
"ATCCAGCCTGCAGAGCTTGGGGACTCGGCCGTGTATCTCTGTGCCAGCAGCTTGGGTAGAGTCTACAATGAGCAGTTCTTCGGGCCA"	"CASSLGRVYNEQFF"	"ATCCAGCCTGCAGAGCTTGGGGACTCGGCCGTGTATCTCTGTGCCAGCAGCTTGGGTAGAGTCTACAATGAGCAGTTCTTCGGGCCA"	"CASSLGRVYNEQFF"	"TCRBV11-3*1"	NA	"TCRBJ2-1*1"	-1	53	56	62	54	6	NA	NA	"ATCCAGCCTGCAGAGCTTGGGGACTCGGCCGTGTATCTCTGTGCCAGCAGCTTGGGTAGAGTCTACAATGAGCAGTTCTTCGGGCCA"	FALSE	TRUE	NA	NA	NA	NA
"GGGGACTCGGCCGTGTATGTCTGTGCAAGTCGCTTATGATCCTCTCTCTGGGGGCGGGCAGCCCACTATGGCTACACCTTCGGTTCG"	"CASRL*SSLWGRAAHYGYTF"	"GGGGACTCGGCCGTGTATGTCTGTGCAAGTCGCTTATGATCCTCTCTCTGGGGGCGGGCAGCCCACTATGGCTACACCTTCGGTTCG"	"CASRL*SSLWGRAAHYGYTF"	"TCRBV12-2*1"	"TCRBD1-1*1"	"TCRBJ1-2*1"	36	49	55	64	13	9	NA	NA	"GGGGACTCGGCCGTGTATGTCTGTGCAAGTCGCTTATGATCCTCTCTCTGGGGGCGGGCAGCCCACTATGGCTACACCTTCGGTTCG"	FALSE	TRUE	NA	NA	NA	NA
"TCGGCCCAAAAGAACCCGACAGCTTTCTATCTCTGTGCCAGTAGTCGTTCGGGAGTCCGTAGCACAGATACGCAGTATTTTGGCCCA"	"CASSRSGVRSTDTQYF"	"TCGGCCCAAAAGAACCCGACAGCTTTCTATCTCTGTGCCAGTAGTCGTTCGGGAGTCCGTAGCACAGATACGCAGTATTTTGGCCCA"	"CASSRSGVRSTDTQYF"	"TCRBV19-1*1"	"TCRBD2-1*2"	"TCRBJ2-3*1"	45	49	55	60	4	5	NA	NA	"TCGGCCCAAAAGAACCCGACAGCTTTCTATCTCTGTGCCAGTAGTCGTTCGGGAGTCCGTAGCACAGATACGCAGTATTTTGGCCCA"	FALSE	TRUE	NA	NA	NA	NA
"GTGAACGCCTTGGAGCTGGACGACTCGGCCCTGTATCTCTGTGCCAGCAGCTTGGAGGCGGCGGCCGGAAAGCAGTACTTCGGGCCG"	"CASSLEAAAGKQYF"	"GTGAACGCCTTGGAGCTGGACGACTCGGCCCTGTATCTCTGTGCCAGCAGCTTGGAGGCGGCGGCCGGAAAGCAGTACTTCGGGCCG"	"CASSLEAAAGKQYF"	"TCRBV5-4*1"	"TCRBD2-1"	"TCRBJ2-7*1"	55	57	61	70	2	9	NA	NA	"GTGAACGCCTTGGAGCTGGACGACTCGGCCCTGTATCTCTGTGCCAGCAGCTTGGAGGCGGCGGCCGGAAAGCAGTACTTCGGGCCG"	FALSE	TRUE	NA	NA	NA	NA
"CTTCTCAGTGACTCTGGCTTCTATCTCTGTGCCTGGAGTGTACCTTCTAGCGGGAGTTTCTCCTACAATGAGCAGTTCTTCGGGCCA"	"CAWSVPSSGSFSYNEQFF"	"CTTCTCAGTGACTCTGGCTTCTATCTCTGTGCCTGGAGTGTACCTTCTAGCGGGAGTTTCTCCTACAATGAGCAGTTCTTCGGGCCA"	"CAWSVPSSGSFSYNEQFF"	"TCRBV3-1*1"	"TCRBD2-1*2"	"TCRBJ2-1*1"	41	46	56	59	5	3	NA	NA	"CTTCTCAGTGACTCTGGCTTCTATCTCTGTGCCTGGAGTGTACCTTCTAGCGGGAGTTTCTCCTACAATGAGCAGTTCTTCGGGCCA"	FALSE	TRUE	NA	NA	NA	NA
"GAGTCCGCCAGCACCAACCAGACATCTATGTACCTCTGTGCCAGCAGTTTGGATGGACAGGGTAATCAGCCCCAGCATTTTGGTGAT"	"CASSLDGQGNQPQHF"	"GAGTCCGCCAGCACCAACCAGACATCTATGTACCTCTGTGCCAGCAGTTTGGATGGACAGGGTAATCAGCCCCAGCATTTTGGTGAT"	"CASSLDGQGNQPQHF"	"TCRBV28-1*1"	"TCRBD1-1*1"	"TCRBJ1-5*1"	50	54	62	63	4	1	NA	NA	"GAGTCCGCCAGCACCAACCAGACATCTATGTACCTCTGTGCCAGCAGTTTGGATGGACAGGGTAATCAGCCCCAGCATTTTGGTGAT"	FALSE	TRUE	NA	NA	NA	NA
"TCGGCTGCTCCCTCCCAGACATCTGTGTACTTCTGTGCCAGCAGTGAAGCGCTCGGACTAGCCGGAATGGCCCAGTACTTCGGGCCA"	"CASSEALGLAGMAQYF"	"TCGGCTGCTCCCTCCCAGACATCTGTGTACTTCTGTGCCAGCAGTGAAGCGCTCGGACTAGCCGGAATGGCCCAGTACTTCGGGCCA"	"CASSEALGLAGMAQYF"	"TCRBV6-1*1"	"TCRBD2-1"	"TCRBJ2-5*1"	50	54	62	70	4	8	NA	NA	"TCGGCTGCTCCCTCCCAGACATCTGTGTACTTCTGTGCCAGCAGTGAAGCGCTCGGACTAGCCGGAATGGCCCAGTACTTCGGGCCA"	FALSE	TRUE	NA	NA	NA	NA
"CTGGAGCTGGGGGACTCAGCTTTGTATTTCTGTGCCAGCAGCGTAGTCCCTAGCGGACCAGGGATGGATACGCAGTATTTTGGCCCA"	"CASSVVPSGPGMDTQYF"	"CTGGAGCTGGGGGACTCAGCTTTGTATTTCTGTGCCAGCAGCGTAGTCCCTAGCGGACCAGGGATGGATACGCAGTATTTTGGCCCA"	"CASSVVPSGPGMDTQYF"	"TCRBV9-1*1"	"TCRBD2-1"	"TCRBJ2-3*1"	46	49	56	66	3	10	NA	NA	"CTGGAGCTGGGGGACTCAGCTTTGTATTTCTGTGCCAGCAGCGTAGTCCCTAGCGGACCAGGGATGGATACGCAGTATTTTGGCCCA"	FALSE	TRUE	NA	NA	NA	NA
"ACCAGTGCCCATCCTGAAGACAGCAGCTTCTACATCTGCAGTGCTAGAAATTCATTGGGTCCCAATCAGCCCCAGCATTTTGGTGAT"	"CSARNSLGPNQPQHF"	"ACCAGTGCCCATCCTGAAGACAGCAGCTTCTACATCTGCAGTGCTAGAAATTCATTGGGTCCCAATCAGCCCCAGCATTTTGGTGAT"	"CSARNSLGPNQPQHF"	NA	NA	"TCRBJ1-5*1"	48	56	59	62	8	3	NA	NA	"ACCAGTGCCCATCCTGAAGACAGCAGCTTCTACATCTGCAGTGCTAGAAATTCATTGGGTCCCAATCAGCCCCAGCATTTTGGTGAT"	FALSE	TRUE	NA	NA	NA	NA
"ATTCCCTGGAGCTTGGTGACTCTGCTGTGTATTTCTGTGCCAGCAGCCAGAGGAGGGACAGTGTATTCACCCCTCCACTTTGGGAAT"	""	"ATTCCCTGGAGCTTGGTGACTCTGCTGTGTATTTCTGTGCCAGCAGCCAGAGGAGGGACAGTGTATTCACCCCTCCACTTTGGGAAT"	""	"TCRBV3-1/3-2*1"	"TCRBD1-1*1"	"TCRBJ1-6*1"	49	54	61	64	5	3	NA	NA	"ATTCCCTGGAGCTTGGTGACTCTGCTGTGTATTTCTGTGCCAGCAGCCAGAGGAGGGACAGTGTATTCACCCCTCCACTTTGGGAAT"	FALSE	FALSE	NA	NA	NA	NA
"TTGGAGCTGGGGGACTCGGCCCTTTATCTTTGCGCCAGCAGCCGGGGACTAGCGGGTTCAACTTCCTACGAGCAGTACTTCGGGCCG"	"CASSRGLAGSTSYEQYF"	"TTGGAGCTGGGGGACTCGGCCCTTTATCTTTGCGCCAGCAGCCGGGGACTAGCGGGTTCAACTTCCTACGAGCAGTACTTCGGGCCG"	"CASSRGLAGSTSYEQYF"	"TCRBV5-1*1"	"TCRBD2-1"	"TCRBJ2-7*1"	42	44	56	63	2	7	NA	NA	"TTGGAGCTGGGGGACTCGGCCCTTTATCTTTGCGCCAGCAGCCGGGGACTAGCGGGTTCAACTTCCTACGAGCAGTACTTCGGGCCG"	FALSE	TRUE	NA	NA	NA	NA
"TCCCTGGAGCTTGGTGACTCTGCTGTGTATTTCTGTGCCAGCAGCCGAAAGACGGGAGGCGCGACGAATGAGCAGTTCTTCGGGCCA"	"CASSRKTGGATNEQFF"	"TCCCTGGAGCTTGGTGACTCTGCTGTGTATTTCTGTGCCAGCAGCCGAAAGACGGGAGGCGCGACGAATGAGCAGTTCTTCGGGCCA"	"CASSRKTGGATNEQFF"	"TCRBV3-1/3-2*1"	"TCRBD2-1*2"	"TCRBJ2-1*1"	46	52	59	66	6	7	NA	NA	"TCCCTGGAGCTTGGTGACTCTGCTGTGTATTTCTGTGCCAGCAGCCGAAAGACGGGAGGCGCGACGAATGAGCAGTTCTTCGGGCCA"	FALSE	TRUE	NA	NA	NA	NA
"GAGTCCGCCAGCACCAACCAGACATCTATGTACCTCTGTGCCAGCAGTTTAGGGGGAGTTGGGGACAATGAGCAGTTCTTCGGGCCA"	"CASSLGGVGDNEQFF"	"GAGTCCGCCAGCACCAACCAGACATCTATGTACCTCTGTGCCAGCAGTTTAGGGGGAGTTGGGGACAATGAGCAGTTCTTCGGGCCA"	"CASSLGGVGDNEQFF"	"TCRBV28-1*1"	NA	"TCRBJ2-1*1"	-1	51	56	64	52	8	NA	NA	"GAGTCCGCCAGCACCAACCAGACATCTATGTACCTCTGTGCCAGCAGTTTAGGGGGAGTTGGGGACAATGAGCAGTTCTTCGGGCCA"	FALSE	TRUE	NA	NA	NA	NA
"GGGGACACAGCACTGTATTTCTGTGCCAGCAGCAAGACCGGCCCGGGGGTCGACGTATAGAGCTCCTACGAGCAGTACTTCGGGCCG"	"CASSKTGPGVDV*SSYEQYF"	"GGGGACACAGCACTGTATTTCTGTGCCAGCAGCAAGACCGGCCCGGGGGTCGACGTATAGAGCTCCTACGAGCAGTACTTCGGGCCG"	"CASSKTGPGVDV*SSYEQYF"	"TCRBV21-1*1"	"TCRBD2-1*1"	"TCRBJ2-7*1"	35	43	49	62	8	13	NA	NA	"GGGGACACAGCACTGTATTTCTGTGCCAGCAGCAAGACCGGCCCGGGGGTCGACGTATAGAGCTCCTACGAGCAGTACTTCGGGCCG"	FALSE	TRUE	NA	NA	NA	NA
"CAGCAGGTAGTGCGAGGAGATTCGGCAGCTTATTTCTGTGCCAGCTCACCGACGCGGGCCTCCTACAATGAGCAGTTCTTCGGGCCA"	"CASSPTRASYNEQFF"	"CAGCAGGTAGTGCGAGGAGATTCGGCAGCTTATTTCTGTGCCAGCTCACCGACGCGGGCCTCCTACAATGAGCAGTTCTTCGGGCCA"	"CASSPTRASYNEQFF"	"TCRBV18-1*1"	"TCRBD2-1"	"TCRBJ2-1*1"	50	53	58	59	3	1	NA	NA	"CAGCAGGTAGTGCGAGGAGATTCGGCAGCTTATTTCTGTGCCAGCTCACCGACGCGGGCCTCCTACAATGAGCAGTTCTTCGGGCCA"	FALSE	TRUE	NA	NA	NA	NA
"CAGTGACCAGTGCCCATCCTGAAGACAGCAGCTTCTACATCTGCAGTGTTAACTAGACAGGCGTTAGAAAAACTGTTTTTTGGCAGT"	""	"CAGTGACCAGTGCCCATCCTGAAGACAGCAGCTTCTACATCTGCAGTGTTAACTAGACAGGCGTTAGAAAAACTGTTTTTTGGCAGT"	""	NA	"TCRBD1-1*1"	"TCRBJ1-4*1"	48	55	61	66	7	5	NA	NA	"CAGTGACCAGTGCCCATCCTGAAGACAGCAGCTTCTACATCTGCAGTGTTAACTAGACAGGCGTTAGAAAAACTGTTTTTTGGCAGT"	FALSE	FALSE	NA	NA	NA	NA
"GTGAGCACCTTGGAGCTGGGGGACTCGGCCCTTTATCTTTGCGCCAGCAGCCGACGACAGGGTAACTATGAGCAGTTCTTCGGGCCA"	"CASSRRQGNYEQFF"	"GTGAGCACCTTGGAGCTGGGGGACTCGGCCCTTTATCTTTGCGCCAGCAGCCGACGACAGGGTAACTATGAGCAGTTCTTCGGGCCA"	"CASSRRQGNYEQFF"	"TCRBV5-1*1"	"TCRBD1-1*1"	"TCRBJ2-1*1"	51	55	62	67	4	5	NA	NA	"GTGAGCACCTTGGAGCTGGGGGACTCGGCCCTTTATCTTTGCGCCAGCAGCCGACGACAGGGTAACTATGAGCAGTTCTTCGGGCCA"	FALSE	TRUE	NA	NA	NA	NA
"TCGGCTGCTCCCTCCCAGACATCTGTGTACTTCTGTGCCAGCAGTCCCGGGACGGACCTAGCCAAAAACATTCAGTACTTCGGCGCC"	"CASSPGTDLAKNIQYF"	"TCGGCTGCTCCCTCCCAGACATCTGTGTACTTCTGTGCCAGCAGTCCCGGGACGGACCTAGCCAAAAACATTCAGTACTTCGGCGCC"	"CASSPGTDLAKNIQYF"	NA	NA	"TCRBJ2-4*1"	45	48	53	59	3	6	NA	NA	"TCGGCTGCTCCCTCCCAGACATCTGTGTACTTCTGTGCCAGCAGTCCCGGGACGGACCTAGCCAAAAACATTCAGTACTTCGGCGCC"	FALSE	TRUE	NA	NA	NA	NA
"ATGTGAGCACCTTGGAGCTGGGGGACTCGGCCCTTTATCTTTGCGCCAGCACCCCGACTGGACCTAGAGACCCAGTACTTCGGGCCA"	""	"ATGTGAGCACCTTGGAGCTGGGGGACTCGGCCCTTTATCTTTGCGCCAGCACCCCGACTGGACCTAGAGACCCAGTACTTCGGGCCA"	""	"TCRBV5-1*1"	NA	"TCRBJ2-5*1"	51	59	63	65	8	2	NA	NA	"ATGTGAGCACCTTGGAGCTGGGGGACTCGGCCCTTTATCTTTGCGCCAGCACCCCGACTGGACCTAGAGACCCAGTACTTCGGGCCA"	FALSE	FALSE	NA	NA	NA	NA
"CCTTGGAGCTGGGGGACTCGGCCCTGTATCTCTGTGCCAGAAGCTGTTTTAACGGGATTCCCCTACTATGGCTACACCTTCGGTTCG"	""	"CCTTGGAGCTGGGGGACTCGGCCCTGTATCTCTGTGCCAGAAGCTGTTTTAACGGGATTCCCCTACTATGGCTACACCTTCGGTTCG"	""	"TCRBV5-3"	"TCRBD2-1*2"	"TCRBJ1-2*1"	45	52	57	64	7	7	NA	NA	"CCTTGGAGCTGGGGGACTCGGCCCTGTATCTCTGTGCCAGAAGCTGTTTTAACGGGATTCCCCTACTATGGCTACACCTTCGGTTCG"	FALSE	FALSE	NA	NA	NA	NA
"AACCTGAGCTCTCTGGAGCTGGGGGACTCAGCTTTGTATTTCTGTGCCAGCAGCCCCAGACAGGGATCCGAGCAGTACTTCGGGCCG"	"CASSPRQGSEQYF"	"AACCTGAGCTCTCTGGAGCTGGGGGACTCAGCTTTGTATTTCTGTGCCAGCAGCCCCAGACAGGGATCCGAGCAGTACTTCGGGCCG"	"CASSPRQGSEQYF"	"TCRBV9-1*1"	"TCRBD1-1*1"	"TCRBJ2-7*1"	54	58	65	68	4	3	NA	NA	"AACCTGAGCTCTCTGGAGCTGGGGGACTCAGCTTTGTATTTCTGTGCCAGCAGCCCCAGACAGGGATCCGAGCAGTACTTCGGGCCG"	FALSE	TRUE	NA	NA	NA	NA
"AGTGCCCATCCTGAAGACAGCAGCTTCTACATCTGCAGTGCTAGAGGCTGGACTAGCGGGAGTGTCGATGAGCAGTTCTTCGGGCCA"	"CSARGWTSGSVDEQFF"	"AGTGCCCATCCTGAAGACAGCAGCTTCTACATCTGCAGTGCTAGAGGCTGGACTAGCGGGAGTGTCGATGAGCAGTTCTTCGGGCCA"	"CSARGWTSGSVDEQFF"	NA	"TCRBD2-1*2"	"TCRBJ2-1*1"	46	49	62	67	3	5	NA	NA	"AGTGCCCATCCTGAAGACAGCAGCTTCTACATCTGCAGTGCTAGAGGCTGGACTAGCGGGAGTGTCGATGAGCAGTTCTTCGGGCCA"	FALSE	TRUE	NA	NA	NA	NA
"NNNNTGTCGGCTGCTCCCTCCCAGACATCTGTGTACTTCTGTGCCAGCAGTGAAGGAGTTATCACCGGGGAGCTGTTTTTTGGAGAA"	"CASSEGVITGELFF"	"NNNNTGTCGGCTGCTCCCTCCCAGACATCTGTGTACTTCTGTGCCAGCAGTGAAGGAGTTATCACCGGGGAGCTGTTTTTTGGAGAA"	"CASSEGVITGELFF"	"TCRBV6-1*1"	"TCRBD2-1*2"	"TCRBJ2-2*1"	-1	55	58	62	56	4	NA	NA	"NNNNTGTCGGCTGCTCCCTCCCAGACATCTGTGTACTTCTGTGCCAGCAGTGAAGGAGTTATCACCGGGGAGCTGTTTTTTGGAGAA"	FALSE	TRUE	NA	NA	NA	NA
"CGGAGTCAGGGGACACAGCACTGTATTTCTGTGCCAGCCGTCGGGGCCCCGGGGACTGGCTACTCCTACGAGCAGTACTTCGGGCCG"	""	"CGGAGTCAGGGGACACAGCACTGTATTTCTGTGCCAGCCGTCGGGGCCCCGGGGACTGGCTACTCCTACGAGCAGTACTTCGGGCCG"	""	"TCRBV21-1*1"	"TCRBD2-1"	"TCRBJ2-7*1"	38	51	57	62	13	5	NA	NA	"CGGAGTCAGGGGACACAGCACTGTATTTCTGTGCCAGCCGTCGGGGCCCCGGGGACTGGCTACTCCTACGAGCAGTACTTCGGGCCG"	FALSE	FALSE	NA	NA	NA	NA
"CTCAAGATCCAGCCTGCAGAGCTTGGGGACTCGGCCGTGTATCTCTGTGCCAGCAGCTCTCAAACCGGGGAGCTGTTTTTTGGAGAA"	"CASSSQTGELFF"	"CTCAAGATCCAGCCTGCAGAGCTTGGGGACTCGGCCGTGTATCTCTGTGCCAGCAGCTCTCAAACCGGGGAGCTGTTTTTTGGAGAA"	"CASSSQTGELFF"	"TCRBV11-3*1"	NA	"TCRBJ2-2*1"	58	60	62	63	2	1	NA	NA	"CTCAAGATCCAGCCTGCAGAGCTTGGGGACTCGGCCGTGTATCTCTGTGCCAGCAGCTCTCAAACCGGGGAGCTGTTTTTTGGAGAA"	FALSE	TRUE	NA	NA	NA	NA
"GCTGCCTCCTCCCAGACATCTGTATATTTCTGCGCCAGCAGTGTGGGGGTAGCGGGAGAGAAGGGCAATGAGCAGTTCTTCGGGCCA"	"CASSVGVAGEKGNEQFF"	"GCTGCCTCCTCCCAGACATCTGTATATTTCTGCGCCAGCAGTGTGGGGGTAGCGGGAGAGAAGGGCAATGAGCAGTTCTTCGGGCCA"	"CASSVGVAGEKGNEQFF"	"TCRBV1-1"	"TCRBD2-1*2"	"TCRBJ2-1*1"	43	49	58	65	6	7	NA	NA	"GCTGCCTCCTCCCAGACATCTGTATATTTCTGCGCCAGCAGTGTGGGGGTAGCGGGAGAGAAGGGCAATGAGCAGTTCTTCGGGCCA"	FALSE	TRUE	NA	NA	NA	NA
"TCCGCCAGCACCAACCAGACATCTATGTACCTCTGTGCCAGCAGACTGCCCTCAGCGGGAGTCTACAATGAGCAGTTCTTCGGGCCA"	"CASRLPSAGVYNEQFF"	"TCCGCCAGCACCAACCAGACATCTATGTACCTCTGTGCCAGCAGACTGCCCTCAGCGGGAGTCTACAATGAGCAGTTCTTCGGGCCA"	"CASRLPSAGVYNEQFF"	"TCRBV28-1*1"	"TCRBD2-1*2"	"TCRBJ2-1*1"	44	53	61	62	9	1	NA	NA	"TCCGCCAGCACCAACCAGACATCTATGTACCTCTGTGCCAGCAGACTGCCCTCAGCGGGAGTCTACAATGAGCAGTTCTTCGGGCCA"	FALSE	TRUE	NA	NA	NA	NA
"AATGTGAACGCCTTGTTGCTGGGGGACTCGGCCCTGTATCTCTGTGCCAGCAGTAGGACGACAGGATCTGAAGCTTTCTTTGGACAA"	"CASSRTTGSEAFF"	"AATGTGAACGCCTTGTTGCTGGGGGACTCGGCCCTGTATCTCTGTGCCAGCAGTAGGACGACAGGATCTGAAGCTTTCTTTGGACAA"	"CASSRTTGSEAFF"	"TCRBV5-5*1"	"TCRBD1-1*1"	"TCRBJ1-1*1"	53	59	65	67	6	2	NA	NA	"AATGTGAACGCCTTGTTGCTGGGGGACTCGGCCCTGTATCTCTGTGCCAGCAGTAGGACGACAGGATCTGAAGCTTTCTTTGGACAA"	FALSE	TRUE	NA	NA	NA	NA
"AGTGCCCATCCTGAAGACAGCAGCTTCTACATCTGCAGTGCTAGAGATCGGGTAGCGGGAGATAGTGAGACCCAGTACTTCGGGCCA"	"CSARDRVAGDSETQYF"	"AGTGCCCATCCTGAAGACAGCAGCTTCTACATCTGCAGTGCTAGAGATCGGGTAGCGGGAGATAGTGAGACCCAGTACTTCGGGCCA"	"CSARDRVAGDSETQYF"	NA	"TCRBD2-1*2"	"TCRBJ2-5*1"	47	52	61	66	5	5	NA	NA	"AGTGCCCATCCTGAAGACAGCAGCTTCTACATCTGCAGTGCTAGAGATCGGGTAGCGGGAGATAGTGAGACCCAGTACTTCGGGCCA"	FALSE	TRUE	NA	NA	NA	NA
"ACCAGTGCCCATCCTGAAGACAGCAGCTTCTACATCTGCAGTGCTACCAAACTAGCGGGAGGTCTTGGTGAGCAGTTCTTCGGGCCA"	"CSATKLAGGLGEQFF"	"ACCAGTGCCCATCCTGAAGACAGCAGCTTCTACATCTGCAGTGCTACCAAACTAGCGGGAGGTCTTGGTGAGCAGTTCTTCGGGCCA"	"CSATKLAGGLGEQFF"	NA	"TCRBD2-1*2"	"TCRBJ2-1*1"	46	50	62	68	4	6	NA	NA	"ACCAGTGCCCATCCTGAAGACAGCAGCTTCTACATCTGCAGTGCTACCAAACTAGCGGGAGGTCTTGGTGAGCAGTTCTTCGGGCCA"	FALSE	TRUE	NA	NA	NA	NA
"GAGTCCGCCAGCACCAACCAGACATCTATGTACCTCTGTGCCAGCAGTATTCGGGGTCGGGGAAACTATGGCTACACCTTCGGTTCG"	"CASSIRGRGNYGYTF"	"GAGTCCGCCAGCACCAACCAGACATCTATGTACCTCTGTGCCAGCAGTATTCGGGGTCGGGGAAACTATGGCTACACCTTCGGTTCG"	"CASSIRGRGNYGYTF"	"TCRBV28-1*1"	"TCRBD2-1*1"	"TCRBJ1-2*1"	48	51	56	63	3	7	NA	NA	"GAGTCCGCCAGCACCAACCAGACATCTATGTACCTCTGTGCCAGCAGTATTCGGGGTCGGGGAAACTATGGCTACACCTTCGGTTCG"	FALSE	TRUE	NA	NA	NA	NA
"GCCCTCAGAACCCAGGGACTCAGCTGTGTACTTCTGTGCCAGCACCTAAGGGGCTAGCGGAGCACCGGGGAGCTGTTTTTTGGAGAA"	""	"GCCCTCAGAACCCAGGGACTCAGCTGTGTACTTCTGTGCCAGCACCTAAGGGGCTAGCGGAGCACCGGGGAGCTGTTTTTTGGAGAA"	""	NA	"TCRBD2-1"	"TCRBJ2-2*1"	44	53	60	62	9	2	NA	NA	"GCCCTCAGAACCCAGGGACTCAGCTGTGTACTTCTGTGCCAGCACCTAAGGGGCTAGCGGAGCACCGGGGAGCTGTTTTTTGGAGAA"	FALSE	FALSE	NA	NA	NA	NA
"AGCTCTCTGGAGCTGGGGGACTCAGCTTTGTATTTCTGTGCCAGCAGCGTAGCCCCAGCGGGGACCTACGAGCAGTACTTCGGGCCG"	"CASSVAPAGTYEQYF"	"AGCTCTCTGGAGCTGGGGGACTCAGCTTTGTATTTCTGTGCCAGCAGCGTAGCCCCAGCGGGGACCTACGAGCAGTACTTCGGGCCG"	"CASSVAPAGTYEQYF"	"TCRBV9-1*1"	"TCRBD2-1*1"	"TCRBJ2-7*1"	52	56	63	64	4	1	NA	NA	"AGCTCTCTGGAGCTGGGGGACTCAGCTTTGTATTTCTGTGCCAGCAGCGTAGCCCCAGCGGGGACCTACGAGCAGTACTTCGGGCCG"	FALSE	TRUE	NA	NA	NA	NA
"AACCCAGGGACTCAGCTGTGTACTTCTGTGCCAGCAGACCCCCTAGCCGGGACAGGCCTTTGTTGGAACACCATATATTTTGGAGAG"	""	"AACCCAGGGACTCAGCTGTGTACTTCTGTGCCAGCAGACCCCCTAGCCGGGACAGGCCTTTGTTGGAACACCATATATTTTGGAGAG"	""	NA	"TCRBD1-1*1"	"TCRBJ1-3*1"	37	48	56	66	11	10	NA	NA	"AACCCAGGGACTCAGCTGTGTACTTCTGTGCCAGCAGACCCCCTAGCCGGGACAGGCCTTTGTTGGAACACCATATATTTTGGAGAG"	FALSE	FALSE	NA	NA	NA	NA
"ACTCTGACAGTGACCAGTGCCCATCCTGAAGACAGCAGCTTCTACATCTGCAGTGCTAGGTGGAACACTGAAGCTTTCTTTGGACAA"	"CSARWNTEAFF"	"ACTCTGACAGTGACCAGTGCCCATCCTGAAGACAGCAGCTTCTACATCTGCAGTGCTAGGTGGAACACTGAAGCTTTCTTTGGACAA"	"CSARWNTEAFF"	"TCRBV2-1"	NA	"TCRBJ1-1*1"	-1	-1	59	62	0	3	NA	NA	"ACTCTGACAGTGACCAGTGCCCATCCTGAAGACAGCAGCTTCTACATCTGCAGTGCTAGGTGGAACACTGAAGCTTTCTTTGGACAA"	FALSE	TRUE	NA	NA	NA	NA
"AGTGCCCATCCTGAAGACAGCAGCTTCTACATCTGCAGTGCAACCGGACCCCCGCCCCTAGCCAAAAACATTCAGTACTTCGGCGCC"	"CSATGPPPLAKNIQYF"	"AGTGCCCATCCTGAAGACAGCAGCTTCTACATCTGCAGTGCAACCGGACCCCCGCCCCTAGCCAAAAACATTCAGTACTTCGGCGCC"	"CSATGPPPLAKNIQYF"	NA	NA	"TCRBJ2-4*1"	41	45	49	59	4	10	NA	NA	"AGTGCCCATCCTGAAGACAGCAGCTTCTACATCTGCAGTGCAACCGGACCCCCGCCCCTAGCCAAAAACATTCAGTACTTCGGCGCC"	FALSE	TRUE	NA	NA	NA	NA
"ACTCTGGAGTCTGCTGCCTCCTCCCAGACATCTGTATATTTCTGCGCCAGCAGTGATGGACCTGGAAACACCATATATTTTGGAGAG"	"CASSDGPGNTIYF"	"ACTCTGGAGTCTGCTGCCTCCTCCCAGACATCTGTATATTTCTGCGCCAGCAGTGATGGACCTGGAAACACCATATATTTTGGAGAG"	"CASSDGPGNTIYF"	"TCRBV1-1*1"	NA	"TCRBJ1-3*1"	56	57	-1	61	1	62	NA	NA	"ACTCTGGAGTCTGCTGCCTCCTCCCAGACATCTGTATATTTCTGCGCCAGCAGTGATGGACCTGGAAACACCATATATTTTGGAGAG"	FALSE	TRUE	NA	NA	NA	NA
"NTGTCGGCTGCTCCCTCCCAGACATCTGTGTACTTCTGTGCCAGCAGTGAAGAAGCGGGGAGCACAGATACGCAGTATTTTGGCCCA"	"CASSEEAGSTDTQYF"	"NTGTCGGCTGCTCCCTCCCAGACATCTGTGTACTTCTGTGCCAGCAGTGAAGAAGCGGGGAGCACAGATACGCAGTATTTTGGCCCA"	"CASSEEAGSTDTQYF"	"TCRBV6-1*1"	"TCRBD2-1*1"	"TCRBJ2-3*1"	52	53	-1	60	1	61	NA	NA	"NTGTCGGCTGCTCCCTCCCAGACATCTGTGTACTTCTGTGCCAGCAGTGAAGAAGCGGGGAGCACAGATACGCAGTATTTTGGCCCA"	FALSE	TRUE	NA	NA	NA	NA
"CGCACAGAGCGGGGGGACTCAGCCGTGTATCTCTGTGCCAGCAGCGATAGGGCCGTGGGGGGAACAGATACGCAGTATTTTGGCCCA"	"CASSDRAVGGTDTQYF"	"CGCACAGAGCGGGGGGACTCAGCCGTGTATCTCTGTGCCAGCAGCGATAGGGCCGTGGGGGGAACAGATACGCAGTATTTTGGCCCA"	"CASSDRAVGGTDTQYF"	"TCRBV7-3*1"	"TCRBD2-1*1"	"TCRBJ2-3*1"	45	56	62	63	11	1	NA	NA	"CGCACAGAGCGGGGGGACTCAGCCGTGTATCTCTGTGCCAGCAGCGATAGGGCCGTGGGGGGAACAGATACGCAGTATTTTGGCCCA"	FALSE	TRUE	NA	NA	NA	NA
"AACCTTCACCTACACGCCCTGCAGCCAGAAGACTCAGCCCTGTATCTCTGCGCCAGCAGCCTAGACAGGAGCTACACCTTCGGTTCG"	"CASSLDRSYTF"	"AACCTTCACCTACACGCCCTGCAGCCAGAAGACTCAGCCCTGTATCTCTGCGCCAGCAGCCTAGACAGGAGCTACACCTTCGGTTCG"	"CASSLDRSYTF"	"TCRBV4-1*1"	"TCRBD1-1*1"	"TCRBJ1-2*1"	-1	65	69	70	66	1	NA	NA	"AACCTTCACCTACACGCCCTGCAGCCAGAAGACTCAGCCCTGTATCTCTGCGCCAGCAGCCTAGACAGGAGCTACACCTTCGGTTCG"	FALSE	TRUE	NA	NA	NA	NA
"CGGTCCACAAAGCTGGAGGACTCAGCCATGTACTTCTGTGCCAGCAGTCGAGAACAGGGAAGCAATCAGCCCCAGCATTTTGGTGAT"	"CASSREQGSNQPQHF"	"CGGTCCACAAAGCTGGAGGACTCAGCCATGTACTTCTGTGCCAGCAGTCGAGAACAGGGAAGCAATCAGCCCCAGCATTTTGGTGAT"	"CASSREQGSNQPQHF"	"TCRBV2-1"	"TCRBD1-1*1"	"TCRBJ1-5*1"	48	53	59	60	5	1	NA	NA	"CGGTCCACAAAGCTGGAGGACTCAGCCATGTACTTCTGTGCCAGCAGTCGAGAACAGGGAAGCAATCAGCCCCAGCATTTTGGTGAT"	FALSE	TRUE	NA	NA	NA	NA
"ACATCGGCCCAAAAGAACCCGACAGCTTTCTATCTCTGTGCCAGTAGTACCCCGGGAGGGGGCACTTACGAGCAGTACTTCGGGCCG"	"CASSTPGGGTYEQYF"	"ACATCGGCCCAAAAGAACCCGACAGCTTTCTATCTCTGTGCCAGTAGTACCCCGGGAGGGGGCACTTACGAGCAGTACTTCGGGCCG"	"CASSTPGGGTYEQYF"	"TCRBV19-1*1"	"TCRBD2-1*2"	"TCRBJ2-7*1"	49	52	60	66	3	6	NA	NA	"ACATCGGCCCAAAAGAACCCGACAGCTTTCTATCTCTGTGCCAGTAGTACCCCGGGAGGGGGCACTTACGAGCAGTACTTCGGGCCG"	FALSE	TRUE	NA	NA	NA	NA
"TCGGCCCAAAAGAACCCGACAGCTTTCTATCTCTGTGCCAGTACCCCAAGCAGGGGACCCCGGCTACAGACCCAGTACTTCGGGCCA"	"CASTPSRGPRLQTQYF"	"TCGGCCCAAAAGAACCCGACAGCTTTCTATCTCTGTGCCAGTACCCCAAGCAGGGGACCCCGGCTACAGACCCAGTACTTCGGGCCA"	"CASTPSRGPRLQTQYF"	"TCRBV19-1*1"	"TCRBD1-1*1"	"TCRBJ2-5*1"	43	50	56	67	7	11	NA	NA	"TCGGCCCAAAAGAACCCGACAGCTTTCTATCTCTGTGCCAGTACCCCAAGCAGGGGACCCCGGCTACAGACCCAGTACTTCGGGCCA"	FALSE	TRUE	NA	NA	NA	NA
"NNNNNNNNNNNNNTGTCGGCTGCTCCCTCCCAAACATCTGTGTACTTCTGTGCCAGCCGCAGCGGGAGGGCCGAATTCTTCGGGCCA"	"CASRSGRAEFF"	"NNNNNNNNNNNNNTGTCGGCTGCTCCCTCCCAAACATCTGTGTACTTCTGTGCCAGCCGCAGCGGGAGGGCCGAATTCTTCGGGCCA"	"CASRSGRAEFF"	NA	"TCRBD2-1*2"	"TCRBJ2-1*1"	57	60	70	75	3	5	NA	NA	"NNNNNNNNNNNNNTGTCGGCTGCTCCCTCCCAAACATCTGTGTACTTCTGTGCCAGCCGCAGCGGGAGGGCCGAATTCTTCGGGCCA"	FALSE	TRUE	NA	NA	NA	NA
"TTGGAGATCCAGCGCACAGAGCAGGGGGACTCGGCCATGTATCTCTGTGCCAGCAGCAGGGGAAACTACGAGCAGTACTTCGGGCCG"	"CASSRGNYEQYF"	"TTGGAGATCCAGCGCACAGAGCAGGGGGACTCGGCCATGTATCTCTGTGCCAGCAGCAGGGGAAACTACGAGCAGTACTTCGGGCCG"	"CASSRGNYEQYF"	"TCRBV7-9*7"	NA	"TCRBJ2-7*1"	-1	61	63	65	62	2	NA	NA	"TTGGAGATCCAGCGCACAGAGCAGGGGGACTCGGCCATGTATCTCTGTGCCAGCAGCAGGGGAAACTACGAGCAGTACTTCGGGCCG"	FALSE	TRUE	NA	NA	NA	NA
"CTGCAGCCAGAAGACTCAGCCCTGTATCTCTGCGCCAGCAGCCAAGGGCTGGCGGGAGTACTTACCGGGGAGCTGTTTTTTGGAGAA"	"CASSQGLAGVLTGELFF"	"CTGCAGCCAGAAGACTCAGCCCTGTATCTCTGCGCCAGCAGCCAAGGGCTGGCGGGAGTACTTACCGGGGAGCTGTTTTTTGGAGAA"	"CASSQGLAGVLTGELFF"	"TCRBV4-1*1"	"TCRBD2-1*2"	"TCRBJ2-2*1"	46	51	58	63	5	5	NA	NA	"CTGCAGCCAGAAGACTCAGCCCTGTATCTCTGCGCCAGCAGCCAAGGGCTGGCGGGAGTACTTACCGGGGAGCTGTTTTTTGGAGAA"	FALSE	TRUE	NA	NA	NA	NA
"TCCCTCCCAGACATCTGTGTACTTCTGTGCCAGCAGTGAAAAGTAGGGAGTAAACCATATAGCAATCAGCCCCAGCATTTTGGTGAT"	""	"TCCCTCCCAGACATCTGTGTACTTCTGTGCCAGCAGTGAAAAGTAGGGAGTAAACCATATAGCAATCAGCCCCAGCATTTTGGTGAT"	""	"TCRBV6-1*1"	"TCRBD2-1*2"	"TCRBJ1-5*1"	40	45	50	59	5	9	NA	NA	"TCCCTCCCAGACATCTGTGTACTTCTGTGCCAGCAGTGAAAAGTAGGGAGTAAACCATATAGCAATCAGCCCCAGCATTTTGGTGAT"	FALSE	FALSE	NA	NA	NA	NA
"ATCCAGCAGGTAGTGCGAGGAGATTCGGCAGCTTATTTCTGTGCCAGCCCGACTAGCGGGAGTAGGTATGAGCAGTTCTTCGGGCCA"	"CASPTSGSRYEQFF"	"ATCCAGCAGGTAGTGCGAGGAGATTCGGCAGCTTATTTCTGTGCCAGCCCGACTAGCGGGAGTAGGTATGAGCAGTTCTTCGGGCCA"	"CASPTSGSRYEQFF"	"TCRBV18-1*1"	"TCRBD2-1*2"	"TCRBJ2-1*1"	48	50	62	67	2	5	NA	NA	"ATCCAGCAGGTAGTGCGAGGAGATTCGGCAGCTTATTTCTGTGCCAGCCCGACTAGCGGGAGTAGGTATGAGCAGTTCTTCGGGCCA"	FALSE	TRUE	NA	NA	NA	NA
"TCCGCCAGCACCAACCAGACATCTATGTACCTCTGTGCCAGCAGTCTAGGACTAGCGGGAGGGTACAATGAGCAGTTCTTCGGGCCA"	"CASSLGLAGGYNEQFF"	"TCCGCCAGCACCAACCAGACATCTATGTACCTCTGTGCCAGCAGTCTAGGACTAGCGGGAGGGTACAATGAGCAGTTCTTCGGGCCA"	"CASSLGLAGGYNEQFF"	"TCRBV28-1*1"	"TCRBD2-1*2"	"TCRBJ2-1*1"	45	48	-1	63	3	64	NA	NA	"TCCGCCAGCACCAACCAGACATCTATGTACCTCTGTGCCAGCAGTCTAGGACTAGCGGGAGGGTACAATGAGCAGTTCTTCGGGCCA"	FALSE	TRUE	NA	NA	NA	NA
"AAGAAGCTCCTTCTCAGTGACTCTGGCTTCTATCTCTGTGCCTGGAGTCTAGCGGGAGGGAGCACAGATACGCAGTATTTTGGCCCA"	"CAWSLAGGSTDTQYF"	"AAGAAGCTCCTTCTCAGTGACTCTGGCTTCTATCTCTGTGCCTGGAGTCTAGCGGGAGGGAGCACAGATACGCAGTATTTTGGCCCA"	"CAWSLAGGSTDTQYF"	"TCRBV3-1*1"	"TCRBD2-1*2"	"TCRBJ2-3*1"	-1	48	-1	60	49	61	NA	NA	"AAGAAGCTCCTTCTCAGTGACTCTGGCTTCTATCTCTGTGCCTGGAGTCTAGCGGGAGGGAGCACAGATACGCAGTATTTTGGCCCA"	FALSE	TRUE	NA	NA	NA	NA
"GACAGTGACCAGTGCCCATCCTGAAGACAGCAGCTTCTACATCTGCAGTGCTAGAGGACAATTGGAAACACCATATATTTTGGAGAG"	""	"GACAGTGACCAGTGCCCATCCTGAAGACAGCAGCTTCTACATCTGCAGTGCTAGAGGACAATTGGAAACACCATATATTTTGGAGAG"	""	NA	"TCRBD1-1*1"	"TCRBJ1-3*1"	-1	56	60	62	57	2	NA	NA	"GACAGTGACCAGTGCCCATCCTGAAGACAGCAGCTTCTACATCTGCAGTGCTAGAGGACAATTGGAAACACCATATATTTTGGAGAG"	FALSE	FALSE	NA	NA	NA	NA
"AAGATCCAGCCCTCAGAACCCAGGGACTCAGCTGTGTACTTCTGTGCCAGCAGACAAGGCCCTCAAGAGACCCAGTACTTCGGGCCA"	"CASRQGPQETQYF"	"AAGATCCAGCCCTCAGAACCCAGGGACTCAGCTGTGTACTTCTGTGCCAGCAGACAAGGCCCTCAAGAGACCCAGTACTTCGGGCCA"	"CASRQGPQETQYF"	"TCRBV12-3/12-4*1"	NA	"TCRBJ2-5*1"	-1	53	56	63	54	7	NA	NA	"AAGATCCAGCCCTCAGAACCCAGGGACTCAGCTGTGTACTTCTGTGCCAGCAGACAAGGCCCTCAAGAGACCCAGTACTTCGGGCCA"	FALSE	TRUE	NA	NA	NA	NA
"ACAGAGCAGGGGGACTCGGCCATGTATCTCTGTGCCAGCAGCCTAGGACTAGCGGGAGGGGGAACAGATACGCAGTATTTTGGCCCA"	"CASSLGLAGGGTDTQYF"	"ACAGAGCAGGGGGACTCGGCCATGTATCTCTGTGCCAGCAGCCTAGGACTAGCGGGAGGGGGAACAGATACGCAGTATTTTGGCCCA"	"CASSLGLAGGGTDTQYF"	"TCRBV7-9*1"	"TCRBD2-1*2"	"TCRBJ2-3*1"	-1	46	60	63	47	3	NA	NA	"ACAGAGCAGGGGGACTCGGCCATGTATCTCTGTGCCAGCAGCCTAGGACTAGCGGGAGGGGGAACAGATACGCAGTATTTTGGCCCA"	FALSE	TRUE	NA	NA	NA	NA
"CCCAGCCCCAACCAGACCTCTCTGTACTTCTGTGCCAGCAGGGAACGATGGACTAGCGGGAGCACAGATACGCAGTATTTTGGCCCA"	"CASRERWTSGSTDTQYF"	"CCCAGCCCCAACCAGACCTCTCTGTACTTCTGTGCCAGCAGGGAACGATGGACTAGCGGGAGCACAGATACGCAGTATTTTGGCCCA"	"CASRERWTSGSTDTQYF"	"TCRBV27-1*1"	"TCRBD2-1"	"TCRBJ2-3*1"	41	49	-1	60	8	61	NA	NA	"CCCAGCCCCAACCAGACCTCTCTGTACTTCTGTGCCAGCAGGGAACGATGGACTAGCGGGAGCACAGATACGCAGTATTTTGGCCCA"	FALSE	TRUE	NA	NA	NA	NA
"TCGGCCCAAAAGAACCCGACAGCTTTCTATCTCTGTGCCAGTAAAGGACTAGCGGGAGTCGGCGTAGAGACCCAGTACTTCGGGCCA"	"CASKGLAGVGVETQYF"	"TCGGCCCAAAAGAACCCGACAGCTTTCTATCTCTGTGCCAGTAAAGGACTAGCGGGAGTCGGCGTAGAGACCCAGTACTTCGGGCCA"	"CASKGLAGVGVETQYF"	"TCRBV19-1*1"	"TCRBD2-1*2"	"TCRBJ2-5*1"	43	45	58	65	2	7	NA	NA	"TCGGCCCAAAAGAACCCGACAGCTTTCTATCTCTGTGCCAGTAAAGGACTAGCGGGAGTCGGCGTAGAGACCCAGTACTTCGGGCCA"	FALSE	TRUE	NA	NA	NA	NA
"GAGCTGGGGGACTCGGCCCTTTATCTTTGCGCCAGCAGCTTGCTCGGGACTAGCGGGAGTTGGACCGGGGAGCTGTTTTTTGGAGAA"	"CASSLLGTSGSWTGELFF"	"GAGCTGGGGGACTCGGCCCTTTATCTTTGCGCCAGCAGCTTGCTCGGGACTAGCGGGAGTTGGACCGGGGAGCTGTTTTTTGGAGAA"	"CASSLLGTSGSWTGELFF"	"TCRBV5-1*1"	"TCRBD2-1*2"	"TCRBJ2-2*1"	42	45	59	63	3	4	NA	NA	"GAGCTGGGGGACTCGGCCCTTTATCTTTGCGCCAGCAGCTTGCTCGGGACTAGCGGGAGTTGGACCGGGGAGCTGTTTTTTGGAGAA"	FALSE	TRUE	NA	NA	NA	NA
"ACATCCGCTCACCAGGCCTGGGGGACGCAGCCATGTACCTGTGTGCCACCAGCAGAGATCCTTTAAGTCGAGCAGTACTTCGGGCCG"	""	"ACATCCGCTCACCAGGCCTGGGGGACGCAGCCATGTACCTGTGTGCCACCAGCAGAGATCCTTTAAGTCGAGCAGTACTTCGGGCCG"	""	"TCRBV15-1*2"	NA	"TCRBJ2-7*1"	58	65	67	68	7	1	NA	NA	"ACATCCGCTCACCAGGCCTGGGGGACGCAGCCATGTACCTGTGTGCCACCAGCAGAGATCCTTTAAGTCGAGCAGTACTTCGGGCCG"	FALSE	FALSE	NA	NA	NA	NA
"AAGATCCAGCCCTCAGAACCCAGGGACTCAGCTGTGTACTTCTGTGCCAGCAGTTTGAGCGGCGGCTATGGCTACACCTTCGGTTCG"	"CASSLSGGYGYTF"	"AAGATCCAGCCCTCAGAACCCAGGGACTCAGCTGTGTACTTCTGTGCCAGCAGTTTGAGCGGCGGCTATGGCTACACCTTCGGTTCG"	"CASSLSGGYGYTF"	"TCRBV12-3/12-4*1"	"TCRBD2-1"	"TCRBJ1-2*1"	56	57	62	65	1	3	NA	NA	"AAGATCCAGCCCTCAGAACCCAGGGACTCAGCTGTGTACTTCTGTGCCAGCAGTTTGAGCGGCGGCTATGGCTACACCTTCGGTTCG"	FALSE	TRUE	NA	NA	NA	NA
"ACAGTGACCAGTGCCCATCCTGAAGACAGCAGCTTCTACATCTGCAGTGCGGCCGGGACCCTCCCCAATGAGCAGTTCTTCGGGCCA"	"CSAAGTLPNEQFF"	"ACAGTGACCAGTGCCCATCCTGAAGACAGCAGCTTCTACATCTGCAGTGCGGCCGGGACCCTCCCCAATGAGCAGTTCTTCGGGCCA"	"CSAAGTLPNEQFF"	NA	NA	"TCRBJ2-1*1"	50	54	59	65	4	6	NA	NA	"ACAGTGACCAGTGCCCATCCTGAAGACAGCAGCTTCTACATCTGCAGTGCGGCCGGGACCCTCCCCAATGAGCAGTTCTTCGGGCCA"	FALSE	TRUE	NA	NA	NA	NA
"CTCAAGATCCAGCCTGCAGAGCTTGGGGACTCGGCCGTGTATCTCTGTGCCAGCAGCTCAACAGGGGGGGAAGCTTTCTTTGGACAA"	"CASSSTGGEAFF"	"CTCAAGATCCAGCCTGCAGAGCTTGGGGACTCGGCCGTGTATCTCTGTGCCAGCAGCTCAACAGGGGGGGAAGCTTTCTTTGGACAA"	"CASSSTGGEAFF"	"TCRBV11-3*1"	"TCRBD1-1*1"	"TCRBJ1-1*1"	58	60	68	69	2	1	NA	NA	"CTCAAGATCCAGCCTGCAGAGCTTGGGGACTCGGCCGTGTATCTCTGTGCCAGCAGCTCAACAGGGGGGGAAGCTTTCTTTGGACAA"	FALSE	TRUE	NA	NA	NA	NA
"GTCCGCTACCAGCTCCCAGACATCTGTGTACTTCTGTGCCATCAGTGAGTTGGGGCCCCCGAAAACGATACGCAGTATTTTGGCCCA"	""	"GTCCGCTACCAGCTCCCAGACATCTGTGTACTTCTGTGCCATCAGTGAGTTGGGGCCCCCGAAAACGATACGCAGTATTTTGGCCCA"	""	"TCRBV1-3*1"	"TCRBD1-1*1"	"TCRBJ2-3*1"	50	51	56	66	1	10	NA	NA	"GTCCGCTACCAGCTCCCAGACATCTGTGTACTTCTGTGCCATCAGTGAGTTGGGGCCCCCGAAAACGATACGCAGTATTTTGGCCCA"	FALSE	FALSE	NA	NA	NA	NA
"GTGAACGCCTTGGAGCTGGACGACTCGGCCCTGTATCTCTGTGCCAGCAGCTCGATTAACTCCTACAATGAGCAGTTCTTCGGGCCA"	"CASSSINSYNEQFF"	"GTGAACGCCTTGGAGCTGGACGACTCGGCCCTGTATCTCTGTGCCAGCAGCTCGATTAACTCCTACAATGAGCAGTTCTTCGGGCCA"	"CASSSINSYNEQFF"	"TCRBV5-4*1"	NA	"TCRBJ2-1*1"	52	53	55	59	1	4	NA	NA	"GTGAACGCCTTGGAGCTGGACGACTCGGCCCTGTATCTCTGTGCCAGCAGCTCGATTAACTCCTACAATGAGCAGTTCTTCGGGCCA"	FALSE	TRUE	NA	NA	NA	NA
"TCTAAGAAGCTCCTTCTCAGTGACTCTGGCTTCTATCTCTGTGCCTGGAGGCCCGCGGGGGGCTCTGCTTCCTACACCTTCGGTTCG"	"CAWRPAGGSASYTF"	"TCTAAGAAGCTCCTTCTCAGTGACTCTGGCTTCTATCTCTGTGCCTGGAGGCCCGCGGGGGGCTCTGCTTCCTACACCTTCGGTTCG"	"CAWRPAGGSASYTF"	"TCRBV3-1*1"	"TCRBD2-1*1"	"TCRBJ1-2*1"	50	54	62	71	4	9	NA	NA	"TCTAAGAAGCTCCTTCTCAGTGACTCTGGCTTCTATCTCTGTGCCTGGAGGCCCGCGGGGGGCTCTGCTTCCTACACCTTCGGTTCG"	FALSE	TRUE	NA	NA	NA	NA
"CTGGAGTCCGCTACCAGCTCCCAGACATCTGTGTACTTCTGTGCCACGATACCGGGACTAGGGGCCCATACGCAGTATTTTGGCCCA"	"CATIPGLGAHTQYF"	"CTGGAGTCCGCTACCAGCTCCCAGACATCTGTGTACTTCTGTGCCACGATACCGGGACTAGGGGCCCATACGCAGTATTTTGGCCCA"	"CATIPGLGAHTQYF"	"TCRBV1-3*1"	"TCRBD2-1"	"TCRBJ2-3*1"	46	53	61	67	7	6	NA	NA	"CTGGAGTCCGCTACCAGCTCCCAGACATCTGTGTACTTCTGTGCCACGATACCGGGACTAGGGGCCCATACGCAGTATTTTGGCCCA"	FALSE	TRUE	NA	NA	NA	NA
"ACCAGTGCCCATCCTGAAGACAGCAGCTTCTACATCTGCAGTGCAGGACTAGCGGGAGGGTGGGAAGAGACCCAGTACTTCGGGCCA"	"CSAGLAGGWEETQYF"	"ACCAGTGCCCATCCTGAAGACAGCAGCTTCTACATCTGCAGTGCAGGACTAGCGGGAGGGTGGGAAGAGACCCAGTACTTCGGGCCA"	"CSAGLAGGWEETQYF"	NA	"TCRBD2-1*2"	"TCRBJ2-5*1"	44	45	60	64	1	4	NA	NA	"ACCAGTGCCCATCCTGAAGACAGCAGCTTCTACATCTGCAGTGCAGGACTAGCGGGAGGGTGGGAAGAGACCCAGTACTTCGGGCCA"	FALSE	TRUE	NA	NA	NA	NA
"TTCTGGAGTCCGCCAGCACCAACCAGACATCTATGTACCTCTGTGCCAGCAATATCGGGGGCCCCTTATGGCTACACCTTCGGTTCG"	""	"TTCTGGAGTCCGCCAGCACCAACCAGACATCTATGTACCTCTGTGCCAGCAATATCGGGGGCCCCTTATGGCTACACCTTCGGTTCG"	""	"TCRBV28-1*1"	NA	"TCRBJ1-2*1"	51	56	62	66	5	4	NA	NA	"TTCTGGAGTCCGCCAGCACCAACCAGACATCTATGTACCTCTGTGCCAGCAATATCGGGGGCCCCTTATGGCTACACCTTCGGTTCG"	FALSE	FALSE	NA	NA	NA	NA
"ACAGTGACCAGTGCCCATCCTGAAGACAGCAGCTTCTACATCTGCAGTGCTGGCGGGAGCCAGGATTACGAGCAGTACTTCGGGCCG"	"CSAGGSQDYEQYF"	"ACAGTGACCAGTGCCCATCCTGAAGACAGCAGCTTCTACATCTGCAGTGCTGGCGGGAGCCAGGATTACGAGCAGTACTTCGGGCCG"	"CSAGGSQDYEQYF"	NA	"TCRBD2-1*2"	"TCRBJ2-7*1"	51	52	59	66	1	7	NA	NA	"ACAGTGACCAGTGCCCATCCTGAAGACAGCAGCTTCTACATCTGCAGTGCTGGCGGGAGCCAGGATTACGAGCAGTACTTCGGGCCG"	FALSE	TRUE	NA	NA	NA	NA
"GCAGGTAGTGCGAGGAGATTCGGCAGCTTATTTCTGTGCCAGCTCACCACCGGGGCAAGGAACAATCAGCCCCAGCATTTTGGTGAT"	""	"GCAGGTAGTGCGAGGAGATTCGGCAGCTTATTTCTGTGCCAGCTCACCACCGGGGCAAGGAACAATCAGCCCCAGCATTTTGGTGAT"	""	"TCRBV18-1*1"	"TCRBD1-1*1"	"TCRBJ1-5*1"	-1	51	56	62	52	6	NA	NA	"GCAGGTAGTGCGAGGAGATTCGGCAGCTTATTTCTGTGCCAGCTCACCACCGGGGCAAGGAACAATCAGCCCCAGCATTTTGGTGAT"	FALSE	FALSE	NA	NA	NA	NA
"TCCTGGAGTCGCCCAGCCCCAACCAGACCTCTCTGTACTTCTGTGCCAGCAGAGACAGGGTACGGTGAGACCCAGTACTTCGGGCCA"	""	"TCCTGGAGTCGCCCAGCCCCAACCAGACCTCTCTGTACTTCTGTGCCAGCAGAGACAGGGTACGGTGAGACCCAGTACTTCGGGCCA"	""	"TCRBV27-1*1"	"TCRBD1-1*1"	"TCRBJ2-5*1"	52	53	60	66	1	6	NA	NA	"TCCTGGAGTCGCCCAGCCCCAACCAGACCTCTCTGTACTTCTGTGCCAGCAGAGACAGGGTACGGTGAGACCCAGTACTTCGGGCCA"	FALSE	FALSE	NA	NA	NA	NA
"GCGTCTGCTGTACCCTCTCAGACATCTGTGTACTTCTGTGCCAGCAGTGAAGAGCGGGGGTCCACAGATACGCAGTATTTTGGCCCA"	"CASSEERGSTDTQYF"	"GCGTCTGCTGTACCCTCTCAGACATCTGTGTACTTCTGTGCCAGCAGTGAAGAGCGGGGGTCCACAGATACGCAGTATTTTGGCCCA"	"CASSEERGSTDTQYF"	"TCRBV6-4*1"	"TCRBD2-1*1"	"TCRBJ2-3*1"	50	52	60	62	2	2	NA	NA	"GCGTCTGCTGTACCCTCTCAGACATCTGTGTACTTCTGTGCCAGCAGTGAAGAGCGGGGGTCCACAGATACGCAGTATTTTGGCCCA"	FALSE	TRUE	NA	NA	NA	NA
"TCTAAGAAGCTCCTTCTCAGTGACTCTGGCTTCTATCTCTGTGCCTGGACTTCCCACCGACTGCACACTGAAGCTTTCTTTGGACAA"	"CAWTSHRLHTEAFF"	"TCTAAGAAGCTCCTTCTCAGTGACTCTGGCTTCTATCTCTGTGCCTGGACTTCCCACCGACTGCACACTGAAGCTTTCTTTGGACAA"	"CAWTSHRLHTEAFF"	"TCRBV3-1*1"	"TCRBD2-1"	"TCRBJ1-1*1"	49	58	62	64	9	2	NA	NA	"TCTAAGAAGCTCCTTCTCAGTGACTCTGGCTTCTATCTCTGTGCCTGGACTTCCCACCGACTGCACACTGAAGCTTTCTTTGGACAA"	FALSE	TRUE	NA	NA	NA	NA
"CTGAAGATCCAGCGCACAGAGCGGGGGGACTCAGCCGTGTATCTCTGTGCCAGCAGCCTCCGGGGCGGGGAGCTGTTTTTTGGAGAA"	"CASSLRGGELFF"	"CTGAAGATCCAGCGCACAGAGCGGGGGGACTCAGCCGTGTATCTCTGTGCCAGCAGCCTCCGGGGCGGGGAGCTGTTTTTTGGAGAA"	"CASSLRGGELFF"	"TCRBV7-3*1"	"TCRBD2-1*1"	"TCRBJ2-2*1"	57	60	-1	65	3	66	NA	NA	"CTGAAGATCCAGCGCACAGAGCGGGGGGACTCAGCCGTGTATCTCTGTGCCAGCAGCCTCCGGGGCGGGGAGCTGTTTTTTGGAGAA"	FALSE	TRUE	NA	NA	NA	NA
"AGTGACCAGTGCCCATCCTGAAGACAGCAGCTTCTACATCTGCAGTGCTAGAGAGGGACCACAGGGAAAGAAGCTTTCTTTGGACAA"	""	"AGTGACCAGTGCCCATCCTGAAGACAGCAGCTTCTACATCTGCAGTGCTAGAGAGGGACCACAGGGAAAGAAGCTTTCTTTGGACAA"	""	NA	"TCRBD1-1*1"	"TCRBJ1-1*1"	54	60	66	69	6	3	NA	NA	"AGTGACCAGTGCCCATCCTGAAGACAGCAGCTTCTACATCTGCAGTGCTAGAGAGGGACCACAGGGAAAGAAGCTTTCTTTGGACAA"	FALSE	FALSE	NA	NA	NA	NA
"GCCTTGTTGCTGGGGGACTCGGCCCTCTATCTCTGTGCCAGCAGCTTGGGAGTCGGGAGGGCCGGCGGGGAGCTGTTTTTTGGAGAA"	"CASSLGVGRAGGELFF"	"GCCTTGTTGCTGGGGGACTCGGCCCTCTATCTCTGTGCCAGCAGCTTGGGAGTCGGGAGGGCCGGCGGGGAGCTGTTTTTTGGAGAA"	"CASSLGVGRAGGELFF"	"TCRBV5-6*1"	"TCRBD2-1*2"	"TCRBJ2-2*1"	49	53	61	65	4	4	NA	NA	"GCCTTGTTGCTGGGGGACTCGGCCCTCTATCTCTGTGCCAGCAGCTTGGGAGTCGGGAGGGCCGGCGGGGAGCTGTTTTTTGGAGAA"	FALSE	TRUE	NA	NA	NA	NA
"CGGTCCACAAAGCTGGAGGACTCAGCCATGTACTTCTGTGCCAGCACCGGACAGGGGAGGAGAAACAATGAGCAGTTCTTCGGGCCA"	"CASTGQGRRNNEQFF"	"CGGTCCACAAAGCTGGAGGACTCAGCCATGTACTTCTGTGCCAGCACCGGACAGGGGAGGAGAAACAATGAGCAGTTCTTCGGGCCA"	"CASTGQGRRNNEQFF"	"TCRBV2-1"	"TCRBD1-1*1"	"TCRBJ2-1*1"	46	48	57	64	2	7	NA	NA	"CGGTCCACAAAGCTGGAGGACTCAGCCATGTACTTCTGTGCCAGCACCGGACAGGGGAGGAGAAACAATGAGCAGTTCTTCGGGCCA"	FALSE	TRUE	NA	NA	NA	NA
"CTGAAGACAGCAGCTTCTACATCTGCAGTGCTAGAGATAGGGGGACTAGCGGGAGGGCCTAACACCGGGGAGCTGTTTTTTGGAGAA"	""	"CTGAAGACAGCAGCTTCTACATCTGCAGTGCTAGAGATAGGGGGACTAGCGGGAGGGCCTAACACCGGGGAGCTGTTTTTTGGAGAA"	""	NA	"TCRBD2-1*2"	"TCRBJ2-2*1"	37	41	57	60	4	3	NA	NA	"CTGAAGACAGCAGCTTCTACATCTGCAGTGCTAGAGATAGGGGGACTAGCGGGAGGGCCTAACACCGGGGAGCTGTTTTTTGGAGAA"	FALSE	FALSE	NA	NA	NA	NA
"ACTGTGAGCAACATGAGCCCTGAAGACAGCAGCATATATCTCTGCAGCGTTGGGGGGGGCGACAGGTCCGAGCAGTACTTCGGGCCG"	"CSVGGGDRSEQYF"	"ACTGTGAGCAACATGAGCCCTGAAGACAGCAGCATATATCTCTGCAGCGTTGGGGGGGGCGACAGGTCCGAGCAGTACTTCGGGCCG"	"CSVGGGDRSEQYF"	"TCRBV29-1"	"TCRBD2-1*1"	"TCRBJ2-7*1"	-1	52	59	68	53	9	NA	NA	"ACTGTGAGCAACATGAGCCCTGAAGACAGCAGCATATATCTCTGCAGCGTTGGGGGGGGCGACAGGTCCGAGCAGTACTTCGGGCCG"	FALSE	TRUE	NA	NA	NA	NA
"GCCATCCCCAACCAGACAGCTCTTTACTTCTGTGCCACCAGTACGGTCGATTGGGACTCTGGGGCCAACGTCCTGACTTTCGGGGCC"	"CATSTVDWDSGANVLTF"	"GCCATCCCCAACCAGACAGCTCTTTACTTCTGTGCCACCAGTACGGTCGATTGGGACTCTGGGGCCAACGTCCTGACTTTCGGGGCC"	"CATSTVDWDSGANVLTF"	"TCRBV24-1*1"	NA	"TCRBJ2-6*1"	42	52	-1	56	10	57	NA	NA	"GCCATCCCCAACCAGACAGCTCTTTACTTCTGTGCCACCAGTACGGTCGATTGGGACTCTGGGGCCAACGTCCTGACTTTCGGGGCC"	FALSE	TRUE	NA	NA	NA	NA
"NTGTCGGCTGCTCCCTCCCAGACATCTGTGTACTTCTGTGCCAGCAGTGAAGCCGGCGGGGTCGCTTACGAGCAGTACTTCGGGCCG"	"CASSEAGGVAYEQYF"	"NTGTCGGCTGCTCCCTCCCAGACATCTGTGTACTTCTGTGCCAGCAGTGAAGCCGGCGGGGTCGCTTACGAGCAGTACTTCGGGCCG"	"CASSEAGGVAYEQYF"	"TCRBV6-1*1"	"TCRBD2-1*1"	"TCRBJ2-7*1"	53	55	61	66	2	5	NA	NA	"NTGTCGGCTGCTCCCTCCCAGACATCTGTGTACTTCTGTGCCAGCAGTGAAGCCGGCGGGGTCGCTTACGAGCAGTACTTCGGGCCG"	FALSE	TRUE	NA	NA	NA	NA
"TCGGCCCAAAAGAACCCGACAGCTTTCTATCTCTGTGCCAGCAAACTAGCGGGAGGGAGCTCCTACAATGAGCAGTTCTTCGGGCCA"	"CASKLAGGSSYNEQFF"	"TCGGCCCAAAAGAACCCGACAGCTTTCTATCTCTGTGCCAGCAAACTAGCGGGAGGGAGCTCCTACAATGAGCAGTTCTTCGGGCCA"	"CASKLAGGSSYNEQFF"	"TCRBV19-1*1"	"TCRBD2-1*2"	"TCRBJ2-1*1"	41	44	57	59	3	2	NA	NA	"TCGGCCCAAAAGAACCCGACAGCTTTCTATCTCTGTGCCAGCAAACTAGCGGGAGGGAGCTCCTACAATGAGCAGTTCTTCGGGCCA"	FALSE	TRUE	NA	NA	NA	NA
"AAGATCCAGCGCACAGAGCAGGAGGACTCGGCCGTGTATCTCTGTGCCAGCAGCCCACAGGGGATATATGGCTACACCTTCGGTTCG"	"CASSPQGIYGYTF"	"AAGATCCAGCGCACAGAGCAGGAGGACTCGGCCGTGTATCTCTGTGCCAGCAGCCCACAGGGGATATATGGCTACACCTTCGGTTCG"	"CASSPQGIYGYTF"	NA	"TCRBD1-1*1"	"TCRBJ1-2*1"	54	56	63	66	2	3	NA	NA	"AAGATCCAGCGCACAGAGCAGGAGGACTCGGCCGTGTATCTCTGTGCCAGCAGCCCACAGGGGATATATGGCTACACCTTCGGTTCG"	FALSE	TRUE	NA	NA	NA	NA
"ACAAAGCTGGAGGACTCAGCCATGTACTTCTGTGCCAGCAGTGAAGATGGGGGGTCACCTTCCAAAAACATTCAGTACTTCGGCGCC"	"CASSEDGGSPSKNIQYF"	"ACAAAGCTGGAGGACTCAGCCATGTACTTCTGTGCCAGCAGTGAAGATGGGGGGTCACCTTCCAAAAACATTCAGTACTTCGGCGCC"	"CASSEDGGSPSKNIQYF"	"TCRBV2-1"	"TCRBD2-1*1"	"TCRBJ2-4*1"	46	48	54	61	2	7	NA	NA	"ACAAAGCTGGAGGACTCAGCCATGTACTTCTGTGCCAGCAGTGAAGATGGGGGGTCACCTTCCAAAAACATTCAGTACTTCGGCGCC"	FALSE	TRUE	NA	NA	NA	NA
"AAGATCCAGCCCTCAGAACCCAGGGACTCAGCTGTGTACTTCTGTGCCAGCAGTCCCGGGACCTCCACTGAAGCTTTCTTTGGACAA"	"CASSPGTSTEAFF"	"AAGATCCAGCCCTCAGAACCCAGGGACTCAGCTGTGTACTTCTGTGCCAGCAGTCCCGGGACCTCCACTGAAGCTTTCTTTGGACAA"	"CASSPGTSTEAFF"	"TCRBV12-3/12-4*1"	NA	"TCRBJ1-1*1"	54	57	62	65	3	3	NA	NA	"AAGATCCAGCCCTCAGAACCCAGGGACTCAGCTGTGTACTTCTGTGCCAGCAGTCCCGGGACCTCCACTGAAGCTTTCTTTGGACAA"	FALSE	TRUE	NA	NA	NA	NA
"CTGACAGTGACCAGTGCCCATCCTGAAGACAGCAGCTTCTACATCTGCAGTGCTAAAGGGACCAATCAGCCCCAGCATTTTGGTGAT"	"CSAKGTNQPQHF"	"CTGACAGTGACCAGTGCCCATCCTGAAGACAGCAGCTTCTACATCTGCAGTGCTAAAGGGACCAATCAGCCCCAGCATTTTGGTGAT"	"CSAKGTNQPQHF"	NA	NA	"TCRBJ1-5*1"	55	57	-1	62	2	63	NA	NA	"CTGACAGTGACCAGTGCCCATCCTGAAGACAGCAGCTTCTACATCTGCAGTGCTAAAGGGACCAATCAGCCCCAGCATTTTGGTGAT"	FALSE	TRUE	NA	NA	NA	NA
"NNNNTGTCGGCTGCTCCCTCCCAGACATCTGTGTACTTCTGTGCCAGCAGTTATGACAGGGCTAACTATGGCTACACCTTCGGTTCG"	"CASSYDRANYGYTF"	"NNNNTGTCGGCTGCTCCCTCCCAGACATCTGTGTACTTCTGTGCCAGCAGTTATGACAGGGCTAACTATGGCTACACCTTCGGTTCG"	"CASSYDRANYGYTF"	"TCRBV6-5*1"	"TCRBD1-1*1"	"TCRBJ1-2*1"	53	54	-1	61	1	62	NA	NA	"NNNNTGTCGGCTGCTCCCTCCCAGACATCTGTGTACTTCTGTGCCAGCAGTTATGACAGGGCTAACTATGGCTACACCTTCGGTTCG"	FALSE	TRUE	NA	NA	NA	NA
"NNNNNNNNNNTGTCGGCTGCTCCCTCCCAAACATCTGTGTACTTCTGTGCCAGCACCAGAGCGGACACTGAAGCTTTCTTTGGACAA"	"CASTRADTEAFF"	"NNNNNNNNNNTGTCGGCTGCTCCCTCCCAAACATCTGTGTACTTCTGTGCCAGCACCAGAGCGGACACTGAAGCTTTCTTTGGACAA"	"CASTRADTEAFF"	NA	"TCRBD2-1"	"TCRBJ1-1*1"	55	59	-1	64	4	65	NA	NA	"NNNNNNNNNNTGTCGGCTGCTCCCTCCCAAACATCTGTGTACTTCTGTGCCAGCACCAGAGCGGACACTGAAGCTTTCTTTGGACAA"	FALSE	TRUE	NA	NA	NA	NA
"CTCACTGTGACATCGGCCCAAAAGAACCCGACAGCTTTCTATCTCTGTGCCAGTACCGGGGTTAATTCACCCCTCCACTTTGGGAAT"	"CASTGVNSPLHF"	"CTCACTGTGACATCGGCCCAAAAGAACCCGACAGCTTTCTATCTCTGTGCCAGTACCGGGGTTAATTCACCCCTCCACTTTGGGAAT"	"CASTGVNSPLHF"	"TCRBV19-1*1"	"TCRBD2-1*1"	"TCRBJ1-6*1"	55	56	61	62	1	1	NA	NA	"CTCACTGTGACATCGGCCCAAAAGAACCCGACAGCTTTCTATCTCTGTGCCAGTACCGGGGTTAATTCACCCCTCCACTTTGGGAAT"	FALSE	TRUE	NA	NA	NA	NA
"CGCACACAGCAGGAGGACTCCGCCGTGTATCTCTGTGCCAGCAGCTGGGCCTCGGGGGGCTCTAACTATGGCTACACCTTCGGTTCG"	"CASSWASGGSNYGYTF"	"CGCACACAGCAGGAGGACTCCGCCGTGTATCTCTGTGCCAGCAGCTGGGCCTCGGGGGGCTCTAACTATGGCTACACCTTCGGTTCG"	"CASSWASGGSNYGYTF"	"TCRBV7-8*1"	"TCRBD2-1*1"	"TCRBJ1-2*1"	46	52	59	61	6	2	NA	NA	"CGCACACAGCAGGAGGACTCCGCCGTGTATCTCTGTGCCAGCAGCTGGGCCTCGGGGGGCTCTAACTATGGCTACACCTTCGGTTCG"	FALSE	TRUE	NA	NA	NA	NA
"GCTGGAGGACTCAGCCATGTACTTCTGTGCCAGCAGCGAACCTTAGACAGGGTGTCTCGGGATAACTATGGCTACACCTTCGGTTCG"	""	"GCTGGAGGACTCAGCCATGTACTTCTGTGCCAGCAGCGAACCTTAGACAGGGTGTCTCGGGATAACTATGGCTACACCTTCGGTTCG"	""	"TCRBV2-1"	"TCRBD1-1*1"	"TCRBJ1-2*1"	40	45	52	62	5	10	NA	NA	"GCTGGAGGACTCAGCCATGTACTTCTGTGCCAGCAGCGAACCTTAGACAGGGTGTCTCGGGATAACTATGGCTACACCTTCGGTTCG"	FALSE	FALSE	NA	NA	NA	NA
"CCAGGGACTTGGGCCTATATTTCTGTGCCAGCAGCTTTTATAAGGTTTGGAGGGTCACCCAGCGGAGAGACCCAGTACTTCGGGCCA"	""	"CCAGGGACTTGGGCCTATATTTCTGTGCCAGCAGCTTTTATAAGGTTTGGAGGGTCACCCAGCGGAGAGACCCAGTACTTCGGGCCA"	""	"TCRBV12-1*1"	"TCRBD2-1*2"	"TCRBJ2-5*1"	38	48	54	65	10	11	NA	NA	"CCAGGGACTTGGGCCTATATTTCTGTGCCAGCAGCTTTTATAAGGTTTGGAGGGTCACCCAGCGGAGAGACCCAGTACTTCGGGCCA"	FALSE	FALSE	NA	NA	NA	NA
"GTCCACGGAGTCAGGGGACACAGCACTGTATTTCTGTGCCAGCAGCAAACTCCCCAGACATTGAACACTGAAGCTTTCTTTGGACAA"	""	"GTCCACGGAGTCAGGGGACACAGCACTGTATTTCTGTGCCAGCAGCAAACTCCCCAGACATTGAACACTGAAGCTTTCTTTGGACAA"	""	"TCRBV21-1*1"	"TCRBD1-1*1"	"TCRBJ1-1*1"	49	56	60	61	7	1	NA	NA	"GTCCACGGAGTCAGGGGACACAGCACTGTATTTCTGTGCCAGCAGCAAACTCCCCAGACATTGAACACTGAAGCTTTCTTTGGACAA"	FALSE	FALSE	NA	NA	NA	NA
"ATCCAGCAGGTAGTGCGAGGAGATTCGGCAGCTTATTTCTGTGCCAGCTCAGCCAGGGGGTGGGGCACTGAAGCTTTCTTTGGACAA"	"CASSARGWGTEAFF"	"ATCCAGCAGGTAGTGCGAGGAGATTCGGCAGCTTATTTCTGTGCCAGCTCAGCCAGGGGGTGGGGCACTGAAGCTTTCTTTGGACAA"	"CASSARGWGTEAFF"	"TCRBV18-1*1"	"TCRBD1-1*1"	"TCRBJ1-1*1"	51	53	60	65	2	5	NA	NA	"ATCCAGCAGGTAGTGCGAGGAGATTCGGCAGCTTATTTCTGTGCCAGCTCAGCCAGGGGGTGGGGCACTGAAGCTTTCTTTGGACAA"	FALSE	TRUE	NA	NA	NA	NA
"AACGCCTTGGAGCTGGACGACTCGGCCCTGTATCTCTGTGCCAGCAGCTTGGGGGGACTCAATTCCTACGAGCAGTACTTCGGGCCG"	"CASSLGGLNSYEQYF"	"AACGCCTTGGAGCTGGACGACTCGGCCCTGTATCTCTGTGCCAGCAGCTTGGGGGGACTCAATTCCTACGAGCAGTACTTCGGGCCG"	"CASSLGGLNSYEQYF"	"TCRBV5-4*1"	"TCRBD2-1"	"TCRBJ2-7*1"	52	53	59	63	1	4	NA	NA	"AACGCCTTGGAGCTGGACGACTCGGCCCTGTATCTCTGTGCCAGCAGCTTGGGGGGACTCAATTCCTACGAGCAGTACTTCGGGCCG"	FALSE	TRUE	NA	NA	NA	NA
"CAGCCCTCAGAACCCAGGGACTCAGCTGTGTACTTCTGTGCCAGCAGTTTTGCCGGCACCCATAATTCACCCCTCCACTTTGGGAAT"	"CASSFAGTHNSPLHF"	"CAGCCCTCAGAACCCAGGGACTCAGCTGTGTACTTCTGTGCCAGCAGTTTTGCCGGCACCCATAATTCACCCCTCCACTTTGGGAAT"	"CASSFAGTHNSPLHF"	NA	NA	"TCRBJ1-6*1"	50	54	57	61	4	4	NA	NA	"CAGCCCTCAGAACCCAGGGACTCAGCTGTGTACTTCTGTGCCAGCAGTTTTGCCGGCACCCATAATTCACCCCTCCACTTTGGGAAT"	FALSE	TRUE	NA	NA	NA	NA
"CCACAAAGCTGGAGGACTCAGCCATGTACTTCTGTGCCAGCAGAAACCGGGACAACCTCCAACACAGATACGCAGTATTTTGGCCCA"	""	"CCACAAAGCTGGAGGACTCAGCCATGTACTTCTGTGCCAGCAGAAACCGGGACAACCTCCAACACAGATACGCAGTATTTTGGCCCA"	""	"TCRBV2-1"	"TCRBD1-1*1"	"TCRBJ2-3*1"	43	48	54	62	5	8	NA	NA	"CCACAAAGCTGGAGGACTCAGCCATGTACTTCTGTGCCAGCAGAAACCGGGACAACCTCCAACACAGATACGCAGTATTTTGGCCCA"	FALSE	FALSE	NA	NA	NA	NA
"CTGGAGTCGCCCAGCCCCAACCAGACCTCTCTGTACTTCTGTGCCAGCAGTTGGTAACAGGTAAAAGAGACCCAGTACTTCGGGCCA"	"CASSW*QVKETQYF"	"CTGGAGTCGCCCAGCCCCAACCAGACCTCTCTGTACTTCTGTGCCAGCAGTTGGTAACAGGTAAAAGAGACCCAGTACTTCGGGCCA"	"CASSW*QVKETQYF"	"TCRBV27-1*1"	"TCRBD1-1*1"	"TCRBJ2-5*1"	52	56	61	64	4	3	NA	NA	"CTGGAGTCGCCCAGCCCCAACCAGACCTCTCTGTACTTCTGTGCCAGCAGTTGGTAACAGGTAAAAGAGACCCAGTACTTCGGGCCA"	FALSE	TRUE	NA	NA	NA	NA
"TCGGCTGCTCCCTCCCAGACATCTGTGTACTTCTGTGCCAGCAGTGAAGCCAGGAGGGCAAGAAATTCACCCCTCCACTTTGGGAAT"	"CASSEARRARNSPLHF"	"TCGGCTGCTCCCTCCCAGACATCTGTGTACTTCTGTGCCAGCAGTGAAGCCAGGAGGGCAAGAAATTCACCCCTCCACTTTGGGAAT"	"CASSEARRARNSPLHF"	"TCRBV6-1*1"	"TCRBD2-1*2"	"TCRBJ1-6*1"	50	52	58	63	2	5	NA	NA	"TCGGCTGCTCCCTCCCAGACATCTGTGTACTTCTGTGCCAGCAGTGAAGCCAGGAGGGCAAGAAATTCACCCCTCCACTTTGGGAAT"	FALSE	TRUE	NA	NA	NA	NA
"GAGTCGCCCAGCCCCAACCAGACCTCTCTGTACTTCTGTGCCAGCAGTTCCACTAGTCCCCCTACCTACGAGCAGTACTTCGGGCCG"	"CASSSTSPPTYEQYF"	"GAGTCGCCCAGCCCCAACCAGACCTCTCTGTACTTCTGTGCCAGCAGTTCCACTAGTCCCCCTACCTACGAGCAGTACTTCGGGCCG"	"CASSSTSPPTYEQYF"	"TCRBV27-1*1"	"TCRBD2-1"	"TCRBJ2-7*1"	49	51	56	64	2	8	NA	NA	"GAGTCGCCCAGCCCCAACCAGACCTCTCTGTACTTCTGTGCCAGCAGTTCCACTAGTCCCCCTACCTACGAGCAGTACTTCGGGCCG"	FALSE	TRUE	NA	NA	NA	NA
"GTGAGCACCTTGGAGCTGGGGGACTCGGCCCTTTATCTTTGCGCCAGCAGCTTACAACCGGGGGCGGGGGAGCTGTTTTTTGGAGAA"	"CASSLQPGAGELFF"	"GTGAGCACCTTGGAGCTGGGGGACTCGGCCCTTTATCTTTGCGCCAGCAGCTTACAACCGGGGGCGGGGGAGCTGTTTTTTGGAGAA"	"CASSLQPGAGELFF"	"TCRBV5-1*1"	NA	"TCRBJ2-2*1"	53	59	65	66	6	1	NA	NA	"GTGAGCACCTTGGAGCTGGGGGACTCGGCCCTTTATCTTTGCGCCAGCAGCTTACAACCGGGGGCGGGGGAGCTGTTTTTTGGAGAA"	FALSE	TRUE	NA	NA	NA	NA
"NTGTCGGCTGCTCCCTCCCAAACATCTGTGTACTTCTGTGCCAGCAGGGGAGTAGGACAGGGTGGCTATGGCTACACCTTCGGTTCG"	"CASRGVGQGGYGYTF"	"NTGTCGGCTGCTCCCTCCCAAACATCTGTGTACTTCTGTGCCAGCAGGGGAGTAGGACAGGGTGGCTATGGCTACACCTTCGGTTCG"	"CASRGVGQGGYGYTF"	NA	"TCRBD1-1*1"	"TCRBJ1-2*1"	47	54	62	65	7	3	NA	NA	"NTGTCGGCTGCTCCCTCCCAAACATCTGTGTACTTCTGTGCCAGCAGGGGAGTAGGACAGGGTGGCTATGGCTACACCTTCGGTTCG"	FALSE	TRUE	NA	NA	NA	NA
"NNNNTGTCGGCTGCTCCCTCCCAGACATCTGTGTACTTCTGTGCCAGCAGGGGGACAGGTGAAGTCACTGAAGCTTTCTTTGGACAA"	"CASRGTGEVTEAFF"	"NNNNTGTCGGCTGCTCCCTCCCAGACATCTGTGTACTTCTGTGCCAGCAGGGGGACAGGTGAAGTCACTGAAGCTTTCTTTGGACAA"	"CASRGTGEVTEAFF"	"TCRBV6-5*1"	"TCRBD1-1*1"	"TCRBJ1-1*1"	50	51	59	65	1	6	NA	NA	"NNNNTGTCGGCTGCTCCCTCCCAGACATCTGTGTACTTCTGTGCCAGCAGGGGGACAGGTGAAGTCACTGAAGCTTTCTTTGGACAA"	FALSE	TRUE	NA	NA	NA	NA
"AGCACCTTGGAGCTGGGGGACTCGGCCCTTTATCTTTGCGCCAGCAGCCCCGGACAGGGGGCTTCCTACGAGCAGTACTTCGGGCCG"	"CASSPGQGASYEQYF"	"AGCACCTTGGAGCTGGGGGACTCGGCCCTTTATCTTTGCGCCAGCAGCCCCGGACAGGGGGCTTCCTACGAGCAGTACTTCGGGCCG"	"CASSPGQGASYEQYF"	"TCRBV5-1*1"	"TCRBD1-1*1"	"TCRBJ2-7*1"	48	51	62	63	3	1	NA	NA	"AGCACCTTGGAGCTGGGGGACTCGGCCCTTTATCTTTGCGCCAGCAGCCCCGGACAGGGGGCTTCCTACGAGCAGTACTTCGGGCCG"	FALSE	TRUE	NA	NA	NA	NA
"NTGTCGGCTGCTCCCTCCCAAACATCTGTGTACTTCTGTGCCAGCAGTCTAACCGGGCTACCCAGAAGGGCCCAGTACTTCGGGCCA"	"CASSLTGLPRRAQYF"	"NTGTCGGCTGCTCCCTCCCAAACATCTGTGTACTTCTGTGCCAGCAGTCTAACCGGGCTACCCAGAAGGGCCCAGTACTTCGGGCCA"	"CASSLTGLPRRAQYF"	"TCRBV6-2/6-3*1"	NA	"TCRBJ2-5*1"	48	66	-1	70	18	71	NA	NA	"NTGTCGGCTGCTCCCTCCCAAACATCTGTGTACTTCTGTGCCAGCAGTCTAACCGGGCTACCCAGAAGGGCCCAGTACTTCGGGCCA"	FALSE	TRUE	NA	NA	NA	NA
"TCGGCTGCTCCCTCCCAAACATCTGTGTACTTCTGTGCCAGCAGCCCTTGGACTAGCGGTCCGGTGGAGACCCAGTACTTCGGGCCA"	"CASSPWTSGPVETQYF"	"TCGGCTGCTCCCTCCCAAACATCTGTGTACTTCTGTGCCAGCAGCCCTTGGACTAGCGGTCCGGTGGAGACCCAGTACTTCGGGCCA"	"CASSPWTSGPVETQYF"	"TCRBV6-2*2"	"TCRBD2-1"	"TCRBJ2-5*1"	48	49	59	66	1	7	NA	NA	"TCGGCTGCTCCCTCCCAAACATCTGTGTACTTCTGTGCCAGCAGCCCTTGGACTAGCGGTCCGGTGGAGACCCAGTACTTCGGGCCA"	FALSE	TRUE	NA	NA	NA	NA
"NNNNNNNNNNTGTCGGCTGCTCCCTCCCAAACATCTGTGTACTTCTGTGCCAGCAGTACACAGAAAGAGACCCAGTACTTCGGGCCA"	"CASSTQKETQYF"	"NNNNNNNNNNTGTCGGCTGCTCCCTCCCAAACATCTGTGTACTTCTGTGCCAGCAGTACACAGAAAGAGACCCAGTACTTCGGGCCA"	"CASSTQKETQYF"	"TCRBV6-2/6-3*1"	"TCRBD1-1*1"	"TCRBJ2-5*1"	57	59	63	64	2	1	NA	NA	"NNNNNNNNNNTGTCGGCTGCTCCCTCCCAAACATCTGTGTACTTCTGTGCCAGCAGTACACAGAAAGAGACCCAGTACTTCGGGCCA"	FALSE	TRUE	NA	NA	NA	NA
"TCAGCTGCTCCCTCTCAGACTTCTGTTTACTTCTGTGCCAGCAGTTCCCAAAGCGGGCTTCAAAACAATGAGCAGTTCTTCGGGCCA"	"CASSSQSGLQNNEQFF"	"TCAGCTGCTCCCTCTCAGACTTCTGTTTACTTCTGTGCCAGCAGTTCCCAAAGCGGGCTTCAAAACAATGAGCAGTTCTTCGGGCCA"	"CASSSQSGLQNNEQFF"	"TCRBV6-7*1"	"TCRBD2-1"	"TCRBJ2-1*1"	46	51	57	64	5	7	NA	NA	"TCAGCTGCTCCCTCTCAGACTTCTGTTTACTTCTGTGCCAGCAGTTCCCAAAGCGGGCTTCAAAACAATGAGCAGTTCTTCGGGCCA"	FALSE	TRUE	NA	NA	NA	NA
"CAGCGCACAGAGCAGCGGGACTCGGCCATGTATCGCTGTGCCAGCAGCTTAGGCAGGGAGCTAGGGGAAAAACTGTTTTTTGGCAGT"	"CASSLGRELGEKLFF"	"CAGCGCACAGAGCAGCGGGACTCGGCCATGTATCGCTGTGCCAGCAGCTTAGGCAGGGAGCTAGGGGAAAAACTGTTTTTTGGCAGT"	"CASSLGRELGEKLFF"	"TCRBV7-6*1"	NA	"TCRBJ1-4*1"	52	53	58	66	1	8	NA	NA	"CAGCGCACAGAGCAGCGGGACTCGGCCATGTATCGCTGTGCCAGCAGCTTAGGCAGGGAGCTAGGGGAAAAACTGTTTTTTGGCAGT"	FALSE	TRUE	NA	NA	NA	NA
"TCGGCTGCTCCCTCCCAAACATCTGTGTACTTCTGTGCCAGCAGTTTGGTTCGCGGAAACTCCTACAATGAGCAGTTCTTCGGGCCA"	"CASSLVRGNSYNEQFF"	"TCGGCTGCTCCCTCCCAAACATCTGTGTACTTCTGTGCCAGCAGTTTGGTTCGCGGAAACTCCTACAATGAGCAGTTCTTCGGGCCA"	"CASSLVRGNSYNEQFF"	"TCRBV6-2/6-3*1"	"TCRBD2-1"	"TCRBJ2-1*1"	46	52	56	59	6	3	NA	NA	"TCGGCTGCTCCCTCCCAAACATCTGTGTACTTCTGTGCCAGCAGTTTGGTTCGCGGAAACTCCTACAATGAGCAGTTCTTCGGGCCA"	FALSE	TRUE	NA	NA	NA	NA
"GCAGAACTGGAGGATTCTGGAGTTTATTTCTGTGCCAGCAGCCAAATTGGGGCCAGTCTCGGCGGCTATGGCTACACCTTCGGTTCG"	"CASSQIGASLGGYGYTF"	"GCAGAACTGGAGGATTCTGGAGTTTATTTCTGTGCCAGCAGCCAAATTGGGGCCAGTCTCGGCGGCTATGGCTACACCTTCGGTTCG"	"CASSQIGASLGGYGYTF"	"TCRBV14-1*1"	"TCRBD1-1*1"	"TCRBJ1-2*1"	45	48	53	65	3	12	NA	NA	"GCAGAACTGGAGGATTCTGGAGTTTATTTCTGTGCCAGCAGCCAAATTGGGGCCAGTCTCGGCGGCTATGGCTACACCTTCGGTTCG"	FALSE	TRUE	NA	NA	NA	NA
"CTGGAGTCTGCTGCCTCCTCCCAGACATCTGTATATTTCTGCGCCAGCAGTGAGTCGGGACTCCCCTACGAGCAGTACTTCGGGCCG"	"CASSESGLPYEQYF"	"CTGGAGTCTGCTGCCTCCTCCCAGACATCTGTATATTTCTGCGCCAGCAGTGAGTCGGGACTCCCCTACGAGCAGTACTTCGGGCCG"	"CASSESGLPYEQYF"	"TCRBV1-1*1"	"TCRBD2-1"	"TCRBJ2-7*1"	-1	56	62	64	57	2	NA	NA	"CTGGAGTCTGCTGCCTCCTCCCAGACATCTGTATATTTCTGCGCCAGCAGTGAGTCGGGACTCCCCTACGAGCAGTACTTCGGGCCG"	FALSE	TRUE	NA	NA	NA	NA
"GTCTGCCATCCCCAACCAGACAGCTCTTTACTTCTGTGCCACCGGCTATGGGACCTCCCTAGAACTTACGAGCAGTACTTCGGGCCG"	""	"GTCTGCCATCCCCAACCAGACAGCTCTTTACTTCTGTGCCACCGGCTATGGGACCTCCCTAGAACTTACGAGCAGTACTTCGGGCCG"	""	"TCRBV24-1*1"	NA	"TCRBJ2-7*1"	43	49	54	66	6	12	NA	NA	"GTCTGCCATCCCCAACCAGACAGCTCTTTACTTCTGTGCCACCGGCTATGGGACCTCCCTAGAACTTACGAGCAGTACTTCGGGCCG"	FALSE	FALSE	NA	NA	NA	NA
"GTGAACGCCTTGTTGCTGGGGGACTCGGCCCTCTATCTCTGTGCCAGCAGCGAAGGGCCGGCGGGCTATGGCTACACCTTCGGTTCG"	"CASSEGPAGYGYTF"	"GTGAACGCCTTGTTGCTGGGGGACTCGGCCCTCTATCTCTGTGCCAGCAGCGAAGGGCCGGCGGGCTATGGCTACACCTTCGGTTCG"	"CASSEGPAGYGYTF"	"TCRBV5-6*1"	"TCRBD2-1"	"TCRBJ1-2*1"	51	60	-1	65	9	66	NA	NA	"GTGAACGCCTTGTTGCTGGGGGACTCGGCCCTCTATCTCTGTGCCAGCAGCGAAGGGCCGGCGGGCTATGGCTACACCTTCGGTTCG"	FALSE	TRUE	NA	NA	NA	NA
"ACTGTGACATCGGCCCAAAAGAACCCGACAGCTTTCTATCTCTGTGCCAGTAGTATCAACTCGAACACTGAAGCTTTCTTTGGACAA"	"CASSINSNTEAFF"	"ACTGTGACATCGGCCCAAAAGAACCCGACAGCTTTCTATCTCTGTGCCAGTAGTATCAACTCGAACACTGAAGCTTTCTTTGGACAA"	"CASSINSNTEAFF"	"TCRBV19-1*1"	"TCRBD2-1"	"TCRBJ1-1*1"	56	58	61	62	2	1	NA	NA	"ACTGTGACATCGGCCCAAAAGAACCCGACAGCTTTCTATCTCTGTGCCAGTAGTATCAACTCGAACACTGAAGCTTTCTTTGGACAA"	FALSE	TRUE	NA	NA	NA	NA
"CAGCCTGCAGAGCTTGGGGACTCGGCCGTGTATCTCTGTGCCAGCAGCTATATAGCGGGAGTGGGGGATGAGCAGTTCTTCGGGCCA"	"CASSYIAGVGDEQFF"	"CAGCCTGCAGAGCTTGGGGACTCGGCCGTGTATCTCTGTGCCAGCAGCTATATAGCGGGAGTGGGGGATGAGCAGTTCTTCGGGCCA"	"CASSYIAGVGDEQFF"	"TCRBV11-3*1"	"TCRBD2-1*2"	"TCRBJ2-1*1"	49	52	61	67	3	6	NA	NA	"CAGCCTGCAGAGCTTGGGGACTCGGCCGTGTATCTCTGTGCCAGCAGCTATATAGCGGGAGTGGGGGATGAGCAGTTCTTCGGGCCA"	FALSE	TRUE	NA	NA	NA	NA
"GGAGTCGCCCAGCCCCAACCAGACCTCTCTGTACTTCTGTGCCAGCCAAAAGGGCTCGGGGGCGGTTACGAGCAGTACTTCGGGCCG"	""	"GGAGTCGCCCAGCCCCAACCAGACCTCTCTGTACTTCTGTGCCAGCCAAAAGGGCTCGGGGGCGGTTACGAGCAGTACTTCGGGCCG"	""	"TCRBV27-1*1"	NA	"TCRBJ2-7*1"	46	57	63	66	11	3	NA	NA	"GGAGTCGCCCAGCCCCAACCAGACCTCTCTGTACTTCTGTGCCAGCCAAAAGGGCTCGGGGGCGGTTACGAGCAGTACTTCGGGCCG"	FALSE	FALSE	NA	NA	NA	NA
"CTACACGCCCTGCAGCCAGAAGACTCAGCCCTGTATCTCTGCGCCAGCAGCCGCGACAGTTTGAACACTGAAGCTTTCTTTGGACAA"	"CASSRDSLNTEAFF"	"CTACACGCCCTGCAGCCAGAAGACTCAGCCCTGTATCTCTGCGCCAGCAGCCGCGACAGTTTGAACACTGAAGCTTTCTTTGGACAA"	"CASSRDSLNTEAFF"	"TCRBV4-1*1"	"TCRBD1-1*1"	"TCRBJ1-1*1"	52	54	59	61	2	2	NA	NA	"CTACACGCCCTGCAGCCAGAAGACTCAGCCCTGTATCTCTGCGCCAGCAGCCGCGACAGTTTGAACACTGAAGCTTTCTTTGGACAA"	FALSE	TRUE	NA	NA	NA	NA
"ACTCTGACAGTGACCAGTGCCCATCCTGAAGACAGCAGCTTCTACATCTGCAGTGTTAGGGGGGCCTACGAGCAGTACTTCGGGCCG"	"CSVRGAYEQYF"	"ACTCTGACAGTGACCAGTGCCCATCCTGAAGACAGCAGCTTCTACATCTGCAGTGTTAGGGGGGCCTACGAGCAGTACTTCGGGCCG"	"CSVRGAYEQYF"	"TCRBV2-1"	NA	"TCRBJ2-7*1"	-1	59	-1	64	60	65	NA	NA	"ACTCTGACAGTGACCAGTGCCCATCCTGAAGACAGCAGCTTCTACATCTGCAGTGTTAGGGGGGCCTACGAGCAGTACTTCGGGCCG"	FALSE	TRUE	NA	NA	NA	NA
"CCCAGCCCCAACCAGACCTCTCTGTACTTCTGTGCCAGCAACCCTTTTCCCGGGACTAGCGGAAGGTACGAGCAGTACTTCGGGCCG"	"CASNPFPGTSGRYEQYF"	"CCCAGCCCCAACCAGACCTCTCTGTACTTCTGTGCCAGCAACCCTTTTCCCGGGACTAGCGGAAGGTACGAGCAGTACTTCGGGCCG"	"CASNPFPGTSGRYEQYF"	"TCRBV27-1*1"	"TCRBD2-1"	"TCRBJ2-7*1"	40	51	62	66	11	4	NA	NA	"CCCAGCCCCAACCAGACCTCTCTGTACTTCTGTGCCAGCAACCCTTTTCCCGGGACTAGCGGAAGGTACGAGCAGTACTTCGGGCCG"	FALSE	TRUE	NA	NA	NA	NA
"TCCACAAAGCTGGAGGACTCAGCCATGTACTTCTGTGCCAGCAGCCTCGGGACAGGTCTTCGCACAGATACGCAGTATTTTGGCCCA"	"CASSLGTGLRTDTQYF"	"TCCACAAAGCTGGAGGACTCAGCCATGTACTTCTGTGCCAGCAGCCTCGGGACAGGTCTTCGCACAGATACGCAGTATTTTGGCCCA"	"CASSLGTGLRTDTQYF"	"TCRBV2-1"	"TCRBD1-1*1"	"TCRBJ2-3*1"	44	48	56	61	4	5	NA	NA	"TCCACAAAGCTGGAGGACTCAGCCATGTACTTCTGTGCCAGCAGCCTCGGGACAGGTCTTCGCACAGATACGCAGTATTTTGGCCCA"	FALSE	TRUE	NA	NA	NA	NA
"ATCCAGCGCACAGAGCAGGAGGACTCGGCCGTGTATCTCTGTGCCAGCAGCTTAGGGGCCAGGGGCTATGGCTACACCTTCGGTTCG"	"CASSLGARGYGYTF"	"ATCCAGCGCACAGAGCAGGAGGACTCGGCCGTGTATCTCTGTGCCAGCAGCTTAGGGGCCAGGGGCTATGGCTACACCTTCGGTTCG"	"CASSLGARGYGYTF"	"TCRBV7-2"	"TCRBD1-1*1"	"TCRBJ1-2*1"	55	59	-1	65	4	66	NA	NA	"ATCCAGCGCACAGAGCAGGAGGACTCGGCCGTGTATCTCTGTGCCAGCAGCTTAGGGGCCAGGGGCTATGGCTACACCTTCGGTTCG"	FALSE	TRUE	NA	NA	NA	NA
"GAGTTGGCTGCTCCCTCCCAGACATCTGTGTACTTCTGTGCCAGCAGTTACCGAAGGGTGTCTGGAAACACCATATATTTTGGAGAG"	"CASSYRRVSGNTIYF"	"GAGTTGGCTGCTCCCTCCCAGACATCTGTGTACTTCTGTGCCAGCAGTTACCGAAGGGTGTCTGGAAACACCATATATTTTGGAGAG"	"CASSYRRVSGNTIYF"	"TCRBV6-6*1"	NA	"TCRBJ1-3*1"	51	54	58	60	3	2	NA	NA	"GAGTTGGCTGCTCCCTCCCAGACATCTGTGTACTTCTGTGCCAGCAGTTACCGAAGGGTGTCTGGAAACACCATATATTTTGGAGAG"	FALSE	TRUE	NA	NA	NA	NA
"ACCCTGCAGCCAGAAGACTCGGCCCTGTATCTCTGTGCCAGCAGCCAAGAGGGGGGCGTCGGAAATCAGCCCCAGCATTTTGGTGAT"	"CASSQEGGVGNQPQHF"	"ACCCTGCAGCCAGAAGACTCGGCCCTGTATCTCTGTGCCAGCAGCCAAGAGGGGGGCGTCGGAAATCAGCCCCAGCATTTTGGTGAT"	"CASSQEGGVGNQPQHF"	"TCRBV4-2*1"	NA	"TCRBJ1-5*1"	50	51	57	63	1	6	NA	NA	"ACCCTGCAGCCAGAAGACTCGGCCCTGTATCTCTGTGCCAGCAGCCAAGAGGGGGGCGTCGGAAATCAGCCCCAGCATTTTGGTGAT"	FALSE	TRUE	NA	NA	NA	NA
"ACCAGTGCCCATCCTGAAGACAGCAGCTTCTACATCTGCAGTGCTAGAGATCCGGCAGGGTGGGGGGAGACCCAGTACTTCGGGCCA"	"CSARDPAGWGETQYF"	"ACCAGTGCCCATCCTGAAGACAGCAGCTTCTACATCTGCAGTGCTAGAGATCCGGCAGGGTGGGGGGAGACCCAGTACTTCGGGCCA"	"CSARDPAGWGETQYF"	NA	NA	"TCRBJ2-5*1"	50	55	60	66	5	6	NA	NA	"ACCAGTGCCCATCCTGAAGACAGCAGCTTCTACATCTGCAGTGCTAGAGATCCGGCAGGGTGGGGGGAGACCCAGTACTTCGGGCCA"	FALSE	TRUE	NA	NA	NA	NA
"GAGCTTGGTGACTCTGCTGTGTATTTCTGTGCCAGCAGCCAACTAGCGGGATCTTATGATAGCACAGATACGCAGTATTTTGGCCCA"	"CASSQLAGSYDSTDTQYF"	"GAGCTTGGTGACTCTGCTGTGTATTTCTGTGCCAGCAGCCAACTAGCGGGATCTTATGATAGCACAGATACGCAGTATTTTGGCCCA"	"CASSQLAGSYDSTDTQYF"	"TCRBV3-1/3-2*1"	"TCRBD2-1*2"	"TCRBJ2-3*1"	-1	42	51	60	43	9	NA	NA	"GAGCTTGGTGACTCTGCTGTGTATTTCTGTGCCAGCAGCCAACTAGCGGGATCTTATGATAGCACAGATACGCAGTATTTTGGCCCA"	FALSE	TRUE	NA	NA	NA	NA
"AAAGAACCCGACAGCTTTCTATCTCTGTGCCAGTTCTGAGATGCGGAGACAGGGGGATCGAGCACCGGGGAGCTGTTTTTTGGAGAA"	""	"AAAGAACCCGACAGCTTTCTATCTCTGTGCCAGTTCTGAGATGCGGAGACAGGGGGATCGAGCACCGGGGAGCTGTTTTTTGGAGAA"	""	"TCRBV19-1*1"	"TCRBD1-1*1"	"TCRBJ2-2*1"	34	47	56	62	13	6	NA	NA	"AAAGAACCCGACAGCTTTCTATCTCTGTGCCAGTTCTGAGATGCGGAGACAGGGGGATCGAGCACCGGGGAGCTGTTTTTTGGAGAA"	FALSE	FALSE	NA	NA	NA	NA
"AGAAGCTCCTTCTCAGTGACTCTGGCTTCTATCTCTGTGCCTGGAGTCCCCCCCCGGGCGAAATCCTACGAGCAGTACTTCGGGCCG"	""	"AGAAGCTCCTTCTCAGTGACTCTGGCTTCTATCTCTGTGCCTGGAGTCCCCCCCCGGGCGAAATCCTACGAGCAGTACTTCGGGCCG"	""	"TCRBV3-1*1"	NA	"TCRBJ2-7*1"	47	55	59	63	8	4	NA	NA	"AGAAGCTCCTTCTCAGTGACTCTGGCTTCTATCTCTGTGCCTGGAGTCCCCCCCCGGGCGAAATCCTACGAGCAGTACTTCGGGCCG"	FALSE	FALSE	NA	NA	NA	NA
"ACCCTGCAGCCAGAAGACTCGGCCCTGTATCTCTGCGCCAGCAGCCAAGATAGCCAGATCCAAGGGGAGACCCAGTACTTCGGGCCA"	"CASSQDSQIQGETQYF"	"ACCCTGCAGCCAGAAGACTCGGCCCTGTATCTCTGCGCCAGCAGCCAAGATAGCCAGATCCAAGGGGAGACCCAGTACTTCGGGCCA"	"CASSQDSQIQGETQYF"	"TCRBV4-3*1"	NA	"TCRBJ2-5*1"	50	62	-1	66	12	67	NA	NA	"ACCCTGCAGCCAGAAGACTCGGCCCTGTATCTCTGCGCCAGCAGCCAAGATAGCCAGATCCAAGGGGAGACCCAGTACTTCGGGCCA"	FALSE	TRUE	NA	NA	NA	NA
"ATCCTGGAGTCGCCCAGCCCCAACCAGACCTCTCTGTACTTCTGTGCCAGCCGACTAGCGGGAGTTGAGACCCAGTACTTCGGGCCA"	"CASRLAGVETQYF"	"ATCCTGGAGTCGCCCAGCCCCAACCAGACCTCTCTGTACTTCTGTGCCAGCCGACTAGCGGGAGTTGAGACCCAGTACTTCGGGCCA"	"CASRLAGVETQYF"	"TCRBV27-1*1"	"TCRBD2-1*2"	"TCRBJ2-5*1"	51	52	64	66	1	2	NA	NA	"ATCCTGGAGTCGCCCAGCCCCAACCAGACCTCTCTGTACTTCTGTGCCAGCCGACTAGCGGGAGTTGAGACCCAGTACTTCGGGCCA"	FALSE	TRUE	NA	NA	NA	NA
"CCATCCCCAACCAGACAGCTCTTTACTTCTGTGCCACCAGTGATTAATCGAAGGACGCCGAACACCGGGGAGCTGTTTTTTGGAGAA"	""	"CCATCCCCAACCAGACAGCTCTTTACTTCTGTGCCACCAGTGATTAATCGAAGGACGCCGAACACCGGGGAGCTGTTTTTTGGAGAA"	""	"TCRBV24-1*1"	NA	"TCRBJ2-2*1"	45	52	56	58	7	2	NA	NA	"CCATCCCCAACCAGACAGCTCTTTACTTCTGTGCCACCAGTGATTAATCGAAGGACGCCGAACACCGGGGAGCTGTTTTTTGGAGAA"	FALSE	FALSE	NA	NA	NA	NA
"CCAGCGCACAGAGCAAGGGCGACTCGGCTGTGTATCTCTGTGCCAGAAGCTTAGCCCTGTGGGCTCTATGGCTACACCTTCGGTTCG"	""	"CCAGCGCACAGAGCAAGGGCGACTCGGCTGTGTATCTCTGTGCCAGAAGCTTAGCCCTGTGGGCTCTATGGCTACACCTTCGGTTCG"	""	"TCRBV7-5*1"	"TCRBD1-1*1"	"TCRBJ1-2*1"	54	60	64	65	6	1	NA	NA	"CCAGCGCACAGAGCAAGGGCGACTCGGCTGTGTATCTCTGTGCCAGAAGCTTAGCCCTGTGGGCTCTATGGCTACACCTTCGGTTCG"	FALSE	FALSE	NA	NA	NA	NA
"TCGGCTGCTCCCTCCCAGACATCTGTGTACTTCTGTGCCAGCAGTTACCCGGGACACCAGAGCACAGATACGCAGTATTTTGGCCCA"	"CASSYPGHQSTDTQYF"	"TCGGCTGCTCCCTCCCAGACATCTGTGTACTTCTGTGCCAGCAGTTACCCGGGACACCAGAGCACAGATACGCAGTATTTTGGCCCA"	"CASSYPGHQSTDTQYF"	"TCRBV6-5*1"	"TCRBD1-1*1"	"TCRBJ2-3*1"	48	50	56	60	2	4	NA	NA	"TCGGCTGCTCCCTCCCAGACATCTGTGTACTTCTGTGCCAGCAGTTACCCGGGACACCAGAGCACAGATACGCAGTATTTTGGCCCA"	FALSE	TRUE	NA	NA	NA	NA
"CTGAGCTCTCTGGAGCTGGGGGACTCAGCTTTGTATTTCTGTGCCAGCAGCGTAGTGGGAGGGGGGCATGAGCAGTTCTTCGGGCCA"	"CASSVVGGGHEQFF"	"CTGAGCTCTCTGGAGCTGGGGGACTCAGCTTTGTATTTCTGTGCCAGCAGCGTAGTGGGAGGGGGGCATGAGCAGTTCTTCGGGCCA"	"CASSVVGGGHEQFF"	"TCRBV9-1*1"	"TCRBD2-1*2"	"TCRBJ2-1*1"	55	56	63	67	1	4	NA	NA	"CTGAGCTCTCTGGAGCTGGGGGACTCAGCTTTGTATTTCTGTGCCAGCAGCGTAGTGGGAGGGGGGCATGAGCAGTTCTTCGGGCCA"	FALSE	TRUE	NA	NA	NA	NA
"TCCCTGGAGCTTGGTGACTCTGCTGTGTATTTCTGTGCCAGCAGCCAAGATCCAGTAATAGCGGGGTACGAGCAGTACTTCGGGCCG"	"CASSQDPVIAGYEQYF"	"TCCCTGGAGCTTGGTGACTCTGCTGTGTATTTCTGTGCCAGCAGCCAAGATCCAGTAATAGCGGGGTACGAGCAGTACTTCGGGCCG"	"CASSQDPVIAGYEQYF"	"TCRBV3-1/3-2*1"	"TCRBD2-1*1"	"TCRBJ2-7*1"	50	58	-1	66	8	67	NA	NA	"TCCCTGGAGCTTGGTGACTCTGCTGTGTATTTCTGTGCCAGCAGCCAAGATCCAGTAATAGCGGGGTACGAGCAGTACTTCGGGCCG"	FALSE	TRUE	NA	NA	NA	NA
"CGCACACAGCAGGAGGACTCGGCCGTGTATCTCTGTGCCAGCAGCTTAGGGCCAAGTTCGATACTGTTCCCCGAGCATTTTGGTGAT"	"CASSLGPSSILFPEHF"	"CGCACACAGCAGGAGGACTCGGCCGTGTATCTCTGTGCCAGCAGCTTAGGGCCAAGTTCGATACTGTTCCCCGAGCATTTTGGTGAT"	"CASSLGPSSILFPEHF"	"TCRBV7-2"	NA	"TCRBJ1-5*1"	-1	49	52	73	50	21	NA	NA	"CGCACACAGCAGGAGGACTCGGCCGTGTATCTCTGTGCCAGCAGCTTAGGGCCAAGTTCGATACTGTTCCCCGAGCATTTTGGTGAT"	FALSE	TRUE	NA	NA	NA	NA
"AGTGCCCATCCTGAAGACAGCAGCTTCTACATCTGCAGTGCTAGGACTAGCGGGGCTGAGCGTAACGGGGAGCTGTTTTTTGGAGAA"	"CSARTSGAERNGELFF"	"AGTGCCCATCCTGAAGACAGCAGCTTCTACATCTGCAGTGCTAGGACTAGCGGGGCTGAGCGTAACGGGGAGCTGTTTTTTGGAGAA"	"CSARTSGAERNGELFF"	NA	"TCRBD2-1*1"	"TCRBJ2-2*1"	-1	44	55	65	45	10	NA	NA	"AGTGCCCATCCTGAAGACAGCAGCTTCTACATCTGCAGTGCTAGGACTAGCGGGGCTGAGCGTAACGGGGAGCTGTTTTTTGGAGAA"	FALSE	TRUE	NA	NA	NA	NA
"TCAACTCTGACTGTGAGCAACATGAGCCCTGAAGACAGCAGCATATATCTCTGCCCGTTCCCAGATTCACCCCTCCACTTTGGGAAT"	"CPFPDSPLHF"	"TCAACTCTGACTGTGAGCAACATGAGCCCTGAAGACAGCAGCATATATCTCTGCCCGTTCCCAGATTCACCCCTCCACTTTGGGAAT"	"CPFPDSPLHF"	"TCRBV29-1"	"TCRBD1-1*1"	"TCRBJ1-6*1"	54	61	-1	64	7	65	NA	NA	"TCAACTCTGACTGTGAGCAACATGAGCCCTGAAGACAGCAGCATATATCTCTGCCCGTTCCCAGATTCACCCCTCCACTTTGGGAAT"	FALSE	TRUE	NA	NA	NA	NA
"CTGAGCTCTCTGGAGCTGGGGGACTCAGCTTTGTATTTCTGTGCCAGCCTTGATCGGGGGGGCACAGATACGCAGTATTTTGGCCCA"	"CASLDRGGTDTQYF"	"CTGAGCTCTCTGGAGCTGGGGGACTCAGCTTTGTATTTCTGTGCCAGCCTTGATCGGGGGGGCACAGATACGCAGTATTTTGGCCCA"	"CASLDRGGTDTQYF"	"TCRBV9-1*1"	"TCRBD2-1*1"	"TCRBJ2-3*1"	48	54	-1	61	6	62	NA	NA	"CTGAGCTCTCTGGAGCTGGGGGACTCAGCTTTGTATTTCTGTGCCAGCCTTGATCGGGGGGGCACAGATACGCAGTATTTTGGCCCA"	FALSE	TRUE	NA	NA	NA	NA
"AGCTCTCTGGAGCTGGGGGACTCAGCTTTGTATTTCTGTGCCAGCAGCGTAGGTACAGCGACCACAGATACGCAGTATTTTGGCCCA"	"CASSVGTATTDTQYF"	"AGCTCTCTGGAGCTGGGGGACTCAGCTTTGTATTTCTGTGCCAGCAGCGTAGGTACAGCGACCACAGATACGCAGTATTTTGGCCCA"	"CASSVGTATTDTQYF"	"TCRBV9-1*1"	NA	"TCRBJ2-3*1"	52	54	58	62	2	4	NA	NA	"AGCTCTCTGGAGCTGGGGGACTCAGCTTTGTATTTCTGTGCCAGCAGCGTAGGTACAGCGACCACAGATACGCAGTATTTTGGCCCA"	FALSE	TRUE	NA	NA	NA	NA
"CCCTCAGAACCCAGGGACTCAGCTGTGTACTTCTGTGCCAGCAGTTTAGGACAGGGCCGTAGAGATCATGGCTACACCTTCGGTTCG"	"CASSLGQGRRDHGYTF"	"CCCTCAGAACCCAGGGACTCAGCTGTGTACTTCTGTGCCAGCAGTTTAGGACAGGGCCGTAGAGATCATGGCTACACCTTCGGTTCG"	"CASSLGQGRRDHGYTF"	NA	"TCRBD1-1*1"	"TCRBJ1-2*1"	-1	49	56	67	50	11	NA	NA	"CCCTCAGAACCCAGGGACTCAGCTGTGTACTTCTGTGCCAGCAGTTTAGGACAGGGCCGTAGAGATCATGGCTACACCTTCGGTTCG"	FALSE	TRUE	NA	NA	NA	NA
"CCTGCAGAGCTTGGGGACTCGGCCGTGTATCTCTGTGCCAGCAGCTCCCCCGTGGCTAGCGGGAGGGCCATGCAGTACTTCGGGCCG"	"CASSSPVASGRAMQYF"	"CCTGCAGAGCTTGGGGACTCGGCCGTGTATCTCTGTGCCAGCAGCTCCCCCGTGGCTAGCGGGAGGGCCATGCAGTACTTCGGGCCG"	"CASSSPVASGRAMQYF"	"TCRBV11-3*1"	"TCRBD2-1*2"	"TCRBJ2-7*1"	46	55	67	71	9	4	NA	NA	"CCTGCAGAGCTTGGGGACTCGGCCGTGTATCTCTGTGCCAGCAGCTCCCCCGTGGCTAGCGGGAGGGCCATGCAGTACTTCGGGCCG"	FALSE	TRUE	NA	NA	NA	NA
"CTGGAGGATTCTGGAGTTTATTTCTGTGCCAGCAGCCAAGATTGGAGAGGGCAGCCAACCAGCTGGGGTGAGCAGTTCTTCGGGCCA"	"CASSQDWRGQPTSWGEQFF"	"CTGGAGGATTCTGGAGTTTATTTCTGTGCCAGCAGCCAAGATTGGAGAGGGCAGCCAACCAGCTGGGGTGAGCAGTTCTTCGGGCCA"	"CASSQDWRGQPTSWGEQFF"	"TCRBV14-1*1"	"TCRBD2-1*2"	"TCRBJ2-1*1"	41	46	51	68	5	17	NA	NA	"CTGGAGGATTCTGGAGTTTATTTCTGTGCCAGCAGCCAAGATTGGAGAGGGCAGCCAACCAGCTGGGGTGAGCAGTTCTTCGGGCCA"	FALSE	TRUE	NA	NA	NA	NA
"AGAACCCAGGGACTCAGCTGTGTATTTTTGTGCTAGTGGTTTGGTACGCCTCGACAGGGGTGCAATTCACCCCTCCACTTTGGGAAT"	""	"AGAACCCAGGGACTCAGCTGTGTATTTTTGTGCTAGTGGTTTGGTACGCCTCGACAGGGGTGCAATTCACCCCTCCACTTTGGGAAT"	""	"TCRBV12-5*1"	"TCRBD1-1*1"	"TCRBJ1-6*1"	45	52	60	63	7	3	NA	NA	"AGAACCCAGGGACTCAGCTGTGTATTTTTGTGCTAGTGGTTTGGTACGCCTCGACAGGGGTGCAATTCACCCCTCCACTTTGGGAAT"	FALSE	FALSE	NA	NA	NA	NA
"ATTCTCCCTGTCCCTAGAGTCTGCCATCCCCAACCAGACAGCTCTTTACTTCTATCGAGGTTTCAAGAGACCCAGTACTTCGGGCCA"	""	"ATTCTCCCTGTCCCTAGAGTCTGCCATCCCCAACCAGACAGCTCTTTACTTCTATCGAGGTTTCAAGAGACCCAGTACTTCGGGCCA"	""	"TCRBV24-1*1"	"TCRBD2-1*2"	"TCRBJ2-5*1"	53	56	60	63	3	3	NA	NA	"ATTCTCCCTGTCCCTAGAGTCTGCCATCCCCAACCAGACAGCTCTTTACTTCTATCGAGGTTTCAAGAGACCCAGTACTTCGGGCCA"	FALSE	FALSE	NA	NA	NA	NA
"ACGCCCTGCAGCCAGAAGACTCAGCCCTGTATCTCTGCGCCAGCAGAACCGGACAGGGCCCCCGGTGGGCCCCAGCATTTTGGTGAT"	""	"ACGCCCTGCAGCCAGAAGACTCAGCCCTGTATCTCTGCGCCAGCAGAACCGGACAGGGCCCCCGGTGGGCCCCAGCATTTTGGTGAT"	""	"TCRBV4-1*1"	"TCRBD1-1*1"	"TCRBJ1-5*1"	46	50	58	68	4	10	NA	NA	"ACGCCCTGCAGCCAGAAGACTCAGCCCTGTATCTCTGCGCCAGCAGAACCGGACAGGGCCCCCGGTGGGCCCCAGCATTTTGGTGAT"	FALSE	FALSE	NA	NA	NA	NA
"AGCTCTCTGGAGCTGGGGGACTCAGCTTTGTATTTCTGTGCCAGCAGCGCCGTTCCGGGTAGCACCTACGAGCAGTACTTCGGGCCG"	"CASSAVPGSTYEQYF"	"AGCTCTCTGGAGCTGGGGGACTCAGCTTTGTATTTCTGTGCCAGCAGCGCCGTTCCGGGTAGCACCTACGAGCAGTACTTCGGGCCG"	"CASSAVPGSTYEQYF"	"TCRBV9-1*1"	"TCRBD2-1"	"TCRBJ2-7*1"	49	59	63	64	10	1	NA	NA	"AGCTCTCTGGAGCTGGGGGACTCAGCTTTGTATTTCTGTGCCAGCAGCGCCGTTCCGGGTAGCACCTACGAGCAGTACTTCGGGCCG"	FALSE	TRUE	NA	NA	NA	NA
"NNNNNNNNNNNNNTGTCGGCTGCTCCCTCCCAGACATCTGTGTACTTCTGTGCCAGCAGTTCTGGGGGGCCCTACACCTTCGGTTCG"	"CASSSGGPYTF"	"NNNNNNNNNNNNNTGTCGGCTGCTCCCTCCCAGACATCTGTGTACTTCTGTGCCAGCAGTTCTGGGGGGCCCTACACCTTCGGTTCG"	"CASSSGGPYTF"	"TCRBV6-5*1"	NA	"TCRBJ1-2*1"	61	64	70	71	3	1	NA	NA	"NNNNNNNNNNNNNTGTCGGCTGCTCCCTCCCAGACATCTGTGTACTTCTGTGCCAGCAGTTCTGGGGGGCCCTACACCTTCGGTTCG"	FALSE	TRUE	NA	NA	NA	NA
"AAGATCCAGCCCTCAGAACCCAGGGACTCAGCTGTGTACTTCTGTGCCAGCACACAGGGGTTTACAGATACGCAGTATTTTGGCCCA"	"CASTQGFTDTQYF"	"AAGATCCAGCCCTCAGAACCCAGGGACTCAGCTGTGTACTTCTGTGCCAGCACACAGGGGTTTACAGATACGCAGTATTTTGGCCCA"	"CASTQGFTDTQYF"	"TCRBV12-3/12-4*1"	"TCRBD1-1*1"	"TCRBJ2-3*1"	52	53	60	63	1	3	NA	NA	"AAGATCCAGCCCTCAGAACCCAGGGACTCAGCTGTGTACTTCTGTGCCAGCACACAGGGGTTTACAGATACGCAGTATTTTGGCCCA"	FALSE	TRUE	NA	NA	NA	NA
"AAGATCCAGCCTGCAGAGCTTGGGGACTCGGCCGTGTATCTCTGTGCCAGCAGCTCGACAGGGAACACTGAAGCTTTCTTTGGACAA"	"CASSSTGNTEAFF"	"AAGATCCAGCCTGCAGAGCTTGGGGACTCGGCCGTGTATCTCTGTGCCAGCAGCTCGACAGGGAACACTGAAGCTTTCTTTGGACAA"	"CASSSTGNTEAFF"	"TCRBV11-3*1"	"TCRBD1-1*1"	"TCRBJ1-1*1"	55	56	-1	62	1	63	NA	NA	"AAGATCCAGCCTGCAGAGCTTGGGGACTCGGCCGTGTATCTCTGTGCCAGCAGCTCGACAGGGAACACTGAAGCTTTCTTTGGACAA"	FALSE	TRUE	NA	NA	NA	NA
"CAGCGCACAGAGCAGGGGGACTCGGCCATGTATCTCTGTGCCAGCAGCTCCCCGGGACAGTTTGCCTATGGCTACACCTTCGGTTCG"	"CASSSPGQFAYGYTF"	"CAGCGCACAGAGCAGGGGGACTCGGCCATGTATCTCTGTGCCAGCAGCTCCCCGGGACAGTTTGCCTATGGCTACACCTTCGGTTCG"	"CASSSPGQFAYGYTF"	"TCRBV7-9*1"	"TCRBD1-1*1"	"TCRBJ1-2*1"	49	53	60	65	4	5	NA	NA	"CAGCGCACAGAGCAGGGGGACTCGGCCATGTATCTCTGTGCCAGCAGCTCCCCGGGACAGTTTGCCTATGGCTACACCTTCGGTTCG"	FALSE	TRUE	NA	NA	NA	NA
"TCGGCTGCTCCCTCCCAGACATCTGTGTACTTCTGTGCCAGCAGTTCCCGGGGCCAGGGTTTCCATCAGCCCCAGCATTTTGGTGAT"	"CASSSRGQGFHQPQHF"	"TCGGCTGCTCCCTCCCAGACATCTGTGTACTTCTGTGCCAGCAGTTCCCGGGGCCAGGGTTTCCATCAGCCCCAGCATTTTGGTGAT"	"CASSSRGQGFHQPQHF"	"TCRBV6-5*1"	NA	"TCRBJ1-5*1"	46	54	59	64	8	5	NA	NA	"TCGGCTGCTCCCTCCCAGACATCTGTGTACTTCTGTGCCAGCAGTTCCCGGGGCCAGGGTTTCCATCAGCCCCAGCATTTTGGTGAT"	FALSE	TRUE	NA	NA	NA	NA
"CGGTCCACAAAGCTGGAGGACTCAGCCATGTACTTCTGTGCCAGCATGAGGACTAGCGGGAGGTCCTACGAGCAGTACTTCGGGCCG"	"CASMRTSGRSYEQYF"	"CGGTCCACAAAGCTGGAGGACTCAGCCATGTACTTCTGTGCCAGCATGAGGACTAGCGGGAGGTCCTACGAGCAGTACTTCGGGCCG"	"CASMRTSGRSYEQYF"	"TCRBV2-1"	"TCRBD2-1*2"	"TCRBJ2-7*1"	46	49	-1	63	3	64	NA	NA	"CGGTCCACAAAGCTGGAGGACTCAGCCATGTACTTCTGTGCCAGCATGAGGACTAGCGGGAGGTCCTACGAGCAGTACTTCGGGCCG"	FALSE	TRUE	NA	NA	NA	NA
"TCGCCCAGCCCCAACCAGACCTCTCTGTACTTCTGTGCCAGCAACCTTAGGGCGAGCGGGAGGTCCTACGAGCAGTACTTCGGGCCG"	"CASNLRASGRSYEQYF"	"TCGCCCAGCCCCAACCAGACCTCTCTGTACTTCTGTGCCAGCAACCTTAGGGCGAGCGGGAGGTCCTACGAGCAGTACTTCGGGCCG"	"CASNLRASGRSYEQYF"	"TCRBV27-1*1"	"TCRBD2-1*2"	"TCRBJ2-7*1"	43	54	-1	63	11	64	NA	NA	"TCGCCCAGCCCCAACCAGACCTCTCTGTACTTCTGTGCCAGCAACCTTAGGGCGAGCGGGAGGTCCTACGAGCAGTACTTCGGGCCG"	FALSE	TRUE	NA	NA	NA	NA
"AACATGAGCCCTGAAGACAGCAGCATATATCTCTGCAGCGTTGCCGGGGGAAGAGGGCTTGGGGCCAACGTCCTGACTTTCGGGGCC"	"CSVAGGRGLGANVLTF"	"AACATGAGCCCTGAAGACAGCAGCATATATCTCTGCAGCGTTGCCGGGGGAAGAGGGCTTGGGGCCAACGTCCTGACTTTCGGGGCC"	"CSVAGGRGLGANVLTF"	"TCRBV29-1"	"TCRBD2-1*1"	"TCRBJ2-6*1"	43	44	50	59	1	9	NA	NA	"AACATGAGCCCTGAAGACAGCAGCATATATCTCTGCAGCGTTGCCGGGGGAAGAGGGCTTGGGGCCAACGTCCTGACTTTCGGGGCC"	FALSE	TRUE	NA	NA	NA	NA
"TCTAAGAAGCTCCTTCTCAGTGACTCTGGCTTCTATCTCTGTGCCTGGAGTATCTTGGGACCCAACTACGAGCAGTACTTCGGGCCG"	"CAWSILGPNYEQYF"	"TCTAAGAAGCTCCTTCTCAGTGACTCTGGCTTCTATCTCTGTGCCTGGAGTATCTTGGGACCCAACTACGAGCAGTACTTCGGGCCG"	"CAWSILGPNYEQYF"	"TCRBV3-1*1"	NA	"TCRBJ2-7*1"	51	56	61	65	5	4	NA	NA	"TCTAAGAAGCTCCTTCTCAGTGACTCTGGCTTCTATCTCTGTGCCTGGAGTATCTTGGGACCCAACTACGAGCAGTACTTCGGGCCG"	FALSE	TRUE	NA	NA	NA	NA
"CTTGACATCCGCTCACCAGGCCTGGGGGACGCAGCCATGTACCTGTGTGCCACCAGCAGAGTTAATTCACCCCTCCACTTTGGGAAT"	"CATSRVNSPLHF"	"CTTGACATCCGCTCACCAGGCCTGGGGGACGCAGCCATGTACCTGTGTGCCACCAGCAGAGTTAATTCACCCCTCCACTTTGGGAAT"	"CATSRVNSPLHF"	"TCRBV15-1*2"	NA	"TCRBJ1-6*1"	-1	-1	61	62	0	1	NA	NA	"CTTGACATCCGCTCACCAGGCCTGGGGGACGCAGCCATGTACCTGTGTGCCACCAGCAGAGTTAATTCACCCCTCCACTTTGGGAAT"	FALSE	TRUE	NA	NA	NA	NA
"AATGTGAGCACCTTGGAGCTGGGGGACTCGGCCCTTTATCTTTGCGCCAGCAGCTTAGGGACGACCAATGAGCAGTTCTTCGGGCCA"	"CASSLGTTNEQFF"	"AATGTGAGCACCTTGGAGCTGGGGGACTCGGCCCTTTATCTTTGCGCCAGCAGCTTAGGGACGACCAATGAGCAGTTCTTCGGGCCA"	"CASSLGTTNEQFF"	"TCRBV5-1*1"	NA	"TCRBJ2-1*1"	56	57	62	65	1	3	NA	NA	"AATGTGAGCACCTTGGAGCTGGGGGACTCGGCCCTTTATCTTTGCGCCAGCAGCTTAGGGACGACCAATGAGCAGTTCTTCGGGCCA"	FALSE	TRUE	NA	NA	NA	NA
"GTGAGCACCTTGGAGCTGGGGGACTCGGCCCTTTATCTTTGCGCCAGCAGCTTAACTCTGGGCACCGGGGAGCTGTTTTTTGGAGAA"	"CASSLTLGTGELFF"	"GTGAGCACCTTGGAGCTGGGGGACTCGGCCCTTTATCTTTGCGCCAGCAGCTTAACTCTGGGCACCGGGGAGCTGTTTTTTGGAGAA"	"CASSLTLGTGELFF"	"TCRBV5-1*1"	NA	"TCRBJ2-2*1"	53	59	-1	62	6	63	NA	NA	"GTGAGCACCTTGGAGCTGGGGGACTCGGCCCTTTATCTTTGCGCCAGCAGCTTAACTCTGGGCACCGGGGAGCTGTTTTTTGGAGAA"	FALSE	TRUE	NA	NA	NA	NA
"TCCACGGAGTCAGGGGACACAGCACTGTATTTCTGTGCCAGCAGCAAAGAGGACTAGCGATCGGGAGAGACCCAGTACTTCGGGCCA"	"CASSKED*RSGETQYF"	"TCCACGGAGTCAGGGGACACAGCACTGTATTTCTGTGCCAGCAGCAAAGAGGACTAGCGATCGGGAGAGACCCAGTACTTCGGGCCA"	"CASSKED*RSGETQYF"	"TCRBV21-1*1"	"TCRBD2-1"	"TCRBJ2-5*1"	49	50	59	65	1	6	NA	NA	"TCCACGGAGTCAGGGGACACAGCACTGTATTTCTGTGCCAGCAGCAAAGAGGACTAGCGATCGGGAGAGACCCAGTACTTCGGGCCA"	FALSE	TRUE	NA	NA	NA	NA
"TGTCGGCTGCTCCCTCCCAGACATCTGTGTACTTCTGTGCCAGCAGTAAGGGACTAGCGGGAAGCCTACGAGCAGTACTTCGGGCCG"	""	"TGTCGGCTGCTCCCTCCCAGACATCTGTGTACTTCTGTGCCAGCAGTAAGGGACTAGCGGGAAGCCTACGAGCAGTACTTCGGGCCG"	""	"TCRBV6-5*1"	"TCRBD2-1*2"	"TCRBJ2-7*1"	47	49	62	64	2	2	NA	NA	"TGTCGGCTGCTCCCTCCCAGACATCTGTGTACTTCTGTGCCAGCAGTAAGGGACTAGCGGGAAGCCTACGAGCAGTACTTCGGGCCG"	FALSE	FALSE	NA	NA	NA	NA
"CAGCGCACACAGCAGGAGGACTCCGCCGTGTATCTCTGTGCCAGCAGCCCCTCGGGGAGCTCCTACAATGAGCAGTTCTTCGGGCCA"	"CASSPSGSSYNEQFF"	"CAGCGCACACAGCAGGAGGACTCCGCCGTGTATCTCTGTGCCAGCAGCCCCTCGGGGAGCTCCTACAATGAGCAGTTCTTCGGGCCA"	"CASSPSGSSYNEQFF"	"TCRBV7-8*3"	"TCRBD2-1"	"TCRBJ2-1*1"	49	52	57	59	3	2	NA	NA	"CAGCGCACACAGCAGGAGGACTCCGCCGTGTATCTCTGTGCCAGCAGCCCCTCGGGGAGCTCCTACAATGAGCAGTTCTTCGGGCCA"	FALSE	TRUE	NA	NA	NA	NA
"GTCCTCAGAACCGGGAGACACGGCACTGTATCTCTGCGCCAGAGGAGAGGGACTCCCCTGCAAGGATACGAGCAGTACTTCGGGCCG"	""	"GTCCTCAGAACCGGGAGACACGGCACTGTATCTCTGCGCCAGAGGAGAGGGACTCCCCTGCAAGGATACGAGCAGTACTTCGGGCCG"	""	"TCRBV23-1*1"	"TCRBD2-1"	"TCRBJ2-7*1"	42	48	54	66	6	12	NA	NA	"GTCCTCAGAACCGGGAGACACGGCACTGTATCTCTGCGCCAGAGGAGAGGGACTCCCCTGCAAGGATACGAGCAGTACTTCGGGCCG"	FALSE	FALSE	NA	NA	NA	NA
"ACTGTGAGCAACATGAGCCCTGAAGACAGCAGCATATATCTCTGCAGCGTTGAAGCTAGTCGGGACTCACCGCGGTATTTTGGCCCA"	"CSVEASRDSPRYF"	"ACTGTGAGCAACATGAGCCCTGAAGACAGCAGCATATATCTCTGCAGCGTTGAAGCTAGTCGGGACTCACCGCGGTATTTTGGCCCA"	"CSVEASRDSPRYF"	"TCRBV29-1"	"TCRBD2-1"	"TCRBJ2-3*1"	55	61	67	74	6	7	NA	NA	"ACTGTGAGCAACATGAGCCCTGAAGACAGCAGCATATATCTCTGCAGCGTTGAAGCTAGTCGGGACTCACCGCGGTATTTTGGCCCA"	FALSE	TRUE	NA	NA	NA	NA
"ACAGTGACCAGTGCCCATCCTGAAGACAGCAGCTTCTACATCTGCAGTGCCCACTCTCGCGGGAGGGGGGAGCAGTACTTCGGGCCG"	"CSAHSRGRGEQYF"	"ACAGTGACCAGTGCCCATCCTGAAGACAGCAGCTTCTACATCTGCAGTGCCCACTCTCGCGGGAGGGGGGAGCAGTACTTCGGGCCG"	"CSAHSRGRGEQYF"	NA	"TCRBD2-1*2"	"TCRBJ2-7*1"	50	58	67	69	8	2	NA	NA	"ACAGTGACCAGTGCCCATCCTGAAGACAGCAGCTTCTACATCTGCAGTGCCCACTCTCGCGGGAGGGGGGAGCAGTACTTCGGGCCG"	FALSE	TRUE	NA	NA	NA	NA
"TCTCTGGAGCTGGGGGACTCAGCTTTGTATTTCTGTGCCAGCAGCGTAGAGGGGTGGGGACCGATCTATGGCTACACCTTCGGTTCG"	"CASSVEGWGPIYGYTF"	"TCTCTGGAGCTGGGGGACTCAGCTTTGTATTTCTGTGCCAGCAGCGTAGAGGGGTGGGGACCGATCTATGGCTACACCTTCGGTTCG"	"CASSVEGWGPIYGYTF"	"TCRBV9-1*1"	NA	"TCRBJ1-2*1"	49	56	61	65	7	4	NA	NA	"TCTCTGGAGCTGGGGGACTCAGCTTTGTATTTCTGTGCCAGCAGCGTAGAGGGGTGGGGACCGATCTATGGCTACACCTTCGGTTCG"	FALSE	TRUE	NA	NA	NA	NA
"AACCTGAGCTCTCTGGAGCTGGGGGACTCAGCTTTGTATTTCTGTGCCAGCAGCGTCGGGGACAATCAGCCCCAGCATTTTGGTGAT"	"CASSVGDNQPQHF"	"AACCTGAGCTCTCTGGAGCTGGGGGACTCAGCTTTGTATTTCTGTGCCAGCAGCGTCGGGGACAATCAGCCCCAGCATTTTGGTGAT"	"CASSVGDNQPQHF"	"TCRBV9-1*1"	"TCRBD2-1*1"	"TCRBJ1-5*1"	-1	56	61	62	57	1	NA	NA	"AACCTGAGCTCTCTGGAGCTGGGGGACTCAGCTTTGTATTTCTGTGCCAGCAGCGTCGGGGACAATCAGCCCCAGCATTTTGGTGAT"	FALSE	TRUE	NA	NA	NA	NA
"NTGTCGGCTGCTCCCTCCCAGACATCTGTGTACTTCTGTGCCAGCAGGGGAAGTACAGGGTTGGGGGCTGAAGCTTTCTTTGGACAA"	"CASRGSTGLGAEAFF"	"NTGTCGGCTGCTCCCTCCCAGACATCTGTGTACTTCTGTGCCAGCAGGGGAAGTACAGGGTTGGGGGCTGAAGCTTTCTTTGGACAA"	"CASRGSTGLGAEAFF"	"TCRBV6-5*1"	"TCRBD1-1*1"	"TCRBJ1-1*1"	47	54	60	67	7	7	NA	NA	"NTGTCGGCTGCTCCCTCCCAGACATCTGTGTACTTCTGTGCCAGCAGGGGAAGTACAGGGTTGGGGGCTGAAGCTTTCTTTGGACAA"	FALSE	TRUE	NA	NA	NA	NA
"TCAGAACCCAGGGACTCAGCTGTGTATTTTTGTGCTAGTGGTTTGAGGGCTAGCGGGACCATGTCCTACGAGCAGTACTTCGGGCCG"	"CASGLRASGTMSYEQYF"	"TCAGAACCCAGGGACTCAGCTGTGTATTTTTGTGCTAGTGGTTTGAGGGCTAGCGGGACCATGTCCTACGAGCAGTACTTCGGGCCG"	"CASGLRASGTMSYEQYF"	"TCRBV12-5*1"	"TCRBD2-1*2"	"TCRBJ2-7*1"	45	49	58	63	4	5	NA	NA	"TCAGAACCCAGGGACTCAGCTGTGTATTTTTGTGCTAGTGGTTTGAGGGCTAGCGGGACCATGTCCTACGAGCAGTACTTCGGGCCG"	FALSE	TRUE	NA	NA	NA	NA
"CTAGAGTCTGCCATCCCCAACCAGACAGCTCTTTACTTCTGTGCCACCAGTGGAGCGGTTAGCACAGATACGCAGTATTTTGGCCCA"	"CATSGAVSTDTQYF"	"CTAGAGTCTGCCATCCCCAACCAGACAGCTCTTTACTTCTGTGCCACCAGTGGAGCGGTTAGCACAGATACGCAGTATTTTGGCCCA"	"CATSGAVSTDTQYF"	"TCRBV24-1*1"	"TCRBD2-1"	"TCRBJ2-3*1"	52	53	58	60	1	2	NA	NA	"CTAGAGTCTGCCATCCCCAACCAGACAGCTCTTTACTTCTGTGCCACCAGTGGAGCGGTTAGCACAGATACGCAGTATTTTGGCCCA"	FALSE	TRUE	NA	NA	NA	NA
"TGGAGTCGCCCAGCCCCAACCAGACCTCTCTGTACTTCTGTGCCAGCAGTTTAGGGGGAGCTGAACACTGAAGCTTTCTTTGGACAA"	""	"TGGAGTCGCCCAGCCCCAACCAGACCTCTCTGTACTTCTGTGCCAGCAGTTTAGGGGGAGCTGAACACTGAAGCTTTCTTTGGACAA"	""	"TCRBV27-1*1"	NA	"TCRBJ1-1*1"	-1	53	58	61	54	3	NA	NA	"TGGAGTCGCCCAGCCCCAACCAGACCTCTCTGTACTTCTGTGCCAGCAGTTTAGGGGGAGCTGAACACTGAAGCTTTCTTTGGACAA"	FALSE	FALSE	NA	NA	NA	NA
"CAGCGCACAGAGCAGGGGGACTCGGCCATGTATCTCTGTGCCAGCAGACCCGGGACACTCTCCTACAATGAGCAGTTCTTCGGGCCA"	"CASRPGTLSYNEQFF"	"CAGCGCACAGAGCAGGGGGACTCGGCCATGTATCTCTGTGCCAGCAGACCCGGGACACTCTCCTACAATGAGCAGTTCTTCGGGCCA"	"CASRPGTLSYNEQFF"	"TCRBV7-9*1"	"TCRBD1-1*1"	"TCRBJ2-1*1"	47	51	57	59	4	2	NA	NA	"CAGCGCACAGAGCAGGGGGACTCGGCCATGTATCTCTGTGCCAGCAGACCCGGGACACTCTCCTACAATGAGCAGTTCTTCGGGCCA"	FALSE	TRUE	NA	NA	NA	NA
"CCAGCACCAACCAGACATCTATGTACCTCTGTGCCAGCGCCCGCCCGTAAACGACAGGATTGATACAATGAGCAGTTCTTCGGGCCA"	""	"CCAGCACCAACCAGACATCTATGTACCTCTGTGCCAGCGCCCGCCCGTAAACGACAGGATTGATACAATGAGCAGTTCTTCGGGCCA"	""	"TCRBV28-1*1"	"TCRBD1-1*1"	"TCRBJ2-1*1"	38	52	58	63	14	5	NA	NA	"CCAGCACCAACCAGACATCTATGTACCTCTGTGCCAGCGCCCGCCCGTAAACGACAGGATTGATACAATGAGCAGTTCTTCGGGCCA"	FALSE	FALSE	NA	NA	NA	NA
"TCGGCCCAAAAGAACCCGACAGCTTTCTATCTCTGTGCCACAAAAAGGGGAGCGGCCTGGCGCACCGGGGAGCTGTTTTTTGGAGAA"	"CATKRGAAWRTGELFF"	"TCGGCCCAAAAGAACCCGACAGCTTTCTATCTCTGTGCCACAAAAAGGGGAGCGGCCTGGCGCACCGGGGAGCTGTTTTTTGGAGAA"	"CATKRGAAWRTGELFF"	"TCRBV19-1*1"	NA	"TCRBJ2-2*1"	40	45	50	62	5	12	NA	NA	"TCGGCCCAAAAGAACCCGACAGCTTTCTATCTCTGTGCCACAAAAAGGGGAGCGGCCTGGCGCACCGGGGAGCTGTTTTTTGGAGAA"	FALSE	TRUE	NA	NA	NA	NA
"NTGTCGGCTGCTCCCTCCCAGACATCTGTGTACTTCTGTGCCAGCAGTTACTCGAGGTTGAGTGGCAATGAGCAGTTCTTCGGGCCA"	"CASSYSRLSGNEQFF"	"NTGTCGGCTGCTCCCTCCCAGACATCTGTGTACTTCTGTGCCAGCAGTTACTCGAGGTTGAGTGGCAATGAGCAGTTCTTCGGGCCA"	"CASSYSRLSGNEQFF"	"TCRBV6-5*1"	"TCRBD2-1*2"	"TCRBJ2-1*1"	-1	53	57	65	54	8	NA	NA	"NTGTCGGCTGCTCCCTCCCAGACATCTGTGTACTTCTGTGCCAGCAGTTACTCGAGGTTGAGTGGCAATGAGCAGTTCTTCGGGCCA"	FALSE	TRUE	NA	NA	NA	NA
"TCCTTGGAGCTGGGGGACTCAGCCCTGTACTTCTGTGCCAGCAGCCTAGCGGGACGGATGCTATACAATGAGCAGTTCTTCGGGCCA"	"CASSLAGRMLYNEQFF"	"TCCTTGGAGCTGGGGGACTCAGCCCTGTACTTCTGTGCCAGCAGCCTAGCGGGACGGATGCTATACAATGAGCAGTTCTTCGGGCCA"	"CASSLAGRMLYNEQFF"	"TCRBV13-1*1"	NA	"TCRBJ2-1*1"	49	50	55	63	1	8	NA	NA	"TCCTTGGAGCTGGGGGACTCAGCCCTGTACTTCTGTGCCAGCAGCCTAGCGGGACGGATGCTATACAATGAGCAGTTCTTCGGGCCA"	FALSE	TRUE	NA	NA	NA	NA
"CTGGAGTCCGCCAGCACCAACCAGACATCTATGTACCTCTGTGCCATCTATCTAGCGGCCCTGGGGGAGACCCAGTACTTCGGGCCA"	"CAIYLAALGETQYF"	"CTGGAGTCCGCCAGCACCAACCAGACATCTATGTACCTCTGTGCCATCTATCTAGCGGCCCTGGGGGAGACCCAGTACTTCGGGCCA"	"CAIYLAALGETQYF"	"TCRBV28-1*1"	"TCRBD2-1"	"TCRBJ2-5*1"	46	51	58	66	5	8	NA	NA	"CTGGAGTCCGCCAGCACCAACCAGACATCTATGTACCTCTGTGCCATCTATCTAGCGGCCCTGGGGGAGACCCAGTACTTCGGGCCA"	FALSE	TRUE	NA	NA	NA	NA
"ACGATTCAGCGCACAGAGCAGCGGGACTCGGCCATGTATCGCTGTGCCAGCAGTGGGGTGGGGTTCCAGCCCCAGCATTTTGGTGAT"	"CASSGVGFQPQHF"	"ACGATTCAGCGCACAGAGCAGCGGGACTCGGCCATGTATCGCTGTGCCAGCAGTGGGGTGGGGTTCCAGCCCCAGCATTTTGGTGAT"	"CASSGVGFQPQHF"	NA	NA	"TCRBJ1-5*1"	53	54	58	66	1	8	NA	NA	"ACGATTCAGCGCACAGAGCAGCGGGACTCGGCCATGTATCGCTGTGCCAGCAGTGGGGTGGGGTTCCAGCCCCAGCATTTTGGTGAT"	FALSE	TRUE	NA	NA	NA	NA
"ATCCAGTCCACGGAGTCAGGGGACACAGCACTGTATTTCTGTGCCAACTCGATCGGGACACCTAATGAAAAACTGTTTTTTGGCAGT"	"CANSIGTPNEKLFF"	"ATCCAGTCCACGGAGTCAGGGGACACAGCACTGTATTTCTGTGCCAACTCGATCGGGACACCTAATGAAAAACTGTTTTTTGGCAGT"	"CANSIGTPNEKLFF"	"TCRBV21-1*1"	"TCRBD1-1*1"	"TCRBJ1-4*1"	46	54	60	61	8	1	NA	NA	"ATCCAGTCCACGGAGTCAGGGGACACAGCACTGTATTTCTGTGCCAACTCGATCGGGACACCTAATGAAAAACTGTTTTTTGGCAGT"	FALSE	TRUE	NA	NA	NA	NA
"ATCCAGCCCTCAGAACCCAGGGACTCAGCTGTGTACTTCTGTGCCAGCAGCATAAAGGGTAGCCAAGAGACCCAGTACTTCGGGCCA"	"CASSIKGSQETQYF"	"ATCCAGCCCTCAGAACCCAGGGACTCAGCTGTGTACTTCTGTGCCAGCAGCATAAAGGGTAGCCAAGAGACCCAGTACTTCGGGCCA"	"CASSIKGSQETQYF"	NA	NA	"TCRBJ2-5*1"	50	55	59	62	5	3	NA	NA	"ATCCAGCCCTCAGAACCCAGGGACTCAGCTGTGTACTTCTGTGCCAGCAGCATAAAGGGTAGCCAAGAGACCCAGTACTTCGGGCCA"	FALSE	TRUE	NA	NA	NA	NA
"AGATCCAGCCTGCAAAGCTTGAGGACTCGGCCGTGTATCTCTGTGCCAGCAGCTCGCCCCCCAAATCAGCCCCAGCATTTTGGTGAT"	""	"AGATCCAGCCTGCAAAGCTTGAGGACTCGGCCGTGTATCTCTGTGCCAGCAGCTCGCCCCCCAAATCAGCCCCAGCATTTTGGTGAT"	""	"TCRBV11-2*1"	NA	"TCRBJ1-5*1"	54	61	-1	63	7	64	NA	NA	"AGATCCAGCCTGCAAAGCTTGAGGACTCGGCCGTGTATCTCTGTGCCAGCAGCTCGCCCCCCAAATCAGCCCCAGCATTTTGGTGAT"	FALSE	FALSE	NA	NA	NA	NA
"CAGCCCTCAGAACCCAGGGACTCAGCTGTGTACTTCTGTGCCAGCAGGCCCCATCGACAGGGGCCGTATGGCTACACCTTCGGTTCG"	"CASRPHRQGPYGYTF"	"CAGCCCTCAGAACCCAGGGACTCAGCTGTGTACTTCTGTGCCAGCAGGCCCCATCGACAGGGGCCGTATGGCTACACCTTCGGTTCG"	"CASRPHRQGPYGYTF"	NA	"TCRBD1-1*1"	"TCRBJ1-2*1"	47	55	63	66	8	3	NA	NA	"CAGCCCTCAGAACCCAGGGACTCAGCTGTGTACTTCTGTGCCAGCAGGCCCCATCGACAGGGGCCGTATGGCTACACCTTCGGTTCG"	FALSE	TRUE	NA	NA	NA	NA
"CAGCCCTCAGAACCCAGGGACTCAGCTGTGTACTTCTGTGCCAGCAGTTTAGGTCTAGCGGGAGGGTACGAGCAGTACTTCGGGCCG"	"CASSLGLAGGYEQYF"	"CAGCCCTCAGAACCCAGGGACTCAGCTGTGTACTTCTGTGCCAGCAGTTTAGGTCTAGCGGGAGGGTACGAGCAGTACTTCGGGCCG"	"CASSLGLAGGYEQYF"	NA	"TCRBD2-1*2"	"TCRBJ2-7*1"	52	54	-1	66	2	67	NA	NA	"CAGCCCTCAGAACCCAGGGACTCAGCTGTGTACTTCTGTGCCAGCAGTTTAGGTCTAGCGGGAGGGTACGAGCAGTACTTCGGGCCG"	FALSE	TRUE	NA	NA	NA	NA
"CACACAGCAGGAGGACTCCGCCGTGTATCTCTGTGCCAGCAGCTTAGGCTATGCCGGGACTAGTGTGGCGGAGCTGTTTTTGGAGAA"	""	"CACACAGCAGGAGGACTCCGCCGTGTATCTCTGTGCCAGCAGCTTAGGCTATGCCGGGACTAGTGTGGCGGAGCTGTTTTTGGAGAA"	""	"TCRBV7-8*1"	"TCRBD2-1"	"TCRBJ2-2*1"	47	55	63	76	8	13	NA	NA	"CACACAGCAGGAGGACTCCGCCGTGTATCTCTGTGCCAGCAGCTTAGGCTATGCCGGGACTAGTGTGGCGGAGCTGTTTTTGGAGAA"	FALSE	FALSE	NA	NA	NA	NA
"CGGTCCACAAAGCTGGAGGACTCAGCCATGTACTTCTGTGCCAGCAGTGCGGCTAGCGGGAGTGGGGATGAGCAGTTCTTCGGGCCA"	"CASSAASGSGDEQFF"	"CGGTCCACAAAGCTGGAGGACTCAGCCATGTACTTCTGTGCCAGCAGTGCGGCTAGCGGGAGTGGGGATGAGCAGTTCTTCGGGCCA"	"CASSAASGSGDEQFF"	"TCRBV2-1"	"TCRBD2-1*2"	"TCRBJ2-1*1"	49	52	62	67	3	5	NA	NA	"CGGTCCACAAAGCTGGAGGACTCAGCCATGTACTTCTGTGCCAGCAGTGCGGCTAGCGGGAGTGGGGATGAGCAGTTCTTCGGGCCA"	FALSE	TRUE	NA	NA	NA	NA
"CAGCCCTCAGAACCCAGGGACTCAGCTGTGTACTTCTGTGCCAGCTGCCCCTCGGGCGGGAGGTTCCTTGAGCAGTTCTTCGGGCCA"	"CASCPSGGRFLEQFF"	"CAGCCCTCAGAACCCAGGGACTCAGCTGTGTACTTCTGTGCCAGCTGCCCCTCGGGCGGGAGGTTCCTTGAGCAGTTCTTCGGGCCA"	"CASCPSGGRFLEQFF"	NA	"TCRBD2-1*2"	"TCRBJ2-1*1"	45	55	63	68	10	5	NA	NA	"CAGCCCTCAGAACCCAGGGACTCAGCTGTGTACTTCTGTGCCAGCTGCCCCTCGGGCGGGAGGTTCCTTGAGCAGTTCTTCGGGCCA"	FALSE	TRUE	NA	NA	NA	NA
"CCTACACACCCTGCAGCCAGAAGACTCGGCCCTGTATCTCTGTGCCAGCAGCCAAGAAAGGAGGCAGCCGAAGCTTTCTTTGGACAA"	""	"CCTACACACCCTGCAGCCAGAAGACTCGGCCCTGTATCTCTGTGCCAGCAGCCAAGAAAGGAGGCAGCCGAAGCTTTCTTTGGACAA"	""	"TCRBV4-2*1"	"TCRBD2-1*2"	"TCRBJ1-1*1"	57	59	64	69	2	5	NA	NA	"CCTACACACCCTGCAGCCAGAAGACTCGGCCCTGTATCTCTGTGCCAGCAGCCAAGAAAGGAGGCAGCCGAAGCTTTCTTTGGACAA"	FALSE	FALSE	NA	NA	NA	NA
"CCCCTCACTCTGGAGTCAGCTACCCGCTCCCAGACATCTGTGTATTTCTGCGCCAGCAGTGAGACTTTAAAGCAGTTCTTCGGGCCA"	"CASSETLKQFF"	"CCCCTCACTCTGGAGTCAGCTACCCGCTCCCAGACATCTGTGTATTTCTGCGCCAGCAGTGAGACTTTAAAGCAGTTCTTCGGGCCA"	"CASSETLKQFF"	"TCRBV1-2*1"	"TCRBD2-1"	"TCRBJ2-1*1"	-1	63	66	70	64	4	NA	NA	"CCCCTCACTCTGGAGTCAGCTACCCGCTCCCAGACATCTGTGTATTTCTGCGCCAGCAGTGAGACTTTAAAGCAGTTCTTCGGGCCA"	FALSE	TRUE	NA	NA	NA	NA
"CCTGGCAATCCTGTCCTCAGAACCGGGAGACACGGCACTGTATCTCTGCGCCAAGGACAGGGTAGCACTGAAGCTTTCTTTGGACAA"	""	"CCTGGCAATCCTGTCCTCAGAACCGGGAGACACGGCACTGTATCTCTGCGCCAAGGACAGGGTAGCACTGAAGCTTTCTTTGGACAA"	""	"TCRBV23-1*1"	"TCRBD1-1*1"	"TCRBJ1-1*1"	53	54	62	65	1	3	NA	NA	"CCTGGCAATCCTGTCCTCAGAACCGGGAGACACGGCACTGTATCTCTGCGCCAAGGACAGGGTAGCACTGAAGCTTTCTTTGGACAA"	FALSE	FALSE	NA	NA	NA	NA
"CTTGACATCCGCTCACCAGGCCTGGGGGACGCAGCCATGTACCTGTGTGCCACCAGCATTTCCGTCAATGAGCAGTTCTTCGGGCCA"	"CATSISVNEQFF"	"CTTGACATCCGCTCACCAGGCCTGGGGGACGCAGCCATGTACCTGTGTGCCACCAGCATTTCCGTCAATGAGCAGTTCTTCGGGCCA"	"CATSISVNEQFF"	"TCRBV15-1*2"	"TCRBD2-1"	"TCRBJ2-1*1"	58	62	64	65	4	1	NA	NA	"CTTGACATCCGCTCACCAGGCCTGGGGGACGCAGCCATGTACCTGTGTGCCACCAGCATTTCCGTCAATGAGCAGTTCTTCGGGCCA"	FALSE	TRUE	NA	NA	NA	NA
"NNNNTGAAGATCCAGCCCTCAGAACCCAGGGACTCAGCTGTGTACTTCTGTGCCAGCAGTTCCGAGGAGGGCTACACCTTCGGTTCG"	"CASSSEEGYTF"	"NNNNTGAAGATCCAGCCCTCAGAACCCAGGGACTCAGCTGTGTACTTCTGTGCCAGCAGTTCCGAGGAGGGCTACACCTTCGGTTCG"	"CASSSEEGYTF"	"TCRBV12-3/12-4*1"	"TCRBD2-1*2"	"TCRBJ1-2*1"	61	65	-1	69	4	70	NA	NA	"NNNNTGAAGATCCAGCCCTCAGAACCCAGGGACTCAGCTGTGTACTTCTGTGCCAGCAGTTCCGAGGAGGGCTACACCTTCGGTTCG"	FALSE	TRUE	NA	NA	NA	NA
"ACCTTGGAGATCCAGCGCACAGAGCAGGGGGACTCGGCCATGTATCTCTGTGCCAGCAGCTTAGTGGTTGAAGCTTTCTTTGGACAA"	"CASSLVVEAFF"	"ACCTTGGAGATCCAGCGCACAGAGCAGGGGGACTCGGCCATGTATCTCTGTGCCAGCAGCTTAGTGGTTGAAGCTTTCTTTGGACAA"	"CASSLVVEAFF"	"TCRBV7-9*1"	NA	"TCRBJ1-1*1"	64	65	67	68	1	1	NA	NA	"ACCTTGGAGATCCAGCGCACAGAGCAGGGGGACTCGGCCATGTATCTCTGTGCCAGCAGCTTAGTGGTTGAAGCTTTCTTTGGACAA"	FALSE	TRUE	NA	NA	NA	NA
"CAGACCTCTCTGTACTTCTGTGCCAGCAGTTTATCCTCATCCATCTAAGGGACAGGGGAGGCCAAAAACATTCAGTACTTCGGCGCC"	"CASSLSSSI*GTGEAKNIQYF"	"CAGACCTCTCTGTACTTCTGTGCCAGCAGTTTATCCTCATCCATCTAAGGGACAGGGGAGGCCAAAAACATTCAGTACTTCGGCGCC"	"CASSLSSSI*GTGEAKNIQYF"	"TCRBV27-1*1"	"TCRBD1-1*1"	"TCRBJ2-4*1"	35	48	58	60	13	2	NA	NA	"CAGACCTCTCTGTACTTCTGTGCCAGCAGTTTATCCTCATCCATCTAAGGGACAGGGGAGGCCAAAAACATTCAGTACTTCGGCGCC"	FALSE	TRUE	NA	NA	NA	NA
"GCCCATCCTGAAGACAGCAGCTTCTACATCTGCAGTGCTAGGACACCACAGGGGGAAGTAATCCCCTACGAGCAGTACTTCGGGCCG"	"CSARTPQGEVIPYEQYF"	"GCCCATCCTGAAGACAGCAGCTTCTACATCTGCAGTGCTAGGACACCACAGGGGGAAGTAATCCCCTACGAGCAGTACTTCGGGCCG"	"CSARTPQGEVIPYEQYF"	NA	"TCRBD1-1*1"	"TCRBJ2-7*1"	41	47	55	64	6	9	NA	NA	"GCCCATCCTGAAGACAGCAGCTTCTACATCTGCAGTGCTAGGACACCACAGGGGGAAGTAATCCCCTACGAGCAGTACTTCGGGCCG"	FALSE	TRUE	NA	NA	NA	NA
"CACAAAGCTGGAGGACTCAGCCATGTACTTCTGTGCCAGCAGTGAGTCACTCAGGGTTCCGGCGTCCATGAGCAGTTCTTCGGGCCA"	""	"CACAAAGCTGGAGGACTCAGCCATGTACTTCTGTGCCAGCAGTGAGTCACTCAGGGTTCCGGCGTCCATGAGCAGTTCTTCGGGCCA"	""	"TCRBV2-1"	"TCRBD1-1*1"	"TCRBJ2-1*1"	45	51	56	67	6	11	NA	NA	"CACAAAGCTGGAGGACTCAGCCATGTACTTCTGTGCCAGCAGTGAGTCACTCAGGGTTCCGGCGTCCATGAGCAGTTCTTCGGGCCA"	FALSE	FALSE	NA	NA	NA	NA
"ACATCGGCCCAAAAGAACCCGACAGCTTTCTATCTCTGTGCCAGTATCGCTGGACAGGGTATTAGTGAGCCCCAGCATTTTGGTGAT"	"CASIAGQGISEPQHF"	"ACATCGGCCCAAAAGAACCCGACAGCTTTCTATCTCTGTGCCAGTATCGCTGGACAGGGTATTAGTGAGCCCCAGCATTTTGGTGAT"	"CASIAGQGISEPQHF"	"TCRBV19-1*1"	"TCRBD1-1*1"	"TCRBJ1-5*1"	46	51	59	67	5	8	NA	NA	"ACATCGGCCCAAAAGAACCCGACAGCTTTCTATCTCTGTGCCAGTATCGCTGGACAGGGTATTAGTGAGCCCCAGCATTTTGGTGAT"	FALSE	TRUE	NA	NA	NA	NA
"GATCCAGCGCACACAGCAGGAGGACTCGGCCGTGTATCTCTGTGCCAGCAGCTTAAGGGAAACACCGGGGAGCTGTTTTTTGGAGAA"	""	"GATCCAGCGCACACAGCAGGAGGACTCGGCCGTGTATCTCTGTGCCAGCAGCTTAAGGGAAACACCGGGGAGCTGTTTTTTGGAGAA"	""	"TCRBV7-2"	NA	"TCRBJ2-2*1"	55	56	-1	60	1	61	NA	NA	"GATCCAGCGCACACAGCAGGAGGACTCGGCCGTGTATCTCTGTGCCAGCAGCTTAAGGGAAACACCGGGGAGCTGTTTTTTGGAGAA"	FALSE	FALSE	NA	NA	NA	NA
"ACGATCCAGCGCACACAGCAGGAGGACTCGGCCGTGTATCTCTGTGCCAGCAGCTTAGTGGTAGGCACTGAAGCTTTCTTTGGACAA"	"CASSLVVGTEAFF"	"ACGATCCAGCGCACACAGCAGGAGGACTCGGCCGTGTATCTCTGTGCCAGCAGCTTAGTGGTAGGCACTGAAGCTTTCTTTGGACAA"	"CASSLVVGTEAFF"	"TCRBV7-2"	NA	"TCRBJ1-1*1"	58	62	-1	65	4	66	NA	NA	"ACGATCCAGCGCACACAGCAGGAGGACTCGGCCGTGTATCTCTGTGCCAGCAGCTTAGTGGTAGGCACTGAAGCTTTCTTTGGACAA"	FALSE	TRUE	NA	NA	NA	NA
"TCGGCTGCTCCCTCCCAGACATCTGTGTACTTCTGTGCCAGCAGTGACTGAGCTCCCCAGAGCTCCTACGAGCAGTACTTCGGGCCG"	"CASSD*APQSSYEQYF"	"TCGGCTGCTCCCTCCCAGACATCTGTGTACTTCTGTGCCAGCAGTGACTGAGCTCCCCAGAGCTCCTACGAGCAGTACTTCGGGCCG"	"CASSD*APQSSYEQYF"	"TCRBV6-1*1"	NA	"TCRBJ2-7*1"	47	57	60	62	10	2	NA	NA	"TCGGCTGCTCCCTCCCAGACATCTGTGTACTTCTGTGCCAGCAGTGACTGAGCTCCCCAGAGCTCCTACGAGCAGTACTTCGGGCCG"	FALSE	TRUE	NA	NA	NA	NA
"GTGAACGCCTTGTTGCTGGGGGACTCGGCCCTCTATCTCTGTGCCAGCAGCTTGGCAGGGGCCCAAGAGACCCAGTACTTCGGGCCA"	"CASSLAGAQETQYF"	"GTGAACGCCTTGTTGCTGGGGGACTCGGCCCTCTATCTCTGTGCCAGCAGCTTGGCAGGGGCCCAAGAGACCCAGTACTTCGGGCCA"	"CASSLAGAQETQYF"	"TCRBV5-6*1"	"TCRBD1-1*1"	"TCRBJ2-5*1"	-1	55	61	62	56	1	NA	NA	"GTGAACGCCTTGTTGCTGGGGGACTCGGCCCTCTATCTCTGTGCCAGCAGCTTGGCAGGGGCCCAAGAGACCCAGTACTTCGGGCCA"	FALSE	TRUE	NA	NA	NA	NA
"GAAGATCCAGCCCTCAGAACCCAGGGACTCAGCTGTGTACTTCTGTGCCAGCAGGTGACACAGGGCACTGAAGCTTTCTTTGGACAA"	""	"GAAGATCCAGCCCTCAGAACCCAGGGACTCAGCTGTGTACTTCTGTGCCAGCAGGTGACACAGGGCACTGAAGCTTTCTTTGGACAA"	""	"TCRBV12-3/12-4*1"	"TCRBD1-1*1"	"TCRBJ1-1*1"	54	59	-1	65	5	66	NA	NA	"GAAGATCCAGCCCTCAGAACCCAGGGACTCAGCTGTGTACTTCTGTGCCAGCAGGTGACACAGGGCACTGAAGCTTTCTTTGGACAA"	FALSE	FALSE	NA	NA	NA	NA
"TCTCTGGAGCTGGGGGACTCAGCTTTGTATTTCTGTGCCAGCAGCCTGCCGAGCGGGAGCTCCTACAATGAGCAGTTCTTCGGGCCA"	"CASSLPSGSSYNEQFF"	"TCTCTGGAGCTGGGGGACTCAGCTTTGTATTTCTGTGCCAGCAGCCTGCCGAGCGGGAGCTCCTACAATGAGCAGTTCTTCGGGCCA"	"CASSLPSGSSYNEQFF"	"TCRBV9-1*1"	"TCRBD2-1*2"	"TCRBJ2-1*1"	45	51	-1	59	6	60	NA	NA	"TCTCTGGAGCTGGGGGACTCAGCTTTGTATTTCTGTGCCAGCAGCCTGCCGAGCGGGAGCTCCTACAATGAGCAGTTCTTCGGGCCA"	FALSE	TRUE	NA	NA	NA	NA
"ATTCAGCGCACAGAGCAGGAGGACTCGGCCGTGTATCTCTGTGCCAGCAGCTCCGGACCGGGTCCTGATACGCAGTATTTTGGCCCA"	"CASSSGPGPDTQYF"	"ATTCAGCGCACAGAGCAGGAGGACTCGGCCGTGTATCTCTGTGCCAGCAGCTCCGGACCGGGTCCTGATACGCAGTATTTTGGCCCA"	"CASSSGPGPDTQYF"	"TCRBV7-2"	NA	"TCRBJ2-3*1"	52	54	58	66	2	8	NA	NA	"ATTCAGCGCACAGAGCAGGAGGACTCGGCCGTGTATCTCTGTGCCAGCAGCTCCGGACCGGGTCCTGATACGCAGTATTTTGGCCCA"	FALSE	TRUE	NA	NA	NA	NA
"CTGGAGTCCGCTACCAGCTCCCAGACATCTGTGTACTTCTGTGCCATCAGTGAGGAGGGGGCGTTTCGCGGCTACACCTTCGGTTCG"	"CAISEEGAFRGYTF"	"CTGGAGTCCGCTACCAGCTCCCAGACATCTGTGTACTTCTGTGCCATCAGTGAGGAGGGGGCGTTTCGCGGCTACACCTTCGGTTCG"	"CAISEEGAFRGYTF"	"TCRBV1-3*1"	"TCRBD1-1*1"	"TCRBJ1-2*1"	54	55	62	69	1	7	NA	NA	"CTGGAGTCCGCTACCAGCTCCCAGACATCTGTGTACTTCTGTGCCATCAGTGAGGAGGGGGCGTTTCGCGGCTACACCTTCGGTTCG"	FALSE	TRUE	NA	NA	NA	NA
"GCGTCTGCTGTACCCTCTCAGACATCTGTGTACTTCTGTGCCAGCAGTGAACTAGCGGAGGCCGCCGGGGAGCTGTTTTTTGGAGAA"	"CASSELAEAAGELFF"	"GCGTCTGCTGTACCCTCTCAGACATCTGTGTACTTCTGTGCCAGCAGTGAACTAGCGGAGGCCGCCGGGGAGCTGTTTTTTGGAGAA"	"CASSELAEAAGELFF"	"TCRBV6-4*1"	"TCRBD2-1"	"TCRBJ2-2*1"	-1	50	58	64	51	6	NA	NA	"GCGTCTGCTGTACCCTCTCAGACATCTGTGTACTTCTGTGCCAGCAGTGAACTAGCGGAGGCCGCCGGGGAGCTGTTTTTTGGAGAA"	FALSE	TRUE	NA	NA	NA	NA
"CCTGCAGAGCTTGGGGACTCGGCCGTGTATCTCTGTGCCAGCAGCTCTCGGACTAGCGGGAGAACAGATACGCAGTATTTTGGCCCA"	"CASSSRTSGRTDTQYF"	"CCTGCAGAGCTTGGGGACTCGGCCGTGTATCTCTGTGCCAGCAGCTCTCGGACTAGCGGGAGAACAGATACGCAGTATTTTGGCCCA"	"CASSSRTSGRTDTQYF"	"TCRBV11-3*1"	"TCRBD2-1*2"	"TCRBJ2-3*1"	46	49	62	63	3	1	NA	NA	"CCTGCAGAGCTTGGGGACTCGGCCGTGTATCTCTGTGCCAGCAGCTCTCGGACTAGCGGGAGAACAGATACGCAGTATTTTGGCCCA"	FALSE	TRUE	NA	NA	NA	NA
"GCCATCCCCAACCAGACAGCTCTTTACTTCTGTGCCACCAGTGACCCCGGACAGGGGGAGATCTCAGATACGCAGTATTTTGGCCCA"	"CATSDPGQGEISDTQYF"	"GCCATCCCCAACCAGACAGCTCTTTACTTCTGTGCCACCAGTGACCCCGGACAGGGGGAGATCTCAGATACGCAGTATTTTGGCCCA"	"CATSDPGQGEISDTQYF"	"TCRBV24-1*1"	"TCRBD1-1*1"	"TCRBJ2-3*1"	44	48	58	64	4	6	NA	NA	"GCCATCCCCAACCAGACAGCTCTTTACTTCTGTGCCACCAGTGACCCCGGACAGGGGGAGATCTCAGATACGCAGTATTTTGGCCCA"	FALSE	TRUE	NA	NA	NA	NA
"CCCTGGAGTCTGCCAGGCCCTCACATACCTCTCAGTACCTCTGTGCCAGCAGAACCTTCCCTGTCCAATGAGCAGTTCTTCGGGCCA"	""	"CCCTGGAGTCTGCCAGGCCCTCACATACCTCTCAGTACCTCTGTGCCAGCAGAACCTTCCCTGTCCAATGAGCAGTTCTTCGGGCCA"	""	"TCRBV25-1*1"	NA	"TCRBJ2-1*1"	52	53	55	65	1	10	NA	NA	"CCCTGGAGTCTGCCAGGCCCTCACATACCTCTCAGTACCTCTGTGCCAGCAGAACCTTCCCTGTCCAATGAGCAGTTCTTCGGGCCA"	FALSE	FALSE	NA	NA	NA	NA
"GTGAGCAACATGAGCCCTGAAGACAGCAGCATATATCTCTGCAGCGCGGTTGGCCAGGGGGCTGCCGGGGAGCTGTTTTTTGGAGAA"	"CSAVGQGAAGELFF"	"GTGAGCAACATGAGCCCTGAAGACAGCAGCATATATCTCTGCAGCGCGGTTGGCCAGGGGGCTGCCGGGGAGCTGTTTTTTGGAGAA"	"CSAVGQGAAGELFF"	"TCRBV29-1*3"	"TCRBD1-1*1"	"TCRBJ2-2*1"	49	54	62	64	5	2	NA	NA	"GTGAGCAACATGAGCCCTGAAGACAGCAGCATATATCTCTGCAGCGCGGTTGGCCAGGGGGCTGCCGGGGAGCTGTTTTTTGGAGAA"	FALSE	TRUE	NA	NA	NA	NA
"ACCAGTGCCCATCCTGAAGACAGCAGCTTCTACATCTGCAGTGCCAGCGGAAGTAGCGGGAGTGGGGGTGAGCAGTTCTTCGGGCCA"	"CSASGSSGSGGEQFF"	"ACCAGTGCCCATCCTGAAGACAGCAGCTTCTACATCTGCAGTGCCAGCGGAAGTAGCGGGAGTGGGGGTGAGCAGTTCTTCGGGCCA"	"CSASGSSGSGGEQFF"	NA	"TCRBD2-1*2"	"TCRBJ2-1*1"	44	53	62	68	9	6	NA	NA	"ACCAGTGCCCATCCTGAAGACAGCAGCTTCTACATCTGCAGTGCCAGCGGAAGTAGCGGGAGTGGGGGTGAGCAGTTCTTCGGGCCA"	FALSE	TRUE	NA	NA	NA	NA
"ACAGTGACCAGTGCCCATCCTGAAGACAGCAGCTTCTACATCTGCAGTGCTAAACAGCGGGAGTTTAATGAGCAGTTCTTCGGGCCA"	"CSAKQREFNEQFF"	"ACAGTGACCAGTGCCCATCCTGAAGACAGCAGCTTCTACATCTGCAGTGCTAAACAGCGGGAGTTTAATGAGCAGTTCTTCGGGCCA"	"CSAKQREFNEQFF"	NA	"TCRBD2-1*2"	"TCRBJ2-1*1"	52	55	63	66	3	3	NA	NA	"ACAGTGACCAGTGCCCATCCTGAAGACAGCAGCTTCTACATCTGCAGTGCTAAACAGCGGGAGTTTAATGAGCAGTTCTTCGGGCCA"	FALSE	TRUE	NA	NA	NA	NA
"ACTGTGAGCAACATGAGCCCTGAAGACAGCAGCATATATCTCTGCAGCGGCCGAGGGGGGGGTAATGAAAAACTGTTTTTTGGCAGT"	"CSGRGGGNEKLFF"	"ACTGTGAGCAACATGAGCCCTGAAGACAGCAGCATATATCTCTGCAGCGGCCGAGGGGGGGGTAATGAAAAACTGTTTTTTGGCAGT"	"CSGRGGGNEKLFF"	"TCRBV29-1"	"TCRBD2-1*1"	"TCRBJ1-4*1"	49	54	61	62	5	1	NA	NA	"ACTGTGAGCAACATGAGCCCTGAAGACAGCAGCATATATCTCTGCAGCGGCCGAGGGGGGGGTAATGAAAAACTGTTTTTTGGCAGT"	FALSE	TRUE	NA	NA	NA	NA
"CAGCGCACAGAGCAGCGGGACTCGGCCATGTATCGCTGTGCCAGCAGCTTAATCAGCGGGAGGGCCGATGAGCAGTTCTTCGGGCCA"	"CASSLISGRADEQFF"	"CAGCGCACAGAGCAGCGGGACTCGGCCATGTATCGCTGTGCCAGCAGCTTAATCAGCGGGAGGGCCGATGAGCAGTTCTTCGGGCCA"	"CASSLISGRADEQFF"	"TCRBV7-6*1"	"TCRBD2-1*2"	"TCRBJ2-1*1"	51	54	64	67	3	3	NA	NA	"CAGCGCACAGAGCAGCGGGACTCGGCCATGTATCGCTGTGCCAGCAGCTTAATCAGCGGGAGGGCCGATGAGCAGTTCTTCGGGCCA"	FALSE	TRUE	NA	NA	NA	NA
"AACCTGAGCTCTCTGGAGCTGGGGGACTCAGCTTTGTATTTCTGTGCCAGCAGCGTAGTGCCTTTCTACGAGCAGTACTTCGGGCCG"	"CASSVVPFYEQYF"	"AACCTGAGCTCTCTGGAGCTGGGGGACTCAGCTTTGTATTTCTGTGCCAGCAGCGTAGTGCCTTTCTACGAGCAGTACTTCGGGCCG"	"CASSVVPFYEQYF"	"TCRBV9-1*1"	NA	"TCRBJ2-7*1"	58	59	61	65	1	4	NA	NA	"AACCTGAGCTCTCTGGAGCTGGGGGACTCAGCTTTGTATTTCTGTGCCAGCAGCGTAGTGCCTTTCTACGAGCAGTACTTCGGGCCG"	FALSE	TRUE	NA	NA	NA	NA
"GTGACCAGTGCCCATCCTGAAGACAGCAGCTTCTACATCTGCAGTGCTAGCGGACAGACGAGCTCCTACGAGCAGTACTTCGGGCCG"	"CSASGQTSSYEQYF"	"GTGACCAGTGCCCATCCTGAAGACAGCAGCTTCTACATCTGCAGTGCTAGCGGACAGACGAGCTCCTACGAGCAGTACTTCGGGCCG"	"CSASGQTSSYEQYF"	NA	"TCRBD1-1*1"	"TCRBJ2-7*1"	50	51	57	62	1	5	NA	NA	"GTGACCAGTGCCCATCCTGAAGACAGCAGCTTCTACATCTGCAGTGCTAGCGGACAGACGAGCTCCTACGAGCAGTACTTCGGGCCG"	FALSE	TRUE	NA	NA	NA	NA
"ACGATCCAGCGCACACAGCAGGAGGACTCGGCCGTGTATCTCTGTGCCAGCAGCCGATCCATATTCTACGAGCAGTACTTCGGGCCG"	"CASSRSIFYEQYF"	"ACGATCCAGCGCACACAGCAGGAGGACTCGGCCGTGTATCTCTGTGCCAGCAGCCGATCCATATTCTACGAGCAGTACTTCGGGCCG"	"CASSRSIFYEQYF"	"TCRBV7-2"	NA	"TCRBJ2-7*1"	54	55	57	65	1	8	NA	NA	"ACGATCCAGCGCACACAGCAGGAGGACTCGGCCGTGTATCTCTGTGCCAGCAGCCGATCCATATTCTACGAGCAGTACTTCGGGCCG"	FALSE	TRUE	NA	NA	NA	NA
"GATTCAGCGCACAGAGCAGGAGGACTCGGCCGTGTATCTCTGTGCCAGACCCAGTTGGGGGTTTGGAAGACCCAGTACTTCGGGCCA"	""	"GATTCAGCGCACAGAGCAGGAGGACTCGGCCGTGTATCTCTGTGCCAGACCCAGTTGGGGGTTTGGAAGACCCAGTACTTCGGGCCA"	""	"TCRBV7-2"	NA	"TCRBJ2-5*1"	48	56	61	67	8	6	NA	NA	"GATTCAGCGCACAGAGCAGGAGGACTCGGCCGTGTATCTCTGTGCCAGACCCAGTTGGGGGTTTGGAAGACCCAGTACTTCGGGCCA"	FALSE	FALSE	NA	NA	NA	NA
"ACCAGTGCCCATCCTGAAGACAGCAGCTTCTACATCTGCAGTGCTAGAGGCGGGAGCTCCTATAATTCACCCCTCCACTTTGGGAAT"	"CSARGGSSYNSPLHF"	"ACCAGTGCCCATCCTGAAGACAGCAGCTTCTACATCTGCAGTGCTAGAGGCGGGAGCTCCTATAATTCACCCCTCCACTTTGGGAAT"	"CSARGGSSYNSPLHF"	NA	"TCRBD2-1*2"	"TCRBJ1-6*1"	-1	49	-1	56	50	57	NA	NA	"ACCAGTGCCCATCCTGAAGACAGCAGCTTCTACATCTGCAGTGCTAGAGGCGGGAGCTCCTATAATTCACCCCTCCACTTTGGGAAT"	FALSE	TRUE	NA	NA	NA	NA
"GTGACATCGGCCCAAAAGAACCCGACAGCTTTCTATCTCTGTGCCAGTCATCAGGGGGAGATCACCGGGGAGCTGTTTTTTGGAGAA"	"CASHQGEITGELFF"	"GTGACATCGGCCCAAAAGAACCCGACAGCTTTCTATCTCTGTGCCAGTCATCAGGGGGAGATCACCGGGGAGCTGTTTTTTGGAGAA"	"CASHQGEITGELFF"	"TCRBV19-1*1"	"TCRBD1-1*1"	"TCRBJ2-2*1"	48	51	58	62	3	4	NA	NA	"GTGACATCGGCCCAAAAGAACCCGACAGCTTTCTATCTCTGTGCCAGTCATCAGGGGGAGATCACCGGGGAGCTGTTTTTTGGAGAA"	FALSE	TRUE	NA	NA	NA	NA
"GAGTCGCCCAGCCCCAACCAGACCTCTCTGTACTTCTGTGCCAGCAGCTTGGGACTAGCGGGAAGGAATGAGCAGTTCTTCGGGCCA"	"CASSLGLAGRNEQFF"	"GAGTCGCCCAGCCCCAACCAGACCTCTCTGTACTTCTGTGCCAGCAGCTTGGGACTAGCGGGAAGGAATGAGCAGTTCTTCGGGCCA"	"CASSLGLAGRNEQFF"	"TCRBV27-1*1"	"TCRBD2-1*2"	"TCRBJ2-1*1"	47	50	63	66	3	3	NA	NA	"GAGTCGCCCAGCCCCAACCAGACCTCTCTGTACTTCTGTGCCAGCAGCTTGGGACTAGCGGGAAGGAATGAGCAGTTCTTCGGGCCA"	FALSE	TRUE	NA	NA	NA	NA
"AGCTCTCTGGAGCTGGGGGACTCAGCTTTGTATTTCTGTGCCAGCAGCACAAGGACAGGAATTAACACTGAAGCTTTCTTTGGACAA"	"CASSTRTGINTEAFF"	"AGCTCTCTGGAGCTGGGGGACTCAGCTTTGTATTTCTGTGCCAGCAGCACAAGGACAGGAATTAACACTGAAGCTTTCTTTGGACAA"	"CASSTRTGINTEAFF"	"TCRBV9-1*1"	"TCRBD1-1*1"	"TCRBJ1-1*1"	48	52	59	63	4	4	NA	NA	"AGCTCTCTGGAGCTGGGGGACTCAGCTTTGTATTTCTGTGCCAGCAGCACAAGGACAGGAATTAACACTGAAGCTTTCTTTGGACAA"	FALSE	TRUE	NA	NA	NA	NA
"CTGAATGTGAACGCCTTGGAGCTGGAGGACTCGGCCCTGTATCTCTGTGCCAGCAGCTTGCTTCGACGGGACCAGTTCTTCGGGCCA"	"CASSLLRRDQFF"	"CTGAATGTGAACGCCTTGGAGCTGGAGGACTCGGCCCTGTATCTCTGTGCCAGCAGCTTGCTTCGACGGGACCAGTTCTTCGGGCCA"	"CASSLLRRDQFF"	"TCRBV5-8*1"	NA	"TCRBJ2-1*1"	60	67	-1	72	7	73	NA	NA	"CTGAATGTGAACGCCTTGGAGCTGGAGGACTCGGCCCTGTATCTCTGTGCCAGCAGCTTGCTTCGACGGGACCAGTTCTTCGGGCCA"	FALSE	TRUE	NA	NA	NA	NA
"AGCGGGGGGACTCAGCCGTGTATCTCTGTGCCAGCATCCCCCAGGACTAGCGGCCCGAGCTCCTACAATGAGCAGTTCTTCGGGCCA"	""	"AGCGGGGGGACTCAGCCGTGTATCTCTGTGCCAGCATCCCCCAGGACTAGCGGCCCGAGCTCCTACAATGAGCAGTTCTTCGGGCCA"	""	"TCRBV7-3*1"	"TCRBD2-1"	"TCRBJ2-1*1"	36	43	53	59	7	6	NA	NA	"AGCGGGGGGACTCAGCCGTGTATCTCTGTGCCAGCATCCCCCAGGACTAGCGGCCCGAGCTCCTACAATGAGCAGTTCTTCGGGCCA"	FALSE	FALSE	NA	NA	NA	NA
"ACCAGCTCCCAGACATCTGTGTACTTCTGTGCCATCAGTGAGTCGATGATCGTACAGGGTACTAACTATGGCTACACCTTCGGTTCG"	"CAISESMIVQGTNYGYTF"	"ACCAGCTCCCAGACATCTGTGTACTTCTGTGCCATCAGTGAGTCGATGATCGTACAGGGTACTAACTATGGCTACACCTTCGGTTCG"	"CAISESMIVQGTNYGYTF"	"TCRBV1-3*1"	"TCRBD1-1*1"	"TCRBJ1-2*1"	44	53	59	61	9	2	NA	NA	"ACCAGCTCCCAGACATCTGTGTACTTCTGTGCCATCAGTGAGTCGATGATCGTACAGGGTACTAACTATGGCTACACCTTCGGTTCG"	FALSE	TRUE	NA	NA	NA	NA
"GAGTCAGCTACCCGCTCCCAGACATCTGTGTATTTCTGCGCCAGCAGTGAGTCCAGCGGGATCTACAATGAGCAGTTCTTCGGGCCA"	"CASSESSGIYNEQFF"	"GAGTCAGCTACCCGCTCCCAGACATCTGTGTATTTCTGCGCCAGCAGTGAGTCCAGCGGGATCTACAATGAGCAGTTCTTCGGGCCA"	"CASSESSGIYNEQFF"	"TCRBV1-2*1"	"TCRBD2-1*2"	"TCRBJ2-1*1"	53	54	61	62	1	1	NA	NA	"GAGTCAGCTACCCGCTCCCAGACATCTGTGTATTTCTGCGCCAGCAGTGAGTCCAGCGGGATCTACAATGAGCAGTTCTTCGGGCCA"	FALSE	TRUE	NA	NA	NA	NA
"CAGTGACCAGTGCCCATCCTGAAGACAGCAGCTTCTACATCTGCAGTGCTAGAGGCGGGAGGGCCGGAGACCCAGTACTTCGGGCCA"	""	"CAGTGACCAGTGCCCATCCTGAAGACAGCAGCTTCTACATCTGCAGTGCTAGAGGCGGGAGGGCCGGAGACCCAGTACTTCGGGCCA"	""	NA	"TCRBD2-1*2"	"TCRBJ2-5*1"	-1	54	63	66	55	3	NA	NA	"CAGTGACCAGTGCCCATCCTGAAGACAGCAGCTTCTACATCTGCAGTGCTAGAGGCGGGAGGGCCGGAGACCCAGTACTTCGGGCCA"	FALSE	FALSE	NA	NA	NA	NA
"NTGAAGATCCAGCCCTCAGAACCCAGGGACTCAGCTGTGTATTTTTGTGCTAGTGGTCCGGGGAGGAGTGAGCAGTTCTTCGGGCCA"	"CASGPGRSEQFF"	"NTGAAGATCCAGCCCTCAGAACCCAGGGACTCAGCTGTGTATTTTTGTGCTAGTGGTCCGGGGAGGAGTGAGCAGTTCTTCGGGCCA"	"CASGPGRSEQFF"	"TCRBV12-5*1"	"TCRBD2-1*2"	"TCRBJ2-1*1"	57	60	66	68	3	2	NA	NA	"NTGAAGATCCAGCCCTCAGAACCCAGGGACTCAGCTGTGTATTTTTGTGCTAGTGGTCCGGGGAGGAGTGAGCAGTTCTTCGGGCCA"	FALSE	TRUE	NA	NA	NA	NA
"ATTCAGCGCACAGAGCAGGAGGACTCGGCCGTGTATCTCTGTGCCAGCAGCAGCCGACAGGGGATCGGCATTCAGTACTTCGGCGCC"	"CASSSRQGIGIQYF"	"ATTCAGCGCACAGAGCAGGAGGACTCGGCCGTGTATCTCTGTGCCAGCAGCAGCCGACAGGGGATCGGCATTCAGTACTTCGGCGCC"	"CASSSRQGIGIQYF"	"TCRBV7-2"	"TCRBD1-1*1"	"TCRBJ2-4*1"	51	55	63	68	4	5	NA	NA	"ATTCAGCGCACAGAGCAGGAGGACTCGGCCGTGTATCTCTGTGCCAGCAGCAGCCGACAGGGGATCGGCATTCAGTACTTCGGCGCC"	FALSE	TRUE	NA	NA	NA	NA
"ATCAATTCCCTGGAGCTTGGTGACTCTGCTGTGTATTTCTGTGCCAGCAGCCTTGCTAGTACTAACACTGAAGCTTTCTTTGGACAA"	"CASSLASTNTEAFF"	"ATCAATTCCCTGGAGCTTGGTGACTCTGCTGTGTATTTCTGTGCCAGCAGCCTTGCTAGTACTAACACTGAAGCTTTCTTTGGACAA"	"CASSLASTNTEAFF"	"TCRBV3-1/3-2*1"	"TCRBD2-1"	"TCRBJ1-1*1"	52	55	59	63	3	4	NA	NA	"ATCAATTCCCTGGAGCTTGGTGACTCTGCTGTGTATTTCTGTGCCAGCAGCCTTGCTAGTACTAACACTGAAGCTTTCTTTGGACAA"	FALSE	TRUE	NA	NA	NA	NA
"CAGCGCACAGAGCAGGAGGACTCGGCCGTGTATCTCTGTGCCAGCAGCTCACCGGACAGGGGCGCAAGTGAGCAGTTCTTCGGGCCA"	"CASSSPDRGASEQFF"	"CAGCGCACAGAGCAGGAGGACTCGGCCGTGTATCTCTGTGCCAGCAGCTCACCGGACAGGGGCGCAAGTGAGCAGTTCTTCGGGCCA"	"CASSSPDRGASEQFF"	"TCRBV7-2"	"TCRBD1-1*1"	"TCRBJ2-1*1"	49	53	62	68	4	6	NA	NA	"CAGCGCACAGAGCAGGAGGACTCGGCCGTGTATCTCTGTGCCAGCAGCTCACCGGACAGGGGCGCAAGTGAGCAGTTCTTCGGGCCA"	FALSE	TRUE	NA	NA	NA	NA
"ACAGAGCAGGGGGACTCGGCCATGTATCTCTGTGCCAGCAGCTCGGGACAGGCTAGCTCCTATAATTCACCCCTCCACTTTGGGAAT"	"CASSSGQASSYNSPLHF"	"ACAGAGCAGGGGGACTCGGCCATGTATCTCTGTGCCAGCAGCTCGGGACAGGCTAGCTCCTATAATTCACCCCTCCACTTTGGGAAT"	"CASSSGQASSYNSPLHF"	"TCRBV7-9*1"	"TCRBD1-1*1"	"TCRBJ1-6*1"	43	44	52	56	1	4	NA	NA	"ACAGAGCAGGGGGACTCGGCCATGTATCTCTGTGCCAGCAGCTCGGGACAGGCTAGCTCCTATAATTCACCCCTCCACTTTGGGAAT"	FALSE	TRUE	NA	NA	NA	NA
"CCAGCGCACAGAGCAGGAGGACTCGGCCGTGTATCTCTGTGCCAGCAGCTACTAGCGGGGAATCGGGACGAGCAGTACTTCGGGCCG"	""	"CCAGCGCACAGAGCAGGAGGACTCGGCCGTGTATCTCTGTGCCAGCAGCTACTAGCGGGGAATCGGGACGAGCAGTACTTCGGGCCG"	""	"TCRBV7-2"	"TCRBD2-1*1"	"TCRBJ2-7*1"	-1	50	60	67	51	7	NA	NA	"CCAGCGCACAGAGCAGGAGGACTCGGCCGTGTATCTCTGTGCCAGCAGCTACTAGCGGGGAATCGGGACGAGCAGTACTTCGGGCCG"	FALSE	FALSE	NA	NA	NA	NA
"ACCTTGGAGATCCAGCGCACAGAGCAGGGGGACTCGGCCATGTATCTCTGTGCCAGCAGCTTATTAGATACGCAGTATTTTGGCCCA"	"CASSLLDTQYF"	"ACCTTGGAGATCCAGCGCACAGAGCAGGGGGACTCGGCCATGTATCTCTGTGCCAGCAGCTTATTAGATACGCAGTATTTTGGCCCA"	"CASSLLDTQYF"	"TCRBV7-9*1"	NA	"TCRBJ2-3*1"	-1	-1	63	65	0	2	NA	NA	"ACCTTGGAGATCCAGCGCACAGAGCAGGGGGACTCGGCCATGTATCTCTGTGCCAGCAGCTTATTAGATACGCAGTATTTTGGCCCA"	FALSE	TRUE	NA	NA	NA	NA
"GTCCACAAAGCTGGAGGACTCAGCCATGTACTTCTGTGCCAGCAGTGACGACCGGGTCTTCGTAATTCACCCCTCCACTTTGGGAAT"	""	"GTCCACAAAGCTGGAGGACTCAGCCATGTACTTCTGTGCCAGCAGTGACGACCGGGTCTTCGTAATTCACCCCTCCACTTTGGGAAT"	""	"TCRBV2-1"	"TCRBD2-1"	"TCRBJ1-6*1"	48	52	56	62	4	6	NA	NA	"GTCCACAAAGCTGGAGGACTCAGCCATGTACTTCTGTGCCAGCAGTGACGACCGGGTCTTCGTAATTCACCCCTCCACTTTGGGAAT"	FALSE	FALSE	NA	NA	NA	NA
"CTCCTTCTCAGTGACTCTGGCTTCTATCTCTGTGCCTGATTACTGTTAACTACTTATTCCTAATCCACTGAAGCTTTCTTTGGACAA"	"CA*LLLTTYS*STEAFF"	"CTCCTTCTCAGTGACTCTGGCTTCTATCTCTGTGCCTGATTACTGTTAACTACTTATTCCTAATCCACTGAAGCTTTCTTTGGACAA"	"CA*LLLTTYS*STEAFF"	"TCRBV3-1"	"TCRBD2-1"	"TCRBJ1-1*1"	38	48	52	65	10	13	NA	NA	"CTCCTTCTCAGTGACTCTGGCTTCTATCTCTGTGCCTGATTACTGTTAACTACTTATTCCTAATCCACTGAAGCTTTCTTTGGACAA"	FALSE	TRUE	NA	NA	NA	NA
"TCCCTCCCAGACATCTGTGTACTTCTGTGCCAGCAGTGAATATGGGACTAGCGGGAAATCGGTACCTACGAGCAGTACTTCGGGCCG"	""	"TCCCTCCCAGACATCTGTGTACTTCTGTGCCAGCAGTGAATATGGGACTAGCGGGAAATCGGTACCTACGAGCAGTACTTCGGGCCG"	""	"TCRBV6-1*1"	"TCRBD2-1*2"	"TCRBJ2-7*1"	40	43	56	64	3	8	NA	NA	"TCCCTCCCAGACATCTGTGTACTTCTGTGCCAGCAGTGAATATGGGACTAGCGGGAAATCGGTACCTACGAGCAGTACTTCGGGCCG"	FALSE	FALSE	NA	NA	NA	NA
"ATCCAGCCCTCAGAACCCAGGGACTCAGCTGTGTACTTCTGTGCCAGCAGTCCGAACAGGGGAGGAGATGAGCAGTTCTTCGGGCCA"	"CASSPNRGGDEQFF"	"ATCCAGCCCTCAGAACCCAGGGACTCAGCTGTGTACTTCTGTGCCAGCAGTCCGAACAGGGGAGGAGATGAGCAGTTCTTCGGGCCA"	"CASSPNRGGDEQFF"	NA	"TCRBD1-1*1"	"TCRBJ2-1*1"	51	55	62	67	4	5	NA	NA	"ATCCAGCCCTCAGAACCCAGGGACTCAGCTGTGTACTTCTGTGCCAGCAGTCCGAACAGGGGAGGAGATGAGCAGTTCTTCGGGCCA"	FALSE	TRUE	NA	NA	NA	NA
"ACAGTGACCAGTGCCCATCCTGAAGACAGCAGCTTCTACATCTGCAGTGCTTCCGGGACTACCTACAATGAGCAGTTCTTCGGGCCA"	"CSASGTTYNEQFF"	"ACAGTGACCAGTGCCCATCCTGAAGACAGCAGCTTCTACATCTGCAGTGCTTCCGGGACTACCTACAATGAGCAGTTCTTCGGGCCA"	"CSASGTTYNEQFF"	NA	"TCRBD2-1"	"TCRBJ2-1*1"	51	54	-1	61	3	62	NA	NA	"ACAGTGACCAGTGCCCATCCTGAAGACAGCAGCTTCTACATCTGCAGTGCTTCCGGGACTACCTACAATGAGCAGTTCTTCGGGCCA"	FALSE	TRUE	NA	NA	NA	NA
"TCCACAAAGCTGGAGGACTCAGCCATGTACTTCTGTGCCAGCAGTGCCACAGGGGTCCAAAACACCGGGGAGCTGTTTTTTGGAGAA"	"CASSATGVQNTGELFF"	"TCCACAAAGCTGGAGGACTCAGCCATGTACTTCTGTGCCAGCAGTGCCACAGGGGTCCAAAACACCGGGGAGCTGTTTTTTGGAGAA"	"CASSATGVQNTGELFF"	"TCRBV2-1"	"TCRBD1-1*1"	"TCRBJ2-2*1"	46	48	55	60	2	5	NA	NA	"TCCACAAAGCTGGAGGACTCAGCCATGTACTTCTGTGCCAGCAGTGCCACAGGGGTCCAAAACACCGGGGAGCTGTTTTTTGGAGAA"	FALSE	TRUE	NA	NA	NA	NA
"ATTCTGGAGTCCGCCAGCACCAACCAGACATCTATGTACCTCTGTGCCAGCAGTTGGACCCTCTACAATGAGCAGTTCTTCGGGCCA"	"CASSWTLYNEQFF"	"ATTCTGGAGTCCGCCAGCACCAACCAGACATCTATGTACCTCTGTGCCAGCAGTTGGACCCTCTACAATGAGCAGTTCTTCGGGCCA"	"CASSWTLYNEQFF"	"TCRBV28-1*1"	NA	"TCRBJ2-1*1"	-1	55	59	62	56	3	NA	NA	"ATTCTGGAGTCCGCCAGCACCAACCAGACATCTATGTACCTCTGTGCCAGCAGTTGGACCCTCTACAATGAGCAGTTCTTCGGGCCA"	FALSE	TRUE	NA	NA	NA	NA
"CAGCGCACAGAGCAGGGGGACTCGGCCATGTATCTCTGTGCCAGCAGCTTTTCCGGACTAGCTGTCGAGACCCAGTACTTCGGGCCA"	"CASSFSGLAVETQYF"	"CAGCGCACAGAGCAGGGGGACTCGGCCATGTATCTCTGTGCCAGCAGCTTTTCCGGACTAGCTGTCGAGACCCAGTACTTCGGGCCA"	"CASSFSGLAVETQYF"	"TCRBV7-9*1"	"TCRBD2-1"	"TCRBJ2-5*1"	50	54	62	66	4	4	NA	NA	"CAGCGCACAGAGCAGGGGGACTCGGCCATGTATCTCTGTGCCAGCAGCTTTTCCGGACTAGCTGTCGAGACCCAGTACTTCGGGCCA"	FALSE	TRUE	NA	NA	NA	NA
"CTGAATGTGAACGCCTTGTTGCTGGGGGACTCGGCCCTCTATCTCTGTGCCAGCAGCTTGAGAAGTGAAAAACTGTTTTTTGGCAGT"	"CASSLRSEKLFF"	"CTGAATGTGAACGCCTTGTTGCTGGGGGACTCGGCCCTCTATCTCTGTGCCAGCAGCTTGAGAAGTGAAAAACTGTTTTTTGGCAGT"	"CASSLRSEKLFF"	"TCRBV5-6*1"	NA	"TCRBJ1-4*1"	60	61	63	65	1	2	NA	NA	"CTGAATGTGAACGCCTTGTTGCTGGGGGACTCGGCCCTCTATCTCTGTGCCAGCAGCTTGAGAAGTGAAAAACTGTTTTTTGGCAGT"	FALSE	TRUE	NA	NA	NA	NA
"AGCACCTTGGAGCTGGGGGACTCGGCCCTTTATCTTTGCGCCAGCAGCGTTACGAGCTCTGGGGCCAACGTCCTGACTTTCGGGGCC"	"CASSVTSSGANVLTF"	"AGCACCTTGGAGCTGGGGGACTCGGCCCTTTATCTTTGCGCCAGCAGCGTTACGAGCTCTGGGGCCAACGTCCTGACTTTCGGGGCC"	"CASSVTSSGANVLTF"	"TCRBV5-1*1"	"TCRBD2-1*2"	"TCRBJ2-6*1"	48	53	-1	56	5	57	NA	NA	"AGCACCTTGGAGCTGGGGGACTCGGCCCTTTATCTTTGCGCCAGCAGCGTTACGAGCTCTGGGGCCAACGTCCTGACTTTCGGGGCC"	FALSE	TRUE	NA	NA	NA	NA
"AAGATCCAGCCCTCAGAACCCAGGGACTCAGCTGTGTACTTCTGTGCCAGCAGTTTTGGGGGGGTGGAAGGCTACACCTTCGGTTCG"	"CASSFGGVEGYTF"	"AAGATCCAGCCCTCAGAACCCAGGGACTCAGCTGTGTACTTCTGTGCCAGCAGTTTTGGGGGGGTGGAAGGCTACACCTTCGGTTCG"	"CASSFGGVEGYTF"	"TCRBV12-3/12-4*1"	"TCRBD2-1*1"	"TCRBJ1-2*1"	56	57	64	69	1	5	NA	NA	"AAGATCCAGCCCTCAGAACCCAGGGACTCAGCTGTGTACTTCTGTGCCAGCAGTTTTGGGGGGGTGGAAGGCTACACCTTCGGTTCG"	FALSE	TRUE	NA	NA	NA	NA
"CAGCGCACACAGCAGGAGGACTCGGCCGTGTATCTCTGTGCCAGCAGCTCTACCGACAGGGCTTCAGAAAAACTGTTTTTTGGCAGT"	"CASSSTDRASEKLFF"	"CAGCGCACACAGCAGGAGGACTCGGCCGTGTATCTCTGTGCCAGCAGCTCTACCGACAGGGCTTCAGAAAAACTGTTTTTTGGCAGT"	"CASSSTDRASEKLFF"	"TCRBV7-2"	"TCRBD1-1*1"	"TCRBJ1-4*1"	49	54	61	66	5	5	NA	NA	"CAGCGCACACAGCAGGAGGACTCGGCCGTGTATCTCTGTGCCAGCAGCTCTACCGACAGGGCTTCAGAAAAACTGTTTTTTGGCAGT"	FALSE	TRUE	NA	NA	NA	NA
"ATCCCTTCACCTACACACCCTGCAGCCAGAAGACTCGGCCCTGTATCTCTGCGCCAGCAGCCGCCCAGGGTGCGGTTCTTCGGGCCA"	""	"ATCCCTTCACCTACACACCCTGCAGCCAGAAGACTCGGCCCTGTATCTCTGCGCCAGCAGCCGCCCAGGGTGCGGTTCTTCGGGCCA"	""	"TCRBV4-3*1"	"TCRBD1-1*1"	"TCRBJ2-1*1"	62	65	70	74	3	4	NA	NA	"ATCCCTTCACCTACACACCCTGCAGCCAGAAGACTCGGCCCTGTATCTCTGCGCCAGCAGCCGCCCAGGGTGCGGTTCTTCGGGCCA"	FALSE	FALSE	NA	NA	NA	NA
"NNNNTGTCGGCTGCTCCCTCCCAGACATCTGTGTACTTCTGTGCCAGCGAGCGCGGGAGTAATACCGGGGAGCTGTTTTTTGGAGAA"	"CASERGSNTGELFF"	"NNNNTGTCGGCTGCTCCCTCCCAGACATCTGTGTACTTCTGTGCCAGCGAGCGCGGGAGTAATACCGGGGAGCTGTTTTTTGGAGAA"	"CASERGSNTGELFF"	"TCRBV6-5*1"	"TCRBD2-1*2"	"TCRBJ2-2*1"	48	52	59	63	4	4	NA	NA	"NNNNTGTCGGCTGCTCCCTCCCAGACATCTGTGTACTTCTGTGCCAGCGAGCGCGGGAGTAATACCGGGGAGCTGTTTTTTGGAGAA"	FALSE	TRUE	NA	NA	NA	NA
"TCTGCCATCCCCAACCAGACAGCTCTTTACTTCTGTGCCACCAGTGATTTCACAGGGGCGCTGGGGGAGACCCAGTACTTCGGGCCA"	"CATSDFTGALGETQYF"	"TCTGCCATCCCCAACCAGACAGCTCTTTACTTCTGTGCCACCAGTGATTTCACAGGGGCGCTGGGGGAGACCCAGTACTTCGGGCCA"	"CATSDFTGALGETQYF"	"TCRBV24-1*1"	"TCRBD1-1*1"	"TCRBJ2-5*1"	50	51	58	66	1	8	NA	NA	"TCTGCCATCCCCAACCAGACAGCTCTTTACTTCTGTGCCACCAGTGATTTCACAGGGGCGCTGGGGGAGACCCAGTACTTCGGGCCA"	FALSE	TRUE	NA	NA	NA	NA
"CTGCTGCCTCCTCCCAGACATCTGTATATTTCTGCGCCAGCAGTATCGGACAGAACCAACTTCTCCTAGTCGCAGTACTTCGGGCCG"	""	"CTGCTGCCTCCTCCCAGACATCTGTATATTTCTGCGCCAGCAGTATCGGACAGAACCAACTTCTCCTAGTCGCAGTACTTCGGGCCG"	""	"TCRBV1-1"	"TCRBD1-1*1"	"TCRBJ2-7*1"	44	47	53	71	3	18	NA	NA	"CTGCTGCCTCCTCCCAGACATCTGTATATTTCTGCGCCAGCAGTATCGGACAGAACCAACTTCTCCTAGTCGCAGTACTTCGGGCCG"	FALSE	FALSE	NA	NA	NA	NA
"TTGTTGCTGGGGGACTCGGCCCTGTATCTCTGTGCCAGCAGCTTGGTGTTCAGCGGGAGTGTACGGGATACGCAGTATTTTGGCCCA"	"CASSLVFSGSVRDTQYF"	"TTGTTGCTGGGGGACTCGGCCCTGTATCTCTGTGCCAGCAGCTTGGTGTTCAGCGGGAGTGTACGGGATACGCAGTATTTTGGCCCA"	"CASSLVFSGSVRDTQYF"	"TCRBV5-5*1"	"TCRBD2-1*2"	"TCRBJ2-3*1"	46	51	59	66	5	7	NA	NA	"TTGTTGCTGGGGGACTCGGCCCTGTATCTCTGTGCCAGCAGCTTGGTGTTCAGCGGGAGTGTACGGGATACGCAGTATTTTGGCCCA"	FALSE	TRUE	NA	NA	NA	NA
"CAGGTAGTGCGAGGAGATTCGGCAGCTTATTTCTGTGCCAGCTCACCACCGGAGAAACAGAACACCGGGGAGCTGTTTTTTGGAGAA"	"CASSPPEKQNTGELFF"	"CAGGTAGTGCGAGGAGATTCGGCAGCTTATTTCTGTGCCAGCTCACCACCGGAGAAACAGAACACCGGGGAGCTGTTTTTTGGAGAA"	"CASSPPEKQNTGELFF"	"TCRBV18-1*1"	"TCRBD2-1*2"	"TCRBJ2-2*1"	-1	50	54	59	51	5	NA	NA	"CAGGTAGTGCGAGGAGATTCGGCAGCTTATTTCTGTGCCAGCTCACCACCGGAGAAACAGAACACCGGGGAGCTGTTTTTTGGAGAA"	FALSE	TRUE	NA	NA	NA	NA
"ACCCTGGAGTCTGCCAGGCCCTCACATACCTCTCAGTACCTCTGTGCCAGCAGTGAAGGGGCGACCAATGAGCAGTTCTTCGGGCCA"	"CASSEGATNEQFF"	"ACCCTGGAGTCTGCCAGGCCCTCACATACCTCTCAGTACCTCTGTGCCAGCAGTGAAGGGGCGACCAATGAGCAGTTCTTCGGGCCA"	"CASSEGATNEQFF"	"TCRBV25-1*1"	"TCRBD1-1*1"	"TCRBJ2-1*1"	-1	57	62	65	58	3	NA	NA	"ACCCTGGAGTCTGCCAGGCCCTCACATACCTCTCAGTACCTCTGTGCCAGCAGTGAAGGGGCGACCAATGAGCAGTTCTTCGGGCCA"	FALSE	TRUE	NA	NA	NA	NA
"AGTCTGCTGCCTCCTCCCAGACATCTGTATATTTCTGCGCCAGCAGTGAGTCTGGGCGGGAGTACTTAGGTGCAGTTCTTCGGGCCA"	""	"AGTCTGCTGCCTCCTCCCAGACATCTGTATATTTCTGCGCCAGCAGTGAGTCTGGGCGGGAGTACTTAGGTGCAGTTCTTCGGGCCA"	""	"TCRBV1-1"	"TCRBD2-1*2"	"TCRBJ2-1*1"	52	55	62	71	3	9	NA	NA	"AGTCTGCTGCCTCCTCCCAGACATCTGTATATTTCTGCGCCAGCAGTGAGTCTGGGCGGGAGTACTTAGGTGCAGTTCTTCGGGCCA"	FALSE	FALSE	NA	NA	NA	NA
"TTGGAGCTGGGGGACTCGGCCCTTTATCTTTGCGCCAGCAGCTTGGCTGGGACTAGCGGGAGTCCCGGGGAGCTGTTTTTTGGAGAA"	"CASSLAGTSGSPGELFF"	"TTGGAGCTGGGGGACTCGGCCCTTTATCTTTGCGCCAGCAGCTTGGCTGGGACTAGCGGGAGTCCCGGGGAGCTGTTTTTTGGAGAA"	"CASSLAGTSGSPGELFF"	"TCRBV5-1*1"	"TCRBD2-1*2"	"TCRBJ2-2*1"	46	48	62	64	2	2	NA	NA	"TTGGAGCTGGGGGACTCGGCCCTTTATCTTTGCGCCAGCAGCTTGGCTGGGACTAGCGGGAGTCCCGGGGAGCTGTTTTTTGGAGAA"	FALSE	TRUE	NA	NA	NA	NA
"ATCCAGCCTGCAGAGCTTGGGGACTCGGCCGTGTATCTCTGTGCCCGCTCGGCCCGCCCCTCCTACAATGAGCAGTTCTTCGGGCCA"	"CARSARPSYNEQFF"	"ATCCAGCCTGCAGAGCTTGGGGACTCGGCCGTGTATCTCTGTGCCCGCTCGGCCCGCCCCTCCTACAATGAGCAGTTCTTCGGGCCA"	"CARSARPSYNEQFF"	"TCRBV11-3*1"	NA	"TCRBJ2-1*1"	45	50	53	59	5	6	NA	NA	"ATCCAGCCTGCAGAGCTTGGGGACTCGGCCGTGTATCTCTGTGCCCGCTCGGCCCGCCCCTCCTACAATGAGCAGTTCTTCGGGCCA"	FALSE	TRUE	NA	NA	NA	NA
"CAGGTAGTGCGAGGAGATTCGGCAGCTTATTTCTGTGCCAGCTCACCAACCCCAGGGGGCGAGAACACTGAAGCTTTCTTTGGACAA"	"CASSPTPGGENTEAFF"	"CAGGTAGTGCGAGGAGATTCGGCAGCTTATTTCTGTGCCAGCTCACCAACCCCAGGGGGCGAGAACACTGAAGCTTTCTTTGGACAA"	"CASSPTPGGENTEAFF"	"TCRBV18-1*1"	"TCRBD1-1*1"	"TCRBJ1-1*1"	48	52	60	62	4	2	NA	NA	"CAGGTAGTGCGAGGAGATTCGGCAGCTTATTTCTGTGCCAGCTCACCAACCCCAGGGGGCGAGAACACTGAAGCTTTCTTTGGACAA"	FALSE	TRUE	NA	NA	NA	NA
"TTCACATCAATTCCCTGGAGCTTGGTGACTCTGCTGTGTATTTCTGTGCCAGCAGCGGTACAGGGCGGGGAGCTGTTTTTTGGAGAA"	""	"TTCACATCAATTCCCTGGAGCTTGGTGACTCTGCTGTGTATTTCTGTGCCAGCAGCGGTACAGGGCGGGGAGCTGTTTTTTGGAGAA"	""	"TCRBV3-1/3-2*1"	"TCRBD1-1*1"	"TCRBJ2-2*1"	56	59	-1	65	3	66	NA	NA	"TTCACATCAATTCCCTGGAGCTTGGTGACTCTGCTGTGTATTTCTGTGCCAGCAGCGGTACAGGGCGGGGAGCTGTTTTTTGGAGAA"	FALSE	FALSE	NA	NA	NA	NA
"TCGGCCCAAAAGAACCCGACAGCTTTCTATCTCTGTGCCAGTAGTATACCCGGGGCAGGGGGCACAGATACGCAGTATTTTGGCCCA"	"CASSIPGAGGTDTQYF"	"TCGGCCCAAAAGAACCCGACAGCTTTCTATCTCTGTGCCAGTAGTATACCCGGGGCAGGGGGCACAGATACGCAGTATTTTGGCCCA"	"CASSIPGAGGTDTQYF"	"TCRBV19-1*1"	"TCRBD1-1*1"	"TCRBJ2-3*1"	48	55	-1	61	7	62	NA	NA	"TCGGCCCAAAAGAACCCGACAGCTTTCTATCTCTGTGCCAGTAGTATACCCGGGGCAGGGGGCACAGATACGCAGTATTTTGGCCCA"	FALSE	TRUE	NA	NA	NA	NA
"ACCCGCTCCCAGACATCTGTGTATTTCTGCGCCAGCAGTGAATTTGGGACAGGGGGCTTTCACAATCAGCCCCAGCATTTTGGTGAT"	"CASSEFGTGGFHNQPQHF"	"ACCCGCTCCCAGACATCTGTGTATTTCTGCGCCAGCAGTGAATTTGGGACAGGGGGCTTTCACAATCAGCCCCAGCATTTTGGTGAT"	"CASSEFGTGGFHNQPQHF"	"TCRBV1-2*1"	"TCRBD1-1*1"	"TCRBJ1-5*1"	41	45	57	62	4	5	NA	NA	"ACCCGCTCCCAGACATCTGTGTATTTCTGCGCCAGCAGTGAATTTGGGACAGGGGGCTTTCACAATCAGCCCCAGCATTTTGGTGAT"	FALSE	TRUE	NA	NA	NA	NA
"CAGCCTGCAGAGCTTGGGGACTCGGCCGTGTATCTCTGTGCCAGCAGCTTAGGGGGAGTCAGTTCTCGCGAGCAGTACTTCGGGCCG"	"CASSLGGVSSREQYF"	"CAGCCTGCAGAGCTTGGGGACTCGGCCGTGTATCTCTGTGCCAGCAGCTTAGGGGGAGTCAGTTCTCGCGAGCAGTACTTCGGGCCG"	"CASSLGGVSSREQYF"	"TCRBV11-3*1"	"TCRBD2-1*2"	"TCRBJ2-7*1"	52	53	58	68	1	10	NA	NA	"CAGCCTGCAGAGCTTGGGGACTCGGCCGTGTATCTCTGTGCCAGCAGCTTAGGGGGAGTCAGTTCTCGCGAGCAGTACTTCGGGCCG"	FALSE	TRUE	NA	NA	NA	NA
"CTGGAGTCGCCCAGCCCCAACCAGACCTCTCTGTACTTCTGTGCCAGCAGTTTGTGGCAGACGAACACTGAAGCTTTCTTTGGACAA"	"CASSLWQTNTEAFF"	"CTGGAGTCGCCCAGCCCCAACCAGACCTCTCTGTACTTCTGTGCCAGCAGTTTGTGGCAGACGAACACTGAAGCTTTCTTTGGACAA"	"CASSLWQTNTEAFF"	"TCRBV27-1*1"	NA	"TCRBJ1-1*1"	53	59	-1	62	6	63	NA	NA	"CTGGAGTCGCCCAGCCCCAACCAGACCTCTCTGTACTTCTGTGCCAGCAGTTTGTGGCAGACGAACACTGAAGCTTTCTTTGGACAA"	FALSE	TRUE	NA	NA	NA	NA
"ATTCAGCGCACAGAGCAGGAGGACTCGGCCGTGTATCTCTGTGCCAGCAGCCGAGGGGGGTTCTCCTACGAGCAGTACTTCGGGCCG"	"CASSRGGFSYEQYF"	"ATTCAGCGCACAGAGCAGGAGGACTCGGCCGTGTATCTCTGTGCCAGCAGCCGAGGGGGGTTCTCCTACGAGCAGTACTTCGGGCCG"	"CASSRGGFSYEQYF"	"TCRBV7-8*3"	NA	"TCRBJ2-7*1"	-1	55	60	62	56	2	NA	NA	"ATTCAGCGCACAGAGCAGGAGGACTCGGCCGTGTATCTCTGTGCCAGCAGCCGAGGGGGGTTCTCCTACGAGCAGTACTTCGGGCCG"	FALSE	TRUE	NA	NA	NA	NA
"TCGGCCCAAAAGAACCCGACAGCTTTCTATCTCTGTGCCAGTAGCCAAACGGGGACAGGGAACACCGGGGAGCTGTTTTTTGGAGAA"	"CASSQTGTGNTGELFF"	"TCGGCCCAAAAGAACCCGACAGCTTTCTATCTCTGTGCCAGTAGCCAAACGGGGACAGGGAACACCGGGGAGCTGTTTTTTGGAGAA"	"CASSQTGTGNTGELFF"	"TCRBV19-1*1"	"TCRBD1-1*1"	"TCRBJ2-2*1"	44	51	-1	59	7	60	NA	NA	"TCGGCCCAAAAGAACCCGACAGCTTTCTATCTCTGTGCCAGTAGCCAAACGGGGACAGGGAACACCGGGGAGCTGTTTTTTGGAGAA"	FALSE	TRUE	NA	NA	NA	NA
"CCTTGTTGCTGGGGGACTCGGCCCTGTATCTCTGTGCCAGCAGCTTGGGTTAGTTCTGTACAATCGGGTGAGCAGTTCTTCGGGCCA"	""	"CCTTGTTGCTGGGGGACTCGGCCCTGTATCTCTGTGCCAGCAGCTTGGGTTAGTTCTGTACAATCGGGTGAGCAGTTCTTCGGGCCA"	""	"TCRBV5-5*1"	"TCRBD2-1"	"TCRBJ2-1*1"	48	64	-1	68	16	69	NA	NA	"CCTTGTTGCTGGGGGACTCGGCCCTGTATCTCTGTGCCAGCAGCTTGGGTTAGTTCTGTACAATCGGGTGAGCAGTTCTTCGGGCCA"	FALSE	FALSE	NA	NA	NA	NA
"ACACAGCAGGAGGACTCGGCCGTGTATCTCTGTGCCAGCAGCTTAGATTCGTCTAGCGGGAGATCCAATGAGCAGTTCTTCGGGCCA"	"CASSLDSSSGRSNEQFF"	"ACACAGCAGGAGGACTCGGCCGTGTATCTCTGTGCCAGCAGCTTAGATTCGTCTAGCGGGAGATCCAATGAGCAGTTCTTCGGGCCA"	"CASSLDSSSGRSNEQFF"	"TCRBV7-2"	"TCRBD2-1*2"	"TCRBJ2-1*1"	46	52	62	65	6	3	NA	NA	"ACACAGCAGGAGGACTCGGCCGTGTATCTCTGTGCCAGCAGCTTAGATTCGTCTAGCGGGAGATCCAATGAGCAGTTCTTCGGGCCA"	FALSE	TRUE	NA	NA	NA	NA
"ACCAGTGCCCATCCTGAAGACAGCAGCTTCTACATCTGCAGTGCAAGACGGACAGGGGGCCGGGAGCAGCCCCAGCATTTTGGTGAT"	"CSARRTGGREQPQHF"	"ACCAGTGCCCATCCTGAAGACAGCAGCTTCTACATCTGCAGTGCAAGACGGACAGGGGGCCGGGAGCAGCCCCAGCATTTTGGTGAT"	"CSARRTGGREQPQHF"	NA	"TCRBD1-1*1"	"TCRBJ1-5*1"	48	49	60	66	1	6	NA	NA	"ACCAGTGCCCATCCTGAAGACAGCAGCTTCTACATCTGCAGTGCAAGACGGACAGGGGGCCGGGAGCAGCCCCAGCATTTTGGTGAT"	FALSE	TRUE	NA	NA	NA	NA
"CTGATCCTGGAGTCGCCCAGCCCCAACCAGACCTCTCTGTACTTCTGTGCCAGCAGTTCACCCTCCTACGAGCAGTACTTCGGGCCG"	"CASSSPSYEQYF"	"CTGATCCTGGAGTCGCCCAGCCCCAACCAGACCTCTCTGTACTTCTGTGCCAGCAGTTCACCCTCCTACGAGCAGTACTTCGGGCCG"	"CASSSPSYEQYF"	"TCRBV27-1*1"	NA	"TCRBJ2-7*1"	58	59	61	62	1	1	NA	NA	"CTGATCCTGGAGTCGCCCAGCCCCAACCAGACCTCTCTGTACTTCTGTGCCAGCAGTTCACCCTCCTACGAGCAGTACTTCGGGCCG"	FALSE	TRUE	NA	NA	NA	NA
"AACGCCTTGTTGCTGGGGGACTCGGCCCTCTATCTCTGTGCCAGCAGCCCGATAGGCAGGGAAGACACTGAAGCTTTCTTTGGACAA"	"CASSPIGREDTEAFF"	"AACGCCTTGTTGCTGGGGGACTCGGCCCTCTATCTCTGTGCCAGCAGCCCGATAGGCAGGGAAGACACTGAAGCTTTCTTTGGACAA"	"CASSPIGREDTEAFF"	"TCRBV5-6*1"	"TCRBD1-1*1"	"TCRBJ1-1*1"	48	56	61	64	8	3	NA	NA	"AACGCCTTGTTGCTGGGGGACTCGGCCCTCTATCTCTGTGCCAGCAGCCCGATAGGCAGGGAAGACACTGAAGCTTTCTTTGGACAA"	FALSE	TRUE	NA	NA	NA	NA
"CGCCCAGCCCCAACCAGACCTCTCTGTACTTCTGTGCCAGCAGTTTCCGGGACAGTAGGACGATGGGATACGCAGTATTTTGGCCCA"	""	"CGCCCAGCCCCAACCAGACCTCTCTGTACTTCTGTGCCAGCAGTTTCCGGGACAGTAGGACGATGGGATACGCAGTATTTTGGCCCA"	""	"TCRBV27-1*1"	"TCRBD1-1*1"	"TCRBJ2-3*1"	46	48	55	66	2	11	NA	NA	"CGCCCAGCCCCAACCAGACCTCTCTGTACTTCTGTGCCAGCAGTTTCCGGGACAGTAGGACGATGGGATACGCAGTATTTTGGCCCA"	FALSE	FALSE	NA	NA	NA	NA
"CTGGAGTTGGCTGCTCCCTCCCAGACATCTGTGTACTTCTGTGCCAGCAGTCTAACGGGTCCAGTGAGTGCCCAGTACTTCGGGCCA"	"CASSLTGPVSAQYF"	"CTGGAGTTGGCTGCTCCCTCCCAGACATCTGTGTACTTCTGTGCCAGCAGTCTAACGGGTCCAGTGAGTGCCCAGTACTTCGGGCCA"	"CASSLTGPVSAQYF"	"TCRBV6-6*4"	"TCRBD2-1"	"TCRBJ2-5*1"	52	55	59	70	3	11	NA	NA	"CTGGAGTTGGCTGCTCCCTCCCAGACATCTGTGTACTTCTGTGCCAGCAGTCTAACGGGTCCAGTGAGTGCCCAGTACTTCGGGCCA"	FALSE	TRUE	NA	NA	NA	NA
"ATCCTGGAGTCGCCCAGCCCCAACCAGACCTCTCTGTACTTCTGTGCCAGCAGTTTGGTCCCGGAAGGAGAGCAGTACTTCGGGCCG"	"CASSLVPEGEQYF"	"ATCCTGGAGTCGCCCAGCCCCAACCAGACCTCTCTGTACTTCTGTGCCAGCAGTTTGGTCCCGGAAGGAGAGCAGTACTTCGGGCCG"	"CASSLVPEGEQYF"	"TCRBV27-1*1"	NA	"TCRBJ2-7*1"	56	62	65	69	6	4	NA	NA	"ATCCTGGAGTCGCCCAGCCCCAACCAGACCTCTCTGTACTTCTGTGCCAGCAGTTTGGTCCCGGAAGGAGAGCAGTACTTCGGGCCG"	FALSE	TRUE	NA	NA	NA	NA
"GATCCTGGAGTCGCCCAGCCCCAACCAGACCTCTCTGTACTTCTGTGCCATGAGCGGGAGCGACCTAGGGAGCAGTACTTCGGGCCG"	""	"GATCCTGGAGTCGCCCAGCCCCAACCAGACCTCTCTGTACTTCTGTGCCATGAGCGGGAGCGACCTAGGGAGCAGTACTTCGGGCCG"	""	"TCRBV27-1*1"	"TCRBD2-1*2"	"TCRBJ2-7*1"	50	52	60	69	2	9	NA	NA	"GATCCTGGAGTCGCCCAGCCCCAACCAGACCTCTCTGTACTTCTGTGCCATGAGCGGGAGCGACCTAGGGAGCAGTACTTCGGGCCG"	FALSE	FALSE	NA	NA	NA	NA
"GAGATGAATGTGAGCACCTTGGAGCTGGGGGACTCGGCCCTTTATCTTTGCGCCAGCAGCTTCTAGGACGGACGCGACTTCGGGCCG"	"CASSF*DGRDF"	"GAGATGAATGTGAGCACCTTGGAGCTGGGGGACTCGGCCCTTTATCTTTGCGCCAGCAGCTTCTAGGACGGACGCGACTTCGGGCCG"	"CASSF*DGRDF"	"TCRBV5-1*1"	NA	"TCRBJ2-7*1"	62	65	69	76	3	7	NA	NA	"GAGATGAATGTGAGCACCTTGGAGCTGGGGGACTCGGCCCTTTATCTTTGCGCCAGCAGCTTCTAGGACGGACGCGACTTCGGGCCG"	FALSE	TRUE	NA	NA	NA	NA
"CACGCCCTGCAGCCAGAAGACTCAGCCCTGTATCTCTGCGCCAGCAGCCAAGAAGTACGGGTGAACACTGAAGCTTTCTTTGGACAA"	"CASSQEVRVNTEAFF"	"CACGCCCTGCAGCCAGAAGACTCAGCCCTGTATCTCTGCGCCAGCAGCCAAGAAGTACGGGTGAACACTGAAGCTTTCTTTGGACAA"	"CASSQEVRVNTEAFF"	"TCRBV4-1*1"	"TCRBD2-1"	"TCRBJ1-1*1"	53	57	-1	61	4	62	NA	NA	"CACGCCCTGCAGCCAGAAGACTCAGCCCTGTATCTCTGCGCCAGCAGCCAAGAAGTACGGGTGAACACTGAAGCTTTCTTTGGACAA"	FALSE	TRUE	NA	NA	NA	NA
"GTGAGCACCTTGGAGCTGGGGGACTCGGCCCTTTATCTTTGCGCCAGCAGCTTGACGGGGAACGCAAACACCATATATTTTGGAGAG"	"CASSLTGNANTIYF"	"GTGAGCACCTTGGAGCTGGGGGACTCGGCCCTTTATCTTTGCGCCAGCAGCTTGACGGGGAACGCAAACACCATATATTTTGGAGAG"	"CASSLTGNANTIYF"	"TCRBV5-1*1"	"TCRBD2-1*1"	"TCRBJ1-3*1"	54	55	60	65	1	5	NA	NA	"GTGAGCACCTTGGAGCTGGGGGACTCGGCCCTTTATCTTTGCGCCAGCAGCTTGACGGGGAACGCAAACACCATATATTTTGGAGAG"	FALSE	TRUE	NA	NA	NA	NA
"ACCTTGGAGCTGGGGGACTCGGCCCTTTATCTTTGCGCCAGCAGTCCCCAGGGACTAGCGGGAGGGAATGAGCAGTTCTTCGGGCCA"	"CASSPQGLAGGNEQFF"	"ACCTTGGAGCTGGGGGACTCGGCCCTTTATCTTTGCGCCAGCAGTCCCCAGGGACTAGCGGGAGGGAATGAGCAGTTCTTCGGGCCA"	"CASSPQGLAGGNEQFF"	"TCRBV5-1*1"	"TCRBD2-1*2"	"TCRBJ2-1*1"	44	50	-1	66	6	67	NA	NA	"ACCTTGGAGCTGGGGGACTCGGCCCTTTATCTTTGCGCCAGCAGTCCCCAGGGACTAGCGGGAGGGAATGAGCAGTTCTTCGGGCCA"	FALSE	TRUE	NA	NA	NA	NA
"GGGACTCGGCCCTGTATCTCTGTGCCAGAAGCCTCCTAAGGCGGGACCCCTGTAAGTCGAGGTGGTAATGAGCAGTTCTTCGGGCCA"	""	"GGGACTCGGCCCTGTATCTCTGTGCCAGAAGCCTCCTAAGGCGGGACCCCTGTAAGTCGAGGTGGTAATGAGCAGTTCTTCGGGCCA"	""	"TCRBV5-3"	"TCRBD2-1*2"	"TCRBJ2-1*1"	32	40	46	66	8	20	NA	NA	"GGGACTCGGCCCTGTATCTCTGTGCCAGAAGCCTCCTAAGGCGGGACCCCTGTAAGTCGAGGTGGTAATGAGCAGTTCTTCGGGCCA"	FALSE	FALSE	NA	NA	NA	NA
"ATCAATTCCCTGGAGCTTGGTGACTCTGCTGTGTATTTCTGTGCCAGCAGCCAAGAAACTACCACAGATACGCAGTATTTTGGCCCA"	"CASSQETTTDTQYF"	"ATCAATTCCCTGGAGCTTGGTGACTCTGCTGTGTATTTCTGTGCCAGCAGCCAAGAAACTACCACAGATACGCAGTATTTTGGCCCA"	"CASSQETTTDTQYF"	"TCRBV3-1/3-2*1"	"TCRBD2-1"	"TCRBJ2-3*1"	56	57	61	62	1	1	NA	NA	"ATCAATTCCCTGGAGCTTGGTGACTCTGCTGTGTATTTCTGTGCCAGCAGCCAAGAAACTACCACAGATACGCAGTATTTTGGCCCA"	FALSE	TRUE	NA	NA	NA	NA
"CAGCCCTCAGAACCCAGGGACTCAGCTGTGTACTTCTGTGCCAGCAGTCAGCCAGGCAGGGAGAGAGAAAAACTGTTTTTTGGCAGT"	"CASSQPGREREKLFF"	"CAGCCCTCAGAACCCAGGGACTCAGCTGTGTACTTCTGTGCCAGCAGTCAGCCAGGCAGGGAGAGAGAAAAACTGTTTTTTGGCAGT"	"CASSQPGREREKLFF"	NA	NA	"TCRBJ1-4*1"	48	56	61	66	8	5	NA	NA	"CAGCCCTCAGAACCCAGGGACTCAGCTGTGTACTTCTGTGCCAGCAGTCAGCCAGGCAGGGAGAGAGAAAAACTGTTTTTTGGCAGT"	FALSE	TRUE	NA	NA	NA	NA
"ATCGGCCCAAAAGAACCCGACAGCTTTCTATCTCTGTGCCAGTAGTAAATCAGTAGCTCTGGGGCCAACGTCCTGACTTTCGGGGCC"	""	"ATCGGCCCAAAAGAACCCGACAGCTTTCTATCTCTGTGCCAGTAGTAAATCAGTAGCTCTGGGGCCAACGTCCTGACTTTCGGGGCC"	""	"TCRBV19-1*1"	NA	"TCRBJ2-6*1"	47	50	53	56	3	3	NA	NA	"ATCGGCCCAAAAGAACCCGACAGCTTTCTATCTCTGTGCCAGTAGTAAATCAGTAGCTCTGGGGCCAACGTCCTGACTTTCGGGGCC"	FALSE	FALSE	NA	NA	NA	NA
"AATGTGAGCACCTTGGAGCTGGGGGACTCGGCCCTTTATCTTTGCGCCAGCAGCTTGACCGCAGCCTACGAGCAGTACTTCGGGCCG"	"CASSLTAAYEQYF"	"AATGTGAGCACCTTGGAGCTGGGGGACTCGGCCCTTTATCTTTGCGCCAGCAGCTTGACCGCAGCCTACGAGCAGTACTTCGGGCCG"	"CASSLTAAYEQYF"	"TCRBV5-1*1"	"TCRBD1-1*1"	"TCRBJ2-7*1"	57	61	-1	64	4	65	NA	NA	"AATGTGAGCACCTTGGAGCTGGGGGACTCGGCCCTTTATCTTTGCGCCAGCAGCTTGACCGCAGCCTACGAGCAGTACTTCGGGCCG"	FALSE	TRUE	NA	NA	NA	NA
"ATCCAGCCTGCAGAGCTTGGGGACTCGGCCATGTATCTCTGTGCCAGCAGCCTACTTACAGGGCGGCTCGAGCAGTACTTCGGGCCG"	"CASSLLTGRLEQYF"	"ATCCAGCCTGCAGAGCTTGGGGACTCGGCCATGTATCTCTGTGCCAGCAGCCTACTTACAGGGCGGCTCGAGCAGTACTTCGGGCCG"	"CASSLLTGRLEQYF"	"TCRBV11-1*1"	"TCRBD1-1*1"	"TCRBJ2-7*1"	51	57	63	68	6	5	NA	NA	"ATCCAGCCTGCAGAGCTTGGGGACTCGGCCATGTATCTCTGTGCCAGCAGCCTACTTACAGGGCGGCTCGAGCAGTACTTCGGGCCG"	FALSE	TRUE	NA	NA	NA	NA
"CAATTCCCTGGAGCTTGGTGACTCTGCTGTGTATTTCTGTGCCAGCAGCCAAGCGGGACTAATTTCAATGAGCAGTTCTTCGGGCCA"	""	"CAATTCCCTGGAGCTTGGTGACTCTGCTGTGTATTTCTGTGCCAGCAGCCAAGCGGGACTAATTTCAATGAGCAGTTCTTCGGGCCA"	""	"TCRBV3-1/3-2*1"	"TCRBD2-1"	"TCRBJ2-1*1"	53	54	61	65	1	4	NA	NA	"CAATTCCCTGGAGCTTGGTGACTCTGCTGTGTATTTCTGTGCCAGCAGCCAAGCGGGACTAATTTCAATGAGCAGTTCTTCGGGCCA"	FALSE	FALSE	NA	NA	NA	NA
"TGCCCATCCTGAAGACAGCAGCTTCTACATCTGCAGTGCTAGACATGGGGTAACTAGACAGGGAACAATGAGCAGTTCTTCGGGCCA"	""	"TGCCCATCCTGAAGACAGCAGCTTCTACATCTGCAGTGCTAGACATGGGGTAACTAGACAGGGAACAATGAGCAGTTCTTCGGGCCA"	""	NA	"TCRBD1-1*1"	"TCRBJ2-1*1"	43	56	63	64	13	1	NA	NA	"TGCCCATCCTGAAGACAGCAGCTTCTACATCTGCAGTGCTAGACATGGGGTAACTAGACAGGGAACAATGAGCAGTTCTTCGGGCCA"	FALSE	FALSE	NA	NA	NA	NA
"GCACAGAGCAGGGGGACTCGGCCATGTATCTCTGTGCCAGCAGCTTAGCTGAATAAGGGAATGAACACTGAAGCTTTCTTTGGACAA"	""	"GCACAGAGCAGGGGGACTCGGCCATGTATCTCTGTGCCAGCAGCTTAGCTGAATAAGGGAATGAACACTGAAGCTTTCTTTGGACAA"	""	"TCRBV7-9*1"	NA	"TCRBJ1-1*1"	49	56	60	61	7	1	NA	NA	"GCACAGAGCAGGGGGACTCGGCCATGTATCTCTGTGCCAGCAGCTTAGCTGAATAAGGGAATGAACACTGAAGCTTTCTTTGGACAA"	FALSE	FALSE	NA	NA	NA	NA
"GAGTCCGCCAGCACCAACCAGACATCTATGTACCTCTGTGCCAGCAGTTTAAGCGGGAGCTCCTACAATGAGCAGTTCTTCGGGCCA"	"CASSLSGSSYNEQFF"	"GAGTCCGCCAGCACCAACCAGACATCTATGTACCTCTGTGCCAGCAGTTTAAGCGGGAGCTCCTACAATGAGCAGTTCTTCGGGCCA"	"CASSLSGSSYNEQFF"	"TCRBV28-1*1"	"TCRBD2-1*2"	"TCRBJ2-1*1"	-1	51	-1	59	52	60	NA	NA	"GAGTCCGCCAGCACCAACCAGACATCTATGTACCTCTGTGCCAGCAGTTTAAGCGGGAGCTCCTACAATGAGCAGTTCTTCGGGCCA"	FALSE	TRUE	NA	NA	NA	NA
"TGAGCACCTTGGAGCTGGGGGACTCGGCCCTTTATCTTTGCGCCAGCTGGGCGGGACAGGGGTTCTTACGAGCAGTACTTCGGGCCG"	""	"TGAGCACCTTGGAGCTGGGGGACTCGGCCCTTTATCTTTGCGCCAGCTGGGCGGGACAGGGGTTCTTACGAGCAGTACTTCGGGCCG"	""	"TCRBV5-1*1"	"TCRBD1-1*1"	"TCRBJ2-7*1"	47	52	62	66	5	4	NA	NA	"TGAGCACCTTGGAGCTGGGGGACTCGGCCCTTTATCTTTGCGCCAGCTGGGCGGGACAGGGGTTCTTACGAGCAGTACTTCGGGCCG"	FALSE	FALSE	NA	NA	NA	NA
"CAGCAGGTAGTGCGAGGAGATTCGGCAGCTTATTTCTGTGCCAGCTCACCAGACCGGTTTACGTGGACCGAAGCTTTCTTTGGACAA"	"CASSPDRFTWTEAFF"	"CAGCAGGTAGTGCGAGGAGATTCGGCAGCTTATTTCTGTGCCAGCTCACCAGACCGGTTTACGTGGACCGAAGCTTTCTTTGGACAA"	"CASSPDRFTWTEAFF"	"TCRBV18-1*1"	NA	"TCRBJ1-1*1"	51	64	68	69	13	1	NA	NA	"CAGCAGGTAGTGCGAGGAGATTCGGCAGCTTATTTCTGTGCCAGCTCACCAGACCGGTTTACGTGGACCGAAGCTTTCTTTGGACAA"	FALSE	TRUE	NA	NA	NA	NA
"AGCTCTCTGGAGCTGGGGGACTCAGCTTTGTATTTCTGTGCCAGCAGCGTGGAGGGAGGAACCAACAATGAGCAGTTCTTCGGGCCA"	"CASSVEGGTNNEQFF"	"AGCTCTCTGGAGCTGGGGGACTCAGCTTTGTATTTCTGTGCCAGCAGCGTGGAGGGAGGAACCAACAATGAGCAGTTCTTCGGGCCA"	"CASSVEGGTNNEQFF"	"TCRBV9-1*1"	"TCRBD2-1*2"	"TCRBJ2-1*1"	50	53	59	64	3	5	NA	NA	"AGCTCTCTGGAGCTGGGGGACTCAGCTTTGTATTTCTGTGCCAGCAGCGTGGAGGGAGGAACCAACAATGAGCAGTTCTTCGGGCCA"	FALSE	TRUE	NA	NA	NA	NA
"GAGTCTGCCAGGCCCTCACATACCTCTCAGTACCTCTGTGCCAGCAGTGAATCCACAGGGGGGTCCTACGAGCAGTACTTCGGGCCG"	"CASSESTGGSYEQYF"	"GAGTCTGCCAGGCCCTCACATACCTCTCAGTACCTCTGTGCCAGCAGTGAATCCACAGGGGGGTCCTACGAGCAGTACTTCGGGCCG"	"CASSESTGGSYEQYF"	"TCRBV25-1*1"	"TCRBD1-1*1"	"TCRBJ2-7*1"	52	54	62	63	2	1	NA	NA	"GAGTCTGCCAGGCCCTCACATACCTCTCAGTACCTCTGTGCCAGCAGTGAATCCACAGGGGGGTCCTACGAGCAGTACTTCGGGCCG"	FALSE	TRUE	NA	NA	NA	NA
"GCAAAGCTTGAGGACTCGGCCGTGTATCTCTGTGCCAGCAGCTTTGGGGCACGACAGGGAGGGAACTATGGCTACACCTTCGGTTCG"	"CASSFGARQGGNYGYTF"	"GCAAAGCTTGAGGACTCGGCCGTGTATCTCTGTGCCAGCAGCTTTGGGGCACGACAGGGAGGGAACTATGGCTACACCTTCGGTTCG"	"CASSFGARQGGNYGYTF"	"TCRBV11-2"	NA	"TCRBJ1-2*1"	44	52	59	63	8	4	NA	NA	"GCAAAGCTTGAGGACTCGGCCGTGTATCTCTGTGCCAGCAGCTTTGGGGCACGACAGGGAGGGAACTATGGCTACACCTTCGGTTCG"	FALSE	TRUE	NA	NA	NA	NA
"AGCGCACACAGCAGGAGGACTCGGCCGTGTATCTCTGTGCCAGCAGCAGGGTTAGGGCGTACTAATGAAAAACTGTTTTTTGGCAGT"	""	"AGCGCACACAGCAGGAGGACTCGGCCGTGTATCTCTGTGCCAGCAGCAGGGTTAGGGCGTACTAATGAAAAACTGTTTTTTGGCAGT"	""	"TCRBV7-2"	NA	"TCRBJ1-4*1"	-1	47	51	60	48	9	NA	NA	"AGCGCACACAGCAGGAGGACTCGGCCGTGTATCTCTGTGCCAGCAGCAGGGTTAGGGCGTACTAATGAAAAACTGTTTTTTGGCAGT"	FALSE	FALSE	NA	NA	NA	NA
"CTGAAGATCCAGCGCACACAGCAGGAGGACTCCGCCGTGTATCTCTGTGCCAGCAGCTTAGGGGGGGGTCTTTCTAACTTCGGGCCG"	"CASSLGGGLSNF"	"CTGAAGATCCAGCGCACACAGCAGGAGGACTCCGCCGTGTATCTCTGTGCCAGCAGCTTAGGGGGGGGTCTTTCTAACTTCGGGCCG"	"CASSLGGGLSNF"	"TCRBV7-8*1"	"TCRBD2-1*1"	"TCRBJ2-7*1"	-1	61	68	76	62	8	NA	NA	"CTGAAGATCCAGCGCACACAGCAGGAGGACTCCGCCGTGTATCTCTGTGCCAGCAGCTTAGGGGGGGGTCTTTCTAACTTCGGGCCG"	FALSE	TRUE	NA	NA	NA	NA
"CACATCAATTCCCTGGAGCTTGGTGACTCTGCTGTGTATTTCTGTGCCAGCAGCCCGAGGGGCCGAGGGTGACTGTTTTTTGGCAGT"	"CASSPRGRG*LFF"	"CACATCAATTCCCTGGAGCTTGGTGACTCTGCTGTGTATTTCTGTGCCAGCAGCCCGAGGGGCCGAGGGTGACTGTTTTTTGGCAGT"	"CASSPRGRG*LFF"	"TCRBV3-1/3-2*1"	NA	"TCRBJ1-4*1"	55	57	62	71	2	9	NA	NA	"CACATCAATTCCCTGGAGCTTGGTGACTCTGCTGTGTATTTCTGTGCCAGCAGCCCGAGGGGCCGAGGGTGACTGTTTTTTGGCAGT"	FALSE	TRUE	NA	NA	NA	NA
"CTGCTCCCTCCCAGACATCTGTGTACTTCTGTGCCAGCAGTTACTCCTGGGGACAGGGCGGTAGGACAGCCCCAGCATTTTGGTGAT"	""	"CTGCTCCCTCCCAGACATCTGTGTACTTCTGTGCCAGCAGTTACTCCTGGGGACAGGGCGGTAGGACAGCCCCAGCATTTTGGTGAT"	""	NA	"TCRBD1-1*1"	"TCRBJ1-5*1"	46	49	58	66	3	8	NA	NA	"CTGCTCCCTCCCAGACATCTGTGTACTTCTGTGCCAGCAGTTACTCCTGGGGACAGGGCGGTAGGACAGCCCCAGCATTTTGGTGAT"	FALSE	FALSE	NA	NA	NA	NA
"AAGATCCAGCCCTCAGAACCCAGGGACTCAGCTGTGTACTTCTGTGCCAGCAGTTCAGGGGGCTCCACTGAAGCTTTCTTTGGACAA"	"CASSSGGSTEAFF"	"AAGATCCAGCCCTCAGAACCCAGGGACTCAGCTGTGTACTTCTGTGCCAGCAGTTCAGGGGGCTCCACTGAAGCTTTCTTTGGACAA"	"CASSSGGSTEAFF"	"TCRBV12-3/12-4*1"	"TCRBD1-1*1"	"TCRBJ1-1*1"	-1	55	63	65	56	2	NA	NA	"AAGATCCAGCCCTCAGAACCCAGGGACTCAGCTGTGTACTTCTGTGCCAGCAGTTCAGGGGGCTCCACTGAAGCTTTCTTTGGACAA"	FALSE	TRUE	NA	NA	NA	NA
"GAGTCCGCTACCCGCTCCCAGACATCTGTGTATTTCTGCGCCAGCAGTGATCTGAGAGGCTTGAACTCTGGCTACACCTTCGGTTCG"	"CASSDLRGLNSGYTF"	"GAGTCCGCTACCCGCTCCCAGACATCTGTGTATTTCTGCGCCAGCAGTGATCTGAGAGGCTTGAACTCTGGCTACACCTTCGGTTCG"	"CASSDLRGLNSGYTF"	"TCRBV1-2*1"	"TCRBD2-1*2"	"TCRBJ1-2*1"	50	55	59	68	5	9	NA	NA	"GAGTCCGCTACCCGCTCCCAGACATCTGTGTATTTCTGCGCCAGCAGTGATCTGAGAGGCTTGAACTCTGGCTACACCTTCGGTTCG"	FALSE	TRUE	NA	NA	NA	NA
"ACATCGGCCCAAAAGAACCCGACAGCTTTCTATCTCTGTGCCAGTAGTATACGCCCCGCGACTAGTGGTGAGCAGTTCTTCGGGCCA"	"CASSIRPATSGEQFF"	"ACATCGGCCCAAAAGAACCCGACAGCTTTCTATCTCTGTGCCAGTAGTATACGCCCCGCGACTAGTGGTGAGCAGTTCTTCGGGCCA"	"CASSIRPATSGEQFF"	"TCRBV19-1*1"	"TCRBD2-1"	"TCRBJ2-1*1"	51	59	65	68	8	3	NA	NA	"ACATCGGCCCAAAAGAACCCGACAGCTTTCTATCTCTGTGCCAGTAGTATACGCCCCGCGACTAGTGGTGAGCAGTTCTTCGGGCCA"	FALSE	TRUE	NA	NA	NA	NA
"GAGTCGCCCAGCCCCAACCAGACCTCTCTGTACTTCTGTGCCAGCAGCCTCAGCGGGAGCTCCTACAATGAGCAGTTCTTCGGGCCA"	"CASSLSGSSYNEQFF"	"GAGTCGCCCAGCCCCAACCAGACCTCTCTGTACTTCTGTGCCAGCAGCCTCAGCGGGAGCTCCTACAATGAGCAGTTCTTCGGGCCA"	"CASSLSGSSYNEQFF"	"TCRBV27-1*1"	"TCRBD2-1*2"	"TCRBJ2-1*1"	47	51	-1	59	4	60	NA	NA	"GAGTCGCCCAGCCCCAACCAGACCTCTCTGTACTTCTGTGCCAGCAGCCTCAGCGGGAGCTCCTACAATGAGCAGTTCTTCGGGCCA"	FALSE	TRUE	NA	NA	NA	NA
"NNNNNNNNNCTTGGAGATCCAGTCCACGGAGTCAGGGGACACAGCACTGTATTTCTGTGCCAGCAGCAGAAGGAGTACTTCGGGCCG"	""	"NNNNNNNNNCTTGGAGATCCAGTCCACGGAGTCAGGGGACACAGCACTGTATTTCTGTGCCAGCAGCAGAAGGAGTACTTCGGGCCG"	""	"TCRBV21-1*1"	NA	"TCRBJ2-7*1"	68	70	-1	73	2	74	NA	NA	"NNNNNNNNNCTTGGAGATCCAGTCCACGGAGTCAGGGGACACAGCACTGTATTTCTGTGCCAGCAGCAGAAGGAGTACTTCGGGCCG"	FALSE	FALSE	NA	NA	NA	NA
"NNNNNNNTGTCGGCTGCTCCCTCCCAAACATCTGTGTACTTCTGTGCCAGCAGGATAGCGGGGGCCTACGAGCAGTACTTCGGGCCG"	"CASRIAGAYEQYF"	"NNNNNNNTGTCGGCTGCTCCCTCCCAAACATCTGTGTACTTCTGTGCCAGCAGGATAGCGGGGGCCTACGAGCAGTACTTCGGGCCG"	"CASRIAGAYEQYF"	NA	"TCRBD2-1*1"	"TCRBJ2-7*1"	53	55	-1	64	2	65	NA	NA	"NNNNNNNTGTCGGCTGCTCCCTCCCAAACATCTGTGTACTTCTGTGCCAGCAGGATAGCGGGGGCCTACGAGCAGTACTTCGGGCCG"	FALSE	TRUE	NA	NA	NA	NA
"CGCACAGAGCAGCGGGACTCGGCCATGTATCGCTGTGCCAGCAGCCCGGGTTCGGGGGCGATAAAGGAAAAACTGTTTTTTGGCAGT"	"CASSPGSGAIKEKLFF"	"CGCACAGAGCAGCGGGACTCGGCCATGTATCGCTGTGCCAGCAGCCCGGGTTCGGGGGCGATAAAGGAAAAACTGTTTTTTGGCAGT"	"CASSPGSGAIKEKLFF"	"TCRBV7-6*1"	NA	"TCRBJ1-4*1"	45	53	59	66	8	7	NA	NA	"CGCACAGAGCAGCGGGACTCGGCCATGTATCGCTGTGCCAGCAGCCCGGGTTCGGGGGCGATAAAGGAAAAACTGTTTTTTGGCAGT"	FALSE	TRUE	NA	NA	NA	NA
"ACAGTGACCAGTGCCCATCCTGAAGACAGCAGCTTCTACATCTGCAGTGCGAACTTTGACAGCGAAGAGACCCAGTACTTCGGGCCA"	"CSANFDSEETQYF"	"ACAGTGACCAGTGCCCATCCTGAAGACAGCAGCTTCTACATCTGCAGTGCGAACTTTGACAGCGAAGAGACCCAGTACTTCGGGCCA"	"CSANFDSEETQYF"	NA	"TCRBD1-1*1"	"TCRBJ2-5*1"	50	57	62	64	7	2	NA	NA	"ACAGTGACCAGTGCCCATCCTGAAGACAGCAGCTTCTACATCTGCAGTGCGAACTTTGACAGCGAAGAGACCCAGTACTTCGGGCCA"	FALSE	TRUE	NA	NA	NA	NA
"CCTGCAGAGCTTGGGGACTCGGCCGTGTATCTCTGTGCCAGCAGCTTACTTTCAGGGGGCTGGCCGGAGACCCAGTACTTCGGGCCA"	"CASSLLSGGWPETQYF"	"CCTGCAGAGCTTGGGGACTCGGCCGTGTATCTCTGTGCCAGCAGCTTACTTTCAGGGGGCTGGCCGGAGACCCAGTACTTCGGGCCA"	"CASSLLSGGWPETQYF"	"TCRBV11-3*1"	"TCRBD1-1*1"	"TCRBJ2-5*1"	48	52	60	66	4	6	NA	NA	"CCTGCAGAGCTTGGGGACTCGGCCGTGTATCTCTGTGCCAGCAGCTTACTTTCAGGGGGCTGGCCGGAGACCCAGTACTTCGGGCCA"	FALSE	TRUE	NA	NA	NA	NA
"CAGCCCTCAGAACCCAGGGACTCAGCTGTGTACTTCTGTGCCAGCAGTTTAATGTCGAGCGGGGCCCTCGAGCAGTACTTCGGGCCG"	"CASSLMSSGALEQYF"	"CAGCCCTCAGAACCCAGGGACTCAGCTGTGTACTTCTGTGCCAGCAGTTTAATGTCGAGCGGGGCCCTCGAGCAGTACTTCGGGCCG"	"CASSLMSSGALEQYF"	NA	"TCRBD2-1*1"	"TCRBJ2-7*1"	51	57	64	68	6	4	NA	NA	"CAGCCCTCAGAACCCAGGGACTCAGCTGTGTACTTCTGTGCCAGCAGTTTAATGTCGAGCGGGGCCCTCGAGCAGTACTTCGGGCCG"	FALSE	TRUE	NA	NA	NA	NA
"CTGAAGATTCAGCGCACAGAGCAGGAGGACTCGGCCGTGTATCTCTGTGCCAGCAGCTTAGTGGCTAGCGGAGGAATCTTCGGGCCA"	"CASSLVASGGIF"	"CTGAAGATTCAGCGCACAGAGCAGGAGGACTCGGCCGTGTATCTCTGTGCCAGCAGCTTAGTGGCTAGCGGAGGAATCTTCGGGCCA"	"CASSLVASGGIF"	NA	"TCRBD2-1"	"TCRBJ2-1*1"	61	64	71	76	3	5	NA	NA	"CTGAAGATTCAGCGCACAGAGCAGGAGGACTCGGCCGTGTATCTCTGTGCCAGCAGCTTAGTGGCTAGCGGAGGAATCTTCGGGCCA"	FALSE	TRUE	NA	NA	NA	NA
"TCCGCCAGCACCAACCAGACATCTATGTACCTCTGTGCCAGCTACTCCGGTTTCCTAGCGGGTGTCGATGAGCAGTTCTTCGGGCCA"	"CASYSGFLAGVDEQFF"	"TCCGCCAGCACCAACCAGACATCTATGTACCTCTGTGCCAGCTACTCCGGTTTCCTAGCGGGTGTCGATGAGCAGTTCTTCGGGCCA"	"CASYSGFLAGVDEQFF"	"TCRBV28-1*1"	"TCRBD2-1"	"TCRBJ2-1*1"	42	54	62	67	12	5	NA	NA	"TCCGCCAGCACCAACCAGACATCTATGTACCTCTGTGCCAGCTACTCCGGTTTCCTAGCGGGTGTCGATGAGCAGTTCTTCGGGCCA"	FALSE	TRUE	NA	NA	NA	NA
"TCACTCTGGAGTCCGCTACCAGCTCCCAGACATCTGTGTACTTCTGTGCCATGGACTAGCGGGACGGGGGAGCTGTTTTTTGGAGAA"	""	"TCACTCTGGAGTCCGCTACCAGCTCCCAGACATCTGTGTACTTCTGTGCCATGGACTAGCGGGACGGGGGAGCTGTTTTTTGGAGAA"	""	"TCRBV1-3*1"	"TCRBD2-1*2"	"TCRBJ2-2*1"	-1	52	64	66	53	2	NA	NA	"TCACTCTGGAGTCCGCTACCAGCTCCCAGACATCTGTGTACTTCTGTGCCATGGACTAGCGGGACGGGGGAGCTGTTTTTTGGAGAA"	FALSE	FALSE	NA	NA	NA	NA
"TCGGCTGCTCCCTCCCAGACATCTGTGTACTTCTGTGCCAGCAGTGAAGCGCTTCCCGGCCGCTCCTACGAGCAGTACTTCGGGCCG"	"CASSEALPGRSYEQYF"	"TCGGCTGCTCCCTCCCAGACATCTGTGTACTTCTGTGCCAGCAGTGAAGCGCTTCCCGGCCGCTCCTACGAGCAGTACTTCGGGCCG"	"CASSEALPGRSYEQYF"	"TCRBV6-1*1"	NA	"TCRBJ2-7*1"	50	57	60	62	7	2	NA	NA	"TCGGCTGCTCCCTCCCAGACATCTGTGTACTTCTGTGCCAGCAGTGAAGCGCTTCCCGGCCGCTCCTACGAGCAGTACTTCGGGCCG"	FALSE	TRUE	NA	NA	NA	NA
"CCTGCAGCCAGAAGACTCAGCCCTGTATCTCTGCGCCAGCAGCCAAGATGGACCGACAAGGGCAAAAACATTCAGTACTTCGGCGCC"	""	"CCTGCAGCCAGAAGACTCAGCCCTGTATCTCTGCGCCAGCAGCCAAGATGGACCGACAAGGGCAAAAACATTCAGTACTTCGGCGCC"	""	"TCRBV4-1*1"	NA	"TCRBJ2-4*1"	48	49	53	62	1	9	NA	NA	"CCTGCAGCCAGAAGACTCAGCCCTGTATCTCTGCGCCAGCAGCCAAGATGGACCGACAAGGGCAAAAACATTCAGTACTTCGGCGCC"	FALSE	FALSE	NA	NA	NA	NA
"GAGCAGGGGGACTCGGCCATGTATCTCTGTGCCAGCAGCCGGCTCGTTCACAGATCCGGGAGGGTCCACGAGCAGTACTTCGGGCCG"	"CASSRLVHRSGRVHEQYF"	"GAGCAGGGGGACTCGGCCATGTATCTCTGTGCCAGCAGCCGGCTCGTTCACAGATCCGGGAGGGTCCACGAGCAGTACTTCGGGCCG"	"CASSRLVHRSGRVHEQYF"	"TCRBV7-9*1"	"TCRBD2-1*2"	"TCRBJ2-7*1"	39	56	64	67	17	3	NA	NA	"GAGCAGGGGGACTCGGCCATGTATCTCTGTGCCAGCAGCCGGCTCGTTCACAGATCCGGGAGGGTCCACGAGCAGTACTTCGGGCCG"	FALSE	TRUE	NA	NA	NA	NA
"GAAGACTCGGCCCTGTATCTCTGCGCCAGCAGCCAATTCCAGTCTAGCGGGAGGGCCGATGTTTCCTACGAGCAGTACTTCGGGCCG"	"CASSQFQSSGRADVSYEQYF"	"GAAGACTCGGCCCTGTATCTCTGCGCCAGCAGCCAATTCCAGTCTAGCGGGAGGGCCGATGTTTCCTACGAGCAGTACTTCGGGCCG"	"CASSQFQSSGRADVSYEQYF"	"TCRBV4-3*1"	"TCRBD2-1*2"	"TCRBJ2-7*1"	36	43	55	63	7	8	NA	NA	"GAAGACTCGGCCCTGTATCTCTGCGCCAGCAGCCAATTCCAGTCTAGCGGGAGGGCCGATGTTTCCTACGAGCAGTACTTCGGGCCG"	FALSE	TRUE	NA	NA	NA	NA
"CACATCAATTCCCTGGAGCTTGGTGACTCTGCTGTGTATTTCTGTGCCAGCAGCCGACGGGACACAGATACGCAGTATTTTGGCCCA"	"CASSRRDTDTQYF"	"CACATCAATTCCCTGGAGCTTGGTGACTCTGCTGTGTATTTCTGTGCCAGCAGCCGACGGGACACAGATACGCAGTATTTTGGCCCA"	"CASSRRDTDTQYF"	"TCRBV3-1/3-2*1"	"TCRBD2-1*2"	"TCRBJ2-3*1"	55	57	-1	62	2	63	NA	NA	"CACATCAATTCCCTGGAGCTTGGTGACTCTGCTGTGTATTTCTGTGCCAGCAGCCGACGGGACACAGATACGCAGTATTTTGGCCCA"	FALSE	TRUE	NA	NA	NA	NA
"CGGCCCAAAAGAACCCGACAGCTTTCTATCTCTGTGCCAGTAGTATATGTCCGGGGACAGGGTAATTCACCCCTCCACTTTGGGAAT"	""	"CGGCCCAAAAGAACCCGACAGCTTTCTATCTCTGTGCCAGTAGTATATGTCCGGGGACAGGGTAATTCACCCCTCCACTTTGGGAAT"	""	"TCRBV19-1*1"	"TCRBD1-1*1"	"TCRBJ1-6*1"	47	53	-1	62	6	63	NA	NA	"CGGCCCAAAAGAACCCGACAGCTTTCTATCTCTGTGCCAGTAGTATATGTCCGGGGACAGGGTAATTCACCCCTCCACTTTGGGAAT"	FALSE	FALSE	NA	NA	NA	NA
"CTGAGTTCTAAGAAGCTCCTTCTCAGTGACTCTGGCTTCTATCTCTGTGCCGGGAGGGGGCAGTTCTACGAGCAGTACTTCGGGCCG"	"CAGRGQFYEQYF"	"CTGAGTTCTAAGAAGCTCCTTCTCAGTGACTCTGGCTTCTATCTCTGTGCCGGGAGGGGGCAGTTCTACGAGCAGTACTTCGGGCCG"	"CAGRGQFYEQYF"	"TCRBV3-1*1"	"TCRBD1-1*1"	"TCRBJ2-7*1"	-1	56	61	65	57	4	NA	NA	"CTGAGTTCTAAGAAGCTCCTTCTCAGTGACTCTGGCTTCTATCTCTGTGCCGGGAGGGGGCAGTTCTACGAGCAGTACTTCGGGCCG"	FALSE	TRUE	NA	NA	NA	NA
"GAGATCCAGCGCACAGAGCAGGGGGACTCGGCCATGTATCTCTGTGCCAGCAGCTTAGGGGACAAGTACGAGCAGTACTTCGGGCCG"	"CASSLGDKYEQYF"	"GAGATCCAGCGCACAGAGCAGGGGGACTCGGCCATGTATCTCTGTGCCAGCAGCTTAGGGGACAAGTACGAGCAGTACTTCGGGCCG"	"CASSLGDKYEQYF"	"TCRBV7-9*1"	"TCRBD1-1*1"	"TCRBJ2-7*1"	-1	58	64	66	59	2	NA	NA	"GAGATCCAGCGCACAGAGCAGGGGGACTCGGCCATGTATCTCTGTGCCAGCAGCTTAGGGGACAAGTACGAGCAGTACTTCGGGCCG"	FALSE	TRUE	NA	NA	NA	NA
"ACAAAGCTGGAGGACTCAGCCATGTACTTCTGTGCCAGCAGTGATGCATATTGGGCAGGGGGAGCCTACGAGCAGTACTTCGGGCCG"	"CASSDAYWAGGAYEQYF"	"ACAAAGCTGGAGGACTCAGCCATGTACTTCTGTGCCAGCAGTGATGCATATTGGGCAGGGGGAGCCTACGAGCAGTACTTCGGGCCG"	"CASSDAYWAGGAYEQYF"	"TCRBV2-1"	"TCRBD1-1*1"	"TCRBJ2-7*1"	44	55	62	64	11	2	NA	NA	"ACAAAGCTGGAGGACTCAGCCATGTACTTCTGTGCCAGCAGTGATGCATATTGGGCAGGGGGAGCCTACGAGCAGTACTTCGGGCCG"	FALSE	TRUE	NA	NA	NA	NA
"GATCCAGTCCACGGAGTCAGGGGACACAGCACTGTATTTCTGTGCCAGCAGCGCTAGGGCGGAAACACTGAAGCTTTCTTTGGACAA"	""	"GATCCAGTCCACGGAGTCAGGGGACACAGCACTGTATTTCTGTGCCAGCAGCGCTAGGGCGGAAACACTGAAGCTTTCTTTGGACAA"	""	"TCRBV21-1*1"	NA	"TCRBJ1-1*1"	52	55	59	63	3	4	NA	NA	"GATCCAGTCCACGGAGTCAGGGGACACAGCACTGTATTTCTGTGCCAGCAGCGCTAGGGCGGAAACACTGAAGCTTTCTTTGGACAA"	FALSE	FALSE	NA	NA	NA	NA
"NTGTCGGCTGCTCCCTCCCAGACATCTGTGTACTTCTGTGCCAGCAGTTTCCAAACAGGGACCACCGGGGAGCTGTTTTTTGGAGAA"	"CASSFQTGTTGELFF"	"NTGTCGGCTGCTCCCTCCCAGACATCTGTGTACTTCTGTGCCAGCAGTTTCCAAACAGGGACCACCGGGGAGCTGTTTTTTGGAGAA"	"CASSFQTGTTGELFF"	"TCRBV6-5*1"	"TCRBD1-1*1"	"TCRBJ2-2*1"	49	54	60	62	5	2	NA	NA	"NTGTCGGCTGCTCCCTCCCAGACATCTGTGTACTTCTGTGCCAGCAGTTTCCAAACAGGGACCACCGGGGAGCTGTTTTTTGGAGAA"	FALSE	TRUE	NA	NA	NA	NA
"CATGAGCCCTGAAGACAGCAGCATATATCTCTGCAGCGTTGAAGAGTTAGGCAGCAAGGTAGCAATCAGCCCCAGCATTTTGGTGAT"	""	"CATGAGCCCTGAAGACAGCAGCATATATCTCTGCAGCGTTGAAGAGTTAGGCAGCAAGGTAGCAATCAGCCCCAGCATTTTGGTGAT"	""	"TCRBV29-1"	NA	"TCRBJ1-5*1"	45	51	54	59	6	5	NA	NA	"CATGAGCCCTGAAGACAGCAGCATATATCTCTGCAGCGTTGAAGAGTTAGGCAGCAAGGTAGCAATCAGCCCCAGCATTTTGGTGAT"	FALSE	FALSE	NA	NA	NA	NA
"CACGGAGTCAGGGGACACAGCACTGTATTTCTGTGCCAGCAGCAAACTAATCCAGGGGGCTGAGGAAACACCATATATTTTGGAGAG"	""	"CACGGAGTCAGGGGACACAGCACTGTATTTCTGTGCCAGCAGCAAACTAATCCAGGGGGCTGAGGAAACACCATATATTTTGGAGAG"	""	"TCRBV21-1*1"	"TCRBD1-1*1"	"TCRBJ1-3*1"	46	52	60	63	6	3	NA	NA	"CACGGAGTCAGGGGACACAGCACTGTATTTCTGTGCCAGCAGCAAACTAATCCAGGGGGCTGAGGAAACACCATATATTTTGGAGAG"	FALSE	FALSE	NA	NA	NA	NA
"CTGGAGTCCGCCAGCACCAACCAGACATCTATGTACCTCTGTGCCAGCAGGGGGCCCAGGGAGGCCTACGAGCAGTACTTCGGGCCG"	"CASRGPREAYEQYF"	"CTGGAGTCCGCCAGCACCAACCAGACATCTATGTACCTCTGTGCCAGCAGGGGGCCCAGGGAGGCCTACGAGCAGTACTTCGGGCCG"	"CASRGPREAYEQYF"	"TCRBV28-1*1"	"TCRBD2-1*2"	"TCRBJ2-7*1"	50	58	-1	64	8	65	NA	NA	"CTGGAGTCCGCCAGCACCAACCAGACATCTATGTACCTCTGTGCCAGCAGGGGGCCCAGGGAGGCCTACGAGCAGTACTTCGGGCCG"	FALSE	TRUE	NA	NA	NA	NA
"CAGGTAGTGCGAGGAGATTCGGCAGCTTATTTCTGTGCCAGCTCAGCACAACAGACCCCCGGGCCCTACGAGCAGTACTTCGGGCCG"	"CASSAQQTPGPYEQYF"	"CAGGTAGTGCGAGGAGATTCGGCAGCTTATTTCTGTGCCAGCTCAGCACAACAGACCCCCGGGCCCTACGAGCAGTACTTCGGGCCG"	"CASSAQQTPGPYEQYF"	"TCRBV18-1*1"	NA	"TCRBJ2-7*1"	49	50	54	64	1	10	NA	NA	"CAGGTAGTGCGAGGAGATTCGGCAGCTTATTTCTGTGCCAGCTCAGCACAACAGACCCCCGGGCCCTACGAGCAGTACTTCGGGCCG"	FALSE	TRUE	NA	NA	NA	NA
"TCGGCCCAAAAGAACCCGACAGCTTTCTATCTCTGTGCCAGTAGTATAGCCGGACAGTCCCCCACAGATACGCAGTATTTTGGCCCA"	"CASSIAGQSPTDTQYF"	"TCGGCCCAAAAGAACCCGACAGCTTTCTATCTCTGTGCCAGTAGTATAGCCGGACAGTCCCCCACAGATACGCAGTATTTTGGCCCA"	"CASSIAGQSPTDTQYF"	"TCRBV19-1*1"	"TCRBD1-1*1"	"TCRBJ2-3*1"	49	51	57	62	2	5	NA	NA	"TCGGCCCAAAAGAACCCGACAGCTTTCTATCTCTGTGCCAGTAGTATAGCCGGACAGTCCCCCACAGATACGCAGTATTTTGGCCCA"	FALSE	TRUE	NA	NA	NA	NA
"ACTCTGACGATCCAGCGCACAGAGCAGGAGGACTCGGCCGTGTATCTCTGTGCCAGCAGTCTAGCAACACCCCTCCACTTTGGGAAT"	"CASSLATPLHF"	"ACTCTGACGATCCAGCGCACAGAGCAGGAGGACTCGGCCGTGTATCTCTGTGCCAGCAGTCTAGCAACACCCCTCCACTTTGGGAAT"	"CASSLATPLHF"	"TCRBV7-2"	"TCRBD2-1"	"TCRBJ1-6*1"	59	60	65	67	1	2	NA	NA	"ACTCTGACGATCCAGCGCACAGAGCAGGAGGACTCGGCCGTGTATCTCTGTGCCAGCAGTCTAGCAACACCCCTCCACTTTGGGAAT"	FALSE	TRUE	NA	NA	NA	NA
"AGTCGCCCAGCCCCAACCAGACCTCTCTGTACTTCTGTGCCAGCAGTACGGAATTCCAGGGTACAAGAGACCCAGTACTTCGGGCCA"	""	"AGTCGCCCAGCCCCAACCAGACCTCTCTGTACTTCTGTGCCAGCAGTACGGAATTCCAGGGTACAAGAGACCCAGTACTTCGGGCCA"	""	"TCRBV27-1*1"	"TCRBD1-1*1"	"TCRBJ2-5*1"	47	56	61	63	9	2	NA	NA	"AGTCGCCCAGCCCCAACCAGACCTCTCTGTACTTCTGTGCCAGCAGTACGGAATTCCAGGGTACAAGAGACCCAGTACTTCGGGCCA"	FALSE	FALSE	NA	NA	NA	NA
"GCTCAGGCTGGAGTCAGCTGCTCCCTCCCAGACATCTGTATACTTCTGTGCCAGCGCTTCCCGGTCCGTGGCTACACCTTCGGTTCG"	""	"GCTCAGGCTGGAGTCAGCTGCTCCCTCCCAGACATCTGTATACTTCTGTGCCAGCGCTTCCCGGTCCGTGGCTACACCTTCGGTTCG"	""	"TCRBV6-9*1"	"TCRBD2-1"	"TCRBJ1-2*1"	55	61	64	68	6	4	NA	NA	"GCTCAGGCTGGAGTCAGCTGCTCCCTCCCAGACATCTGTATACTTCTGTGCCAGCGCTTCCCGGTCCGTGGCTACACCTTCGGTTCG"	FALSE	FALSE	NA	NA	NA	NA
"ATCCAGCCCTCAGAACCCAGGGACTCAGCTGTGTATTTTTGTGCTAGTGGTTTGGAAAATGGGATGACTGAAGCTTTCTTTGGACAA"	"CASGLENGMTEAFF"	"ATCCAGCCCTCAGAACCCAGGGACTCAGCTGTGTATTTTTGTGCTAGTGGTTTGGAAAATGGGATGACTGAAGCTTTCTTTGGACAA"	"CASGLENGMTEAFF"	"TCRBV12-5*1"	NA	"TCRBJ1-1*1"	55	60	64	66	5	2	NA	NA	"ATCCAGCCCTCAGAACCCAGGGACTCAGCTGTGTATTTTTGTGCTAGTGGTTTGGAAAATGGGATGACTGAAGCTTTCTTTGGACAA"	FALSE	TRUE	NA	NA	NA	NA
"CAGCAGGTAGTGCGAGGAGATTCGGCAGCTTATTTCTGTGCCAGCTCACCACAGACAGGGTCCCGCTATGGCTACACCTTCGGTTCG"	"CASSPQTGSRYGYTF"	"CAGCAGGTAGTGCGAGGAGATTCGGCAGCTTATTTCTGTGCCAGCTCACCACAGACAGGGTCCCGCTATGGCTACACCTTCGGTTCG"	"CASSPQTGSRYGYTF"	"TCRBV18-1*1"	"TCRBD1-1*1"	"TCRBJ1-2*1"	52	53	60	65	1	5	NA	NA	"CAGCAGGTAGTGCGAGGAGATTCGGCAGCTTATTTCTGTGCCAGCTCACCACAGACAGGGTCCCGCTATGGCTACACCTTCGGTTCG"	FALSE	TRUE	NA	NA	NA	NA
"AGCAGCTTCTACATCTGCAGTGCTAGATCGGGGCGGGAGGGGCGAAGACTAGCGGGAGGGCCGCTAGATACGCAGTATTTTGGCCCA"	"CSARSGREGRRLAGGPLDTQYF"	"AGCAGCTTCTACATCTGCAGTGCTAGATCGGGGCGGGAGGGGCGAAGACTAGCGGGAGGGCCGCTAGATACGCAGTATTTTGGCCCA"	"CSARSGREGRRLAGGPLDTQYF"	NA	"TCRBD2-1*2"	"TCRBJ2-3*1"	41	46	60	65	5	5	NA	NA	"AGCAGCTTCTACATCTGCAGTGCTAGATCGGGGCGGGAGGGGCGAAGACTAGCGGGAGGGCCGCTAGATACGCAGTATTTTGGCCCA"	FALSE	TRUE	NA	NA	NA	NA
"GACTCAGCTGTGTACTTCTGTGCCAGCAGTTTAGTTTGGCCCCCGGGACTAGCGGGAGGGCCCTACAATGAGCAGTTCTTCGGGCCA"	"CASSLVWPPGLAGGPYNEQFF"	"GACTCAGCTGTGTACTTCTGTGCCAGCAGTTTAGTTTGGCCCCCGGGACTAGCGGGAGGGCCCTACAATGAGCAGTTCTTCGGGCCA"	"CASSLVWPPGLAGGPYNEQFF"	NA	"TCRBD2-1*2"	"TCRBJ2-1*1"	34	44	60	61	10	1	NA	NA	"GACTCAGCTGTGTACTTCTGTGCCAGCAGTTTAGTTTGGCCCCCGGGACTAGCGGGAGGGCCCTACAATGAGCAGTTCTTCGGGCCA"	FALSE	TRUE	NA	NA	NA	NA
"AATGTGAGCACCTTGGAGCTGGGGGACTCGGCCCTTTATCTTTGCGCCAGCCGTACCGGGACTATGGATACGCAGTATTTTGGCCCA"	"CASRTGTMDTQYF"	"AATGTGAGCACCTTGGAGCTGGGGGACTCGGCCCTTTATCTTTGCGCCAGCCGTACCGGGACTATGGATACGCAGTATTTTGGCCCA"	"CASRTGTMDTQYF"	"TCRBV5-1*1"	"TCRBD2-1"	"TCRBJ2-3*1"	51	57	64	66	6	2	NA	NA	"AATGTGAGCACCTTGGAGCTGGGGGACTCGGCCCTTTATCTTTGCGCCAGCCGTACCGGGACTATGGATACGCAGTATTTTGGCCCA"	FALSE	TRUE	NA	NA	NA	NA
"AGCAACATGAGCCCTGAAGACAGCAGCATATATCTCTGCAGCGTTGAAGTTGGGACGGCCTCCTACAATGAGCAGTTCTTCGGGCCA"	"CSVEVGTASYNEQFF"	"AGCAACATGAGCCCTGAAGACAGCAGCATATATCTCTGCAGCGTTGAAGTTGGGACGGCCTCCTACAATGAGCAGTTCTTCGGGCCA"	"CSVEVGTASYNEQFF"	"TCRBV29-1"	NA	"TCRBJ2-1*1"	49	51	56	59	2	3	NA	NA	"AGCAACATGAGCCCTGAAGACAGCAGCATATATCTCTGCAGCGTTGAAGTTGGGACGGCCTCCTACAATGAGCAGTTCTTCGGGCCA"	FALSE	TRUE	NA	NA	NA	NA
"AACGCCTTGGAGCTGGACGACTCGGCCCTGTATCTCTGTGCCAGCAGCTTGGGAGGCGCCAGCACAGATACGCAGTATTTTGGCCCA"	"CASSLGGASTDTQYF"	"AACGCCTTGGAGCTGGACGACTCGGCCCTGTATCTCTGTGCCAGCAGCTTGGGAGGCGCCAGCACAGATACGCAGTATTTTGGCCCA"	"CASSLGGASTDTQYF"	"TCRBV5-4*1"	"TCRBD2-1*2"	"TCRBJ2-3*1"	-1	52	56	60	53	4	NA	NA	"AACGCCTTGGAGCTGGACGACTCGGCCCTGTATCTCTGTGCCAGCAGCTTGGGAGGCGCCAGCACAGATACGCAGTATTTTGGCCCA"	FALSE	TRUE	NA	NA	NA	NA
"AAGATCCGGTCCACAAAGCTGGAGGACTCAGCCATGTACTTCTGTGCCAGCAGTACTAGAACACAGGGTGAGCAGTTCTTCGGGCCA"	"CASSTRTQGEQFF"	"AAGATCCGGTCCACAAAGCTGGAGGACTCAGCCATGTACTTCTGTGCCAGCAGTACTAGAACACAGGGTGAGCAGTTCTTCGGGCCA"	"CASSTRTQGEQFF"	"TCRBV2-1"	"TCRBD1-1*1"	"TCRBJ2-1*1"	54	62	-1	68	8	69	NA	NA	"AAGATCCGGTCCACAAAGCTGGAGGACTCAGCCATGTACTTCTGTGCCAGCAGTACTAGAACACAGGGTGAGCAGTTCTTCGGGCCA"	FALSE	TRUE	NA	NA	NA	NA
"ACGATCCAGCGCACAGAGCAGGGGGACTCGGCCATGTATCTCTGTGCCAGCAGCCCGGCTAGCTTGGGGACCCAGTACTTCGGGCCA"	"CASSPASLGTQYF"	"ACGATCCAGCGCACAGAGCAGGGGGACTCGGCCATGTATCTCTGTGCCAGCAGCCCGGCTAGCTTGGGGACCCAGTACTTCGGGCCA"	"CASSPASLGTQYF"	"TCRBV7-9*1"	"TCRBD2-1"	"TCRBJ2-5*1"	54	58	63	68	4	5	NA	NA	"ACGATCCAGCGCACAGAGCAGGGGGACTCGGCCATGTATCTCTGTGCCAGCAGCCCGGCTAGCTTGGGGACCCAGTACTTCGGGCCA"	FALSE	TRUE	NA	NA	NA	NA
"CAGCGCACAGAGCAGGGGGACTCGGCCATGTATCTCTGTGCCAGCAGATCCGGGACAGAAAACTCCTACGAGCAGTACTTCGGGCCG"	"CASRSGTENSYEQYF"	"CAGCGCACAGAGCAGGGGGACTCGGCCATGTATCTCTGTGCCAGCAGATCCGGGACAGAAAACTCCTACGAGCAGTACTTCGGGCCG"	"CASRSGTENSYEQYF"	"TCRBV7-9*1"	"TCRBD1-1*1"	"TCRBJ2-7*1"	47	51	58	62	4	4	NA	NA	"CAGCGCACAGAGCAGGGGGACTCGGCCATGTATCTCTGTGCCAGCAGATCCGGGACAGAAAACTCCTACGAGCAGTACTTCGGGCCG"	FALSE	TRUE	NA	NA	NA	NA
"NTGTCGGCTGCTCCCTCCCAAACATCTGTGTACTTCTGTGCCAGCAGTACCCTAGAGGCCCTTTCGGATACGCAGTATTTTGGCCCA"	"CASSTLEALSDTQYF"	"NTGTCGGCTGCTCCCTCCCAAACATCTGTGTACTTCTGTGCCAGCAGTACCCTAGAGGCCCTTTCGGATACGCAGTATTTTGGCCCA"	"CASSTLEALSDTQYF"	"TCRBV6-2/6-3*1"	"TCRBD2-1"	"TCRBJ2-3*1"	48	51	55	66	3	11	NA	NA	"NTGTCGGCTGCTCCCTCCCAAACATCTGTGTACTTCTGTGCCAGCAGTACCCTAGAGGCCCTTTCGGATACGCAGTATTTTGGCCCA"	FALSE	TRUE	NA	NA	NA	NA
"TCTGCCATCCCCAACCAGACAGCTCTTTACTTCTGTGCCACCAGTGAGCCTACTAGCGGGAGGGCCAATGAGCAGTTCTTCGGGCCA"	"CATSEPTSGRANEQFF"	"TCTGCCATCCCCAACCAGACAGCTCTTTACTTCTGTGCCACCAGTGAGCCTACTAGCGGGAGGGCCAATGAGCAGTTCTTCGGGCCA"	"CATSEPTSGRANEQFF"	"TCRBV24-1*1"	"TCRBD2-1*2"	"TCRBJ2-1*1"	47	51	64	65	4	1	NA	NA	"TCTGCCATCCCCAACCAGACAGCTCTTTACTTCTGTGCCACCAGTGAGCCTACTAGCGGGAGGGCCAATGAGCAGTTCTTCGGGCCA"	FALSE	TRUE	NA	NA	NA	NA
"NNNNNNTGTCGGCTGCTCCCTCCCAGACATCTGTGTACTTCTGTGCCGGGCATTACGGGACACAAAAACATTCAGTACTTCGGCGCC"	""	"NNNNNNTGTCGGCTGCTCCCTCCCAGACATCTGTGTACTTCTGTGCCGGGCATTACGGGACACAAAAACATTCAGTACTTCGGCGCC"	""	"TCRBV6-5*1"	"TCRBD1-1*1"	"TCRBJ2-4*1"	47	56	-1	62	9	63	NA	NA	"NNNNNNTGTCGGCTGCTCCCTCCCAGACATCTGTGTACTTCTGTGCCGGGCATTACGGGACACAAAAACATTCAGTACTTCGGCGCC"	FALSE	FALSE	NA	NA	NA	NA
"CGGTCCACAAAGCTGGAGGACTCAGCCATGTACTTCTGTGCCAGCAGCTTTGGGGTCATCGCAAGGAACGAGCAGTACTTCGGGCCG"	"CASSFGVIARNEQYF"	"CGGTCCACAAAGCTGGAGGACTCAGCCATGTACTTCTGTGCCAGCAGCTTTGGGGTCATCGCAAGGAACGAGCAGTACTTCGGGCCG"	"CASSFGVIARNEQYF"	"TCRBV2-1"	NA	"TCRBJ2-7*1"	47	51	55	67	4	12	NA	NA	"CGGTCCACAAAGCTGGAGGACTCAGCCATGTACTTCTGTGCCAGCAGCTTTGGGGTCATCGCAAGGAACGAGCAGTACTTCGGGCCG"	FALSE	TRUE	NA	NA	NA	NA
"TCACCAGGCCTGGGGGACGCAGCCATGTACCTGTGTGCCACCAGCAGAGCCTCAGGGGTCGGGAACACTGAAGCTTTCTTTGGACAA"	"CATSRASGVGNTEAFF"	"TCACCAGGCCTGGGGGACGCAGCCATGTACCTGTGTGCCACCAGCAGAGCCTCAGGGGTCGGGAACACTGAAGCTTTCTTTGGACAA"	"CATSRASGVGNTEAFF"	"TCRBV15-1*2"	"TCRBD1-1*1"	"TCRBJ1-1*1"	49	52	58	62	3	4	NA	NA	"TCACCAGGCCTGGGGGACGCAGCCATGTACCTGTGTGCCACCAGCAGAGCCTCAGGGGTCGGGAACACTGAAGCTTTCTTTGGACAA"	FALSE	TRUE	NA	NA	NA	NA
"CTGCAGCCAGAAGACTCAGCCCTGTATCTCTGCGCCAGCAGCCAAGTAGCGGGAGAGGAACTACCCTACGAGCAGTACTTCGGGCCG"	"CASSQVAGEELPYEQYF"	"CTGCAGCCAGAAGACTCAGCCCTGTATCTCTGCGCCAGCAGCCAAGTAGCGGGAGAGGAACTACCCTACGAGCAGTACTTCGGGCCG"	"CASSQVAGEELPYEQYF"	"TCRBV4-1*1"	"TCRBD2-1*2"	"TCRBJ2-7*1"	-1	46	55	64	47	9	NA	NA	"CTGCAGCCAGAAGACTCAGCCCTGTATCTCTGCGCCAGCAGCCAAGTAGCGGGAGAGGAACTACCCTACGAGCAGTACTTCGGGCCG"	FALSE	TRUE	NA	NA	NA	NA
"CAGCCCTCAGAACCCAGGGACTCAGCTGTGTATTTTTGTGCTAGTGGTTCGGACACAGGGTTATCCGGGGAGCTGTTTTTTGGAGAA"	"CASGSDTGLSGELFF"	"CAGCCCTCAGAACCCAGGGACTCAGCTGTGTATTTTTGTGCTAGTGGTTCGGACACAGGGTTATCCGGGGAGCTGTTTTTTGGAGAA"	"CASGSDTGLSGELFF"	"TCRBV12-5*1"	"TCRBD1-1*1"	"TCRBJ2-2*1"	49	54	60	64	5	4	NA	NA	"CAGCCCTCAGAACCCAGGGACTCAGCTGTGTATTTTTGTGCTAGTGGTTCGGACACAGGGTTATCCGGGGAGCTGTTTTTTGGAGAA"	FALSE	TRUE	NA	NA	NA	NA
"TTGGAGCTGGAGGACTCGGCCCTGTATCTCTGTGCCAGCAGCTTGTACCAGGGCCACTAGTGAAACTATGGCTACACCTTCGGTTCG"	"CASSLYQGH**NYGYTF"	"TTGGAGCTGGAGGACTCGGCCCTGTATCTCTGTGCCAGCAGCTTGTACCAGGGCCACTAGTGAAACTATGGCTACACCTTCGGTTCG"	"CASSLYQGH**NYGYTF"	"TCRBV5-8*1"	NA	"TCRBJ1-2*1"	45	48	53	63	3	10	NA	NA	"TTGGAGCTGGAGGACTCGGCCCTGTATCTCTGTGCCAGCAGCTTGTACCAGGGCCACTAGTGAAACTATGGCTACACCTTCGGTTCG"	FALSE	TRUE	NA	NA	NA	NA
"ATCGGCCCAAAAGAACCCGACAGCTTTCTATCTCTGTGCCAGTAGTATAGATGGAGGGTTGGGGACTATGGCTACACCTTCGGTTCG"	""	"ATCGGCCCAAAAGAACCCGACAGCTTTCTATCTCTGTGCCAGTAGTATAGATGGAGGGTTGGGGACTATGGCTACACCTTCGGTTCG"	""	"TCRBV19-1*1"	"TCRBD2-1*2"	"TCRBJ1-2*1"	51	52	58	64	1	6	NA	NA	"ATCGGCCCAAAAGAACCCGACAGCTTTCTATCTCTGTGCCAGTAGTATAGATGGAGGGTTGGGGACTATGGCTACACCTTCGGTTCG"	FALSE	FALSE	NA	NA	NA	NA
"ACCAGTGCCCATCCTGAAGACAGCAGCTTCTACATCTGCAGTGCTAGAGATAGACTAGCGGGAGTGTTTGAGCAGTTCTTCGGGCCA"	"CSARDRLAGVFEQFF"	"ACCAGTGCCCATCCTGAAGACAGCAGCTTCTACATCTGCAGTGCTAGAGATAGACTAGCGGGAGTGTTTGAGCAGTTCTTCGGGCCA"	"CSARDRLAGVFEQFF"	NA	"TCRBD2-1*2"	"TCRBJ2-1*1"	50	52	64	68	2	4	NA	NA	"ACCAGTGCCCATCCTGAAGACAGCAGCTTCTACATCTGCAGTGCTAGAGATAGACTAGCGGGAGTGTTTGAGCAGTTCTTCGGGCCA"	FALSE	TRUE	NA	NA	NA	NA
"GTCTGCTGCCTCCTCCCAGACATCTGTATATTTCTGCGCCAGCAGTGAGTCGTATTTATTGTCTGAGATACGCAGTATTTTGGCCCA"	""	"GTCTGCTGCCTCCTCCCAGACATCTGTATATTTCTGCGCCAGCAGTGAGTCGTATTTATTGTCTGAGATACGCAGTATTTTGGCCCA"	""	"TCRBV1-1"	"TCRBD2-1"	"TCRBJ2-3*1"	51	62	64	65	11	1	NA	NA	"GTCTGCTGCCTCCTCCCAGACATCTGTATATTTCTGCGCCAGCAGTGAGTCGTATTTATTGTCTGAGATACGCAGTATTTTGGCCCA"	FALSE	FALSE	NA	NA	NA	NA
"AATTCCCTGGAGCTTGGTGACTCTGCTGTGTATTTCTGTGCCAGCAGCGGGAGCACAGGGGATTATCAGCCCCAGCATTTTGGTGAT"	"CASSGSTGDYQPQHF"	"AATTCCCTGGAGCTTGGTGACTCTGCTGTGTATTTCTGTGCCAGCAGCGGGAGCACAGGGGATTATCAGCCCCAGCATTTTGGTGAT"	"CASSGSTGDYQPQHF"	"TCRBV3-1/3-2*1"	"TCRBD1-1*1"	"TCRBJ1-5*1"	48	54	61	64	6	3	NA	NA	"AATTCCCTGGAGCTTGGTGACTCTGCTGTGTATTTCTGTGCCAGCAGCGGGAGCACAGGGGATTATCAGCCCCAGCATTTTGGTGAT"	FALSE	TRUE	NA	NA	NA	NA
"ACCCTGGAGTCTGCCAGGCCCTCACATACCTCTCAGTACCTCTGTGCCAGCAGTGAATCTTCCCTTTATGGCTACACCTTCGGTTCG"	"CASSESSLYGYTF"	"ACCCTGGAGTCTGCCAGGCCCTCACATACCTCTCAGTACCTCTGTGCCAGCAGTGAATCTTCCCTTTATGGCTACACCTTCGGTTCG"	"CASSESSLYGYTF"	"TCRBV25-1*1"	"TCRBD2-1"	"TCRBJ1-2*1"	-1	58	60	66	59	6	NA	NA	"ACCCTGGAGTCTGCCAGGCCCTCACATACCTCTCAGTACCTCTGTGCCAGCAGTGAATCTTCCCTTTATGGCTACACCTTCGGTTCG"	FALSE	TRUE	NA	NA	NA	NA
"TGTCGGCTGCTCCCTCCCAGACATCTGTGTACTTCTGTGCCAGCAGTGAAACGGGGAGGGCCGGTGTATGAGCAGTTCTTCGGGCCA"	""	"TGTCGGCTGCTCCCTCCCAGACATCTGTGTACTTCTGTGCCAGCAGTGAAACGGGGAGGGCCGGTGTATGAGCAGTTCTTCGGGCCA"	""	"TCRBV6-1*1"	"TCRBD2-1*2"	"TCRBJ2-1*1"	50	53	60	67	3	7	NA	NA	"TGTCGGCTGCTCCCTCCCAGACATCTGTGTACTTCTGTGCCAGCAGTGAAACGGGGAGGGCCGGTGTATGAGCAGTTCTTCGGGCCA"	FALSE	FALSE	NA	NA	NA	NA
"TAAGAAGCTCCTTCTCAGTGACTCTGGCTTCTATCTCTGTGCCTGGAGTGTACAAGGGAGTAAGCTCACGAGCAGTACTTCGGGCCG"	""	"TAAGAAGCTCCTTCTCAGTGACTCTGGCTTCTATCTCTGTGCCTGGAGTGTACAAGGGAGTAAGCTCACGAGCAGTACTTCGGGCCG"	""	"TCRBV3-1*1"	"TCRBD2-1*2"	"TCRBJ2-7*1"	51	55	60	67	4	7	NA	NA	"TAAGAAGCTCCTTCTCAGTGACTCTGGCTTCTATCTCTGTGCCTGGAGTGTACAAGGGAGTAAGCTCACGAGCAGTACTTCGGGCCG"	FALSE	FALSE	NA	NA	NA	NA
"TCAGAACCCAGGGACTCAGCTGTGTACTTCTGTGCCAGCAGTACCGGGACAGGGGGCGCAGGGTATCAGCCCCAGCATTTTGGTGAT"	"CASSTGTGGAGYQPQHF"	"TCAGAACCCAGGGACTCAGCTGTGTACTTCTGTGCCAGCAGTACCGGGACAGGGGGCGCAGGGTATCAGCCCCAGCATTTTGGTGAT"	"CASSTGTGGAGYQPQHF"	NA	"TCRBD1-1*1"	"TCRBJ1-5*1"	42	45	57	64	3	7	NA	NA	"TCAGAACCCAGGGACTCAGCTGTGTACTTCTGTGCCAGCAGTACCGGGACAGGGGGCGCAGGGTATCAGCCCCAGCATTTTGGTGAT"	FALSE	TRUE	NA	NA	NA	NA
"CTGGAGCTGGGGGACTCAGCTTTGTATTTCTGTGCCAGCAGCGCTTCGACAGGGGGGCCTACTAACTATGGCTACACCTTCGGTTCG"	"CASSASTGGPTNYGYTF"	"CTGGAGCTGGGGGACTCAGCTTTGTATTTCTGTGCCAGCAGCGCTTCGACAGGGGGGCCTACTAACTATGGCTACACCTTCGGTTCG"	"CASSASTGGPTNYGYTF"	"TCRBV9-1*1"	"TCRBD1-1*1"	"TCRBJ1-2*1"	43	47	56	61	4	5	NA	NA	"CTGGAGCTGGGGGACTCAGCTTTGTATTTCTGTGCCAGCAGCGCTTCGACAGGGGGGCCTACTAACTATGGCTACACCTTCGGTTCG"	FALSE	TRUE	NA	NA	NA	NA
"CGGTCCACAAAGCTGGAGGACTCAGCCATGTACTTCTGTGCCAGCAGTGAGAGGACTAGCGGAACAGATACGCAGTATTTTGGCCCA"	"CASSERTSGTDTQYF"	"CGGTCCACAAAGCTGGAGGACTCAGCCATGTACTTCTGTGCCAGCAGTGAGAGGACTAGCGGAACAGATACGCAGTATTTTGGCCCA"	"CASSERTSGTDTQYF"	"TCRBV2-1"	"TCRBD2-1"	"TCRBJ2-3*1"	50	52	62	63	2	1	NA	NA	"CGGTCCACAAAGCTGGAGGACTCAGCCATGTACTTCTGTGCCAGCAGTGAGAGGACTAGCGGAACAGATACGCAGTATTTTGGCCCA"	FALSE	TRUE	NA	NA	NA	NA
"GCTGCTCCCTCCCAGACATCTGTGTACTTCTGTGCCAGCAGTTACTTTACGGACAGGGGGATGGGAAACACCATATATTTTGGAGAG"	"CASSYFTDRGMGNTIYF"	"GCTGCTCCCTCCCAGACATCTGTGTACTTCTGTGCCAGCAGTTACTTTACGGACAGGGGGATGGGAAACACCATATATTTTGGAGAG"	"CASSYFTDRGMGNTIYF"	NA	"TCRBD1-1*1"	"TCRBJ1-3*1"	46	50	60	63	4	3	NA	NA	"GCTGCTCCCTCCCAGACATCTGTGTACTTCTGTGCCAGCAGTTACTTTACGGACAGGGGGATGGGAAACACCATATATTTTGGAGAG"	FALSE	TRUE	NA	NA	NA	NA
"CACGCCCTGCAGCCAGAAGACTCAGCCCTGTATCTCTGCGCCAGCAGCCGAATAGAGGGCTTTAATCAGCCCCAGCATTTTGGTGAT"	"CASSRIEGFNQPQHF"	"CACGCCCTGCAGCCAGAAGACTCAGCCCTGTATCTCTGCGCCAGCAGCCGAATAGAGGGCTTTAATCAGCCCCAGCATTTTGGTGAT"	"CASSRIEGFNQPQHF"	"TCRBV4-1*1"	"TCRBD2-1*2"	"TCRBJ1-5*1"	49	54	59	63	5	4	NA	NA	"CACGCCCTGCAGCCAGAAGACTCAGCCCTGTATCTCTGCGCCAGCAGCCGAATAGAGGGCTTTAATCAGCCCCAGCATTTTGGTGAT"	FALSE	TRUE	NA	NA	NA	NA
"ATCCTGGAGTCGCCCAGCCCCAACCAGACCTCTCTGTACTTCTGTGCCAGCAGACCAGGGAGGCCTGGAGAGCAGTACTTCGGGCCG"	"CASRPGRPGEQYF"	"ATCCTGGAGTCGCCCAGCCCCAACCAGACCTCTCTGTACTTCTGTGCCAGCAGACCAGGGAGGCCTGGAGAGCAGTACTTCGGGCCG"	"CASRPGRPGEQYF"	"TCRBV27-1*1"	"TCRBD2-1*2"	"TCRBJ2-7*1"	53	57	63	69	4	6	NA	NA	"ATCCTGGAGTCGCCCAGCCCCAACCAGACCTCTCTGTACTTCTGTGCCAGCAGACCAGGGAGGCCTGGAGAGCAGTACTTCGGGCCG"	FALSE	TRUE	NA	NA	NA	NA
"ACCAGTGCCCATCCTGAAGACAGCAGCTTCTACATCTGCAGTGCTAGAGATCCGGACTACCTGTCCTACGAGCAGTACTTCGGGCCG"	"CSARDPDYLSYEQYF"	"ACCAGTGCCCATCCTGAAGACAGCAGCTTCTACATCTGCAGTGCTAGAGATCCGGACTACCTGTCCTACGAGCAGTACTTCGGGCCG"	"CSARDPDYLSYEQYF"	NA	"TCRBD2-1"	"TCRBJ2-7*1"	50	53	59	63	3	4	NA	NA	"ACCAGTGCCCATCCTGAAGACAGCAGCTTCTACATCTGCAGTGCTAGAGATCCGGACTACCTGTCCTACGAGCAGTACTTCGGGCCG"	FALSE	TRUE	NA	NA	NA	NA
"GCTGCTCCCTCCCAGACATCTGTGTACTTCTGTGCCAGCAGTGAATTTAGGACAGCGACCTCTGGAAACACCATATATTTTGGAGAG"	"CASSEFRTATSGNTIYF"	"GCTGCTCCCTCCCAGACATCTGTGTACTTCTGTGCCAGCAGTGAATTTAGGACAGCGACCTCTGGAAACACCATATATTTTGGAGAG"	"CASSEFRTATSGNTIYF"	"TCRBV6-1*1"	"TCRBD1-1*1"	"TCRBJ1-3*1"	45	49	55	59	4	4	NA	NA	"GCTGCTCCCTCCCAGACATCTGTGTACTTCTGTGCCAGCAGTGAATTTAGGACAGCGACCTCTGGAAACACCATATATTTTGGAGAG"	FALSE	TRUE	NA	NA	NA	NA
"NNNNNNNNNNTGTCGGCTGCTCCCTCCCAGACATCTGTGTACTTCTGTGCCAGCAGTGCGGGAAGCAATGAGCAGTTCTTCGGGCCA"	"CASSAGSNEQFF"	"NNNNNNNNNNTGTCGGCTGCTCCCTCCCAGACATCTGTGTACTTCTGTGCCAGCAGTGCGGGAAGCAATGAGCAGTTCTTCGGGCCA"	"CASSAGSNEQFF"	NA	"TCRBD2-1*2"	"TCRBJ2-1*1"	-1	58	63	65	59	2	NA	NA	"NNNNNNNNNNTGTCGGCTGCTCCCTCCCAGACATCTGTGTACTTCTGTGCCAGCAGTGCGGGAAGCAATGAGCAGTTCTTCGGGCCA"	FALSE	TRUE	NA	NA	NA	NA
"AGCAACATGAGCCCTGAAGACAGCAGCATATATCTCTGCAGCGTTGAATTTCGGGACAGGGTACGCTACGAGCAGTACTTCGGGCCG"	"CSVEFRDRVRYEQYF"	"AGCAACATGAGCCCTGAAGACAGCAGCATATATCTCTGCAGCGTTGAATTTCGGGACAGGGTACGCTACGAGCAGTACTTCGGGCCG"	"CSVEFRDRVRYEQYF"	"TCRBV29-1"	"TCRBD1-1*1"	"TCRBJ2-7*1"	48	52	61	65	4	4	NA	NA	"AGCAACATGAGCCCTGAAGACAGCAGCATATATCTCTGCAGCGTTGAATTTCGGGACAGGGTACGCTACGAGCAGTACTTCGGGCCG"	FALSE	TRUE	NA	NA	NA	NA
"TTGGCGTCTGCTGTACCCTCTCAGACATCTGTGTACTTCTGTGCCAGCAGCATAGCGGGAGGGAGGAATGAGCAGTTCTTCGGGCCA"	"CASSIAGGRNEQFF"	"TTGGCGTCTGCTGTACCCTCTCAGACATCTGTGTACTTCTGTGCCAGCAGCATAGCGGGAGGGAGGAATGAGCAGTTCTTCGGGCCA"	"CASSIAGGRNEQFF"	"TCRBV6-4*1"	"TCRBD2-1*2"	"TCRBJ2-1*1"	50	52	63	66	2	3	NA	NA	"TTGGCGTCTGCTGTACCCTCTCAGACATCTGTGTACTTCTGTGCCAGCAGCATAGCGGGAGGGAGGAATGAGCAGTTCTTCGGGCCA"	FALSE	TRUE	NA	NA	NA	NA
"GAGCAGGGGGACTCGGCCATGTATCTCTGTGCCAGCAGCAATTTAGGGGCCCGCAGGGTTCCTAAAGAGACCCAGTACTTCGGGCCA"	"CASSNLGARRVPKETQYF"	"GAGCAGGGGGACTCGGCCATGTATCTCTGTGCCAGCAGCAATTTAGGGGCCCGCAGGGTTCCTAAAGAGACCCAGTACTTCGGGCCA"	"CASSNLGARRVPKETQYF"	"TCRBV7-9*1"	"TCRBD1-1*1"	"TCRBJ2-5*1"	39	53	58	64	14	6	NA	NA	"GAGCAGGGGGACTCGGCCATGTATCTCTGTGCCAGCAGCAATTTAGGGGCCCGCAGGGTTCCTAAAGAGACCCAGTACTTCGGGCCA"	FALSE	TRUE	NA	NA	NA	NA
"GCCAGCACCAACCAGACATCTATGTACCTCTGTGCCAGCAAACCCGGACAGTTTCACGGGTACAATCAGCCCCAGCATTTTGGTGAT"	"CASKPGQFHGYNQPQHF"	"GCCAGCACCAACCAGACATCTATGTACCTCTGTGCCAGCAAACCCGGACAGTTTCACGGGTACAATCAGCCCCAGCATTTTGGTGAT"	"CASKPGQFHGYNQPQHF"	"TCRBV28-1*1"	"TCRBD1-1*1"	"TCRBJ1-5*1"	40	45	51	62	5	11	NA	NA	"GCCAGCACCAACCAGACATCTATGTACCTCTGTGCCAGCAAACCCGGACAGTTTCACGGGTACAATCAGCCCCAGCATTTTGGTGAT"	FALSE	TRUE	NA	NA	NA	NA
"NNNNNNNNNNTGTCGGCTGCTCCCTCCCAAACATCTGTGTACTTCTGTGCCAGCAGTTACGGGTTAGTGGGGCAGTTCTTCGGGCCA"	"CASSYGLVGQFF"	"NNNNNNNNNNTGTCGGCTGCTCCCTCCCAAACATCTGTGTACTTCTGTGCCAGCAGTTACGGGTTAGTGGGGCAGTTCTTCGGGCCA"	"CASSYGLVGQFF"	"TCRBV6-2/6-3*1"	NA	"TCRBJ2-1*1"	-1	60	63	71	61	8	NA	NA	"NNNNNNNNNNTGTCGGCTGCTCCCTCCCAAACATCTGTGTACTTCTGTGCCAGCAGTTACGGGTTAGTGGGGCAGTTCTTCGGGCCA"	FALSE	TRUE	NA	NA	NA	NA
"CTTGACATCCGCTCACCAGGCCTGGGGGACGCAGCCATGTACCTGTGTGCCACCAGCGGGGGCACCGGGGAGCTGTTTTTTGGAGAA"	"CATSGGTGELFF"	"CTTGACATCCGCTCACCAGGCCTGGGGGACGCAGCCATGTACCTGTGTGCCACCAGCGGGGGCACCGGGGAGCTGTTTTTTGGAGAA"	"CATSGGTGELFF"	"TCRBV15-1*2"	NA	"TCRBJ2-2*1"	-1	57	-1	62	58	63	NA	NA	"CTTGACATCCGCTCACCAGGCCTGGGGGACGCAGCCATGTACCTGTGTGCCACCAGCGGGGGCACCGGGGAGCTGTTTTTTGGAGAA"	FALSE	TRUE	NA	NA	NA	NA
"TGGAGTCGCCCAGCCCCAACCAGACCTCTCTGTACTTCTGTGCCAGCAGTTTATCCCCCGTACCAAGAGACCCAGTACTTCGGGCCA"	""	"TGGAGTCGCCCAGCCCCAACCAGACCTCTCTGTACTTCTGTGCCAGCAGTTTATCCCCCGTACCAAGAGACCCAGTACTTCGGGCCA"	""	"TCRBV27-1*1"	"TCRBD2-1"	"TCRBJ2-5*1"	55	58	60	61	3	1	NA	NA	"TGGAGTCGCCCAGCCCCAACCAGACCTCTCTGTACTTCTGTGCCAGCAGTTTATCCCCCGTACCAAGAGACCCAGTACTTCGGGCCA"	FALSE	FALSE	NA	NA	NA	NA
"GTCCGCCAGCACCAACCAGACATCTATGTACCTCTGTGCCAGCAGTTCCCCCTCAGTACAGGATCCTACGAGCAGTACTTCGGGCCG"	""	"GTCCGCCAGCACCAACCAGACATCTATGTACCTCTGTGCCAGCAGTTCCCCCTCAGTACAGGATCCTACGAGCAGTACTTCGGGCCG"	""	"TCRBV28-1*1"	"TCRBD1-1*1"	"TCRBJ2-7*1"	47	57	62	63	10	1	NA	NA	"GTCCGCCAGCACCAACCAGACATCTATGTACCTCTGTGCCAGCAGTTCCCCCTCAGTACAGGATCCTACGAGCAGTACTTCGGGCCG"	FALSE	FALSE	NA	NA	NA	NA
"ACATCGGCCCAAAAGAACCCGACAGCTTTCTATCTCTGTGCCAGTAGTATAGCGGGCCTACCTACCTACGAGCAGTACTTCGGGCCG"	"CASSIAGLPTYEQYF"	"ACATCGGCCCAAAAGAACCCGACAGCTTTCTATCTCTGTGCCAGTAGTATAGCGGGCCTACCTACCTACGAGCAGTACTTCGGGCCG"	"CASSIAGLPTYEQYF"	"TCRBV19-1*1"	NA	"TCRBJ2-7*1"	52	53	57	64	1	7	NA	NA	"ACATCGGCCCAAAAGAACCCGACAGCTTTCTATCTCTGTGCCAGTAGTATAGCGGGCCTACCTACCTACGAGCAGTACTTCGGGCCG"	FALSE	TRUE	NA	NA	NA	NA
"ACCCTGCAGCCAGAAGACTCGGCCCTGTATCTCTGTGCCAGCAGCCAAGATTTGAACGGGAAATACAATGAGCAGTTCTTCGGGCCA"	"CASSQDLNGKYNEQFF"	"ACCCTGCAGCCAGAAGACTCGGCCCTGTATCTCTGTGCCAGCAGCCAAGATTTGAACGGGAAATACAATGAGCAGTTCTTCGGGCCA"	"CASSQDLNGKYNEQFF"	"TCRBV4-2*1"	"TCRBD2-1*2"	"TCRBJ2-1*1"	50	56	61	63	6	2	NA	NA	"ACCCTGCAGCCAGAAGACTCGGCCCTGTATCTCTGTGCCAGCAGCCAAGATTTGAACGGGAAATACAATGAGCAGTTCTTCGGGCCA"	FALSE	TRUE	NA	NA	NA	NA
"AACGCCTTGGAGCTGGAGGACTCGGCCCTGTATCTCTGTGCCAGCAGCTTCAATACAGGGGGTTTGGCACCCCTCCACTTTGGGAAT"	"CASSFNTGGLAPLHF"	"AACGCCTTGGAGCTGGAGGACTCGGCCCTGTATCTCTGTGCCAGCAGCTTCAATACAGGGGGTTTGGCACCCCTCCACTTTGGGAAT"	"CASSFNTGGLAPLHF"	"TCRBV5-8*1"	"TCRBD1-1*1"	"TCRBJ1-6*1"	50	54	62	67	4	5	NA	NA	"AACGCCTTGGAGCTGGAGGACTCGGCCCTGTATCTCTGTGCCAGCAGCTTCAATACAGGGGGTTTGGCACCCCTCCACTTTGGGAAT"	FALSE	TRUE	NA	NA	NA	NA
"ACATCGGCCCAAAAGAACCCGACAGCTTTCTATCTCTGTGCCAGTAGTTCTCGCGGGCTAGCGGCTTACGAGCAGTACTTCGGGCCG"	"CASSSRGLAAYEQYF"	"ACATCGGCCCAAAAGAACCCGACAGCTTTCTATCTCTGTGCCAGTAGTTCTCGCGGGCTAGCGGCTTACGAGCAGTACTTCGGGCCG"	"CASSSRGLAAYEQYF"	"TCRBV19-1*1"	"TCRBD2-1"	"TCRBJ2-7*1"	48	57	64	66	9	2	NA	NA	"ACATCGGCCCAAAAGAACCCGACAGCTTTCTATCTCTGTGCCAGTAGTTCTCGCGGGCTAGCGGCTTACGAGCAGTACTTCGGGCCG"	FALSE	TRUE	NA	NA	NA	NA
"NNNNTGTCGGCTGCTCCCTCCCAAACATCTGTGTACTTCTGTGCCAGTAGGGGGACAGGGAGCCACAATGAGCAGTTCTTCGGGCCA"	"CASRGTGSHNEQFF"	"NNNNTGTCGGCTGCTCCCTCCCAAACATCTGTGTACTTCTGTGCCAGTAGGGGGACAGGGAGCCACAATGAGCAGTTCTTCGGGCCA"	"CASRGTGSHNEQFF"	NA	"TCRBD1-1*1"	"TCRBJ2-1*1"	47	51	60	64	4	4	NA	NA	"NNNNTGTCGGCTGCTCCCTCCCAAACATCTGTGTACTTCTGTGCCAGTAGGGGGACAGGGAGCCACAATGAGCAGTTCTTCGGGCCA"	FALSE	TRUE	NA	NA	NA	NA
"GAGTCGCCCAGCCCCAACCAGACCTCTCTGTACTTCTGTGCCAGCAGTTTAATTCCTCTCGGCTACAATGAGCAGTTCTTCGGGCCA"	"CASSLIPLGYNEQFF"	"GAGTCGCCCAGCCCCAACCAGACCTCTCTGTACTTCTGTGCCAGCAGTTTAATTCCTCTCGGCTACAATGAGCAGTTCTTCGGGCCA"	"CASSLIPLGYNEQFF"	"TCRBV27-1*1"	"TCRBD2-1"	"TCRBJ2-1*1"	51	59	-1	62	8	63	NA	NA	"GAGTCGCCCAGCCCCAACCAGACCTCTCTGTACTTCTGTGCCAGCAGTTTAATTCCTCTCGGCTACAATGAGCAGTTCTTCGGGCCA"	FALSE	TRUE	NA	NA	NA	NA
"AGTGCCCATCCTGAAGACAGCAGCTTCTACATCTGCAGTGCTCCCGTTTCCGGGAGGGGACAGGTCTACGAGCAGTACTTCGGGCCG"	"CSAPVSGRGQVYEQYF"	"AGTGCCCATCCTGAAGACAGCAGCTTCTACATCTGCAGTGCTCCCGTTTCCGGGAGGGGACAGGTCTACGAGCAGTACTTCGGGCCG"	"CSAPVSGRGQVYEQYF"	NA	NA	"TCRBJ2-7*1"	42	56	64	65	14	1	NA	NA	"AGTGCCCATCCTGAAGACAGCAGCTTCTACATCTGCAGTGCTCCCGTTTCCGGGAGGGGACAGGTCTACGAGCAGTACTTCGGGCCG"	FALSE	TRUE	NA	NA	NA	NA
"GTGACCAGTGCCCATCCTGAAGACAGCAGCTTCTACATCTGCAGTGCCCTTCGACTACAGGGACAAGAGACCCAGTACTTCGGGCCA"	"CSALRLQGQETQYF"	"GTGACCAGTGCCCATCCTGAAGACAGCAGCTTCTACATCTGCAGTGCCCTTCGACTACAGGGACAAGAGACCCAGTACTTCGGGCCA"	"CSALRLQGQETQYF"	NA	"TCRBD1-1*1"	"TCRBJ2-5*1"	47	56	62	63	9	1	NA	NA	"GTGACCAGTGCCCATCCTGAAGACAGCAGCTTCTACATCTGCAGTGCCCTTCGACTACAGGGACAAGAGACCCAGTACTTCGGGCCA"	FALSE	TRUE	NA	NA	NA	NA
"AACGCCTTGTTGCTGGGGGACTCGGCCCTGTATCTCTGTGCCAGCAGCTTCTATGGGACAGGGAACACTGAAGCTTTCTTTGGACAA"	"CASSFYGTGNTEAFF"	"AACGCCTTGTTGCTGGGGGACTCGGCCCTGTATCTCTGTGCCAGCAGCTTCTATGGGACAGGGAACACTGAAGCTTTCTTTGGACAA"	"CASSFYGTGNTEAFF"	"TCRBV5-5*1"	"TCRBD1-1*1"	"TCRBJ1-1*1"	50	54	-1	62	4	63	NA	NA	"AACGCCTTGTTGCTGGGGGACTCGGCCCTGTATCTCTGTGCCAGCAGCTTCTATGGGACAGGGAACACTGAAGCTTTCTTTGGACAA"	FALSE	TRUE	NA	NA	NA	NA
"GTGAACGCCTTGGAGCTGGACGACTCGGCCCTGTATCTCTGTGCCAGCAGTGTCGTCGGGGTTGGAAACACCATATATTTTGGAGAG"	"CASSVVGVGNTIYF"	"GTGAACGCCTTGGAGCTGGACGACTCGGCCCTGTATCTCTGTGCCAGCAGTGTCGTCGGGGTTGGAAACACCATATATTTTGGAGAG"	"CASSVVGVGNTIYF"	"TCRBV5-4*1"	"TCRBD2-1*1"	"TCRBJ1-3*1"	50	56	61	62	6	1	NA	NA	"GTGAACGCCTTGGAGCTGGACGACTCGGCCCTGTATCTCTGTGCCAGCAGTGTCGTCGGGGTTGGAAACACCATATATTTTGGAGAG"	FALSE	TRUE	NA	NA	NA	NA
"CTGGAGTCGCCCAGCCCCAACCAGACCTCTCTGTACTTCTGTGCCAGCAGACGGCTAGCGGAAAAAGAGACCCAGTACTTCGGGCCA"	"CASRRLAEKETQYF"	"CTGGAGTCGCCCAGCCCCAACCAGACCTCTCTGTACTTCTGTGCCAGCAGACGGCTAGCGGAAAAAGAGACCCAGTACTTCGGGCCA"	"CASRRLAEKETQYF"	"TCRBV27-1*1"	"TCRBD2-1"	"TCRBJ2-5*1"	50	54	61	64	4	3	NA	NA	"CTGGAGTCGCCCAGCCCCAACCAGACCTCTCTGTACTTCTGTGCCAGCAGACGGCTAGCGGAAAAAGAGACCCAGTACTTCGGGCCA"	FALSE	TRUE	NA	NA	NA	NA
"GACACAGCACTGTATTTCTGTGCCAGCAGCACACCTAGGACAGGGGGGGTAACTAGCGGGACTACCGGGGAGCTGTTTTTTGGAGAA"	"CASSTPRTGGVTSGTTGELFF"	"GACACAGCACTGTATTTCTGTGCCAGCAGCACACCTAGGACAGGGGGGGTAACTAGCGGGACTACCGGGGAGCTGTTTTTTGGAGAA"	"CASSTPRTGGVTSGTTGELFF"	"TCRBV21-1*1"	"TCRBD2-1*2"	"TCRBJ2-2*1"	47	51	61	63	4	2	NA	NA	"GACACAGCACTGTATTTCTGTGCCAGCAGCACACCTAGGACAGGGGGGGTAACTAGCGGGACTACCGGGGAGCTGTTTTTTGGAGAA"	FALSE	TRUE	NA	NA	NA	NA
"TCGGCTGCTCCCTCCCAGACATCTGTGTACTTCTGTGCCAGCAGTTACGAGGCGGGAGGTACAACAGATACGCAGTATTTTGGCCCA"	"CASSYEAGGTTDTQYF"	"TCGGCTGCTCCCTCCCAGACATCTGTGTACTTCTGTGCCAGCAGTTACGAGGCGGGAGGTACAACAGATACGCAGTATTTTGGCCCA"	"CASSYEAGGTTDTQYF"	"TCRBV6-5*1"	"TCRBD2-1*2"	"TCRBJ2-3*1"	48	51	59	63	3	4	NA	NA	"TCGGCTGCTCCCTCCCAGACATCTGTGTACTTCTGTGCCAGCAGTTACGAGGCGGGAGGTACAACAGATACGCAGTATTTTGGCCCA"	FALSE	TRUE	NA	NA	NA	NA
"CTGGAGCTTGGTGACTCTGCTGTGTATTTCTGTGCCAGCAGCCACCGTGACAGCCCTTTTGCCAAAAACATTCAGTACTTCGGCGCC"	"CASSHRDSPFAKNIQYF"	"CTGGAGCTTGGTGACTCTGCTGTGTATTTCTGTGCCAGCAGCCACCGTGACAGCCCTTTTGCCAAAAACATTCAGTACTTCGGCGCC"	"CASSHRDSPFAKNIQYF"	"TCRBV3-1/3-2*1"	"TCRBD1-1*1"	"TCRBJ2-4*1"	44	48	53	60	4	7	NA	NA	"CTGGAGCTTGGTGACTCTGCTGTGTATTTCTGTGCCAGCAGCCACCGTGACAGCCCTTTTGCCAAAAACATTCAGTACTTCGGCGCC"	FALSE	TRUE	NA	NA	NA	NA
"GTGCAGCCTGCAGAACTGGAGGATTCTGGAGTTTATTTCTGTGCCAGCAGCCAGACAGGACCGGAGGGGGAGCAGTACTTCGGGCCG"	"CASSQTGPEGEQYF"	"GTGCAGCCTGCAGAACTGGAGGATTCTGGAGTTTATTTCTGTGCCAGCAGCCAGACAGGACCGGAGGGGGAGCAGTACTTCGGGCCG"	"CASSQTGPEGEQYF"	"TCRBV14-1*1"	NA	"TCRBJ2-7*1"	-1	53	59	69	54	10	NA	NA	"GTGCAGCCTGCAGAACTGGAGGATTCTGGAGTTTATTTCTGTGCCAGCAGCCAGACAGGACCGGAGGGGGAGCAGTACTTCGGGCCG"	FALSE	TRUE	NA	NA	NA	NA
"AGCACCTTGGAGCTGGGGGACTCGGCCCTTTATCTTTGCGCCAGCAGCTACGGTAGTCCGGGTGATTACGAGCAGTACTTCGGGCCG"	"CASSYGSPGDYEQYF"	"AGCACCTTGGAGCTGGGGGACTCGGCCCTTTATCTTTGCGCCAGCAGCTACGGTAGTCCGGGTGATTACGAGCAGTACTTCGGGCCG"	"CASSYGSPGDYEQYF"	"TCRBV5-1*1"	"TCRBD2-1"	"TCRBJ2-7*1"	49	58	62	66	9	4	NA	NA	"AGCACCTTGGAGCTGGGGGACTCGGCCCTTTATCTTTGCGCCAGCAGCTACGGTAGTCCGGGTGATTACGAGCAGTACTTCGGGCCG"	FALSE	TRUE	NA	NA	NA	NA
"TCTGCTGTACCCTCTCAGACATCTGTGTACTTCTGTGCCAGCAGTGACTCCAACGGGAGAGGGGCAGATACGCAGTATTTTGGCCCA"	"CASSDSNGRGADTQYF"	"TCTGCTGTACCCTCTCAGACATCTGTGTACTTCTGTGCCAGCAGTGACTCCAACGGGAGAGGGGCAGATACGCAGTATTTTGGCCCA"	"CASSDSNGRGADTQYF"	"TCRBV6-4*1"	"TCRBD2-1*2"	"TCRBJ2-3*1"	50	53	59	64	3	5	NA	NA	"TCTGCTGTACCCTCTCAGACATCTGTGTACTTCTGTGCCAGCAGTGACTCCAACGGGAGAGGGGCAGATACGCAGTATTTTGGCCCA"	FALSE	TRUE	NA	NA	NA	NA
"AGTTGGCCCACACCAGCCAAACAGCTTTGTACTTCTGTCCTGGGAGCGCCCTTTCACAGCCTCAATCAGCCCCAGCATTTTGGTGAT"	""	"AGTTGGCCCACACCAGCCAAACAGCTTTGTACTTCTGTCCTGGGAGCGCCCTTTCACAGCCTCAATCAGCCCCAGCATTTTGGTGAT"	""	"TCRBV22-1*1"	"TCRBD1-1*1"	"TCRBJ1-5*1"	49	55	59	62	6	3	NA	NA	"AGTTGGCCCACACCAGCCAAACAGCTTTGTACTTCTGTCCTGGGAGCGCCCTTTCACAGCCTCAATCAGCCCCAGCATTTTGGTGAT"	FALSE	FALSE	NA	NA	NA	NA
"AGCACCAACCAGACATCTATGTACCTCTGTGCCAGCAGTTTTTTCCCCAATACGGACCGCCGCTCCTACGAGCAGTACTTCGGGCCG"	"CASSFFPNTDRRSYEQYF"	"AGCACCAACCAGACATCTATGTACCTCTGTGCCAGCAGTTTTTTCCCCAATACGGACCGCCGCTCCTACGAGCAGTACTTCGGGCCG"	"CASSFFPNTDRRSYEQYF"	"TCRBV28-1*1"	NA	"TCRBJ2-7*1"	41	53	57	62	12	5	NA	NA	"AGCACCAACCAGACATCTATGTACCTCTGTGCCAGCAGTTTTTTCCCCAATACGGACCGCCGCTCCTACGAGCAGTACTTCGGGCCG"	FALSE	TRUE	NA	NA	NA	NA
"CTGAACATGAGCTCCTTGGAGCTGGGGGACTCAGCCCTGTACTTCTGTGCCAGCAGCAAAAGGGGGACTGAAGCTTTCTTTGGACAA"	"CASSKRGTEAFF"	"CTGAACATGAGCTCCTTGGAGCTGGGGGACTCAGCCCTGTACTTCTGTGCCAGCAGCAAAAGGGGGACTGAAGCTTTCTTTGGACAA"	"CASSKRGTEAFF"	"TCRBV13-1*1"	"TCRBD1-1*1"	"TCRBJ1-1*1"	57	60	-1	66	3	67	NA	NA	"CTGAACATGAGCTCCTTGGAGCTGGGGGACTCAGCCCTGTACTTCTGTGCCAGCAGCAAAAGGGGGACTGAAGCTTTCTTTGGACAA"	FALSE	TRUE	NA	NA	NA	NA
"GAGCGGGGGGACTCAGCCGTGTATCTCTGTGCCGGATGGGCCGAATGGGGATCCTAGCGGAACACAGATACGCAGTATTTTGGCCCA"	"CAGWAEWGS*RNTDTQYF"	"GAGCGGGGGGACTCAGCCGTGTATCTCTGTGCCGGATGGGCCGAATGGGGATCCTAGCGGAACACAGATACGCAGTATTTTGGCCCA"	"CAGWAEWGS*RNTDTQYF"	"TCRBV7-3*1"	"TCRBD2-1"	"TCRBJ2-3*1"	33	53	60	62	20	2	NA	NA	"GAGCGGGGGGACTCAGCCGTGTATCTCTGTGCCGGATGGGCCGAATGGGGATCCTAGCGGAACACAGATACGCAGTATTTTGGCCCA"	FALSE	TRUE	NA	NA	NA	NA
"ACTCTGGAGTCCGCTACCAGCTCCCAGACATCTGTGTACTTCTGTGCCATCAGTGGGGACTCGTCTAATGAGCAGTTCTTCGGGCCA"	"CAISGDSSNEQFF"	"ACTCTGGAGTCCGCTACCAGCTCCCAGACATCTGTGTACTTCTGTGCCATCAGTGGGGACTCGTCTAATGAGCAGTTCTTCGGGCCA"	"CAISGDSSNEQFF"	"TCRBV1-3*1"	"TCRBD2-1"	"TCRBJ2-1*1"	-1	55	61	66	56	5	NA	NA	"ACTCTGGAGTCCGCTACCAGCTCCCAGACATCTGTGTACTTCTGTGCCATCAGTGGGGACTCGTCTAATGAGCAGTTCTTCGGGCCA"	FALSE	TRUE	NA	NA	NA	NA
"AAGACTCGGCCCTGTATCTCTGTGCCAGCAGCCAAGATGGTCGGGGACTTACTAGCCCCTGGGGCCAACGTCCTGACTTTCGGGGCC"	""	"AAGACTCGGCCCTGTATCTCTGTGCCAGCAGCCAAGATGGTCGGGGACTTACTAGCCCCTGGGGCCAACGTCCTGACTTTCGGGGCC"	""	"TCRBV4-2*1"	"TCRBD2-1"	"TCRBJ2-6*1"	37	43	49	58	6	9	NA	NA	"AAGACTCGGCCCTGTATCTCTGTGCCAGCAGCCAAGATGGTCGGGGACTTACTAGCCCCTGGGGCCAACGTCCTGACTTTCGGGGCC"	FALSE	FALSE	NA	NA	NA	NA
"GAGTCCGCCAGCACCAACCAGACATCTATGTACCTCTGTGCCAGCAGTCCTTTGGGACAGGGATCCTACGAGCAGTACTTCGGGCCG"	"CASSPLGQGSYEQYF"	"GAGTCCGCCAGCACCAACCAGACATCTATGTACCTCTGTGCCAGCAGTCCTTTGGGACAGGGATCCTACGAGCAGTACTTCGGGCCG"	"CASSPLGQGSYEQYF"	"TCRBV28-1*1"	"TCRBD1-1*1"	"TCRBJ2-7*1"	48	53	62	63	5	1	NA	NA	"GAGTCCGCCAGCACCAACCAGACATCTATGTACCTCTGTGCCAGCAGTCCTTTGGGACAGGGATCCTACGAGCAGTACTTCGGGCCG"	FALSE	TRUE	NA	NA	NA	NA
"CTTGGAGCTGGGGGACTCGGCCCTGTATCTCTGTGCCAGAAGCTCGAACGCGGGCCAATTAGCACAGATACGCAGTATTTTGGCCCA"	""	"CTTGGAGCTGGGGGACTCGGCCCTGTATCTCTGTGCCAGAAGCTCGAACGCGGGCCAATTAGCACAGATACGCAGTATTTTGGCCCA"	""	"TCRBV5-3"	"TCRBD2-1"	"TCRBJ2-3*1"	44	49	54	60	5	6	NA	NA	"CTTGGAGCTGGGGGACTCGGCCCTGTATCTCTGTGCCAGAAGCTCGAACGCGGGCCAATTAGCACAGATACGCAGTATTTTGGCCCA"	FALSE	FALSE	NA	NA	NA	NA
"TCGGCTGCTCCCTCCCAGACATCTGTGTACTTCTGTGCCAGCAGTACTCAAGACAGAGTGCTTGGAAACACCATATATTTTGGAGAG"	"CASSTQDRVLGNTIYF"	"TCGGCTGCTCCCTCCCAGACATCTGTGTACTTCTGTGCCAGCAGTACTCAAGACAGAGTGCTTGGAAACACCATATATTTTGGAGAG"	"CASSTQDRVLGNTIYF"	NA	"TCRBD1-1*1"	"TCRBJ1-3*1"	45	51	56	62	6	6	NA	NA	"TCGGCTGCTCCCTCCCAGACATCTGTGTACTTCTGTGCCAGCAGTACTCAAGACAGAGTGCTTGGAAACACCATATATTTTGGAGAG"	FALSE	TRUE	NA	NA	NA	NA
"AGCACCTTGGAGCTGGGGGACTCGGCCCTTTATCTTTGCGCCAGCAGCTTGATGGCAGGGGGCGATGAAAAACTGTTTTTTGGCAGT"	"CASSLMAGGDEKLFF"	"AGCACCTTGGAGCTGGGGGACTCGGCCCTTTATCTTTGCGCCAGCAGCTTGATGGCAGGGGGCGATGAAAAACTGTTTTTTGGCAGT"	"CASSLMAGGDEKLFF"	"TCRBV5-1*1"	"TCRBD1-1*1"	"TCRBJ1-4*1"	51	55	63	64	4	1	NA	NA	"AGCACCTTGGAGCTGGGGGACTCGGCCCTTTATCTTTGCGCCAGCAGCTTGATGGCAGGGGGCGATGAAAAACTGTTTTTTGGCAGT"	FALSE	TRUE	NA	NA	NA	NA
"ACCAGTGCCCATCCTGAAGACAGCAGCTTCTACATCTGCAGTGCTAGGGACAGCCCGCTTCAGAACACTGAAGCTTTCTTTGGACAA"	"CSARDSPLQNTEAFF"	"ACCAGTGCCCATCCTGAAGACAGCAGCTTCTACATCTGCAGTGCTAGGGACAGCCCGCTTCAGAACACTGAAGCTTTCTTTGGACAA"	"CSARDSPLQNTEAFF"	NA	"TCRBD1-1*1"	"TCRBJ1-1*1"	-1	47	53	62	48	9	NA	NA	"ACCAGTGCCCATCCTGAAGACAGCAGCTTCTACATCTGCAGTGCTAGGGACAGCCCGCTTCAGAACACTGAAGCTTTCTTTGGACAA"	FALSE	TRUE	NA	NA	NA	NA
"TCCTGTCCTCAGAACCGGGAGACACGGCACTGTATCTCTGCGCCAGCAGTCCCCGGGAAGGCAAACAATGAGCAGTTCTTCGGGCCA"	""	"TCCTGTCCTCAGAACCGGGAGACACGGCACTGTATCTCTGCGCCAGCAGTCCCCGGGAAGGCAAACAATGAGCAGTTCTTCGGGCCA"	""	"TCRBV23-1*1"	"TCRBD2-1*2"	"TCRBJ2-1*1"	51	53	58	64	2	6	NA	NA	"TCCTGTCCTCAGAACCGGGAGACACGGCACTGTATCTCTGCGCCAGCAGTCCCCGGGAAGGCAAACAATGAGCAGTTCTTCGGGCCA"	FALSE	FALSE	NA	NA	NA	NA
"TCTGCCATCCCCAACCAGACAGCTCTTTACTTCTGTGCCACCAGTGATACTGGGGGAGGGCCCTACAATGAGCAGTTCTTCGGGCCA"	"CATSDTGGGPYNEQFF"	"TCTGCCATCCCCAACCAGACAGCTCTTTACTTCTGTGCCACCAGTGATACTGGGGGAGGGCCCTACAATGAGCAGTTCTTCGGGCCA"	"CATSDTGGGPYNEQFF"	"TCRBV24-1*1"	"TCRBD2-1*2"	"TCRBJ2-1*1"	48	53	60	61	5	1	NA	NA	"TCTGCCATCCCCAACCAGACAGCTCTTTACTTCTGTGCCACCAGTGATACTGGGGGAGGGCCCTACAATGAGCAGTTCTTCGGGCCA"	FALSE	TRUE	NA	NA	NA	NA
"GAGCAGGGGGACTCGGCCATGTATCTCTGTGCCAGCAGCTTAGCAGGTGGGTCCCCCTTCTCCTACAATGAGCAGTTCTTCGGGCCA"	"CASSLAGGSPFSYNEQFF"	"GAGCAGGGGGACTCGGCCATGTATCTCTGTGCCAGCAGCTTAGCAGGTGGGTCCCCCTTCTCCTACAATGAGCAGTTCTTCGGGCCA"	"CASSLAGGSPFSYNEQFF"	"TCRBV7-9*1"	NA	"TCRBJ2-1*1"	44	48	51	59	4	8	NA	NA	"GAGCAGGGGGACTCGGCCATGTATCTCTGTGCCAGCAGCTTAGCAGGTGGGTCCCCCTTCTCCTACAATGAGCAGTTCTTCGGGCCA"	FALSE	TRUE	NA	NA	NA	NA
"CAAAAGAACCCGACAGCTTTCTATCTCTGTGCCAGTAGGGCCGACAGGACGGGTTCCTCTGGGGCCAACGTCCTGACTTTCGGGGCC"	"CASRADRTGSSGANVLTF"	"CAAAAGAACCCGACAGCTTTCTATCTCTGTGCCAGTAGGGCCGACAGGACGGGTTCCTCTGGGGCCAACGTCCTGACTTTCGGGGCC"	"CASRADRTGSSGANVLTF"	"TCRBV19-1*1"	"TCRBD1-1*1"	"TCRBJ2-6*1"	38	42	48	56	4	8	NA	NA	"CAAAAGAACCCGACAGCTTTCTATCTCTGTGCCAGTAGGGCCGACAGGACGGGTTCCTCTGGGGCCAACGTCCTGACTTTCGGGGCC"	FALSE	TRUE	NA	NA	NA	NA
"GCGTCTGCTGTACCCTCTCAGACATCTGTGTACTTCTGTGCCAGCAGTGACTCACGGGCAGGGCCCGATACGCAGTATTTTGGCCCA"	"CASSDSRAGPDTQYF"	"GCGTCTGCTGTACCCTCTCAGACATCTGTGTACTTCTGTGCCAGCAGTGACTCACGGGCAGGGCCCGATACGCAGTATTTTGGCCCA"	"CASSDSRAGPDTQYF"	"TCRBV6-4*1"	"TCRBD1-1*1"	"TCRBJ2-3*1"	53	58	63	66	5	3	NA	NA	"GCGTCTGCTGTACCCTCTCAGACATCTGTGTACTTCTGTGCCAGCAGTGACTCACGGGCAGGGCCCGATACGCAGTATTTTGGCCCA"	FALSE	TRUE	NA	NA	NA	NA
"CTCACGTTGGCGTCTGCTGTACCCTCTCAGACATCTGTGTACTTCTGTGCCAACAAAACGGAACGCACTGAAGCTTTCTTTGGACAA"	"CANKTERTEAFF"	"CTCACGTTGGCGTCTGCTGTACCCTCTCAGACATCTGTGTACTTCTGTGCCAACAAAACGGAACGCACTGAAGCTTTCTTTGGACAA"	"CANKTERTEAFF"	"TCRBV6-4*1"	NA	"TCRBJ1-1*1"	52	59	62	65	7	3	NA	NA	"CTCACGTTGGCGTCTGCTGTACCCTCTCAGACATCTGTGTACTTCTGTGCCAACAAAACGGAACGCACTGAAGCTTTCTTTGGACAA"	FALSE	TRUE	NA	NA	NA	NA
"ACGTTGGCGTCTGCTGTACCCTCTCAGACATCTGTGTACTTCTGTGCCAGCAGTGTCTCAATTCAGACTGAAGCTTTCTTTGGACAA"	"CASSVSIQTEAFF"	"ACGTTGGCGTCTGCTGTACCCTCTCAGACATCTGTGTACTTCTGTGCCAGCAGTGTCTCAATTCAGACTGAAGCTTTCTTTGGACAA"	"CASSVSIQTEAFF"	"TCRBV6-4*1"	"TCRBD1-1*1"	"TCRBJ1-1*1"	59	63	-1	66	4	67	NA	NA	"ACGTTGGCGTCTGCTGTACCCTCTCAGACATCTGTGTACTTCTGTGCCAGCAGTGTCTCAATTCAGACTGAAGCTTTCTTTGGACAA"	FALSE	TRUE	NA	NA	NA	NA
"NNNNTGTCGGCTGCTCCCTCCCAGACATCTGTGTACTTCTGTGCCAGCAGCTTACAGGGAAGCACAGATACGCAGTATTTTGGCCCA"	"CASSLQGSTDTQYF"	"NNNNTGTCGGCTGCTCCCTCCCAGACATCTGTGTACTTCTGTGCCAGCAGCTTACAGGGAAGCACAGATACGCAGTATTTTGGCCCA"	"CASSLQGSTDTQYF"	"TCRBV6-5*1"	"TCRBD1-1*1"	"TCRBJ2-3*1"	50	53	59	60	3	1	NA	NA	"NNNNTGTCGGCTGCTCCCTCCCAGACATCTGTGTACTTCTGTGCCAGCAGCTTACAGGGAAGCACAGATACGCAGTATTTTGGCCCA"	FALSE	TRUE	NA	NA	NA	NA
"GTACCCTCTCAGACATCTGTGTACTTCTGTGCCAGCAGTACCCGGACTAGCGCCTAACTAGCCAAAAACATTCAGTACTTCGGCGCC"	"CASSTRTSA*LAKNIQYF"	"GTACCCTCTCAGACATCTGTGTACTTCTGTGCCAGCAGTACCCGGACTAGCGCCTAACTAGCCAAAAACATTCAGTACTTCGGCGCC"	"CASSTRTSA*LAKNIQYF"	"TCRBV6-4*1"	"TCRBD2-1"	"TCRBJ2-4*1"	39	43	52	59	4	7	NA	NA	"GTACCCTCTCAGACATCTGTGTACTTCTGTGCCAGCAGTACCCGGACTAGCGCCTAACTAGCCAAAAACATTCAGTACTTCGGCGCC"	FALSE	TRUE	NA	NA	NA	NA
"ACCAGTGCCCATCCTGAAGACAGCAGCTTCTACATCTGCAGTGCCCGGGTTTCTGAGTCGGCCAAAAACATTCAGTACTTCGGCGCC"	"CSARVSESAKNIQYF"	"ACCAGTGCCCATCCTGAAGACAGCAGCTTCTACATCTGCAGTGCCCGGGTTTCTGAGTCGGCCAAAAACATTCAGTACTTCGGCGCC"	"CSARVSESAKNIQYF"	NA	"TCRBD2-1"	"TCRBJ2-4*1"	44	45	49	60	1	11	NA	NA	"ACCAGTGCCCATCCTGAAGACAGCAGCTTCTACATCTGCAGTGCCCGGGTTTCTGAGTCGGCCAAAAACATTCAGTACTTCGGCGCC"	FALSE	TRUE	NA	NA	NA	NA
"TCTCTGGAGCTGGGGGACTCAGCTTTGTATTTCTGTGCCAGCAGCGTAGACCCGGGTGTGAGCACAGATACGCAGTATTTTGGCCCA"	"CASSVDPGVSTDTQYF"	"TCTCTGGAGCTGGGGGACTCAGCTTTGTATTTCTGTGCCAGCAGCGTAGACCCGGGTGTGAGCACAGATACGCAGTATTTTGGCCCA"	"CASSVDPGVSTDTQYF"	"TCRBV9-1*1"	"TCRBD2-1"	"TCRBJ2-3*1"	49	52	56	60	3	4	NA	NA	"TCTCTGGAGCTGGGGGACTCAGCTTTGTATTTCTGTGCCAGCAGCGTAGACCCGGGTGTGAGCACAGATACGCAGTATTTTGGCCCA"	FALSE	TRUE	NA	NA	NA	NA
"CATCCTGAAGACAGCAGCTTCTACATCTGCAGTGCTAGAGATCTTTGGACTAGCGGGAGGAACACCGGGGAGCTGTTTTTTGGAGAA"	"CSARDLWTSGRNTGELFF"	"CATCCTGAAGACAGCAGCTTCTACATCTGCAGTGCTAGAGATCTTTGGACTAGCGGGAGGAACACCGGGGAGCTGTTTTTTGGAGAA"	"CSARDLWTSGRNTGELFF"	NA	"TCRBD2-1*2"	"TCRBJ2-2*1"	41	46	-1	59	5	60	NA	NA	"CATCCTGAAGACAGCAGCTTCTACATCTGCAGTGCTAGAGATCTTTGGACTAGCGGGAGGAACACCGGGGAGCTGTTTTTTGGAGAA"	FALSE	TRUE	NA	NA	NA	NA
"NNNNNNNNNNTGTCGGCTGCTCCCTCCCAGACATCTGTGTACTTCTGTGCCAGCAGTGAATGGCGGTACGAGCAGTACTTCGGGCCG"	"CASSEWRYEQYF"	"NNNNNNNNNNTGTCGGCTGCTCCCTCCCAGACATCTGTGTACTTCTGTGCCAGCAGTGAATGGCGGTACGAGCAGTACTTCGGGCCG"	"CASSEWRYEQYF"	"TCRBV6-1*1"	"TCRBD2-1"	"TCRBJ2-7*1"	60	62	-1	66	2	67	NA	NA	"NNNNNNNNNNTGTCGGCTGCTCCCTCCCAGACATCTGTGTACTTCTGTGCCAGCAGTGAATGGCGGTACGAGCAGTACTTCGGGCCG"	FALSE	TRUE	NA	NA	NA	NA
"GTGAGCACCTTGGAGCTGGGGGACTCGGCCCTTTATCTTTGCGCCAGCAGCTTGGAATTTATAGGGATCGAGCAGTACTTCGGGCCG"	"CASSLEFIGIEQYF"	"GTGAGCACCTTGGAGCTGGGGGACTCGGCCCTTTATCTTTGCGCCAGCAGCTTGGAATTTATAGGGATCGAGCAGTACTTCGGGCCG"	"CASSLEFIGIEQYF"	"TCRBV5-1*1"	NA	"TCRBJ2-7*1"	55	63	67	68	8	1	NA	NA	"GTGAGCACCTTGGAGCTGGGGGACTCGGCCCTTTATCTTTGCGCCAGCAGCTTGGAATTTATAGGGATCGAGCAGTACTTCGGGCCG"	FALSE	TRUE	NA	NA	NA	NA
"AACGCCTTGTTGCTGGGGGACTCGGCCCTCTATCTCTGTGCCAGCAGCCAACGAGGTGCCGGAGCAGATACGCAGTATTTTGGCCCA"	"CASSQRGAGADTQYF"	"AACGCCTTGTTGCTGGGGGACTCGGCCCTCTATCTCTGTGCCAGCAGCCAACGAGGTGCCGGAGCAGATACGCAGTATTTTGGCCCA"	"CASSQRGAGADTQYF"	"TCRBV5-6*1"	"TCRBD2-1*2"	"TCRBJ2-3*1"	48	60	-1	64	12	65	NA	NA	"AACGCCTTGTTGCTGGGGGACTCGGCCCTCTATCTCTGTGCCAGCAGCCAACGAGGTGCCGGAGCAGATACGCAGTATTTTGGCCCA"	FALSE	TRUE	NA	NA	NA	NA
"CACCTACACGCCCTGCAGCCAGAAGACTCAGCCCTGTATCTCTGCGCCAGCAGCAGGGCGATTGATTCACCCCTCCACTTTGGGAAT"	"CASSRAIDSPLHF"	"CACCTACACGCCCTGCAGCCAGAAGACTCAGCCCTGTATCTCTGCGCCAGCAGCAGGGCGATTGATTCACCCCTCCACTTTGGGAAT"	"CASSRAIDSPLHF"	"TCRBV4-1*1"	NA	"TCRBJ1-6*1"	-1	54	58	64	55	6	NA	NA	"CACCTACACGCCCTGCAGCCAGAAGACTCAGCCCTGTATCTCTGCGCCAGCAGCAGGGCGATTGATTCACCCCTCCACTTTGGGAAT"	FALSE	TRUE	NA	NA	NA	NA
"ACCAGTGCCCATCCTGAAGACAGCAGCTTCTACATCTGCAGTGCTAGAGATCGCGGGCGGGACTACAATGAGCAGTTCTTCGGGCCA"	"CSARDRGRDYNEQFF"	"ACCAGTGCCCATCCTGAAGACAGCAGCTTCTACATCTGCAGTGCTAGAGATCGCGGGCGGGACTACAATGAGCAGTTCTTCGGGCCA"	"CSARDRGRDYNEQFF"	NA	"TCRBD2-1*2"	"TCRBJ2-1*1"	50	56	-1	62	6	63	NA	NA	"ACCAGTGCCCATCCTGAAGACAGCAGCTTCTACATCTGCAGTGCTAGAGATCGCGGGCGGGACTACAATGAGCAGTTCTTCGGGCCA"	FALSE	TRUE	NA	NA	NA	NA
"ATCCTGGAGTCGCCCAGCCCCAACCAGACCTCTCTGTACTTCTGTGCCAGCATTGCGGGAGGGGTCAATGAGCAGTTCTTCGGGCCA"	"CASIAGGVNEQFF"	"ATCCTGGAGTCGCCCAGCCCCAACCAGACCTCTCTGTACTTCTGTGCCAGCATTGCGGGAGGGGTCAATGAGCAGTTCTTCGGGCCA"	"CASIAGGVNEQFF"	"TCRBV27-1*1"	"TCRBD2-1*2"	"TCRBJ2-1*1"	52	54	63	65	2	2	NA	NA	"ATCCTGGAGTCGCCCAGCCCCAACCAGACCTCTCTGTACTTCTGTGCCAGCATTGCGGGAGGGGTCAATGAGCAGTTCTTCGGGCCA"	FALSE	TRUE	NA	NA	NA	NA
"CTCCTCACTCTGGAGTCCGCTACCAGCTCCCAGACATCTGTGTACTTCTGTGCCATCAGTGAACATATAGGCTACACCTTCGGTTCG"	"CAISEHIGYTF"	"CTCCTCACTCTGGAGTCCGCTACCAGCTCCCAGACATCTGTGTACTTCTGTGCCATCAGTGAACATATAGGCTACACCTTCGGTTCG"	"CAISEHIGYTF"	"TCRBV1-3*1"	"TCRBD1-1*1"	"TCRBJ1-2*1"	-1	62	65	69	63	4	NA	NA	"CTCCTCACTCTGGAGTCCGCTACCAGCTCCCAGACATCTGTGTACTTCTGTGCCATCAGTGAACATATAGGCTACACCTTCGGTTCG"	FALSE	TRUE	NA	NA	NA	NA
"CTTGGTGACTCTGCTGTGTATTTCTGTGCCAGCAGCCCGGGGGTAGCGGGAGGGGACTTTGGCTACAATGAGCAGTTCTTCGGGCCA"	"CASSPGVAGGDFGYNEQFF"	"CTTGGTGACTCTGCTGTGTATTTCTGTGCCAGCAGCCCGGGGGTAGCGGGAGGGGACTTTGGCTACAATGAGCAGTTCTTCGGGCCA"	"CASSPGVAGGDFGYNEQFF"	"TCRBV3-1/3-2*1"	"TCRBD2-1*2"	"TCRBJ2-1*1"	37	43	54	62	6	8	NA	NA	"CTTGGTGACTCTGCTGTGTATTTCTGTGCCAGCAGCCCGGGGGTAGCGGGAGGGGACTTTGGCTACAATGAGCAGTTCTTCGGGCCA"	FALSE	TRUE	NA	NA	NA	NA
"NTGTCGGCTGCTCCCTCCCAGACATCTGTGTACTTCTGTGCCAGCAGTGAATTGGGGGGACAGATGGAGACCCAGTACTTCGGGCCA"	"CASSELGGQMETQYF"	"NTGTCGGCTGCTCCCTCCCAGACATCTGTGTACTTCTGTGCCAGCAGTGAATTGGGGGGACAGATGGAGACCCAGTACTTCGGGCCA"	"CASSELGGQMETQYF"	"TCRBV6-1*1"	"TCRBD1-1*1"	"TCRBJ2-5*1"	51	56	63	66	5	3	NA	NA	"NTGTCGGCTGCTCCCTCCCAGACATCTGTGTACTTCTGTGCCAGCAGTGAATTGGGGGGACAGATGGAGACCCAGTACTTCGGGCCA"	FALSE	TRUE	NA	NA	NA	NA
"GTGAACGCCTTGTTGCTGGGGGACTCGGCCCTCTATCTCTGTGCCAGCAGCCGATGGACGGGAACCACTGAAGCTTTCTTTGGACAA"	"CASSRWTGTTEAFF"	"GTGAACGCCTTGTTGCTGGGGGACTCGGCCCTCTATCTCTGTGCCAGCAGCCGATGGACGGGAACCACTGAAGCTTTCTTTGGACAA"	"CASSRWTGTTEAFF"	"TCRBV5-6*1"	"TCRBD2-1*2"	"TCRBJ1-1*1"	51	58	63	65	7	2	NA	NA	"GTGAACGCCTTGTTGCTGGGGGACTCGGCCCTCTATCTCTGTGCCAGCAGCCGATGGACGGGAACCACTGAAGCTTTCTTTGGACAA"	FALSE	TRUE	NA	NA	NA	NA
"CCCAGCCCCAACCAGACCTCTCTGTACTTCTGTGCCAGCAGTTCGCCAAGTCGGGAGCCCCTTGGGAATGAGCAGTTCTTCGGGCCA"	"CASSSPSREPLGNEQFF"	"CCCAGCCCCAACCAGACCTCTCTGTACTTCTGTGCCAGCAGTTCGCCAAGTCGGGAGCCCCTTGGGAATGAGCAGTTCTTCGGGCCA"	"CASSSPSREPLGNEQFF"	"TCRBV27-1*1"	"TCRBD2-1*2"	"TCRBJ2-1*1"	43	51	57	66	8	9	NA	NA	"CCCAGCCCCAACCAGACCTCTCTGTACTTCTGTGCCAGCAGTTCGCCAAGTCGGGAGCCCCTTGGGAATGAGCAGTTCTTCGGGCCA"	FALSE	TRUE	NA	NA	NA	NA
"AAGATCCAGCCCTCAGAACCCAGGGACTCAGCTGTGTATTTTTGTGCTAGTGGTTTGGTATCAGGGGGTGAGCAGTTCTTCGGGCCA"	"CASGLVSGGEQFF"	"AAGATCCAGCCCTCAGAACCCAGGGACTCAGCTGTGTATTTTTGTGCTAGTGGTTTGGTATCAGGGGGTGAGCAGTTCTTCGGGCCA"	"CASGLVSGGEQFF"	"TCRBV12-5*1"	"TCRBD1-1*1"	"TCRBJ2-1*1"	59	61	-1	68	2	69	NA	NA	"AAGATCCAGCCCTCAGAACCCAGGGACTCAGCTGTGTATTTTTGTGCTAGTGGTTTGGTATCAGGGGGTGAGCAGTTCTTCGGGCCA"	FALSE	TRUE	NA	NA	NA	NA
"CAGGGGGACTCGGCCATGTATCTCTGTGCCAGCAGCTTAGCCTTTGGTTCTTCGACAGGGTTCCCCTACGAGCAGTACTTCGGGCCG"	"CASSLAFGSSTGFPYEQYF"	"CAGGGGGACTCGGCCATGTATCTCTGTGCCAGCAGCTTAGCCTTTGGTTCTTCGACAGGGTTCCCCTACGAGCAGTACTTCGGGCCG"	"CASSLAFGSSTGFPYEQYF"	"TCRBV7-9*1"	"TCRBD1-1*1"	"TCRBJ2-7*1"	41	53	60	64	12	4	NA	NA	"CAGGGGGACTCGGCCATGTATCTCTGTGCCAGCAGCTTAGCCTTTGGTTCTTCGACAGGGTTCCCCTACGAGCAGTACTTCGGGCCG"	FALSE	TRUE	NA	NA	NA	NA
"ATCCTGGAGTCGCCCAGCCCCAACCAGACCTCTCTGTACTTCTGTGCCAGCACAACCAGAGGGTTCAGTGAAGCTTTCTTTGGACAA"	"CASTTRGFSEAFF"	"ATCCTGGAGTCGCCCAGCCCCAACCAGACCTCTCTGTACTTCTGTGCCAGCACAACCAGAGGGTTCAGTGAAGCTTTCTTTGGACAA"	"CASTTRGFSEAFF"	"TCRBV27-1*1"	"TCRBD2-1*2"	"TCRBJ1-1*1"	52	58	63	68	6	5	NA	NA	"ATCCTGGAGTCGCCCAGCCCCAACCAGACCTCTCTGTACTTCTGTGCCAGCACAACCAGAGGGTTCAGTGAAGCTTTCTTTGGACAA"	FALSE	TRUE	NA	NA	NA	NA
"TCTAAGAAGCTCCTTCTCAGTGACTCTGGCTTCTATCTCTGTGCCTGCGCCCACACAGGGGTAAATTCACCCCTCCACTTTGGGAAT"	"CACAHTGVNSPLHF"	"TCTAAGAAGCTCCTTCTCAGTGACTCTGGCTTCTATCTCTGTGCCTGCGCCCACACAGGGGTAAATTCACCCCTCCACTTTGGGAAT"	"CACAHTGVNSPLHF"	"TCRBV3-1"	"TCRBD1-1*1"	"TCRBJ1-6*1"	47	54	61	63	7	2	NA	NA	"TCTAAGAAGCTCCTTCTCAGTGACTCTGGCTTCTATCTCTGTGCCTGCGCCCACACAGGGGTAAATTCACCCCTCCACTTTGGGAAT"	FALSE	TRUE	NA	NA	NA	NA
"GGAGTCGCCCAGCCCCAACCAGACCTCTCTGTACTTCTGTGCCATCCGTTACCTCAGGGGACTAATTCACCCCTCCACTTTGGGAAT"	""	"GGAGTCGCCCAGCCCCAACCAGACCTCTCTGTACTTCTGTGCCATCCGTTACCTCAGGGGACTAATTCACCCCTCCACTTTGGGAAT"	""	"TCRBV27-1*1"	"TCRBD1-1*1"	"TCRBJ1-6*1"	44	54	60	62	10	2	NA	NA	"GGAGTCGCCCAGCCCCAACCAGACCTCTCTGTACTTCTGTGCCATCCGTTACCTCAGGGGACTAATTCACCCCTCCACTTTGGGAAT"	FALSE	FALSE	NA	NA	NA	NA
"GAGCTGGGGGACTCAGCTTTGTATTTCTGTGCCAGCAGCCCCACCTGGTCCGCAGGGTTATCTAATGAAAAACTGTTTTTTGGCAGT"	"CASSPTWSAGLSNEKLFF"	"GAGCTGGGGGACTCAGCTTTGTATTTCTGTGCCAGCAGCCCCACCTGGTCCGCAGGGTTATCTAATGAAAAACTGTTTTTTGGCAGT"	"CASSPTWSAGLSNEKLFF"	"TCRBV9-1*1"	"TCRBD1-1*1"	"TCRBJ1-4*1"	39	52	57	61	13	4	NA	NA	"GAGCTGGGGGACTCAGCTTTGTATTTCTGTGCCAGCAGCCCCACCTGGTCCGCAGGGTTATCTAATGAAAAACTGTTTTTTGGCAGT"	FALSE	TRUE	NA	NA	NA	NA
"CTCAAGATCCAGCCTGCAAAGCTTGAGGACTCGGCCGTGTATCTCTGTGCCAGCAGCTTAGAGGGCACCCAGCAGTACTTCGGGCCG"	"CASSLEGTQQYF"	"CTCAAGATCCAGCCTGCAAAGCTTGAGGACTCGGCCGTGTATCTCTGTGCCAGCAGCTTAGAGGGCACCCAGCAGTACTTCGGGCCG"	"CASSLEGTQQYF"	"TCRBV11-2*1"	"TCRBD1-1*1"	"TCRBJ2-7*1"	-1	62	66	70	63	4	NA	NA	"CTCAAGATCCAGCCTGCAAAGCTTGAGGACTCGGCCGTGTATCTCTGTGCCAGCAGCTTAGAGGGCACCCAGCAGTACTTCGGGCCG"	FALSE	TRUE	NA	NA	NA	NA
"CAGTCCACGGAGTCAGGGGACACAGCACTGTATTTCTGTGCCAGCAGCAACGGACAGGGCGCCTCCTACGAGCAGTACTTCGGGCCG"	"CASSNGQGASYEQYF"	"CAGTCCACGGAGTCAGGGGACACAGCACTGTATTTCTGTGCCAGCAGCAACGGACAGGGCGCCTCCTACGAGCAGTACTTCGGGCCG"	"CASSNGQGASYEQYF"	"TCRBV21-1*1"	"TCRBD1-1*1"	"TCRBJ2-7*1"	50	51	59	62	1	3	NA	NA	"CAGTCCACGGAGTCAGGGGACACAGCACTGTATTTCTGTGCCAGCAGCAACGGACAGGGCGCCTCCTACGAGCAGTACTTCGGGCCG"	FALSE	TRUE	NA	NA	NA	NA
"GACAGCAGCTTCTACATCTGCAGTGCTAGAATACGGGACAGGGTTTTGCGGGAGGGCGTTAGCTCCTACGAGCAGTACTTCGGGCCG"	"CSARIRDRVLREGVSSYEQYF"	"GACAGCAGCTTCTACATCTGCAGTGCTAGAATACGGGACAGGGTTTTGCGGGAGGGCGTTAGCTCCTACGAGCAGTACTTCGGGCCG"	"CSARIRDRVLREGVSSYEQYF"	NA	"TCRBD2-1*2"	"TCRBJ2-7*1"	43	47	56	62	4	6	NA	NA	"GACAGCAGCTTCTACATCTGCAGTGCTAGAATACGGGACAGGGTTTTGCGGGAGGGCGTTAGCTCCTACGAGCAGTACTTCGGGCCG"	FALSE	TRUE	NA	NA	NA	NA
"NNNNTGTCGGCTGCTCCCTCCCAAACATCTGTGTACTTCTGTGCCAGCAGTTACCCGGACTCGGCCTATGGCTACACCTTCGGTTCG"	"CASSYPDSAYGYTF"	"NNNNTGTCGGCTGCTCCCTCCCAAACATCTGTGTACTTCTGTGCCAGCAGTTACCCGGACTCGGCCTATGGCTACACCTTCGGTTCG"	"CASSYPDSAYGYTF"	"TCRBV6-2/6-3*1"	"TCRBD2-1"	"TCRBJ1-2*1"	54	56	61	65	2	4	NA	NA	"NNNNTGTCGGCTGCTCCCTCCCAAACATCTGTGTACTTCTGTGCCAGCAGTTACCCGGACTCGGCCTATGGCTACACCTTCGGTTCG"	FALSE	TRUE	NA	NA	NA	NA
"ATCCAGCCCTCAGAACCCAGGGACTCAGCTGTGTACTTCTGTGCCAGCGGACCGGGGGGGGCTGCGTACGAGCAGTACTTCGGGCCG"	"CASGPGGAAYEQYF"	"ATCCAGCCCTCAGAACCCAGGGACTCAGCTGTGTACTTCTGTGCCAGCGGACCGGGGGGGGCTGCGTACGAGCAGTACTTCGGGCCG"	"CASGPGGAAYEQYF"	NA	"TCRBD2-1*1"	"TCRBJ2-7*1"	48	52	60	66	4	6	NA	NA	"ATCCAGCCCTCAGAACCCAGGGACTCAGCTGTGTACTTCTGTGCCAGCGGACCGGGGGGGGCTGCGTACGAGCAGTACTTCGGGCCG"	FALSE	TRUE	NA	NA	NA	NA
"CTGAGCTCTCTGGAGCTGGGGGACTCAGCTTTGTATTTCTGTGCCAGCGGCGGGAGGACGAACACCGGGGAGCTGTTTTTTGGAGAA"	"CASGGRTNTGELFF"	"CTGAGCTCTCTGGAGCTGGGGGACTCAGCTTTGTATTTCTGTGCCAGCGGCGGGAGGACGAACACCGGGGAGCTGTTTTTTGGAGAA"	"CASGGRTNTGELFF"	"TCRBV9-1*1"	"TCRBD2-1*2"	"TCRBJ2-2*1"	-1	52	57	58	53	1	NA	NA	"CTGAGCTCTCTGGAGCTGGGGGACTCAGCTTTGTATTTCTGTGCCAGCGGCGGGAGGACGAACACCGGGGAGCTGTTTTTTGGAGAA"	FALSE	TRUE	NA	NA	NA	NA
"CCCAGGGACTCAGCTGTGTACTTCTGTGCCAGCAGTTTTCCACCGCCCCTAGCGGTCACGAACACCGGGGAGCTGTTTTTTGGAGAA"	"CASSFPPPLAVTNTGELFF"	"CCCAGGGACTCAGCTGTGTACTTCTGTGCCAGCAGTTTTCCACCGCCCCTAGCGGTCACGAACACCGGGGAGCTGTTTTTTGGAGAA"	"CASSFPPPLAVTNTGELFF"	NA	"TCRBD2-1"	"TCRBJ2-2*1"	38	48	55	58	10	3	NA	NA	"CCCAGGGACTCAGCTGTGTACTTCTGTGCCAGCAGTTTTCCACCGCCCCTAGCGGTCACGAACACCGGGGAGCTGTTTTTTGGAGAA"	FALSE	TRUE	NA	NA	NA	NA
"GTGAACGCCTTGGAGCTGGACGACTCGGCCCTGTATCTCTGTGCCAGCAGCCCAGGGCCCCGCGGTGAAAAACTGTTTTTTGGCAGT"	"CASSPGPRGEKLFF"	"GTGAACGCCTTGGAGCTGGACGACTCGGCCCTGTATCTCTGTGCCAGCAGCCCAGGGCCCCGCGGTGAAAAACTGTTTTTTGGCAGT"	"CASSPGPRGEKLFF"	"TCRBV5-4*1"	"TCRBD1-1*1"	"TCRBJ1-4*1"	51	52	57	65	1	8	NA	NA	"GTGAACGCCTTGGAGCTGGACGACTCGGCCCTGTATCTCTGTGCCAGCAGCCCAGGGCCCCGCGGTGAAAAACTGTTTTTTGGCAGT"	FALSE	TRUE	NA	NA	NA	NA
"CCCTCAGAACCCAGGGACTCAGCTGTGTATTTTTGTGCTAGTGGTTTATATTCCGGGACAGGGGATTCACCCCTCCACTTTGGGAAT"	"CASGLYSGTGDSPLHF"	"CCCTCAGAACCCAGGGACTCAGCTGTGTATTTTTGTGCTAGTGGTTTATATTCCGGGACAGGGGATTCACCCCTCCACTTTGGGAAT"	"CASGLYSGTGDSPLHF"	"TCRBV12-5*1"	"TCRBD1-1*1"	"TCRBJ1-6*1"	47	54	-1	64	7	65	NA	NA	"CCCTCAGAACCCAGGGACTCAGCTGTGTATTTTTGTGCTAGTGGTTTATATTCCGGGACAGGGGATTCACCCCTCCACTTTGGGAAT"	FALSE	TRUE	NA	NA	NA	NA
"TGGAGTCCGCTACCAGCTCCCAGACATCTGTGTACTTCTGTGCCATCAGTGCAGGCTAGCGGGACCTACGAGCAGTACTTCGGGCCG"	""	"TGGAGTCCGCTACCAGCTCCCAGACATCTGTGTACTTCTGTGCCATCAGTGCAGGCTAGCGGGACCTACGAGCAGTACTTCGGGCCG"	""	"TCRBV1-3*1"	"TCRBD2-1*2"	"TCRBJ2-7*1"	51	55	-1	64	4	65	NA	NA	"TGGAGTCCGCTACCAGCTCCCAGACATCTGTGTACTTCTGTGCCATCAGTGCAGGCTAGCGGGACCTACGAGCAGTACTTCGGGCCG"	FALSE	FALSE	NA	NA	NA	NA
"ACAGAGCGGGGGGACTCAGCCGTGTATCTCTGTGCCAGCAGCCCCCATTACCCTAGCGGGGTCACAGATACGCAGTATTTTGGCCCA"	"CASSPHYPSGVTDTQYF"	"ACAGAGCGGGGGGACTCAGCCGTGTATCTCTGTGCCAGCAGCCCCCATTACCCTAGCGGGGTCACAGATACGCAGTATTTTGGCCCA"	"CASSPHYPSGVTDTQYF"	"TCRBV7-3*1"	"TCRBD2-1*1"	"TCRBJ2-3*1"	42	52	61	62	10	1	NA	NA	"ACAGAGCGGGGGGACTCAGCCGTGTATCTCTGTGCCAGCAGCCCCCATTACCCTAGCGGGGTCACAGATACGCAGTATTTTGGCCCA"	FALSE	TRUE	NA	NA	NA	NA
"CAGCGCACAGAGCAGCGGGACTCGGCCATGTATCGCTGTGCCAGCAGCCCGGGACTAGCGGGACTCGCCGAGCAGTACTTCGGGCCG"	"CASSPGLAGLAEQYF"	"CAGCGCACAGAGCAGCGGGACTCGGCCATGTATCGCTGTGCCAGCAGCCCGGGACTAGCGGGACTCGCCGAGCAGTACTTCGGGCCG"	"CASSPGLAGLAEQYF"	"TCRBV7-6*1"	"TCRBD2-1*2"	"TCRBJ2-7*1"	48	50	63	68	2	5	NA	NA	"CAGCGCACAGAGCAGCGGGACTCGGCCATGTATCGCTGTGCCAGCAGCCCGGGACTAGCGGGACTCGCCGAGCAGTACTTCGGGCCG"	FALSE	TRUE	NA	NA	NA	NA
"GCAAAGCTTGAGGACTCGGCCGTGTATCTCTGTGCCAGCAGCTTAAGACTAGCGGGGACCTCCTACAATGAGCAGTTCTTCGGGCCA"	"CASSLRLAGTSYNEQFF"	"GCAAAGCTTGAGGACTCGGCCGTGTATCTCTGTGCCAGCAGCTTAAGACTAGCGGGGACCTCCTACAATGAGCAGTTCTTCGGGCCA"	"CASSLRLAGTSYNEQFF"	"TCRBV11-2"	"TCRBD2-1*1"	"TCRBJ2-1*1"	45	46	57	59	1	2	NA	NA	"GCAAAGCTTGAGGACTCGGCCGTGTATCTCTGTGCCAGCAGCTTAAGACTAGCGGGGACCTCCTACAATGAGCAGTTCTTCGGGCCA"	FALSE	TRUE	NA	NA	NA	NA
"CGGTCCACAAAGCTGGAGGACTCAGCCATGTACTTCTGTGCCAGCAGTCTCCTGGGGGGGTACCAAGAGACCCAGTACTTCGGGCCA"	"CASSLLGGYQETQYF"	"CGGTCCACAAAGCTGGAGGACTCAGCCATGTACTTCTGTGCCAGCAGTCTCCTGGGGGGGTACCAAGAGACCCAGTACTTCGGGCCA"	"CASSLLGGYQETQYF"	"TCRBV2-1"	"TCRBD2-1*1"	"TCRBJ2-5*1"	48	53	60	61	5	1	NA	NA	"CGGTCCACAAAGCTGGAGGACTCAGCCATGTACTTCTGTGCCAGCAGTCTCCTGGGGGGGTACCAAGAGACCCAGTACTTCGGGCCA"	FALSE	TRUE	NA	NA	NA	NA
"ACCAGTGCCCATCCTGAAGACAGCAGCTTCTACATCTGCAGTGCTAGTTGGGGCGGGATGAGCTCCTACGAGCAGTACTTCGGGCCG"	"CSASWGGMSSYEQYF"	"ACCAGTGCCCATCCTGAAGACAGCAGCTTCTACATCTGCAGTGCTAGTTGGGGCGGGATGAGCTCCTACGAGCAGTACTTCGGGCCG"	"CSASWGGMSSYEQYF"	"TCRBV2-1*4"	"TCRBD2-1*2"	"TCRBJ2-7*1"	48	52	58	62	4	4	NA	NA	"ACCAGTGCCCATCCTGAAGACAGCAGCTTCTACATCTGCAGTGCTAGTTGGGGCGGGATGAGCTCCTACGAGCAGTACTTCGGGCCG"	FALSE	TRUE	NA	NA	NA	NA
"ATCCAGCGCACACAGCAGGAGGACTCCGCCGTGTATCTCTGTGCCAGCAGCCCCCCAACAGGCACAGATACGCAGTATTTTGGCCCA"	"CASSPPTGTDTQYF"	"ATCCAGCGCACACAGCAGGAGGACTCCGCCGTGTATCTCTGTGCCAGCAGCCCCCCAACAGGCACAGATACGCAGTATTTTGGCCCA"	"CASSPPTGTDTQYF"	"TCRBV7-8*3"	"TCRBD1-1*1"	"TCRBJ2-3*1"	52	57	-1	61	5	62	NA	NA	"ATCCAGCGCACACAGCAGGAGGACTCCGCCGTGTATCTCTGTGCCAGCAGCCCCCCAACAGGCACAGATACGCAGTATTTTGGCCCA"	FALSE	TRUE	NA	NA	NA	NA
"TGTCGGCTGCTCCCTCCCAGACATCTGTGTACTTGTGTGCCAGCAGTTATTGCGGGGGTAAGCACAGATACGCAGTATTTTGGCCCA"	""	"TGTCGGCTGCTCCCTCCCAGACATCTGTGTACTTGTGTGCCAGCAGTTATTGCGGGGGTAAGCACAGATACGCAGTATTTTGGCCCA"	""	"TCRBV6-8*1"	"TCRBD2-1*1"	"TCRBJ2-3*1"	49	51	58	60	2	2	NA	NA	"TGTCGGCTGCTCCCTCCCAGACATCTGTGTACTTGTGTGCCAGCAGTTATTGCGGGGGTAAGCACAGATACGCAGTATTTTGGCCCA"	FALSE	FALSE	NA	NA	NA	NA
"ACGATTCAGCGCACAGAGCAGGGGGACTCGGCCATGTATCTCTGTGCCAGCAGCTTAAGAGGACAGGTTGAGCAGTTCTTCGGGCCA"	"CASSLRGQVEQFF"	"ACGATTCAGCGCACAGAGCAGGGGGACTCGGCCATGTATCTCTGTGCCAGCAGCTTAAGAGGACAGGTTGAGCAGTTCTTCGGGCCA"	"CASSLRGQVEQFF"	"TCRBV7-9*1"	"TCRBD1-1*1"	"TCRBJ2-1*1"	57	60	67	68	3	1	NA	NA	"ACGATTCAGCGCACAGAGCAGGGGGACTCGGCCATGTATCTCTGTGCCAGCAGCTTAAGAGGACAGGTTGAGCAGTTCTTCGGGCCA"	FALSE	TRUE	NA	NA	NA	NA
"CTGGAGTCGCCCAGCCCCAACCAGACCTCTCTGTACTTCTGTGCCAGCAGTTTGCGCGCTGCGAACACTGAAGCTTTCTTTGGACAA"	"CASSLRAANTEAFF"	"CTGGAGTCGCCCAGCCCCAACCAGACCTCTCTGTACTTCTGTGCCAGCAGTTTGCGCGCTGCGAACACTGAAGCTTTCTTTGGACAA"	"CASSLRAANTEAFF"	"TCRBV27-1*1"	"TCRBD2-1"	"TCRBJ1-1*1"	-1	53	56	62	54	6	NA	NA	"CTGGAGTCGCCCAGCCCCAACCAGACCTCTCTGTACTTCTGTGCCAGCAGTTTGCGCGCTGCGAACACTGAAGCTTTCTTTGGACAA"	FALSE	TRUE	NA	NA	NA	NA
"GTAGTGCGAGGAGATTCGGCAGCTTATTTCTGTGCCAGCCCCCGGGACAGCGGGGCGGGGAGCACAGATACGCAGTATTTTGGCCCA"	"CASPRDSGAGSTDTQYF"	"GTAGTGCGAGGAGATTCGGCAGCTTATTTCTGTGCCAGCCCCCGGGACAGCGGGGCGGGGAGCACAGATACGCAGTATTTTGGCCCA"	"CASPRDSGAGSTDTQYF"	"TCRBV18-1*1"	NA	"TCRBJ2-3*1"	39	43	50	60	4	10	NA	NA	"GTAGTGCGAGGAGATTCGGCAGCTTATTTCTGTGCCAGCCCCCGGGACAGCGGGGCGGGGAGCACAGATACGCAGTATTTTGGCCCA"	FALSE	TRUE	NA	NA	NA	NA
"NNNNTGTCGGCTGCTCCCTCCCAGACATCTGTGTACTTCTGTGCCAGCAGTTCCGGCACAGGGATCGACGAGCAGTACTTCGGGCCG"	"CASSSGTGIDEQYF"	"NNNNTGTCGGCTGCTCCCTCCCAGACATCTGTGTACTTCTGTGCCAGCAGTTCCGGCACAGGGATCGACGAGCAGTACTTCGGGCCG"	"CASSSGTGIDEQYF"	"TCRBV6-5*1"	"TCRBD1-1*1"	"TCRBJ2-7*1"	52	57	63	67	5	4	NA	NA	"NNNNTGTCGGCTGCTCCCTCCCAGACATCTGTGTACTTCTGTGCCAGCAGTTCCGGCACAGGGATCGACGAGCAGTACTTCGGGCCG"	FALSE	TRUE	NA	NA	NA	NA
"NNNNNTGTCGGCTGCTCCCTCCCAGGCATCTGTGTACTTCTGTGCCAGCCTAGCGGGAGTTCCTACAATGAGCAGTTCTTCGGGCCA"	""	"NNNNNTGTCGGCTGCTCCCTCCCAGGCATCTGTGTACTTCTGTGCCAGCCTAGCGGGAGTTCCTACAATGAGCAGTTCTTCGGGCCA"	""	"TCRBV6-5*1"	"TCRBD2-1*2"	"TCRBJ2-1*1"	-1	49	59	60	50	1	NA	NA	"NNNNNTGTCGGCTGCTCCCTCCCAGGCATCTGTGTACTTCTGTGCCAGCCTAGCGGGAGTTCCTACAATGAGCAGTTCTTCGGGCCA"	FALSE	FALSE	NA	NA	NA	NA
"CGCTCACCAGGCCTGGGGGACGCAGCCATGTACCTGTGTGCCACCAGCAGAGAAACACAGGGGCACTATGGCTACACCTTCGGTTCG"	"CATSRETQGHYGYTF"	"CGCTCACCAGGCCTGGGGGACGCAGCCATGTACCTGTGTGCCACCAGCAGAGAAACACAGGGGCACTATGGCTACACCTTCGGTTCG"	"CATSRETQGHYGYTF"	"TCRBV15-1*2"	"TCRBD1-1*1"	"TCRBJ1-2*1"	53	56	63	64	3	1	NA	NA	"CGCTCACCAGGCCTGGGGGACGCAGCCATGTACCTGTGTGCCACCAGCAGAGAAACACAGGGGCACTATGGCTACACCTTCGGTTCG"	FALSE	TRUE	NA	NA	NA	NA
"TTCCCTGGAGCTTGGTGACTCTGCTGTGTATTTCTGTGCCAGCAGCTATATAGCGGGAGGGTCGCAGATACGCAGTATTTTGGCCCA"	""	"TTCCCTGGAGCTTGGTGACTCTGCTGTGTATTTCTGTGCCAGCAGCTATATAGCGGGAGGGTCGCAGATACGCAGTATTTTGGCCCA"	""	"TCRBV3-1/3-2*1"	"TCRBD2-1*2"	"TCRBJ2-3*1"	46	50	61	64	4	3	NA	NA	"TTCCCTGGAGCTTGGTGACTCTGCTGTGTATTTCTGTGCCAGCAGCTATATAGCGGGAGGGTCGCAGATACGCAGTATTTTGGCCCA"	FALSE	FALSE	NA	NA	NA	NA
"ACTGTGACATCGGCCCAAAAGAACCCGACAGCTTTCTATCTCTGTGCCAGTAGTATAAATAGCAATCAGCCCCAGCATTTTGGTGAT"	"CASSINSNQPQHF"	"ACTGTGACATCGGCCCAAAAGAACCCGACAGCTTTCTATCTCTGTGCCAGTAGTATAAATAGCAATCAGCCCCAGCATTTTGGTGAT"	"CASSINSNQPQHF"	"TCRBV19-1*1"	NA	"TCRBJ1-5*1"	-1	-1	57	59	0	2	NA	NA	"ACTGTGACATCGGCCCAAAAGAACCCGACAGCTTTCTATCTCTGTGCCAGTAGTATAAATAGCAATCAGCCCCAGCATTTTGGTGAT"	FALSE	TRUE	NA	NA	NA	NA
"ACTCTGAAGGTGCAGCCTGCAGAACTGGAGGATTCTGGAGTTTATTTCTGTGCCAGCAGCCAAGAGGCGGAGCAGTTCTTCGGGCCA"	"CASSQEAEQFF"	"ACTCTGAAGGTGCAGCCTGCAGAACTGGAGGATTCTGGAGTTTATTTCTGTGCCAGCAGCCAAGAGGCGGAGCAGTTCTTCGGGCCA"	"CASSQEAEQFF"	"TCRBV14-1*1"	NA	"TCRBJ2-1*1"	-1	65	68	69	66	1	NA	NA	"ACTCTGAAGGTGCAGCCTGCAGAACTGGAGGATTCTGGAGTTTATTTCTGTGCCAGCAGCCAAGAGGCGGAGCAGTTCTTCGGGCCA"	FALSE	TRUE	NA	NA	NA	NA
"TCGGCTGCTCCCTCCCAGACATCTGTGTACTTCTGTGCCAGCAGTAGAACCTCCGGGACCTATAACAATGAGCAGTTCTTCGGGCCA"	"CASSRTSGTYNNEQFF"	"TCGGCTGCTCCCTCCCAGACATCTGTGTACTTCTGTGCCAGCAGTAGAACCTCCGGGACCTATAACAATGAGCAGTTCTTCGGGCCA"	"CASSRTSGTYNNEQFF"	NA	NA	"TCRBJ2-1*1"	45	54	59	64	9	5	NA	NA	"TCGGCTGCTCCCTCCCAGACATCTGTGTACTTCTGTGCCAGCAGTAGAACCTCCGGGACCTATAACAATGAGCAGTTCTTCGGGCCA"	FALSE	TRUE	NA	NA	NA	NA
"NNNNTGTCGGCTGCTCCCTCCCAGACATCTGTGTACTTCTGTGCCAGCGAGACGGACCCCCTATGGTACGAGCAGTACTTCGGGCCG"	"CASETDPLWYEQYF"	"NNNNTGTCGGCTGCTCCCTCCCAGACATCTGTGTACTTCTGTGCCAGCGAGACGGACCCCCTATGGTACGAGCAGTACTTCGGGCCG"	"CASETDPLWYEQYF"	"TCRBV6-5*1"	NA	"TCRBJ2-7*1"	48	53	57	66	5	9	NA	NA	"NNNNTGTCGGCTGCTCCCTCCCAGACATCTGTGTACTTCTGTGCCAGCGAGACGGACCCCCTATGGTACGAGCAGTACTTCGGGCCG"	FALSE	TRUE	NA	NA	NA	NA
"AACCTGAGCTCTCTGGAGCTGGGGGACTCAGCTTTGTATTTCTGTGCCAGCAGCGTAGGTTTGCCCACTGAAGCTTTCTTTGGACAA"	"CASSVGLPTEAFF"	"AACCTGAGCTCTCTGGAGCTGGGGGACTCAGCTTTGTATTTCTGTGCCAGCAGCGTAGGTTTGCCCACTGAAGCTTTCTTTGGACAA"	"CASSVGLPTEAFF"	"TCRBV9-1*1"	NA	"TCRBJ1-1*1"	58	62	64	65	4	1	NA	NA	"AACCTGAGCTCTCTGGAGCTGGGGGACTCAGCTTTGTATTTCTGTGCCAGCAGCGTAGGTTTGCCCACTGAAGCTTTCTTTGGACAA"	FALSE	TRUE	NA	NA	NA	NA
"GCCATCCCCAACCAGACAGCTCTTTACTTCTGTGCCACCAGTGATTTATTCGAGACAGGGAGCACAGATACGCAGTATTTTGGCCCA"	"CATSDLFETGSTDTQYF"	"GCCATCCCCAACCAGACAGCTCTTTACTTCTGTGCCACCAGTGATTTATTCGAGACAGGGAGCACAGATACGCAGTATTTTGGCCCA"	"CATSDLFETGSTDTQYF"	"TCRBV24-1*1"	"TCRBD1-1*1"	"TCRBJ2-3*1"	47	53	-1	60	6	61	NA	NA	"GCCATCCCCAACCAGACAGCTCTTTACTTCTGTGCCACCAGTGATTTATTCGAGACAGGGAGCACAGATACGCAGTATTTTGGCCCA"	FALSE	TRUE	NA	NA	NA	NA
"CGCACAGAGCGGGGGGACTCAGCCGTGTATCTCTGTGCCAGCAGCCTGTGGACTAGCGGGACCACAGATACGCAGTATTTTGGCCCA"	"CASSLWTSGTTDTQYF"	"CGCACAGAGCGGGGGGACTCAGCCGTGTATCTCTGTGCCAGCAGCCTGTGGACTAGCGGGACCACAGATACGCAGTATTTTGGCCCA"	"CASSLWTSGTTDTQYF"	"TCRBV7-3*1"	"TCRBD2-1*2"	"TCRBJ2-3*1"	45	49	61	62	4	1	NA	NA	"CGCACAGAGCGGGGGGACTCAGCCGTGTATCTCTGTGCCAGCAGCCTGTGGACTAGCGGGACCACAGATACGCAGTATTTTGGCCCA"	FALSE	TRUE	NA	NA	NA	NA
"AGAGCGGGGGGACTCAGCCGTGTATCTCTGTGCCAGCAGCTCTTGACCTGGACTAGCGGGAGTACAGATACGCAGTATTTTGGCCCA"	""	"AGAGCGGGGGGACTCAGCCGTGTATCTCTGTGCCAGCAGCTCTTGACCTGGACTAGCGGGAGTACAGATACGCAGTATTTTGGCCCA"	""	"TCRBV7-3*1"	"TCRBD2-1*2"	"TCRBJ2-3*1"	41	49	62	63	8	1	NA	NA	"AGAGCGGGGGGACTCAGCCGTGTATCTCTGTGCCAGCAGCTCTTGACCTGGACTAGCGGGAGTACAGATACGCAGTATTTTGGCCCA"	FALSE	FALSE	NA	NA	NA	NA
"NNNNTGTCGGCTGCTCCCTCCCAGACATCTGTGTACTTCTGTGCCAGCAGTTACGGACAGGCTGGAAACACCATATATTTTGGAGAG"	"CASSYGQAGNTIYF"	"NNNNTGTCGGCTGCTCCCTCCCAGACATCTGTGTACTTCTGTGCCAGCAGTTACGGACAGGCTGGAAACACCATATATTTTGGAGAG"	"CASSYGQAGNTIYF"	"TCRBV6-5*1"	"TCRBD1-1*1"	"TCRBJ1-3*1"	-1	54	-1	61	55	62	NA	NA	"NNNNTGTCGGCTGCTCCCTCCCAGACATCTGTGTACTTCTGTGCCAGCAGTTACGGACAGGCTGGAAACACCATATATTTTGGAGAG"	FALSE	TRUE	NA	NA	NA	NA
"AACGCCTTGTTGCTGGGGGACTCGGCCCTCTATCTCTGTGCCAGCAGCCTGCTGGGGCAGCCGAACACTGAAGCTTTCTTTGGACAA"	"CASSLLGQPNTEAFF"	"AACGCCTTGTTGCTGGGGGACTCGGCCCTCTATCTCTGTGCCAGCAGCCTGCTGGGGCAGCCGAACACTGAAGCTTTCTTTGGACAA"	"CASSLLGQPNTEAFF"	"TCRBV5-6*1"	"TCRBD1-1*1"	"TCRBJ1-1*1"	48	53	58	62	5	4	NA	NA	"AACGCCTTGTTGCTGGGGGACTCGGCCCTCTATCTCTGTGCCAGCAGCCTGCTGGGGCAGCCGAACACTGAAGCTTTCTTTGGACAA"	FALSE	TRUE	NA	NA	NA	NA
"GTGACCAGTGCCCATCCTGAAGACAGCAGCTTCTACATCTGCAGTGCTAGTCTAGCGGGGAGCACAGATACGCAGTATTTTGGCCCA"	"CSASLAGSTDTQYF"	"GTGACCAGTGCCCATCCTGAAGACAGCAGCTTCTACATCTGCAGTGCTAGTCTAGCGGGGAGCACAGATACGCAGTATTTTGGCCCA"	"CSASLAGSTDTQYF"	"TCRBV2-1*4"	"TCRBD2-1*1"	"TCRBJ2-3*1"	-1	51	-1	60	52	61	NA	NA	"GTGACCAGTGCCCATCCTGAAGACAGCAGCTTCTACATCTGCAGTGCTAGTCTAGCGGGGAGCACAGATACGCAGTATTTTGGCCCA"	FALSE	TRUE	NA	NA	NA	NA
"TTGGCGTCTGCTGTACCCTCTCAGACATCTGTGTACTTCTGTGCCAGCAGTGACTCGGGGGGCGCGGACATTCAGTACTTCGGCGCC"	"CASSDSGGADIQYF"	"TTGGCGTCTGCTGTACCCTCTCAGACATCTGTGTACTTCTGTGCCAGCAGTGACTCGGGGGGCGCGGACATTCAGTACTTCGGCGCC"	"CASSDSGGADIQYF"	"TCRBV6-4*1"	NA	"TCRBJ2-4*1"	56	57	63	67	1	4	NA	NA	"TTGGCGTCTGCTGTACCCTCTCAGACATCTGTGTACTTCTGTGCCAGCAGTGACTCGGGGGGCGCGGACATTCAGTACTTCGGCGCC"	FALSE	TRUE	NA	NA	NA	NA
"GGAGTCAGGGGACACAGCACTGTATTTCTGTGCCAGCAGCAATTTGCTAGCGGGAGGTCTTCCTACAATGAGCAGTTCTTCGGGCCA"	""	"GGAGTCAGGGGACACAGCACTGTATTTCTGTGCCAGCAGCAATTTGCTAGCGGGAGGTCTTCCTACAATGAGCAGTTCTTCGGGCCA"	""	"TCRBV21-1*1"	"TCRBD2-1*2"	"TCRBJ2-1*1"	42	46	57	60	4	3	NA	NA	"GGAGTCAGGGGACACAGCACTGTATTTCTGTGCCAGCAGCAATTTGCTAGCGGGAGGTCTTCCTACAATGAGCAGTTCTTCGGGCCA"	FALSE	FALSE	NA	NA	NA	NA
"GTGACATCGGCCCAAAAGAACCCGACAGCTTTCTATCTCTGTGCCAGTAGTGCCCGACAGGGCGGGGGTGAAGCTTTCTTTGGACAA"	"CASSARQGGGEAFF"	"GTGACATCGGCCCAAAAGAACCCGACAGCTTTCTATCTCTGTGCCAGTAGTGCCCGACAGGGCGGGGGTGAAGCTTTCTTTGGACAA"	"CASSARQGGGEAFF"	"TCRBV19-1*1"	NA	"TCRBJ1-1*1"	51	55	62	68	4	6	NA	NA	"GTGACATCGGCCCAAAAGAACCCGACAGCTTTCTATCTCTGTGCCAGTAGTGCCCGACAGGGCGGGGGTGAAGCTTTCTTTGGACAA"	FALSE	TRUE	NA	NA	NA	NA
"AAGATCCAGCCTGCAAAGCTTGAGGACTCGGCCGTGTATCTCTGTGCCAGCACCCTAGGGGGGTCCTACGAGCAGTACTTCGGGCCG"	"CASTLGGSYEQYF"	"AAGATCCAGCCTGCAAAGCTTGAGGACTCGGCCGTGTATCTCTGTGCCAGCACCCTAGGGGGGTCCTACGAGCAGTACTTCGGGCCG"	"CASTLGGSYEQYF"	"TCRBV11-2*1"	NA	"TCRBJ2-7*1"	52	56	62	63	4	1	NA	NA	"AAGATCCAGCCTGCAAAGCTTGAGGACTCGGCCGTGTATCTCTGTGCCAGCACCCTAGGGGGGTCCTACGAGCAGTACTTCGGGCCG"	FALSE	TRUE	NA	NA	NA	NA
"AAGATCCAGCCCTCAGAACCCAGGGACTCAGCTGTGTATTTTTGTGCTAGTGGTTTAGAAGGGTTAGATACGCAGTATTTTGGCCCA"	"CASGLEGLDTQYF"	"AAGATCCAGCCCTCAGAACCCAGGGACTCAGCTGTGTATTTTTGTGCTAGTGGTTTAGAAGGGTTAGATACGCAGTATTTTGGCCCA"	"CASGLEGLDTQYF"	"TCRBV12-5*1"	NA	"TCRBJ2-3*1"	56	59	63	65	3	2	NA	NA	"AAGATCCAGCCCTCAGAACCCAGGGACTCAGCTGTGTATTTTTGTGCTAGTGGTTTAGAAGGGTTAGATACGCAGTATTTTGGCCCA"	FALSE	TRUE	NA	NA	NA	NA
"ACTCTCAAGATCCAGCCTGCAGAGCTTGGGGACTCGGCCGTGTATCTCTGTGCCAGCAGCTTGGGGGTAGGGCAGTTCTTCGGGCCA"	"CASSLGVGQFF"	"ACTCTCAAGATCCAGCCTGCAGAGCTTGGGGACTCGGCCGTGTATCTCTGTGCCAGCAGCTTGGGGGTAGGGCAGTTCTTCGGGCCA"	"CASSLGVGQFF"	"TCRBV11-3*1"	NA	"TCRBJ2-1*1"	-1	62	67	71	63	4	NA	NA	"ACTCTCAAGATCCAGCCTGCAGAGCTTGGGGACTCGGCCGTGTATCTCTGTGCCAGCAGCTTGGGGGTAGGGCAGTTCTTCGGGCCA"	FALSE	TRUE	NA	NA	NA	NA
"ACACAGCAGGAGGACTCGGCCGTGTATCTCTGTGCCAGCAGCTTAGCCGGGACTAGCGGGACGGGGGGGACGCAGTATTTTGGCCCA"	"CASSLAGTSGTGGTQYF"	"ACACAGCAGGAGGACTCGGCCGTGTATCTCTGTGCCAGCAGCTTAGCCGGGACTAGCGGGACGGGGGGGACGCAGTATTTTGGCCCA"	"CASSLAGTSGTGGTQYF"	"TCRBV7-2"	"TCRBD2-1*2"	"TCRBJ2-3*1"	47	48	61	69	1	8	NA	NA	"ACACAGCAGGAGGACTCGGCCGTGTATCTCTGTGCCAGCAGCTTAGCCGGGACTAGCGGGACGGGGGGGACGCAGTATTTTGGCCCA"	FALSE	TRUE	NA	NA	NA	NA
"ATCCAGCGCACAGAGCAGCGGGACTCGGCCATGTATCGCTGTGCCAGCAGCTTATTCGGGGGTGGGGAGACCCAGTACTTCGGGCCA"	"CASSLFGGGETQYF"	"ATCCAGCGCACAGAGCAGCGGGACTCGGCCATGTATCGCTGTGCCAGCAGCTTATTCGGGGGTGGGGAGACCCAGTACTTCGGGCCA"	"CASSLFGGGETQYF"	"TCRBV7-6*1"	"TCRBD2-1*1"	"TCRBJ2-5*1"	54	56	62	66	2	4	NA	NA	"ATCCAGCGCACAGAGCAGCGGGACTCGGCCATGTATCGCTGTGCCAGCAGCTTATTCGGGGGTGGGGAGACCCAGTACTTCGGGCCA"	FALSE	TRUE	NA	NA	NA	NA
"TCGCCCAGCCCCAACCAGACCTCTCTGTACTTCTGTGCCAGCAGTTTTTTCAGTCCTCCTGGGGCCAACGTCCTGACTTTCGGGGCC"	"CASSFFSPPGANVLTF"	"TCGCCCAGCCCCAACCAGACCTCTCTGTACTTCTGTGCCAGCAGTTTTTTCAGTCCTCCTGGGGCCAACGTCCTGACTTTCGGGGCC"	"CASSFFSPPGANVLTF"	"TCRBV27-1*1"	"TCRBD1-1*1"	"TCRBJ2-6*1"	47	50	53	58	3	5	NA	NA	"TCGCCCAGCCCCAACCAGACCTCTCTGTACTTCTGTGCCAGCAGTTTTTTCAGTCCTCCTGGGGCCAACGTCCTGACTTTCGGGGCC"	FALSE	TRUE	NA	NA	NA	NA
"CAGCCTGCAAAGCTTGAGGACTCGGCCGTGTATCTCTGTGCCAGCAGTTCACGACAGGGCCCCCTCACTGAAGCTTTCTTTGGACAA"	"CASSSRQGPLTEAFF"	"CAGCCTGCAAAGCTTGAGGACTCGGCCGTGTATCTCTGTGCCAGCAGTTCACGACAGGGCCCCCTCACTGAAGCTTTCTTTGGACAA"	"CASSSRQGPLTEAFF"	"TCRBV11-2*1"	"TCRBD1-1*1"	"TCRBJ1-1*1"	47	52	59	65	5	6	NA	NA	"CAGCCTGCAAAGCTTGAGGACTCGGCCGTGTATCTCTGTGCCAGCAGTTCACGACAGGGCCCCCTCACTGAAGCTTTCTTTGGACAA"	FALSE	TRUE	NA	NA	NA	NA
"ACAGTGACCAGTGCCCATCCTGAAGACAGCAGCTTCTACATCTGCAGTGTCGAGCCCAGGGGGAGTTACGAGCAGTACTTCGGGCCG"	"CSVEPRGSYEQYF"	"ACAGTGACCAGTGCCCATCCTGAAGACAGCAGCTTCTACATCTGCAGTGTCGAGCCCAGGGGGAGTTACGAGCAGTACTTCGGGCCG"	"CSVEPRGSYEQYF"	NA	"TCRBD1-1*1"	"TCRBJ2-7*1"	49	56	63	66	7	3	NA	NA	"ACAGTGACCAGTGCCCATCCTGAAGACAGCAGCTTCTACATCTGCAGTGTCGAGCCCAGGGGGAGTTACGAGCAGTACTTCGGGCCG"	FALSE	TRUE	NA	NA	NA	NA
"ACAGTGACCAGTGCCCATCCTGAAGACAGCAGCTTCTACATCTGCAGTGCTCCGCACAGGGCCGGCCAGCCCCAGCATTTTGGTGAT"	"CSAPHRAGQPQHF"	"ACAGTGACCAGTGCCCATCCTGAAGACAGCAGCTTCTACATCTGCAGTGCTCCGCACAGGGCCGGCCAGCCCCAGCATTTTGGTGAT"	"CSAPHRAGQPQHF"	NA	"TCRBD1-1*1"	"TCRBJ1-5*1"	51	55	61	66	4	5	NA	NA	"ACAGTGACCAGTGCCCATCCTGAAGACAGCAGCTTCTACATCTGCAGTGCTCCGCACAGGGCCGGCCAGCCCCAGCATTTTGGTGAT"	FALSE	TRUE	NA	NA	NA	NA
"GCTCCCTCCCAGACATCTGTGTACTTCTGTGCCAGCAGGACGTTGACCGGGACTAGCCTTAACACCGGGGAGCTGTTTTTTGGAGAA"	"CASRTLTGTSLNTGELFF"	"GCTCCCTCCCAGACATCTGTGTACTTCTGTGCCAGCAGGACGTTGACCGGGACTAGCCTTAACACCGGGGAGCTGTTTTTTGGAGAA"	"CASRTLTGTSLNTGELFF"	NA	"TCRBD2-1"	"TCRBJ2-2*1"	38	48	57	60	10	3	NA	NA	"GCTCCCTCCCAGACATCTGTGTACTTCTGTGCCAGCAGGACGTTGACCGGGACTAGCCTTAACACCGGGGAGCTGTTTTTTGGAGAA"	FALSE	TRUE	NA	NA	NA	NA
"AAGATCCAGCCCTCAGAACCCAGGGACTCAGCTGTGTACTTCTGTGCCAGCAGTGGACATACCTCCTACGAGCAGTACTTCGGGCCG"	"CASSGHTSYEQYF"	"AAGATCCAGCCCTCAGAACCCAGGGACTCAGCTGTGTACTTCTGTGCCAGCAGTGGACATACCTCCTACGAGCAGTACTTCGGGCCG"	"CASSGHTSYEQYF"	"TCRBV12-3/12-4*1"	"TCRBD1-1*1"	"TCRBJ2-7*1"	-1	54	59	62	55	3	NA	NA	"AAGATCCAGCCCTCAGAACCCAGGGACTCAGCTGTGTACTTCTGTGCCAGCAGTGGACATACCTCCTACGAGCAGTACTTCGGGCCG"	FALSE	TRUE	NA	NA	NA	NA
"AGTGCCCATCCTGAAGACAGCAGCTTCTACATCTGCAGTGCTAGAGATTTTAGAACTAGCGTCGCAGATACGCAGTATTTTGGCCCA"	"CSARDFRTSVADTQYF"	"AGTGCCCATCCTGAAGACAGCAGCTTCTACATCTGCAGTGCTAGAGATTTTAGAACTAGCGTCGCAGATACGCAGTATTTTGGCCCA"	"CSARDFRTSVADTQYF"	NA	"TCRBD2-1"	"TCRBJ2-3*1"	47	54	61	64	7	3	NA	NA	"AGTGCCCATCCTGAAGACAGCAGCTTCTACATCTGCAGTGCTAGAGATTTTAGAACTAGCGTCGCAGATACGCAGTATTTTGGCCCA"	FALSE	TRUE	NA	NA	NA	NA
"GACATCCGCTCACCAGGCCTGGGGGACGCAGCCATGTACCTGTGTGCCACCAGCAGTGTACGTACAGGGTTAGCTTTCTTTGGACAA"	"CATSSVRTGLAFF"	"GACATCCGCTCACCAGGCCTGGGGGACGCAGCCATGTACCTGTGTGCCACCAGCAGTGTACGTACAGGGTTAGCTTTCTTTGGACAA"	"CATSSVRTGLAFF"	"TCRBV15-1*2"	"TCRBD1-1*1"	"TCRBJ1-1*1"	56	63	69	71	7	2	NA	NA	"GACATCCGCTCACCAGGCCTGGGGGACGCAGCCATGTACCTGTGTGCCACCAGCAGTGTACGTACAGGGTTAGCTTTCTTTGGACAA"	FALSE	TRUE	NA	NA	NA	NA
"CAGCGCACAGAGCAGGGGGACTCGGCCATGTATCTCTGTGCCAGCAGCATCCAGGGGGGATCGGGAAACACCATATATTTTGGAGAG"	"CASSIQGGSGNTIYF"	"CAGCGCACAGAGCAGGGGGACTCGGCCATGTATCTCTGTGCCAGCAGCATCCAGGGGGGATCGGGAAACACCATATATTTTGGAGAG"	"CASSIQGGSGNTIYF"	"TCRBV7-9*1"	"TCRBD1-1*1"	"TCRBJ1-3*1"	48	51	58	63	3	5	NA	NA	"CAGCGCACAGAGCAGGGGGACTCGGCCATGTATCTCTGTGCCAGCAGCATCCAGGGGGGATCGGGAAACACCATATATTTTGGAGAG"	FALSE	TRUE	NA	NA	NA	NA
"TCAGAACCCAGGGACTCAGCTGTGTACTTCTGTGCCAGCAGTTTGAGCACCGGGACTAGTATTTACAATGAGCAGTTCTTCGGGCCA"	"CASSLSTGTSIYNEQFF"	"TCAGAACCCAGGGACTCAGCTGTGTACTTCTGTGCCAGCAGTTTGAGCACCGGGACTAGTATTTACAATGAGCAGTTCTTCGGGCCA"	"CASSLSTGTSIYNEQFF"	NA	"TCRBD2-1"	"TCRBJ2-1*1"	44	51	59	63	7	4	NA	NA	"TCAGAACCCAGGGACTCAGCTGTGTACTTCTGTGCCAGCAGTTTGAGCACCGGGACTAGTATTTACAATGAGCAGTTCTTCGGGCCA"	FALSE	TRUE	NA	NA	NA	NA
"TCTACATCTGCAGTGAGTTGAAGTTTCGGGAGCCTAGGTGCCTGACTACCCCTCGTAAAGACACAATGAGCAGTTCCCTTCGGGCCA"	""	"TCTACATCTGCAGTGAGTTGAAGTTTCGGGAGCCTAGGTGCCTGACTACCCCTCGTAAAGACACAATGAGCAGTTCCCTTCGGGCCA"	""	NA	"TCRBD2-1*2"	NA	15	26	32	77	11	45	NA	NA	"TCTACATCTGCAGTGAGTTGAAGTTTCGGGAGCCTAGGTGCCTGACTACCCCTCGTAAAGACACAATGAGCAGTTCCCTTCGGGCCA"	FALSE	FALSE	NA	NA	NA	NA
"GCTGCTCCCTCCCAGACATCTGTGTACTTCTGTGCCAGCTCTAGCTCACCGCGGCGATCCTCTGGAAACACCATATATTTTGGAGAG"	"CASSSSPRRSSGNTIYF"	"GCTGCTCCCTCCCAGACATCTGTGTACTTCTGTGCCAGCTCTAGCTCACCGCGGCGATCCTCTGGAAACACCATATATTTTGGAGAG"	"CASSSSPRRSSGNTIYF"	NA	"TCRBD2-1"	"TCRBJ1-3*1"	39	40	45	59	1	14	NA	NA	"GCTGCTCCCTCCCAGACATCTGTGTACTTCTGTGCCAGCTCTAGCTCACCGCGGCGATCCTCTGGAAACACCATATATTTTGGAGAG"	FALSE	TRUE	NA	NA	NA	NA
"GGAGCTTGGTGACTCTGCTGTGTATTTCTGTGCCAGCAGCGACACCGTAGCGGGAGAGGGGACACCGGGGAGCTGTTTTTTGGAGAA"	""	"GGAGCTTGGTGACTCTGCTGTGTATTTCTGTGCCAGCAGCGACACCGTAGCGGGAGAGGGGACACCGGGGAGCTGTTTTTTGGAGAA"	""	"TCRBV3-1/3-2*1"	"TCRBD2-1*2"	"TCRBJ2-2*1"	40	47	56	61	7	5	NA	NA	"GGAGCTTGGTGACTCTGCTGTGTATTTCTGTGCCAGCAGCGACACCGTAGCGGGAGAGGGGACACCGGGGAGCTGTTTTTTGGAGAA"	FALSE	FALSE	NA	NA	NA	NA
"AGGGGGACTCGGCCATGTATCTCTGTGCCAGCAGACCACCGACAGGTTCTTGTGTAAATTCAGATGGCTGAAGCTTTCTTTGGACAA"	""	"AGGGGGACTCGGCCATGTATCTCTGTGCCAGCAGACCACCGACAGGTTCTTGTGTAAATTCAGATGGCTGAAGCTTTCTTTGGACAA"	""	"TCRBV7-9"	"TCRBD1-1*1"	"TCRBJ1-1*1"	34	40	46	67	6	21	NA	NA	"AGGGGGACTCGGCCATGTATCTCTGTGCCAGCAGACCACCGACAGGTTCTTGTGTAAATTCAGATGGCTGAAGCTTTCTTTGGACAA"	FALSE	FALSE	NA	NA	NA	NA
"TCTCCCTGTCCCTAGAGTCTGCCATCCCCAACCAGACAGCTCTTTACTTCTGTGCCACCCCCAGGTTACGAGCAGTACTTCGGGCCG"	""	"TCTCCCTGTCCCTAGAGTCTGCCATCCCCAACCAGACAGCTCTTTACTTCTGTGCCACCCCCAGGTTACGAGCAGTACTTCGGGCCG"	""	"TCRBV24-1*1"	"TCRBD1-1*1"	"TCRBJ2-7*1"	59	61	65	66	2	1	NA	NA	"TCTCCCTGTCCCTAGAGTCTGCCATCCCCAACCAGACAGCTCTTTACTTCTGTGCCACCCCCAGGTTACGAGCAGTACTTCGGGCCG"	FALSE	FALSE	NA	NA	NA	NA
"CAGCCAGAAGACTCGGCCCTGTATCTCTGTGCCAGCAGCCAAGAAAGAGGGACAGGGGGTACCTACAATGAGCAGTTCTTCGGGCCA"	"CASSQERGTGGTYNEQFF"	"CAGCCAGAAGACTCGGCCCTGTATCTCTGTGCCAGCAGCCAAGAAAGAGGGACAGGGGGTACCTACAATGAGCAGTTCTTCGGGCCA"	"CASSQERGTGGTYNEQFF"	"TCRBV4-2*1"	"TCRBD1-1*1"	"TCRBJ2-1*1"	44	48	59	61	4	2	NA	NA	"CAGCCAGAAGACTCGGCCCTGTATCTCTGTGCCAGCAGCCAAGAAAGAGGGACAGGGGGTACCTACAATGAGCAGTTCTTCGGGCCA"	FALSE	TRUE	NA	NA	NA	NA
"CTCAGAACCCAGGGACTCAGCTGTGTATTTTTGTGCTAGTGGGGACACCGGAGCGGGCGAGTCTCCTACGAGCAGTACTTCGGGCCG"	""	"CTCAGAACCCAGGGACTCAGCTGTGTATTTTTGTGCTAGTGGGGACACCGGAGCGGGCGAGTCTCCTACGAGCAGTACTTCGGGCCG"	""	"TCRBV12-5*1"	"TCRBD2-1"	"TCRBJ2-7*1"	42	51	57	62	9	5	NA	NA	"CTCAGAACCCAGGGACTCAGCTGTGTATTTTTGTGCTAGTGGGGACACCGGAGCGGGCGAGTCTCCTACGAGCAGTACTTCGGGCCG"	FALSE	FALSE	NA	NA	NA	NA
"NCTCTGAAGATCCGGTCCACAAAGCTGGAGGACTCAGCCATGTACTTCTGTGCCAGCAAGGGAGAAGAGACCCAGTACTTCGGGCCA"	"CASKGEETQYF"	"NCTCTGAAGATCCGGTCCACAAAGCTGGAGGACTCAGCCATGTACTTCTGTGCCAGCAAGGGAGAAGAGACCCAGTACTTCGGGCCA"	"CASKGEETQYF"	"TCRBV2-1"	"TCRBD2-1*2"	"TCRBJ2-5*1"	58	59	-1	64	1	65	NA	NA	"NCTCTGAAGATCCGGTCCACAAAGCTGGAGGACTCAGCCATGTACTTCTGTGCCAGCAAGGGAGAAGAGACCCAGTACTTCGGGCCA"	FALSE	TRUE	NA	NA	NA	NA
"CACTCTGGAGTCCGCTACCAGCTCCCAGACATCTGTGTACTTCTGTGCCATCAGTGAGTCGGTTAGGGCGAGCAGTACTTCGGGCCG"	""	"CACTCTGGAGTCCGCTACCAGCTCCCAGACATCTGTGTACTTCTGTGCCATCAGTGAGTCGGTTAGGGCGAGCAGTACTTCGGGCCG"	""	"TCRBV1-3*1"	NA	"TCRBJ2-7*1"	60	64	-1	68	4	69	NA	NA	"CACTCTGGAGTCCGCTACCAGCTCCCAGACATCTGTGTACTTCTGTGCCATCAGTGAGTCGGTTAGGGCGAGCAGTACTTCGGGCCG"	FALSE	FALSE	NA	NA	NA	NA
"GTGAGCACCTTGGAGCTGGGGGACTCGGCCCTTTATCTTTGCGCCAGCAGCTTGGAACAGGCATACAATGAGCAGTTCTTCGGGCCA"	"CASSLEQAYNEQFF"	"GTGAGCACCTTGGAGCTGGGGGACTCGGCCCTTTATCTTTGCGCCAGCAGCTTGGAACAGGCATACAATGAGCAGTTCTTCGGGCCA"	"CASSLEQAYNEQFF"	"TCRBV5-1*1"	"TCRBD1-1*1"	"TCRBJ2-1*1"	55	56	61	63	1	2	NA	NA	"GTGAGCACCTTGGAGCTGGGGGACTCGGCCCTTTATCTTTGCGCCAGCAGCTTGGAACAGGCATACAATGAGCAGTTCTTCGGGCCA"	FALSE	TRUE	NA	NA	NA	NA
"GAGTCCGCCAGCACCAACCAGACATCTATGTACCTCTGTGCCAGCAGTACAAAAGTGGGGGTAGGCACTGAAGCTTTCTTTGGACAA"	"CASSTKVGVGTEAFF"	"GAGTCCGCCAGCACCAACCAGACATCTATGTACCTCTGTGCCAGCAGTACAAAAGTGGGGGTAGGCACTGAAGCTTTCTTTGGACAA"	"CASSTKVGVGTEAFF"	"TCRBV28-1*1"	NA	"TCRBJ1-1*1"	48	56	61	65	8	4	NA	NA	"GAGTCCGCCAGCACCAACCAGACATCTATGTACCTCTGTGCCAGCAGTACAAAAGTGGGGGTAGGCACTGAAGCTTTCTTTGGACAA"	FALSE	TRUE	NA	NA	NA	NA
"TCCGCTACCAGCTCCCAGACATCTGTGTACTTCTGTGCCATCAGAGCTAGCGGCGGGAGAGCGGGGGAGACCCAGTACTTCGGGCCA"	"CAIRASGGRAGETQYF"	"TCCGCTACCAGCTCCCAGACATCTGTGTACTTCTGTGCCATCAGAGCTAGCGGCGGGAGAGCGGGGGAGACCCAGTACTTCGGGCCA"	"CAIRASGGRAGETQYF"	"TCRBV1-3*1"	"TCRBD2-1"	"TCRBJ2-5*1"	44	46	53	66	2	13	NA	NA	"TCCGCTACCAGCTCCCAGACATCTGTGTACTTCTGTGCCATCAGAGCTAGCGGCGGGAGAGCGGGGGAGACCCAGTACTTCGGGCCA"	FALSE	TRUE	NA	NA	NA	NA
"ACATCGGCCCAAAAGAACCCGACAGCTTTCTATCTCTGTGCCAGTAGTGATGCCCTTAGCGGGACCTACGAGCAGTACTTCGGGCCG"	"CASSDALSGTYEQYF"	"ACATCGGCCCAAAAGAACCCGACAGCTTTCTATCTCTGTGCCAGTAGTGATGCCCTTAGCGGGACCTACGAGCAGTACTTCGGGCCG"	"CASSDALSGTYEQYF"	"TCRBV19-1*1"	"TCRBD2-1*2"	"TCRBJ2-7*1"	48	56	-1	64	8	65	NA	NA	"ACATCGGCCCAAAAGAACCCGACAGCTTTCTATCTCTGTGCCAGTAGTGATGCCCTTAGCGGGACCTACGAGCAGTACTTCGGGCCG"	FALSE	TRUE	NA	NA	NA	NA
"ATCCTGGAGTCGCCCAGCCCCAACCAGACCTCTCTGTACTTCTGTGCCAGCAGTACCATGGACTCCTACGAGCAGTACTTCGGGCCG"	"CASSTMDSYEQYF"	"ATCCTGGAGTCGCCCAGCCCCAACCAGACCTCTCTGTACTTCTGTGCCAGCAGTACCATGGACTCCTACGAGCAGTACTTCGGGCCG"	"CASSTMDSYEQYF"	"TCRBV27-1*1"	NA	"TCRBJ2-7*1"	54	59	-1	62	5	63	NA	NA	"ATCCTGGAGTCGCCCAGCCCCAACCAGACCTCTCTGTACTTCTGTGCCAGCAGTACCATGGACTCCTACGAGCAGTACTTCGGGCCG"	FALSE	TRUE	NA	NA	NA	NA
"TTCCCCCTGATCCTGGAGTCGCCCAGCCCCAACCAGACCTCTCTGTACTTCTGTGCCAGCGGGCGGGCTGAAGCTTTCTTTGGACAA"	"CASGRAEAFF"	"TTCCCCCTGATCCTGGAGTCGCCCAGCCCCAACCAGACCTCTCTGTACTTCTGTGCCAGCGGGCGGGCTGAAGCTTTCTTTGGACAA"	"CASGRAEAFF"	"TCRBV27-1*1"	"TCRBD2-1"	"TCRBJ1-1*1"	60	62	-1	67	2	68	NA	NA	"TTCCCCCTGATCCTGGAGTCGCCCAGCCCCAACCAGACCTCTCTGTACTTCTGTGCCAGCGGGCGGGCTGAAGCTTTCTTTGGACAA"	FALSE	TRUE	NA	NA	NA	NA
"NNNNNNNTGTCGGCTGCTCCCTCCCAGACATCTGTGTACTTCTGTGCCAGCAAACGGGCCAAAACCTATGGCTACACCTTCGGTTCG"	"CASKRAKTYGYTF"	"NNNNNNNTGTCGGCTGCTCCCTCCCAGACATCTGTGTACTTCTGTGCCAGCAAACGGGCCAAAACCTATGGCTACACCTTCGGTTCG"	"CASKRAKTYGYTF"	"TCRBV6-5*1"	NA	"TCRBJ1-2*1"	52	55	59	65	3	6	NA	NA	"NNNNNNNTGTCGGCTGCTCCCTCCCAGACATCTGTGTACTTCTGTGCCAGCAAACGGGCCAAAACCTATGGCTACACCTTCGGTTCG"	FALSE	TRUE	NA	NA	NA	NA
"TCAAGATCCAGCCTGCAGAGCTTGGGGACTCGGCCGTGTATCTCTGATGCCCGGGACTAGCGAGCAGATACGCAGTATTTTGGCCCA"	""	"TCAAGATCCAGCCTGCAGAGCTTGGGGACTCGGCCGTGTATCTCTGATGCCCGGGACTAGCGAGCAGATACGCAGTATTTTGGCCCA"	""	"TCRBV11-3*1"	"TCRBD2-1"	"TCRBJ2-3*1"	46	52	62	64	6	2	NA	NA	"TCAAGATCCAGCCTGCAGAGCTTGGGGACTCGGCCGTGTATCTCTGATGCCCGGGACTAGCGAGCAGATACGCAGTATTTTGGCCCA"	FALSE	FALSE	NA	NA	NA	NA
"NTGTCGGCTGCTCCCTCCCAGACATCTGTGTACTTCTGTGCCAGCAGTTACCGGGGGGACGGCAATCAGCCCCAGCATTTTGGTGAT"	"CASSYRGDGNQPQHF"	"NTGTCGGCTGCTCCCTCCCAGACATCTGTGTACTTCTGTGCCAGCAGTTACCGGGGGGACGGCAATCAGCCCCAGCATTTTGGTGAT"	"CASSYRGDGNQPQHF"	"TCRBV6-5*1"	"TCRBD2-1*1"	"TCRBJ1-5*1"	-1	51	58	61	52	3	NA	NA	"NTGTCGGCTGCTCCCTCCCAGACATCTGTGTACTTCTGTGCCAGCAGTTACCGGGGGGACGGCAATCAGCCCCAGCATTTTGGTGAT"	FALSE	TRUE	NA	NA	NA	NA
"AGCACCTTGGAGCTGGGGGACTCGGCCCTTTATCTTTGCGCCAGCAGCGCGGCGGGACTAGCGCCCTACGAGCAGTACTTCGGGCCG"	"CASSAAGLAPYEQYF"	"AGCACCTTGGAGCTGGGGGACTCGGCCCTTTATCTTTGCGCCAGCAGCGCGGCGGGACTAGCGCCCTACGAGCAGTACTTCGGGCCG"	"CASSAAGLAPYEQYF"	"TCRBV5-1*1"	"TCRBD2-1"	"TCRBJ2-7*1"	48	53	63	64	5	1	NA	NA	"AGCACCTTGGAGCTGGGGGACTCGGCCCTTTATCTTTGCGCCAGCAGCGCGGCGGGACTAGCGCCCTACGAGCAGTACTTCGGGCCG"	FALSE	TRUE	NA	NA	NA	NA
"CAGCCTGCAAAGCTTGAGGACTCGGCCGTGTATCTCTGTGCCAGCAGCTTAGTGCGGGGGACCCCATACGAGCAGTACTTCGGGCCG"	"CASSLVRGTPYEQYF"	"CAGCCTGCAAAGCTTGAGGACTCGGCCGTGTATCTCTGTGCCAGCAGCTTAGTGCGGGGGACCCCATACGAGCAGTACTTCGGGCCG"	"CASSLVRGTPYEQYF"	"TCRBV11-2*1"	"TCRBD2-1*1"	"TCRBJ2-7*1"	52	53	60	66	1	6	NA	NA	"CAGCCTGCAAAGCTTGAGGACTCGGCCGTGTATCTCTGTGCCAGCAGCTTAGTGCGGGGGACCCCATACGAGCAGTACTTCGGGCCG"	FALSE	TRUE	NA	NA	NA	NA
"CAGCGCACAGAGCAGGGGGACTCGGCCATGTATCTCTGTGCCAGCAGCTTAGCCGCCGGACAGGGCTATGGCTACACCTTCGGTTCG"	"CASSLAAGQGYGYTF"	"CAGCGCACAGAGCAGGGGGACTCGGCCATGTATCTCTGTGCCAGCAGCTTAGCCGCCGGACAGGGCTATGGCTACACCTTCGGTTCG"	"CASSLAAGQGYGYTF"	"TCRBV7-9*1"	"TCRBD1-1*1"	"TCRBJ1-2*1"	53	57	-1	65	4	66	NA	NA	"CAGCGCACAGAGCAGGGGGACTCGGCCATGTATCTCTGTGCCAGCAGCTTAGCCGCCGGACAGGGCTATGGCTACACCTTCGGTTCG"	FALSE	TRUE	NA	NA	NA	NA
"ACATCGGCCCAAAAGAACCCGACAGCTTTCTATCTCTGTGCCAGTAGTATAGCTTGGGGGGCTAATGAAAAACTGTTTTTTGGCAGT"	"CASSIAWGANEKLFF"	"ACATCGGCCCAAAAGAACCCGACAGCTTTCTATCTCTGTGCCAGTAGTATAGCTTGGGGGGCTAATGAAAAACTGTTTTTTGGCAGT"	"CASSIAWGANEKLFF"	"TCRBV19-1*1"	"TCRBD2-1*1"	"TCRBJ1-4*1"	52	55	-1	61	3	62	NA	NA	"ACATCGGCCCAAAAGAACCCGACAGCTTTCTATCTCTGTGCCAGTAGTATAGCTTGGGGGGCTAATGAAAAACTGTTTTTTGGCAGT"	FALSE	TRUE	NA	NA	NA	NA
"CTGCAGCCAGAAGACTCAGCCCTGTATCTCTGCGCCAGCAGCCAAGTAGGACTAGAAGAACCCTACAATGAGCAGTTCTTCGGGCCA"	"CASSQVGLEEPYNEQFF"	"CTGCAGCCAGAAGACTCAGCCCTGTATCTCTGCGCCAGCAGCCAAGTAGGACTAGAAGAACCCTACAATGAGCAGTTCTTCGGGCCA"	"CASSQVGLEEPYNEQFF"	"TCRBV4-1*1"	"TCRBD2-1"	"TCRBJ2-1*1"	46	48	55	61	2	6	NA	NA	"CTGCAGCCAGAAGACTCAGCCCTGTATCTCTGCGCCAGCAGCCAAGTAGGACTAGAAGAACCCTACAATGAGCAGTTCTTCGGGCCA"	FALSE	TRUE	NA	NA	NA	NA
"ACCAGTGCCCATCCTGAAGACAGCAGCTTCTACATCTGCAGTGCTACGACAGGGGGCGTCCTAAAGGATGGCTACACCTTCGGTTCG"	"CSATTGGVLKDGYTF"	"ACCAGTGCCCATCCTGAAGACAGCAGCTTCTACATCTGCAGTGCTACGACAGGGGGCGTCCTAAAGGATGGCTACACCTTCGGTTCG"	"CSATTGGVLKDGYTF"	NA	"TCRBD1-1*1"	"TCRBJ1-2*1"	46	47	57	67	1	10	NA	NA	"ACCAGTGCCCATCCTGAAGACAGCAGCTTCTACATCTGCAGTGCTACGACAGGGGGCGTCCTAAAGGATGGCTACACCTTCGGTTCG"	FALSE	TRUE	NA	NA	NA	NA
"AACCCAGGGACTCAGCTGTGTATTTTTGTGCTAGTGGTTTGGCCGACTCGGACAGGGTCTGGGGCCAACGTCCTGACTTTCGGGGCC"	""	"AACCCAGGGACTCAGCTGTGTATTTTTGTGCTAGTGGTTTGGCCGACTCGGACAGGGTCTGGGGCCAACGTCCTGACTTTCGGGGCC"	""	"TCRBV12-5*1"	"TCRBD1-1*1"	"TCRBJ2-6*1"	42	49	-1	57	7	58	NA	NA	"AACCCAGGGACTCAGCTGTGTATTTTTGTGCTAGTGGTTTGGCCGACTCGGACAGGGTCTGGGGCCAACGTCCTGACTTTCGGGGCC"	FALSE	FALSE	NA	NA	NA	NA
"TCTCTGGAGCTGGGGGACTCAGCTTTGTATTTCTGTGCCAGCAGCGTAGGAGGTCGCCCGGGCACAGATACGCAGTATTTTGGCCCA"	"CASSVGGRPGTDTQYF"	"TCTCTGGAGCTGGGGGACTCAGCTTTGTATTTCTGTGCCAGCAGCGTAGGAGGTCGCCCGGGCACAGATACGCAGTATTTTGGCCCA"	"CASSVGGRPGTDTQYF"	"TCRBV9-1*1"	"TCRBD2-1*2"	"TCRBJ2-3*1"	-1	49	53	61	50	8	NA	NA	"TCTCTGGAGCTGGGGGACTCAGCTTTGTATTTCTGTGCCAGCAGCGTAGGAGGTCGCCCGGGCACAGATACGCAGTATTTTGGCCCA"	FALSE	TRUE	NA	NA	NA	NA
"GTGAACGCCTTGGAGCTGGAGGACTCGGCCCTGTATCTCTGTGCCAGCAGCTTTCGGACAGGGAGAATTGAGCAGTTCTTCGGGCCA"	"CASSFRTGRIEQFF"	"GTGAACGCCTTGGAGCTGGAGGACTCGGCCCTGTATCTCTGTGCCAGCAGCTTTCGGACAGGGAGAATTGAGCAGTTCTTCGGGCCA"	"CASSFRTGRIEQFF"	"TCRBV5-8*1"	"TCRBD1-1*1"	"TCRBJ2-1*1"	53	55	63	68	2	5	NA	NA	"GTGAACGCCTTGGAGCTGGAGGACTCGGCCCTGTATCTCTGTGCCAGCAGCTTTCGGACAGGGAGAATTGAGCAGTTCTTCGGGCCA"	FALSE	TRUE	NA	NA	NA	NA
"GTCGCCCAGCCCCAACCAGACCTCTCTGTACTTCTGTGCCAGCAGTTCTCCGGGACAGGGGGACCTTACGAGCAGTACTTCGGGCCG"	""	"GTCGCCCAGCCCCAACCAGACCTCTCTGTACTTCTGTGCCAGCAGTTCTCCGGGACAGGGGGACCTTACGAGCAGTACTTCGGGCCG"	""	"TCRBV27-1*1"	"TCRBD1-1*1"	"TCRBJ2-7*1"	47	51	62	66	4	4	NA	NA	"GTCGCCCAGCCCCAACCAGACCTCTCTGTACTTCTGTGCCAGCAGTTCTCCGGGACAGGGGGACCTTACGAGCAGTACTTCGGGCCG"	FALSE	FALSE	NA	NA	NA	NA
"CGCACAGAGCGGGGGGACTCAGCCGTGTATCTCTGTGCCAGCAGCTTAACCCCGACTATCTACACCGGGGAGCTGTTTTTTGGAGAA"	"CASSLTPTIYTGELFF"	"CGCACAGAGCGGGGGGACTCAGCCGTGTATCTCTGTGCCAGCAGCTTAACCCCGACTATCTACACCGGGGAGCTGTTTTTTGGAGAA"	"CASSLTPTIYTGELFF"	"TCRBV7-3*1"	"TCRBD2-1"	"TCRBJ2-2*1"	50	53	58	61	3	3	NA	NA	"CGCACAGAGCGGGGGGACTCAGCCGTGTATCTCTGTGCCAGCAGCTTAACCCCGACTATCTACACCGGGGAGCTGTTTTTTGGAGAA"	FALSE	TRUE	NA	NA	NA	NA
"ATCCAGCAGGTAGTGCGAGGAGATTCGGCAGCTTATTTCTGTGCCAGCCGACCAGTCGGACGGAACACTGAAGCTTTCTTTGGACAA"	"CASRPVGRNTEAFF"	"ATCCAGCAGGTAGTGCGAGGAGATTCGGCAGCTTATTTCTGTGCCAGCCGACCAGTCGGACGGAACACTGAAGCTTTCTTTGGACAA"	"CASRPVGRNTEAFF"	"TCRBV18-1*1"	NA	"TCRBJ1-1*1"	48	57	61	62	9	1	NA	NA	"ATCCAGCAGGTAGTGCGAGGAGATTCGGCAGCTTATTTCTGTGCCAGCCGACCAGTCGGACGGAACACTGAAGCTTTCTTTGGACAA"	FALSE	TRUE	NA	NA	NA	NA
"TTGGGCCCAAAGAACCCGACAGCTTTCTATCTCTGTGCCAGTAGTATAGGGGGCCGAGGGGGCTACAATGAGCAGTTCTTCGGGCCA"	"CASSIGGRGGYNEQFF"	"TTGGGCCCAAAGAACCCGACAGCTTTCTATCTCTGTGCCAGTAGTATAGGGGGCCGAGGGGGCTACAATGAGCAGTTCTTCGGGCCA"	"CASSIGGRGGYNEQFF"	"TCRBV19-1*1"	"TCRBD1-1*1"	"TCRBJ2-1*1"	49	56	-1	62	7	63	NA	NA	"TTGGGCCCAAAGAACCCGACAGCTTTCTATCTCTGTGCCAGTAGTATAGGGGGCCGAGGGGGCTACAATGAGCAGTTCTTCGGGCCA"	FALSE	TRUE	NA	NA	NA	NA
"TCGGCTGCTCCCTCCCAGACATCTGTGTACTTCTGTGCCAGCAGCCAAACGACAGGTTCGGGCAATCAGCCCCAGCATTTTGGTGAT"	"CASSQTTGSGNQPQHF"	"TCGGCTGCTCCCTCCCAGACATCTGTGTACTTCTGTGCCAGCAGCCAAACGACAGGTTCGGGCAATCAGCCCCAGCATTTTGGTGAT"	"CASSQTTGSGNQPQHF"	NA	"TCRBD1-1*1"	"TCRBJ1-5*1"	44	50	56	61	6	5	NA	NA	"TCGGCTGCTCCCTCCCAGACATCTGTGTACTTCTGTGCCAGCAGCCAAACGACAGGTTCGGGCAATCAGCCCCAGCATTTTGGTGAT"	FALSE	TRUE	NA	NA	NA	NA
"ACTGTGACATCGGCCCAAAAGAACCCGACAGCTTTCTATCTCTGTGCCAGTAGTATCGGCCCGAACACTGAAGCTTTCTTTGGACAA"	"CASSIGPNTEAFF"	"ACTGTGACATCGGCCCAAAAGAACCCGACAGCTTTCTATCTCTGTGCCAGTAGTATCGGCCCGAACACTGAAGCTTTCTTTGGACAA"	"CASSIGPNTEAFF"	"TCRBV19-1*1"	NA	"TCRBJ1-1*1"	56	57	60	62	1	2	NA	NA	"ACTGTGACATCGGCCCAAAAGAACCCGACAGCTTTCTATCTCTGTGCCAGTAGTATCGGCCCGAACACTGAAGCTTTCTTTGGACAA"	FALSE	TRUE	NA	NA	NA	NA
"ACCCTGGAGTCTGCCAGGCCCTCACATACCTCTCAGTACCTCTGTGCCAGCAGTGAAGGGATTACCTACGAGCAGTACTTCGGGCCG"	"CASSEGITYEQYF"	"ACCCTGGAGTCTGCCAGGCCCTCACATACCTCTCAGTACCTCTGTGCCAGCAGTGAAGGGATTACCTACGAGCAGTACTTCGGGCCG"	"CASSEGITYEQYF"	"TCRBV25-1*1"	NA	"TCRBJ2-7*1"	-1	57	61	64	58	3	NA	NA	"ACCCTGGAGTCTGCCAGGCCCTCACATACCTCTCAGTACCTCTGTGCCAGCAGTGAAGGGATTACCTACGAGCAGTACTTCGGGCCG"	FALSE	TRUE	NA	NA	NA	NA
"TCGCCCAGCCCCAACCAGACCTCTCTGTACTTCTGTGCCAGCCGAAAATCCCCCGCGGGGCCTAACAATGAGCAGTTCTTCGGGCCA"	"CASRKSPAGPNNEQFF"	"TCGCCCAGCCCCAACCAGACCTCTCTGTACTTCTGTGCCAGCCGAAAATCCCCCGCGGGGCCTAACAATGAGCAGTTCTTCGGGCCA"	"CASRKSPAGPNNEQFF"	"TCRBV27-1*1"	"TCRBD2-1*1"	"TCRBJ2-1*1"	42	54	60	64	12	4	NA	NA	"TCGCCCAGCCCCAACCAGACCTCTCTGTACTTCTGTGCCAGCCGAAAATCCCCCGCGGGGCCTAACAATGAGCAGTTCTTCGGGCCA"	FALSE	TRUE	NA	NA	NA	NA
"AAGATCCGGTCCACAAAGCTGGAGGACTCAGCCATGTACTTCTGTGCCAGCAGCAGGGAACATAATTCACCCCTCCACTTTGGGAAT"	"CASSREHNSPLHF"	"AAGATCCGGTCCACAAAGCTGGAGGACTCAGCCATGTACTTCTGTGCCAGCAGCAGGGAACATAATTCACCCCTCCACTTTGGGAAT"	"CASSREHNSPLHF"	"TCRBV2-1"	"TCRBD1-1*1"	"TCRBJ1-6*1"	-1	53	58	61	54	3	NA	NA	"AAGATCCGGTCCACAAAGCTGGAGGACTCAGCCATGTACTTCTGTGCCAGCAGCAGGGAACATAATTCACCCCTCCACTTTGGGAAT"	FALSE	TRUE	NA	NA	NA	NA
"TCTAAGAAGCTCCTTCTCAGTGACTCTGGCTTCTATCTCTGTGCCTGGAGTGTAGCGGGGGAGAGCTACGAGCAGTACTTCGGGCCG"	"CAWSVAGESYEQYF"	"TCTAAGAAGCTCCTTCTCAGTGACTCTGGCTTCTATCTCTGTGCCTGGAGTGTAGCGGGGGAGAGCTACGAGCAGTACTTCGGGCCG"	"CAWSVAGESYEQYF"	"TCRBV3-1*1"	"TCRBD2-1*1"	"TCRBJ2-7*1"	-1	53	61	65	54	4	NA	NA	"TCTAAGAAGCTCCTTCTCAGTGACTCTGGCTTCTATCTCTGTGCCTGGAGTGTAGCGGGGGAGAGCTACGAGCAGTACTTCGGGCCG"	FALSE	TRUE	NA	NA	NA	NA
"CTGGAGCTGGGGGACTCAGCTTTGTATTTCTGTGCCAGCAGCGTAGGTGCGGGAGGGGTGGGGTATTTAGAGCAGTACTTCGGGCCG"	"CASSVGAGGVGYLEQYF"	"CTGGAGCTGGGGGACTCAGCTTTGTATTTCTGTGCCAGCAGCGTAGGTGCGGGAGGGGTGGGGTATTTAGAGCAGTACTTCGGGCCG"	"CASSVGAGGVGYLEQYF"	"TCRBV9-1*1"	"TCRBD2-1*2"	"TCRBJ2-7*1"	46	48	57	69	2	12	NA	NA	"CTGGAGCTGGGGGACTCAGCTTTGTATTTCTGTGCCAGCAGCGTAGGTGCGGGAGGGGTGGGGTATTTAGAGCAGTACTTCGGGCCG"	FALSE	TRUE	NA	NA	NA	NA
"CAGGTAGTGCGAGGAGATTCGGCAGCTTATTTCTGTGCCAGCTCACCGGAGGACAGGGCGTTAGGAAACACCATATATTTTGGAGAG"	"CASSPEDRALGNTIYF"	"CAGGTAGTGCGAGGAGATTCGGCAGCTTATTTCTGTGCCAGCTCACCGGAGGACAGGGCGTTAGGAAACACCATATATTTTGGAGAG"	"CASSPEDRALGNTIYF"	"TCRBV18-1*1"	"TCRBD1-1*1"	"TCRBJ1-3*1"	47	50	58	63	3	5	NA	NA	"CAGGTAGTGCGAGGAGATTCGGCAGCTTATTTCTGTGCCAGCTCACCGGAGGACAGGGCGTTAGGAAACACCATATATTTTGGAGAG"	FALSE	TRUE	NA	NA	NA	NA
"NTGAAGATCCAGCCCTCAGAACCCAGGGACTCAGCTGTGTACTTCTGTGCCAGCAGCACCGGAGACAATGAGCAGTTCTTCGGGCCA"	"CASSTGDNEQFF"	"NTGAAGATCCAGCCCTCAGAACCCAGGGACTCAGCTGTGTACTTCTGTGCCAGCAGCACCGGAGACAATGAGCAGTTCTTCGGGCCA"	"CASSTGDNEQFF"	"TCRBV12-3/12-4*1"	"TCRBD2-1*2"	"TCRBJ2-1*1"	56	60	-1	64	4	65	NA	NA	"NTGAAGATCCAGCCCTCAGAACCCAGGGACTCAGCTGTGTACTTCTGTGCCAGCAGCACCGGAGACAATGAGCAGTTCTTCGGGCCA"	FALSE	TRUE	NA	NA	NA	NA
"NNNNTGTCGGCTGCTCCCTCCCAGACATCTGTGTACTTCTGTGCCAGCAGTTACGGATTTGGCTCCTACGAGCAGTACTTCGGGCCG"	"CASSYGFGSYEQYF"	"NNNNTGTCGGCTGCTCCCTCCCAGACATCTGTGTACTTCTGTGCCAGCAGTTACGGATTTGGCTCCTACGAGCAGTACTTCGGGCCG"	"CASSYGFGSYEQYF"	"TCRBV6-5*1"	NA	"TCRBJ2-7*1"	-1	54	57	62	55	5	NA	NA	"NNNNTGTCGGCTGCTCCCTCCCAGACATCTGTGTACTTCTGTGCCAGCAGTTACGGATTTGGCTCCTACGAGCAGTACTTCGGGCCG"	FALSE	TRUE	NA	NA	NA	NA
"ACAGTGACCAGTGCCCATCCTGAAGACAGCAGCTTCTACATCTGCAGTGCCCCCCGGGGTGGCACAGATACGCAGTATTTTGGCCCA"	"CSAPRGGTDTQYF"	"ACAGTGACCAGTGCCCATCCTGAAGACAGCAGCTTCTACATCTGCAGTGCCCCCCGGGGTGGCACAGATACGCAGTATTTTGGCCCA"	"CSAPRGGTDTQYF"	NA	"TCRBD2-1*1"	"TCRBJ2-3*1"	50	54	59	61	4	2	NA	NA	"ACAGTGACCAGTGCCCATCCTGAAGACAGCAGCTTCTACATCTGCAGTGCCCCCCGGGGTGGCACAGATACGCAGTATTTTGGCCCA"	FALSE	TRUE	NA	NA	NA	NA
"CAGCCTGCAAAGCTTGAGGACTCGGCCGTGTATCTCTGTGCCAGCAGCGCTGGGGCGTCTGGGAATCAGCCCCAGCATTTTGGTGAT"	"CASSAGASGNQPQHF"	"CAGCCTGCAAAGCTTGAGGACTCGGCCGTGTATCTCTGTGCCAGCAGCGCTGGGGCGTCTGGGAATCAGCCCCAGCATTTTGGTGAT"	"CASSAGASGNQPQHF"	"TCRBV11-2*1"	"TCRBD1-1*1"	"TCRBJ1-5*1"	48	51	56	63	3	7	NA	NA	"CAGCCTGCAAAGCTTGAGGACTCGGCCGTGTATCTCTGTGCCAGCAGCGCTGGGGCGTCTGGGAATCAGCCCCAGCATTTTGGTGAT"	FALSE	TRUE	NA	NA	NA	NA
"AGGGGGACTCGGCCATGTATCTCTGTGCCAGCAGCTTATAGAACTAGCGGGATAGTGTCTAGCACAGATACGCAGTATTTTGGCCCA"	""	"AGGGGGACTCGGCCATGTATCTCTGTGCCAGCAGCTTATAGAACTAGCGGGATAGTGTCTAGCACAGATACGCAGTATTTTGGCCCA"	""	"TCRBV7-9*1"	"TCRBD2-1*2"	"TCRBJ2-3*1"	38	42	52	60	4	8	NA	NA	"AGGGGGACTCGGCCATGTATCTCTGTGCCAGCAGCTTATAGAACTAGCGGGATAGTGTCTAGCACAGATACGCAGTATTTTGGCCCA"	FALSE	FALSE	NA	NA	NA	NA
"CACCTACACGCCCTGCAGCCAGAAGACTCAGCCCTGTATCTCTGCGCCAGCAGCCTCATTCTCGGAGAGACCCAGTACTTCGGGCCA"	"CASSLILGETQYF"	"CACCTACACGCCCTGCAGCCAGAAGACTCAGCCCTGTATCTCTGCGCCAGCAGCCTCATTCTCGGAGAGACCCAGTACTTCGGGCCA"	"CASSLILGETQYF"	"TCRBV4-1*1"	"TCRBD2-1"	"TCRBJ2-5*1"	55	62	-1	65	7	66	NA	NA	"CACCTACACGCCCTGCAGCCAGAAGACTCAGCCCTGTATCTCTGCGCCAGCAGCCTCATTCTCGGAGAGACCCAGTACTTCGGGCCA"	FALSE	TRUE	NA	NA	NA	NA
"CAGCGCACAGAGCAGGGGGACTCGGCCATGTATCTCTGTGCCAGCAGCCCGCGACTGACAACTAATGAAAAACTGTTTTTTGGCAGT"	"CASSPRLTTNEKLFF"	"CAGCGCACAGAGCAGGGGGACTCGGCCATGTATCTCTGTGCCAGCAGCCCGCGACTGACAACTAATGAAAAACTGTTTTTTGGCAGT"	"CASSPRLTTNEKLFF"	"TCRBV7-9*1"	"TCRBD2-1"	"TCRBJ1-4*1"	48	52	56	58	4	2	NA	NA	"CAGCGCACAGAGCAGGGGGACTCGGCCATGTATCTCTGTGCCAGCAGCCCGCGACTGACAACTAATGAAAAACTGTTTTTTGGCAGT"	FALSE	TRUE	NA	NA	NA	NA
"AAGGTGCAGCCTGCAGAACTGGAGGATTCTGGAGTTTATTTCTGTGCCAGCAGTCCCCGACAGGGAAACATTCAGTACTTCGGCGCC"	"CASSPRQGNIQYF"	"AAGGTGCAGCCTGCAGAACTGGAGGATTCTGGAGTTTATTTCTGTGCCAGCAGTCCCCGACAGGGAAACATTCAGTACTTCGGCGCC"	"CASSPRQGNIQYF"	"TCRBV14-1*1"	"TCRBD1-1*1"	"TCRBJ2-4*1"	53	58	-1	65	5	66	NA	NA	"AAGGTGCAGCCTGCAGAACTGGAGGATTCTGGAGTTTATTTCTGTGCCAGCAGTCCCCGACAGGGAAACATTCAGTACTTCGGCGCC"	FALSE	TRUE	NA	NA	NA	NA
"GCCTTGTTGCTGGGGGACTCGGCCCTGTATCTCTGTGCCAGCAGCTTTTTGACTAGCGGGAGAGGCGATGAGCAGTTCTTCGGGCCA"	"CASSFLTSGRGDEQFF"	"GCCTTGTTGCTGGGGGACTCGGCCCTGTATCTCTGTGCCAGCAGCTTTTTGACTAGCGGGAGAGGCGATGAGCAGTTCTTCGGGCCA"	"CASSFLTSGRGDEQFF"	"TCRBV5-5*1"	"TCRBD2-1*2"	"TCRBJ2-1*1"	47	50	62	67	3	5	NA	NA	"GCCTTGTTGCTGGGGGACTCGGCCCTGTATCTCTGTGCCAGCAGCTTTTTGACTAGCGGGAGAGGCGATGAGCAGTTCTTCGGGCCA"	FALSE	TRUE	NA	NA	NA	NA
"TCTCTGGAGCTGGGGGACTCAGCTTTGTATTTCTGTGCCAGCAGCGTAGGAGGGGGGCAAATTAAAGAGACCCAGTACTTCGGGCCA"	"CASSVGGGQIKETQYF"	"TCTCTGGAGCTGGGGGACTCAGCTTTGTATTTCTGTGCCAGCAGCGTAGGAGGGGGGCAAATTAAAGAGACCCAGTACTTCGGGCCA"	"CASSVGGGQIKETQYF"	"TCRBV9-1*1"	NA	"TCRBJ2-5*1"	49	50	56	64	1	8	NA	NA	"TCTCTGGAGCTGGGGGACTCAGCTTTGTATTTCTGTGCCAGCAGCGTAGGAGGGGGGCAAATTAAAGAGACCCAGTACTTCGGGCCA"	FALSE	TRUE	NA	NA	NA	NA
"CGGTCCACAAAGCTGGAGGACTCAGCCATGTACTTCTGTGCCAGCAGTGAAAGGCAGGCTACTAACTATGGCTACACCTTCGGTTCG"	"CASSERQATNYGYTF"	"CGGTCCACAAAGCTGGAGGACTCAGCCATGTACTTCTGTGCCAGCAGTGAAAGGCAGGCTACTAACTATGGCTACACCTTCGGTTCG"	"CASSERQATNYGYTF"	"TCRBV2-1"	"TCRBD1-1*1"	"TCRBJ1-2*1"	51	54	58	61	3	3	NA	NA	"CGGTCCACAAAGCTGGAGGACTCAGCCATGTACTTCTGTGCCAGCAGTGAAAGGCAGGCTACTAACTATGGCTACACCTTCGGTTCG"	FALSE	TRUE	NA	NA	NA	NA
"AAGATCCGGTCCACAAAGCTGGAGGACTCAGCCATGTACTTCTGTGCCAGCAGTGAAAGGCGGCTGGATACGCAGTATTTTGGCCCA"	"CASSERRLDTQYF"	"AAGATCCGGTCCACAAAGCTGGAGGACTCAGCCATGTACTTCTGTGCCAGCAGTGAAAGGCGGCTGGATACGCAGTATTTTGGCCCA"	"CASSERRLDTQYF"	"TCRBV2-1"	"TCRBD2-1"	"TCRBJ2-3*1"	57	59	63	66	2	3	NA	NA	"AAGATCCGGTCCACAAAGCTGGAGGACTCAGCCATGTACTTCTGTGCCAGCAGTGAAAGGCGGCTGGATACGCAGTATTTTGGCCCA"	FALSE	TRUE	NA	NA	NA	NA
"ACTGTGACATCGGCCCAAAAGAACCCGACAGCTTTCTATCTCTGTGCCAGTAGTAGGGACGGGAAGGATACGCAGTATTTTGGCCCA"	"CASSRDGKDTQYF"	"ACTGTGACATCGGCCCAAAAGAACCCGACAGCTTTCTATCTCTGTGCCAGTAGTAGGGACGGGAAGGATACGCAGTATTTTGGCCCA"	"CASSRDGKDTQYF"	"TCRBV19-1*1"	NA	"TCRBJ2-3*1"	-1	55	60	66	56	6	NA	NA	"ACTGTGACATCGGCCCAAAAGAACCCGACAGCTTTCTATCTCTGTGCCAGTAGTAGGGACGGGAAGGATACGCAGTATTTTGGCCCA"	FALSE	TRUE	NA	NA	NA	NA
"ATTCTGGAGTCCGCCAGCACCAACCAGACATCTATGTACCTCTGTGCCAGCACTCGAAGCTCTGGAAACACCATATATTTTGGAGAG"	"CASTRSSGNTIYF"	"ATTCTGGAGTCCGCCAGCACCAACCAGACATCTATGTACCTCTGTGCCAGCACTCGAAGCTCTGGAAACACCATATATTTTGGAGAG"	"CASTRSSGNTIYF"	"TCRBV28-1*1"	NA	"TCRBJ1-3*1"	52	55	57	59	3	2	NA	NA	"ATTCTGGAGTCCGCCAGCACCAACCAGACATCTATGTACCTCTGTGCCAGCACTCGAAGCTCTGGAAACACCATATATTTTGGAGAG"	FALSE	TRUE	NA	NA	NA	NA
"TCGCCCAGCCCCAACCAGACCTCTCTGTACTTCTGTGCCAGCCAACAGGCACAGGTTTCCCGCGCCACTGAAGCTTTCTTTGGACAA"	"CASQQAQVSRATEAFF"	"TCGCCCAGCCCCAACCAGACCTCTCTGTACTTCTGTGCCAGCCAACAGGCACAGGTTTCCCGCGCCACTGAAGCTTTCTTTGGACAA"	"CASQQAQVSRATEAFF"	"TCRBV27-1*1"	"TCRBD1-1*1"	"TCRBJ1-1*1"	42	44	49	65	2	16	NA	NA	"TCGCCCAGCCCCAACCAGACCTCTCTGTACTTCTGTGCCAGCCAACAGGCACAGGTTTCCCGCGCCACTGAAGCTTTCTTTGGACAA"	FALSE	TRUE	NA	NA	NA	NA
"GAGCTGAATGTGAACGCCTTGTTGCTGGGGGACTCGGCCCTCTATCTCTGTTATACGGTTCCTGGTTACGAGCAGTACTTCGGGCCG"	"CYTVPGYEQYF"	"GAGCTGAATGTGAACGCCTTGTTGCTGGGGGACTCGGCCCTCTATCTCTGTTATACGGTTCCTGGTTACGAGCAGTACTTCGGGCCG"	"CYTVPGYEQYF"	"TCRBV5-6*1"	"TCRBD2-1"	"TCRBJ2-7*1"	51	55	58	66	4	8	NA	NA	"GAGCTGAATGTGAACGCCTTGTTGCTGGGGGACTCGGCCCTCTATCTCTGTTATACGGTTCCTGGTTACGAGCAGTACTTCGGGCCG"	FALSE	TRUE	NA	NA	NA	NA
"GAGTCGCCCAGCCCCAACCAGACCTCTCTGTACTTCTGTGCCAGCGGCATCCGGGACAGGGCGTTTTCACCCCTCCACTTTGGGAAT"	"CASGIRDRAFSPLHF"	"GAGTCGCCCAGCCCCAACCAGACCTCTCTGTACTTCTGTGCCAGCGGCATCCGGGACAGGGCGTTTTCACCCCTCCACTTTGGGAAT"	"CASGIRDRAFSPLHF"	"TCRBV27-1*1"	"TCRBD1-1*1"	"TCRBJ1-6*1"	45	52	61	65	7	4	NA	NA	"GAGTCGCCCAGCCCCAACCAGACCTCTCTGTACTTCTGTGCCAGCGGCATCCGGGACAGGGCGTTTTCACCCCTCCACTTTGGGAAT"	FALSE	TRUE	NA	NA	NA	NA
"ATCCGGTCCACAAAGCTGGAGGACTCAGCCATGTACTTCTGTGCCAGCAGTGAAAGACAGCGGGGGGCCGAGCAGTACTTCGGGCCG"	"CASSERQRGAEQYF"	"ATCCGGTCCACAAAGCTGGAGGACTCAGCCATGTACTTCTGTGCCAGCAGTGAAAGACAGCGGGGGGCCGAGCAGTACTTCGGGCCG"	"CASSERQRGAEQYF"	"TCRBV2-1"	"TCRBD2-1*1"	"TCRBJ2-7*1"	54	58	67	68	4	1	NA	NA	"ATCCGGTCCACAAAGCTGGAGGACTCAGCCATGTACTTCTGTGCCAGCAGTGAAAGACAGCGGGGGGCCGAGCAGTACTTCGGGCCG"	FALSE	TRUE	NA	NA	NA	NA
"GAGTCTGCTGCCTCCTCCCAGACATCTGTATATTTCTGCGCCAGCAGTGACCCGGACATCCGAGCAGGGGAGCTGTTTTTTGGAGAA"	"CASSDPDIRAGELFF"	"GAGTCTGCTGCCTCCTCCCAGACATCTGTATATTTCTGCGCCAGCAGTGACCCGGACATCCGAGCAGGGGAGCTGTTTTTTGGAGAA"	"CASSDPDIRAGELFF"	"TCRBV1-1*1"	"TCRBD1-1*1"	"TCRBJ2-2*1"	50	53	58	66	3	8	NA	NA	"GAGTCTGCTGCCTCCTCCCAGACATCTGTATATTTCTGCGCCAGCAGTGACCCGGACATCCGAGCAGGGGAGCTGTTTTTTGGAGAA"	FALSE	TRUE	NA	NA	NA	NA
"NNNNTGTCGGCTGCTCCCTCCCAAACATCTGTGTACTTCTGTGCCAGCAGTTACGGAGGAGATTACAATGAGCAGTTCTTCGGGCCA"	"CASSYGGDYNEQFF"	"NNNNTGTCGGCTGCTCCCTCCCAAACATCTGTGTACTTCTGTGCCAGCAGTTACGGAGGAGATTACAATGAGCAGTTCTTCGGGCCA"	"CASSYGGDYNEQFF"	"TCRBV6-2/6-3*1"	"TCRBD2-1*2"	"TCRBJ2-1*1"	-1	54	59	63	55	4	NA	NA	"NNNNTGTCGGCTGCTCCCTCCCAAACATCTGTGTACTTCTGTGCCAGCAGTTACGGAGGAGATTACAATGAGCAGTTCTTCGGGCCA"	FALSE	TRUE	NA	NA	NA	NA
"NTGTCGGCTGCTCCCTCCCAGACATCTGTGTACTTCTGTGCCAGCAGTTACCGGAGGAACGGAGATGAAAAACTGTTTTTTGGCAGT"	"CASSYRRNGDEKLFF"	"NTGTCGGCTGCTCCCTCCCAGACATCTGTGTACTTCTGTGCCAGCAGTTACCGGAGGAACGGAGATGAAAAACTGTTTTTTGGCAGT"	"CASSYRRNGDEKLFF"	"TCRBV6-5*1"	"TCRBD2-1*2"	"TCRBJ1-4*1"	51	52	57	64	1	7	NA	NA	"NTGTCGGCTGCTCCCTCCCAGACATCTGTGTACTTCTGTGCCAGCAGTTACCGGAGGAACGGAGATGAAAAACTGTTTTTTGGCAGT"	FALSE	TRUE	NA	NA	NA	NA
"GATCCAGTCCACGGAGTCAGGGGACACAGCACTGTATTTCTGTGCCAGCAGCAAGGGACAGACTCCTACGAGCAGTACTTCGGGCCG"	""	"GATCCAGTCCACGGAGTCAGGGGACACAGCACTGTATTTCTGTGCCAGCAGCAAGGGACAGACTCCTACGAGCAGTACTTCGGGCCG"	""	"TCRBV21-1*1"	"TCRBD1-1*1"	"TCRBJ2-7*1"	-1	54	61	62	55	1	NA	NA	"GATCCAGTCCACGGAGTCAGGGGACACAGCACTGTATTTCTGTGCCAGCAGCAAGGGACAGACTCCTACGAGCAGTACTTCGGGCCG"	FALSE	FALSE	NA	NA	NA	NA
"GAGATCCAGTCCACGGAGTCAGGGGACACAGCACTGTATTTCTGTGCCAGCAGCGCAGGGGCTAGTGGGGAGCTGTTTTTTGGAGAA"	"CASSAGASGELFF"	"GAGATCCAGTCCACGGAGTCAGGGGACACAGCACTGTATTTCTGTGCCAGCAGCGCAGGGGCTAGTGGGGAGCTGTTTTTTGGAGAA"	"CASSAGASGELFF"	"TCRBV21-1*1"	"TCRBD1-1*1"	"TCRBJ2-2*1"	54	55	61	66	1	5	NA	NA	"GAGATCCAGTCCACGGAGTCAGGGGACACAGCACTGTATTTCTGTGCCAGCAGCGCAGGGGCTAGTGGGGAGCTGTTTTTTGGAGAA"	FALSE	TRUE	NA	NA	NA	NA
"CTGAAGATCCGGTCCACAAAGCTGGAGGACTCAGCCATGTACTTCTGTGCCAGTAGGACAGCGCTCTATGGCTACACCTTCGGTTCG"	"CASRTALYGYTF"	"CTGAAGATCCGGTCCACAAAGCTGGAGGACTCAGCCATGTACTTCTGTGCCAGTAGGACAGCGCTCTATGGCTACACCTTCGGTTCG"	"CASRTALYGYTF"	"TCRBV2-1"	"TCRBD1-1*1"	"TCRBJ1-2*1"	53	55	61	65	2	4	NA	NA	"CTGAAGATCCGGTCCACAAAGCTGGAGGACTCAGCCATGTACTTCTGTGCCAGTAGGACAGCGCTCTATGGCTACACCTTCGGTTCG"	FALSE	TRUE	NA	NA	NA	NA
"GCTCTCTGGAGCTGGGGGACTCAGCTTTGTATTTCTGTGCCAGCAGCGTAAAACCGGGACAGCTTCTACGAGCAGTACTTCGGGCCG"	""	"GCTCTCTGGAGCTGGGGGACTCAGCTTTGTATTTCTGTGCCAGCAGCGTAAAACCGGGACAGCTTCTACGAGCAGTACTTCGGGCCG"	""	"TCRBV9-1*1"	"TCRBD1-1*1"	"TCRBJ2-7*1"	50	55	62	65	5	3	NA	NA	"GCTCTCTGGAGCTGGGGGACTCAGCTTTGTATTTCTGTGCCAGCAGCGTAAAACCGGGACAGCTTCTACGAGCAGTACTTCGGGCCG"	FALSE	FALSE	NA	NA	NA	NA
"GTGAGCACCTTGGAGCTGGGGGACTCGGCCCTTTATCTTTGCGCCAGCAGCTTGGGGGCGGGAGACGACGAGCAGTACTTCGGGCCG"	"CASSLGAGDDEQYF"	"GTGAGCACCTTGGAGCTGGGGGACTCGGCCCTTTATCTTTGCGCCAGCAGCTTGGGGGCGGGAGACGACGAGCAGTACTTCGGGCCG"	"CASSLGAGDDEQYF"	"TCRBV5-1*1"	"TCRBD2-1*2"	"TCRBJ2-7*1"	55	57	64	67	2	3	NA	NA	"GTGAGCACCTTGGAGCTGGGGGACTCGGCCCTTTATCTTTGCGCCAGCAGCTTGGGGGCGGGAGACGACGAGCAGTACTTCGGGCCG"	FALSE	TRUE	NA	NA	NA	NA
"GCCATCCCCAACCAGACAGCTCTTTACTTCTGTGCCACCAGTGATCCCGCCGGGACAGCGAACACCGGGGAGCTGTTTTTTGGAGAA"	"CATSDPAGTANTGELFF"	"GCCATCCCCAACCAGACAGCTCTTTACTTCTGTGCCACCAGTGATCCCGCCGGGACAGCGAACACCGGGGAGCTGTTTTTTGGAGAA"	"CATSDPAGTANTGELFF"	"TCRBV24-1*1"	"TCRBD1-1*1"	"TCRBJ2-2*1"	45	51	-1	58	6	59	NA	NA	"GCCATCCCCAACCAGACAGCTCTTTACTTCTGTGCCACCAGTGATCCCGCCGGGACAGCGAACACCGGGGAGCTGTTTTTTGGAGAA"	FALSE	TRUE	NA	NA	NA	NA
"NNNNNNNTGTCGGCTGCTCCCTCCCAGACATCTGTGTACTTCTGTGCCAGCAGCTGGGGGTCTGGAAACACCATATATTTTGGAGAG"	"CASSWGSGNTIYF"	"NNNNNNNTGTCGGCTGCTCCCTCCCAGACATCTGTGTACTTCTGTGCCAGCAGCTGGGGGTCTGGAAACACCATATATTTTGGAGAG"	"CASSWGSGNTIYF"	"TCRBV6-5*1"	NA	"TCRBJ1-3*1"	53	55	-1	60	2	61	NA	NA	"NNNNNNNTGTCGGCTGCTCCCTCCCAGACATCTGTGTACTTCTGTGCCAGCAGCTGGGGGTCTGGAAACACCATATATTTTGGAGAG"	FALSE	TRUE	NA	NA	NA	NA
"NNCCCTCACGTTGGCGTCTGCTGTACCCTCTCAGACATCTGTGTACTTCTGTGCCAGCCGAACGAAGAGACCCAGTACTTCGGGCCA"	""	"NNCCCTCACGTTGGCGTCTGCTGTACCCTCTCAGACATCTGTGTACTTCTGTGCCAGCCGAACGAAGAGACCCAGTACTTCGGGCCA"	""	"TCRBV6-4*1"	NA	"TCRBJ2-5*1"	58	59	61	64	1	3	NA	NA	"NNCCCTCACGTTGGCGTCTGCTGTACCCTCTCAGACATCTGTGTACTTCTGTGCCAGCCGAACGAAGAGACCCAGTACTTCGGGCCA"	FALSE	FALSE	NA	NA	NA	NA
"AAGATCCAGCCTGCAGAGCTTGGGGACTCGGCCATGTATCTCTGTGCCAGCACCGTCGACCTGAACACTGAAGCTTTCTTTGGACAA"	"CASTVDLNTEAFF"	"AAGATCCAGCCTGCAGAGCTTGGGGACTCGGCCATGTATCTCTGTGCCAGCACCGTCGACCTGAACACTGAAGCTTTCTTTGGACAA"	"CASTVDLNTEAFF"	"TCRBV11-1*1"	NA	"TCRBJ1-1*1"	52	57	60	61	5	1	NA	NA	"AAGATCCAGCCTGCAGAGCTTGGGGACTCGGCCATGTATCTCTGTGCCAGCACCGTCGACCTGAACACTGAAGCTTTCTTTGGACAA"	FALSE	TRUE	NA	NA	NA	NA
"CCTGAGCTCTCTGGAGCTGGGGGACTCAGCTTTGTATTTCTGTGCCAGCAGCGTACTCGGAGCAATCAGCCCCAGCATTTTGGTGAT"	""	"CCTGAGCTCTCTGGAGCTGGGGGACTCAGCTTTGTATTTCTGTGCCAGCAGCGTACTCGGAGCAATCAGCCCCAGCATTTTGGTGAT"	""	"TCRBV9-1*1"	"TCRBD2-1"	"TCRBJ1-5*1"	55	57	-1	60	2	61	NA	NA	"CCTGAGCTCTCTGGAGCTGGGGGACTCAGCTTTGTATTTCTGTGCCAGCAGCGTACTCGGAGCAATCAGCCCCAGCATTTTGGTGAT"	FALSE	FALSE	NA	NA	NA	NA
"TTGGAGCTGGACGACTCGGCCCTGTATCTCTGTGCCAGCAGCCCAGGACTAGCGGGAGTAGGTACCGGGGAGCTGTTTTTTGGAGAA"	"CASSPGLAGVGTGELFF"	"TTGGAGCTGGACGACTCGGCCCTGTATCTCTGTGCCAGCAGCCCAGGACTAGCGGGAGTAGGTACCGGGGAGCTGTTTTTTGGAGAA"	"CASSPGLAGVGTGELFF"	"TCRBV5-4*1"	"TCRBD2-1*2"	"TCRBJ2-2*1"	42	45	58	63	3	5	NA	NA	"TTGGAGCTGGACGACTCGGCCCTGTATCTCTGTGCCAGCAGCCCAGGACTAGCGGGAGTAGGTACCGGGGAGCTGTTTTTTGGAGAA"	FALSE	TRUE	NA	NA	NA	NA
"CTGCAGCCAGAAGACTCGGCCCTGTATCTCTGTGCCAGCAGCCAAGAGTTGGCTAGCGGGAGTTGGGAGACCCAGTACTTCGGGCCA"	"CASSQELASGSWETQYF"	"CTGCAGCCAGAAGACTCGGCCCTGTATCTCTGTGCCAGCAGCCAAGAGTTGGCTAGCGGGAGTTGGGAGACCCAGTACTTCGGGCCA"	"CASSQELASGSWETQYF"	"TCRBV4-2*1"	"TCRBD2-1*2"	"TCRBJ2-5*1"	47	52	62	66	5	4	NA	NA	"CTGCAGCCAGAAGACTCGGCCCTGTATCTCTGTGCCAGCAGCCAAGAGTTGGCTAGCGGGAGTTGGGAGACCCAGTACTTCGGGCCA"	FALSE	TRUE	NA	NA	NA	NA
"TGCCATCCCCAACCAGACAGCTCTTTACTTCTGTGCCACCAGTGTCCTGGGACTAACGGCTTCAATCAGCCCCAGCATTTTGGTGAT"	""	"TGCCATCCCCAACCAGACAGCTCTTTACTTCTGTGCCACCAGTGTCCTGGGACTAACGGCTTCAATCAGCCCCAGCATTTTGGTGAT"	""	"TCRBV24-1*1"	"TCRBD2-1"	"TCRBJ1-5*1"	44	48	55	62	4	7	NA	NA	"TGCCATCCCCAACCAGACAGCTCTTTACTTCTGTGCCACCAGTGTCCTGGGACTAACGGCTTCAATCAGCCCCAGCATTTTGGTGAT"	FALSE	FALSE	NA	NA	NA	NA
"ACTCTGGAGTCAGCTACCAGCTCCCAGACATCTGTGTACTTCTGTGCCATCAGTGAGTCGAAGGGACAGGGGCAGTACTTCGGCGCC"	"CAISESKGQGQYF"	"ACTCTGGAGTCAGCTACCAGCTCCCAGACATCTGTGTACTTCTGTGCCATCAGTGAGTCGAAGGGACAGGGGCAGTACTTCGGCGCC"	"CAISESKGQGQYF"	"TCRBV1-3*1"	"TCRBD1-1*1"	"TCRBJ2-4*1"	59	62	-1	72	3	73	NA	NA	"ACTCTGGAGTCAGCTACCAGCTCCCAGACATCTGTGTACTTCTGTGCCATCAGTGAGTCGAAGGGACAGGGGCAGTACTTCGGCGCC"	FALSE	TRUE	NA	NA	NA	NA
"CTGAAGATCCAGCGCACACAGCAGGAGGACTCGGCCGTGTATCTCTGTGCCAGCCGGGGAGCTAACTATGGCTACACCTTCGGTTCG"	"CASRGANYGYTF"	"CTGAAGATCCAGCGCACACAGCAGGAGGACTCGGCCGTGTATCTCTGTGCCAGCCGGGGAGCTAACTATGGCTACACCTTCGGTTCG"	"CASRGANYGYTF"	NA	"TCRBD2-1"	"TCRBJ1-2*1"	-1	54	59	61	55	2	NA	NA	"CTGAAGATCCAGCGCACACAGCAGGAGGACTCGGCCGTGTATCTCTGTGCCAGCCGGGGAGCTAACTATGGCTACACCTTCGGTTCG"	FALSE	TRUE	NA	NA	NA	NA
"AATTCCCTGGAGCTTGGTGACTCTGCTGTGTATTTCTGTGCCAGCAGCCAAGAATGGGGAAGGGAGGCTGAAGCTTTCTTTGGACAA"	"CASSQEWGREAEAFF"	"AATTCCCTGGAGCTTGGTGACTCTGCTGTGTATTTCTGTGCCAGCAGCCAAGAATGGGGAAGGGAGGCTGAAGCTTTCTTTGGACAA"	"CASSQEWGREAEAFF"	"TCRBV3-1/3-2*1"	"TCRBD2-1*2"	"TCRBJ1-1*1"	53	61	-1	67	8	68	NA	NA	"AATTCCCTGGAGCTTGGTGACTCTGCTGTGTATTTCTGTGCCAGCAGCCAAGAATGGGGAAGGGAGGCTGAAGCTTTCTTTGGACAA"	FALSE	TRUE	NA	NA	NA	NA
"TGTCGGCTGCTCCCTCCCAAACATCTGTGTACTTCTGTGCCAGCAGTTACAACGACTAGCGGGTTTCGCGAGCAGTACTTCGGGCCG"	""	"TGTCGGCTGCTCCCTCCCAAACATCTGTGTACTTCTGTGCCAGCAGTTACAACGACTAGCGGGTTTCGCGAGCAGTACTTCGGGCCG"	""	"TCRBV6-2/6-3*1"	"TCRBD2-1"	"TCRBJ2-7*1"	50	53	63	68	3	5	NA	NA	"TGTCGGCTGCTCCCTCCCAAACATCTGTGTACTTCTGTGCCAGCAGTTACAACGACTAGCGGGTTTCGCGAGCAGTACTTCGGGCCG"	FALSE	FALSE	NA	NA	NA	NA
"ACTGTGAGCAACATGAGCCCTGAAGACAGCAGCATATATCTCTGCAGCGTTGAGACTGATCTAGTGGAGACCCAGTACTTCGGGCCA"	"CSVETDLVETQYF"	"ACTGTGAGCAACATGAGCCCTGAAGACAGCAGCATATATCTCTGCAGCGTTGAGACTGATCTAGTGGAGACCCAGTACTTCGGGCCA"	"CSVETDLVETQYF"	"TCRBV29-1"	"TCRBD2-1"	"TCRBJ2-5*1"	-1	53	57	66	54	9	NA	NA	"ACTGTGAGCAACATGAGCCCTGAAGACAGCAGCATATATCTCTGCAGCGTTGAGACTGATCTAGTGGAGACCCAGTACTTCGGGCCA"	FALSE	TRUE	NA	NA	NA	NA
"CAGGAGGACTCGGCCGTGTATCTCTGTGCCAGCAGCCACGAACTTTCTCCGGGACTAGGTAGCACAGATACGCAGTATTTTGGCCCA"	"CASSHELSPGLGSTDTQYF"	"CAGGAGGACTCGGCCGTGTATCTCTGTGCCAGCAGCCACGAACTTTCTCCGGGACTAGGTAGCACAGATACGCAGTATTTTGGCCCA"	"CASSHELSPGLGSTDTQYF"	"TCRBV7-2"	"TCRBD2-1"	"TCRBJ2-3*1"	36	50	58	60	14	2	NA	NA	"CAGGAGGACTCGGCCGTGTATCTCTGTGCCAGCAGCCACGAACTTTCTCCGGGACTAGGTAGCACAGATACGCAGTATTTTGGCCCA"	FALSE	TRUE	NA	NA	NA	NA
"CCCAACCAGACCTCTCTGTACTTCTGTGCCAGCAGTTTAGTTGTGACTAGCGGGAGTGGGATCACCGGGGAGCTGTTTTTTGGAGAA"	"CASSLVVTSGSGITGELFF"	"CCCAACCAGACCTCTCTGTACTTCTGTGCCAGCAGTTTAGTTGTGACTAGCGGGAGTGGGATCACCGGGGAGCTGTTTTTTGGAGAA"	"CASSLVVTSGSGITGELFF"	"TCRBV27-1*1"	"TCRBD2-1*2"	"TCRBJ2-2*1"	39	44	56	62	5	6	NA	NA	"CCCAACCAGACCTCTCTGTACTTCTGTGCCAGCAGTTTAGTTGTGACTAGCGGGAGTGGGATCACCGGGGAGCTGTTTTTTGGAGAA"	FALSE	TRUE	NA	NA	NA	NA
"ACCCTGCAGCCAGAAGACTCGGCCCTGTATCTCTGCGCCAGCAGCCAAGAACCCGCGGGAGGCGCGGAGACCCAGTACTTCGGGCCA"	"CASSQEPAGGAETQYF"	"ACCCTGCAGCCAGAAGACTCGGCCCTGTATCTCTGCGCCAGCAGCCAAGAACCCGCGGGAGGCGCGGAGACCCAGTACTTCGGGCCA"	"CASSQEPAGGAETQYF"	"TCRBV4-3*1"	"TCRBD2-1*2"	"TCRBJ2-5*1"	50	54	62	66	4	4	NA	NA	"ACCCTGCAGCCAGAAGACTCGGCCCTGTATCTCTGCGCCAGCAGCCAAGAACCCGCGGGAGGCGCGGAGACCCAGTACTTCGGGCCA"	FALSE	TRUE	NA	NA	NA	NA
"AGCTCTCTGGAGCTGGGGGACTCAGCTTTGTATTTCTGTGCCAGCAGCGTAGGAAAGGGAGTACAAGAGACCCAGTACTTCGGGCCA"	"CASSVGKGVQETQYF"	"AGCTCTCTGGAGCTGGGGGACTCAGCTTTGTATTTCTGTGCCAGCAGCGTAGGAAAGGGAGTACAAGAGACCCAGTACTTCGGGCCA"	"CASSVGKGVQETQYF"	"TCRBV9-1*1"	"TCRBD2-1*2"	"TCRBJ2-5*1"	52	56	61	63	4	2	NA	NA	"AGCTCTCTGGAGCTGGGGGACTCAGCTTTGTATTTCTGTGCCAGCAGCGTAGGAAAGGGAGTACAAGAGACCCAGTACTTCGGGCCA"	FALSE	TRUE	NA	NA	NA	NA
"NNNNNNNNNNTGTCGGCTGCTCCCTCCCAGACATCTGTGTACTTCTGTGCCAGCAGTTACAGTAATGAAAAACTGTTTTTTGGCAGT"	"CASSYSNEKLFF"	"NNNNNNNNNNTGTCGGCTGCTCCCTCCCAGACATCTGTGTACTTCTGTGCCAGCAGTTACAGTAATGAAAAACTGTTTTTTGGCAGT"	"CASSYSNEKLFF"	"TCRBV6-5*1"	NA	"TCRBJ1-4*1"	-1	60	-1	62	61	63	NA	NA	"NNNNNNNNNNTGTCGGCTGCTCCCTCCCAGACATCTGTGTACTTCTGTGCCAGCAGTTACAGTAATGAAAAACTGTTTTTTGGCAGT"	FALSE	TRUE	NA	NA	NA	NA
"GTTGGCGTCTGCTGTACCCTCTCAGACATCTGTGTACTTCTGTGCCAGCAGTGACTCGGCTACACAGATACGCAGTATTTTGGCCCA"	""	"GTTGGCGTCTGCTGTACCCTCTCAGACATCTGTGTACTTCTGTGCCAGCAGTGACTCGGCTACACAGATACGCAGTATTTTGGCCCA"	""	"TCRBV6-4*1"	NA	"TCRBJ2-3*1"	-1	57	60	62	58	2	NA	NA	"GTTGGCGTCTGCTGTACCCTCTCAGACATCTGTGTACTTCTGTGCCAGCAGTGACTCGGCTACACAGATACGCAGTATTTTGGCCCA"	FALSE	FALSE	NA	NA	NA	NA
"AGTGACCAGTGCCCATCCTGAAGACAGCAGCTTCTACATCTGCAGTGCCCTCACTAGCGGGTAACCTACGAGCAGTACTTCGGGCCG"	""	"AGTGACCAGTGCCCATCCTGAAGACAGCAGCTTCTACATCTGCAGTGCCCTCACTAGCGGGTAACCTACGAGCAGTACTTCGGGCCG"	""	NA	"TCRBD2-1"	"TCRBJ2-7*1"	48	52	61	64	4	3	NA	NA	"AGTGACCAGTGCCCATCCTGAAGACAGCAGCTTCTACATCTGCAGTGCCCTCACTAGCGGGTAACCTACGAGCAGTACTTCGGGCCG"	FALSE	FALSE	NA	NA	NA	NA
"AGGGGGACTCAGCTGTGTATCTCTGTGCCAGCAGCGCGCCTAACGAGGTGGCTAGCGGGAGCCGCCAGTGAGCAGTTCTTCGGGCCA"	""	"AGGGGGACTCAGCTGTGTATCTCTGTGCCAGCAGCGCGCCTAACGAGGTGGCTAGCGGGAGCCGCCAGTGAGCAGTTCTTCGGGCCA"	""	"TCRBV7-4*1"	"TCRBD2-1*2"	"TCRBJ2-1*1"	35	51	61	68	16	7	NA	NA	"AGGGGGACTCAGCTGTGTATCTCTGTGCCAGCAGCGCGCCTAACGAGGTGGCTAGCGGGAGCCGCCAGTGAGCAGTTCTTCGGGCCA"	FALSE	FALSE	NA	NA	NA	NA
"GAGATCCAGCGCACAGAGCAGGGGGACTCGGCCATGTATCTCTGTGCCAGCAGCCCTTTCCGGGACAATGAGCAGTACTTCGGGCCG"	"CASSPFRDNEQYF"	"GAGATCCAGCGCACAGAGCAGGGGGACTCGGCCATGTATCTCTGTGCCAGCAGCCCTTTCCGGGACAATGAGCAGTACTTCGGGCCG"	"CASSPFRDNEQYF"	"TCRBV7-9*1"	"TCRBD1-1*1"	"TCRBJ2-7*1"	54	61	67	69	7	2	NA	NA	"GAGATCCAGCGCACAGAGCAGGGGGACTCGGCCATGTATCTCTGTGCCAGCAGCCCTTTCCGGGACAATGAGCAGTACTTCGGGCCG"	FALSE	TRUE	NA	NA	NA	NA
"ATCCAGCGCACAGAGCGGGGGGACTCAGCCGTGTATCTCTGTGCCAGCAGCTTAGGCGGTCCCCCGGATGAGCAGTTCTTCGGGCCA"	"CASSLGGPPDEQFF"	"ATCCAGCGCACAGAGCGGGGGGACTCAGCCGTGTATCTCTGTGCCAGCAGCTTAGGCGGTCCCCCGGATGAGCAGTTCTTCGGGCCA"	"CASSLGGPPDEQFF"	"TCRBV7-3*1"	"TCRBD2-1"	"TCRBJ2-1*1"	54	55	59	67	1	8	NA	NA	"ATCCAGCGCACAGAGCGGGGGGACTCAGCCGTGTATCTCTGTGCCAGCAGCTTAGGCGGTCCCCCGGATGAGCAGTTCTTCGGGCCA"	FALSE	TRUE	NA	NA	NA	NA
"TCTGCCATCCCCAACCAGACAGCTCTTTACTTCTGTGCCACCAGTGATGGCAGGGCGAGCTCCTACAATGAGCAGTTCTTCGGGCCA"	"CATSDGRASSYNEQFF"	"TCTGCCATCCCCAACCAGACAGCTCTTTACTTCTGTGCCACCAGTGATGGCAGGGCGAGCTCCTACAATGAGCAGTTCTTCGGGCCA"	"CATSDGRASSYNEQFF"	"TCRBV24-1*1"	"TCRBD1-1*1"	"TCRBJ2-1*1"	48	50	55	59	2	4	NA	NA	"TCTGCCATCCCCAACCAGACAGCTCTTTACTTCTGTGCCACCAGTGATGGCAGGGCGAGCTCCTACAATGAGCAGTTCTTCGGGCCA"	FALSE	TRUE	NA	NA	NA	NA
"TGATCCTGGAGTCGCCCAGCCCCAACCAGACCTCTCTGTACTTCTGTGCCAGCAGTTACGGGGGGAACTGAAGCTTTCTTTGGACAA"	""	"TGATCCTGGAGTCGCCCAGCCCCAACCAGACCTCTCTGTACTTCTGTGCCAGCAGTTACGGGGGGAACTGAAGCTTTCTTTGGACAA"	""	"TCRBV27-1*1"	"TCRBD2-1*1"	"TCRBJ1-1*1"	57	58	65	66	1	1	NA	NA	"TGATCCTGGAGTCGCCCAGCCCCAACCAGACCTCTCTGTACTTCTGTGCCAGCAGTTACGGGGGGAACTGAAGCTTTCTTTGGACAA"	FALSE	FALSE	NA	NA	NA	NA
"ATTCTGGAGTCCGCCAGCACCAACCAGACATCTATGTACCTCTGTGCCAGCAGTTTACAGACCGGGGAGCCCCTCCACTTTGGGAAT"	"CASSLQTGEPLHF"	"ATTCTGGAGTCCGCCAGCACCAACCAGACATCTATGTACCTCTGTGCCAGCAGTTTACAGACCGGGGAGCCCCTCCACTTTGGGAAT"	"CASSLQTGEPLHF"	"TCRBV28-1*1"	"TCRBD2-1"	"TCRBJ1-6*1"	57	62	67	69	5	2	NA	NA	"ATTCTGGAGTCCGCCAGCACCAACCAGACATCTATGTACCTCTGTGCCAGCAGTTTACAGACCGGGGAGCCCCTCCACTTTGGGAAT"	FALSE	TRUE	NA	NA	NA	NA
"CTGGAGTCAGCTACCCGCTCCCAGACATCTGTGTATTTCTGCGCCAGCAGTGACGCTGCCTTTTATAAGACCCAGTACTTCGGGCCA"	"CASSDAAFYKTQYF"	"CTGGAGTCAGCTACCCGCTCCCAGACATCTGTGTATTTCTGCGCCAGCAGTGACGCTGCCTTTTATAAGACCCAGTACTTCGGGCCA"	"CASSDAAFYKTQYF"	"TCRBV1-2*1"	NA	"TCRBJ2-5*1"	53	54	56	67	1	11	NA	NA	"CTGGAGTCAGCTACCCGCTCCCAGACATCTGTGTATTTCTGCGCCAGCAGTGACGCTGCCTTTTATAAGACCCAGTACTTCGGGCCA"	FALSE	TRUE	NA	NA	NA	NA
"CTGACGATCCAGCGCACAGAGCAGGAGGACTCCGCCGTGTATCTCTGTGCCAGCAGCCCCAACACAGATACGCAGTATTTTGGCCCA"	"CASSPNTDTQYF"	"CTGACGATCCAGCGCACAGAGCAGGAGGACTCCGCCGTGTATCTCTGTGCCAGCAGCCCCAACACAGATACGCAGTATTTTGGCCCA"	"CASSPNTDTQYF"	"TCRBV7-8*3"	"TCRBD1-1*1"	"TCRBJ2-3*1"	58	59	61	62	1	1	NA	NA	"CTGACGATCCAGCGCACAGAGCAGGAGGACTCCGCCGTGTATCTCTGTGCCAGCAGCCCCAACACAGATACGCAGTATTTTGGCCCA"	FALSE	TRUE	NA	NA	NA	NA
"CTGCAGCCAGAAGACTCAGCCCTGTATCTCTGCGCCAGCAGCCCTGGGACTAGCGGAAAAATTCCCTACGAGCAGTACTTCGGGCCG"	"CASSPGTSGKIPYEQYF"	"CTGCAGCCAGAAGACTCAGCCCTGTATCTCTGCGCCAGCAGCCCTGGGACTAGCGGAAAAATTCCCTACGAGCAGTACTTCGGGCCG"	"CASSPGTSGKIPYEQYF"	"TCRBV4-1*1"	"TCRBD2-1"	"TCRBJ2-7*1"	43	45	56	64	2	8	NA	NA	"CTGCAGCCAGAAGACTCAGCCCTGTATCTCTGCGCCAGCAGCCCTGGGACTAGCGGAAAAATTCCCTACGAGCAGTACTTCGGGCCG"	FALSE	TRUE	NA	NA	NA	NA
"CATCCTGAAGACAGCAGCTTCTACATCTGCAGTGCTAGTTTGCAGGGGCCTGGCGGGCCTGCCAAAAACATTCAGTACTTCGGCGCC"	"CSASLQGPGGPAKNIQYF"	"CATCCTGAAGACAGCAGCTTCTACATCTGCAGTGCTAGTTTGCAGGGGCCTGGCGGGCCTGCCAAAAACATTCAGTACTTCGGCGCC"	"CSASLQGPGGPAKNIQYF"	"TCRBV2-1*4"	"TCRBD1-1*1"	"TCRBJ2-4*1"	39	42	48	60	3	12	NA	NA	"CATCCTGAAGACAGCAGCTTCTACATCTGCAGTGCTAGTTTGCAGGGGCCTGGCGGGCCTGCCAAAAACATTCAGTACTTCGGCGCC"	FALSE	TRUE	NA	NA	NA	NA
"TCCAGCAGGTAGTGCGAGGAGATTCGGCAGCTTATTTCTGTGCCAGCTCACCACCAGTCCGCATCGGATACGCAGTATTTTGGCCCA"	""	"TCCAGCAGGTAGTGCGAGGAGATTCGGCAGCTTATTTCTGTGCCAGCTCACCACCAGTCCGCATCGGATACGCAGTATTTTGGCCCA"	""	"TCRBV18-1*1"	NA	"TCRBJ2-3*1"	55	61	63	66	6	3	NA	NA	"TCCAGCAGGTAGTGCGAGGAGATTCGGCAGCTTATTTCTGTGCCAGCTCACCACCAGTCCGCATCGGATACGCAGTATTTTGGCCCA"	FALSE	FALSE	NA	NA	NA	NA
"TCTCTGGAGCTGGGGGACTCAGCTTTGTATTTCTGTGCCAGCAGCGTAGCTCACGGGTCAGGTAATGAAAAACTGTTTTTTGGCAGT"	"CASSVAHGSGNEKLFF"	"TCTCTGGAGCTGGGGGACTCAGCTTTGTATTTCTGTGCCAGCAGCGTAGCTCACGGGTCAGGTAATGAAAAACTGTTTTTTGGCAGT"	"CASSVAHGSGNEKLFF"	"TCRBV9-1*1"	NA	"TCRBJ1-4*1"	49	58	-1	62	9	63	NA	NA	"TCTCTGGAGCTGGGGGACTCAGCTTTGTATTTCTGTGCCAGCAGCGTAGCTCACGGGTCAGGTAATGAAAAACTGTTTTTTGGCAGT"	FALSE	TRUE	NA	NA	NA	NA
"CCTGCAAAGCTTGAGGACTCGGCCGTGTATCTCTGTGCCAGCAGCTTAGCTGGGGCGGGAGGATCCAATGAGCAGTTCTTCGGGCCA"	"CASSLAGAGGSNEQFF"	"CCTGCAAAGCTTGAGGACTCGGCCGTGTATCTCTGTGCCAGCAGCTTAGCTGGGGCGGGAGGATCCAATGAGCAGTTCTTCGGGCCA"	"CASSLAGAGGSNEQFF"	"TCRBV11-2"	"TCRBD2-1*2"	"TCRBJ2-1*1"	49	54	62	65	5	3	NA	NA	"CCTGCAAAGCTTGAGGACTCGGCCGTGTATCTCTGTGCCAGCAGCTTAGCTGGGGCGGGAGGATCCAATGAGCAGTTCTTCGGGCCA"	FALSE	TRUE	NA	NA	NA	NA
"ACAGAGCAGGAGGACTCGGCCGTGTATCTCTGTGCCAGCAGCTTCTCCCGGACAGGGTTAAGCTCCTACGAGCAGTACTTCGGGCCG"	"CASSFSRTGLSSYEQYF"	"ACAGAGCAGGAGGACTCGGCCGTGTATCTCTGTGCCAGCAGCTTCTCCCGGACAGGGTTAAGCTCCTACGAGCAGTACTTCGGGCCG"	"CASSFSRTGLSSYEQYF"	"TCRBV7-2"	"TCRBD1-1*1"	"TCRBJ2-7*1"	44	49	57	62	5	5	NA	NA	"ACAGAGCAGGAGGACTCGGCCGTGTATCTCTGTGCCAGCAGCTTCTCCCGGACAGGGTTAAGCTCCTACGAGCAGTACTTCGGGCCG"	FALSE	TRUE	NA	NA	NA	NA
"NTGTCGGCTGCTCCCTCCCAGACATCTGTGTACTTCTGTGCCAGCAGCGATCGTTGGACAGCTAACAATGAGCAGTTCTTCGGGCCA"	"CASSDRWTANNEQFF"	"NTGTCGGCTGCTCCCTCCCAGACATCTGTGTACTTCTGTGCCAGCAGCGATCGTTGGACAGCTAACAATGAGCAGTTCTTCGGGCCA"	"CASSDRWTANNEQFF"	"TCRBV6-5*1"	"TCRBD1-1*1"	"TCRBJ2-1*1"	47	55	61	64	8	3	NA	NA	"NTGTCGGCTGCTCCCTCCCAGACATCTGTGTACTTCTGTGCCAGCAGCGATCGTTGGACAGCTAACAATGAGCAGTTCTTCGGGCCA"	FALSE	TRUE	NA	NA	NA	NA
"CTTCACATCAATTCCCTGGAGCTTGGTGACTCTGCTGTGTATTTCTGTGCCAGCAGTACAAGCAGAGAGACCCAGTACTTCGGGCCA"	"CASSTSRETQYF"	"CTTCACATCAATTCCCTGGAGCTTGGTGACTCTGCTGTGTATTTCTGTGCCAGCAGTACAAGCAGAGAGACCCAGTACTTCGGGCCA"	"CASSTSRETQYF"	"TCRBV3-1/3-2*1"	NA	"TCRBJ2-5*1"	56	57	60	65	1	5	NA	NA	"CTTCACATCAATTCCCTGGAGCTTGGTGACTCTGCTGTGTATTTCTGTGCCAGCAGTACAAGCAGAGAGACCCAGTACTTCGGGCCA"	FALSE	TRUE	NA	NA	NA	NA
"AGCACCTTGGAGCTGGGGGACTCGGCCCTTTATCTTTGCGCCAGCAGCTCTGGGGACACCATCCAAGAGACCCAGTACTTCGGGCCA"	"CASSSGDTIQETQYF"	"AGCACCTTGGAGCTGGGGGACTCGGCCCTTTATCTTTGCGCCAGCAGCTCTGGGGACACCATCCAAGAGACCCAGTACTTCGGGCCA"	"CASSSGDTIQETQYF"	"TCRBV5-1*1"	"TCRBD1-1*1"	"TCRBJ2-5*1"	49	52	58	62	3	4	NA	NA	"AGCACCTTGGAGCTGGGGGACTCGGCCCTTTATCTTTGCGCCAGCAGCTCTGGGGACACCATCCAAGAGACCCAGTACTTCGGGCCA"	FALSE	TRUE	NA	NA	NA	NA
"AATTCCCTGGAGCTTGGTGACTCTGCTGTGTATTTCTGTGCCAGCAGCCGAAGGGGACTTGAAGACCAGCCCCAGCATTTTGGTGAT"	"CASSRRGLEDQPQHF"	"AATTCCCTGGAGCTTGGTGACTCTGCTGTGTATTTCTGTGCCAGCAGCCGAAGGGGACTTGAAGACCAGCCCCAGCATTTTGGTGAT"	"CASSRRGLEDQPQHF"	"TCRBV3-1/3-2*1"	"TCRBD2-1"	"TCRBJ1-5*1"	49	53	59	66	4	7	NA	NA	"AATTCCCTGGAGCTTGGTGACTCTGCTGTGTATTTCTGTGCCAGCAGCCGAAGGGGACTTGAAGACCAGCCCCAGCATTTTGGTGAT"	FALSE	TRUE	NA	NA	NA	NA
"CTGGGGGACTCAGCCCTGTACTTCTGTGCCAGCAGCTTCGGGACCGGGACTAGCGGGATCTCCTACAATGAGCAGTTCTTCGGGCCA"	"CASSFGTGTSGISYNEQFF"	"CTGGGGGACTCAGCCCTGTACTTCTGTGCCAGCAGCTTCGGGACCGGGACTAGCGGGATCTCCTACAATGAGCAGTTCTTCGGGCCA"	"CASSFGTGTSGISYNEQFF"	"TCRBV13-1*1"	"TCRBD2-1*2"	"TCRBJ2-1*1"	38	45	58	59	7	1	NA	NA	"CTGGGGGACTCAGCCCTGTACTTCTGTGCCAGCAGCTTCGGGACCGGGACTAGCGGGATCTCCTACAATGAGCAGTTCTTCGGGCCA"	FALSE	TRUE	NA	NA	NA	NA
"CTGGAGTCGCCCAGCCCCAACCAGACCTCTCTGTACTTCTGTGCCAGCAGCCCGACAGGGGGGGGCTATGGCTACACCTTCGGTTCG"	"CASSPTGGGYGYTF"	"CTGGAGTCGCCCAGCCCCAACCAGACCTCTCTGTACTTCTGTGCCAGCAGCCCGACAGGGGGGGGCTATGGCTACACCTTCGGTTCG"	"CASSPTGGGYGYTF"	"TCRBV27-1*1"	"TCRBD1-1*1"	"TCRBJ1-2*1"	50	53	62	65	3	3	NA	NA	"CTGGAGTCGCCCAGCCCCAACCAGACCTCTCTGTACTTCTGTGCCAGCAGCCCGACAGGGGGGGGCTATGGCTACACCTTCGGTTCG"	FALSE	TRUE	NA	NA	NA	NA
"CTGATCCTGGAGTCGCCCAGCCCCAACCAGACCTCTCTGTACTTCTGTGCCAGCAGGCTAGCTTCAGATACGCAGTATTTTGGCCCA"	"CASRLASDTQYF"	"CTGATCCTGGAGTCGCCCAGCCCCAACCAGACCTCTCTGTACTTCTGTGCCAGCAGGCTAGCTTCAGATACGCAGTATTTTGGCCCA"	"CASRLASDTQYF"	"TCRBV27-1*1"	"TCRBD2-1"	"TCRBJ2-3*1"	56	57	62	64	1	2	NA	NA	"CTGATCCTGGAGTCGCCCAGCCCCAACCAGACCTCTCTGTACTTCTGTGCCAGCAGGCTAGCTTCAGATACGCAGTATTTTGGCCCA"	FALSE	TRUE	NA	NA	NA	NA
"ACTCTGGAGTCCGCTACCAGCTCCCAGACATCTGTGTACTTCTGTGCCATCAGTGAGTGGGAAGACAATGAGCAGTTCTTCGGGCCA"	"CAISEWEDNEQFF"	"ACTCTGGAGTCCGCTACCAGCTCCCAGACATCTGTGTACTTCTGTGCCATCAGTGAGTGGGAAGACAATGAGCAGTTCTTCGGGCCA"	"CAISEWEDNEQFF"	"TCRBV1-3*1"	NA	"TCRBJ2-1*1"	-1	58	62	64	59	2	NA	NA	"ACTCTGGAGTCCGCTACCAGCTCCCAGACATCTGTGTACTTCTGTGCCATCAGTGAGTGGGAAGACAATGAGCAGTTCTTCGGGCCA"	FALSE	TRUE	NA	NA	NA	NA
"ACTGTGAGCAACATGAGCCCTGAAGACAGCAGCATATATCTCTGCAGCGCCACGACAGGGGAGTACAATGAGCAGTTCTTCGGGCCA"	"CSATTGEYNEQFF"	"ACTGTGAGCAACATGAGCCCTGAAGACAGCAGCATATATCTCTGCAGCGCCACGACAGGGGAGTACAATGAGCAGTTCTTCGGGCCA"	"CSATTGEYNEQFF"	"TCRBV29-1*3"	"TCRBD1-1*1"	"TCRBJ2-1*1"	50	53	61	63	3	2	NA	NA	"ACTGTGAGCAACATGAGCCCTGAAGACAGCAGCATATATCTCTGCAGCGCCACGACAGGGGAGTACAATGAGCAGTTCTTCGGGCCA"	FALSE	TRUE	NA	NA	NA	NA
"AAGATCCAGCCTGCAGAGCTTGGGGACTCGGCCGTGTATCTCTGTGCCAGCAGCTTAAATCCGAATCAGCCCCAGCATTTTGGTGAT"	"CASSLNPNQPQHF"	"AAGATCCAGCCTGCAGAGCTTGGGGACTCGGCCGTGTATCTCTGTGCCAGCAGCTTAAATCCGAATCAGCCCCAGCATTTTGGTGAT"	"CASSLNPNQPQHF"	"TCRBV11-3*1"	"TCRBD2-1"	"TCRBJ1-5*1"	57	61	-1	63	4	64	NA	NA	"AAGATCCAGCCTGCAGAGCTTGGGGACTCGGCCGTGTATCTCTGTGCCAGCAGCTTAAATCCGAATCAGCCCCAGCATTTTGGTGAT"	FALSE	TRUE	NA	NA	NA	NA
"GCCCTGCAGCCAGAAGACTCAGCCCTGTATCTCTGCGCCAGCAGCCAAAGGCATAGCGACGTTTCCTACGAGCAGTACTTCGGGCCG"	"CASSQRHSDVSYEQYF"	"GCCCTGCAGCCAGAAGACTCAGCCCTGTATCTCTGCGCCAGCAGCCAAAGGCATAGCGACGTTTCCTACGAGCAGTACTTCGGGCCG"	"CASSQRHSDVSYEQYF"	"TCRBV4-1*1"	"TCRBD2-1"	"TCRBJ2-7*1"	48	53	58	63	5	5	NA	NA	"GCCCTGCAGCCAGAAGACTCAGCCCTGTATCTCTGCGCCAGCAGCCAAAGGCATAGCGACGTTTCCTACGAGCAGTACTTCGGGCCG"	FALSE	TRUE	NA	NA	NA	NA
"GAGTCTGCCAGGCCCTCACATACCTCTCAGTACCTCTGTGCCAGCAGGGACGGGACTAGAAAAGTCCATGAGCAGTTCTTCGGGCCA"	"CASRDGTRKVHEQFF"	"GAGTCTGCCAGGCCCTCACATACCTCTCAGTACCTCTGTGCCAGCAGGGACGGGACTAGAAAAGTCCATGAGCAGTTCTTCGGGCCA"	"CASRDGTRKVHEQFF"	"TCRBV25-1*1"	"TCRBD2-1"	"TCRBJ2-1*1"	47	51	59	67	4	8	NA	NA	"GAGTCTGCCAGGCCCTCACATACCTCTCAGTACCTCTGTGCCAGCAGGGACGGGACTAGAAAAGTCCATGAGCAGTTCTTCGGGCCA"	FALSE	TRUE	NA	NA	NA	NA
"TCAGAACCCAGGGACTCAGCTGTGTACTTCTGTGCCAGCAGTTTGGTCGGACATCCCTACATGAACACTGAAGCTTTCTTTGGACAA"	"CASSLVGHPYMNTEAFF"	"TCAGAACCCAGGGACTCAGCTGTGTACTTCTGTGCCAGCAGTTTGGTCGGACATCCCTACATGAACACTGAAGCTTTCTTTGGACAA"	"CASSLVGHPYMNTEAFF"	NA	"TCRBD1-1*1"	"TCRBJ1-1*1"	44	48	53	61	4	8	NA	NA	"TCAGAACCCAGGGACTCAGCTGTGTACTTCTGTGCCAGCAGTTTGGTCGGACATCCCTACATGAACACTGAAGCTTTCTTTGGACAA"	FALSE	TRUE	NA	NA	NA	NA
"TCGGCTGCTCCCTCCCAGACATCTGTGTACTTCTGTGCCAGCAGTTACTCAGGACAGGGGGTTTATGAAAAACTGTTTTTTGGCAGT"	"CASSYSGQGVYEKLFF"	"TCGGCTGCTCCCTCCCAGACATCTGTGTACTTCTGTGCCAGCAGTTACTCAGGACAGGGGGTTTATGAAAAACTGTTTTTTGGCAGT"	"CASSYSGQGVYEKLFF"	"TCRBV6-5*1"	"TCRBD1-1*1"	"TCRBJ1-4*1"	50	51	61	64	1	3	NA	NA	"TCGGCTGCTCCCTCCCAGACATCTGTGTACTTCTGTGCCAGCAGTTACTCAGGACAGGGGGTTTATGAAAAACTGTTTTTTGGCAGT"	FALSE	TRUE	NA	NA	NA	NA
"CCAGTGCCCATCCTGAAGACAGCAGCTTCTACATCTGCAGTGCTAGAGATGTACCGAGGTGCTGGAAACACCATATATTTTGGAGAG"	""	"CCAGTGCCCATCCTGAAGACAGCAGCTTCTACATCTGCAGTGCTAGAGATGTACCGAGGTGCTGGAAACACCATATATTTTGGAGAG"	""	NA	"TCRBD2-1*2"	"TCRBJ1-3*1"	49	55	59	61	6	2	NA	NA	"CCAGTGCCCATCCTGAAGACAGCAGCTTCTACATCTGCAGTGCTAGAGATGTACCGAGGTGCTGGAAACACCATATATTTTGGAGAG"	FALSE	FALSE	NA	NA	NA	NA
"CCCAGCCCCAACCAGACCTCTCTGTACTTCTGTGCCAGCAGTTTAAAGAGGCAGTTTTCTGGGGCCAACGTCCTGACTTTCGGGGCC"	"CASSLKRQFSGANVLTF"	"CCCAGCCCCAACCAGACCTCTCTGTACTTCTGTGCCAGCAGTTTAAAGAGGCAGTTTTCTGGGGCCAACGTCCTGACTTTCGGGGCC"	"CASSLKRQFSGANVLTF"	"TCRBV27-1*1"	"TCRBD2-1*2"	"TCRBJ2-6*1"	45	47	51	57	2	6	NA	NA	"CCCAGCCCCAACCAGACCTCTCTGTACTTCTGTGCCAGCAGTTTAAAGAGGCAGTTTTCTGGGGCCAACGTCCTGACTTTCGGGGCC"	FALSE	TRUE	NA	NA	NA	NA
"CTGCAGCCAGAAGACTCGGCCCTGTATCTCTGTGCCAGCAGCCCGACCCCCATGAGGGTTAGCACAGATACGCAGTATTTTGGCCCA"	"CASSPTPMRVSTDTQYF"	"CTGCAGCCAGAAGACTCGGCCCTGTATCTCTGTGCCAGCAGCCCGACCCCCATGAGGGTTAGCACAGATACGCAGTATTTTGGCCCA"	"CASSPTPMRVSTDTQYF"	"TCRBV4-2*1"	"TCRBD2-1*2"	"TCRBJ2-3*1"	43	53	58	60	10	2	NA	NA	"CTGCAGCCAGAAGACTCGGCCCTGTATCTCTGTGCCAGCAGCCCGACCCCCATGAGGGTTAGCACAGATACGCAGTATTTTGGCCCA"	FALSE	TRUE	NA	NA	NA	NA
"TCCACTCTGACAGTGACCAGTGCCCATCCTGAAGACAGCAGCTTCTACATCTGCAGTGCTAGTAGGGGGATGGCTTTCTTTGGACAA"	"CSASRGMAFF"	"TCCACTCTGACAGTGACCAGTGCCCATCCTGAAGACAGCAGCTTCTACATCTGCAGTGCTAGTAGGGGGATGGCTTTCTTTGGACAA"	"CSASRGMAFF"	"TCRBV2-1*4"	"TCRBD1-1*1"	"TCRBJ1-1*1"	-1	63	69	72	64	3	NA	NA	"TCCACTCTGACAGTGACCAGTGCCCATCCTGAAGACAGCAGCTTCTACATCTGCAGTGCTAGTAGGGGGATGGCTTTCTTTGGACAA"	FALSE	TRUE	NA	NA	NA	NA
"GGAGATTCGGCAGCTTATTTCTGTGCCAGCTCTCTACATGCCCGGGACAGGGACGGCTCCTATAATTCACCCCTCCACTTTGGGAAT"	"CASSLHARDRDGSYNSPLHF"	"GGAGATTCGGCAGCTTATTTCTGTGCCAGCTCTCTACATGCCCGGGACAGGGACGGCTCCTATAATTCACCCCTCCACTTTGGGAAT"	"CASSLHARDRDGSYNSPLHF"	"TCRBV18-1*1"	"TCRBD1-1*1"	"TCRBJ1-6*1"	32	43	52	56	11	4	NA	NA	"GGAGATTCGGCAGCTTATTTCTGTGCCAGCTCTCTACATGCCCGGGACAGGGACGGCTCCTATAATTCACCCCTCCACTTTGGGAAT"	FALSE	TRUE	NA	NA	NA	NA
"TTCTCTTTGGCTCTGAAATCTGCAACTCCCTTTCAGGTGTCCCTGTGTCCTTGTACCGCAGCGGGAGTTGAGCAGTTCTTCGGGCCA"	"CTAAGVEQFF"	"TTCTCTTTGGCTCTGAAATCTGCAACTCCCTTTCAGGTGTCCCTGTGTCCTTGTACCGCAGCGGGAGTTGAGCAGTTCTTCGGGCCA"	"CTAAGVEQFF"	"TCRBVA-1*1"	"TCRBD2-1*2"	"TCRBJ2-1*1"	58	59	67	68	1	1	NA	NA	"TTCTCTTTGGCTCTGAAATCTGCAACTCCCTTTCAGGTGTCCCTGTGTCCTTGTACCGCAGCGGGAGTTGAGCAGTTCTTCGGGCCA"	FALSE	TRUE	NA	NA	NA	NA
"CCTGCAAAGCTTGAGGACTCGGCCGTGTATCTCTGTGCCAGCAGCTTATTTCTGGCAGCGAACACCGGGGAGCTGTTTTTTGGAGAA"	"CASSLFLAANTGELFF"	"CCTGCAAAGCTTGAGGACTCGGCCGTGTATCTCTGTGCCAGCAGCTTATTTCTGGCAGCGAACACCGGGGAGCTGTTTTTTGGAGAA"	"CASSLFLAANTGELFF"	"TCRBV11-2"	"TCRBD1-1*1"	"TCRBJ2-2*1"	48	55	-1	58	7	59	NA	NA	"CCTGCAAAGCTTGAGGACTCGGCCGTGTATCTCTGTGCCAGCAGCTTATTTCTGGCAGCGAACACCGGGGAGCTGTTTTTTGGAGAA"	FALSE	TRUE	NA	NA	NA	NA
"AAGATCCAGCGCACAGAGCGGGGGGACTCAGCCGTGTATCTCTGTGCCAGCAGCTTCCTCCCCTTTTACGAGCAGTACTTCGGGCCG"	"CASSFLPFYEQYF"	"AAGATCCAGCGCACAGAGCGGGGGGACTCAGCCGTGTATCTCTGTGCCAGCAGCTTCCTCCCCTTTTACGAGCAGTACTTCGGGCCG"	"CASSFLPFYEQYF"	"TCRBV7-3*1"	"TCRBD2-1"	"TCRBJ2-7*1"	56	57	59	66	1	7	NA	NA	"AAGATCCAGCGCACAGAGCGGGGGGACTCAGCCGTGTATCTCTGTGCCAGCAGCTTCCTCCCCTTTTACGAGCAGTACTTCGGGCCG"	FALSE	TRUE	NA	NA	NA	NA
"CGCACAGAGCGGGGGGACTCAGCCGTGTATCTCTGTGCCAGCAGCTTATTTGCTAGCGGGAGCACAGATACGCAGTATTTTGGCCCA"	"CASSLFASGSTDTQYF"	"CGCACAGAGCGGGGGGACTCAGCCGTGTATCTCTGTGCCAGCAGCTTATTTGCTAGCGGGAGCACAGATACGCAGTATTTTGGCCCA"	"CASSLFASGSTDTQYF"	"TCRBV7-3*1"	"TCRBD2-1"	"TCRBJ2-3*1"	48	52	-1	60	4	61	NA	NA	"CGCACAGAGCGGGGGGACTCAGCCGTGTATCTCTGTGCCAGCAGCTTATTTGCTAGCGGGAGCACAGATACGCAGTATTTTGGCCCA"	FALSE	TRUE	NA	NA	NA	NA
"CCCCTGATCCTGGAGTCGCCCAGCCCCAACCAGACCTCTCTGTACTTCTGTGCCAGCAGTTTTTTTGGTACGCAGTATTTTGGCCCA"	"CASSFFGTQYF"	"CCCCTGATCCTGGAGTCGCCCAGCCCCAACCAGACCTCTCTGTACTTCTGTGCCAGCAGTTTTTTTGGTACGCAGTATTTTGGCCCA"	"CASSFFGTQYF"	"TCRBV27-1*1"	NA	"TCRBJ2-3*1"	62	66	-1	68	4	69	NA	NA	"CCCCTGATCCTGGAGTCGCCCAGCCCCAACCAGACCTCTCTGTACTTCTGTGCCAGCAGTTTTTTTGGTACGCAGTATTTTGGCCCA"	FALSE	TRUE	NA	NA	NA	NA
"ACCCTGCAGCCAGAAGACTCGGCCCTGTATCTCTGTGCCAGCAGCCAAGATCATCGGACTGCTCCGGTTGAGCAGTTCTTCGGGCCA"	"CASSQDHRTAPVEQFF"	"ACCCTGCAGCCAGAAGACTCGGCCCTGTATCTCTGTGCCAGCAGCCAAGATCATCGGACTGCTCCGGTTGAGCAGTTCTTCGGGCCA"	"CASSQDHRTAPVEQFF"	"TCRBV4-2*1"	"TCRBD2-1"	"TCRBJ2-1*1"	50	55	60	68	5	8	NA	NA	"ACCCTGCAGCCAGAAGACTCGGCCCTGTATCTCTGTGCCAGCAGCCAAGATCATCGGACTGCTCCGGTTGAGCAGTTCTTCGGGCCA"	FALSE	TRUE	NA	NA	NA	NA
"AAGATCCAGCGCACACAGCAGGAGGACTCCGCCGTGTATCTCTGTGCCAGCAGCTTAGGAGTGAGCACTGAAGCTTTCTTTGGACAA"	"CASSLGVSTEAFF"	"AAGATCCAGCGCACACAGCAGGAGGACTCCGCCGTGTATCTCTGTGCCAGCAGCTTAGGAGTGAGCACTGAAGCTTTCTTTGGACAA"	"CASSLGVSTEAFF"	"TCRBV7-8*1"	"TCRBD2-1*2"	"TCRBJ1-1*1"	-1	58	61	65	59	4	NA	NA	"AAGATCCAGCGCACACAGCAGGAGGACTCCGCCGTGTATCTCTGTGCCAGCAGCTTAGGAGTGAGCACTGAAGCTTTCTTTGGACAA"	FALSE	TRUE	NA	NA	NA	NA
"CGCTCACCAGGCCTGGGGGACGCAGCCATGTACCTGTGTGCCACCAGCAGAGATCGTAGTAGGGCCTACGAGCAGTACTTCGGGCCG"	"CATSRDRSRAYEQYF"	"CGCTCACCAGGCCTGGGGGACGCAGCCATGTACCTGTGTGCCACCAGCAGAGATCGTAGTAGGGCCTACGAGCAGTACTTCGGGCCG"	"CATSRDRSRAYEQYF"	"TCRBV15-1*2"	NA	"TCRBJ2-7*1"	53	60	-1	64	7	65	NA	NA	"CGCTCACCAGGCCTGGGGGACGCAGCCATGTACCTGTGTGCCACCAGCAGAGATCGTAGTAGGGCCTACGAGCAGTACTTCGGGCCG"	FALSE	TRUE	NA	NA	NA	NA
"CCCAAAAGAACCCGACAGCTTTCTATCTCTGTGCCAGTATCATAGGCCCCTCTAGCAGGTCGCCCCAATGAGCAGTTCTTCGGGCCA"	""	"CCCAAAAGAACCCGACAGCTTTCTATCTCTGTGCCAGTATCATAGGCCCCTCTAGCAGGTCGCCCCAATGAGCAGTTCTTCGGGCCA"	""	"TCRBV19-1*1"	"TCRBD2-1"	"TCRBJ2-1*1"	39	51	56	65	12	9	NA	NA	"CCCAAAAGAACCCGACAGCTTTCTATCTCTGTGCCAGTATCATAGGCCCCTCTAGCAGGTCGCCCCAATGAGCAGTTCTTCGGGCCA"	FALSE	FALSE	NA	NA	NA	NA
"CCAGTCCACGGAGTCAGGGGACACAGCACTGTATTTCTGTGCCAGCAGCAAAGCCCCGCCCCAAGGGGAGAGCAGTTCTTCGGGCCA"	""	"CCAGTCCACGGAGTCAGGGGACACAGCACTGTATTTCTGTGCCAGCAGCAAAGCCCCGCCCCAAGGGGAGAGCAGTTCTTCGGGCCA"	""	"TCRBV21-1*1"	"TCRBD1-1*1"	"TCRBJ2-1*1"	54	63	68	69	9	1	NA	NA	"CCAGTCCACGGAGTCAGGGGACACAGCACTGTATTTCTGTGCCAGCAGCAAAGCCCCGCCCCAAGGGGAGAGCAGTTCTTCGGGCCA"	FALSE	FALSE	NA	NA	NA	NA
"TGTGAGTGCCTTGGAGCTGGGGGACTCGGCCCTGTATCTCTGTGCCAGAAGCAACGGACAGGGACTTCACCCCTCCACTTTGGGAAT"	""	"TGTGAGTGCCTTGGAGCTGGGGGACTCGGCCCTGTATCTCTGTGCCAGAAGCAACGGACAGGGACTTCACCCCTCCACTTTGGGAAT"	""	"TCRBV5-3"	"TCRBD1-1*1"	"TCRBJ1-6*1"	52	55	63	65	3	2	NA	NA	"TGTGAGTGCCTTGGAGCTGGGGGACTCGGCCCTGTATCTCTGTGCCAGAAGCAACGGACAGGGACTTCACCCCTCCACTTTGGGAAT"	FALSE	FALSE	NA	NA	NA	NA
"ACTCTGGAGTCTGCTGCCTCCTCCCAGACATCTGTATATTTCTGCGCCAGCAGTCACAACAAGAACACTGAAGCTTTCTTTGGACAA"	"CASSHNKNTEAFF"	"ACTCTGGAGTCTGCTGCCTCCTCCCAGACATCTGTATATTTCTGCGCCAGCAGTCACAACAAGAACACTGAAGCTTTCTTTGGACAA"	"CASSHNKNTEAFF"	"TCRBV1-1*1"	"TCRBD1-1*1"	"TCRBJ1-1*1"	54	55	58	62	1	4	NA	NA	"ACTCTGGAGTCTGCTGCCTCCTCCCAGACATCTGTATATTTCTGCGCCAGCAGTCACAACAAGAACACTGAAGCTTTCTTTGGACAA"	FALSE	TRUE	NA	NA	NA	NA
"ACCTTGGAGCTGGGGGACTCGGCCCTTTATCTTTGCGCCAGCAGCACCTACCCCGTAGCAAACACAGATACGCAGTATTTTGGCCCA"	"CASSTYPVANTDTQYF"	"ACCTTGGAGCTGGGGGACTCGGCCCTTTATCTTTGCGCCAGCAGCACCTACCCCGTAGCAAACACAGATACGCAGTATTTTGGCCCA"	"CASSTYPVANTDTQYF"	"TCRBV5-1*1"	"TCRBD2-1"	"TCRBJ2-3*1"	45	55	59	62	10	3	NA	NA	"ACCTTGGAGCTGGGGGACTCGGCCCTTTATCTTTGCGCCAGCAGCACCTACCCCGTAGCAAACACAGATACGCAGTATTTTGGCCCA"	FALSE	TRUE	NA	NA	NA	NA
"TCGGCCCAAAAGAACCCGACAGCTTTCTATCTCTGTGCCAGTCCCCCCGTGGGGTATACCTCCACAGATACGCAGTATTTTGGCCCA"	"CASPPVGYTSTDTQYF"	"TCGGCCCAAAAGAACCCGACAGCTTTCTATCTCTGTGCCAGTCCCCCCGTGGGGTATACCTCCACAGATACGCAGTATTTTGGCCCA"	"CASPPVGYTSTDTQYF"	"TCRBV19-1*1"	NA	"TCRBJ2-3*1"	42	50	54	62	8	8	NA	NA	"TCGGCCCAAAAGAACCCGACAGCTTTCTATCTCTGTGCCAGTCCCCCCGTGGGGTATACCTCCACAGATACGCAGTATTTTGGCCCA"	FALSE	TRUE	NA	NA	NA	NA
"TCCGCCAGCACCAACCAGACATCTATGTACCTCTGTGCCAGCAGAACCGGGACAGCCGCCTCTGGAAACACCATATATTTTGGAGAG"	"CASRTGTAASGNTIYF"	"TCCGCCAGCACCAACCAGACATCTATGTACCTCTGTGCCAGCAGAACCGGGACAGCCGCCTCTGGAAACACCATATATTTTGGAGAG"	"CASRTGTAASGNTIYF"	"TCRBV28-1*1"	"TCRBD1-1*1"	"TCRBJ1-3*1"	44	48	55	59	4	4	NA	NA	"TCCGCCAGCACCAACCAGACATCTATGTACCTCTGTGCCAGCAGAACCGGGACAGCCGCCTCTGGAAACACCATATATTTTGGAGAG"	FALSE	TRUE	NA	NA	NA	NA
"GTGACCAGTGCCCATCCTGAAGACAGCAGCTTCTACATCTGCAGTGCTTCGACTAGCGGTGTCTACAATGAGCAGTTCTTCGGGCCA"	"CSASTSGVYNEQFF"	"GTGACCAGTGCCCATCCTGAAGACAGCAGCTTCTACATCTGCAGTGCTTCGACTAGCGGTGTCTACAATGAGCAGTTCTTCGGGCCA"	"CSASTSGVYNEQFF"	NA	"TCRBD2-1"	"TCRBJ2-1*1"	48	50	59	62	2	3	NA	NA	"GTGACCAGTGCCCATCCTGAAGACAGCAGCTTCTACATCTGCAGTGCTTCGACTAGCGGTGTCTACAATGAGCAGTTCTTCGGGCCA"	FALSE	TRUE	NA	NA	NA	NA
"TGTCGGCTGCTCCCTCCCAGACATCTGTGTACTTCTGTGCCAGCAGTGAAGCGCGGGCAGGGGGCCTACGAGCAGTACTTCGGGCCG"	""	"TGTCGGCTGCTCCCTCCCAGACATCTGTGTACTTCTGTGCCAGCAGTGAAGCGCGGGCAGGGGGCCTACGAGCAGTACTTCGGGCCG"	""	"TCRBV6-1*1"	"TCRBD1-1*1"	"TCRBJ2-7*1"	52	57	-1	64	5	65	NA	NA	"TGTCGGCTGCTCCCTCCCAGACATCTGTGTACTTCTGTGCCAGCAGTGAAGCGCGGGCAGGGGGCCTACGAGCAGTACTTCGGGCCG"	FALSE	FALSE	NA	NA	NA	NA
"CTGCAGCCAGAAGACTCAGCCCTGTATCTCTGCGCCAGCAGCCAAAGGGGACCCGGTATAGCCAAAAACATTCAGTACTTCGGCGCC"	"CASSQRGPGIAKNIQYF"	"CTGCAGCCAGAAGACTCAGCCCTGTATCTCTGCGCCAGCAGCCAAAGGGGACCCGGTATAGCCAAAAACATTCAGTACTTCGGCGCC"	"CASSQRGPGIAKNIQYF"	"TCRBV4-1*1"	NA	"TCRBJ2-4*1"	45	47	52	59	2	7	NA	NA	"CTGCAGCCAGAAGACTCAGCCCTGTATCTCTGCGCCAGCAGCCAAAGGGGACCCGGTATAGCCAAAAACATTCAGTACTTCGGCGCC"	FALSE	TRUE	NA	NA	NA	NA
"CAGCGCACAGAGCAGGAGGACTCGGCCGTGTATCTCTGTGCCAGCAGCCGACTAGCGGGAGTCCGGGAGACCCAGTACTTCGGGCCA"	"CASSRLAGVRETQYF"	"CAGCGCACAGAGCAGGAGGACTCGGCCGTGTATCTCTGTGCCAGCAGCCGACTAGCGGGAGTCCGGGAGACCCAGTACTTCGGGCCA"	"CASSRLAGVRETQYF"	NA	"TCRBD2-1*2"	"TCRBJ2-5*1"	48	49	61	66	1	5	NA	NA	"CAGCGCACAGAGCAGGAGGACTCGGCCGTGTATCTCTGTGCCAGCAGCCGACTAGCGGGAGTCCGGGAGACCCAGTACTTCGGGCCA"	FALSE	TRUE	NA	NA	NA	NA
"CTGGAGTCGGCTGCTCCCTCCCAGACATCTGTGTACTTCTGTGCCGGGGGCGGGGGCGACGGCAATCAGCCCCAGCATTTTGGTGAT"	"CAGGGGDGNQPQHF"	"CTGGAGTCGGCTGCTCCCTCCCAGACATCTGTGTACTTCTGTGCCGGGGGCGGGGGCGACGGCAATCAGCCCCAGCATTTTGGTGAT"	"CAGGGGDGNQPQHF"	"TCRBV6-1*1"	"TCRBD2-1*1"	"TCRBJ1-5*1"	45	49	56	61	4	5	NA	NA	"CTGGAGTCGGCTGCTCCCTCCCAGACATCTGTGTACTTCTGTGCCGGGGGCGGGGGCGACGGCAATCAGCCCCAGCATTTTGGTGAT"	FALSE	TRUE	NA	NA	NA	NA
"CAGCCTGCAGAGCTTGGGGACTCGGCCATGTATCTCTGTGCCAGCAGCTTAAGGCCGGACAGGGTTGACGAGCAGTACTTCGGGCCG"	"CASSLRPDRVDEQYF"	"CAGCCTGCAGAGCTTGGGGACTCGGCCATGTATCTCTGTGCCAGCAGCTTAAGGCCGGACAGGGTTGACGAGCAGTACTTCGGGCCG"	"CASSLRPDRVDEQYF"	"TCRBV11-1*1"	"TCRBD1-1*1"	"TCRBJ2-7*1"	51	56	64	67	5	3	NA	NA	"CAGCCTGCAGAGCTTGGGGACTCGGCCATGTATCTCTGTGCCAGCAGCTTAAGGCCGGACAGGGTTGACGAGCAGTACTTCGGGCCG"	FALSE	TRUE	NA	NA	NA	NA
"NNNNNNNNNNNNNTGTCGGCTGCTCCCTCCCAGACATCTGTGTACTTCTGTGCCAGCAGTGGAGGCCCGGAGCAGTACTTCGGGCCG"	"CASSGGPEQYF"	"NNNNNNNNNNNNNTGTCGGCTGCTCCCTCCCAGACATCTGTGTACTTCTGTGCCAGCAGTGGAGGCCCGGAGCAGTACTTCGGGCCG"	"CASSGGPEQYF"	NA	"TCRBD2-1*2"	"TCRBJ2-7*1"	-1	61	65	69	62	4	NA	NA	"NNNNNNNNNNNNNTGTCGGCTGCTCCCTCCCAGACATCTGTGTACTTCTGTGCCAGCAGTGGAGGCCCGGAGCAGTACTTCGGGCCG"	FALSE	TRUE	NA	NA	NA	NA
"CCCAGCCCCAACCAGACCTCTCTGTACTTCTGTGCCAGCAGTTTATGGGCCCCCGTCGGGAGAACAGATACGCAGTATTTTGGCCCA"	"CASSLWAPVGRTDTQYF"	"CCCAGCCCCAACCAGACCTCTCTGTACTTCTGTGCCAGCAGTTTATGGGCCCCCGTCGGGAGAACAGATACGCAGTATTTTGGCCCA"	"CASSLWAPVGRTDTQYF"	"TCRBV27-1*1"	"TCRBD2-1*2"	"TCRBJ2-3*1"	46	56	62	63	10	1	NA	NA	"CCCAGCCCCAACCAGACCTCTCTGTACTTCTGTGCCAGCAGTTTATGGGCCCCCGTCGGGAGAACAGATACGCAGTATTTTGGCCCA"	FALSE	TRUE	NA	NA	NA	NA
"GAGTCCGCCAGCACCAACCAGACATCTATGTACCTCTGTGCCAGCAGTTTCCCCGGACTAGTGACTTACGAGCAGTACTTCGGGCCG"	"CASSFPGLVTYEQYF"	"GAGTCCGCCAGCACCAACCAGACATCTATGTACCTCTGTGCCAGCAGTTTCCCCGGACTAGTGACTTACGAGCAGTACTTCGGGCCG"	"CASSFPGLVTYEQYF"	"TCRBV28-1*1"	"TCRBD2-1"	"TCRBJ2-7*1"	50	54	61	66	4	5	NA	NA	"GAGTCCGCCAGCACCAACCAGACATCTATGTACCTCTGTGCCAGCAGTTTCCCCGGACTAGTGACTTACGAGCAGTACTTCGGGCCG"	FALSE	TRUE	NA	NA	NA	NA
"ATCCAGCGCACAGAGCAGGAGGACTCGGCCGTGTATCTCTGTGCCAGCAGCCCCGGGCAGGGGGCAAAGACCCAGTACTTCGGGCCA"	"CASSPGQGAKTQYF"	"ATCCAGCGCACAGAGCAGGAGGACTCGGCCGTGTATCTCTGTGCCAGCAGCCCCGGGCAGGGGGCAAAGACCCAGTACTTCGGGCCA"	"CASSPGQGAKTQYF"	"TCRBV7-2"	"TCRBD1-1*1"	"TCRBJ2-5*1"	51	57	65	67	6	2	NA	NA	"ATCCAGCGCACAGAGCAGGAGGACTCGGCCGTGTATCTCTGTGCCAGCAGCCCCGGGCAGGGGGCAAAGACCCAGTACTTCGGGCCA"	FALSE	TRUE	NA	NA	NA	NA
"AGCACCTTGGAGCTGGGGGACTCGGCCCTTTATCTTTGCGCCAGCAGCCCGAGGACCGCGTACCAAGAGACCCAGTACTTCGGGCCA"	"CASSPRTAYQETQYF"	"AGCACCTTGGAGCTGGGGGACTCGGCCCTTTATCTTTGCGCCAGCAGCCCGAGGACCGCGTACCAAGAGACCCAGTACTTCGGGCCA"	"CASSPRTAYQETQYF"	"TCRBV5-1*1"	NA	"TCRBJ2-5*1"	48	52	56	61	4	5	NA	NA	"AGCACCTTGGAGCTGGGGGACTCGGCCCTTTATCTTTGCGCCAGCAGCCCGAGGACCGCGTACCAAGAGACCCAGTACTTCGGGCCA"	FALSE	TRUE	NA	NA	NA	NA
"CTCAGGCTGGAGTCGGCTGCTCCCTCCCAGACATCTGTGTACTTCTGTGCCAGCGGGGGACAGGTCTATGGCTACACCTTCGGTTCG"	"CASGGQVYGYTF"	"CTCAGGCTGGAGTCGGCTGCTCCCTCCCAGACATCTGTGTACTTCTGTGCCAGCGGGGGACAGGTCTATGGCTACACCTTCGGTTCG"	"CASGGQVYGYTF"	"TCRBV6-1*1"	"TCRBD1-1*1"	"TCRBJ1-2*1"	54	56	64	65	2	1	NA	NA	"CTCAGGCTGGAGTCGGCTGCTCCCTCCCAGACATCTGTGTACTTCTGTGCCAGCGGGGGACAGGTCTATGGCTACACCTTCGGTTCG"	FALSE	TRUE	NA	NA	NA	NA
"GTGAACGCCTTGGAGCTGGAGGACTCGGCCCTGTATCTCTGTGCCAGCAGGTCGTTGACAGGAGTCTACGAGCAGTACTTCGGGCCG"	"CASRSLTGVYEQYF"	"GTGAACGCCTTGGAGCTGGAGGACTCGGCCCTGTATCTCTGTGCCAGCAGGTCGTTGACAGGAGTCTACGAGCAGTACTTCGGGCCG"	"CASRSLTGVYEQYF"	"TCRBV5-8*1"	"TCRBD1-1*1"	"TCRBJ2-7*1"	50	56	62	65	6	3	NA	NA	"GTGAACGCCTTGGAGCTGGAGGACTCGGCCCTGTATCTCTGTGCCAGCAGGTCGTTGACAGGAGTCTACGAGCAGTACTTCGGGCCG"	FALSE	TRUE	NA	NA	NA	NA
"GCCCAAAAGAACCCGACAGCTTTCTATCTCTGTGCCAGTAGTATAGAAGGCGGGGGTCCGTATAATTCACCCCTCCACTTTGGGAAT"	"CASSIEGGGPYNSPLHF"	"GCCCAAAAGAACCCGACAGCTTTCTATCTCTGTGCCAGTAGTATAGAAGGCGGGGGTCCGTATAATTCACCCCTCCACTTTGGGAAT"	"CASSIEGGGPYNSPLHF"	"TCRBV19-1*1"	"TCRBD2-1*1"	"TCRBJ1-6*1"	47	49	56	60	2	4	NA	NA	"GCCCAAAAGAACCCGACAGCTTTCTATCTCTGTGCCAGTAGTATAGAAGGCGGGGGTCCGTATAATTCACCCCTCCACTTTGGGAAT"	FALSE	TRUE	NA	NA	NA	NA
"GCTCCCTCCCAGACATCTGTGTACTTCTGTGCCAGCAGCGGCCCGTACCGAGCGGGAGGAACCCACAATGAGCAGTTCTTCGGGCCA"	"CASSGPYRAGGTHNEQFF"	"GCTCCCTCCCAGACATCTGTGTACTTCTGTGCCAGCAGCGGCCCGTACCGAGCGGGAGGAACCCACAATGAGCAGTTCTTCGGGCCA"	"CASSGPYRAGGTHNEQFF"	NA	"TCRBD2-1*2"	"TCRBJ2-1*1"	38	50	59	64	12	5	NA	NA	"GCTCCCTCCCAGACATCTGTGTACTTCTGTGCCAGCAGCGGCCCGTACCGAGCGGGAGGAACCCACAATGAGCAGTTCTTCGGGCCA"	FALSE	TRUE	NA	NA	NA	NA
"ACGATTCAGCGCACAGAGCAGCGGGACTCAGCCATGTATCGCTGTGCTAGCAGCTTGGGGGACTACTACGAGCAGTACTTCGGGCCG"	"CASSLGDYYEQYF"	"ACGATTCAGCGCACAGAGCAGCGGGACTCAGCCATGTATCGCTGTGCTAGCAGCTTGGGGGACTACTACGAGCAGTACTTCGGGCCG"	"CASSLGDYYEQYF"	"TCRBV7-7*1"	"TCRBD2-1"	"TCRBJ2-7*1"	56	58	-1	65	2	66	NA	NA	"ACGATTCAGCGCACAGAGCAGCGGGACTCAGCCATGTATCGCTGTGCTAGCAGCTTGGGGGACTACTACGAGCAGTACTTCGGGCCG"	FALSE	TRUE	NA	NA	NA	NA
"GCCTTGTTGCTGGGGGACTCGGCCCTCTATCTCTGTGCCAGCAGCCGTCCGACCGGGACGGACTACAATGAGCAGTTCTTCGGGCCA"	"CASSRPTGTDYNEQFF"	"GCCTTGTTGCTGGGGGACTCGGCCCTCTATCTCTGTGCCAGCAGCCGTCCGACCGGGACGGACTACAATGAGCAGTTCTTCGGGCCA"	"CASSRPTGTDYNEQFF"	"TCRBV5-6*1"	NA	"TCRBJ2-1*1"	45	54	59	62	9	3	NA	NA	"GCCTTGTTGCTGGGGGACTCGGCCCTCTATCTCTGTGCCAGCAGCCGTCCGACCGGGACGGACTACAATGAGCAGTTCTTCGGGCCA"	FALSE	TRUE	NA	NA	NA	NA
"NNNNTGTCGGCTGCTCCCTCCCAAACATCTGTGTACTTCTGTGCCAGCCTCAGCAGGGGAGGTAATTCACCCCTCCACTTTGGGAAT"	"CASLSRGGNSPLHF"	"NNNNTGTCGGCTGCTCCCTCCCAAACATCTGTGTACTTCTGTGCCAGCCTCAGCAGGGGAGGTAATTCACCCCTCCACTTTGGGAAT"	"CASLSRGGNSPLHF"	NA	NA	"TCRBJ1-6*1"	48	53	59	62	5	3	NA	NA	"NNNNTGTCGGCTGCTCCCTCCCAAACATCTGTGTACTTCTGTGCCAGCCTCAGCAGGGGAGGTAATTCACCCCTCCACTTTGGGAAT"	FALSE	TRUE	NA	NA	NA	NA
"GAGCTGAATGTGAACGCCTTGGAGCTGGAGGACTCGGCCCTGTATCTCTGTGCCAGCAGCTTGGATCAGCCCCAGCATTTTGGTGAT"	"CASSLDQPQHF"	"GAGCTGAATGTGAACGCCTTGGAGCTGGAGGACTCGGCCCTGTATCTCTGTGCCAGCAGCTTGGATCAGCCCCAGCATTTTGGTGAT"	"CASSLDQPQHF"	"TCRBV5-8*1"	NA	"TCRBJ1-5*1"	-1	-1	-1	64	0	65	NA	NA	"GAGCTGAATGTGAACGCCTTGGAGCTGGAGGACTCGGCCCTGTATCTCTGTGCCAGCAGCTTGGATCAGCCCCAGCATTTTGGTGAT"	FALSE	TRUE	NA	NA	NA	NA
"AAGATCCAGCCCTCAGAACCCAGGGACTCAGCTGTGTATTTTTGTGCTAGTGATGGTGTGAGGATCAATGAGCAGTTCTTCGGGCCA"	"CASDGVRINEQFF"	"AAGATCCAGCCCTCAGAACCCAGGGACTCAGCTGTGTATTTTTGTGCTAGTGATGGTGTGAGGATCAATGAGCAGTTCTTCGGGCCA"	"CASDGVRINEQFF"	"TCRBV12-5*1"	"TCRBD2-1*2"	"TCRBJ2-1*1"	52	59	63	65	7	2	NA	NA	"AAGATCCAGCCCTCAGAACCCAGGGACTCAGCTGTGTATTTTTGTGCTAGTGATGGTGTGAGGATCAATGAGCAGTTCTTCGGGCCA"	FALSE	TRUE	NA	NA	NA	NA
"GAAGACTCGGCCCTGTATCTCTGTGCCAGCAGCCAAGATCTGGGACTAGCGGGAGGCCCCACCCAAGAGACCCAGTACTTCGGGCCA"	"CASSQDLGLAGGPTQETQYF"	"GAAGACTCGGCCCTGTATCTCTGTGCCAGCAGCCAAGATCTGGGACTAGCGGGAGGCCCCACCCAAGAGACCCAGTACTTCGGGCCA"	"CASSQDLGLAGGPTQETQYF"	"TCRBV4-2*1"	"TCRBD2-1*2"	"TCRBJ2-5*1"	38	41	56	62	3	6	NA	NA	"GAAGACTCGGCCCTGTATCTCTGTGCCAGCAGCCAAGATCTGGGACTAGCGGGAGGCCCCACCCAAGAGACCCAGTACTTCGGGCCA"	FALSE	TRUE	NA	NA	NA	NA
"CTGGAGTCGCCCAGCCCCAACCAGACCTCTCTGTACTTCTGTGCCAGCAGTATCTGGGCGGGAGGAGATACGCAGTATTTTGGCCCA"	"CASSIWAGGDTQYF"	"CTGGAGTCGCCCAGCCCCAACCAGACCTCTCTGTACTTCTGTGCCAGCAGTATCTGGGCGGGAGGAGATACGCAGTATTTTGGCCCA"	"CASSIWAGGDTQYF"	"TCRBV27-1*1"	"TCRBD2-1*2"	"TCRBJ2-3*1"	51	57	-1	65	6	66	NA	NA	"CTGGAGTCGCCCAGCCCCAACCAGACCTCTCTGTACTTCTGTGCCAGCAGTATCTGGGCGGGAGGAGATACGCAGTATTTTGGCCCA"	FALSE	TRUE	NA	NA	NA	NA
"TCCGCCAGCACCAACCAGACATCTATGTACCTCTGTGCCAGCAGCCTCTTCGGGCTAGCGGGAGAAGGTGAGCAGTTCTTCGGGCCA"	"CASSLFGLAGEGEQFF"	"TCCGCCAGCACCAACCAGACATCTATGTACCTCTGTGCCAGCAGCCTCTTCGGGCTAGCGGGAGAAGGTGAGCAGTTCTTCGGGCCA"	"CASSLFGLAGEGEQFF"	"TCRBV28-1*1"	"TCRBD2-1*2"	"TCRBJ2-1*1"	44	54	64	68	10	4	NA	NA	"TCCGCCAGCACCAACCAGACATCTATGTACCTCTGTGCCAGCAGCCTCTTCGGGCTAGCGGGAGAAGGTGAGCAGTTCTTCGGGCCA"	FALSE	TRUE	NA	NA	NA	NA
"AATGTGAGCACCTTGGAGCTGGGGGACTCGGCCCTTTATCTTTGCGCCAGCAGGGGCTCGGGCACCTACGAGCAGTACTTCGGGCCG"	"CASRGSGTYEQYF"	"AATGTGAGCACCTTGGAGCTGGGGGACTCGGCCCTTTATCTTTGCGCCAGCAGGGGCTCGGGCACCTACGAGCAGTACTTCGGGCCG"	"CASRGSGTYEQYF"	"TCRBV5-1*1"	NA	"TCRBJ2-7*1"	-1	53	57	64	54	7	NA	NA	"AATGTGAGCACCTTGGAGCTGGGGGACTCGGCCCTTTATCTTTGCGCCAGCAGGGGCTCGGGCACCTACGAGCAGTACTTCGGGCCG"	FALSE	TRUE	NA	NA	NA	NA
"CGCACAGAGCAGGGGGACTCGGCCATGTATCTCTGTGCCAGCAGCTTAAGTTCGGGGCTGAGAGACAATGAGCAGTTCTTCGGGCCA"	"CASSLSSGLRDNEQFF"	"CGCACAGAGCAGGGGGACTCGGCCATGTATCTCTGTGCCAGCAGCTTAAGTTCGGGGCTGAGAGACAATGAGCAGTTCTTCGGGCCA"	"CASSLSSGLRDNEQFF"	"TCRBV7-9*1"	NA	"TCRBJ2-1*1"	48	53	58	64	5	6	NA	NA	"CGCACAGAGCAGGGGGACTCGGCCATGTATCTCTGTGCCAGCAGCTTAAGTTCGGGGCTGAGAGACAATGAGCAGTTCTTCGGGCCA"	FALSE	TRUE	NA	NA	NA	NA
"CTCAAGATCCAGCCTGCAAAGCTTGAGGACTCGGCCGTGTATCTCTGTGCCAGCAGCTTTCGTTACAATGAGCAGTTCTTCGGGCCA"	"CASSFRYNEQFF"	"CTCAAGATCCAGCCTGCAAAGCTTGAGGACTCGGCCGTGTATCTCTGTGCCAGCAGCTTTCGTTACAATGAGCAGTTCTTCGGGCCA"	"CASSFRYNEQFF"	"TCRBV11-2*1"	"TCRBD2-1"	"TCRBJ2-1*1"	59	60	62	63	1	1	NA	NA	"CTCAAGATCCAGCCTGCAAAGCTTGAGGACTCGGCCGTGTATCTCTGTGCCAGCAGCTTTCGTTACAATGAGCAGTTCTTCGGGCCA"	FALSE	TRUE	NA	NA	NA	NA
"GTGACCAGTGCCCATCCTGAAGACAGCAGCTTCTACATCTGCAGTGCTAGAGATCCCGGGACAGACTACGAGCAGTACTTCGGGCCG"	"CSARDPGTDYEQYF"	"GTGACCAGTGCCCATCCTGAAGACAGCAGCTTCTACATCTGCAGTGCTAGAGATCCCGGGACAGACTACGAGCAGTACTTCGGGCCG"	"CSARDPGTDYEQYF"	NA	"TCRBD1-1*1"	"TCRBJ2-7*1"	53	57	64	65	4	1	NA	NA	"GTGACCAGTGCCCATCCTGAAGACAGCAGCTTCTACATCTGCAGTGCTAGAGATCCCGGGACAGACTACGAGCAGTACTTCGGGCCG"	FALSE	TRUE	NA	NA	NA	NA
"TCCTGTCCTCAGAACCGGGAGACACGGCACTGTATCTCTGCGCCAGCAGTCAATACAGGGTGCCCCTACGAGCAGTACTTCGGGCCG"	""	"TCCTGTCCTCAGAACCGGGAGACACGGCACTGTATCTCTGCGCCAGCAGTCAATACAGGGTGCCCCTACGAGCAGTACTTCGGGCCG"	""	"TCRBV23-1*1"	"TCRBD1-1*1"	"TCRBJ2-7*1"	-1	54	60	64	55	4	NA	NA	"TCCTGTCCTCAGAACCGGGAGACACGGCACTGTATCTCTGCGCCAGCAGTCAATACAGGGTGCCCCTACGAGCAGTACTTCGGGCCG"	FALSE	FALSE	NA	NA	NA	NA
"CACGCCCTGCAGCCAGAAGACTCAGCCCTGTATCTCTGCGCCAGCAGCCGAGGGACTAGCGGGTACAATGAGCAGTTCTTCGGGCCA"	"CASSRGTSGYNEQFF"	"CACGCCCTGCAGCCAGAAGACTCAGCCCTGTATCTCTGCGCCAGCAGCCGAGGGACTAGCGGGTACAATGAGCAGTTCTTCGGGCCA"	"CASSRGTSGYNEQFF"	"TCRBV4-1*1"	"TCRBD2-1"	"TCRBJ2-1*1"	49	51	-1	63	2	64	NA	NA	"CACGCCCTGCAGCCAGAAGACTCAGCCCTGTATCTCTGCGCCAGCAGCCGAGGGACTAGCGGGTACAATGAGCAGTTCTTCGGGCCA"	FALSE	TRUE	NA	NA	NA	NA
"GAGCTGAATGTGAACGCCTTGTTGCTGGGGGACTCGGCCCTCTATCTCTGTGCCAGCAGCCGGGCCCGTGAAGCTTTCTTTGGACAA"	"CASSRAREAFF"	"GAGCTGAATGTGAACGCCTTGTTGCTGGGGGACTCGGCCCTCTATCTCTGTGCCAGCAGCCGGGCCCGTGAAGCTTTCTTTGGACAA"	"CASSRAREAFF"	"TCRBV5-6*1"	NA	"TCRBJ1-1*1"	60	61	65	68	1	3	NA	NA	"GAGCTGAATGTGAACGCCTTGTTGCTGGGGGACTCGGCCCTCTATCTCTGTGCCAGCAGCCGGGCCCGTGAAGCTTTCTTTGGACAA"	FALSE	TRUE	NA	NA	NA	NA
"CTGAAGATCCGGTCCACAAAGCTGGAGGACTCAGCCATGTACTTCTGTGCCAGTAGCGGGACGGCAGATACGCAGTATTTTGGCCCA"	"CASSGTADTQYF"	"CTGAAGATCCGGTCCACAAAGCTGGAGGACTCAGCCATGTACTTCTGTGCCAGTAGCGGGACGGCAGATACGCAGTATTTTGGCCCA"	"CASSGTADTQYF"	"TCRBV2-1"	"TCRBD2-1*2"	"TCRBJ2-3*1"	-1	53	61	64	54	3	NA	NA	"CTGAAGATCCGGTCCACAAAGCTGGAGGACTCAGCCATGTACTTCTGTGCCAGTAGCGGGACGGCAGATACGCAGTATTTTGGCCCA"	FALSE	TRUE	NA	NA	NA	NA
"GGACTCAGCTTTGTATTTCTGTGCCAGCAGCGTAAAAGGACCTAGCGGGAGCAAGCCCTAAACACCGGGGAGCTGTTTTTTGGAGAA"	""	"GGACTCAGCTTTGTATTTCTGTGCCAGCAGCGTAAAAGGACCTAGCGGGAGCAAGCCCTAAACACCGGGGAGCTGTTTTTTGGAGAA"	""	"TCRBV9-1*1"	"TCRBD2-1*2"	"TCRBJ2-2*1"	34	41	51	60	7	9	NA	NA	"GGACTCAGCTTTGTATTTCTGTGCCAGCAGCGTAAAAGGACCTAGCGGGAGCAAGCCCTAAACACCGGGGAGCTGTTTTTTGGAGAA"	FALSE	FALSE	NA	NA	NA	NA
"GAGTCTGCCATCCCCAACCAGACAGCTCTTTACTTCTGTGCCACCAGTGAAACCACCGGGTTCACAGATACGCAGTATTTTGGCCCA"	"CATSETTGFTDTQYF"	"GAGTCTGCCATCCCCAACCAGACAGCTCTTTACTTCTGTGCCACCAGTGAAACCACCGGGTTCACAGATACGCAGTATTTTGGCCCA"	"CATSETTGFTDTQYF"	"TCRBV24-1*1"	"TCRBD2-1"	"TCRBJ2-3*1"	50	56	60	62	6	2	NA	NA	"GAGTCTGCCATCCCCAACCAGACAGCTCTTTACTTCTGTGCCACCAGTGAAACCACCGGGTTCACAGATACGCAGTATTTTGGCCCA"	FALSE	TRUE	NA	NA	NA	NA
"GTGAGCACCTTGGAGCTGGGGGACTCGGCCCTTTATCTTTGCGCCAGCAGCTTAGAGGGAGCGCCCCGCGAGCAGTACTTCGGGCCG"	"CASSLEGAPREQYF"	"GTGAGCACCTTGGAGCTGGGGGACTCGGCCCTTTATCTTTGCGCCAGCAGCTTAGAGGGAGCGCCCCGCGAGCAGTACTTCGGGCCG"	"CASSLEGAPREQYF"	"TCRBV5-1*1"	"TCRBD2-1*2"	"TCRBJ2-7*1"	53	56	61	68	3	7	NA	NA	"GTGAGCACCTTGGAGCTGGGGGACTCGGCCCTTTATCTTTGCGCCAGCAGCTTAGAGGGAGCGCCCCGCGAGCAGTACTTCGGGCCG"	FALSE	TRUE	NA	NA	NA	NA
"NTGTCGGCTGCTCCCTCCCAGACATCTGTGTACTTCTGTGCCAGCAGCCCCCGGAGGGCCGCCTACAATGAGCAGTTCTTCGGGCCA"	"CASSPRRAAYNEQFF"	"NTGTCGGCTGCTCCCTCCCAGACATCTGTGTACTTCTGTGCCAGCAGCCCCCGGAGGGCCGCCTACAATGAGCAGTTCTTCGGGCCA"	"CASSPRRAAYNEQFF"	"TCRBV6-5*1"	"TCRBD2-1*2"	"TCRBJ2-1*1"	47	52	58	61	5	3	NA	NA	"NTGTCGGCTGCTCCCTCCCAGACATCTGTGTACTTCTGTGCCAGCAGCCCCCGGAGGGCCGCCTACAATGAGCAGTTCTTCGGGCCA"	FALSE	TRUE	NA	NA	NA	NA
"GTGAGCAACATGAGCCCTGAAGACAGCAGCATATATCTCTGCAGCGTTGAAGCCCATTGGGGGTCCGGGGAGCTGTTTTTTGGAGAA"	"CSVEAHWGSGELFF"	"GTGAGCAACATGAGCCCTGAAGACAGCAGCATATATCTCTGCAGCGTTGAAGCCCATTGGGGGTCCGGGGAGCTGTTTTTTGGAGAA"	"CSVEAHWGSGELFF"	"TCRBV29-1"	NA	"TCRBJ2-2*1"	52	58	63	64	6	1	NA	NA	"GTGAGCAACATGAGCCCTGAAGACAGCAGCATATATCTCTGCAGCGTTGAAGCCCATTGGGGGTCCGGGGAGCTGTTTTTTGGAGAA"	FALSE	TRUE	NA	NA	NA	NA
"ACTCTGAAGATCCAGCGCACAGAGCAGGAGGACTCGGCCGTGTATCTCTGTGCCAGCAGCTACACAGATACGCAGTATTTTGGCCCA"	"CASSYTDTQYF"	"ACTCTGAAGATCCAGCGCACAGAGCAGGAGGACTCGGCCGTGTATCTCTGTGCCAGCAGCTACACAGATACGCAGTATTTTGGCCCA"	"CASSYTDTQYF"	NA	NA	"TCRBJ2-3*1"	-1	-1	61	62	0	1	NA	NA	"ACTCTGAAGATCCAGCGCACAGAGCAGGAGGACTCGGCCGTGTATCTCTGTGCCAGCAGCTACACAGATACGCAGTATTTTGGCCCA"	FALSE	TRUE	NA	NA	NA	NA
"ACGATTCAGCGCACAGAGCAGGAGGACTCGGCCGTGTATCTCTGTGCCAGCAGCTCTATTCTTACCGGGGAGCTGTTTTTTGGAGAA"	"CASSSILTGELFF"	"ACGATTCAGCGCACAGAGCAGGAGGACTCGGCCGTGTATCTCTGTGCCAGCAGCTCTATTCTTACCGGGGAGCTGTTTTTTGGAGAA"	"CASSSILTGELFF"	"TCRBV7-2"	"TCRBD2-1"	"TCRBJ2-2*1"	-1	55	58	63	56	5	NA	NA	"ACGATTCAGCGCACAGAGCAGGAGGACTCGGCCGTGTATCTCTGTGCCAGCAGCTCTATTCTTACCGGGGAGCTGTTTTTTGGAGAA"	FALSE	TRUE	NA	NA	NA	NA
"TTCATGTGGTCGCACTGCAGCAAGAAGACTCAGCTGCGTATCTCTGCACCAGCAGCCAAGAACCGACGCCGGGCTTTCTTTGGACAA"	""	"TTCATGTGGTCGCACTGCAGCAAGAAGACTCAGCTGCGTATCTCTGCACCAGCAGCCAAGAACCGACGCCGGGCTTTCTTTGGACAA"	""	"TCRBV1-1*1"	NA	"TCRBJ1-1*1"	61	64	67	72	3	5	NA	NA	"TTCATGTGGTCGCACTGCAGCAAGAAGACTCAGCTGCGTATCTCTGCACCAGCAGCCAAGAACCGACGCCGGGCTTTCTTTGGACAA"	FALSE	FALSE	NA	NA	NA	NA
"TCTAAGAAGCTCCTTCTCAGTGACTCTGGCTTCTATCTCTGTGCCGGAGGGGTAGAGATGGACACAGATACGCAGTATTTTGGCCCA"	"CAGGVEMDTDTQYF"	"TCTAAGAAGCTCCTTCTCAGTGACTCTGGCTTCTATCTCTGTGCCGGAGGGGTAGAGATGGACACAGATACGCAGTATTTTGGCCCA"	"CAGGVEMDTDTQYF"	"TCRBV3-1"	"TCRBD2-1*2"	"TCRBJ2-3*1"	-1	45	51	62	46	11	NA	NA	"TCTAAGAAGCTCCTTCTCAGTGACTCTGGCTTCTATCTCTGTGCCGGAGGGGTAGAGATGGACACAGATACGCAGTATTTTGGCCCA"	FALSE	TRUE	NA	NA	NA	NA
"CAGCGCACAGAGCGGGGGGACTCAGCCGTGTATCTCTGTGCCAGCAGCTCTCGGACTAAGACCTACAATGAGCAGTTCTTCGGGCCA"	"CASSSRTKTYNEQFF"	"CAGCGCACAGAGCGGGGGGACTCAGCCGTGTATCTCTGTGCCAGCAGCTCTCGGACTAAGACCTACAATGAGCAGTTCTTCGGGCCA"	"CASSSRTKTYNEQFF"	"TCRBV7-3*1"	"TCRBD2-1"	"TCRBJ2-1*1"	49	52	58	61	3	3	NA	NA	"CAGCGCACAGAGCGGGGGGACTCAGCCGTGTATCTCTGTGCCAGCAGCTCTCGGACTAAGACCTACAATGAGCAGTTCTTCGGGCCA"	FALSE	TRUE	NA	NA	NA	NA
"ATCCAGCCTGCAGAGCTTGGGGACTCGGCCATGTATCTCTGTGCCAGCAGCTTTGTTCAGCCGGCAGATACGCAGTATTTTGGCCCA"	"CASSFVQPADTQYF"	"ATCCAGCCTGCAGAGCTTGGGGACTCGGCCATGTATCTCTGTGCCAGCAGCTTTGTTCAGCCGGCAGATACGCAGTATTTTGGCCCA"	"CASSFVQPADTQYF"	"TCRBV11-1*1"	NA	"TCRBJ2-3*1"	53	57	60	64	4	4	NA	NA	"ATCCAGCCTGCAGAGCTTGGGGACTCGGCCATGTATCTCTGTGCCAGCAGCTTTGTTCAGCCGGCAGATACGCAGTATTTTGGCCCA"	FALSE	TRUE	NA	NA	NA	NA
"CCCAACCAGACCTCTCTGTACTTCTGTGCCAGCAGTCGTCGTCACGGGACTAGCGGGAAGCGGACCTACGAGCAGTACTTCGGGCCG"	"CASSRRHGTSGKRTYEQYF"	"CCCAACCAGACCTCTCTGTACTTCTGTGCCAGCAGTCGTCGTCACGGGACTAGCGGGAAGCGGACCTACGAGCAGTACTTCGGGCCG"	"CASSRRHGTSGKRTYEQYF"	"TCRBV27-1*1"	"TCRBD2-1*2"	"TCRBJ2-7*1"	36	45	58	64	9	6	NA	NA	"CCCAACCAGACCTCTCTGTACTTCTGTGCCAGCAGTCGTCGTCACGGGACTAGCGGGAAGCGGACCTACGAGCAGTACTTCGGGCCG"	FALSE	TRUE	NA	NA	NA	NA
"GTGACATCGGCCCAAAAGAACCCGACAGCTTTCTATCTCTGTGCCAGTAGTACTCCGGGAGCACAAGAGACCCAGTACTTCGGGCCA"	"CASSTPGAQETQYF"	"GTGACATCGGCCCAAAAGAACCCGACAGCTTTCTATCTCTGTGCCAGTAGTACTCCGGGAGCACAAGAGACCCAGTACTTCGGGCCA"	"CASSTPGAQETQYF"	"TCRBV19-1*1"	"TCRBD2-1*2"	"TCRBJ2-5*1"	52	55	61	63	3	2	NA	NA	"GTGACATCGGCCCAAAAGAACCCGACAGCTTTCTATCTCTGTGCCAGTAGTACTCCGGGAGCACAAGAGACCCAGTACTTCGGGCCA"	FALSE	TRUE	NA	NA	NA	NA
"GCCAGGCCCTCACATACCTCTCAGTACCTCTGTGCCAGCAGTGAATATGGGGCAGGGAACCAACAAGAGACCCAGTACTTCGGGCCA"	"CASSEYGAGNQQETQYF"	"GCCAGGCCCTCACATACCTCTCAGTACCTCTGTGCCAGCAGTGAATATGGGGCAGGGAACCAACAAGAGACCCAGTACTTCGGGCCA"	"CASSEYGAGNQQETQYF"	"TCRBV25-1*1"	"TCRBD1-1*1"	"TCRBJ2-5*1"	47	52	57	63	5	6	NA	NA	"GCCAGGCCCTCACATACCTCTCAGTACCTCTGTGCCAGCAGTGAATATGGGGCAGGGAACCAACAAGAGACCCAGTACTTCGGGCCA"	FALSE	TRUE	NA	NA	NA	NA
"ATCCAGCGCACAGAGCAGCGGGACTCGGCCATGTATCGCTGTGCCAGCAGCTTAGGGCGGGAGTTGAATGAGCAGTTCTTCGGGCCA"	"CASSLGRELNEQFF"	"ATCCAGCGCACAGAGCAGCGGGACTCGGCCATGTATCGCTGTGCCAGCAGCTTAGGGCGGGAGTTGAATGAGCAGTTCTTCGGGCCA"	"CASSLGRELNEQFF"	"TCRBV7-6*1"	"TCRBD2-1*2"	"TCRBJ2-1*1"	55	56	63	66	1	3	NA	NA	"ATCCAGCGCACAGAGCAGCGGGACTCGGCCATGTATCGCTGTGCCAGCAGCTTAGGGCGGGAGTTGAATGAGCAGTTCTTCGGGCCA"	FALSE	TRUE	NA	NA	NA	NA
"CTTCACCTACACGCCCTGCAGCCAGAAGACTCAGCCCTGTATCTCTGCGCCAGCAGCCAAGATCTAGATACGCAGTATTTTGGCCCA"	"CASSQDLDTQYF"	"CTTCACCTACACGCCCTGCAGCCAGAAGACTCAGCCCTGTATCTCTGCGCCAGCAGCCAAGATCTAGATACGCAGTATTTTGGCCCA"	"CASSQDLDTQYF"	"TCRBV4-1*1"	"TCRBD2-1"	"TCRBJ2-3*1"	62	63	-1	65	1	66	NA	NA	"CTTCACCTACACGCCCTGCAGCCAGAAGACTCAGCCCTGTATCTCTGCGCCAGCAGCCAAGATCTAGATACGCAGTATTTTGGCCCA"	FALSE	TRUE	NA	NA	NA	NA
"AGCTCTCTGGAGCTGGGGGACTCAGCTTTGTATTTCTGTGCCAGCAGCCCATGGTCTAGTGGCTCTGGGGAGCAGTACTTCGGGCCG"	"CASSPWSSGSGEQYF"	"AGCTCTCTGGAGCTGGGGGACTCAGCTTTGTATTTCTGTGCCAGCAGCCCATGGTCTAGTGGCTCTGGGGAGCAGTACTTCGGGCCG"	"CASSPWSSGSGEQYF"	"TCRBV9-1*1"	"TCRBD2-1"	"TCRBJ2-7*1"	48	55	59	69	7	10	NA	NA	"AGCTCTCTGGAGCTGGGGGACTCAGCTTTGTATTTCTGTGCCAGCAGCCCATGGTCTAGTGGCTCTGGGGAGCAGTACTTCGGGCCG"	FALSE	TRUE	NA	NA	NA	NA
"AGTCAGCTGCTCCCTCTCAGACTTCTGTTTACTTCTGTGCCAGCAGGGCAACCGGGATCTGAGGACACTGAAGCTTTCTTTGGACAA"	""	"AGTCAGCTGCTCCCTCTCAGACTTCTGTTTACTTCTGTGCCAGCAGGGCAACCGGGATCTGAGGACACTGAAGCTTTCTTTGGACAA"	""	"TCRBV6-7*1"	"TCRBD2-1*2"	"TCRBJ1-1*1"	46	52	57	64	6	7	NA	NA	"AGTCAGCTGCTCCCTCTCAGACTTCTGTTTACTTCTGTGCCAGCAGGGCAACCGGGATCTGAGGACACTGAAGCTTTCTTTGGACAA"	FALSE	FALSE	NA	NA	NA	NA
"CCTGCAGAGCTTGAGGACTCGGCCGTGTATCTCTGTGCCAGCAGCCCATACGTTGGCGGGGCACAAGAGACCCAGTACTTCGGGCCA"	"CASSPYVGGAQETQYF"	"CCTGCAGAGCTTGAGGACTCGGCCGTGTATCTCTGTGCCAGCAGCCCATACGTTGGCGGGGCACAAGAGACCCAGTACTTCGGGCCA"	"CASSPYVGGAQETQYF"	NA	"TCRBD2-1*1"	"TCRBJ2-5*1"	45	55	61	63	10	2	NA	NA	"CCTGCAGAGCTTGAGGACTCGGCCGTGTATCTCTGTGCCAGCAGCCCATACGTTGGCGGGGCACAAGAGACCCAGTACTTCGGGCCA"	FALSE	TRUE	NA	NA	NA	NA
"TGCAGAGCTTGGGGACTCGGCCGTGTATCTCTGTGCCAGCAGCTCCAGACTAGCGGGGAAACCTACAATGAGCAGTTCTTCGGGCCA"	""	"TGCAGAGCTTGGGGACTCGGCCGTGTATCTCTGTGCCAGCAGCTCCAGACTAGCGGGGAAACCTACAATGAGCAGTTCTTCGGGCCA"	""	"TCRBV11-3*1"	"TCRBD2-1*1"	"TCRBJ2-1*1"	44	47	58	61	3	3	NA	NA	"TGCAGAGCTTGGGGACTCGGCCGTGTATCTCTGTGCCAGCAGCTCCAGACTAGCGGGGAAACCTACAATGAGCAGTTCTTCGGGCCA"	FALSE	FALSE	NA	NA	NA	NA
"GACATCCGCTCACCAGGCCTGGGGGACGCAGCCATGTACCTGTGTGCCACCAGGCCGGGACAGGGGTTTGGCTACACCTTCGGTTCG"	"CATRPGQGFGYTF"	"GACATCCGCTCACCAGGCCTGGGGGACGCAGCCATGTACCTGTGTGCCACCAGGCCGGGACAGGGGTTTGGCTACACCTTCGGTTCG"	"CATRPGQGFGYTF"	"TCRBV15-1*2"	"TCRBD1-1*1"	"TCRBJ1-2*1"	53	56	66	68	3	2	NA	NA	"GACATCCGCTCACCAGGCCTGGGGGACGCAGCCATGTACCTGTGTGCCACCAGGCCGGGACAGGGGTTTGGCTACACCTTCGGTTCG"	FALSE	TRUE	NA	NA	NA	NA
"CAGCGCACAGAGCGGGGGGACTCAGCCGTGTATCTCTGTGCCAGCAGCTTAACGGGGCGGGAGGGCGAGACCCAGTACTTCGGGCCA"	"CASSLTGREGETQYF"	"CAGCGCACAGAGCGGGGGGACTCAGCCGTGTATCTCTGTGCCAGCAGCTTAACGGGGCGGGAGGGCGAGACCCAGTACTTCGGGCCA"	"CASSLTGREGETQYF"	"TCRBV7-3*1"	"TCRBD2-1*2"	"TCRBJ2-5*1"	53	56	65	66	3	1	NA	NA	"CAGCGCACAGAGCGGGGGGACTCAGCCGTGTATCTCTGTGCCAGCAGCTTAACGGGGCGGGAGGGCGAGACCCAGTACTTCGGGCCA"	FALSE	TRUE	NA	NA	NA	NA
"TCGCCCAGCCCCAACCAGACCTCTCTGTACTTCTGTGCCAGCAGTTCTAATCCGGGACAGGGGGCCAACGAGCAGTACTTCGGGCCG"	"CASSSNPGQGANEQYF"	"TCGCCCAGCCCCAACCAGACCTCTCTGTACTTCTGTGCCAGCAGTTCTAATCCGGGACAGGGGGCCAACGAGCAGTACTTCGGGCCG"	"CASSSNPGQGANEQYF"	"TCRBV27-1*1"	"TCRBD1-1*1"	"TCRBJ2-7*1"	46	53	65	67	7	2	NA	NA	"TCGCCCAGCCCCAACCAGACCTCTCTGTACTTCTGTGCCAGCAGTTCTAATCCGGGACAGGGGGCCAACGAGCAGTACTTCGGGCCG"	FALSE	TRUE	NA	NA	NA	NA
"ATCCGCTCACCAGGCCTGGGGGACGCAGCCATGTACCTGTGTGCCACCAGCAGAGATAAACTTAGGAATGAGCAGTTCTTCGGGCCA"	"CATSRDKLRNEQFF"	"ATCCGCTCACCAGGCCTGGGGGACGCAGCCATGTACCTGTGTGCCACCAGCAGAGATAAACTTAGGAATGAGCAGTTCTTCGGGCCA"	"CATSRDKLRNEQFF"	"TCRBV15-1*2"	NA	"TCRBJ2-1*1"	56	63	-1	66	7	67	NA	NA	"ATCCGCTCACCAGGCCTGGGGGACGCAGCCATGTACCTGTGTGCCACCAGCAGAGATAAACTTAGGAATGAGCAGTTCTTCGGGCCA"	FALSE	TRUE	NA	NA	NA	NA
"NNTGTCGGCTGCTCCCTCCCAGACATCTGTGTACTTCTGTGCCAGCAGGCCAAGATTATCGAGGACTACGAGCAGTACTTCGGGCCG"	""	"NNTGTCGGCTGCTCCCTCCCAGACATCTGTGTACTTCTGTGCCAGCAGGCCAAGATTATCGAGGACTACGAGCAGTACTTCGGGCCG"	""	"TCRBV6-5*1"	"TCRBD2-1*2"	"TCRBJ2-7*1"	48	60	64	65	12	1	NA	NA	"NNTGTCGGCTGCTCCCTCCCAGACATCTGTGTACTTCTGTGCCAGCAGGCCAAGATTATCGAGGACTACGAGCAGTACTTCGGGCCG"	FALSE	FALSE	NA	NA	NA	NA
"ACCAGTGCCCATCCTGAAGACAGCAGCTTCTACATCTGCAGTCCTAACCCCCTGGGACTAGCGGTCAATGAGCAGTTCTTCGGGCCA"	"CSPNPLGLAVNEQFF"	"ACCAGTGCCCATCCTGAAGACAGCAGCTTCTACATCTGCAGTCCTAACCCCCTGGGACTAGCGGTCAATGAGCAGTTCTTCGGGCCA"	"CSPNPLGLAVNEQFF"	NA	"TCRBD2-1"	"TCRBJ2-1*1"	46	53	64	65	7	1	NA	NA	"ACCAGTGCCCATCCTGAAGACAGCAGCTTCTACATCTGCAGTCCTAACCCCCTGGGACTAGCGGTCAATGAGCAGTTCTTCGGGCCA"	FALSE	TRUE	NA	NA	NA	NA
"GTGACCAGTGCCCATCCTGAAGACAGCAGCTTCTACATCTGCAGTGCTTATAGCGGCCCCAGGGGGTATGAGCAGTTCTTCGGGCCA"	"CSAYSGPRGYEQFF"	"GTGACCAGTGCCCATCCTGAAGACAGCAGCTTCTACATCTGCAGTGCTTATAGCGGCCCCAGGGGGTATGAGCAGTTCTTCGGGCCA"	"CSAYSGPRGYEQFF"	NA	"TCRBD1-1*1"	"TCRBJ2-1*1"	48	59	66	67	11	1	NA	NA	"GTGACCAGTGCCCATCCTGAAGACAGCAGCTTCTACATCTGCAGTGCTTATAGCGGCCCCAGGGGGTATGAGCAGTTCTTCGGGCCA"	FALSE	TRUE	NA	NA	NA	NA
"TCTCTGGAGCTGGGGGACTCAGCTTTGTATTTCTGTGCCAGCAGCCCCCCCGGAGCTAGCGGGAGGAATGAGCAGTTCTTCGGGCCA"	"CASSPPGASGRNEQFF"	"TCTCTGGAGCTGGGGGACTCAGCTTTGTATTTCTGTGCCAGCAGCCCCCCCGGAGCTAGCGGGAGGAATGAGCAGTTCTTCGGGCCA"	"CASSPPGASGRNEQFF"	"TCRBV9-1*1"	"TCRBD2-1*2"	"TCRBJ2-1*1"	45	55	-1	66	10	67	NA	NA	"TCTCTGGAGCTGGGGGACTCAGCTTTGTATTTCTGTGCCAGCAGCCCCCCCGGAGCTAGCGGGAGGAATGAGCAGTTCTTCGGGCCA"	FALSE	TRUE	NA	NA	NA	NA
"GTCCACGGAGTCAGGGGACACAGCACTGTATTTCTGTGCCAGCAGCAAAGTATAACAGGGGTGAGAGATACGCAGTATTTTGGCCCA"	""	"GTCCACGGAGTCAGGGGACACAGCACTGTATTTCTGTGCCAGCAGCAAAGTATAACAGGGGTGAGAGATACGCAGTATTTTGGCCCA"	""	"TCRBV21-1*1"	"TCRBD1-1*1"	"TCRBJ2-3*1"	50	54	61	65	4	4	NA	NA	"GTCCACGGAGTCAGGGGACACAGCACTGTATTTCTGTGCCAGCAGCAAAGTATAACAGGGGTGAGAGATACGCAGTATTTTGGCCCA"	FALSE	FALSE	NA	NA	NA	NA
"GTGAGCACCTTGGAGCTGGGGGACTCGGCCCTTTATCTTTGCGCCAGCAGCTTGTATGGCAGGGGACAGCCCCAGCATTTTGGTGAT"	"CASSLYGRGQPQHF"	"GTGAGCACCTTGGAGCTGGGGGACTCGGCCCTTTATCTTTGCGCCAGCAGCTTGTATGGCAGGGGACAGCCCCAGCATTTTGGTGAT"	"CASSLYGRGQPQHF"	"TCRBV5-1*1"	"TCRBD1-1*1"	"TCRBJ1-5*1"	54	59	65	66	5	1	NA	NA	"GTGAGCACCTTGGAGCTGGGGGACTCGGCCCTTTATCTTTGCGCCAGCAGCTTGTATGGCAGGGGACAGCCCCAGCATTTTGGTGAT"	FALSE	TRUE	NA	NA	NA	NA
"TGAAGATCCAGCGCACACAGCAGGAGGACTCCGCCGTGTATCTCTGTGCCAGCAGCTTAGCCGAAAGAGACCCAGTACTTCGGGCCA"	""	"TGAAGATCCAGCGCACACAGCAGGAGGACTCCGCCGTGTATCTCTGTGCCAGCAGCTTAGCCGAAAGAGACCCAGTACTTCGGGCCA"	""	"TCRBV7-8*1"	NA	"TCRBJ2-5*1"	61	62	-1	64	1	65	NA	NA	"TGAAGATCCAGCGCACACAGCAGGAGGACTCCGCCGTGTATCTCTGTGCCAGCAGCTTAGCCGAAAGAGACCCAGTACTTCGGGCCA"	FALSE	FALSE	NA	NA	NA	NA
"AGCAACATGAGCCCTGAAGACAGCAGCATATATCTCTGCAGCGTTGGGGCTAGCGGGAGTATCAACAATGAGCAGTTCTTCGGGCCA"	"CSVGASGSINNEQFF"	"AGCAACATGAGCCCTGAAGACAGCAGCATATATCTCTGCAGCGTTGGGGCTAGCGGGAGTATCAACAATGAGCAGTTCTTCGGGCCA"	"CSVGASGSINNEQFF"	"TCRBV29-1"	"TCRBD2-1*2"	"TCRBJ2-1*1"	46	49	59	64	3	5	NA	NA	"AGCAACATGAGCCCTGAAGACAGCAGCATATATCTCTGCAGCGTTGGGGCTAGCGGGAGTATCAACAATGAGCAGTTCTTCGGGCCA"	FALSE	TRUE	NA	NA	NA	NA
"GAGTCGCCCAGCCCCAACCAGACCTCTCTGTACTTCTGTGCCAGCAGCCTTACATCGGGCTTAAGGGAGACCCAGTACTTCGGGCCA"	"CASSLTSGLRETQYF"	"GAGTCGCCCAGCCCCAACCAGACCTCTCTGTACTTCTGTGCCAGCAGCCTTACATCGGGCTTAAGGGAGACCCAGTACTTCGGGCCA"	"CASSLTSGLRETQYF"	"TCRBV27-1*1"	NA	"TCRBJ2-5*1"	47	56	60	66	9	6	NA	NA	"GAGTCGCCCAGCCCCAACCAGACCTCTCTGTACTTCTGTGCCAGCAGCCTTACATCGGGCTTAAGGGAGACCCAGTACTTCGGGCCA"	FALSE	TRUE	NA	NA	NA	NA
"GCTCCCTCCCAGACATCTGTGTACTTCTGTGCCAGCAGTTACGCACAAAATTGGGGGGCTCGGTACAATGAGCAGTTCTTCGGGCCA"	"CASSYAQNWGARYNEQFF"	"GCTCCCTCCCAGACATCTGTGTACTTCTGTGCCAGCAGTTACGCACAAAATTGGGGGGCTCGGTACAATGAGCAGTTCTTCGGGCCA"	"CASSYAQNWGARYNEQFF"	NA	NA	"TCRBJ2-1*1"	42	53	59	63	11	4	NA	NA	"GCTCCCTCCCAGACATCTGTGTACTTCTGTGCCAGCAGTTACGCACAAAATTGGGGGGCTCGGTACAATGAGCAGTTCTTCGGGCCA"	FALSE	TRUE	NA	NA	NA	NA
"CTACACGCCCTGCAGCCAGAAGACTCAGCCCTGTATCTCTGCGCCAGCAGCCAAGATGGGGAAGACTATGGCTACACCTTCGGTTCG"	"CASSQDGEDYGYTF"	"CTACACGCCCTGCAGCCAGAAGACTCAGCCCTGTATCTCTGCGCCAGCAGCCAAGATGGGGAAGACTATGGCTACACCTTCGGTTCG"	"CASSQDGEDYGYTF"	"TCRBV4-1*1"	NA	"TCRBJ1-2*1"	56	58	62	64	2	2	NA	NA	"CTACACGCCCTGCAGCCAGAAGACTCAGCCCTGTATCTCTGCGCCAGCAGCCAAGATGGGGAAGACTATGGCTACACCTTCGGTTCG"	FALSE	TRUE	NA	NA	NA	NA
"TCCCTAGAGTCTGCCATCCCCAACCAGACAGCTCTTTACTTCTGTGCCACCAGTGATCGAACGACTAGTACGCAGTTCTTCGGGCCA"	"CATSDRTTSTQFF"	"TCCCTAGAGTCTGCCATCCCCAACCAGACAGCTCTTTACTTCTGTGCCACCAGTGATCGAACGACTAGTACGCAGTTCTTCGGGCCA"	"CATSDRTTSTQFF"	"TCRBV24-1*1"	"TCRBD2-1"	"TCRBJ2-1*1"	57	62	68	71	5	3	NA	NA	"TCCCTAGAGTCTGCCATCCCCAACCAGACAGCTCTTTACTTCTGTGCCACCAGTGATCGAACGACTAGTACGCAGTTCTTCGGGCCA"	FALSE	TRUE	NA	NA	NA	NA
"AGCGCACAGAGCAGCGGGACTCGGCCATGTATCGCTGTGCCAGCAGTTCAGACTAGCGGGAGACCTGGCGAGCAGTACTTCGGGCCG"	""	"AGCGCACAGAGCAGCGGGACTCGGCCATGTATCGCTGTGCCAGCAGTTCAGACTAGCGGGAGACCTGGCGAGCAGTACTTCGGGCCG"	""	"TCRBV7-6*1"	"TCRBD2-1*2"	"TCRBJ2-7*1"	46	50	62	68	4	6	NA	NA	"AGCGCACAGAGCAGCGGGACTCGGCCATGTATCGCTGTGCCAGCAGTTCAGACTAGCGGGAGACCTGGCGAGCAGTACTTCGGGCCG"	FALSE	FALSE	NA	NA	NA	NA
"AGGATCCAGCAGGTAGTGCGAGGAGATTCGGCAGCTTATTTCTGTGCCAGCTCCCGACCGGGACAGGGCTTCGACACCTTCGGTTCG"	"CASSRPGQGFDTF"	"AGGATCCAGCAGGTAGTGCGAGGAGATTCGGCAGCTTATTTCTGTGCCAGCTCCCGACCGGGACAGGGCTTCGACACCTTCGGTTCG"	"CASSRPGQGFDTF"	"TCRBV18-1*1"	"TCRBD1-1*1"	"TCRBJ1-2*1"	53	59	68	73	6	5	NA	NA	"AGGATCCAGCAGGTAGTGCGAGGAGATTCGGCAGCTTATTTCTGTGCCAGCTCCCGACCGGGACAGGGCTTCGACACCTTCGGTTCG"	FALSE	TRUE	NA	NA	NA	NA
"CAGCGCACAGAGCAGGGGGACTCGGCCATGTATCTCTGTGCCAGCGAGGCAGGCGATGCGCAGGCCACTGAAGCTTTCTTTGGACAA"	"CASEAGDAQATEAFF"	"CAGCGCACAGAGCAGGGGGACTCGGCCATGTATCTCTGTGCCAGCGAGGCAGGCGATGCGCAGGCCACTGAAGCTTTCTTTGGACAA"	"CASEAGDAQATEAFF"	"TCRBV7-9"	NA	"TCRBJ1-1*1"	45	49	53	65	4	12	NA	NA	"CAGCGCACAGAGCAGGGGGACTCGGCCATGTATCTCTGTGCCAGCGAGGCAGGCGATGCGCAGGCCACTGAAGCTTTCTTTGGACAA"	FALSE	TRUE	NA	NA	NA	NA
"TCGCCCAGCCCCAACCAGACCTCTCTGTACTTCTGTGCCAGCACCCGCGGGATTGCGGGAACAGGCAATGAGCAGTTCTTCGGGCCA"	"CASTRGIAGTGNEQFF"	"TCGCCCAGCCCCAACCAGACCTCTCTGTACTTCTGTGCCAGCACCCGCGGGATTGCGGGAACAGGCAATGAGCAGTTCTTCGGGCCA"	"CASTRGIAGTGNEQFF"	"TCRBV27-1*1"	"TCRBD2-1*2"	"TCRBJ2-1*1"	43	46	52	65	3	13	NA	NA	"TCGCCCAGCCCCAACCAGACCTCTCTGTACTTCTGTGCCAGCACCCGCGGGATTGCGGGAACAGGCAATGAGCAGTTCTTCGGGCCA"	FALSE	TRUE	NA	NA	NA	NA
"GTGACATCGGCCCAAAAGAACCCGACAGCTTTCTATCTCTGTGCCAGTAGTATAGGAGGATTGTCCTACGAGCAGTACTTCGGGCCG"	"CASSIGGLSYEQYF"	"GTGACATCGGCCCAAAAGAACCCGACAGCTTTCTATCTCTGTGCCAGTAGTATAGGAGGATTGTCCTACGAGCAGTACTTCGGGCCG"	"CASSIGGLSYEQYF"	"TCRBV19-1*1"	"TCRBD2-1*2"	"TCRBJ2-7*1"	-1	55	59	63	56	4	NA	NA	"GTGACATCGGCCCAAAAGAACCCGACAGCTTTCTATCTCTGTGCCAGTAGTATAGGAGGATTGTCCTACGAGCAGTACTTCGGGCCG"	FALSE	TRUE	NA	NA	NA	NA
"GGACTCGGCCCTGTATCTCTGTGCCAGCTCCCATGGTCACTTAGGGAAGCAGTCGCCAGACGGTACAATGAGCAGTTCTTCGGGCCA"	""	"GGACTCGGCCCTGTATCTCTGTGCCAGCTCCCATGGTCACTTAGGGAAGCAGTCGCCAGACGGTACAATGAGCAGTTCTTCGGGCCA"	""	"TCRBV4-2*2"	NA	"TCRBJ2-1*1"	33	43	47	63	10	16	NA	NA	"GGACTCGGCCCTGTATCTCTGTGCCAGCTCCCATGGTCACTTAGGGAAGCAGTCGCCAGACGGTACAATGAGCAGTTCTTCGGGCCA"	FALSE	FALSE	NA	NA	NA	NA
"NNNNTGAAGATCCAGCCCTCAGAACCCAGGGACTCAGCTGTGTACTTCTGTGCCAGCAGTTGGGGTAGGGAAACTTTCTTTGGACAA"	"CASSWGRETFF"	"NNNNTGAAGATCCAGCCCTCAGAACCCAGGGACTCAGCTGTGTACTTCTGTGCCAGCAGTTGGGGTAGGGAAACTTTCTTTGGACAA"	"CASSWGRETFF"	"TCRBV12-3/12-4*1"	NA	"TCRBJ1-1*1"	61	67	71	73	6	2	NA	NA	"NNNNTGAAGATCCAGCCCTCAGAACCCAGGGACTCAGCTGTGTACTTCTGTGCCAGCAGTTGGGGTAGGGAAACTTTCTTTGGACAA"	FALSE	TRUE	NA	NA	NA	NA
"AGCTGGGGGACTCAGCTTTGTATTTCTGTGCCAGCAGCGTAGGGGACTAGCGGGAGGAGGGCCAAAAACATTCAGTACTTCGGCGCC"	""	"AGCTGGGGGACTCAGCTTTGTATTTCTGTGCCAGCAGCGTAGGGGACTAGCGGGAGGAGGGCCAAAAACATTCAGTACTTCGGCGCC"	""	"TCRBV9-1*1"	"TCRBD2-1*2"	"TCRBJ2-4*1"	-1	42	57	60	43	3	NA	NA	"AGCTGGGGGACTCAGCTTTGTATTTCTGTGCCAGCAGCGTAGGGGACTAGCGGGAGGAGGGCCAAAAACATTCAGTACTTCGGCGCC"	FALSE	FALSE	NA	NA	NA	NA
"CGCCTTGGAGCTGGACGACTCGGCCCTGTATCTCTGTGCCAGCAGCCTTAGCGGACGAGCTCCTACAATGAGCAGTTCTTCGGGCCA"	""	"CGCCTTGGAGCTGGACGACTCGGCCCTGTATCTCTGTGCCAGCAGCCTTAGCGGACGAGCTCCTACAATGAGCAGTTCTTCGGGCCA"	""	"TCRBV5-4*1"	"TCRBD2-1"	"TCRBJ2-1*1"	46	48	54	59	2	5	NA	NA	"CGCCTTGGAGCTGGACGACTCGGCCCTGTATCTCTGTGCCAGCAGCCTTAGCGGACGAGCTCCTACAATGAGCAGTTCTTCGGGCCA"	FALSE	FALSE	NA	NA	NA	NA
"ATCCAGCGCACAGAGCAGGAGGACTCGGCCGTGTATCTCTGTGCCAGCAGCTCTTACCAAAGTGCCTACGAGCAGTACTTCGGGCCG"	"CASSSYQSAYEQYF"	"ATCCAGCGCACAGAGCAGGAGGACTCGGCCGTGTATCTCTGTGCCAGCAGCTCTTACCAAAGTGCCTACGAGCAGTACTTCGGGCCG"	"CASSSYQSAYEQYF"	"TCRBV7-2"	NA	"TCRBJ2-7*1"	52	55	57	64	3	7	NA	NA	"ATCCAGCGCACAGAGCAGGAGGACTCGGCCGTGTATCTCTGTGCCAGCAGCTCTTACCAAAGTGCCTACGAGCAGTACTTCGGGCCG"	FALSE	TRUE	NA	NA	NA	NA
"AGCACCTTGGAGCTGGGGGACTCGGCCCTTTATCTTTGCGCCAGCAAAGATAACGCAAATAGCAATCAGCCCCAGCATTTTGGTGAT"	"CASKDNANSNQPQHF"	"AGCACCTTGGAGCTGGGGGACTCGGCCCTTTATCTTTGCGCCAGCAAAGATAACGCAAATAGCAATCAGCCCCAGCATTTTGGTGAT"	"CASKDNANSNQPQHF"	"TCRBV5-1*1"	NA	"TCRBJ1-5*1"	46	48	50	59	2	9	NA	NA	"AGCACCTTGGAGCTGGGGGACTCGGCCCTTTATCTTTGCGCCAGCAAAGATAACGCAAATAGCAATCAGCCCCAGCATTTTGGTGAT"	FALSE	TRUE	NA	NA	NA	NA
"CTGGAGTCCGCTACCAGCTCCCAGACATCTGTGTACTTCTGTGCCATCAGTGAGGACAGGGAGGGTCAGCCCCAGCATTTTGGTGAT"	"CAISEDREGQPQHF"	"CTGGAGTCCGCTACCAGCTCCCAGACATCTGTGTACTTCTGTGCCATCAGTGAGGACAGGGAGGGTCAGCCCCAGCATTTTGGTGAT"	"CAISEDREGQPQHF"	"TCRBV1-3*1"	NA	"TCRBJ1-5*1"	-1	54	61	65	55	4	NA	NA	"CTGGAGTCCGCTACCAGCTCCCAGACATCTGTGTACTTCTGTGCCATCAGTGAGGACAGGGAGGGTCAGCCCCAGCATTTTGGTGAT"	FALSE	TRUE	NA	NA	NA	NA
"ATCCTGGAGTCGCCCAGCCCCAACCAGACCTCTCTGTACTTCTGTGCCAGCAGTCCCCGCCGAGTAGAGACCCAGTACTTCGGGCCA"	"CASSPRRVETQYF"	"ATCCTGGAGTCGCCCAGCCCCAACCAGACCTCTCTGTACTTCTGTGCCAGCAGTCCCCGCCGAGTAGAGACCCAGTACTTCGGGCCA"	"CASSPRRVETQYF"	"TCRBV27-1*1"	"TCRBD2-1*2"	"TCRBJ2-5*1"	54	61	64	65	7	1	NA	NA	"ATCCTGGAGTCGCCCAGCCCCAACCAGACCTCTCTGTACTTCTGTGCCAGCAGTCCCCGCCGAGTAGAGACCCAGTACTTCGGGCCA"	FALSE	TRUE	NA	NA	NA	NA
"CCCAGCCCCAACCAGACCTCTCTGTACTTCTGTGCCAGCAGTTTAACCCCTCTTCCCTATAGCACAGATACGCAGTATTTTGGCCCA"	"CASSLTPLPYSTDTQYF"	"CCCAGCCCCAACCAGACCTCTCTGTACTTCTGTGCCAGCAGTTTAACCCCTCTTCCCTATAGCACAGATACGCAGTATTTTGGCCCA"	"CASSLTPLPYSTDTQYF"	"TCRBV27-1*1"	"TCRBD2-1"	"TCRBJ2-3*1"	45	56	59	60	11	1	NA	NA	"CCCAGCCCCAACCAGACCTCTCTGTACTTCTGTGCCAGCAGTTTAACCCCTCTTCCCTATAGCACAGATACGCAGTATTTTGGCCCA"	FALSE	TRUE	NA	NA	NA	NA
"AGCTCTCTGGAGCTGGGGGACTCAGCTTTGTATTTCTGTGCCAGCAGCGAGGGGAAGGGACAGCACTATGGCTACACCTTCGGTTCG"	"CASSEGKGQHYGYTF"	"AGCTCTCTGGAGCTGGGGGACTCAGCTTTGTATTTCTGTGCCAGCAGCGAGGGGAAGGGACAGCACTATGGCTACACCTTCGGTTCG"	"CASSEGKGQHYGYTF"	"TCRBV9-1*1"	"TCRBD1-1*1"	"TCRBJ1-2*1"	49	56	63	64	7	1	NA	NA	"AGCTCTCTGGAGCTGGGGGACTCAGCTTTGTATTTCTGTGCCAGCAGCGAGGGGAAGGGACAGCACTATGGCTACACCTTCGGTTCG"	FALSE	TRUE	NA	NA	NA	NA
"NNNNCTCTGAAGATCCGGTCCACAAAGCTGGAGGACTCAGCCATGTACTTCTGTGCCAGCAGTTGGGACGAGCAGTACTTCGGGCCG"	"CASSWDEQYF"	"NNNNCTCTGAAGATCCGGTCCACAAAGCTGGAGGACTCAGCCATGTACTTCTGTGCCAGCAGTTGGGACGAGCAGTACTTCGGGCCG"	"CASSWDEQYF"	"TCRBV2-1"	NA	"TCRBJ2-7*1"	63	64	-1	67	1	68	NA	NA	"NNNNCTCTGAAGATCCGGTCCACAAAGCTGGAGGACTCAGCCATGTACTTCTGTGCCAGCAGTTGGGACGAGCAGTACTTCGGGCCG"	FALSE	TRUE	NA	NA	NA	NA
"AGAGCGGGGGGACTCAGCCGTGTATCTCTGTGCCAGCAGCCTTTTTGGGGCCTGGGCGGGAGTTGGTACGAGCAGTACTTCGGGCCG"	""	"AGAGCGGGGGGACTCAGCCGTGTATCTCTGTGCCAGCAGCCTTTTTGGGGCCTGGGCGGGAGTTGGTACGAGCAGTACTTCGGGCCG"	""	"TCRBV7-3*1"	"TCRBD2-1*2"	"TCRBJ2-7*1"	40	55	62	66	15	4	NA	NA	"AGAGCGGGGGGACTCAGCCGTGTATCTCTGTGCCAGCAGCCTTTTTGGGGCCTGGGCGGGAGTTGGTACGAGCAGTACTTCGGGCCG"	FALSE	FALSE	NA	NA	NA	NA
"ATCCGGTCCACAAAGCTGGAGGACTCAGCCATGTACTTCTGTGCCAGCAGTGAGAATTCAGGGGCCGGGGAGCTGTTTTTTGGAGAA"	"CASSENSGAGELFF"	"ATCCGGTCCACAAAGCTGGAGGACTCAGCCATGTACTTCTGTGCCAGCAGTGAGAATTCAGGGGCCGGGGAGCTGTTTTTTGGAGAA"	"CASSENSGAGELFF"	"TCRBV2-1"	"TCRBD1-1*1"	"TCRBJ2-2*1"	53	58	-1	64	5	65	NA	NA	"ATCCGGTCCACAAAGCTGGAGGACTCAGCCATGTACTTCTGTGCCAGCAGTGAGAATTCAGGGGCCGGGGAGCTGTTTTTTGGAGAA"	FALSE	TRUE	NA	NA	NA	NA
"CTGGGGGACTCAGCTTTGTATTTCTGTGCCAGCAGCAAGACTAGCGGGAGGACTAGCGGGATCCAAGAGACCCAGTACTTCGGGCCA"	"CASSKTSGRTSGIQETQYF"	"CTGGGGGACTCAGCTTTGTATTTCTGTGCCAGCAGCAAGACTAGCGGGAGGACTAGCGGGATCCAAGAGACCCAGTACTTCGGGCCA"	"CASSKTSGRTSGIQETQYF"	"TCRBV9-1*1"	"TCRBD2-1*2"	"TCRBJ2-5*1"	-1	51	61	62	52	1	NA	NA	"CTGGGGGACTCAGCTTTGTATTTCTGTGCCAGCAGCAAGACTAGCGGGAGGACTAGCGGGATCCAAGAGACCCAGTACTTCGGGCCA"	FALSE	TRUE	NA	NA	NA	NA
"GAGCGGGGGGACTCAGCCGTGTATCTCTGTGCCAGCAGCTTGATAGCGACAGGGACCCTTTCCTACAATGAGCAGTTCTTCGGGCCA"	"CASSLIATGTLSYNEQFF"	"GAGCGGGGGGACTCAGCCGTGTATCTCTGTGCCAGCAGCTTGATAGCGACAGGGACCCTTTCCTACAATGAGCAGTTCTTCGGGCCA"	"CASSLIATGTLSYNEQFF"	"TCRBV7-3*1"	"TCRBD1-1*1"	"TCRBJ2-1*1"	41	47	54	60	6	6	NA	NA	"GAGCGGGGGGACTCAGCCGTGTATCTCTGTGCCAGCAGCTTGATAGCGACAGGGACCCTTTCCTACAATGAGCAGTTCTTCGGGCCA"	FALSE	TRUE	NA	NA	NA	NA
"TCCGCCAGCACCAACCAGACATCTATGTACCTCTGTGCCAGCAGTTTACCGCAGGGTTTAAGTAATTCACCCCTCCACTTTGGGAAT"	"CASSLPQGLSNSPLHF"	"TCCGCCAGCACCAACCAGACATCTATGTACCTCTGTGCCAGCAGTTTACCGCAGGGTTTAAGTAATTCACCCCTCCACTTTGGGAAT"	"CASSLPQGLSNSPLHF"	"TCRBV28-1*1"	"TCRBD1-1*1"	"TCRBJ1-6*1"	48	51	56	62	3	6	NA	NA	"TCCGCCAGCACCAACCAGACATCTATGTACCTCTGTGCCAGCAGTTTACCGCAGGGTTTAAGTAATTCACCCCTCCACTTTGGGAAT"	FALSE	TRUE	NA	NA	NA	NA
"ATCAATTCCCTGGAGCTTGGTGACTCTGCTGTGTATTTCTGTGCCAGCAGCCCGAGCGGGAACTCCTACGAGCAGTACTTCGGGCCG"	"CASSPSGNSYEQYF"	"ATCAATTCCCTGGAGCTTGGTGACTCTGCTGTGTATTTCTGTGCCAGCAGCCCGAGCGGGAACTCCTACGAGCAGTACTTCGGGCCG"	"CASSPSGNSYEQYF"	"TCRBV3-1/3-2*1"	"TCRBD2-1*2"	"TCRBJ2-7*1"	52	54	61	62	2	1	NA	NA	"ATCAATTCCCTGGAGCTTGGTGACTCTGCTGTGTATTTCTGTGCCAGCAGCCCGAGCGGGAACTCCTACGAGCAGTACTTCGGGCCG"	FALSE	TRUE	NA	NA	NA	NA
"AGGATCCAGCAGGTAGTGCGAGGAGATTCGGCAGCTTATTTCTGTGCCAGCTCACCGGGTAACACCGGGGAGCTGTTTTTTGGAGAA"	"CASSPGNTGELFF"	"AGGATCCAGCAGGTAGTGCGAGGAGATTCGGCAGCTTATTTCTGTGCCAGCTCACCGGGTAACACCGGGGAGCTGTTTTTTGGAGAA"	"CASSPGNTGELFF"	"TCRBV18-1*1"	NA	"TCRBJ2-2*1"	-1	56	59	60	57	1	NA	NA	"AGGATCCAGCAGGTAGTGCGAGGAGATTCGGCAGCTTATTTCTGTGCCAGCTCACCGGGTAACACCGGGGAGCTGTTTTTTGGAGAA"	FALSE	TRUE	NA	NA	NA	NA
"GGAGATTCGGCAGCTTATTTCTGTGCCAGCTCACCTTTGATGACTAGCGGGAGTAATTTTCGTATCAATGAGCAGTTCTTCGGGCCA"	"CASSPLMTSGSNFRINEQFF"	"GGAGATTCGGCAGCTTATTTCTGTGCCAGCTCACCTTTGATGACTAGCGGGAGTAATTTTCGTATCAATGAGCAGTTCTTCGGGCCA"	"CASSPLMTSGSNFRINEQFF"	"TCRBV18-1*1"	"TCRBD2-1*2"	"TCRBJ2-1*1"	35	41	53	65	6	12	NA	NA	"GGAGATTCGGCAGCTTATTTCTGTGCCAGCTCACCTTTGATGACTAGCGGGAGTAATTTTCGTATCAATGAGCAGTTCTTCGGGCCA"	FALSE	TRUE	NA	NA	NA	NA
"ATCCAGCGCACAGAGCAGCGGGACTCGGCCATGTATCGCTGTGCCAGCAGCTTAGCTGGCAGCTACACTGAAGCTTTCTTTGGACAA"	"CASSLAGSYTEAFF"	"ATCCAGCGCACAGAGCAGCGGGACTCGGCCATGTATCGCTGTGCCAGCAGCTTAGCTGGCAGCTACACTGAAGCTTTCTTTGGACAA"	"CASSLAGSYTEAFF"	"TCRBV7-6*1"	NA	"TCRBJ1-1*1"	56	59	62	64	3	2	NA	NA	"ATCCAGCGCACAGAGCAGCGGGACTCGGCCATGTATCGCTGTGCCAGCAGCTTAGCTGGCAGCTACACTGAAGCTTTCTTTGGACAA"	FALSE	TRUE	NA	NA	NA	NA
"ACGCCTTGTTGCTGGGGGACTCGGCCCTCTATCTCTGTGCCAGCAGCCCGAGCCGGGAAAAGGTCCTACGAGCAGTACTTCGGGCCG"	""	"ACGCCTTGTTGCTGGGGGACTCGGCCCTCTATCTCTGTGCCAGCAGCCCGAGCCGGGAAAAGGTCCTACGAGCAGTACTTCGGGCCG"	""	"TCRBV5-6*1"	"TCRBD2-1*2"	"TCRBJ2-7*1"	47	53	58	63	6	5	NA	NA	"ACGCCTTGTTGCTGGGGGACTCGGCCCTCTATCTCTGTGCCAGCAGCCCGAGCCGGGAAAAGGTCCTACGAGCAGTACTTCGGGCCG"	FALSE	FALSE	NA	NA	NA	NA
"ACCAGTGCCCATCCTGAAGACAGCAGCTTCTACATCTGCAGTGCTAAACAACATCAGGGGTATAATTCACCCCTCCACTTTGGGAAT"	"CSAKQHQGYNSPLHF"	"ACCAGTGCCCATCCTGAAGACAGCAGCTTCTACATCTGCAGTGCTAAACAACATCAGGGGTATAATTCACCCCTCCACTTTGGGAAT"	"CSAKQHQGYNSPLHF"	NA	"TCRBD1-1*1"	"TCRBJ1-6*1"	46	54	-1	60	8	61	NA	NA	"ACCAGTGCCCATCCTGAAGACAGCAGCTTCTACATCTGCAGTGCTAAACAACATCAGGGGTATAATTCACCCCTCCACTTTGGGAAT"	FALSE	TRUE	NA	NA	NA	NA
"CTCTGACAGTGACCAGTGCCCATCCTGAAGACAGCAGCTTCTACATCTGCAGATCGGACAGAAGATCAGCCCCAGCATTTTGGTGAT"	""	"CTCTGACAGTGACCAGTGCCCATCCTGAAGACAGCAGCTTCTACATCTGCAGATCGGACAGAAGATCAGCCCCAGCATTTTGGTGAT"	""	NA	"TCRBD1-1*1"	"TCRBJ1-5*1"	52	55	61	64	3	3	NA	NA	"CTCTGACAGTGACCAGTGCCCATCCTGAAGACAGCAGCTTCTACATCTGCAGATCGGACAGAAGATCAGCCCCAGCATTTTGGTGAT"	FALSE	FALSE	NA	NA	NA	NA
"CAGGTAGTGCGAGGAGATTCGGCAGCTTATTTCTGTGCCAGCTCACCAATAGGAGTCCCAACACCCTATGGCTACACCTTCGGTTCG"	"CASSPIGVPTPYGYTF"	"CAGGTAGTGCGAGGAGATTCGGCAGCTTATTTCTGTGCCAGCTCACCAATAGGAGTCCCAACACCCTATGGCTACACCTTCGGTTCG"	"CASSPIGVPTPYGYTF"	"TCRBV18-1*1"	"TCRBD2-1*2"	"TCRBJ1-2*1"	48	51	55	65	3	10	NA	NA	"CAGGTAGTGCGAGGAGATTCGGCAGCTTATTTCTGTGCCAGCTCACCAATAGGAGTCCCAACACCCTATGGCTACACCTTCGGTTCG"	FALSE	TRUE	NA	NA	NA	NA
"ATCCGCTCACCAGGCCTGGGGGACGCAGCCATGTACCTGTGTGCCACCAGCAGAGTGGACGGTAATCAGCCCCAGCATTTTGGTGAT"	"CATSRVDGNQPQHF"	"ATCCGCTCACCAGGCCTGGGGGACGCAGCCATGTACCTGTGTGCCACCAGCAGAGTGGACGGTAATCAGCCCCAGCATTTTGGTGAT"	"CATSRVDGNQPQHF"	"TCRBV15-1*2"	NA	"TCRBJ1-5*1"	55	56	60	63	1	3	NA	NA	"ATCCGCTCACCAGGCCTGGGGGACGCAGCCATGTACCTGTGTGCCACCAGCAGAGTGGACGGTAATCAGCCCCAGCATTTTGGTGAT"	FALSE	TRUE	NA	NA	NA	NA
"ACGCCTTGTTGCTGGGGGACTCGGCCCTCTATCTCTGTGCCAGCAGCTTCCCTAGGACTAGTCGGAGATACGCAGTATTTTGGCCCA"	""	"ACGCCTTGTTGCTGGGGGACTCGGCCCTCTATCTCTGTGCCAGCAGCTTCCCTAGGACTAGTCGGAGATACGCAGTATTTTGGCCCA"	""	"TCRBV5-6*1"	"TCRBD2-1"	"TCRBJ2-3*1"	49	54	61	65	5	4	NA	NA	"ACGCCTTGTTGCTGGGGGACTCGGCCCTCTATCTCTGTGCCAGCAGCTTCCCTAGGACTAGTCGGAGATACGCAGTATTTTGGCCCA"	FALSE	FALSE	NA	NA	NA	NA
"GTGAACGCCTTGGAGCTGGACGACTCGGCCCTGTATCTCTGTGCCAGCAGCTCTGAGAGCGGAAAAGAGACCCAGTACTTCGGGCCA"	"CASSSESGKETQYF"	"GTGAACGCCTTGGAGCTGGACGACTCGGCCCTGTATCTCTGTGCCAGCAGCTCTGAGAGCGGAAAAGAGACCCAGTACTTCGGGCCA"	"CASSSESGKETQYF"	"TCRBV5-4*1"	"TCRBD2-1"	"TCRBJ2-5*1"	52	57	62	64	5	2	NA	NA	"GTGAACGCCTTGGAGCTGGACGACTCGGCCCTGTATCTCTGTGCCAGCAGCTCTGAGAGCGGAAAAGAGACCCAGTACTTCGGGCCA"	FALSE	TRUE	NA	NA	NA	NA
"TGCCCATCCTGAAGACAGCAGCTTCTACATCTGCAGTGCTAGGTGGCCGACGGGACACCCAACACCGGGGAGCTGTTTTTTGGAGAA"	""	"TGCCCATCCTGAAGACAGCAGCTTCTACATCTGCAGTGCTAGGTGGCCGACGGGACACCCAACACCGGGGAGCTGTTTTTTGGAGAA"	""	NA	"TCRBD1-1*1"	"TCRBJ2-2*1"	42	51	57	60	9	3	NA	NA	"TGCCCATCCTGAAGACAGCAGCTTCTACATCTGCAGTGCTAGGTGGCCGACGGGACACCCAACACCGGGGAGCTGTTTTTTGGAGAA"	FALSE	FALSE	NA	NA	NA	NA
"ACTGTGAGCAACATGAGCCCTGAAGACAGCAGCATATATCTCTGCAGCGCCGAGGGGAGGAGCACAGATACGCAGTATTTTGGCCCA"	"CSAEGRSTDTQYF"	"ACTGTGAGCAACATGAGCCCTGAAGACAGCAGCATATATCTCTGCAGCGCCGAGGGGAGGAGCACAGATACGCAGTATTTTGGCCCA"	"CSAEGRSTDTQYF"	"TCRBV29-1*3"	"TCRBD2-1*2"	"TCRBJ2-3*1"	50	54	-1	60	4	61	NA	NA	"ACTGTGAGCAACATGAGCCCTGAAGACAGCAGCATATATCTCTGCAGCGCCGAGGGGAGGAGCACAGATACGCAGTATTTTGGCCCA"	FALSE	TRUE	NA	NA	NA	NA
"TGTTTGGGTTGTTCCTTCCAAACATCTGTGTACTTCTGTGCCAGCAGGCCAATTCAGCGGGCCCCTGGGACCCAGTACTTCGGGCCA"	"CASRPIQRAPGTQYF"	"TGTTTGGGTTGTTCCTTCCAAACATCTGTGTACTTCTGTGCCAGCAGGCCAATTCAGCGGGCCCCTGGGACCCAGTACTTCGGGCCA"	"CASRPIQRAPGTQYF"	NA	"TCRBD2-1"	"TCRBJ2-5*1"	47	55	61	68	8	7	NA	NA	"TGTTTGGGTTGTTCCTTCCAAACATCTGTGTACTTCTGTGCCAGCAGGCCAATTCAGCGGGCCCCTGGGACCCAGTACTTCGGGCCA"	FALSE	TRUE	NA	NA	NA	NA
"GAAGCTCCTTCTCAGTGACTCTGGCTTCTATCTCTGTGCCTGGAGTTCCCGGACTAGCGGGATAGCAATGAGCAGTTCTTCGGGCCA"	""	"GAAGCTCCTTCTCAGTGACTCTGGCTTCTATCTCTGTGCCTGGAGTTCCCGGACTAGCGGGATAGCAATGAGCAGTTCTTCGGGCCA"	""	"TCRBV3-1*1"	"TCRBD2-1*2"	"TCRBJ2-1*1"	46	50	62	65	4	3	NA	NA	"GAAGCTCCTTCTCAGTGACTCTGGCTTCTATCTCTGTGCCTGGAGTTCCCGGACTAGCGGGATAGCAATGAGCAGTTCTTCGGGCCA"	FALSE	FALSE	NA	NA	NA	NA
"AATGTGAGCACCTTGGAGCTGGGGGACTCGGCCCTTTATCTTTGCGCCAGCGCCTTAGGTTGGGGCACTGAAGCTTTCTTTGGACAA"	"CASALGWGTEAFF"	"AATGTGAGCACCTTGGAGCTGGGGGACTCGGCCCTTTATCTTTGCGCCAGCGCCTTAGGTTGGGGCACTGAAGCTTTCTTTGGACAA"	"CASALGWGTEAFF"	"TCRBV5-1*1"	NA	"TCRBJ1-1*1"	51	61	-1	65	10	66	NA	NA	"AATGTGAGCACCTTGGAGCTGGGGGACTCGGCCCTTTATCTTTGCGCCAGCGCCTTAGGTTGGGGCACTGAAGCTTTCTTTGGACAA"	FALSE	TRUE	NA	NA	NA	NA
"GTGACCAGTGCCCATCCTGAAGACAGCAGCTTCTACATCTGCAGTGCGGAGAAGCGGGAGTTGGTAGATACGCAGTATTTTGGCCCA"	"CSAEKRELVDTQYF"	"GTGACCAGTGCCCATCCTGAAGACAGCAGCTTCTACATCTGCAGTGCGGAGAAGCGGGAGTTGGTAGATACGCAGTATTTTGGCCCA"	"CSAEKRELVDTQYF"	NA	"TCRBD2-1*2"	"TCRBJ2-3*1"	47	52	60	65	5	5	NA	NA	"GTGACCAGTGCCCATCCTGAAGACAGCAGCTTCTACATCTGCAGTGCGGAGAAGCGGGAGTTGGTAGATACGCAGTATTTTGGCCCA"	FALSE	TRUE	NA	NA	NA	NA
"CGCACAGAGCAGGGGGACTCGGCCATGTATCTCTGTGCCAGCAGCTTATTGGAGGGCACCTCCTACAATGAGCAGTTCTTCGGGCCA"	"CASSLLEGTSYNEQFF"	"CGCACAGAGCAGGGGGACTCGGCCATGTATCTCTGTGCCAGCAGCTTATTGGAGGGCACCTCCTACAATGAGCAGTTCTTCGGGCCA"	"CASSLLEGTSYNEQFF"	"TCRBV7-9*1"	"TCRBD2-1*2"	"TCRBJ2-1*1"	48	50	56	59	2	3	NA	NA	"CGCACAGAGCAGGGGGACTCGGCCATGTATCTCTGTGCCAGCAGCTTATTGGAGGGCACCTCCTACAATGAGCAGTTCTTCGGGCCA"	FALSE	TRUE	NA	NA	NA	NA
"CGCACAGAGCGGGGGGACTCAGCCGTGTATCTCTGTGCCAGCAGCTTAACGTTCGCAGGGAGCGGGTCACCCCTCCACTTTGGGAAT"	"CASSLTFAGSGSPLHF"	"CGCACAGAGCGGGGGGACTCAGCCGTGTATCTCTGTGCCAGCAGCTTAACGTTCGCAGGGAGCGGGTCACCCCTCCACTTTGGGAAT"	"CASSLTFAGSGSPLHF"	"TCRBV7-3*1"	"TCRBD2-1"	"TCRBJ1-6*1"	50	60	-1	66	10	67	NA	NA	"CGCACAGAGCGGGGGGACTCAGCCGTGTATCTCTGTGCCAGCAGCTTAACGTTCGCAGGGAGCGGGTCACCCCTCCACTTTGGGAAT"	FALSE	TRUE	NA	NA	NA	NA
"CCTTGGAGCTGGGGGACTCGGCCCTTTATCTTTGCGCCAGCATGACCTTTCTGGGTGGGGACTCACTACGAGCAGTACTTCGGGCCG"	""	"CCTTGGAGCTGGGGGACTCGGCCCTTTATCTTTGCGCCAGCATGACCTTTCTGGGTGGGGACTCACTACGAGCAGTACTTCGGGCCG"	""	"TCRBV5-1*1"	"TCRBD2-1"	"TCRBJ2-7*1"	42	57	63	65	15	2	NA	NA	"CCTTGGAGCTGGGGGACTCGGCCCTTTATCTTTGCGCCAGCATGACCTTTCTGGGTGGGGACTCACTACGAGCAGTACTTCGGGCCG"	FALSE	FALSE	NA	NA	NA	NA
"GCCCAAAAGAACCCGACAGCTTTCTATCTCTGTGCCAGTAGTCGGGGACTAGCGGGAGCGGGCTACAATGAGCAGTTCTTCGGGCCA"	"CASSRGLAGAGYNEQFF"	"GCCCAAAAGAACCCGACAGCTTTCTATCTCTGTGCCAGTAGTCGGGGACTAGCGGGAGCGGGCTACAATGAGCAGTTCTTCGGGCCA"	"CASSRGLAGAGYNEQFF"	"TCRBV19-1*1"	"TCRBD2-1*2"	"TCRBJ2-1*1"	42	44	58	62	2	4	NA	NA	"GCCCAAAAGAACCCGACAGCTTTCTATCTCTGTGCCAGTAGTCGGGGACTAGCGGGAGCGGGCTACAATGAGCAGTTCTTCGGGCCA"	FALSE	TRUE	NA	NA	NA	NA
"NNNNTGTCGGCTGCTCCCTCCCAGACATCTGTGTACTTCTGTGCCAGCAGACTGGACAGGGGAAGCACTGAAGCTTTCTTTGGACAA"	"CASRLDRGSTEAFF"	"NNNNTGTCGGCTGCTCCCTCCCAGACATCTGTGTACTTCTGTGCCAGCAGACTGGACAGGGGAAGCACTGAAGCTTTCTTTGGACAA"	"CASRLDRGSTEAFF"	"TCRBV6-5*1"	"TCRBD1-1*1"	"TCRBJ1-1*1"	50	53	62	65	3	3	NA	NA	"NNNNTGTCGGCTGCTCCCTCCCAGACATCTGTGTACTTCTGTGCCAGCAGACTGGACAGGGGAAGCACTGAAGCTTTCTTTGGACAA"	FALSE	TRUE	NA	NA	NA	NA
"AAGATCCAGCGCACACAGCAGGAGGACTCCGCCGTGTATCTCTGTGCCAGCAGCTTTAAATTTAGTTCAGAAGCTTTCTTTGGACAA"	"CASSFKFSSEAFF"	"AAGATCCAGCGCACACAGCAGGAGGACTCCGCCGTGTATCTCTGTGCCAGCAGCTTTAAATTTAGTTCAGAAGCTTTCTTTGGACAA"	"CASSFKFSSEAFF"	"TCRBV7-8*1"	"TCRBD2-1"	"TCRBJ1-1*1"	56	62	65	69	6	4	NA	NA	"AAGATCCAGCGCACACAGCAGGAGGACTCCGCCGTGTATCTCTGTGCCAGCAGCTTTAAATTTAGTTCAGAAGCTTTCTTTGGACAA"	FALSE	TRUE	NA	NA	NA	NA
"CGCACACAGCAGGAGGACTCCGCCGTGTATCTCTGTGCCAGCAGCTCGGGACCTAGCGGGAGCGGGGATACGCAGTATTTTGGCCCA"	"CASSSGPSGSGDTQYF"	"CGCACACAGCAGGAGGACTCCGCCGTGTATCTCTGTGCCAGCAGCTCGGGACCTAGCGGGAGCGGGGATACGCAGTATTTTGGCCCA"	"CASSSGPSGSGDTQYF"	"TCRBV7-8*1"	"TCRBD2-1*2"	"TCRBJ2-3*1"	46	52	62	66	6	4	NA	NA	"CGCACACAGCAGGAGGACTCCGCCGTGTATCTCTGTGCCAGCAGCTCGGGACCTAGCGGGAGCGGGGATACGCAGTATTTTGGCCCA"	FALSE	TRUE	NA	NA	NA	NA
"GTGCCCATCCTGAAGACAGCAGCTTCTACATCTGCAGTGCTAGTTGAGCGGGAGGGGGGGCGTTAAGAGACCCAGTACTTCGGGCCA"	""	"GTGCCCATCCTGAAGACAGCAGCTTCTACATCTGCAGTGCTAGTTGAGCGGGAGGGGGGGCGTTAAGAGACCCAGTACTTCGGGCCA"	""	"TCRBV2-1*4"	"TCRBD2-1*2"	"TCRBJ2-5*1"	44	46	56	64	2	8	NA	NA	"GTGCCCATCCTGAAGACAGCAGCTTCTACATCTGCAGTGCTAGTTGAGCGGGAGGGGGGGCGTTAAGAGACCCAGTACTTCGGGCCA"	FALSE	FALSE	NA	NA	NA	NA
"NNNNNNNNNNTGTCGGCTGCTCCCTCCCAAACATCTGTGTACTTCTGTGCCAGCACCAACAGGCCCTACGAGCAGTACTTCGGGCCG"	"CASTNRPYEQYF"	"NNNNNNNNNNTGTCGGCTGCTCCCTCCCAAACATCTGTGTACTTCTGTGCCAGCACCAACAGGCCCTACGAGCAGTACTTCGGGCCG"	"CASTNRPYEQYF"	NA	"TCRBD1-1*1"	"TCRBJ2-7*1"	55	58	63	64	3	1	NA	NA	"NNNNNNNNNNTGTCGGCTGCTCCCTCCCAAACATCTGTGTACTTCTGTGCCAGCACCAACAGGCCCTACGAGCAGTACTTCGGGCCG"	FALSE	TRUE	NA	NA	NA	NA
"AGTCGCCCAGCCCCAACCAGACCTCTCTGTACTTCTGTGCCAGCAGTTCAGGCCGGGACAGATGGAAACACCATATATTTTGGAGAG"	""	"AGTCGCCCAGCCCCAACCAGACCTCTCTGTACTTCTGTGCCAGCAGTTCAGGCCGGGACAGATGGAAACACCATATATTTTGGAGAG"	""	"TCRBV27-1*1"	"TCRBD1-1*1"	"TCRBJ1-3*1"	48	54	61	62	6	1	NA	NA	"AGTCGCCCAGCCCCAACCAGACCTCTCTGTACTTCTGTGCCAGCAGTTCAGGCCGGGACAGATGGAAACACCATATATTTTGGAGAG"	FALSE	FALSE	NA	NA	NA	NA
"TCTCACTGTGACATCGGCCCAAAAGAACCCGACAGCTTTCTATCTCTGTGCCAGTAGTCCTCTCGGGCTGAGCAGTTCTTCGGGCCA"	""	"TCTCACTGTGACATCGGCCCAAAAGAACCCGACAGCTTTCTATCTCTGTGCCAGTAGTCCTCTCGGGCTGAGCAGTTCTTCGGGCCA"	""	"TCRBV19-1*1"	NA	"TCRBJ2-1*1"	58	64	-1	68	6	69	NA	NA	"TCTCACTGTGACATCGGCCCAAAAGAACCCGACAGCTTTCTATCTCTGTGCCAGTAGTCCTCTCGGGCTGAGCAGTTCTTCGGGCCA"	FALSE	FALSE	NA	NA	NA	NA
"ATGAATGTGAGCACCTTGGAGCTGGGGGACTCGGCCCTTTATCTTTGCGCCAGCAGCCGGAGCACAGATACGCAGTATTTTGGCCCA"	"CASSRSTDTQYF"	"ATGAATGTGAGCACCTTGGAGCTGGGGGACTCGGCCCTTTATCTTTGCGCCAGCAGCCGGAGCACAGATACGCAGTATTTTGGCCCA"	"CASSRSTDTQYF"	"TCRBV5-1*1"	"TCRBD2-1"	"TCRBJ2-3*1"	-1	57	-1	60	58	61	NA	NA	"ATGAATGTGAGCACCTTGGAGCTGGGGGACTCGGCCCTTTATCTTTGCGCCAGCAGCCGGAGCACAGATACGCAGTATTTTGGCCCA"	FALSE	TRUE	NA	NA	NA	NA
"TTGGAGCTGGAGGACTCGGCCCTGTATCTCTGTGCCAGCAGCATAAACCGGGACAGGGGTTTTGGCTATGGCTACACCTTCGGTTCG"	"CASSINRDRGFGYGYTF"	"TTGGAGCTGGAGGACTCGGCCCTGTATCTCTGTGCCAGCAGCATAAACCGGGACAGGGGTTTTGGCTATGGCTACACCTTCGGTTCG"	"CASSINRDRGFGYGYTF"	"TCRBV5-8*1"	"TCRBD1-1*1"	"TCRBJ1-2*1"	42	49	59	65	7	6	NA	NA	"TTGGAGCTGGAGGACTCGGCCCTGTATCTCTGTGCCAGCAGCATAAACCGGGACAGGGGTTTTGGCTATGGCTACACCTTCGGTTCG"	FALSE	TRUE	NA	NA	NA	NA
"ACCTTGGAGCTGGGGGACTCGGCCCTTTATCTTTGCGCCAGGGGGAGGGATGCCCTTCTTACCCAAGAGACCCAGTACTTCGGGCCA"	"CARGRDALLTQETQYF"	"ACCTTGGAGCTGGGGGACTCGGCCCTTTATCTTTGCGCCAGGGGGAGGGATGCCCTTCTTACCCAAGAGACCCAGTACTTCGGGCCA"	"CARGRDALLTQETQYF"	"TCRBV5-1*1"	"TCRBD2-1*2"	"TCRBJ2-5*1"	41	42	49	62	1	13	NA	NA	"ACCTTGGAGCTGGGGGACTCGGCCCTTTATCTTTGCGCCAGGGGGAGGGATGCCCTTCTTACCCAAGAGACCCAGTACTTCGGGCCA"	FALSE	TRUE	NA	NA	NA	NA
"AAGAAGCTCCTTCTCAGTGACTCTGGCTTCTATCTCTGTGCCTGGAGTGCAACTAGCGGGGTTCAAGAGACCCAGTACTTCGGGCCA"	"CAWSATSGVQETQYF"	"AAGAAGCTCCTTCTCAGTGACTCTGGCTTCTATCTCTGTGCCTGGAGTGCAACTAGCGGGGTTCAAGAGACCCAGTACTTCGGGCCA"	"CAWSATSGVQETQYF"	"TCRBV3-1*1"	"TCRBD2-1*1"	"TCRBJ2-5*1"	49	51	61	63	2	2	NA	NA	"AAGAAGCTCCTTCTCAGTGACTCTGGCTTCTATCTCTGTGCCTGGAGTGCAACTAGCGGGGTTCAAGAGACCCAGTACTTCGGGCCA"	FALSE	TRUE	NA	NA	NA	NA
"TCCGCCAGCACCAACCAGACATCTATGTACCTCTGTGCCAGCAGTTATGAAGTCCGGACTAGCGGAAAAGAGCAGTTCTTCGGGCCA"	"CASSYEVRTSGKEQFF"	"TCCGCCAGCACCAACCAGACATCTATGTACCTCTGTGCCAGCAGTTATGAAGTCCGGACTAGCGGAAAAGAGCAGTTCTTCGGGCCA"	"CASSYEVRTSGKEQFF"	"TCRBV28-1*1"	"TCRBD2-1"	"TCRBJ2-1*1"	46	55	65	69	9	4	NA	NA	"TCCGCCAGCACCAACCAGACATCTATGTACCTCTGTGCCAGCAGTTATGAAGTCCGGACTAGCGGAAAAGAGCAGTTCTTCGGGCCA"	FALSE	TRUE	NA	NA	NA	NA
"NTGTCGGCTGCTCCCTCCCAGACATCTGTGTACTTCTGTGCCAGCAGTATTACAGGGGGCTCCTACAATGAGCAGTTCTTCGGGCCA"	"CASSITGGSYNEQFF"	"NTGTCGGCTGCTCCCTCCCAGACATCTGTGTACTTCTGTGCCAGCAGTATTACAGGGGGCTCCTACAATGAGCAGTTCTTCGGGCCA"	"CASSITGGSYNEQFF"	"TCRBV6-5*1"	"TCRBD1-1*1"	"TCRBJ2-1*1"	48	51	-1	59	3	60	NA	NA	"NTGTCGGCTGCTCCCTCCCAGACATCTGTGTACTTCTGTGCCAGCAGTATTACAGGGGGCTCCTACAATGAGCAGTTCTTCGGGCCA"	FALSE	TRUE	NA	NA	NA	NA
"ACTGTGACATCGGCCCAAAAGAACCCGACAGCTTTCTATCTCTGTGCCAGTAGTAGAGACAGGGGCACTGAAGCTTTCTTTGGACAA"	"CASSRDRGTEAFF"	"ACTGTGACATCGGCCCAAAAGAACCCGACAGCTTTCTATCTCTGTGCCAGTAGTAGAGACAGGGGCACTGAAGCTTTCTTTGGACAA"	"CASSRDRGTEAFF"	"TCRBV19-1*1"	"TCRBD1-1*1"	"TCRBJ1-1*1"	-1	59	-1	65	60	66	NA	NA	"ACTGTGACATCGGCCCAAAAGAACCCGACAGCTTTCTATCTCTGTGCCAGTAGTAGAGACAGGGGCACTGAAGCTTTCTTTGGACAA"	FALSE	TRUE	NA	NA	NA	NA
"TCCACAAAGCTGGAGGACTCAGCCATGTACTTCTGTGCCAGCAGCGACGGGACAGGGTGGGTTTCAGATACGCAGTATTTTGGCCCA"	"CASSDGTGWVSDTQYF"	"TCCACAAAGCTGGAGGACTCAGCCATGTACTTCTGTGCCAGCAGCGACGGGACAGGGTGGGTTTCAGATACGCAGTATTTTGGCCCA"	"CASSDGTGWVSDTQYF"	"TCRBV2-1"	"TCRBD1-1*1"	"TCRBJ2-3*1"	44	48	57	64	4	7	NA	NA	"TCCACAAAGCTGGAGGACTCAGCCATGTACTTCTGTGCCAGCAGCGACGGGACAGGGTGGGTTTCAGATACGCAGTATTTTGGCCCA"	FALSE	TRUE	NA	NA	NA	NA
"ACTGTGACATCGGCCCAAAAGAACCCGACAGCTTTCTATCTCTGTGCCACACAGGGACGGCTGTCCACTGAAGCTTTCTTTGGACAA"	"CATQGRLSTEAFF"	"ACTGTGACATCGGCCCAAAAGAACCCGACAGCTTTCTATCTCTGTGCCACACAGGGACGGCTGTCCACTGAAGCTTTCTTTGGACAA"	"CATQGRLSTEAFF"	"TCRBV19-1*1"	"TCRBD1-1*1"	"TCRBJ1-1*1"	49	50	56	65	1	9	NA	NA	"ACTGTGACATCGGCCCAAAAGAACCCGACAGCTTTCTATCTCTGTGCCACACAGGGACGGCTGTCCACTGAAGCTTTCTTTGGACAA"	FALSE	TRUE	NA	NA	NA	NA
"GAATGTGAGCACCTTGGAGCTGGGGGACTCGGCCCTTTATCTTTGCGCCAGCAGCTTGTGGTGAACACTGAAGCTTTCTTTGGACAA"	""	"GAATGTGAGCACCTTGGAGCTGGGGGACTCGGCCCTTTATCTTTGCGCCAGCAGCTTGTGGTGAACACTGAAGCTTTCTTTGGACAA"	""	"TCRBV5-1*1"	NA	"TCRBJ1-1*1"	58	59	-1	61	1	62	NA	NA	"GAATGTGAGCACCTTGGAGCTGGGGGACTCGGCCCTTTATCTTTGCGCCAGCAGCTTGTGGTGAACACTGAAGCTTTCTTTGGACAA"	FALSE	FALSE	NA	NA	NA	NA
"CGGTCCACAAAGCTGGAGGACTCAGCCATGTACTTCTGTGCCAGCAGAGCCACGGGGAGCCCCACAGATACGCAGTATTTTGGCCCA"	"CASRATGSPTDTQYF"	"CGGTCCACAAAGCTGGAGGACTCAGCCATGTACTTCTGTGCCAGCAGAGCCACGGGGAGCCCCACAGATACGCAGTATTTTGGCCCA"	"CASRATGSPTDTQYF"	"TCRBV2-1"	"TCRBD2-1"	"TCRBJ2-3*1"	47	52	57	62	5	5	NA	NA	"CGGTCCACAAAGCTGGAGGACTCAGCCATGTACTTCTGTGCCAGCAGAGCCACGGGGAGCCCCACAGATACGCAGTATTTTGGCCCA"	FALSE	TRUE	NA	NA	NA	NA
"CTGAATGTGAACGCCTTGGAGCTGGAGGACTCGGCCCTGTATCTCTGTGCCAGCAGACTCGGTGCCGGGGAGCTGTTTTTTGGAGAA"	"CASRLGAGELFF"	"CTGAATGTGAACGCCTTGGAGCTGGAGGACTCGGCCCTGTATCTCTGTGCCAGCAGACTCGGTGCCGGGGAGCTGTTTTTTGGAGAA"	"CASRLGAGELFF"	"TCRBV5-8*1"	"TCRBD2-1"	"TCRBJ2-2*1"	-1	56	59	64	57	5	NA	NA	"CTGAATGTGAACGCCTTGGAGCTGGAGGACTCGGCCCTGTATCTCTGTGCCAGCAGACTCGGTGCCGGGGAGCTGTTTTTTGGAGAA"	FALSE	TRUE	NA	NA	NA	NA
"ATTCTGGAGTCCGCCAGCACCAACCAGACATCTATGTACCTCTGTGCCAGCAGGTTCACAGGGGGCACTGAAGCTTTCTTTGGACAA"	"CASRFTGGTEAFF"	"ATTCTGGAGTCCGCCAGCACCAACCAGACATCTATGTACCTCTGTGCCAGCAGGTTCACAGGGGGCACTGAAGCTTTCTTTGGACAA"	"CASRFTGGTEAFF"	"TCRBV28-1*1"	"TCRBD1-1*1"	"TCRBJ1-1*1"	53	57	-1	65	4	66	NA	NA	"ATTCTGGAGTCCGCCAGCACCAACCAGACATCTATGTACCTCTGTGCCAGCAGGTTCACAGGGGGCACTGAAGCTTTCTTTGGACAA"	FALSE	TRUE	NA	NA	NA	NA
"AACGCCTTGGAGCTGGACGACTCGGCCCTGTATCTCTGTGCCAGCAGCTTGGTCGGGAGGACTTTCAATGAGCAGTTCTTCGGGCCA"	"CASSLVGRTFNEQFF"	"AACGCCTTGGAGCTGGACGACTCGGCCCTGTATCTCTGTGCCAGCAGCTTGGTCGGGAGGACTTTCAATGAGCAGTTCTTCGGGCCA"	"CASSLVGRTFNEQFF"	"TCRBV5-4*1"	"TCRBD2-1*2"	"TCRBJ2-1*1"	52	53	60	65	1	5	NA	NA	"AACGCCTTGGAGCTGGACGACTCGGCCCTGTATCTCTGTGCCAGCAGCTTGGTCGGGAGGACTTTCAATGAGCAGTTCTTCGGGCCA"	FALSE	TRUE	NA	NA	NA	NA
"CGCTCACCAGGCCTGGGGGACGCAGCCATGTACCTGTGTGCCACCAGCAGAGATCGGGTAGCGGCAAATACGCAGTATTTTGGCCCA"	"CATSRDRVAANTQYF"	"CGCTCACCAGGCCTGGGGGACGCAGCCATGTACCTGTGTGCCACCAGCAGAGATCGGGTAGCGGCAAATACGCAGTATTTTGGCCCA"	"CATSRDRVAANTQYF"	"TCRBV15-1*2"	"TCRBD2-1"	"TCRBJ2-3*1"	53	58	64	67	5	3	NA	NA	"CGCTCACCAGGCCTGGGGGACGCAGCCATGTACCTGTGTGCCACCAGCAGAGATCGGGTAGCGGCAAATACGCAGTATTTTGGCCCA"	FALSE	TRUE	NA	NA	NA	NA
"NNNTGTCGGCTGCTCCCTCCCAGACATCTGTGTACTTCTGTGCCAGCAAGGTCTTCGGGGATATGCGACGAGCAGTACTTCGGGCCG"	""	"NNNTGTCGGCTGCTCCCTCCCAGACATCTGTGTACTTCTGTGCCAGCAAGGTCTTCGGGGATATGCGACGAGCAGTACTTCGGGCCG"	""	"TCRBV6-5*1"	"TCRBD2-1*1"	"TCRBJ2-7*1"	48	55	60	67	7	7	NA	NA	"NNNTGTCGGCTGCTCCCTCCCAGACATCTGTGTACTTCTGTGCCAGCAAGGTCTTCGGGGATATGCGACGAGCAGTACTTCGGGCCG"	FALSE	FALSE	NA	NA	NA	NA
"AATTCCCTGGAGCTTGGTGACTCTGCTGTGTATTTCTGTGCCAGCAGCCAGAGTAGCGGGACCTACAATGAGCAGTTCTTCGGGCCA"	"CASSQSSGTYNEQFF"	"AATTCCCTGGAGCTTGGTGACTCTGCTGTGTATTTCTGTGCCAGCAGCCAGAGTAGCGGGACCTACAATGAGCAGTTCTTCGGGCCA"	"CASSQSSGTYNEQFF"	"TCRBV3-1/3-2*1"	"TCRBD2-1*2"	"TCRBJ2-1*1"	50	53	-1	61	3	62	NA	NA	"AATTCCCTGGAGCTTGGTGACTCTGCTGTGTATTTCTGTGCCAGCAGCCAGAGTAGCGGGACCTACAATGAGCAGTTCTTCGGGCCA"	FALSE	TRUE	NA	NA	NA	NA
"CGCACAGAGCAGGAGGACTCGGCCGTGTATCTCTGTGCCAGCAGCTTAGCCTTAGCGGGAGGGGCAGATACGCAGTATTTTGGCCCA"	"CASSLALAGGADTQYF"	"CGCACAGAGCAGGAGGACTCGGCCGTGTATCTCTGTGCCAGCAGCTTAGCCTTAGCGGGAGGGGCAGATACGCAGTATTTTGGCCCA"	"CASSLALAGGADTQYF"	"TCRBV7-2"	"TCRBD2-1*2"	"TCRBJ2-3*1"	50	52	63	64	2	1	NA	NA	"CGCACAGAGCAGGAGGACTCGGCCGTGTATCTCTGTGCCAGCAGCTTAGCCTTAGCGGGAGGGGCAGATACGCAGTATTTTGGCCCA"	FALSE	TRUE	NA	NA	NA	NA
"CAGAACCCAGGGACTCAGCTGTGTACTTCTGTGCCAGCAGCCTGGGACTTTCGGGGAGATACTAATGAAAAACTGTTTTTTGGCAGT"	""	"CAGAACCCAGGGACTCAGCTGTGTACTTCTGTGCCAGCAGCCTGGGACTTTCGGGGAGATACTAATGAAAAACTGTTTTTTGGCAGT"	""	NA	"TCRBD2-1"	"TCRBJ1-4*1"	40	43	49	60	3	11	NA	NA	"CAGAACCCAGGGACTCAGCTGTGTACTTCTGTGCCAGCAGCCTGGGACTTTCGGGGAGATACTAATGAAAAACTGTTTTTTGGCAGT"	FALSE	FALSE	NA	NA	NA	NA
"AGCTCTCTGGAGCTGGGGGACTCAGCTTTGTATTTCTGTGCCAGCAGCGCCCTAGCGGGACCTCAGGGGGAGCAGTACTTCGGGCCG"	"CASSALAGPQGEQYF"	"AGCTCTCTGGAGCTGGGGGACTCAGCTTTGTATTTCTGTGCCAGCAGCGCCCTAGCGGGACCTCAGGGGGAGCAGTACTTCGGGCCG"	"CASSALAGPQGEQYF"	"TCRBV9-1*1"	"TCRBD2-1*2"	"TCRBJ2-7*1"	49	51	60	69	2	9	NA	NA	"AGCTCTCTGGAGCTGGGGGACTCAGCTTTGTATTTCTGTGCCAGCAGCGCCCTAGCGGGACCTCAGGGGGAGCAGTACTTCGGGCCG"	FALSE	TRUE	NA	NA	NA	NA
"CTTGGGGACTCGGCCATGTATCTCTGTGCCAGCAGCTTAAACAGGGGGGTGAGACTAGTTGTCTACAATGAGCAGTTCTTCGGGCCA"	"CASSLNRGVRLVVYNEQFF"	"CTTGGGGACTCGGCCATGTATCTCTGTGCCAGCAGCTTAAACAGGGGGGTGAGACTAGTTGTCTACAATGAGCAGTTCTTCGGGCCA"	"CASSLNRGVRLVVYNEQFF"	NA	"TCRBD1-1*1"	"TCRBJ2-1*1"	39	40	48	62	1	14	NA	NA	"CTTGGGGACTCGGCCATGTATCTCTGTGCCAGCAGCTTAAACAGGGGGGTGAGACTAGTTGTCTACAATGAGCAGTTCTTCGGGCCA"	FALSE	TRUE	NA	NA	NA	NA
"TGTGAGCAACATGAGCCCTGAAGACAGCAGCATATATCTCTGCAGCGTTGAGCCCCGGGGGCGGATACTGAAGCTTTCTTTGGACAA"	""	"TGTGAGCAACATGAGCCCTGAAGACAGCAGCATATATCTCTGCAGCGTTGAGCCCCGGGGGCGGATACTGAAGCTTTCTTTGGACAA"	""	"TCRBV29-1"	NA	"TCRBJ1-1*1"	51	56	62	66	5	4	NA	NA	"TGTGAGCAACATGAGCCCTGAAGACAGCAGCATATATCTCTGCAGCGTTGAGCCCCGGGGGCGGATACTGAAGCTTTCTTTGGACAA"	FALSE	FALSE	NA	NA	NA	NA
"CACACCCTGCAGCCAGAAGACTCGGCCCTGTATCTCTGCGCCAGCAGCCAAGATCTGACCCGGTGGCAGCCCCAGCATTTTGGTGAT"	"CASSQDLTRWQPQHF"	"CACACCCTGCAGCCAGAAGACTCGGCCCTGTATCTCTGCGCCAGCAGCCAAGATCTGACCCGGTGGCAGCCCCAGCATTTTGGTGAT"	"CASSQDLTRWQPQHF"	"TCRBV4-3*1"	NA	"TCRBJ1-5*1"	53	56	59	66	3	7	NA	NA	"CACACCCTGCAGCCAGAAGACTCGGCCCTGTATCTCTGCGCCAGCAGCCAAGATCTGACCCGGTGGCAGCCCCAGCATTTTGGTGAT"	FALSE	TRUE	NA	NA	NA	NA
"GAGATCCAGCGCACAGAGCAGGGGGACTCGGCCATGTATCTCTGTGCAGCAGGTTCTTCTGGGGCCAACGTCCTGACTTTCGGGGCC"	"CAAGSSGANVLTF"	"GAGATCCAGCGCACAGAGCAGGGGGACTCGGCCATGTATCTCTGTGCAGCAGGTTCTTCTGGGGCCAACGTCCTGACTTTCGGGGCC"	"CAAGSSGANVLTF"	"TCRBV7-9"	"TCRBD1-1*1"	"TCRBJ2-6*1"	47	49	53	57	2	4	NA	NA	"GAGATCCAGCGCACAGAGCAGGGGGACTCGGCCATGTATCTCTGTGCAGCAGGTTCTTCTGGGGCCAACGTCCTGACTTTCGGGGCC"	FALSE	TRUE	NA	NA	NA	NA
"AAGATCCAGCCTGCAGAGCTTGGGGACTCGGCCGTGTATCTCTGTGCCAGCAGCTCAAGGAGGGCCGACGAGCAGTACTTCGGGCCG"	"CASSSRRADEQYF"	"AAGATCCAGCCTGCAGAGCTTGGGGACTCGGCCGTGTATCTCTGTGCCAGCAGCTCAAGGAGGGCCGACGAGCAGTACTTCGGGCCG"	"CASSSRRADEQYF"	"TCRBV11-3*1"	"TCRBD2-1*2"	"TCRBJ2-7*1"	55	58	64	67	3	3	NA	NA	"AAGATCCAGCCTGCAGAGCTTGGGGACTCGGCCGTGTATCTCTGTGCCAGCAGCTCAAGGAGGGCCGACGAGCAGTACTTCGGGCCG"	FALSE	TRUE	NA	NA	NA	NA
"CTGGAGTCCGCCAGCACCAACCAGACATCTATGTACCTCTGTGCCAGCCTCCGGGGGGACTCGACCTACGAGCAGTACTTCGGGCCG"	"CASLRGDSTYEQYF"	"CTGGAGTCCGCCAGCACCAACCAGACATCTATGTACCTCTGTGCCAGCCTCCGGGGGGACTCGACCTACGAGCAGTACTTCGGGCCG"	"CASLRGDSTYEQYF"	"TCRBV28-1*1"	"TCRBD2-1*1"	"TCRBJ2-7*1"	48	51	58	64	3	6	NA	NA	"CTGGAGTCCGCCAGCACCAACCAGACATCTATGTACCTCTGTGCCAGCCTCCGGGGGGACTCGACCTACGAGCAGTACTTCGGGCCG"	FALSE	TRUE	NA	NA	NA	NA
"CAGAGCAGGGGGACTCGGCCATGTATCTCTGTGCCAGCAGCCTTGAGGCGTCCTCCTGATAGCAATCAGCCCCAGCATTTTGGTGAT"	""	"CAGAGCAGGGGGACTCGGCCATGTATCTCTGTGCCAGCAGCCTTGAGGCGTCCTCCTGATAGCAATCAGCCCCAGCATTTTGGTGAT"	""	"TCRBV7-9*1"	"TCRBD2-1*2"	"TCRBJ1-5*1"	41	44	48	59	3	11	NA	NA	"CAGAGCAGGGGGACTCGGCCATGTATCTCTGTGCCAGCAGCCTTGAGGCGTCCTCCTGATAGCAATCAGCCCCAGCATTTTGGTGAT"	FALSE	FALSE	NA	NA	NA	NA
"ATCCAGCCCTCAGAACCCAGGGACTCAGCTGTGTATTTTTGTGCTAGTGGTAGGCCGGGACAGGGGGGCGAGCAGTACTTCGGGCCG"	"CASGRPGQGGEQYF"	"ATCCAGCCCTCAGAACCCAGGGACTCAGCTGTGTATTTTTGTGCTAGTGGTAGGCCGGGACAGGGGGGCGAGCAGTACTTCGGGCCG"	"CASGRPGQGGEQYF"	"TCRBV12-5*1"	"TCRBD1-1*1"	"TCRBJ2-7*1"	51	56	67	68	5	1	NA	NA	"ATCCAGCCCTCAGAACCCAGGGACTCAGCTGTGTATTTTTGTGCTAGTGGTAGGCCGGGACAGGGGGGCGAGCAGTACTTCGGGCCG"	FALSE	TRUE	NA	NA	NA	NA
"NTGTCGGCTGCTCCCTCCCAGACATCTGTGTACTTCTGTGCCAGCAGTTACTCCCCAGGGCAGTTCCAGCCCCAGCATTTTGGTGAT"	"CASSYSPGQFQPQHF"	"NTGTCGGCTGCTCCCTCCCAGACATCTGTGTACTTCTGTGCCAGCAGTTACTCCCCAGGGCAGTTCCAGCCCCAGCATTTTGGTGAT"	"CASSYSPGQFQPQHF"	"TCRBV6-5*1"	"TCRBD1-1*1"	"TCRBJ1-5*1"	53	55	60	66	2	6	NA	NA	"NTGTCGGCTGCTCCCTCCCAGACATCTGTGTACTTCTGTGCCAGCAGTTACTCCCCAGGGCAGTTCCAGCCCCAGCATTTTGGTGAT"	FALSE	TRUE	NA	NA	NA	NA
"NTGTCGGCTGCTCCCTCCCAAACATCTGTGTACTTCTGTGCCAGCAGTTATTCGGGCGGGAGGGCCAATGAGCAGTTCTTCGGGCCA"	"CASSYSGGRANEQFF"	"NTGTCGGCTGCTCCCTCCCAAACATCTGTGTACTTCTGTGCCAGCAGTTATTCGGGCGGGAGGGCCAATGAGCAGTTCTTCGGGCCA"	"CASSYSGGRANEQFF"	"TCRBV6-2/6-3*1"	"TCRBD2-1*2"	"TCRBJ2-1*1"	50	55	64	65	5	1	NA	NA	"NTGTCGGCTGCTCCCTCCCAAACATCTGTGTACTTCTGTGCCAGCAGTTATTCGGGCGGGAGGGCCAATGAGCAGTTCTTCGGGCCA"	FALSE	TRUE	NA	NA	NA	NA
"GTGACCAGTGCCCATCCTGAAGACAGCAGCTTCTACATCTGCAGTGCTAAGTCCCGGGACTACCCCTACGAGCAGTACTTCGGGCCG"	"CSAKSRDYPYEQYF"	"GTGACCAGTGCCCATCCTGAAGACAGCAGCTTCTACATCTGCAGTGCTAAGTCCCGGGACTACCCCTACGAGCAGTACTTCGGGCCG"	"CSAKSRDYPYEQYF"	NA	"TCRBD2-1"	"TCRBJ2-7*1"	49	55	62	64	6	2	NA	NA	"GTGACCAGTGCCCATCCTGAAGACAGCAGCTTCTACATCTGCAGTGCTAAGTCCCGGGACTACCCCTACGAGCAGTACTTCGGGCCG"	FALSE	TRUE	NA	NA	NA	NA
"AATTCCCTGGAGCTTGGTGACTCTGCTGTGTATTTCTGTGCCAGCAGCCACCTTACAGAGAACACCGGGGAGCTGTTTTTTGGAGAA"	"CASSHLTENTGELFF"	"AATTCCCTGGAGCTTGGTGACTCTGCTGTGTATTTCTGTGCCAGCAGCCACCTTACAGAGAACACCGGGGAGCTGTTTTTTGGAGAA"	"CASSHLTENTGELFF"	"TCRBV3-1/3-2*1"	"TCRBD1-1*1"	"TCRBJ2-2*1"	50	54	58	59	4	1	NA	NA	"AATTCCCTGGAGCTTGGTGACTCTGCTGTGTATTTCTGTGCCAGCAGCCACCTTACAGAGAACACCGGGGAGCTGTTTTTTGGAGAA"	FALSE	TRUE	NA	NA	NA	NA
"GAGTCCGCCAGCACCAACCAGACATCTATGTACCTCTGTGCCAGCAGTTTACGCAGGGTACCTTACAATGAGCAGTTCTTCGGGCCA"	"CASSLRRVPYNEQFF"	"GAGTCCGCCAGCACCAACCAGACATCTATGTACCTCTGTGCCAGCAGTTTACGCAGGGTACCTTACAATGAGCAGTTCTTCGGGCCA"	"CASSLRRVPYNEQFF"	"TCRBV28-1*1"	"TCRBD1-1*1"	"TCRBJ2-1*1"	51	53	58	63	2	5	NA	NA	"GAGTCCGCCAGCACCAACCAGACATCTATGTACCTCTGTGCCAGCAGTTTACGCAGGGTACCTTACAATGAGCAGTTCTTCGGGCCA"	FALSE	TRUE	NA	NA	NA	NA
"AGCTGAATGTGAACGCCTTGTTGCTGGGGGACTCGGCCCTCTATCTCTGTGCCTCCCAGGGTCTACACTGAAGCTTTCTTTGGACAA"	""	"AGCTGAATGTGAACGCCTTGTTGCTGGGGGACTCGGCCCTCTATCTCTGTGCCTCCCAGGGTCTACACTGAAGCTTTCTTTGGACAA"	""	"TCRBV5-6*1"	"TCRBD1-1*1"	"TCRBJ1-1*1"	53	56	61	64	3	3	NA	NA	"AGCTGAATGTGAACGCCTTGTTGCTGGGGGACTCGGCCCTCTATCTCTGTGCCTCCCAGGGTCTACACTGAAGCTTTCTTTGGACAA"	FALSE	FALSE	NA	NA	NA	NA
"CTGAATGTGAACGCCTTGTTGCTGGGGGACTCGGCCCTCTATCTCTGTGCCAGCAGCTTGGTAGCCGGGGAGCTGTTTTTTGGAGAA"	"CASSLVAGELFF"	"CTGAATGTGAACGCCTTGTTGCTGGGGGACTCGGCCCTCTATCTCTGTGCCAGCAGCTTGGTAGCCGGGGAGCTGTTTTTTGGAGAA"	"CASSLVAGELFF"	"TCRBV5-6*1"	"TCRBD2-1"	"TCRBJ2-2*1"	-1	61	-1	64	62	65	NA	NA	"CTGAATGTGAACGCCTTGTTGCTGGGGGACTCGGCCCTCTATCTCTGTGCCAGCAGCTTGGTAGCCGGGGAGCTGTTTTTTGGAGAA"	FALSE	TRUE	NA	NA	NA	NA
"AGAGCGGGGGGACTCAGCCGTGTATCTCTGTGCCAGCAGCTCCCCGTCCCCCCACTCGCGGGAGCAGGCGAGCAGTACTTCGGGCCG"	""	"AGAGCGGGGGGACTCAGCCGTGTATCTCTGTGCCAGCAGCTCCCCGTCCCCCCACTCGCGGGAGCAGGCGAGCAGTACTTCGGGCCG"	""	"TCRBV7-3*1"	"TCRBD2-1*2"	"TCRBJ2-7*1"	41	57	64	68	16	4	NA	NA	"AGAGCGGGGGGACTCAGCCGTGTATCTCTGTGCCAGCAGCTCCCCGTCCCCCCACTCGCGGGAGCAGGCGAGCAGTACTTCGGGCCG"	FALSE	FALSE	NA	NA	NA	NA
"CAGCAGGTAGTGCGAGGAGATTCGGCAGCTTATTTCTGTGCCAGCTCATAGAAGCAGGGTACCAATCAGCCCCAGCATTTTGGTGAT"	"CASS*KQGTNQPQHF"	"CAGCAGGTAGTGCGAGGAGATTCGGCAGCTTATTTCTGTGCCAGCTCATAGAAGCAGGGTACCAATCAGCCCCAGCATTTTGGTGAT"	"CASS*KQGTNQPQHF"	"TCRBV18-1*1"	"TCRBD1-1*1"	"TCRBJ1-5*1"	48	54	59	62	6	3	NA	NA	"CAGCAGGTAGTGCGAGGAGATTCGGCAGCTTATTTCTGTGCCAGCTCATAGAAGCAGGGTACCAATCAGCCCCAGCATTTTGGTGAT"	FALSE	TRUE	NA	NA	NA	NA
"AGCACCTTGGAGCTGGGGGACTCGGCCCTTTATCTTTGCGCCAGCGGGACTAGCGGCTCGAACACCGGGGAGCTGTTTTTTGGAGAA"	"CASGTSGSNTGELFF"	"AGCACCTTGGAGCTGGGGGACTCGGCCCTTTATCTTTGCGCCAGCGGGACTAGCGGCTCGAACACCGGGGAGCTGTTTTTTGGAGAA"	"CASGTSGSNTGELFF"	"TCRBV5-1*1"	"TCRBD2-1"	"TCRBJ2-2*1"	-1	45	56	58	46	2	NA	NA	"AGCACCTTGGAGCTGGGGGACTCGGCCCTTTATCTTTGCGCCAGCGGGACTAGCGGCTCGAACACCGGGGAGCTGTTTTTTGGAGAA"	FALSE	TRUE	NA	NA	NA	NA
"GAACCCAGGGACTCAGCTGTGTACTTCTGTGCCAGCAGCAAGAGGACTAGCGGGAAAAAATTCTCCTACGAGCAGTACTTCGGGCCG"	"CASSKRTSGKKFSYEQYF"	"GAACCCAGGGACTCAGCTGTGTACTTCTGTGCCAGCAGCAAGAGGACTAGCGGGAAAAAATTCTCCTACGAGCAGTACTTCGGGCCG"	"CASSKRTSGKKFSYEQYF"	NA	"TCRBD2-1*2"	"TCRBJ2-7*1"	38	43	55	62	5	7	NA	NA	"GAACCCAGGGACTCAGCTGTGTACTTCTGTGCCAGCAGCAAGAGGACTAGCGGGAAAAAATTCTCCTACGAGCAGTACTTCGGGCCG"	FALSE	TRUE	NA	NA	NA	NA
"CAGCCCTCAGAACCCAGGGACTCAGCTGTGTACTTCTGTGCCAGCAGTTTGGGCAGGGGGACAGATCAGCCCCAGCATTTTGGTGAT"	"CASSLGRGTDQPQHF"	"CAGCCCTCAGAACCCAGGGACTCAGCTGTGTACTTCTGTGCCAGCAGTTTGGGCAGGGGGACAGATCAGCCCCAGCATTTTGGTGAT"	"CASSLGRGTDQPQHF"	NA	"TCRBD1-1*1"	"TCRBJ1-5*1"	50	57	-1	64	7	65	NA	NA	"CAGCCCTCAGAACCCAGGGACTCAGCTGTGTACTTCTGTGCCAGCAGTTTGGGCAGGGGGACAGATCAGCCCCAGCATTTTGGTGAT"	FALSE	TRUE	NA	NA	NA	NA
"GAGTCGCCCAGCCCCAACCAGACCTCTCTGTACTTCTGTGCCAGCGGGACTAGCGGGACTTACACAGATACGCAGTATTTTGGCCCA"	"CASGTSGTYTDTQYF"	"GAGTCGCCCAGCCCCAACCAGACCTCTCTGTACTTCTGTGCCAGCGGGACTAGCGGGACTTACACAGATACGCAGTATTTTGGCCCA"	"CASGTSGTYTDTQYF"	"TCRBV27-1*1"	"TCRBD2-1*2"	"TCRBJ2-3*1"	-1	45	58	62	46	4	NA	NA	"GAGTCGCCCAGCCCCAACCAGACCTCTCTGTACTTCTGTGCCAGCGGGACTAGCGGGACTTACACAGATACGCAGTATTTTGGCCCA"	FALSE	TRUE	NA	NA	NA	NA
"GAGCTGGGGGACTCAGCTTTGTATTTCTGTGCCAGCAGCGTAAGGTAGGGACTAGCGGGACCTCAGGGGGAGCTGTTTTTTGGAGAA"	"CASSVR*GLAGPQGELFF"	"GAGCTGGGGGACTCAGCTTTGTATTTCTGTGCCAGCAGCGTAAGGTAGGGACTAGCGGGACCTCAGGGGGAGCTGTTTTTTGGAGAA"	"CASSVR*GLAGPQGELFF"	"TCRBV9-1*1"	"TCRBD2-1*2"	"TCRBJ2-2*1"	42	47	60	66	5	6	NA	NA	"GAGCTGGGGGACTCAGCTTTGTATTTCTGTGCCAGCAGCGTAAGGTAGGGACTAGCGGGACCTCAGGGGGAGCTGTTTTTTGGAGAA"	FALSE	TRUE	NA	NA	NA	NA
"ATCCAGCCCTCAGAACCCAGGGACTCAGCTGTGTACTTCTGTGCCAGCAGCCCCGGGACAGGGCCAGAGACCCAGTACTTCGGGCCA"	"CASSPGTGPETQYF"	"ATCCAGCCCTCAGAACCCAGGGACTCAGCTGTGTACTTCTGTGCCAGCAGCCCCGGGACAGGGCCAGAGACCCAGTACTTCGGGCCA"	"CASSPGTGPETQYF"	NA	"TCRBD1-1*1"	"TCRBJ2-5*1"	50	54	63	65	4	2	NA	NA	"ATCCAGCCCTCAGAACCCAGGGACTCAGCTGTGTACTTCTGTGCCAGCAGCCCCGGGACAGGGCCAGAGACCCAGTACTTCGGGCCA"	FALSE	TRUE	NA	NA	NA	NA
"CAGCAGGTAGTGCGAGGAGATTCGGCAGCTTATTTCTGTGCCAGCTCACCCGAGACAGGGGAAAACGGGGAGCTGTTTTTTGGAGAA"	"CASSPETGENGELFF"	"CAGCAGGTAGTGCGAGGAGATTCGGCAGCTTATTTCTGTGCCAGCTCACCCGAGACAGGGGAAAACGGGGAGCTGTTTTTTGGAGAA"	"CASSPETGENGELFF"	"TCRBV18-1*1"	"TCRBD1-1*1"	"TCRBJ2-2*1"	50	53	61	65	3	4	NA	NA	"CAGCAGGTAGTGCGAGGAGATTCGGCAGCTTATTTCTGTGCCAGCTCACCCGAGACAGGGGAAAACGGGGAGCTGTTTTTTGGAGAA"	FALSE	TRUE	NA	NA	NA	NA
"AGTGCCCATCCTGAAGACAGCAGCTTCTACATCTGCAGTGCTAGGTGGGGCGGGGGGAACTCATACAATGAGCAGTTCTTCGGGCCA"	"CSARWGGGNSYNEQFF"	"AGTGCCCATCCTGAAGACAGCAGCTTCTACATCTGCAGTGCTAGGTGGGGCGGGGGGAACTCATACAATGAGCAGTTCTTCGGGCCA"	"CSARWGGGNSYNEQFF"	NA	"TCRBD2-1*1"	"TCRBJ2-1*1"	44	49	57	63	5	6	NA	NA	"AGTGCCCATCCTGAAGACAGCAGCTTCTACATCTGCAGTGCTAGGTGGGGCGGGGGGAACTCATACAATGAGCAGTTCTTCGGGCCA"	FALSE	TRUE	NA	NA	NA	NA
"GAGTCTGCCATCCCCAACCAGACAGCTCTTTACTTCTGTGCCACCAGTGGACAGATCCACGGTAACTATGGCTACACCTTCGGTTCG"	"CATSGQIHGNYGYTF"	"GAGTCTGCCATCCCCAACCAGACAGCTCTTTACTTCTGTGCCACCAGTGGACAGATCCACGGTAACTATGGCTACACCTTCGGTTCG"	"CATSGQIHGNYGYTF"	"TCRBV24-1*1"	"TCRBD1-1*1"	"TCRBJ1-2*1"	-1	49	54	62	50	8	NA	NA	"GAGTCTGCCATCCCCAACCAGACAGCTCTTTACTTCTGTGCCACCAGTGGACAGATCCACGGTAACTATGGCTACACCTTCGGTTCG"	FALSE	TRUE	NA	NA	NA	NA
"CAGCGCACAGAGCAGGAGGACTCCGCCGTGTATCTCTGTGCCAGCAGTTCCCCACAGGGGGCACTATACGAGCAGTACTTCGGGCCG"	"CASSSPQGALYEQYF"	"CAGCGCACAGAGCAGGAGGACTCCGCCGTGTATCTCTGTGCCAGCAGTTCCCCACAGGGGGCACTATACGAGCAGTACTTCGGGCCG"	"CASSSPQGALYEQYF"	"TCRBV7-8"	"TCRBD1-1*1"	"TCRBJ2-7*1"	47	53	62	66	6	4	NA	NA	"CAGCGCACAGAGCAGGAGGACTCCGCCGTGTATCTCTGTGCCAGCAGTTCCCCACAGGGGGCACTATACGAGCAGTACTTCGGGCCG"	FALSE	TRUE	NA	NA	NA	NA
"CAGCCTGCAGAACTGGAGGATTCTGGAGTTTATTTCTGTGCCAGCAGCCCACTAGCGGGAGGGCTCGGGACCCAGTACTTCGGGCCA"	"CASSPLAGGLGTQYF"	"CAGCCTGCAGAACTGGAGGATTCTGGAGTTTATTTCTGTGCCAGCAGCCCACTAGCGGGAGGGCTCGGGACCCAGTACTTCGGGCCA"	"CASSPLAGGLGTQYF"	"TCRBV14-1*1"	"TCRBD2-1*2"	"TCRBJ2-5*1"	49	50	63	68	1	5	NA	NA	"CAGCCTGCAGAACTGGAGGATTCTGGAGTTTATTTCTGTGCCAGCAGCCCACTAGCGGGAGGGCTCGGGACCCAGTACTTCGGGCCA"	FALSE	TRUE	NA	NA	NA	NA
"CTAAACCTGAGCTCTCTGGAGCTGGGGGACTCAGCTTTGTATTTCTGTGCCAGCAGCAATAGCGGTAATGAGCAGTTCTTCGGGCCA"	"CASSNSGNEQFF"	"CTAAACCTGAGCTCTCTGGAGCTGGGGGACTCAGCTTTGTATTTCTGTGCCAGCAGCAATAGCGGTAATGAGCAGTTCTTCGGGCCA"	"CASSNSGNEQFF"	"TCRBV9-1*1"	"TCRBD2-1"	"TCRBJ2-1*1"	57	59	65	66	2	1	NA	NA	"CTAAACCTGAGCTCTCTGGAGCTGGGGGACTCAGCTTTGTATTTCTGTGCCAGCAGCAATAGCGGTAATGAGCAGTTCTTCGGGCCA"	FALSE	TRUE	NA	NA	NA	NA
"ACTGTGACATCGGCCCAAAAGAACCCGACAGCTTTCTATCTCTGTGCCAGTAGTACCGGACAGTTATACGAGCAGTACTTCGGGCCG"	"CASSTGQLYEQYF"	"ACTGTGACATCGGCCCAAAAGAACCCGACAGCTTTCTATCTCTGTGCCAGTAGTACCGGACAGTTATACGAGCAGTACTTCGGGCCG"	"CASSTGQLYEQYF"	"TCRBV19-1*1"	"TCRBD1-1*1"	"TCRBJ2-7*1"	55	57	63	66	2	3	NA	NA	"ACTGTGACATCGGCCCAAAAGAACCCGACAGCTTTCTATCTCTGTGCCAGTAGTACCGGACAGTTATACGAGCAGTACTTCGGGCCG"	FALSE	TRUE	NA	NA	NA	NA
"NTGTCGGCTGCTCCCTCCCAAACATCTGTGTACTTCTGTGCCAGCAGTTACGGGATATCTAGTATGGAGACCCAGTACTTCGGGCCA"	"CASSYGISSMETQYF"	"NTGTCGGCTGCTCCCTCCCAAACATCTGTGTACTTCTGTGCCAGCAGTTACGGGATATCTAGTATGGAGACCCAGTACTTCGGGCCA"	"CASSYGISSMETQYF"	"TCRBV6-2/6-3*1"	NA	"TCRBJ2-5*1"	-1	51	55	66	52	11	NA	NA	"NTGTCGGCTGCTCCCTCCCAAACATCTGTGTACTTCTGTGCCAGCAGTTACGGGATATCTAGTATGGAGACCCAGTACTTCGGGCCA"	FALSE	TRUE	NA	NA	NA	NA
"ACGATCCAGCGCACAGAGCAGGAGGACTCCGCCGTGTATCTCTGTGCCAGCAGCTCAGGAGCTGACAATGAGCAGTTCTTCGGGCCA"	"CASSSGADNEQFF"	"ACGATCCAGCGCACAGAGCAGGAGGACTCCGCCGTGTATCTCTGTGCCAGCAGCTCAGGAGCTGACAATGAGCAGTTCTTCGGGCCA"	"CASSSGADNEQFF"	"TCRBV7-8*1"	NA	"TCRBJ2-1*1"	-1	55	59	64	56	5	NA	NA	"ACGATCCAGCGCACAGAGCAGGAGGACTCCGCCGTGTATCTCTGTGCCAGCAGCTCAGGAGCTGACAATGAGCAGTTCTTCGGGCCA"	FALSE	TRUE	NA	NA	NA	NA
"AAGATCCAGCCCTCAGAACCCAGGGACTCAGCTGTGTATTTTTGTGCTAGTGGTTTGGGACGGTCCTACGAGCAGTACTTCGGGCCA"	"CASGLGRSYEQYF"	"AAGATCCAGCCCTCAGAACCCAGGGACTCAGCTGTGTATTTTTGTGCTAGTGGTTTGGGACGGTCCTACGAGCAGTACTTCGGGCCA"	"CASGLGRSYEQYF"	"TCRBV12-5*1"	NA	"TCRBJ2-5*1"	-1	58	61	72	59	11	NA	NA	"AAGATCCAGCCCTCAGAACCCAGGGACTCAGCTGTGTATTTTTGTGCTAGTGGTTTGGGACGGTCCTACGAGCAGTACTTCGGGCCA"	FALSE	TRUE	NA	NA	NA	NA
"GCCTTGTTGCTGGGGGACTCGGCCCTCTATCTCTGTGCCAGCAGCTTCGGCCTAGCGGATTCCTACAATGAGCAGTTCTTCGGGCCA"	"CASSFGLADSYNEQFF"	"GCCTTGTTGCTGGGGGACTCGGCCCTCTATCTCTGTGCCAGCAGCTTCGGCCTAGCGGATTCCTACAATGAGCAGTTCTTCGGGCCA"	"CASSFGLADSYNEQFF"	"TCRBV5-6*1"	"TCRBD2-1"	"TCRBJ2-1*1"	47	51	58	60	4	2	NA	NA	"GCCTTGTTGCTGGGGGACTCGGCCCTCTATCTCTGTGCCAGCAGCTTCGGCCTAGCGGATTCCTACAATGAGCAGTTCTTCGGGCCA"	FALSE	TRUE	NA	NA	NA	NA
"TCCCTGGAGCTTGGTGACTCTGCTGTGTATTTCTGTGCCAGCAGCCAAGATCAGGGGACAGATATCGGGGAGCTGTTTTTTGGAGAA"	"CASSQDQGTDIGELFF"	"TCCCTGGAGCTTGGTGACTCTGCTGTGTATTTCTGTGCCAGCAGCCAAGATCAGGGGACAGATATCGGGGAGCTGTTTTTTGGAGAA"	"CASSQDQGTDIGELFF"	"TCRBV3-1/3-2*1"	"TCRBD1-1*1"	"TCRBJ2-2*1"	50	54	61	65	4	4	NA	NA	"TCCCTGGAGCTTGGTGACTCTGCTGTGTATTTCTGTGCCAGCAGCCAAGATCAGGGGACAGATATCGGGGAGCTGTTTTTTGGAGAA"	FALSE	TRUE	NA	NA	NA	NA
"ACAGTGACCAGTGCCCATCCTGAAGACAGCAGCTTCTACATCTGCAGTGCTAGAAGGACGAACTCCTACGAGCAGTACTTCGGGCCG"	"CSARRTNSYEQYF"	"ACAGTGACCAGTGCCCATCCTGAAGACAGCAGCTTCTACATCTGCAGTGCTAGAAGGACGAACTCCTACGAGCAGTACTTCGGGCCG"	"CSARRTNSYEQYF"	NA	NA	"TCRBJ2-7*1"	54	55	59	62	1	3	NA	NA	"ACAGTGACCAGTGCCCATCCTGAAGACAGCAGCTTCTACATCTGCAGTGCTAGAAGGACGAACTCCTACGAGCAGTACTTCGGGCCG"	FALSE	TRUE	NA	NA	NA	NA
"GCACAGAGCGGGGGGACTCAGCCGTGTATCTCTGTGCCAGCAGCTCACTATAGCGGGAGGGCTACCTACGAGCAGTACTTCGGGCCG"	""	"GCACAGAGCGGGGGGACTCAGCCGTGTATCTCTGTGCCAGCAGCTCACTATAGCGGGAGGGCTACCTACGAGCAGTACTTCGGGCCG"	""	"TCRBV7-3*1"	"TCRBD2-1*2"	"TCRBJ2-7*1"	45	50	61	64	5	3	NA	NA	"GCACAGAGCGGGGGGACTCAGCCGTGTATCTCTGTGCCAGCAGCTCACTATAGCGGGAGGGCTACCTACGAGCAGTACTTCGGGCCG"	FALSE	FALSE	NA	NA	NA	NA
"ACAGTGACCAGTGCCCATCCTGAAGACAGCAGCTTCTACATCTGCAGTGCTAGTGGTGGGGCGGGAGAGACCCAGTACTTCGGGCCA"	"CSASGGAGETQYF"	"ACAGTGACCAGTGCCCATCCTGAAGACAGCAGCTTCTACATCTGCAGTGCTAGTGGTGGGGCGGGAGAGACCCAGTACTTCGGGCCA"	"CSASGGAGETQYF"	"TCRBV2-1*4"	NA	"TCRBJ2-5*1"	55	57	62	65	2	3	NA	NA	"ACAGTGACCAGTGCCCATCCTGAAGACAGCAGCTTCTACATCTGCAGTGCTAGTGGTGGGGCGGGAGAGACCCAGTACTTCGGGCCA"	FALSE	TRUE	NA	NA	NA	NA
"GATCCGGTCCACAAAGCTGGAGGACTCAGCCATGTACTTCTGTGCCAGCCGGGCTCCCTAGAGAGATATGGCTACACCTTCGGTTCG"	""	"GATCCGGTCCACAAAGCTGGAGGACTCAGCCATGTACTTCTGTGCCAGCCGGGCTCCCTAGAGAGATATGGCTACACCTTCGGTTCG"	""	"TCRBV2-1"	NA	"TCRBJ1-2*1"	49	50	54	66	1	12	NA	NA	"GATCCGGTCCACAAAGCTGGAGGACTCAGCCATGTACTTCTGTGCCAGCCGGGCTCCCTAGAGAGATATGGCTACACCTTCGGTTCG"	FALSE	FALSE	NA	NA	NA	NA
"CCTGCAAAGCTTGAGGACTCGGCCGTGTATCTCTGTGCCAGCAGCTTTGGACAGGGGGGGCGGGATGAAAAACTGTTTTTTGGCAGT"	"CASSFGQGGRDEKLFF"	"CCTGCAAAGCTTGAGGACTCGGCCGTGTATCTCTGTGCCAGCAGCTTTGGACAGGGGGGGCGGGATGAAAAACTGTTTTTTGGCAGT"	"CASSFGQGGRDEKLFF"	"TCRBV11-2"	"TCRBD1-1*1"	"TCRBJ1-4*1"	47	48	58	64	1	6	NA	NA	"CCTGCAAAGCTTGAGGACTCGGCCGTGTATCTCTGTGCCAGCAGCTTTGGACAGGGGGGGCGGGATGAAAAACTGTTTTTTGGCAGT"	FALSE	TRUE	NA	NA	NA	NA
"NNTGTCGGCTGCTCCCTCCCAGACATCTGTGTACTTCTGTGCCAGCAGTTGAGGGACAGGGTTCGAGAGACCCAGTACTTCGGGCCA"	""	"NNTGTCGGCTGCTCCCTCCCAGACATCTGTGTACTTCTGTGCCAGCAGTTGAGGGACAGGGTTCGAGAGACCCAGTACTTCGGGCCA"	""	"TCRBV6-5*1"	"TCRBD1-1*1"	"TCRBJ2-5*1"	50	52	61	65	2	4	NA	NA	"NNTGTCGGCTGCTCCCTCCCAGACATCTGTGTACTTCTGTGCCAGCAGTTGAGGGACAGGGTTCGAGAGACCCAGTACTTCGGGCCA"	FALSE	FALSE	NA	NA	NA	NA
"ATTCTGGAGTCCGCCAGCACCAACCAGACATCTATGTACCTCTGTGCCAGCGAGACAGGGGGAAGGAATGAGCAGTTCTTCGGGCCA"	"CASETGGRNEQFF"	"ATTCTGGAGTCCGCCAGCACCAACCAGACATCTATGTACCTCTGTGCCAGCGAGACAGGGGGAAGGAATGAGCAGTTCTTCGGGCCA"	"CASETGGRNEQFF"	"TCRBV28-1*1"	"TCRBD1-1*1"	"TCRBJ2-1*1"	51	53	62	66	2	4	NA	NA	"ATTCTGGAGTCCGCCAGCACCAACCAGACATCTATGTACCTCTGTGCCAGCGAGACAGGGGGAAGGAATGAGCAGTTCTTCGGGCCA"	FALSE	TRUE	NA	NA	NA	NA
"ACTCTGGAGTCCGCTACCAGCTCCCAGACATCTGTGTACTTCTGTGCCATCAGTGGCCAGATGGGGGAGACCCAGTACTTCGGGCCA"	"CAISGQMGETQYF"	"ACTCTGGAGTCCGCTACCAGCTCCCAGACATCTGTGTACTTCTGTGCCATCAGTGGCCAGATGGGGGAGACCCAGTACTTCGGGCCA"	"CAISGQMGETQYF"	"TCRBV1-3*1"	NA	"TCRBJ2-5*1"	55	62	-1	66	7	67	NA	NA	"ACTCTGGAGTCCGCTACCAGCTCCCAGACATCTGTGTACTTCTGTGCCATCAGTGGCCAGATGGGGGAGACCCAGTACTTCGGGCCA"	FALSE	TRUE	NA	NA	NA	NA
"NNNNNNNTGTCGGCTGCTCCCTCCCAGACATCTGTGTACTTCTGTGCCAGCAGTTACACCGGGACAGAAGAAGCTTTCTTTGGACAA"	"CASSYTGTEEAFF"	"NNNNNNNTGTCGGCTGCTCCCTCCCAGACATCTGTGTACTTCTGTGCCAGCAGTTACACCGGGACAGAAGAAGCTTTCTTTGGACAA"	"CASSYTGTEEAFF"	"TCRBV6-5*1"	"TCRBD1-1*1"	"TCRBJ1-1*1"	57	60	67	69	3	2	NA	NA	"NNNNNNNTGTCGGCTGCTCCCTCCCAGACATCTGTGTACTTCTGTGCCAGCAGTTACACCGGGACAGAAGAAGCTTTCTTTGGACAA"	FALSE	TRUE	NA	NA	NA	NA
"GATCCTGGAGTCGCCCAGCCCCAACCAGACCTCTCTGTACTTCTGTGCCAGCTGCCGTAGAGGCCCTACGAGCAGTACTTCGGGCCG"	""	"GATCCTGGAGTCGCCCAGCCCCAACCAGACCTCTCTGTACTTCTGTGCCAGCTGCCGTAGAGGCCCTACGAGCAGTACTTCGGGCCG"	""	"TCRBV27-1*1"	"TCRBD2-1*2"	"TCRBJ2-7*1"	52	59	63	64	7	1	NA	NA	"GATCCTGGAGTCGCCCAGCCCCAACCAGACCTCTCTGTACTTCTGTGCCAGCTGCCGTAGAGGCCCTACGAGCAGTACTTCGGGCCG"	FALSE	FALSE	NA	NA	NA	NA
"CCTGCAGAGCTTGGGGACTCGGCCGTGTATCTCTGTGCCAGCAGCCCGAGACTAGCGGGAGCGCGGGAGACCCAGTACTTCGGGCCA"	"CASSPRLAGARETQYF"	"CCTGCAGAGCTTGGGGACTCGGCCGTGTATCTCTGTGCCAGCAGCCCGAGACTAGCGGGAGCGCGGGAGACCCAGTACTTCGGGCCA"	"CASSPRLAGARETQYF"	"TCRBV11-3*1"	"TCRBD2-1*2"	"TCRBJ2-5*1"	45	49	61	66	4	5	NA	NA	"CCTGCAGAGCTTGGGGACTCGGCCGTGTATCTCTGTGCCAGCAGCCCGAGACTAGCGGGAGCGCGGGAGACCCAGTACTTCGGGCCA"	FALSE	TRUE	NA	NA	NA	NA
"CCTGCAGAGCTTGGGGACTCGGCCATGTATCTCTGTGCCAGCAGCTTAGCAATAGCGGGAGCGGTCGGGGAGCTGTTTTTTGGAGAA"	"CASSLAIAGAVGELFF"	"CCTGCAGAGCTTGGGGACTCGGCCATGTATCTCTGTGCCAGCAGCTTAGCAATAGCGGGAGCGGTCGGGGAGCTGTTTTTTGGAGAA"	"CASSLAIAGAVGELFF"	"TCRBV11-1*1"	"TCRBD2-1*2"	"TCRBJ2-2*1"	50	52	61	65	2	4	NA	NA	"CCTGCAGAGCTTGGGGACTCGGCCATGTATCTCTGTGCCAGCAGCTTAGCAATAGCGGGAGCGGTCGGGGAGCTGTTTTTTGGAGAA"	FALSE	TRUE	NA	NA	NA	NA
"TTGGAGCTGGGGGACTCGGCCCTTTATCTTTGCGCCAGCAGCTTGGTAAGGGGGCAGGCGAACACCGGGGAGCTGTTTTTTGGAGAA"	"CASSLVRGQANTGELFF"	"TTGGAGCTGGGGGACTCGGCCCTTTATCTTTGCGCCAGCAGCTTGGTAAGGGGGCAGGCGAACACCGGGGAGCTGTTTTTTGGAGAA"	"CASSLVRGQANTGELFF"	"TCRBV5-1*1"	"TCRBD1-1*1"	"TCRBJ2-2*1"	46	48	55	58	2	3	NA	NA	"TTGGAGCTGGGGGACTCGGCCCTTTATCTTTGCGCCAGCAGCTTGGTAAGGGGGCAGGCGAACACCGGGGAGCTGTTTTTTGGAGAA"	FALSE	TRUE	NA	NA	NA	NA
"CTGGAGTCGCCCAGCCCCAACCAGACCTCTCTGTACTTCTGTGCCAGCAGCTCGGGAGCTGGCTACAATGAGCAGTTCTTCGGGCCA"	"CASSSGAGYNEQFF"	"CTGGAGTCGCCCAGCCCCAACCAGACCTCTCTGTACTTCTGTGCCAGCAGCTCGGGAGCTGGCTACAATGAGCAGTTCTTCGGGCCA"	"CASSSGAGYNEQFF"	"TCRBV27-1*1"	"TCRBD2-1*2"	"TCRBJ2-1*1"	50	52	58	62	2	4	NA	NA	"CTGGAGTCGCCCAGCCCCAACCAGACCTCTCTGTACTTCTGTGCCAGCAGCTCGGGAGCTGGCTACAATGAGCAGTTCTTCGGGCCA"	FALSE	TRUE	NA	NA	NA	NA
"GAGTCGCCCAGCCCCAACCAGACCTCTCTGTACTTCTGTGCCAGCAGTAGTCCCCGGGACAGAAATCAGCCCCAGCATTTTGGTGAT"	"CASSSPRDRNQPQHF"	"GAGTCGCCCAGCCCCAACCAGACCTCTCTGTACTTCTGTGCCAGCAGTAGTCCCCGGGACAGAAATCAGCCCCAGCATTTTGGTGAT"	"CASSSPRDRNQPQHF"	"TCRBV27-1*1"	"TCRBD1-1*1"	"TCRBJ1-5*1"	48	55	62	63	7	1	NA	NA	"GAGTCGCCCAGCCCCAACCAGACCTCTCTGTACTTCTGTGCCAGCAGTAGTCCCCGGGACAGAAATCAGCCCCAGCATTTTGGTGAT"	FALSE	TRUE	NA	NA	NA	NA
"GAGTCTGCCATCCCCAACCAGACAGCTCTTTACTTCTGTGCCACCAGTGATACACGGACAGGGTCTGCTGAGCAGTTCTTCGGGCCA"	"CATSDTRTGSAEQFF"	"GAGTCTGCCATCCCCAACCAGACAGCTCTTTACTTCTGTGCCACCAGTGATACACGGACAGGGTCTGCTGAGCAGTTCTTCGGGCCA"	"CATSDTRTGSAEQFF"	"TCRBV24-1*1"	"TCRBD1-1*1"	"TCRBJ2-1*1"	51	55	63	68	4	5	NA	NA	"GAGTCTGCCATCCCCAACCAGACAGCTCTTTACTTCTGTGCCACCAGTGATACACGGACAGGGTCTGCTGAGCAGTTCTTCGGGCCA"	FALSE	TRUE	NA	NA	NA	NA
"ATCCTGGAGTCGCCCAGCCCCAACCAGACCTCTCTGTACTTCTGTGCCAGCCAACGAGCAGGGACAGATACGCAGTATTTTGGCCCA"	"CASQRAGTDTQYF"	"ATCCTGGAGTCGCCCAGCCCCAACCAGACCTCTCTGTACTTCTGTGCCAGCCAACGAGCAGGGACAGATACGCAGTATTTTGGCCCA"	"CASQRAGTDTQYF"	"TCRBV27-1*1"	"TCRBD1-1*1"	"TCRBJ2-3*1"	51	58	-1	63	7	64	NA	NA	"ATCCTGGAGTCGCCCAGCCCCAACCAGACCTCTCTGTACTTCTGTGCCAGCCAACGAGCAGGGACAGATACGCAGTATTTTGGCCCA"	FALSE	TRUE	NA	NA	NA	NA
"TGCCCATCCTGAAGACAGCAGCTTCTACATCTGCAGTGCCGAATAGGGGACAGGCCCCCGAACACCGGGGAGCTGTTTTTTGGAGAA"	""	"TGCCCATCCTGAAGACAGCAGCTTCTACATCTGCAGTGCCGAATAGGGGACAGGCCCCCGAACACCGGGGAGCTGTTTTTTGGAGAA"	""	NA	"TCRBD1-1*1"	"TCRBJ2-2*1"	39	46	54	58	7	4	NA	NA	"TGCCCATCCTGAAGACAGCAGCTTCTACATCTGCAGTGCCGAATAGGGGACAGGCCCCCGAACACCGGGGAGCTGTTTTTTGGAGAA"	FALSE	FALSE	NA	NA	NA	NA
"CTAAACCTGAGCTCTCTGGAGCTGGGGGACTCAGCTTTGTATTTCTGTGCCAGCAGCGGTTATACAGATACGCAGTATTTTGGCCCA"	"CASSGYTDTQYF"	"CTAAACCTGAGCTCTCTGGAGCTGGGGGACTCAGCTTTGTATTTCTGTGCCAGCAGCGGTTATACAGATACGCAGTATTTTGGCCCA"	"CASSGYTDTQYF"	"TCRBV9-1*1"	"TCRBD2-1"	"TCRBJ2-3*1"	58	60	62	63	2	1	NA	NA	"CTAAACCTGAGCTCTCTGGAGCTGGGGGACTCAGCTTTGTATTTCTGTGCCAGCAGCGGTTATACAGATACGCAGTATTTTGGCCCA"	FALSE	TRUE	NA	NA	NA	NA
"NTGTCGGCTGCTCCCTCCCAGACATCTGTGTACTTCTGTGCCAGCAGTTACGTCAGGGGGCCCGATCAACCCCAGCATTTTGGTGAT"	"CASSYVRGPDQPQHF"	"NTGTCGGCTGCTCCCTCCCAGACATCTGTGTACTTCTGTGCCAGCAGTTACGTCAGGGGGCCCGATCAACCCCAGCATTTTGGTGAT"	"CASSYVRGPDQPQHF"	"TCRBV6-5*1"	"TCRBD1-1*1"	"TCRBJ1-5*1"	51	53	61	69	2	8	NA	NA	"NTGTCGGCTGCTCCCTCCCAGACATCTGTGTACTTCTGTGCCAGCAGTTACGTCAGGGGGCCCGATCAACCCCAGCATTTTGGTGAT"	FALSE	TRUE	NA	NA	NA	NA
"CGGTCCACAAAGCTGGAGGACTCAGCCATGTACTTCTGTGCCAGCAGTGAAGTAACAATTATCAACTATGGCTACACCTTCGGTTCG"	"CASSEVTIINYGYTF"	"CGGTCCACAAAGCTGGAGGACTCAGCCATGTACTTCTGTGCCAGCAGTGAAGTAACAATTATCAACTATGGCTACACCTTCGGTTCG"	"CASSEVTIINYGYTF"	"TCRBV2-1"	"TCRBD1-1*1"	"TCRBJ1-2*1"	52	54	57	63	2	6	NA	NA	"CGGTCCACAAAGCTGGAGGACTCAGCCATGTACTTCTGTGCCAGCAGTGAAGTAACAATTATCAACTATGGCTACACCTTCGGTTCG"	FALSE	TRUE	NA	NA	NA	NA
"GACATCTGTATATTTCTGCGCCAGCAGTGAGTCACTCGACAGGTAAAATAGGGGGACGAGCGCACAGATACGCAGTATTTTGGCCCA"	""	"GACATCTGTATATTTCTGCGCCAGCAGTGAGTCACTCGACAGGTAAAATAGGGGGACGAGCGCACAGATACGCAGTATTTTGGCCCA"	""	"TCRBV1-1"	"TCRBD1-1*1"	"TCRBJ2-3*1"	33	37	43	61	4	18	NA	NA	"GACATCTGTATATTTCTGCGCCAGCAGTGAGTCACTCGACAGGTAAAATAGGGGGACGAGCGCACAGATACGCAGTATTTTGGCCCA"	FALSE	FALSE	NA	NA	NA	NA
"AATGTGAACGCCTTGGAGCTGGAGGACTCGGCCCTGTATCTCTGTGCCAGCAGCAGGACGAGCTCCTACGAGCAGTACTTCGGGCCG"	"CASSRTSSYEQYF"	"AATGTGAACGCCTTGGAGCTGGAGGACTCGGCCCTGTATCTCTGTGCCAGCAGCAGGACGAGCTCCTACGAGCAGTACTTCGGGCCG"	"CASSRTSSYEQYF"	"TCRBV5-8*1"	NA	"TCRBJ2-7*1"	54	55	59	62	1	3	NA	NA	"AATGTGAACGCCTTGGAGCTGGAGGACTCGGCCCTGTATCTCTGTGCCAGCAGCAGGACGAGCTCCTACGAGCAGTACTTCGGGCCG"	FALSE	TRUE	NA	NA	NA	NA
"GGCCTGGGGGACGCAGCCATGTACCTGTGTGCCACCAGCAGAGGAATCGTCCAGCGGGAGTTGGGTTACGAGCAGTACTTCGGGCCG"	"CATSRGIVQRELGYEQYF"	"GGCCTGGGGGACGCAGCCATGTACCTGTGTGCCACCAGCAGAGGAATCGTCCAGCGGGAGTTGGGTTACGAGCAGTACTTCGGGCCG"	"CATSRGIVQRELGYEQYF"	"TCRBV15-1*2"	"TCRBD2-1*2"	"TCRBJ2-7*1"	43	52	60	66	9	6	NA	NA	"GGCCTGGGGGACGCAGCCATGTACCTGTGTGCCACCAGCAGAGGAATCGTCCAGCGGGAGTTGGGTTACGAGCAGTACTTCGGGCCG"	FALSE	TRUE	NA	NA	NA	NA
"CTGAGCTCTCTGGAGCTGGGGGACTCAGCTTTGTATTTCTGTGCCAGCAGCGTAGGTCAGGGAGAGACTGAAGCTTTCTTTGGACAA"	"CASSVGQGETEAFF"	"CTGAGCTCTCTGGAGCTGGGGGACTCAGCTTTGTATTTCTGTGCCAGCAGCGTAGGTCAGGGAGAGACTGAAGCTTTCTTTGGACAA"	"CASSVGQGETEAFF"	"TCRBV9-1*1"	NA	"TCRBJ1-1*1"	55	57	62	66	2	4	NA	NA	"CTGAGCTCTCTGGAGCTGGGGGACTCAGCTTTGTATTTCTGTGCCAGCAGCGTAGGTCAGGGAGAGACTGAAGCTTTCTTTGGACAA"	FALSE	TRUE	NA	NA	NA	NA
"ACTCTGACTGTGAGCAACATGAGCCCTGAAGACAGCAGCATATATCTCTGCAGCGTTGGTTTAGGACAGGGCGCTTTCTTTGGACAA"	"CSVGLGQGAFF"	"ACTCTGACTGTGAGCAACATGAGCCCTGAAGACAGCAGCATATATCTCTGCAGCGTTGGTTTAGGACAGGGCGCTTTCTTTGGACAA"	"CSVGLGQGAFF"	"TCRBV29-1*1"	"TCRBD1-1*1"	"TCRBJ1-1*1"	58	63	71	72	5	1	NA	NA	"ACTCTGACTGTGAGCAACATGAGCCCTGAAGACAGCAGCATATATCTCTGCAGCGTTGGTTTAGGACAGGGCGCTTTCTTTGGACAA"	FALSE	TRUE	NA	NA	NA	NA
"CAGCGCACAGAGCGGGGGGACTCAGCCGTGTATCTCTGTGCCAGCAGCCCGGGCGGGAGAGTAAGCAATGAGCAGTTCTTCGGGCCA"	"CASSPGGRVSNEQFF"	"CAGCGCACAGAGCGGGGGGACTCAGCCGTGTATCTCTGTGCCAGCAGCCCGGGCGGGAGAGTAAGCAATGAGCAGTTCTTCGGGCCA"	"CASSPGGRVSNEQFF"	"TCRBV7-3*1"	"TCRBD2-1*2"	"TCRBJ2-1*1"	48	52	59	65	4	6	NA	NA	"CAGCGCACAGAGCGGGGGGACTCAGCCGTGTATCTCTGTGCCAGCAGCCCGGGCGGGAGAGTAAGCAATGAGCAGTTCTTCGGGCCA"	FALSE	TRUE	NA	NA	NA	NA
"CTGGAGTCCGCCAGCACCAACCAGACATCTATGTACCTCTGTGCCAGCAGTCGGACAGACAGACACTACGAGCAGTACTTCGGGCCG"	"CASSRTDRHYEQYF"	"CTGGAGTCCGCCAGCACCAACCAGACATCTATGTACCTCTGTGCCAGCAGTCGGACAGACAGACACTACGAGCAGTACTTCGGGCCG"	"CASSRTDRHYEQYF"	"TCRBV28-1*1"	"TCRBD1-1*1"	"TCRBJ2-7*1"	51	52	58	65	1	7	NA	NA	"CTGGAGTCCGCCAGCACCAACCAGACATCTATGTACCTCTGTGCCAGCAGTCGGACAGACAGACACTACGAGCAGTACTTCGGGCCG"	FALSE	TRUE	NA	NA	NA	NA
"GCCTCCTCCCAGACATCTGTATATTTCTGCGCCAGCAGTGACCACGGACTAGCGGGAGGACACACAGATACGCAGTATTTTGGCCCA"	"CASSDHGLAGGHTDTQYF"	"GCCTCCTCCCAGACATCTGTATATTTCTGCGCCAGCAGTGACCACGGACTAGCGGGAGGACACACAGATACGCAGTATTTTGGCCCA"	"CASSDHGLAGGHTDTQYF"	"TCRBV1-1"	"TCRBD2-1*2"	"TCRBJ2-3*1"	41	45	59	62	4	3	NA	NA	"GCCTCCTCCCAGACATCTGTATATTTCTGCGCCAGCAGTGACCACGGACTAGCGGGAGGACACACAGATACGCAGTATTTTGGCCCA"	FALSE	TRUE	NA	NA	NA	NA
"TCCCTGGAGCTTGGTGACTCTGCTGTGTATTTCTGTGCCAGCAGCCTTAGACAGGGAAGGTTGTTCACTGAAGCTTTCTTTGGACAA"	"CASSLRQGRLFTEAFF"	"TCCCTGGAGCTTGGTGACTCTGCTGTGTATTTCTGTGCCAGCAGCCTTAGACAGGGAAGGTTGTTCACTGAAGCTTTCTTTGGACAA"	"CASSLRQGRLFTEAFF"	"TCRBV3-1/3-2*1"	"TCRBD1-1*1"	"TCRBJ1-1*1"	46	49	56	65	3	9	NA	NA	"TCCCTGGAGCTTGGTGACTCTGCTGTGTATTTCTGTGCCAGCAGCCTTAGACAGGGAAGGTTGTTCACTGAAGCTTTCTTTGGACAA"	FALSE	TRUE	NA	NA	NA	NA
"ATCCAGCAGGTAGTGCGAGGAGATTCGGCAGCTTATTTCTGTGCCAGCTCACCGGGACAGGGATATCAGCCCCAGCATTTTGGTGAT"	"CASSPGQGYQPQHF"	"ATCCAGCAGGTAGTGCGAGGAGATTCGGCAGCTTATTTCTGTGCCAGCTCACCGGGACAGGGATATCAGCCCCAGCATTTTGGTGAT"	"CASSPGQGYQPQHF"	"TCRBV18-1*1"	"TCRBD1-1*1"	"TCRBJ1-5*1"	-1	53	62	64	54	2	NA	NA	"ATCCAGCAGGTAGTGCGAGGAGATTCGGCAGCTTATTTCTGTGCCAGCTCACCGGGACAGGGATATCAGCCCCAGCATTTTGGTGAT"	FALSE	TRUE	NA	NA	NA	NA
"CTGAGCTCTCTGGAGCTGGGGGACTCAGCTTTGTATTTCTGTGCCAGCAGCGTATTTAGCGGGAGGGGTGAGCAGTACTTCGGGCCG"	"CASSVFSGRGEQYF"	"CTGAGCTCTCTGGAGCTGGGGGACTCAGCTTTGTATTTCTGTGCCAGCAGCGTATTTAGCGGGAGGGGTGAGCAGTACTTCGGGCCG"	"CASSVFSGRGEQYF"	"TCRBV9-1*1"	"TCRBD2-1*2"	"TCRBJ2-7*1"	54	56	67	69	2	2	NA	NA	"CTGAGCTCTCTGGAGCTGGGGGACTCAGCTTTGTATTTCTGTGCCAGCAGCGTATTTAGCGGGAGGGGTGAGCAGTACTTCGGGCCG"	FALSE	TRUE	NA	NA	NA	NA
"GTGACATCGGCCCAAAAGAACCCGACAGCTTTCTATCTCTGTGCCAGTAGTATTTTCGGACAGGGAGAGACCCAGTACTTCGGGCCA"	"CASSIFGQGETQYF"	"GTGACATCGGCCCAAAAGAACCCGACAGCTTTCTATCTCTGTGCCAGTAGTATTTTCGGACAGGGAGAGACCCAGTACTTCGGGCCA"	"CASSIFGQGETQYF"	"TCRBV19-1*1"	"TCRBD1-1*1"	"TCRBJ2-5*1"	53	57	-1	65	4	66	NA	NA	"GTGACATCGGCCCAAAAGAACCCGACAGCTTTCTATCTCTGTGCCAGTAGTATTTTCGGACAGGGAGAGACCCAGTACTTCGGGCCA"	FALSE	TRUE	NA	NA	NA	NA
"ATCCAGCCTGCAAAGCTTGAGGACTCGGCCGTGTATCTCTGTGCCAGCAGCTGATTAGCGGGGAGTAATGAGCAGTTCTTCGGGCCA"	"CASS*LAGSNEQFF"	"ATCCAGCCTGCAAAGCTTGAGGACTCGGCCGTGTATCTCTGTGCCAGCAGCTGATTAGCGGGGAGTAATGAGCAGTTCTTCGGGCCA"	"CASS*LAGSNEQFF"	"TCRBV11-2*1"	"TCRBD2-1*1"	"TCRBJ2-1*1"	52	55	63	66	3	3	NA	NA	"ATCCAGCCTGCAAAGCTTGAGGACTCGGCCGTGTATCTCTGTGCCAGCAGCTGATTAGCGGGGAGTAATGAGCAGTTCTTCGGGCCA"	FALSE	TRUE	NA	NA	NA	NA
"ATCCAGCGCACAGAGCGGGGGGACTCAGCCGTGTATCTCTGTGCCAGCAGCTTATTCGGGACGGGTTACGAGCAGTACTTCGGGCCG"	"CASSLFGTGYEQYF"	"ATCCAGCGCACAGAGCGGGGGGACTCAGCCGTGTATCTCTGTGCCAGCAGCTTATTCGGGACGGGTTACGAGCAGTACTTCGGGCCG"	"CASSLFGTGYEQYF"	"TCRBV7-3*1"	NA	"TCRBJ2-7*1"	54	57	62	66	3	4	NA	NA	"ATCCAGCGCACAGAGCGGGGGGACTCAGCCGTGTATCTCTGTGCCAGCAGCTTATTCGGGACGGGTTACGAGCAGTACTTCGGGCCG"	FALSE	TRUE	NA	NA	NA	NA
"TCACGTTGGCGTCTGCTGTACCCTCTCAGACATCTGTGTACTTCTGTGCCATCGCGGGGGAAACAAGAGACCCAGTACTTCGGGCCA"	""	"TCACGTTGGCGTCTGCTGTACCCTCTCAGACATCTGTGTACTTCTGTGCCATCGCGGGGGAAACAAGAGACCCAGTACTTCGGGCCA"	""	"TCRBV6-4*1"	"TCRBD2-1*1"	"TCRBJ2-5*1"	51	53	60	63	2	3	NA	NA	"TCACGTTGGCGTCTGCTGTACCCTCTCAGACATCTGTGTACTTCTGTGCCATCGCGGGGGAAACAAGAGACCCAGTACTTCGGGCCA"	FALSE	FALSE	NA	NA	NA	NA
"GTGAGCAACATGAGCCCTGAAGACAGCAGCATATATCTCTGCAGCGTTGTGGGGGATTGGGGCACAGATACGCAGTATTTTGGCCCA"	"CSVVGDWGTDTQYF"	"GTGAGCAACATGAGCCCTGAAGACAGCAGCATATATCTCTGCAGCGTTGTGGGGGATTGGGGCACAGATACGCAGTATTTTGGCCCA"	"CSVVGDWGTDTQYF"	"TCRBV29-1"	NA	"TCRBJ2-3*1"	49	50	55	61	1	6	NA	NA	"GTGAGCAACATGAGCCCTGAAGACAGCAGCATATATCTCTGCAGCGTTGTGGGGGATTGGGGCACAGATACGCAGTATTTTGGCCCA"	FALSE	TRUE	NA	NA	NA	NA
"GCGCACAGAGCAGCGGGACTCAGCCATGTATCGCTGTGCTAGCAGCTTACGGAGACGAGGGGCGCGTATGGCTACACCTTCGGTTCG"	""	"GCGCACAGAGCAGCGGGACTCAGCCATGTATCGCTGTGCTAGCAGCTTACGGAGACGAGGGGCGCGTATGGCTACACCTTCGGTTCG"	""	"TCRBV7-7*1"	NA	"TCRBJ1-2*1"	49	57	62	66	8	4	NA	NA	"GCGCACAGAGCAGCGGGACTCAGCCATGTATCGCTGTGCTAGCAGCTTACGGAGACGAGGGGCGCGTATGGCTACACCTTCGGTTCG"	FALSE	FALSE	NA	NA	NA	NA
"GAACGCCTTGGAGCTGGAGGACTCGGCCCTGTATCTCTGTGCCAGCAGCTCACGACAGATATCAAGACTGAAGCTTTCTTTGGACAA"	""	"GAACGCCTTGGAGCTGGAGGACTCGGCCCTGTATCTCTGTGCCAGCAGCTCACGACAGATATCAAGACTGAAGCTTTCTTTGGACAA"	""	"TCRBV5-8*1"	"TCRBD1-1*1"	"TCRBJ1-1*1"	50	53	58	66	3	8	NA	NA	"GAACGCCTTGGAGCTGGAGGACTCGGCCCTGTATCTCTGTGCCAGCAGCTCACGACAGATATCAAGACTGAAGCTTTCTTTGGACAA"	FALSE	FALSE	NA	NA	NA	NA
"TGGAGTCCGCCAGCACCAACCAGACATCTATGTACCTCTGTGCCATCCAGAAGGGGGCCTGGGGCCAACGTCCTGACTTTCGGGGCC"	""	"TGGAGTCCGCCAGCACCAACCAGACATCTATGTACCTCTGTGCCATCCAGAAGGGGGCCTGGGGCCAACGTCCTGACTTTCGGGGCC"	""	"TCRBV28-1*1"	"TCRBD1-1*1"	"TCRBJ2-6*1"	45	51	-1	58	6	59	NA	NA	"TGGAGTCCGCCAGCACCAACCAGACATCTATGTACCTCTGTGCCATCCAGAAGGGGGCCTGGGGCCAACGTCCTGACTTTCGGGGCC"	FALSE	FALSE	NA	NA	NA	NA
"TCTGCTGTACCCTCTCAGACATCTGTGTACTTCTGTGCCAGCAGTGACTCCGCGGACAGGGGGCTTTATGGCTACACCTTCGGTTCG"	"CASSDSADRGLYGYTF"	"TCTGCTGTACCCTCTCAGACATCTGTGTACTTCTGTGCCAGCAGTGACTCCGCGGACAGGGGGCTTTATGGCTACACCTTCGGTTCG"	"CASSDSADRGLYGYTF"	"TCRBV6-4*1"	"TCRBD1-1*1"	"TCRBJ1-2*1"	50	53	64	66	3	2	NA	NA	"TCTGCTGTACCCTCTCAGACATCTGTGTACTTCTGTGCCAGCAGTGACTCCGCGGACAGGGGGCTTTATGGCTACACCTTCGGTTCG"	FALSE	TRUE	NA	NA	NA	NA
"ATGAGCCCTGAAGACAGCAGCATATATCTCTGCAGCGTTGTTAGACGATGAGGCAGATCAACTTCTAACGAGCAGTACTTCGGGCCG"	"CSVVRR*GRSTSNEQYF"	"ATGAGCCCTGAAGACAGCAGCATATATCTCTGCAGCGTTGTTAGACGATGAGGCAGATCAACTTCTAACGAGCAGTACTTCGGGCCG"	"CSVVRR*GRSTSNEQYF"	"TCRBV29-1"	"TCRBD2-1*2"	"TCRBJ2-7*1"	40	49	53	67	9	14	NA	NA	"ATGAGCCCTGAAGACAGCAGCATATATCTCTGCAGCGTTGTTAGACGATGAGGCAGATCAACTTCTAACGAGCAGTACTTCGGGCCG"	FALSE	TRUE	NA	NA	NA	NA
"CTGAAGACAGCAGCATATATCTCTGCAGCGTTAGATGGACAGGGTGCGAAGCGGGTTAGCTCCTACAATGAGCAGTTCTTCGGGCCA"	""	"CTGAAGACAGCAGCATATATCTCTGCAGCGTTAGATGGACAGGGTGCGAAGCGGGTTAGCTCCTACAATGAGCAGTTCTTCGGGCCA"	""	"TCRBV29-1"	"TCRBD1-1*1"	"TCRBJ2-1*1"	32	36	44	59	4	15	NA	NA	"CTGAAGACAGCAGCATATATCTCTGCAGCGTTAGATGGACAGGGTGCGAAGCGGGTTAGCTCCTACAATGAGCAGTTCTTCGGGCCA"	FALSE	FALSE	NA	NA	NA	NA
"GCCATCCCCAACCAGACAGCTCTTTACTTCTGTGCCACCAGTGATTTGCAACTCGCCACGGGAAAAGAGACCCAGTACTTCGGGCCA"	"CATSDLQLATGKETQYF"	"GCCATCCCCAACCAGACAGCTCTTTACTTCTGTGCCACCAGTGATTTGCAACTCGCCACGGGAAAAGAGACCCAGTACTTCGGGCCA"	"CATSDLQLATGKETQYF"	"TCRBV24-1*1"	"TCRBD2-1*2"	"TCRBJ2-5*1"	48	58	63	64	10	1	NA	NA	"GCCATCCCCAACCAGACAGCTCTTTACTTCTGTGCCACCAGTGATTTGCAACTCGCCACGGGAAAAGAGACCCAGTACTTCGGGCCA"	FALSE	TRUE	NA	NA	NA	NA
"CTCAGGCTGGAGTTGGCTGCTCCCTCCCAGACATCTGTGTACTTCTGTGCCAGCAGTTACCAGGGGGACGAGCAGTACTTCGGGCCG"	"CASSYQGDEQYF"	"CTCAGGCTGGAGTTGGCTGCTCCCTCCCAGACATCTGTGTACTTCTGTGCCAGCAGTTACCAGGGGGACGAGCAGTACTTCGGGCCG"	"CASSYQGDEQYF"	"TCRBV6-6*1"	"TCRBD1-1*1"	"TCRBJ2-7*1"	-1	60	-1	67	61	68	NA	NA	"CTCAGGCTGGAGTTGGCTGCTCCCTCCCAGACATCTGTGTACTTCTGTGCCAGCAGTTACCAGGGGGACGAGCAGTACTTCGGGCCG"	FALSE	TRUE	NA	NA	NA	NA
"NNNNTGTCGGCTGCTCCCTCCCAGACATCTGTGTACTTCTGTGCCAGCAGTGATAAGGGGGAGAACACTGAAGCTTTCTTTGGACAA"	"CASSDKGENTEAFF"	"NNNNTGTCGGCTGCTCCCTCCCAGACATCTGTGTACTTCTGTGCCAGCAGTGATAAGGGGGAGAACACTGAAGCTTTCTTTGGACAA"	"CASSDKGENTEAFF"	"TCRBV6-1*1"	"TCRBD1-1*1"	"TCRBJ1-1*1"	53	55	61	62	2	1	NA	NA	"NNNNTGTCGGCTGCTCCCTCCCAGACATCTGTGTACTTCTGTGCCAGCAGTGATAAGGGGGAGAACACTGAAGCTTTCTTTGGACAA"	FALSE	TRUE	NA	NA	NA	NA
"ATCCGGTCCACAAAGCTGGAGGACTCAGCCATGTACTTCTGTGCCAGCAAGCTGGACAGGGGAAATCAGCCCCAGCATTTTGGTGAT"	"CASKLDRGNQPQHF"	"ATCCGGTCCACAAAGCTGGAGGACTCAGCCATGTACTTCTGTGCCAGCAAGCTGGACAGGGGAAATCAGCCCCAGCATTTTGGTGAT"	"CASKLDRGNQPQHF"	"TCRBV2-1"	"TCRBD1-1*1"	"TCRBJ1-5*1"	49	53	62	63	4	1	NA	NA	"ATCCGGTCCACAAAGCTGGAGGACTCAGCCATGTACTTCTGTGCCAGCAAGCTGGACAGGGGAAATCAGCCCCAGCATTTTGGTGAT"	FALSE	TRUE	NA	NA	NA	NA
"CGGTCCACAAAGCTGGAGGACTCAGCCATGTACTTCTGTGCCAGCTGCGGCAGGAGCTCCTATAATTCACCCCTCCACTTTGGGAAT"	"CASCGRSSYNSPLHF"	"CGGTCCACAAAGCTGGAGGACTCAGCCATGTACTTCTGTGCCAGCTGCGGCAGGAGCTCCTATAATTCACCCCTCCACTTTGGGAAT"	"CASCGRSSYNSPLHF"	"TCRBV2-1"	NA	"TCRBJ1-6*1"	45	50	54	56	5	2	NA	NA	"CGGTCCACAAAGCTGGAGGACTCAGCCATGTACTTCTGTGCCAGCTGCGGCAGGAGCTCCTATAATTCACCCCTCCACTTTGGGAAT"	FALSE	TRUE	NA	NA	NA	NA
"AGCACCTTGGAGCTGGGGGACTCGGCCCTTTATCTTTGCGCCAGCAGCTTGGATACAGGGGCGGATGAAAAACTGTTTTTTGGCAGT"	"CASSLDTGADEKLFF"	"AGCACCTTGGAGCTGGGGGACTCGGCCCTTTATCTTTGCGCCAGCAGCTTGGATACAGGGGCGGATGAAAAACTGTTTTTTGGCAGT"	"CASSLDTGADEKLFF"	"TCRBV5-1*1"	"TCRBD1-1*1"	"TCRBJ1-4*1"	52	54	61	64	2	3	NA	NA	"AGCACCTTGGAGCTGGGGGACTCGGCCCTTTATCTTTGCGCCAGCAGCTTGGATACAGGGGCGGATGAAAAACTGTTTTTTGGCAGT"	FALSE	TRUE	NA	NA	NA	NA
"TCTAAGAAGCTCCTTCTCAGTGACTCTGGCTTCTATCTCTGTGCCTGGAGTGTAGCTGGGGCCATGGGTGAAGCTTTCTTTGGACAA"	"CAWSVAGAMGEAFF"	"TCTAAGAAGCTCCTTCTCAGTGACTCTGGCTTCTATCTCTGTGCCTGGAGTGTAGCTGGGGCCATGGGTGAAGCTTTCTTTGGACAA"	"CAWSVAGAMGEAFF"	"TCRBV3-1*1"	"TCRBD1-1*1"	"TCRBJ1-1*1"	53	57	62	68	4	6	NA	NA	"TCTAAGAAGCTCCTTCTCAGTGACTCTGGCTTCTATCTCTGTGCCTGGAGTGTAGCTGGGGCCATGGGTGAAGCTTTCTTTGGACAA"	FALSE	TRUE	NA	NA	NA	NA
"CCTGAAGACAGCAGCTTCTACATCTGCAGTGCTAACTGGCCGGCTAGCGGCGCGGCATCTAGCACAGATACGCAGTATTTTGGCCCA"	"CSANWPASGAASSTDTQYF"	"CCTGAAGACAGCAGCTTCTACATCTGCAGTGCTAACTGGCCGGCTAGCGGCGCGGCATCTAGCACAGATACGCAGTATTTTGGCCCA"	"CSANWPASGAASSTDTQYF"	NA	"TCRBD2-1"	"TCRBJ2-3*1"	34	43	50	60	9	10	NA	NA	"CCTGAAGACAGCAGCTTCTACATCTGCAGTGCTAACTGGCCGGCTAGCGGCGCGGCATCTAGCACAGATACGCAGTATTTTGGCCCA"	FALSE	TRUE	NA	NA	NA	NA
"TCCACGGAGTCAGGGGACACAGCACTGTATTTCTGTGCCAGCAAGAGCGGGAGGCATCTCCTATCCTACGAGCAGTACTTCGGGCCG"	"CASKSGRHLLSYEQYF"	"TCCACGGAGTCAGGGGACACAGCACTGTATTTCTGTGCCAGCAAGAGCGGGAGGCATCTCCTATCCTACGAGCAGTACTTCGGGCCG"	"CASKSGRHLLSYEQYF"	"TCRBV21-1*1"	"TCRBD2-1*2"	"TCRBJ2-7*1"	43	45	54	63	2	9	NA	NA	"TCCACGGAGTCAGGGGACACAGCACTGTATTTCTGTGCCAGCAAGAGCGGGAGGCATCTCCTATCCTACGAGCAGTACTTCGGGCCG"	FALSE	TRUE	NA	NA	NA	NA
"CTTGAGGACTCGGCCGTGTATCTCTGTGCCAGCAGCTTATCCCCAGGACTAGCGGGAGGACAGTACAATGAGCAGTTCTTCGGGCCA"	"CASSLSPGLAGGQYNEQFF"	"CTTGAGGACTCGGCCGTGTATCTCTGTGCCAGCAGCTTATCCCCAGGACTAGCGGGAGGACAGTACAATGAGCAGTTCTTCGGGCCA"	"CASSLSPGLAGGQYNEQFF"	"TCRBV11-2"	"TCRBD2-1*2"	"TCRBJ2-1*1"	39	45	59	63	6	4	NA	NA	"CTTGAGGACTCGGCCGTGTATCTCTGTGCCAGCAGCTTATCCCCAGGACTAGCGGGAGGACAGTACAATGAGCAGTTCTTCGGGCCA"	FALSE	TRUE	NA	NA	NA	NA
"CTTCTCAGTGACTCTGGCTTCTATCTCTGTGCCTGGAGTGTCTCGGCGGGACAGAAAATTTTAAATTCACCCCTCCACTTTGGGAAT"	"CAWSVSAGQKILNSPLHF"	"CTTCTCAGTGACTCTGGCTTCTATCTCTGTGCCTGGAGTGTCTCGGCGGGACAGAAAATTTTAAATTCACCCCTCCACTTTGGGAAT"	"CAWSVSAGQKILNSPLHF"	"TCRBV3-1*1"	"TCRBD1-1*1"	"TCRBJ1-6*1"	41	47	54	63	6	9	NA	NA	"CTTCTCAGTGACTCTGGCTTCTATCTCTGTGCCTGGAGTGTCTCGGCGGGACAGAAAATTTTAAATTCACCCCTCCACTTTGGGAAT"	FALSE	TRUE	NA	NA	NA	NA
"TGGGGGACTCGGCCCTTTATCTTTGCGCCAGCACTACGGTAATAACAGGGGGCGCAAAGGTTGAACACTGAAGCTTTCTTTGGACAA"	""	"TGGGGGACTCGGCCCTTTATCTTTGCGCCAGCACTACGGTAATAACAGGGGGCGCAAAGGTTGAACACTGAAGCTTTCTTTGGACAA"	""	"TCRBV5-1*1"	"TCRBD1-1*1"	"TCRBJ1-1*1"	33	44	53	61	11	8	NA	NA	"TGGGGGACTCGGCCCTTTATCTTTGCGCCAGCACTACGGTAATAACAGGGGGCGCAAAGGTTGAACACTGAAGCTTTCTTTGGACAA"	FALSE	FALSE	NA	NA	NA	NA
"CAATTCCCTGGAGCTTGGTGACTCTGCTGTGTATTTCTGTGCCAGCAGCCAGGGGGGGTCCTCTCCTACGAGCAGTACTTCGGGCCG"	""	"CAATTCCCTGGAGCTTGGTGACTCTGCTGTGTATTTCTGTGCCAGCAGCCAGGGGGGGTCCTCTCCTACGAGCAGTACTTCGGGCCG"	""	"TCRBV3-1/3-2*1"	"TCRBD2-1*1"	"TCRBJ2-7*1"	-1	51	58	62	52	4	NA	NA	"CAATTCCCTGGAGCTTGGTGACTCTGCTGTGTATTTCTGTGCCAGCAGCCAGGGGGGGTCCTCTCCTACGAGCAGTACTTCGGGCCG"	FALSE	FALSE	NA	NA	NA	NA
"GTGAGCAACATGAGCCCTGAAGACAGCAGCATATATCTCTGCAGCGTTAAACCGGGACTAGACTCGGGGGAGCAGTACTTCGGGCCG"	"CSVKPGLDSGEQYF"	"GTGAGCAACATGAGCCCTGAAGACAGCAGCATATATCTCTGCAGCGTTAAACCGGGACTAGACTCGGGGGAGCAGTACTTCGGGCCG"	"CSVKPGLDSGEQYF"	"TCRBV29-1"	"TCRBD2-1"	"TCRBJ2-7*1"	48	53	61	69	5	8	NA	NA	"GTGAGCAACATGAGCCCTGAAGACAGCAGCATATATCTCTGCAGCGTTAAACCGGGACTAGACTCGGGGGAGCAGTACTTCGGGCCG"	FALSE	TRUE	NA	NA	NA	NA
"GTGACCAGTGCCCATCCTGAAGACAGCAGCTTCTACATCTGCAGTGCTAGGGGGGACAGGAGTAACTATGGCTACACCTTCGGTTCG"	"CSARGDRSNYGYTF"	"GTGACCAGTGCCCATCCTGAAGACAGCAGCTTCTACATCTGCAGTGCTAGGGGGGACAGGAGTAACTATGGCTACACCTTCGGTTCG"	"CSARGDRSNYGYTF"	NA	"TCRBD1-1*1"	"TCRBJ1-2*1"	50	52	60	62	2	2	NA	NA	"GTGACCAGTGCCCATCCTGAAGACAGCAGCTTCTACATCTGCAGTGCTAGGGGGGACAGGAGTAACTATGGCTACACCTTCGGTTCG"	FALSE	TRUE	NA	NA	NA	NA
"NTGTCGGCTGCTCCCTCCCAGACATCTGTGTACTTCTGTGCCAGCAGTTACGCTCGGGACAGCACAGATACGCAGTATTTTGGCCCA"	"CASSYARDSTDTQYF"	"NTGTCGGCTGCTCCCTCCCAGACATCTGTGTACTTCTGTGCCAGCAGTTACGCTCGGGACAGCACAGATACGCAGTATTTTGGCCCA"	"CASSYARDSTDTQYF"	"TCRBV6-5*1"	NA	"TCRBJ2-3*1"	51	55	-1	60	4	61	NA	NA	"NTGTCGGCTGCTCCCTCCCAGACATCTGTGTACTTCTGTGCCAGCAGTTACGCTCGGGACAGCACAGATACGCAGTATTTTGGCCCA"	FALSE	TRUE	NA	NA	NA	NA
"GAGTTGGCTGCTCCCTCCCAGACATCTGTGTACTTCTGTGCCAGCATCTCTGCCGGGGGAGAAAACACTGAAGCTTTCTTTGGACAA"	"CASISAGGENTEAFF"	"GAGTTGGCTGCTCCCTCCCAGACATCTGTGTACTTCTGTGCCAGCATCTCTGCCGGGGGAGAAAACACTGAAGCTTTCTTTGGACAA"	"CASISAGGENTEAFF"	"TCRBV6-6"	"TCRBD2-1*1"	"TCRBJ1-1*1"	46	53	59	63	7	4	NA	NA	"GAGTTGGCTGCTCCCTCCCAGACATCTGTGTACTTCTGTGCCAGCATCTCTGCCGGGGGAGAAAACACTGAAGCTTTCTTTGGACAA"	FALSE	TRUE	NA	NA	NA	NA
"TCCCAGACATCTGTGTACTTCTGTGCCATCAGTGGCCTTCAGTGAGAAAGGACATCCAATCGGTCCGGGGAGCTGTTTTTTGGAGAA"	"CAISGLQ*ERTSNRSGELFF"	"TCCCAGACATCTGTGTACTTCTGTGCCATCAGTGGCCTTCAGTGAGAAAGGACATCCAATCGGTCCGGGGAGCTGTTTTTTGGAGAA"	"CAISGLQ*ERTSNRSGELFF"	"TCRBV1-3*1"	"TCRBD1-1*1"	"TCRBJ2-2*1"	34	49	54	64	15	10	NA	NA	"TCCCAGACATCTGTGTACTTCTGTGCCATCAGTGGCCTTCAGTGAGAAAGGACATCCAATCGGTCCGGGGAGCTGTTTTTTGGAGAA"	FALSE	TRUE	NA	NA	NA	NA
"CAGCCTGCAGAGCTTGGGGACTCGGCCATGTATCTCTGTGCCAGCAGCTTAGGGGTCTCTGGGGCCAACGTCCTGACTTTCGGGGCC"	"CASSLGVSGANVLTF"	"CAGCCTGCAGAGCTTGGGGACTCGGCCATGTATCTCTGTGCCAGCAGCTTAGGGGTCTCTGGGGCCAACGTCCTGACTTTCGGGGCC"	"CASSLGVSGANVLTF"	"TCRBV11-1*1"	NA	"TCRBJ2-6*1"	-1	52	55	56	53	1	NA	NA	"CAGCCTGCAGAGCTTGGGGACTCGGCCATGTATCTCTGTGCCAGCAGCTTAGGGGTCTCTGGGGCCAACGTCCTGACTTTCGGGGCC"	FALSE	TRUE	NA	NA	NA	NA
"ATCCAGCGCACAGAGCAGGAGGACTCGGCCGTGTATCTCTGTGCCAGCAGCCGAGAGGGGTTATCTGAAAAACTGTTTTTTGGCAGT"	"CASSREGLSEKLFF"	"ATCCAGCGCACAGAGCAGGAGGACTCGGCCGTGTATCTCTGTGCCAGCAGCCGAGAGGGGTTATCTGAAAAACTGTTTTTTGGCAGT"	"CASSREGLSEKLFF"	"TCRBV7-8*3"	"TCRBD1-1*1"	"TCRBJ1-4*1"	-1	55	60	65	56	5	NA	NA	"ATCCAGCGCACAGAGCAGGAGGACTCGGCCGTGTATCTCTGTGCCAGCAGCCGAGAGGGGTTATCTGAAAAACTGTTTTTTGGCAGT"	FALSE	TRUE	NA	NA	NA	NA
"GCCCTGCAGCCAGAAGACTCAGCCCTGTATCTCTGCGCCAGCAGCCAAAAAGGGCTGACTGGGGCCAACGTCCTGACTTTCGGGGCC"	"CASSQKGLTGANVLTF"	"GCCCTGCAGCCAGAAGACTCAGCCCTGTATCTCTGCGCCAGCAGCCAAAAAGGGCTGACTGGGGCCAACGTCCTGACTTTCGGGGCC"	"CASSQKGLTGANVLTF"	"TCRBV4-1*1"	NA	"TCRBJ2-6*1"	48	50	54	58	2	4	NA	NA	"GCCCTGCAGCCAGAAGACTCAGCCCTGTATCTCTGCGCCAGCAGCCAAAAAGGGCTGACTGGGGCCAACGTCCTGACTTTCGGGGCC"	FALSE	TRUE	NA	NA	NA	NA
"ATCCAGCGCACAGAGCAGGGGGACTCGGCCATGTATCTCTGTGCCAGCAGCATGCCCGAATTTGGGGTTACGCAGTATTTTGGCCCA"	"CASSMPEFGVTQYF"	"ATCCAGCGCACAGAGCAGGGGGACTCGGCCATGTATCTCTGTGCCAGCAGCATGCCCGAATTTGGGGTTACGCAGTATTTTGGCCCA"	"CASSMPEFGVTQYF"	"TCRBV7-9*1"	NA	"TCRBJ2-3*1"	51	63	67	68	12	1	NA	NA	"ATCCAGCGCACAGAGCAGGGGGACTCGGCCATGTATCTCTGTGCCAGCAGCATGCCCGAATTTGGGGTTACGCAGTATTTTGGCCCA"	FALSE	TRUE	NA	NA	NA	NA
"CCTGCAGAGCTTGGGGACTCGGCCGTGTATCTCTGTGCCAGCAGCTTACGACTAGCGGGAGCCTACAATGAGCAGTTCTTCGGGCCA"	"CASSLRLAGAYNEQFF"	"CCTGCAGAGCTTGGGGACTCGGCCGTGTATCTCTGTGCCAGCAGCTTACGACTAGCGGGAGCCTACAATGAGCAGTTCTTCGGGCCA"	"CASSLRLAGAYNEQFF"	"TCRBV11-3*1"	"TCRBD2-1*2"	"TCRBJ2-1*1"	48	49	-1	61	1	62	NA	NA	"CCTGCAGAGCTTGGGGACTCGGCCGTGTATCTCTGTGCCAGCAGCTTACGACTAGCGGGAGCCTACAATGAGCAGTTCTTCGGGCCA"	FALSE	TRUE	NA	NA	NA	NA
"CCTTGTTGCTGGGGGACTCGGCCCTCTATCTCTGTGCCAGCGGAGGGGGGCAGATCGCCCCCTACAAGAGGCTACACCTTCGGTTCG"	""	"CCTTGTTGCTGGGGGACTCGGCCCTCTATCTCTGTGCCAGCGGAGGGGGGCAGATCGCCCCCTACAAGAGGCTACACCTTCGGTTCG"	""	"TCRBV5-6*1"	NA	"TCRBJ1-2*1"	41	43	49	69	2	20	NA	NA	"CCTTGTTGCTGGGGGACTCGGCCCTCTATCTCTGTGCCAGCGGAGGGGGGCAGATCGCCCCCTACAAGAGGCTACACCTTCGGTTCG"	FALSE	FALSE	NA	NA	NA	NA
"CTGGAGTCCGCCAGCACCAACCAGACATCTATGTACCTCTGTGCCAGCAGTTCCCGGACGGAGCCCTACGAGCAGTACTTCGGGCCG"	"CASSSRTEPYEQYF"	"CTGGAGTCCGCCAGCACCAACCAGACATCTATGTACCTCTGTGCCAGCAGTTCCCGGACGGAGCCCTACGAGCAGTACTTCGGGCCG"	"CASSSRTEPYEQYF"	"TCRBV28-1*1"	NA	"TCRBJ2-7*1"	52	55	59	64	3	5	NA	NA	"CTGGAGTCCGCCAGCACCAACCAGACATCTATGTACCTCTGTGCCAGCAGTTCCCGGACGGAGCCCTACGAGCAGTACTTCGGGCCG"	FALSE	TRUE	NA	NA	NA	NA
"TGGAGATCCAGTCCACGGAGTCAGGGGACACAGCACTGTATTTCTGTGCCACACCGAGGCGGGATGTCTGGCTACACCTTCGGTTCG"	""	"TGGAGATCCAGTCCACGGAGTCAGGGGACACAGCACTGTATTTCTGTGCCACACCGAGGCGGGATGTCTGGCTACACCTTCGGTTCG"	""	"TCRBV21-1*1"	"TCRBD2-1*2"	"TCRBJ1-2*1"	51	58	64	68	7	4	NA	NA	"TGGAGATCCAGTCCACGGAGTCAGGGGACACAGCACTGTATTTCTGTGCCACACCGAGGCGGGATGTCTGGCTACACCTTCGGTTCG"	FALSE	FALSE	NA	NA	NA	NA
"AAGATCCGGTCCACAAAGCTGGAGGACTCAGCCATGTACTTCTGTGCCAGCAGTGAGGAGACAGCCTACGAGCAGTACTTCGGGCCG"	"CASSEETAYEQYF"	"AAGATCCGGTCCACAAAGCTGGAGGACTCAGCCATGTACTTCTGTGCCAGCAGTGAGGAGACAGCCTACGAGCAGTACTTCGGGCCG"	"CASSEETAYEQYF"	"TCRBV2-1"	"TCRBD1-1*1"	"TCRBJ2-7*1"	56	59	-1	64	3	65	NA	NA	"AAGATCCGGTCCACAAAGCTGGAGGACTCAGCCATGTACTTCTGTGCCAGCAGTGAGGAGACAGCCTACGAGCAGTACTTCGGGCCG"	FALSE	TRUE	NA	NA	NA	NA
"CTGATCCTGGAGTCGCCCAGCCCCAACCAGACCTCTCTGTACTTCTGTGCCAGCAGTTTTGGGAACACTGAAGCTTTCTTTGGACAA"	"CASSFGNTEAFF"	"CTGATCCTGGAGTCGCCCAGCCCCAACCAGACCTCTCTGTACTTCTGTGCCAGCAGTTTTGGGAACACTGAAGCTTTCTTTGGACAA"	"CASSFGNTEAFF"	"TCRBV27-1*1"	NA	"TCRBJ1-1*1"	59	60	-1	62	1	63	NA	NA	"CTGATCCTGGAGTCGCCCAGCCCCAACCAGACCTCTCTGTACTTCTGTGCCAGCAGTTTTGGGAACACTGAAGCTTTCTTTGGACAA"	FALSE	TRUE	NA	NA	NA	NA
"CTGAGCTCTCTGGAGCTGGGGGACTCAGCTTTGTATTTCTGTGCCAGCAGCGGTACCGCATCCGGATCCGAGCAGTACTTCGGGCCG"	"CASSGTASGSEQYF"	"CTGAGCTCTCTGGAGCTGGGGGACTCAGCTTTGTATTTCTGTGCCAGCAGCGGTACCGCATCCGGATCCGAGCAGTACTTCGGGCCG"	"CASSGTASGSEQYF"	"TCRBV9-1*1"	NA	"TCRBJ2-7*1"	52	63	66	68	11	2	NA	NA	"CTGAGCTCTCTGGAGCTGGGGGACTCAGCTTTGTATTTCTGTGCCAGCAGCGGTACCGCATCCGGATCCGAGCAGTACTTCGGGCCG"	FALSE	TRUE	NA	NA	NA	NA
"CCCCTGATCCTGGAGTCGCCCAGCCCCAACCAGACCTCTCTGTACTTCTGTGCCACCAAATCGTCGGAGACCCAGTACTTCGGGCCA"	"CATKSSETQYF"	"CCCCTGATCCTGGAGTCGCCCAGCCCCAACCAGACCTCTCTGTACTTCTGTGCCACCAAATCGTCGGAGACCCAGTACTTCGGGCCA"	"CATKSSETQYF"	"TCRBV27-1*1"	NA	"TCRBJ2-5*1"	55	56	58	66	1	8	NA	NA	"CCCCTGATCCTGGAGTCGCCCAGCCCCAACCAGACCTCTCTGTACTTCTGTGCCACCAAATCGTCGGAGACCCAGTACTTCGGGCCA"	FALSE	TRUE	NA	NA	NA	NA
"ACAGAGCAGGGGGACTCGGCCATGTATCTCTGTGCCAGCAGCCCCAACCCCCCACGTGGAGGTATATATGGCTACACCTTCGGTTCG"	"CASSPNPPRGGIYGYTF"	"ACAGAGCAGGGGGACTCGGCCATGTATCTCTGTGCCAGCAGCCCCAACCCCCCACGTGGAGGTATATATGGCTACACCTTCGGTTCG"	"CASSPNPPRGGIYGYTF"	"TCRBV7-9*1"	"TCRBD2-1*2"	"TCRBJ1-2*1"	42	57	62	66	15	4	NA	NA	"ACAGAGCAGGGGGACTCGGCCATGTATCTCTGTGCCAGCAGCCCCAACCCCCCACGTGGAGGTATATATGGCTACACCTTCGGTTCG"	FALSE	TRUE	NA	NA	NA	NA
"CCACAAAGCTGGAGGACTCAGCCATGTACTTCTGTGCCAGCAGGGGGGACTTATGACTCTGGGGCCAACGTCCTGACTTTCGGGGCC"	""	"CCACAAAGCTGGAGGACTCAGCCATGTACTTCTGTGCCAGCAGGGGGGACTTATGACTCTGGGGCCAACGTCCTGACTTTCGGGGCC"	""	"TCRBV2-1"	"TCRBD2-1"	"TCRBJ2-6*1"	43	45	51	56	2	5	NA	NA	"CCACAAAGCTGGAGGACTCAGCCATGTACTTCTGTGCCAGCAGGGGGGACTTATGACTCTGGGGCCAACGTCCTGACTTTCGGGGCC"	FALSE	FALSE	NA	NA	NA	NA
"ACAGTGACCAGTGCCCATCCTGAAGACAGCAGCTTCTACATCTGCAGTGCTAGAGATAACGGGGAGACGGACCAGTACTTCGGGCCA"	"CSARDNGETDQYF"	"ACAGTGACCAGTGCCCATCCTGAAGACAGCAGCTTCTACATCTGCAGTGCTAGAGATAACGGGGAGACGGACCAGTACTTCGGGCCA"	"CSARDNGETDQYF"	NA	"TCRBD2-1"	"TCRBJ2-5*1"	56	59	64	71	3	7	NA	NA	"ACAGTGACCAGTGCCCATCCTGAAGACAGCAGCTTCTACATCTGCAGTGCTAGAGATAACGGGGAGACGGACCAGTACTTCGGGCCA"	FALSE	TRUE	NA	NA	NA	NA
"NNNNNNNTGTCGGCTGCTCCCTCCCAGACATCTGTGTACTTCTGTGCCAGCAGTTGGGACAGGATTTCACCCCTCCACTTTGGGAAT"	"CASSWDRISPLHF"	"NNNNNNNTGTCGGCTGCTCCCTCCCAGACATCTGTGTACTTCTGTGCCAGCAGTTGGGACAGGATTTCACCCCTCCACTTTGGGAAT"	"CASSWDRISPLHF"	"TCRBV6-5*1"	"TCRBD1-1*1"	"TCRBJ1-6*1"	-1	55	63	65	56	2	NA	NA	"NNNNNNNTGTCGGCTGCTCCCTCCCAGACATCTGTGTACTTCTGTGCCAGCAGTTGGGACAGGATTTCACCCCTCCACTTTGGGAAT"	FALSE	TRUE	NA	NA	NA	NA
"CTCCCCCTCACTCTGGAGTCTGCTGCCTCCTCCCAGACATCTGTATATTTCTGCGCCAGCAGTGAGTCTTGGGGCGACTTCGGGCCA"	"CASSESWGDF"	"CTCCCCCTCACTCTGGAGTCTGCTGCCTCCTCCCAGACATCTGTATATTTCTGCGCCAGCAGTGAGTCTTGGGGCGACTTCGGGCCA"	"CASSESWGDF"	"TCRBV1-1*1"	"TCRBD1-1*1"	"TCRBJ2-5*1"	68	70	75	76	2	1	NA	NA	"CTCCCCCTCACTCTGGAGTCTGCTGCCTCCTCCCAGACATCTGTATATTTCTGCGCCAGCAGTGAGTCTTGGGGCGACTTCGGGCCA"	FALSE	TRUE	NA	NA	NA	NA
"NNNNTGTCGGCTGCTCCCTCCCAGACATCTGTGTACTTCTGTGCCAGCAGTGAAGCGAAGGGGCCCGGGGAGCTGTTTTTTGGAGAA"	"CASSEAKGPGELFF"	"NNNNTGTCGGCTGCTCCCTCCCAGACATCTGTGTACTTCTGTGCCAGCAGTGAAGCGAAGGGGCCCGGGGAGCTGTTTTTTGGAGAA"	"CASSEAKGPGELFF"	"TCRBV6-1*1"	"TCRBD1-1*1"	"TCRBJ2-2*1"	56	58	63	64	2	1	NA	NA	"NNNNTGTCGGCTGCTCCCTCCCAGACATCTGTGTACTTCTGTGCCAGCAGTGAAGCGAAGGGGCCCGGGGAGCTGTTTTTTGGAGAA"	FALSE	TRUE	NA	NA	NA	NA
"ACCAGTGCCCATCCTGAAGACAGCAGCTTCTACATCTGCAGTGCTAAAACTACGGACGGAAACATTTACGAGCAGTACTTCGGGCCG"	"CSAKTTDGNIYEQYF"	"ACCAGTGCCCATCCTGAAGACAGCAGCTTCTACATCTGCAGTGCTAAAACTACGGACGGAAACATTTACGAGCAGTACTTCGGGCCG"	"CSAKTTDGNIYEQYF"	NA	NA	"TCRBJ2-7*1"	46	53	57	66	7	9	NA	NA	"ACCAGTGCCCATCCTGAAGACAGCAGCTTCTACATCTGCAGTGCTAAAACTACGGACGGAAACATTTACGAGCAGTACTTCGGGCCG"	FALSE	TRUE	NA	NA	NA	NA
"CTTCACATCAATTCCCTGGAGCTTGGTGACTCTGCTGTGTATTTCTGTGCCAGCAGCCCGGGGTGGGTTGAGCAGTTCTTCGGGCCA"	"CASSPGWVEQFF"	"CTTCACATCAATTCCCTGGAGCTTGGTGACTCTGCTGTGTATTTCTGTGCCAGCAGCCCGGGGTGGGTTGAGCAGTTCTTCGGGCCA"	"CASSPGWVEQFF"	"TCRBV3-1/3-2*1"	"TCRBD2-1*1"	"TCRBJ2-1*1"	-1	58	63	68	59	5	NA	NA	"CTTCACATCAATTCCCTGGAGCTTGGTGACTCTGCTGTGTATTTCTGTGCCAGCAGCCCGGGGTGGGTTGAGCAGTTCTTCGGGCCA"	FALSE	TRUE	NA	NA	NA	NA
"ACTGTGACATCGGCCCAAAAGAACCCGACAGCTTTCTATCTCTGTGCCAGTAGTGCGGACACCTACAATGAGCAGTTCTTCGGGCCA"	"CASSADTYNEQFF"	"ACTGTGACATCGGCCCAAAAGAACCCGACAGCTTTCTATCTCTGTGCCAGTAGTGCGGACACCTACAATGAGCAGTTCTTCGGGCCA"	"CASSADTYNEQFF"	"TCRBV19-1*1"	"TCRBD1-1*1"	"TCRBJ2-1*1"	54	56	-1	61	2	62	NA	NA	"ACTGTGACATCGGCCCAAAAGAACCCGACAGCTTTCTATCTCTGTGCCAGTAGTGCGGACACCTACAATGAGCAGTTCTTCGGGCCA"	FALSE	TRUE	NA	NA	NA	NA
"GTGAGCACCTTGGAGCTGGGGGACTCGGCCCTTTATCTTTGCGCCAGCAGGCCATTTATCGACAGTACTGAAGCTTTCTTTGGACAA"	"CASRPFIDSTEAFF"	"GTGAGCACCTTGGAGCTGGGGGACTCGGCCCTTTATCTTTGCGCCAGCAGGCCATTTATCGACAGTACTGAAGCTTTCTTTGGACAA"	"CASRPFIDSTEAFF"	"TCRBV5-1*1"	"TCRBD1-1*1"	"TCRBJ1-1*1"	50	60	65	66	10	1	NA	NA	"GTGAGCACCTTGGAGCTGGGGGACTCGGCCCTTTATCTTTGCGCCAGCAGGCCATTTATCGACAGTACTGAAGCTTTCTTTGGACAA"	FALSE	TRUE	NA	NA	NA	NA
"GCCCTGCAGCCAGAAGACTCAGCCCTGTATCTCTGCGCCAGCAGCCAAGTAGGACAGGGAGGTACCGGGGAGCTGTTTTTTGGAGAA"	"CASSQVGQGGTGELFF"	"GCCCTGCAGCCAGAAGACTCAGCCCTGTATCTCTGCGCCAGCAGCCAAGTAGGACAGGGAGGTACCGGGGAGCTGTTTTTTGGAGAA"	"CASSQVGQGGTGELFF"	"TCRBV4-1*1"	"TCRBD1-1*1"	"TCRBJ2-2*1"	49	51	59	63	2	4	NA	NA	"GCCCTGCAGCCAGAAGACTCAGCCCTGTATCTCTGCGCCAGCAGCCAAGTAGGACAGGGAGGTACCGGGGAGCTGTTTTTTGGAGAA"	FALSE	TRUE	NA	NA	NA	NA
"GCAGCCAGAAGACTCGGCCCTGTATCTCTGCGCCAGCAGCCAAGTCTCTCAGGCAGGGGGATAAACTATGGCTACACCTTCGGTTCG"	""	"GCAGCCAGAAGACTCGGCCCTGTATCTCTGCGCCAGCAGCCAAGTCTCTCAGGCAGGGGGATAAACTATGGCTACACCTTCGGTTCG"	""	"TCRBV4-3*1"	"TCRBD1-1*1"	"TCRBJ1-2*1"	44	53	60	63	9	3	NA	NA	"GCAGCCAGAAGACTCGGCCCTGTATCTCTGCGCCAGCAGCCAAGTCTCTCAGGCAGGGGGATAAACTATGGCTACACCTTCGGTTCG"	FALSE	FALSE	NA	NA	NA	NA
"ACGGAGTCAGGGGACACAGCACTGTATTTCTGTGCCAGCAGCAAAAATTAGGAACAGGCAATCCCGGATGAGCAGTTCTTCGGGCCA"	"CASSKN*EQAIPDEQFF"	"ACGGAGTCAGGGGACACAGCACTGTATTTCTGTGCCAGCAGCAAAAATTAGGAACAGGCAATCCCGGATGAGCAGTTCTTCGGGCCA"	"CASSKN*EQAIPDEQFF"	"TCRBV21-1*1"	"TCRBD1-1*1"	"TCRBJ2-1*1"	45	53	58	67	8	9	NA	NA	"ACGGAGTCAGGGGACACAGCACTGTATTTCTGTGCCAGCAGCAAAAATTAGGAACAGGCAATCCCGGATGAGCAGTTCTTCGGGCCA"	FALSE	TRUE	NA	NA	NA	NA
"TTGGAGCTGGGGGACTCAGCCCTGTACTTCTGTGCCAGCAGCTTAGGTGGTACAGGGTGGAAAAACAATGAGCAGTTCTTCGGGCCA"	"CASSLGGTGWKNNEQFF"	"TTGGAGCTGGGGGACTCAGCCCTGTACTTCTGTGCCAGCAGCTTAGGTGGTACAGGGTGGAAAAACAATGAGCAGTTCTTCGGGCCA"	"CASSLGGTGWKNNEQFF"	"TCRBV13-1*1"	"TCRBD1-1*1"	"TCRBJ2-1*1"	47	51	57	64	4	7	NA	NA	"TTGGAGCTGGGGGACTCAGCCCTGTACTTCTGTGCCAGCAGCTTAGGTGGTACAGGGTGGAAAAACAATGAGCAGTTCTTCGGGCCA"	FALSE	TRUE	NA	NA	NA	NA
"GTGAACGCCTTGTTGCTGGGGGACTCGGCCCTCTATCTCTGTGCCAGCAGCGTGACAGGGGGCAACACTGAAGCTTTCTTTGGACAA"	"CASSVTGGNTEAFF"	"GTGAACGCCTTGTTGCTGGGGGACTCGGCCCTCTATCTCTGTGCCAGCAGCGTGACAGGGGGCAACACTGAAGCTTTCTTTGGACAA"	"CASSVTGGNTEAFF"	"TCRBV5-6*1"	"TCRBD1-1*1"	"TCRBJ1-1*1"	51	53	-1	63	2	64	NA	NA	"GTGAACGCCTTGTTGCTGGGGGACTCGGCCCTCTATCTCTGTGCCAGCAGCGTGACAGGGGGCAACACTGAAGCTTTCTTTGGACAA"	FALSE	TRUE	NA	NA	NA	NA
"TCCAGCCCTCAGAACCCAGGGACTCAGCTGTGTACTTCTGTGCCAGCAGCAGTAGCGGGAGGGCCATGCGAGCAGTACTTCGGGCCG"	""	"TCCAGCCCTCAGAACCCAGGGACTCAGCTGTGTACTTCTGTGCCAGCAGCAGTAGCGGGAGGGCCATGCGAGCAGTACTTCGGGCCG"	""	NA	"TCRBD2-1*2"	"TCRBJ2-7*1"	49	52	63	68	3	5	NA	NA	"TCCAGCCCTCAGAACCCAGGGACTCAGCTGTGTACTTCTGTGCCAGCAGCAGTAGCGGGAGGGCCATGCGAGCAGTACTTCGGGCCG"	FALSE	FALSE	NA	NA	NA	NA
"AATGTGAGCACCTTGGAGCTGGGGGACTCGGCCCTTTATCTTTGCGCCAGCAGCTTAGGGGGAATTTACGAGCAGTACTTCGGGCCG"	"CASSLGGIYEQYF"	"AATGTGAGCACCTTGGAGCTGGGGGACTCGGCCCTTTATCTTTGCGCCAGCAGCTTAGGGGGAATTTACGAGCAGTACTTCGGGCCG"	"CASSLGGIYEQYF"	"TCRBV5-1*1"	"TCRBD1-1*1"	"TCRBJ2-7*1"	-1	56	62	66	57	4	NA	NA	"AATGTGAGCACCTTGGAGCTGGGGGACTCGGCCCTTTATCTTTGCGCCAGCAGCTTAGGGGGAATTTACGAGCAGTACTTCGGGCCG"	FALSE	TRUE	NA	NA	NA	NA
"CAGGTAGTGCGAGGAGATTCGGCAGCTTATTTCTGTGCCAGCTCTCCTGCCGGGACTAGCGGGATCTATGAGCAGTTCTTCGGGCCA"	"CASSPAGTSGIYEQFF"	"CAGGTAGTGCGAGGAGATTCGGCAGCTTATTTCTGTGCCAGCTCTCCTGCCGGGACTAGCGGGATCTATGAGCAGTTCTTCGGGCCA"	"CASSPAGTSGIYEQFF"	"TCRBV18-1*1"	"TCRBD2-1*2"	"TCRBJ2-1*1"	44	51	64	67	7	3	NA	NA	"CAGGTAGTGCGAGGAGATTCGGCAGCTTATTTCTGTGCCAGCTCTCCTGCCGGGACTAGCGGGATCTATGAGCAGTTCTTCGGGCCA"	FALSE	TRUE	NA	NA	NA	NA
"NNTGTCGGCTGCTCCCTCCCAGACATCTGTGTACTTCTGTGCCAGCAGTGAACAGGGATAAGGGACTACGAGCAGTACTTCGGGCCG"	""	"NNTGTCGGCTGCTCCCTCCCAGACATCTGTGTACTTCTGTGCCAGCAGTGAACAGGGATAAGGGACTACGAGCAGTACTTCGGGCCG"	""	"TCRBV6-1*1"	"TCRBD1-1*1"	"TCRBJ2-7*1"	-1	52	57	65	53	8	NA	NA	"NNTGTCGGCTGCTCCCTCCCAGACATCTGTGTACTTCTGTGCCAGCAGTGAACAGGGATAAGGGACTACGAGCAGTACTTCGGGCCG"	FALSE	FALSE	NA	NA	NA	NA
"CGGTCCACAAAGCTGGAGGACTCAGCCATGTACTTCTGTGCCAGCAGTAAAGACAGGGGAGGCTCCTACGAGCAGTACTTCGGGCCG"	"CASSKDRGGSYEQYF"	"CGGTCCACAAAGCTGGAGGACTCAGCCATGTACTTCTGTGCCAGCAGTAAAGACAGGGGAGGCTCCTACGAGCAGTACTTCGGGCCG"	"CASSKDRGGSYEQYF"	"TCRBV2-1"	"TCRBD1-1*1"	"TCRBJ2-7*1"	-1	52	59	62	53	3	NA	NA	"CGGTCCACAAAGCTGGAGGACTCAGCCATGTACTTCTGTGCCAGCAGTAAAGACAGGGGAGGCTCCTACGAGCAGTACTTCGGGCCG"	FALSE	TRUE	NA	NA	NA	NA
"CTGGAGTCCGCCAGCACCAACCAGACATCTATGTACCTCTGTGCCAGCAGTTTTCTAGCGAGCACAGATACGCAGTATTTTGGCCCA"	"CASSFLASTDTQYF"	"CTGGAGTCCGCCAGCACCAACCAGACATCTATGTACCTCTGTGCCAGCAGTTTTCTAGCGAGCACAGATACGCAGTATTTTGGCCCA"	"CASSFLASTDTQYF"	"TCRBV28-1*1"	"TCRBD2-1"	"TCRBJ2-3*1"	53	54	-1	60	1	61	NA	NA	"CTGGAGTCCGCCAGCACCAACCAGACATCTATGTACCTCTGTGCCAGCAGTTTTCTAGCGAGCACAGATACGCAGTATTTTGGCCCA"	FALSE	TRUE	NA	NA	NA	NA
"GACACAGCACTGTATTTCTGTGCCAGCAGCACTTGCCGACGGACCGGGGCCCATGGGTGGTCCTACAATGAGCAGTTCTTCGGGCCA"	"CASSTCRRTGAHGWSYNEQFF"	"GACACAGCACTGTATTTCTGTGCCAGCAGCACTTGCCGACGGACCGGGGCCCATGGGTGGTCCTACAATGAGCAGTTCTTCGGGCCA"	"CASSTCRRTGAHGWSYNEQFF"	"TCRBV21-1*1"	NA	"TCRBJ2-1*1"	31	45	50	60	14	10	NA	NA	"GACACAGCACTGTATTTCTGTGCCAGCAGCACTTGCCGACGGACCGGGGCCCATGGGTGGTCCTACAATGAGCAGTTCTTCGGGCCA"	FALSE	TRUE	NA	NA	NA	NA
"GTGAGCACCTTGGAGCTGGGGGACTCGGCCCTTTATCTTTGCGCCAGCAGCCCGTCTGGGCCCACAGATACGCAGTATTTTGGCCCA"	"CASSPSGPTDTQYF"	"GTGAGCACCTTGGAGCTGGGGGACTCGGCCCTTTATCTTTGCGCCAGCAGCCCGTCTGGGCCCACAGATACGCAGTATTTTGGCCCA"	"CASSPSGPTDTQYF"	"TCRBV5-1*1"	"TCRBD1-1*1"	"TCRBJ2-3*1"	51	57	61	62	6	1	NA	NA	"GTGAGCACCTTGGAGCTGGGGGACTCGGCCCTTTATCTTTGCGCCAGCAGCCCGTCTGGGCCCACAGATACGCAGTATTTTGGCCCA"	FALSE	TRUE	NA	NA	NA	NA
"CCGCTCACCAGGCCTGGGGGACGCAGCCATGTACCTGTGTGCCATCCTTCCTGGGGACCGACGAACTATGGCTACACCTTCGGTTCG"	""	"CCGCTCACCAGGCCTGGGGGACGCAGCCATGTACCTGTGTGCCATCCTTCCTGGGGACCGACGAACTATGGCTACACCTTCGGTTCG"	""	"TCRBV15-1*2"	NA	"TCRBJ1-2*1"	44	53	58	63	9	5	NA	NA	"CCGCTCACCAGGCCTGGGGGACGCAGCCATGTACCTGTGTGCCATCCTTCCTGGGGACCGACGAACTATGGCTACACCTTCGGTTCG"	FALSE	FALSE	NA	NA	NA	NA
"GTGACCAGTGCCCATCCTGAAGACAGCAGCTTCTACATCTGCAGTGCTAGAATAGACAGGGTCAATCAGCCCCAGCATTTTGGTGAT"	"CSARIDRVNQPQHF"	"GTGACCAGTGCCCATCCTGAAGACAGCAGCTTCTACATCTGCAGTGCTAGAATAGACAGGGTCAATCAGCCCCAGCATTTTGGTGAT"	"CSARIDRVNQPQHF"	NA	"TCRBD1-1*1"	"TCRBJ1-5*1"	51	54	61	62	3	1	NA	NA	"GTGACCAGTGCCCATCCTGAAGACAGCAGCTTCTACATCTGCAGTGCTAGAATAGACAGGGTCAATCAGCCCCAGCATTTTGGTGAT"	FALSE	TRUE	NA	NA	NA	NA
"GGAGTCAGGGGACACAGCACTGTATTTCTGTGCCAGCAGCAAAGAAGTCGTCGGGAGGCAACTAATGAAAAACTGTTTTTTGGCAGT"	""	"GGAGTCAGGGGACACAGCACTGTATTTCTGTGCCAGCAGCAAAGAAGTCGTCGGGAGGCAACTAATGAAAAACTGTTTTTTGGCAGT"	""	"TCRBV21-1*1"	"TCRBD2-1*2"	"TCRBJ1-4*1"	44	51	-1	58	7	59	NA	NA	"GGAGTCAGGGGACACAGCACTGTATTTCTGTGCCAGCAGCAAAGAAGTCGTCGGGAGGCAACTAATGAAAAACTGTTTTTTGGCAGT"	FALSE	FALSE	NA	NA	NA	NA
"CCTGCAAAGCTTGAGGACTCGGCCGTGTATCTCTGTGCCAGCAGCTTAGCGCAATACCCTGGGGCCAACGTCCTGACTTTCGGGGCC"	"CASSLAQYPGANVLTF"	"CCTGCAAAGCTTGAGGACTCGGCCGTGTATCTCTGTGCCAGCAGCTTAGCGCAATACCCTGGGGCCAACGTCCTGACTTTCGGGGCC"	"CASSLAQYPGANVLTF"	"TCRBV11-2"	NA	"TCRBJ2-6*1"	49	55	57	58	6	1	NA	NA	"CCTGCAAAGCTTGAGGACTCGGCCGTGTATCTCTGTGCCAGCAGCTTAGCGCAATACCCTGGGGCCAACGTCCTGACTTTCGGGGCC"	FALSE	TRUE	NA	NA	NA	NA
"CTAGAGTCTGCCATCCCCAACCAGACAGCTCTTTACTTCTGTGCCACCATACGGGGGCCCTCATTTTCACCCCTCCACTTTGGGAAT"	"CATIRGPSFSPLHF"	"CTAGAGTCTGCCATCCCCAACCAGACAGCTCTTTACTTCTGTGCCACCATACGGGGGCCCTCATTTTCACCCCTCCACTTTGGGAAT"	"CATIRGPSFSPLHF"	"TCRBV24-1*1"	NA	"TCRBJ1-6*1"	49	52	58	65	3	7	NA	NA	"CTAGAGTCTGCCATCCCCAACCAGACAGCTCTTTACTTCTGTGCCACCATACGGGGGCCCTCATTTTCACCCCTCCACTTTGGGAAT"	FALSE	TRUE	NA	NA	NA	NA
"ACCAGTGCCCATCCTGAAGACAGCAGCTTCTACATCTGCAGTGCCTGGGCCAGGTCGCCGGCCGCAGATACGCAGTATTTTGGCCCA"	"CSAWARSPAADTQYF"	"ACCAGTGCCCATCCTGAAGACAGCAGCTTCTACATCTGCAGTGCCTGGGCCAGGTCGCCGGCCGCAGATACGCAGTATTTTGGCCCA"	"CSAWARSPAADTQYF"	NA	"TCRBD1-1*1"	"TCRBJ2-3*1"	44	50	54	64	6	10	NA	NA	"ACCAGTGCCCATCCTGAAGACAGCAGCTTCTACATCTGCAGTGCCTGGGCCAGGTCGCCGGCCGCAGATACGCAGTATTTTGGCCCA"	FALSE	TRUE	NA	NA	NA	NA
"GAGTCGCCCAGCCCCAACCAGACCTCTCTGTACTTCTGTGCCAGCACCACCCGTAGGGCAACTAATGAAAAACTGTTTTTTGGCAGT"	"CASTTRRATNEKLFF"	"GAGTCGCCCAGCCCCAACCAGACCTCTCTGTACTTCTGTGCCAGCACCACCCGTAGGGCAACTAATGAAAAACTGTTTTTTGGCAGT"	"CASTTRRATNEKLFF"	"TCRBV27-1*1"	NA	"TCRBJ1-4*1"	46	54	-1	58	8	59	NA	NA	"GAGTCGCCCAGCCCCAACCAGACCTCTCTGTACTTCTGTGCCAGCACCACCCGTAGGGCAACTAATGAAAAACTGTTTTTTGGCAGT"	FALSE	TRUE	NA	NA	NA	NA
"GCCCAAAAGAACCCGACAGCTTTCTATCTCTGTGCCAGTAGTATCGAGGGGCAGGGGATAGCCAAAAACATTCAGTACTTCGGCGCC"	"CASSIEGQGIAKNIQYF"	"GCCCAAAAGAACCCGACAGCTTTCTATCTCTGTGCCAGTAGTATCGAGGGGCAGGGGATAGCCAAAAACATTCAGTACTTCGGCGCC"	"CASSIEGQGIAKNIQYF"	"TCRBV19-1*1"	"TCRBD1-1*1"	"TCRBJ2-4*1"	44	51	57	59	7	2	NA	NA	"GCCCAAAAGAACCCGACAGCTTTCTATCTCTGTGCCAGTAGTATCGAGGGGCAGGGGATAGCCAAAAACATTCAGTACTTCGGCGCC"	FALSE	TRUE	NA	NA	NA	NA
"GTGACCAGTGCCCATCCTGAAGACAGCAGCTTCTACATCTGCAGTGCTCTGTGGGACAGGCAAACCTACGAGCAGTACTTCGGGCCG"	"CSALWDRQTYEQYF"	"GTGACCAGTGCCCATCCTGAAGACAGCAGCTTCTACATCTGCAGTGCTCTGTGGGACAGGCAAACCTACGAGCAGTACTTCGGGCCG"	"CSALWDRQTYEQYF"	NA	"TCRBD1-1*1"	"TCRBJ2-7*1"	48	52	60	64	4	4	NA	NA	"GTGACCAGTGCCCATCCTGAAGACAGCAGCTTCTACATCTGCAGTGCTCTGTGGGACAGGCAAACCTACGAGCAGTACTTCGGGCCG"	FALSE	TRUE	NA	NA	NA	NA
"AGCTCTCTGGAGCTGGGGGACTCAGCTTTGTATTTCTGTGCCAGCAGCGTAGGCGGGAGGGAGCAAGAGACCCAGTACTTCGGGCCA"	"CASSVGGREQETQYF"	"AGCTCTCTGGAGCTGGGGGACTCAGCTTTGTATTTCTGTGCCAGCAGCGTAGGCGGGAGGGAGCAAGAGACCCAGTACTTCGGGCCA"	"CASSVGGREQETQYF"	"TCRBV9-1*1"	"TCRBD2-1*2"	"TCRBJ2-5*1"	-1	52	61	63	53	2	NA	NA	"AGCTCTCTGGAGCTGGGGGACTCAGCTTTGTATTTCTGTGCCAGCAGCGTAGGCGGGAGGGAGCAAGAGACCCAGTACTTCGGGCCA"	FALSE	TRUE	NA	NA	NA	NA
"TCCCTGATTCTGGAGTCCGCCAGCACCAACCAGACATCTATGTACCTCTGTGCCAGCACAGGGTCCGGGCGAGCTTTCTTTGGACAA"	"CASTGSGRAFF"	"TCCCTGATTCTGGAGTCCGCCAGCACCAACCAGACATCTATGTACCTCTGTGCCAGCACAGGGTCCGGGCGAGCTTTCTTTGGACAA"	"CASTGSGRAFF"	"TCRBV28-1*1"	"TCRBD1-1*1"	"TCRBJ1-1*1"	-1	58	63	71	59	8	NA	NA	"TCCCTGATTCTGGAGTCCGCCAGCACCAACCAGACATCTATGTACCTCTGTGCCAGCACAGGGTCCGGGCGAGCTTTCTTTGGACAA"	FALSE	TRUE	NA	NA	NA	NA
"TCGGCTGCTCCCTCCCAGACATCTGTGTACTTCTGTGCCAGCAGTTACGGGCTAGCCAGCTCCTACAATGAGCAGTTCTTCGGGCCA"	"CASSYGLASSYNEQFF"	"TCGGCTGCTCCCTCCCAGACATCTGTGTACTTCTGTGCCAGCAGTTACGGGCTAGCCAGCTCCTACAATGAGCAGTTCTTCGGGCCA"	"CASSYGLASSYNEQFF"	"TCRBV6-5*1"	"TCRBD2-1"	"TCRBJ2-1*1"	48	51	56	59	3	3	NA	NA	"TCGGCTGCTCCCTCCCAGACATCTGTGTACTTCTGTGCCAGCAGTTACGGGCTAGCCAGCTCCTACAATGAGCAGTTCTTCGGGCCA"	FALSE	TRUE	NA	NA	NA	NA
"GCACCTTGGAGCTGGGGGACTCGGCCCTTTATCTTTGCGCCAGCAGCTTCCCGGGACAGGGGTTGGGGCGAGCAGTACTTCGGGCCG"	""	"GCACCTTGGAGCTGGGGGACTCGGCCCTTTATCTTTGCGCCAGCAGCTTCCCGGGACAGGGGTTGGGGCGAGCAGTACTTCGGGCCG"	""	"TCRBV5-1*1"	"TCRBD1-1*1"	"TCRBJ2-7*1"	49	52	62	68	3	6	NA	NA	"GCACCTTGGAGCTGGGGGACTCGGCCCTTTATCTTTGCGCCAGCAGCTTCCCGGGACAGGGGTTGGGGCGAGCAGTACTTCGGGCCG"	FALSE	FALSE	NA	NA	NA	NA
"CTGCAGCCAGAAGACTCGGCCCTGTATCTCTGCGCCAGCAGCCAAGTTTTAGGGACAACCAACACCGGGGAGCTGTTTTTTGGAGAA"	"CASSQVLGTTNTGELFF"	"CTGCAGCCAGAAGACTCGGCCCTGTATCTCTGCGCCAGCAGCCAAGTTTTAGGGACAACCAACACCGGGGAGCTGTTTTTTGGAGAA"	"CASSQVLGTTNTGELFF"	"TCRBV4-3*1"	"TCRBD1-1*1"	"TCRBJ2-2*1"	46	51	57	60	5	3	NA	NA	"CTGCAGCCAGAAGACTCGGCCCTGTATCTCTGCGCCAGCAGCCAAGTTTTAGGGACAACCAACACCGGGGAGCTGTTTTTTGGAGAA"	FALSE	TRUE	NA	NA	NA	NA
"CACGCCCTGCAGCCAGAAGACTCAGCCCTGTATCTCTGCGCCAGCAGCCAATCTCGGAACCTTTACAATGAGCAGTTCTTCGGGCCA"	"CASSQSRNLYNEQFF"	"CACGCCCTGCAGCCAGAAGACTCAGCCCTGTATCTCTGCGCCAGCAGCCAATCTCGGAACCTTTACAATGAGCAGTTCTTCGGGCCA"	"CASSQSRNLYNEQFF"	"TCRBV4-1*1"	NA	"TCRBJ2-1*1"	51	55	58	63	4	5	NA	NA	"CACGCCCTGCAGCCAGAAGACTCAGCCCTGTATCTCTGCGCCAGCAGCCAATCTCGGAACCTTTACAATGAGCAGTTCTTCGGGCCA"	FALSE	TRUE	NA	NA	NA	NA
"GAGATCCAGCGCACAGAGCAGGGGGACTCGGCCATGTATCTCTGTGCCAGCAGCAGCAGGACCCTCTACGAGCAGTACTTCGGGCCG"	"CASSSRTLYEQYF"	"GAGATCCAGCGCACAGAGCAGGGGGACTCGGCCATGTATCTCTGTGCCAGCAGCAGCAGGACCCTCTACGAGCAGTACTTCGGGCCG"	"CASSSRTLYEQYF"	"TCRBV7-9*1"	NA	"TCRBJ2-7*1"	54	58	62	65	4	3	NA	NA	"GAGATCCAGCGCACAGAGCAGGGGGACTCGGCCATGTATCTCTGTGCCAGCAGCAGCAGGACCCTCTACGAGCAGTACTTCGGGCCG"	FALSE	TRUE	NA	NA	NA	NA
"TCAGAACCCAGGGACTCAGCTGTGTACTTCTGTGCCAGCAGTAACGCAGCCATCCTAGGGGACACAGATACGCAGTATTTTGGCCCA"	"CASSNAAILGDTDTQYF"	"TCAGAACCCAGGGACTCAGCTGTGTACTTCTGTGCCAGCAGTAACGCAGCCATCCTAGGGGACACAGATACGCAGTATTTTGGCCCA"	"CASSNAAILGDTDTQYF"	NA	"TCRBD1-1*1"	"TCRBJ2-3*1"	42	56	61	62	14	1	NA	NA	"TCAGAACCCAGGGACTCAGCTGTGTACTTCTGTGCCAGCAGTAACGCAGCCATCCTAGGGGACACAGATACGCAGTATTTTGGCCCA"	FALSE	TRUE	NA	NA	NA	NA
"TGGAGCTGGGGGACTCGGCCCTTTATCTTTGCGCCAGCAGCTTGGGGACGCGGGGAGACCTTCTACAATGAGCAGTTCTTCGGGCCA"	""	"TGGAGCTGGGGGACTCGGCCCTTTATCTTTGCGCCAGCAGCTTGGGGACGCGGGGAGACCTTCTACAATGAGCAGTTCTTCGGGCCA"	""	"TCRBV5-1*1"	"TCRBD2-1*1"	"TCRBJ2-1*1"	45	49	55	62	4	7	NA	NA	"TGGAGCTGGGGGACTCGGCCCTTTATCTTTGCGCCAGCAGCTTGGGGACGCGGGGAGACCTTCTACAATGAGCAGTTCTTCGGGCCA"	FALSE	FALSE	NA	NA	NA	NA
"TCACCAGGCCTGGGGGACGCAGCCATGTACCTGTGTGCCACCAGCAGAGGTCCCAGGGGTAGGACTCAGCCCCAGCATTTTGGTGAT"	"CATSRGPRGRTQPQHF"	"TCACCAGGCCTGGGGGACGCAGCCATGTACCTGTGTGCCACCAGCAGAGGTCCCAGGGGTAGGACTCAGCCCCAGCATTTTGGTGAT"	"CATSRGPRGRTQPQHF"	"TCRBV15-1*2"	"TCRBD1-1*1"	"TCRBJ1-5*1"	49	53	59	65	4	6	NA	NA	"TCACCAGGCCTGGGGGACGCAGCCATGTACCTGTGTGCCACCAGCAGAGGTCCCAGGGGTAGGACTCAGCCCCAGCATTTTGGTGAT"	FALSE	TRUE	NA	NA	NA	NA
"AATGTGAGCACCTTGGAGCTGGGGGACTCGGCCCTTTATCTTTGCGCCAGCAGGGAGGGGTCGTTGGATGGCTACACCTTCGGTTCG"	"CASREGSLDGYTF"	"AATGTGAGCACCTTGGAGCTGGGGGACTCGGCCCTTTATCTTTGCGCCAGCAGGGAGGGGTCGTTGGATGGCTACACCTTCGGTTCG"	"CASREGSLDGYTF"	"TCRBV5-1*1"	"TCRBD2-1*2"	"TCRBJ1-2*1"	-1	53	59	67	54	8	NA	NA	"AATGTGAGCACCTTGGAGCTGGGGGACTCGGCCCTTTATCTTTGCGCCAGCAGGGAGGGGTCGTTGGATGGCTACACCTTCGGTTCG"	FALSE	TRUE	NA	NA	NA	NA
"GAGTCGCCCAGCCCCAACCAGACCTCTCTGTACTTCTGTGCCAGCAGTTTATCGAGAGGGTCCTCCTACGAGCAGTACTTCGGGCCG"	"CASSLSRGSSYEQYF"	"GAGTCGCCCAGCCCCAACCAGACCTCTCTGTACTTCTGTGCCAGCAGTTTATCGAGAGGGTCCTCCTACGAGCAGTACTTCGGGCCG"	"CASSLSRGSSYEQYF"	"TCRBV27-1*1"	"TCRBD2-1*2"	"TCRBJ2-7*1"	53	55	60	62	2	2	NA	NA	"GAGTCGCCCAGCCCCAACCAGACCTCTCTGTACTTCTGTGCCAGCAGTTTATCGAGAGGGTCCTCCTACGAGCAGTACTTCGGGCCG"	FALSE	TRUE	NA	NA	NA	NA
"ACAGTGACCAGTGCCCATCCTGAAGACAGCAGCTTCTACATCTGCAGTGCTGGCAGGACCGCCAACTACGAGCAGTACTTCGGGCCG"	"CSAGRTANYEQYF"	"ACAGTGACCAGTGCCCATCCTGAAGACAGCAGCTTCTACATCTGCAGTGCTGGCAGGACCGCCAACTACGAGCAGTACTTCGGGCCG"	"CSAGRTANYEQYF"	NA	NA	"TCRBJ2-7*1"	51	55	59	65	4	6	NA	NA	"ACAGTGACCAGTGCCCATCCTGAAGACAGCAGCTTCTACATCTGCAGTGCTGGCAGGACCGCCAACTACGAGCAGTACTTCGGGCCG"	FALSE	TRUE	NA	NA	NA	NA
"TGAGCACCTTGGAGCTGGGGGACTCGGCCCTTTATCTTTGCGCCAGCAGCGGCGGGTCGTCGAAACTATGGCTACACCTTCGGTTCG"	""	"TGAGCACCTTGGAGCTGGGGGACTCGGCCCTTTATCTTTGCGCCAGCAGCGGCGGGTCGTCGAAACTATGGCTACACCTTCGGTTCG"	""	"TCRBV5-1*1"	"TCRBD2-1"	"TCRBJ1-2*1"	50	51	56	63	1	7	NA	NA	"TGAGCACCTTGGAGCTGGGGGACTCGGCCCTTTATCTTTGCGCCAGCAGCGGCGGGTCGTCGAAACTATGGCTACACCTTCGGTTCG"	FALSE	FALSE	NA	NA	NA	NA
"ATGTGAACGCCTTGTTGCTGGGGGACTCGGCCCTGTATCTCTGTGCCAGCAGGGACCCCTAACACAGATACGCAGTATTTTGGCCCA"	""	"ATGTGAACGCCTTGTTGCTGGGGGACTCGGCCCTGTATCTCTGTGCCAGCAGGGACCCCTAACACAGATACGCAGTATTTTGGCCCA"	""	"TCRBV5-5*1"	NA	"TCRBJ2-3*1"	-1	52	56	62	53	6	NA	NA	"ATGTGAACGCCTTGTTGCTGGGGGACTCGGCCCTGTATCTCTGTGCCAGCAGGGACCCCTAACACAGATACGCAGTATTTTGGCCCA"	FALSE	FALSE	NA	NA	NA	NA
"AGTCAGCTGCTCCCTCTCAGACTTCTGTTTACTTCTGTGCCAGCAGTTACTCGTTAAACAGGGTTCACTGAAGCTTTCTTTGGACAA"	""	"AGTCAGCTGCTCCCTCTCAGACTTCTGTTTACTTCTGTGCCAGCAGTTACTCGTTAAACAGGGTTCACTGAAGCTTTCTTTGGACAA"	""	"TCRBV6-7*1"	"TCRBD1-1*1"	"TCRBJ1-1*1"	52	57	63	65	5	2	NA	NA	"AGTCAGCTGCTCCCTCTCAGACTTCTGTTTACTTCTGTGCCAGCAGTTACTCGTTAAACAGGGTTCACTGAAGCTTTCTTTGGACAA"	FALSE	FALSE	NA	NA	NA	NA
"TTGGCGATCCAGCGCACAGAGCAGGGGGACTCGGCCATGTATCTCTGTGCCAGCGGGGTTACGAACACTGAAGCTTTCTTTGGACAA"	"CASGVTNTEAFF"	"TTGGCGATCCAGCGCACAGAGCAGGGGGACTCGGCCATGTATCTCTGTGCCAGCGGGGTTACGAACACTGAAGCTTTCTTTGGACAA"	"CASGVTNTEAFF"	"TCRBV7-9"	NA	"TCRBJ1-1*1"	-1	54	58	62	55	4	NA	NA	"TTGGCGATCCAGCGCACAGAGCAGGGGGACTCGGCCATGTATCTCTGTGCCAGCGGGGTTACGAACACTGAAGCTTTCTTTGGACAA"	FALSE	TRUE	NA	NA	NA	NA
"GTGACATCGGCCCAAAAGAACCCGACAGCTTTCTATCTCTGTGCCAGTAAGGCGGGACCCCAGAACACTGAAGCTTTCTTTGGACAA"	"CASKAGPQNTEAFF"	"GTGACATCGGCCCAAAAGAACCCGACAGCTTTCTATCTCTGTGCCAGTAAGGCGGGACCCCAGAACACTGAAGCTTTCTTTGGACAA"	"CASKAGPQNTEAFF"	"TCRBV19-1*1"	"TCRBD2-1*2"	"TCRBJ1-1*1"	49	51	57	62	2	5	NA	NA	"GTGACATCGGCCCAAAAGAACCCGACAGCTTTCTATCTCTGTGCCAGTAAGGCGGGACCCCAGAACACTGAAGCTTTCTTTGGACAA"	FALSE	TRUE	NA	NA	NA	NA
"NTGTCGGCTGCTCCCTCCCAAAGATCTGTGTACTTCTGTGCCAGCAGCCTGGAAGGGGCTGGCGGGTCTGAGCAGTTCTTCGGGCCA"	"CASSLEGAGGSEQFF"	"NTGTCGGCTGCTCCCTCCCAAAGATCTGTGTACTTCTGTGCCAGCAGCCTGGAAGGGGCTGGCGGGTCTGAGCAGTTCTTCGGGCCA"	"CASSLEGAGGSEQFF"	"TCRBV6-2*2"	NA	"TCRBJ2-1*1"	49	53	58	68	4	10	NA	NA	"NTGTCGGCTGCTCCCTCCCAAAGATCTGTGTACTTCTGTGCCAGCAGCCTGGAAGGGGCTGGCGGGTCTGAGCAGTTCTTCGGGCCA"	FALSE	TRUE	NA	NA	NA	NA
"CAGCCAGAAGACTCAGCCCTGTATCTCTGCGCCAGCAGCCAAGACCGGTCCGGGACAGGGAATTTCGGGGAGCTGTTTTTTGGAGAA"	"CASSQDRSGTGNFGELFF"	"CAGCCAGAAGACTCAGCCCTGTATCTCTGCGCCAGCAGCCAAGACCGGTCCGGGACAGGGAATTTCGGGGAGCTGTTTTTTGGAGAA"	"CASSQDRSGTGNFGELFF"	"TCRBV4-1*1"	"TCRBD1-1*1"	"TCRBJ2-2*1"	44	51	60	65	7	5	NA	NA	"CAGCCAGAAGACTCAGCCCTGTATCTCTGCGCCAGCAGCCAAGACCGGTCCGGGACAGGGAATTTCGGGGAGCTGTTTTTTGGAGAA"	FALSE	TRUE	NA	NA	NA	NA
"CTGGAGTCTGCCAGGCCCTCACATACCTCTCAGTACCTCTGTGCCAGCAGTGAATATAAAGGGGCCTACGAGCAGTACTTCGGGCCG"	"CASSEYKGAYEQYF"	"CTGGAGTCTGCCAGGCCCTCACATACCTCTCAGTACCTCTGTGCCAGCAGTGAATATAAAGGGGCCTACGAGCAGTACTTCGGGCCG"	"CASSEYKGAYEQYF"	"TCRBV25-1*1"	"TCRBD1-1*1"	"TCRBJ2-7*1"	56	59	-1	64	3	65	NA	NA	"CTGGAGTCTGCCAGGCCCTCACATACCTCTCAGTACCTCTGTGCCAGCAGTGAATATAAAGGGGCCTACGAGCAGTACTTCGGGCCG"	FALSE	TRUE	NA	NA	NA	NA
"TCCCTAGAGTCTGCCATCCCCAACCAGACAGCTCTTTACTTCTGTGCCACCAGTGAACGAGACAGAGGGGAGCTGTTTTTTGGAGAA"	"CATSERDRGELFF"	"TCCCTAGAGTCTGCCATCCCCAACCAGACAGCTCTTTACTTCTGTGCCACCAGTGAACGAGACAGAGGGGAGCTGTTTTTTGGAGAA"	"CATSERDRGELFF"	"TCRBV24-1*1"	"TCRBD1-1*1"	"TCRBJ2-2*1"	56	60	65	66	4	1	NA	NA	"TCCCTAGAGTCTGCCATCCCCAACCAGACAGCTCTTTACTTCTGTGCCACCAGTGAACGAGACAGAGGGGAGCTGTTTTTTGGAGAA"	FALSE	TRUE	NA	NA	NA	NA
"GCCTTGGAGCTGGACGACTCGGCCCTGTATCTCTGTGCCAGCAGCTCACGACAGGGGGCTAACACCGGGGAGCTGTTTTTTGGAGAA"	"CASSSRQGANTGELFF"	"GCCTTGGAGCTGGACGACTCGGCCCTGTATCTCTGTGCCAGCAGCTCACGACAGGGGGCTAACACCGGGGAGCTGTTTTTTGGAGAA"	"CASSSRQGANTGELFF"	"TCRBV5-4*1"	"TCRBD1-1*1"	"TCRBJ2-2*1"	46	49	59	60	3	1	NA	NA	"GCCTTGGAGCTGGACGACTCGGCCCTGTATCTCTGTGCCAGCAGCTCACGACAGGGGGCTAACACCGGGGAGCTGTTTTTTGGAGAA"	FALSE	TRUE	NA	NA	NA	NA
"GAGTCCGCCAGCACCAACCAGACATCTATGTACCTCTGTGCCAGCGCGGCTAGCGGGAGCCGGACGGAGACCCAGTACTTCGGGCCA"	"CASAASGSRTETQYF"	"GAGTCCGCCAGCACCAACCAGACATCTATGTACCTCTGTGCCAGCGCGGCTAGCGGGAGCCGGACGGAGACCCAGTACTTCGGGCCA"	"CASAASGSRTETQYF"	"TCRBV28-1*1"	"TCRBD2-1*2"	"TCRBJ2-5*1"	45	49	59	66	4	7	NA	NA	"GAGTCCGCCAGCACCAACCAGACATCTATGTACCTCTGTGCCAGCGCGGCTAGCGGGAGCCGGACGGAGACCCAGTACTTCGGGCCA"	FALSE	TRUE	NA	NA	NA	NA
"TCTGCCATCCCCAACCAGACAGCTCTTTACTTCTGTGCCACCAGTGGGGAGAGGACAGGGGCTTCCTACGAGCAGTACTTCGGGCCG"	"CATSGERTGASYEQYF"	"TCTGCCATCCCCAACCAGACAGCTCTTTACTTCTGTGCCACCAGTGGGGAGAGGACAGGGGCTTCCTACGAGCAGTACTTCGGGCCG"	"CATSGERTGASYEQYF"	"TCRBV24-1*1"	"TCRBD1-1*1"	"TCRBJ2-7*1"	46	52	61	63	6	2	NA	NA	"TCTGCCATCCCCAACCAGACAGCTCTTTACTTCTGTGCCACCAGTGGGGAGAGGACAGGGGCTTCCTACGAGCAGTACTTCGGGCCG"	FALSE	TRUE	NA	NA	NA	NA
"TTGGAGCTGGGGGACTCGGCCCTTTATCTTTGCGCCAGCAGCCTCCGGGGGGGGCGGATTAAAACTTACGAGCAGTACTTCGGGCCG"	"CASSLRGGRIKTYEQYF"	"TTGGAGCTGGGGGACTCGGCCCTTTATCTTTGCGCCAGCAGCCTCCGGGGGGGGCGGATTAAAACTTACGAGCAGTACTTCGGGCCG"	"CASSLRGGRIKTYEQYF"	"TCRBV5-1*1"	"TCRBD2-1*1"	"TCRBJ2-7*1"	42	45	53	66	3	13	NA	NA	"TTGGAGCTGGGGGACTCGGCCCTTTATCTTTGCGCCAGCAGCCTCCGGGGGGGGCGGATTAAAACTTACGAGCAGTACTTCGGGCCG"	FALSE	TRUE	NA	NA	NA	NA
"CGTTGGCGTCTGCTGTACCCTCTCAGACATCTGTGTACTTCTGTGCCAGCCCCAAGCGGGGGAGGGCAGCCCCAGCATTTTGGTGAT"	""	"CGTTGGCGTCTGCTGTACCCTCTCAGACATCTGTGTACTTCTGTGCCAGCCCCAAGCGGGGGAGGGCAGCCCCAGCATTTTGGTGAT"	""	"TCRBV6-4*1"	"TCRBD2-1*1"	"TCRBJ1-5*1"	50	54	62	66	4	4	NA	NA	"CGTTGGCGTCTGCTGTACCCTCTCAGACATCTGTGTACTTCTGTGCCAGCCCCAAGCGGGGGAGGGCAGCCCCAGCATTTTGGTGAT"	FALSE	FALSE	NA	NA	NA	NA
"CTGGAGTCCGCCAGCACCAACCAGACATCTATGTACCTCTGTGCCAGCAGTTACAGGGGGGGGGCAGATACGCAGTATTTTGGCCCA"	"CASSYRGGADTQYF"	"CTGGAGTCCGCCAGCACCAACCAGACATCTATGTACCTCTGTGCCAGCAGTTACAGGGGGGGGGCAGATACGCAGTATTTTGGCCCA"	"CASSYRGGADTQYF"	"TCRBV28-1*1"	"TCRBD1-1*1"	"TCRBJ2-3*1"	-1	52	60	64	53	4	NA	NA	"CTGGAGTCCGCCAGCACCAACCAGACATCTATGTACCTCTGTGCCAGCAGTTACAGGGGGGGGGCAGATACGCAGTATTTTGGCCCA"	FALSE	TRUE	NA	NA	NA	NA
"ACAAAGCTGGAGGACTCAGCCATGTACTTCTGTGCCAGCAGTGAAAATTTTGCAGGGACCCGCGGCAGGACGCAGTATTTTGGCCCA"	"CASSENFAGTRGRTQYF"	"ACAAAGCTGGAGGACTCAGCCATGTACTTCTGTGCCAGCAGTGAAAATTTTGCAGGGACCCGCGGCAGGACGCAGTATTTTGGCCCA"	"CASSENFAGTRGRTQYF"	"TCRBV2-1"	NA	"TCRBJ2-3*1"	45	54	59	69	9	10	NA	NA	"ACAAAGCTGGAGGACTCAGCCATGTACTTCTGTGCCAGCAGTGAAAATTTTGCAGGGACCCGCGGCAGGACGCAGTATTTTGGCCCA"	FALSE	TRUE	NA	NA	NA	NA
"CCCCTGATCCTGGAGTCGCCCAGCCCCAACCAGACCTCTCTGTACTTCTGTGCCAGCAACCGTTCCAGTGAGCAGTTCTTCGGGCCA"	"CASNRSSEQFF"	"CCCCTGATCCTGGAGTCGCCCAGCCCCAACCAGACCTCTCTGTACTTCTGTGCCAGCAACCGTTCCAGTGAGCAGTTCTTCGGGCCA"	"CASNRSSEQFF"	"TCRBV27-1*1"	"TCRBD1-1*1"	"TCRBJ2-1*1"	58	65	-1	68	7	69	NA	NA	"CCCCTGATCCTGGAGTCGCCCAGCCCCAACCAGACCTCTCTGTACTTCTGTGCCAGCAACCGTTCCAGTGAGCAGTTCTTCGGGCCA"	FALSE	TRUE	NA	NA	NA	NA
"NTGTCGGCTGCTCCCTCCCAGACATCTGTGTACTTCTGTGCCAGCAGTCAAGAGTCAGAGACTGGAAACACCATATATTTTGGAGAG"	"CASSQESETGNTIYF"	"NTGTCGGCTGCTCCCTCCCAGACATCTGTGTACTTCTGTGCCAGCAGTCAAGAGTCAGAGACTGGAAACACCATATATTTTGGAGAG"	"CASSQESETGNTIYF"	NA	NA	"TCRBJ1-3*1"	52	55	58	61	3	3	NA	NA	"NTGTCGGCTGCTCCCTCCCAGACATCTGTGTACTTCTGTGCCAGCAGTCAAGAGTCAGAGACTGGAAACACCATATATTTTGGAGAG"	FALSE	TRUE	NA	NA	NA	NA
"NTGTCGGCTGCTCCCTCCCAGACATCTGTGTACTTCTGTGCCAGCAGTTACTCGGTAGGACACCCCGGCGAGCAGTACTTCGGGCCG"	"CASSYSVGHPGEQYF"	"NTGTCGGCTGCTCCCTCCCAGACATCTGTGTACTTCTGTGCCAGCAGTTACTCGGTAGGACACCCCGGCGAGCAGTACTTCGGGCCG"	"CASSYSVGHPGEQYF"	"TCRBV6-5*1"	"TCRBD1-1*1"	"TCRBJ2-7*1"	53	57	62	68	4	6	NA	NA	"NTGTCGGCTGCTCCCTCCCAGACATCTGTGTACTTCTGTGCCAGCAGTTACTCGGTAGGACACCCCGGCGAGCAGTACTTCGGGCCG"	FALSE	TRUE	NA	NA	NA	NA
"CTGACAGTGACCAGTGCCCATCCTGAAGACAGCAGCTTCTACATCTGCAGTGCTTCCCAGGGCCGTGAAAAACTGTTTTTTGGCAGT"	"CSASQGREKLFF"	"CTGACAGTGACCAGTGCCCATCCTGAAGACAGCAGCTTCTACATCTGCAGTGCTTCCCAGGGCCGTGAAAAACTGTTTTTTGGCAGT"	"CSASQGREKLFF"	NA	"TCRBD1-1*1"	"TCRBJ1-4*1"	54	57	62	65	3	3	NA	NA	"CTGACAGTGACCAGTGCCCATCCTGAAGACAGCAGCTTCTACATCTGCAGTGCTTCCCAGGGCCGTGAAAAACTGTTTTTTGGCAGT"	FALSE	TRUE	NA	NA	NA	NA
"CAGCGCACAGAGCAGGAGGACTCGGCCGTGTATCTCTGTGCCAGCAGCTTGTCCAGGACTAGTCTCCACGAGCAGTACTTCGGGCCG"	"CASSLSRTSLHEQYF"	"CAGCGCACAGAGCAGGAGGACTCGGCCGTGTATCTCTGTGCCAGCAGCTTGTCCAGGACTAGTCTCCACGAGCAGTACTTCGGGCCG"	"CASSLSRTSLHEQYF"	"TCRBV7-2"	"TCRBD2-1"	"TCRBJ2-7*1"	50	55	62	67	5	5	NA	NA	"CAGCGCACAGAGCAGGAGGACTCGGCCGTGTATCTCTGTGCCAGCAGCTTGTCCAGGACTAGTCTCCACGAGCAGTACTTCGGGCCG"	FALSE	TRUE	NA	NA	NA	NA
"TCTCAAGATCCAGCCTGCAAAGCTTGAGGACTCGGCCGTGTATCTCTGTGCCAGCGAGGGAATACCTACGAGCAGTACTTCGGGCCG"	""	"TCTCAAGATCCAGCCTGCAAAGCTTGAGGACTCGGCCGTGTATCTCTGTGCCAGCGAGGGAATACCTACGAGCAGTACTTCGGGCCG"	""	"TCRBV11-2*1"	"TCRBD2-1*2"	"TCRBJ2-7*1"	-1	55	60	64	56	4	NA	NA	"TCTCAAGATCCAGCCTGCAAAGCTTGAGGACTCGGCCGTGTATCTCTGTGCCAGCGAGGGAATACCTACGAGCAGTACTTCGGGCCG"	FALSE	FALSE	NA	NA	NA	NA
"AGGATCCAGCAGGTAGTGCGAGGAGATTCGGCAGCTTATTTCTGTGCCAGCTCACCCCAGCACACAGATACGCAGTATTTTGGCCCA"	"CASSPQHTDTQYF"	"AGGATCCAGCAGGTAGTGCGAGGAGATTCGGCAGCTTATTTCTGTGCCAGCTCACCCCAGCACACAGATACGCAGTATTTTGGCCCA"	"CASSPQHTDTQYF"	"TCRBV18-1*1"	NA	"TCRBJ2-3*1"	56	57	60	62	1	2	NA	NA	"AGGATCCAGCAGGTAGTGCGAGGAGATTCGGCAGCTTATTTCTGTGCCAGCTCACCCCAGCACACAGATACGCAGTATTTTGGCCCA"	FALSE	TRUE	NA	NA	NA	NA
"CGCACAGAGCAGGGGGACTCGGCCATGTATCTCTGTGCCAGCAGCCCTTACCGCCGAAGCCAGCAGGAGACCCAGTACTTCGGGCCA"	"CASSPYRRSQQETQYF"	"CGCACAGAGCAGGGGGACTCGGCCATGTATCTCTGTGCCAGCAGCCCTTACCGCCGAAGCCAGCAGGAGACCCAGTACTTCGGGCCA"	"CASSPYRRSQQETQYF"	"TCRBV7-9*1"	NA	"TCRBJ2-5*1"	45	60	63	66	15	3	NA	NA	"CGCACAGAGCAGGGGGACTCGGCCATGTATCTCTGTGCCAGCAGCCCTTACCGCCGAAGCCAGCAGGAGACCCAGTACTTCGGGCCA"	FALSE	TRUE	NA	NA	NA	NA
"GCTCCTTGGAGCTGGGGGACTCAGCCCTGTACTTCTGTGCCAGCCCCTCTGATTAGCGGAACCTACAATGAGCAGTTCTTCGGGCCA"	""	"GCTCCTTGGAGCTGGGGGACTCAGCCCTGTACTTCTGTGCCAGCCCCTCTGATTAGCGGAACCTACAATGAGCAGTTCTTCGGGCCA"	""	"TCRBV13-1*1"	"TCRBD2-1"	"TCRBJ2-1*1"	44	53	59	61	9	2	NA	NA	"GCTCCTTGGAGCTGGGGGACTCAGCCCTGTACTTCTGTGCCAGCCCCTCTGATTAGCGGAACCTACAATGAGCAGTTCTTCGGGCCA"	FALSE	FALSE	NA	NA	NA	NA
"GAGTCCGCTACCCGCTCCCAGACATCTGTGTATTTCTGCGCCAGCTGTGTCCAACCAGATGGGCGGAACGAGCAGTACTTCGGGCCG"	"CASCVQPDGRNEQYF"	"GAGTCCGCTACCCGCTCCCAGACATCTGTGTATTTCTGCGCCAGCTGTGTCCAACCAGATGGGCGGAACGAGCAGTACTTCGGGCCG"	"CASCVQPDGRNEQYF"	"TCRBV1-2*1"	NA	"TCRBJ2-7*1"	49	60	64	67	11	3	NA	NA	"GAGTCCGCTACCCGCTCCCAGACATCTGTGTATTTCTGCGCCAGCTGTGTCCAACCAGATGGGCGGAACGAGCAGTACTTCGGGCCG"	FALSE	TRUE	NA	NA	NA	NA
"CTACACGCCCTGCAGCCAGAAGACTCAGCCCTGTATCTCTGCGCCAGCAGCCAAGATGAGTTGGGGTACGAGCAGTACTTCGGGCCG"	"CASSQDELGYEQYF"	"CTACACGCCCTGCAGCCAGAAGACTCAGCCCTGTATCTCTGCGCCAGCAGCCAAGATGAGTTGGGGTACGAGCAGTACTTCGGGCCG"	"CASSQDELGYEQYF"	"TCRBV4-1*1"	NA	"TCRBJ2-7*1"	56	62	-1	66	6	67	NA	NA	"CTACACGCCCTGCAGCCAGAAGACTCAGCCCTGTATCTCTGCGCCAGCAGCCAAGATGAGTTGGGGTACGAGCAGTACTTCGGGCCG"	FALSE	TRUE	NA	NA	NA	NA
"AGTGCCCATCCTGAAGACAGCAGCTTCTACATCTGCAGTGCTAGAGACGGAAGACAGGGGGTCGGTACTGAAGCTTTCTTTGGACAA"	"CSARDGRQGVGTEAFF"	"AGTGCCCATCCTGAAGACAGCAGCTTCTACATCTGCAGTGCTAGAGACGGAAGACAGGGGGTCGGTACTGAAGCTTTCTTTGGACAA"	"CSARDGRQGVGTEAFF"	NA	"TCRBD1-1*1"	"TCRBJ1-1*1"	47	52	61	66	5	5	NA	NA	"AGTGCCCATCCTGAAGACAGCAGCTTCTACATCTGCAGTGCTAGAGACGGAAGACAGGGGGTCGGTACTGAAGCTTTCTTTGGACAA"	FALSE	TRUE	NA	NA	NA	NA
"CAACCAGACCTCTCTGTACTTCTGTGCCAGCAGTCCATCGACGGATGAGCCTGGGAGCTGGGCACAGATACGCAGTATTTTGGCCCA"	""	"CAACCAGACCTCTCTGTACTTCTGTGCCAGCAGTCCATCGACGGATGAGCCTGGGAGCTGGGCACAGATACGCAGTATTTTGGCCCA"	""	"TCRBV27-1*1"	"TCRBD2-1*2"	"TCRBJ2-3*1"	34	52	57	61	18	4	NA	NA	"CAACCAGACCTCTCTGTACTTCTGTGCCAGCAGTCCATCGACGGATGAGCCTGGGAGCTGGGCACAGATACGCAGTATTTTGGCCCA"	FALSE	FALSE	NA	NA	NA	NA
"TCAGCTACCCGCTCCCAGACATCTGTGTATTTCTGCGCCAGCAGTGATGCCGGTGGAGGTAGGCGGACTGAAGCTTTCTTTGGACAA"	"CASSDAGGGRRTEAFF"	"TCAGCTACCCGCTCCCAGACATCTGTGTATTTCTGCGCCAGCAGTGATGCCGGTGGAGGTAGGCGGACTGAAGCTTTCTTTGGACAA"	"CASSDAGGGRRTEAFF"	"TCRBV1-2*1"	"TCRBD2-1*2"	"TCRBJ1-1*1"	47	54	59	66	7	7	NA	NA	"TCAGCTACCCGCTCCCAGACATCTGTGTATTTCTGCGCCAGCAGTGATGCCGGTGGAGGTAGGCGGACTGAAGCTTTCTTTGGACAA"	FALSE	TRUE	NA	NA	NA	NA
"CAACATGAGCCCTGAAGACAGCAGCATATATCTCTGCAGCGTTGAAGAGGGGTGTTGGGGGTTTCCTACGAGCAGTACTTCGGGCCG"	""	"CAACATGAGCCCTGAAGACAGCAGCATATATCTCTGCAGCGTTGAAGAGGGGTGTTGGGGGTTTCCTACGAGCAGTACTTCGGGCCG"	""	"TCRBV29-1"	NA	"TCRBJ2-7*1"	48	56	61	63	8	2	NA	NA	"CAACATGAGCCCTGAAGACAGCAGCATATATCTCTGCAGCGTTGAAGAGGGGTGTTGGGGGTTTCCTACGAGCAGTACTTCGGGCCG"	FALSE	FALSE	NA	NA	NA	NA
"AGCACCTTGGAGCTGGGGGACTCGGCCCTTTATCTTTGCGCCAGCAGCTCTGGGGACGTCGAGTACTACGAGCAGTACTTCGGGCCG"	"CASSSGDVEYYEQYF"	"AGCACCTTGGAGCTGGGGGACTCGGCCCTTTATCTTTGCGCCAGCAGCTCTGGGGACGTCGAGTACTACGAGCAGTACTTCGGGCCG"	"CASSSGDVEYYEQYF"	"TCRBV5-1*1"	NA	"TCRBJ2-7*1"	49	52	57	65	3	8	NA	NA	"AGCACCTTGGAGCTGGGGGACTCGGCCCTTTATCTTTGCGCCAGCAGCTCTGGGGACGTCGAGTACTACGAGCAGTACTTCGGGCCG"	FALSE	TRUE	NA	NA	NA	NA
"CAGCGCACAGAGCAGGAGGACTCGGCCGTGTATCTCTGTGCCAGCAGCCAAATAGCAGGGAGCACAGATACGCAGTATTTTGGCCCA"	"CASSQIAGSTDTQYF"	"CAGCGCACAGAGCAGGAGGACTCGGCCGTGTATCTCTGTGCCAGCAGCCAAATAGCAGGGAGCACAGATACGCAGTATTTTGGCCCA"	"CASSQIAGSTDTQYF"	"TCRBV7-2"	"TCRBD1-1*1"	"TCRBJ2-3*1"	48	55	-1	60	7	61	NA	NA	"CAGCGCACAGAGCAGGAGGACTCGGCCGTGTATCTCTGTGCCAGCAGCCAAATAGCAGGGAGCACAGATACGCAGTATTTTGGCCCA"	FALSE	TRUE	NA	NA	NA	NA
"GAGGACTCCGCCGTGTATCTCTGTGCCAGCAGCCCCCGAGCTCGAGGCTCCCCTCGAAGATATAATTCACCCCTCCACTTTGGGAAT"	"CASSPRARGSPRRYNSPLHF"	"GAGGACTCCGCCGTGTATCTCTGTGCCAGCAGCCCCCGAGCTCGAGGCTCCCCTCGAAGATATAATTCACCCCTCCACTTTGGGAAT"	"CASSPRARGSPRRYNSPLHF"	"TCRBV7-8*3"	"TCRBD2-1*2"	"TCRBJ1-6*1"	34	43	47	60	9	13	NA	NA	"GAGGACTCCGCCGTGTATCTCTGTGCCAGCAGCCCCCGAGCTCGAGGCTCCCCTCGAAGATATAATTCACCCCTCCACTTTGGGAAT"	FALSE	TRUE	NA	NA	NA	NA
"AGCACCTTGGAGCTGGGGGACTCGGCCCTTTATCTTTGCGCCAGCAGCCCGACGGGGAATTGGGCCACTGAAGCTTTCTTTGGACAA"	"CASSPTGNWATEAFF"	"AGCACCTTGGAGCTGGGGGACTCGGCCCTTTATCTTTGCGCCAGCAGCCCGACGGGGAATTGGGCCACTGAAGCTTTCTTTGGACAA"	"CASSPTGNWATEAFF"	"TCRBV5-1*1"	"TCRBD2-1*1"	"TCRBJ1-1*1"	48	52	57	65	4	8	NA	NA	"AGCACCTTGGAGCTGGGGGACTCGGCCCTTTATCTTTGCGCCAGCAGCCCGACGGGGAATTGGGCCACTGAAGCTTTCTTTGGACAA"	FALSE	TRUE	NA	NA	NA	NA
"GAGCTGAATGTGAACGCCTTGTTGCTGGGGGACTCGGCCCTCTATCTCTGTGCCAGCAGCTTGGGAGAGACCCAGTACTTCGGGCCA"	"CASSLGETQYF"	"GAGCTGAATGTGAACGCCTTGTTGCTGGGGGACTCGGCCCTCTATCTCTGTGCCAGCAGCTTGGGAGAGACCCAGTACTTCGGGCCA"	"CASSLGETQYF"	"TCRBV5-6*1"	NA	"TCRBJ2-5*1"	-1	-1	64	65	0	1	NA	NA	"GAGCTGAATGTGAACGCCTTGTTGCTGGGGGACTCGGCCCTCTATCTCTGTGCCAGCAGCTTGGGAGAGACCCAGTACTTCGGGCCA"	FALSE	TRUE	NA	NA	NA	NA
"GCTCCCTCCCAGACATCTGTGTACTTCTGTGCCAGCAGTTACTCGTTCGTGGGGGGTTCTAGCGTGAATGAGCAGTTCTTCGGGCCA"	"CASSYSFVGGSSVNEQFF"	"GCTCCCTCCCAGACATCTGTGTACTTCTGTGCCAGCAGTTACTCGTTCGTGGGGGGTTCTAGCGTGAATGAGCAGTTCTTCGGGCCA"	"CASSYSFVGGSSVNEQFF"	NA	"TCRBD2-1"	"TCRBJ2-1*1"	44	58	64	66	14	2	NA	NA	"GCTCCCTCCCAGACATCTGTGTACTTCTGTGCCAGCAGTTACTCGTTCGTGGGGGGTTCTAGCGTGAATGAGCAGTTCTTCGGGCCA"	FALSE	TRUE	NA	NA	NA	NA
"NCTCTCACTGTGACATCGGCCCAAAAGAACCCGACAGCTTTCTATCTCTGTGCCAGTAGTATATACAATGAGCAGTTCTTCGGGCCA"	"CASSIYNEQFF"	"NCTCTCACTGTGACATCGGCCCAAAAGAACCCGACAGCTTTCTATCTCTGTGCCAGTAGTATATACAATGAGCAGTTCTTCGGGCCA"	"CASSIYNEQFF"	"TCRBV19-1*1"	NA	"TCRBJ2-1*1"	-1	-1	-1	63	0	64	NA	NA	"NCTCTCACTGTGACATCGGCCCAAAAGAACCCGACAGCTTTCTATCTCTGTGCCAGTAGTATATACAATGAGCAGTTCTTCGGGCCA"	FALSE	TRUE	NA	NA	NA	NA
"AGCACCTTGGAGCTGGGGGACTCGGCCCTTTATCTTTGCGCCAGCAGCGGGGCAGCCCCCTTAACAGATACGCAGTATTTTGGCCCA"	"CASSGAAPLTDTQYF"	"AGCACCTTGGAGCTGGGGGACTCGGCCCTTTATCTTTGCGCCAGCAGCGGGGCAGCCCCCTTAACAGATACGCAGTATTTTGGCCCA"	"CASSGAAPLTDTQYF"	"TCRBV5-1*1"	"TCRBD1-1*1"	"TCRBJ2-3*1"	-1	48	53	63	49	10	NA	NA	"AGCACCTTGGAGCTGGGGGACTCGGCCCTTTATCTTTGCGCCAGCAGCGGGGCAGCCCCCTTAACAGATACGCAGTATTTTGGCCCA"	FALSE	TRUE	NA	NA	NA	NA
"ATGAGCTCCTTGGAGCTGGGGGACTCAGCCCTGTACTTCTGTGCCAGCAGCCATGAAGGGTTTTACACTGAAGCTTTCTTTGGACAA"	"CASSHEGFYTEAFF"	"ATGAGCTCCTTGGAGCTGGGGGACTCAGCCCTGTACTTCTGTGCCAGCAGCCATGAAGGGTTTTACACTGAAGCTTTCTTTGGACAA"	"CASSHEGFYTEAFF"	"TCRBV13-1*1"	NA	"TCRBJ1-1*1"	51	56	60	64	5	4	NA	NA	"ATGAGCTCCTTGGAGCTGGGGGACTCAGCCCTGTACTTCTGTGCCAGCAGCCATGAAGGGTTTTACACTGAAGCTTTCTTTGGACAA"	FALSE	TRUE	NA	NA	NA	NA
"CAAAGCTTGAGGACTCGGCCGTGTATCTCTGTGCCAGCAGCCCCCACCCCAGTCAGTCCCGGAATCTATGAGCAGTTCTTCGGGCCA"	""	"CAAAGCTTGAGGACTCGGCCGTGTATCTCTGTGCCAGCAGCCCCCACCCCAGTCAGTCCCGGAATCTATGAGCAGTTCTTCGGGCCA"	""	"TCRBV11-2"	NA	"TCRBJ2-1*1"	41	60	63	67	19	4	NA	NA	"CAAAGCTTGAGGACTCGGCCGTGTATCTCTGTGCCAGCAGCCCCCACCCCAGTCAGTCCCGGAATCTATGAGCAGTTCTTCGGGCCA"	FALSE	FALSE	NA	NA	NA	NA
"GAGTCCGCTACCAGCTCCCAGACATCTGTGTACTTCTGTGCCATCAGTGAGTCGTCGGGGGCCCGGGAAAAACTGTTTTTTGGCAGT"	"CAISESSGAREKLFF"	"GAGTCCGCTACCAGCTCCCAGACATCTGTGTACTTCTGTGCCATCAGTGAGTCGTCGGGGGCCCGGGAAAAACTGTTTTTTGGCAGT"	"CAISESSGAREKLFF"	"TCRBV1-3*1"	NA	"TCRBJ1-4*1"	53	56	62	66	3	4	NA	NA	"GAGTCCGCTACCAGCTCCCAGACATCTGTGTACTTCTGTGCCATCAGTGAGTCGTCGGGGGCCCGGGAAAAACTGTTTTTTGGCAGT"	FALSE	TRUE	NA	NA	NA	NA
"CTGAATGTGAACGCCTTGTTGCTGGGGGACTCGGCCCTCTATCTCTGTGCCAGCAGCAAGGGACCCGGGAAGTTGTACTTCGGGCCG"	"CASSKGPGKLYF"	"CTGAATGTGAACGCCTTGTTGCTGGGGGACTCGGCCCTCTATCTCTGTGCCAGCAGCAAGGGACCCGGGAAGTTGTACTTCGGGCCG"	"CASSKGPGKLYF"	"TCRBV5-6*1"	NA	"TCRBJ2-7*1"	57	59	64	74	2	10	NA	NA	"CTGAATGTGAACGCCTTGTTGCTGGGGGACTCGGCCCTCTATCTCTGTGCCAGCAGCAAGGGACCCGGGAAGTTGTACTTCGGGCCG"	FALSE	TRUE	NA	NA	NA	NA
"TCACCAGGCCTGGGGGACGCAGCCATGTACCTGTGTGCCACCAGCAGAGCTCCGGGAGTTCCCCCAGATACGCAGTATTTTGGCCCA"	"CATSRAPGVPPDTQYF"	"TCACCAGGCCTGGGGGACGCAGCCATGTACCTGTGTGCCACCAGCAGAGCTCCGGGAGTTCCCCCAGATACGCAGTATTTTGGCCCA"	"CATSRAPGVPPDTQYF"	"TCRBV15-1*2"	"TCRBD2-1*2"	"TCRBJ2-3*1"	49	52	58	64	3	6	NA	NA	"TCACCAGGCCTGGGGGACGCAGCCATGTACCTGTGTGCCACCAGCAGAGCTCCGGGAGTTCCCCCAGATACGCAGTATTTTGGCCCA"	FALSE	TRUE	NA	NA	NA	NA
"GAGCTGGACGACTCGGCCCTGTATCTCTGTGCCAGCAGCTTGGAGGCTAGCGGGACCTTACGCTCCTACGAGCAGTACTTCGGGCCG"	"CASSLEASGTLRSYEQYF"	"GAGCTGGACGACTCGGCCCTGTATCTCTGTGCCAGCAGCTTGGAGGCTAGCGGGACCTTACGCTCCTACGAGCAGTACTTCGGGCCG"	"CASSLEASGTLRSYEQYF"	"TCRBV5-4*1"	"TCRBD2-1*2"	"TCRBJ2-7*1"	43	46	55	62	3	7	NA	NA	"GAGCTGGACGACTCGGCCCTGTATCTCTGTGCCAGCAGCTTGGAGGCTAGCGGGACCTTACGCTCCTACGAGCAGTACTTCGGGCCG"	FALSE	TRUE	NA	NA	NA	NA
"TTGAGGACTCGGCCGTGTATCTCTGTGCCAGCAGCTTAGATTCCCCCAACTATGTCGGGTGAGAGCGAGACGCAGTATTTTGGCCCA"	""	"TTGAGGACTCGGCCGTGTATCTCTGTGCCAGCAGCTTAGATTCCCCCAACTATGTCGGGTGAGAGCGAGACGCAGTATTTTGGCCCA"	""	"TCRBV11-2"	"TCRBD2-1"	"TCRBJ2-3*1"	40	48	52	69	8	17	NA	NA	"TTGAGGACTCGGCCGTGTATCTCTGTGCCAGCAGCTTAGATTCCCCCAACTATGTCGGGTGAGAGCGAGACGCAGTATTTTGGCCCA"	FALSE	FALSE	NA	NA	NA	NA
"ACCAGTGCCCATCCTGAAGACAGCAGCTTCTACATCTGCAGTGCCCCCCAGCCAACGGGACCAGACAATGAGCAGTTCTTCGGGCCA"	"CSAPQPTGPDNEQFF"	"ACCAGTGCCCATCCTGAAGACAGCAGCTTCTACATCTGCAGTGCCCCCCAGCCAACGGGACCAGACAATGAGCAGTTCTTCGGGCCA"	"CSAPQPTGPDNEQFF"	NA	NA	"TCRBJ2-1*1"	44	56	61	64	12	3	NA	NA	"ACCAGTGCCCATCCTGAAGACAGCAGCTTCTACATCTGCAGTGCCCCCCAGCCAACGGGACCAGACAATGAGCAGTTCTTCGGGCCA"	FALSE	TRUE	NA	NA	NA	NA
"GTGACATCGGCCCAAAAGAACCCGACAGCTTTCTATCTCTGTGCCAGTAGTAACGGGGATGGCACAGATACGCAGTATTTTGGCCCA"	"CASSNGDGTDTQYF"	"GTGACATCGGCCCAAAAGAACCCGACAGCTTTCTATCTCTGTGCCAGTAGTAACGGGGATGGCACAGATACGCAGTATTTTGGCCCA"	"CASSNGDGTDTQYF"	"TCRBV19-1*1"	"TCRBD2-1*1"	"TCRBJ2-3*1"	52	53	58	61	1	3	NA	NA	"GTGACATCGGCCCAAAAGAACCCGACAGCTTTCTATCTCTGTGCCAGTAGTAACGGGGATGGCACAGATACGCAGTATTTTGGCCCA"	FALSE	TRUE	NA	NA	NA	NA
"CTGGAGTCCGCCAGCACCAACCAGACATCTATGTACCTCTGTGCCTCTCGCTAGCGGCTAGCCAAAAACATTCAGTACTTCGGCGCC"	"CASR*RLAKNIQYF"	"CTGGAGTCCGCCAGCACCAACCAGACATCTATGTACCTCTGTGCCTCTCGCTAGCGGCTAGCCAAAAACATTCAGTACTTCGGCGCC"	"CASR*RLAKNIQYF"	"TCRBV28-1*1"	"TCRBD2-1"	"TCRBJ2-4*1"	45	50	57	59	5	2	NA	NA	"CTGGAGTCCGCCAGCACCAACCAGACATCTATGTACCTCTGTGCCTCTCGCTAGCGGCTAGCCAAAAACATTCAGTACTTCGGCGCC"	FALSE	TRUE	NA	NA	NA	NA
"AACGCCTTGTTGCTGGGGGACTCGGCCCTCTATCTCTGTGCCAGCAGCTTGGTAGGTGAGCACTTCGACGAGCAGTACTTCGGGCCG"	"CASSLVGEHFDEQYF"	"AACGCCTTGTTGCTGGGGGACTCGGCCCTCTATCTCTGTGCCAGCAGCTTGGTAGGTGAGCACTTCGACGAGCAGTACTTCGGGCCG"	"CASSLVGEHFDEQYF"	"TCRBV5-6*1"	NA	"TCRBJ2-7*1"	52	53	56	67	1	11	NA	NA	"AACGCCTTGTTGCTGGGGGACTCGGCCCTCTATCTCTGTGCCAGCAGCTTGGTAGGTGAGCACTTCGACGAGCAGTACTTCGGGCCG"	FALSE	TRUE	NA	NA	NA	NA
"GAGTTGGCTGCTCCCTCCCAGACATCTGTGTACTTCTGTGCCAGCAGTGAGGCCGGGACAGCTACCTACGAGCAGTACTTCGGGCCG"	"CASSEAGTATYEQYF"	"GAGTTGGCTGCTCCCTCCCAGACATCTGTGTACTTCTGTGCCAGCAGTGAGGCCGGGACAGCTACCTACGAGCAGTACTTCGGGCCG"	"CASSEAGTATYEQYF"	"TCRBV6-6"	"TCRBD1-1*1"	"TCRBJ2-7*1"	48	54	61	64	6	3	NA	NA	"GAGTTGGCTGCTCCCTCCCAGACATCTGTGTACTTCTGTGCCAGCAGTGAGGCCGGGACAGCTACCTACGAGCAGTACTTCGGGCCG"	FALSE	TRUE	NA	NA	NA	NA
"TTGGAGCTGGACGACTCGGCCCTGTATCTCTGTGCCAGCAGCTTGGGGCCCCGGGGGGGAAACTCCTACGAGCAGTACTTCGGGCCG"	"CASSLGPRGGNSYEQYF"	"TTGGAGCTGGACGACTCGGCCCTGTATCTCTGTGCCAGCAGCTTGGGGCCCCGGGGGGGAAACTCCTACGAGCAGTACTTCGGGCCG"	"CASSLGPRGGNSYEQYF"	"TCRBV5-4*1"	"TCRBD2-1*1"	"TCRBJ2-7*1"	46	51	59	62	5	3	NA	NA	"TTGGAGCTGGACGACTCGGCCCTGTATCTCTGTGCCAGCAGCTTGGGGCCCCGGGGGGGAAACTCCTACGAGCAGTACTTCGGGCCG"	FALSE	TRUE	NA	NA	NA	NA
"GTGACCAGTGCCCATCCTGAAGACAGCAGCTTCTACATCTGCAGTGCTATCGTCCCAAATCCGGAAAACATTCAGTACTTCGGCGCC"	"CSAIVPNPENIQYF"	"GTGACCAGTGCCCATCCTGAAGACAGCAGCTTCTACATCTGCAGTGCTATCGTCCCAAATCCGGAAAACATTCAGTACTTCGGCGCC"	"CSAIVPNPENIQYF"	NA	"TCRBD2-1"	"TCRBJ2-4*1"	49	61	-1	64	12	65	NA	NA	"GTGACCAGTGCCCATCCTGAAGACAGCAGCTTCTACATCTGCAGTGCTATCGTCCCAAATCCGGAAAACATTCAGTACTTCGGCGCC"	FALSE	TRUE	NA	NA	NA	NA
"GTGAGCACCTTGGAGCTGGGGGACTCGGCCCTTTATCTTTGCGCCAGCAGCTTTACGGGCCGGGACACTGAAGCTTTCTTTGGACAA"	"CASSFTGRDTEAFF"	"GTGAGCACCTTGGAGCTGGGGGACTCGGCCCTTTATCTTTGCGCCAGCAGCTTTACGGGCCGGGACACTGAAGCTTTCTTTGGACAA"	"CASSFTGRDTEAFF"	"TCRBV5-1*1"	NA	"TCRBJ1-1*1"	53	56	60	64	3	4	NA	NA	"GTGAGCACCTTGGAGCTGGGGGACTCGGCCCTTTATCTTTGCGCCAGCAGCTTTACGGGCCGGGACACTGAAGCTTTCTTTGGACAA"	FALSE	TRUE	NA	NA	NA	NA
"TCCCTGATTCTGGAGTCCGCCAGCACCAACCAGACATCTATGTACCTCTGTGCCAGCAGAGACGGGAATGGCTACACCTTCGGTTCG"	"CASRDGNGYTF"	"TCCCTGATTCTGGAGTCCGCCAGCACCAACCAGACATCTATGTACCTCTGTGCCAGCAGAGACGGGAATGGCTACACCTTCGGTTCG"	"CASRDGNGYTF"	"TCRBV28-1*1"	"TCRBD2-1*2"	"TCRBJ1-2*1"	59	62	-1	67	3	68	NA	NA	"TCCCTGATTCTGGAGTCCGCCAGCACCAACCAGACATCTATGTACCTCTGTGCCAGCAGAGACGGGAATGGCTACACCTTCGGTTCG"	FALSE	TRUE	NA	NA	NA	NA
"ACCCTGGAGTCTGCCAGGCCCTCACATACCTCTCAGTACCTCTGTGCCAGCAGTGTCGGGCCACTTTATGGCTACACCTTCGGTTCG"	"CASSVGPLYGYTF"	"ACCCTGGAGTCTGCCAGGCCCTCACATACCTCTCAGTACCTCTGTGCCAGCAGTGTCGGGCCACTTTATGGCTACACCTTCGGTTCG"	"CASSVGPLYGYTF"	"TCRBV25-1*1"	NA	"TCRBJ1-2*1"	55	57	61	66	2	5	NA	NA	"ACCCTGGAGTCTGCCAGGCCCTCACATACCTCTCAGTACCTCTGTGCCAGCAGTGTCGGGCCACTTTATGGCTACACCTTCGGTTCG"	FALSE	TRUE	NA	NA	NA	NA
"CAGCCAGAAGACTCGGCCCTGTATCTCTGTGCCAGCAGCCAAGTTAACCTAGCGGGAGGGCCTGGGGAGACCCAGTACTTCGGGCCA"	"CASSQVNLAGGPGETQYF"	"CAGCCAGAAGACTCGGCCCTGTATCTCTGTGCCAGCAGCCAAGTTAACCTAGCGGGAGGGCCTGGGGAGACCCAGTACTTCGGGCCA"	"CASSQVNLAGGPGETQYF"	"TCRBV4-2*1"	"TCRBD2-1*2"	"TCRBJ2-5*1"	43	48	60	66	5	6	NA	NA	"CAGCCAGAAGACTCGGCCCTGTATCTCTGTGCCAGCAGCCAAGTTAACCTAGCGGGAGGGCCTGGGGAGACCCAGTACTTCGGGCCA"	FALSE	TRUE	NA	NA	NA	NA
"ATCCAGCGCACAGAGCAGGGGGACTCGGCCATGTATCTCTGTGCCAGCAGCTTAGAGGACAGGGGGCAGTCCCAGTACTTCGGGCCA"	"CASSLEDRGQSQYF"	"ATCCAGCGCACAGAGCAGGGGGACTCGGCCATGTATCTCTGTGCCAGCAGCTTAGAGGACAGGGGGCAGTCCCAGTACTTCGGGCCA"	"CASSLEDRGQSQYF"	"TCRBV7-9*1"	"TCRBD1-1*1"	"TCRBJ2-5*1"	55	56	67	70	1	3	NA	NA	"ATCCAGCGCACAGAGCAGGGGGACTCGGCCATGTATCTCTGTGCCAGCAGCTTAGAGGACAGGGGGCAGTCCCAGTACTTCGGGCCA"	FALSE	TRUE	NA	NA	NA	NA
"TCCACGGAGTCAGGGGACACAGCACTGTATTTCTGTGCCAGCCAGTAGGTAGCGGGAGGGGGCACAGATACGCAGTATTTTGGCCCA"	"CASQ*VAGGGTDTQYF"	"TCCACGGAGTCAGGGGACACAGCACTGTATTTCTGTGCCAGCCAGTAGGTAGCGGGAGGGGGCACAGATACGCAGTATTTTGGCCCA"	"CASQ*VAGGGTDTQYF"	"TCRBV21-1*1"	"TCRBD2-1*2"	"TCRBJ2-3*1"	42	49	60	61	7	1	NA	NA	"TCCACGGAGTCAGGGGACACAGCACTGTATTTCTGTGCCAGCCAGTAGGTAGCGGGAGGGGGCACAGATACGCAGTATTTTGGCCCA"	FALSE	TRUE	NA	NA	NA	NA
"AACGCCTTGTTGCTGGGGGACTCGGCCCTGTATCTCTGTGCCAGCAGCTTGGTTGGCGGGAGGGGTGCGGAGCAGTTCTTCGGGCCA"	"CASSLVGGRGAEQFF"	"AACGCCTTGTTGCTGGGGGACTCGGCCCTGTATCTCTGTGCCAGCAGCTTGGTTGGCGGGAGGGGTGCGGAGCAGTTCTTCGGGCCA"	"CASSLVGGRGAEQFF"	"TCRBV5-5*1"	"TCRBD2-1*2"	"TCRBJ2-1*1"	52	55	64	69	3	5	NA	NA	"AACGCCTTGTTGCTGGGGGACTCGGCCCTGTATCTCTGTGCCAGCAGCTTGGTTGGCGGGAGGGGTGCGGAGCAGTTCTTCGGGCCA"	FALSE	TRUE	NA	NA	NA	NA
"CAGCAGGTAGTGCGAGGAGATTCGGCAGCTTATTTCTGTGCCAGCTCACCACCCGGACCGGCTAACTACGAGCAGTACTTCGGGCCG"	"CASSPPGPANYEQYF"	"CAGCAGGTAGTGCGAGGAGATTCGGCAGCTTATTTCTGTGCCAGCTCACCACCCGGACCGGCTAACTACGAGCAGTACTTCGGGCCG"	"CASSPPGPANYEQYF"	"TCRBV18-1*1"	NA	"TCRBJ2-7*1"	53	54	58	65	1	7	NA	NA	"CAGCAGGTAGTGCGAGGAGATTCGGCAGCTTATTTCTGTGCCAGCTCACCACCCGGACCGGCTAACTACGAGCAGTACTTCGGGCCG"	FALSE	TRUE	NA	NA	NA	NA
"GTGACCAGTGCCCATCCTGAAGACAGCAGCTTCTACATCTGCAGTGCTAGCTCGCGGGAGGGTTACTACGAGCAGTACTTCGGGCCG"	"CSASSREGYYEQYF"	"GTGACCAGTGCCCATCCTGAAGACAGCAGCTTCTACATCTGCAGTGCTAGCTCGCGGGAGGGTTACTACGAGCAGTACTTCGGGCCG"	"CSASSREGYYEQYF"	NA	"TCRBD2-1*2"	"TCRBJ2-7*1"	50	53	62	65	3	3	NA	NA	"GTGACCAGTGCCCATCCTGAAGACAGCAGCTTCTACATCTGCAGTGCTAGCTCGCGGGAGGGTTACTACGAGCAGTACTTCGGGCCG"	FALSE	TRUE	NA	NA	NA	NA
"CGCACAGAGCAGGAGGACTCCGCCGTGTATCTCTGTGCCAGCAGCTTTTCTGCGGACCTCTCTGGAAACACCATATATTTTGGAGAG"	"CASSFSADLSGNTIYF"	"CGCACAGAGCAGGAGGACTCCGCCGTGTATCTCTGTGCCAGCAGCTTTTCTGCGGACCTCTCTGGAAACACCATATATTTTGGAGAG"	"CASSFSADLSGNTIYF"	"TCRBV7-8*1"	NA	"TCRBJ1-3*1"	47	53	57	59	6	2	NA	NA	"CGCACAGAGCAGGAGGACTCCGCCGTGTATCTCTGTGCCAGCAGCTTTTCTGCGGACCTCTCTGGAAACACCATATATTTTGGAGAG"	FALSE	TRUE	NA	NA	NA	NA
"CACCTACACGCCCTGCAGCCAGAAGACTCAGCCCTGTATCTCTGCGCCAGCAGCCGCGCAGGGGGCAGGGAGCAGTACTTCGGGCCG"	"CASSRAGGREQYF"	"CACCTACACGCCCTGCAGCCAGAAGACTCAGCCCTGTATCTCTGCGCCAGCAGCCGCGCAGGGGGCAGGGAGCAGTACTTCGGGCCG"	"CASSRAGGREQYF"	"TCRBV4-1*1"	"TCRBD1-1*1"	"TCRBJ2-7*1"	55	58	66	69	3	3	NA	NA	"CACCTACACGCCCTGCAGCCAGAAGACTCAGCCCTGTATCTCTGCGCCAGCAGCCGCGCAGGGGGCAGGGAGCAGTACTTCGGGCCG"	FALSE	TRUE	NA	NA	NA	NA
"CTGAGTTCTAAGAAGCTCCTTCTCAGTGACTCTGGCTTCTATCTCTGTGCCTGGAGTTGGACTAGCACTGAGCAGTTCTTCGGGCCA"	"CAWSWTSTEQFF"	"CTGAGTTCTAAGAAGCTCCTTCTCAGTGACTCTGGCTTCTATCTCTGTGCCTGGAGTTGGACTAGCACTGAGCAGTTCTTCGGGCCA"	"CAWSWTSTEQFF"	"TCRBV3-1*1"	"TCRBD2-1"	"TCRBJ2-1*1"	57	58	66	68	1	2	NA	NA	"CTGAGTTCTAAGAAGCTCCTTCTCAGTGACTCTGGCTTCTATCTCTGTGCCTGGAGTTGGACTAGCACTGAGCAGTTCTTCGGGCCA"	FALSE	TRUE	NA	NA	NA	NA
"GATTCTGGAGTCCGCCAGCACCAACCAGACATCTATGTACCTCTGTGCCAGCAGTCTCAGACTAACTATGGCTACACCTTCGGTTCG"	""	"GATTCTGGAGTCCGCCAGCACCAACCAGACATCTATGTACCTCTGTGCCAGCAGTCTCAGACTAACTATGGCTACACCTTCGGTTCG"	""	"TCRBV28-1*1"	"TCRBD1-1*1"	"TCRBJ1-2*1"	55	57	60	61	2	1	NA	NA	"GATTCTGGAGTCCGCCAGCACCAACCAGACATCTATGTACCTCTGTGCCAGCAGTCTCAGACTAACTATGGCTACACCTTCGGTTCG"	FALSE	FALSE	NA	NA	NA	NA
"GTGAGCACCTTGGAGCTGGGGGACTCGGCCCTTTATCTTTGCGCCAGCAGCTTGGGTGTGACGGAGGGCGGCTACACCTTCGGTTCG"	"CASSLGVTEGGYTF"	"GTGAGCACCTTGGAGCTGGGGGACTCGGCCCTTTATCTTTGCGCCAGCAGCTTGGGTGTGACGGAGGGCGGCTACACCTTCGGTTCG"	"CASSLGVTEGGYTF"	"TCRBV5-1*1"	"TCRBD2-1*2"	"TCRBJ1-2*1"	55	62	68	69	7	1	NA	NA	"GTGAGCACCTTGGAGCTGGGGGACTCGGCCCTTTATCTTTGCGCCAGCAGCTTGGGTGTGACGGAGGGCGGCTACACCTTCGGTTCG"	FALSE	TRUE	NA	NA	NA	NA
"CAGCGCACACAGCAGGAGGACTCGGCCGTGTATCTCTGTGCCAGCAGCTTACCCCGTGCGGTATACAATGAGCAGTTCTTCGGGCCA"	"CASSLPRAVYNEQFF"	"CAGCGCACACAGCAGGAGGACTCGGCCGTGTATCTCTGTGCCAGCAGCTTACCCCGTGCGGTATACAATGAGCAGTTCTTCGGGCCA"	"CASSLPRAVYNEQFF"	"TCRBV7-2"	"TCRBD2-1"	"TCRBJ2-1*1"	51	57	61	63	6	2	NA	NA	"CAGCGCACACAGCAGGAGGACTCGGCCGTGTATCTCTGTGCCAGCAGCTTACCCCGTGCGGTATACAATGAGCAGTTCTTCGGGCCA"	FALSE	TRUE	NA	NA	NA	NA
"ACAGTGACCAGTGCCCATCCTGAAGACAGCAGCTTCTACATCTGCAGTGCCACAGGGGGCGAACCATACGAGCAGTACTTCGGGCCG"	"CSATGGEPYEQYF"	"ACAGTGACCAGTGCCCATCCTGAAGACAGCAGCTTCTACATCTGCAGTGCCACAGGGGGCGAACCATACGAGCAGTACTTCGGGCCG"	"CSATGGEPYEQYF"	NA	"TCRBD1-1*1"	"TCRBJ2-7*1"	50	51	60	66	1	6	NA	NA	"ACAGTGACCAGTGCCCATCCTGAAGACAGCAGCTTCTACATCTGCAGTGCCACAGGGGGCGAACCATACGAGCAGTACTTCGGGCCG"	FALSE	TRUE	NA	NA	NA	NA
"CCAGCTCACACAGCAGGAGGACTCGGCCGTGTATCTCTGTGCCAGCAGCTTAGACTGGGACGGGCCTATGGCTACACCTTCGGTTCG"	""	"CCAGCTCACACAGCAGGAGGACTCGGCCGTGTATCTCTGTGCCAGCAGCTTAGACTGGGACGGGCCTATGGCTACACCTTCGGTTCG"	""	"TCRBV7-2"	NA	"TCRBJ1-2*1"	53	56	61	65	3	4	NA	NA	"CCAGCTCACACAGCAGGAGGACTCGGCCGTGTATCTCTGTGCCAGCAGCTTAGACTGGGACGGGCCTATGGCTACACCTTCGGTTCG"	FALSE	FALSE	NA	NA	NA	NA
"CAGCGCACAGAGCAGGGGGACTCGGCCATGTATCTCTGTGCCAGCAGCTTCGGTTCGGCGGGGGTAGGTACGCAGTATTTTGGCCCA"	"CASSFGSAGVGTQYF"	"CAGCGCACAGAGCAGGGGGACTCGGCCATGTATCTCTGTGCCAGCAGCTTCGGTTCGGCGGGGGTAGGTACGCAGTATTTTGGCCCA"	"CASSFGSAGVGTQYF"	"TCRBV7-9*1"	"TCRBD2-1*1"	"TCRBJ2-3*1"	50	57	64	68	7	4	NA	NA	"CAGCGCACAGAGCAGGGGGACTCGGCCATGTATCTCTGTGCCAGCAGCTTCGGTTCGGCGGGGGTAGGTACGCAGTATTTTGGCCCA"	FALSE	TRUE	NA	NA	NA	NA
"GTGAACGCCTTGGAGCTGGACGACTCGGCCCTGTATCTCTGTGCCAGCAGCTTTGCACAGGCAGGCTATGGCTACACCTTCGGTTCG"	"CASSFAQAGYGYTF"	"GTGAACGCCTTGGAGCTGGACGACTCGGCCCTGTATCTCTGTGCCAGCAGCTTTGCACAGGCAGGCTATGGCTACACCTTCGGTTCG"	"CASSFAQAGYGYTF"	"TCRBV5-4*1"	"TCRBD1-1*1"	"TCRBJ1-2*1"	53	56	61	65	3	4	NA	NA	"GTGAACGCCTTGGAGCTGGACGACTCGGCCCTGTATCTCTGTGCCAGCAGCTTTGCACAGGCAGGCTATGGCTACACCTTCGGTTCG"	FALSE	TRUE	NA	NA	NA	NA
"CAGCCTGCAAAGCTTGAGGACTCGGCCGTGTATCTCTGTGCCAGCAGCTTAGTGGGGGGCTCCTACAATGAGCAGTTCTTCGGGCCA"	"CASSLVGGSYNEQFF"	"CAGCCTGCAAAGCTTGAGGACTCGGCCGTGTATCTCTGTGCCAGCAGCTTAGTGGGGGGCTCCTACAATGAGCAGTTCTTCGGGCCA"	"CASSLVGGSYNEQFF"	"TCRBV11-2*1"	"TCRBD2-1*1"	"TCRBJ2-1*1"	52	53	-1	59	1	60	NA	NA	"CAGCCTGCAAAGCTTGAGGACTCGGCCGTGTATCTCTGTGCCAGCAGCTTAGTGGGGGGCTCCTACAATGAGCAGTTCTTCGGGCCA"	FALSE	TRUE	NA	NA	NA	NA
"CAGCCTGCAAAGCTTGAGGACTCGGCCGTGTATCTCTGTGCCAGCAGCTCCGGGACAGGGGGTAATCAGCCCCAGCATTTTGGTGAT"	"CASSSGTGGNQPQHF"	"CAGCCTGCAAAGCTTGAGGACTCGGCCGTGTATCTCTGTGCCAGCAGCTCCGGGACAGGGGGTAATCAGCCCCAGCATTTTGGTGAT"	"CASSSGTGGNQPQHF"	"TCRBV11-2*1"	"TCRBD1-1*1"	"TCRBJ1-5*1"	49	51	62	63	2	1	NA	NA	"CAGCCTGCAAAGCTTGAGGACTCGGCCGTGTATCTCTGTGCCAGCAGCTCCGGGACAGGGGGTAATCAGCCCCAGCATTTTGGTGAT"	FALSE	TRUE	NA	NA	NA	NA
"AGTTCTAAGAAGCTCCTTCTCAGTGACTCTGGCTTCTATCTCTGTGCCGGGAGGCTAGCGGGAGGAACCGAGCAGTACTTCGGGCCG"	"CAGRLAGGTEQYF"	"AGTTCTAAGAAGCTCCTTCTCAGTGACTCTGGCTTCTATCTCTGTGCCGGGAGGCTAGCGGGAGGAACCGAGCAGTACTTCGGGCCG"	"CAGRLAGGTEQYF"	"TCRBV3-1*1"	"TCRBD2-1*2"	"TCRBJ2-7*1"	53	54	65	68	1	3	NA	NA	"AGTTCTAAGAAGCTCCTTCTCAGTGACTCTGGCTTCTATCTCTGTGCCGGGAGGCTAGCGGGAGGAACCGAGCAGTACTTCGGGCCG"	FALSE	TRUE	NA	NA	NA	NA
"ACCTTGGAGATCCAGCGCACAGAGCAGGGGGACTCGGCCATGTATCTCTGTGCCAGCAGTACAACAGATACGCAGTATTTTGGCCCA"	"CASSTTDTQYF"	"ACCTTGGAGATCCAGCGCACAGAGCAGGGGGACTCGGCCATGTATCTCTGTGCCAGCAGTACAACAGATACGCAGTATTTTGGCCCA"	"CASSTTDTQYF"	"TCRBV7-9*1"	"TCRBD1-1*1"	"TCRBJ2-3*1"	59	60	-1	63	1	64	NA	NA	"ACCTTGGAGATCCAGCGCACAGAGCAGGGGGACTCGGCCATGTATCTCTGTGCCAGCAGTACAACAGATACGCAGTATTTTGGCCCA"	FALSE	TRUE	NA	NA	NA	NA
"ACTCTGACAGTGACCAGTGCCCATCCTGAAGACAGCAGCTTCTACATCTGCAGTGCCAGGGACGCCTATGGCTACACCTTCGGTTCG"	"CSARDAYGYTF"	"ACTCTGACAGTGACCAGTGCCCATCCTGAAGACAGCAGCTTCTACATCTGCAGTGCCAGGGACGCCTATGGCTACACCTTCGGTTCG"	"CSARDAYGYTF"	"TCRBV2-1"	NA	"TCRBJ1-2*1"	56	58	63	65	2	2	NA	NA	"ACTCTGACAGTGACCAGTGCCCATCCTGAAGACAGCAGCTTCTACATCTGCAGTGCCAGGGACGCCTATGGCTACACCTTCGGTTCG"	FALSE	TRUE	NA	NA	NA	NA
"ACTGTGACATCGGCCCAAAAGAACCCGACAGCTTTCTATCTCTGTGCCAGTAGCATGATCCCTTACAATGAGCAGTTCTTCGGGCCA"	"CASSMIPYNEQFF"	"ACTGTGACATCGGCCCAAAAGAACCCGACAGCTTTCTATCTCTGTGCCAGTAGCATGATCCCTTACAATGAGCAGTTCTTCGGGCCA"	"CASSMIPYNEQFF"	"TCRBV19-1*1"	NA	"TCRBJ2-1*1"	53	56	58	63	3	5	NA	NA	"ACTGTGACATCGGCCCAAAAGAACCCGACAGCTTTCTATCTCTGTGCCAGTAGCATGATCCCTTACAATGAGCAGTTCTTCGGGCCA"	FALSE	TRUE	NA	NA	NA	NA
"TCTGACAGTGACCAGTGCCCATCCTGAAGACAGCAGCTTCTACATCTGCAGTGCTCTCCCCGACTAGCGGGAGGGTCCACCGGGCCG"	""	"TCTGACAGTGACCAGTGCCCATCCTGAAGACAGCAGCTTCTACATCTGCAGTGCTCTCCCCGACTAGCGGGAGGGTCCACCGGGCCG"	""	NA	"TCRBD2-1*2"	"TCRBJ2-7"	55	61	75	80	6	5	NA	NA	"TCTGACAGTGACCAGTGCCCATCCTGAAGACAGCAGCTTCTACATCTGCAGTGCTCTCCCCGACTAGCGGGAGGGTCCACCGGGCCG"	FALSE	FALSE	NA	NA	NA	NA
"ATCCGGTCCACAAAGCTGGAGGACTCAGCCATGTACTTCTGTGCCAGCAGTGAAGCGCGGCGGGACTATGGCTACACCTTCGGTTCG"	"CASSEARRDYGYTF"	"ATCCGGTCCACAAAGCTGGAGGACTCAGCCATGTACTTCTGTGCCAGCAGTGAAGCGCGGCGGGACTATGGCTACACCTTCGGTTCG"	"CASSEARRDYGYTF"	"TCRBV2-1"	"TCRBD2-1"	"TCRBJ1-2*1"	56	59	-1	64	3	65	NA	NA	"ATCCGGTCCACAAAGCTGGAGGACTCAGCCATGTACTTCTGTGCCAGCAGTGAAGCGCGGCGGGACTATGGCTACACCTTCGGTTCG"	FALSE	TRUE	NA	NA	NA	NA
"TCTAAGAAGCTCCTTCTCAGTGACTCTGGCTTCTATCTCTGTGCCTGGAGCCGGGGAGGGATTAATGAAAAACTGTTTTTTGGCAGT"	"CAWSRGGINEKLFF"	"TCTAAGAAGCTCCTTCTCAGTGACTCTGGCTTCTATCTCTGTGCCTGGAGCCGGGGAGGGATTAATGAAAAACTGTTTTTTGGCAGT"	"CAWSRGGINEKLFF"	"TCRBV3-1*1"	"TCRBD2-1*2"	"TCRBJ1-4*1"	50	53	60	62	3	2	NA	NA	"TCTAAGAAGCTCCTTCTCAGTGACTCTGGCTTCTATCTCTGTGCCTGGAGCCGGGGAGGGATTAATGAAAAACTGTTTTTTGGCAGT"	FALSE	TRUE	NA	NA	NA	NA
"CTGACTGTGAGCAACATGAGCCCTGAAGACAGCAGCATATATCTCTGCACGGCCGGGACGGACTCCTACGAGCAGTACTTCGGGCCG"	"CTAGTDSYEQYF"	"CTGACTGTGAGCAACATGAGCCCTGAAGACAGCAGCATATATCTCTGCACGGCCGGGACGGACTCCTACGAGCAGTACTTCGGGCCG"	"CTAGTDSYEQYF"	"TCRBV29-1"	NA	"TCRBJ2-7*1"	49	54	59	62	5	3	NA	NA	"CTGACTGTGAGCAACATGAGCCCTGAAGACAGCAGCATATATCTCTGCACGGCCGGGACGGACTCCTACGAGCAGTACTTCGGGCCG"	FALSE	TRUE	NA	NA	NA	NA
"ACGTTGGCGTCTGCTGTACCCTCTCAGACATCTGTGTACTTCTGTGCCAGCAGTGAATCAATGAACACTGAAGCTTTCTTTGGACAA"	"CASSESMNTEAFF"	"ACGTTGGCGTCTGCTGTACCCTCTCAGACATCTGTGTACTTCTGTGCCAGCAGTGAATCAATGAACACTGAAGCTTTCTTTGGACAA"	"CASSESMNTEAFF"	"TCRBV6-4*1"	"TCRBD1-1*1"	"TCRBJ1-1*1"	56	58	60	61	2	1	NA	NA	"ACGTTGGCGTCTGCTGTACCCTCTCAGACATCTGTGTACTTCTGTGCCAGCAGTGAATCAATGAACACTGAAGCTTTCTTTGGACAA"	FALSE	TRUE	NA	NA	NA	NA
"CCTGCAGAGCTTGGGGACTCGGCCGTGTATCTCTGTGCCAGCAGCTCAGCCTGGACTAGCGGGGACTACGAGCAGTACTTCGGGCCG"	"CASSSAWTSGDYEQYF"	"CCTGCAGAGCTTGGGGACTCGGCCGTGTATCTCTGTGCCAGCAGCTCAGCCTGGACTAGCGGGGACTACGAGCAGTACTTCGGGCCG"	"CASSSAWTSGDYEQYF"	"TCRBV11-3*1"	"TCRBD2-1*1"	"TCRBJ2-7*1"	46	52	64	65	6	1	NA	NA	"CCTGCAGAGCTTGGGGACTCGGCCGTGTATCTCTGTGCCAGCAGCTCAGCCTGGACTAGCGGGGACTACGAGCAGTACTTCGGGCCG"	FALSE	TRUE	NA	NA	NA	NA
"TCCGCCAGCACCAACCAGACATCTATGTACCTCTGTGCCAGCAGTGCCTTCGGGGGACACCGATACTATGGCTACACCTTCGGTTCG"	"CASSAFGGHRYYGYTF"	"TCCGCCAGCACCAACCAGACATCTATGTACCTCTGTGCCAGCAGTGCCTTCGGGGGACACCGATACTATGGCTACACCTTCGGTTCG"	"CASSAFGGHRYYGYTF"	"TCRBV28-1*1"	NA	"TCRBJ1-2*1"	45	53	59	64	8	5	NA	NA	"TCCGCCAGCACCAACCAGACATCTATGTACCTCTGTGCCAGCAGTGCCTTCGGGGGACACCGATACTATGGCTACACCTTCGGTTCG"	FALSE	TRUE	NA	NA	NA	NA
"CTCTGACAGTGACCAGTGCCCATCCTGAAGACAGCAGCTTCTACATCTGCAGTGCCGGCCCGGTCCTACGAGCAGTACTTCGGGCCG"	""	"CTCTGACAGTGACCAGTGCCCATCCTGAAGACAGCAGCTTCTACATCTGCAGTGCCGGCCCGGTCCTACGAGCAGTACTTCGGGCCG"	""	NA	NA	"TCRBJ2-7*1"	55	56	59	63	1	4	NA	NA	"CTCTGACAGTGACCAGTGCCCATCCTGAAGACAGCAGCTTCTACATCTGCAGTGCCGGCCCGGTCCTACGAGCAGTACTTCGGGCCG"	FALSE	FALSE	NA	NA	NA	NA
"CTGACGATTCAGCGCACAGAGCAGGAGGACTCGGCCGTGTATCTCTGTGCCAGCAGCAAGGAAAGGAATGAGCAGTTCTTCGGGCCA"	"CASSKERNEQFF"	"CTGACGATTCAGCGCACAGAGCAGGAGGACTCGGCCGTGTATCTCTGTGCCAGCAGCAAGGAAAGGAATGAGCAGTTCTTCGGGCCA"	"CASSKERNEQFF"	"TCRBV7-2"	NA	"TCRBJ2-1*1"	57	59	62	66	2	4	NA	NA	"CTGACGATTCAGCGCACAGAGCAGGAGGACTCGGCCGTGTATCTCTGTGCCAGCAGCAAGGAAAGGAATGAGCAGTTCTTCGGGCCA"	FALSE	TRUE	NA	NA	NA	NA
"GCCTGCAGAACTGGAGGATTCTGGAGTTTATTTCTGTGCCAGCAGCCACACAGGGGCTACTATTACAATGAGCAGTTCTTCGGGCCA"	""	"GCCTGCAGAACTGGAGGATTCTGGAGTTTATTTCTGTGCCAGCAGCCACACAGGGGCTACTATTACAATGAGCAGTTCTTCGGGCCA"	""	"TCRBV14-1*1"	"TCRBD1-1*1"	"TCRBJ2-1*1"	48	49	56	63	1	7	NA	NA	"GCCTGCAGAACTGGAGGATTCTGGAGTTTATTTCTGTGCCAGCAGCCACACAGGGGCTACTATTACAATGAGCAGTTCTTCGGGCCA"	FALSE	FALSE	NA	NA	NA	NA
"ACGATCCAGCGCACAGAGCAGGAGGACTCGGCCGTGTATCTCTGTGCCAGCAGCTTAGAATTGGGCCTCTCCCGGCATTTTGGTGAT"	"CASSLELGLSRHF"	"ACGATCCAGCGCACAGAGCAGGAGGACTCGGCCGTGTATCTCTGTGCCAGCAGCTTAGAATTGGGCCTCTCCCGGCATTTTGGTGAT"	"CASSLELGLSRHF"	"TCRBV7-2"	"TCRBD1-1*1"	"TCRBJ1-5*1"	58	62	66	74	4	8	NA	NA	"ACGATCCAGCGCACAGAGCAGGAGGACTCGGCCGTGTATCTCTGTGCCAGCAGCTTAGAATTGGGCCTCTCCCGGCATTTTGGTGAT"	FALSE	TRUE	NA	NA	NA	NA
"TCGGCTGCTCCCTCCCAAACATCTGTGTACTTCTGTGCCAGCAGTTACCGACCGCCGGGCCTACCCTACGAGCAGTACTTCGGGCCG"	"CASSYRPPGLPYEQYF"	"TCGGCTGCTCCCTCCCAAACATCTGTGTACTTCTGTGCCAGCAGTTACCGACCGCCGGGCCTACCCTACGAGCAGTACTTCGGGCCG"	"CASSYRPPGLPYEQYF"	"TCRBV6-2/6-3*1"	NA	"TCRBJ2-7*1"	48	56	60	64	8	4	NA	NA	"TCGGCTGCTCCCTCCCAAACATCTGTGTACTTCTGTGCCAGCAGTTACCGACCGCCGGGCCTACCCTACGAGCAGTACTTCGGGCCG"	FALSE	TRUE	NA	NA	NA	NA
"ACCCTGCAGCCAGAAGACTCGGCCCTGTATCTCTGTGCCAGCAGCCAAGGGGTCCTAGCGGTCACCGGGGAGCTGTTTTTTGGAGAA"	"CASSQGVLAVTGELFF"	"ACCCTGCAGCCAGAAGACTCGGCCCTGTATCTCTGTGCCAGCAGCCAAGGGGTCCTAGCGGTCACCGGGGAGCTGTTTTTTGGAGAA"	"CASSQGVLAVTGELFF"	"TCRBV4-2*1"	"TCRBD2-1"	"TCRBJ2-2*1"	49	54	61	62	5	1	NA	NA	"ACCCTGCAGCCAGAAGACTCGGCCCTGTATCTCTGTGCCAGCAGCCAAGGGGTCCTAGCGGTCACCGGGGAGCTGTTTTTTGGAGAA"	FALSE	TRUE	NA	NA	NA	NA
"ACCCTGCAGCCAGAAGACTCGGCCCTGTATCTCTGTGCCAGCAGCCAAGATCAGGGGACATCCGCCACTGAAGCTTTCTTTGGACAA"	"CASSQDQGTSATEAFF"	"ACCCTGCAGCCAGAAGACTCGGCCCTGTATCTCTGTGCCAGCAGCCAAGATCAGGGGACATCCGCCACTGAAGCTTTCTTTGGACAA"	"CASSQDQGTSATEAFF"	"TCRBV4-2*1"	"TCRBD1-1*1"	"TCRBJ1-1*1"	50	54	60	65	4	5	NA	NA	"ACCCTGCAGCCAGAAGACTCGGCCCTGTATCTCTGTGCCAGCAGCCAAGATCAGGGGACATCCGCCACTGAAGCTTTCTTTGGACAA"	FALSE	TRUE	NA	NA	NA	NA
"GTGAACGCCTTGGAGCTGGACGACTCGGCCCTGTATCTCTGTGCCAGCAGCCGTGGACAGGGAGAGTACGAGCAGTACTTCGGGCCG"	"CASSRGQGEYEQYF"	"GTGAACGCCTTGGAGCTGGACGACTCGGCCCTGTATCTCTGTGCCAGCAGCCGTGGACAGGGAGAGTACGAGCAGTACTTCGGGCCG"	"CASSRGQGEYEQYF"	"TCRBV5-4*1"	"TCRBD1-1*1"	"TCRBJ2-7*1"	51	54	62	66	3	4	NA	NA	"GTGAACGCCTTGGAGCTGGACGACTCGGCCCTGTATCTCTGTGCCAGCAGCCGTGGACAGGGAGAGTACGAGCAGTACTTCGGGCCG"	FALSE	TRUE	NA	NA	NA	NA
"CAGCCTGCAAAGCTTGAGGACTCGGCCGTGTATCTCTGTGCCAGCAGCTTAAGGCCAGGGGGGGAAGAGACCCAGTACTTCGGGCCA"	"CASSLRPGGEETQYF"	"CAGCCTGCAAAGCTTGAGGACTCGGCCGTGTATCTCTGTGCCAGCAGCTTAAGGCCAGGGGGGGAAGAGACCCAGTACTTCGGGCCA"	"CASSLRPGGEETQYF"	"TCRBV11-2*1"	NA	"TCRBJ2-5*1"	51	55	62	64	4	2	NA	NA	"CAGCCTGCAAAGCTTGAGGACTCGGCCGTGTATCTCTGTGCCAGCAGCTTAAGGCCAGGGGGGGAAGAGACCCAGTACTTCGGGCCA"	FALSE	TRUE	NA	NA	NA	NA
"AGGATCCAGCAGGTAGTGCGAGGAGATTCGGCAGCTTATTTCTGTGCCAGCTCACCTACTAGCGATCACGAGCAGTACTTCGGGCCG"	"CASSPTSDHEQYF"	"AGGATCCAGCAGGTAGTGCGAGGAGATTCGGCAGCTTATTTCTGTGCCAGCTCACCTACTAGCGATCACGAGCAGTACTTCGGGCCG"	"CASSPTSDHEQYF"	"TCRBV18-1*1"	"TCRBD2-1"	"TCRBJ2-7*1"	56	57	64	67	1	3	NA	NA	"AGGATCCAGCAGGTAGTGCGAGGAGATTCGGCAGCTTATTTCTGTGCCAGCTCACCTACTAGCGATCACGAGCAGTACTTCGGGCCG"	FALSE	TRUE	NA	NA	NA	NA
"CAGCCTGCAAAGCTTGAGGACTCGGCCGTGTATCTCTGTGCCAGCAGCTTGAGGACAGGCTCGTACACTGAAGCTTTCTTTGGACAA"	"CASSLRTGSYTEAFF"	"CAGCCTGCAAAGCTTGAGGACTCGGCCGTGTATCTCTGTGCCAGCAGCTTGAGGACAGGCTCGTACACTGAAGCTTTCTTTGGACAA"	"CASSLRTGSYTEAFF"	"TCRBV11-2*1"	"TCRBD1-1*1"	"TCRBJ1-1*1"	50	52	59	64	2	5	NA	NA	"CAGCCTGCAAAGCTTGAGGACTCGGCCGTGTATCTCTGTGCCAGCAGCTTGAGGACAGGCTCGTACACTGAAGCTTTCTTTGGACAA"	FALSE	TRUE	NA	NA	NA	NA
"NCTCTGAAGATCCGGTCCACAAAGCTGGAGGACTCAGCCATGTACTTCTGTGCCAGCAGTGAAGATGAGACCCAGTACTTCGGGCCA"	"CASSEDETQYF"	"NCTCTGAAGATCCGGTCCACAAAGCTGGAGGACTCAGCCATGTACTTCTGTGCCAGCAGTGAAGATGAGACCCAGTACTTCGGGCCA"	"CASSEDETQYF"	"TCRBV2-1"	NA	"TCRBJ2-5*1"	-1	-1	64	66	0	2	NA	NA	"NCTCTGAAGATCCGGTCCACAAAGCTGGAGGACTCAGCCATGTACTTCTGTGCCAGCAGTGAAGATGAGACCCAGTACTTCGGGCCA"	FALSE	TRUE	NA	NA	NA	NA
"CACTGTGACATCGGCCCAAAAGAACCCGACAGCTTTCTATCTCTGTGCCAGTAGCATCCGGGACTCCGGGGAGCTTTCTTTGGACAA"	""	"CACTGTGACATCGGCCCAAAAGAACCCGACAGCTTTCTATCTCTGTGCCAGTAGCATCCGGGACTCCGGGGAGCTTTCTTTGGACAA"	""	"TCRBV19-1*1"	"TCRBD2-1"	"TCRBJ1-1*1"	54	59	65	71	5	6	NA	NA	"CACTGTGACATCGGCCCAAAAGAACCCGACAGCTTTCTATCTCTGTGCCAGTAGCATCCGGGACTCCGGGGAGCTTTCTTTGGACAA"	FALSE	FALSE	NA	NA	NA	NA
"GAGATCCAGTCCACGGAGTCAGGGGACACAGCACTGTATTTCTGTGCCAGTCATGGGCTAAGCTCCTACGAGCAGTACTTCGGGCCG"	"CASHGLSSYEQYF"	"GAGATCCAGTCCACGGAGTCAGGGGACACAGCACTGTATTTCTGTGCCAGTCATGGGCTAAGCTCCTACGAGCAGTACTTCGGGCCG"	"CASHGLSSYEQYF"	"TCRBV21-1*1"	"TCRBD1-1*1"	"TCRBJ2-7*1"	50	54	58	62	4	4	NA	NA	"GAGATCCAGTCCACGGAGTCAGGGGACACAGCACTGTATTTCTGTGCCAGTCATGGGCTAAGCTCCTACGAGCAGTACTTCGGGCCG"	FALSE	TRUE	NA	NA	NA	NA
"GGACACAGCACTGTATTTCTGTGCCAGCAGCAAAGCGGTTGGTATTTAGTCGACAGGGCTAGCACAGATACGCAGTATTTTGGCCCA"	""	"GGACACAGCACTGTATTTCTGTGCCAGCAGCAAAGCGGTTGGTATTTAGTCGACAGGGCTAGCACAGATACGCAGTATTTTGGCCCA"	""	"TCRBV21-1*1"	"TCRBD1-1*1"	"TCRBJ2-3*1"	36	51	58	60	15	2	NA	NA	"GGACACAGCACTGTATTTCTGTGCCAGCAGCAAAGCGGTTGGTATTTAGTCGACAGGGCTAGCACAGATACGCAGTATTTTGGCCCA"	FALSE	FALSE	NA	NA	NA	NA
"ATCCGGTCCACAAAGCTGGAGGACTCAGCCATGTACTTCTGTGCCAGCACTTGGACCAACTCTGGAAACACCATATATTTTGGAGAG"	"CASTWTNSGNTIYF"	"ATCCGGTCCACAAAGCTGGAGGACTCAGCCATGTACTTCTGTGCCAGCACTTGGACCAACTCTGGAAACACCATATATTTTGGAGAG"	"CASTWTNSGNTIYF"	"TCRBV2-1"	NA	"TCRBJ1-3*1"	49	52	56	59	3	3	NA	NA	"ATCCGGTCCACAAAGCTGGAGGACTCAGCCATGTACTTCTGTGCCAGCACTTGGACCAACTCTGGAAACACCATATATTTTGGAGAG"	FALSE	TRUE	NA	NA	NA	NA
"TGGTGACTCTGCTGTGTATTTCTGTGCCAGCAGCCAAGCTTCACTAGCGCTCCTGGGGAGTCAAGCTACGAGCAGTACTTCGGGCCG"	""	"TGGTGACTCTGCTGTGTATTTCTGTGCCAGCAGCCAAGCTTCACTAGCGCTCCTGGGGAGTCAAGCTACGAGCAGTACTTCGGGCCG"	""	"TCRBV3-1/3-2*1"	"TCRBD2-1"	"TCRBJ2-7*1"	38	42	49	65	4	16	NA	NA	"TGGTGACTCTGCTGTGTATTTCTGTGCCAGCAGCCAAGCTTCACTAGCGCTCCTGGGGAGTCAAGCTACGAGCAGTACTTCGGGCCG"	FALSE	FALSE	NA	NA	NA	NA
"TTGTTGCTGGGGGACTCGGCCCTCTATCTCTGTGCCAGCAGTTTTTATTCTAGCGGAGGGGACACCGGGGAGCTGTTTTTTGGAGAA"	"CASSFYSSGGDTGELFF"	"TTGTTGCTGGGGGACTCGGCCCTCTATCTCTGTGCCAGCAGTTTTTATTCTAGCGGAGGGGACACCGGGGAGCTGTTTTTTGGAGAA"	"CASSFYSSGGDTGELFF"	"TCRBV5-6*1"	"TCRBD2-1"	"TCRBJ2-2*1"	41	49	56	61	8	5	NA	NA	"TTGTTGCTGGGGGACTCGGCCCTCTATCTCTGTGCCAGCAGTTTTTATTCTAGCGGAGGGGACACCGGGGAGCTGTTTTTTGGAGAA"	FALSE	TRUE	NA	NA	NA	NA
"GTGAGCAACATGAGCCCTGAAGACAGCAGCATATATCTCTGCAGCGTGTATGGACAGGGCACTACCTACGAGCAGTACTTCGGGCCG"	"CSVYGQGTTYEQYF"	"GTGAGCAACATGAGCCCTGAAGACAGCAGCATATATCTCTGCAGCGTGTATGGACAGGGCACTACCTACGAGCAGTACTTCGGGCCG"	"CSVYGQGTTYEQYF"	"TCRBV29-1"	"TCRBD1-1*1"	"TCRBJ2-7*1"	47	51	59	64	4	5	NA	NA	"GTGAGCAACATGAGCCCTGAAGACAGCAGCATATATCTCTGCAGCGTGTATGGACAGGGCACTACCTACGAGCAGTACTTCGGGCCG"	FALSE	TRUE	NA	NA	NA	NA
"CTTGGTGACTCTGCTGTGTATTTCTGTGCCAGCAGCCAAGGTAGTGTCGGGCTAGCGGGTCGTCAAGAGACCCAGTACTTCGGGCCA"	"CASSQGSVGLAGRQETQYF"	"CTTGGTGACTCTGCTGTGTATTTCTGTGCCAGCAGCCAAGGTAGTGTCGGGCTAGCGGGTCGTCAAGAGACCCAGTACTTCGGGCCA"	"CASSQGSVGLAGRQETQYF"	"TCRBV3-1/3-2*1"	"TCRBD2-1"	"TCRBJ2-5*1"	40	51	59	63	11	4	NA	NA	"CTTGGTGACTCTGCTGTGTATTTCTGTGCCAGCAGCCAAGGTAGTGTCGGGCTAGCGGGTCGTCAAGAGACCCAGTACTTCGGGCCA"	FALSE	TRUE	NA	NA	NA	NA
"ATCCAGCCCTCAGAACCCAGGGACTCAGCTGTGTACTTCTGTGCCAGCAGCCTGGGACAGTACTACAATGAGCAGTTCTTCGGGCCA"	"CASSLGQYYNEQFF"	"ATCCAGCCCTCAGAACCCAGGGACTCAGCTGTGTACTTCTGTGCCAGCAGCCTGGGACAGTACTACAATGAGCAGTTCTTCGGGCCA"	"CASSLGQYYNEQFF"	NA	"TCRBD1-1*1"	"TCRBJ2-1*1"	50	53	60	62	3	2	NA	NA	"ATCCAGCCCTCAGAACCCAGGGACTCAGCTGTGTACTTCTGTGCCAGCAGCCTGGGACAGTACTACAATGAGCAGTTCTTCGGGCCA"	FALSE	TRUE	NA	NA	NA	NA
"GTGAACGCCTTGTTGCTGGGGGACTCGGCCCTGTATCTCTGTGCCAGCAGCTTGGATGGTAGCACAGATACGCAGTATTTTGGCCCA"	"CASSLDGSTDTQYF"	"GTGAACGCCTTGTTGCTGGGGGACTCGGCCCTGTATCTCTGTGCCAGCAGCTTGGATGGTAGCACAGATACGCAGTATTTTGGCCCA"	"CASSLDGSTDTQYF"	"TCRBV5-5*1"	NA	"TCRBJ2-3*1"	55	57	59	60	2	1	NA	NA	"GTGAACGCCTTGTTGCTGGGGGACTCGGCCCTGTATCTCTGTGCCAGCAGCTTGGATGGTAGCACAGATACGCAGTATTTTGGCCCA"	FALSE	TRUE	NA	NA	NA	NA
"GCACAGAGCGGGGGGACTCAGCCGTGTATCTCTGTGCCAGCAACAAAAAAGGACAGATCGAACACCGGGGAGCTGTTTTTTGGAGAA"	""	"GCACAGAGCGGGGGGACTCAGCCGTGTATCTCTGTGCCAGCAACAAAAAAGGACAGATCGAACACCGGGGAGCTGTTTTTTGGAGAA"	""	"TCRBV7-3*1"	"TCRBD1-1*1"	"TCRBJ2-2*1"	42	50	56	58	8	2	NA	NA	"GCACAGAGCGGGGGGACTCAGCCGTGTATCTCTGTGCCAGCAACAAAAAAGGACAGATCGAACACCGGGGAGCTGTTTTTTGGAGAA"	FALSE	FALSE	NA	NA	NA	NA
"ATCCTGGAGTCGCCCAGCCCCAACCAGACCTCTCTGTACTTCTGTGCCAGCAGTTTCCAGGGCCCCTACGAGCAGTACTTCGGGCCG"	"CASSFQGPYEQYF"	"ATCCTGGAGTCGCCCAGCCCCAACCAGACCTCTCTGTACTTCTGTGCCAGCAGTTTCCAGGGCCCCTACGAGCAGTACTTCGGGCCG"	"CASSFQGPYEQYF"	"TCRBV27-1*1"	"TCRBD1-1*1"	"TCRBJ2-7*1"	56	57	62	64	1	2	NA	NA	"ATCCTGGAGTCGCCCAGCCCCAACCAGACCTCTCTGTACTTCTGTGCCAGCAGTTTCCAGGGCCCCTACGAGCAGTACTTCGGGCCG"	FALSE	TRUE	NA	NA	NA	NA
"CATCAATTCCCTGGAGCTTGGTGACTCTGCTGTGTATTTCTGTGCCAGCAGCCAACTACAGGGACTCAGCCCCAGCATTTTGGTGAT"	""	"CATCAATTCCCTGGAGCTTGGTGACTCTGCTGTGTATTTCTGTGCCAGCAGCCAACTACAGGGACTCAGCCCCAGCATTTTGGTGAT"	""	"TCRBV3-1/3-2*1"	"TCRBD1-1*1"	"TCRBJ1-5*1"	55	57	63	65	2	2	NA	NA	"CATCAATTCCCTGGAGCTTGGTGACTCTGCTGTGTATTTCTGTGCCAGCAGCCAACTACAGGGACTCAGCCCCAGCATTTTGGTGAT"	FALSE	FALSE	NA	NA	NA	NA
"GAGTCCGCCAGCACCAACCAGACATCTATGTACCTCTGTGCCAGCAGTTTAATCGGACAGGGGAATGAAAAACTGTTTTTTGGCAGT"	"CASSLIGQGNEKLFF"	"GAGTCCGCCAGCACCAACCAGACATCTATGTACCTCTGTGCCAGCAGTTTAATCGGACAGGGGAATGAAAAACTGTTTTTTGGCAGT"	"CASSLIGQGNEKLFF"	"TCRBV28-1*1"	"TCRBD1-1*1"	"TCRBJ1-4*1"	51	54	-1	63	3	64	NA	NA	"GAGTCCGCCAGCACCAACCAGACATCTATGTACCTCTGTGCCAGCAGTTTAATCGGACAGGGGAATGAAAAACTGTTTTTTGGCAGT"	FALSE	TRUE	NA	NA	NA	NA
"ACGTTGGCGTCTGCTGTACCCTCTCAGACATCTGTGTACTTCTGTGCCAGCAGTGAGCGGGCCTACAATGAGCAGTTCTTCGGGCCA"	"CASSERAYNEQFF"	"ACGTTGGCGTCTGCTGTACCCTCTCAGACATCTGTGTACTTCTGTGCCAGCAGTGAGCGGGCCTACAATGAGCAGTTCTTCGGGCCA"	"CASSERAYNEQFF"	"TCRBV6-4*1"	"TCRBD2-1"	"TCRBJ2-1*1"	-1	56	-1	61	57	62	NA	NA	"ACGTTGGCGTCTGCTGTACCCTCTCAGACATCTGTGTACTTCTGTGCCAGCAGTGAGCGGGCCTACAATGAGCAGTTCTTCGGGCCA"	FALSE	TRUE	NA	NA	NA	NA
"CTGGAGTCCGCCAGCACCAACCAGACATCTATGTACCTCTGTGCCAGCAGTTTAGGGAGCTCTGGAAACACCATATATTTTGGAGAG"	"CASSLGSSGNTIYF"	"CTGGAGTCCGCCAGCACCAACCAGACATCTATGTACCTCTGTGCCAGCAGTTTAGGGAGCTCTGGAAACACCATATATTTTGGAGAG"	"CASSLGSSGNTIYF"	"TCRBV28-1*1"	"TCRBD2-1*2"	"TCRBJ1-3*1"	-1	54	-1	59	55	60	NA	NA	"CTGGAGTCCGCCAGCACCAACCAGACATCTATGTACCTCTGTGCCAGCAGTTTAGGGAGCTCTGGAAACACCATATATTTTGGAGAG"	FALSE	TRUE	NA	NA	NA	NA
"AAGATCCAGCCCTCAGAACCCAGGGACTCAGCTGTGTACTTCTGTGCCAGCAGGGTGACACTGAACACTGAAGCTTTCTTTGGACAA"	"CASRVTLNTEAFF"	"AAGATCCAGCCCTCAGAACCCAGGGACTCAGCTGTGTACTTCTGTGCCAGCAGGGTGACACTGAACACTGAAGCTTTCTTTGGACAA"	"CASRVTLNTEAFF"	"TCRBV12-3/12-4*1"	"TCRBD1-1*1"	"TCRBJ1-1*1"	53	56	60	61	3	1	NA	NA	"AAGATCCAGCCCTCAGAACCCAGGGACTCAGCTGTGTACTTCTGTGCCAGCAGGGTGACACTGAACACTGAAGCTTTCTTTGGACAA"	FALSE	TRUE	NA	NA	NA	NA
"TGACATCGGCCCAAAAGAACCCGACAGCTTTCTATCTCTGTACCTGGACAGGGGTTCTTTTTGAACACTGAAGCTTTCTTTGGACAA"	""	"TGACATCGGCCCAAAAGAACCCGACAGCTTTCTATCTCTGTACCTGGACAGGGGTTCTTTTTGAACACTGAAGCTTTCTTTGGACAA"	""	"TCRBV19-1*1"	"TCRBD1-1*1"	"TCRBJ1-1*1"	41	45	54	61	4	7	NA	NA	"TGACATCGGCCCAAAAGAACCCGACAGCTTTCTATCTCTGTACCTGGACAGGGGTTCTTTTTGAACACTGAAGCTTTCTTTGGACAA"	FALSE	FALSE	NA	NA	NA	NA
"NNNNNNNTGTCGGCTGCTCCCTCCCAAACATCTGTGTACTTCTGTGCCAGCAGTTTAGGACCGATCGGTGAGCAGTTCTTCGGGCCA"	"CASSLGPIGEQFF"	"NNNNNNNTGTCGGCTGCTCCCTCCCAAACATCTGTGTACTTCTGTGCCAGCAGTTTAGGACCGATCGGTGAGCAGTTCTTCGGGCCA"	"CASSLGPIGEQFF"	"TCRBV6-2/6-3*1"	NA	"TCRBJ2-1*1"	55	57	61	68	2	7	NA	NA	"NNNNNNNTGTCGGCTGCTCCCTCCCAAACATCTGTGTACTTCTGTGCCAGCAGTTTAGGACCGATCGGTGAGCAGTTCTTCGGGCCA"	FALSE	TRUE	NA	NA	NA	NA
"CACTGTGACATCGGCCCAAAAGAACCCGACAGCTTTCTATCTCTGTGCCAGTAGTATGCGTCTGTAGGCGAGCAGTACTTCGGGCCG"	""	"CACTGTGACATCGGCCCAAAAGAACCCGACAGCTTTCTATCTCTGTGCCAGTAGTATGCGTCTGTAGGCGAGCAGTACTTCGGGCCG"	""	"TCRBV19-1*1"	NA	"TCRBJ2-7*1"	57	65	-1	68	8	69	NA	NA	"CACTGTGACATCGGCCCAAAAGAACCCGACAGCTTTCTATCTCTGTGCCAGTAGTATGCGTCTGTAGGCGAGCAGTACTTCGGGCCG"	FALSE	FALSE	NA	NA	NA	NA
"TCTGCCATCCCCAACCAGACAGCTCTTTACTTCTGTGCCACCAGTGACCGAGGGACTAGCGGCCACTACGAGCAGTACTTCGGGCCG"	"CATSDRGTSGHYEQYF"	"TCTGCCATCCCCAACCAGACAGCTCTTTACTTCTGTGCCACCAGTGACCGAGGGACTAGCGGCCACTACGAGCAGTACTTCGGGCCG"	"CATSDRGTSGHYEQYF"	"TCRBV24-1*1"	"TCRBD2-1"	"TCRBJ2-7*1"	47	51	62	65	4	3	NA	NA	"TCTGCCATCCCCAACCAGACAGCTCTTTACTTCTGTGCCACCAGTGACCGAGGGACTAGCGGCCACTACGAGCAGTACTTCGGGCCG"	FALSE	TRUE	NA	NA	NA	NA
"ACTGTGAGCAACATGAGCCCTGAAGACAGCAGCATATATCTCTGCAGCGTTGAATTTACGGGACAGGGCCCCCAGCATTTTGGTGAT"	"CSVEFTGQGPQHF"	"ACTGTGAGCAACATGAGCCCTGAAGACAGCAGCATATATCTCTGCAGCGTTGAATTTACGGGACAGGGCCCCCAGCATTTTGGTGAT"	"CSVEFTGQGPQHF"	"TCRBV29-1"	"TCRBD1-1*1"	"TCRBJ1-5*1"	54	59	68	69	5	1	NA	NA	"ACTGTGAGCAACATGAGCCCTGAAGACAGCAGCATATATCTCTGCAGCGTTGAATTTACGGGACAGGGCCCCCAGCATTTTGGTGAT"	FALSE	TRUE	NA	NA	NA	NA
"ACCTTGGAGCTGGGGGACTCGGCCCTTTATCTTTGCGCCAGCAGCTTGTACCCTGGACGGAACGCCGGGGAGCTGTTTTTTGGAGAA"	"CASSLYPGRNAGELFF"	"ACCTTGGAGCTGGGGGACTCGGCCCTTTATCTTTGCGCCAGCAGCTTGTACCCTGGACGGAACGCCGGGGAGCTGTTTTTTGGAGAA"	"CASSLYPGRNAGELFF"	"TCRBV5-1*1"	NA	"TCRBJ2-2*1"	48	54	58	64	6	6	NA	NA	"ACCTTGGAGCTGGGGGACTCGGCCCTTTATCTTTGCGCCAGCAGCTTGTACCCTGGACGGAACGCCGGGGAGCTGTTTTTTGGAGAA"	FALSE	TRUE	NA	NA	NA	NA
"CAGCGCACAGAGCAGGGGGACTCGGCCATGTATCTCTGTGCCAGCAGCTTGGTCTGGACAGGGGACAATGAGCAGTTCTTCGGGCCA"	"CASSLVWTGDNEQFF"	"CAGCGCACAGAGCAGGGGGACTCGGCCATGTATCTCTGTGCCAGCAGCTTGGTCTGGACAGGGGACAATGAGCAGTTCTTCGGGCCA"	"CASSLVWTGDNEQFF"	"TCRBV7-9*1"	"TCRBD1-1*1"	"TCRBJ2-1*1"	50	55	-1	64	5	65	NA	NA	"CAGCGCACAGAGCAGGGGGACTCGGCCATGTATCTCTGTGCCAGCAGCTTGGTCTGGACAGGGGACAATGAGCAGTTCTTCGGGCCA"	FALSE	TRUE	NA	NA	NA	NA
"CCTGGGGGACGCAGCCATGTACCTGTGTGCCACCAGCATCATGGACTAGCGGGAGGGCCTAGATACAATGAGCAGTTCTTCGGGCCA"	""	"CCTGGGGGACGCAGCCATGTACCTGTGTGCCACCAGCATCATGGACTAGCGGGAGGGCCTAGATACAATGAGCAGTTCTTCGGGCCA"	""	"TCRBV15-1*2"	"TCRBD2-1*2"	"TCRBJ2-1*1"	38	42	57	63	4	6	NA	NA	"CCTGGGGGACGCAGCCATGTACCTGTGTGCCACCAGCATCATGGACTAGCGGGAGGGCCTAGATACAATGAGCAGTTCTTCGGGCCA"	FALSE	FALSE	NA	NA	NA	NA
"TCCTGTCCTCAGAACCGGGAGACACGGCACTGTATCTCTGCGCCAGCAGTCAAAGGACAGGCCGAAGAGACCCAGTACTTCGGGCCA"	""	"TCCTGTCCTCAGAACCGGGAGACACGGCACTGTATCTCTGCGCCAGCAGTCAAAGGACAGGCCGAAGAGACCCAGTACTTCGGGCCA"	""	"TCRBV23-1*1"	"TCRBD1-1*1"	"TCRBJ2-5*1"	53	54	61	64	1	3	NA	NA	"TCCTGTCCTCAGAACCGGGAGACACGGCACTGTATCTCTGCGCCAGCAGTCAAAGGACAGGCCGAAGAGACCCAGTACTTCGGGCCA"	FALSE	FALSE	NA	NA	NA	NA
"ACAGTGACCAGTGCCCATCCTGAAGACAGCAGCTTCTACATCTGCAGTGCAAGAGACAGGGTTCGTGAGACCCAGTACTTCGGGCCA"	"CSARDRVRETQYF"	"ACAGTGACCAGTGCCCATCCTGAAGACAGCAGCTTCTACATCTGCAGTGCAAGAGACAGGGTTCGTGAGACCCAGTACTTCGGGCCA"	"CSARDRVRETQYF"	NA	"TCRBD1-1*1"	"TCRBJ2-5*1"	-1	56	61	66	57	5	NA	NA	"ACAGTGACCAGTGCCCATCCTGAAGACAGCAGCTTCTACATCTGCAGTGCAAGAGACAGGGTTCGTGAGACCCAGTACTTCGGGCCA"	FALSE	TRUE	NA	NA	NA	NA
"AGTTCTAAGAAGCTCCTTCTCAGTGACTCTGGCTTCTATCTCTGTGCCTGGAGTGTGGTGGGGAGCACTGAAGCTTTCTTTGGACAA"	"CAWSVVGSTEAFF"	"AGTTCTAAGAAGCTCCTTCTCAGTGACTCTGGCTTCTATCTCTGTGCCTGGAGTGTGGTGGGGAGCACTGAAGCTTTCTTTGGACAA"	"CAWSVVGSTEAFF"	"TCRBV3-1*1"	"TCRBD2-1*2"	"TCRBJ1-1*1"	56	60	-1	65	4	66	NA	NA	"AGTTCTAAGAAGCTCCTTCTCAGTGACTCTGGCTTCTATCTCTGTGCCTGGAGTGTGGTGGGGAGCACTGAAGCTTTCTTTGGACAA"	FALSE	TRUE	NA	NA	NA	NA
"GAGCTGGGGGACTCGGCCCTTTATCTTTGCGCCAGCAGCGAAGGGGGGACTAGCGGGAGAAAGTACAATGAGCAGTTCTTCGGGCCA"	"CASSEGGTSGRKYNEQFF"	"GAGCTGGGGGACTCGGCCCTTTATCTTTGCGCCAGCAGCGAAGGGGGGACTAGCGGGAGAAAGTACAATGAGCAGTTCTTCGGGCCA"	"CASSEGGTSGRKYNEQFF"	"TCRBV5-1*1"	"TCRBD2-1*2"	"TCRBJ2-1*1"	39	45	59	63	6	4	NA	NA	"GAGCTGGGGGACTCGGCCCTTTATCTTTGCGCCAGCAGCGAAGGGGGGACTAGCGGGAGAAAGTACAATGAGCAGTTCTTCGGGCCA"	FALSE	TRUE	NA	NA	NA	NA
"ATCCAGCCCTCAGAACCCAGGGACTCAGCTGTGTACTTCTGTGCCAGCAGTTTGAGGACTCAGGTTGAAAAACTGTTTTTTGGCAGT"	"CASSLRTQVEKLFF"	"ATCCAGCCCTCAGAACCCAGGGACTCAGCTGTGTACTTCTGTGCCAGCAGTTTGAGGACTCAGGTTGAAAAACTGTTTTTTGGCAGT"	"CASSLRTQVEKLFF"	NA	"TCRBD2-1"	"TCRBJ1-4*1"	53	55	60	65	2	5	NA	NA	"ATCCAGCCCTCAGAACCCAGGGACTCAGCTGTGTACTTCTGTGCCAGCAGTTTGAGGACTCAGGTTGAAAAACTGTTTTTTGGCAGT"	FALSE	TRUE	NA	NA	NA	NA
"TCGGCTGCTCCCTCCCAAACATCTGTGTACTTCTGTGCCAGCAGTTTGGACTGGACTAGCGGGGGCTACGAGCAGTACTTCGGGCCG"	"CASSLDWTSGGYEQYF"	"TCGGCTGCTCCCTCCCAAACATCTGTGTACTTCTGTGCCAGCAGTTTGGACTGGACTAGCGGGGGCTACGAGCAGTACTTCGGGCCG"	"CASSLDWTSGGYEQYF"	"TCRBV6-2/6-3*1"	"TCRBD2-1*1"	"TCRBJ2-7*1"	46	52	-1	65	6	66	NA	NA	"TCGGCTGCTCCCTCCCAAACATCTGTGTACTTCTGTGCCAGCAGTTTGGACTGGACTAGCGGGGGCTACGAGCAGTACTTCGGGCCG"	FALSE	TRUE	NA	NA	NA	NA
"TCAGAACCGGGAGACACGGCACTGTATCTCTGCGCCAGCAGTCAATCCCCGACTAGCGGGAGGAGAGATACGCAGTATTTTGGCCCA"	"CASSQSPTSGRRDTQYF"	"TCAGAACCGGGAGACACGGCACTGTATCTCTGCGCCAGCAGTCAATCCCCGACTAGCGGGAGGAGAGATACGCAGTATTTTGGCCCA"	"CASSQSPTSGRRDTQYF"	"TCRBV23-1*1"	"TCRBD2-1*2"	"TCRBJ2-3*1"	47	50	63	65	3	2	NA	NA	"TCAGAACCGGGAGACACGGCACTGTATCTCTGCGCCAGCAGTCAATCCCCGACTAGCGGGAGGAGAGATACGCAGTATTTTGGCCCA"	FALSE	TRUE	NA	NA	NA	NA
"CTGAGCTCTCTGGAGCTGGGGGACTCAGCTTTGTATTTCTGTGCCAGCAGCGTCCGCGGGACCTACGGGGAGCTGTTTTTTGGAGAA"	"CASSVRGTYGELFF"	"CTGAGCTCTCTGGAGCTGGGGGACTCAGCTTTGTATTTCTGTGCCAGCAGCGTCCGCGGGACCTACGGGGAGCTGTTTTTTGGAGAA"	"CASSVRGTYGELFF"	"TCRBV9-1*1"	"TCRBD2-1*2"	"TCRBJ2-2*1"	53	55	61	65	2	4	NA	NA	"CTGAGCTCTCTGGAGCTGGGGGACTCAGCTTTGTATTTCTGTGCCAGCAGCGTCCGCGGGACCTACGGGGAGCTGTTTTTTGGAGAA"	FALSE	TRUE	NA	NA	NA	NA
"AATGTGAACGCCTTGGAGCTGGACGACTCGGCCCTGTATCTCTGTGCCAGCAGCGGAGGACCGAACTACGAGCAGTACTTCGGGCCG"	"CASSGGPNYEQYF"	"AATGTGAACGCCTTGGAGCTGGACGACTCGGCCCTGTATCTCTGTGCCAGCAGCGGAGGACCGAACTACGAGCAGTACTTCGGGCCG"	"CASSGGPNYEQYF"	"TCRBV5-4*1"	"TCRBD2-1*2"	"TCRBJ2-7*1"	-1	54	59	65	55	6	NA	NA	"AATGTGAACGCCTTGGAGCTGGACGACTCGGCCCTGTATCTCTGTGCCAGCAGCGGAGGACCGAACTACGAGCAGTACTTCGGGCCG"	FALSE	TRUE	NA	NA	NA	NA
"CTCACCAGGCCTGGGGGACGCAGCCATGTACCTGTGTGCCACCAGCAGAGACTAGCGGGGCACACAGATACGCAGTATTTTGGCCCA"	""	"CTCACCAGGCCTGGGGGACGCAGCCATGTACCTGTGTGCCACCAGCAGAGACTAGCGGGGCACACAGATACGCAGTATTTTGGCCCA"	""	"TCRBV15-1*2"	"TCRBD2-1*1"	"TCRBJ2-3*1"	-1	51	60	62	52	2	NA	NA	"CTCACCAGGCCTGGGGGACGCAGCCATGTACCTGTGTGCCACCAGCAGAGACTAGCGGGGCACACAGATACGCAGTATTTTGGCCCA"	FALSE	FALSE	NA	NA	NA	NA
"CTACACGCCCTGCAGCCAGAAGACTCAGCCCTGTATCTCTGCGCCAGCAGCCAAGACCCCTGGGGGGATGGCTACACCTTCGGTTCG"	"CASSQDPWGDGYTF"	"CTACACGCCCTGCAGCCAGAAGACTCAGCCCTGTATCTCTGCGCCAGCAGCCAAGACCCCTGGGGGGATGGCTACACCTTCGGTTCG"	"CASSQDPWGDGYTF"	"TCRBV4-1*1"	"TCRBD2-1*1"	"TCRBJ1-2*1"	56	61	-1	67	5	68	NA	NA	"CTACACGCCCTGCAGCCAGAAGACTCAGCCCTGTATCTCTGCGCCAGCAGCCAAGACCCCTGGGGGGATGGCTACACCTTCGGTTCG"	FALSE	TRUE	NA	NA	NA	NA
"ACTCTGACGATCCAGCGCACAGAGCAGGAGGACTCGGCCGTGTATCTCTGTGCCAGCAGCTTGGTCGAGACCCAGTACTTCGGGCCA"	"CASSLVETQYF"	"ACTCTGACGATCCAGCGCACAGAGCAGGAGGACTCGGCCGTGTATCTCTGTGCCAGCAGCTTGGTCGAGACCCAGTACTTCGGGCCA"	"CASSLVETQYF"	"TCRBV7-2"	NA	"TCRBJ2-5*1"	-1	62	64	66	63	2	NA	NA	"ACTCTGACGATCCAGCGCACAGAGCAGGAGGACTCGGCCGTGTATCTCTGTGCCAGCAGCTTGGTCGAGACCCAGTACTTCGGGCCA"	FALSE	TRUE	NA	NA	NA	NA
"CAGCCAGAAGACTCGGCCCTGTATCTCTGCGCCAGCAGCCACGGACGCCGATCAGTGAGCTCTGGAAACACCATATATTTTGGAGAG"	"CASSHGRRSVSSGNTIYF"	"CAGCCAGAAGACTCGGCCCTGTATCTCTGCGCCAGCAGCCACGGACGCCGATCAGTGAGCTCTGGAAACACCATATATTTTGGAGAG"	"CASSHGRRSVSSGNTIYF"	"TCRBV4-3*1"	NA	"TCRBJ1-3*1"	41	42	46	59	1	13	NA	NA	"CAGCCAGAAGACTCGGCCCTGTATCTCTGCGCCAGCAGCCACGGACGCCGATCAGTGAGCTCTGGAAACACCATATATTTTGGAGAG"	FALSE	TRUE	NA	NA	NA	NA
"GCCAGGCCCTCACATACCTCTCAGTACCTCTGTGCCAGCAGTGAAGCGGATGGGGTAGAGAGCAATCAGCCCCAGCATTTTGGTGAT"	"CASSEADGVESNQPQHF"	"GCCAGGCCCTCACATACCTCTCAGTACCTCTGTGCCAGCAGTGAAGCGGATGGGGTAGAGAGCAATCAGCCCCAGCATTTTGGTGAT"	"CASSEADGVESNQPQHF"	"TCRBV25-1*1"	NA	"TCRBJ1-5*1"	45	51	55	60	6	5	NA	NA	"GCCAGGCCCTCACATACCTCTCAGTACCTCTGTGCCAGCAGTGAAGCGGATGGGGTAGAGAGCAATCAGCCCCAGCATTTTGGTGAT"	FALSE	TRUE	NA	NA	NA	NA
"CAGCGCACAGAGCAGGGGGACTCGGCCATGTATCTCTGTGCCAGCAGCGACACAGGGGGCGACGAAAACATTCAGTACTTCGGCGCC"	"CASSDTGGDENIQYF"	"CAGCGCACAGAGCAGGGGGACTCGGCCATGTATCTCTGTGCCAGCAGCGACACAGGGGGCGACGAAAACATTCAGTACTTCGGCGCC"	"CASSDTGGDENIQYF"	"TCRBV7-9*1"	"TCRBD1-1*1"	"TCRBJ2-4*1"	48	51	60	64	3	4	NA	NA	"CAGCGCACAGAGCAGGGGGACTCGGCCATGTATCTCTGTGCCAGCAGCGACACAGGGGGCGACGAAAACATTCAGTACTTCGGCGCC"	FALSE	TRUE	NA	NA	NA	NA
"TGGAGTCCGCCAGCACCAACCAGACATCTATGTACCTCTGTGCCAGCAGGGCAAACAGGGGGTGATCAGCCCCAGCATTTTGGTGAT"	""	"TGGAGTCCGCCAGCACCAACCAGACATCTATGTACCTCTGTGCCAGCAGGGCAAACAGGGGGTGATCAGCCCCAGCATTTTGGTGAT"	""	"TCRBV28-1*1"	"TCRBD1-1*1"	"TCRBJ1-5*1"	49	54	62	64	5	2	NA	NA	"TGGAGTCCGCCAGCACCAACCAGACATCTATGTACCTCTGTGCCAGCAGGGCAAACAGGGGGTGATCAGCCCCAGCATTTTGGTGAT"	FALSE	FALSE	NA	NA	NA	NA
"AGTGCCCATCCTGAAGACAGCAGCTTCTACATCTGCAGTGCTAGTCGTGGAGGGGGTAGGCAGAACACTGAAGCTTTCTTTGGACAA"	"CSASRGGGRQNTEAFF"	"AGTGCCCATCCTGAAGACAGCAGCTTCTACATCTGCAGTGCTAGTCGTGGAGGGGGTAGGCAGAACACTGAAGCTTTCTTTGGACAA"	"CSASRGGGRQNTEAFF"	"TCRBV2-1*4"	NA	"TCRBJ1-1*1"	45	50	56	62	5	6	NA	NA	"AGTGCCCATCCTGAAGACAGCAGCTTCTACATCTGCAGTGCTAGTCGTGGAGGGGGTAGGCAGAACACTGAAGCTTTCTTTGGACAA"	FALSE	TRUE	NA	NA	NA	NA
"NNNNTGTCGGCTGCTCCCTCCCAGACATCTGTGTACTTCTGTGCCAGCAGCGAAGGGTCGGCTGGAAACACCATATATTTTGGAGAG"	"CASSEGSAGNTIYF"	"NNNNTGTCGGCTGCTCCCTCCCAGACATCTGTGTACTTCTGTGCCAGCAGCGAAGGGTCGGCTGGAAACACCATATATTTTGGAGAG"	"CASSEGSAGNTIYF"	"TCRBV6-1*1"	"TCRBD2-1"	"TCRBJ1-3*1"	55	58	-1	61	3	62	NA	NA	"NNNNTGTCGGCTGCTCCCTCCCAGACATCTGTGTACTTCTGTGCCAGCAGCGAAGGGTCGGCTGGAAACACCATATATTTTGGAGAG"	FALSE	TRUE	NA	NA	NA	NA
"AACCTGAGCTCTCTGGAGCTGGGGGACTCAGCTTTGTATTTCTGTGCCAGCAGCCTACGTGGAAATCAGCCCCAGCATTTTGGTGAT"	"CASSLRGNQPQHF"	"AACCTGAGCTCTCTGGAGCTGGGGGACTCAGCTTTGTATTTCTGTGCCAGCAGCCTACGTGGAAATCAGCCCCAGCATTTTGGTGAT"	"CASSLRGNQPQHF"	"TCRBV9-1*1"	NA	"TCRBJ1-5*1"	54	60	-1	63	6	64	NA	NA	"AACCTGAGCTCTCTGGAGCTGGGGGACTCAGCTTTGTATTTCTGTGCCAGCAGCCTACGTGGAAATCAGCCCCAGCATTTTGGTGAT"	FALSE	TRUE	NA	NA	NA	NA
"ATCCGGTCCACAAAGCTGGAGGACTCAGCCATGTACTTCTGTGCCAGCAGTGAGTCCCGGGGGCCCTACGAGCAGTACTTCGGGCCG"	"CASSESRGPYEQYF"	"ATCCGGTCCACAAAGCTGGAGGACTCAGCCATGTACTTCTGTGCCAGCAGTGAGTCCCGGGGGCCCTACGAGCAGTACTTCGGGCCG"	"CASSESRGPYEQYF"	"TCRBV2-1"	NA	"TCRBJ2-7*1"	53	58	-1	64	5	65	NA	NA	"ATCCGGTCCACAAAGCTGGAGGACTCAGCCATGTACTTCTGTGCCAGCAGTGAGTCCCGGGGGCCCTACGAGCAGTACTTCGGGCCG"	FALSE	TRUE	NA	NA	NA	NA
"CCTGCAAAGCTTGAGGACTCGGCCGTGTATCTCTGTGCCAGCAGCTTAGGTGGGGGGCTCTCTGGAAACACCATATATTTTGGAGAG"	"CASSLGGGLSGNTIYF"	"CCTGCAAAGCTTGAGGACTCGGCCGTGTATCTCTGTGCCAGCAGCTTAGGTGGGGGGCTCTCTGGAAACACCATATATTTTGGAGAG"	"CASSLGGGLSGNTIYF"	"TCRBV11-2"	NA	"TCRBJ1-3*1"	49	52	58	59	3	1	NA	NA	"CCTGCAAAGCTTGAGGACTCGGCCGTGTATCTCTGTGCCAGCAGCTTAGGTGGGGGGCTCTCTGGAAACACCATATATTTTGGAGAG"	FALSE	TRUE	NA	NA	NA	NA
"GTGACCAGTGCCCATCCTGAAGACAGCAGCTTCTACATCTGCAGTGCTAGAGACAGGGCTAACACCGGGGAGCTGTTTTTTGGAGAA"	"CSARDRANTGELFF"	"GTGACCAGTGCCCATCCTGAAGACAGCAGCTTCTACATCTGCAGTGCTAGAGACAGGGCTAACACCGGGGAGCTGTTTTTTGGAGAA"	"CSARDRANTGELFF"	NA	"TCRBD1-1*1"	"TCRBJ2-2*1"	-1	53	58	60	54	2	NA	NA	"GTGACCAGTGCCCATCCTGAAGACAGCAGCTTCTACATCTGCAGTGCTAGAGACAGGGCTAACACCGGGGAGCTGTTTTTTGGAGAA"	FALSE	TRUE	NA	NA	NA	NA
"TCCCTGATTCTGGAGTCCGCCAGCACCAACCAGACATCTATGTACCTCTGTGCCAGCAGTTTGGGCAGGGGATCGCATTTTGGTGAT"	"CASSLGRGSHF"	"TCCCTGATTCTGGAGTCCGCCAGCACCAACCAGACATCTATGTACCTCTGTGCCAGCAGTTTGGGCAGGGGATCGCATTTTGGTGAT"	"CASSLGRGSHF"	"TCRBV28-1*1"	"TCRBD1-1*1"	"TCRBJ1-5*1"	62	65	71	74	3	3	NA	NA	"TCCCTGATTCTGGAGTCCGCCAGCACCAACCAGACATCTATGTACCTCTGTGCCAGCAGTTTGGGCAGGGGATCGCATTTTGGTGAT"	FALSE	TRUE	NA	NA	NA	NA
"NNNNTGAAGATCCAGCCCTCAGAACCCAGGGACTCAGCTGTGTACTTCTGTGCCAGCACACAAACGGAGACCCAGTACTTCGGGCCA"	"CASTQTETQYF"	"NNNNTGAAGATCCAGCCCTCAGAACCCAGGGACTCAGCTGTGTACTTCTGTGCCAGCACACAAACGGAGACCCAGTACTTCGGGCCA"	"CASTQTETQYF"	"TCRBV12-3/12-4*1"	"TCRBD1-1*1"	"TCRBJ2-5*1"	58	59	62	66	1	4	NA	NA	"NNNNTGAAGATCCAGCCCTCAGAACCCAGGGACTCAGCTGTGTACTTCTGTGCCAGCACACAAACGGAGACCCAGTACTTCGGGCCA"	FALSE	TRUE	NA	NA	NA	NA
"GTGACATCGGCCCAAAAGAACCCGACAGCTTTCTATCTCTGTGCCAGTAGTCCGAACTTCCCGGGGGATGAGCAGTTCTTCGGGCCA"	"CASSPNFPGDEQFF"	"GTGACATCGGCCCAAAAGAACCCGACAGCTTTCTATCTCTGTGCCAGTAGTCCGAACTTCCCGGGGGATGAGCAGTTCTTCGGGCCA"	"CASSPNFPGDEQFF"	"TCRBV19-1*1"	"TCRBD2-1*1"	"TCRBJ2-1*1"	51	61	-1	67	10	68	NA	NA	"GTGACATCGGCCCAAAAGAACCCGACAGCTTTCTATCTCTGTGCCAGTAGTCCGAACTTCCCGGGGGATGAGCAGTTCTTCGGGCCA"	FALSE	TRUE	NA	NA	NA	NA
"AGTTCTAAGAAGCTCCTTCTCAGTGACTCTGGCTTCTATCTCTGTGCCTGGAGTGTTGGGAGTGGGGAGACCCAGTACTTCGGGCCA"	"CAWSVGSGETQYF"	"AGTTCTAAGAAGCTCCTTCTCAGTGACTCTGGCTTCTATCTCTGTGCCTGGAGTGTTGGGAGTGGGGAGACCCAGTACTTCGGGCCA"	"CAWSVGSGETQYF"	"TCRBV3-1*1"	"TCRBD2-1*2"	"TCRBJ2-5*1"	56	57	62	66	1	4	NA	NA	"AGTTCTAAGAAGCTCCTTCTCAGTGACTCTGGCTTCTATCTCTGTGCCTGGAGTGTTGGGAGTGGGGAGACCCAGTACTTCGGGCCA"	FALSE	TRUE	NA	NA	NA	NA
"CTGAGTTCTAAGAAGCTCCTTCTCAGTGACTCTGGCTTCTATCTCTGTGCCTGGGGCCGCGGGGACCATGAGCAGTTCTTCGGGCCA"	"CAWGRGDHEQFF"	"CTGAGTTCTAAGAAGCTCCTTCTCAGTGACTCTGGCTTCTATCTCTGTGCCTGGGGCCGCGGGGACCATGAGCAGTTCTTCGGGCCA"	"CAWGRGDHEQFF"	"TCRBV3-1*5"	"TCRBD2-1*1"	"TCRBJ2-1*1"	56	58	64	67	2	3	NA	NA	"CTGAGTTCTAAGAAGCTCCTTCTCAGTGACTCTGGCTTCTATCTCTGTGCCTGGGGCCGCGGGGACCATGAGCAGTTCTTCGGGCCA"	FALSE	TRUE	NA	NA	NA	NA
"CTCCTTCTCAGTGACTCTGGCTTCTATCTCTGTGCCTGGAGTGTCGAGGCGAGACGCTCCTCTGGAAACACCATATATTTTGGAGAG"	"CAWSVEARRSSGNTIYF"	"CTCCTTCTCAGTGACTCTGGCTTCTATCTCTGTGCCTGGAGTGTCGAGGCGAGACGCTCCTCTGGAAACACCATATATTTTGGAGAG"	"CAWSVEARRSSGNTIYF"	"TCRBV3-1*1"	"TCRBD2-1*2"	"TCRBJ1-3*1"	44	45	49	59	1	10	NA	NA	"CTCCTTCTCAGTGACTCTGGCTTCTATCTCTGTGCCTGGAGTGTCGAGGCGAGACGCTCCTCTGGAAACACCATATATTTTGGAGAG"	FALSE	TRUE	NA	NA	NA	NA
"CCCTCAGAACCCAGGGACTCAGCTGTGTACTTCTGTGCCAGCAGTGGGGTCTTGGGACTAAGAGTGTACGAGCAGTACTTCGGGCCG"	"CASSGVLGLRVYEQYF"	"CCCTCAGAACCCAGGGACTCAGCTGTGTACTTCTGTGCCAGCAGTGGGGTCTTGGGACTAAGAGTGTACGAGCAGTACTTCGGGCCG"	"CASSGVLGLRVYEQYF"	NA	"TCRBD2-1"	"TCRBJ2-7*1"	45	53	60	66	8	6	NA	NA	"CCCTCAGAACCCAGGGACTCAGCTGTGTACTTCTGTGCCAGCAGTGGGGTCTTGGGACTAAGAGTGTACGAGCAGTACTTCGGGCCG"	FALSE	TRUE	NA	NA	NA	NA
"CTAGAGTCTGCCATCCCCAACCAGACAGCTCTTTACTTCTGTGCCACCGGGGGGACAGGGGGCTGGGATGAGCAGTTCTTCGGGCCA"	"CATGGTGGWDEQFF"	"CTAGAGTCTGCCATCCCCAACCAGACAGCTCTTTACTTCTGTGCCACCGGGGGGACAGGGGGCTGGGATGAGCAGTTCTTCGGGCCA"	"CATGGTGGWDEQFF"	"TCRBV24-1*1"	"TCRBD1-1*1"	"TCRBJ2-1*1"	48	51	63	67	3	4	NA	NA	"CTAGAGTCTGCCATCCCCAACCAGACAGCTCTTTACTTCTGTGCCACCGGGGGGACAGGGGGCTGGGATGAGCAGTTCTTCGGGCCA"	FALSE	TRUE	NA	NA	NA	NA
"ACCTTGGAGCTGGGGGACTCGGCCCTTTATCTTTGCGCCAGCAGCACCGGTACAGGGGTCAACGGAAACACCATATATTTTGGAGAG"	"CASSTGTGVNGNTIYF"	"ACCTTGGAGCTGGGGGACTCGGCCCTTTATCTTTGCGCCAGCAGCACCGGTACAGGGGTCAACGGAAACACCATATATTTTGGAGAG"	"CASSTGTGVNGNTIYF"	"TCRBV5-1*1"	"TCRBD1-1*1"	"TCRBJ1-3*1"	45	51	58	63	6	5	NA	NA	"ACCTTGGAGCTGGGGGACTCGGCCCTTTATCTTTGCGCCAGCAGCACCGGTACAGGGGTCAACGGAAACACCATATATTTTGGAGAG"	FALSE	TRUE	NA	NA	NA	NA
"CTGGAGCTTGGTGACTCTGCTGTGTATTTCTGTGCCAGCAGCCAGGCAGAAGAGGGGCAGTTCACAGATACGCAGTATTTTGGCCCA"	"CASSQAEEGQFTDTQYF"	"CTGGAGCTTGGTGACTCTGCTGTGTATTTCTGTGCCAGCAGCCAGGCAGAAGAGGGGCAGTTCACAGATACGCAGTATTTTGGCCCA"	"CASSQAEEGQFTDTQYF"	"TCRBV3-1/3-2*1"	NA	"TCRBJ2-3*1"	44	52	57	62	8	5	NA	NA	"CTGGAGCTTGGTGACTCTGCTGTGTATTTCTGTGCCAGCAGCCAGGCAGAAGAGGGGCAGTTCACAGATACGCAGTATTTTGGCCCA"	FALSE	TRUE	NA	NA	NA	NA
"AGCTCTCTGGAGCTGGGGGACTCAGCTTTGTATTTCTGTGCCAGCAGCGTAGGGCAGGGAGGAAACTATGGCTACACCTTCGGTTCG"	"CASSVGQGGNYGYTF"	"AGCTCTCTGGAGCTGGGGGACTCAGCTTTGTATTTCTGTGCCAGCAGCGTAGGGCAGGGAGGAAACTATGGCTACACCTTCGGTTCG"	"CASSVGQGGNYGYTF"	"TCRBV9-1*1"	"TCRBD2-1*2"	"TCRBJ1-2*1"	52	56	62	63	4	1	NA	NA	"AGCTCTCTGGAGCTGGGGGACTCAGCTTTGTATTTCTGTGCCAGCAGCGTAGGGCAGGGAGGAAACTATGGCTACACCTTCGGTTCG"	FALSE	TRUE	NA	NA	NA	NA
"GCCCAAAAGAACCCGACAGCTTTCTATCTCTGTGCCAGTAGTATGGGACATTTAAAGTCCGCTAATTCACCCCTCCACTTTGGGAAT"	"CASSMGHLKSANSPLHF"	"GCCCAAAAGAACCCGACAGCTTTCTATCTCTGTGCCAGTAGTATGGGACATTTAAAGTCCGCTAATTCACCCCTCCACTTTGGGAAT"	"CASSMGHLKSANSPLHF"	"TCRBV19-1*1"	"TCRBD1-1*1"	"TCRBJ1-6*1"	-1	44	50	62	45	12	NA	NA	"GCCCAAAAGAACCCGACAGCTTTCTATCTCTGTGCCAGTAGTATGGGACATTTAAAGTCCGCTAATTCACCCCTCCACTTTGGGAAT"	FALSE	TRUE	NA	NA	NA	NA
"NNNNNNNNCTCTCACTGTGACATCGGCCCAAAAGAACCCGACAGCTTTCTATCTCTAATGTCGTTGGAGACCCAGTACTTCGGGCCA"	""	"NNNNNNNNCTCTCACTGTGACATCGGCCCAAAAGAACCCGACAGCTTTCTATCTCTAATGTCGTTGGAGACCCAGTACTTCGGGCCA"	""	"TCRBV19-1*1"	"TCRBD2-1"	"TCRBJ2-5*1"	56	61	63	66	5	3	NA	NA	"NNNNNNNNCTCTCACTGTGACATCGGCCCAAAAGAACCCGACAGCTTTCTATCTCTAATGTCGTTGGAGACCCAGTACTTCGGGCCA"	FALSE	FALSE	NA	NA	NA	NA
"GGGGGACTCGGCCCTTTATCTTTGCGCCAGCAGCCTAGACAGACGATTACCCAACTCCTAGCCAAAAACATTCAGTACTTCGGCGCC"	""	"GGGGGACTCGGCCCTTTATCTTTGCGCCAGCAGCCTAGACAGACGATTACCCAACTCCTAGCCAAAAACATTCAGTACTTCGGCGCC"	""	"TCRBV5-1*1"	"TCRBD1-1*1"	"TCRBJ2-4*1"	34	37	42	59	3	17	NA	NA	"GGGGGACTCGGCCCTTTATCTTTGCGCCAGCAGCCTAGACAGACGATTACCCAACTCCTAGCCAAAAACATTCAGTACTTCGGCGCC"	FALSE	FALSE	NA	NA	NA	NA
"ATTCTGGAGTCCGCCAGCACCAACCAGACATCTATGTACCTCTGTGCCAGCACTCCTCTCGGGGGCTACGAGCAGTACTTCGGGCCG"	"CASTPLGGYEQYF"	"ATTCTGGAGTCCGCCAGCACCAACCAGACATCTATGTACCTCTGTGCCAGCACTCCTCTCGGGGGCTACGAGCAGTACTTCGGGCCG"	"CASTPLGGYEQYF"	"TCRBV28-1*1"	"TCRBD2-1*1"	"TCRBJ2-7*1"	52	59	-1	65	7	66	NA	NA	"ATTCTGGAGTCCGCCAGCACCAACCAGACATCTATGTACCTCTGTGCCAGCACTCCTCTCGGGGGCTACGAGCAGTACTTCGGGCCG"	FALSE	TRUE	NA	NA	NA	NA
"GCCCATCCTGAAGACAGCAGCTTCTACATCTGCAGTGCTAGAGATCGGGGCAGGGGGCCTTTTGACTATGGCTACACCTTCGGTTCG"	"CSARDRGRGPFDYGYTF"	"GCCCATCCTGAAGACAGCAGCTTCTACATCTGCAGTGCTAGAGATCGGGGCAGGGGGCCTTTTGACTATGGCTACACCTTCGGTTCG"	"CSARDRGRGPFDYGYTF"	NA	"TCRBD1-1*1"	"TCRBJ1-2*1"	44	50	58	64	6	6	NA	NA	"GCCCATCCTGAAGACAGCAGCTTCTACATCTGCAGTGCTAGAGATCGGGGCAGGGGGCCTTTTGACTATGGCTACACCTTCGGTTCG"	FALSE	TRUE	NA	NA	NA	NA
"GATCCAGCGCACAGAGCGGGGGGACTCAGCCGTGTATCTCTGTGCCAGCAGCTTGTCTCGGACCACTACGAGCAGTACTTCGGGCCG"	""	"GATCCAGCGCACAGAGCGGGGGGACTCAGCCGTGTATCTCTGTGCCAGCAGCTTGTCTCGGACCACTACGAGCAGTACTTCGGGCCG"	""	"TCRBV7-3*1"	NA	"TCRBJ2-7*1"	54	59	63	65	5	2	NA	NA	"GATCCAGCGCACAGAGCGGGGGGACTCAGCCGTGTATCTCTGTGCCAGCAGCTTGTCTCGGACCACTACGAGCAGTACTTCGGGCCG"	FALSE	FALSE	NA	NA	NA	NA
"GATCCAGCCCTCAGAACCCAGGGACTCAGCTGTGTACTTCTGTGCCAGCAGTCTGCACCCTCGTCCACTGAAGCTTTCTTTGGACAA"	""	"GATCCAGCCCTCAGAACCCAGGGACTCAGCTGTGTACTTCTGTGCCAGCAGTCTGCACCCTCGTCCACTGAAGCTTTCTTTGGACAA"	""	NA	NA	"TCRBJ1-1*1"	52	56	58	65	4	7	NA	NA	"GATCCAGCCCTCAGAACCCAGGGACTCAGCTGTGTACTTCTGTGCCAGCAGTCTGCACCCTCGTCCACTGAAGCTTTCTTTGGACAA"	FALSE	FALSE	NA	NA	NA	NA
"ATCCAGCGCACAGAGCAGCGGGACTCGGCCATGTATCGCTGTGCCAGCAGCGCTAGACCTAGCACAGATACGCAGTATTTTGGCCCA"	"CASSARPSTDTQYF"	"ATCCAGCGCACAGAGCAGCGGGACTCGGCCATGTATCGCTGTGCCAGCAGCGCTAGACCTAGCACAGATACGCAGTATTTTGGCCCA"	"CASSARPSTDTQYF"	"TCRBV7-6*1"	"TCRBD2-1"	"TCRBJ2-3*1"	51	52	56	60	1	4	NA	NA	"ATCCAGCGCACAGAGCAGCGGGACTCGGCCATGTATCGCTGTGCCAGCAGCGCTAGACCTAGCACAGATACGCAGTATTTTGGCCCA"	FALSE	TRUE	NA	NA	NA	NA
"CTGCAGCCAGAAGACTCGGCCCTGTATCTCTGTGCCAGCAGCCATGGTGGGTCCGGGACAGGGTTTTCACCCCTCCACTTTGGGAAT"	"CASSHGGSGTGFSPLHF"	"CTGCAGCCAGAAGACTCGGCCCTGTATCTCTGTGCCAGCAGCCATGGTGGGTCCGGGACAGGGTTTTCACCCCTCCACTTTGGGAAT"	"CASSHGGSGTGFSPLHF"	"TCRBV4-2*1"	"TCRBD1-1*1"	"TCRBJ1-6*1"	44	54	63	65	10	2	NA	NA	"CTGCAGCCAGAAGACTCGGCCCTGTATCTCTGTGCCAGCAGCCATGGTGGGTCCGGGACAGGGTTTTCACCCCTCCACTTTGGGAAT"	FALSE	TRUE	NA	NA	NA	NA
"GTCCGCTACCAGCTCCCAGACATCTGTGTACTTCTGTGCCACCGGGACTAGCGGGAGGGAACCGCGGACGAGCAGTACTTCGGGCCG"	""	"GTCCGCTACCAGCTCCCAGACATCTGTGTACTTCTGTGCCACCGGGACTAGCGGGAGGGAACCGCGGACGAGCAGTACTTCGGGCCG"	""	"TCRBV1-3*1"	"TCRBD2-1*2"	"TCRBJ2-7*1"	41	43	59	67	2	8	NA	NA	"GTCCGCTACCAGCTCCCAGACATCTGTGTACTTCTGTGCCACCGGGACTAGCGGGAGGGAACCGCGGACGAGCAGTACTTCGGGCCG"	FALSE	FALSE	NA	NA	NA	NA
"GCCTTGTTGCTGGGGGACTCGGCCCTCTATCTCTGTGCCAGCAGCTTTTGGACAGGGACGGTTGGAGAGACCCAGTACTTCGGGCCA"	"CASSFWTGTVGETQYF"	"GCCTTGTTGCTGGGGGACTCGGCCCTCTATCTCTGTGCCAGCAGCTTTTGGACAGGGACGGTTGGAGAGACCCAGTACTTCGGGCCA"	"CASSFWTGTVGETQYF"	"TCRBV5-6*1"	"TCRBD1-1*1"	"TCRBJ2-5*1"	47	49	57	65	2	8	NA	NA	"GCCTTGTTGCTGGGGGACTCGGCCCTCTATCTCTGTGCCAGCAGCTTTTGGACAGGGACGGTTGGAGAGACCCAGTACTTCGGGCCA"	FALSE	TRUE	NA	NA	NA	NA
"GCACAGAGCGGGGGGACTCAGCCGTGTATCTCTGTGCCAGCAGCTTCCCAGGGCCTAACCTTCTCCTACGAGCAGTACTTCGGGCCG"	""	"GCACAGAGCGGGGGGACTCAGCCGTGTATCTCTGTGCCAGCAGCTTCCCAGGGCCTAACCTTCTCCTACGAGCAGTACTTCGGGCCG"	""	"TCRBV7-3*1"	"TCRBD1-1*1"	"TCRBJ2-7*1"	46	48	53	62	2	9	NA	NA	"GCACAGAGCGGGGGGACTCAGCCGTGTATCTCTGTGCCAGCAGCTTCCCAGGGCCTAACCTTCTCCTACGAGCAGTACTTCGGGCCG"	FALSE	FALSE	NA	NA	NA	NA
"GTGAGCACCTTGGAGCTGGGGGACTCGGCCCTTTATCTTTGCGCCAGCAGCTTGGGGGAGGCGCAAGAGACCCAGTACTTCGGGCCA"	"CASSLGEAQETQYF"	"GTGAGCACCTTGGAGCTGGGGGACTCGGCCCTTTATCTTTGCGCCAGCAGCTTGGGGGAGGCGCAAGAGACCCAGTACTTCGGGCCA"	"CASSLGEAQETQYF"	"TCRBV5-1*1"	"TCRBD2-1*2"	"TCRBJ2-5*1"	-1	55	61	63	56	2	NA	NA	"GTGAGCACCTTGGAGCTGGGGGACTCGGCCCTTTATCTTTGCGCCAGCAGCTTGGGGGAGGCGCAAGAGACCCAGTACTTCGGGCCA"	FALSE	TRUE	NA	NA	NA	NA
"CTCAAGATCCAGCCTGCAAAGCTTGAGGACTCGGCCGTGTATCTCTGTGCCAGCAGCTACCAAGCCTACGAGCAGTACTTCGGGCCG"	"CASSYQAYEQYF"	"CTCAAGATCCAGCCTGCAAAGCTTGAGGACTCGGCCGTGTATCTCTGTGCCAGCAGCTACCAAGCCTACGAGCAGTACTTCGGGCCG"	"CASSYQAYEQYF"	"TCRBV11-2*1"	NA	"TCRBJ2-7*1"	-1	58	60	64	59	4	NA	NA	"CTCAAGATCCAGCCTGCAAAGCTTGAGGACTCGGCCGTGTATCTCTGTGCCAGCAGCTACCAAGCCTACGAGCAGTACTTCGGGCCG"	FALSE	TRUE	NA	NA	NA	NA
"CGCACAGAGCAGCGGGACTCGGCCATGTATCGCTGTGCCAGCAGCTTAAACAGCCTCGCGAACACCGGGGAGCTGTTTTTTGGAGAA"	"CASSLNSLANTGELFF"	"CGCACAGAGCAGCGGGACTCGGCCATGTATCGCTGTGCCAGCAGCTTAAACAGCCTCGCGAACACCGGGGAGCTGTTTTTTGGAGAA"	"CASSLNSLANTGELFF"	"TCRBV7-6*1"	"TCRBD1-1*1"	"TCRBJ2-2*1"	48	49	53	58	1	5	NA	NA	"CGCACAGAGCAGCGGGACTCGGCCATGTATCGCTGTGCCAGCAGCTTAAACAGCCTCGCGAACACCGGGGAGCTGTTTTTTGGAGAA"	FALSE	TRUE	NA	NA	NA	NA
"NNNNTGTCGGCTGCTCCCTCCCAGACATCTGTGTACTTCTGTGCCAGCAGTTACTCGAGGGGGTTGGAGACCCAGTACTTCGGGCCA"	"CASSYSRGLETQYF"	"NNNNTGTCGGCTGCTCCCTCCCAGACATCTGTGTACTTCTGTGCCAGCAGTTACTCGAGGGGGTTGGAGACCCAGTACTTCGGGCCA"	"CASSYSRGLETQYF"	"TCRBV6-5*1"	"TCRBD1-1*1"	"TCRBJ2-5*1"	56	57	63	66	1	3	NA	NA	"NNNNTGTCGGCTGCTCCCTCCCAGACATCTGTGTACTTCTGTGCCAGCAGTTACTCGAGGGGGTTGGAGACCCAGTACTTCGGGCCA"	FALSE	TRUE	NA	NA	NA	NA
"CCTGCAGAGCTTGGGGACTCGGCCATGTATCTCTGTGCCAGCAGCCGAAGGACAGCGATATACACCGGGGAGCTGTTTTTTGGAGAA"	"CASSRRTAIYTGELFF"	"CCTGCAGAGCTTGGGGACTCGGCCATGTATCTCTGTGCCAGCAGCCGAAGGACAGCGATATACACCGGGGAGCTGTTTTTTGGAGAA"	"CASSRRTAIYTGELFF"	"TCRBV11-1*1"	"TCRBD1-1*1"	"TCRBJ2-2*1"	45	49	55	61	4	6	NA	NA	"CCTGCAGAGCTTGGGGACTCGGCCATGTATCTCTGTGCCAGCAGCCGAAGGACAGCGATATACACCGGGGAGCTGTTTTTTGGAGAA"	FALSE	TRUE	NA	NA	NA	NA
"GTGCAGCCTGCAGAACTGGAGGATTCTGGAGTTTATTTCTGTGCCAGCAGCCAGACGGGACTAGCGGGAGAAAAGTACTTCGGGCCA"	"CASSQTGLAGEKYF"	"GTGCAGCCTGCAGAACTGGAGGATTCTGGAGTTTATTTCTGTGCCAGCAGCCAGACGGGACTAGCGGGAGAAAAGTACTTCGGGCCA"	"CASSQTGLAGEKYF"	"TCRBV14-1*1"	"TCRBD2-1*2"	"TCRBJ2-5*1"	53	56	70	73	3	3	NA	NA	"GTGCAGCCTGCAGAACTGGAGGATTCTGGAGTTTATTTCTGTGCCAGCAGCCAGACGGGACTAGCGGGAGAAAAGTACTTCGGGCCA"	FALSE	TRUE	NA	NA	NA	NA
"GACATCCGCTCACCAGGCCTGGGGGACGCAGCCATGTACCTGTGTGCCACCAGCAGAGTCCGGGATCGGGGCTACACCTTCGGTTCG"	"CATSRVRDRGYTF"	"GACATCCGCTCACCAGGCCTGGGGGACGCAGCCATGTACCTGTGTGCCACCAGCAGAGTCCGGGATCGGGGCTACACCTTCGGTTCG"	"CATSRVRDRGYTF"	"TCRBV15-1*2"	"TCRBD2-1*2"	"TCRBJ1-2*1"	58	60	65	69	2	4	NA	NA	"GACATCCGCTCACCAGGCCTGGGGGACGCAGCCATGTACCTGTGTGCCACCAGCAGAGTCCGGGATCGGGGCTACACCTTCGGTTCG"	FALSE	TRUE	NA	NA	NA	NA
"NTGTCGGCTGCTCCCTCCCAAACATCTGTGTACTTCTGTGCCAGCACCGACGGAAGCTCTGGGGCCAACGTCCTGACTTTCGGGGCC"	"CASTDGSSGANVLTF"	"NTGTCGGCTGCTCCCTCCCAAACATCTGTGTACTTCTGTGCCAGCACCGACGGAAGCTCTGGGGCCAACGTCCTGACTTTCGGGGCC"	"CASTDGSSGANVLTF"	NA	NA	"TCRBJ2-6*1"	46	51	54	56	5	2	NA	NA	"NTGTCGGCTGCTCCCTCCCAAACATCTGTGTACTTCTGTGCCAGCACCGACGGAAGCTCTGGGGCCAACGTCCTGACTTTCGGGGCC"	FALSE	TRUE	NA	NA	NA	NA
"ACTCTGGAGTCAGCTACCAGCTCCCAGACATCTGTGTACTTCTGTGCCAGCGCGGCGGGAGTTTTATACGAGCAGTACTTCGGGCCG"	"CASAAGVLYEQYF"	"ACTCTGGAGTCAGCTACCAGCTCCCAGACATCTGTGTACTTCTGTGCCAGCGCGGCGGGAGTTTTATACGAGCAGTACTTCGGGCCG"	"CASAAGVLYEQYF"	"TCRBV1-3*1"	"TCRBD2-1*2"	"TCRBJ2-7*1"	49	54	61	66	5	5	NA	NA	"ACTCTGGAGTCAGCTACCAGCTCCCAGACATCTGTGTACTTCTGTGCCAGCGCGGCGGGAGTTTTATACGAGCAGTACTTCGGGCCG"	FALSE	TRUE	NA	NA	NA	NA
"TTGGAGATCCAGCGCACAGAGCAGGGGGACTCGGCCATGTATCTCTGTGCCAGCAGCCCAATTGGCCGCGAGCAGTACTTCGGGCCG"	"CASSPIGREQYF"	"TTGGAGATCCAGCGCACAGAGCAGGGGGACTCGGCCATGTATCTCTGTGCCAGCAGCCCAATTGGCCGCGAGCAGTACTTCGGGCCG"	"CASSPIGREQYF"	"TCRBV7-9*1"	"TCRBD1-1*1"	"TCRBJ2-7*1"	57	63	66	68	6	2	NA	NA	"TTGGAGATCCAGCGCACAGAGCAGGGGGACTCGGCCATGTATCTCTGTGCCAGCAGCCCAATTGGCCGCGAGCAGTACTTCGGGCCG"	FALSE	TRUE	NA	NA	NA	NA
"TGTCGGCTGCTCCCTCCCAGACATCTGTGTACTTCTGTGCCAACGCCTTCTGACTAGCGGGAGTCCAACGAGCAGTACTTCGGGCCG"	""	"TGTCGGCTGCTCCCTCCCAGACATCTGTGTACTTCTGTGCCAACGCCTTCTGACTAGCGGGAGTCCAACGAGCAGTACTTCGGGCCG"	""	"TCRBV6-5*1"	"TCRBD2-1*2"	"TCRBJ2-7*1"	42	51	63	67	9	4	NA	NA	"TGTCGGCTGCTCCCTCCCAGACATCTGTGTACTTCTGTGCCAACGCCTTCTGACTAGCGGGAGTCCAACGAGCAGTACTTCGGGCCG"	FALSE	FALSE	NA	NA	NA	NA
"CTGCAGCCAGAAGACTCGGCCCTGTATCTCTGTGCCAGCAGCCACACCGAGGGGACTTCCCGCTCCTACGAGCAGTACTTCGGGCCG"	"CASSHTEGTSRSYEQYF"	"CTGCAGCCAGAAGACTCGGCCCTGTATCTCTGTGCCAGCAGCCACACCGAGGGGACTTCCCGCTCCTACGAGCAGTACTTCGGGCCG"	"CASSHTEGTSRSYEQYF"	"TCRBV4-2*1"	"TCRBD2-1"	"TCRBJ2-7*1"	44	51	57	62	7	5	NA	NA	"CTGCAGCCAGAAGACTCGGCCCTGTATCTCTGTGCCAGCAGCCACACCGAGGGGACTTCCCGCTCCTACGAGCAGTACTTCGGGCCG"	FALSE	TRUE	NA	NA	NA	NA
"ATCAATTCCCTGGAGCTTGGTGACTCTGCTGTGTATTTCTGTGCCAGCAGCCCAACAGGGTTGAACACTGAAGCTTTCTTTGGACAA"	"CASSPTGLNTEAFF"	"ATCAATTCCCTGGAGCTTGGTGACTCTGCTGTGTATTTCTGTGCCAGCAGCCCAACAGGGTTGAACACTGAAGCTTTCTTTGGACAA"	"CASSPTGLNTEAFF"	"TCRBV3-1/3-2*1"	"TCRBD1-1*1"	"TCRBJ1-1*1"	52	54	60	61	2	1	NA	NA	"ATCAATTCCCTGGAGCTTGGTGACTCTGCTGTGTATTTCTGTGCCAGCAGCCCAACAGGGTTGAACACTGAAGCTTTCTTTGGACAA"	FALSE	TRUE	NA	NA	NA	NA
"ATCAATTCCCTGGAGCTTGGTGACTCTGCTGTGTATTTCTGTGCCAGCAGCTATCAACAGGTTGACTACGAGCAGTACTTCGGGCCG"	"CASSYQQVDYEQYF"	"ATCAATTCCCTGGAGCTTGGTGACTCTGCTGTGTATTTCTGTGCCAGCAGCTATCAACAGGTTGACTACGAGCAGTACTTCGGGCCG"	"CASSYQQVDYEQYF"	"TCRBV3-1/3-2*1"	"TCRBD1-1*1"	"TCRBJ2-7*1"	51	56	61	65	5	4	NA	NA	"ATCAATTCCCTGGAGCTTGGTGACTCTGCTGTGTATTTCTGTGCCAGCAGCTATCAACAGGTTGACTACGAGCAGTACTTCGGGCCG"	FALSE	TRUE	NA	NA	NA	NA
"GTGAGCACCTTGGAGCTGGGGGACTCGGCCCTTTATCTTTGCGCCAGCAGCCCTAGCGGGAACCAAAACATTCAGTACTTCGGCGCC"	"CASSPSGNQNIQYF"	"GTGAGCACCTTGGAGCTGGGGGACTCGGCCCTTTATCTTTGCGCCAGCAGCCCTAGCGGGAACCAAAACATTCAGTACTTCGGCGCC"	"CASSPSGNQNIQYF"	"TCRBV5-1*1"	"TCRBD2-1*2"	"TCRBJ2-4*1"	51	52	61	64	1	3	NA	NA	"GTGAGCACCTTGGAGCTGGGGGACTCGGCCCTTTATCTTTGCGCCAGCAGCCCTAGCGGGAACCAAAACATTCAGTACTTCGGCGCC"	FALSE	TRUE	NA	NA	NA	NA
"CTGGAGCTGGGGGACTCAGCTTTGTATTTCTGTGCCAGCAGCCCAAGCCCCGGGACTAGACTAGGGAATGAGCAGTTCTTCGGGCCA"	"CASSPSPGTRLGNEQFF"	"CTGGAGCTGGGGGACTCAGCTTTGTATTTCTGTGCCAGCAGCCCAAGCCCCGGGACTAGACTAGGGAATGAGCAGTTCTTCGGGCCA"	"CASSPSPGTRLGNEQFF"	"TCRBV9-1*1"	"TCRBD2-1"	"TCRBJ2-1*1"	42	51	59	66	9	7	NA	NA	"CTGGAGCTGGGGGACTCAGCTTTGTATTTCTGTGCCAGCAGCCCAAGCCCCGGGACTAGACTAGGGAATGAGCAGTTCTTCGGGCCA"	FALSE	TRUE	NA	NA	NA	NA
"CTGCAGCCAGAAGACTCGGCCCTGTATCTCTGTGCCAGCAGCTATAGCCAAGGGACTAGCGAGAGGGGCGAGCAGTACTTCGGGCCG"	"CASSYSQGTSERGEQYF"	"CTGCAGCCAGAAGACTCGGCCCTGTATCTCTGTGCCAGCAGCTATAGCCAAGGGACTAGCGAGAGGGGCGAGCAGTACTTCGGGCCG"	"CASSYSQGTSERGEQYF"	"TCRBV4-2*1"	"TCRBD2-1"	"TCRBJ2-7*1"	42	51	61	68	9	7	NA	NA	"CTGCAGCCAGAAGACTCGGCCCTGTATCTCTGTGCCAGCAGCTATAGCCAAGGGACTAGCGAGAGGGGCGAGCAGTACTTCGGGCCG"	FALSE	TRUE	NA	NA	NA	NA
"NTGTCGGCTGCTCCCTCCCAGACATCTGTGTACTTCTGTGCCAGCAGTTACGGACTGGCGGGAGTTGGTACGCAGTATTTTGGCCCA"	"CASSYGLAGVGTQYF"	"NTGTCGGCTGCTCCCTCCCAGACATCTGTGTACTTCTGTGCCAGCAGTTACGGACTGGCGGGAGTTGGTACGCAGTATTTTGGCCCA"	"CASSYGLAGVGTQYF"	"TCRBV6-5*1"	"TCRBD2-1*2"	"TCRBJ2-3*1"	51	57	64	68	6	4	NA	NA	"NTGTCGGCTGCTCCCTCCCAGACATCTGTGTACTTCTGTGCCAGCAGTTACGGACTGGCGGGAGTTGGTACGCAGTATTTTGGCCCA"	FALSE	TRUE	NA	NA	NA	NA
"GTGAGCAACATGAGCCCTGAAGACAGCAGCATATATCTCTGCAGCGTTGAAAGGGCGGGAGGAGCAGATACGCAGTATTTTGGCCCA"	"CSVERAGGADTQYF"	"GTGAGCAACATGAGCCCTGAAGACAGCAGCATATATCTCTGCAGCGTTGAAAGGGCGGGAGGAGCAGATACGCAGTATTTTGGCCCA"	"CSVERAGGADTQYF"	"TCRBV29-1"	"TCRBD2-1*2"	"TCRBJ2-3*1"	51	54	62	64	3	2	NA	NA	"GTGAGCAACATGAGCCCTGAAGACAGCAGCATATATCTCTGCAGCGTTGAAAGGGCGGGAGGAGCAGATACGCAGTATTTTGGCCCA"	FALSE	TRUE	NA	NA	NA	NA
"GTGAGCACCTTGGAGCTGGGGGACTCGGCCCTTTATCTTTGCGCCAGCAGCTTGAAGCCGGGGCAAGAGACCCAGTACTTCGGGCCA"	"CASSLKPGQETQYF"	"GTGAGCACCTTGGAGCTGGGGGACTCGGCCCTTTATCTTTGCGCCAGCAGCTTGAAGCCGGGGCAAGAGACCCAGTACTTCGGGCCA"	"CASSLKPGQETQYF"	"TCRBV5-1*1"	"TCRBD2-1*1"	"TCRBJ2-5*1"	54	58	-1	63	4	64	NA	NA	"GTGAGCACCTTGGAGCTGGGGGACTCGGCCCTTTATCTTTGCGCCAGCAGCTTGAAGCCGGGGCAAGAGACCCAGTACTTCGGGCCA"	FALSE	TRUE	NA	NA	NA	NA
"CTGACGATCCAGCGCACAGAGCAGGAGGACTCGGCCGTGTATCTCTGTGCCAGCAGCTTAGTGGATCAGCCCCAGCATTTTGGTGAT"	"CASSLVDQPQHF"	"CTGACGATCCAGCGCACAGAGCAGGAGGACTCGGCCGTGTATCTCTGTGCCAGCAGCTTAGTGGATCAGCCCCAGCATTTTGGTGAT"	"CASSLVDQPQHF"	"TCRBV7-2"	NA	"TCRBJ1-5*1"	61	62	-1	64	1	65	NA	NA	"CTGACGATCCAGCGCACAGAGCAGGAGGACTCGGCCGTGTATCTCTGTGCCAGCAGCTTAGTGGATCAGCCCCAGCATTTTGGTGAT"	FALSE	TRUE	NA	NA	NA	NA
"ATTCTGGAGTCCGCCAGCACCAACCAGACATCTATGTACCTCTGTGCCAGTGGGACTAGCATTCCAGATACGCAGTATTTTGGCCCA"	"CASGTSIPDTQYF"	"ATTCTGGAGTCCGCCAGCACCAACCAGACATCTATGTACCTCTGTGCCAGTGGGACTAGCATTCCAGATACGCAGTATTTTGGCCCA"	"CASGTSIPDTQYF"	"TCRBV28-1*1"	"TCRBD2-1"	"TCRBJ2-3*1"	50	51	60	64	1	4	NA	NA	"ATTCTGGAGTCCGCCAGCACCAACCAGACATCTATGTACCTCTGTGCCAGTGGGACTAGCATTCCAGATACGCAGTATTTTGGCCCA"	FALSE	TRUE	NA	NA	NA	NA
"TTGAGGACTCGGCCGTGTATCTCTGTGCCAGCAGCTTCGTCGCCCGTCGTTGCCCCTAATTAGCAAGAGACCCAGTACTTCGGGCCA"	""	"TTGAGGACTCGGCCGTGTATCTCTGTGCCAGCAGCTTCGTCGCCCGTCGTTGCCCCTAATTAGCAAGAGACCCAGTACTTCGGGCCA"	""	"TCRBV11-2"	"TCRBD2-1"	"TCRBJ2-5*1"	37	55	58	63	18	5	NA	NA	"TTGAGGACTCGGCCGTGTATCTCTGTGCCAGCAGCTTCGTCGCCCGTCGTTGCCCCTAATTAGCAAGAGACCCAGTACTTCGGGCCA"	FALSE	FALSE	NA	NA	NA	NA
"CGCACAGAGCAGCGGGACTCGGCCATGTATCGCTGTGCCAGCAGCTTAGCGCCCCCAGCGGGGGAAGAGACCCAGTACTTCGGGCCA"	"CASSLAPPAGEETQYF"	"CGCACAGAGCAGCGGGACTCGGCCATGTATCGCTGTGCCAGCAGCTTAGCGCCCCCAGCGGGGGAAGAGACCCAGTACTTCGGGCCA"	"CASSLAPPAGEETQYF"	"TCRBV7-6*1"	"TCRBD2-1*1"	"TCRBJ2-5*1"	50	56	-1	64	6	65	NA	NA	"CGCACAGAGCAGCGGGACTCGGCCATGTATCGCTGTGCCAGCAGCTTAGCGCCCCCAGCGGGGGAAGAGACCCAGTACTTCGGGCCA"	FALSE	TRUE	NA	NA	NA	NA
"TCGGCTGCTCCCTCCCAGACATCTGTGTACTTCTGTGCCAGCAGCCGAGCCGCATGGGGGTCGGGATACGAGCAGTACTTCGGGCCG"	"CASSRAAWGSGYEQYF"	"TCGGCTGCTCCCTCCCAGACATCTGTGTACTTCTGTGCCAGCAGCCGAGCCGCATGGGGGTCGGGATACGAGCAGTACTTCGGGCCG"	"CASSRAAWGSGYEQYF"	NA	NA	"TCRBJ2-7*1"	44	55	60	66	11	6	NA	NA	"TCGGCTGCTCCCTCCCAGACATCTGTGTACTTCTGTGCCAGCAGCCGAGCCGCATGGGGGTCGGGATACGAGCAGTACTTCGGGCCG"	FALSE	TRUE	NA	NA	NA	NA
"ACCAGTGCCCATCCTGAAGACAGCAGCTTCTACATCTGCAGTGCCACCTCCCGGGGGGGGTCAAATCAGCCCCAGCATTTTGGTGAT"	"CSATSRGGSNQPQHF"	"ACCAGTGCCCATCCTGAAGACAGCAGCTTCTACATCTGCAGTGCCACCTCCCGGGGGGGGTCAAATCAGCCCCAGCATTTTGGTGAT"	"CSATSRGGSNQPQHF"	NA	"TCRBD2-1*1"	"TCRBJ1-5*1"	44	51	59	63	7	4	NA	NA	"ACCAGTGCCCATCCTGAAGACAGCAGCTTCTACATCTGCAGTGCCACCTCCCGGGGGGGGTCAAATCAGCCCCAGCATTTTGGTGAT"	FALSE	TRUE	NA	NA	NA	NA
"AACGCCTTGGAGCTGGACGACTCGGCCCTGTATCTCTGTGCCAGCAGCGGCCGGGACAGGGCGGCCGGGGAGCTGTTTTTTGGAGAA"	"CASSGRDRAAGELFF"	"AACGCCTTGGAGCTGGACGACTCGGCCCTGTATCTCTGTGCCAGCAGCGGCCGGGACAGGGCGGCCGGGGAGCTGTTTTTTGGAGAA"	"CASSGRDRAAGELFF"	"TCRBV5-4*1"	"TCRBD1-1*1"	"TCRBJ2-2*1"	48	52	61	64	4	3	NA	NA	"AACGCCTTGGAGCTGGACGACTCGGCCCTGTATCTCTGTGCCAGCAGCGGCCGGGACAGGGCGGCCGGGGAGCTGTTTTTTGGAGAA"	FALSE	TRUE	NA	NA	NA	NA
"GCGTCTGCTGTACCCTCTCAGACATCTGTGTACTTCTGTGCCAGTGACCTTCCCAGGTTCCTGCACTACGAGCAGTACTTCGGGCCG"	"CASDLPRFLHYEQYF"	"GCGTCTGCTGTACCCTCTCAGACATCTGTGTACTTCTGTGCCAGTGACCTTCCCAGGTTCCTGCACTACGAGCAGTACTTCGGGCCG"	"CASDLPRFLHYEQYF"	"TCRBV6-4*1"	"TCRBD1-1*1"	"TCRBJ2-7*1"	44	53	57	65	9	8	NA	NA	"GCGTCTGCTGTACCCTCTCAGACATCTGTGTACTTCTGTGCCAGTGACCTTCCCAGGTTCCTGCACTACGAGCAGTACTTCGGGCCG"	FALSE	TRUE	NA	NA	NA	NA
"ACGATTCAGCGCACAGAGCAGGAGGACTCGGCCGTGTATCTCTGTGCCAGCAGCTTAGAGACAGCCTACGAGCAGTACTTCGGGCCG"	"CASSLETAYEQYF"	"ACGATTCAGCGCACAGAGCAGGAGGACTCGGCCGTGTATCTCTGTGCCAGCAGCTTAGAGACAGCCTACGAGCAGTACTTCGGGCCG"	"CASSLETAYEQYF"	"TCRBV7-2"	"TCRBD1-1*1"	"TCRBJ2-7*1"	58	59	-1	64	1	65	NA	NA	"ACGATTCAGCGCACAGAGCAGGAGGACTCGGCCGTGTATCTCTGTGCCAGCAGCTTAGAGACAGCCTACGAGCAGTACTTCGGGCCG"	FALSE	TRUE	NA	NA	NA	NA
"NNNNNCACTCTGACGATCCAGCGCACAGAGCAGGAGGACTCGGCCGTGTATCTCTGTGCCAGCAGTCTGACAGCTTTCTTTGGACAA"	"CASSLTAFF"	"NNNNNCACTCTGACGATCCAGCGCACAGAGCAGGAGGACTCGGCCGTGTATCTCTGTGCCAGCAGTCTGACAGCTTTCTTTGGACAA"	"CASSLTAFF"	"TCRBV7-2"	NA	"TCRBJ1-1*1"	65	68	-1	71	3	72	NA	NA	"NNNNNCACTCTGACGATCCAGCGCACAGAGCAGGAGGACTCGGCCGTGTATCTCTGTGCCAGCAGTCTGACAGCTTTCTTTGGACAA"	FALSE	TRUE	NA	NA	NA	NA
"NTGTTGGCTGCTCCCTCCCAGACATCTGTGTACTTCTGTGCCAGCAGTTATAAAGGCAGGGTCTACGAAAAACTGTTTTTTGGCAGT"	"CASSYKGRVYEKLFF"	"NTGTTGGCTGCTCCCTCCCAGACATCTGTGTACTTCTGTGCCAGCAGTTATAAAGGCAGGGTCTACGAAAAACTGTTTTTTGGCAGT"	"CASSYKGRVYEKLFF"	"TCRBV6-6*1"	"TCRBD1-1*1"	"TCRBJ1-4*1"	50	56	61	66	6	5	NA	NA	"NTGTTGGCTGCTCCCTCCCAGACATCTGTGTACTTCTGTGCCAGCAGTTATAAAGGCAGGGTCTACGAAAAACTGTTTTTTGGCAGT"	FALSE	TRUE	NA	NA	NA	NA
"CAGAACCCAGGGACTCAGCTGTGTATTTTTGTGCTAGTGGTTTGGTACGGATTCGGCCGGGGGGCATACGAGCAGTACTTCGGGCCG"	""	"CAGAACCCAGGGACTCAGCTGTGTATTTTTGTGCTAGTGGTTTGGTACGGATTCGGCCGGGGGGCATACGAGCAGTACTTCGGGCCG"	""	"TCRBV12-5*1"	"TCRBD2-1*1"	"TCRBJ2-7*1"	46	57	64	66	11	2	NA	NA	"CAGAACCCAGGGACTCAGCTGTGTATTTTTGTGCTAGTGGTTTGGTACGGATTCGGCCGGGGGGCATACGAGCAGTACTTCGGGCCG"	FALSE	FALSE	NA	NA	NA	NA
"CTGACAGTGACCAGTGCCCATCCTGAAGACAGCAGCTTCTACATCTGCAGTGCTGGGGTGAGGGGGGATACGCAGTATTTTGGCCCA"	"CSAGVRGDTQYF"	"CTGACAGTGACCAGTGCCCATCCTGAAGACAGCAGCTTCTACATCTGCAGTGCTGGGGTGAGGGGGGATACGCAGTATTTTGGCCCA"	"CSAGVRGDTQYF"	NA	"TCRBD1-1*1"	"TCRBJ2-3*1"	54	60	-1	66	6	67	NA	NA	"CTGACAGTGACCAGTGCCCATCCTGAAGACAGCAGCTTCTACATCTGCAGTGCTGGGGTGAGGGGGGATACGCAGTATTTTGGCCCA"	FALSE	TRUE	NA	NA	NA	NA
"AGCACCAACCAGACATCTATGTACCTCTGTGCCAGCAGCTCACCTAAGGGCCGCGGGGAAGGATACAATGAGCAGTTCTTCGGGCCA"	"CASSSPKGRGEGYNEQFF"	"AGCACCAACCAGACATCTATGTACCTCTGTGCCAGCAGCTCACCTAAGGGCCGCGGGGAAGGATACAATGAGCAGTTCTTCGGGCCA"	"CASSSPKGRGEGYNEQFF"	"TCRBV28-1*1"	"TCRBD2-1*1"	"TCRBJ2-1*1"	38	52	58	63	14	5	NA	NA	"AGCACCAACCAGACATCTATGTACCTCTGTGCCAGCAGCTCACCTAAGGGCCGCGGGGAAGGATACAATGAGCAGTTCTTCGGGCCA"	FALSE	TRUE	NA	NA	NA	NA
"NTGTCGGCTGCTCCCTCCCAGACATCTGTGTACTTCTGTGCCAGCAGTGAACAGGGGGCGGGAGGTCAGCCCCAGCATTTTGGTGAT"	"CASSEQGAGGQPQHF"	"NTGTCGGCTGCTCCCTCCCAGACATCTGTGTACTTCTGTGCCAGCAGTGAACAGGGGGCGGGAGGTCAGCCCCAGCATTTTGGTGAT"	"CASSEQGAGGQPQHF"	"TCRBV6-1*1"	NA	"TCRBJ1-5*1"	-1	51	59	65	52	6	NA	NA	"NTGTCGGCTGCTCCCTCCCAGACATCTGTGTACTTCTGTGCCAGCAGTGAACAGGGGGCGGGAGGTCAGCCCCAGCATTTTGGTGAT"	FALSE	TRUE	NA	NA	NA	NA
"GTGAGCACCTTGGAGCTGGGGGACTCGGCCCTTTATCTTTGCGCCAGCATGGGACAGGGCCATAATTCACCCCTCCACTTTGGGAAT"	"CASMGQGHNSPLHF"	"GTGAGCACCTTGGAGCTGGGGGACTCGGCCCTTTATCTTTGCGCCAGCATGGGACAGGGCCATAATTCACCCCTCCACTTTGGGAAT"	"CASMGQGHNSPLHF"	"TCRBV5-1*1"	"TCRBD1-1*1"	"TCRBJ1-6*1"	49	50	59	61	1	2	NA	NA	"GTGAGCACCTTGGAGCTGGGGGACTCGGCCCTTTATCTTTGCGCCAGCATGGGACAGGGCCATAATTCACCCCTCCACTTTGGGAAT"	FALSE	TRUE	NA	NA	NA	NA
"NNNNTGTCGGCTGCTCCCTCCCAAACATCTGTGTACTTCTGTGCCAGCAGTTACCGACTAGCGGGAGTCGAGCAGTACTTCGGGCCG"	"CASSYRLAGVEQYF"	"NNNNTGTCGGCTGCTCCCTCCCAAACATCTGTGTACTTCTGTGCCAGCAGTTACCGACTAGCGGGAGTCGAGCAGTACTTCGGGCCG"	"CASSYRLAGVEQYF"	"TCRBV6-2/6-3*1"	"TCRBD2-1*2"	"TCRBJ2-7*1"	54	55	67	68	1	1	NA	NA	"NNNNTGTCGGCTGCTCCCTCCCAAACATCTGTGTACTTCTGTGCCAGCAGTTACCGACTAGCGGGAGTCGAGCAGTACTTCGGGCCG"	FALSE	TRUE	NA	NA	NA	NA
"AAGATCCAGCCCTCAGAACCCAGGGACTCAGCTGTGTACTTCTGTGCCAGCAGGGGACAGGGGTCCTACGAGCAGTACTTCGGGCCG"	"CASRGQGSYEQYF"	"AAGATCCAGCCCTCAGAACCCAGGGACTCAGCTGTGTACTTCTGTGCCAGCAGGGGACAGGGGTCCTACGAGCAGTACTTCGGGCCG"	"CASRGQGSYEQYF"	"TCRBV12-3/12-4*1"	"TCRBD1-1*1"	"TCRBJ2-7*1"	-1	53	-1	63	54	64	NA	NA	"AAGATCCAGCCCTCAGAACCCAGGGACTCAGCTGTGTACTTCTGTGCCAGCAGGGGACAGGGGTCCTACGAGCAGTACTTCGGGCCG"	FALSE	TRUE	NA	NA	NA	NA
"GAGTCCGCCAGCACCAACCAGACATCTATGTACCTCTGTGCCAGCAGGTCCCGGAGCGGGAAAGTCGGGGAGCTGTTTTTTGGAGAA"	"CASRSRSGKVGELFF"	"GAGTCCGCCAGCACCAACCAGACATCTATGTACCTCTGTGCCAGCAGGTCCCGGAGCGGGAAAGTCGGGGAGCTGTTTTTTGGAGAA"	"CASRSRSGKVGELFF"	"TCRBV28-1*1"	"TCRBD2-1*2"	"TCRBJ2-2*1"	47	54	61	65	7	4	NA	NA	"GAGTCCGCCAGCACCAACCAGACATCTATGTACCTCTGTGCCAGCAGGTCCCGGAGCGGGAAAGTCGGGGAGCTGTTTTTTGGAGAA"	FALSE	TRUE	NA	NA	NA	NA
"ACTGTGAGCAACATGAGCCCTGAAGACAGCAGCATATATCTCTGCAGCGTTGAATCGCCAGGGGAAGAGACCCAGTACTTCGGGCCA"	"CSVESPGEETQYF"	"ACTGTGAGCAACATGAGCCCTGAAGACAGCAGCATATATCTCTGCAGCGTTGAATCGCCAGGGGAAGAGACCCAGTACTTCGGGCCA"	"CSVESPGEETQYF"	"TCRBV29-1"	"TCRBD1-1*1"	"TCRBJ2-5*1"	54	58	-1	64	4	65	NA	NA	"ACTGTGAGCAACATGAGCCCTGAAGACAGCAGCATATATCTCTGCAGCGTTGAATCGCCAGGGGAAGAGACCCAGTACTTCGGGCCA"	FALSE	TRUE	NA	NA	NA	NA
"TCGGCTGCTCCCTCCCAGACATCTGTGTACTTCTGTGCCAGCAGTTACTCCGGACAGGGGCAACTCGGAGGCTACACCTTCGGTTCG"	"CASSYSGQGQLGGYTF"	"TCGGCTGCTCCCTCCCAGACATCTGTGTACTTCTGTGCCAGCAGTTACTCCGGACAGGGGCAACTCGGAGGCTACACCTTCGGTTCG"	"CASSYSGQGQLGGYTF"	"TCRBV6-5*1"	"TCRBD1-1*1"	"TCRBJ1-2*1"	50	51	60	69	1	9	NA	NA	"TCGGCTGCTCCCTCCCAGACATCTGTGTACTTCTGTGCCAGCAGTTACTCCGGACAGGGGCAACTCGGAGGCTACACCTTCGGTTCG"	FALSE	TRUE	NA	NA	NA	NA
"ATTCTGGAGTCCGCCAGCACCAACCAGACATCTATGTACCTCTGTGCCAGCAGTTTGAGGCAGAACTATGGCTACACCTTCGGTTCG"	"CASSLRQNYGYTF"	"ATTCTGGAGTCCGCCAGCACCAACCAGACATCTATGTACCTCTGTGCCAGCAGTTTGAGGCAGAACTATGGCTACACCTTCGGTTCG"	"CASSLRQNYGYTF"	"TCRBV28-1*1"	"TCRBD2-1*2"	"TCRBJ1-2*1"	-1	56	60	63	57	3	NA	NA	"ATTCTGGAGTCCGCCAGCACCAACCAGACATCTATGTACCTCTGTGCCAGCAGTTTGAGGCAGAACTATGGCTACACCTTCGGTTCG"	FALSE	TRUE	NA	NA	NA	NA
"GCTCCCTCCCAGACATCTGTGTACTTCTGTGCCAGCAGTTAGGGCCCCCTGTTACATGAGATCGGGAATGAGCAGTTCTTCGGGCCA"	"CASS*GPLLHEIGNEQFF"	"GCTCCCTCCCAGACATCTGTGTACTTCTGTGCCAGCAGTTAGGGCCCCCTGTTACATGAGATCGGGAATGAGCAGTTCTTCGGGCCA"	"CASS*GPLLHEIGNEQFF"	NA	NA	"TCRBJ2-1*1"	-1	41	45	66	42	21	NA	NA	"GCTCCCTCCCAGACATCTGTGTACTTCTGTGCCAGCAGTTAGGGCCCCCTGTTACATGAGATCGGGAATGAGCAGTTCTTCGGGCCA"	FALSE	TRUE	NA	NA	NA	NA
"ATCCAGCGCACAGAGCAGGGGGACTCGGCCATGTATCTCTGTGCCAGCATTCCGGGACAGGGCCTTTATGGCTACACCTTCGGTTCG"	"CASIPGQGLYGYTF"	"ATCCAGCGCACAGAGCAGGGGGACTCGGCCATGTATCTCTGTGCCAGCATTCCGGGACAGGGCCTTTATGGCTACACCTTCGGTTCG"	"CASIPGQGLYGYTF"	"TCRBV7-9"	"TCRBD1-1*1"	"TCRBJ1-2*1"	49	53	62	66	4	4	NA	NA	"ATCCAGCGCACAGAGCAGGGGGACTCGGCCATGTATCTCTGTGCCAGCATTCCGGGACAGGGCCTTTATGGCTACACCTTCGGTTCG"	FALSE	TRUE	NA	NA	NA	NA
"AACGCCTTGGAGCTGGACGACTCGGCCCTGTATCTCTGTGCCAGCAGCCCCGGGGGACGAGGGACGACTGAAGCTTTCTTTGGACAA"	"CASSPGGRGTTEAFF"	"AACGCCTTGGAGCTGGACGACTCGGCCCTGTATCTCTGTGCCAGCAGCCCCGGGGGACGAGGGACGACTGAAGCTTTCTTTGGACAA"	"CASSPGGRGTTEAFF"	"TCRBV5-4*1"	"TCRBD2-1*1"	"TCRBJ1-1*1"	48	50	56	66	2	10	NA	NA	"AACGCCTTGGAGCTGGACGACTCGGCCCTGTATCTCTGTGCCAGCAGCCCCGGGGGACGAGGGACGACTGAAGCTTTCTTTGGACAA"	FALSE	TRUE	NA	NA	NA	NA
"ATCCGGTCCACAAAGCTGGAGGACTCAGCCATGTACTTCTGTGCCAGCAGCAGGACAGCGCCATCCTACGAGCAGTACTTCGGGCCG"	"CASSRTAPSYEQYF"	"ATCCGGTCCACAAAGCTGGAGGACTCAGCCATGTACTTCTGTGCCAGCAGCAGGACAGCGCCATCCTACGAGCAGTACTTCGGGCCG"	"CASSRTAPSYEQYF"	"TCRBV2-1"	"TCRBD1-1*1"	"TCRBJ2-7*1"	50	52	58	63	2	5	NA	NA	"ATCCGGTCCACAAAGCTGGAGGACTCAGCCATGTACTTCTGTGCCAGCAGCAGGACAGCGCCATCCTACGAGCAGTACTTCGGGCCG"	FALSE	TRUE	NA	NA	NA	NA
"ATTCTGGAGTCCGCCAGCACCAACCAGACATCTATGTACCTCTGTGCCAGCAGTTTCACAGGCCCATATGGCTACACCTTCGGTTCG"	"CASSFTGPYGYTF"	"ATTCTGGAGTCCGCCAGCACCAACCAGACATCTATGTACCTCTGTGCCAGCAGTTTCACAGGCCCATATGGCTACACCTTCGGTTCG"	"CASSFTGPYGYTF"	"TCRBV28-1*1"	"TCRBD1-1*1"	"TCRBJ1-2*1"	56	57	62	66	1	4	NA	NA	"ATTCTGGAGTCCGCCAGCACCAACCAGACATCTATGTACCTCTGTGCCAGCAGTTTCACAGGCCCATATGGCTACACCTTCGGTTCG"	FALSE	TRUE	NA	NA	NA	NA
"GTGAGCACCTTGGAGCTGGGGGACTCGGCCCTTTATCTTTGCGCCAGCAGCCCCCGACAGGGGAATTACGAGCAGTACTTCGGGCCG"	"CASSPRQGNYEQYF"	"GTGAGCACCTTGGAGCTGGGGGACTCGGCCCTTTATCTTTGCGCCAGCAGCCCCCGACAGGGGAATTACGAGCAGTACTTCGGGCCG"	"CASSPRQGNYEQYF"	"TCRBV5-1*1"	"TCRBD1-1*1"	"TCRBJ2-7*1"	51	55	63	66	4	3	NA	NA	"GTGAGCACCTTGGAGCTGGGGGACTCGGCCCTTTATCTTTGCGCCAGCAGCCCCCGACAGGGGAATTACGAGCAGTACTTCGGGCCG"	FALSE	TRUE	NA	NA	NA	NA
"AGATCCAGCGCACAGAGCAAGGGCGACTCGGCTGTGTATCTCTGTGCCAGAAGCTTAAGTGGAAATCAGCCCCAGCATTTTGGTGAT"	"CARSLSGNQPQHF"	"AGATCCAGCGCACAGAGCAAGGGCGACTCGGCTGTGTATCTCTGTGCCAGAAGCTTAAGTGGAAATCAGCCCCAGCATTTTGGTGAT"	"CARSLSGNQPQHF"	"TCRBV7-5*1"	NA	"TCRBJ1-5*1"	57	60	-1	63	3	64	NA	NA	"AGATCCAGCGCACAGAGCAAGGGCGACTCGGCTGTGTATCTCTGTGCCAGAAGCTTAAGTGGAAATCAGCCCCAGCATTTTGGTGAT"	FALSE	TRUE	NA	NA	NA	NA
"NNNNTGTCGGCTGCTCCCTCCCAGACATCTGTGTACTTCTGTGCCAGCAGTGAGGGGGGGGAGAATTCACCCCTCCACTTTGGGAAT"	"CASSEGGENSPLHF"	"NNNNTGTCGGCTGCTCCCTCCCAGACATCTGTGTACTTCTGTGCCAGCAGTGAGGGGGGGGAGAATTCACCCCTCCACTTTGGGAAT"	"CASSEGGENSPLHF"	"TCRBV6-1*1"	"TCRBD2-1*1"	"TCRBJ1-6*1"	-1	53	60	63	54	3	NA	NA	"NNNNTGTCGGCTGCTCCCTCCCAGACATCTGTGTACTTCTGTGCCAGCAGTGAGGGGGGGGAGAATTCACCCCTCCACTTTGGGAAT"	FALSE	TRUE	NA	NA	NA	NA
"ACTCTGACAGTGACCAGTGCCCATCCTGAAGACAGCAGCTTCTACATCTGCAGTGCTCAGGACAGCTATGGCTACACCTTCGGTTCG"	"CSAQDSYGYTF"	"ACTCTGACAGTGACCAGTGCCCATCCTGAAGACAGCAGCTTCTACATCTGCAGTGCTCAGGACAGCTATGGCTACACCTTCGGTTCG"	"CSAQDSYGYTF"	"TCRBV2-1"	"TCRBD1-1*1"	"TCRBJ1-2*1"	57	59	-1	65	2	66	NA	NA	"ACTCTGACAGTGACCAGTGCCCATCCTGAAGACAGCAGCTTCTACATCTGCAGTGCTCAGGACAGCTATGGCTACACCTTCGGTTCG"	FALSE	TRUE	NA	NA	NA	NA
"NNNNNNNTGTCGGCTGCTCCCTCCCAGACATCTGTGTACTTCTGTGCCAGCAGTCCGACAGGTACCGACGAGCAGTACTTCGGGCCG"	"CASSPTGTDEQYF"	"NNNNNNNTGTCGGCTGCTCCCTCCCAGACATCTGTGTACTTCTGTGCCAGCAGTCCGACAGGTACCGACGAGCAGTACTTCGGGCCG"	"CASSPTGTDEQYF"	"TCRBV6-5*1"	"TCRBD1-1*1"	"TCRBJ2-7*1"	54	56	62	67	2	5	NA	NA	"NNNNNNNTGTCGGCTGCTCCCTCCCAGACATCTGTGTACTTCTGTGCCAGCAGTCCGACAGGTACCGACGAGCAGTACTTCGGGCCG"	FALSE	TRUE	NA	NA	NA	NA
"CCAGCCCCAACCAGACCTCTCTGTACTTCTGTGCCAGCACCCCCCGGGGTGTAGCGGGAGGGGTAAGAGACCCAGTACTTCGGGCCA"	""	"CCAGCCCCAACCAGACCTCTCTGTACTTCTGTGCCAGCACCCCCCGGGGTGTAGCGGGAGGGGTAAGAGACCCAGTACTTCGGGCCA"	""	"TCRBV27-1*1"	"TCRBD2-1*2"	"TCRBJ2-5*1"	39	51	62	64	12	2	NA	NA	"CCAGCCCCAACCAGACCTCTCTGTACTTCTGTGCCAGCACCCCCCGGGGTGTAGCGGGAGGGGTAAGAGACCCAGTACTTCGGGCCA"	FALSE	FALSE	NA	NA	NA	NA
"CTCAAGATCCAGCCTGCAAAGCTTGAGGACTCGGCCGTGTATCTCTGTGCCAGCAGCTCAACAGTCAATGAGCAGTTCTTCGGGCCA"	"CASSSTVNEQFF"	"CTCAAGATCCAGCCTGCAAAGCTTGAGGACTCGGCCGTGTATCTCTGTGCCAGCAGCTCAACAGTCAATGAGCAGTTCTTCGGGCCA"	"CASSSTVNEQFF"	"TCRBV11-2*1"	"TCRBD1-1*1"	"TCRBJ2-1*1"	58	60	64	65	2	1	NA	NA	"CTCAAGATCCAGCCTGCAAAGCTTGAGGACTCGGCCGTGTATCTCTGTGCCAGCAGCTCAACAGTCAATGAGCAGTTCTTCGGGCCA"	FALSE	TRUE	NA	NA	NA	NA
"ATCCTGGAGTCGCCCAGCCCCAACCAGACCTCTCTGTACTTCTGTGCCAGCGGACGACAGCCACTCTATGGCTACACCTTCGGTTCG"	"CASGRQPLYGYTF"	"ATCCTGGAGTCGCCCAGCCCCAACCAGACCTCTCTGTACTTCTGTGCCAGCGGACGACAGCCACTCTATGGCTACACCTTCGGTTCG"	"CASGRQPLYGYTF"	"TCRBV27-1*1"	"TCRBD1-1*1"	"TCRBJ1-2*1"	51	55	60	65	4	5	NA	NA	"ATCCTGGAGTCGCCCAGCCCCAACCAGACCTCTCTGTACTTCTGTGCCAGCGGACGACAGCCACTCTATGGCTACACCTTCGGTTCG"	FALSE	TRUE	NA	NA	NA	NA
"CTGGAGTCCGCCAGCACCAACCAGACATCTATGTACCTCTGTGCCAGCTGGGGTCGCGAGGGCACAGATACGCAGTATTTTGGCCCA"	"CASWGREGTDTQYF"	"CTGGAGTCCGCCAGCACCAACCAGACATCTATGTACCTCTGTGCCAGCTGGGGTCGCGAGGGCACAGATACGCAGTATTTTGGCCCA"	"CASWGREGTDTQYF"	"TCRBV28-1*1"	NA	"TCRBJ2-3*1"	48	49	53	61	1	8	NA	NA	"CTGGAGTCCGCCAGCACCAACCAGACATCTATGTACCTCTGTGCCAGCTGGGGTCGCGAGGGCACAGATACGCAGTATTTTGGCCCA"	FALSE	TRUE	NA	NA	NA	NA
"CAGTGCCCATCCTGAAGACAGCAGCTTCTACATCTGCAGTGCTAGTCACTATAGCGGGAGACTTACAATGAGCAGTTCTTCGGGCCA"	""	"CAGTGCCCATCCTGAAGACAGCAGCTTCTACATCTGCAGTGCTAGTCACTATAGCGGGAGACTTACAATGAGCAGTTCTTCGGGCCA"	""	"TCRBV2-1*4"	"TCRBD2-1*2"	"TCRBJ2-1*1"	46	51	60	63	5	3	NA	NA	"CAGTGCCCATCCTGAAGACAGCAGCTTCTACATCTGCAGTGCTAGTCACTATAGCGGGAGACTTACAATGAGCAGTTCTTCGGGCCA"	FALSE	FALSE	NA	NA	NA	NA
"AGTGACCAGTGCCCATCCTGAAGACAGCAGCTTCTACATCTGCAGTGCTAGAATCACGACAGCACCGGGGAGCTGTTTTTTGGAGAA"	""	"AGTGACCAGTGCCCATCCTGAAGACAGCAGCTTCTACATCTGCAGTGCTAGAATCACGACAGCACCGGGGAGCTGTTTTTTGGAGAA"	""	NA	"TCRBD1-1*1"	"TCRBJ2-2*1"	52	57	-1	62	5	63	NA	NA	"AGTGACCAGTGCCCATCCTGAAGACAGCAGCTTCTACATCTGCAGTGCTAGAATCACGACAGCACCGGGGAGCTGTTTTTTGGAGAA"	FALSE	FALSE	NA	NA	NA	NA
"CTTGGAGCTGGGGGACTCGGCCCTTTATCTTTGCGCCAGCAGTTTTGGTGGACAATGCATAGCAATCAGCCCCAGCATTTTGGTGAT"	""	"CTTGGAGCTGGGGGACTCGGCCCTTTATCTTTGCGCCAGCAGTTTTGGTGGACAATGCATAGCAATCAGCCCCAGCATTTTGGTGAT"	""	"TCRBV5-1*1"	"TCRBD1-1*1"	"TCRBJ1-5*1"	42	49	54	59	7	5	NA	NA	"CTTGGAGCTGGGGGACTCGGCCCTTTATCTTTGCGCCAGCAGTTTTGGTGGACAATGCATAGCAATCAGCCCCAGCATTTTGGTGAT"	FALSE	FALSE	NA	NA	NA	NA
"GCCTTGGAGCTGGGGGACTCGGCCCTGTATCTCTGTGCCAGAAGCTTTAAATAGCGGGAGTGGTACAATGAGCAGTTCTTCGGGCCA"	"CARSFK*REWYNEQFF"	"GCCTTGGAGCTGGGGGACTCGGCCCTGTATCTCTGTGCCAGAAGCTTTAAATAGCGGGAGTGGTACAATGAGCAGTTCTTCGGGCCA"	"CARSFK*REWYNEQFF"	"TCRBV5-3"	"TCRBD2-1*2"	"TCRBJ2-1*1"	47	51	60	63	4	3	NA	NA	"GCCTTGGAGCTGGGGGACTCGGCCCTGTATCTCTGTGCCAGAAGCTTTAAATAGCGGGAGTGGTACAATGAGCAGTTCTTCGGGCCA"	FALSE	TRUE	NA	NA	NA	NA
"CAGCGCACAGAGCGGGGGGACTCAGCCGTGTATCTCTGTGCCAGCAGCCGACGGGTCTCTGGGGCCAACGTCCTGACTTTCGGGGCC"	"CASSRRVSGANVLTF"	"CAGCGCACAGAGCGGGGGGACTCAGCCGTGTATCTCTGTGCCAGCAGCCGACGGGTCTCTGGGGCCAACGTCCTGACTTTCGGGGCC"	"CASSRRVSGANVLTF"	"TCRBV7-3*1"	"TCRBD2-1"	"TCRBJ2-6*1"	48	51	55	56	3	1	NA	NA	"CAGCGCACAGAGCGGGGGGACTCAGCCGTGTATCTCTGTGCCAGCAGCCGACGGGTCTCTGGGGCCAACGTCCTGACTTTCGGGGCC"	FALSE	TRUE	NA	NA	NA	NA
"GTGAGCACCTTGGAGCTGGGGGACTCGGCCCTTTATCTTTGCGCCAGCAGGAGATAGGGCTAGCGGGAGTCTCGGTTCTTCGGGCCA"	"CASRR*G*RESRFF"	"GTGAGCACCTTGGAGCTGGGGGACTCGGCCCTTTATCTTTGCGCCAGCAGGAGATAGGGCTAGCGGGAGTCTCGGTTCTTCGGGCCA"	"CASRR*G*RESRFF"	"TCRBV5-1*1"	"TCRBD2-1*2"	"TCRBJ2-1*1"	50	59	69	74	9	5	NA	NA	"GTGAGCACCTTGGAGCTGGGGGACTCGGCCCTTTATCTTTGCGCCAGCAGGAGATAGGGCTAGCGGGAGTCTCGGTTCTTCGGGCCA"	FALSE	TRUE	NA	NA	NA	NA
"CTGGAGCTTGGTGACTCTGCTGTGTATTTCTGTGCCAGCTATAGGGGACCGACAGGGACTGGGGTCTATGGCTACACCTTCGGTTCG"	"CASYRGPTGTGVYGYTF"	"CTGGAGCTTGGTGACTCTGCTGTGTATTTCTGTGCCAGCTATAGGGGACCGACAGGGACTGGGGTCTATGGCTACACCTTCGGTTCG"	"CASYRGPTGTGVYGYTF"	"TCRBV3-1/3-2*1"	"TCRBD1-1*1"	"TCRBJ1-2*1"	39	50	57	65	11	8	NA	NA	"CTGGAGCTTGGTGACTCTGCTGTGTATTTCTGTGCCAGCTATAGGGGACCGACAGGGACTGGGGTCTATGGCTACACCTTCGGTTCG"	FALSE	TRUE	NA	NA	NA	NA
"TCCGCTACCAGCTCCCAGACATCTGTGTACTTCTGTGCCATCAGTGAGAGGCGGCAGGGTAACGACTATGGCTACACCTTCGGTTCG"	"CAISERRQGNDYGYTF"	"TCCGCTACCAGCTCCCAGACATCTGTGTACTTCTGTGCCATCAGTGAGAGGCGGCAGGGTAACGACTATGGCTACACCTTCGGTTCG"	"CAISERRQGNDYGYTF"	"TCRBV1-3*1"	"TCRBD1-1*1"	"TCRBJ1-2*1"	48	54	59	64	6	5	NA	NA	"TCCGCTACCAGCTCCCAGACATCTGTGTACTTCTGTGCCATCAGTGAGAGGCGGCAGGGTAACGACTATGGCTACACCTTCGGTTCG"	FALSE	TRUE	NA	NA	NA	NA
"NNNNNNNTGTCGGCTGCTCCCTCCCAGACATCTGTGTACTTCTGTGCCAGCAGTTACTCCAGGGACAATGAGCAGTTCTTCGGGCCA"	"CASSYSRDNEQFF"	"NNNNNNNTGTCGGCTGCTCCCTCCCAGACATCTGTGTACTTCTGTGCCAGCAGTTACTCCAGGGACAATGAGCAGTTCTTCGGGCCA"	"CASSYSRDNEQFF"	"TCRBV6-5*1"	"TCRBD1-1*1"	"TCRBJ2-1*1"	-1	59	-1	64	60	65	NA	NA	"NNNNNNNTGTCGGCTGCTCCCTCCCAGACATCTGTGTACTTCTGTGCCAGCAGTTACTCCAGGGACAATGAGCAGTTCTTCGGGCCA"	FALSE	TRUE	NA	NA	NA	NA
"CCTGCAAAGCTTGAGGACTCGGCCGTGTATCTCTGTGCCAGCACCTCGTACTTAGCGGGAGGGCCCTACGAGCAGTACTTCGGGCCG"	"CASTSYLAGGPYEQYF"	"CCTGCAAAGCTTGAGGACTCGGCCGTGTATCTCTGTGCCAGCACCTCGTACTTAGCGGGAGGGCCCTACGAGCAGTACTTCGGGCCG"	"CASTSYLAGGPYEQYF"	"TCRBV11-2"	"TCRBD2-1*2"	"TCRBJ2-7*1"	43	52	63	64	9	1	NA	NA	"CCTGCAAAGCTTGAGGACTCGGCCGTGTATCTCTGTGCCAGCACCTCGTACTTAGCGGGAGGGCCCTACGAGCAGTACTTCGGGCCG"	FALSE	TRUE	NA	NA	NA	NA
"CTGAGCTCTCTGGAGCTGGGGGACTCAGCTTTGTATTTCTGTGCCAGCAGCCCACGACAGGGGAATGAAAAACTGTTTTTTGGCAGT"	"CASSPRQGNEKLFF"	"CTGAGCTCTCTGGAGCTGGGGGACTCAGCTTTGTATTTCTGTGCCAGCAGCCCACGACAGGGGAATGAAAAACTGTTTTTTGGCAGT"	"CASSPRQGNEKLFF"	"TCRBV9-1*1"	"TCRBD1-1*1"	"TCRBJ1-4*1"	51	55	-1	63	4	64	NA	NA	"CTGAGCTCTCTGGAGCTGGGGGACTCAGCTTTGTATTTCTGTGCCAGCAGCCCACGACAGGGGAATGAAAAACTGTTTTTTGGCAGT"	FALSE	TRUE	NA	NA	NA	NA
"GTGACCAGTGCCCATCCTGAAGACAGCAGCTTCTACATCTGCAGTGCTTTTGCGGGACAGGGGGGCAATGAGCAGTTCTTCGGGCCA"	"CSAFAGQGGNEQFF"	"GTGACCAGTGCCCATCCTGAAGACAGCAGCTTCTACATCTGCAGTGCTTTTGCGGGACAGGGGGGCAATGAGCAGTTCTTCGGGCCA"	"CSAFAGQGGNEQFF"	NA	"TCRBD1-1*1"	"TCRBJ2-1*1"	48	53	64	65	5	1	NA	NA	"GTGACCAGTGCCCATCCTGAAGACAGCAGCTTCTACATCTGCAGTGCTTTTGCGGGACAGGGGGGCAATGAGCAGTTCTTCGGGCCA"	FALSE	TRUE	NA	NA	NA	NA
"CTGATTCTGGAGTCCGCCAGCACCAACCAGACATCTATGTACCTCTGTGCCAGCAGTGACTAGGACTATGGCTACACCTTCGGTTCG"	"CASSD*DYGYTF"	"CTGATTCTGGAGTCCGCCAGCACCAACCAGACATCTATGTACCTCTGTGCCAGCAGTGACTAGGACTATGGCTACACCTTCGGTTCG"	"CASSD*DYGYTF"	"TCRBV28-1*1"	"TCRBD2-1"	"TCRBJ1-2*1"	-1	57	63	64	58	1	NA	NA	"CTGATTCTGGAGTCCGCCAGCACCAACCAGACATCTATGTACCTCTGTGCCAGCAGTGACTAGGACTATGGCTACACCTTCGGTTCG"	FALSE	TRUE	NA	NA	NA	NA
"AGAGCAGGGGGACTCGGCCGTGTATGTCTGTGCAAGTCGCTTAGCGCCGGGAGGGTAGCAACTAATGAAAAACTGTTTTTTGGCAGT"	""	"AGAGCAGGGGGACTCGGCCGTGTATGTCTGTGCAAGTCGCTTAGCGCCGGGAGGGTAGCAACTAATGAAAAACTGTTTTTTGGCAGT"	""	"TCRBV12-2*1"	"TCRBD2-1*2"	"TCRBJ1-4*1"	45	47	55	58	2	3	NA	NA	"AGAGCAGGGGGACTCGGCCGTGTATGTCTGTGCAAGTCGCTTAGCGCCGGGAGGGTAGCAACTAATGAAAAACTGTTTTTTGGCAGT"	FALSE	FALSE	NA	NA	NA	NA
"AGCACCTTGGAGCTGGGGGACTCGGCCCTTTATCTTTGCGCCAGCAGCTTGGGGCACCGGGATGTCAATGAGCAGTTCTTCGGGCCA"	"CASSLGHRDVNEQFF"	"AGCACCTTGGAGCTGGGGGACTCGGCCCTTTATCTTTGCGCCAGCAGCTTGGGGCACCGGGATGTCAATGAGCAGTTCTTCGGGCCA"	"CASSLGHRDVNEQFF"	"TCRBV5-1*1"	"TCRBD2-1*2"	"TCRBJ2-1*1"	52	57	62	65	5	3	NA	NA	"AGCACCTTGGAGCTGGGGGACTCGGCCCTTTATCTTTGCGCCAGCAGCTTGGGGCACCGGGATGTCAATGAGCAGTTCTTCGGGCCA"	FALSE	TRUE	NA	NA	NA	NA
"GCACAGAGCGGGGGGACTCAGCCGTGTATCTCTGTGCCAGCCCAGGGAAACCGACAGGGGGAAAACAATGAGCAGTTCTTCGGGCCA"	""	"GCACAGAGCGGGGGGACTCAGCCGTGTATCTCTGTGCCAGCCCAGGGAAACCGACAGGGGGAAAACAATGAGCAGTTCTTCGGGCCA"	""	"TCRBV7-3*1"	"TCRBD1-1*1"	"TCRBJ2-1*1"	41	52	61	64	11	3	NA	NA	"GCACAGAGCGGGGGGACTCAGCCGTGTATCTCTGTGCCAGCCCAGGGAAACCGACAGGGGGAAAACAATGAGCAGTTCTTCGGGCCA"	FALSE	FALSE	NA	NA	NA	NA
"CCTGTCCTCAGAACCGGGAGACACGGCACTGTATCTCTGCGCCAGATATGGACAGGCTAGAACACCGGGGAGCTGTTTTTTGGAGAA"	""	"CCTGTCCTCAGAACCGGGAGACACGGCACTGTATCTCTGCGCCAGATATGGACAGGCTAGAACACCGGGGAGCTGTTTTTTGGAGAA"	""	"TCRBV23-1*1"	"TCRBD1-1*1"	"TCRBJ2-2*1"	45	49	56	59	4	3	NA	NA	"CCTGTCCTCAGAACCGGGAGACACGGCACTGTATCTCTGCGCCAGATATGGACAGGCTAGAACACCGGGGAGCTGTTTTTTGGAGAA"	FALSE	FALSE	NA	NA	NA	NA
"ATCCAGCGCACAGAGCGGGGGGACTCAGCCGTGTATCTCTGTGCCAGCAGCAACTAGCGGGACAACTACGAGCAGTACTTCGGGCCG"	"CASSN*RDNYEQYF"	"ATCCAGCGCACAGAGCGGGGGGACTCAGCCGTGTATCTCTGTGCCAGCAGCAACTAGCGGGACAACTACGAGCAGTACTTCGGGCCG"	"CASSN*RDNYEQYF"	"TCRBV7-3*1"	"TCRBD2-1*2"	"TCRBJ2-7*1"	51	52	62	65	1	3	NA	NA	"ATCCAGCGCACAGAGCGGGGGGACTCAGCCGTGTATCTCTGTGCCAGCAGCAACTAGCGGGACAACTACGAGCAGTACTTCGGGCCG"	FALSE	TRUE	NA	NA	NA	NA
"CACCAGGCCTGGGGGACGCAGCCATGTACCTGTGTGCCACCAGCAGAGTCCGTGGGGCTGGGAAGAGACATTCAGTACTTCGGCGCC"	""	"CACCAGGCCTGGGGGACGCAGCCATGTACCTGTGTGCCACCAGCAGAGTCCGTGGGGCTGGGAAGAGACATTCAGTACTTCGGCGCC"	""	"TCRBV15-1*2"	"TCRBD1-1*1"	"TCRBJ2-4*1"	48	53	58	67	5	9	NA	NA	"CACCAGGCCTGGGGGACGCAGCCATGTACCTGTGTGCCACCAGCAGAGTCCGTGGGGCTGGGAAGAGACATTCAGTACTTCGGCGCC"	FALSE	FALSE	NA	NA	NA	NA
"CAGCGCACAGAGCAGGGGGACTCGGCCATGTATCTCTGTGCCAGCAGCGACCGGGACACAACCTACAATGAGCAGTTCTTCGGGCCA"	"CASSDRDTTYNEQFF"	"CAGCGCACAGAGCAGGGGGACTCGGCCATGTATCTCTGTGCCAGCAGCGACCGGGACACAACCTACAATGAGCAGTTCTTCGGGCCA"	"CASSDRDTTYNEQFF"	"TCRBV7-9*1"	"TCRBD1-1*1"	"TCRBJ2-1*1"	48	52	58	61	4	3	NA	NA	"CAGCGCACAGAGCAGGGGGACTCGGCCATGTATCTCTGTGCCAGCAGCGACCGGGACACAACCTACAATGAGCAGTTCTTCGGGCCA"	FALSE	TRUE	NA	NA	NA	NA
"GAAGCTCCTTCTCAGTGACTCTGGCTTCTATCTCTGTGCCTGGAGATCGCAGGTTTGGTCAGCAATCAGCCCCAGCATTTTGGTGAT"	""	"GAAGCTCCTTCTCAGTGACTCTGGCTTCTATCTCTGTGCCTGGAGATCGCAGGTTTGGTCAGCAATCAGCCCCAGCATTTTGGTGAT"	""	"TCRBV3-1*1"	"TCRBD1-1*1"	"TCRBJ1-5*1"	45	49	53	60	4	7	NA	NA	"GAAGCTCCTTCTCAGTGACTCTGGCTTCTATCTCTGTGCCTGGAGATCGCAGGTTTGGTCAGCAATCAGCCCCAGCATTTTGGTGAT"	FALSE	FALSE	NA	NA	NA	NA
"GTGACATCGGCCCAAAAGAACCCGACAGCTTTCTATCTCTGTGCCAGTAGTACCGTAATAGAAGGCTACGAGCAGTACTTCGGGCCG"	"CASSTVIEGYEQYF"	"GTGACATCGGCCCAAAAGAACCCGACAGCTTTCTATCTCTGTGCCAGTAGTACCGTAATAGAAGGCTACGAGCAGTACTTCGGGCCG"	"CASSTVIEGYEQYF"	"TCRBV19-1*1"	NA	"TCRBJ2-7*1"	52	62	-1	65	10	66	NA	NA	"GTGACATCGGCCCAAAAGAACCCGACAGCTTTCTATCTCTGTGCCAGTAGTACCGTAATAGAAGGCTACGAGCAGTACTTCGGGCCG"	FALSE	TRUE	NA	NA	NA	NA
"GTGAGCACCTTGGAGCTGGGGGACTCGGCCCTTTATCTTTGCGCCAGCAGCTTAGGGGGAGCGACAGATACGCAGTATTTTGGCCCA"	"CASSLGGATDTQYF"	"GTGAGCACCTTGGAGCTGGGGGACTCGGCCCTTTATCTTTGCGCCAGCAGCTTAGGGGGAGCGACAGATACGCAGTATTTTGGCCCA"	"CASSLGGATDTQYF"	"TCRBV5-1*1"	"TCRBD1-1*1"	"TCRBJ2-3*1"	-1	53	59	63	54	4	NA	NA	"GTGAGCACCTTGGAGCTGGGGGACTCGGCCCTTTATCTTTGCGCCAGCAGCTTAGGGGGAGCGACAGATACGCAGTATTTTGGCCCA"	FALSE	TRUE	NA	NA	NA	NA
"TCGGCTGCTCCCTCCCAAACATCTGTGTACTTCTGTGCCAGCAGACAAAGGGGTCGGTGGATGAACACTGAAGCTTTCTTTGGACAA"	"CASRQRGRWMNTEAFF"	"TCGGCTGCTCCCTCCCAAACATCTGTGTACTTCTGTGCCAGCAGACAAAGGGGTCGGTGGATGAACACTGAAGCTTTCTTTGGACAA"	"CASRQRGRWMNTEAFF"	NA	"TCRBD1-1*1"	"TCRBJ1-1*1"	44	48	53	61	4	8	NA	NA	"TCGGCTGCTCCCTCCCAAACATCTGTGTACTTCTGTGCCAGCAGACAAAGGGGTCGGTGGATGAACACTGAAGCTTTCTTTGGACAA"	FALSE	TRUE	NA	NA	NA	NA
"TCGGCTGCTCCCTCCCAAACATCTGTGTACTTCTGTGCCAGCAGTTCCCTAAGAAGCTCTGGGGCCAACGTCCTGACTTTCGGGGCC"	"CASSSLRSSGANVLTF"	"TCGGCTGCTCCCTCCCAAACATCTGTGTACTTCTGTGCCAGCAGTTCCCTAAGAAGCTCTGGGGCCAACGTCCTGACTTTCGGGGCC"	"CASSSLRSSGANVLTF"	"TCRBV6-2/6-3*1"	"TCRBD2-1"	"TCRBJ2-6*1"	46	48	51	56	2	5	NA	NA	"TCGGCTGCTCCCTCCCAAACATCTGTGTACTTCTGTGCCAGCAGTTCCCTAAGAAGCTCTGGGGCCAACGTCCTGACTTTCGGGGCC"	FALSE	TRUE	NA	NA	NA	NA
"CCTTGGAGCTGGACGACTCGGCCCTGTATCTCTGTGCCATCAAGCCAATCGGGGCAGATCTTCAACTATGGCTACACCTTCGGTTCG"	""	"CCTTGGAGCTGGACGACTCGGCCCTGTATCTCTGTGCCATCAAGCCAATCGGGGCAGATCTTCAACTATGGCTACACCTTCGGTTCG"	""	"TCRBV5-4*1"	NA	"TCRBJ1-2*1"	39	50	55	63	11	8	NA	NA	"CCTTGGAGCTGGACGACTCGGCCCTGTATCTCTGTGCCATCAAGCCAATCGGGGCAGATCTTCAACTATGGCTACACCTTCGGTTCG"	FALSE	FALSE	NA	NA	NA	NA
"TCGGCTGCTCCCTCCCAAACATCTGTGTACTTCTGTGCCAGCAGCTGGGGGTTAGATCTTGGGTACAATGAGCAGTTCTTCGGGCCA"	"CASSWGLDLGYNEQFF"	"TCGGCTGCTCCCTCCCAAACATCTGTGTACTTCTGTGCCAGCAGCTGGGGGTTAGATCTTGGGTACAATGAGCAGTTCTTCGGGCCA"	"CASSWGLDLGYNEQFF"	"TCRBV6-2*2"	NA	"TCRBJ2-1*1"	45	46	51	63	1	12	NA	NA	"TCGGCTGCTCCCTCCCAAACATCTGTGTACTTCTGTGCCAGCAGCTGGGGGTTAGATCTTGGGTACAATGAGCAGTTCTTCGGGCCA"	FALSE	TRUE	NA	NA	NA	NA
"CTGCTGCCTCCTCCCAGACATCTGTATATTTCTGCGCCAGCAGTGAAGGACAGGTAGTCTAGCACAGATACGCAGTATTTTGGCCCA"	""	"CTGCTGCCTCCTCCCAGACATCTGTATATTTCTGCGCCAGCAGTGAAGGACAGGTAGTCTAGCACAGATACGCAGTATTTTGGCCCA"	""	"TCRBV1-1"	"TCRBD1-1*1"	"TCRBJ2-3*1"	46	47	54	60	1	6	NA	NA	"CTGCTGCCTCCTCCCAGACATCTGTATATTTCTGCGCCAGCAGTGAAGGACAGGTAGTCTAGCACAGATACGCAGTATTTTGGCCCA"	FALSE	FALSE	NA	NA	NA	NA
"CAGTCCACGGAGTCAGGGGACACAGCACTGTATTTCTGTGCCACCCCTAGCGGGAGGGCCGACTACAATGAGCAGTTCTTCGGGCCA"	"CATPSGRADYNEQFF"	"CAGTCCACGGAGTCAGGGGACACAGCACTGTATTTCTGTGCCACCCCTAGCGGGAGGGCCGACTACAATGAGCAGTTCTTCGGGCCA"	"CATPSGRADYNEQFF"	"TCRBV21-1*1"	"TCRBD2-1*2"	"TCRBJ2-1*1"	43	46	58	62	3	4	NA	NA	"CAGTCCACGGAGTCAGGGGACACAGCACTGTATTTCTGTGCCACCCCTAGCGGGAGGGCCGACTACAATGAGCAGTTCTTCGGGCCA"	FALSE	TRUE	NA	NA	NA	NA
"ACTGTGACATCGGCCCAAAAGAACCCGACAGCTTTCTATCTCTGTGCCAGTAATCCGGGACTCAGAGATACGCAGTATTTTGGCCCA"	"CASNPGLRDTQYF"	"ACTGTGACATCGGCCCAAAAGAACCCGACAGCTTTCTATCTCTGTGCCAGTAATCCGGGACTCAGAGATACGCAGTATTTTGGCCCA"	"CASNPGLRDTQYF"	"TCRBV19-1*1"	"TCRBD2-1"	"TCRBJ2-3*1"	52	56	62	65	4	3	NA	NA	"ACTGTGACATCGGCCCAAAAGAACCCGACAGCTTTCTATCTCTGTGCCAGTAATCCGGGACTCAGAGATACGCAGTATTTTGGCCCA"	FALSE	TRUE	NA	NA	NA	NA
"CCTGGAGCTTGGTGACTCTGCTGTGTATTTCTGTGCCAGCAGCCAAATAGCCGGGACTAGCTTAACGATGAGCAGTTCTTCGGGCCA"	""	"CCTGGAGCTTGGTGACTCTGCTGTGTATTTCTGTGCCAGCAGCCAAATAGCCGGGACTAGCTTAACGATGAGCAGTTCTTCGGGCCA"	""	"TCRBV3-1/3-2*1"	"TCRBD2-1"	"TCRBJ2-1*1"	46	52	61	67	6	6	NA	NA	"CCTGGAGCTTGGTGACTCTGCTGTGTATTTCTGTGCCAGCAGCCAAATAGCCGGGACTAGCTTAACGATGAGCAGTTCTTCGGGCCA"	FALSE	FALSE	NA	NA	NA	NA
"AGTTCTAAGAAGCTCCTTCTCAGTGACTCTGGCTTCTATCTCTGTGCCTGCCTTAGGGGGGTCAATGAAAAACTGTTTTTTGGCAGT"	"CACLRGVNEKLFF"	"AGTTCTAAGAAGCTCCTTCTCAGTGACTCTGGCTTCTATCTCTGTGCCTGCCTTAGGGGGGTCAATGAAAAACTGTTTTTTGGCAGT"	"CACLRGVNEKLFF"	"TCRBV3-1"	NA	"TCRBJ1-4*1"	50	54	60	63	4	3	NA	NA	"AGTTCTAAGAAGCTCCTTCTCAGTGACTCTGGCTTCTATCTCTGTGCCTGCCTTAGGGGGGTCAATGAAAAACTGTTTTTTGGCAGT"	FALSE	TRUE	NA	NA	NA	NA
"TGGAGTCGCCCAGCCCCAACCAGACCTCTCTGTACTTCTGTGCCAGCAGGGAGTAGCGGGGGCTCCTACGAGCAGTACTTCGGGCCG"	""	"TGGAGTCGCCCAGCCCCAACCAGACCTCTCTGTACTTCTGTGCCAGCAGGGAGTAGCGGGGGCTCCTACGAGCAGTACTTCGGGCCG"	""	"TCRBV27-1*1"	"TCRBD2-1*1"	"TCRBJ2-7*1"	49	53	-1	62	4	63	NA	NA	"TGGAGTCGCCCAGCCCCAACCAGACCTCTCTGTACTTCTGTGCCAGCAGGGAGTAGCGGGGGCTCCTACGAGCAGTACTTCGGGCCG"	FALSE	FALSE	NA	NA	NA	NA
"NNNNNNCTTGGAGATCCAGTCCACGGAGTCAGGGGACACAGCACTGTATTTCTGTGCCAGCAGCAAAGTTCAGACCACTTCGGTTCG"	""	"NNNNNNCTTGGAGATCCAGTCCACGGAGTCAGGGGACACAGCACTGTATTTCTGTGCCAGCAGCAAAGTTCAGACCACTTCGGTTCG"	""	"TCRBV21-1*1"	NA	"TCRBJ1-2*1"	68	72	75	77	4	2	NA	NA	"NNNNNNCTTGGAGATCCAGTCCACGGAGTCAGGGGACACAGCACTGTATTTCTGTGCCAGCAGCAAAGTTCAGACCACTTCGGTTCG"	FALSE	FALSE	NA	NA	NA	NA
"GTGAGCAACATGAGCCCTGAAGACAGCAGCATATATCTCTGCAGCGTTGCGGGCGCCGCTAGCACAGATACGCAGTATTTTGGCCCA"	"CSVAGAASTDTQYF"	"GTGAGCAACATGAGCCCTGAAGACAGCAGCATATATCTCTGCAGCGTTGCGGGCGCCGCTAGCACAGATACGCAGTATTTTGGCCCA"	"CSVAGAASTDTQYF"	"TCRBV29-1"	NA	"TCRBJ2-3*1"	49	50	54	60	1	6	NA	NA	"GTGAGCAACATGAGCCCTGAAGACAGCAGCATATATCTCTGCAGCGTTGCGGGCGCCGCTAGCACAGATACGCAGTATTTTGGCCCA"	FALSE	TRUE	NA	NA	NA	NA
"AGCACCTTGGAGCTGGGGGACTCGGCCCTTTATCTTTGCGCCAGCAGTCTAGCGGGAGGGCCGTCAGATACGCAGTATTTTGGCCCA"	"CASSLAGGPSDTQYF"	"AGCACCTTGGAGCTGGGGGACTCGGCCCTTTATCTTTGCGCCAGCAGTCTAGCGGGAGGGCCGTCAGATACGCAGTATTTTGGCCCA"	"CASSLAGGPSDTQYF"	"TCRBV5-1*1"	"TCRBD2-1*2"	"TCRBJ2-3*1"	47	48	60	64	1	4	NA	NA	"AGCACCTTGGAGCTGGGGGACTCGGCCCTTTATCTTTGCGCCAGCAGTCTAGCGGGAGGGCCGTCAGATACGCAGTATTTTGGCCCA"	FALSE	TRUE	NA	NA	NA	NA
"CCGCTACCAGCTCCCAGACATCTGTGTACTTCTGTGCCATCAGTGAGTTAGGTGGGCGCGTAGCACAATGAGCAGTTCTTCGGGCCA"	""	"CCGCTACCAGCTCCCAGACATCTGTGTACTTCTGTGCCATCAGTGAGTTAGGTGGGCGCGTAGCACAATGAGCAGTTCTTCGGGCCA"	""	"TCRBV1-3*1"	NA	"TCRBJ2-1*1"	48	53	57	64	5	7	NA	NA	"CCGCTACCAGCTCCCAGACATCTGTGTACTTCTGTGCCATCAGTGAGTTAGGTGGGCGCGTAGCACAATGAGCAGTTCTTCGGGCCA"	FALSE	FALSE	NA	NA	NA	NA
"AAGATCCAGCCCTCAGAACCCAGGGACTCAGCTGTGTATTTTTGTGCTAGTGGTCAAGGGGTTGCCGGGGAGCTGTTTTTTGGAGAA"	"CASGQGVAGELFF"	"AAGATCCAGCCCTCAGAACCCAGGGACTCAGCTGTGTATTTTTGTGCTAGTGGTCAAGGGGTTGCCGGGGAGCTGTTTTTTGGAGAA"	"CASGQGVAGELFF"	"TCRBV12-5*1"	"TCRBD1-1*1"	"TCRBJ2-2*1"	54	56	61	64	2	3	NA	NA	"AAGATCCAGCCCTCAGAACCCAGGGACTCAGCTGTGTATTTTTGTGCTAGTGGTCAAGGGGTTGCCGGGGAGCTGTTTTTTGGAGAA"	FALSE	TRUE	NA	NA	NA	NA
"AGTGCCCATCCTGAAGACAGCAGCTTCTACATCTGCAGTGCTAGAGATTGGCTAGCGGCCATGAGGAATGAGCAGTTCTTCGGGCCA"	"CSARDWLAAMRNEQFF"	"AGTGCCCATCCTGAAGACAGCAGCTTCTACATCTGCAGTGCTAGAGATTGGCTAGCGGCCATGAGGAATGAGCAGTTCTTCGGGCCA"	"CSARDWLAAMRNEQFF"	NA	"TCRBD2-1"	"TCRBJ2-1*1"	47	51	58	66	4	8	NA	NA	"AGTGCCCATCCTGAAGACAGCAGCTTCTACATCTGCAGTGCTAGAGATTGGCTAGCGGCCATGAGGAATGAGCAGTTCTTCGGGCCA"	FALSE	TRUE	NA	NA	NA	NA
"TTGGCTGCTCCCTCCCAGACATCTGTGTACTTCTGTGCCAGCACCGCAACCCTCTTTGGGGAGCCTTACGAGCAGTACTTCGGGCCG"	"CASTATLFGEPYEQYF"	"TTGGCTGCTCCCTCCCAGACATCTGTGTACTTCTGTGCCAGCACCGCAACCCTCTTTGGGGAGCCTTACGAGCAGTACTTCGGGCCG"	"CASTATLFGEPYEQYF"	"TCRBV6-6"	"TCRBD2-1*2"	"TCRBJ2-7*1"	43	58	63	66	15	3	NA	NA	"TTGGCTGCTCCCTCCCAGACATCTGTGTACTTCTGTGCCAGCACCGCAACCCTCTTTGGGGAGCCTTACGAGCAGTACTTCGGGCCG"	FALSE	TRUE	NA	NA	NA	NA
"GTCAGCTGCTCCCTCTCAGACTTCTGTTTACTTCTGTGCCAGCACCCTAAGGGGCTAGCGGGAGTGGGTGAGCAGTTCTTCGGGCCA"	""	"GTCAGCTGCTCCCTCTCAGACTTCTGTTTACTTCTGTGCCAGCACCCTAAGGGGCTAGCGGGAGTGGGTGAGCAGTTCTTCGGGCCA"	""	"TCRBV6-7*1"	"TCRBD2-1*2"	"TCRBJ2-1*1"	44	54	64	68	10	4	NA	NA	"GTCAGCTGCTCCCTCTCAGACTTCTGTTTACTTCTGTGCCAGCACCCTAAGGGGCTAGCGGGAGTGGGTGAGCAGTTCTTCGGGCCA"	FALSE	FALSE	NA	NA	NA	NA
"AAGCTTGAGGATTCAGCAGTGTATTTTTGTGCCAGCAGCCCAGGGCTAGGGGACAGCACAATGAACACTGAAGCTTTCTTTGGACAA"	"CASSPGLGDSTMNTEAFF"	"AAGCTTGAGGATTCAGCAGTGTATTTTTGTGCCAGCAGCCCAGGGCTAGGGGACAGCACAATGAACACTGAAGCTTTCTTTGGACAA"	"CASSPGLGDSTMNTEAFF"	"TCRBV16-1*1"	"TCRBD1-1*1"	"TCRBJ1-1*1"	40	49	56	61	9	5	NA	NA	"AAGCTTGAGGATTCAGCAGTGTATTTTTGTGCCAGCAGCCCAGGGCTAGGGGACAGCACAATGAACACTGAAGCTTTCTTTGGACAA"	FALSE	TRUE	NA	NA	NA	NA
"ACTGTGACATCGGCCCAAAAGAACCCGACAGCTTTCTATCTCTGTGCCACAGAAGCGGAAATATACAATGAGCAGTTCTTCGGGCCA"	"CATEAEIYNEQFF"	"ACTGTGACATCGGCCCAAAAGAACCCGACAGCTTTCTATCTCTGTGCCACAGAAGCGGAAATATACAATGAGCAGTTCTTCGGGCCA"	"CATEAEIYNEQFF"	"TCRBV19-1*1"	"TCRBD2-1"	"TCRBJ2-1*1"	49	53	58	63	4	5	NA	NA	"ACTGTGACATCGGCCCAAAAGAACCCGACAGCTTTCTATCTCTGTGCCACAGAAGCGGAAATATACAATGAGCAGTTCTTCGGGCCA"	FALSE	TRUE	NA	NA	NA	NA
"AGTTCTAAGAAGCTCCTTCTCAGTGACTCTGGCTTCTATCTCTGTGCCTGGAATATCGGTCAGGGGTTGGGCTACACCTTCGGTTCG"	"CAWNIGQGLGYTF"	"AGTTCTAAGAAGCTCCTTCTCAGTGACTCTGGCTTCTATCTCTGTGCCTGGAATATCGGTCAGGGGTTGGGCTACACCTTCGGTTCG"	"CAWNIGQGLGYTF"	"TCRBV3-1*1"	"TCRBD1-1*1"	"TCRBJ1-2*1"	52	60	66	69	8	3	NA	NA	"AGTTCTAAGAAGCTCCTTCTCAGTGACTCTGGCTTCTATCTCTGTGCCTGGAATATCGGTCAGGGGTTGGGCTACACCTTCGGTTCG"	FALSE	TRUE	NA	NA	NA	NA
"CGCACAGAGCGGGGGGACTCAGCCGTGTATCTCTGTGCCAGCAGCCTCCTGCCGGGACAGGGTTCCTACGAGCAGTACTTCGGGCCG"	"CASSLLPGQGSYEQYF"	"CGCACAGAGCGGGGGGACTCAGCCGTGTATCTCTGTGCCAGCAGCCTCCTGCCGGGACAGGGTTCCTACGAGCAGTACTTCGGGCCG"	"CASSLLPGQGSYEQYF"	"TCRBV7-3*1"	"TCRBD1-1*1"	"TCRBJ2-7*1"	45	53	62	63	8	1	NA	NA	"CGCACAGAGCGGGGGGACTCAGCCGTGTATCTCTGTGCCAGCAGCCTCCTGCCGGGACAGGGTTCCTACGAGCAGTACTTCGGGCCG"	FALSE	TRUE	NA	NA	NA	NA
"TGCTCCCTCCCAGACATCTGTGTACTTCTGTGCCAGCAGTTACTCGCGTAAGGGACAAGCTAAAATTCACCCCTCCACTTTGGGAAT"	""	"TGCTCCCTCCCAGACATCTGTGTACTTCTGTGCCAGCAGTTACTCGCGTAAGGGACAAGCTAAAATTCACCCCTCCACTTTGGGAAT"	""	NA	"TCRBD1-1*1"	"TCRBJ1-6*1"	45	51	57	63	6	6	NA	NA	"TGCTCCCTCCCAGACATCTGTGTACTTCTGTGCCAGCAGTTACTCGCGTAAGGGACAAGCTAAAATTCACCCCTCCACTTTGGGAAT"	FALSE	FALSE	NA	NA	NA	NA
"TCAATTCCCTGGAGCTTGGTGACTCTGCTGTGTATTTCTGTGCCAGCAGGGTAAGACAGGACTGAATACGAGCAGTACTTCGGGCCG"	""	"TCAATTCCCTGGAGCTTGGTGACTCTGCTGTGTATTTCTGTGCCAGCAGGGTAAGACAGGACTGAATACGAGCAGTACTTCGGGCCG"	""	"TCRBV3-1/3-2*1"	"TCRBD1-1*1"	"TCRBJ2-7*1"	49	54	60	66	5	6	NA	NA	"TCAATTCCCTGGAGCTTGGTGACTCTGCTGTGTATTTCTGTGCCAGCAGGGTAAGACAGGACTGAATACGAGCAGTACTTCGGGCCG"	FALSE	FALSE	NA	NA	NA	NA
"GACTCGGCCATGTATCTCTGTGCCAGCAGCTTACCTTTGACTGGGACAGGGCGGACTTCTTCTGGAAACACCATATATTTTGGAGAG"	"CASSLPLTGTGRTSSGNTIYF"	"GACTCGGCCATGTATCTCTGTGCCAGCAGCTTACCTTTGACTGGGACAGGGCGGACTTCTTCTGGAAACACCATATATTTTGGAGAG"	"CASSLPLTGTGRTSSGNTIYF"	NA	"TCRBD1-1*1"	"TCRBJ1-3*1"	33	42	51	60	9	9	NA	NA	"GACTCGGCCATGTATCTCTGTGCCAGCAGCTTACCTTTGACTGGGACAGGGCGGACTTCTTCTGGAAACACCATATATTTTGGAGAG"	FALSE	TRUE	NA	NA	NA	NA
"AGTTCTAAGAAGCTCCTTCTCAGTGACTCTGGCTTCTATCTCTGTGCCTGGAGTCCGCGCACCGCCTACGAGCAGTACTTCGGGCCG"	"CAWSPRTAYEQYF"	"AGTTCTAAGAAGCTCCTTCTCAGTGACTCTGGCTTCTATCTCTGTGCCTGGAGTCCGCGCACCGCCTACGAGCAGTACTTCGGGCCG"	"CAWSPRTAYEQYF"	"TCRBV3-1*1"	"TCRBD2-1"	"TCRBJ2-7*1"	54	56	59	64	2	5	NA	NA	"AGTTCTAAGAAGCTCCTTCTCAGTGACTCTGGCTTCTATCTCTGTGCCTGGAGTCCGCGCACCGCCTACGAGCAGTACTTCGGGCCG"	FALSE	TRUE	NA	NA	NA	NA
"CTGAGCTCTCTGGAGCTGGGGGACTCAGCTTTGTATTTCTGTGCCAGCAGCGTTACAGGTTCTGCAGATACGCAGTATTTTGGCCCA"	"CASSVTGSADTQYF"	"CTGAGCTCTCTGGAGCTGGGGGACTCAGCTTTGTATTTCTGTGCCAGCAGCGTTACAGGTTCTGCAGATACGCAGTATTTTGGCCCA"	"CASSVTGSADTQYF"	"TCRBV9-1*1"	"TCRBD1-1*1"	"TCRBJ2-3*1"	53	54	59	64	1	5	NA	NA	"CTGAGCTCTCTGGAGCTGGGGGACTCAGCTTTGTATTTCTGTGCCAGCAGCGTTACAGGTTCTGCAGATACGCAGTATTTTGGCCCA"	FALSE	TRUE	NA	NA	NA	NA
"GCCCTCAGAACCCAGGGACTCAGCTGTGTACTTCTGTGCCAGCAGTTTATTGGACTAGCGGGAGGGAATGAGCAGTTCTTCGGGCCA"	""	"GCCCTCAGAACCCAGGGACTCAGCTGTGTACTTCTGTGCCAGCAGTTTATTGGACTAGCGGGAGGGAATGAGCAGTTCTTCGGGCCA"	""	NA	"TCRBD2-1*2"	"TCRBJ2-1*1"	49	51	-1	66	2	67	NA	NA	"GCCCTCAGAACCCAGGGACTCAGCTGTGTACTTCTGTGCCAGCAGTTTATTGGACTAGCGGGAGGGAATGAGCAGTTCTTCGGGCCA"	FALSE	FALSE	NA	NA	NA	NA
"AGTGACCAGTGCCCATCCTGAAGACAGCAGCTTCTACATCTGCAGTGCTACCAGACAGGGGCGGGCTATGGCTACACCTTCGGTTCG"	""	"AGTGACCAGTGCCCATCCTGAAGACAGCAGCTTCTACATCTGCAGTGCTACCAGACAGGGGCGGGCTATGGCTACACCTTCGGTTCG"	""	NA	"TCRBD1-1*1"	"TCRBJ1-2*1"	50	53	61	65	3	4	NA	NA	"AGTGACCAGTGCCCATCCTGAAGACAGCAGCTTCTACATCTGCAGTGCTACCAGACAGGGGCGGGCTATGGCTACACCTTCGGTTCG"	FALSE	FALSE	NA	NA	NA	NA
"GAGTCGCCCAGCCCCAACCAGACCTCTCTGTACTTCTGTGCCAGCAGTTTTGGCGGCCCTGACACAGATACGCAGTATTTTGGCCCA"	"CASSFGGPDTDTQYF"	"GAGTCGCCCAGCCCCAACCAGACCTCTCTGTACTTCTGTGCCAGCAGTTTTGGCGGCCCTGACACAGATACGCAGTATTTTGGCCCA"	"CASSFGGPDTDTQYF"	"TCRBV27-1*1"	"TCRBD2-1"	"TCRBJ2-3*1"	50	52	56	62	2	6	NA	NA	"GAGTCGCCCAGCCCCAACCAGACCTCTCTGTACTTCTGTGCCAGCAGTTTTGGCGGCCCTGACACAGATACGCAGTATTTTGGCCCA"	FALSE	TRUE	NA	NA	NA	NA
"TCCCTCCCAGACATCTGTGTACTTCTGTGCCAGCAGTGAGAATGGCGCGACTAGCGGTCGAACACCGGGGAGCTGTTTTTTGGAGAA"	""	"TCCCTCCCAGACATCTGTGTACTTCTGTGCCAGCAGTGAGAATGGCGCGACTAGCGGTCGAACACCGGGGAGCTGTTTTTTGGAGAA"	""	"TCRBV6-1*1"	"TCRBD2-1"	"TCRBJ2-2*1"	39	48	57	58	9	1	NA	NA	"TCCCTCCCAGACATCTGTGTACTTCTGTGCCAGCAGTGAGAATGGCGCGACTAGCGGTCGAACACCGGGGAGCTGTTTTTTGGAGAA"	FALSE	FALSE	NA	NA	NA	NA
"GAGTCAGCTACCCGCTCCCAGACATCTGTGTATTTCTGCGCCAGCTCCCCAGACAGTGAAGGGGACTATGGCTACACCTTCGGTTCG"	"CASSPDSEGDYGYTF"	"GAGTCAGCTACCCGCTCCCAGACATCTGTGTATTTCTGCGCCAGCTCCCCAGACAGTGAAGGGGACTATGGCTACACCTTCGGTTCG"	"CASSPDSEGDYGYTF"	"TCRBV1-2*1"	"TCRBD1-1*1"	"TCRBJ1-2*1"	45	51	56	64	6	8	NA	NA	"GAGTCAGCTACCCGCTCCCAGACATCTGTGTATTTCTGCGCCAGCTCCCCAGACAGTGAAGGGGACTATGGCTACACCTTCGGTTCG"	FALSE	TRUE	NA	NA	NA	NA
"AACCTGAGCTCTCTGGAGCTGGGGGACTCAGCTTTGTATTTCTGTGCCAGCAGCGTAGCCCAGAACACTGAAGCTTTCTTTGGACAA"	"CASSVAQNTEAFF"	"AACCTGAGCTCTCTGGAGCTGGGGGACTCAGCTTTGTATTTCTGTGCCAGCAGCGTAGCCCAGAACACTGAAGCTTTCTTTGGACAA"	"CASSVAQNTEAFF"	"TCRBV9-1*1"	"TCRBD1-1*1"	"TCRBJ1-1*1"	58	60	-1	62	2	63	NA	NA	"AACCTGAGCTCTCTGGAGCTGGGGGACTCAGCTTTGTATTTCTGTGCCAGCAGCGTAGCCCAGAACACTGAAGCTTTCTTTGGACAA"	FALSE	TRUE	NA	NA	NA	NA
"GAGCTGAATGTGAACGCCTTGTTGCTGGGGGACTCGGCCCTGTATCTCTGTGCCAGCAGCCCCATGGCCGCAGAGTTCTTCGGGCCA"	"CASSPMAAEFF"	"GAGCTGAATGTGAACGCCTTGTTGCTGGGGGACTCGGCCCTGTATCTCTGTGCCAGCAGCCCCATGGCCGCAGAGTTCTTCGGGCCA"	"CASSPMAAEFF"	"TCRBV5-5*1"	"TCRBD1-1*1"	"TCRBJ2-1*1"	60	70	-1	73	10	74	NA	NA	"GAGCTGAATGTGAACGCCTTGTTGCTGGGGGACTCGGCCCTGTATCTCTGTGCCAGCAGCCCCATGGCCGCAGAGTTCTTCGGGCCA"	FALSE	TRUE	NA	NA	NA	NA
"TGCAGCCTGCAGAACTGGAGGATTCTGGAGTTTATTTCTGTGCCACCCCAAGCCAGCGATGGGGGATACGAGCAGTACTTCGGGCCG"	""	"TGCAGCCTGCAGAACTGGAGGATTCTGGAGTTTATTTCTGTGCCACCCCAAGCCAGCGATGGGGGATACGAGCAGTACTTCGGGCCG"	""	"TCRBV14-1*1"	NA	"TCRBJ2-7*1"	45	60	65	66	15	1	NA	NA	"TGCAGCCTGCAGAACTGGAGGATTCTGGAGTTTATTTCTGTGCCACCCCAAGCCAGCGATGGGGGATACGAGCAGTACTTCGGGCCG"	FALSE	FALSE	NA	NA	NA	NA
"CAGCCCTCAGAACCCAGGGACTCAGCTGTGTACTTCTGTGCCAGCAAACAAACAGGGCCCATGAACACTGAAGCTTTCTTTGGACAA"	"CASKQTGPMNTEAFF"	"CAGCCCTCAGAACCCAGGGACTCAGCTGTGTACTTCTGTGCCAGCAAACAAACAGGGCCCATGAACACTGAAGCTTTCTTTGGACAA"	"CASKQTGPMNTEAFF"	NA	"TCRBD1-1*1"	"TCRBJ1-1*1"	46	51	57	61	5	4	NA	NA	"CAGCCCTCAGAACCCAGGGACTCAGCTGTGTACTTCTGTGCCAGCAAACAAACAGGGCCCATGAACACTGAAGCTTTCTTTGGACAA"	FALSE	TRUE	NA	NA	NA	NA
"NNNNNNNNNNTGTCGGCTGCTCCCTCCCAGACATCTGTGTACTTCTGTGCCAGCAATCTATGGGGCGGGGAGCTGTTTTTTGGAGAA"	"CASNLWGGELFF"	"NNNNNNNNNNTGTCGGCTGCTCCCTCCCAGACATCTGTGTACTTCTGTGCCAGCAATCTATGGGGCGGGGAGCTGTTTTTTGGAGAA"	"CASNLWGGELFF"	"TCRBV6-5*1"	NA	"TCRBJ2-2*1"	55	61	-1	65	6	66	NA	NA	"NNNNNNNNNNTGTCGGCTGCTCCCTCCCAGACATCTGTGTACTTCTGTGCCAGCAATCTATGGGGCGGGGAGCTGTTTTTTGGAGAA"	FALSE	TRUE	NA	NA	NA	NA
"CCAGTGCCCATCCTGAAGACAGCAGCTTCTACATCTGCAGTGCTAGTGAGTGGACTAGCGGACTACAATGAGCAGTTCTTCGGGCCA"	""	"CCAGTGCCCATCCTGAAGACAGCAGCTTCTACATCTGCAGTGCTAGTGAGTGGACTAGCGGACTACAATGAGCAGTTCTTCGGGCCA"	""	"TCRBV2-1*4"	"TCRBD2-1"	"TCRBJ2-1*1"	49	51	61	62	2	1	NA	NA	"CCAGTGCCCATCCTGAAGACAGCAGCTTCTACATCTGCAGTGCTAGTGAGTGGACTAGCGGACTACAATGAGCAGTTCTTCGGGCCA"	FALSE	FALSE	NA	NA	NA	NA
"CTGTTCTCAGAACCGGGAGACACGGCACTGTATCTCTGCGCCACTCCGGGGGGGTCCCCGCAACCCAATGAGCAGTTCTTCGGGCCA"	"CATPGGSPQPNEQFF"	"CTGTTCTCAGAACCGGGAGACACGGCACTGTATCTCTGCGCCACTCCGGGGGGGTCCCCGCAACCCAATGAGCAGTTCTTCGGGCCA"	"CATPGGSPQPNEQFF"	"TCRBV23-1*1"	"TCRBD2-1*1"	"TCRBJ2-1*1"	43	46	54	65	3	11	NA	NA	"CTGTTCTCAGAACCGGGAGACACGGCACTGTATCTCTGCGCCACTCCGGGGGGGTCCCCGCAACCCAATGAGCAGTTCTTCGGGCCA"	FALSE	TRUE	NA	NA	NA	NA
"ATCCTGGAGTCGCCCAGCCCCAACCAGACCTCTCTGTACTTCTGTGCCAGCAGGACGGACAGGGGGACTGAAGCTTTCTTTGGACAA"	"CASRTDRGTEAFF"	"ATCCTGGAGTCGCCCAGCCCCAACCAGACCTCTCTGTACTTCTGTGCCAGCAGGACGGACAGGGGGACTGAAGCTTTCTTTGGACAA"	"CASRTDRGTEAFF"	"TCRBV27-1*1"	"TCRBD1-1*1"	"TCRBJ1-1*1"	53	56	-1	66	3	67	NA	NA	"ATCCTGGAGTCGCCCAGCCCCAACCAGACCTCTCTGTACTTCTGTGCCAGCAGGACGGACAGGGGGACTGAAGCTTTCTTTGGACAA"	FALSE	TRUE	NA	NA	NA	NA
"GCCTTGGAGCTGGACGACTCGGCCCTGTATCTCTGTGCCAGCAGCCGGGAGGGCAGCAGGGGCACAGATACGCAGTATTTTGGCCCA"	"CASSREGSRGTDTQYF"	"GCCTTGGAGCTGGACGACTCGGCCCTGTATCTCTGTGCCAGCAGCCGGGAGGGCAGCAGGGGCACAGATACGCAGTATTTTGGCCCA"	"CASSREGSRGTDTQYF"	"TCRBV5-4*1"	"TCRBD2-1*2"	"TCRBJ2-3*1"	-1	45	53	61	46	8	NA	NA	"GCCTTGGAGCTGGACGACTCGGCCCTGTATCTCTGTGCCAGCAGCCGGGAGGGCAGCAGGGGCACAGATACGCAGTATTTTGGCCCA"	FALSE	TRUE	NA	NA	NA	NA
"CTGGAGTCCGCTACCAGCTCCCAGACATCTGTGTACTTCTGTGCCATCAGGTTGGACAGGGCTGGAAACACCATATATTTTGGAGAG"	"CAIRLDRAGNTIYF"	"CTGGAGTCCGCTACCAGCTCCCAGACATCTGTGTACTTCTGTGCCATCAGGTTGGACAGGGCTGGAAACACCATATATTTTGGAGAG"	"CAIRLDRAGNTIYF"	"TCRBV1-3*1"	"TCRBD1-1*1"	"TCRBJ1-3*1"	50	53	-1	61	3	62	NA	NA	"CTGGAGTCCGCTACCAGCTCCCAGACATCTGTGTACTTCTGTGCCATCAGGTTGGACAGGGCTGGAAACACCATATATTTTGGAGAG"	FALSE	TRUE	NA	NA	NA	NA
"ACTGTGAGCAACATGAGCCCTGAAGACAGCAGCATATATCTCTGCAGCGTTGCCGCAGGGACGAACACTGAAGCTTTCTTTGGACAA"	"CSVAAGTNTEAFF"	"ACTGTGAGCAACATGAGCCCTGAAGACAGCAGCATATATCTCTGCAGCGTTGCCGCAGGGACGAACACTGAAGCTTTCTTTGGACAA"	"CSVAAGTNTEAFF"	"TCRBV29-1"	NA	"TCRBJ1-1*1"	52	57	-1	62	5	63	NA	NA	"ACTGTGAGCAACATGAGCCCTGAAGACAGCAGCATATATCTCTGCAGCGTTGCCGCAGGGACGAACACTGAAGCTTTCTTTGGACAA"	FALSE	TRUE	NA	NA	NA	NA
"GTGAACGCCTTGGAGCTGGACGACTCGGCCCTGTATCTCTGTGCCAGCAGCTTGGGCAGTAGGACAGATACGCAGTATTTTGGCCCA"	"CASSLGSRTDTQYF"	"GTGAACGCCTTGGAGCTGGACGACTCGGCCCTGTATCTCTGTGCCAGCAGCTTGGGCAGTAGGACAGATACGCAGTATTTTGGCCCA"	"CASSLGSRTDTQYF"	"TCRBV5-4*1"	NA	"TCRBJ2-3*1"	55	56	59	63	1	4	NA	NA	"GTGAACGCCTTGGAGCTGGACGACTCGGCCCTGTATCTCTGTGCCAGCAGCTTGGGCAGTAGGACAGATACGCAGTATTTTGGCCCA"	FALSE	TRUE	NA	NA	NA	NA
"NTGTCGGCTGCTCCCTCCCAAACATCTGTGTACTTCTGTGCCAGCAGTTCCTTTCGGGCAGTTAATCAGCCCCAGCATTTTGGTGAT"	"CASSSFRAVNQPQHF"	"NTGTCGGCTGCTCCCTCCCAAACATCTGTGTACTTCTGTGCCAGCAGTTCCTTTCGGGCAGTTAATCAGCCCCAGCATTTTGGTGAT"	"CASSSFRAVNQPQHF"	"TCRBV6-2/6-3*1"	NA	"TCRBJ1-5*1"	49	55	59	63	6	4	NA	NA	"NTGTCGGCTGCTCCCTCCCAAACATCTGTGTACTTCTGTGCCAGCAGTTCCTTTCGGGCAGTTAATCAGCCCCAGCATTTTGGTGAT"	FALSE	TRUE	NA	NA	NA	NA
"AGGATTCTGGAGTTTATTTCTGTGCCAGAGATATGACTAGCGGGACCCTACACAAAGGTTCTGGTGTACGAGCAGTACTTCGGGCCG"	""	"AGGATTCTGGAGTTTATTTCTGTGCCAGAGATATGACTAGCGGGACCCTACACAAAGGTTCTGGTGTACGAGCAGTACTTCGGGCCG"	""	"TCRBV14-1*1"	"TCRBD2-1*2"	"TCRBJ2-7*1"	28	34	45	66	6	21	NA	NA	"AGGATTCTGGAGTTTATTTCTGTGCCAGAGATATGACTAGCGGGACCCTACACAAAGGTTCTGGTGTACGAGCAGTACTTCGGGCCG"	FALSE	FALSE	NA	NA	NA	NA
"ACAGTGACCAGTGCCCATCCTGAAGACAGCAGCTTCTACATCTGCAGTGCTAGGAAGACCGGGGCAGATACGCAGTATTTTGGCCCA"	"CSARKTGADTQYF"	"ACAGTGACCAGTGCCCATCCTGAAGACAGCAGCTTCTACATCTGCAGTGCTAGGAAGACCGGGGCAGATACGCAGTATTTTGGCCCA"	"CSARKTGADTQYF"	NA	"TCRBD2-1*1"	"TCRBJ2-3*1"	53	59	-1	64	6	65	NA	NA	"ACAGTGACCAGTGCCCATCCTGAAGACAGCAGCTTCTACATCTGCAGTGCTAGGAAGACCGGGGCAGATACGCAGTATTTTGGCCCA"	FALSE	TRUE	NA	NA	NA	NA
"ATTCAGCGCACAGAGCAGGAGGACTCGGCCGTGTATCTCTGTGCCAGCAGCTTATCCGGGGGTGGATACGAGCAGTACTTCGGGCCG"	"CASSLSGGGYEQYF"	"ATTCAGCGCACAGAGCAGGAGGACTCGGCCGTGTATCTCTGTGCCAGCAGCTTATCCGGGGGTGGATACGAGCAGTACTTCGGGCCG"	"CASSLSGGGYEQYF"	"TCRBV7-2"	"TCRBD2-1*1"	"TCRBJ2-7*1"	54	56	62	66	2	4	NA	NA	"ATTCAGCGCACAGAGCAGGAGGACTCGGCCGTGTATCTCTGTGCCAGCAGCTTATCCGGGGGTGGATACGAGCAGTACTTCGGGCCG"	FALSE	TRUE	NA	NA	NA	NA
"AACCTGAGCTCTCTGGAGCTGGGGGACTCAGCTTTGTATTTCTGTGCCAGCAGCGTAGGACCTCACAATGAGCAGTTCTTCGGGCCA"	"CASSVGPHNEQFF"	"AACCTGAGCTCTCTGGAGCTGGGGGACTCAGCTTTGTATTTCTGTGCCAGCAGCGTAGGACCTCACAATGAGCAGTTCTTCGGGCCA"	"CASSVGPHNEQFF"	"TCRBV9-1*1"	NA	"TCRBJ2-1*1"	-1	58	61	64	59	3	NA	NA	"AACCTGAGCTCTCTGGAGCTGGGGGACTCAGCTTTGTATTTCTGTGCCAGCAGCGTAGGACCTCACAATGAGCAGTTCTTCGGGCCA"	FALSE	TRUE	NA	NA	NA	NA
"AGCTTGAGGACTCGGCCGTGTATCTCTGTGCCACCGCGGACTAGCGGGAGTATCGGTCAGAGCACCGGGGAGCTGTTTTTTGGAGAA"	""	"AGCTTGAGGACTCGGCCGTGTATCTCTGTGCCACCGCGGACTAGCGGGAGTATCGGTCAGAGCACCGGGGAGCTGTTTTTTGGAGAA"	""	"TCRBV11-2"	"TCRBD2-1*2"	"TCRBJ2-2*1"	33	37	50	62	4	12	NA	NA	"AGCTTGAGGACTCGGCCGTGTATCTCTGTGCCACCGCGGACTAGCGGGAGTATCGGTCAGAGCACCGGGGAGCTGTTTTTTGGAGAA"	FALSE	FALSE	NA	NA	NA	NA
"CTGGAGTTTATTTCTGTGCCAGCAGCCAAAGTCCTCATAGACCAAGGACCAAACCCCCTGCCATGATACGAGCAGTACTTCGGGCCG"	""	"CTGGAGTTTATTTCTGTGCCAGCAGCCAAAGTCCTCATAGACCAAGGACCAAACCCCCTGCCATGATACGAGCAGTACTTCGGGCCG"	""	"TCRBV14-1*1"	NA	"TCRBJ2-7*1"	29	45	49	66	16	17	NA	NA	"CTGGAGTTTATTTCTGTGCCAGCAGCCAAAGTCCTCATAGACCAAGGACCAAACCCCCTGCCATGATACGAGCAGTACTTCGGGCCG"	FALSE	FALSE	NA	NA	NA	NA
"ATCCTGGAGTCGCCCAGCCCCAACCAGACCTCTCTGTACTTCTGTGCCAGCAGTTTAACAGGGAGGCATGGCTACACCTTCGGTTCG"	"CASSLTGRHGYTF"	"ATCCTGGAGTCGCCCAGCCCCAACCAGACCTCTCTGTACTTCTGTGCCAGCAGTTTAACAGGGAGGCATGGCTACACCTTCGGTTCG"	"CASSLTGRHGYTF"	"TCRBV27-1*1"	NA	"TCRBJ1-2*1"	-1	57	63	67	58	4	NA	NA	"ATCCTGGAGTCGCCCAGCCCCAACCAGACCTCTCTGTACTTCTGTGCCAGCAGTTTAACAGGGAGGCATGGCTACACCTTCGGTTCG"	FALSE	TRUE	NA	NA	NA	NA
"GCCTTGGAGCTGGACGACTCGGCCCTGTATCTCTGTGCCAGCAGCTTTGACAGGGGGAGGAGTATGGACGGCTACACCTTCGGTTCG"	"CASSFDRGRSMDGYTF"	"GCCTTGGAGCTGGACGACTCGGCCCTGTATCTCTGTGCCAGCAGCTTTGACAGGGGGAGGAGTATGGACGGCTACACCTTCGGTTCG"	"CASSFDRGRSMDGYTF"	"TCRBV5-4*1"	"TCRBD1-1*1"	"TCRBJ1-2*1"	47	48	57	69	1	12	NA	NA	"GCCTTGGAGCTGGACGACTCGGCCCTGTATCTCTGTGCCAGCAGCTTTGACAGGGGGAGGAGTATGGACGGCTACACCTTCGGTTCG"	FALSE	TRUE	NA	NA	NA	NA
"GAGTCCGCTACCAGCTCCCAGACATCTGTGTACTTCTGTGCCATCAGTGAGGGGACTTCGGACACCGGGGAGCTGTTTTTTGGAGAA"	"CAISEGTSDTGELFF"	"GAGTCCGCTACCAGCTCCCAGACATCTGTGTACTTCTGTGCCATCAGTGAGGGGACTTCGGACACCGGGGAGCTGTTTTTTGGAGAA"	"CAISEGTSDTGELFF"	"TCRBV1-3*1"	"TCRBD2-1"	"TCRBJ2-2*1"	-1	51	57	61	52	4	NA	NA	"GAGTCCGCTACCAGCTCCCAGACATCTGTGTACTTCTGTGCCATCAGTGAGGGGACTTCGGACACCGGGGAGCTGTTTTTTGGAGAA"	FALSE	TRUE	NA	NA	NA	NA
"GACATCGGCCCAAAAGAACCCGACAGCTTTCTATCTCTGTGCCAGTAGTATGGGTAGGGACTCCACACTGAAGCTTTCTTTGGACAA"	""	"GACATCGGCCCAAAAGAACCCGACAGCTTTCTATCTCTGTGCCAGTAGTATGGGTAGGGACTCCACACTGAAGCTTTCTTTGGACAA"	""	"TCRBV19-1*1"	"TCRBD2-1"	"TCRBJ1-1*1"	51	56	62	64	5	2	NA	NA	"GACATCGGCCCAAAAGAACCCGACAGCTTTCTATCTCTGTGCCAGTAGTATGGGTAGGGACTCCACACTGAAGCTTTCTTTGGACAA"	FALSE	FALSE	NA	NA	NA	NA
"ACAGTGACCAGTGCCCATCCTGAAGACAGCAGCTTCTACATCTGCAGTGCTAGCGGACAGGTCGGAACTGAAGCTTTCTTTGGACAA"	"CSASGQVGTEAFF"	"ACAGTGACCAGTGCCCATCCTGAAGACAGCAGCTTCTACATCTGCAGTGCTAGCGGACAGGTCGGAACTGAAGCTTTCTTTGGACAA"	"CSASGQVGTEAFF"	NA	"TCRBD1-1*1"	"TCRBJ1-1*1"	53	54	61	66	1	5	NA	NA	"ACAGTGACCAGTGCCCATCCTGAAGACAGCAGCTTCTACATCTGCAGTGCTAGCGGACAGGTCGGAACTGAAGCTTTCTTTGGACAA"	FALSE	TRUE	NA	NA	NA	NA
"GAGTCGCCCAGCCCCAACCAGACCTCTCTGTACTTCTGTGCCAGCAGTTTAGTCGGGGACACCACCTACGAGCAGTACTTCGGGCCG"	"CASSLVGDTTYEQYF"	"GAGTCGCCCAGCCCCAACCAGACCTCTCTGTACTTCTGTGCCAGCAGTTTAGTCGGGGACACCACCTACGAGCAGTACTTCGGGCCG"	"CASSLVGDTTYEQYF"	"TCRBV27-1*1"	"TCRBD1-1*1"	"TCRBJ2-7*1"	51	55	61	64	4	3	NA	NA	"GAGTCGCCCAGCCCCAACCAGACCTCTCTGTACTTCTGTGCCAGCAGTTTAGTCGGGGACACCACCTACGAGCAGTACTTCGGGCCG"	FALSE	TRUE	NA	NA	NA	NA
"TCGGCTGCTCCCTCCCAGACATCTGTGTACTTCTGTGCCAGCAGTCGTGAGTCCTCGAGGGTCACAGATACGCAGTATTTTGGCCCA"	"CASSRESSRVTDTQYF"	"TCGGCTGCTCCCTCCCAGACATCTGTGTACTTCTGTGCCAGCAGTCGTGAGTCCTCGAGGGTCACAGATACGCAGTATTTTGGCCCA"	"CASSRESSRVTDTQYF"	NA	"TCRBD2-1*2"	"TCRBJ2-3*1"	45	56	61	62	11	1	NA	NA	"TCGGCTGCTCCCTCCCAGACATCTGTGTACTTCTGTGCCAGCAGTCGTGAGTCCTCGAGGGTCACAGATACGCAGTATTTTGGCCCA"	FALSE	TRUE	NA	NA	NA	NA
"TCGCCCAGCCCCAACCAGACCTCTCTGTACTTCTGTGCCAGCAGTACCACAGGGGCTCCTAGCACAGATACGCAGTATTTTGGCCCA"	"CASSTTGAPSTDTQYF"	"TCGCCCAGCCCCAACCAGACCTCTCTGTACTTCTGTGCCAGCAGTACCACAGGGGCTCCTAGCACAGATACGCAGTATTTTGGCCCA"	"CASSTTGAPSTDTQYF"	"TCRBV27-1*1"	"TCRBD1-1*1"	"TCRBJ2-3*1"	45	48	55	60	3	5	NA	NA	"TCGCCCAGCCCCAACCAGACCTCTCTGTACTTCTGTGCCAGCAGTACCACAGGGGCTCCTAGCACAGATACGCAGTATTTTGGCCCA"	FALSE	TRUE	NA	NA	NA	NA
"NTGTCGGCTGCTCCCTCCCAGACATCTGTGTACTTCTGTGCCAGCAGAATAGGGACAGGGGGCGTTTATGGCTACACCTTCGGTTCG"	"CASRIGTGGVYGYTF"	"NTGTCGGCTGCTCCCTCCCAGACATCTGTGTACTTCTGTGCCAGCAGAATAGGGACAGGGGGCGTTTATGGCTACACCTTCGGTTCG"	"CASRIGTGGVYGYTF"	"TCRBV6-5*1"	"TCRBD1-1*1"	"TCRBJ1-2*1"	47	51	63	66	4	3	NA	NA	"NTGTCGGCTGCTCCCTCCCAGACATCTGTGTACTTCTGTGCCAGCAGAATAGGGACAGGGGGCGTTTATGGCTACACCTTCGGTTCG"	FALSE	TRUE	NA	NA	NA	NA
"GTGAGCAACATGAGCCCTGAAGACAGCAGCATATATCTCTGCAGCGCGGGACTAGCGGGAGGGGCGGATACGCAGTATTTTGGCCCA"	"CSAGLAGGADTQYF"	"GTGAGCAACATGAGCCCTGAAGACAGCAGCATATATCTCTGCAGCGCGGGACTAGCGGGAGGGGCGGATACGCAGTATTTTGGCCCA"	"CSAGLAGGADTQYF"	"TCRBV29-1*3"	"TCRBD2-1*2"	"TCRBJ2-3*1"	-1	50	63	66	51	3	NA	NA	"GTGAGCAACATGAGCCCTGAAGACAGCAGCATATATCTCTGCAGCGCGGGACTAGCGGGAGGGGCGGATACGCAGTATTTTGGCCCA"	FALSE	TRUE	NA	NA	NA	NA
"CTGACTGTGAGCAACATGAGCCCTGAAGACAGCAGCATATATCTCTGCAGCGTTAGGCTAGCGGGTGAGACCCAGTACTTCGGGCCA"	"CSVRLAGETQYF"	"CTGACTGTGAGCAACATGAGCCCTGAAGACAGCAGCATATATCTCTGCAGCGTTAGGCTAGCGGGTGAGACCCAGTACTTCGGGCCA"	"CSVRLAGETQYF"	"TCRBV29-1"	"TCRBD2-1"	"TCRBJ2-5*1"	54	57	65	66	3	1	NA	NA	"CTGACTGTGAGCAACATGAGCCCTGAAGACAGCAGCATATATCTCTGCAGCGTTAGGCTAGCGGGTGAGACCCAGTACTTCGGGCCA"	FALSE	TRUE	NA	NA	NA	NA
"GAGCTGGGGGACTCGGCCCTTTATCTTTGCGCCAGCAGCTTGGCATCGGGACAGGGGGTTCGCACAGATACGCAGTATTTTGGCCCA"	"CASSLASGQGVRTDTQYF"	"GAGCTGGGGGACTCGGCCCTTTATCTTTGCGCCAGCAGCTTGGCATCGGGACAGGGGGTTCGCACAGATACGCAGTATTTTGGCCCA"	"CASSLASGQGVRTDTQYF"	"TCRBV5-1*1"	"TCRBD1-1*1"	"TCRBJ2-3*1"	43	47	58	61	4	3	NA	NA	"GAGCTGGGGGACTCGGCCCTTTATCTTTGCGCCAGCAGCTTGGCATCGGGACAGGGGGTTCGCACAGATACGCAGTATTTTGGCCCA"	FALSE	TRUE	NA	NA	NA	NA
"CTGGAGTCCGCCAGCACCAACCAGACATCTATGTACCTCTGTGCCAGCAGTTTTGGTCAGGGGCGCGAAAAACTGTTTTTTGGCAGT"	"CASSFGQGREKLFF"	"CTGGAGTCCGCCAGCACCAACCAGACATCTATGTACCTCTGTGCCAGCAGTTTTGGTCAGGGGCGCGAAAAACTGTTTTTTGGCAGT"	"CASSFGQGREKLFF"	"TCRBV28-1*1"	"TCRBD1-1*1"	"TCRBJ1-4*1"	53	57	63	66	4	3	NA	NA	"CTGGAGTCCGCCAGCACCAACCAGACATCTATGTACCTCTGTGCCAGCAGTTTTGGTCAGGGGCGCGAAAAACTGTTTTTTGGCAGT"	FALSE	TRUE	NA	NA	NA	NA
"TCTGACAGTGACCAGTGCCCATCCTGAAGACAGCAGCTTCTACATCTGCAGTGCTCTGCCGGACTCTACGAGCAGTACTTCGGGCCG"	""	"TCTGACAGTGACCAGTGCCCATCCTGAAGACAGCAGCTTCTACATCTGCAGTGCTCTGCCGGACTCTACGAGCAGTACTTCGGGCCG"	""	NA	"TCRBD2-1"	"TCRBJ2-7*1"	55	60	-1	65	5	66	NA	NA	"TCTGACAGTGACCAGTGCCCATCCTGAAGACAGCAGCTTCTACATCTGCAGTGCTCTGCCGGACTCTACGAGCAGTACTTCGGGCCG"	FALSE	FALSE	NA	NA	NA	NA
"TCCCTAGAGTCTGCCATCCCCAACCAGACAGCTCTTTACTTCTGTGCCGTAGACAGAGACCCCTACAATGAGCAGTTCTTCGGGCCA"	"CAVDRDPYNEQFF"	"TCCCTAGAGTCTGCCATCCCCAACCAGACAGCTCTTTACTTCTGTGCCGTAGACAGAGACCCCTACAATGAGCAGTTCTTCGGGCCA"	"CAVDRDPYNEQFF"	"TCRBV24-1*1"	"TCRBD1-1*1"	"TCRBJ2-1*1"	48	51	56	61	3	5	NA	NA	"TCCCTAGAGTCTGCCATCCCCAACCAGACAGCTCTTTACTTCTGTGCCGTAGACAGAGACCCCTACAATGAGCAGTTCTTCGGGCCA"	FALSE	TRUE	NA	NA	NA	NA
"ACAGTGACCAGTGCCCATCCTGAAGACAGCAGCTTCTACATCTGCAGTGCTAGAGATCGGGGGCAAGAGACCCAGTACTTCGGGCCA"	"CSARDRGQETQYF"	"ACAGTGACCAGTGCCCATCCTGAAGACAGCAGCTTCTACATCTGCAGTGCTAGAGATCGGGGGCAAGAGACCCAGTACTTCGGGCCA"	"CSARDRGQETQYF"	NA	"TCRBD2-1*1"	"TCRBJ2-5*1"	56	57	-1	63	1	64	NA	NA	"ACAGTGACCAGTGCCCATCCTGAAGACAGCAGCTTCTACATCTGCAGTGCTAGAGATCGGGGGCAAGAGACCCAGTACTTCGGGCCA"	FALSE	TRUE	NA	NA	NA	NA
"NNNNTGTCGGCTGCTCCCTCCCAGACATCTGTGTACTTCTGTGCCAGCAGCCCCGCGGGGGGGAGCACTGAAGCTTTCTTTGGACAA"	"CASSPAGGSTEAFF"	"NNNNTGTCGGCTGCTCCCTCCCAGACATCTGTGTACTTCTGTGCCAGCAGCCCCGCGGGGGGGAGCACTGAAGCTTTCTTTGGACAA"	"CASSPAGGSTEAFF"	"TCRBV6-5*1"	"TCRBD2-1*1"	"TCRBJ1-1*1"	50	54	63	65	4	2	NA	NA	"NNNNTGTCGGCTGCTCCCTCCCAGACATCTGTGTACTTCTGTGCCAGCAGCCCCGCGGGGGGGAGCACTGAAGCTTTCTTTGGACAA"	FALSE	TRUE	NA	NA	NA	NA
"GCTCCCTCCCAGACATCTGTGTACTTCTGTGCCAGCAGGGGACAGGGCGAGTATCGGGAGAGTACAGATACGCAGTATTTTGGCCCA"	"CASRGQGEYRESTDTQYF"	"GCTCCCTCCCAGACATCTGTGTACTTCTGTGCCAGCAGGGGACAGGGCGAGTATCGGGAGAGTACAGATACGCAGTATTTTGGCCCA"	"CASRGQGEYRESTDTQYF"	NA	"TCRBD1-1*1"	"TCRBJ2-3*1"	-1	38	47	63	39	16	NA	NA	"GCTCCCTCCCAGACATCTGTGTACTTCTGTGCCAGCAGGGGACAGGGCGAGTATCGGGAGAGTACAGATACGCAGTATTTTGGCCCA"	FALSE	TRUE	NA	NA	NA	NA
"ATCCAGCGCACAGAGCGGGGGGACTCAGCCGTGTATCTCTGTGCCAGCAGCCCCACAGGGGGCGATCAGCCCCAGCATTTTGGTGAT"	"CASSPTGGDQPQHF"	"ATCCAGCGCACAGAGCGGGGGGACTCAGCCGTGTATCTCTGTGCCAGCAGCCCCACAGGGGGCGATCAGCCCCAGCATTTTGGTGAT"	"CASSPTGGDQPQHF"	"TCRBV7-3*1"	"TCRBD1-1*1"	"TCRBJ1-5*1"	51	54	63	64	3	1	NA	NA	"ATCCAGCGCACAGAGCGGGGGGACTCAGCCGTGTATCTCTGTGCCAGCAGCCCCACAGGGGGCGATCAGCCCCAGCATTTTGGTGAT"	FALSE	TRUE	NA	NA	NA	NA
"CGCACAGAGCAGGGGGACTCGGCCATGTATCTCTGTGCCAGCAGCTACGGATCCGGGACACAGAATCAGCCCCAGCATTTTGGTGAT"	"CASSYGSGTQNQPQHF"	"CGCACAGAGCAGGGGGACTCGGCCATGTATCTCTGTGCCAGCAGCTACGGATCCGGGACACAGAATCAGCCCCAGCATTTTGGTGAT"	"CASSYGSGTQNQPQHF"	"TCRBV7-9*1"	"TCRBD1-1*1"	"TCRBJ1-5*1"	46	54	60	63	8	3	NA	NA	"CGCACAGAGCAGGGGGACTCGGCCATGTATCTCTGTGCCAGCAGCTACGGATCCGGGACACAGAATCAGCCCCAGCATTTTGGTGAT"	FALSE	TRUE	NA	NA	NA	NA
"GGAGTCTGCCAGGCCCTCACATACCTCTCAGTACCTCTGTGCCAGCAGTGTCCCAGGACGGAAAACTACGAGCAGTACTTCGGGCCG"	""	"GGAGTCTGCCAGGCCCTCACATACCTCTCAGTACCTCTGTGCCAGCAGTGTCCCAGGACGGAAAACTACGAGCAGTACTTCGGGCCG"	""	"TCRBV25-1*1"	NA	"TCRBJ2-7*1"	50	55	59	65	5	6	NA	NA	"GGAGTCTGCCAGGCCCTCACATACCTCTCAGTACCTCTGTGCCAGCAGTGTCCCAGGACGGAAAACTACGAGCAGTACTTCGGGCCG"	FALSE	FALSE	NA	NA	NA	NA
"TGCTGTACCCTCTCAGACATCTGTGTACTTCTGTGCCAGCTTCGTGGGACTAGCGGGAGGGAAACCGGGGAGCTGTTTTTTGGAGAA"	""	"TGCTGTACCCTCTCAGACATCTGTGTACTTCTGTGCCAGCTTCGTGGGACTAGCGGGAGGGAAACCGGGGAGCTGTTTTTTGGAGAA"	""	"TCRBV6-4*1"	"TCRBD2-1*2"	"TCRBJ2-2*1"	40	45	61	63	5	2	NA	NA	"TGCTGTACCCTCTCAGACATCTGTGTACTTCTGTGCCAGCTTCGTGGGACTAGCGGGAGGGAAACCGGGGAGCTGTTTTTTGGAGAA"	FALSE	FALSE	NA	NA	NA	NA
"AGGGGGACTCGGCCGTGTATGTCTGTGCAAGTCGCTAAACGGTCCGAGCTTCATAGGGACTACCAAGAGACCCAGTACTTCGGGCCA"	""	"AGGGGGACTCGGCCGTGTATGTCTGTGCAAGTCGCTAAACGGTCCGAGCTTCATAGGGACTACCAAGAGACCCAGTACTTCGGGCCA"	""	"TCRBV12-2*1"	"TCRBD2-1"	"TCRBJ2-5*1"	36	55	-1	61	19	62	NA	NA	"AGGGGGACTCGGCCGTGTATGTCTGTGCAAGTCGCTAAACGGTCCGAGCTTCATAGGGACTACCAAGAGACCCAGTACTTCGGGCCA"	FALSE	FALSE	NA	NA	NA	NA
"GCCCAGCCCCAACCAGACCTCTCTGTACTTCTGTGCCAGCAGAATGGGACTAGCGGAGAGGTAGGAGAGACCCAGTACTTCGGGCCA"	""	"GCCCAGCCCCAACCAGACCTCTCTGTACTTCTGTGCCAGCAGAATGGGACTAGCGGAGAGGTAGGAGAGACCCAGTACTTCGGGCCA"	""	"TCRBV27-1*1"	"TCRBD2-1"	"TCRBJ2-5*1"	42	45	56	65	3	9	NA	NA	"GCCCAGCCCCAACCAGACCTCTCTGTACTTCTGTGCCAGCAGAATGGGACTAGCGGAGAGGTAGGAGAGACCCAGTACTTCGGGCCA"	FALSE	FALSE	NA	NA	NA	NA
"ACCAGTGCCCATCCTGAAGACAGCAGCTTCTACATCTGCAGTGCTCCCGGACCGGCGGGCTACTCCTACGAGCAGTACTTCGGGCCG"	"CSAPGPAGYSYEQYF"	"ACCAGTGCCCATCCTGAAGACAGCAGCTTCTACATCTGCAGTGCTCCCGGACCGGCGGGCTACTCCTACGAGCAGTACTTCGGGCCG"	"CSAPGPAGYSYEQYF"	NA	"TCRBD2-1"	"TCRBJ2-7*1"	45	54	59	62	9	3	NA	NA	"ACCAGTGCCCATCCTGAAGACAGCAGCTTCTACATCTGCAGTGCTCCCGGACCGGCGGGCTACTCCTACGAGCAGTACTTCGGGCCG"	FALSE	TRUE	NA	NA	NA	NA
"AATGTGAACGCCTTGGAGCTGGAGGACTCGGCCCTGTATCTCTGTGCCAGCAGTTTGGATTTATCGGGGGAGCAGTACTTCGGGCCG"	"CASSLDLSGEQYF"	"AATGTGAACGCCTTGGAGCTGGAGGACTCGGCCCTGTATCTCTGTGCCAGCAGTTTGGATTTATCGGGGGAGCAGTACTTCGGGCCG"	"CASSLDLSGEQYF"	"TCRBV5-8*1"	"TCRBD2-1*1"	"TCRBJ2-7*1"	58	64	-1	69	6	70	NA	NA	"AATGTGAACGCCTTGGAGCTGGAGGACTCGGCCCTGTATCTCTGTGCCAGCAGTTTGGATTTATCGGGGGAGCAGTACTTCGGGCCG"	FALSE	TRUE	NA	NA	NA	NA
"TCAGAACCCAGGGACTCAGCTGTGTACTTCTGTGCCAGCAGTCTAAGTCCCGGACAGGGGCTAACCGGGGAGCTGTTTTTTGGAGAA"	"CASSLSPGQGLTGELFF"	"TCAGAACCCAGGGACTCAGCTGTGTACTTCTGTGCCAGCAGTCTAAGTCCCGGACAGGGGCTAACCGGGGAGCTGTTTTTTGGAGAA"	"CASSLSPGQGLTGELFF"	NA	"TCRBD1-1*1"	"TCRBJ2-2*1"	42	51	60	63	9	3	NA	NA	"TCAGAACCCAGGGACTCAGCTGTGTACTTCTGTGCCAGCAGTCTAAGTCCCGGACAGGGGCTAACCGGGGAGCTGTTTTTTGGAGAA"	FALSE	TRUE	NA	NA	NA	NA
"GCCCTCAGAACCCAGGGACTCAGCTGTGTACTTCTGTGCCAGTGAGATTAGCGGGAGTATGACACCGGGGAGCTGTTTTTTGGAGAA"	""	"GCCCTCAGAACCCAGGGACTCAGCTGTGTACTTCTGTGCCAGTGAGATTAGCGGGAGTATGACACCGGGGAGCTGTTTTTTGGAGAA"	""	NA	"TCRBD2-1*2"	"TCRBJ2-2*1"	42	48	57	61	6	4	NA	NA	"GCCCTCAGAACCCAGGGACTCAGCTGTGTACTTCTGTGCCAGTGAGATTAGCGGGAGTATGACACCGGGGAGCTGTTTTTTGGAGAA"	FALSE	FALSE	NA	NA	NA	NA
"CAGCCTGCAGAACTGGAGGATTCTGGAGTTTATTTCTGTGCCAGCAGCTTGTCCGGGAGAAATAATTCACCCCTCCACTTTGGGAAT"	"CASSLSGRNNSPLHF"	"CAGCCTGCAGAACTGGAGGATTCTGGAGTTTATTTCTGTGCCAGCAGCTTGTCCGGGAGAAATAATTCACCCCTCCACTTTGGGAAT"	"CASSLSGRNNSPLHF"	"TCRBV14-1*1"	"TCRBD2-1*2"	"TCRBJ1-6*1"	48	53	59	61	5	2	NA	NA	"CAGCCTGCAGAACTGGAGGATTCTGGAGTTTATTTCTGTGCCAGCAGCTTGTCCGGGAGAAATAATTCACCCCTCCACTTTGGGAAT"	FALSE	TRUE	NA	NA	NA	NA
"NTGAAGATCCAGCCCTCAGAACCCAGGGACTCAGCTGTGTACTTCTGTGCCAGCAGTTTTATCAACACTGAAGCTTTCTTTGGACAA"	"CASSFINTEAFF"	"NTGAAGATCCAGCCCTCAGAACCCAGGGACTCAGCTGTGTACTTCTGTGCCAGCAGTTTTATCAACACTGAAGCTTTCTTTGGACAA"	"CASSFINTEAFF"	"TCRBV12-3/12-4*1"	"TCRBD2-1"	"TCRBJ1-1*1"	-1	59	61	63	60	2	NA	NA	"NTGAAGATCCAGCCCTCAGAACCCAGGGACTCAGCTGTGTACTTCTGTGCCAGCAGTTTTATCAACACTGAAGCTTTCTTTGGACAA"	FALSE	TRUE	NA	NA	NA	NA
"CGCACACAGCAGGAGGACTCCGCCGTGTATCTCTGTGCCAGCAGCAATGAAGCGGGACGTAACACCGGGGAGCTGTTTTTTGGAGAA"	"CASSNEAGRNTGELFF"	"CGCACACAGCAGGAGGACTCCGCCGTGTATCTCTGTGCCAGCAGCAATGAAGCGGGACGTAACACCGGGGAGCTGTTTTTTGGAGAA"	"CASSNEAGRNTGELFF"	"TCRBV7-8"	"TCRBD2-1*2"	"TCRBJ2-2*1"	45	50	57	60	5	3	NA	NA	"CGCACACAGCAGGAGGACTCCGCCGTGTATCTCTGTGCCAGCAGCAATGAAGCGGGACGTAACACCGGGGAGCTGTTTTTTGGAGAA"	FALSE	TRUE	NA	NA	NA	NA
"ATCCAGCAGGTAGTGCGAGGAGATTCGGCAGCTTATTTCTGTGCCAGCTCACCGGAACACAGGCCGTAGACCCAGTACTTCGGGCCA"	"CASSPEHRP*TQYF"	"ATCCAGCAGGTAGTGCGAGGAGATTCGGCAGCTTATTTCTGTGCCAGCTCACCGGAACACAGGCCGTAGACCCAGTACTTCGGGCCA"	"CASSPEHRP*TQYF"	"TCRBV18-1*1"	"TCRBD1-1*1"	"TCRBJ2-5*1"	53	58	63	67	5	4	NA	NA	"ATCCAGCAGGTAGTGCGAGGAGATTCGGCAGCTTATTTCTGTGCCAGCTCACCGGAACACAGGCCGTAGACCCAGTACTTCGGGCCA"	FALSE	TRUE	NA	NA	NA	NA
"CTGGAGTCCGCCAGCACCAACCAGACATCTATGTACCTCTGTGCCAGCAGTCTTCCGACACTTTCCTACGAGCAGTACTTCGGGCCG"	"CASSLPTLSYEQYF"	"CTGGAGTCCGCCAGCACCAACCAGACATCTATGTACCTCTGTGCCAGCAGTCTTCCGACACTTTCCTACGAGCAGTACTTCGGGCCG"	"CASSLPTLSYEQYF"	"TCRBV28-1*1"	"TCRBD1-1*1"	"TCRBJ2-7*1"	51	56	60	63	5	3	NA	NA	"CTGGAGTCCGCCAGCACCAACCAGACATCTATGTACCTCTGTGCCAGCAGTCTTCCGACACTTTCCTACGAGCAGTACTTCGGGCCG"	FALSE	TRUE	NA	NA	NA	NA
"GTGAGCACCTTGGAGCTGGGGGACTCGGCCCTTTATCTTTGCGCCAGCAGCCTATACCGGGAGGAGAATGAGCAGTTCTTCGGGCCA"	"CASSLYREENEQFF"	"GTGAGCACCTTGGAGCTGGGGGACTCGGCCCTTTATCTTTGCGCCAGCAGCCTATACCGGGAGGAGAATGAGCAGTTCTTCGGGCCA"	"CASSLYREENEQFF"	"TCRBV5-1*1"	"TCRBD2-1*2"	"TCRBJ2-1*1"	51	57	64	66	6	2	NA	NA	"GTGAGCACCTTGGAGCTGGGGGACTCGGCCCTTTATCTTTGCGCCAGCAGCCTATACCGGGAGGAGAATGAGCAGTTCTTCGGGCCA"	FALSE	TRUE	NA	NA	NA	NA
"TCAAGATCCAGCCTGCAGAGCTTGGGGACTCGGCCGTGTATCTCTGTGCCAGAGCCTGGTAGTCGTAACATTCAGTACTTCGGCGCC"	""	"TCAAGATCCAGCCTGCAGAGCTTGGGGACTCGGCCGTGTATCTCTGTGCCAGAGCCTGGTAGTCGTAACATTCAGTACTTCGGCGCC"	""	"TCRBV11-3*1"	"TCRBD2-1"	"TCRBJ2-4*1"	52	59	62	66	7	4	NA	NA	"TCAAGATCCAGCCTGCAGAGCTTGGGGACTCGGCCGTGTATCTCTGTGCCAGAGCCTGGTAGTCGTAACATTCAGTACTTCGGCGCC"	FALSE	FALSE	NA	NA	NA	NA
"CAGAGCGGGGGGACTCAGCCGTGTATCTCTGTGCCAGCAGCCGATCGGGACAGGAACGATTCGGACTATGGCTACACCTTCGGTTCG"	""	"CAGAGCGGGGGGACTCAGCCGTGTATCTCTGTGCCAGCAGCCGATCGGGACAGGAACGATTCGGACTATGGCTACACCTTCGGTTCG"	""	"TCRBV7-3*1"	"TCRBD1-1*1"	"TCRBJ1-2*1"	41	46	54	64	5	10	NA	NA	"CAGAGCGGGGGGACTCAGCCGTGTATCTCTGTGCCAGCAGCCGATCGGGACAGGAACGATTCGGACTATGGCTACACCTTCGGTTCG"	FALSE	FALSE	NA	NA	NA	NA
"CTGGAGTCCGCCAGCACCAACCAGACATCTATGTACCTCTGTGCCAGCAGTTTGACAGCTCCCAGCTATGGCTACACCTTCGGTTCG"	"CASSLTAPSYGYTF"	"CTGGAGTCCGCCAGCACCAACCAGACATCTATGTACCTCTGTGCCAGCAGTTTGACAGCTCCCAGCTATGGCTACACCTTCGGTTCG"	"CASSLTAPSYGYTF"	"TCRBV28-1*1"	"TCRBD1-1*1"	"TCRBJ1-2*1"	-1	53	58	65	54	7	NA	NA	"CTGGAGTCCGCCAGCACCAACCAGACATCTATGTACCTCTGTGCCAGCAGTTTGACAGCTCCCAGCTATGGCTACACCTTCGGTTCG"	FALSE	TRUE	NA	NA	NA	NA
"GAGTCAGGGGACACAGCACTGTATTTCTGTGCCAGCAGCGGTCGCAAACCCCCCCCCAGCGTAACCTACGAGCAGTACTTCGGGCCG"	"CASSGRKPPPSVTYEQYF"	"GAGTCAGGGGACACAGCACTGTATTTCTGTGCCAGCAGCGGTCGCAAACCCCCCCCCAGCGTAACCTACGAGCAGTACTTCGGGCCG"	"CASSGRKPPPSVTYEQYF"	"TCRBV21-1*1"	"TCRBD2-1"	"TCRBJ2-7*1"	39	57	61	64	18	3	NA	NA	"GAGTCAGGGGACACAGCACTGTATTTCTGTGCCAGCAGCGGTCGCAAACCCCCCCCCAGCGTAACCTACGAGCAGTACTTCGGGCCG"	FALSE	TRUE	NA	NA	NA	NA
"CAGGAGGACTCCGCCGTGTATCTCTGTGCCAGCAGCTTAGAATCTAGCGGGAGGGCCGGGCCTTGAGATACGCAGTATTTTGGCCCA"	"CASSLESSGRAGP*DTQYF"	"CAGGAGGACTCCGCCGTGTATCTCTGTGCCAGCAGCTTAGAATCTAGCGGGAGGGCCGGGCCTTGAGATACGCAGTATTTTGGCCCA"	"CASSLESSGRAGP*DTQYF"	"TCRBV7-8*1"	"TCRBD2-1*2"	"TCRBJ2-3*1"	40	43	55	65	3	10	NA	NA	"CAGGAGGACTCCGCCGTGTATCTCTGTGCCAGCAGCTTAGAATCTAGCGGGAGGGCCGGGCCTTGAGATACGCAGTATTTTGGCCCA"	FALSE	TRUE	NA	NA	NA	NA
"CGCACAGAGCAGGAGGACTCGGCCGTGTATCTCTGTGCCAGCAGCCCCCGCTGGGGGCCCGGCAGGAATGAGCAGTTCTTCGGGCCA"	"CASSPRWGPGRNEQFF"	"CGCACAGAGCAGGAGGACTCGGCCGTGTATCTCTGTGCCAGCAGCCCCCGCTGGGGGCCCGGCAGGAATGAGCAGTTCTTCGGGCCA"	"CASSPRWGPGRNEQFF"	"TCRBV7-2"	"TCRBD1-1*1"	"TCRBJ2-1*1"	45	52	58	66	7	8	NA	NA	"CGCACAGAGCAGGAGGACTCGGCCGTGTATCTCTGTGCCAGCAGCCCCCGCTGGGGGCCCGGCAGGAATGAGCAGTTCTTCGGGCCA"	FALSE	TRUE	NA	NA	NA	NA
"CAGCCCTCAGAACCCAGGGACTCAGCTGTGTACTTCTGTGCCAGCAGTTCCGGACAGTCACTACAAGAGACCCAGTACTTCGGGCCA"	"CASSSGQSLQETQYF"	"CAGCCCTCAGAACCCAGGGACTCAGCTGTGTACTTCTGTGCCAGCAGTTCCGGACAGTCACTACAAGAGACCCAGTACTTCGGGCCA"	"CASSSGQSLQETQYF"	NA	"TCRBD1-1*1"	"TCRBJ2-5*1"	49	51	57	63	2	6	NA	NA	"CAGCCCTCAGAACCCAGGGACTCAGCTGTGTACTTCTGTGCCAGCAGTTCCGGACAGTCACTACAAGAGACCCAGTACTTCGGGCCA"	FALSE	TRUE	NA	NA	NA	NA
"ATCCGGTCCACAAAGCTGGAGGACTCAGCCATGTACTTCTGTGCCACCAGGGGCCCGGGACCAGTAGACGAGCAGTACTTCGGGCCG"	"CATRGPGPVDEQYF"	"ATCCGGTCCACAAAGCTGGAGGACTCAGCCATGTACTTCTGTGCCACCAGGGGCCCGGGACCAGTAGACGAGCAGTACTTCGGGCCG"	"CATRGPGPVDEQYF"	"TCRBV2-1"	NA	"TCRBJ2-7*1"	50	56	61	67	6	6	NA	NA	"ATCCGGTCCACAAAGCTGGAGGACTCAGCCATGTACTTCTGTGCCACCAGGGGCCCGGGACCAGTAGACGAGCAGTACTTCGGGCCG"	FALSE	TRUE	NA	NA	NA	NA
"GAGTCTGCCATCCCCAACCAGACAGCTCTTTACTTCTGTGCCACCAGTGAGAACACAGGGGGCAATCAGCCCCAGCATTTTGGTGAT"	"CATSENTGGNQPQHF"	"GAGTCTGCCATCCCCAACCAGACAGCTCTTTACTTCTGTGCCACCAGTGAGAACACAGGGGGCAATCAGCCCCAGCATTTTGGTGAT"	"CATSENTGGNQPQHF"	"TCRBV24-1*1"	"TCRBD1-1*1"	"TCRBJ1-5*1"	50	54	-1	61	4	62	NA	NA	"GAGTCTGCCATCCCCAACCAGACAGCTCTTTACTTCTGTGCCACCAGTGAGAACACAGGGGGCAATCAGCCCCAGCATTTTGGTGAT"	FALSE	TRUE	NA	NA	NA	NA
"CAGCGCACAGAGCAGGAGGACTCGGCCGTGTATCTCTGTGCCAGCAGCTTAGCGGGACGGGGACGTTATGGCTACACCTTCGGTTCG"	"CASSLAGRGRYGYTF"	"CAGCGCACAGAGCAGGAGGACTCGGCCGTGTATCTCTGTGCCAGCAGCTTAGCGGGACGGGGACGTTATGGCTACACCTTCGGTTCG"	"CASSLAGRGRYGYTF"	"TCRBV7-2"	NA	"TCRBJ1-2*1"	-1	53	58	66	54	8	NA	NA	"CAGCGCACAGAGCAGGAGGACTCGGCCGTGTATCTCTGTGCCAGCAGCTTAGCGGGACGGGGACGTTATGGCTACACCTTCGGTTCG"	FALSE	TRUE	NA	NA	NA	NA
"NTGTCGGCTGCTCCCTCCCAGACATCTGTGTACTTCTGTGCCAGCAGTGCGACTACCTCGGGAAGTAATGAGCAGTTCTTCGGGCCA"	"CASSATTSGSNEQFF"	"NTGTCGGCTGCTCCCTCCCAGACATCTGTGTACTTCTGTGCCAGCAGTGCGACTACCTCGGGAAGTAATGAGCAGTTCTTCGGGCCA"	"CASSATTSGSNEQFF"	NA	"TCRBD2-1"	"TCRBJ2-1*1"	49	50	55	66	1	11	NA	NA	"NTGTCGGCTGCTCCCTCCCAGACATCTGTGTACTTCTGTGCCAGCAGTGCGACTACCTCGGGAAGTAATGAGCAGTTCTTCGGGCCA"	FALSE	TRUE	NA	NA	NA	NA
"ACTCTGACAGTGACCAGTGCCCATCCTGAAGACAGCAGCTTCTACATCTGCAGTGCTAGTTGGGGCTATGGCTACACCTTCGGTTCG"	"CSASWGYGYTF"	"ACTCTGACAGTGACCAGTGCCCATCCTGAAGACAGCAGCTTCTACATCTGCAGTGCTAGTTGGGGCTATGGCTACACCTTCGGTTCG"	"CSASWGYGYTF"	"TCRBV2-1*4"	NA	"TCRBJ1-2*1"	60	61	-1	65	1	66	NA	NA	"ACTCTGACAGTGACCAGTGCCCATCCTGAAGACAGCAGCTTCTACATCTGCAGTGCTAGTTGGGGCTATGGCTACACCTTCGGTTCG"	FALSE	TRUE	NA	NA	NA	NA
"ACCTTGGAGCTGGGGGACTCGGCCCTTTATCTTTGCGCCAGCAGCCTAGGACAGGGGGCGTCTTCAGGCACCATATATTTTGGAGAG"	"CASSLGQGASSGTIYF"	"ACCTTGGAGCTGGGGGACTCGGCCCTTTATCTTTGCGCCAGCAGCCTAGGACAGGGGGCGTCTTCAGGCACCATATATTTTGGAGAG"	"CASSLGQGASSGTIYF"	"TCRBV5-1*1"	"TCRBD1-1*1"	"TCRBJ1-3*1"	45	48	59	68	3	9	NA	NA	"ACCTTGGAGCTGGGGGACTCGGCCCTTTATCTTTGCGCCAGCAGCCTAGGACAGGGGGCGTCTTCAGGCACCATATATTTTGGAGAG"	FALSE	TRUE	NA	NA	NA	NA
"CTGACGATCCAGCGCACAGAGCAGGAGGACTCGGCCGTGTATCTCTGTGCCAGCAGCTTAGGTTACGTCGAGCAGTACTTCGGGCCG"	"CASSLGYVEQYF"	"CTGACGATCCAGCGCACAGAGCAGGAGGACTCGGCCGTGTATCTCTGTGCCAGCAGCTTAGGTTACGTCGAGCAGTACTTCGGGCCG"	"CASSLGYVEQYF"	"TCRBV7-2"	NA	"TCRBJ2-7*1"	61	64	66	68	3	2	NA	NA	"CTGACGATCCAGCGCACAGAGCAGGAGGACTCGGCCGTGTATCTCTGTGCCAGCAGCTTAGGTTACGTCGAGCAGTACTTCGGGCCG"	FALSE	TRUE	NA	NA	NA	NA
"GCCTTGGAGCTGGACGACTCGGCCCTGTATCTCTGTGCCAGCAGCTCATACCGGGACAGGGGGAACAATGAGCAGTTCTTCGGGCCA"	"CASSSYRDRGNNEQFF"	"GCCTTGGAGCTGGACGACTCGGCCCTGTATCTCTGTGCCAGCAGCTCATACCGGGACAGGGGGAACAATGAGCAGTTCTTCGGGCCA"	"CASSSYRDRGNNEQFF"	"TCRBV5-4*1"	"TCRBD1-1*1"	"TCRBJ2-1*1"	46	52	63	64	6	1	NA	NA	"GCCTTGGAGCTGGACGACTCGGCCCTGTATCTCTGTGCCAGCAGCTCATACCGGGACAGGGGGAACAATGAGCAGTTCTTCGGGCCA"	FALSE	TRUE	NA	NA	NA	NA
"NTGTCGGCTGCTCCCTCCCAAACATCTGTGTACTTCTGTGCCAGCAGACAGGGACCTTCGGTAACCGAAAAACTGTTTTTTGGCAGT"	"CASRQGPSVTEKLFF"	"NTGTCGGCTGCTCCCTCCCAAACATCTGTGTACTTCTGTGCCAGCAGACAGGGACCTTCGGTAACCGAAAAACTGTTTTTTGGCAGT"	"CASRQGPSVTEKLFF"	NA	"TCRBD1-1*1"	"TCRBJ1-4*1"	-1	47	53	66	48	13	NA	NA	"NTGTCGGCTGCTCCCTCCCAAACATCTGTGTACTTCTGTGCCAGCAGACAGGGACCTTCGGTAACCGAAAAACTGTTTTTTGGCAGT"	FALSE	TRUE	NA	NA	NA	NA
"TGGAGTCCGCCAGCACCAACCAGACATCTATGTACCTCTGTGCCAGCGCGACCCGTCAGGATGGGGACTGAAGCTTTCTTTGGACAA"	""	"TGGAGTCCGCCAGCACCAACCAGACATCTATGTACCTCTGTGCCAGCGCGACCCGTCAGGATGGGGACTGAAGCTTTCTTTGGACAA"	""	"TCRBV28-1*1"	NA	"TCRBJ1-1*1"	47	56	60	66	9	6	NA	NA	"TGGAGTCCGCCAGCACCAACCAGACATCTATGTACCTCTGTGCCAGCGCGACCCGTCAGGATGGGGACTGAAGCTTTCTTTGGACAA"	FALSE	FALSE	NA	NA	NA	NA
"ATCCAGCCCTCAGAACCCAGGGACTCAGCTGTGTACTTCTGTGCCAGCAGTCCTCCCGGCGGTAACACTGAAGCTTTCTTTGGACAA"	"CASSPPGGNTEAFF"	"ATCCAGCCCTCAGAACCCAGGGACTCAGCTGTGTACTTCTGTGCCAGCAGTCCTCCCGGCGGTAACACTGAAGCTTTCTTTGGACAA"	"CASSPPGGNTEAFF"	NA	"TCRBD2-1"	"TCRBJ1-1*1"	51	58	62	63	7	1	NA	NA	"ATCCAGCCCTCAGAACCCAGGGACTCAGCTGTGTACTTCTGTGCCAGCAGTCCTCCCGGCGGTAACACTGAAGCTTTCTTTGGACAA"	FALSE	TRUE	NA	NA	NA	NA
"AGTTCTAAGAAGCTCCTTCTCAGTGACTCTGGCTTCTATCTCTGTGCCTGGAGCCGACAGTCTAACTATGGCTACACCTTCGGTTCG"	"CAWSRQSNYGYTF"	"AGTTCTAAGAAGCTCCTTCTCAGTGACTCTGGCTTCTATCTCTGTGCCTGGAGCCGACAGTCTAACTATGGCTACACCTTCGGTTCG"	"CAWSRQSNYGYTF"	"TCRBV3-1*1"	"TCRBD1-1*1"	"TCRBJ1-2*1"	53	55	60	61	2	1	NA	NA	"AGTTCTAAGAAGCTCCTTCTCAGTGACTCTGGCTTCTATCTCTGTGCCTGGAGCCGACAGTCTAACTATGGCTACACCTTCGGTTCG"	FALSE	TRUE	NA	NA	NA	NA
"GTGCAGCCTGCAGAACTGGAGGATTCTGGAGTTTATTTCTGTGCCAGCAGTCACAGGGGGCGAGTCGCTGAAGCTTTCTTTGGACAA"	"CASSHRGRVAEAFF"	"GTGCAGCCTGCAGAACTGGAGGATTCTGGAGTTTATTTCTGTGCCAGCAGTCACAGGGGGCGAGTCGCTGAAGCTTTCTTTGGACAA"	"CASSHRGRVAEAFF"	"TCRBV14-1*1"	"TCRBD1-1*1"	"TCRBJ1-1*1"	50	52	61	67	2	6	NA	NA	"GTGCAGCCTGCAGAACTGGAGGATTCTGGAGTTTATTTCTGTGCCAGCAGTCACAGGGGGCGAGTCGCTGAAGCTTTCTTTGGACAA"	FALSE	TRUE	NA	NA	NA	NA
"GTCTGCCAGGCCCTCACATACCTCTCAGTACCTCTGTGCCAGCAGACTCTAGCGGGAGGGCTTTTCTACGAGCAGTACTTCGGGCCG"	""	"GTCTGCCAGGCCCTCACATACCTCTCAGTACCTCTGTGCCAGCAGACTCTAGCGGGAGGGCTTTTCTACGAGCAGTACTTCGGGCCG"	""	"TCRBV25-1*1"	"TCRBD2-1*2"	"TCRBJ2-7*1"	45	48	60	65	3	5	NA	NA	"GTCTGCCAGGCCCTCACATACCTCTCAGTACCTCTGTGCCAGCAGACTCTAGCGGGAGGGCTTTTCTACGAGCAGTACTTCGGGCCG"	FALSE	FALSE	NA	NA	NA	NA
"AATGTGAGCACCTTGGAGCTGGGGGACTCGGCCCTTTATCTTTGCGCCGGTAGGACAGACCTGAACACTGAAGCTTTCTTTGGACAA"	"CAGRTDLNTEAFF"	"AATGTGAGCACCTTGGAGCTGGGGGACTCGGCCCTTTATCTTTGCGCCGGTAGGACAGACCTGAACACTGAAGCTTTCTTTGGACAA"	"CAGRTDLNTEAFF"	"TCRBV5-1*1"	"TCRBD1-1*1"	"TCRBJ1-1*1"	48	52	58	61	4	3	NA	NA	"AATGTGAGCACCTTGGAGCTGGGGGACTCGGCCCTTTATCTTTGCGCCGGTAGGACAGACCTGAACACTGAAGCTTTCTTTGGACAA"	FALSE	TRUE	NA	NA	NA	NA
"GTCTGCTGCCTCCTCCCAGACATCTGTATATTTCTGCGCCAGCAGTGAGTCAAGGACAGGGGGTACTATGGCTACACCTTCGGTTCG"	""	"GTCTGCTGCCTCCTCCCAGACATCTGTATATTTCTGCGCCAGCAGTGAGTCAAGGACAGGGGGTACTATGGCTACACCTTCGGTTCG"	""	"TCRBV1-1"	"TCRBD1-1*1"	"TCRBJ1-2*1"	51	53	63	64	2	1	NA	NA	"GTCTGCTGCCTCCTCCCAGACATCTGTATATTTCTGCGCCAGCAGTGAGTCAAGGACAGGGGGTACTATGGCTACACCTTCGGTTCG"	FALSE	FALSE	NA	NA	NA	NA
"AAGATCCAGCCCTCAGAACCCAGGGACTCAGCTGTGTACTTCTGTGCCAGCAGTTTAGCGGACCCCTACGAGCAGTACTTCGGGCCG"	"CASSLADPYEQYF"	"AAGATCCAGCCCTCAGAACCCAGGGACTCAGCTGTGTACTTCTGTGCCAGCAGTTTAGCGGACCCCTACGAGCAGTACTTCGGGCCG"	"CASSLADPYEQYF"	"TCRBV12-3/12-4*1"	NA	"TCRBJ2-7*1"	-1	59	63	64	60	1	NA	NA	"AAGATCCAGCCCTCAGAACCCAGGGACTCAGCTGTGTACTTCTGTGCCAGCAGTTTAGCGGACCCCTACGAGCAGTACTTCGGGCCG"	FALSE	TRUE	NA	NA	NA	NA
"CTGCTCCCTCCCAGACATCTGTGTACTTCTGTGCCAGCACTCTCCCGGGACAGGACATCTTGCTCCTACGAGCAGTACTTCGGGCCG"	""	"CTGCTCCCTCCCAGACATCTGTGTACTTCTGTGCCAGCACTCTCCCGGGACAGGACATCTTGCTCCTACGAGCAGTACTTCGGGCCG"	""	NA	"TCRBD1-1*1"	"TCRBJ2-7*1"	39	46	54	62	7	8	NA	NA	"CTGCTCCCTCCCAGACATCTGTGTACTTCTGTGCCAGCACTCTCCCGGGACAGGACATCTTGCTCCTACGAGCAGTACTTCGGGCCG"	FALSE	FALSE	NA	NA	NA	NA
"AACCTGAGCTCTCTGGAGCTGGGGGACTCAGCTTTGTATTTCTGTGCCAGCACCGAGGACAACTACAATGAGCAGTTCTTCGGGCCA"	"CASTEDNYNEQFF"	"AACCTGAGCTCTCTGGAGCTGGGGGACTCAGCTTTGTATTTCTGTGCCAGCACCGAGGACAACTACAATGAGCAGTTCTTCGGGCCA"	"CASTEDNYNEQFF"	"TCRBV9-1*1"	"TCRBD1-1*1"	"TCRBJ2-1*1"	52	56	61	62	4	1	NA	NA	"AACCTGAGCTCTCTGGAGCTGGGGGACTCAGCTTTGTATTTCTGTGCCAGCACCGAGGACAACTACAATGAGCAGTTCTTCGGGCCA"	FALSE	TRUE	NA	NA	NA	NA
"ACATCGGCCCAAAAGAACCCGACAGCTTTCTATCTCTGTGCCAGTAGTATATCTCTAGGACGCTCCTACGAGCAGTACTTCGGGCCG"	"CASSISLGRSYEQYF"	"ACATCGGCCCAAAAGAACCCGACAGCTTTCTATCTCTGTGCCAGTAGTATATCTCTAGGACGCTCCTACGAGCAGTACTTCGGGCCG"	"CASSISLGRSYEQYF"	"TCRBV19-1*1"	NA	"TCRBJ2-7*1"	51	57	61	62	6	1	NA	NA	"ACATCGGCCCAAAAGAACCCGACAGCTTTCTATCTCTGTGCCAGTAGTATATCTCTAGGACGCTCCTACGAGCAGTACTTCGGGCCG"	FALSE	TRUE	NA	NA	NA	NA
"AAGATCCAGCCCTCAGAACCCAGGGACTCAGCTGTGTACTTCTGTGCCAGCAGTTTCGAGGGGACCTATGGCTACACCTTCGGTTCG"	"CASSFEGTYGYTF"	"AAGATCCAGCCCTCAGAACCCAGGGACTCAGCTGTGTACTTCTGTGCCAGCAGTTTCGAGGGGACCTATGGCTACACCTTCGGTTCG"	"CASSFEGTYGYTF"	"TCRBV12-3/12-4*1"	NA	"TCRBJ1-2*1"	56	60	-1	65	4	66	NA	NA	"AAGATCCAGCCCTCAGAACCCAGGGACTCAGCTGTGTACTTCTGTGCCAGCAGTTTCGAGGGGACCTATGGCTACACCTTCGGTTCG"	FALSE	TRUE	NA	NA	NA	NA
"TCGGCTGCTCCCTCCCAGACATCTGTGTACTTCTGTGCCAGCAGTGAACTCGGACTAGCGGGAGTCGAAACGCAGTATTTTGGCCCA"	"CASSELGLAGVETQYF"	"TCGGCTGCTCCCTCCCAGACATCTGTGTACTTCTGTGCCAGCAGTGAACTCGGACTAGCGGGAGTCGAAACGCAGTATTTTGGCCCA"	"CASSELGLAGVETQYF"	"TCRBV6-1*1"	"TCRBD2-1*2"	"TCRBJ2-3*1"	48	51	64	69	3	5	NA	NA	"TCGGCTGCTCCCTCCCAGACATCTGTGTACTTCTGTGCCAGCAGTGAACTCGGACTAGCGGGAGTCGAAACGCAGTATTTTGGCCCA"	FALSE	TRUE	NA	NA	NA	NA
"AGCTACCCGCTCCCAGACATCTGTGTATTTCTGCGCCAGCAGTGAGTATCGGAACTAGCCCATTTTGACGAGCAGTACTTCGGGCCG"	""	"AGCTACCCGCTCCCAGACATCTGTGTATTTCTGCGCCAGCAGTGAGTATCGGAACTAGCCCATTTTGACGAGCAGTACTTCGGGCCG"	""	"TCRBV1-2*1"	"TCRBD2-1"	"TCRBJ2-7*1"	47	53	59	67	6	8	NA	NA	"AGCTACCCGCTCCCAGACATCTGTGTATTTCTGCGCCAGCAGTGAGTATCGGAACTAGCCCATTTTGACGAGCAGTACTTCGGGCCG"	FALSE	FALSE	NA	NA	NA	NA
"CAGCGCACAGAGCGGGGGGACTCAGCCGTGTATCTCTGTGCCAGCAGCTCCGGACTAGCGGGAGTCGATGAGCAGTTCTTCGGGCCA"	"CASSSGLAGVDEQFF"	"CAGCGCACAGAGCGGGGGGACTCAGCCGTGTATCTCTGTGCCAGCAGCTCCGGACTAGCGGGAGTCGATGAGCAGTTCTTCGGGCCA"	"CASSSGLAGVDEQFF"	"TCRBV7-3*1"	"TCRBD2-1*2"	"TCRBJ2-1*1"	49	51	64	67	2	3	NA	NA	"CAGCGCACAGAGCGGGGGGACTCAGCCGTGTATCTCTGTGCCAGCAGCTCCGGACTAGCGGGAGTCGATGAGCAGTTCTTCGGGCCA"	FALSE	TRUE	NA	NA	NA	NA
"AGTGCCCATCCTGAAGACAGCAGCTTCTACATCTGCAGTGCTAGAGGTACAGGGAATAGCTGGTTCTCACCCCTCCACTTTGGGAAT"	"CSARGTGNSWFSPLHF"	"AGTGCCCATCCTGAAGACAGCAGCTTCTACATCTGCAGTGCTAGAGGTACAGGGAATAGCTGGTTCTCACCCCTCCACTTTGGGAAT"	"CSARGTGNSWFSPLHF"	NA	"TCRBD1-1*1"	"TCRBJ1-6*1"	46	48	54	66	2	12	NA	NA	"AGTGCCCATCCTGAAGACAGCAGCTTCTACATCTGCAGTGCTAGAGGTACAGGGAATAGCTGGTTCTCACCCCTCCACTTTGGGAAT"	FALSE	TRUE	NA	NA	NA	NA
"ACATCCGCTCACCAGGCCTGGGGGACGCAGCCATGTACCTGTGTGCCACCAGACGGACTAGCCCACAATGAGCAGTTCTTCGGGCCA"	""	"ACATCCGCTCACCAGGCCTGGGGGACGCAGCCATGTACCTGTGTGCCACCAGACGGACTAGCCCACAATGAGCAGTTCTTCGGGCCA"	""	"TCRBV15-1*2"	"TCRBD2-1"	"TCRBJ2-1*1"	52	54	62	64	2	2	NA	NA	"ACATCCGCTCACCAGGCCTGGGGGACGCAGCCATGTACCTGTGTGCCACCAGACGGACTAGCCCACAATGAGCAGTTCTTCGGGCCA"	FALSE	FALSE	NA	NA	NA	NA
"ATCCGCTCACCAGGCCTGGGGGACGCAGCCATGTACCTGTGTGCCACCAGCAGCCCAGGGTTCGGGGAGACCCAGTACTTCGGGCCA"	"CATSSPGFGETQYF"	"ATCCGCTCACCAGGCCTGGGGGACGCAGCCATGTACCTGTGTGCCACCAGCAGCCCAGGGTTCGGGGAGACCCAGTACTTCGGGCCA"	"CATSSPGFGETQYF"	"TCRBV15-1*2"	"TCRBD1-1*1"	"TCRBJ2-5*1"	53	55	60	66	2	6	NA	NA	"ATCCGCTCACCAGGCCTGGGGGACGCAGCCATGTACCTGTGTGCCACCAGCAGCCCAGGGTTCGGGGAGACCCAGTACTTCGGGCCA"	FALSE	TRUE	NA	NA	NA	NA
"TCGGCTGCTCCCTCCCAGACATCTGTGTACTTCTGTGCCAGCAGTGATCCTCAGCGGGACAGGGCTCAGCCCCAGCATTTTGGTGAT"	"CASSDPQRDRAQPQHF"	"TCGGCTGCTCCCTCCCAGACATCTGTGTACTTCTGTGCCAGCAGTGATCCTCAGCGGGACAGGGCTCAGCCCCAGCATTTTGGTGAT"	"CASSDPQRDRAQPQHF"	"TCRBV6-1*1"	"TCRBD1-1*1"	"TCRBJ1-5*1"	47	55	64	65	8	1	NA	NA	"TCGGCTGCTCCCTCCCAGACATCTGTGTACTTCTGTGCCAGCAGTGATCCTCAGCGGGACAGGGCTCAGCCCCAGCATTTTGGTGAT"	FALSE	TRUE	NA	NA	NA	NA
"AGTGCCCATCCTGAAGACAGCAGCTTCTACATCTGCAGTGCTAGAGATCCCCAGGGATACCCCTACAATGAGCAGTTCTTCGGGCCA"	"CSARDPQGYPYNEQFF"	"AGTGCCCATCCTGAAGACAGCAGCTTCTACATCTGCAGTGCTAGAGATCCCCAGGGATACCCCTACAATGAGCAGTTCTTCGGGCCA"	"CSARDPQGYPYNEQFF"	NA	"TCRBD1-1*1"	"TCRBJ2-1*1"	47	51	56	61	4	5	NA	NA	"AGTGCCCATCCTGAAGACAGCAGCTTCTACATCTGCAGTGCTAGAGATCCCCAGGGATACCCCTACAATGAGCAGTTCTTCGGGCCA"	FALSE	TRUE	NA	NA	NA	NA
"CCATCCCCAACCAGACAGCTCTTTACTTCTGTGCCACCAGTGATTGTCCTGAGGAAGCGGGGGAACAATGAGCAGTTCTTCGGGCCA"	""	"CCATCCCCAACCAGACAGCTCTTTACTTCTGTGCCACCAGTGATTGTCCTGAGGAAGCGGGGGAACAATGAGCAGTTCTTCGGGCCA"	""	"TCRBV24-1*1"	"TCRBD2-1*1"	"TCRBJ2-1*1"	45	55	63	64	10	1	NA	NA	"CCATCCCCAACCAGACAGCTCTTTACTTCTGTGCCACCAGTGATTGTCCTGAGGAAGCGGGGGAACAATGAGCAGTTCTTCGGGCCA"	FALSE	FALSE	NA	NA	NA	NA
"GCTGCCTCCTCCCAGACATCTGTATATTTCTGCGCCAGCAGGGGGGCTAGCGGGAGTTAGGTTTAAGAGACCCAGTACTTCGGGCCA"	"CASRGASGS*V*ETQYF"	"GCTGCCTCCTCCCAGACATCTGTATATTTCTGCGCCAGCAGGGGGGCTAGCGGGAGTTAGGTTTAAGAGACCCAGTACTTCGGGCCA"	"CASRGASGS*V*ETQYF"	"TCRBV1-1"	"TCRBD2-1*2"	"TCRBJ2-5*1"	41	46	56	64	5	8	NA	NA	"GCTGCCTCCTCCCAGACATCTGTATATTTCTGCGCCAGCAGGGGGGCTAGCGGGAGTTAGGTTTAAGAGACCCAGTACTTCGGGCCA"	FALSE	TRUE	NA	NA	NA	NA
"AATGTGAACGCCTTGTTGCTGGGGGACTCGGCCCTGTATCTCTGTGCCAGCAGCTTTGGACAGGGGTACGAGCAGTACTTCGGGCCG"	"CASSFGQGYEQYF"	"AATGTGAACGCCTTGTTGCTGGGGGACTCGGCCCTGTATCTCTGTGCCAGCAGCTTTGGACAGGGGTACGAGCAGTACTTCGGGCCG"	"CASSFGQGYEQYF"	"TCRBV5-5*1"	"TCRBD1-1*1"	"TCRBJ2-7*1"	56	57	-1	66	1	67	NA	NA	"AATGTGAACGCCTTGTTGCTGGGGGACTCGGCCCTGTATCTCTGTGCCAGCAGCTTTGGACAGGGGTACGAGCAGTACTTCGGGCCG"	FALSE	TRUE	NA	NA	NA	NA
"NNNNTGTCGGCTGCTCCCTCCCAAACATCTGTGTACTTCTGTGCCAGCAGTTTATCGACAGGGTCTACTGGCTACACCTTCGGTTCG"	"CASSLSTGSTGYTF"	"NNNNTGTCGGCTGCTCCCTCCCAAACATCTGTGTACTTCTGTGCCAGCAGTTTATCGACAGGGTCTACTGGCTACACCTTCGGTTCG"	"CASSLSTGSTGYTF"	"TCRBV6-2/6-3*1"	"TCRBD1-1*1"	"TCRBJ1-2*1"	52	56	63	68	4	5	NA	NA	"NNNNTGTCGGCTGCTCCCTCCCAAACATCTGTGTACTTCTGTGCCAGCAGTTTATCGACAGGGTCTACTGGCTACACCTTCGGTTCG"	FALSE	TRUE	NA	NA	NA	NA
"ACATCAATTCCCTGGAGCTTGGTGACTCTGCTGTGTATTTCTGTGCCAGCAGCCAAGATTAGGAACACTGAAGCTTTCTTTGGACAA"	""	"ACATCAATTCCCTGGAGCTTGGTGACTCTGCTGTGTATTTCTGTGCCAGCAGCCAAGATTAGGAACACTGAAGCTTTCTTTGGACAA"	""	"TCRBV3-1/3-2*1"	"TCRBD2-1"	"TCRBJ1-1*1"	58	59	-1	62	1	63	NA	NA	"ACATCAATTCCCTGGAGCTTGGTGACTCTGCTGTGTATTTCTGTGCCAGCAGCCAAGATTAGGAACACTGAAGCTTTCTTTGGACAA"	FALSE	FALSE	NA	NA	NA	NA
"AAGATCCAGCGCACACAGCAGGAGGACTCGGCCGTGTATCTCTGTGCCAGCAGCCATGGGACAACTCACGAGCAGTACTTCGGGCCG"	"CASSHGTTHEQYF"	"AAGATCCAGCGCACACAGCAGGAGGACTCGGCCGTGTATCTCTGTGCCAGCAGCCATGGGACAACTCACGAGCAGTACTTCGGGCCG"	"CASSHGTTHEQYF"	NA	"TCRBD1-1*1"	"TCRBJ2-7*1"	54	57	63	67	3	4	NA	NA	"AAGATCCAGCGCACACAGCAGGAGGACTCGGCCGTGTATCTCTGTGCCAGCAGCCATGGGACAACTCACGAGCAGTACTTCGGGCCG"	FALSE	TRUE	NA	NA	NA	NA
"GTGACCAGTGCCCATCCTGAAGACAGCAGCTTCTACATCTGCAGTGCCTCCGGGACTAGCGGGATCAATGAGCAGTTCTTCGGGCCA"	"CSASGTSGINEQFF"	"GTGACCAGTGCCCATCCTGAAGACAGCAGCTTCTACATCTGCAGTGCCTCCGGGACTAGCGGGATCAATGAGCAGTTCTTCGGGCCA"	"CSASGTSGINEQFF"	NA	"TCRBD2-1*2"	"TCRBJ2-1*1"	47	51	64	65	4	1	NA	NA	"GTGACCAGTGCCCATCCTGAAGACAGCAGCTTCTACATCTGCAGTGCCTCCGGGACTAGCGGGATCAATGAGCAGTTCTTCGGGCCA"	FALSE	TRUE	NA	NA	NA	NA
"GCCCTGCAGCCAGAAGACTCAGCCCTGTATCTCTGCGCCAGCAGCCTAAGGGCGGGAGGTAAGGTAGGTGAGCAGTTCTTCGGGCCA"	"CASSLRAGGKVGEQFF"	"GCCCTGCAGCCAGAAGACTCAGCCCTGTATCTCTGCGCCAGCAGCCTAAGGGCGGGAGGTAAGGTAGGTGAGCAGTTCTTCGGGCCA"	"CASSLRAGGKVGEQFF"	"TCRBV4-1*1"	"TCRBD2-1*2"	"TCRBJ2-1*1"	46	51	59	68	5	9	NA	NA	"GCCCTGCAGCCAGAAGACTCAGCCCTGTATCTCTGCGCCAGCAGCCTAAGGGCGGGAGGTAAGGTAGGTGAGCAGTTCTTCGGGCCA"	FALSE	TRUE	NA	NA	NA	NA
"CTGGAGCTGGGGGACTCAGCTTTGTATTTCTGTGCCAGCAGCGTCGGGACAGAGTCCCCTGGGGCCAACGTCCTGACTTTCGGGGCC"	"CASSVGTESPGANVLTF"	"CTGGAGCTGGGGGACTCAGCTTTGTATTTCTGTGCCAGCAGCGTCGGGACAGAGTCCCCTGGGGCCAACGTCCTGACTTTCGGGGCC"	"CASSVGTESPGANVLTF"	"TCRBV9-1*1"	"TCRBD1-1*1"	"TCRBJ2-6*1"	44	45	52	58	1	6	NA	NA	"CTGGAGCTGGGGGACTCAGCTTTGTATTTCTGTGCCAGCAGCGTCGGGACAGAGTCCCCTGGGGCCAACGTCCTGACTTTCGGGGCC"	FALSE	TRUE	NA	NA	NA	NA
"GTTGGCGTCTGCTGTACCCTCTCAGACATCTGTGTACTTCTGTGCTTAGGCTAGCGGGTGGCCAACAATGAGCAGTTCTTCGGGCCA"	""	"GTTGGCGTCTGCTGTACCCTCTCAGACATCTGTGTACTTCTGTGCTTAGGCTAGCGGGTGGCCAACAATGAGCAGTTCTTCGGGCCA"	""	"TCRBV6-4*1"	"TCRBD2-1"	"TCRBJ2-1*1"	45	50	58	64	5	6	NA	NA	"GTTGGCGTCTGCTGTACCCTCTCAGACATCTGTGTACTTCTGTGCTTAGGCTAGCGGGTGGCCAACAATGAGCAGTTCTTCGGGCCA"	FALSE	FALSE	NA	NA	NA	NA
"CTTGAGGACTCGGCCGTGTATCTCTGTGCCAGCAGCTTAGATTTTGTGACAGGGGGCCTGGGGGACTACGAGCAGTACTTCGGGCCG"	"CASSLDFVTGGLGDYEQYF"	"CTTGAGGACTCGGCCGTGTATCTCTGTGCCAGCAGCTTAGATTTTGTGACAGGGGGCCTGGGGGACTACGAGCAGTACTTCGGGCCG"	"CASSLDFVTGGLGDYEQYF"	"TCRBV11-2"	"TCRBD1-1*1"	"TCRBJ2-7*1"	41	47	57	65	6	8	NA	NA	"CTTGAGGACTCGGCCGTGTATCTCTGTGCCAGCAGCTTAGATTTTGTGACAGGGGGCCTGGGGGACTACGAGCAGTACTTCGGGCCG"	FALSE	TRUE	NA	NA	NA	NA
"GAGTCGCCCAGCCCCAACCAGACCTCTCTGTACTTCTGTGCCAGCAGTGTTGGGACTAGCGGGACAGATACGCAGTATTTTGGCCCA"	"CASSVGTSGTDTQYF"	"GAGTCGCCCAGCCCCAACCAGACCTCTCTGTACTTCTGTGCCAGCAGTGTTGGGACTAGCGGGACAGATACGCAGTATTTTGGCCCA"	"CASSVGTSGTDTQYF"	"TCRBV27-1*1"	"TCRBD2-1"	"TCRBJ2-3*1"	48	51	-1	63	3	64	NA	NA	"GAGTCGCCCAGCCCCAACCAGACCTCTCTGTACTTCTGTGCCAGCAGTGTTGGGACTAGCGGGACAGATACGCAGTATTTTGGCCCA"	FALSE	TRUE	NA	NA	NA	NA
"ATCCAGCGCACAGAGCAGGGGGACTCGGCCATGTATCTCTGTGCCAGCAGCCCAGGCGGCAGGGACTGGGAGCAGTACTTCGGGCCG"	"CASSPGGRDWEQYF"	"ATCCAGCGCACAGAGCAGGGGGACTCGGCCATGTATCTCTGTGCCAGCAGCCCAGGCGGCAGGGACTGGGAGCAGTACTTCGGGCCG"	"CASSPGGRDWEQYF"	"TCRBV7-9*1"	"TCRBD2-1"	"TCRBJ2-7*1"	51	61	67	69	10	2	NA	NA	"ATCCAGCGCACAGAGCAGGGGGACTCGGCCATGTATCTCTGTGCCAGCAGCCCAGGCGGCAGGGACTGGGAGCAGTACTTCGGGCCG"	FALSE	TRUE	NA	NA	NA	NA
"GAGTCCGCCAGCACCAACCAGACATCTATGTACCTCTGTGCCAGCAGTTCACCGCCATCTGGGGCCAACGTCCTGACTTTCGGGGCC"	"CASSSPPSGANVLTF"	"GAGTCCGCCAGCACCAACCAGACATCTATGTACCTCTGTGCCAGCAGTTCACCGCCATCTGGGGCCAACGTCCTGACTTTCGGGGCC"	"CASSSPPSGANVLTF"	"TCRBV28-1*1"	NA	"TCRBJ2-6*1"	49	50	52	57	1	5	NA	NA	"GAGTCCGCCAGCACCAACCAGACATCTATGTACCTCTGTGCCAGCAGTTCACCGCCATCTGGGGCCAACGTCCTGACTTTCGGGGCC"	FALSE	TRUE	NA	NA	NA	NA
"AAGAAGCTCCTTCTCAGTGACTCTGGCTTCTATCTCTGTGCCTGGAGTCGGGACAGGGCCTATAACTATGGCTACACCTTCGGTTCG"	"CAWSRDRAYNYGYTF"	"AAGAAGCTCCTTCTCAGTGACTCTGGCTTCTATCTCTGTGCCTGGAGTCGGGACAGGGCCTATAACTATGGCTACACCTTCGGTTCG"	"CAWSRDRAYNYGYTF"	"TCRBV3-1*1"	"TCRBD1-1*1"	"TCRBJ1-2*1"	48	49	58	62	1	4	NA	NA	"AAGAAGCTCCTTCTCAGTGACTCTGGCTTCTATCTCTGTGCCTGGAGTCGGGACAGGGCCTATAACTATGGCTACACCTTCGGTTCG"	FALSE	TRUE	NA	NA	NA	NA
"GAGATCCAGGCTACGAAGCTTGAGGATTCAGCAGTGTATTTTTGTGCCAGCAGCCAATCGAGGGGGGAAATACTGTTTTTTGGCAGT"	"CASSQSRGEILFF"	"GAGATCCAGGCTACGAAGCTTGAGGATTCAGCAGTGTATTTTTGTGCCAGCAGCCAATCGAGGGGGGAAATACTGTTTTTTGGCAGT"	"CASSQSRGEILFF"	"TCRBV16-1*1"	NA	"TCRBJ1-4*1"	59	60	66	71	1	5	NA	NA	"GAGATCCAGGCTACGAAGCTTGAGGATTCAGCAGTGTATTTTTGTGCCAGCAGCCAATCGAGGGGGGAAATACTGTTTTTTGGCAGT"	FALSE	TRUE	NA	NA	NA	NA
"GGCCCAAAAGAACCCGACAGCTTTCTATCTCTGTGCCAGTAGTGGGGGACAGTGCGTGGTAGCAATCAGCCCCAGCATTTTGGTGAT"	""	"GGCCCAAAAGAACCCGACAGCTTTCTATCTCTGTGCCAGTAGTGGGGGACAGTGCGTGGTAGCAATCAGCCCCAGCATTTTGGTGAT"	""	"TCRBV19-1*1"	"TCRBD1-1*1"	"TCRBJ1-5*1"	43	45	52	59	2	7	NA	NA	"GGCCCAAAAGAACCCGACAGCTTTCTATCTCTGTGCCAGTAGTGGGGGACAGTGCGTGGTAGCAATCAGCCCCAGCATTTTGGTGAT"	FALSE	FALSE	NA	NA	NA	NA
"GCCCAAAAGAACCCGACAGCTTTCTATCTCTGTGCCAGTAGTATAGATCTCCCAGGGGGGACCAAAAACATTCAGTACTTCGGCGCC"	"CASSIDLPGGTKNIQYF"	"GCCCAAAAGAACCCGACAGCTTTCTATCTCTGTGCCAGTAGTATAGATCTCCCAGGGGGGACCAAAAACATTCAGTACTTCGGCGCC"	"CASSIDLPGGTKNIQYF"	"TCRBV19-1*1"	"TCRBD1-1*1"	"TCRBJ2-4*1"	47	52	59	61	5	2	NA	NA	"GCCCAAAAGAACCCGACAGCTTTCTATCTCTGTGCCAGTAGTATAGATCTCCCAGGGGGGACCAAAAACATTCAGTACTTCGGCGCC"	FALSE	TRUE	NA	NA	NA	NA
"CTGACAGTGACCAGTGCCCATCCTGAAGACAGCAGCTTCTACATCTGCAGTGTGCGGGCTAGCTCCTACGAGCAGTACTTCGGGCCG"	"CSVRASSYEQYF"	"CTGACAGTGACCAGTGCCCATCCTGAAGACAGCAGCTTCTACATCTGCAGTGTGCGGGCTAGCTCCTACGAGCAGTACTTCGGGCCG"	"CSVRASSYEQYF"	NA	"TCRBD2-1"	"TCRBJ2-7*1"	52	53	58	62	1	4	NA	NA	"CTGACAGTGACCAGTGCCCATCCTGAAGACAGCAGCTTCTACATCTGCAGTGTGCGGGCTAGCTCCTACGAGCAGTACTTCGGGCCG"	FALSE	TRUE	NA	NA	NA	NA
"AACGCCTTGGAGCTGGACGACTCGGCCCTGTATCTCTGTGCCAGCAGTATTGGGTCTAGCGGTACTTACGAGCAGTACTTCGGGCCG"	"CASSIGSSGTYEQYF"	"AACGCCTTGGAGCTGGACGACTCGGCCCTGTATCTCTGTGCCAGCAGTATTGGGTCTAGCGGTACTTACGAGCAGTACTTCGGGCCG"	"CASSIGSSGTYEQYF"	"TCRBV5-4*1"	"TCRBD2-1"	"TCRBJ2-7*1"	47	55	62	66	8	4	NA	NA	"AACGCCTTGGAGCTGGACGACTCGGCCCTGTATCTCTGTGCCAGCAGTATTGGGTCTAGCGGTACTTACGAGCAGTACTTCGGGCCG"	FALSE	TRUE	NA	NA	NA	NA
"ACCTTGGAGCTGGGGGACTCGGCCCTTTATCTTTGCGCCAGCAGCACCGGACTAGCGGGCTTCTCCTACGAGCAGTACTTCGGGCCG"	"CASSTGLAGFSYEQYF"	"ACCTTGGAGCTGGGGGACTCGGCCCTTTATCTTTGCGCCAGCAGCACCGGACTAGCGGGCTTCTCCTACGAGCAGTACTTCGGGCCG"	"CASSTGLAGFSYEQYF"	"TCRBV5-1*1"	"TCRBD2-1"	"TCRBJ2-7*1"	45	48	59	62	3	3	NA	NA	"ACCTTGGAGCTGGGGGACTCGGCCCTTTATCTTTGCGCCAGCAGCACCGGACTAGCGGGCTTCTCCTACGAGCAGTACTTCGGGCCG"	FALSE	TRUE	NA	NA	NA	NA
"CTGACTGTGAGCAACATGAGCCCTGAAGACAGCAGCATATATCTCTGCAGCGTTGCGACAGTTGGAGAAAAACTGTTTTTTGGCAGT"	"CSVATVGEKLFF"	"CTGACTGTGAGCAACATGAGCCCTGAAGACAGCAGCATATATCTCTGCAGCGTTGCGACAGTTGGAGAAAAACTGTTTTTTGGCAGT"	"CSVATVGEKLFF"	"TCRBV29-1"	"TCRBD1-1*1"	"TCRBJ1-4*1"	55	56	61	66	1	5	NA	NA	"CTGACTGTGAGCAACATGAGCCCTGAAGACAGCAGCATATATCTCTGCAGCGTTGCGACAGTTGGAGAAAAACTGTTTTTTGGCAGT"	FALSE	TRUE	NA	NA	NA	NA
"CTACACACCCTGCAGCCAGAAGACTCGGCCCTGTATCTCTGCGCCAGCAGCCAAGGGAACAGGGAAAATGAGCAGTTCTTCGGGCCA"	"CASSQGNRENEQFF"	"CTACACACCCTGCAGCCAGAAGACTCGGCCCTGTATCTCTGCGCCAGCAGCCAAGGGAACAGGGAAAATGAGCAGTTCTTCGGGCCA"	"CASSQGNRENEQFF"	"TCRBV4-3*1"	"TCRBD1-1*1"	"TCRBJ2-1*1"	55	58	64	66	3	2	NA	NA	"CTACACACCCTGCAGCCAGAAGACTCGGCCCTGTATCTCTGCGCCAGCAGCCAAGGGAACAGGGAAAATGAGCAGTTCTTCGGGCCA"	FALSE	TRUE	NA	NA	NA	NA
"CGCCTTGGAGCTGGACGACTCGGCCCTGTATCTCTGTGCCAGCAGCTTGTTGGGCCGGAGCCTCGCGGGGAGCTGTTTTTTGGAGAA"	""	"CGCCTTGGAGCTGGACGACTCGGCCCTGTATCTCTGTGCCAGCAGCTTGTTGGGCCGGAGCCTCGCGGGGAGCTGTTTTTTGGAGAA"	""	"TCRBV5-4*1"	NA	"TCRBJ2-2*1"	49	51	55	65	2	10	NA	NA	"CGCCTTGGAGCTGGACGACTCGGCCCTGTATCTCTGTGCCAGCAGCTTGTTGGGCCGGAGCCTCGCGGGGAGCTGTTTTTTGGAGAA"	FALSE	FALSE	NA	NA	NA	NA
"GTTGGCTGCTCCCTCCCAGACATCTGTGTACTTCTGTGCCAGCAGCCCCTTTTACGAGCGGGTACAGATACGCAGTATTTTGGCCCA"	""	"GTTGGCTGCTCCCTCCCAGACATCTGTGTACTTCTGTGCCAGCAGCCCCTTTTACGAGCGGGTACAGATACGCAGTATTTTGGCCCA"	""	"TCRBV6-6"	"TCRBD2-1"	"TCRBJ2-3*1"	45	56	62	63	11	1	NA	NA	"GTTGGCTGCTCCCTCCCAGACATCTGTGTACTTCTGTGCCAGCAGCCCCTTTTACGAGCGGGTACAGATACGCAGTATTTTGGCCCA"	FALSE	FALSE	NA	NA	NA	NA
"TCAGCGCACAGAGCAGCGGGACTCGGCCATGTATCGCTGTGCCAGCAGCCCCGGACAGGGATCCTCTACGAGCAGTACTTCGGGCCG"	""	"TCAGCGCACAGAGCAGCGGGACTCGGCCATGTATCGCTGTGCCAGCAGCCCCGGACAGGGATCCTCTACGAGCAGTACTTCGGGCCG"	""	"TCRBV7-6*1"	"TCRBD1-1*1"	"TCRBJ2-7*1"	49	52	60	65	3	5	NA	NA	"TCAGCGCACAGAGCAGCGGGACTCGGCCATGTATCGCTGTGCCAGCAGCCCCGGACAGGGATCCTCTACGAGCAGTACTTCGGGCCG"	FALSE	FALSE	NA	NA	NA	NA
"CTAGAGTCTGCCATCCCCAACCAGACAGCTCTTTACTTCTGTGCCACCAGTCGAGCGGGAGATGTCGAGACCCAGTACTTCGGGCCA"	"CATSRAGDVETQYF"	"CTAGAGTCTGCCATCCCCAACCAGACAGCTCTTTACTTCTGTGCCACCAGTCGAGCGGGAGATGTCGAGACCCAGTACTTCGGGCCA"	"CATSRAGDVETQYF"	"TCRBV24-1*1"	"TCRBD2-1*2"	"TCRBJ2-5*1"	51	53	61	66	2	5	NA	NA	"CTAGAGTCTGCCATCCCCAACCAGACAGCTCTTTACTTCTGTGCCACCAGTCGAGCGGGAGATGTCGAGACCCAGTACTTCGGGCCA"	FALSE	TRUE	NA	NA	NA	NA
"CTAAACCTGAGCTCTCTGGAGCTGGGGGACTCAGCTTTGTATTTCTGTGCCAGCAGCCCCACCTACAATGAGCAGTTCTTCGGGCCA"	"CASSPTYNEQFF"	"CTAAACCTGAGCTCTCTGGAGCTGGGGGACTCAGCTTTGTATTTCTGTGCCAGCAGCCCCACCTACAATGAGCAGTTCTTCGGGCCA"	"CASSPTYNEQFF"	"TCRBV9-1*1"	"TCRBD1-1*1"	"TCRBJ2-1*1"	57	59	-1	61	2	62	NA	NA	"CTAAACCTGAGCTCTCTGGAGCTGGGGGACTCAGCTTTGTATTTCTGTGCCAGCAGCCCCACCTACAATGAGCAGTTCTTCGGGCCA"	FALSE	TRUE	NA	NA	NA	NA
"TCGGCTGCTCCCTCCCAGACATCTGTGTACTTCTGTGCCAGCAGTTACACCACCGGACTCTACACCGGGGAGCTGTTTTTTGGAGAA"	"CASSYTTGLYTGELFF"	"TCGGCTGCTCCCTCCCAGACATCTGTGTACTTCTGTGCCAGCAGTTACACCACCGGACTCTACACCGGGGAGCTGTTTTTTGGAGAA"	"CASSYTTGLYTGELFF"	"TCRBV6-5*1"	"TCRBD2-1"	"TCRBJ2-2*1"	48	54	59	61	6	2	NA	NA	"TCGGCTGCTCCCTCCCAGACATCTGTGTACTTCTGTGCCAGCAGTTACACCACCGGACTCTACACCGGGGAGCTGTTTTTTGGAGAA"	FALSE	TRUE	NA	NA	NA	NA
"TCAGCGCACAGAGCAGCGGGACTCGGCCATGTATCGCTGTGCCAGCAGCTCCCGACAGGGGGCTACCATGAGCAGTTCTTCGGGCCA"	""	"TCAGCGCACAGAGCAGCGGGACTCGGCCATGTATCGCTGTGCCAGCAGCTCCCGACAGGGGGCTACCATGAGCAGTTCTTCGGGCCA"	""	"TCRBV7-6*1"	"TCRBD1-1*1"	"TCRBJ2-1*1"	50	53	63	67	3	4	NA	NA	"TCAGCGCACAGAGCAGCGGGACTCGGCCATGTATCGCTGTGCCAGCAGCTCCCGACAGGGGGCTACCATGAGCAGTTCTTCGGGCCA"	FALSE	FALSE	NA	NA	NA	NA
"CTGACAGTGACCAGTGCCCATCCTGAAGACAGCAGCTTCTACATCTGCAGTGCTAGAGCGGGAGTTAATGGCTACACCTTCGGTTCG"	"CSARAGVNGYTF"	"CTGACAGTGACCAGTGCCCATCCTGAAGACAGCAGCTTCTACATCTGCAGTGCTAGAGCGGGAGTTAATGGCTACACCTTCGGTTCG"	"CSARAGVNGYTF"	NA	"TCRBD2-1*2"	"TCRBJ1-2*1"	-1	58	64	67	59	3	NA	NA	"CTGACAGTGACCAGTGCCCATCCTGAAGACAGCAGCTTCTACATCTGCAGTGCTAGAGCGGGAGTTAATGGCTACACCTTCGGTTCG"	FALSE	TRUE	NA	NA	NA	NA
"AACGCCTTGTTGCTGGGGGACTCGGCCCTGTATCTCTGTGCCAGCACCGGCAGGGCGGGAGCTCCAGAGACCCAGTACTTCGGGCCA"	"CASTGRAGAPETQYF"	"AACGCCTTGTTGCTGGGGGACTCGGCCCTGTATCTCTGTGCCAGCACCGGCAGGGCGGGAGCTCCAGAGACCCAGTACTTCGGGCCA"	"CASTGRAGAPETQYF"	"TCRBV5-5*1"	"TCRBD2-1*2"	"TCRBJ2-5*1"	46	54	61	65	8	4	NA	NA	"AACGCCTTGTTGCTGGGGGACTCGGCCCTGTATCTCTGTGCCAGCACCGGCAGGGCGGGAGCTCCAGAGACCCAGTACTTCGGGCCA"	FALSE	TRUE	NA	NA	NA	NA
"AGCTCTCTGGAGCTGGGGGACTCAGCTTTGTATTTCTGTGCCAGCAGCGGGCGACAGGGGCTCCCAGATACGCAGTATTTTGGCCCA"	"CASSGRQGLPDTQYF"	"AGCTCTCTGGAGCTGGGGGACTCAGCTTTGTATTTCTGTGCCAGCAGCGGGCGACAGGGGCTCCCAGATACGCAGTATTTTGGCCCA"	"CASSGRQGLPDTQYF"	"TCRBV9-1*1"	"TCRBD1-1*1"	"TCRBJ2-3*1"	49	52	60	64	3	4	NA	NA	"AGCTCTCTGGAGCTGGGGGACTCAGCTTTGTATTTCTGTGCCAGCAGCGGGCGACAGGGGCTCCCAGATACGCAGTATTTTGGCCCA"	FALSE	TRUE	NA	NA	NA	NA
"AACCTGAGCTCTCTGGAGCTGGGGGACTCAGCTTTGTATTTCTGTGCCAGCAGCGTAGACGCTAATTCACCCCTCCACTTTGGGAAT"	"CASSVDANSPLHF"	"AACCTGAGCTCTCTGGAGCTGGGGGACTCAGCTTTGTATTTCTGTGCCAGCAGCGTAGACGCTAATTCACCCCTCCACTTTGGGAAT"	"CASSVDANSPLHF"	"TCRBV9-1*1"	NA	"TCRBJ1-6*1"	-1	58	60	62	59	2	NA	NA	"AACCTGAGCTCTCTGGAGCTGGGGGACTCAGCTTTGTATTTCTGTGCCAGCAGCGTAGACGCTAATTCACCCCTCCACTTTGGGAAT"	FALSE	TRUE	NA	NA	NA	NA
"GAGATTCGGCAGCTTATTTCTGTGCCAGCTCACCACGCGACCAGGGGGCGTACTAGCGGACACACCGGGGAGCTGTTTTTTGGAGAA"	""	"GAGATTCGGCAGCTTATTTCTGTGCCAGCTCACCACGCGACCAGGGGGCGTACTAGCGGACACACCGGGGAGCTGTTTTTTGGAGAA"	""	"TCRBV18-1*1"	NA	"TCRBJ2-2*1"	36	41	49	61	5	12	NA	NA	"GAGATTCGGCAGCTTATTTCTGTGCCAGCTCACCACGCGACCAGGGGGCGTACTAGCGGACACACCGGGGAGCTGTTTTTTGGAGAA"	FALSE	FALSE	NA	NA	NA	NA
"GCGTCTGCTGTACCCTCTCAGACATCTGTGTACTTCTGTGCCAGCAGTGAGAGTCCGGAGTCCACAGATACGCAGTATTTTGGCCCA"	"CASSESPESTDTQYF"	"GCGTCTGCTGTACCCTCTCAGACATCTGTGTACTTCTGTGCCAGCAGTGAGAGTCCGGAGTCCACAGATACGCAGTATTTTGGCCCA"	"CASSESPESTDTQYF"	"TCRBV6-4*1"	"TCRBD2-1*2"	"TCRBJ2-3*1"	50	56	60	62	6	2	NA	NA	"GCGTCTGCTGTACCCTCTCAGACATCTGTGTACTTCTGTGCCAGCAGTGAGAGTCCGGAGTCCACAGATACGCAGTATTTTGGCCCA"	FALSE	TRUE	NA	NA	NA	NA
"TTGCTGGGGGACTCGGCCCTCTATCTCTGTGCCAGCAGCTTTAAGGTTGGGAGACCGGGACAGGGTCCTGAAGCTTTCTTTGGACAA"	"CASSFKVGRPGQGPEAFF"	"TTGCTGGGGGACTCGGCCCTCTATCTCTGTGCCAGCAGCTTTAAGGTTGGGAGACCGGGACAGGGTCCTGAAGCTTTCTTTGGACAA"	"CASSFKVGRPGQGPEAFF"	"TCRBV5-6*1"	"TCRBD1-1*1"	"TCRBJ1-1*1"	41	56	65	67	15	2	NA	NA	"TTGCTGGGGGACTCGGCCCTCTATCTCTGTGCCAGCAGCTTTAAGGTTGGGAGACCGGGACAGGGTCCTGAAGCTTTCTTTGGACAA"	FALSE	TRUE	NA	NA	NA	NA
"TTCATCCTGAGTTCTAAGAAGCTCCTTCTCAGTGACTCTGGCTTCTATCTCTGTGCCTGGGGACAGGGGGTAGACACCTTCGGTTCG"	"CAWGQGVDTF"	"TTCATCCTGAGTTCTAAGAAGCTCCTTCTCAGTGACTCTGGCTTCTATCTCTGTGCCTGGGGACAGGGGGTAGACACCTTCGGTTCG"	"CAWGQGVDTF"	"TCRBV3-1*5"	"TCRBD1-1*1"	"TCRBJ1-2*1"	-1	63	70	73	64	3	NA	NA	"TTCATCCTGAGTTCTAAGAAGCTCCTTCTCAGTGACTCTGGCTTCTATCTCTGTGCCTGGGGACAGGGGGTAGACACCTTCGGTTCG"	FALSE	TRUE	NA	NA	NA	NA
"TCGGCCCTTTATCTTTGCGCCAGCAGCAAGGCCACGCCGAGTAACAGGGGGCTTAGAGCGTACACAGATACGCAGTATTTTGGCCCA"	"CASSKATPSNRGLRAYTDTQYF"	"TCGGCCCTTTATCTTTGCGCCAGCAGCAAGGCCACGCCGAGTAACAGGGGGCTTAGAGCGTACACAGATACGCAGTATTTTGGCCCA"	"CASSKATPSNRGLRAYTDTQYF"	"TCRBV5-1*1"	"TCRBD1-1*1"	"TCRBJ2-3*1"	27	43	52	62	16	10	NA	NA	"TCGGCCCTTTATCTTTGCGCCAGCAGCAAGGCCACGCCGAGTAACAGGGGGCTTAGAGCGTACACAGATACGCAGTATTTTGGCCCA"	FALSE	TRUE	NA	NA	NA	NA
"ATCCGGTCCACAAAGCTGGAGGACTCAGCCATGTACTTCTGTGCCAGCAGTGAAGTTGGTAGGTTCGCTGGCTACACCTTCGGTTCG"	"CASSEVGRFAGYTF"	"ATCCGGTCCACAAAGCTGGAGGACTCAGCCATGTACTTCTGTGCCAGCAGTGAAGTTGGTAGGTTCGCTGGCTACACCTTCGGTTCG"	"CASSEVGRFAGYTF"	"TCRBV2-1"	NA	"TCRBJ1-2*1"	55	60	63	68	5	5	NA	NA	"ATCCGGTCCACAAAGCTGGAGGACTCAGCCATGTACTTCTGTGCCAGCAGTGAAGTTGGTAGGTTCGCTGGCTACACCTTCGGTTCG"	FALSE	TRUE	NA	NA	NA	NA
"AAGATCCAGCCTGCAGAGCTTGGGGACTCGGCCATGTATCTCTGTGCCAGCAGCTTAAAAGGGAGAGGCGGGCAGTTCTTCGGGCCA"	"CASSLKGRGGQFF"	"AAGATCCAGCCTGCAGAGCTTGGGGACTCGGCCATGTATCTCTGTGCCAGCAGCTTAAAAGGGAGAGGCGGGCAGTTCTTCGGGCCA"	"CASSLKGRGGQFF"	"TCRBV11-1*1"	"TCRBD2-1*2"	"TCRBJ2-1*1"	57	60	65	71	3	6	NA	NA	"AAGATCCAGCCTGCAGAGCTTGGGGACTCGGCCATGTATCTCTGTGCCAGCAGCTTAAAAGGGAGAGGCGGGCAGTTCTTCGGGCCA"	FALSE	TRUE	NA	NA	NA	NA
"CTGTTTGTTGTGTCGGCTGCTCCCTCCCAGACATCTGTGTACTTCTGTGCCAGCTACTCTGGGGCCAACGTCCTGACTTTCGGGGCC"	"CASYSGANVLTF"	"CTGTTTGTTGTGTCGGCTGCTCCCTCCCAGACATCTGTGTACTTCTGTGCCAGCTACTCTGGGGCCAACGTCCTGACTTTCGGGGCC"	"CASYSGANVLTF"	"TCRBV6-5*1"	"TCRBD2-1"	"TCRBJ2-6*1"	-1	54	-1	56	55	57	NA	NA	"CTGTTTGTTGTGTCGGCTGCTCCCTCCCAGACATCTGTGTACTTCTGTGCCAGCTACTCTGGGGCCAACGTCCTGACTTTCGGGGCC"	FALSE	TRUE	NA	NA	NA	NA
"TCTAAGAAGCTCCTTCTCAGTGACTCTGGCTTCTATCTCTGTGCCTGGGCGGGGGGCTCGGGCAATCAGCCCCAGCATTTTGGTGAT"	"CAWAGGSGNQPQHF"	"TCTAAGAAGCTCCTTCTCAGTGACTCTGGCTTCTATCTCTGTGCCTGGGCGGGGGGCTCGGGCAATCAGCCCCAGCATTTTGGTGAT"	"CAWAGGSGNQPQHF"	"TCRBV3-1*5"	"TCRBD2-1*1"	"TCRBJ1-5*1"	-1	49	56	61	50	5	NA	NA	"TCTAAGAAGCTCCTTCTCAGTGACTCTGGCTTCTATCTCTGTGCCTGGGCGGGGGGCTCGGGCAATCAGCCCCAGCATTTTGGTGAT"	FALSE	TRUE	NA	NA	NA	NA
"ATCCAGCCTGCAGAGCTTGGGGACTCGGCCGTGTATCTCTGTGCCAGCAGCCCGGGTCTTCCCAGGGGCACCATATATTTTGGAGAG"	"CASSPGLPRGTIYF"	"ATCCAGCCTGCAGAGCTTGGGGACTCGGCCGTGTATCTCTGTGCCAGCAGCCCGGGTCTTCCCAGGGGCACCATATATTTTGGAGAG"	"CASSPGLPRGTIYF"	"TCRBV11-3*1"	"TCRBD1-1*1"	"TCRBJ1-3*1"	51	62	-1	68	11	69	NA	NA	"ATCCAGCCTGCAGAGCTTGGGGACTCGGCCGTGTATCTCTGTGCCAGCAGCCCGGGTCTTCCCAGGGGCACCATATATTTTGGAGAG"	FALSE	TRUE	NA	NA	NA	NA
"GTGACCAGTGCCCATCCTGAAGACAGCAGCTTCTACATCTGCAGTGCTAGAGGGTATGGGTCCTACAATGAGCAGTTCTTCGGGCCA"	"CSARGYGSYNEQFF"	"GTGACCAGTGCCCATCCTGAAGACAGCAGCTTCTACATCTGCAGTGCTAGAGGGTATGGGTCCTACAATGAGCAGTTCTTCGGGCCA"	"CSARGYGSYNEQFF"	NA	NA	"TCRBJ2-1*1"	52	57	-1	60	5	61	NA	NA	"GTGACCAGTGCCCATCCTGAAGACAGCAGCTTCTACATCTGCAGTGCTAGAGGGTATGGGTCCTACAATGAGCAGTTCTTCGGGCCA"	FALSE	TRUE	NA	NA	NA	NA
"CCTCAGAACCCAGGGACTCAGCTGTGTACTTCTGTGCCAGCAGTCTCTAGCGGGAGAGAGCGGATCGATGAGCAGTTCTTCGGGCCA"	""	"CCTCAGAACCCAGGGACTCAGCTGTGTACTTCTGTGCCAGCAGTCTCTAGCGGGAGAGAGCGGATCGATGAGCAGTTCTTCGGGCCA"	""	NA	"TCRBD2-1*2"	"TCRBJ2-1*1"	44	46	56	67	2	11	NA	NA	"CCTCAGAACCCAGGGACTCAGCTGTGTACTTCTGTGCCAGCAGTCTCTAGCGGGAGAGAGCGGATCGATGAGCAGTTCTTCGGGCCA"	FALSE	FALSE	NA	NA	NA	NA
"ACGATTCAGCGCACAGAGCAGGAGGACTCGGCCGTGTATCTCTGTGCCAGCAGCTTAGGGGGTCGGGGGACCCAGTACTTCGGGCCA"	"CASSLGGRGTQYF"	"ACGATTCAGCGCACAGAGCAGGAGGACTCGGCCGTGTATCTCTGTGCCAGCAGCTTAGGGGGTCGGGGGACCCAGTACTTCGGGCCA"	"CASSLGGRGTQYF"	"TCRBV7-2"	"TCRBD2-1*1"	"TCRBJ2-5*1"	58	63	-1	68	5	69	NA	NA	"ACGATTCAGCGCACAGAGCAGGAGGACTCGGCCGTGTATCTCTGTGCCAGCAGCTTAGGGGGTCGGGGGACCCAGTACTTCGGGCCA"	FALSE	TRUE	NA	NA	NA	NA
"ACGATCCAGCGCACACAGCAGGAGGACTCGGCCGTGTATCTCTGTGCCAGCAGCATCAGATACCAAGAGACCCAGTACTTCGGGCCA"	"CASSIRYQETQYF"	"ACGATCCAGCGCACACAGCAGGAGGACTCGGCCGTGTATCTCTGTGCCAGCAGCATCAGATACCAAGAGACCCAGTACTTCGGGCCA"	"CASSIRYQETQYF"	"TCRBV7-2"	"TCRBD1-1*1"	"TCRBJ2-5*1"	54	56	59	61	2	2	NA	NA	"ACGATCCAGCGCACACAGCAGGAGGACTCGGCCGTGTATCTCTGTGCCAGCAGCATCAGATACCAAGAGACCCAGTACTTCGGGCCA"	FALSE	TRUE	NA	NA	NA	NA
"GAGTCCGCCAGCACCAACCAGACATCTATGTACCTCTGTGCCAGCAGTTACCTCTGGACAGGGAAGGTGGAAGCTTTCTTTGGACAA"	"CASSYLWTGKVEAFF"	"GAGTCCGCCAGCACCAACCAGACATCTATGTACCTCTGTGCCAGCAGTTACCTCTGGACAGGGAAGGTGGAAGCTTTCTTTGGACAA"	"CASSYLWTGKVEAFF"	"TCRBV28-1*1"	"TCRBD1-1*1"	"TCRBJ1-1*1"	49	55	63	69	6	6	NA	NA	"GAGTCCGCCAGCACCAACCAGACATCTATGTACCTCTGTGCCAGCAGTTACCTCTGGACAGGGAAGGTGGAAGCTTTCTTTGGACAA"	FALSE	TRUE	NA	NA	NA	NA
"ATCCGGTCCACAAAGCTGGAGGACTCAGCCATGTACTTCTGTGCCAGCACCGAGGGGGTCGGCAATCAGCCCCAGCATTTTGGTGAT"	"CASTEGVGNQPQHF"	"ATCCGGTCCACAAAGCTGGAGGACTCAGCCATGTACTTCTGTGCCAGCACCGAGGGGGTCGGCAATCAGCCCCAGCATTTTGGTGAT"	"CASTEGVGNQPQHF"	"TCRBV2-1"	"TCRBD1-1*1"	"TCRBJ1-5*1"	49	52	58	61	3	3	NA	NA	"ATCCGGTCCACAAAGCTGGAGGACTCAGCCATGTACTTCTGTGCCAGCACCGAGGGGGTCGGCAATCAGCCCCAGCATTTTGGTGAT"	FALSE	TRUE	NA	NA	NA	NA
"ACACAGCAGGAGGACTCGGCCGTGTATCTCTGTGCCAGCAGCTTGGACTCCGGACAGGGCAAGGCCTATGGCTACACCTTCGGTTCG"	"CASSLDSGQGKAYGYTF"	"ACACAGCAGGAGGACTCGGCCGTGTATCTCTGTGCCAGCAGCTTGGACTCCGGACAGGGCAAGGCCTATGGCTACACCTTCGGTTCG"	"CASSLDSGQGKAYGYTF"	"TCRBV7-2"	"TCRBD1-1*1"	"TCRBJ1-2*1"	44	51	59	65	7	6	NA	NA	"ACACAGCAGGAGGACTCGGCCGTGTATCTCTGTGCCAGCAGCTTGGACTCCGGACAGGGCAAGGCCTATGGCTACACCTTCGGTTCG"	FALSE	TRUE	NA	NA	NA	NA
"GAGTCGCCCAGCCCCAACCAGACCTCTCTGTACTTCTGTGCCAGCAGAGAACAGGGTAATAGCAATCAGCCCCAGCATTTTGGTGAT"	"CASREQGNSNQPQHF"	"GAGTCGCCCAGCCCCAACCAGACCTCTCTGTACTTCTGTGCCAGCAGAGAACAGGGTAATAGCAATCAGCCCCAGCATTTTGGTGAT"	"CASREQGNSNQPQHF"	"TCRBV27-1*1"	"TCRBD1-1*1"	"TCRBJ1-5*1"	47	50	56	59	3	3	NA	NA	"GAGTCGCCCAGCCCCAACCAGACCTCTCTGTACTTCTGTGCCAGCAGAGAACAGGGTAATAGCAATCAGCCCCAGCATTTTGGTGAT"	FALSE	TRUE	NA	NA	NA	NA
"ATTCTGGAGTCCGCCAGCACCAACCAGACATCTATGTACCTCTGTGCCAGCAGTTTGAGGACACCGGTGGGCTACACCTTCGGTTCG"	"CASSLRTPVGYTF"	"ATTCTGGAGTCCGCCAGCACCAACCAGACATCTATGTACCTCTGTGCCAGCAGTTTGAGGACACCGGTGGGCTACACCTTCGGTTCG"	"CASSLRTPVGYTF"	"TCRBV28-1*1"	"TCRBD1-1*1"	"TCRBJ1-2*1"	56	58	63	69	2	6	NA	NA	"ATTCTGGAGTCCGCCAGCACCAACCAGACATCTATGTACCTCTGTGCCAGCAGTTTGAGGACACCGGTGGGCTACACCTTCGGTTCG"	FALSE	TRUE	NA	NA	NA	NA
"AGTCTGCCAGGCCCTCACATACCTCTCAGTACCTCTGTGCCAGCAGTGAGACCCGTAGAGCTTTATCAGCCCCAGCATTTTGGTGAT"	""	"AGTCTGCCAGGCCCTCACATACCTCTCAGTACCTCTGTGCCAGCAGTGAGACCCGTAGAGCTTTATCAGCCCCAGCATTTTGGTGAT"	""	"TCRBV25-1*1"	NA	"TCRBJ1-5*1"	-1	49	52	64	50	12	NA	NA	"AGTCTGCCAGGCCCTCACATACCTCTCAGTACCTCTGTGCCAGCAGTGAGACCCGTAGAGCTTTATCAGCCCCAGCATTTTGGTGAT"	FALSE	FALSE	NA	NA	NA	NA
"CTGCTGTACCCTCTCAGACATCTGTGTACTTCTGTGCCAGCAGTGCTCAGAGGACAGGGGCTGGGAGAGACCCAGTACTTCGGGCCA"	""	"CTGCTGTACCCTCTCAGACATCTGTGTACTTCTGTGCCAGCAGTGCTCAGAGGACAGGGGCTGGGAGAGACCCAGTACTTCGGGCCA"	""	"TCRBV6-4*1"	"TCRBD1-1*1"	"TCRBJ2-5*1"	45	51	60	65	6	5	NA	NA	"CTGCTGTACCCTCTCAGACATCTGTGTACTTCTGTGCCAGCAGTGCTCAGAGGACAGGGGCTGGGAGAGACCCAGTACTTCGGGCCA"	FALSE	FALSE	NA	NA	NA	NA
"GAGTCCGCTACCAGCTCCCAGACATCTGTGTACTTCTGTGCCATCAGCAAGGGAGGGACAGCGAACTACGAGCAGTACTTCGGGCCG"	"CAISKGGTANYEQYF"	"GAGTCCGCTACCAGCTCCCAGACATCTGTGTACTTCTGTGCCATCAGCAAGGGAGGGACAGCGAACTACGAGCAGTACTTCGGGCCG"	"CAISKGGTANYEQYF"	"TCRBV1-3*1"	NA	"TCRBJ2-7*1"	47	54	61	65	7	4	NA	NA	"GAGTCCGCTACCAGCTCCCAGACATCTGTGTACTTCTGTGCCATCAGCAAGGGAGGGACAGCGAACTACGAGCAGTACTTCGGGCCG"	FALSE	TRUE	NA	NA	NA	NA
"TGCTCCCTCCCAAACATCTGTGTACTTCTGTGCCAGCAGTAGCCCGCAGCGACCCAGTATAGCAATCAGCCCCAGCATTTTGGTGAT"	""	"TGCTCCCTCCCAAACATCTGTGTACTTCTGTGCCAGCAGTAGCCCGCAGCGACCCAGTATAGCAATCAGCCCCAGCATTTTGGTGAT"	""	"TCRBV6-2/6-3*1"	"TCRBD2-1"	"TCRBJ1-5*1"	40	47	51	59	7	8	NA	NA	"TGCTCCCTCCCAAACATCTGTGTACTTCTGTGCCAGCAGTAGCCCGCAGCGACCCAGTATAGCAATCAGCCCCAGCATTTTGGTGAT"	FALSE	FALSE	NA	NA	NA	NA
"TGGAGTCGCCCAGCCCCAACCAGACCTCTCTGTACTTCTGTGCCAGCAGTCTCCGCAGGGGGAAGAGAGACCCAGTACTTCGGGCCA"	""	"TGGAGTCGCCCAGCCCCAACCAGACCTCTCTGTACTTCTGTGCCAGCAGTCTCCGCAGGGGGAAGAGAGACCCAGTACTTCGGGCCA"	""	"TCRBV27-1*1"	"TCRBD1-1*1"	"TCRBJ2-5*1"	50	55	62	65	5	3	NA	NA	"TGGAGTCGCCCAGCCCCAACCAGACCTCTCTGTACTTCTGTGCCAGCAGTCTCCGCAGGGGGAAGAGAGACCCAGTACTTCGGGCCA"	FALSE	FALSE	NA	NA	NA	NA
"NTGTCGGCTGCTCCCTCCCAGACATCTGTGTACTTCTGTGCCAGCAGTCCACGAAGACGCACCCCCTACGAGCAGTACTTCGGGCCG"	"CASSPRRRTPYEQYF"	"NTGTCGGCTGCTCCCTCCCAGACATCTGTGTACTTCTGTGCCAGCAGTCCACGAAGACGCACCCCCTACGAGCAGTACTTCGGGCCG"	"CASSPRRRTPYEQYF"	"TCRBV6-5*1"	NA	"TCRBJ2-7*1"	48	55	58	64	7	6	NA	NA	"NTGTCGGCTGCTCCCTCCCAGACATCTGTGTACTTCTGTGCCAGCAGTCCACGAAGACGCACCCCCTACGAGCAGTACTTCGGGCCG"	FALSE	TRUE	NA	NA	NA	NA
"ACAGAGCAGGGGGACTCGGCCATGTATCTCTGTGCCAGCAGCTTTTATCCCGCAACGAAAGCTAACTATGGCTACACCTTCGGTTCG"	"CASSFYPATKANYGYTF"	"ACAGAGCAGGGGGACTCGGCCATGTATCTCTGTGCCAGCAGCTTTTATCCCGCAACGAAAGCTAACTATGGCTACACCTTCGGTTCG"	"CASSFYPATKANYGYTF"	"TCRBV7-9*1"	NA	"TCRBJ1-2*1"	44	56	58	61	12	3	NA	NA	"ACAGAGCAGGGGGACTCGGCCATGTATCTCTGTGCCAGCAGCTTTTATCCCGCAACGAAAGCTAACTATGGCTACACCTTCGGTTCG"	FALSE	TRUE	NA	NA	NA	NA
"CAGCGCACACAGCAGGAGGACTCCGCCGTGTATCTCTGTGCCAGCAGCTTTTCTGAGACAGGGTACGACGAGCAGTACTTCGGGCCG"	"CASSFSETGYDEQYF"	"CAGCGCACACAGCAGGAGGACTCCGCCGTGTATCTCTGTGCCAGCAGCTTTTCTGAGACAGGGTACGACGAGCAGTACTTCGGGCCG"	"CASSFSETGYDEQYF"	"TCRBV7-8*1"	"TCRBD1-1*1"	"TCRBJ2-7*1"	50	56	63	67	6	4	NA	NA	"CAGCGCACACAGCAGGAGGACTCCGCCGTGTATCTCTGTGCCAGCAGCTTTTCTGAGACAGGGTACGACGAGCAGTACTTCGGGCCG"	FALSE	TRUE	NA	NA	NA	NA
"ACCAGTGCCCATCCTGAAGACAGCAGCTTCTACATCTGCAGTGCTAGACTATCACAGGGGTTTAATCAGCCCCAGCATTTTGGTGAT"	"CSARLSQGFNQPQHF"	"ACCAGTGCCCATCCTGAAGACAGCAGCTTCTACATCTGCAGTGCTAGACTATCACAGGGGTTTAATCAGCCCCAGCATTTTGGTGAT"	"CSARLSQGFNQPQHF"	NA	"TCRBD1-1*1"	"TCRBJ1-5*1"	48	53	60	63	5	3	NA	NA	"ACCAGTGCCCATCCTGAAGACAGCAGCTTCTACATCTGCAGTGCTAGACTATCACAGGGGTTTAATCAGCCCCAGCATTTTGGTGAT"	FALSE	TRUE	NA	NA	NA	NA
"NTGTCGGCTGCTCCCTCCCAAACATCTGTGTACTTCTGTGCCAGCAGTTAGTAGGAGCGTCGGTACGGGGAGCTGTTTTTTGGAGAA"	"CASS**ERRYGELFF"	"NTGTCGGCTGCTCCCTCCCAAACATCTGTGTACTTCTGTGCCAGCAGTTAGTAGGAGCGTCGGTACGGGGAGCTGTTTTTTGGAGAA"	"CASS**ERRYGELFF"	"TCRBV6-2/6-3*1"	"TCRBD2-1"	"TCRBJ2-2*1"	50	55	59	65	5	6	NA	NA	"NTGTCGGCTGCTCCCTCCCAAACATCTGTGTACTTCTGTGCCAGCAGTTAGTAGGAGCGTCGGTACGGGGAGCTGTTTTTTGGAGAA"	FALSE	TRUE	NA	NA	NA	NA
"GGACTCGGCCCTGTATCTCTGTGCCAGCAGCCTTGACAAGGTTTGACAAGTTAGACCTCTGGGGCCAACGTCCTGACTTTCGGGGCC"	""	"GGACTCGGCCCTGTATCTCTGTGCCAGCAGCCTTGACAAGGTTTGACAAGTTAGACCTCTGGGGCCAACGTCCTGACTTTCGGGGCC"	""	NA	"TCRBD1-1*1"	"TCRBJ2-6*1"	32	34	38	56	2	18	NA	NA	"GGACTCGGCCCTGTATCTCTGTGCCAGCAGCCTTGACAAGGTTTGACAAGTTAGACCTCTGGGGCCAACGTCCTGACTTTCGGGGCC"	FALSE	FALSE	NA	NA	NA	NA
"ACTGTGAGCAACATGAGCCCTGAAGACAGCAGCATATATCTCTGCAGCGTTGAGGCAGCAGGCAACTACGAGCAGTACTTCGGGCCG"	"CSVEAAGNYEQYF"	"ACTGTGAGCAACATGAGCCCTGAAGACAGCAGCATATATCTCTGCAGCGTTGAGGCAGCAGGCAACTACGAGCAGTACTTCGGGCCG"	"CSVEAAGNYEQYF"	"TCRBV29-1"	"TCRBD1-1*1"	"TCRBJ2-7*1"	53	58	62	65	5	3	NA	NA	"ACTGTGAGCAACATGAGCCCTGAAGACAGCAGCATATATCTCTGCAGCGTTGAGGCAGCAGGCAACTACGAGCAGTACTTCGGGCCG"	FALSE	TRUE	NA	NA	NA	NA
"CAGCCCTCAGAACCCAGGGACTCAGCTGTGTACTTCTGTGCCAGCAGAAGGACTAGTAGTGTCCCCGGGGAGCTGTTTTTTGGAGAA"	"CASRRTSSVPGELFF"	"CAGCCCTCAGAACCCAGGGACTCAGCTGTGTACTTCTGTGCCAGCAGAAGGACTAGTAGTGTCCCCGGGGAGCTGTTTTTTGGAGAA"	"CASRRTSSVPGELFF"	NA	"TCRBD2-1"	"TCRBJ2-2*1"	47	49	56	64	2	8	NA	NA	"CAGCCCTCAGAACCCAGGGACTCAGCTGTGTACTTCTGTGCCAGCAGAAGGACTAGTAGTGTCCCCGGGGAGCTGTTTTTTGGAGAA"	FALSE	TRUE	NA	NA	NA	NA
"GTGCAGCCTGCAGAACTGGAGGATTCTGGAGTTTATTTCTGTGCCAGCAGCCAATGGGGAGGCGGAAATGAGCAGTTCTTCGGGCCA"	"CASSQWGGGNEQFF"	"GTGCAGCCTGCAGAACTGGAGGATTCTGGAGTTTATTTCTGTGCCAGCAGCCAATGGGGAGGCGGAAATGAGCAGTTCTTCGGGCCA"	"CASSQWGGGNEQFF"	"TCRBV14-1*1"	"TCRBD2-1*2"	"TCRBJ2-1*1"	54	56	62	66	2	4	NA	NA	"GTGCAGCCTGCAGAACTGGAGGATTCTGGAGTTTATTTCTGTGCCAGCAGCCAATGGGGAGGCGGAAATGAGCAGTTCTTCGGGCCA"	FALSE	TRUE	NA	NA	NA	NA
"AGCACCTTGGAGCTGGGGGACTCGGCCCTTTATCTTTGCGCCAGCAGTTCCGGGACTAGTCCCGCCGGGGAGCTGTTTTTTGGAGAA"	"CASSSGTSPAGELFF"	"AGCACCTTGGAGCTGGGGGACTCGGCCCTTTATCTTTGCGCCAGCAGTTCCGGGACTAGTCCCGCCGGGGAGCTGTTTTTTGGAGAA"	"CASSSGTSPAGELFF"	"TCRBV5-1*1"	"TCRBD2-1"	"TCRBJ2-2*1"	47	51	59	64	4	5	NA	NA	"AGCACCTTGGAGCTGGGGGACTCGGCCCTTTATCTTTGCGCCAGCAGTTCCGGGACTAGTCCCGCCGGGGAGCTGTTTTTTGGAGAA"	FALSE	TRUE	NA	NA	NA	NA
"NNCTTGGAGATCCAGTCCACGGAGTCAGGGGACACAGCACTGTATTTCTGTGCCAGCAGCAACACCGGGGAGCTGTTTTTTGGAGAA"	"CASSNTGELFF"	"NNCTTGGAGATCCAGTCCACGGAGTCAGGGGACACAGCACTGTATTTCTGTGCCAGCAGCAACACCGGGGAGCTGTTTTTTGGAGAA"	"CASSNTGELFF"	"TCRBV21-1*1"	NA	"TCRBJ2-2*1"	-1	-1	-1	60	0	61	NA	NA	"NNCTTGGAGATCCAGTCCACGGAGTCAGGGGACACAGCACTGTATTTCTGTGCCAGCAGCAACACCGGGGAGCTGTTTTTTGGAGAA"	FALSE	TRUE	NA	NA	NA	NA
"ACCCTGCAGCCAGAAGACTCGGCCCTGTATCTCTGCGCCAGCAGGGGCGAGGCCCCGGGCTCCTACAATGAGCAGTTCTTCGGGCCA"	"CASRGEAPGSYNEQFF"	"ACCCTGCAGCCAGAAGACTCGGCCCTGTATCTCTGCGCCAGCAGGGGCGAGGCCCCGGGCTCCTACAATGAGCAGTTCTTCGGGCCA"	"CASRGEAPGSYNEQFF"	"TCRBV4-3*1"	NA	"TCRBJ2-1*1"	-1	44	48	59	45	11	NA	NA	"ACCCTGCAGCCAGAAGACTCGGCCCTGTATCTCTGCGCCAGCAGGGGCGAGGCCCCGGGCTCCTACAATGAGCAGTTCTTCGGGCCA"	FALSE	TRUE	NA	NA	NA	NA
"ACCAGTGCCCATCCTGAAGACAGCAGCTTCTACATCTGCAGTGCTAGAGCCCGGTTCGGAGGGGGCTACGAGCAGTACTTCGGGCCG"	"CSARARFGGGYEQYF"	"ACCAGTGCCCATCCTGAAGACAGCAGCTTCTACATCTGCAGTGCTAGAGCCCGGTTCGGAGGGGGCTACGAGCAGTACTTCGGGCCG"	"CSARARFGGGYEQYF"	NA	NA	"TCRBJ2-7*1"	49	59	-1	65	10	66	NA	NA	"ACCAGTGCCCATCCTGAAGACAGCAGCTTCTACATCTGCAGTGCTAGAGCCCGGTTCGGAGGGGGCTACGAGCAGTACTTCGGGCCG"	FALSE	TRUE	NA	NA	NA	NA
"AGATCCGGTCCACAAAGCTGGAGGACTCAGCCATGTACTTCTGTGCCAGAGACAGTATCTAGCACAGATACGCAGTATTTTGGCCCA"	""	"AGATCCGGTCCACAAAGCTGGAGGACTCAGCCATGTACTTCTGTGCCAGAGACAGTATCTAGCACAGATACGCAGTATTTTGGCCCA"	""	"TCRBV2-1"	"TCRBD1-1*1"	"TCRBJ2-3*1"	49	50	55	60	1	5	NA	NA	"AGATCCGGTCCACAAAGCTGGAGGACTCAGCCATGTACTTCTGTGCCAGAGACAGTATCTAGCACAGATACGCAGTATTTTGGCCCA"	FALSE	FALSE	NA	NA	NA	NA
"CAAAAGAACCCGACAGCTTTCTATCTCTGTGCCAGTAGTATAGAGGGGCTCGGGAGGCTAACCTACAATGAGCAGTTCTTCGGGCCA"	"CASSIEGLGRLTYNEQFF"	"CAAAAGAACCCGACAGCTTTCTATCTCTGTGCCAGTAGTATAGAGGGGCTCGGGAGGCTAACCTACAATGAGCAGTTCTTCGGGCCA"	"CASSIEGLGRLTYNEQFF"	"TCRBV19-1*1"	"TCRBD2-1*2"	"TCRBJ2-1*1"	44	50	57	61	6	4	NA	NA	"CAAAAGAACCCGACAGCTTTCTATCTCTGTGCCAGTAGTATAGAGGGGCTCGGGAGGCTAACCTACAATGAGCAGTTCTTCGGGCCA"	FALSE	TRUE	NA	NA	NA	NA
"CTGAAGACAGCAGCTTCTACATCTGCAGTGCGGGGAGGGAACGGGAGGCCCAACCACTCTGGGGCCAACGTCCTGACTTTCGGGGCC"	""	"CTGAAGACAGCAGCTTCTACATCTGCAGTGCGGGGAGGGAACGGGAGGCCCAACCACTCTGGGGCCAACGTCCTGACTTTCGGGGCC"	""	NA	"TCRBD2-1*2"	"TCRBJ2-6*1"	31	41	48	56	10	8	NA	NA	"CTGAAGACAGCAGCTTCTACATCTGCAGTGCGGGGAGGGAACGGGAGGCCCAACCACTCTGGGGCCAACGTCCTGACTTTCGGGGCC"	FALSE	FALSE	NA	NA	NA	NA
"TGGAGATCCAGTCCACGGAGTCAGGGGACACAGCACTGTATTTCTGTGCCAGCAGCAAAGAAAGGCTACGAGCAGTACTTCGGGCCG"	""	"TGGAGATCCAGTCCACGGAGTCAGGGGACACAGCACTGTATTTCTGTGCCAGCAGCAAAGAAAGGCTACGAGCAGTACTTCGGGCCG"	""	"TCRBV21-1*1"	NA	"TCRBJ2-7*1"	60	62	-1	65	2	66	NA	NA	"TGGAGATCCAGTCCACGGAGTCAGGGGACACAGCACTGTATTTCTGTGCCAGCAGCAAAGAAAGGCTACGAGCAGTACTTCGGGCCG"	FALSE	FALSE	NA	NA	NA	NA
"CCTGTCCCTAGAGTCTGCCATCCCCAACCAGACAGCTCTTTACTTCTGTGCCACCACCCTTCCGGGAGGTGGCGGGTTTTTGGCAGT"	""	"CCTGTCCCTAGAGTCTGCCATCCCCAACCAGACAGCTCTTTACTTCTGTGCCACCACCCTTCCGGGAGGTGGCGGGTTTTTGGCAGT"	""	"TCRBV24-1*1"	"TCRBD2-1*2"	"TCRBJ1-4*1"	56	62	69	76	6	7	NA	NA	"CCTGTCCCTAGAGTCTGCCATCCCCAACCAGACAGCTCTTTACTTCTGTGCCACCACCCTTCCGGGAGGTGGCGGGTTTTTGGCAGT"	FALSE	FALSE	NA	NA	NA	NA
"ACTGTGACATCGGCCCAAAAGAACCCGACAGCTTTCTATCTCTGTGCTAGTAGGGGGTCCAGCACAGATACGCAGTATTTTGGCCCA"	"CASRGSSTDTQYF"	"ACTGTGACATCGGCCCAAAAGAACCCGACAGCTTTCTATCTCTGTGCTAGTAGGGGGTCCAGCACAGATACGCAGTATTTTGGCCCA"	"CASRGSSTDTQYF"	"TCRBV19-1*1"	NA	"TCRBJ2-3*1"	-1	53	57	60	54	3	NA	NA	"ACTGTGACATCGGCCCAAAAGAACCCGACAGCTTTCTATCTCTGTGCTAGTAGGGGGTCCAGCACAGATACGCAGTATTTTGGCCCA"	FALSE	TRUE	NA	NA	NA	NA
"CTTCACATCAATTCCCTGGAGCTTGGTGACTCTGCTGTGTATTTCTGTGCCAGCACCGGGGTGAACACTGAAGCTTTCTTTGGACAA"	"CASTGVNTEAFF"	"CTTCACATCAATTCCCTGGAGCTTGGTGACTCTGCTGTGTATTTCTGTGCCAGCACCGGGGTGAACACTGAAGCTTTCTTTGGACAA"	"CASTGVNTEAFF"	"TCRBV3-1/3-2*1"	"TCRBD2-1*1"	"TCRBJ1-1*1"	55	56	-1	61	1	62	NA	NA	"CTTCACATCAATTCCCTGGAGCTTGGTGACTCTGCTGTGTATTTCTGTGCCAGCACCGGGGTGAACACTGAAGCTTTCTTTGGACAA"	FALSE	TRUE	NA	NA	NA	NA
"CTGCAGCCAGAAGACTCGGCCCTGTATCTCTGCGCCAGCAGCCGGAGGGAGACAGGGGCAGGAACCGGGGAGCTGTTTTTTGGAGAA"	"CASSRRETGAGTGELFF"	"CTGCAGCCAGAAGACTCGGCCCTGTATCTCTGCGCCAGCAGCCGGAGGGAGACAGGGGCAGGAACCGGGGAGCTGTTTTTTGGAGAA"	"CASSRRETGAGTGELFF"	"TCRBV4-3*1"	"TCRBD1-1*1"	"TCRBJ2-2*1"	43	50	58	63	7	5	NA	NA	"CTGCAGCCAGAAGACTCGGCCCTGTATCTCTGCGCCAGCAGCCGGAGGGAGACAGGGGCAGGAACCGGGGAGCTGTTTTTTGGAGAA"	FALSE	TRUE	NA	NA	NA	NA
"CTGGAGTCAGCTACCCGCTCCCAGACATCTGTGTATTTCTGCGCCAGCAGTGAGGGAAAGACAGGGACCGGCTACACCTTCGGTTCG"	"CASSEGKTGTGYTF"	"CTGGAGTCAGCTACCCGCTCCCAGACATCTGTGTATTTCTGCGCCAGCAGTGAGGGAAAGACAGGGACCGGCTACACCTTCGGTTCG"	"CASSEGKTGTGYTF"	"TCRBV1-2*1"	"TCRBD1-1*1"	"TCRBJ1-2*1"	54	59	66	69	5	3	NA	NA	"CTGGAGTCAGCTACCCGCTCCCAGACATCTGTGTATTTCTGCGCCAGCAGTGAGGGAAAGACAGGGACCGGCTACACCTTCGGTTCG"	FALSE	TRUE	NA	NA	NA	NA
"CAGGAGGACTCCGCCGTGTATCTCTGTGCCAGCAGCCGAATCCGGGACAGGTCGAGCTCCTATAATTCACCCCTCCACTTTGGGAAT"	"CASSRIRDRSSSYNSPLHF"	"CAGGAGGACTCCGCCGTGTATCTCTGTGCCAGCAGCCGAATCCGGGACAGGTCGAGCTCCTATAATTCACCCCTCCACTTTGGGAAT"	"CASSRIRDRSSSYNSPLHF"	"TCRBV7-8*3"	"TCRBD1-1*1"	"TCRBJ1-6*1"	39	43	51	56	4	5	NA	NA	"CAGGAGGACTCCGCCGTGTATCTCTGTGCCAGCAGCCGAATCCGGGACAGGTCGAGCTCCTATAATTCACCCCTCCACTTTGGGAAT"	FALSE	TRUE	NA	NA	NA	NA
"TTGGAGCTGGGGGACTCGGCCCTTTATCTTTGCGCCAGCAGCTGGAGCCAACTAGCGACTAGCACAGATACGCAGTATTTTGGCCCA"	"CASSWSQLATSTDTQYF"	"TTGGAGCTGGGGGACTCGGCCCTTTATCTTTGCGCCAGCAGCTGGAGCCAACTAGCGACTAGCACAGATACGCAGTATTTTGGCCCA"	"CASSWSQLATSTDTQYF"	"TCRBV5-1*1"	"TCRBD2-1"	"TCRBJ2-3*1"	43	50	57	60	7	3	NA	NA	"TTGGAGCTGGGGGACTCGGCCCTTTATCTTTGCGCCAGCAGCTGGAGCCAACTAGCGACTAGCACAGATACGCAGTATTTTGGCCCA"	FALSE	TRUE	NA	NA	NA	NA
"AGCACCTTGGAGCTGGGGGACTCGGCCCTTTATCTTTGCGCCAGCAGCTTGGCCCGGGACCCTTCCTACGAGCAGTACTTCGGGCCG"	"CASSLARDPSYEQYF"	"AGCACCTTGGAGCTGGGGGACTCGGCCCTTTATCTTTGCGCCAGCAGCTTGGCCCGGGACCCTTCCTACGAGCAGTACTTCGGGCCG"	"CASSLARDPSYEQYF"	"TCRBV5-1*1"	NA	"TCRBJ2-7*1"	52	55	60	63	3	3	NA	NA	"AGCACCTTGGAGCTGGGGGACTCGGCCCTTTATCTTTGCGCCAGCAGCTTGGCCCGGGACCCTTCCTACGAGCAGTACTTCGGGCCG"	FALSE	TRUE	NA	NA	NA	NA
"GAGTCGCCCAGCCCCAACCAGACCTCTCTGTACTTCTGTGCCAGCAGTGTCGTAGCGGGAGGGCCCAATGAGCAGTTCTTCGGGCCA"	"CASSVVAGGPNEQFF"	"GAGTCGCCCAGCCCCAACCAGACCTCTCTGTACTTCTGTGCCAGCAGTGTCGTAGCGGGAGGGCCCAATGAGCAGTTCTTCGGGCCA"	"CASSVVAGGPNEQFF"	"TCRBV27-1*1"	"TCRBD2-1*2"	"TCRBJ2-1*1"	48	52	63	65	4	2	NA	NA	"GAGTCGCCCAGCCCCAACCAGACCTCTCTGTACTTCTGTGCCAGCAGTGTCGTAGCGGGAGGGCCCAATGAGCAGTTCTTCGGGCCA"	FALSE	TRUE	NA	NA	NA	NA
"GAACTAAACCTGAGCTCTCTGGAGCTGGGGGACTCAGCTTTGTATTTCTGTGCCAGCAGCCGAGGGGGGACCCAGTACTTCGGGCCA"	"CASSRGGTQYF"	"GAACTAAACCTGAGCTCTCTGGAGCTGGGGGACTCAGCTTTGTATTTCTGTGCCAGCAGCCGAGGGGGGACCCAGTACTTCGGGCCA"	"CASSRGGTQYF"	"TCRBV9-1*1"	"TCRBD1-1*1"	"TCRBJ2-5*1"	60	62	-1	68	2	69	NA	NA	"GAACTAAACCTGAGCTCTCTGGAGCTGGGGGACTCAGCTTTGTATTTCTGTGCCAGCAGCCGAGGGGGGACCCAGTACTTCGGGCCA"	FALSE	TRUE	NA	NA	NA	NA
"TGTTGCTGGGGGACTCGGCCCTGTATCTCTGTGCCAGCAGCCCCCCGGGACTAGCGGGAGGGCCAGGAGACCCAGTACTTCGGGCCA"	""	"TGTTGCTGGGGGACTCGGCCCTGTATCTCTGTGCCAGCAGCCCCCCGGGACTAGCGGGAGGGCCAGGAGACCCAGTACTTCGGGCCA"	""	"TCRBV5-5*1"	"TCRBD2-1*2"	"TCRBJ2-5*1"	41	46	62	66	5	4	NA	NA	"TGTTGCTGGGGGACTCGGCCCTGTATCTCTGTGCCAGCAGCCCCCCGGGACTAGCGGGAGGGCCAGGAGACCCAGTACTTCGGGCCA"	FALSE	FALSE	NA	NA	NA	NA
"ATCCTGGAGTCGCCCAGCCCCAACCAGACCTCTCTGTACTTCTGTGCCAGCAGTTTAGAATAAGCCTACGAGCAGTACTTCGGGCCG"	"CASSLE*AYEQYF"	"ATCCTGGAGTCGCCCAGCCCCAACCAGACCTCTCTGTACTTCTGTGCCAGCAGTTTAGAATAAGCCTACGAGCAGTACTTCGGGCCG"	"CASSLE*AYEQYF"	"TCRBV27-1*1"	NA	"TCRBJ2-7*1"	-1	57	59	64	58	5	NA	NA	"ATCCTGGAGTCGCCCAGCCCCAACCAGACCTCTCTGTACTTCTGTGCCAGCAGTTTAGAATAAGCCTACGAGCAGTACTTCGGGCCG"	FALSE	TRUE	NA	NA	NA	NA
"NNNNNNNNNNNNNTGTCGGCTGCTCCCTCCCAAACATCTGTGTACTTCTGTGCCAGCCTGGAGTTGAATGAGCAGTTCTTCGGGCCA"	"CASLELNEQFF"	"NNNNNNNNNNNNNTGTCGGCTGCTCCCTCCCAAACATCTGTGTACTTCTGTGCCAGCCTGGAGTTGAATGAGCAGTTCTTCGGGCCA"	"CASLELNEQFF"	NA	"TCRBD2-1*2"	"TCRBJ2-1*1"	57	59	63	66	2	3	NA	NA	"NNNNNNNNNNNNNTGTCGGCTGCTCCCTCCCAAACATCTGTGTACTTCTGTGCCAGCCTGGAGTTGAATGAGCAGTTCTTCGGGCCA"	FALSE	TRUE	NA	NA	NA	NA
"TCCAGCAGGTAGTGCGAGGAGATTCGGCAGCTTATTTCTGTGCCAGCTCCCGCACAGGGTAGAGACTATGGCTACACCTTCGGTTCG"	""	"TCCAGCAGGTAGTGCGAGGAGATTCGGCAGCTTATTTCTGTGCCAGCTCCCGCACAGGGTAGAGACTATGGCTACACCTTCGGTTCG"	""	"TCRBV18-1*1"	"TCRBD1-1*1"	"TCRBJ1-2*1"	49	53	59	64	4	5	NA	NA	"TCCAGCAGGTAGTGCGAGGAGATTCGGCAGCTTATTTCTGTGCCAGCTCCCGCACAGGGTAGAGACTATGGCTACACCTTCGGTTCG"	FALSE	FALSE	NA	NA	NA	NA
"CAGCGCACAGAGCAGGGGGACTCGGCCATGTATCTCTGTGCCAGCAGCTCACCGGGACAGAGGAACACTGAAGCTTTCTTTGGACAA"	"CASSSPGQRNTEAFF"	"CAGCGCACAGAGCAGGGGGACTCGGCCATGTATCTCTGTGCCAGCAGCTCACCGGGACAGAGGAACACTGAAGCTTTCTTTGGACAA"	"CASSSPGQRNTEAFF"	"TCRBV7-9*1"	"TCRBD1-1*1"	"TCRBJ1-1*1"	49	53	60	62	4	2	NA	NA	"CAGCGCACAGAGCAGGGGGACTCGGCCATGTATCTCTGTGCCAGCAGCTCACCGGGACAGAGGAACACTGAAGCTTTCTTTGGACAA"	FALSE	TRUE	NA	NA	NA	NA
"CTGGAGTCCGCCAGCACCAACCAGACATCTATGTACCTCTGTGCCACTCGATGGACTAGCGCCGCAGATACGCAGTATTTTGGCCCA"	"CATRWTSAADTQYF"	"CTGGAGTCCGCCAGCACCAACCAGACATCTATGTACCTCTGTGCCACTCGATGGACTAGCGCCGCAGATACGCAGTATTTTGGCCCA"	"CATRWTSAADTQYF"	"TCRBV28-1*1"	"TCRBD2-1"	"TCRBJ2-3*1"	46	52	61	64	6	3	NA	NA	"CTGGAGTCCGCCAGCACCAACCAGACATCTATGTACCTCTGTGCCACTCGATGGACTAGCGCCGCAGATACGCAGTATTTTGGCCCA"	FALSE	TRUE	NA	NA	NA	NA
"TCCGCCAGCACCAACCAGACATCTATGTACCTCTGTGCCAGCAGTTTATTGTTACAGGGGTGACGGGACGAGCAGTACTTCGGGCCG"	"CASSLLLQG*RDEQYF"	"TCCGCCAGCACCAACCAGACATCTATGTACCTCTGTGCCAGCAGTTTATTGTTACAGGGGTGACGGGACGAGCAGTACTTCGGGCCG"	"CASSLLLQG*RDEQYF"	"TCRBV28-1*1"	"TCRBD1-1*1"	"TCRBJ2-7*1"	49	53	60	67	4	7	NA	NA	"TCCGCCAGCACCAACCAGACATCTATGTACCTCTGTGCCAGCAGTTTATTGTTACAGGGGTGACGGGACGAGCAGTACTTCGGGCCG"	FALSE	TRUE	NA	NA	NA	NA
"TGGAGCTGGGGGACTCGGCCCTTTATCTTTGCGCCAGCAGCTTGGACTAGCGGGAGTTAGGTCAAAAACATTCAGTACTTCGGCGCC"	""	"TGGAGCTGGGGGACTCGGCCCTTTATCTTTGCGCCAGCAGCTTGGACTAGCGGGAGTTAGGTCAAAAACATTCAGTACTTCGGCGCC"	""	"TCRBV5-1*1"	"TCRBD2-1*2"	"TCRBJ2-4*1"	-1	45	56	62	46	6	NA	NA	"TGGAGCTGGGGGACTCGGCCCTTTATCTTTGCGCCAGCAGCTTGGACTAGCGGGAGTTAGGTCAAAAACATTCAGTACTTCGGCGCC"	FALSE	FALSE	NA	NA	NA	NA
"CACACCCTGCAGCCAGAAGACTCGGCCCTGTATCTCTGCGCCAGCCGCCTAGGACTAGCGGATTACAATGAGCAGTTCTTCGGGCCA"	"CASRLGLADYNEQFF"	"CACACCCTGCAGCCAGAAGACTCGGCCCTGTATCTCTGCGCCAGCCGCCTAGGACTAGCGGATTACAATGAGCAGTTCTTCGGGCCA"	"CASRLGLADYNEQFF"	"TCRBV4-3*1"	"TCRBD2-1"	"TCRBJ2-1*1"	49	51	61	63	2	2	NA	NA	"CACACCCTGCAGCCAGAAGACTCGGCCCTGTATCTCTGCGCCAGCCGCCTAGGACTAGCGGATTACAATGAGCAGTTCTTCGGGCCA"	FALSE	TRUE	NA	NA	NA	NA
"NNNNNNNNNNNNNTGTCGGCTGCTCCCTCCCAAACATCTGTGTACTTCTGTGCCAGCAGCCCAGGGTACGAGCAGTACTTCGGGCCG"	"CASSPGYEQYF"	"NNNNNNNNNNNNNTGTCGGCTGCTCCCTCCCAAACATCTGTGTACTTCTGTGCCAGCAGCCCAGGGTACGAGCAGTACTTCGGGCCG"	"CASSPGYEQYF"	"TCRBV6-2*2"	NA	"TCRBJ2-7*1"	-1	62	-1	66	63	67	NA	NA	"NNNNNNNNNNNNNTGTCGGCTGCTCCCTCCCAAACATCTGTGTACTTCTGTGCCAGCAGCCCAGGGTACGAGCAGTACTTCGGGCCG"	FALSE	TRUE	NA	NA	NA	NA
"ACATCGGCCCAAAAGAACCCGACAGCTTTCTATCTCTGTGCCAGTAGTTGGGGACTAGCGGAAACTAATGAGCAGTTCTTCGGGCCA"	"CASSWGLAETNEQFF"	"ACATCGGCCCAAAAGAACCCGACAGCTTTCTATCTCTGTGCCAGTAGTTGGGGACTAGCGGAAACTAATGAGCAGTTCTTCGGGCCA"	"CASSWGLAETNEQFF"	"TCRBV19-1*1"	"TCRBD2-1"	"TCRBJ2-1*1"	48	50	61	66	2	5	NA	NA	"ACATCGGCCCAAAAGAACCCGACAGCTTTCTATCTCTGTGCCAGTAGTTGGGGACTAGCGGAAACTAATGAGCAGTTCTTCGGGCCA"	FALSE	TRUE	NA	NA	NA	NA
"ATCCAGCGCACAGAGCAGCGGGACTCGGCCATGTATCGCTGTGCCAGCAGCTTAGCAGGACTAGACTACGAGCAGTACTTCGGGCCG"	"CASSLAGLDYEQYF"	"ATCCAGCGCACAGAGCAGCGGGACTCGGCCATGTATCGCTGTGCCAGCAGCTTAGCAGGACTAGACTACGAGCAGTACTTCGGGCCG"	"CASSLAGLDYEQYF"	"TCRBV7-6*1"	"TCRBD2-1"	"TCRBJ2-7*1"	56	57	64	65	1	1	NA	NA	"ATCCAGCGCACAGAGCAGCGGGACTCGGCCATGTATCGCTGTGCCAGCAGCTTAGCAGGACTAGACTACGAGCAGTACTTCGGGCCG"	FALSE	TRUE	NA	NA	NA	NA
"ACATCGGCCCAAAAGAACCCGACAGCTTTCTATCTCTGTGCCAGTAGTATACGGCGACTAGGTGAAGATACGCAGTATTTTGGCCCA"	"CASSIRRLGEDTQYF"	"ACATCGGCCCAAAAGAACCCGACAGCTTTCTATCTCTGTGCCAGTAGTATACGGCGACTAGGTGAAGATACGCAGTATTTTGGCCCA"	"CASSIRRLGEDTQYF"	"TCRBV19-1*1"	"TCRBD2-1"	"TCRBJ2-3*1"	51	55	61	65	4	4	NA	NA	"ACATCGGCCCAAAAGAACCCGACAGCTTTCTATCTCTGTGCCAGTAGTATACGGCGACTAGGTGAAGATACGCAGTATTTTGGCCCA"	FALSE	TRUE	NA	NA	NA	NA
"GTGAACGCCTTGTTGCTGGGGGACTCGGCCCTCTATCTCTGTGCCAGCCGGAGCAGGGGCAAAATTCGTGAGCAGTACTTCGGGCCG"	"CASRSRGKIREQYF"	"GTGAACGCCTTGTTGCTGGGGGACTCGGCCCTCTATCTCTGTGCCAGCCGGAGCAGGGGCAAAATTCGTGAGCAGTACTTCGGGCCG"	"CASRSRGKIREQYF"	"TCRBV5-6*1"	"TCRBD1-1*1"	"TCRBJ2-7*1"	48	53	59	69	5	10	NA	NA	"GTGAACGCCTTGTTGCTGGGGGACTCGGCCCTCTATCTCTGTGCCAGCCGGAGCAGGGGCAAAATTCGTGAGCAGTACTTCGGGCCG"	FALSE	TRUE	NA	NA	NA	NA
"AATGTGAGCACCTTGGAGCTGGGGGACTCGGCCCTTTATCTTTGCGCCAGCAGCCGGACTAGCTCCTACGAGCAGTACTTCGGGCCG"	"CASSRTSSYEQYF"	"AATGTGAGCACCTTGGAGCTGGGGGACTCGGCCCTTTATCTTTGCGCCAGCAGCCGGACTAGCTCCTACGAGCAGTACTTCGGGCCG"	"CASSRTSSYEQYF"	"TCRBV5-1*1"	"TCRBD2-1"	"TCRBJ2-7*1"	54	55	-1	62	1	63	NA	NA	"AATGTGAGCACCTTGGAGCTGGGGGACTCGGCCCTTTATCTTTGCGCCAGCAGCCGGACTAGCTCCTACGAGCAGTACTTCGGGCCG"	FALSE	TRUE	NA	NA	NA	NA
"CCTCACATACCTCTCAGTACCTCTGTGCCAGCAGTTCGAGGGCACTTGGGGTTAGAGGAGTACACCGGGGAGCTGTTTTTTGGAGAA"	""	"CCTCACATACCTCTCAGTACCTCTGTGCCAGCAGTTCGAGGGCACTTGGGGTTAGAGGAGTACACCGGGGAGCTGTTTTTTGGAGAA"	""	NA	"TCRBD2-1*2"	"TCRBJ2-2*1"	35	37	42	61	2	19	NA	NA	"CCTCACATACCTCTCAGTACCTCTGTGCCAGCAGTTCGAGGGCACTTGGGGTTAGAGGAGTACACCGGGGAGCTGTTTTTTGGAGAA"	FALSE	FALSE	NA	NA	NA	NA
"GCCCTGCAGCCAGAAGACTCAGCCCTGTATCTCTGCGCCAGCAGCCAAGAAGGGACAGGGGCCTACAATGAGCAGTTCTTCGGGCCA"	"CASSQEGTGAYNEQFF"	"GCCCTGCAGCCAGAAGACTCAGCCCTGTATCTCTGCGCCAGCAGCCAAGAAGGGACAGGGGCCTACAATGAGCAGTTCTTCGGGCCA"	"CASSQEGTGAYNEQFF"	"TCRBV4-1*1"	"TCRBD1-1*1"	"TCRBJ2-1*1"	50	51	-1	61	1	62	NA	NA	"GCCCTGCAGCCAGAAGACTCAGCCCTGTATCTCTGCGCCAGCAGCCAAGAAGGGACAGGGGCCTACAATGAGCAGTTCTTCGGGCCA"	FALSE	TRUE	NA	NA	NA	NA
"CACCTACACGCCCTGCAGCCAGAAGACTCAGCCCTGTATCTCTGCGCCAGCAGCCATGGGACTCGTTACGAGCAGTACTTCGGGCCG"	"CASSHGTRYEQYF"	"CACCTACACGCCCTGCAGCCAGAAGACTCAGCCCTGTATCTCTGCGCCAGCAGCCATGGGACTCGTTACGAGCAGTACTTCGGGCCG"	"CASSHGTRYEQYF"	"TCRBV4-1*1"	"TCRBD2-1"	"TCRBJ2-7*1"	56	57	63	66	1	3	NA	NA	"CACCTACACGCCCTGCAGCCAGAAGACTCAGCCCTGTATCTCTGCGCCAGCAGCCATGGGACTCGTTACGAGCAGTACTTCGGGCCG"	FALSE	TRUE	NA	NA	NA	NA
"NNNNNNNTGTCGGCTGCTCCCTCCCAAACATCTGTGTACTTCTGTGCCAGCAGTTACGGGGGTCTCGACGAGCAGTACTTCGGGCCG"	"CASSYGGLDEQYF"	"NNNNNNNTGTCGGCTGCTCCCTCCCAAACATCTGTGTACTTCTGTGCCAGCAGTTACGGGGGTCTCGACGAGCAGTACTTCGGGCCG"	"CASSYGGLDEQYF"	"TCRBV6-2/6-3*1"	NA	"TCRBJ2-7*1"	-1	57	62	67	58	5	NA	NA	"NNNNNNNTGTCGGCTGCTCCCTCCCAAACATCTGTGTACTTCTGTGCCAGCAGTTACGGGGGTCTCGACGAGCAGTACTTCGGGCCG"	FALSE	TRUE	NA	NA	NA	NA
"AGCACCAACCAGACATCTATGTACCTCTGTGCCAGCTGTCGAAGGGGACTAGCGGGAAGGGCCAAAAACATTCAGTACTTCGGCGCC"	"CASCRRGLAGRAKNIQYF"	"AGCACCAACCAGACATCTATGTACCTCTGTGCCAGCTGTCGAAGGGGACTAGCGGGAAGGGCCAAAAACATTCAGTACTTCGGCGCC"	"CASCRRGLAGRAKNIQYF"	"TCRBV28-1*1"	"TCRBD2-1*2"	"TCRBJ2-4*1"	36	44	57	60	8	3	NA	NA	"AGCACCAACCAGACATCTATGTACCTCTGTGCCAGCTGTCGAAGGGGACTAGCGGGAAGGGCCAAAAACATTCAGTACTTCGGCGCC"	FALSE	TRUE	NA	NA	NA	NA
"GCCCATCCTGAAGACAGCAGCTTCTACATCTGCAGTGCTAGATCCGGGACTAGCGGGAGCTCCTACAATGAGCAGTTCTTCGGGCCA"	"CSARSGTSGSSYNEQFF"	"GCCCATCCTGAAGACAGCAGCTTCTACATCTGCAGTGCTAGATCCGGGACTAGCGGGAGCTCCTACAATGAGCAGTTCTTCGGGCCA"	"CSARSGTSGSSYNEQFF"	NA	"TCRBD2-1*2"	"TCRBJ2-1*1"	42	45	-1	59	3	60	NA	NA	"GCCCATCCTGAAGACAGCAGCTTCTACATCTGCAGTGCTAGATCCGGGACTAGCGGGAGCTCCTACAATGAGCAGTTCTTCGGGCCA"	FALSE	TRUE	NA	NA	NA	NA
"CAGCGCACAGAGCAGGGGGACTCGGCCATGTATCTCTGTGCCAGCAGCTCCTCCTTTAATACTCACACTGAAGCTTTCTTTGGACAA"	"CASSSSFNTHTEAFF"	"CAGCGCACAGAGCAGGGGGACTCGGCCATGTATCTCTGTGCCAGCAGCTCCTCCTTTAATACTCACACTGAAGCTTTCTTTGGACAA"	"CASSSSFNTHTEAFF"	"TCRBV7-9*1"	"TCRBD2-1"	"TCRBJ1-1*1"	49	60	63	64	11	1	NA	NA	"CAGCGCACAGAGCAGGGGGACTCGGCCATGTATCTCTGTGCCAGCAGCTCCTCCTTTAATACTCACACTGAAGCTTTCTTTGGACAA"	FALSE	TRUE	NA	NA	NA	NA
"CAGAGCAGGGGGACTCGGCCATGTATCTCTGTGCCAGCAGCCGCATTGAGAGGGTAGGTTGTGAACACTGAAGCTTTCTTTGGACAA"	""	"CAGAGCAGGGGGACTCGGCCATGTATCTCTGTGCCAGCAGCCGCATTGAGAGGGTAGGTTGTGAACACTGAAGCTTTCTTTGGACAA"	""	"TCRBV7-9*1"	"TCRBD2-1*2"	"TCRBJ1-1*1"	41	49	54	61	8	7	NA	NA	"CAGAGCAGGGGGACTCGGCCATGTATCTCTGTGCCAGCAGCCGCATTGAGAGGGTAGGTTGTGAACACTGAAGCTTTCTTTGGACAA"	FALSE	FALSE	NA	NA	NA	NA
"GTGACATCGGCCCAAAAGAACCCGACAGCTTTCTATCTCTGTGCCAGTACCCCGACCAGTGGAGCCTACGAGCAGTACTTCGGGCCG"	"CASTPTSGAYEQYF"	"GTGACATCGGCCCAAAAGAACCCGACAGCTTTCTATCTCTGTGCCAGTACCCCGACCAGTGGAGCCTACGAGCAGTACTTCGGGCCG"	"CASTPTSGAYEQYF"	"TCRBV19-1*1"	"TCRBD2-1*2"	"TCRBJ2-7*1"	49	60	-1	64	11	65	NA	NA	"GTGACATCGGCCCAAAAGAACCCGACAGCTTTCTATCTCTGTGCCAGTACCCCGACCAGTGGAGCCTACGAGCAGTACTTCGGGCCG"	FALSE	TRUE	NA	NA	NA	NA
"AAGATCCAGCCTGCAGAGCTTGGGGACTCGGCCGTGTATCTCTGTGCCAGCAGCTTCAACAGCCGCTACGAGCAGTACTTCGGGCCG"	"CASSFNSRYEQYF"	"AAGATCCAGCCTGCAGAGCTTGGGGACTCGGCCGTGTATCTCTGTGCCAGCAGCTTCAACAGCCGCTACGAGCAGTACTTCGGGCCG"	"CASSFNSRYEQYF"	"TCRBV11-3*1"	"TCRBD1-1*1"	"TCRBJ2-7*1"	56	58	62	65	2	3	NA	NA	"AAGATCCAGCCTGCAGAGCTTGGGGACTCGGCCGTGTATCTCTGTGCCAGCAGCTTCAACAGCCGCTACGAGCAGTACTTCGGGCCG"	FALSE	TRUE	NA	NA	NA	NA
"GCTACCCGCTCCCAGACATCTGTGTATTTCTGCGCCAGCAGTGAGGTCAGCGGGACTAGCGGGTACAATGAGCAGTTCTTCGGGCCA"	"CASSEVSGTSGYNEQFF"	"GCTACCCGCTCCCAGACATCTGTGTATTTCTGCGCCAGCAGTGAGGTCAGCGGGACTAGCGGGTACAATGAGCAGTTCTTCGGGCCA"	"CASSEVSGTSGYNEQFF"	"TCRBV1-2*1"	"TCRBD2-1"	"TCRBJ2-1*1"	45	51	-1	63	6	64	NA	NA	"GCTACCCGCTCCCAGACATCTGTGTATTTCTGCGCCAGCAGTGAGGTCAGCGGGACTAGCGGGTACAATGAGCAGTTCTTCGGGCCA"	FALSE	TRUE	NA	NA	NA	NA
"GTGACCAGTGCCCATCCTGAAGACAGCAGCTTCTACATCTGCAGTGCTAGGAAGCGGGGTTCCTACAATGAGCAGTTCTTCGGGCCA"	"CSARKRGSYNEQFF"	"GTGACCAGTGCCCATCCTGAAGACAGCAGCTTCTACATCTGCAGTGCTAGGAAGCGGGGTTCCTACAATGAGCAGTTCTTCGGGCCA"	"CSARKRGSYNEQFF"	NA	"TCRBD2-1*1"	"TCRBJ2-1*1"	50	52	59	60	2	1	NA	NA	"GTGACCAGTGCCCATCCTGAAGACAGCAGCTTCTACATCTGCAGTGCTAGGAAGCGGGGTTCCTACAATGAGCAGTTCTTCGGGCCA"	FALSE	TRUE	NA	NA	NA	NA
"ACTCTGACAGTGACCAGTGCCCATCCTGAAGACAGCAGCTTCTACATCTGCAGTGCTATCAGGGGTGCGGGCTACACCTTCGGTTCG"	"CSAIRGAGYTF"	"ACTCTGACAGTGACCAGTGCCCATCCTGAAGACAGCAGCTTCTACATCTGCAGTGCTATCAGGGGTGCGGGCTACACCTTCGGTTCG"	"CSAIRGAGYTF"	"TCRBV2-1"	"TCRBD1-1*1"	"TCRBJ1-2*1"	58	59	65	69	1	4	NA	NA	"ACTCTGACAGTGACCAGTGCCCATCCTGAAGACAGCAGCTTCTACATCTGCAGTGCTATCAGGGGTGCGGGCTACACCTTCGGTTCG"	FALSE	TRUE	NA	NA	NA	NA
"GAGTCCGCCAGCACCAACCAGACATCTATGTACCTCTGTGCCAGCAGTCCCAGGGACAGGGGACATCAGCCCCAGCATTTTGGTGAT"	"CASSPRDRGHQPQHF"	"GAGTCCGCCAGCACCAACCAGACATCTATGTACCTCTGTGCCAGCAGTCCCAGGGACAGGGGACATCAGCCCCAGCATTTTGGTGAT"	"CASSPRDRGHQPQHF"	"TCRBV28-1*1"	"TCRBD1-1*1"	"TCRBJ1-5*1"	48	52	62	64	4	2	NA	NA	"GAGTCCGCCAGCACCAACCAGACATCTATGTACCTCTGTGCCAGCAGTCCCAGGGACAGGGGACATCAGCCCCAGCATTTTGGTGAT"	FALSE	TRUE	NA	NA	NA	NA
"CGCTCACCAGGCCTGGGGGACGCAGCCATGTACCTGTGTGCCACCAGCAGGAGTCCAGCGGGGTACTACGAGCAGTACTTCGGGCCG"	"CATSRSPAGYYEQYF"	"CGCTCACCAGGCCTGGGGGACGCAGCCATGTACCTGTGTGCCACCAGCAGGAGTCCAGCGGGGTACTACGAGCAGTACTTCGGGCCG"	"CATSRSPAGYYEQYF"	"TCRBV15-1*2"	"TCRBD2-1*1"	"TCRBJ2-7*1"	50	56	63	65	6	2	NA	NA	"CGCTCACCAGGCCTGGGGGACGCAGCCATGTACCTGTGTGCCACCAGCAGGAGTCCAGCGGGGTACTACGAGCAGTACTTCGGGCCG"	FALSE	TRUE	NA	NA	NA	NA
"AGCTCTCTGGAGCTGGGGGACTCAGCTTTGTATTTCTGTGCCAGCATTTCCCCCGACTTCTCCTACAATGAGCAGTTCTTCGGGCCA"	"CASISPDFSYNEQFF"	"AGCTCTCTGGAGCTGGGGGACTCAGCTTTGTATTTCTGTGCCAGCATTTCCCCCGACTTCTCCTACAATGAGCAGTTCTTCGGGCCA"	"CASISPDFSYNEQFF"	"TCRBV9-1*1"	"TCRBD2-1"	"TCRBJ2-1*1"	46	54	58	59	8	1	NA	NA	"AGCTCTCTGGAGCTGGGGGACTCAGCTTTGTATTTCTGTGCCAGCATTTCCCCCGACTTCTCCTACAATGAGCAGTTCTTCGGGCCA"	FALSE	TRUE	NA	NA	NA	NA
"CAGCGCGCAGAGCAGGGGGACTCGGCCATGTATCTCTGTGCCAGCAGCTTAACGGGGGGCTTAGGTTCACCCCTCCACTTTGGGAAT"	"CASSLTGGLGSPLHF"	"CAGCGCGCAGAGCAGGGGGACTCGGCCATGTATCTCTGTGCCAGCAGCTTAACGGGGGGCTTAGGTTCACCCCTCCACTTTGGGAAT"	"CASSLTGGLGSPLHF"	"TCRBV7-9*1"	"TCRBD2-1*1"	"TCRBJ1-6*1"	51	52	59	65	1	6	NA	NA	"CAGCGCGCAGAGCAGGGGGACTCGGCCATGTATCTCTGTGCCAGCAGCTTAACGGGGGGCTTAGGTTCACCCCTCCACTTTGGGAAT"	FALSE	TRUE	NA	NA	NA	NA
"TTGGAGCTGGACGACTCGGCCCTGTATCTCTGTGCCAGCAGCTTGGCCCCTAGCGTAGGTTACTCCTACGAGCAGTACTTCGGGCCG"	"CASSLAPSVGYSYEQYF"	"TTGGAGCTGGACGACTCGGCCCTGTATCTCTGTGCCAGCAGCTTGGCCCCTAGCGTAGGTTACTCCTACGAGCAGTACTTCGGGCCG"	"CASSLAPSVGYSYEQYF"	"TCRBV5-4*1"	"TCRBD2-1"	"TCRBJ2-7*1"	46	49	55	62	3	7	NA	NA	"TTGGAGCTGGACGACTCGGCCCTGTATCTCTGTGCCAGCAGCTTGGCCCCTAGCGTAGGTTACTCCTACGAGCAGTACTTCGGGCCG"	FALSE	TRUE	NA	NA	NA	NA
"CAGCGCACAGAGCGGGGGGACTCAGCCGTGTATCTCTGTGCCAGCAGCGAAACTAGCGGGAGTGGTGACATTCAGTACTTCGGCGCC"	"CASSETSGSGDIQYF"	"CAGCGCACAGAGCGGGGGGACTCAGCCGTGTATCTCTGTGCCAGCAGCGAAACTAGCGGGAGTGGTGACATTCAGTACTTCGGCGCC"	"CASSETSGSGDIQYF"	"TCRBV7-3*1"	"TCRBD2-1*2"	"TCRBJ2-4*1"	48	51	62	67	3	5	NA	NA	"CAGCGCACAGAGCGGGGGGACTCAGCCGTGTATCTCTGTGCCAGCAGCGAAACTAGCGGGAGTGGTGACATTCAGTACTTCGGCGCC"	FALSE	TRUE	NA	NA	NA	NA
"GCCCTGCAGCCAGAAGACTCAGCCCTGTATCTCTGCGCCAGCAGCCAAGACCACAGGGGCCTTTTCTACGAGCAGTACTTCGGGCCG"	"CASSQDHRGLFYEQYF"	"GCCCTGCAGCCAGAAGACTCAGCCCTGTATCTCTGCGCCAGCAGCCAAGACCACAGGGGCCTTTTCTACGAGCAGTACTTCGGGCCG"	"CASSQDHRGLFYEQYF"	"TCRBV4-1*1"	"TCRBD1-1*1"	"TCRBJ2-7*1"	50	52	59	65	2	6	NA	NA	"GCCCTGCAGCCAGAAGACTCAGCCCTGTATCTCTGCGCCAGCAGCCAAGACCACAGGGGCCTTTTCTACGAGCAGTACTTCGGGCCG"	FALSE	TRUE	NA	NA	NA	NA
"CTGGAGTCCGCCAGCACCAACCAGACATCTATGTACCTCTGTGCCAGCGGCTACCGACAAATGAACACTGAAGCTTTCTTTGGACAA"	"CASGYRQMNTEAFF"	"CTGGAGTCCGCCAGCACCAACCAGACATCTATGTACCTCTGTGCCAGCGGCTACCGACAAATGAACACTGAAGCTTTCTTTGGACAA"	"CASGYRQMNTEAFF"	"TCRBV28-1*1"	"TCRBD1-1*1"	"TCRBJ1-1*1"	48	55	59	61	7	2	NA	NA	"CTGGAGTCCGCCAGCACCAACCAGACATCTATGTACCTCTGTGCCAGCGGCTACCGACAAATGAACACTGAAGCTTTCTTTGGACAA"	FALSE	TRUE	NA	NA	NA	NA
"TCGGCTGCTCCCTCCCAGACATCTGTGTACTTCTGTGCCAGCAGTTACCGCACTAGCGGGCTGTCCTACGAGCAGTACTTCGGGCCG"	"CASSYRTSGLSYEQYF"	"TCGGCTGCTCCCTCCCAGACATCTGTGTACTTCTGTGCCAGCAGTTACCGCACTAGCGGGCTGTCCTACGAGCAGTACTTCGGGCCG"	"CASSYRTSGLSYEQYF"	"TCRBV6-5*1"	"TCRBD2-1"	"TCRBJ2-7*1"	48	51	60	63	3	3	NA	NA	"TCGGCTGCTCCCTCCCAGACATCTGTGTACTTCTGTGCCAGCAGTTACCGCACTAGCGGGCTGTCCTACGAGCAGTACTTCGGGCCG"	FALSE	TRUE	NA	NA	NA	NA
"TCGCCCAGCCCCAACCAGACCTCTCTGTACTTCTGTGCCAGCAGTTTAACGGGGCGGGGGGACACCGGGGAGCTGTTTTTTGGAGAA"	"CASSLTGRGDTGELFF"	"TCGCCCAGCCCCAACCAGACCTCTCTGTACTTCTGTGCCAGCAGTTTAACGGGGCGGGGGGACACCGGGGAGCTGTTTTTTGGAGAA"	"CASSLTGRGDTGELFF"	"TCRBV27-1*1"	"TCRBD2-1*1"	"TCRBJ2-2*1"	48	53	-1	61	5	62	NA	NA	"TCGCCCAGCCCCAACCAGACCTCTCTGTACTTCTGTGCCAGCAGTTTAACGGGGCGGGGGGACACCGGGGAGCTGTTTTTTGGAGAA"	FALSE	TRUE	NA	NA	NA	NA
"GAGTCGCCCAGCCCCAACCAGACCTCTCTGTACTTCTGTGCCAGCAGTTTATTTCCGGCTCCCAAAAACATTCAGTACTTCGGCGCC"	"CASSLFPAPKNIQYF"	"GAGTCGCCCAGCCCCAACCAGACCTCTCTGTACTTCTGTGCCAGCAGTTTATTTCCGGCTCCCAAAAACATTCAGTACTTCGGCGCC"	"CASSLFPAPKNIQYF"	"TCRBV27-1*1"	NA	"TCRBJ2-4*1"	52	56	59	61	4	2	NA	NA	"GAGTCGCCCAGCCCCAACCAGACCTCTCTGTACTTCTGTGCCAGCAGTTTATTTCCGGCTCCCAAAAACATTCAGTACTTCGGCGCC"	FALSE	TRUE	NA	NA	NA	NA
"CAGCGCACAGAGCAGCGGGACTCAGCCATGTATCGCTGTGCTAGCAGCCCCGGGAGGGCCGCGGTTGGTGAGCAGTTCTTCGGGCCA"	"CASSPGRAAVGEQFF"	"CAGCGCACAGAGCAGCGGGACTCAGCCATGTATCGCTGTGCTAGCAGCCCCGGGAGGGCCGCGGTTGGTGAGCAGTTCTTCGGGCCA"	"CASSPGRAAVGEQFF"	"TCRBV7-7*1"	"TCRBD2-1*2"	"TCRBJ2-1*1"	48	50	58	68	2	10	NA	NA	"CAGCGCACAGAGCAGCGGGACTCAGCCATGTATCGCTGTGCTAGCAGCCCCGGGAGGGCCGCGGTTGGTGAGCAGTTCTTCGGGCCA"	FALSE	TRUE	NA	NA	NA	NA
"AGCACCTTGGAGCTGGGGGACTCGGCCCTTTATCTTTGCGCCAGCAGCGTTCCCACGACGGGAGGGGACACCATATATTTTGGAGAG"	"CASSVPTTGGDTIYF"	"AGCACCTTGGAGCTGGGGGACTCGGCCCTTTATCTTTGCGCCAGCAGCGTTCCCACGACGGGAGGGGACACCATATATTTTGGAGAG"	"CASSVPTTGGDTIYF"	"TCRBV5-1*1"	"TCRBD2-1*2"	"TCRBJ1-3*1"	48	58	66	67	10	1	NA	NA	"AGCACCTTGGAGCTGGGGGACTCGGCCCTTTATCTTTGCGCCAGCAGCGTTCCCACGACGGGAGGGGACACCATATATTTTGGAGAG"	FALSE	TRUE	NA	NA	NA	NA
"CAGCGCACACAGCAGGAGGACTCCGCCGTGTATCTCTGTGCCAGCAGCACCCTTGACAGGGTGGTGTACGAGCAGTACTTCGGGCCG"	"CASSTLDRVVYEQYF"	"CAGCGCACACAGCAGGAGGACTCCGCCGTGTATCTCTGTGCCAGCAGCACCCTTGACAGGGTGGTGTACGAGCAGTACTTCGGGCCG"	"CASSTLDRVVYEQYF"	"TCRBV7-8"	"TCRBD1-1*1"	"TCRBJ2-7*1"	48	54	61	66	6	5	NA	NA	"CAGCGCACACAGCAGGAGGACTCCGCCGTGTATCTCTGTGCCAGCAGCACCCTTGACAGGGTGGTGTACGAGCAGTACTTCGGGCCG"	FALSE	TRUE	NA	NA	NA	NA
"GAGTCCGCCAGCACCAACCAGACATCTATGTACCTCTGTGCCAGCAGTAACCGGGACAGGGTTACCTACGAGCAGTACTTCGGGCCG"	"CASSNRDRVTYEQYF"	"GAGTCCGCCAGCACCAACCAGACATCTATGTACCTCTGTGCCAGCAGTAACCGGGACAGGGTTACCTACGAGCAGTACTTCGGGCCG"	"CASSNRDRVTYEQYF"	"TCRBV28-1*1"	"TCRBD1-1*1"	"TCRBJ2-7*1"	48	52	61	64	4	3	NA	NA	"GAGTCCGCCAGCACCAACCAGACATCTATGTACCTCTGTGCCAGCAGTAACCGGGACAGGGTTACCTACGAGCAGTACTTCGGGCCG"	FALSE	TRUE	NA	NA	NA	NA
"GTGCAGCCTGCAGAGCTTGGGGACTCGGCCGTGTATCTCTGTGCCAGCAGCTTAGATCCAGCGGCAGATACGCAGTATTTTGGCCCA"	"CASSLDPAADTQYF"	"GTGCAGCCTGCAGAGCTTGGGGACTCGGCCGTGTATCTCTGTGCCAGCAGCTTAGATCCAGCGGCAGATACGCAGTATTTTGGCCCA"	"CASSLDPAADTQYF"	"TCRBV11-3*1"	"TCRBD2-1"	"TCRBJ2-3*1"	56	59	-1	64	3	65	NA	NA	"GTGCAGCCTGCAGAGCTTGGGGACTCGGCCGTGTATCTCTGTGCCAGCAGCTTAGATCCAGCGGCAGATACGCAGTATTTTGGCCCA"	FALSE	TRUE	NA	NA	NA	NA
"TTGGAGCTGGGGGACTCGGCCCTTTATCTTTGCGCCAGCAGCTTATTTTTGGGACAGGGTCTCGTCGGGGAGCTGTTTTTTGGAGAA"	"CASSLFLGQGLVGELFF"	"TTGGAGCTGGGGGACTCGGCCCTTTATCTTTGCGCCAGCAGCTTATTTTTGGGACAGGGTCTCGTCGGGGAGCTGTTTTTTGGAGAA"	"CASSLFLGQGLVGELFF"	"TCRBV5-1*1"	"TCRBD1-1*1"	"TCRBJ2-2*1"	44	50	59	65	6	6	NA	NA	"TTGGAGCTGGGGGACTCGGCCCTTTATCTTTGCGCCAGCAGCTTATTTTTGGGACAGGGTCTCGTCGGGGAGCTGTTTTTTGGAGAA"	FALSE	TRUE	NA	NA	NA	NA
"CTCCTTCTCAGTGACTCTGGCTTCTATCTCTGTGCCTGGAGTACTAGCGGTTGGAGGGAGAGCACAGATACGCAGTATTTTGGCCCA"	"CAWSTSGWRESTDTQYF"	"CTCCTTCTCAGTGACTCTGGCTTCTATCTCTGTGCCTGGAGTACTAGCGGTTGGAGGGAGAGCACAGATACGCAGTATTTTGGCCCA"	"CAWSTSGWRESTDTQYF"	"TCRBV3-1*1"	"TCRBD2-1"	"TCRBJ2-3*1"	-1	42	50	60	43	10	NA	NA	"CTCCTTCTCAGTGACTCTGGCTTCTATCTCTGTGCCTGGAGTACTAGCGGTTGGAGGGAGAGCACAGATACGCAGTATTTTGGCCCA"	FALSE	TRUE	NA	NA	NA	NA
"GGAGTCGCCCAGCCCCAACCAGACCTCTCTGTACTTCTGTGCCAGCAGTGGGGACAGATGAACACCGGGGAGCTGTTTTTTGGAGAA"	""	"GGAGTCGCCCAGCCCCAACCAGACCTCTCTGTACTTCTGTGCCAGCAGTGGGGACAGATGAACACCGGGGAGCTGTTTTTTGGAGAA"	""	"TCRBV27-1*1"	"TCRBD1-1*1"	"TCRBJ2-2*1"	49	50	57	59	1	2	NA	NA	"GGAGTCGCCCAGCCCCAACCAGACCTCTCTGTACTTCTGTGCCAGCAGTGGGGACAGATGAACACCGGGGAGCTGTTTTTTGGAGAA"	FALSE	FALSE	NA	NA	NA	NA
"TTGGCTGCTCCCTCCCAGACATCTGTGTACTTCTGTGCCAGCAGTTACTCATACGCCGACGTGGAGGAGACCCAGTACTTCGGGCCA"	"CASSYSYADVEETQYF"	"TTGGCTGCTCCCTCCCAGACATCTGTGTACTTCTGTGCCAGCAGTTACTCATACGCCGACGTGGAGGAGACCCAGTACTTCGGGCCA"	"CASSYSYADVEETQYF"	"TCRBV6-6*1"	"TCRBD2-1*2"	"TCRBJ2-5*1"	50	62	-1	66	12	67	NA	NA	"TTGGCTGCTCCCTCCCAGACATCTGTGTACTTCTGTGCCAGCAGTTACTCATACGCCGACGTGGAGGAGACCCAGTACTTCGGGCCA"	FALSE	TRUE	NA	NA	NA	NA
"AGCTCTCTGGAGCTGGGGGACTCAGCTTTGTATTTCTGTGCCAGCAGCGTTACTAGCGGGCTCGCAGATACGCAGTATTTTGGCCCA"	"CASSVTSGLADTQYF"	"AGCTCTCTGGAGCTGGGGGACTCAGCTTTGTATTTCTGTGCCAGCAGCGTTACTAGCGGGCTCGCAGATACGCAGTATTTTGGCCCA"	"CASSVTSGLADTQYF"	"TCRBV9-1*1"	"TCRBD2-1"	"TCRBJ2-3*1"	50	51	60	64	1	4	NA	NA	"AGCTCTCTGGAGCTGGGGGACTCAGCTTTGTATTTCTGTGCCAGCAGCGTTACTAGCGGGCTCGCAGATACGCAGTATTTTGGCCCA"	FALSE	TRUE	NA	NA	NA	NA
"ACAGAGCAGGAGGACTCCGCCGTGTATCTCTGTGCCAGCAGCTTAGGTCGAGGCAGGGTCTCTGGAAACACCATATATTTTGGAGAG"	"CASSLGRGRVSGNTIYF"	"ACAGAGCAGGAGGACTCCGCCGTGTATCTCTGTGCCAGCAGCTTAGGTCGAGGCAGGGTCTCTGGAAACACCATATATTTTGGAGAG"	"CASSLGRGRVSGNTIYF"	"TCRBV7-8*1"	"TCRBD1-1*1"	"TCRBJ1-3*1"	46	53	58	59	7	1	NA	NA	"ACAGAGCAGGAGGACTCCGCCGTGTATCTCTGTGCCAGCAGCTTAGGTCGAGGCAGGGTCTCTGGAAACACCATATATTTTGGAGAG"	FALSE	TRUE	NA	NA	NA	NA
"GATCCAGCGCACAGAGCAGGGGGACTCGGCCATGTATCTCTGTGCCAGCAGGCCGGGAGTGCGGCCTACGAGCAGTACTTCGGGCCG"	""	"GATCCAGCGCACAGAGCAGGGGGACTCGGCCATGTATCTCTGTGCCAGCAGGCCGGGAGTGCGGCCTACGAGCAGTACTTCGGGCCG"	""	"TCRBV7-9*1"	"TCRBD2-1*2"	"TCRBJ2-7*1"	51	53	59	64	2	5	NA	NA	"GATCCAGCGCACAGAGCAGGGGGACTCGGCCATGTATCTCTGTGCCAGCAGGCCGGGAGTGCGGCCTACGAGCAGTACTTCGGGCCG"	FALSE	FALSE	NA	NA	NA	NA
"CACATCAATTCCCTGGAGCTTGGTGACTCTGCTGTGTATTTCTGTGCCAGCAGCGATGGTAGCTACAATGAGCAGTTCTTCGGGCCA"	"CASSDGSYNEQFF"	"CACATCAATTCCCTGGAGCTTGGTGACTCTGCTGTGTATTTCTGTGCCAGCAGCGATGGTAGCTACAATGAGCAGTTCTTCGGGCCA"	"CASSDGSYNEQFF"	"TCRBV3-1/3-2*1"	"TCRBD2-1"	"TCRBJ2-1*1"	54	59	-1	62	5	63	NA	NA	"CACATCAATTCCCTGGAGCTTGGTGACTCTGCTGTGTATTTCTGTGCCAGCAGCGATGGTAGCTACAATGAGCAGTTCTTCGGGCCA"	FALSE	TRUE	NA	NA	NA	NA
"NNNNNTGTCGGCTGCTCCCTCCCAGACATCTGTGTACTTCTGACGAACGTGCTAGCGGGTCCCACAGATACGCAGTATTTTGGCCCA"	""	"NNNNNTGTCGGCTGCTCCCTCCCAGACATCTGTGTACTTCTGACGAACGTGCTAGCGGGTCCCACAGATACGCAGTATTTTGGCCCA"	""	"TCRBV6-5*1"	"TCRBD2-1"	"TCRBJ2-3*1"	42	51	59	62	9	3	NA	NA	"NNNNNTGTCGGCTGCTCCCTCCCAGACATCTGTGTACTTCTGACGAACGTGCTAGCGGGTCCCACAGATACGCAGTATTTTGGCCCA"	FALSE	FALSE	NA	NA	NA	NA
"CCCCTGACCCTGGAGTCTGCCAGGCCCTCACATACCTCTCAGTACCTCTGTGCGTCAGGAGAAAACTACGAGCAGTACTTCGGGCCG"	"CASGENYEQYF"	"CCCCTGACCCTGGAGTCTGCCAGGCCCTCACATACCTCTCAGTACCTCTGTGCGTCAGGAGAAAACTACGAGCAGTACTTCGGGCCG"	"CASGENYEQYF"	"TCRBV25-1*1"	NA	"TCRBJ2-7*1"	53	55	59	65	2	6	NA	NA	"CCCCTGACCCTGGAGTCTGCCAGGCCCTCACATACCTCTCAGTACCTCTGTGCGTCAGGAGAAAACTACGAGCAGTACTTCGGGCCG"	FALSE	TRUE	NA	NA	NA	NA
"CCAGTCCACGGAGTCAGGGGACACAGCACTGTATTTCTGTGCCAGCAGCAAATCACGGACTAGCGGTGTGAGCAGTTCTTCGGGCCA"	""	"CCAGTCCACGGAGTCAGGGGACACAGCACTGTATTTCTGTGCCAGCAGCAAATCACGGACTAGCGGTGTGAGCAGTTCTTCGGGCCA"	""	"TCRBV21-1*1"	"TCRBD2-1"	"TCRBJ2-1*1"	52	56	66	68	4	2	NA	NA	"CCAGTCCACGGAGTCAGGGGACACAGCACTGTATTTCTGTGCCAGCAGCAAATCACGGACTAGCGGTGTGAGCAGTTCTTCGGGCCA"	FALSE	FALSE	NA	NA	NA	NA
"AGATCCAGCGCACAGAGCGGGGGGACTCAGCCGTGTATCTCTGTGCCAGCAGCCGCTTTAGATTAAGAGACCCAGTACTTCGGGCCA"	""	"AGATCCAGCGCACAGAGCGGGGGGACTCAGCCGTGTATCTCTGTGCCAGCAGCCGCTTTAGATTAAGAGACCCAGTACTTCGGGCCA"	""	"TCRBV7-3*1"	"TCRBD2-1"	"TCRBJ2-5*1"	53	58	61	64	5	3	NA	NA	"AGATCCAGCGCACAGAGCGGGGGGACTCAGCCGTGTATCTCTGTGCCAGCAGCCGCTTTAGATTAAGAGACCCAGTACTTCGGGCCA"	FALSE	FALSE	NA	NA	NA	NA
"AAGAAGCTCCTTCTCAGTGACTCTGGCTTCTATCTCTGTGCCTGGACCCGACTGAGCTCCTATAATTCACCCCTCCACTTTGGGAAT"	"CAWTRLSSYNSPLHF"	"AAGAAGCTCCTTCTCAGTGACTCTGGCTTCTATCTCTGTGCCTGGACCCGACTGAGCTCCTATAATTCACCCCTCCACTTTGGGAAT"	"CAWTRLSSYNSPLHF"	"TCRBV3-1*1"	"TCRBD2-1"	"TCRBJ1-6*1"	46	49	53	56	3	3	NA	NA	"AAGAAGCTCCTTCTCAGTGACTCTGGCTTCTATCTCTGTGCCTGGACCCGACTGAGCTCCTATAATTCACCCCTCCACTTTGGGAAT"	FALSE	TRUE	NA	NA	NA	NA
"GAGCTGGGGGACTCAGCTTTGTATTTCTGTGCCAGCAGCTTCGGTCGGGGGCCAGTTGTTAGCACAGATACGCAGTATTTTGGCCCA"	"CASSFGRGPVVSTDTQYF"	"GAGCTGGGGGACTCAGCTTTGTATTTCTGTGCCAGCAGCTTCGGTCGGGGGCCAGTTGTTAGCACAGATACGCAGTATTTTGGCCCA"	"CASSFGRGPVVSTDTQYF"	"TCRBV9-1*1"	NA	"TCRBJ2-3*1"	39	46	52	60	7	8	NA	NA	"GAGCTGGGGGACTCAGCTTTGTATTTCTGTGCCAGCAGCTTCGGTCGGGGGCCAGTTGTTAGCACAGATACGCAGTATTTTGGCCCA"	FALSE	TRUE	NA	NA	NA	NA
"GTGAACGCCTTGTTGCTGGGGGACTCGGCCCTCTATCTCTGTGCCAGCAGCGTGGGACGGGTTCTTGATACGCAGTATTTTGGCCCA"	"CASSVGRVLDTQYF"	"GTGAACGCCTTGTTGCTGGGGGACTCGGCCCTCTATCTCTGTGCCAGCAGCGTGGGACGGGTTCTTGATACGCAGTATTTTGGCCCA"	"CASSVGRVLDTQYF"	"TCRBV5-6*1"	"TCRBD2-1"	"TCRBJ2-3*1"	55	57	61	66	2	5	NA	NA	"GTGAACGCCTTGTTGCTGGGGGACTCGGCCCTCTATCTCTGTGCCAGCAGCGTGGGACGGGTTCTTGATACGCAGTATTTTGGCCCA"	FALSE	TRUE	NA	NA	NA	NA
"ATCCAGCCCTCAGAACCCAGGGACTCAGCTGTGTATTTTTGTGCTAGTGGGAAGGGGACAGGGAAACAGACCCAGTACTTCGGGCCA"	"CASGKGTGKQTQYF"	"ATCCAGCCCTCAGAACCCAGGGACTCAGCTGTGTATTTTTGTGCTAGTGGGAAGGGGACAGGGAAACAGACCCAGTACTTCGGGCCA"	"CASGKGTGKQTQYF"	"TCRBV12-5*1"	"TCRBD1-1*1"	"TCRBJ2-5*1"	50	54	63	67	4	4	NA	NA	"ATCCAGCCCTCAGAACCCAGGGACTCAGCTGTGTATTTTTGTGCTAGTGGGAAGGGGACAGGGAAACAGACCCAGTACTTCGGGCCA"	FALSE	TRUE	NA	NA	NA	NA
"CTGGAGTCCGCCAGCACCAACCAGACATCTATGTACCTCTGTGCCAGCAGTTTATTCAGGGGTCTCTACGAGCAGTACTTCGGGCCG"	"CASSLFRGLYEQYF"	"CTGGAGTCCGCCAGCACCAACCAGACATCTATGTACCTCTGTGCCAGCAGTTTATTCAGGGGTCTCTACGAGCAGTACTTCGGGCCG"	"CASSLFRGLYEQYF"	"TCRBV28-1*1"	"TCRBD1-1*1"	"TCRBJ2-7*1"	55	56	62	65	1	3	NA	NA	"CTGGAGTCCGCCAGCACCAACCAGACATCTATGTACCTCTGTGCCAGCAGTTTATTCAGGGGTCTCTACGAGCAGTACTTCGGGCCG"	FALSE	TRUE	NA	NA	NA	NA
"AGCTCTCTGGAGCTGGGGGACTCAGCTTTGTATTTCTGTGCCAGCAGCCCCCAACAGGGTTTGAATTCACCCCTCCACTTTGGGAAT"	"CASSPQQGLNSPLHF"	"AGCTCTCTGGAGCTGGGGGACTCAGCTTTGTATTTCTGTGCCAGCAGCCCCCAACAGGGTTTGAATTCACCCCTCCACTTTGGGAAT"	"CASSPQQGLNSPLHF"	"TCRBV9-1*1"	"TCRBD1-1*1"	"TCRBJ1-6*1"	48	53	59	63	5	4	NA	NA	"AGCTCTCTGGAGCTGGGGGACTCAGCTTTGTATTTCTGTGCCAGCAGCCCCCAACAGGGTTTGAATTCACCCCTCCACTTTGGGAAT"	FALSE	TRUE	NA	NA	NA	NA
"TCCCTGGAGCTTGGTGACTCTGCTGTGTATTTCTGTGCCAGCAGCCCCGGACAGGGGTTTTTTCGCACTGAAGCTTTCTTTGGACAA"	"CASSPGQGFFRTEAFF"	"TCCCTGGAGCTTGGTGACTCTGCTGTGTATTTCTGTGCCAGCAGCCCCGGACAGGGGTTTTTTCGCACTGAAGCTTTCTTTGGACAA"	"CASSPGQGFFRTEAFF"	"TCRBV3-1/3-2*1"	"TCRBD1-1*1"	"TCRBJ1-1*1"	46	48	57	65	2	8	NA	NA	"TCCCTGGAGCTTGGTGACTCTGCTGTGTATTTCTGTGCCAGCAGCCCCGGACAGGGGTTTTTTCGCACTGAAGCTTTCTTTGGACAA"	FALSE	TRUE	NA	NA	NA	NA
"GAGTCTGCTGCCTCCTCCCAGACATCTGTATATTTCTGCGCCAGCAGTGATGGTCAGCGGGAGGGAAATGAGCAGTTCTTCGGGCCA"	"CASSDGQREGNEQFF"	"GAGTCTGCTGCCTCCTCCCAGACATCTGTATATTTCTGCGCCAGCAGTGATGGTCAGCGGGAGGGAAATGAGCAGTTCTTCGGGCCA"	"CASSDGQREGNEQFF"	"TCRBV1-1*1"	"TCRBD2-1*2"	"TCRBJ2-1*1"	50	55	65	66	5	1	NA	NA	"GAGTCTGCTGCCTCCTCCCAGACATCTGTATATTTCTGCGCCAGCAGTGATGGTCAGCGGGAGGGAAATGAGCAGTTCTTCGGGCCA"	FALSE	TRUE	NA	NA	NA	NA
"GGAGCTTGGTGACTCTGCTGTGTATTTCTGTGCCAGCAGCCAAGACCTATTCCTAACGGGGCTTCCTACGAGCAGTACTTCGGGCCG"	""	"GGAGCTTGGTGACTCTGCTGTGTATTTCTGTGCCAGCAGCCAAGACCTATTCCTAACGGGGCTTCCTACGAGCAGTACTTCGGGCCG"	""	"TCRBV3-1/3-2*1"	NA	"TCRBJ2-7*1"	45	57	62	63	12	1	NA	NA	"GGAGCTTGGTGACTCTGCTGTGTATTTCTGTGCCAGCAGCCAAGACCTATTCCTAACGGGGCTTCCTACGAGCAGTACTTCGGGCCG"	FALSE	FALSE	NA	NA	NA	NA
"AACGCCTTGGAGCTGGACGACTCGGCCCTGTATCTCTGTGCCAGCAGCGTTGGGGGTAGCGGGAGGAATGAGCAGTTCTTCGGGCCA"	"CASSVGGSGRNEQFF"	"AACGCCTTGGAGCTGGACGACTCGGCCCTGTATCTCTGTGCCAGCAGCGTTGGGGGTAGCGGGAGGAATGAGCAGTTCTTCGGGCCA"	"CASSVGGSGRNEQFF"	"TCRBV5-4*1"	"TCRBD2-1*2"	"TCRBJ2-1*1"	48	56	-1	66	8	67	NA	NA	"AACGCCTTGGAGCTGGACGACTCGGCCCTGTATCTCTGTGCCAGCAGCGTTGGGGGTAGCGGGAGGAATGAGCAGTTCTTCGGGCCA"	FALSE	TRUE	NA	NA	NA	NA
"CCTTGGAGCTGGACGACTCGGCCCTGTATCTCTGTGCCAGCAGCCTTGGCGGACAGGGGTTTTTATCAGCCCCAGCATTTTGGTGAT"	""	"CCTTGGAGCTGGACGACTCGGCCCTGTATCTCTGTGCCAGCAGCCTTGGCGGACAGGGGTTTTTATCAGCCCCAGCATTTTGGTGAT"	""	"TCRBV5-4*1"	"TCRBD1-1*1"	"TCRBJ1-5*1"	44	50	59	64	6	5	NA	NA	"CCTTGGAGCTGGACGACTCGGCCCTGTATCTCTGTGCCAGCAGCCTTGGCGGACAGGGGTTTTTATCAGCCCCAGCATTTTGGTGAT"	FALSE	FALSE	NA	NA	NA	NA
"CAGCGCACAGAGCAGGAGGACTCGGCCGTGTATCTCTGTGCCAGCAGCTTACTTCCGGCTAGCACAGATACGCAGTATTTTGGCCCA"	"CASSLLPASTDTQYF"	"CAGCGCACAGAGCAGGAGGACTCGGCCGTGTATCTCTGTGCCAGCAGCTTACTTCCGGCTAGCACAGATACGCAGTATTTTGGCCCA"	"CASSLLPASTDTQYF"	"TCRBV7-2"	NA	"TCRBJ2-3*1"	51	56	59	60	5	1	NA	NA	"CAGCGCACAGAGCAGGAGGACTCGGCCGTGTATCTCTGTGCCAGCAGCTTACTTCCGGCTAGCACAGATACGCAGTATTTTGGCCCA"	FALSE	TRUE	NA	NA	NA	NA
"CTGCAGCCAGAAGACTCAGCCCTGTATCTCTGCGCCAGCAGCCAACCGACTCGGACGACGATGTCAGATACGCAGTATTTTGGCCCA"	"CASSQPTRTTMSDTQYF"	"CTGCAGCCAGAAGACTCAGCCCTGTATCTCTGCGCCAGCAGCCAACCGACTCGGACGACGATGTCAGATACGCAGTATTTTGGCCCA"	"CASSQPTRTTMSDTQYF"	"TCRBV4-1*1"	NA	"TCRBJ2-3*1"	45	52	56	64	7	8	NA	NA	"CTGCAGCCAGAAGACTCAGCCCTGTATCTCTGCGCCAGCAGCCAACCGACTCGGACGACGATGTCAGATACGCAGTATTTTGGCCCA"	FALSE	TRUE	NA	NA	NA	NA
"GCCCAAAAGAACCCGACAGCTTTCTATCTCTGTGCCAGTAGTATGGGGCGAGGGGAGTTAGCAATCACGCCCCAGCATTTTGGTGAT"	"CASSMGRGELAITPQHF"	"GCCCAAAAGAACCCGACAGCTTTCTATCTCTGTGCCAGTAGTATGGGGCGAGGGGAGTTAGCAATCACGCCCCAGCATTTTGGTGAT"	"CASSMGRGELAITPQHF"	"TCRBV19-1*1"	NA	"TCRBJ1-5*1"	44	50	55	68	6	13	NA	NA	"GCCCAAAAGAACCCGACAGCTTTCTATCTCTGTGCCAGTAGTATGGGGCGAGGGGAGTTAGCAATCACGCCCCAGCATTTTGGTGAT"	FALSE	TRUE	NA	NA	NA	NA
"AGCACCTTGGAGCTGGGGGACTCGGCCCTTTATCTTTGCGCCAGCAGCCGGCTAGCGGGCGAAGACGGTACGCAGTATTTTGGCCCA"	"CASSRLAGEDGTQYF"	"AGCACCTTGGAGCTGGGGGACTCGGCCCTTTATCTTTGCGCCAGCAGCCGGCTAGCGGGCGAAGACGGTACGCAGTATTTTGGCCCA"	"CASSRLAGEDGTQYF"	"TCRBV5-1*1"	"TCRBD2-1"	"TCRBJ2-3*1"	48	51	59	68	3	9	NA	NA	"AGCACCTTGGAGCTGGGGGACTCGGCCCTTTATCTTTGCGCCAGCAGCCGGCTAGCGGGCGAAGACGGTACGCAGTATTTTGGCCCA"	FALSE	TRUE	NA	NA	NA	NA
"TTGGCTGCTCCCTCCCAGACATCTGTGTACTTCTGTGCCAGCAGTTCATCGGGCGCCCGAAGCAATCAGCCCCAGCATTTTGGTGAT"	"CASSSSGARSNQPQHF"	"TTGGCTGCTCCCTCCCAGACATCTGTGTACTTCTGTGCCAGCAGTTCATCGGGCGCCCGAAGCAATCAGCCCCAGCATTTTGGTGAT"	"CASSSSGARSNQPQHF"	"TCRBV6-6*1"	NA	"TCRBJ1-5*1"	46	50	54	60	4	6	NA	NA	"TTGGCTGCTCCCTCCCAGACATCTGTGTACTTCTGTGCCAGCAGTTCATCGGGCGCCCGAAGCAATCAGCCCCAGCATTTTGGTGAT"	FALSE	TRUE	NA	NA	NA	NA
"CTTGGTGACTCTGCTGTGTATTTCTGTGCCAGCAGCTAAGGAGGGTCCCGCCGGGACTAGAGTGCAGATACGCAGTATTTTGGCCCA"	"CASS*GGSRRD*SADTQYF"	"CTTGGTGACTCTGCTGTGTATTTCTGTGCCAGCAGCTAAGGAGGGTCCCGCCGGGACTAGAGTGCAGATACGCAGTATTTTGGCCCA"	"CASS*GGSRRD*SADTQYF"	"TCRBV3-1/3-2*1"	"TCRBD2-1"	"TCRBJ2-3*1"	40	52	60	64	12	4	NA	NA	"CTTGGTGACTCTGCTGTGTATTTCTGTGCCAGCAGCTAAGGAGGGTCCCGCCGGGACTAGAGTGCAGATACGCAGTATTTTGGCCCA"	FALSE	TRUE	NA	NA	NA	NA
"AAGATCCGGTCCACAAAGCTGGAGGACTCAGCCATGTACTTCTGTGCCACCCCCGGGACTAGCGCCGGGGAGCTGTTTTTTGGAGAA"	"CATPGTSAGELFF"	"AAGATCCGGTCCACAAAGCTGGAGGACTCAGCCATGTACTTCTGTGCCACCCCCGGGACTAGCGCCGGGGAGCTGTTTTTTGGAGAA"	"CATPGTSAGELFF"	"TCRBV2-1"	"TCRBD2-1"	"TCRBJ2-2*1"	49	54	-1	64	5	65	NA	NA	"AAGATCCGGTCCACAAAGCTGGAGGACTCAGCCATGTACTTCTGTGCCACCCCCGGGACTAGCGCCGGGGAGCTGTTTTTTGGAGAA"	FALSE	TRUE	NA	NA	NA	NA
"CGCTCACCAGGCCTGGGGGACGCAGCCATGTACCTGTGTGCCGCTGCACCCGGGTCCTTGAACACCGGGGAGCTGTTTTTTGGAGAA"	"CAAAPGSLNTGELFF"	"CGCTCACCAGGCCTGGGGGACGCAGCCATGTACCTGTGTGCCGCTGCACCCGGGTCCTTGAACACCGGGGAGCTGTTTTTTGGAGAA"	"CAAAPGSLNTGELFF"	"TCRBV15-1*2"	"TCRBD2-1"	"TCRBJ2-2*1"	42	50	54	59	8	5	NA	NA	"CGCTCACCAGGCCTGGGGGACGCAGCCATGTACCTGTGTGCCGCTGCACCCGGGTCCTTGAACACCGGGGAGCTGTTTTTTGGAGAA"	FALSE	TRUE	NA	NA	NA	NA
"TGAACGCCTTGGAGCTGGAGGACTCGGCCCTGTATCTCTGTGCCAGCAGCCCCGGGACCTAACTTAGATACGCAGTATTTTGGCCCA"	""	"TGAACGCCTTGGAGCTGGAGGACTCGGCCCTGTATCTCTGTGCCAGCAGCCCCGGGACCTAACTTAGATACGCAGTATTTTGGCCCA"	""	"TCRBV5-8*1"	NA	"TCRBJ2-3*1"	50	53	58	65	3	7	NA	NA	"TGAACGCCTTGGAGCTGGAGGACTCGGCCCTGTATCTCTGTGCCAGCAGCCCCGGGACCTAACTTAGATACGCAGTATTTTGGCCCA"	FALSE	FALSE	NA	NA	NA	NA
"ATCCGCTCACCAGGCCTGGGGGACGCAGCCATGTACCTGTGTGCCACCAGCAGAGACACCCTAACTCAGCCCCAGCATTTTGGTGAT"	"CATSRDTLTQPQHF"	"ATCCGCTCACCAGGCCTGGGGGACGCAGCCATGTACCTGTGTGCCACCAGCAGAGACACCCTAACTCAGCCCCAGCATTTTGGTGAT"	"CATSRDTLTQPQHF"	"TCRBV15-1*2"	"TCRBD2-1"	"TCRBJ1-5*1"	56	60	63	65	4	2	NA	NA	"ATCCGCTCACCAGGCCTGGGGGACGCAGCCATGTACCTGTGTGCCACCAGCAGAGACACCCTAACTCAGCCCCAGCATTTTGGTGAT"	FALSE	TRUE	NA	NA	NA	NA
"ATCCAGCCTGCAGAGCTTGGGGACTCGGCCGTGTATCTCTGTGCCAGCAGCGAGTTAGGAAACACAGATACGCAGTATTTTGGCCCA"	"CASSELGNTDTQYF"	"ATCCAGCCTGCAGAGCTTGGGGACTCGGCCGTGTATCTCTGTGCCAGCAGCGAGTTAGGAAACACAGATACGCAGTATTTTGGCCCA"	"CASSELGNTDTQYF"	"TCRBV11-3*1"	NA	"TCRBJ2-3*1"	51	57	60	62	6	2	NA	NA	"ATCCAGCCTGCAGAGCTTGGGGACTCGGCCGTGTATCTCTGTGCCAGCAGCGAGTTAGGAAACACAGATACGCAGTATTTTGGCCCA"	FALSE	TRUE	NA	NA	NA	NA
"NTGTCGGCTGCTCCCTCCCAAACATCTGTGTACTTCTGTGCCAGCACCCAAGAATCGGCGGGCGCGAATGAGCAGTTCTTCGGGCCA"	"CASTQESAGANEQFF"	"NTGTCGGCTGCTCCCTCCCAAACATCTGTGTACTTCTGTGCCAGCACCCAAGAATCGGCGGGCGCGAATGAGCAGTTCTTCGGGCCA"	"CASTQESAGANEQFF"	NA	"TCRBD2-1"	"TCRBJ2-1*1"	46	57	62	66	11	4	NA	NA	"NTGTCGGCTGCTCCCTCCCAAACATCTGTGTACTTCTGTGCCAGCACCCAAGAATCGGCGGGCGCGAATGAGCAGTTCTTCGGGCCA"	FALSE	TRUE	NA	NA	NA	NA
"CAGGGGGACTCGGCCATGTATCTCTGTGCCAGCAGACCAACTACGGGACGGACAGGGGGGGTCTCCTACGAGCAGTACTTCGGGCCG"	"CASRPTTGRTGGVSYEQYF"	"CAGGGGGACTCGGCCATGTATCTCTGTGCCAGCAGACCAACTACGGGACGGACAGGGGGGGTCTCCTACGAGCAGTACTTCGGGCCG"	"CASRPTTGRTGGVSYEQYF"	"TCRBV7-9*1"	"TCRBD1-1*1"	"TCRBJ2-7*1"	35	49	59	62	14	3	NA	NA	"CAGGGGGACTCGGCCATGTATCTCTGTGCCAGCAGACCAACTACGGGACGGACAGGGGGGGTCTCCTACGAGCAGTACTTCGGGCCG"	FALSE	TRUE	NA	NA	NA	NA
"GCTTGAGGACTCGGCCGTGTATCTCTGTGCCAGCAGCTCTAGGGGCCGACAGGGGTGCAAGGGACAGATACGCAGTATTTTGGCCCA"	""	"GCTTGAGGACTCGGCCGTGTATCTCTGTGCCAGCAGCTCTAGGGGCCGACAGGGGTGCAAGGGACAGATACGCAGTATTTTGGCCCA"	""	"TCRBV11-2"	"TCRBD1-1*1"	"TCRBJ2-3*1"	38	47	55	63	9	8	NA	NA	"GCTTGAGGACTCGGCCGTGTATCTCTGTGCCAGCAGCTCTAGGGGCCGACAGGGGTGCAAGGGACAGATACGCAGTATTTTGGCCCA"	FALSE	FALSE	NA	NA	NA	NA
"AACGCCTTGTTGCTGGGGGACTCGGCCCTCTATCTCTGTGCCAGCAGCGACAGGGACCTCCGCTCCTACGAGCAGTACTTCGGGCCG"	"CASSDRDLRSYEQYF"	"AACGCCTTGTTGCTGGGGGACTCGGCCCTCTATCTCTGTGCCAGCAGCGACAGGGACCTCCGCTCCTACGAGCAGTACTTCGGGCCG"	"CASSDRDLRSYEQYF"	"TCRBV5-6*1"	"TCRBD1-1*1"	"TCRBJ2-7*1"	-1	48	55	62	49	7	NA	NA	"AACGCCTTGTTGCTGGGGGACTCGGCCCTCTATCTCTGTGCCAGCAGCGACAGGGACCTCCGCTCCTACGAGCAGTACTTCGGGCCG"	FALSE	TRUE	NA	NA	NA	NA
"GGGGACGCAGCCATGTACCTGTGTGCCACCAGCCTACTCGATGGGACAGGGGGTGGTTCAACTAATGAAAAACTGTTTTTTGGCAGT"	"CATSLLDGTGGGSTNEKLFF"	"GGGGACGCAGCCATGTACCTGTGTGCCACCAGCCTACTCGATGGGACAGGGGGTGGTTCAACTAATGAAAAACTGTTTTTTGGCAGT"	"CATSLLDGTGGGSTNEKLFF"	"TCRBV15-1*2"	"TCRBD1-1*1"	"TCRBJ1-4*1"	33	42	53	58	9	5	NA	NA	"GGGGACGCAGCCATGTACCTGTGTGCCACCAGCCTACTCGATGGGACAGGGGGTGGTTCAACTAATGAAAAACTGTTTTTTGGCAGT"	FALSE	TRUE	NA	NA	NA	NA
"CTGCAGCCAGAAGACTCAGCCCTGTATCTCTGCGCCAGCAGCCAAGTCCCGGGACTAGAGAACACCGGGGAGCTGTTTTTTGGAGAA"	"CASSQVPGLENTGELFF"	"CTGCAGCCAGAAGACTCAGCCCTGTATCTCTGCGCCAGCAGCCAAGTCCCGGGACTAGAGAACACCGGGGAGCTGTTTTTTGGAGAA"	"CASSQVPGLENTGELFF"	"TCRBV4-1*1"	"TCRBD2-1"	"TCRBJ2-2*1"	46	50	58	59	4	1	NA	NA	"CTGCAGCCAGAAGACTCAGCCCTGTATCTCTGCGCCAGCAGCCAAGTCCCGGGACTAGAGAACACCGGGGAGCTGTTTTTTGGAGAA"	FALSE	TRUE	NA	NA	NA	NA
"NTGTCGGCTGCTCCCTCCCAGACATCTGTGTACTTCTGTGCCAGCAGTGAAGGGACTAGCGGGAGCCATGAGCAGTTCTTCGGGCCA"	"CASSEGTSGSHEQFF"	"NTGTCGGCTGCTCCCTCCCAGACATCTGTGTACTTCTGTGCCAGCAGTGAAGGGACTAGCGGGAGCCATGAGCAGTTCTTCGGGCCA"	"CASSEGTSGSHEQFF"	"TCRBV6-1*1"	"TCRBD2-1*2"	"TCRBJ2-1*1"	-1	52	65	67	53	2	NA	NA	"NTGTCGGCTGCTCCCTCCCAGACATCTGTGTACTTCTGTGCCAGCAGTGAAGGGACTAGCGGGAGCCATGAGCAGTTCTTCGGGCCA"	FALSE	TRUE	NA	NA	NA	NA
"CAGCCCTCAGAACCCAGGGACTCAGCTGTGTATTTTTGTGCTAGTGGTTTGTCACAGGGGGCAACCTATGGCTACACCTTCGGTTCG"	"CASGLSQGATYGYTF"	"CAGCCCTCAGAACCCAGGGACTCAGCTGTGTATTTTTGTGCTAGTGGTTTGTCACAGGGGGCAACCTATGGCTACACCTTCGGTTCG"	"CASGLSQGATYGYTF"	"TCRBV12-5*1"	"TCRBD1-1*1"	"TCRBJ1-2*1"	51	53	62	65	2	3	NA	NA	"CAGCCCTCAGAACCCAGGGACTCAGCTGTGTATTTTTGTGCTAGTGGTTTGTCACAGGGGGCAACCTATGGCTACACCTTCGGTTCG"	FALSE	TRUE	NA	NA	NA	NA
"ATTCTGGAGTCCGCCAGCACCAACCAGACATCTATGTACCTCTGTGCCAGCAGTAACAGGGGGAACGCTGAAGCTTTCTTTGGACAA"	"CASSNRGNAEAFF"	"ATTCTGGAGTCCGCCAGCACCAACCAGACATCTATGTACCTCTGTGCCAGCAGTAACAGGGGGAACGCTGAAGCTTTCTTTGGACAA"	"CASSNRGNAEAFF"	"TCRBV28-1*1"	"TCRBD1-1*1"	"TCRBJ1-1*1"	54	55	63	67	1	4	NA	NA	"ATTCTGGAGTCCGCCAGCACCAACCAGACATCTATGTACCTCTGTGCCAGCAGTAACAGGGGGAACGCTGAAGCTTTCTTTGGACAA"	FALSE	TRUE	NA	NA	NA	NA
"ATCCGCTCACCAGGCCTGGGGGACGCAGCCATGTACCTGTGTGCCACCAGCCGGCTAGCGCTCTACAATGAGCAGTTCTTCGGGCCA"	"CATSRLALYNEQFF"	"ATCCGCTCACCAGGCCTGGGGGACGCAGCCATGTACCTGTGTGCCACCAGCCGGCTAGCGCTCTACAATGAGCAGTTCTTCGGGCCA"	"CATSRLALYNEQFF"	"TCRBV15-1*2"	"TCRBD2-1"	"TCRBJ2-1*1"	51	54	60	62	3	2	NA	NA	"ATCCGCTCACCAGGCCTGGGGGACGCAGCCATGTACCTGTGTGCCACCAGCCGGCTAGCGCTCTACAATGAGCAGTTCTTCGGGCCA"	FALSE	TRUE	NA	NA	NA	NA
"CTGAGCTCTCTGGAGCTGGGGGACTCAGCTTTGTATTTCTGTGCCAGCAGCGTAGGGGGAGGGTATCCGGAAGCTTTCTTTGGACAA"	"CASSVGGGYPEAFF"	"CTGAGCTCTCTGGAGCTGGGGGACTCAGCTTTGTATTTCTGTGCCAGCAGCGTAGGGGGAGGGTATCCGGAAGCTTTCTTTGGACAA"	"CASSVGGGYPEAFF"	"TCRBV9-1*1"	"TCRBD2-1*2"	"TCRBJ1-1*1"	55	56	63	69	1	6	NA	NA	"CTGAGCTCTCTGGAGCTGGGGGACTCAGCTTTGTATTTCTGTGCCAGCAGCGTAGGGGGAGGGTATCCGGAAGCTTTCTTTGGACAA"	FALSE	TRUE	NA	NA	NA	NA
"CCCTCACGTTGGCGTCTGCTGTACCCTCTCAGACATCTGTGTACTTCTGTGCCACCGGACAGGGAAGAGACCCAGTACTTCGGGCCA"	""	"CCCTCACGTTGGCGTCTGCTGTACCCTCTCAGACATCTGTGTACTTCTGTGCCACCGGACAGGGAAGAGACCCAGTACTTCGGGCCA"	""	"TCRBV6-4*1"	"TCRBD1-1*1"	"TCRBJ2-5*1"	54	56	-1	64	2	65	NA	NA	"CCCTCACGTTGGCGTCTGCTGTACCCTCTCAGACATCTGTGTACTTCTGTGCCACCGGACAGGGAAGAGACCCAGTACTTCGGGCCA"	FALSE	FALSE	NA	NA	NA	NA
"TCCCTGTCCCTAGAGTCTGCCATCCCCAACCAGACAGCTCTTTACTTCTGTGCCACCAGTGACAACGGAGGCTACACCTTCGGTTCG"	"CATSDNGGYTF"	"TCCCTGTCCCTAGAGTCTGCCATCCCCAACCAGACAGCTCTTTACTTCTGTGCCACCAGTGACAACGGAGGCTACACCTTCGGTTCG"	"CATSDNGGYTF"	"TCRBV24-1*1"	NA	"TCRBJ1-2*1"	62	66	-1	69	4	70	NA	NA	"TCCCTGTCCCTAGAGTCTGCCATCCCCAACCAGACAGCTCTTTACTTCTGTGCCACCAGTGACAACGGAGGCTACACCTTCGGTTCG"	FALSE	TRUE	NA	NA	NA	NA
"CACAAAGCTGGAGGACTCAGCCATGTACTTCTGTGCCAGCAGTGAAGAGTCACTAGCGGGATAATGGAGACCCAGTACTTCGGGCCA"	""	"CACAAAGCTGGAGGACTCAGCCATGTACTTCTGTGCCAGCAGTGAAGAGTCACTAGCGGGATAATGGAGACCCAGTACTTCGGGCCA"	""	"TCRBV2-1"	"TCRBD2-1*2"	"TCRBJ2-5*1"	47	51	61	66	4	5	NA	NA	"CACAAAGCTGGAGGACTCAGCCATGTACTTCTGTGCCAGCAGTGAAGAGTCACTAGCGGGATAATGGAGACCCAGTACTTCGGGCCA"	FALSE	FALSE	NA	NA	NA	NA
"CAGCGCACAGAGCAGGGGGACTCGGCCATGTATCTCTGTGCCAGCAGCTTAGGTCTAGCGGCCTACAATGAGCAGTTCTTCGGGCCA"	"CASSLGLAAYNEQFF"	"CAGCGCACAGAGCAGGGGGACTCGGCCATGTATCTCTGTGCCAGCAGCTTAGGTCTAGCGGCCTACAATGAGCAGTTCTTCGGGCCA"	"CASSLGLAAYNEQFF"	"TCRBV7-9*1"	"TCRBD2-1"	"TCRBJ2-1*1"	52	54	-1	61	2	62	NA	NA	"CAGCGCACAGAGCAGGGGGACTCGGCCATGTATCTCTGTGCCAGCAGCTTAGGTCTAGCGGCCTACAATGAGCAGTTCTTCGGGCCA"	FALSE	TRUE	NA	NA	NA	NA
"AAGATCCAGCGCACAGAGCGGGGGGACTCAGCCGTGTATCTCTGTGCCAGCAGCTTCAGGGAGGGGCAGCCCCAGCATTTTGGTGAT"	"CASSFREGQPQHF"	"AAGATCCAGCGCACAGAGCGGGGGGACTCAGCCGTGTATCTCTGTGCCAGCAGCTTCAGGGAGGGGCAGCCCCAGCATTTTGGTGAT"	"CASSFREGQPQHF"	"TCRBV7-3*1"	"TCRBD2-1*2"	"TCRBJ1-5*1"	56	58	65	66	2	1	NA	NA	"AAGATCCAGCGCACAGAGCGGGGGGACTCAGCCGTGTATCTCTGTGCCAGCAGCTTCAGGGAGGGGCAGCCCCAGCATTTTGGTGAT"	FALSE	TRUE	NA	NA	NA	NA
"CAGCCCTCAGAACCCAGGGACTCAGCTGTGTACTTCTGTGCCAGCAGTTTTCTGTCCTTCCATGGAGATACGCAGTATTTTGGCCCA"	"CASSFLSFHGDTQYF"	"CAGCCCTCAGAACCCAGGGACTCAGCTGTGTACTTCTGTGCCAGCAGTTTTCTGTCCTTCCATGGAGATACGCAGTATTTTGGCCCA"	"CASSFLSFHGDTQYF"	NA	NA	"TCRBJ2-3*1"	50	63	-1	65	13	66	NA	NA	"CAGCCCTCAGAACCCAGGGACTCAGCTGTGTACTTCTGTGCCAGCAGTTTTCTGTCCTTCCATGGAGATACGCAGTATTTTGGCCCA"	FALSE	TRUE	NA	NA	NA	NA
"CCAGCGCACAGAGCAGGGGGACTCGGCCATGTATCTCTGTGCCAGCAGCTACCCCTGACAGGGTACAATGAGCAGTTCTTCGGGCCA"	""	"CCAGCGCACAGAGCAGGGGGACTCGGCCATGTATCTCTGTGCCAGCAGCTACCCCTGACAGGGTACAATGAGCAGTTCTTCGGGCCA"	""	"TCRBV7-9*1"	"TCRBD1-1*1"	"TCRBJ2-1*1"	50	56	-1	63	6	64	NA	NA	"CCAGCGCACAGAGCAGGGGGACTCGGCCATGTATCTCTGTGCCAGCAGCTACCCCTGACAGGGTACAATGAGCAGTTCTTCGGGCCA"	FALSE	FALSE	NA	NA	NA	NA
"CAAAAGAACCCGACAGCTTTCTATCTCTGTGCCAGTAGTATGTCTCTATCATTAAGAGGGGGCTACAATGAGCAGTTCTTCGGGCCA"	"CASSMSLSLRGGYNEQFF"	"CAAAAGAACCCGACAGCTTTCTATCTCTGTGCCAGTAGTATGTCTCTATCATTAAGAGGGGGCTACAATGAGCAGTTCTTCGGGCCA"	"CASSMSLSLRGGYNEQFF"	"TCRBV19-1*1"	"TCRBD1-1*1"	"TCRBJ2-1*1"	41	56	-1	62	15	63	NA	NA	"CAAAAGAACCCGACAGCTTTCTATCTCTGTGCCAGTAGTATGTCTCTATCATTAAGAGGGGGCTACAATGAGCAGTTCTTCGGGCCA"	FALSE	TRUE	NA	NA	NA	NA
"CTGTGACATCGGCCCAAAAGAACCCGACAGCTTTCTATCTCTGTGCCAGTAGTAGTCACTCCTCGCAGTGAGCAGTTCTTCGGGCCA"	""	"CTGTGACATCGGCCCAAAAGAACCCGACAGCTTTCTATCTCTGTGCCAGTAGTAGTCACTCCTCGCAGTGAGCAGTTCTTCGGGCCA"	""	"TCRBV19-1*1"	NA	"TCRBJ2-1*1"	54	65	-1	68	11	69	NA	NA	"CTGTGACATCGGCCCAAAAGAACCCGACAGCTTTCTATCTCTGTGCCAGTAGTAGTCACTCCTCGCAGTGAGCAGTTCTTCGGGCCA"	FALSE	FALSE	NA	NA	NA	NA
"AGCACCTTGGAGCTGGGGGACTCGGCCCTTTATCTTTGCGCCAGCAGCTTGGCGGGGTCTGGCACCGGGGAGCTGTTTTTTGGAGAA"	"CASSLAGSGTGELFF"	"AGCACCTTGGAGCTGGGGGACTCGGCCCTTTATCTTTGCGCCAGCAGCTTGGCGGGGTCTGGCACCGGGGAGCTGTTTTTTGGAGAA"	"CASSLAGSGTGELFF"	"TCRBV5-1*1"	"TCRBD2-1*1"	"TCRBJ2-2*1"	-1	52	57	62	53	5	NA	NA	"AGCACCTTGGAGCTGGGGGACTCGGCCCTTTATCTTTGCGCCAGCAGCTTGGCGGGGTCTGGCACCGGGGAGCTGTTTTTTGGAGAA"	FALSE	TRUE	NA	NA	NA	NA
"CGCTCAGGCTGGAGTTGGCTGCTCCCTCCCAGACATCTGTGTACTTCTGTGCCCCAGGGAGGGAACTATGGCTACACCTTCGGTTCG"	""	"CGCTCAGGCTGGAGTTGGCTGCTCCCTCCCAGACATCTGTGTACTTCTGTGCCCCAGGGAGGGAACTATGGCTACACCTTCGGTTCG"	""	"TCRBV6-6"	"TCRBD2-1*2"	"TCRBJ1-2*1"	53	56	-1	63	3	64	NA	NA	"CGCTCAGGCTGGAGTTGGCTGCTCCCTCCCAGACATCTGTGTACTTCTGTGCCCCAGGGAGGGAACTATGGCTACACCTTCGGTTCG"	FALSE	FALSE	NA	NA	NA	NA
"AATGTGAACGCCTTGTTGCTGGGGGACTCGGCCCTCTATCTCTGTGCCAGCAGCGGGGACAGGAACTATGGCTACACCTTCGGTTCG"	"CASSGDRNYGYTF"	"AATGTGAACGCCTTGTTGCTGGGGGACTCGGCCCTCTATCTCTGTGCCAGCAGCGGGGACAGGAACTATGGCTACACCTTCGGTTCG"	"CASSGDRNYGYTF"	"TCRBV5-6*1"	"TCRBD1-1*1"	"TCRBJ1-2*1"	54	55	-1	63	1	64	NA	NA	"AATGTGAACGCCTTGTTGCTGGGGGACTCGGCCCTCTATCTCTGTGCCAGCAGCGGGGACAGGAACTATGGCTACACCTTCGGTTCG"	FALSE	TRUE	NA	NA	NA	NA
"CTGAGCTCTCTGGAGCTGGGGGACTCAGCTTTGTATTTCTGTGCCAGCAGCGTAGGATACGGGTACACTGAAGCTTTCTTTGGACAA"	"CASSVGYGYTEAFF"	"CTGAGCTCTCTGGAGCTGGGGGACTCAGCTTTGTATTTCTGTGCCAGCAGCGTAGGATACGGGTACACTGAAGCTTTCTTTGGACAA"	"CASSVGYGYTEAFF"	"TCRBV9-1*1"	"TCRBD2-1"	"TCRBJ1-1*1"	55	59	63	64	4	1	NA	NA	"CTGAGCTCTCTGGAGCTGGGGGACTCAGCTTTGTATTTCTGTGCCAGCAGCGTAGGATACGGGTACACTGAAGCTTTCTTTGGACAA"	FALSE	TRUE	NA	NA	NA	NA
"CAGCGCACAGAGCGGGGGGACTCAGCCGTGTATCTCTGTGCCAGCAGCTCTGGGACTCGTCACACAGATACGCAGTATTTTGGCCCA"	"CASSSGTRHTDTQYF"	"CAGCGCACAGAGCGGGGGGACTCAGCCGTGTATCTCTGTGCCAGCAGCTCTGGGACTCGTCACACAGATACGCAGTATTTTGGCCCA"	"CASSSGTRHTDTQYF"	"TCRBV7-3*1"	"TCRBD2-1"	"TCRBJ2-3*1"	49	51	57	62	2	5	NA	NA	"CAGCGCACAGAGCGGGGGGACTCAGCCGTGTATCTCTGTGCCAGCAGCTCTGGGACTCGTCACACAGATACGCAGTATTTTGGCCCA"	FALSE	TRUE	NA	NA	NA	NA
"NCTCTGAAGATCCGGTCCACAAAGCTGGAGGACTCAGCCATGTACTTCTGTGCCAGCAGTGGAGAAGATACGCAGTATTTTGGCCCA"	"CASSGEDTQYF"	"NCTCTGAAGATCCGGTCCACAAAGCTGGAGGACTCAGCCATGTACTTCTGTGCCAGCAGTGGAGAAGATACGCAGTATTTTGGCCCA"	"CASSGEDTQYF"	"TCRBV2-1"	"TCRBD2-1*2"	"TCRBJ2-3*1"	-1	61	64	65	62	1	NA	NA	"NCTCTGAAGATCCGGTCCACAAAGCTGGAGGACTCAGCCATGTACTTCTGTGCCAGCAGTGGAGAAGATACGCAGTATTTTGGCCCA"	FALSE	TRUE	NA	NA	NA	NA
"TCCGCCAGCACCAACCAGACATCTATGTACCTCTGTGCCAGCAGTGCCCCGGGTACCTCCACCTACAATGAGCAGTTCTTCGGGCCA"	"CASSAPGTSTYNEQFF"	"TCCGCCAGCACCAACCAGACATCTATGTACCTCTGTGCCAGCAGTGCCCCGGGTACCTCCACCTACAATGAGCAGTTCTTCGGGCCA"	"CASSAPGTSTYNEQFF"	"TCRBV28-1*1"	"TCRBD2-1"	"TCRBJ2-1*1"	45	49	53	61	4	8	NA	NA	"TCCGCCAGCACCAACCAGACATCTATGTACCTCTGTGCCAGCAGTGCCCCGGGTACCTCCACCTACAATGAGCAGTTCTTCGGGCCA"	FALSE	TRUE	NA	NA	NA	NA
"CTCACTGTGACATCGGCCCAAAAGAACCCGACAGCTTTCTATCTCTGTGCCAGTAGTCTGGTCCCCGGGGAGCTGTTTTTTGGAGAA"	"CASSLVPGELFF"	"CTCACTGTGACATCGGCCCAAAAGAACCCGACAGCTTTCTATCTCTGTGCCAGTAGTCTGGTCCCCGGGGAGCTGTTTTTTGGAGAA"	"CASSLVPGELFF"	"TCRBV19-1*1"	NA	"TCRBJ2-2*1"	57	59	61	64	2	3	NA	NA	"CTCACTGTGACATCGGCCCAAAAGAACCCGACAGCTTTCTATCTCTGTGCCAGTAGTCTGGTCCCCGGGGAGCTGTTTTTTGGAGAA"	FALSE	TRUE	NA	NA	NA	NA
"ATCCAGCGCACAGAGCGGGGGGACTCAGCCGTGTATCTCTGTGCCAGCAGCCCGGACAGGGGGAACTATGGCTACACCTTCGGTTCG"	"CASSPDRGNYGYTF"	"ATCCAGCGCACAGAGCGGGGGGACTCAGCCGTGTATCTCTGTGCCAGCAGCCCGGACAGGGGGAACTATGGCTACACCTTCGGTTCG"	"CASSPDRGNYGYTF"	"TCRBV7-3*1"	"TCRBD1-1*1"	"TCRBJ1-2*1"	51	53	-1	63	2	64	NA	NA	"ATCCAGCGCACAGAGCGGGGGGACTCAGCCGTGTATCTCTGTGCCAGCAGCCCGGACAGGGGGAACTATGGCTACACCTTCGGTTCG"	FALSE	TRUE	NA	NA	NA	NA
"CAGCGCACAGAGCAGGAGGACTCGGCCGTGTATCTCTGTGCCAGCAGCCGGGACAGGAGTTTAGGCTATGGCTACACCTTCGGTTCG"	"CASSRDRSLGYGYTF"	"CAGCGCACAGAGCAGGAGGACTCGGCCGTGTATCTCTGTGCCAGCAGCCGGGACAGGAGTTTAGGCTATGGCTACACCTTCGGTTCG"	"CASSRDRSLGYGYTF"	"TCRBV7-2"	"TCRBD1-1*1"	"TCRBJ1-2*1"	48	49	57	65	1	8	NA	NA	"CAGCGCACAGAGCAGGAGGACTCGGCCGTGTATCTCTGTGCCAGCAGCCGGGACAGGAGTTTAGGCTATGGCTACACCTTCGGTTCG"	FALSE	TRUE	NA	NA	NA	NA
"TGCAGAACTGGAGGATTCTGGAGTTTATTTCTGTGCCAGCAGCCAAGATATATCGGCGGGTGGGGCAATGAGCAGTTCTTCGGGCCA"	""	"TGCAGAACTGGAGGATTCTGGAGTTTATTTCTGTGCCAGCAGCCAAGATATATCGGCGGGTGGGGCAATGAGCAGTTCTTCGGGCCA"	""	"TCRBV14-1*1"	"TCRBD2-1"	"TCRBJ2-1*1"	48	55	60	65	7	5	NA	NA	"TGCAGAACTGGAGGATTCTGGAGTTTATTTCTGTGCCAGCAGCCAAGATATATCGGCGGGTGGGGCAATGAGCAGTTCTTCGGGCCA"	FALSE	FALSE	NA	NA	NA	NA
"GTCAGGGGACACAGCACTGTATTTCTGTGCCAGCAGCATGTCAGCAATCCGGGACAGCGAAGCACAGATACGCAGTATTTTGGCCCA"	""	"GTCAGGGGACACAGCACTGTATTTCTGTGCCAGCAGCATGTCAGCAATCCGGGACAGCGAAGCACAGATACGCAGTATTTTGGCCCA"	""	"TCRBV21-1*1"	"TCRBD1-1*1"	"TCRBJ2-3*1"	38	50	57	60	12	3	NA	NA	"GTCAGGGGACACAGCACTGTATTTCTGTGCCAGCAGCATGTCAGCAATCCGGGACAGCGAAGCACAGATACGCAGTATTTTGGCCCA"	FALSE	FALSE	NA	NA	NA	NA
"ACCTTGGAGCTGGGGGACTCGGCCCTTTATCTTTGCGCCAGCAGCTTGGGTGCCGGGACAGGGGGTCAGCCCCAGCATTTTGGTGAT"	"CASSLGAGTGGQPQHF"	"ACCTTGGAGCTGGGGGACTCGGCCCTTTATCTTTGCGCCAGCAGCTTGGGTGCCGGGACAGGGGGTCAGCCCCAGCATTTTGGTGAT"	"CASSLGAGTGGQPQHF"	"TCRBV5-1*1"	"TCRBD1-1*1"	"TCRBJ1-5*1"	49	54	-1	65	5	66	NA	NA	"ACCTTGGAGCTGGGGGACTCGGCCCTTTATCTTTGCGCCAGCAGCTTGGGTGCCGGGACAGGGGGTCAGCCCCAGCATTTTGGTGAT"	FALSE	TRUE	NA	NA	NA	NA
"CGCCCAGCCCCAACCAGACCTCTCTGTACTTCTGTGCCAGCAGTTTAGGCCCATCGGACTAGGAAAGAGACCCAGTACTTCGGGCCA"	""	"CGCCCAGCCCCAACCAGACCTCTCTGTACTTCTGTGCCAGCAGTTTAGGCCCATCGGACTAGGAAAGAGACCCAGTACTTCGGGCCA"	""	"TCRBV27-1*1"	"TCRBD2-1"	"TCRBJ2-5*1"	47	55	62	64	8	2	NA	NA	"CGCCCAGCCCCAACCAGACCTCTCTGTACTTCTGTGCCAGCAGTTTAGGCCCATCGGACTAGGAAAGAGACCCAGTACTTCGGGCCA"	FALSE	FALSE	NA	NA	NA	NA
"ATCAATTCCCTGGAGCTTGGTGACTCTGCTGTGTATTTCTGTGCCAGCAGCCAAGAGTGGGAGTAACTTGAGCAGTTCTTCGGGCCA"	"CASSQEWE*LEQFF"	"ATCAATTCCCTGGAGCTTGGTGACTCTGCTGTGTATTTCTGTGCCAGCAGCCAAGAGTGGGAGTAACTTGAGCAGTTCTTCGGGCCA"	"CASSQEWE*LEQFF"	"TCRBV3-1/3-2*1"	"TCRBD2-1*2"	"TCRBJ2-1*1"	56	58	63	68	2	5	NA	NA	"ATCAATTCCCTGGAGCTTGGTGACTCTGCTGTGTATTTCTGTGCCAGCAGCCAAGAGTGGGAGTAACTTGAGCAGTTCTTCGGGCCA"	FALSE	TRUE	NA	NA	NA	NA
"ATCAATTCCCTGGAGCTTGGTGACTCTGCTGTGTATTTCTGTGCCAGCAGTCAGACAGAAGGAAACTATGGCTACACCTTCGGTTCG"	"CASSQTEGNYGYTF"	"ATCAATTCCCTGGAGCTTGGTGACTCTGCTGTGTATTTCTGTGCCAGCAGTCAGACAGAAGGAAACTATGGCTACACCTTCGGTTCG"	"CASSQTEGNYGYTF"	"TCRBV3-1/3-2*1"	"TCRBD1-1*1"	"TCRBJ1-2*1"	50	53	58	63	3	5	NA	NA	"ATCAATTCCCTGGAGCTTGGTGACTCTGCTGTGTATTTCTGTGCCAGCAGTCAGACAGAAGGAAACTATGGCTACACCTTCGGTTCG"	FALSE	TRUE	NA	NA	NA	NA
"ACGTTGGCGTCTGCTGTACCCTCTCAGACATCTGTGTACTTCTGTGCCAGCAAGAGACAGCCCAACACTGAAGCTTTCTTTGGACAA"	"CASKRQPNTEAFF"	"ACGTTGGCGTCTGCTGTACCCTCTCAGACATCTGTGTACTTCTGTGCCAGCAAGAGACAGCCCAACACTGAAGCTTTCTTTGGACAA"	"CASKRQPNTEAFF"	"TCRBV6-4*1"	"TCRBD1-1*1"	"TCRBJ1-1*1"	52	55	60	63	3	3	NA	NA	"ACGTTGGCGTCTGCTGTACCCTCTCAGACATCTGTGTACTTCTGTGCCAGCAAGAGACAGCCCAACACTGAAGCTTTCTTTGGACAA"	FALSE	TRUE	NA	NA	NA	NA
"TCTGACAGTGACCAGTGCCCATCCTGAAGACAGCAGCTTCTACATCTGCAGTGCTAGACAATGGAAGAGACCCAGTACTTCGGGCCA"	""	"TCTGACAGTGACCAGTGCCCATCCTGAAGACAGCAGCTTCTACATCTGCAGTGCTAGACAATGGAAGAGACCCAGTACTTCGGGCCA"	""	NA	NA	"TCRBJ2-5*1"	58	62	-1	64	4	65	NA	NA	"TCTGACAGTGACCAGTGCCCATCCTGAAGACAGCAGCTTCTACATCTGCAGTGCTAGACAATGGAAGAGACCCAGTACTTCGGGCCA"	FALSE	FALSE	NA	NA	NA	NA
"GACAGTGACCAGTGCCCATCCTGAAGACAGCAGCTTCTACATCTGCAGTGCTAGAGATCCGACAGATACGAGCAGTACTTCGGGCCG"	""	"GACAGTGACCAGTGCCCATCCTGAAGACAGCAGCTTCTACATCTGCAGTGCTAGAGATCCGACAGATACGAGCAGTACTTCGGGCCG"	""	NA	"TCRBD1-1*1"	"TCRBJ2-7*1"	57	60	65	66	3	1	NA	NA	"GACAGTGACCAGTGCCCATCCTGAAGACAGCAGCTTCTACATCTGCAGTGCTAGAGATCCGACAGATACGAGCAGTACTTCGGGCCG"	FALSE	FALSE	NA	NA	NA	NA
"CTCACTGTGACATCGGCCCAAAAGAACCCGACAGCTTTCTATCTCTGTGCCACCAAGGACCGCCTCGGGCCCCAGCATTTTGGTGAT"	"CATKDRLGPQHF"	"CTCACTGTGACATCGGCCCAAAAGAACCCGACAGCTTTCTATCTCTGTGCCACCAAGGACCGCCTCGGGCCCCAGCATTTTGGTGAT"	"CATKDRLGPQHF"	"TCRBV19-1*1"	NA	"TCRBJ1-5*1"	52	56	60	68	4	8	NA	NA	"CTCACTGTGACATCGGCCCAAAAGAACCCGACAGCTTTCTATCTCTGTGCCACCAAGGACCGCCTCGGGCCCCAGCATTTTGGTGAT"	FALSE	TRUE	NA	NA	NA	NA
"ATTCAGCGCACAGAGCAGCGGGACTCGGCCATGTATCGCTGTGCCAGCAGCACTCTACGCGAGAAAGAGACCCAGTACTTCGGGCCA"	"CASSTLREKETQYF"	"ATTCAGCGCACAGAGCAGCGGGACTCGGCCATGTATCGCTGTGCCAGCAGCACTCTACGCGAGAAAGAGACCCAGTACTTCGGGCCA"	"CASSTLREKETQYF"	NA	"TCRBD2-1"	"TCRBJ2-5*1"	-1	51	54	64	52	10	NA	NA	"ATTCAGCGCACAGAGCAGCGGGACTCGGCCATGTATCGCTGTGCCAGCAGCACTCTACGCGAGAAAGAGACCCAGTACTTCGGGCCA"	FALSE	TRUE	NA	NA	NA	NA
"GTCGGCTGCTCCCTCCCAGACATCTGTGTACTTCTGTGCCAGCAGCCCCGGGGTCGGGCCCCGAATGAAAAACTGTTTTTTGGCAGT"	""	"GTCGGCTGCTCCCTCCCAGACATCTGTGTACTTCTGTGCCAGCAGCCCCGGGGTCGGGCCCCGAATGAAAAACTGTTTTTTGGCAGT"	""	NA	"TCRBD2-1*1"	"TCRBJ1-4*1"	45	48	53	63	3	10	NA	NA	"GTCGGCTGCTCCCTCCCAGACATCTGTGTACTTCTGTGCCAGCAGCCCCGGGGTCGGGCCCCGAATGAAAAACTGTTTTTTGGCAGT"	FALSE	FALSE	NA	NA	NA	NA
"CTGGCAATCCTGTCCTCAGAACCGGGAGACACGGCACTGTATCTCTGCGCCAGCAGTCAACTCGTGGGTGAGCAGTTCTTCGGGCCA"	"CASSQLVGEQFF"	"CTGGCAATCCTGTCCTCAGAACCGGGAGACACGGCACTGTATCTCTGCGCCAGCAGTCAACTCGTGGGTGAGCAGTTCTTCGGGCCA"	"CASSQLVGEQFF"	"TCRBV23-1*1"	NA	"TCRBJ2-1*1"	60	65	-1	68	5	69	NA	NA	"CTGGCAATCCTGTCCTCAGAACCGGGAGACACGGCACTGTATCTCTGCGCCAGCAGTCAACTCGTGGGTGAGCAGTTCTTCGGGCCA"	FALSE	TRUE	NA	NA	NA	NA
"ATCCAGCAGGTAGTGCGAGGAGATTCGGCAGCTTATTTCTGTGCCAGCTCACGGGACAGGCGAACCTACGAGCAGTACTTCGGGCCG"	"CASSRDRRTYEQYF"	"ATCCAGCAGGTAGTGCGAGGAGATTCGGCAGCTTATTTCTGTGCCAGCTCACGGGACAGGCGAACCTACGAGCAGTACTTCGGGCCG"	"CASSRDRRTYEQYF"	"TCRBV18-1*1"	"TCRBD1-1*1"	"TCRBJ2-7*1"	-1	52	60	64	53	4	NA	NA	"ATCCAGCAGGTAGTGCGAGGAGATTCGGCAGCTTATTTCTGTGCCAGCTCACGGGACAGGCGAACCTACGAGCAGTACTTCGGGCCG"	FALSE	TRUE	NA	NA	NA	NA
"ACACAGCAGGAGGACTCGGCCGTGTATCTCTGTGCCAGCAGCCGCTTCTAGCGGGAGGGTAGGTCCTACGAGCAGTACTTCGGGCCG"	"CASSRF*REGRSYEQYF"	"ACACAGCAGGAGGACTCGGCCGTGTATCTCTGTGCCAGCAGCCGCTTCTAGCGGGAGGGTAGGTCCTACGAGCAGTACTTCGGGCCG"	"CASSRF*REGRSYEQYF"	"TCRBV7-2"	"TCRBD2-1*2"	"TCRBJ2-7*1"	42	47	59	63	5	4	NA	NA	"ACACAGCAGGAGGACTCGGCCGTGTATCTCTGTGCCAGCAGCCGCTTCTAGCGGGAGGGTAGGTCCTACGAGCAGTACTTCGGGCCG"	FALSE	TRUE	NA	NA	NA	NA
"AGTCGCCCAGCCCCAACCAGACCTCTCTGTACTTCTGTGCCAGCAGTTTAGGGGCGGACAGACACAGATACGCAGTATTTTGGCCCA"	""	"AGTCGCCCAGCCCCAACCAGACCTCTCTGTACTTCTGTGCCAGCAGTTTAGGGGCGGACAGACACAGATACGCAGTATTTTGGCCCA"	""	"TCRBV27-1*1"	"TCRBD1-1*1"	"TCRBJ2-3*1"	50	55	61	62	5	1	NA	NA	"AGTCGCCCAGCCCCAACCAGACCTCTCTGTACTTCTGTGCCAGCAGTTTAGGGGCGGACAGACACAGATACGCAGTATTTTGGCCCA"	FALSE	FALSE	NA	NA	NA	NA
"AGATCCAGTCCACGGAGTCAGGGGACACAGCACCCATTACTCTGGGAGTCCTACCCCTCCTATAATTCACCCCTCCACTTTGGGAAT"	""	"AGATCCAGTCCACGGAGTCAGGGGACACAGCACCCATTACTCTGGGAGTCCTACCCCTCCTATAATTCACCCCTCCACTTTGGGAAT"	""	"TCRBV21-1*1"	"TCRBD2-1*2"	"TCRBJ1-6*1"	33	43	48	56	10	8	NA	NA	"AGATCCAGTCCACGGAGTCAGGGGACACAGCACCCATTACTCTGGGAGTCCTACCCCTCCTATAATTCACCCCTCCACTTTGGGAAT"	FALSE	FALSE	NA	NA	NA	NA
"CCAGTCCACGGAGTCAGGGGACACAGCACTGTATTTCTGTGCCAGCAGCAAGGACTTCTGAGCAATCAGCCCCAGCATTTTGGTGAT"	""	"CCAGTCCACGGAGTCAGGGGACACAGCACTGTATTTCTGTGCCAGCAGCAAGGACTTCTGAGCAATCAGCCCCAGCATTTTGGTGAT"	""	"TCRBV21-1*1"	"TCRBD2-1"	"TCRBJ1-5*1"	-1	51	56	60	52	4	NA	NA	"CCAGTCCACGGAGTCAGGGGACACAGCACTGTATTTCTGTGCCAGCAGCAAGGACTTCTGAGCAATCAGCCCCAGCATTTTGGTGAT"	FALSE	FALSE	NA	NA	NA	NA
"CTGAGCTCTCTGGAGCTGGGGGACTCAGCTTTGTATTTCTGTGCCAGCAGCGTAGGGACAGAGAATTCACCCCTCCACTTTGGGAAT"	"CASSVGTENSPLHF"	"CTGAGCTCTCTGGAGCTGGGGGACTCAGCTTTGTATTTCTGTGCCAGCAGCGTAGGGACAGAGAATTCACCCCTCCACTTTGGGAAT"	"CASSVGTENSPLHF"	"TCRBV9-1*1"	"TCRBD1-1*1"	"TCRBJ1-6*1"	-1	55	61	63	56	2	NA	NA	"CTGAGCTCTCTGGAGCTGGGGGACTCAGCTTTGTATTTCTGTGCCAGCAGCGTAGGGACAGAGAATTCACCCCTCCACTTTGGGAAT"	FALSE	TRUE	NA	NA	NA	NA
"TCTCTGGAGCTGGGGGACTCAGCTTTGTATTTCTGTGCCAGCAGCTCAAGGACTAGCGGGATTAAAAATGAGCAGTTCTTCGGGCCA"	"CASSSRTSGIKNEQFF"	"TCTCTGGAGCTGGGGGACTCAGCTTTGTATTTCTGTGCCAGCAGCTCAAGGACTAGCGGGATTAAAAATGAGCAGTTCTTCGGGCCA"	"CASSSRTSGIKNEQFF"	"TCRBV9-1*1"	"TCRBD2-1*2"	"TCRBJ2-1*1"	45	49	61	66	4	5	NA	NA	"TCTCTGGAGCTGGGGGACTCAGCTTTGTATTTCTGTGCCAGCAGCTCAAGGACTAGCGGGATTAAAAATGAGCAGTTCTTCGGGCCA"	FALSE	TRUE	NA	NA	NA	NA
"ATCCAGCCCTCAGAACCCAGGGACTCAGCTGTGTACTTCTGTGCCAGCAGTTTAAGTCGGGAAGGGACTGAGCAGTTCTTCGGGCCA"	"CASSLSREGTEQFF"	"ATCCAGCCCTCAGAACCCAGGGACTCAGCTGTGTACTTCTGTGCCAGCAGTTTAAGTCGGGAAGGGACTGAGCAGTTCTTCGGGCCA"	"CASSLSREGTEQFF"	NA	NA	"TCRBJ2-1*1"	54	63	-1	68	9	69	NA	NA	"ATCCAGCCCTCAGAACCCAGGGACTCAGCTGTGTACTTCTGTGCCAGCAGTTTAAGTCGGGAAGGGACTGAGCAGTTCTTCGGGCCA"	FALSE	TRUE	NA	NA	NA	NA
"CTTGTCCACTCTGACAGTGACCAGTGCCCATCCTGAAGACAGCAGCTTCTACATCTGCAGCGAGGGGATGAGCAGTTCTTCGGGCCA"	""	"CTTGTCCACTCTGACAGTGACCAGTGCCCATCCTGAAGACAGCAGCTTCTACATCTGCAGCGAGGGGATGAGCAGTTCTTCGGGCCA"	""	"TCRBV2-1"	NA	"TCRBJ2-1*1"	60	62	-1	67	2	68	NA	NA	"CTTGTCCACTCTGACAGTGACCAGTGCCCATCCTGAAGACAGCAGCTTCTACATCTGCAGCGAGGGGATGAGCAGTTCTTCGGGCCA"	FALSE	FALSE	NA	NA	NA	NA
"CAGCCCTCAGAACCCAGGGACTCAGCTGTGTACTTCTGTGCCAGCAGTTTGGCAGGATCTGGGGCCAACGTCCTGACTTTCGGGGCC"	"CASSLAGSGANVLTF"	"CAGCCCTCAGAACCCAGGGACTCAGCTGTGTACTTCTGTGCCAGCAGTTTGGCAGGATCTGGGGCCAACGTCCTGACTTTCGGGGCC"	"CASSLAGSGANVLTF"	NA	"TCRBD1-1*1"	"TCRBJ2-6*1"	50	52	56	57	2	1	NA	NA	"CAGCCCTCAGAACCCAGGGACTCAGCTGTGTACTTCTGTGCCAGCAGTTTGGCAGGATCTGGGGCCAACGTCCTGACTTTCGGGGCC"	FALSE	TRUE	NA	NA	NA	NA
"ATTCTGGAGTCCGCCAGCACCAACCAGACATCTATGTACCTCTGTGCCAGCATCACTCCAGGGCGAGATACGCAGTATTTTGGCCCA"	"CASITPGRDTQYF"	"ATTCTGGAGTCCGCCAGCACCAACCAGACATCTATGTACCTCTGTGCCAGCATCACTCCAGGGCGAGATACGCAGTATTTTGGCCCA"	"CASITPGRDTQYF"	"TCRBV28-1*1"	"TCRBD1-1*1"	"TCRBJ2-3*1"	52	58	63	65	6	2	NA	NA	"ATTCTGGAGTCCGCCAGCACCAACCAGACATCTATGTACCTCTGTGCCAGCATCACTCCAGGGCGAGATACGCAGTATTTTGGCCCA"	FALSE	TRUE	NA	NA	NA	NA
"CTGAGTTCTAAGAAGCTCCTTCTCAGTGACTCTGGCTTCTATCTCTGTGCCTGGAGTGCCTTATGGGAGACCCAGTACTTCGGGCCA"	"CAWSALWETQYF"	"CTGAGTTCTAAGAAGCTCCTTCTCAGTGACTCTGGCTTCTATCTCTGTGCCTGGAGTGCCTTATGGGAGACCCAGTACTTCGGGCCA"	"CAWSALWETQYF"	"TCRBV3-1*1"	NA	"TCRBJ2-5*1"	58	64	-1	66	6	67	NA	NA	"CTGAGTTCTAAGAAGCTCCTTCTCAGTGACTCTGGCTTCTATCTCTGTGCCTGGAGTGCCTTATGGGAGACCCAGTACTTCGGGCCA"	FALSE	TRUE	NA	NA	NA	NA
"TCAGAACCCAGGGACTCAGCTGTGTACTTCTGTGCCAGCAGTTTTATGGCGGGAGGAATAGCCAAAAACATTCAGTACTTCGGCGCC"	"CASSFMAGGIAKNIQYF"	"TCAGAACCCAGGGACTCAGCTGTGTACTTCTGTGCCAGCAGTTTTATGGCGGGAGGAATAGCCAAAAACATTCAGTACTTCGGCGCC"	"CASSFMAGGIAKNIQYF"	NA	"TCRBD2-1*2"	"TCRBJ2-4*1"	44	48	56	59	4	3	NA	NA	"TCAGAACCCAGGGACTCAGCTGTGTACTTCTGTGCCAGCAGTTTTATGGCGGGAGGAATAGCCAAAAACATTCAGTACTTCGGCGCC"	FALSE	TRUE	NA	NA	NA	NA
"AGGATCCAGCAGGTAGTGCGAGGAGATTCGGCAGCTTATTTCTGTGCCAGCTCACCGCAGGACTCCAATGAGCAGTTCTTCGGGCCA"	"CASSPQDSNEQFF"	"AGGATCCAGCAGGTAGTGCGAGGAGATTCGGCAGCTTATTTCTGTGCCAGCTCACCGCAGGACTCCAATGAGCAGTTCTTCGGGCCA"	"CASSPQDSNEQFF"	"TCRBV18-1*1"	"TCRBD2-1"	"TCRBJ2-1*1"	56	59	64	65	3	1	NA	NA	"AGGATCCAGCAGGTAGTGCGAGGAGATTCGGCAGCTTATTTCTGTGCCAGCTCACCGCAGGACTCCAATGAGCAGTTCTTCGGGCCA"	FALSE	TRUE	NA	NA	NA	NA
"GAGATGAATGTGAGCACCTTGGAGCTGGGGGACTCGGCCCTTTATCTTTGCGCCAGCCGGTCGGGGGTTGAGCAGTACTTCGGGCCG"	"CASRSGVEQYF"	"GAGATGAATGTGAGCACCTTGGAGCTGGGGGACTCGGCCCTTTATCTTTGCGCCAGCCGGTCGGGGGTTGAGCAGTACTTCGGGCCG"	"CASRSGVEQYF"	"TCRBV5-1*1"	"TCRBD2-1*1"	"TCRBJ2-7*1"	57	61	67	69	4	2	NA	NA	"GAGATGAATGTGAGCACCTTGGAGCTGGGGGACTCGGCCCTTTATCTTTGCGCCAGCCGGTCGGGGGTTGAGCAGTACTTCGGGCCG"	FALSE	TRUE	NA	NA	NA	NA
"TGTGAGCAACATGAGCCCTGAAGACAGCAGCATATATCTCTGCAGCGCCCTACCCGAGACAAAGCCTACGAGCAGTACTTCGGGCCG"	""	"TGTGAGCAACATGAGCCCTGAAGACAGCAGCATATATCTCTGCAGCGCCCTACCCGAGACAAAGCCTACGAGCAGTACTTCGGGCCG"	""	"TCRBV29-1*3"	"TCRBD1-1*1"	"TCRBJ2-7*1"	48	57	61	64	9	3	NA	NA	"TGTGAGCAACATGAGCCCTGAAGACAGCAGCATATATCTCTGCAGCGCCCTACCCGAGACAAAGCCTACGAGCAGTACTTCGGGCCG"	FALSE	FALSE	NA	NA	NA	NA
"GTCTGCCAGGCCCTCACATACCTCTCAGTACCTCTGTGCCAGCAGTCCGACCCGGGCCAGTCGGACTACGAGCAGTACTTCGGGCCG"	""	"GTCTGCCAGGCCCTCACATACCTCTCAGTACCTCTGTGCCAGCAGTCCGACCCGGGCCAGTCGGACTACGAGCAGTACTTCGGGCCG"	""	"TCRBV25-1*1"	NA	"TCRBJ2-7*1"	46	53	57	65	7	8	NA	NA	"GTCTGCCAGGCCCTCACATACCTCTCAGTACCTCTGTGCCAGCAGTCCGACCCGGGCCAGTCGGACTACGAGCAGTACTTCGGGCCG"	FALSE	FALSE	NA	NA	NA	NA
"ATGAATGTGAGCACCTTGGAGCTGGGGGACTCGGCCCTTTATCTTTGCGCCAGCAGCTCTAAAGTTACTGAAGCTTTCTTTGGACAA"	"CASSSKVTEAFF"	"ATGAATGTGAGCACCTTGGAGCTGGGGGACTCGGCCCTTTATCTTTGCGCCAGCAGCTCTAAAGTTACTGAAGCTTTCTTTGGACAA"	"CASSSKVTEAFF"	"TCRBV5-1*1"	"TCRBD2-1"	"TCRBJ1-1*1"	-1	58	61	66	59	5	NA	NA	"ATGAATGTGAGCACCTTGGAGCTGGGGGACTCGGCCCTTTATCTTTGCGCCAGCAGCTCTAAAGTTACTGAAGCTTTCTTTGGACAA"	FALSE	TRUE	NA	NA	NA	NA
"NTGTCGGCTGCTCCCTCCCAGACATCTGTGTACTTCTGTGCCAGCAGTGTTCTTGGCTCGGGCCCAATATTAGCTTTCTTTGGACAA"	"CASSVLGSGPILAFF"	"NTGTCGGCTGCTCCCTCCCAGACATCTGTGTACTTCTGTGCCAGCAGTGTTCTTGGCTCGGGCCCAATATTAGCTTTCTTTGGACAA"	"CASSVLGSGPILAFF"	NA	NA	"TCRBJ1-1*1"	49	59	63	71	10	8	NA	NA	"NTGTCGGCTGCTCCCTCCCAGACATCTGTGTACTTCTGTGCCAGCAGTGTTCTTGGCTCGGGCCCAATATTAGCTTTCTTTGGACAA"	FALSE	TRUE	NA	NA	NA	NA
"CGGTCCACAAAGCTGGAGGACTCAGCCATGTACTTCTGTGCCAGTTGGTCAGGGGGATTAGGGTCCTACGAGCAGTACTTCGGGCCG"	"CASWSGGLGSYEQYF"	"CGGTCCACAAAGCTGGAGGACTCAGCCATGTACTTCTGTGCCAGTTGGTCAGGGGGATTAGGGTCCTACGAGCAGTACTTCGGGCCG"	"CASWSGGLGSYEQYF"	"TCRBV2-1"	"TCRBD1-1*1"	"TCRBJ2-7*1"	44	49	56	63	5	7	NA	NA	"CGGTCCACAAAGCTGGAGGACTCAGCCATGTACTTCTGTGCCAGTTGGTCAGGGGGATTAGGGTCCTACGAGCAGTACTTCGGGCCG"	FALSE	TRUE	NA	NA	NA	NA
"CGCACAGAGCAGGAGGACTCCGCCGTGTATCTCTGTGCCAGCAGCCGTAGCGGGAGGGGGGCCAAAAACATTCAGTACTTCGGCGCC"	"CASSRSGRGAKNIQYF"	"CGCACAGAGCAGGAGGACTCCGCCGTGTATCTCTGTGCCAGCAGCCGTAGCGGGAGGGGGGCCAAAAACATTCAGTACTTCGGCGCC"	"CASSRSGRGAKNIQYF"	"TCRBV7-8*3"	"TCRBD2-1*2"	"TCRBJ2-4*1"	-1	47	58	60	48	2	NA	NA	"CGCACAGAGCAGGAGGACTCCGCCGTGTATCTCTGTGCCAGCAGCCGTAGCGGGAGGGGGGCCAAAAACATTCAGTACTTCGGCGCC"	FALSE	TRUE	NA	NA	NA	NA
"CCTGAAGACAGCAGCATATATCTCTGCAGCGTTGGGGGCGAGAATTTCCTAGCGGGAGGGGCGTCGTACGAGCAGTACTTCGGGCCG"	"CSVGGENFLAGGASYEQYF"	"CCTGAAGACAGCAGCATATATCTCTGCAGCGTTGGGGGCGAGAATTTCCTAGCGGGAGGGGCGTCGTACGAGCAGTACTTCGGGCCG"	"CSVGGENFLAGGASYEQYF"	"TCRBV29-1"	"TCRBD2-1*2"	"TCRBJ2-7*1"	34	48	60	66	14	6	NA	NA	"CCTGAAGACAGCAGCATATATCTCTGCAGCGTTGGGGGCGAGAATTTCCTAGCGGGAGGGGCGTCGTACGAGCAGTACTTCGGGCCG"	FALSE	TRUE	NA	NA	NA	NA
"CCCATCCTGAAGACAGCAGCTTCTACATCTGCAGTGCTAGAGATCTCTCCAGATTTTATTAGCGTTGCTGAAGCTTTCTTTGGACAA"	""	"CCCATCCTGAAGACAGCAGCTTCTACATCTGCAGTGCTAGAGATCTCTCCAGATTTTATTAGCGTTGCTGAAGCTTTCTTTGGACAA"	""	NA	"TCRBD2-1"	"TCRBJ1-1*1"	43	59	64	67	16	3	NA	NA	"CCCATCCTGAAGACAGCAGCTTCTACATCTGCAGTGCTAGAGATCTCTCCAGATTTTATTAGCGTTGCTGAAGCTTTCTTTGGACAA"	FALSE	FALSE	NA	NA	NA	NA
"CGGAGTCAGGGGACACAGCACTGTATTTCTGTGCCAGCCCCCCCTAGGACAGACAAGACCCCCACAGATACGCAGTATTTTGGCCCA"	""	"CGGAGTCAGGGGACACAGCACTGTATTTCTGTGCCAGCCCCCCCTAGGACAGACAAGACCCCCACAGATACGCAGTATTTTGGCCCA"	""	"TCRBV21-1*1"	"TCRBD1-1*1"	"TCRBJ2-3*1"	38	46	52	62	8	10	NA	NA	"CGGAGTCAGGGGACACAGCACTGTATTTCTGTGCCAGCCCCCCCTAGGACAGACAAGACCCCCACAGATACGCAGTATTTTGGCCCA"	FALSE	FALSE	NA	NA	NA	NA
"GAGTCCGCCAGCACCAACCAGACATCTATGTACCTCTGTGCCAGCAGTCAAGGCCGGGACAGGAGGCGCATTCAGTACTTCGGCGCC"	"CASSQGRDRRRIQYF"	"GAGTCCGCCAGCACCAACCAGACATCTATGTACCTCTGTGCCAGCAGTCAAGGCCGGGACAGGAGGCGCATTCAGTACTTCGGCGCC"	"CASSQGRDRRRIQYF"	"TCRBV28-1*1"	"TCRBD1-1*1"	"TCRBJ2-4*1"	48	55	63	68	7	5	NA	NA	"GAGTCCGCCAGCACCAACCAGACATCTATGTACCTCTGTGCCAGCAGTCAAGGCCGGGACAGGAGGCGCATTCAGTACTTCGGCGCC"	FALSE	TRUE	NA	NA	NA	NA
"CTGGAGTCCGCCAGCACCAACCAGACATCTATGTACCTCTGTGCCAGCAGTTCGGGACAGGGCAATTCACCCCTCCACTTTGGGAAT"	"CASSSGQGNSPLHF"	"CTGGAGTCCGCCAGCACCAACCAGACATCTATGTACCTCTGTGCCAGCAGTTCGGGACAGGGCAATTCACCCCTCCACTTTGGGAAT"	"CASSSGQGNSPLHF"	"TCRBV28-1*1"	"TCRBD1-1*1"	"TCRBJ1-6*1"	52	53	62	63	1	1	NA	NA	"CTGGAGTCCGCCAGCACCAACCAGACATCTATGTACCTCTGTGCCAGCAGTTCGGGACAGGGCAATTCACCCCTCCACTTTGGGAAT"	FALSE	TRUE	NA	NA	NA	NA
"TCTCAAGATCCAGCCTGCAAAGCTTGAGGACTCGGCCGTGTATCTCTGTGCCAGCAGGCTTAAGTTTACGAGCAGTACTTCGGGCCG"	""	"TCTCAAGATCCAGCCTGCAAAGCTTGAGGACTCGGCCGTGTATCTCTGTGCCAGCAGGCTTAAGTTTACGAGCAGTACTTCGGGCCG"	""	"TCRBV11-2*1"	NA	"TCRBJ2-7*1"	57	62	64	66	5	2	NA	NA	"TCTCAAGATCCAGCCTGCAAAGCTTGAGGACTCGGCCGTGTATCTCTGTGCCAGCAGGCTTAAGTTTACGAGCAGTACTTCGGGCCG"	FALSE	FALSE	NA	NA	NA	NA
"CTGGAGTCCGCCAGCACCAACCAGACATCTATGTACCTCTGTGCCAGCAAGACTAGCGGAAGCACAGATACGCAGTATTTTGGCCCA"	"CASKTSGSTDTQYF"	"CTGGAGTCCGCCAGCACCAACCAGACATCTATGTACCTCTGTGCCAGCAAGACTAGCGGAAGCACAGATACGCAGTATTTTGGCCCA"	"CASKTSGSTDTQYF"	"TCRBV28-1*1"	"TCRBD2-1"	"TCRBJ2-3*1"	49	50	59	60	1	1	NA	NA	"CTGGAGTCCGCCAGCACCAACCAGACATCTATGTACCTCTGTGCCAGCAAGACTAGCGGAAGCACAGATACGCAGTATTTTGGCCCA"	FALSE	TRUE	NA	NA	NA	NA
"ACAGTGACCAGTGCCCATCCTGAAGACAGCAGCTTCTACATCTGCAGTGCTCGGGCACTAGATAATCAGCCCCAGCATTTTGGTGAT"	"CSARALDNQPQHF"	"ACAGTGACCAGTGCCCATCCTGAAGACAGCAGCTTCTACATCTGCAGTGCTCGGGCACTAGATAATCAGCCCCAGCATTTTGGTGAT"	"CSARALDNQPQHF"	NA	"TCRBD2-1"	"TCRBJ1-5*1"	51	56	61	63	5	2	NA	NA	"ACAGTGACCAGTGCCCATCCTGAAGACAGCAGCTTCTACATCTGCAGTGCTCGGGCACTAGATAATCAGCCCCAGCATTTTGGTGAT"	FALSE	TRUE	NA	NA	NA	NA
"NNNNNNNTGTCGGCTGCTCCCTCCCAGACATCTGTGTACTTCTGTGCCAGCTGGCCCCCGTCCCCTACTGAAGCTTTCTTTGGACAA"	"CASWPPSPTEAFF"	"NNNNNNNTGTCGGCTGCTCCCTCCCAGACATCTGTGTACTTCTGTGCCAGCTGGCCCCCGTCCCCTACTGAAGCTTTCTTTGGACAA"	"CASWPPSPTEAFF"	"TCRBV6-5*1"	"TCRBD1-1*1"	"TCRBJ1-1*1"	51	52	55	66	1	11	NA	NA	"NNNNNNNTGTCGGCTGCTCCCTCCCAGACATCTGTGTACTTCTGTGCCAGCTGGCCCCCGTCCCCTACTGAAGCTTTCTTTGGACAA"	FALSE	TRUE	NA	NA	NA	NA
"ATCCTGAGTTCTAAGAAGCTCCTTCTCAGTGACTCTGGCTTCTATCTCTGTGCCTGGTCGGAGAACACTGAAGCTTTCTTTGGACAA"	"CAWSENTEAFF"	"ATCCTGAGTTCTAAGAAGCTCCTTCTCAGTGACTCTGGCTTCTATCTCTGTGCCTGGTCGGAGAACACTGAAGCTTTCTTTGGACAA"	"CAWSENTEAFF"	"TCRBV3-1"	NA	"TCRBJ1-1*1"	57	59	-1	62	2	63	NA	NA	"ATCCTGAGTTCTAAGAAGCTCCTTCTCAGTGACTCTGGCTTCTATCTCTGTGCCTGGTCGGAGAACACTGAAGCTTTCTTTGGACAA"	FALSE	TRUE	NA	NA	NA	NA
"AATGTGAACGCCTTGGAGCTGGACGACTCGGCCCTGTATCTCTGTGCCAGCAGACCCCCTATCACAGATACGCAGTATTTTGGCCCA"	"CASRPPITDTQYF"	"AATGTGAACGCCTTGGAGCTGGACGACTCGGCCCTGTATCTCTGTGCCAGCAGACCCCCTATCACAGATACGCAGTATTTTGGCCCA"	"CASRPPITDTQYF"	"TCRBV5-4*1"	"TCRBD2-1"	"TCRBJ2-3*1"	53	58	61	62	5	1	NA	NA	"AATGTGAACGCCTTGGAGCTGGACGACTCGGCCCTGTATCTCTGTGCCAGCAGACCCCCTATCACAGATACGCAGTATTTTGGCCCA"	FALSE	TRUE	NA	NA	NA	NA
"CTGGAGTCCGCCAGCACCAACCAGACATCTATGTACCTCTGTGCCAGCAGTTTATTGGCAGAGGACACTGAAGCTTTCTTTGGACAA"	"CASSLLAEDTEAFF"	"CTGGAGTCCGCCAGCACCAACCAGACATCTATGTACCTCTGTGCCAGCAGTTTATTGGCAGAGGACACTGAAGCTTTCTTTGGACAA"	"CASSLLAEDTEAFF"	"TCRBV28-1*1"	"TCRBD2-1*2"	"TCRBJ1-1*1"	55	60	-1	64	5	65	NA	NA	"CTGGAGTCCGCCAGCACCAACCAGACATCTATGTACCTCTGTGCCAGCAGTTTATTGGCAGAGGACACTGAAGCTTTCTTTGGACAA"	FALSE	TRUE	NA	NA	NA	NA
"AAGAAGCTCCTTCTCAGTGACTCTGGCTTCTATCTCTGTGCCTGGAGTGTACTTTCAGGGACGAATCAGCCCCAGCATTTTGGTGAT"	"CAWSVLSGTNQPQHF"	"AAGAAGCTCCTTCTCAGTGACTCTGGCTTCTATCTCTGTGCCTGGAGTGTACTTTCAGGGACGAATCAGCCCCAGCATTTTGGTGAT"	"CAWSVLSGTNQPQHF"	"TCRBV3-1*1"	NA	"TCRBJ1-5*1"	50	57	62	63	7	1	NA	NA	"AAGAAGCTCCTTCTCAGTGACTCTGGCTTCTATCTCTGTGCCTGGAGTGTACTTTCAGGGACGAATCAGCCCCAGCATTTTGGTGAT"	FALSE	TRUE	NA	NA	NA	NA
"CAGAGCTTGGGGACTCGGCCGTGTATCTCTGTGCCAGCAGCACCTGGGGTAGGGGCGGGAGAGAGCTATGAGCAGTTCTTCGGGCCA"	""	"CAGAGCTTGGGGACTCGGCCGTGTATCTCTGTGCCAGCAGCACCTGGGGTAGGGGCGGGAGAGAGCTATGAGCAGTTCTTCGGGCCA"	""	"TCRBV11-3*1"	"TCRBD2-1*2"	"TCRBJ2-1*1"	41	54	61	67	13	6	NA	NA	"CAGAGCTTGGGGACTCGGCCGTGTATCTCTGTGCCAGCAGCACCTGGGGTAGGGGCGGGAGAGAGCTATGAGCAGTTCTTCGGGCCA"	FALSE	FALSE	NA	NA	NA	NA
"TCCGCCAGCACCAACCAGACATCTATGTACCTCTGTGCCAGCAGTCTATGGACAGGGACGAATAATTCACCCCTCCACTTTGGGAAT"	"CASSLWTGTNNSPLHF"	"TCCGCCAGCACCAACCAGACATCTATGTACCTCTGTGCCAGCAGTCTATGGACAGGGACGAATAATTCACCCCTCCACTTTGGGAAT"	"CASSLWTGTNNSPLHF"	"TCRBV28-1*1"	"TCRBD1-1*1"	"TCRBJ1-6*1"	-1	50	57	61	51	4	NA	NA	"TCCGCCAGCACCAACCAGACATCTATGTACCTCTGTGCCAGCAGTCTATGGACAGGGACGAATAATTCACCCCTCCACTTTGGGAAT"	FALSE	TRUE	NA	NA	NA	NA
"AACGCCTTGGAGCTGGACGACTCGGCCCTGTATCTCTGTGCCAGCAGCCAGGGACTAGCGGGAGTCGGGGAGCAGTTCTTCGGGCCA"	"CASSQGLAGVGEQFF"	"AACGCCTTGGAGCTGGACGACTCGGCCCTGTATCTCTGTGCCAGCAGCCAGGGACTAGCGGGAGTCGGGGAGCAGTTCTTCGGGCCA"	"CASSQGLAGVGEQFF"	"TCRBV5-4*1"	"TCRBD2-1*2"	"TCRBJ2-1*1"	48	50	64	69	2	5	NA	NA	"AACGCCTTGGAGCTGGACGACTCGGCCCTGTATCTCTGTGCCAGCAGCCAGGGACTAGCGGGAGTCGGGGAGCAGTTCTTCGGGCCA"	FALSE	TRUE	NA	NA	NA	NA
"CAGCGCACAGAGCAGCGGGACTCAGCCATGTATCGCTGTGCTAGCAGCTCCGGGACAGGCCTTGGAAACACCATATATTTTGGAGAG"	"CASSSGTGLGNTIYF"	"CAGCGCACAGAGCAGCGGGACTCAGCCATGTATCGCTGTGCTAGCAGCTCCGGGACAGGCCTTGGAAACACCATATATTTTGGAGAG"	"CASSSGTGLGNTIYF"	"TCRBV7-7*1"	"TCRBD1-1*1"	"TCRBJ1-3*1"	49	51	59	62	2	3	NA	NA	"CAGCGCACAGAGCAGCGGGACTCAGCCATGTATCGCTGTGCTAGCAGCTCCGGGACAGGCCTTGGAAACACCATATATTTTGGAGAG"	FALSE	TRUE	NA	NA	NA	NA
"NNNNNNNTGTCGGCTGCTCCCTCCCAGACATCTGTGTACTTCTGTGCCAGCTACATGAGGGGGGGTCAGCCCCAGCATTTTGGTGAT"	"CASYMRGGQPQHF"	"NNNNNNNTGTCGGCTGCTCCCTCCCAGACATCTGTGTACTTCTGTGCCAGCTACATGAGGGGGGGTCAGCCCCAGCATTTTGGTGAT"	"CASYMRGGQPQHF"	"TCRBV6-5*1"	"TCRBD2-1*1"	"TCRBJ1-5*1"	51	58	-1	65	7	66	NA	NA	"NNNNNNNTGTCGGCTGCTCCCTCCCAGACATCTGTGTACTTCTGTGCCAGCTACATGAGGGGGGGTCAGCCCCAGCATTTTGGTGAT"	FALSE	TRUE	NA	NA	NA	NA
"TGTCCACTCTGACAGTGACCAGTGCCCATCCTGAAGACAGCAGCTTCTACATCTGCAGTGCTATAATACGAGCAGTACTTCGGGCCG"	""	"TGTCCACTCTGACAGTGACCAGTGCCCATCCTGAAGACAGCAGCTTCTACATCTGCAGTGCTATAATACGAGCAGTACTTCGGGCCG"	""	"TCRBV2-1"	"TCRBD2-1"	"TCRBJ2-7*1"	-1	63	65	66	64	1	NA	NA	"TGTCCACTCTGACAGTGACCAGTGCCCATCCTGAAGACAGCAGCTTCTACATCTGCAGTGCTATAATACGAGCAGTACTTCGGGCCG"	FALSE	FALSE	NA	NA	NA	NA
"TGTGGTCGCACTGCAGCAAGAAGACTCAGCTGCGTATCTCTGCACCACGCGCCATTAGCGGGCCTCTACGAGCAGTACTTCGGGCCG"	""	"TGTGGTCGCACTGCAGCAAGAAGACTCAGCTGCGTATCTCTGCACCACGCGCCATTAGCGGGCCTCTACGAGCAGTACTTCGGGCCG"	""	"TCRBV1-1*1"	"TCRBD2-1"	"TCRBJ2-7*1"	47	55	62	65	8	3	NA	NA	"TGTGGTCGCACTGCAGCAAGAAGACTCAGCTGCGTATCTCTGCACCACGCGCCATTAGCGGGCCTCTACGAGCAGTACTTCGGGCCG"	FALSE	FALSE	NA	NA	NA	NA
"TCCGCTACCAGCTCCCAGACATCTGTGTACTTCTGTGCCATCAGTGTTGAGGGAGCAATCTCCTACAATGAGCAGTTCTTCGGGCCA"	"CAISVEGAISYNEQFF"	"TCCGCTACCAGCTCCCAGACATCTGTGTACTTCTGTGCCATCAGTGTTGAGGGAGCAATCTCCTACAATGAGCAGTTCTTCGGGCCA"	"CAISVEGAISYNEQFF"	"TCRBV1-3*1"	"TCRBD2-1*2"	"TCRBJ2-1*1"	46	50	55	59	4	4	NA	NA	"TCCGCTACCAGCTCCCAGACATCTGTGTACTTCTGTGCCATCAGTGTTGAGGGAGCAATCTCCTACAATGAGCAGTTCTTCGGGCCA"	FALSE	TRUE	NA	NA	NA	NA
"CAGCCCTCAGAACCCAGGGACTCAGCTGTGTACTTCTGTGCCAGCAGGCGGGGAGGGGGTTTGGCCTACGAGCAGTACTTCGGGCCG"	"CASRRGGGLAYEQYF"	"CAGCCCTCAGAACCCAGGGACTCAGCTGTGTACTTCTGTGCCAGCAGGCGGGGAGGGGGTTTGGCCTACGAGCAGTACTTCGGGCCG"	"CASRRGGGLAYEQYF"	NA	"TCRBD2-1*2"	"TCRBJ2-7*1"	47	50	57	64	3	7	NA	NA	"CAGCCCTCAGAACCCAGGGACTCAGCTGTGTACTTCTGTGCCAGCAGGCGGGGAGGGGGTTTGGCCTACGAGCAGTACTTCGGGCCG"	FALSE	TRUE	NA	NA	NA	NA
"CCTGCAAAGCTTGAGGACTCGGCCGTGTATCTCTGTGCCAGCAGCCCACTTTCGGGACTCTACACAGATACGCAGTATTTTGGCCCA"	"CASSPLSGLYTDTQYF"	"CCTGCAAAGCTTGAGGACTCGGCCGTGTATCTCTGTGCCAGCAGCCCACTTTCGGGACTCTACACAGATACGCAGTATTTTGGCCCA"	"CASSPLSGLYTDTQYF"	"TCRBV11-2"	"TCRBD2-1"	"TCRBJ2-3*1"	45	53	59	62	8	3	NA	NA	"CCTGCAAAGCTTGAGGACTCGGCCGTGTATCTCTGTGCCAGCAGCCCACTTTCGGGACTCTACACAGATACGCAGTATTTTGGCCCA"	FALSE	TRUE	NA	NA	NA	NA
"CTGGAGCTGGGGGACTCAGCTTTGTATTTCTGTGCCAGCAGCGCGACAGGGACTAGCGGACGAACAGATACGCAGTATTTTGGCCCA"	"CASSATGTSGRTDTQYF"	"CTGGAGCTGGGGGACTCAGCTTTGTATTTCTGTGCCAGCAGCGCGACAGGGACTAGCGGACGAACAGATACGCAGTATTTTGGCCCA"	"CASSATGTSGRTDTQYF"	"TCRBV9-1*1"	"TCRBD2-1"	"TCRBJ2-3*1"	43	48	59	63	5	4	NA	NA	"CTGGAGCTGGGGGACTCAGCTTTGTATTTCTGTGCCAGCAGCGCGACAGGGACTAGCGGACGAACAGATACGCAGTATTTTGGCCCA"	FALSE	TRUE	NA	NA	NA	NA
"CCTGCAAAGCTTGAGGACTCGGCCGTGTATCTCTGTGCCAGCAGCCCTAGGGGAAAGCGGGAGGGCTACGAGCAGTACTTCGGGCCG"	"CASSPRGKREGYEQYF"	"CCTGCAAAGCTTGAGGACTCGGCCGTGTATCTCTGTGCCAGCAGCCCTAGGGGAAAGCGGGAGGGCTACGAGCAGTACTTCGGGCCG"	"CASSPRGKREGYEQYF"	"TCRBV11-2"	"TCRBD2-1*2"	"TCRBJ2-7*1"	45	55	-1	65	10	66	NA	NA	"CCTGCAAAGCTTGAGGACTCGGCCGTGTATCTCTGTGCCAGCAGCCCTAGGGGAAAGCGGGAGGGCTACGAGCAGTACTTCGGGCCG"	FALSE	TRUE	NA	NA	NA	NA
"CAGCGCACAGAGCAGGGGGACTCGGCCATGTATCTCTGTGCCAGCAGTCTTGGGGACTACGACACAGATACGCAGTATTTTGGCCCA"	"CASSLGDYDTDTQYF"	"CAGCGCACAGAGCAGGGGGACTCGGCCATGTATCTCTGTGCCAGCAGTCTTGGGGACTACGACACAGATACGCAGTATTTTGGCCCA"	"CASSLGDYDTDTQYF"	"TCRBV7-9*1"	"TCRBD2-1"	"TCRBJ2-3*1"	47	52	59	62	5	3	NA	NA	"CAGCGCACAGAGCAGGGGGACTCGGCCATGTATCTCTGTGCCAGCAGTCTTGGGGACTACGACACAGATACGCAGTATTTTGGCCCA"	FALSE	TRUE	NA	NA	NA	NA
"TTGGCGTCTGCTGTACCCTCTCAGACATCTGTGTACTTCTGTGCCAGCAGTTCGGGGGGGAGGAACACTGAAGCTTTCTTTGGACAA"	"CASSSGGRNTEAFF"	"TTGGCGTCTGCTGTACCCTCTCAGACATCTGTGTACTTCTGTGCCAGCAGTTCGGGGGGGAGGAACACTGAAGCTTTCTTTGGACAA"	"CASSSGGRNTEAFF"	"TCRBV6-4*1"	"TCRBD2-1*1"	"TCRBJ1-1*1"	51	52	60	62	1	2	NA	NA	"TTGGCGTCTGCTGTACCCTCTCAGACATCTGTGTACTTCTGTGCCAGCAGTTCGGGGGGGAGGAACACTGAAGCTTTCTTTGGACAA"	FALSE	TRUE	NA	NA	NA	NA
"CTCACTCTGGAGTCCGCTACCAGCTCCCAGACATCTGTGTACTTCTGTGCCATCAGTGACTTAGGAAGCGAAGCTTTCTTTGGACAA"	"CAISDLGSEAFF"	"CTCACTCTGGAGTCCGCTACCAGCTCCCAGACATCTGTGTACTTCTGTGCCATCAGTGACTTAGGAAGCGAAGCTTTCTTTGGACAA"	"CAISDLGSEAFF"	"TCRBV1-3*1"	NA	"TCRBJ1-1*1"	59	63	66	69	4	3	NA	NA	"CTCACTCTGGAGTCCGCTACCAGCTCCCAGACATCTGTGTACTTCTGTGCCATCAGTGACTTAGGAAGCGAAGCTTTCTTTGGACAA"	FALSE	TRUE	NA	NA	NA	NA
"NNNNNNNTGTCGGCTGCTCCCTCCCAGACATCTGTGTACTTCTGTGCCAGCAGTGAGAAGGAGAACACTGAAGCTTTCTTTGGACAA"	"CASSEKENTEAFF"	"NNNNNNNTGTCGGCTGCTCCCTCCCAGACATCTGTGTACTTCTGTGCCAGCAGTGAGAAGGAGAACACTGAAGCTTTCTTTGGACAA"	"CASSEKENTEAFF"	"TCRBV6-1*1"	NA	"TCRBJ1-1*1"	56	59	-1	62	3	63	NA	NA	"NNNNNNNTGTCGGCTGCTCCCTCCCAGACATCTGTGTACTTCTGTGCCAGCAGTGAGAAGGAGAACACTGAAGCTTTCTTTGGACAA"	FALSE	TRUE	NA	NA	NA	NA
"CCCAACCAGACCTCTCTGTACTTCTGTGCCAGCAGTTCGAACAAACTAACGGGACTAGCGACCTACAATGAGCAGTTCTTCGGGCCA"	"CASSSNKLTGLATYNEQFF"	"CCCAACCAGACCTCTCTGTACTTCTGTGCCAGCAGTTCGAACAAACTAACGGGACTAGCGACCTACAATGAGCAGTTCTTCGGGCCA"	"CASSSNKLTGLATYNEQFF"	"TCRBV27-1*1"	"TCRBD2-1"	"TCRBJ2-1*1"	37	50	60	61	13	1	NA	NA	"CCCAACCAGACCTCTCTGTACTTCTGTGCCAGCAGTTCGAACAAACTAACGGGACTAGCGACCTACAATGAGCAGTTCTTCGGGCCA"	FALSE	TRUE	NA	NA	NA	NA
"AGCTCTCTGGAGCTGGGGGACTCAGCTTTGTATTTCTGTGCCAGCAGCGTAGCCGGGGGGGAAGGCTACGAGCAGTACTTCGGGCCG"	"CASSVAGGEGYEQYF"	"AGCTCTCTGGAGCTGGGGGACTCAGCTTTGTATTTCTGTGCCAGCAGCGTAGCCGGGGGGGAAGGCTACGAGCAGTACTTCGGGCCG"	"CASSVAGGEGYEQYF"	"TCRBV9-1*1"	"TCRBD2-1*1"	"TCRBJ2-7*1"	52	53	61	65	1	4	NA	NA	"AGCTCTCTGGAGCTGGGGGACTCAGCTTTGTATTTCTGTGCCAGCAGCGTAGCCGGGGGGGAAGGCTACGAGCAGTACTTCGGGCCG"	FALSE	TRUE	NA	NA	NA	NA
"ACATCGGCCCAAAAGAACCCGACAGCTTTCTATCTCTGTGCCAGTAGTAGAGCGCAAAACCTAGGGACTGAAGCTTTCTTTGGACAA"	"CASSRAQNLGTEAFF"	"ACATCGGCCCAAAAGAACCCGACAGCTTTCTATCTCTGTGCCAGTAGTAGAGCGCAAAACCTAGGGACTGAAGCTTTCTTTGGACAA"	"CASSRAQNLGTEAFF"	"TCRBV19-1*1"	NA	"TCRBJ1-1*1"	49	62	-1	66	13	67	NA	NA	"ACATCGGCCCAAAAGAACCCGACAGCTTTCTATCTCTGTGCCAGTAGTAGAGCGCAAAACCTAGGGACTGAAGCTTTCTTTGGACAA"	FALSE	TRUE	NA	NA	NA	NA
"GAGTCCGCCAGCACCAACCAGACATCTATGTACCTCTGTGCCAGCAGTTTAGTAGCGGGGGGGACCTACGAGCAGTACTTCGGGCCG"	"CASSLVAGGTYEQYF"	"GAGTCCGCCAGCACCAACCAGACATCTATGTACCTCTGTGCCAGCAGTTTAGTAGCGGGGGGGACCTACGAGCAGTACTTCGGGCCG"	"CASSLVAGGTYEQYF"	"TCRBV28-1*1"	"TCRBD2-1*1"	"TCRBJ2-7*1"	51	52	63	64	1	1	NA	NA	"GAGTCCGCCAGCACCAACCAGACATCTATGTACCTCTGTGCCAGCAGTTTAGTAGCGGGGGGGACCTACGAGCAGTACTTCGGGCCG"	FALSE	TRUE	NA	NA	NA	NA
"AATGTGAACGCCTTGGAGCTGGACGACTCGGCCCTGTATCTCTGTGCCAGCAGCTCCATGGGGGGGATGTCGGCTTTCTTTGGACAA"	"CASSSMGGMSAFF"	"AATGTGAACGCCTTGGAGCTGGACGACTCGGCCCTGTATCTCTGTGCCAGCAGCTCCATGGGGGGGATGTCGGCTTTCTTTGGACAA"	"CASSSMGGMSAFF"	"TCRBV5-4*1"	"TCRBD2-1*1"	"TCRBJ1-1*1"	55	59	66	72	4	6	NA	NA	"AATGTGAACGCCTTGGAGCTGGACGACTCGGCCCTGTATCTCTGTGCCAGCAGCTCCATGGGGGGGATGTCGGCTTTCTTTGGACAA"	FALSE	TRUE	NA	NA	NA	NA
"CTCAAGATCCAGCCTGCAGAGCTTGGGGACTCGGCCGTGTATCTCTGTGCCAGCAGCTTACAGGGCAGCGAGCAGTACTTCGGGCCG"	"CASSLQGSEQYF"	"CTCAAGATCCAGCCTGCAGAGCTTGGGGACTCGGCCGTGTATCTCTGTGCCAGCAGCTTACAGGGCAGCGAGCAGTACTTCGGGCCG"	"CASSLQGSEQYF"	"TCRBV11-3*1"	"TCRBD1-1*1"	"TCRBJ2-7*1"	-1	60	65	68	61	3	NA	NA	"CTCAAGATCCAGCCTGCAGAGCTTGGGGACTCGGCCGTGTATCTCTGTGCCAGCAGCTTACAGGGCAGCGAGCAGTACTTCGGGCCG"	FALSE	TRUE	NA	NA	NA	NA
"TCCACAAAGCTGGAGGACTCAGCCATGTACTTCTGTGCCAGCAGACGACCCGGGACAGGGTCTGGAAACACCATATATTTTGGAGAG"	"CASRRPGTGSGNTIYF"	"TCCACAAAGCTGGAGGACTCAGCCATGTACTTCTGTGCCAGCAGACGACCCGGGACAGGGTCTGGAAACACCATATATTTTGGAGAG"	"CASRRPGTGSGNTIYF"	"TCRBV2-1"	"TCRBD1-1*1"	"TCRBJ1-3*1"	44	51	-1	60	7	61	NA	NA	"TCCACAAAGCTGGAGGACTCAGCCATGTACTTCTGTGCCAGCAGACGACCCGGGACAGGGTCTGGAAACACCATATATTTTGGAGAG"	FALSE	TRUE	NA	NA	NA	NA
"ATCCAGCCCTCAGAACCCAGGGACTCAGCTGTGTATTTTTGTGCTAGTGGCCACGGCGGGAGGGGTGAGACCCAGTACTTCGGGCCA"	"CASGHGGRGETQYF"	"ATCCAGCCCTCAGAACCCAGGGACTCAGCTGTGTATTTTTGTGCTAGTGGCCACGGCGGGAGGGGTGAGACCCAGTACTTCGGGCCA"	"CASGHGGRGETQYF"	"TCRBV12-5*1"	"TCRBD2-1*2"	"TCRBJ2-5*1"	50	55	64	66	5	2	NA	NA	"ATCCAGCCCTCAGAACCCAGGGACTCAGCTGTGTATTTTTGTGCTAGTGGCCACGGCGGGAGGGGTGAGACCCAGTACTTCGGGCCA"	FALSE	TRUE	NA	NA	NA	NA
"CAGCCTGCAAAGCTTGAGGACTCGGCCGTGTATCTCTGTGCCAGCAGCCTACAGAGAGTCTCTGGTAATGAGCAGTTCTTCGGGCCA"	"CASSLQRVSGNEQFF"	"CAGCCTGCAAAGCTTGAGGACTCGGCCGTGTATCTCTGTGCCAGCAGCCTACAGAGAGTCTCTGGTAATGAGCAGTTCTTCGGGCCA"	"CASSLQRVSGNEQFF"	"TCRBV11-2*1"	"TCRBD1-1*1"	"TCRBJ2-1*1"	48	50	54	66	2	12	NA	NA	"CAGCCTGCAAAGCTTGAGGACTCGGCCGTGTATCTCTGTGCCAGCAGCCTACAGAGAGTCTCTGGTAATGAGCAGTTCTTCGGGCCA"	FALSE	TRUE	NA	NA	NA	NA
"AAGATCCAGCCTGCAGAGCTTGGGGACTCGGCCGTGTATCTCTGTGCCAGCAGCTTAGATCCTACGTTTGAGCAGTTCTTCGGGCCA"	"CASSLDPTFEQFF"	"AAGATCCAGCCTGCAGAGCTTGGGGACTCGGCCGTGTATCTCTGTGCCAGCAGCTTAGATCCTACGTTTGAGCAGTTCTTCGGGCCA"	"CASSLDPTFEQFF"	"TCRBV11-3*1"	"TCRBD2-1"	"TCRBJ2-1*1"	59	61	64	68	2	4	NA	NA	"AAGATCCAGCCTGCAGAGCTTGGGGACTCGGCCGTGTATCTCTGTGCCAGCAGCTTAGATCCTACGTTTGAGCAGTTCTTCGGGCCA"	FALSE	TRUE	NA	NA	NA	NA
"AACGCCTTGTTGCTGGGGGACTCGGCCCTCTATCTCTGTGCCAGCAGCTTGGCACGGGAAGGGAATGAAAAACTGTTTTTTGGCAGT"	"CASSLAREGNEKLFF"	"AACGCCTTGTTGCTGGGGGACTCGGCCCTCTATCTCTGTGCCAGCAGCTTGGCACGGGAAGGGAATGAAAAACTGTTTTTTGGCAGT"	"CASSLAREGNEKLFF"	"TCRBV5-6*1"	"TCRBD2-1*2"	"TCRBJ1-4*1"	52	54	59	63	2	4	NA	NA	"AACGCCTTGTTGCTGGGGGACTCGGCCCTCTATCTCTGTGCCAGCAGCTTGGCACGGGAAGGGAATGAAAAACTGTTTTTTGGCAGT"	FALSE	TRUE	NA	NA	NA	NA
"ATCCAGCCCTCAGAACCCAGGGACTCAGCTGTGTACTTCTGTGCCAGCAGTTTACATAGGACGAGATATGGCTACACCTTCGGTTCG"	"CASSLHRTRYGYTF"	"ATCCAGCCCTCAGAACCCAGGGACTCAGCTGTGTACTTCTGTGCCAGCAGTTTACATAGGACGAGATATGGCTACACCTTCGGTTCG"	"CASSLHRTRYGYTF"	NA	NA	"TCRBJ1-2*1"	54	58	62	66	4	4	NA	NA	"ATCCAGCCCTCAGAACCCAGGGACTCAGCTGTGTACTTCTGTGCCAGCAGTTTACATAGGACGAGATATGGCTACACCTTCGGTTCG"	FALSE	TRUE	NA	NA	NA	NA
"ACACAGCAGGAGGACTCCGCCGTGTATCTCTGTGCCAGCAGACCCAGACGCAGTCCGGGGGGCCCCGTTTCAGCTTTCTTTGGACAA"	"CASRPRRSPGGPVSAFF"	"ACACAGCAGGAGGACTCCGCCGTGTATCTCTGTGCCAGCAGACCCAGACGCAGTCCGGGGGGCCCCGTTTCAGCTTTCTTTGGACAA"	"CASRPRRSPGGPVSAFF"	"TCRBV7-8"	"TCRBD2-1*1"	"TCRBJ1-1*1"	41	55	62	71	14	9	NA	NA	"ACACAGCAGGAGGACTCCGCCGTGTATCTCTGTGCCAGCAGACCCAGACGCAGTCCGGGGGGCCCCGTTTCAGCTTTCTTTGGACAA"	FALSE	TRUE	NA	NA	NA	NA
"GTGAACGCCTTGTTGCTGGGGGACTCGGCCCTGTATCTCTGTGCCAGCAGCCCGTCGGTGTGATCGGCTGAAGCTTTCTTTGGACAA"	"CASSPSV*SAEAFF"	"GTGAACGCCTTGTTGCTGGGGGACTCGGCCCTGTATCTCTGTGCCAGCAGCCCGTCGGTGTGATCGGCTGAAGCTTTCTTTGGACAA"	"CASSPSV*SAEAFF"	"TCRBV5-5*1"	"TCRBD2-1"	"TCRBJ1-1*1"	51	55	58	67	4	9	NA	NA	"GTGAACGCCTTGTTGCTGGGGGACTCGGCCCTGTATCTCTGTGCCAGCAGCCCGTCGGTGTGATCGGCTGAAGCTTTCTTTGGACAA"	FALSE	TRUE	NA	NA	NA	NA
"ACGATCCAGCGCACAGAGCAGGAGGACTCGGCCGTGTATCTCTGTGCCAGCAGCCCGCTCGACAATCAGCCCCAGCATTTTGGTGAT"	"CASSPLDNQPQHF"	"ACGATCCAGCGCACAGAGCAGGAGGACTCGGCCGTGTATCTCTGTGCCAGCAGCCCGCTCGACAATCAGCCCCAGCATTTTGGTGAT"	"CASSPLDNQPQHF"	"TCRBV7-2"	NA	"TCRBJ1-5*1"	54	60	-1	62	6	63	NA	NA	"ACGATCCAGCGCACAGAGCAGGAGGACTCGGCCGTGTATCTCTGTGCCAGCAGCCCGCTCGACAATCAGCCCCAGCATTTTGGTGAT"	FALSE	TRUE	NA	NA	NA	NA
"GAGTCGCCCAGCCCCAACCAGACCTCTCTGTACTTCTGTGCCAGCAGTTTAGCCCTACTCAAGTTGGATGAGCAGTTCTTCGGGCCA"	"CASSLALLKLDEQFF"	"GAGTCGCCCAGCCCCAACCAGACCTCTCTGTACTTCTGTGCCAGCAGTTTAGCCCTACTCAAGTTGGATGAGCAGTTCTTCGGGCCA"	"CASSLALLKLDEQFF"	"TCRBV27-1*1"	"TCRBD2-1"	"TCRBJ2-1*1"	51	56	59	67	5	8	NA	NA	"GAGTCGCCCAGCCCCAACCAGACCTCTCTGTACTTCTGTGCCAGCAGTTTAGCCCTACTCAAGTTGGATGAGCAGTTCTTCGGGCCA"	FALSE	TRUE	NA	NA	NA	NA
"CAGCGCACAGAGCAGGGGGACTCGGCCATGTATCTCTGTGCCAGCAGGGCGACTAGCGGGAGCTTCTACGAGCAGTACTTCGGGCCG"	"CASRATSGSFYEQYF"	"CAGCGCACAGAGCAGGGGGACTCGGCCATGTATCTCTGTGCCAGCAGGGCGACTAGCGGGAGCTTCTACGAGCAGTACTTCGGGCCG"	"CASRATSGSFYEQYF"	"TCRBV7-9*1"	"TCRBD2-1*2"	"TCRBJ2-7*1"	47	50	62	65	3	3	NA	NA	"CAGCGCACAGAGCAGGGGGACTCGGCCATGTATCTCTGTGCCAGCAGGGCGACTAGCGGGAGCTTCTACGAGCAGTACTTCGGGCCG"	FALSE	TRUE	NA	NA	NA	NA
"ATCCAGCCTGCAAAGCTTGAGGACTCGGCCGTGTATCTCTGTGCCAGCAGCTTCTTTCAGCGCACAGATACGCAGTATTTTGGCCCA"	"CASSFFQRTDTQYF"	"ATCCAGCCTGCAAAGCTTGAGGACTCGGCCGTGTATCTCTGTGCCAGCAGCTTCTTTCAGCGCACAGATACGCAGTATTTTGGCCCA"	"CASSFFQRTDTQYF"	"TCRBV11-2*1"	NA	"TCRBJ2-3*1"	53	57	60	61	4	1	NA	NA	"ATCCAGCCTGCAAAGCTTGAGGACTCGGCCGTGTATCTCTGTGCCAGCAGCTTCTTTCAGCGCACAGATACGCAGTATTTTGGCCCA"	FALSE	TRUE	NA	NA	NA	NA
"GAGTCTGCCAGGCCCTCACATACCTCTCAGTACCTCTGTGCCAGCAGTGGGGGCATGGGGACCTACAATGAGCAGTTCTTCGGGCCA"	"CASSGGMGTYNEQFF"	"GAGTCTGCCAGGCCCTCACATACCTCTCAGTACCTCTGTGCCAGCAGTGGGGGCATGGGGACCTACAATGAGCAGTTCTTCGGGCCA"	"CASSGGMGTYNEQFF"	"TCRBV25-1*1"	"TCRBD1-1*1"	"TCRBJ2-1*1"	-1	49	54	61	50	7	NA	NA	"GAGTCTGCCAGGCCCTCACATACCTCTCAGTACCTCTGTGCCAGCAGTGGGGGCATGGGGACCTACAATGAGCAGTTCTTCGGGCCA"	FALSE	TRUE	NA	NA	NA	NA
"GTAGTGCGAGGAGATTCGGCAGCTTATTTCTGTGCCAGCAGGAAACTAGCCGATAAAGCTCCCTACAATGAGCAGTTCTTCGGGCCA"	"CASRKLADKAPYNEQFF"	"GTAGTGCGAGGAGATTCGGCAGCTTATTTCTGTGCCAGCAGGAAACTAGCCGATAAAGCTCCCTACAATGAGCAGTTCTTCGGGCCA"	"CASRKLADKAPYNEQFF"	"TCRBV18-1*1"	"TCRBD2-1"	"TCRBJ2-1*1"	39	44	50	61	5	11	NA	NA	"GTAGTGCGAGGAGATTCGGCAGCTTATTTCTGTGCCAGCAGGAAACTAGCCGATAAAGCTCCCTACAATGAGCAGTTCTTCGGGCCA"	FALSE	TRUE	NA	NA	NA	NA
"TCAGAACCCAGGGACTCAGCTGTGTACTTCTGTGCCAGCAGTAAAGCTGAGGGGGGCAGAGGAACCTACGAGCAGTACTTCGGGCCG"	"CASSKAEGGRGTYEQYF"	"TCAGAACCCAGGGACTCAGCTGTGTACTTCTGTGCCAGCAGTAAAGCTGAGGGGGGCAGAGGAACCTACGAGCAGTACTTCGGGCCG"	"CASSKAEGGRGTYEQYF"	NA	NA	"TCRBJ2-7*1"	42	49	55	64	7	9	NA	NA	"TCAGAACCCAGGGACTCAGCTGTGTACTTCTGTGCCAGCAGTAAAGCTGAGGGGGGCAGAGGAACCTACGAGCAGTACTTCGGGCCG"	FALSE	TRUE	NA	NA	NA	NA
"CACCTACACGCCCTGCAGCCAGAAGACTCAGCCCTGTATCTCTGCGCCAGCAGCCAAGTTCTAGTCTACGAGCAGTACTTCGGGCCG"	"CASSQVLVYEQYF"	"CACCTACACGCCCTGCAGCCAGAAGACTCAGCCCTGTATCTCTGCGCCAGCAGCCAAGTTCTAGTCTACGAGCAGTACTTCGGGCCG"	"CASSQVLVYEQYF"	"TCRBV4-1*1"	"TCRBD2-1"	"TCRBJ2-7*1"	58	60	64	65	2	1	NA	NA	"CACCTACACGCCCTGCAGCCAGAAGACTCAGCCCTGTATCTCTGCGCCAGCAGCCAAGTTCTAGTCTACGAGCAGTACTTCGGGCCG"	FALSE	TRUE	NA	NA	NA	NA
"GCCCTGCAGCCAGAAGACTCAGCCCTGTATCTCTGCGCCAGCAGCTTACTAGCGGGAGGGAGCACAGATACGCAGTATTTTGGCCCA"	"CASSLLAGGSTDTQYF"	"GCCCTGCAGCCAGAAGACTCAGCCCTGTATCTCTGCGCCAGCAGCTTACTAGCGGGAGGGAGCACAGATACGCAGTATTTTGGCCCA"	"CASSLLAGGSTDTQYF"	"TCRBV4-1*1"	"TCRBD2-1*2"	"TCRBJ2-3*1"	45	47	-1	60	2	61	NA	NA	"GCCCTGCAGCCAGAAGACTCAGCCCTGTATCTCTGCGCCAGCAGCTTACTAGCGGGAGGGAGCACAGATACGCAGTATTTTGGCCCA"	FALSE	TRUE	NA	NA	NA	NA
"NNNNNNNTGTCGGCTGCTCCCTCCCAAACATCTGTGTACTTCTGTGCCAGCTCGATTAGTTCTTGGGAGACCCAGTACTTCGGGCCA"	"CASSISSWETQYF"	"NNNNNNNTGTCGGCTGCTCCCTCCCAAACATCTGTGTACTTCTGTGCCAGCTCGATTAGTTCTTGGGAGACCCAGTACTTCGGGCCA"	"CASSISSWETQYF"	NA	"TCRBD2-1"	"TCRBJ2-5*1"	51	56	59	66	5	7	NA	NA	"NNNNNNNTGTCGGCTGCTCCCTCCCAAACATCTGTGTACTTCTGTGCCAGCTCGATTAGTTCTTGGGAGACCCAGTACTTCGGGCCA"	FALSE	TRUE	NA	NA	NA	NA
"ACTCTGACGATCCAGCGCACAGAGCAGGAGGACTCGGCCGTGTATCTCTGTGCCAGCAGTCTCAAGGAAGCGCAGTATTTTGGCCCA"	"CASSLKEAQYF"	"ACTCTGACGATCCAGCGCACAGAGCAGGAGGACTCGGCCGTGTATCTCTGTGCCAGCAGTCTCAAGGAAGCGCAGTATTTTGGCCCA"	"CASSLKEAQYF"	"TCRBV7-2"	NA	"TCRBJ2-3*1"	59	65	68	70	6	2	NA	NA	"ACTCTGACGATCCAGCGCACAGAGCAGGAGGACTCGGCCGTGTATCTCTGTGCCAGCAGTCTCAAGGAAGCGCAGTATTTTGGCCCA"	FALSE	TRUE	NA	NA	NA	NA
"CCTGCAGAGCTTGGGGACTCGGCCGTGTATCTCTGTGCCAGCAGCTTATCAACGGCTAGCGGGTCCTACGAGCAGTACTTCGGGCCG"	"CASSLSTASGSYEQYF"	"CCTGCAGAGCTTGGGGACTCGGCCGTGTATCTCTGTGCCAGCAGCTTATCAACGGCTAGCGGGTCCTACGAGCAGTACTTCGGGCCG"	"CASSLSTASGSYEQYF"	"TCRBV11-3*1"	"TCRBD2-1"	"TCRBJ2-7*1"	48	55	-1	63	7	64	NA	NA	"CCTGCAGAGCTTGGGGACTCGGCCGTGTATCTCTGTGCCAGCAGCTTATCAACGGCTAGCGGGTCCTACGAGCAGTACTTCGGGCCG"	FALSE	TRUE	NA	NA	NA	NA
"GTGACCAGTGCCCATCCTGAAGACAGCAGCTTCTACATCTGCAGTGCTTTAGCGGGAGGGTCCTACAATGAGCAGTTCTTCGGGCCA"	"CSALAGGSYNEQFF"	"GTGACCAGTGCCCATCCTGAAGACAGCAGCTTCTACATCTGCAGTGCTTTAGCGGGAGGGTCCTACAATGAGCAGTTCTTCGGGCCA"	"CSALAGGSYNEQFF"	NA	"TCRBD2-1*2"	"TCRBJ2-1*1"	48	49	-1	60	1	61	NA	NA	"GTGACCAGTGCCCATCCTGAAGACAGCAGCTTCTACATCTGCAGTGCTTTAGCGGGAGGGTCCTACAATGAGCAGTTCTTCGGGCCA"	FALSE	TRUE	NA	NA	NA	NA
"CCTGCAGAACTGGAGGATTCTGGAGTTTATTTCTGTGCCAGCAGCCAAGCCCCTAGCGGGAAGACAGATACGCAGTATTTTGGCCCA"	"CASSQAPSGKTDTQYF"	"CCTGCAGAACTGGAGGATTCTGGAGTTTATTTCTGTGCCAGCAGCCAAGCCCCTAGCGGGAAGACAGATACGCAGTATTTTGGCCCA"	"CASSQAPSGKTDTQYF"	"TCRBV14-1*1"	"TCRBD2-1*2"	"TCRBJ2-3*1"	49	52	61	63	3	2	NA	NA	"CCTGCAGAACTGGAGGATTCTGGAGTTTATTTCTGTGCCAGCAGCCAAGCCCCTAGCGGGAAGACAGATACGCAGTATTTTGGCCCA"	FALSE	TRUE	NA	NA	NA	NA
"AACCAGACCTCTCTGTACTTCTGTGCCAGCAGTAAAGGACCTCTCTCCGGGACTAGCGGGAGAGCTGAGACCCAGTACTTCGGGCCA"	"CASSKGPLSGTSGRAETQYF"	"AACCAGACCTCTCTGTACTTCTGTGCCAGCAGTAAAGGACCTCTCTCCGGGACTAGCGGGAGAGCTGAGACCCAGTACTTCGGGCCA"	"CASSKGPLSGTSGRAETQYF"	"TCRBV27-1*1"	"TCRBD2-1*2"	"TCRBJ2-5*1"	33	48	62	66	15	4	NA	NA	"AACCAGACCTCTCTGTACTTCTGTGCCAGCAGTAAAGGACCTCTCTCCGGGACTAGCGGGAGAGCTGAGACCCAGTACTTCGGGCCA"	FALSE	TRUE	NA	NA	NA	NA
"ACGATCCAGCGCACAGAGCAGGAGGACTCGGCCGTGTATCTCTGTGCCAGCAGCCGAATCATTCGAACTGAAGCTTTCTTTGGACAA"	"CASSRIIRTEAFF"	"ACGATCCAGCGCACAGAGCAGGAGGACTCGGCCGTGTATCTCTGTGCCAGCAGCCGAATCATTCGAACTGAAGCTTTCTTTGGACAA"	"CASSRIIRTEAFF"	"TCRBV7-2"	NA	"TCRBJ1-1*1"	54	55	57	66	1	9	NA	NA	"ACGATCCAGCGCACAGAGCAGGAGGACTCGGCCGTGTATCTCTGTGCCAGCAGCCGAATCATTCGAACTGAAGCTTTCTTTGGACAA"	FALSE	TRUE	NA	NA	NA	NA
"CTCAAGATCCAGCCTGCAGAGCTTGGGGACTCGGCCATGTATCTCTGTGCCAGCAGCTTATCTCAGAATGAGCAGTTCTTCGGGCCA"	"CASSLSQNEQFF"	"CTCAAGATCCAGCCTGCAGAGCTTGGGGACTCGGCCATGTATCTCTGTGCCAGCAGCTTATCTCAGAATGAGCAGTTCTTCGGGCCA"	"CASSLSQNEQFF"	"TCRBV11-1*1"	"TCRBD1-1*1"	"TCRBJ2-1*1"	60	63	-1	66	3	67	NA	NA	"CTCAAGATCCAGCCTGCAGAGCTTGGGGACTCGGCCATGTATCTCTGTGCCAGCAGCTTATCTCAGAATGAGCAGTTCTTCGGGCCA"	FALSE	TRUE	NA	NA	NA	NA
"CAGCGCACAGAGCAGGAGGACTCGGCCGTGTATCTCTGTGCCAGCAGCCTCCGGACAGGAAGCTCCTACGAGCAGTACTTCGGGCCG"	"CASSLRTGSSYEQYF"	"CAGCGCACAGAGCAGGAGGACTCGGCCGTGTATCTCTGTGCCAGCAGCCTCCGGACAGGAAGCTCCTACGAGCAGTACTTCGGGCCG"	"CASSLRTGSSYEQYF"	"TCRBV7-2"	"TCRBD1-1*1"	"TCRBJ2-7*1"	48	52	59	62	4	3	NA	NA	"CAGCGCACAGAGCAGGAGGACTCGGCCGTGTATCTCTGTGCCAGCAGCCTCCGGACAGGAAGCTCCTACGAGCAGTACTTCGGGCCG"	FALSE	TRUE	NA	NA	NA	NA
"CCAGCAGGTAGTGCGAGGAGATTCGGCAGCTTATTTCTGTGCCAGCTCACCACTCCAGGCCGGTACAATGAGCAGTTCTTCGGGCCA"	""	"CCAGCAGGTAGTGCGAGGAGATTCGGCAGCTTATTTCTGTGCCAGCTCACCACTCCAGGCCGGTACAATGAGCAGTTCTTCGGGCCA"	""	"TCRBV18-1*1"	"TCRBD1-1*1"	"TCRBJ2-1*1"	53	55	59	63	2	4	NA	NA	"CCAGCAGGTAGTGCGAGGAGATTCGGCAGCTTATTTCTGTGCCAGCTCACCACTCCAGGCCGGTACAATGAGCAGTTCTTCGGGCCA"	FALSE	FALSE	NA	NA	NA	NA
"AGCACCTTGGAGCTGGGGGACTCGGCCCTTTATCTTTGCGCCAGCAGCTGGGAGACAGGGGGTATCACTGAAGCTTTCTTTGGACAA"	"CASSWETGGITEAFF"	"AGCACCTTGGAGCTGGGGGACTCGGCCCTTTATCTTTGCGCCAGCAGCTGGGAGACAGGGGGTATCACTGAAGCTTTCTTTGGACAA"	"CASSWETGGITEAFF"	"TCRBV5-1*1"	"TCRBD1-1*1"	"TCRBJ1-1*1"	49	53	62	65	4	3	NA	NA	"AGCACCTTGGAGCTGGGGGACTCGGCCCTTTATCTTTGCGCCAGCAGCTGGGAGACAGGGGGTATCACTGAAGCTTTCTTTGGACAA"	FALSE	TRUE	NA	NA	NA	NA
"CAGCCTGCAGAGCTTGGGGACTCGGCCGTGTATCTCTGTGCCAGCAGCTTGAATCAGGGACCTAACTATGGCTACACCTTCGGTTCG"	"CASSLNQGPNYGYTF"	"CAGCCTGCAGAGCTTGGGGACTCGGCCGTGTATCTCTGTGCCAGCAGCTTGAATCAGGGACCTAACTATGGCTACACCTTCGGTTCG"	"CASSLNQGPNYGYTF"	"TCRBV11-3*1"	NA	"TCRBJ1-2*1"	50	56	-1	61	6	62	NA	NA	"CAGCCTGCAGAGCTTGGGGACTCGGCCGTGTATCTCTGTGCCAGCAGCTTGAATCAGGGACCTAACTATGGCTACACCTTCGGTTCG"	FALSE	TRUE	NA	NA	NA	NA
"CGCCTTGTTGCTAGGGGACTCGGCCCTCTATCTCTGTGCCAGCAGCTTCCCCAGAAGTGGACTGGAAACACCATATATTTTGGAGAG"	""	"CGCCTTGTTGCTAGGGGACTCGGCCCTCTATCTCTGTGCCAGCAGCTTCCCCAGAAGTGGACTGGAAACACCATATATTTTGGAGAG"	""	"TCRBV5-7*1"	NA	"TCRBJ1-3*1"	48	58	-1	61	10	62	NA	NA	"CGCCTTGTTGCTAGGGGACTCGGCCCTCTATCTCTGTGCCAGCAGCTTCCCCAGAAGTGGACTGGAAACACCATATATTTTGGAGAG"	FALSE	FALSE	NA	NA	NA	NA
"GAGCTGGGGGACTCAGCTTTGTATTTCTGTGCCAGCAGCGTAGAAGACCAACAAGGACTAGCGGGAGATACGCAGTATTTTGGCCCA"	"CASSVEDQQGLAGDTQYF"	"GAGCTGGGGGACTCAGCTTTGTATTTCTGTGCCAGCAGCGTAGAAGACCAACAAGGACTAGCGGGAGATACGCAGTATTTTGGCCCA"	"CASSVEDQQGLAGDTQYF"	"TCRBV9-1*1"	"TCRBD2-1"	"TCRBJ2-3*1"	43	54	-1	65	11	66	NA	NA	"GAGCTGGGGGACTCAGCTTTGTATTTCTGTGCCAGCAGCGTAGAAGACCAACAAGGACTAGCGGGAGATACGCAGTATTTTGGCCCA"	FALSE	TRUE	NA	NA	NA	NA
"CAGCCTGCAGAGCTTGGGGACTCGGCCGTGTATCTCTGTGCCAGCAGGTTTAGCGGGACTGGGGGAGATACGCAGTATTTTGGCCCA"	"CASRFSGTGGDTQYF"	"CAGCCTGCAGAGCTTGGGGACTCGGCCGTGTATCTCTGTGCCAGCAGGTTTAGCGGGACTGGGGGAGATACGCAGTATTTTGGCCCA"	"CASRFSGTGGDTQYF"	"TCRBV11-3*1"	"TCRBD2-1*2"	"TCRBJ2-3*1"	47	50	58	65	3	7	NA	NA	"CAGCCTGCAGAGCTTGGGGACTCGGCCGTGTATCTCTGTGCCAGCAGGTTTAGCGGGACTGGGGGAGATACGCAGTATTTTGGCCCA"	FALSE	TRUE	NA	NA	NA	NA
"AACCCAGGGACTCAGCTGTGTACTTCTGTGCCAGCACCCTAGACTAGCGGGAGGGCCAGGGAGAACAATGAGCAGTTCTTCGGGCCA"	""	"AACCCAGGGACTCAGCTGTGTACTTCTGTGCCAGCACCCTAGACTAGCGGGAGGGCCAGGGAGAACAATGAGCAGTTCTTCGGGCCA"	""	NA	"TCRBD2-1*2"	"TCRBJ2-1*1"	36	41	55	64	5	9	NA	NA	"AACCCAGGGACTCAGCTGTGTACTTCTGTGCCAGCACCCTAGACTAGCGGGAGGGCCAGGGAGAACAATGAGCAGTTCTTCGGGCCA"	FALSE	FALSE	NA	NA	NA	NA
"CAGCGCACAGAGCAGGAGGACTCGGCCGTGTATCTCTGTGCCAGCAGCCGAACCGCCGACGACAATCGGCCCCAGCATTTTGGTGAT"	"CASSRTADDNRPQHF"	"CAGCGCACAGAGCAGGAGGACTCGGCCGTGTATCTCTGTGCCAGCAGCCGAACCGCCGACGACAATCGGCCCCAGCATTTTGGTGAT"	"CASSRTADDNRPQHF"	NA	"TCRBD1-1*1"	"TCRBJ1-5*1"	48	60	64	68	12	4	NA	NA	"CAGCGCACAGAGCAGGAGGACTCGGCCGTGTATCTCTGTGCCAGCAGCCGAACCGCCGACGACAATCGGCCCCAGCATTTTGGTGAT"	FALSE	TRUE	NA	NA	NA	NA
"TGGTGACTCTGCTGTGTATTTCTGTGCCAGCAGCCAAGGACTTCGGACTAGCGGGAGGGTGTACACAATGAGCAGTTCTTCGGGCCA"	""	"TGGTGACTCTGCTGTGTATTTCTGTGCCAGCAGCCAAGGACTTCGGACTAGCGGGAGGGTGTACACAATGAGCAGTTCTTCGGGCCA"	""	"TCRBV3-1/3-2*1"	"TCRBD2-1*2"	"TCRBJ2-1*1"	38	44	59	64	6	5	NA	NA	"TGGTGACTCTGCTGTGTATTTCTGTGCCAGCAGCCAAGGACTTCGGACTAGCGGGAGGGTGTACACAATGAGCAGTTCTTCGGGCCA"	FALSE	FALSE	NA	NA	NA	NA
"NTGAAGATCCAGCCCTCAGAACCCAGGGACTCAGCTGTGTATTTTTGTGCTAGTGGTTTGGAATCCGGGGAGCTGTTTTTTGGAGAA"	"CASGLESGELFF"	"NTGAAGATCCAGCCCTCAGAACCCAGGGACTCAGCTGTGTATTTTTGTGCTAGTGGTTTGGAATCCGGGGAGCTGTTTTTTGGAGAA"	"CASGLESGELFF"	"TCRBV12-5*1"	NA	"TCRBJ2-2*1"	-1	-1	61	64	0	3	NA	NA	"NTGAAGATCCAGCCCTCAGAACCCAGGGACTCAGCTGTGTATTTTTGTGCTAGTGGTTTGGAATCCGGGGAGCTGTTTTTTGGAGAA"	FALSE	TRUE	NA	NA	NA	NA
"GCTGGGGGACTCAGCTTTGTATTTCTGTGCCAGCAGCGTAAATAGGTGGGGGTCGGTTGGTTTGACACTGAAGCTTTCTTTGGACAA"	""	"GCTGGGGGACTCAGCTTTGTATTTCTGTGCCAGCAGCGTAAATAGGTGGGGGTCGGTTGGTTTGACACTGAAGCTTTCTTTGGACAA"	""	"TCRBV9-1*1"	NA	"TCRBJ1-1*1"	40	47	52	64	7	12	NA	NA	"GCTGGGGGACTCAGCTTTGTATTTCTGTGCCAGCAGCGTAAATAGGTGGGGGTCGGTTGGTTTGACACTGAAGCTTTCTTTGGACAA"	FALSE	FALSE	NA	NA	NA	NA
"ATCCAGTCCACGGAGTCAGGGGACACAGCACTGTATTTCTGTGCCAGCGGACAGGGAGGGCGCACCGGGGAGCTGTTTTTTGGAGAA"	"CASGQGGRTGELFF"	"ATCCAGTCCACGGAGTCAGGGGACACAGCACTGTATTTCTGTGCCAGCGGACAGGGAGGGCGCACCGGGGAGCTGTTTTTTGGAGAA"	"CASGQGGRTGELFF"	"TCRBV21-1*1"	"TCRBD1-1*1"	"TCRBJ2-2*1"	-1	48	56	62	49	6	NA	NA	"ATCCAGTCCACGGAGTCAGGGGACACAGCACTGTATTTCTGTGCCAGCGGACAGGGAGGGCGCACCGGGGAGCTGTTTTTTGGAGAA"	FALSE	TRUE	NA	NA	NA	NA
"NNNNNNNNNNTGTCGGCTGCTCCCTCCCAAACATCTGTGTACTTCTGTGCCAGCAGCTACGGGCAATCCGAGCAGTACTTCGGGCCG"	"CASSYGQSEQYF"	"NNNNNNNNNNTGTCGGCTGCTCCCTCCCAAACATCTGTGTACTTCTGTGCCAGCAGCTACGGGCAATCCGAGCAGTACTTCGGGCCG"	"CASSYGQSEQYF"	NA	"TCRBD1-1*1"	"TCRBJ2-7*1"	-1	60	64	68	61	4	NA	NA	"NNNNNNNNNNTGTCGGCTGCTCCCTCCCAAACATCTGTGTACTTCTGTGCCAGCAGCTACGGGCAATCCGAGCAGTACTTCGGGCCG"	FALSE	TRUE	NA	NA	NA	NA
"CGGTCCACAAAGCTGGAGGACTCAGCCATGTACTTCTGTGCCAGCAACCCGGGGAGGAAGACTCGAGGTGGCTACACCTTCGGTTCG"	"CASNPGRKTRGGYTF"	"CGGTCCACAAAGCTGGAGGACTCAGCCATGTACTTCTGTGCCAGCAACCCGGGGAGGAAGACTCGAGGTGGCTACACCTTCGGTTCG"	"CASNPGRKTRGGYTF"	"TCRBV2-1"	"TCRBD2-1*2"	"TCRBJ1-2*1"	46	51	57	68	5	11	NA	NA	"CGGTCCACAAAGCTGGAGGACTCAGCCATGTACTTCTGTGCCAGCAACCCGGGGAGGAAGACTCGAGGTGGCTACACCTTCGGTTCG"	FALSE	TRUE	NA	NA	NA	NA
"GAGTCCGCCAGCACCAACCAGACATCTATGTACCTCTGTGCCAGCAGAATAGGGACAGCGGCCCATCAGCCCCAGCATTTTGGTGAT"	"CASRIGTAAHQPQHF"	"GAGTCCGCCAGCACCAACCAGACATCTATGTACCTCTGTGCCAGCAGAATAGGGACAGCGGCCCATCAGCCCCAGCATTTTGGTGAT"	"CASRIGTAAHQPQHF"	"TCRBV28-1*1"	"TCRBD1-1*1"	"TCRBJ1-5*1"	47	51	58	64	4	6	NA	NA	"GAGTCCGCCAGCACCAACCAGACATCTATGTACCTCTGTGCCAGCAGAATAGGGACAGCGGCCCATCAGCCCCAGCATTTTGGTGAT"	FALSE	TRUE	NA	NA	NA	NA
"TTGGCGTCTGCTGTACCCTCTCAGACATCTGTGTACTTCTGTGCCAGCAGTTCACTAGCGGGAGAGGATACGCAGTATTTTGGCCCA"	"CASSSLAGEDTQYF"	"TTGGCGTCTGCTGTACCCTCTCAGACATCTGTGTACTTCTGTGCCAGCAGTTCACTAGCGGGAGAGGATACGCAGTATTTTGGCCCA"	"CASSSLAGEDTQYF"	"TCRBV6-4*1"	"TCRBD2-1*2"	"TCRBJ2-3*1"	51	53	64	66	2	2	NA	NA	"TTGGCGTCTGCTGTACCCTCTCAGACATCTGTGTACTTCTGTGCCAGCAGTTCACTAGCGGGAGAGGATACGCAGTATTTTGGCCCA"	FALSE	TRUE	NA	NA	NA	NA
"ACTCTGGAGTCAGCTACCCGCTCCCAGACATCTGTGTATTTCTGCGCCAGCAGTGAGTCGCAAGTAGAGACCCAGTACTTCGGGCCA"	"CASSESQVETQYF"	"ACTCTGGAGTCAGCTACCCGCTCCCAGACATCTGTGTATTTCTGCGCCAGCAGTGAGTCGCAAGTAGAGACCCAGTACTTCGGGCCA"	"CASSESQVETQYF"	"TCRBV1-2*1"	NA	"TCRBJ2-5*1"	59	60	62	65	1	3	NA	NA	"ACTCTGGAGTCAGCTACCCGCTCCCAGACATCTGTGTATTTCTGCGCCAGCAGTGAGTCGCAAGTAGAGACCCAGTACTTCGGGCCA"	FALSE	TRUE	NA	NA	NA	NA
"TCCCTGGAGCTTGGTGACTCTGCTGTGTATTTCTGTGCCAGCAGCCAAGATCGAGGGGGTAGAGTGGATACGCAGTATTTTGGCCCA"	"CASSQDRGGRVDTQYF"	"TCCCTGGAGCTTGGTGACTCTGCTGTGTATTTCTGTGCCAGCAGCCAAGATCGAGGGGGTAGAGTGGATACGCAGTATTTTGGCCCA"	"CASSQDRGGRVDTQYF"	"TCRBV3-1/3-2*1"	"TCRBD1-1*1"	"TCRBJ2-3*1"	50	53	59	66	3	7	NA	NA	"TCCCTGGAGCTTGGTGACTCTGCTGTGTATTTCTGTGCCAGCAGCCAAGATCGAGGGGGTAGAGTGGATACGCAGTATTTTGGCCCA"	FALSE	TRUE	NA	NA	NA	NA
"ACTGTGAGCAACATGAGCCCTGAAGACAGCAGCATATATCTCTGCAGCGTTGGGAGTAGGGTGGGATCACCCCTCCACTTTGGGAAT"	"CSVGSRVGSPLHF"	"ACTGTGAGCAACATGAGCCCTGAAGACAGCAGCATATATCTCTGCAGCGTTGGGAGTAGGGTGGGATCACCCCTCCACTTTGGGAAT"	"CSVGSRVGSPLHF"	"TCRBV29-1"	NA	"TCRBJ1-6*1"	52	62	-1	66	10	67	NA	NA	"ACTGTGAGCAACATGAGCCCTGAAGACAGCAGCATATATCTCTGCAGCGTTGGGAGTAGGGTGGGATCACCCCTCCACTTTGGGAAT"	FALSE	TRUE	NA	NA	NA	NA
"GCGTCTGCTGTACCCTCTCAGACATCTGTGTACTTCTGTGCCAGCAGTGAAGATGCCGTGGGATCCTACGAGCAGTACTTCGGGCCG"	"CASSEDAVGSYEQYF"	"GCGTCTGCTGTACCCTCTCAGACATCTGTGTACTTCTGTGCCAGCAGTGAAGATGCCGTGGGATCCTACGAGCAGTACTTCGGGCCG"	"CASSEDAVGSYEQYF"	"TCRBV6-4*1"	NA	"TCRBJ2-7*1"	50	59	-1	63	9	64	NA	NA	"GCGTCTGCTGTACCCTCTCAGACATCTGTGTACTTCTGTGCCAGCAGTGAAGATGCCGTGGGATCCTACGAGCAGTACTTCGGGCCG"	FALSE	TRUE	NA	NA	NA	NA
"NTGAAGATCCAGCCCTCAGAACCCAGGGACTCAGCTGTGTACTTCTGTGCCAGTACTAGCGGGAGTTACGAGCAGTACTTCGGGCCG"	"CASTSGSYEQYF"	"NTGAAGATCCAGCCCTCAGAACCCAGGGACTCAGCTGTGTACTTCTGTGCCAGTACTAGCGGGAGTTACGAGCAGTACTTCGGGCCG"	"CASTSGSYEQYF"	"TCRBV12-3/12-4*1"	"TCRBD2-1*2"	"TCRBJ2-7*1"	53	54	65	66	1	1	NA	NA	"NTGAAGATCCAGCCCTCAGAACCCAGGGACTCAGCTGTGTACTTCTGTGCCAGTACTAGCGGGAGTTACGAGCAGTACTTCGGGCCG"	FALSE	TRUE	NA	NA	NA	NA
"ATTCAGCGCACAGAGCAGGGGGACTCGGCCATGTATCTCTGTGCCAGCTCAGGAGGGGAGTGGGACACTGAAGCTTTCTTTGGACAA"	"CASSGGEWDTEAFF"	"ATTCAGCGCACAGAGCAGGGGGACTCGGCCATGTATCTCTGTGCCAGCTCAGGAGGGGAGTGGGACACTGAAGCTTTCTTTGGACAA"	"CASSGGEWDTEAFF"	"TCRBV7-9"	"TCRBD2-1*2"	"TCRBJ1-1*1"	48	51	57	64	3	7	NA	NA	"ATTCAGCGCACAGAGCAGGGGGACTCGGCCATGTATCTCTGTGCCAGCTCAGGAGGGGAGTGGGACACTGAAGCTTTCTTTGGACAA"	FALSE	TRUE	NA	NA	NA	NA
"AGTTCTAAGAAGCTCCTTCTCAGTGACTCTGGCTTCTATCTCTGTGCCTGGAGTGTATCGGGATACACTGAAGCTTTCTTTGGACAA"	"CAWSVSGYTEAFF"	"AGTTCTAAGAAGCTCCTTCTCAGTGACTCTGGCTTCTATCTCTGTGCCTGGAGTGTATCGGGATACACTGAAGCTTTCTTTGGACAA"	"CAWSVSGYTEAFF"	"TCRBV3-1*1"	"TCRBD2-1*2"	"TCRBJ1-1*1"	56	58	63	64	2	1	NA	NA	"AGTTCTAAGAAGCTCCTTCTCAGTGACTCTGGCTTCTATCTCTGTGCCTGGAGTGTATCGGGATACACTGAAGCTTTCTTTGGACAA"	FALSE	TRUE	NA	NA	NA	NA
"GTGACCAGTGCCCATCCTGAAGACAGCAGCTTCTACATCTGCAGTGCTAGTCCCCGACGGAGCTCCTACGAGCAGTACTTCGGGCCG"	"CSASPRRSSYEQYF"	"GTGACCAGTGCCCATCCTGAAGACAGCAGCTTCTACATCTGCAGTGCTAGTCCCCGACGGAGCTCCTACGAGCAGTACTTCGGGCCG"	"CSASPRRSSYEQYF"	"TCRBV2-1*4"	"TCRBD2-1*2"	"TCRBJ2-7*1"	51	58	-1	62	7	63	NA	NA	"GTGACCAGTGCCCATCCTGAAGACAGCAGCTTCTACATCTGCAGTGCTAGTCCCCGACGGAGCTCCTACGAGCAGTACTTCGGGCCG"	FALSE	TRUE	NA	NA	NA	NA
"AAGATCCAGCCCTCAGAACCCAGGGACTCAGCTGTGTACTTCTGTGCCAGCAAAACAGGGTCGACGAATGAGCAGTTCTTCGGGCCA"	"CASKTGSTNEQFF"	"AAGATCCAGCCCTCAGAACCCAGGGACTCAGCTGTGTACTTCTGTGCCAGCAAAACAGGGTCGACGAATGAGCAGTTCTTCGGGCCA"	"CASKTGSTNEQFF"	"TCRBV12-3/12-4*1"	"TCRBD1-1*1"	"TCRBJ2-1*1"	52	54	60	66	2	6	NA	NA	"AAGATCCAGCCCTCAGAACCCAGGGACTCAGCTGTGTACTTCTGTGCCAGCAAAACAGGGTCGACGAATGAGCAGTTCTTCGGGCCA"	FALSE	TRUE	NA	NA	NA	NA
"AACGCCTTGGAGCTGGACGACTCGGCCCTGTATCTCTGTGCCAGCCTTAAGGGTAGCGGGCCCGTCTACGAGCAGTACTTCGGGCCG"	"CASLKGSGPVYEQYF"	"AACGCCTTGGAGCTGGACGACTCGGCCCTGTATCTCTGTGCCAGCCTTAAGGGTAGCGGGCCCGTCTACGAGCAGTACTTCGGGCCG"	"CASLKGSGPVYEQYF"	"TCRBV5-4*1"	"TCRBD2-1"	"TCRBJ2-7*1"	45	53	60	65	8	5	NA	NA	"AACGCCTTGGAGCTGGACGACTCGGCCCTGTATCTCTGTGCCAGCCTTAAGGGTAGCGGGCCCGTCTACGAGCAGTACTTCGGGCCG"	FALSE	TRUE	NA	NA	NA	NA
"TCTCTGGAGCTGGGGGACTCAGCTTTGTATTTCTGTGCCAGCAGCGTCTCGTTAGACACTTCTATGGTAGGCTACACCTTCGGTTCG"	"CASSVSLDTSMVGYTF"	"TCTCTGGAGCTGGGGGACTCAGCTTTGTATTTCTGTGCCAGCAGCGTCTCGTTAGACACTTCTATGGTAGGCTACACCTTCGGTTCG"	"CASSVSLDTSMVGYTF"	"TCRBV9-1*1"	"TCRBD1-1*1"	"TCRBJ1-2*1"	47	54	58	69	7	11	NA	NA	"TCTCTGGAGCTGGGGGACTCAGCTTTGTATTTCTGTGCCAGCAGCGTCTCGTTAGACACTTCTATGGTAGGCTACACCTTCGGTTCG"	FALSE	TRUE	NA	NA	NA	NA
"TCGCCCAGCCCCAACCAGACCTCTCTGTACTTCTGTGCCAGCAGTTTGGTACAGGGGGCGTATAATTCACCCCTCCACTTTGGGAAT"	"CASSLVQGAYNSPLHF"	"TCGCCCAGCCCCAACCAGACCTCTCTGTACTTCTGTGCCAGCAGTTTGGTACAGGGGGCGTATAATTCACCCCTCCACTTTGGGAAT"	"CASSLVQGAYNSPLHF"	"TCRBV27-1*1"	"TCRBD1-1*1"	"TCRBJ1-6*1"	47	50	59	60	3	1	NA	NA	"TCGCCCAGCCCCAACCAGACCTCTCTGTACTTCTGTGCCAGCAGTTTGGTACAGGGGGCGTATAATTCACCCCTCCACTTTGGGAAT"	FALSE	TRUE	NA	NA	NA	NA
"AAGAAGCTCCTTCTCAGTGACTCTGGCTTCTATCTCTGTGCCTGGAGGAGCCCGGGGACAGGGAGAAACACCATATATTTTGGAGAG"	"CAWRSPGTGRNTIYF"	"AAGAAGCTCCTTCTCAGTGACTCTGGCTTCTATCTCTGTGCCTGGAGGAGCCCGGGGACAGGGAGAAACACCATATATTTTGGAGAG"	"CAWRSPGTGRNTIYF"	"TCRBV3-1*1"	"TCRBD1-1*1"	"TCRBJ1-3*1"	47	54	63	64	7	1	NA	NA	"AAGAAGCTCCTTCTCAGTGACTCTGGCTTCTATCTCTGTGCCTGGAGGAGCCCGGGGACAGGGAGAAACACCATATATTTTGGAGAG"	FALSE	TRUE	NA	NA	NA	NA
"GCCTTGGAGCTGGACGACTCGGCCCTGTATCTCTGTGCCAGCAGCTTAGGGGGGACAGGTGGAAAGTATGGCTACACCTTCGGTTCG"	"CASSLGGTGGKYGYTF"	"GCCTTGGAGCTGGACGACTCGGCCCTGTATCTCTGTGCCAGCAGCTTAGGGGGGACAGGTGGAAAGTATGGCTACACCTTCGGTTCG"	"CASSLGGTGGKYGYTF"	"TCRBV5-4*1"	"TCRBD1-1*1"	"TCRBJ1-2*1"	47	51	59	66	4	7	NA	NA	"GCCTTGGAGCTGGACGACTCGGCCCTGTATCTCTGTGCCAGCAGCTTAGGGGGGACAGGTGGAAAGTATGGCTACACCTTCGGTTCG"	FALSE	TRUE	NA	NA	NA	NA
"AGCACCTTGGAGCTGGGGGACTCGGCCCTTTATCTTTGCGCCAGCAGACGGACTAGCGGGAGTCGGTACGAGCAGTACTTCGGGCCG"	"CASRRTSGSRYEQYF"	"AGCACCTTGGAGCTGGGGGACTCGGCCCTTTATCTTTGCGCCAGCAGACGGACTAGCGGGAGTCGGTACGAGCAGTACTTCGGGCCG"	"CASRRTSGSRYEQYF"	"TCRBV5-1*1"	"TCRBD2-1*2"	"TCRBJ2-7*1"	47	49	62	66	2	4	NA	NA	"AGCACCTTGGAGCTGGGGGACTCGGCCCTTTATCTTTGCGCCAGCAGACGGACTAGCGGGAGTCGGTACGAGCAGTACTTCGGGCCG"	FALSE	TRUE	NA	NA	NA	NA
"NTGTCGGCTGCTCCCTCCCAGACATCTGTGTACTTCTGTGCCAGCAGTTATTTCCCAGGTCGGGCCTACGAGCAGTACTTCGGGCCG"	"CASSYFPGRAYEQYF"	"NTGTCGGCTGCTCCCTCCCAGACATCTGTGTACTTCTGTGCCAGCAGTTATTTCCCAGGTCGGGCCTACGAGCAGTACTTCGGGCCG"	"CASSYFPGRAYEQYF"	"TCRBV6-5*1"	NA	"TCRBJ2-7*1"	50	55	59	64	5	5	NA	NA	"NTGTCGGCTGCTCCCTCCCAGACATCTGTGTACTTCTGTGCCAGCAGTTATTTCCCAGGTCGGGCCTACGAGCAGTACTTCGGGCCG"	FALSE	TRUE	NA	NA	NA	NA
"GTGAGCACCTTGGAGCTGGGGGACTCGGCCCTTTATCTTTGCGCCAGCAGCTTGGGAGAGGGTTCCTACGAGCAGTACTTCGGGCCG"	"CASSLGEGSYEQYF"	"GTGAGCACCTTGGAGCTGGGGGACTCGGCCCTTTATCTTTGCGCCAGCAGCTTGGGAGAGGGTTCCTACGAGCAGTACTTCGGGCCG"	"CASSLGEGSYEQYF"	"TCRBV5-1*1"	"TCRBD2-1*2"	"TCRBJ2-7*1"	55	57	62	63	2	1	NA	NA	"GTGAGCACCTTGGAGCTGGGGGACTCGGCCCTTTATCTTTGCGCCAGCAGCTTGGGAGAGGGTTCCTACGAGCAGTACTTCGGGCCG"	FALSE	TRUE	NA	NA	NA	NA
"ACCAGTGCCCATCCTGAAGACAGCAGCTTCTACATCTGCAGTGCTAGAGTTTCAGACGAAAAGGCTCAGCCCCAGCATTTTGGTGAT"	"CSARVSDEKAQPQHF"	"ACCAGTGCCCATCCTGAAGACAGCAGCTTCTACATCTGCAGTGCTAGAGTTTCAGACGAAAAGGCTCAGCCCCAGCATTTTGGTGAT"	"CSARVSDEKAQPQHF"	NA	NA	"TCRBJ1-5*1"	49	54	57	65	5	8	NA	NA	"ACCAGTGCCCATCCTGAAGACAGCAGCTTCTACATCTGCAGTGCTAGAGTTTCAGACGAAAAGGCTCAGCCCCAGCATTTTGGTGAT"	FALSE	TRUE	NA	NA	NA	NA
"AGGCTGGAGTTGGCTGCTCCCTCCCAGACATCTGTGTACTTCTGTGCCAGCAGTTACCCAGCGACCGGGGAGCTGTTTTTTGGAGAA"	"CASSYPATGELFF"	"AGGCTGGAGTTGGCTGCTCCCTCCCAGACATCTGTGTACTTCTGTGCCAGCAGTTACCCAGCGACCGGGGAGCTGTTTTTTGGAGAA"	"CASSYPATGELFF"	"TCRBV6-6*1"	"TCRBD2-1"	"TCRBJ2-2*1"	57	59	-1	63	2	64	NA	NA	"AGGCTGGAGTTGGCTGCTCCCTCCCAGACATCTGTGTACTTCTGTGCCAGCAGTTACCCAGCGACCGGGGAGCTGTTTTTTGGAGAA"	FALSE	TRUE	NA	NA	NA	NA
"CAGCCCTCAGAACCCAGGGACTCAGCTGTGTACTTCTGTGCCAGCAGTTACTCTGGGACAGGGGGAACACCCCTCCACTTTGGGAAT"	"CASSYSGTGGTPLHF"	"CAGCCCTCAGAACCCAGGGACTCAGCTGTGTACTTCTGTGCCAGCAGTTACTCTGGGACAGGGGGAACACCCCTCCACTTTGGGAAT"	"CASSYSGTGGTPLHF"	NA	"TCRBD1-1*1"	"TCRBJ1-6*1"	49	54	65	67	5	2	NA	NA	"CAGCCCTCAGAACCCAGGGACTCAGCTGTGTACTTCTGTGCCAGCAGTTACTCTGGGACAGGGGGAACACCCCTCCACTTTGGGAAT"	FALSE	TRUE	NA	NA	NA	NA
"GTGAGCACCTTGGAGCTGGGGGACTCGGCCCTTTATCTTTGCGCCAGCAGCGAGGGACTAGCGGGCGATACCCAGTACTTCGGGCCA"	"CASSEGLAGDTQYF"	"GTGAGCACCTTGGAGCTGGGGGACTCGGCCCTTTATCTTTGCGCCAGCAGCGAGGGACTAGCGGGCGATACCCAGTACTTCGGGCCA"	"CASSEGLAGDTQYF"	"TCRBV5-1*1"	"TCRBD2-1"	"TCRBJ2-5*1"	51	53	65	69	2	4	NA	NA	"GTGAGCACCTTGGAGCTGGGGGACTCGGCCCTTTATCTTTGCGCCAGCAGCGAGGGACTAGCGGGCGATACCCAGTACTTCGGGCCA"	FALSE	TRUE	NA	NA	NA	NA
"ACACAGCAGGAGGACTCCGCCGTGTATCTCTGTGCCAGCAGCTTCCCCGCAGGGATGGGGATGAACACTGAAGCTTTCTTTGGACAA"	"CASSFPAGMGMNTEAFF"	"ACACAGCAGGAGGACTCCGCCGTGTATCTCTGTGCCAGCAGCTTCCCCGCAGGGATGGGGATGAACACTGAAGCTTTCTTTGGACAA"	"CASSFPAGMGMNTEAFF"	"TCRBV7-8*1"	"TCRBD1-1*1"	"TCRBJ1-1*1"	44	49	54	61	5	7	NA	NA	"ACACAGCAGGAGGACTCCGCCGTGTATCTCTGTGCCAGCAGCTTCCCCGCAGGGATGGGGATGAACACTGAAGCTTTCTTTGGACAA"	FALSE	TRUE	NA	NA	NA	NA
"GGAGTCCGCCAGCACCAACCAGACATCTATGTACCTCTGTGCCAGCAGTTTCTAGCGGGAGGGCCATGCTCAAGGGTCTTCGGGCCA"	""	"GGAGTCCGCCAGCACCAACCAGACATCTATGTACCTCTGTGCCAGCAGTTTCTAGCGGGAGGGCCATGCTCAAGGGTCTTCGGGCCA"	""	"TCRBV28-1*1"	"TCRBD2-1*2"	"TCRBJ2-1*1"	-1	51	63	76	52	13	NA	NA	"GGAGTCCGCCAGCACCAACCAGACATCTATGTACCTCTGTGCCAGCAGTTTCTAGCGGGAGGGCCATGCTCAAGGGTCTTCGGGCCA"	FALSE	FALSE	NA	NA	NA	NA
"CTACACGCCCTGCAGCCAGAAGACTCAGCCCTGTATCTCTGCGCCAGCAGCCAAGTAGCGGGAGGCCGACCTCAGTACTTCGGGCCA"	"CASSQVAGGRPQYF"	"CTACACGCCCTGCAGCCAGAAGACTCAGCCCTGTATCTCTGCGCCAGCAGCCAAGTAGCGGGAGGCCGACCTCAGTACTTCGGGCCA"	"CASSQVAGGRPQYF"	"TCRBV4-1*1"	"TCRBD2-1*2"	"TCRBJ2-5*1"	-1	55	65	72	56	7	NA	NA	"CTACACGCCCTGCAGCCAGAAGACTCAGCCCTGTATCTCTGCGCCAGCAGCCAAGTAGCGGGAGGCCGACCTCAGTACTTCGGGCCA"	FALSE	TRUE	NA	NA	NA	NA
"GAGATCCAGCGCACAGAGCAGGGGGACTCGGCCATGTATCTCTGTGCCAGCAGCCCCAGGCCTAGGGATGAGCAGTTCTTCGGGCCA"	"CASSPRPRDEQFF"	"GAGATCCAGCGCACAGAGCAGGGGGACTCGGCCATGTATCTCTGTGCCAGCAGCCCCAGGCCTAGGGATGAGCAGTTCTTCGGGCCA"	"CASSPRPRDEQFF"	"TCRBV7-9*1"	NA	"TCRBJ2-1*1"	54	56	60	67	2	7	NA	NA	"GAGATCCAGCGCACAGAGCAGGGGGACTCGGCCATGTATCTCTGTGCCAGCAGCCCCAGGCCTAGGGATGAGCAGTTCTTCGGGCCA"	FALSE	TRUE	NA	NA	NA	NA
"CTCTCAGACATCTGTGTACTTCTGTGCCAGCAGTGACCTTATAAACGGGACTAGCGGGCGTACTCCTACGAGCAGTACTTCGGGCCG"	""	"CTCTCAGACATCTGTGTACTTCTGTGCCAGCAGTGACCTTATAAACGGGACTAGCGGGCGTACTCCTACGAGCAGTACTTCGGGCCG"	""	"TCRBV6-4*1"	"TCRBD2-1"	"TCRBJ2-7*1"	37	46	58	62	9	4	NA	NA	"CTCTCAGACATCTGTGTACTTCTGTGCCAGCAGTGACCTTATAAACGGGACTAGCGGGCGTACTCCTACGAGCAGTACTTCGGGCCG"	FALSE	FALSE	NA	NA	NA	NA
"CCACGGAGTCAGGGGACACAGCACTGTATTTCTGTGCCAGCAGCAAAAGGTCAGGACCCAGCGAACACTGAAGCTTTCTTTGGACAA"	""	"CCACGGAGTCAGGGGACACAGCACTGTATTTCTGTGCCAGCAGCAAAAGGTCAGGACCCAGCGAACACTGAAGCTTTCTTTGGACAA"	""	"TCRBV21-1*1"	NA	"TCRBJ1-1*1"	47	53	57	62	6	5	NA	NA	"CCACGGAGTCAGGGGACACAGCACTGTATTTCTGTGCCAGCAGCAAAAGGTCAGGACCCAGCGAACACTGAAGCTTTCTTTGGACAA"	FALSE	FALSE	NA	NA	NA	NA
"ATCCGGTCCACAAAGCTGGAGGACTCAGCCATGTACTTCTGTGCCAGCTCGAGAACAGGCGTTAATGAAAAACTGTTTTTTGGCAGT"	"CASSRTGVNEKLFF"	"ATCCGGTCCACAAAGCTGGAGGACTCAGCCATGTACTTCTGTGCCAGCTCGAGAACAGGCGTTAATGAAAAACTGTTTTTTGGCAGT"	"CASSRTGVNEKLFF"	"TCRBV2-1"	"TCRBD1-1*1"	"TCRBJ1-4*1"	48	54	59	62	6	3	NA	NA	"ATCCGGTCCACAAAGCTGGAGGACTCAGCCATGTACTTCTGTGCCAGCTCGAGAACAGGCGTTAATGAAAAACTGTTTTTTGGCAGT"	FALSE	TRUE	NA	NA	NA	NA
"CAGCACCAACCAGACATCTATGTACCTCTGTGCCAGCAGTTTCTTCGGCGGGAGGGCCTCGTGTGCAATGAGCAGTTCTTCGGGCCA"	""	"CAGCACCAACCAGACATCTATGTACCTCTGTGCCAGCAGTTTCTTCGGCGGGAGGGCCTCGTGTGCAATGAGCAGTTCTTCGGGCCA"	""	"TCRBV28-1*1"	"TCRBD2-1*2"	"TCRBJ2-1*1"	42	47	56	65	5	9	NA	NA	"CAGCACCAACCAGACATCTATGTACCTCTGTGCCAGCAGTTTCTTCGGCGGGAGGGCCTCGTGTGCAATGAGCAGTTCTTCGGGCCA"	FALSE	FALSE	NA	NA	NA	NA
"CAGCGCACAGAGCAGGGGGACTCGGCCATGTATCTCTGTGCCAGCAGCCCCGGACTAGCCGACACCGGGGAGCTGTTTTTTGGAGAA"	"CASSPGLADTGELFF"	"CAGCGCACAGAGCAGGGGGACTCGGCCATGTATCTCTGTGCCAGCAGCCCCGGACTAGCCGACACCGGGGAGCTGTTTTTTGGAGAA"	"CASSPGLADTGELFF"	"TCRBV7-9*1"	"TCRBD2-1"	"TCRBJ2-2*1"	48	51	59	61	3	2	NA	NA	"CAGCGCACAGAGCAGGGGGACTCGGCCATGTATCTCTGTGCCAGCAGCCCCGGACTAGCCGACACCGGGGAGCTGTTTTTTGGAGAA"	FALSE	TRUE	NA	NA	NA	NA
"TCCACAAAGCTGGAGGACTCAGCCATGTACTTCTGTGCCAGCAGTGAAGCAGGAACTAGCAGGGGAGAGACCCAGTACTTCGGGCCA"	"CASSEAGTSRGETQYF"	"TCCACAAAGCTGGAGGACTCAGCCATGTACTTCTGTGCCAGCAGTGAAGCAGGAACTAGCAGGGGAGAGACCCAGTACTTCGGGCCA"	"CASSEAGTSRGETQYF"	"TCRBV2-1"	NA	"TCRBJ2-5*1"	50	59	-1	65	9	66	NA	NA	"TCCACAAAGCTGGAGGACTCAGCCATGTACTTCTGTGCCAGCAGTGAAGCAGGAACTAGCAGGGGAGAGACCCAGTACTTCGGGCCA"	FALSE	TRUE	NA	NA	NA	NA
"AACGCCTTGGAGCTGGACGACTCGGCCCTGTATCTCTGTGCCAGCAGCCCGGGAGTGGGTTCATGGAATGAGCAGTTCTTCGGGCCA"	"CASSPGVGSWNEQFF"	"AACGCCTTGGAGCTGGACGACTCGGCCCTGTATCTCTGTGCCAGCAGCCCGGGAGTGGGTTCATGGAATGAGCAGTTCTTCGGGCCA"	"CASSPGVGSWNEQFF"	"TCRBV5-4*1"	"TCRBD2-1*2"	"TCRBJ2-1*1"	48	49	55	66	1	11	NA	NA	"AACGCCTTGGAGCTGGACGACTCGGCCCTGTATCTCTGTGCCAGCAGCCCGGGAGTGGGTTCATGGAATGAGCAGTTCTTCGGGCCA"	FALSE	TRUE	NA	NA	NA	NA
"AAGATCCAGCCTGCAGAGCTTGGGGACTCGGCCGTGTATCTCTGTGCCAGCAGCGCGGAGGGGAACACTGAAGCTTTCTTTGGACAA"	"CASSAEGNTEAFF"	"AAGATCCAGCCTGCAGAGCTTGGGGACTCGGCCGTGTATCTCTGTGCCAGCAGCGCGGAGGGGAACACTGAAGCTTTCTTTGGACAA"	"CASSAEGNTEAFF"	"TCRBV11-3*1"	"TCRBD2-1*2"	"TCRBJ1-1*1"	54	56	-1	62	2	63	NA	NA	"AAGATCCAGCCTGCAGAGCTTGGGGACTCGGCCGTGTATCTCTGTGCCAGCAGCGCGGAGGGGAACACTGAAGCTTTCTTTGGACAA"	FALSE	TRUE	NA	NA	NA	NA
"CAGCGCACAGAGCAGGGGGACTCGGCCATGTATCTCTGTGCCAGCAGCCCCGTGGGACTAGCGGGAGACGAGCAGTACTTCGGGCCG"	"CASSPVGLAGDEQYF"	"CAGCGCACAGAGCAGGGGGACTCGGCCATGTATCTCTGTGCCAGCAGCCCCGTGGGACTAGCGGGAGACGAGCAGTACTTCGGGCCG"	"CASSPVGLAGDEQYF"	"TCRBV7-9*1"	"TCRBD2-1*2"	"TCRBJ2-7*1"	48	53	-1	67	5	68	NA	NA	"CAGCGCACAGAGCAGGGGGACTCGGCCATGTATCTCTGTGCCAGCAGCCCCGTGGGACTAGCGGGAGACGAGCAGTACTTCGGGCCG"	FALSE	TRUE	NA	NA	NA	NA
"NNNNNNNTGTCGGCTGCTCCCTCCCAGACATCTGTGTACTTCTGTGCCAGCACCAACCCCGGCGGCTACGAGCAGTACTTCGGGCCG"	"CASTNPGGYEQYF"	"NNNNNNNTGTCGGCTGCTCCCTCCCAGACATCTGTGTACTTCTGTGCCAGCACCAACCCCGGCGGCTACGAGCAGTACTTCGGGCCG"	"CASTNPGGYEQYF"	"TCRBV6-5*1"	"TCRBD2-1"	"TCRBJ2-7*1"	52	61	-1	65	9	66	NA	NA	"NNNNNNNTGTCGGCTGCTCCCTCCCAGACATCTGTGTACTTCTGTGCCAGCACCAACCCCGGCGGCTACGAGCAGTACTTCGGGCCG"	FALSE	TRUE	NA	NA	NA	NA
"CTTCACCTACACGCCCTGCAGCCAGAAGACTCAGCCCTGTATCTCTGCGCCAGCAGCCAAGGACAAAACACCATATATTTTGGAGAG"	"CASSQGQNTIYF"	"CTTCACCTACACGCCCTGCAGCCAGAAGACTCAGCCCTGTATCTCTGCGCCAGCAGCCAAGGACAAAACACCATATATTTTGGAGAG"	"CASSQGQNTIYF"	"TCRBV4-1*1"	"TCRBD1-1*1"	"TCRBJ1-3*1"	-1	61	-1	65	62	66	NA	NA	"CTTCACCTACACGCCCTGCAGCCAGAAGACTCAGCCCTGTATCTCTGCGCCAGCAGCCAAGGACAAAACACCATATATTTTGGAGAG"	FALSE	TRUE	NA	NA	NA	NA
"CAGCCTGCAGAACTGGAGGATTCTGGAGTTTATTTCTGTGCCAGCAGCCAGCTAGCGGGAAGGTACAATGAGCAGTTCTTCGGGCCA"	"CASSQLAGRYNEQFF"	"CAGCCTGCAGAACTGGAGGATTCTGGAGTTTATTTCTGTGCCAGCAGCCAGCTAGCGGGAAGGTACAATGAGCAGTTCTTCGGGCCA"	"CASSQLAGRYNEQFF"	"TCRBV14-1*1"	"TCRBD2-1*2"	"TCRBJ2-1*1"	50	51	60	63	1	3	NA	NA	"CAGCCTGCAGAACTGGAGGATTCTGGAGTTTATTTCTGTGCCAGCAGCCAGCTAGCGGGAAGGTACAATGAGCAGTTCTTCGGGCCA"	FALSE	TRUE	NA	NA	NA	NA
"ATCCAGCAGGTAGTGCGAGGAGATTCGGCAGCTTATTTCTGTGCCAGCTCACTGGACAGGGGCGACTATGGCTACACCTTCGGTTCG"	"CASSLDRGDYGYTF"	"ATCCAGCAGGTAGTGCGAGGAGATTCGGCAGCTTATTTCTGTGCCAGCTCACTGGACAGGGGCGACTATGGCTACACCTTCGGTTCG"	"CASSLDRGDYGYTF"	"TCRBV18-1*1"	"TCRBD1-1*1"	"TCRBJ1-2*1"	52	53	62	64	1	2	NA	NA	"ATCCAGCAGGTAGTGCGAGGAGATTCGGCAGCTTATTTCTGTGCCAGCTCACTGGACAGGGGCGACTATGGCTACACCTTCGGTTCG"	FALSE	TRUE	NA	NA	NA	NA
"GGAGTCAGGGGACACAGCACTGTATTTCTGTGCCAGCAGCAAAGATCATCTGTTTACGACTAGATGGAGACCCAGTACTTCGGGCCA"	""	"GGAGTCAGGGGACACAGCACTGTATTTCTGTGCCAGCAGCAAAGATCATCTGTTTACGACTAGATGGAGACCCAGTACTTCGGGCCA"	""	"TCRBV21-1*1"	"TCRBD2-1"	"TCRBJ2-5*1"	44	57	63	66	13	3	NA	NA	"GGAGTCAGGGGACACAGCACTGTATTTCTGTGCCAGCAGCAAAGATCATCTGTTTACGACTAGATGGAGACCCAGTACTTCGGGCCA"	FALSE	FALSE	NA	NA	NA	NA
"ATCCAGCGCACAGAGCAGGGGGACTCGGCCATGTATCTCTGTGCCAGCAGACCCACAGGGTCCCAAGAGACCCAGTACTTCGGGCCA"	"CASRPTGSQETQYF"	"ATCCAGCGCACAGAGCAGGGGGACTCGGCCATGTATCTCTGTGCCAGCAGACCCACAGGGTCCCAAGAGACCCAGTACTTCGGGCCA"	"CASRPTGSQETQYF"	"TCRBV7-9*1"	"TCRBD1-1*1"	"TCRBJ2-5*1"	50	54	60	62	4	2	NA	NA	"ATCCAGCGCACAGAGCAGGGGGACTCGGCCATGTATCTCTGTGCCAGCAGACCCACAGGGTCCCAAGAGACCCAGTACTTCGGGCCA"	FALSE	TRUE	NA	NA	NA	NA
"GGGGACACAGCACTGTATTTCTGTGCCAGCAGCAAAGCCCCAGCCGTCCAGGTTGTGGTCTCTGGAAACACCATATATTTTGGAGAG"	"CASSKAPAVQVVVSGNTIYF"	"GGGGACACAGCACTGTATTTCTGTGCCAGCAGCAAAGCCCCAGCCGTCCAGGTTGTGGTCTCTGGAAACACCATATATTTTGGAGAG"	"CASSKAPAVQVVVSGNTIYF"	"TCRBV21-1*1"	"TCRBD1-1*1"	"TCRBJ1-3*1"	38	48	52	59	10	7	NA	NA	"GGGGACACAGCACTGTATTTCTGTGCCAGCAGCAAAGCCCCAGCCGTCCAGGTTGTGGTCTCTGGAAACACCATATATTTTGGAGAG"	FALSE	TRUE	NA	NA	NA	NA
"TTGTTGCTGGGGGACTCGGCCCTCTATCTCTGTGCCAGCAGCTCCGCCCCGGCGGGACTGCCGTGGGAGACCCAGTACTTCGGGCCA"	"CASSSAPAGLPWETQYF"	"TTGTTGCTGGGGGACTCGGCCCTCTATCTCTGTGCCAGCAGCTCCGCCCCGGCGGGACTGCCGTGGGAGACCCAGTACTTCGGGCCA"	"CASSSAPAGLPWETQYF"	"TCRBV5-6*1"	"TCRBD2-1"	"TCRBJ2-5*1"	43	53	59	66	10	7	NA	NA	"TTGTTGCTGGGGGACTCGGCCCTCTATCTCTGTGCCAGCAGCTCCGCCCCGGCGGGACTGCCGTGGGAGACCCAGTACTTCGGGCCA"	FALSE	TRUE	NA	NA	NA	NA
"ACAAAGCTGGAGGACTCAGCCATGTACTTCTGTGCCAGCAGTGTCAGGTTTTATACAGGGGGCGAAGAGACCCAGTACTTCGGGCCA"	"CASSVRFYTGGEETQYF"	"ACAAAGCTGGAGGACTCAGCCATGTACTTCTGTGCCAGCAGTGTCAGGTTTTATACAGGGGGCGAAGAGACCCAGTACTTCGGGCCA"	"CASSVRFYTGGEETQYF"	"TCRBV2-1"	"TCRBD1-1*1"	"TCRBJ2-5*1"	43	54	63	64	11	1	NA	NA	"ACAAAGCTGGAGGACTCAGCCATGTACTTCTGTGCCAGCAGTGTCAGGTTTTATACAGGGGGCGAAGAGACCCAGTACTTCGGGCCA"	FALSE	TRUE	NA	NA	NA	NA
"ATCCAGCCTGCAAAGCTTGAGGACTCGGCCGTGTATCTCTGTGCCAGCAGCCCCGGGACAGTTAATGAAAAACTGTTTTTTGGCAGT"	"CASSPGTVNEKLFF"	"ATCCAGCCTGCAAAGCTTGAGGACTCGGCCGTGTATCTCTGTGCCAGCAGCCCCGGGACAGTTAATGAAAAACTGTTTTTTGGCAGT"	"CASSPGTVNEKLFF"	"TCRBV11-2*1"	"TCRBD1-1*1"	"TCRBJ1-4*1"	51	54	61	62	3	1	NA	NA	"ATCCAGCCTGCAAAGCTTGAGGACTCGGCCGTGTATCTCTGTGCCAGCAGCCCCGGGACAGTTAATGAAAAACTGTTTTTTGGCAGT"	FALSE	TRUE	NA	NA	NA	NA
"AACGCCTTGTTGCTGGGGGACTCGGCCCTGTATCTCTGTGCCAGCAGCTTGGGACCGGAAAACACCGGGGAGCTGTTTTTTGGAGAA"	"CASSLGPENTGELFF"	"AACGCCTTGTTGCTGGGGGACTCGGCCCTGTATCTCTGTGCCAGCAGCTTGGGACCGGAAAACACCGGGGAGCTGTTTTTTGGAGAA"	"CASSLGPENTGELFF"	"TCRBV5-5*1"	NA	"TCRBJ2-2*1"	52	56	59	60	4	1	NA	NA	"AACGCCTTGTTGCTGGGGGACTCGGCCCTGTATCTCTGTGCCAGCAGCTTGGGACCGGAAAACACCGGGGAGCTGTTTTTTGGAGAA"	FALSE	TRUE	NA	NA	NA	NA
"CTGCTCCCTCCCAGACATCTGTGTACTTCTGTGCCAGCAGCCCCCCCTATGGACTAGCGGGAGTCAAACGAGCAGTACTTCGGGCCG"	""	"CTGCTCCCTCCCAGACATCTGTGTACTTCTGTGCCAGCAGCCCCCCCTATGGACTAGCGGGAGTCAAACGAGCAGTACTTCGGGCCG"	""	NA	"TCRBD2-1*2"	"TCRBJ2-7*1"	40	50	63	67	10	4	NA	NA	"CTGCTCCCTCCCAGACATCTGTGTACTTCTGTGCCAGCAGCCCCCCCTATGGACTAGCGGGAGTCAAACGAGCAGTACTTCGGGCCG"	FALSE	FALSE	NA	NA	NA	NA
"CCTGCAGAGCTTGGGGACTCGGCCGTGTATCTCTGTGCCAGCAGCTTAGATCTCAGGGGTGGGTACAATGAGCAGTTCTTCGGGCCA"	"CASSLDLRGGYNEQFF"	"CCTGCAGAGCTTGGGGACTCGGCCGTGTATCTCTGTGCCAGCAGCTTAGATCTCAGGGGTGGGTACAATGAGCAGTTCTTCGGGCCA"	"CASSLDLRGGYNEQFF"	"TCRBV11-3*1"	"TCRBD1-1*1"	"TCRBJ2-1*1"	50	53	59	63	3	4	NA	NA	"CCTGCAGAGCTTGGGGACTCGGCCGTGTATCTCTGTGCCAGCAGCTTAGATCTCAGGGGTGGGTACAATGAGCAGTTCTTCGGGCCA"	FALSE	TRUE	NA	NA	NA	NA
"TTGGAGCTGGACGACTCGGCCCTGTATCTCTGTGCCAGCAGCTTGGGAGGACAAGGGGGCCCCACCGGGGAGCTGTTTTTTGGAGAA"	"CASSLGGQGGPTGELFF"	"TTGGAGCTGGACGACTCGGCCCTGTATCTCTGTGCCAGCAGCTTGGGAGGACAAGGGGGCCCCACCGGGGAGCTGTTTTTTGGAGAA"	"CASSLGGQGGPTGELFF"	"TCRBV5-4*1"	"TCRBD1-1*1"	"TCRBJ2-2*1"	46	53	60	62	7	2	NA	NA	"TTGGAGCTGGACGACTCGGCCCTGTATCTCTGTGCCAGCAGCTTGGGAGGACAAGGGGGCCCCACCGGGGAGCTGTTTTTTGGAGAA"	FALSE	TRUE	NA	NA	NA	NA
"CCTGGAGTCGCCCAGCCCCAACCAGACCTCTCTGTACTTCTGTGCCGACCCCCAACCGGGCACCAAGAGACCCAGTACTTCGGGCCA"	""	"CCTGGAGTCGCCCAGCCCCAACCAGACCTCTCTGTACTTCTGTGCCGACCCCCAACCGGGCACCAAGAGACCCAGTACTTCGGGCCA"	""	"TCRBV27-1*1"	NA	"TCRBJ2-5*1"	46	57	-1	61	11	62	NA	NA	"CCTGGAGTCGCCCAGCCCCAACCAGACCTCTCTGTACTTCTGTGCCGACCCCCAACCGGGCACCAAGAGACCCAGTACTTCGGGCCA"	FALSE	FALSE	NA	NA	NA	NA
"GTGACCAGTGCCCATCCTGAAGACAGCAGCTTCTACATCTGCAGTGCAAAAACAGGGGCCGACACAGATACGCAGTATTTTGGCCCA"	"CSAKTGADTDTQYF"	"GTGACCAGTGCCCATCCTGAAGACAGCAGCTTCTACATCTGCAGTGCAAAAACAGGGGCCGACACAGATACGCAGTATTTTGGCCCA"	"CSAKTGADTDTQYF"	NA	"TCRBD1-1*1"	"TCRBJ2-3*1"	47	51	58	62	4	4	NA	NA	"GTGACCAGTGCCCATCCTGAAGACAGCAGCTTCTACATCTGCAGTGCAAAAACAGGGGCCGACACAGATACGCAGTATTTTGGCCCA"	FALSE	TRUE	NA	NA	NA	NA
"TTGGCGTCTGCTGTACCCTCTCAGACATCTGTGTACTTCTGTGCCAGCAGTGACTCGGGAAGTGGGAGGGAAGCTTTCTTTGGACAA"	"CASSDSGSGREAFF"	"TTGGCGTCTGCTGTACCCTCTCAGACATCTGTGTACTTCTGTGCCAGCAGTGACTCGGGAAGTGGGAGGGAAGCTTTCTTTGGACAA"	"CASSDSGSGREAFF"	"TCRBV6-4*1"	"TCRBD2-1*2"	"TCRBJ1-1*1"	56	63	-1	69	7	70	NA	NA	"TTGGCGTCTGCTGTACCCTCTCAGACATCTGTGTACTTCTGTGCCAGCAGTGACTCGGGAAGTGGGAGGGAAGCTTTCTTTGGACAA"	FALSE	TRUE	NA	NA	NA	NA
"AGGCCCTCACATACCTCTCAGTACCTCTGTGCCAGCAGTGAGGGGGCTAGCGGGAGCTTGGGGCAGGAGACCCAGTACTTCGGGCCA"	"CASSEGASGSLGQETQYF"	"AGGCCCTCACATACCTCTCAGTACCTCTGTGCCAGCAGTGAGGGGGCTAGCGGGAGCTTGGGGCAGGAGACCCAGTACTTCGGGCCA"	"CASSEGASGSLGQETQYF"	"TCRBV25-1*1"	"TCRBD2-1*2"	"TCRBJ2-5*1"	41	46	56	66	5	10	NA	NA	"AGGCCCTCACATACCTCTCAGTACCTCTGTGCCAGCAGTGAGGGGGCTAGCGGGAGCTTGGGGCAGGAGACCCAGTACTTCGGGCCA"	FALSE	TRUE	NA	NA	NA	NA
"TCTGCCAGGCCCTCACATACCTCTCAGTACCTCTGTGCCAGCAGTGTGGGACTAGCCGGTCTTGGAGATACGCAGTATTTTGGCCCA"	"CASSVGLAGLGDTQYF"	"TCTGCCAGGCCCTCACATACCTCTCAGTACCTCTGTGCCAGCAGTGTGGGACTAGCCGGTCTTGGAGATACGCAGTATTTTGGCCCA"	"CASSVGLAGLGDTQYF"	"TCRBV25-1*1"	"TCRBD2-1"	"TCRBJ2-3*1"	46	47	56	65	1	9	NA	NA	"TCTGCCAGGCCCTCACATACCTCTCAGTACCTCTGTGCCAGCAGTGTGGGACTAGCCGGTCTTGGAGATACGCAGTATTTTGGCCCA"	FALSE	TRUE	NA	NA	NA	NA
"GAGTCAGGGGACACAGCACTGTATTTCTGTGCCAGCAGCAAATAGTCCCGGGACTAGCGGGAGGTCTACGAGCAGTACTTCGGGCCG"	"CASSK*SRD*REVYEQYF"	"GAGTCAGGGGACACAGCACTGTATTTCTGTGCCAGCAGCAAATAGTCCCGGGACTAGCGGGAGGTCTACGAGCAGTACTTCGGGCCG"	"CASSK*SRD*REVYEQYF"	"TCRBV21-1*1"	"TCRBD2-1*2"	"TCRBJ2-7*1"	42	49	64	65	7	1	NA	NA	"GAGTCAGGGGACACAGCACTGTATTTCTGTGCCAGCAGCAAATAGTCCCGGGACTAGCGGGAGGTCTACGAGCAGTACTTCGGGCCG"	FALSE	TRUE	NA	NA	NA	NA
"CAGCCCTCAGAACCCAGGGACTCAGCTGTGTATTTTTGTGCTAGTGGTCGGCTCGGCAGAGGGAACTATGGCTACACCTTCGGTTCG"	"CASGRLGRGNYGYTF"	"CAGCCCTCAGAACCCAGGGACTCAGCTGTGTATTTTTGTGCTAGTGGTCGGCTCGGCAGAGGGAACTATGGCTACACCTTCGGTTCG"	"CASGRLGRGNYGYTF"	"TCRBV12-5*1"	"TCRBD2-1*2"	"TCRBJ1-2*1"	48	58	-1	63	10	64	NA	NA	"CAGCCCTCAGAACCCAGGGACTCAGCTGTGTATTTTTGTGCTAGTGGTCGGCTCGGCAGAGGGAACTATGGCTACACCTTCGGTTCG"	FALSE	TRUE	NA	NA	NA	NA
"AACATGAGCCCTGAAGACAGCAGCATATATCTCTGCAGCGTCTATGAAACAGGTTGGGAGAACTACAATGAGCAGTTCTTCGGGCCA"	"CSVYETGWENYNEQFF"	"AACATGAGCCCTGAAGACAGCAGCATATATCTCTGCAGCGTCTATGAAACAGGTTGGGAGAACTACAATGAGCAGTTCTTCGGGCCA"	"CSVYETGWENYNEQFF"	"TCRBV29-1"	NA	"TCRBJ2-1*1"	41	48	53	62	7	9	NA	NA	"AACATGAGCCCTGAAGACAGCAGCATATATCTCTGCAGCGTCTATGAAACAGGTTGGGAGAACTACAATGAGCAGTTCTTCGGGCCA"	FALSE	TRUE	NA	NA	NA	NA
"TCGGCTGCTCCCTCCCAGACATCTGTGTACTTCTGTGCCAGCAGTGAACTAACAGGGGGCGCGAATGAAAAACTGTTTTTTGGCAGT"	"CASSELTGGANEKLFF"	"TCGGCTGCTCCCTCCCAGACATCTGTGTACTTCTGTGCCAGCAGTGAACTAACAGGGGGCGCGAATGAAAAACTGTTTTTTGGCAGT"	"CASSELTGGANEKLFF"	"TCRBV6-1*1"	"TCRBD1-1*1"	"TCRBJ1-4*1"	48	51	60	63	3	3	NA	NA	"TCGGCTGCTCCCTCCCAGACATCTGTGTACTTCTGTGCCAGCAGTGAACTAACAGGGGGCGCGAATGAAAAACTGTTTTTTGGCAGT"	FALSE	TRUE	NA	NA	NA	NA
"TTGGCTGCTCCCTCCCAGACATCTGTGTACTTCTGTGCCAGCAGTTACTCCACAGGGGACCTTGGGGACGAGCAGTACTTCGGGCCG"	"CASSYSTGDLGDEQYF"	"TTGGCTGCTCCCTCCCAGACATCTGTGTACTTCTGTGCCAGCAGTTACTCCACAGGGGACCTTGGGGACGAGCAGTACTTCGGGCCG"	"CASSYSTGDLGDEQYF"	"TCRBV6-6*1"	"TCRBD1-1*1"	"TCRBJ2-7*1"	50	51	58	67	1	9	NA	NA	"TTGGCTGCTCCCTCCCAGACATCTGTGTACTTCTGTGCCAGCAGTTACTCCACAGGGGACCTTGGGGACGAGCAGTACTTCGGGCCG"	FALSE	TRUE	NA	NA	NA	NA
"CGCACAGAGCGGGGGGACTCAGCCGTGTATCTCTGTGCCAGCAGCCCCCCGGTCAGCTCCTATAATTCACCCCTCCACTTTGGGAAT"	"CASSPPVSSYNSPLHF"	"CGCACAGAGCGGGGGGACTCAGCCGTGTATCTCTGTGCCAGCAGCCCCCCGGTCAGCTCCTATAATTCACCCCTCCACTTTGGGAAT"	"CASSPPVSSYNSPLHF"	"TCRBV7-3*1"	NA	"TCRBJ1-6*1"	45	53	-1	56	8	57	NA	NA	"CGCACAGAGCGGGGGGACTCAGCCGTGTATCTCTGTGCCAGCAGCCCCCCGGTCAGCTCCTATAATTCACCCCTCCACTTTGGGAAT"	FALSE	TRUE	NA	NA	NA	NA
"ACATCGGCCCAAAAGAACCCGACAGCTTTCTATCTCTGTGCCAGTAGTCCTTTGGGGCGGGAGGGCTCCGAGCAGTTCTTCGGGCCA"	"CASSPLGREGSEQFF"	"ACATCGGCCCAAAAGAACCCGACAGCTTTCTATCTCTGTGCCAGTAGTCCTTTGGGGCGGGAGGGCTCCGAGCAGTTCTTCGGGCCA"	"CASSPLGREGSEQFF"	"TCRBV19-1*1"	"TCRBD2-1*2"	"TCRBJ2-1*1"	48	56	65	69	8	4	NA	NA	"ACATCGGCCCAAAAGAACCCGACAGCTTTCTATCTCTGTGCCAGTAGTCCTTTGGGGCGGGAGGGCTCCGAGCAGTTCTTCGGGCCA"	FALSE	TRUE	NA	NA	NA	NA
"TTGGCTGCTCCCTCCCAGACATCTGTGTACTTCTGTGCCAGCAGTTCCCGGGCCAAGGGGGTGGCTGAAAAACTGTTTTTTGGCAGT"	"CASSSRAKGVAEKLFF"	"TTGGCTGCTCCCTCCCAGACATCTGTGTACTTCTGTGCCAGCAGTTCCCGGGCCAAGGGGGTGGCTGAAAAACTGTTTTTTGGCAGT"	"CASSSRAKGVAEKLFF"	"TCRBV6-6*1"	"TCRBD1-1*1"	"TCRBJ1-4*1"	46	55	61	65	9	4	NA	NA	"TTGGCTGCTCCCTCCCAGACATCTGTGTACTTCTGTGCCAGCAGTTCCCGGGCCAAGGGGGTGGCTGAAAAACTGTTTTTTGGCAGT"	FALSE	TRUE	NA	NA	NA	NA
"GTGAGCAACATGAGCCCTGAAGACAGCAGCATATATCTCTGCAGCGTTGAAACAGGCTTCAGAAGCTACGAGCAGTACTTCGGGCCG"	"CSVETGFRSYEQYF"	"GTGAGCAACATGAGCCCTGAAGACAGCAGCATATATCTCTGCAGCGTTGAAACAGGCTTCAGAAGCTACGAGCAGTACTTCGGGCCG"	"CSVETGFRSYEQYF"	"TCRBV29-1"	"TCRBD1-1*1"	"TCRBJ2-7*1"	-1	51	56	65	52	9	NA	NA	"GTGAGCAACATGAGCCCTGAAGACAGCAGCATATATCTCTGCAGCGTTGAAACAGGCTTCAGAAGCTACGAGCAGTACTTCGGGCCG"	FALSE	TRUE	NA	NA	NA	NA
"NNNNTGTCGGCTGCTCCCTCCCAGACATCTGTGTACTTCTGTGCCAGCAGTACGACAGGGGTCAACACTGAAGCTTTCTTTGGACAA"	"CASSTTGVNTEAFF"	"NNNNTGTCGGCTGCTCCCTCCCAGACATCTGTGTACTTCTGTGCCAGCAGTACGACAGGGGTCAACACTGAAGCTTTCTTTGGACAA"	"CASSTTGVNTEAFF"	"TCRBV6-5*1"	"TCRBD1-1*1"	"TCRBJ1-1*1"	51	53	61	63	2	2	NA	NA	"NNNNTGTCGGCTGCTCCCTCCCAGACATCTGTGTACTTCTGTGCCAGCAGTACGACAGGGGTCAACACTGAAGCTTTCTTTGGACAA"	FALSE	TRUE	NA	NA	NA	NA
"CTCACTCTGGAGTCCGCTACCAGCTCCCAGACATCTGTGTACTTCTGTGCCATCAGTGGGCGACTAGGTGAGCAGTTCTTCGGGCCA"	"CAISGRLGEQFF"	"CTCACTCTGGAGTCCGCTACCAGCTCCCAGACATCTGTGTACTTCTGTGCCATCAGTGGGCGACTAGGTGAGCAGTTCTTCGGGCCA"	"CAISGRLGEQFF"	"TCRBV1-3*1"	"TCRBD2-1"	"TCRBJ2-1*1"	58	61	67	68	3	1	NA	NA	"CTCACTCTGGAGTCCGCTACCAGCTCCCAGACATCTGTGTACTTCTGTGCCATCAGTGGGCGACTAGGTGAGCAGTTCTTCGGGCCA"	FALSE	TRUE	NA	NA	NA	NA
"ATCCGGTCCACAAAGCTGGAGGACTCAGCCATGTACTTCTGTGCCAGCCGTTCTGCGGTGGGAAACACTGAAGCTTTCTTTGGACAA"	"CASRSAVGNTEAFF"	"ATCCGGTCCACAAAGCTGGAGGACTCAGCCATGTACTTCTGTGCCAGCCGTTCTGCGGTGGGAAACACTGAAGCTTTCTTTGGACAA"	"CASRSAVGNTEAFF"	"TCRBV2-1"	NA	"TCRBJ1-1*1"	48	59	-1	63	11	64	NA	NA	"ATCCGGTCCACAAAGCTGGAGGACTCAGCCATGTACTTCTGTGCCAGCCGTTCTGCGGTGGGAAACACTGAAGCTTTCTTTGGACAA"	FALSE	TRUE	NA	NA	NA	NA
"CTGAATGTGAACGCCTTGGAGCTGGACGACTCGGCCCTGTATCTCTGTGCCAGCAGCCTCAGCTGGGGGGAGCAGTACTTCGGGCCG"	"CASSLSWGEQYF"	"CTGAATGTGAACGCCTTGGAGCTGGACGACTCGGCCCTGTATCTCTGTGCCAGCAGCCTCAGCTGGGGGGAGCAGTACTTCGGGCCG"	"CASSLSWGEQYF"	"TCRBV5-4*1"	NA	"TCRBJ2-7*1"	57	64	-1	69	7	70	NA	NA	"CTGAATGTGAACGCCTTGGAGCTGGACGACTCGGCCCTGTATCTCTGTGCCAGCAGCCTCAGCTGGGGGGAGCAGTACTTCGGGCCG"	FALSE	TRUE	NA	NA	NA	NA
"GACCAGTGCCCATCCTGAAGACAGCAGCTTCTACATCTGCAGTGCTAGACCAGGACAGACCGAAGTTACGAGCAGTACTTCGGGCCG"	""	"GACCAGTGCCCATCCTGAAGACAGCAGCTTCTACATCTGCAGTGCTAGACCAGGACAGACCGAAGTTACGAGCAGTACTTCGGGCCG"	""	NA	"TCRBD1-1*1"	"TCRBJ2-7*1"	49	52	58	66	3	8	NA	NA	"GACCAGTGCCCATCCTGAAGACAGCAGCTTCTACATCTGCAGTGCTAGACCAGGACAGACCGAAGTTACGAGCAGTACTTCGGGCCG"	FALSE	FALSE	NA	NA	NA	NA
"GAGTCCGCCAGCACCAACCAGACATCTATGTACCTCTGTGCCAGCAGTTCCCATCGATCCCCTAACTATGGCTACACCTTCGGTTCG"	"CASSSHRSPNYGYTF"	"GAGTCCGCCAGCACCAACCAGACATCTATGTACCTCTGTGCCAGCAGTTCCCATCGATCCCCTAACTATGGCTACACCTTCGGTTCG"	"CASSSHRSPNYGYTF"	"TCRBV28-1*1"	NA	"TCRBJ1-2*1"	49	55	57	61	6	4	NA	NA	"GAGTCCGCCAGCACCAACCAGACATCTATGTACCTCTGTGCCAGCAGTTCCCATCGATCCCCTAACTATGGCTACACCTTCGGTTCG"	FALSE	TRUE	NA	NA	NA	NA
"GCTGCTCCCTCCCAGACATCTGTGTACTTCTGTGCCAGCAGTTACGCGCCGGGGGACGGCCTCAATTCACCCCTCCACTTTGGGAAT"	"CASSYAPGDGLNSPLHF"	"GCTGCTCCCTCCCAGACATCTGTGTACTTCTGTGCCAGCAGTTACGCGCCGGGGGACGGCCTCAATTCACCCCTCCACTTTGGGAAT"	"CASSYAPGDGLNSPLHF"	NA	"TCRBD2-1*1"	"TCRBJ1-6*1"	45	49	55	63	4	8	NA	NA	"GCTGCTCCCTCCCAGACATCTGTGTACTTCTGTGCCAGCAGTTACGCGCCGGGGGACGGCCTCAATTCACCCCTCCACTTTGGGAAT"	FALSE	TRUE	NA	NA	NA	NA
"CCTGGAGTCTGCCAGGCCCTCACATACCTCTCAGTACCTCTGTGCCAGCAGCATTCAGGGTTACACAATGAGCAGTTCTTCGGGCCA"	""	"CCTGGAGTCTGCCAGGCCCTCACATACCTCTCAGTACCTCTGTGCCAGCAGCATTCAGGGTTACACAATGAGCAGTTCTTCGGGCCA"	""	"TCRBV25-1*1"	"TCRBD1-1*1"	"TCRBJ2-1*1"	51	55	60	64	4	4	NA	NA	"CCTGGAGTCTGCCAGGCCCTCACATACCTCTCAGTACCTCTGTGCCAGCAGCATTCAGGGTTACACAATGAGCAGTTCTTCGGGCCA"	FALSE	FALSE	NA	NA	NA	NA
"GAGTTGGCTGCTCCCTCCCAGACATCTGTGTACTTCTGTGCCAGCAGTTACTCAGGGGACAGGTACTACGAGCAGTACTTCGGGCCG"	"CASSYSGDRYYEQYF"	"GAGTTGGCTGCTCCCTCCCAGACATCTGTGTACTTCTGTGCCAGCAGTTACTCAGGGGACAGGTACTACGAGCAGTACTTCGGGCCG"	"CASSYSGDRYYEQYF"	"TCRBV6-6*1"	"TCRBD1-1*1"	"TCRBJ2-7*1"	53	55	63	65	2	2	NA	NA	"GAGTTGGCTGCTCCCTCCCAGACATCTGTGTACTTCTGTGCCAGCAGTTACTCAGGGGACAGGTACTACGAGCAGTACTTCGGGCCG"	FALSE	TRUE	NA	NA	NA	NA
"ACGCCCTGCAGCCAGAAGACTCAGCCCTGTATCTCTGCGCCAGCAGCCAAGTGGGGACAGGCCGCATATGGCTACACCTTCGGTTCG"	""	"ACGCCCTGCAGCCAGAAGACTCAGCCCTGTATCTCTGCGCCAGCAGCCAAGTGGGGACAGGCCGCATATGGCTACACCTTCGGTTCG"	""	"TCRBV4-1*1"	"TCRBD1-1*1"	"TCRBJ1-2*1"	51	53	61	66	2	5	NA	NA	"ACGCCCTGCAGCCAGAAGACTCAGCCCTGTATCTCTGCGCCAGCAGCCAAGTGGGGACAGGCCGCATATGGCTACACCTTCGGTTCG"	FALSE	FALSE	NA	NA	NA	NA
"ATGAATGTGAGCACCTTGGAGCTGGGGGACTCGGCCCTTTATCTTTGCGCCAGCAGCCTCGCTAGAAATGAGCAGTTCTTCGGGCCA"	"CASSLARNEQFF"	"ATGAATGTGAGCACCTTGGAGCTGGGGGACTCGGCCCTTTATCTTTGCGCCAGCAGCCTCGCTAGAAATGAGCAGTTCTTCGGGCCA"	"CASSLARNEQFF"	"TCRBV5-1*1"	"TCRBD2-1"	"TCRBJ2-1*1"	57	61	65	66	4	1	NA	NA	"ATGAATGTGAGCACCTTGGAGCTGGGGGACTCGGCCCTTTATCTTTGCGCCAGCAGCCTCGCTAGAAATGAGCAGTTCTTCGGGCCA"	FALSE	TRUE	NA	NA	NA	NA
"CGGTCCACAAAGCTGGAGGACTCAGCCATGTACTTCTGTGCCAGCAGTGAATTACAGGGTTCCCTAGGCGTACAGTACTTCGGGCCG"	"CASSELQGSLGVQYF"	"CGGTCCACAAAGCTGGAGGACTCAGCCATGTACTTCTGTGCCAGCAGTGAATTACAGGGTTCCCTAGGCGTACAGTACTTCGGGCCG"	"CASSELQGSLGVQYF"	"TCRBV2-1"	"TCRBD1-1*1"	"TCRBJ2-7*1"	51	53	59	72	2	13	NA	NA	"CGGTCCACAAAGCTGGAGGACTCAGCCATGTACTTCTGTGCCAGCAGTGAATTACAGGGTTCCCTAGGCGTACAGTACTTCGGGCCG"	FALSE	TRUE	NA	NA	NA	NA
"TCCCTGATTCTGGAGTCCGCCAGCACCAACCAGACATCTATGTACCTCTGTGCCAGCAGGAAGACCGGGGAGCTGTTTTTTGGAGAA"	"CASRKTGELFF"	"TCCCTGATTCTGGAGTCCGCCAGCACCAACCAGACATCTATGTACCTCTGTGCCAGCAGGAAGACCGGGGAGCTGTTTTTTGGAGAA"	"CASRKTGELFF"	"TCRBV28-1*1"	NA	"TCRBJ2-2*1"	-1	59	61	63	60	2	NA	NA	"TCCCTGATTCTGGAGTCCGCCAGCACCAACCAGACATCTATGTACCTCTGTGCCAGCAGGAAGACCGGGGAGCTGTTTTTTGGAGAA"	FALSE	TRUE	NA	NA	NA	NA
"GCCCATCCTGAAGACAGCAGCTTCTACATCTGCAGTGGGGCCCCTGTAGTGTCAATCAGGGGGGCCGGGGAGCTGTTTTTTGGAGAA"	"CSGAPVVSIRGAGELFF"	"GCCCATCCTGAAGACAGCAGCTTCTACATCTGCAGTGGGGCCCCTGTAGTGTCAATCAGGGGGGCCGGGGAGCTGTTTTTTGGAGAA"	"CSGAPVVSIRGAGELFF"	NA	"TCRBD1-1*1"	"TCRBJ2-2*1"	37	56	63	64	19	1	NA	NA	"GCCCATCCTGAAGACAGCAGCTTCTACATCTGCAGTGGGGCCCCTGTAGTGTCAATCAGGGGGGCCGGGGAGCTGTTTTTTGGAGAA"	FALSE	TRUE	NA	NA	NA	NA
"TCAGACATCTGTGTACTTCTGTGCCAGCAGTGTTTACTCTGGGGACAGATTATTAAGAATAGCAATCAGCCCCAGCATTTTGGTGAT"	""	"TCAGACATCTGTGTACTTCTGTGCCAGCAGTGTTTACTCTGGGGACAGATTATTAAGAATAGCAATCAGCCCCAGCATTTTGGTGAT"	""	"TCRBV6-4*1"	"TCRBD1-1*1"	"TCRBJ1-5*1"	32	41	48	59	9	11	NA	NA	"TCAGACATCTGTGTACTTCTGTGCCAGCAGTGTTTACTCTGGGGACAGATTATTAAGAATAGCAATCAGCCCCAGCATTTTGGTGAT"	FALSE	FALSE	NA	NA	NA	NA
"ACTGTGAGCAACATGAGCCCTGAAGACAGCAGCATATATCTCTGCAGCGTCCGCTCTCTAGCTTTCAATGAGCAGTTCTTCGGGCCA"	"CSVRSLAFNEQFF"	"ACTGTGAGCAACATGAGCCCTGAAGACAGCAGCATATATCTCTGCAGCGTCCGCTCTCTAGCTTTCAATGAGCAGTTCTTCGGGCCA"	"CSVRSLAFNEQFF"	"TCRBV29-1"	"TCRBD2-1"	"TCRBJ2-1*1"	50	57	62	65	7	3	NA	NA	"ACTGTGAGCAACATGAGCCCTGAAGACAGCAGCATATATCTCTGCAGCGTCCGCTCTCTAGCTTTCAATGAGCAGTTCTTCGGGCCA"	FALSE	TRUE	NA	NA	NA	NA
"TGGAGATCCAGTCCACGGAGTCAGGGGACACAGCACTGTATTTCTGTGCCAGCGGGCGGGAGCCCAGATACGCAGTATTTTGGCCCA"	""	"TGGAGATCCAGTCCACGGAGTCAGGGGACACAGCACTGTATTTCTGTGCCAGCGGGCGGGAGCCCAGATACGCAGTATTTTGGCCCA"	""	"TCRBV21-1*1"	"TCRBD2-1*2"	"TCRBJ2-3*1"	53	55	62	64	2	2	NA	NA	"TGGAGATCCAGTCCACGGAGTCAGGGGACACAGCACTGTATTTCTGTGCCAGCGGGCGGGAGCCCAGATACGCAGTATTTTGGCCCA"	FALSE	FALSE	NA	NA	NA	NA
"CGCACAGAGCAGGGGGACTCGGCCATGTATCTCTGTGCCAGCAGCCCCTCGACCGGGGTGATGAACACTGAAGCTTTCTTTGGACAA"	"CASSPSTGVMNTEAFF"	"CGCACAGAGCAGGGGGACTCGGCCATGTATCTCTGTGCCAGCAGCCCCTCGACCGGGGTGATGAACACTGAAGCTTTCTTTGGACAA"	"CASSPSTGVMNTEAFF"	"TCRBV7-9*1"	"TCRBD2-1*1"	"TCRBJ1-1*1"	45	53	58	61	8	3	NA	NA	"CGCACAGAGCAGGGGGACTCGGCCATGTATCTCTGTGCCAGCAGCCCCTCGACCGGGGTGATGAACACTGAAGCTTTCTTTGGACAA"	FALSE	TRUE	NA	NA	NA	NA
"AATGTGAACGCCTTGTTGCTGGGGGACTCGGCCCTCTATCTCTGTGCCAGCAGCTTCGGTCAGACCGGGGAGCTGTTTTTTGGAGAA"	"CASSFGQTGELFF"	"AATGTGAACGCCTTGTTGCTGGGGGACTCGGCCCTCTATCTCTGTGCCAGCAGCTTCGGTCAGACCGGGGAGCTGTTTTTTGGAGAA"	"CASSFGQTGELFF"	"TCRBV5-6*1"	NA	"TCRBJ2-2*1"	56	60	-1	63	4	64	NA	NA	"AATGTGAACGCCTTGTTGCTGGGGGACTCGGCCCTCTATCTCTGTGCCAGCAGCTTCGGTCAGACCGGGGAGCTGTTTTTTGGAGAA"	FALSE	TRUE	NA	NA	NA	NA
"GTCCACGGAGTCAGGGGACACAGCACTGTATTTCTGTGCCAGCAGCAAAGAAGGGGCGGGAGTTGAGATACGCAGTATTTTGGCCCA"	""	"GTCCACGGAGTCAGGGGACACAGCACTGTATTTCTGTGCCAGCAGCAAAGAAGGGGCGGGAGTTGAGATACGCAGTATTTTGGCCCA"	""	"TCRBV21-1*1"	"TCRBD2-1*2"	"TCRBJ2-3*1"	50	55	62	65	5	3	NA	NA	"GTCCACGGAGTCAGGGGACACAGCACTGTATTTCTGTGCCAGCAGCAAAGAAGGGGCGGGAGTTGAGATACGCAGTATTTTGGCCCA"	FALSE	FALSE	NA	NA	NA	NA
"GCTCCCTCCCAGACATCTGTGTACTTCTGTGCCAGCAGTCCCGACCCCGGACTAGCGGGAGGCCCCGAGACCCAGTACTTCGGGCCA"	"CASSPDPGLAGGPETQYF"	"GCTCCCTCCCAGACATCTGTGTACTTCTGTGCCAGCAGTCCCGACCCCGGACTAGCGGGAGGCCCCGAGACCCAGTACTTCGGGCCA"	"CASSPDPGLAGGPETQYF"	"TCRBV6-6*4"	"TCRBD2-1*2"	"TCRBJ2-5*1"	40	48	62	66	8	4	NA	NA	"GCTCCCTCCCAGACATCTGTGTACTTCTGTGCCAGCAGTCCCGACCCCGGACTAGCGGGAGGCCCCGAGACCCAGTACTTCGGGCCA"	FALSE	TRUE	NA	NA	NA	NA
"NNNNTGTCGGCTGCTCCCTCCCAAACATCTGTGTACTTCTGTGCCACCTCGAGGACAGGGACGGACTATGGCTACACCTTCGGTTCG"	"CATSRTGTDYGYTF"	"NNNNTGTCGGCTGCTCCCTCCCAAACATCTGTGTACTTCTGTGCCACCTCGAGGACAGGGACGGACTATGGCTACACCTTCGGTTCG"	"CATSRTGTDYGYTF"	NA	"TCRBD1-1*1"	"TCRBJ1-2*1"	46	52	60	64	6	4	NA	NA	"NNNNTGTCGGCTGCTCCCTCCCAAACATCTGTGTACTTCTGTGCCACCTCGAGGACAGGGACGGACTATGGCTACACCTTCGGTTCG"	FALSE	TRUE	NA	NA	NA	NA
"GCAGAGCTTGGGGACTCGGCCATGTATCTCTGTGCCAGCAGCTTAATCCGAGGGAGTCGCAGCACCTACGAGCAGTACTTCGGGCCG"	"CASSLIRGSRSTYEQYF"	"GCAGAGCTTGGGGACTCGGCCATGTATCTCTGTGCCAGCAGCTTAATCCGAGGGAGTCGCAGCACCTACGAGCAGTACTTCGGGCCG"	"CASSLIRGSRSTYEQYF"	NA	"TCRBD2-1*2"	"TCRBJ2-7*1"	45	51	56	64	6	8	NA	NA	"GCAGAGCTTGGGGACTCGGCCATGTATCTCTGTGCCAGCAGCTTAATCCGAGGGAGTCGCAGCACCTACGAGCAGTACTTCGGGCCG"	FALSE	TRUE	NA	NA	NA	NA
"ACCCTGCAGCCAGAAGACTCGGCCCTGTATCTCTGTGCCAGCAGCCAAGATAGGGCGGGAGGAACGTACGAGCAGTACTTCGGGCCG"	"CASSQDRAGGTYEQYF"	"ACCCTGCAGCCAGAAGACTCGGCCCTGTATCTCTGTGCCAGCAGCCAAGATAGGGCGGGAGGAACGTACGAGCAGTACTTCGGGCCG"	"CASSQDRAGGTYEQYF"	"TCRBV4-2*1"	"TCRBD2-1*2"	"TCRBJ2-7*1"	50	54	62	66	4	4	NA	NA	"ACCCTGCAGCCAGAAGACTCGGCCCTGTATCTCTGTGCCAGCAGCCAAGATAGGGCGGGAGGAACGTACGAGCAGTACTTCGGGCCG"	FALSE	TRUE	NA	NA	NA	NA
"GCGCACAGAGCAGGGGGACTCAGCTGTGTATCTCTGTGCCAGCAGGTAGAATCCGTGGGGGGGCTTTACGAGCAGTACTTCGGGCCG"	""	"GCGCACAGAGCAGGGGGACTCAGCTGTGTATCTCTGTGCCAGCAGGTAGAATCCGTGGGGGGGCTTTACGAGCAGTACTTCGGGCCG"	""	"TCRBV7-4*1"	"TCRBD2-1*1"	"TCRBJ2-7*1"	45	56	63	66	11	3	NA	NA	"GCGCACAGAGCAGGGGGACTCAGCTGTGTATCTCTGTGCCAGCAGGTAGAATCCGTGGGGGGGCTTTACGAGCAGTACTTCGGGCCG"	FALSE	FALSE	NA	NA	NA	NA
"AGCAACATGAGCCCTGAAGACAGCAGCATATATCTCTGCAGCGTTCGAACCTCCGGGACGTCCGGTCAGCCCCAGCATTTTGGTGAT"	"CSVRTSGTSGQPQHF"	"AGCAACATGAGCCCTGAAGACAGCAGCATATATCTCTGCAGCGTTCGAACCTCCGGGACGTCCGGTCAGCCCCAGCATTTTGGTGAT"	"CSVRTSGTSGQPQHF"	"TCRBV29-1"	NA	"TCRBJ1-5*1"	45	54	59	65	9	6	NA	NA	"AGCAACATGAGCCCTGAAGACAGCAGCATATATCTCTGCAGCGTTCGAACCTCCGGGACGTCCGGTCAGCCCCAGCATTTTGGTGAT"	FALSE	TRUE	NA	NA	NA	NA
"AGCACCTTGGAGCTGGGGGACTCGGCCCTTTATCTTTGCGCCAGCAGCCCCGTCGGGGGTAATGGAAATGAGCAGTTCTTCGGGCCA"	"CASSPVGGNGNEQFF"	"AGCACCTTGGAGCTGGGGGACTCGGCCCTTTATCTTTGCGCCAGCAGCCCCGTCGGGGGTAATGGAAATGAGCAGTTCTTCGGGCCA"	"CASSPVGGNGNEQFF"	"TCRBV5-1*1"	"TCRBD2-1*1"	"TCRBJ2-1*1"	48	53	59	66	5	7	NA	NA	"AGCACCTTGGAGCTGGGGGACTCGGCCCTTTATCTTTGCGCCAGCAGCCCCGTCGGGGGTAATGGAAATGAGCAGTTCTTCGGGCCA"	FALSE	TRUE	NA	NA	NA	NA
"GTGAGCACCTTGGAGCTGGGGGACTCGGCCCTTTATCTTTGCGCCAGCAGCTCTGGCGGGAGGACAGATACGCAGTATTTTGGCCCA"	"CASSSGGRTDTQYF"	"GTGAGCACCTTGGAGCTGGGGGACTCGGCCCTTTATCTTTGCGCCAGCAGCTCTGGCGGGAGGACAGATACGCAGTATTTTGGCCCA"	"CASSSGGRTDTQYF"	"TCRBV5-1*1"	"TCRBD2-1*2"	"TCRBJ2-3*1"	52	55	-1	63	3	64	NA	NA	"GTGAGCACCTTGGAGCTGGGGGACTCGGCCCTTTATCTTTGCGCCAGCAGCTCTGGCGGGAGGACAGATACGCAGTATTTTGGCCCA"	FALSE	TRUE	NA	NA	NA	NA
"ATCCAGCCTGCAAAGCTTGAGGACTCGGCCGTGTATCTCTGTGCCAGCAGCCCCGGGGGCTCCTACAATGAGCAGTTCTTCGGGCCA"	"CASSPGGSYNEQFF"	"ATCCAGCCTGCAAAGCTTGAGGACTCGGCCGTGTATCTCTGTGCCAGCAGCCCCGGGGGCTCCTACAATGAGCAGTTCTTCGGGCCA"	"CASSPGGSYNEQFF"	"TCRBV11-2*1"	"TCRBD2-1*1"	"TCRBJ2-1*1"	51	53	-1	59	2	60	NA	NA	"ATCCAGCCTGCAAAGCTTGAGGACTCGGCCGTGTATCTCTGTGCCAGCAGCCCCGGGGGCTCCTACAATGAGCAGTTCTTCGGGCCA"	FALSE	TRUE	NA	NA	NA	NA
"GAGATCCAGCGCACAGAGCAGGGGGACTCGGCCATGTATCTCTGTGCCAGTTACGGGACGGATACCTACGAGCAGTACTTCGGGCCG"	"CASYGTDTYEQYF"	"GAGATCCAGCGCACAGAGCAGGGGGACTCGGCCATGTATCTCTGTGCCAGTTACGGGACGGATACCTACGAGCAGTACTTCGGGCCG"	"CASYGTDTYEQYF"	"TCRBV7-9"	NA	"TCRBJ2-7*1"	50	54	59	64	4	5	NA	NA	"GAGATCCAGCGCACAGAGCAGGGGGACTCGGCCATGTATCTCTGTGCCAGTTACGGGACGGATACCTACGAGCAGTACTTCGGGCCG"	FALSE	TRUE	NA	NA	NA	NA
"ATCCTGGAGTCGCCCAGCCCCAACCAGACCTCTCTGTACTTCTGTGCCAGCAGATACAGGGGGAACTACGAGCAGTACTTCGGGCCG"	"CASRYRGNYEQYF"	"ATCCTGGAGTCGCCCAGCCCCAACCAGACCTCTCTGTACTTCTGTGCCAGCAGATACAGGGGGAACTACGAGCAGTACTTCGGGCCG"	"CASRYRGNYEQYF"	"TCRBV27-1*1"	"TCRBD1-1*1"	"TCRBJ2-7*1"	53	55	63	65	2	2	NA	NA	"ATCCTGGAGTCGCCCAGCCCCAACCAGACCTCTCTGTACTTCTGTGCCAGCAGATACAGGGGGAACTACGAGCAGTACTTCGGGCCG"	FALSE	TRUE	NA	NA	NA	NA
"AATTCCCTGGAGCTTGGTGACTCTGCTGTGTATTTCTGTGCCAGCAGCCAGCTGGGACAAGGGGAGGAGACCCAGTACTTCGGGCCA"	"CASSQLGQGEETQYF"	"AATTCCCTGGAGCTTGGTGACTCTGCTGTGTATTTCTGTGCCAGCAGCCAGCTGGGACAAGGGGAGGAGACCCAGTACTTCGGGCCA"	"CASSQLGQGEETQYF"	"TCRBV3-1/3-2*1"	"TCRBD1-1*1"	"TCRBJ2-5*1"	50	53	59	66	3	7	NA	NA	"AATTCCCTGGAGCTTGGTGACTCTGCTGTGTATTTCTGTGCCAGCAGCCAGCTGGGACAAGGGGAGGAGACCCAGTACTTCGGGCCA"	FALSE	TRUE	NA	NA	NA	NA
"CCCTCCCAAACATCTGTGTACTTCTGTGCCAGCAGTTACTCCATTACGGGAGCCGGGCAATAAACCTACGAGCAGTACTTCGGGCCG"	"CASSYSITGAGQ*TYEQYF"	"CCCTCCCAAACATCTGTGTACTTCTGTGCCAGCAGTTACTCCATTACGGGAGCCGGGCAATAAACCTACGAGCAGTACTTCGGGCCG"	"CASSYSITGAGQ*TYEQYF"	"TCRBV6-2/6-3*1"	"TCRBD2-1*2"	"TCRBJ2-7*1"	41	46	52	64	5	12	NA	NA	"CCCTCCCAAACATCTGTGTACTTCTGTGCCAGCAGTTACTCCATTACGGGAGCCGGGCAATAAACCTACGAGCAGTACTTCGGGCCG"	FALSE	TRUE	NA	NA	NA	NA
"CCTTGGAGCTGGGGGACTCGGCCCTTTATCTTTGCGCCAGCAGCCCAGGACCACAGGGTACGGAGCTACGAGCAGTACTTCGGGCCG"	""	"CCTTGGAGCTGGGGGACTCGGCCCTTTATCTTTGCGCCAGCAGCCCAGGACCACAGGGTACGGAGCTACGAGCAGTACTTCGGGCCG"	""	"TCRBV5-1*1"	"TCRBD1-1*1"	"TCRBJ2-7*1"	44	52	58	65	8	7	NA	NA	"CCTTGGAGCTGGGGGACTCGGCCCTTTATCTTTGCGCCAGCAGCCCAGGACCACAGGGTACGGAGCTACGAGCAGTACTTCGGGCCG"	FALSE	FALSE	NA	NA	NA	NA
"CAGCAGGTAGTGCGAGGAGATTCGGCAGCTTATTTCTGTGCCAGCTCACCAGGGACAGATAGCAATCAGCCCCAGCATTTTGGTGAT"	"CASSPGTDSNQPQHF"	"CAGCAGGTAGTGCGAGGAGATTCGGCAGCTTATTTCTGTGCCAGCTCACCAGGGACAGATAGCAATCAGCCCCAGCATTTTGGTGAT"	"CASSPGTDSNQPQHF"	"TCRBV18-1*1"	"TCRBD1-1*1"	"TCRBJ1-5*1"	-1	51	58	59	52	1	NA	NA	"CAGCAGGTAGTGCGAGGAGATTCGGCAGCTTATTTCTGTGCCAGCTCACCAGGGACAGATAGCAATCAGCCCCAGCATTTTGGTGAT"	FALSE	TRUE	NA	NA	NA	NA
"AGAACTGGAGGATTCTGGAGTTTATTTCTGTGCCAGCAGCCAGTCGGGACAGGGGGCTCTGGGGCCAACGTCCTGACTTTCGGGGCC"	""	"AGAACTGGAGGATTCTGGAGTTTATTTCTGTGCCAGCAGCCAGTCGGGACAGGGGGCTCTGGGGCCAACGTCCTGACTTTCGGGGCC"	""	"TCRBV14-1*1"	"TCRBD1-1*1"	"TCRBJ2-6*1"	42	45	-1	56	3	57	NA	NA	"AGAACTGGAGGATTCTGGAGTTTATTTCTGTGCCAGCAGCCAGTCGGGACAGGGGGCTCTGGGGCCAACGTCCTGACTTTCGGGGCC"	FALSE	FALSE	NA	NA	NA	NA
"ACCAGTGCCCATCCTGAAGACAGCAGCTTCTACATCTGCAGTGCTAGAGATCCGACAACCCGAGGCTATGGCTACACCTTCGGTTCG"	"CSARDPTTRGYGYTF"	"ACCAGTGCCCATCCTGAAGACAGCAGCTTCTACATCTGCAGTGCTAGAGATCCGACAACCCGAGGCTATGGCTACACCTTCGGTTCG"	"CSARDPTTRGYGYTF"	NA	NA	"TCRBJ1-2*1"	50	53	57	65	3	8	NA	NA	"ACCAGTGCCCATCCTGAAGACAGCAGCTTCTACATCTGCAGTGCTAGAGATCCGACAACCCGAGGCTATGGCTACACCTTCGGTTCG"	FALSE	TRUE	NA	NA	NA	NA
"GTGAACGCCTTGGAGCTGGAGGACTCGGCCCTGTATCTCTGTGCCAGCAGTTTGCCGGGACTATACAATGAGCAGTTCTTCGGGCCA"	"CASSLPGLYNEQFF"	"GTGAACGCCTTGGAGCTGGAGGACTCGGCCCTGTATCTCTGTGCCAGCAGTTTGCCGGGACTATACAATGAGCAGTTCTTCGGGCCA"	"CASSLPGLYNEQFF"	"TCRBV5-8*1"	"TCRBD2-1"	"TCRBJ2-1*1"	54	56	-1	63	2	64	NA	NA	"GTGAACGCCTTGGAGCTGGAGGACTCGGCCCTGTATCTCTGTGCCAGCAGTTTGCCGGGACTATACAATGAGCAGTTCTTCGGGCCA"	FALSE	TRUE	NA	NA	NA	NA
"CTACACACCCTGCAGCCAGAAGACTCGGCCCTGTATCTCTGCGCCAGCAGCCATGACGGACAGGGTCGTGGCTACACCTTCGGTTCG"	"CASSHDGQGRGYTF"	"CTACACACCCTGCAGCCAGAAGACTCGGCCCTGTATCTCTGCGCCAGCAGCCATGACGGACAGGGTCGTGGCTACACCTTCGGTTCG"	"CASSHDGQGRGYTF"	"TCRBV4-3*1"	"TCRBD1-1*1"	"TCRBJ1-2*1"	53	57	65	68	4	3	NA	NA	"CTACACACCCTGCAGCCAGAAGACTCGGCCCTGTATCTCTGCGCCAGCAGCCATGACGGACAGGGTCGTGGCTACACCTTCGGTTCG"	FALSE	TRUE	NA	NA	NA	NA
"GTGAGCAACATGAGCCCTGAAGACAGCAGCATATATCTCTGCAGCGTTGACAGGGGACAGCTGGGGGAGACCCAGTACTTCGGGCCA"	"CSVDRGQLGETQYF"	"GTGAGCAACATGAGCCCTGAAGACAGCAGCATATATCTCTGCAGCGTTGACAGGGGACAGCTGGGGGAGACCCAGTACTTCGGGCCA"	"CSVDRGQLGETQYF"	"TCRBV29-1"	"TCRBD1-1*1"	"TCRBJ2-5*1"	50	53	60	66	3	6	NA	NA	"GTGAGCAACATGAGCCCTGAAGACAGCAGCATATATCTCTGCAGCGTTGACAGGGGACAGCTGGGGGAGACCCAGTACTTCGGGCCA"	FALSE	TRUE	NA	NA	NA	NA
"TCCGCCAGCACCAACCAGACATCTATGTACCTCTGTGCCAGCAGTTCGATAGACTACGTTGAGCAAGAGACCCAGTACTTCGGGCCA"	"CASSSIDYVEQETQYF"	"TCCGCCAGCACCAACCAGACATCTATGTACCTCTGTGCCAGCAGTTCGATAGACTACGTTGAGCAAGAGACCCAGTACTTCGGGCCA"	"CASSSIDYVEQETQYF"	"TCRBV28-1*1"	"TCRBD2-1"	"TCRBJ2-5*1"	46	51	56	63	5	7	NA	NA	"TCCGCCAGCACCAACCAGACATCTATGTACCTCTGTGCCAGCAGTTCGATAGACTACGTTGAGCAAGAGACCCAGTACTTCGGGCCA"	FALSE	TRUE	NA	NA	NA	NA
"CACACCCTGCAGCCAGAAGACTCGGCCCTGTATCTCTGCGCCAGCAGCCAAAGCCGTAGTCTAGCGTACGAGCAGTACTTCGGGCCG"	"CASSQSRSLAYEQYF"	"CACACCCTGCAGCCAGAAGACTCGGCCCTGTATCTCTGCGCCAGCAGCCAAAGCCGTAGTCTAGCGTACGAGCAGTACTTCGGGCCG"	"CASSQSRSLAYEQYF"	"TCRBV4-3*1"	"TCRBD2-1"	"TCRBJ2-7*1"	51	60	-1	66	9	67	NA	NA	"CACACCCTGCAGCCAGAAGACTCGGCCCTGTATCTCTGCGCCAGCAGCCAAAGCCGTAGTCTAGCGTACGAGCAGTACTTCGGGCCG"	FALSE	TRUE	NA	NA	NA	NA
"NNNNNNNNNNTGTCGGCTGCTCCCTCCCAAACATCTGTGTACTTCTGTGCCAGCAGTTTTTCTAGGAATGAGCAGTTCTTCGGGCCA"	"CASSFSRNEQFF"	"NNNNNNNNNNTGTCGGCTGCTCCCTCCCAAACATCTGTGTACTTCTGTGCCAGCAGTTTTTCTAGGAATGAGCAGTTCTTCGGGCCA"	"CASSFSRNEQFF"	"TCRBV6-2/6-3*1"	"TCRBD2-1"	"TCRBJ2-1*1"	58	61	65	66	3	1	NA	NA	"NNNNNNNNNNTGTCGGCTGCTCCCTCCCAAACATCTGTGTACTTCTGTGCCAGCAGTTTTTCTAGGAATGAGCAGTTCTTCGGGCCA"	FALSE	TRUE	NA	NA	NA	NA
"CGCACAGAGCAGGGGGACTCGGCCATGTATCTCTGTGCCAGCAGCCCTGGGTGGAGCGGGACGTACAATGAGCAGTTCTTCGGGCCA"	"CASSPGWSGTYNEQFF"	"CGCACAGAGCAGGGGGACTCGGCCATGTATCTCTGTGCCAGCAGCCCTGGGTGGAGCGGGACGTACAATGAGCAGTTCTTCGGGCCA"	"CASSPGWSGTYNEQFF"	"TCRBV7-9*1"	"TCRBD2-1*2"	"TCRBJ2-1*1"	45	54	61	63	9	2	NA	NA	"CGCACAGAGCAGGGGGACTCGGCCATGTATCTCTGTGCCAGCAGCCCTGGGTGGAGCGGGACGTACAATGAGCAGTTCTTCGGGCCA"	FALSE	TRUE	NA	NA	NA	NA
"GTCCACGGAGTCAGGGGACACAGCACTGTATTTCTGTGCCAGCAGCAAAGGTGCATGGGGGAGAAGGTGACCCAGTACTTCGGGCCA"	""	"GTCCACGGAGTCAGGGGACACAGCACTGTATTTCTGTGCCAGCAGCAAAGGTGCATGGGGGAGAAGGTGACCCAGTACTTCGGGCCA"	""	"TCRBV21-1*1"	NA	"TCRBJ2-5*1"	50	56	61	68	6	7	NA	NA	"GTCCACGGAGTCAGGGGACACAGCACTGTATTTCTGTGCCAGCAGCAAAGGTGCATGGGGGAGAAGGTGACCCAGTACTTCGGGCCA"	FALSE	FALSE	NA	NA	NA	NA
"ACATCGGCCCAAAAGAACCCGACAGCTTTCTATCTCTGTGCCAGTAATGTACTAGTTGATGGCAATCAGCCCCAGCATTTTGGTGAT"	"CASNVLVDGNQPQHF"	"ACATCGGCCCAAAAGAACCCGACAGCTTTCTATCTCTGTGCCAGTAATGTACTAGTTGATGGCAATCAGCCCCAGCATTTTGGTGAT"	"CASNVLVDGNQPQHF"	"TCRBV19-1*1"	"TCRBD2-1"	"TCRBJ1-5*1"	46	50	55	61	4	6	NA	NA	"ACATCGGCCCAAAAGAACCCGACAGCTTTCTATCTCTGTGCCAGTAATGTACTAGTTGATGGCAATCAGCCCCAGCATTTTGGTGAT"	FALSE	TRUE	NA	NA	NA	NA
"CACATCAATTCCCTGGAGCTTGGTGACTCTGCTGTGTATTTCTGTGCCAGCAGCCAATTATTGGGCACTGAAGCTTTCTTTGGACAA"	"CASSQLLGTEAFF"	"CACATCAATTCCCTGGAGCTTGGTGACTCTGCTGTGTATTTCTGTGCCAGCAGCCAATTATTGGGCACTGAAGCTTTCTTTGGACAA"	"CASSQLLGTEAFF"	"TCRBV3-1/3-2*1"	NA	"TCRBJ1-1*1"	57	62	-1	65	5	66	NA	NA	"CACATCAATTCCCTGGAGCTTGGTGACTCTGCTGTGTATTTCTGTGCCAGCAGCCAATTATTGGGCACTGAAGCTTTCTTTGGACAA"	FALSE	TRUE	NA	NA	NA	NA
"GCGTCTGCTGTACCCTCTCAGACATCTGTGTACTTCTGTGCCAGCAGACTCTCGGAACAGCCGAATCAGCCCCAGCATTTTGGTGAT"	"CASRLSEQPNQPQHF"	"GCGTCTGCTGTACCCTCTCAGACATCTGTGTACTTCTGTGCCAGCAGACTCTCGGAACAGCCGAATCAGCCCCAGCATTTTGGTGAT"	"CASRLSEQPNQPQHF"	"TCRBV6-4*1"	"TCRBD1-1*1"	"TCRBJ1-5*1"	47	56	60	63	9	3	NA	NA	"GCGTCTGCTGTACCCTCTCAGACATCTGTGTACTTCTGTGCCAGCAGACTCTCGGAACAGCCGAATCAGCCCCAGCATTTTGGTGAT"	FALSE	TRUE	NA	NA	NA	NA
"CTGAAGATCCAGCGCACAGAGCAGGGGGACTCGGCCATGTATCTCTGTGCCAGCAGCTACGGGGCTAGGGAGCAGTACTTCGGGCCG"	"CASSYGAREQYF"	"CTGAAGATCCAGCGCACAGAGCAGGGGGACTCGGCCATGTATCTCTGTGCCAGCAGCTACGGGGCTAGGGAGCAGTACTTCGGGCCG"	"CASSYGAREQYF"	"TCRBV7-9*1"	NA	"TCRBJ2-7*1"	58	60	65	69	2	4	NA	NA	"CTGAAGATCCAGCGCACAGAGCAGGGGGACTCGGCCATGTATCTCTGTGCCAGCAGCTACGGGGCTAGGGAGCAGTACTTCGGGCCG"	FALSE	TRUE	NA	NA	NA	NA
"ATCCAGCCTGCAGAGCTTGGGGACTCGGCCGTGTATCTCTGTGCCAGCAGCTTGAGGCTAAGCTCCTACGAGCAGTACTTCGGGCCG"	"CASSLRLSSYEQYF"	"ATCCAGCCTGCAGAGCTTGGGGACTCGGCCGTGTATCTCTGTGCCAGCAGCTTGAGGCTAAGCTCCTACGAGCAGTACTTCGGGCCG"	"CASSLRLSSYEQYF"	"TCRBV11-3*1"	"TCRBD2-1*2"	"TCRBJ2-7*1"	-1	53	57	62	54	5	NA	NA	"ATCCAGCCTGCAGAGCTTGGGGACTCGGCCGTGTATCTCTGTGCCAGCAGCTTGAGGCTAAGCTCCTACGAGCAGTACTTCGGGCCG"	FALSE	TRUE	NA	NA	NA	NA
"CTGGAGTCGCCCAGCCCCAACCAGACCTCTCTGTACTTCTGTGCCAGCAGTTTATCAGGGGAGCTAGTCGAGCAGTACTTCGGGCCG"	"CASSLSGELVEQYF"	"CTGGAGTCGCCCAGCCCCAACCAGACCTCTCTGTACTTCTGTGCCAGCAGTTTATCAGGGGAGCTAGTCGAGCAGTACTTCGGGCCG"	"CASSLSGELVEQYF"	"TCRBV27-1*1"	NA	"TCRBJ2-7*1"	-1	56	61	68	57	7	NA	NA	"CTGGAGTCGCCCAGCCCCAACCAGACCTCTCTGTACTTCTGTGCCAGCAGTTTATCAGGGGAGCTAGTCGAGCAGTACTTCGGGCCG"	FALSE	TRUE	NA	NA	NA	NA
"ACTGTGAGCAACATGAGCCCTGAAGACAGCAGCATATATCTCTGCAGCGTGGACAGGGTTACAGGGACTGAAGCTTTCTTTGGACAA"	"CSVDRVTGTEAFF"	"ACTGTGAGCAACATGAGCCCTGAAGACAGCAGCATATATCTCTGCAGCGTGGACAGGGTTACAGGGACTGAAGCTTTCTTTGGACAA"	"CSVDRVTGTEAFF"	"TCRBV29-1"	"TCRBD1-1*1"	"TCRBJ1-1*1"	-1	50	58	66	51	8	NA	NA	"ACTGTGAGCAACATGAGCCCTGAAGACAGCAGCATATATCTCTGCAGCGTGGACAGGGTTACAGGGACTGAAGCTTTCTTTGGACAA"	FALSE	TRUE	NA	NA	NA	NA
"TCCAGCCCTCAGAACCCAGGGACTCAGCTGTGTACTTCTGTGCCAGCAGTTTACCGGCAGGGGAACACTGAAGCTTTCTTTGGACAA"	""	"TCCAGCCCTCAGAACCCAGGGACTCAGCTGTGTACTTCTGTGCCAGCAGTTTACCGGCAGGGGAACACTGAAGCTTTCTTTGGACAA"	""	NA	"TCRBD1-1*1"	"TCRBJ1-1*1"	53	57	-1	62	4	63	NA	NA	"TCCAGCCCTCAGAACCCAGGGACTCAGCTGTGTACTTCTGTGCCAGCAGTTTACCGGCAGGGGAACACTGAAGCTTTCTTTGGACAA"	FALSE	FALSE	NA	NA	NA	NA
"TGTGAGTGCCTTGGAGCTGGGGGACTCGGCCCTGTATCTCTGTGCCAGAAGCTTAATGCTGGGGCCAACGTCCTGACTTTCGGGGCC"	""	"TGTGAGTGCCTTGGAGCTGGGGGACTCGGCCCTGTATCTCTGTGCCAGAAGCTTAATGCTGGGGCCAACGTCCTGACTTTCGGGGCC"	""	"TCRBV5-3"	NA	"TCRBJ2-6*1"	-1	-1	54	58	0	4	NA	NA	"TGTGAGTGCCTTGGAGCTGGGGGACTCGGCCCTGTATCTCTGTGCCAGAAGCTTAATGCTGGGGCCAACGTCCTGACTTTCGGGGCC"	FALSE	FALSE	NA	NA	NA	NA
"CTGTCCCTAGAGTCTGCCATCCCCAACCAGACAGCTCTTTACTTCTGTGCCACCAGTGCACAGGGGAACGAGCAGTACTTCGGGCCG"	"CATSAQGNEQYF"	"CTGTCCCTAGAGTCTGCCATCCCCAACCAGACAGCTCTTTACTTCTGTGCCACCAGTGCACAGGGGAACGAGCAGTACTTCGGGCCG"	"CATSAQGNEQYF"	"TCRBV24-1*1"	"TCRBD1-1*1"	"TCRBJ2-7*1"	58	59	66	67	1	1	NA	NA	"CTGTCCCTAGAGTCTGCCATCCCCAACCAGACAGCTCTTTACTTCTGTGCCACCAGTGCACAGGGGAACGAGCAGTACTTCGGGCCG"	FALSE	TRUE	NA	NA	NA	NA
"ACTGTGAGCAACATGAGCCCTGAAGACAGCAGCATATATCTCTGCAGCGTTGGTCCGGGAGACCGGAACGTCCTGACTTTCGGGGCC"	"CSVGPGDRNVLTF"	"ACTGTGAGCAACATGAGCCCTGAAGACAGCAGCATATATCTCTGCAGCGTTGGTCCGGGAGACCGGAACGTCCTGACTTTCGGGGCC"	"CSVGPGDRNVLTF"	"TCRBV29-1"	"TCRBD2-1*2"	"TCRBJ2-6*1"	52	55	61	66	3	5	NA	NA	"ACTGTGAGCAACATGAGCCCTGAAGACAGCAGCATATATCTCTGCAGCGTTGGTCCGGGAGACCGGAACGTCCTGACTTTCGGGGCC"	FALSE	TRUE	NA	NA	NA	NA
"CTGCAGCCAGAAGACTCAGCCCTGTATCTCTGCGCCAGCAGCCACCACCTCGGGTCGGGGGGAGGAAACACCATATATTTTGGAGAG"	"CASSHHLGSGGGNTIYF"	"CTGCAGCCAGAAGACTCAGCCCTGTATCTCTGCGCCAGCAGCCACCACCTCGGGTCGGGGGGAGGAAACACCATATATTTTGGAGAG"	"CASSHHLGSGGGNTIYF"	"TCRBV4-1*1"	"TCRBD2-1*1"	"TCRBJ1-3*1"	44	55	62	63	11	1	NA	NA	"CTGCAGCCAGAAGACTCAGCCCTGTATCTCTGCGCCAGCAGCCACCACCTCGGGTCGGGGGGAGGAAACACCATATATTTTGGAGAG"	FALSE	TRUE	NA	NA	NA	NA
"CCCTCACATACCTCTCAGTACCTCTGTGCCAGCAGTGATGGGGCTTCGTCGCGGGACGGTAGGGCAGATACGCAGTATTTTGGCCCA"	"CASSDGASSRDGRADTQYF"	"CCCTCACATACCTCTCAGTACCTCTGTGCCAGCAGTGATGGGGCTTCGTCGCGGGACGGTAGGGCAGATACGCAGTATTTTGGCCCA"	"CASSDGASSRDGRADTQYF"	NA	"TCRBD2-1*2"	"TCRBJ2-3*1"	38	50	56	64	12	8	NA	NA	"CCCTCACATACCTCTCAGTACCTCTGTGCCAGCAGTGATGGGGCTTCGTCGCGGGACGGTAGGGCAGATACGCAGTATTTTGGCCCA"	FALSE	TRUE	NA	NA	NA	NA
"TCCTTGGAGCTGGGGGACTCAGCCCTGTACTTCTGTGCCAGCAGCCCCGACCCGGGGCGGGGCACCGGGGAGCTGTTTTTTGGAGAA"	"CASSPDPGRGTGELFF"	"TCCTTGGAGCTGGGGGACTCAGCCCTGTACTTCTGTGCCAGCAGCCCCGACCCGGGGCGGGGCACCGGGGAGCTGTTTTTTGGAGAA"	"CASSPDPGRGTGELFF"	"TCRBV13-1*1"	"TCRBD2-1*1"	"TCRBJ2-2*1"	45	56	-1	62	11	63	NA	NA	"TCCTTGGAGCTGGGGGACTCAGCCCTGTACTTCTGTGCCAGCAGCCCCGACCCGGGGCGGGGCACCGGGGAGCTGTTTTTTGGAGAA"	FALSE	TRUE	NA	NA	NA	NA
"AGTTCTAAGAAGCTCCTTCTCAGTGACTCTGGCTTCTATCTCTGTGCCTGGAGCGTGGCCGGCGGAAACACCATATATTTTGGAGAG"	"CAWSVAGGNTIYF"	"AGTTCTAAGAAGCTCCTTCTCAGTGACTCTGGCTTCTATCTCTGTGCCTGGAGCGTGGCCGGCGGAAACACCATATATTTTGGAGAG"	"CAWSVAGGNTIYF"	"TCRBV3-1*1"	NA	"TCRBJ1-3*1"	53	56	59	63	3	4	NA	NA	"AGTTCTAAGAAGCTCCTTCTCAGTGACTCTGGCTTCTATCTCTGTGCCTGGAGCGTGGCCGGCGGAAACACCATATATTTTGGAGAG"	FALSE	TRUE	NA	NA	NA	NA
"CTACACACCCTGCAGCCAGAAGACTCGGCCCTGTATCTCTGCGCCAGCAGCCAAGATGTAAGGTTTTTCGAGCAGTACTTCGGGCCG"	"CASSQDVRFFEQYF"	"CTACACACCCTGCAGCCAGAAGACTCGGCCCTGTATCTCTGCGCCAGCAGCCAAGATGTAAGGTTTTTCGAGCAGTACTTCGGGCCG"	"CASSQDVRFFEQYF"	"TCRBV4-3*1"	NA	"TCRBJ2-7*1"	56	60	63	68	4	5	NA	NA	"CTACACACCCTGCAGCCAGAAGACTCGGCCCTGTATCTCTGCGCCAGCAGCCAAGATGTAAGGTTTTTCGAGCAGTACTTCGGGCCG"	FALSE	TRUE	NA	NA	NA	NA
"ACAGTGACCAGTGCCCATCCTGAAGACAGCAGCTTCTACATCTGCAGTGCTAGGGCCGTAGACATGGACATTCAGTACTTCGGCGCC"	"CSARAVDMDIQYF"	"ACAGTGACCAGTGCCCATCCTGAAGACAGCAGCTTCTACATCTGCAGTGCTAGGGCCGTAGACATGGACATTCAGTACTTCGGCGCC"	"CSARAVDMDIQYF"	NA	"TCRBD1-1*1"	"TCRBJ2-4*1"	53	60	64	67	7	3	NA	NA	"ACAGTGACCAGTGCCCATCCTGAAGACAGCAGCTTCTACATCTGCAGTGCTAGGGCCGTAGACATGGACATTCAGTACTTCGGCGCC"	FALSE	TRUE	NA	NA	NA	NA
"ACTGTGACATCGGCCCAAAAGAACCCGACAGCTTTCTATCTCTGTGCCAGTAGTCCCAACCGCGCACGAGAAGCTTTCTTTGGACAA"	"CASSPNRAREAFF"	"ACTGTGACATCGGCCCAAAAGAACCCGACAGCTTTCTATCTCTGTGCCAGTAGTCCCAACCGCGCACGAGAAGCTTTCTTTGGACAA"	"CASSPNRAREAFF"	"TCRBV19-1*1"	"TCRBD2-1"	"TCRBJ1-1*1"	54	61	64	69	7	5	NA	NA	"ACTGTGACATCGGCCCAAAAGAACCCGACAGCTTTCTATCTCTGTGCCAGTAGTCCCAACCGCGCACGAGAAGCTTTCTTTGGACAA"	FALSE	TRUE	NA	NA	NA	NA
"NNTGTCGGCTGCTCCCTCCCAAACATCTGTGTACTTCTGTGCCAGCAGTTCTGGACAGGGCCCACTTATGGCTACACCTTCGGTTCG"	""	"NNTGTCGGCTGCTCCCTCCCAAACATCTGTGTACTTCTGTGCCAGCAGTTCTGGACAGGGCCCACTTATGGCTACACCTTCGGTTCG"	""	"TCRBV6-2/6-3*1"	"TCRBD1-1*1"	"TCRBJ1-2*1"	50	52	60	66	2	6	NA	NA	"NNTGTCGGCTGCTCCCTCCCAAACATCTGTGTACTTCTGTGCCAGCAGTTCTGGACAGGGCCCACTTATGGCTACACCTTCGGTTCG"	FALSE	FALSE	NA	NA	NA	NA
"GTGAGCAACATGAGCCCTGAAGACAGCAGCATATATCTCTGCAGCGTTGTGGTTGGAGGGTATCCCTACGAGCAGTACTTCGGGCCG"	"CSVVVGGYPYEQYF"	"GTGAGCAACATGAGCCCTGAAGACAGCAGCATATATCTCTGCAGCGTTGTGGTTGGAGGGTATCCCTACGAGCAGTACTTCGGGCCG"	"CSVVVGGYPYEQYF"	"TCRBV29-1"	"TCRBD2-1*2"	"TCRBJ2-7*1"	49	54	60	64	5	4	NA	NA	"GTGAGCAACATGAGCCCTGAAGACAGCAGCATATATCTCTGCAGCGTTGTGGTTGGAGGGTATCCCTACGAGCAGTACTTCGGGCCG"	FALSE	TRUE	NA	NA	NA	NA
"AAAGCTGGAGGACTCAGCCATGTACTTCTGTGCCAGCAGTGGACTAGCAGCGGGGTGAGCTCCTACAATGAGCAGTTCTTCGGGCCA"	""	"AAAGCTGGAGGACTCAGCCATGTACTTCTGTGCCAGCAGTGGACTAGCAGCGGGGTGAGCTCCTACAATGAGCAGTTCTTCGGGCCA"	""	"TCRBV2-1"	"TCRBD2-1"	"TCRBJ2-1*1"	-1	41	48	59	42	11	NA	NA	"AAAGCTGGAGGACTCAGCCATGTACTTCTGTGCCAGCAGTGGACTAGCAGCGGGGTGAGCTCCTACAATGAGCAGTTCTTCGGGCCA"	FALSE	FALSE	NA	NA	NA	NA
"CAGCCAGAAGACTCGGCCCTGTATCTCTGTGCCAGCAGCCAATTCACCCCTACGGAGCGGGAGCCGGGGGAGCTGTTTTTTGGAGAA"	"CASSQFTPTEREPGELFF"	"CAGCCAGAAGACTCGGCCCTGTATCTCTGTGCCAGCAGCCAATTCACCCCTACGGAGCGGGAGCCGGGGGAGCTGTTTTTTGGAGAA"	"CASSQFTPTEREPGELFF"	"TCRBV4-2*1"	"TCRBD2-1*2"	"TCRBJ2-2*1"	42	55	63	66	13	3	NA	NA	"CAGCCAGAAGACTCGGCCCTGTATCTCTGTGCCAGCAGCCAATTCACCCCTACGGAGCGGGAGCCGGGGGAGCTGTTTTTTGGAGAA"	FALSE	TRUE	NA	NA	NA	NA
"AAGATCCAGCCCTCAGAACCCAGGGACTCAGCTGTGTACTTCTGTGCCAGCAGCGCGGCTAGCGGGGCTACGCAGTATTTTGGCCCA"	"CASSAASGATQYF"	"AAGATCCAGCCCTCAGAACCCAGGGACTCAGCTGTGTACTTCTGTGCCAGCAGCGCGGCTAGCGGGGCTACGCAGTATTTTGGCCCA"	"CASSAASGATQYF"	"TCRBV12-3/12-4*1"	"TCRBD2-1*1"	"TCRBJ2-3*1"	53	58	67	68	5	1	NA	NA	"AAGATCCAGCCCTCAGAACCCAGGGACTCAGCTGTGTACTTCTGTGCCAGCAGCGCGGCTAGCGGGGCTACGCAGTATTTTGGCCCA"	FALSE	TRUE	NA	NA	NA	NA
"CTGGAGCTGGGGGACTCAGCTTTGTATTTCTGTGCCAGCAGCGTGAACATCCTGGGAGGGCCCGGAGATACGCAGTATTTTGGCCCA"	"CASSVNILGGPGDTQYF"	"CTGGAGCTGGGGGACTCAGCTTTGTATTTCTGTGCCAGCAGCGTGAACATCCTGGGAGGGCCCGGAGATACGCAGTATTTTGGCCCA"	"CASSVNILGGPGDTQYF"	"TCRBV9-1*1"	"TCRBD2-1*2"	"TCRBJ2-3*1"	44	53	60	65	9	5	NA	NA	"CTGGAGCTGGGGGACTCAGCTTTGTATTTCTGTGCCAGCAGCGTGAACATCCTGGGAGGGCCCGGAGATACGCAGTATTTTGGCCCA"	FALSE	TRUE	NA	NA	NA	NA
"ACCCGCTCCCAGACATCTGTGTATTTCTGCGCCAGCAGTGAGTACGAGGTCGGGACTAGCGGGAGAGGGAAACAGTTCTTCGGGCCA"	"CASSEYEVGTSGRGKQFF"	"ACCCGCTCCCAGACATCTGTGTATTTCTGCGCCAGCAGTGAGTACGAGGTCGGGACTAGCGGGAGAGGGAAACAGTTCTTCGGGCCA"	"CASSEYEVGTSGRGKQFF"	"TCRBV1-2*1"	"TCRBD2-1*2"	"TCRBJ2-1*1"	43	51	65	72	8	7	NA	NA	"ACCCGCTCCCAGACATCTGTGTATTTCTGCGCCAGCAGTGAGTACGAGGTCGGGACTAGCGGGAGAGGGAAACAGTTCTTCGGGCCA"	FALSE	TRUE	NA	NA	NA	NA
"TCAGAACCCAGGGACTCAGCTGTGTACTTCTGTGCCAGCAGTCCCCGTGCCAGGCGGGATAGCAATCAGCCCCAGCATTTTGGTGAT"	"CASSPRARRDSNQPQHF"	"TCAGAACCCAGGGACTCAGCTGTGTACTTCTGTGCCAGCAGTCCCCGTGCCAGGCGGGATAGCAATCAGCCCCAGCATTTTGGTGAT"	"CASSPRARRDSNQPQHF"	NA	"TCRBD2-1*2"	"TCRBJ1-5*1"	42	53	-1	59	11	60	NA	NA	"TCAGAACCCAGGGACTCAGCTGTGTACTTCTGTGCCAGCAGTCCCCGTGCCAGGCGGGATAGCAATCAGCCCCAGCATTTTGGTGAT"	FALSE	TRUE	NA	NA	NA	NA
"CCTGCAAAGCTTGAGGACTCGGCCGTGTATCTCTGTGCCAGCATCTTAGCGGCCGGCTCTGGGGCCAACGTCCTGACTTTCGGGGCC"	"CASILAAGSGANVLTF"	"CCTGCAAAGCTTGAGGACTCGGCCGTGTATCTCTGTGCCAGCATCTTAGCGGCCGGCTCTGGGGCCAACGTCCTGACTTTCGGGGCC"	"CASILAAGSGANVLTF"	"TCRBV11-2"	NA	"TCRBJ2-6*1"	49	50	53	56	1	3	NA	NA	"CCTGCAAAGCTTGAGGACTCGGCCGTGTATCTCTGTGCCAGCATCTTAGCGGCCGGCTCTGGGGCCAACGTCCTGACTTTCGGGGCC"	FALSE	TRUE	NA	NA	NA	NA
"GCCAGGCCCTCACATACCTCTCAGTACCTCTGTGCCAGCAGTGAATATGGAGACAGGGGAGGAGATCAGCCCCAGCATTTTGGTGAT"	"CASSEYGDRGGDQPQHF"	"GCCAGGCCCTCACATACCTCTCAGTACCTCTGTGCCAGCAGTGAATATGGAGACAGGGGAGGAGATCAGCCCCAGCATTTTGGTGAT"	"CASSEYGDRGGDQPQHF"	"TCRBV25-1*1"	"TCRBD1-1*1"	"TCRBJ1-5*1"	47	51	59	64	4	5	NA	NA	"GCCAGGCCCTCACATACCTCTCAGTACCTCTGTGCCAGCAGTGAATATGGAGACAGGGGAGGAGATCAGCCCCAGCATTTTGGTGAT"	FALSE	TRUE	NA	NA	NA	NA
"TCCCTGGAGCTTGGTGACTCTGCTGTGTATTTCTGTGCCAGCAGTCCCCGGACTAGCGGGGGCAGGGATACGCAGTATTTTGGCCCA"	"CASSPRTSGGRDTQYF"	"TCCCTGGAGCTTGGTGACTCTGCTGTGTATTTCTGTGCCAGCAGTCCCCGGACTAGCGGGGGCAGGGATACGCAGTATTTTGGCCCA"	"CASSPRTSGGRDTQYF"	"TCRBV3-1/3-2*1"	"TCRBD2-1*1"	"TCRBJ2-3*1"	44	49	62	66	5	4	NA	NA	"TCCCTGGAGCTTGGTGACTCTGCTGTGTATTTCTGTGCCAGCAGTCCCCGGACTAGCGGGGGCAGGGATACGCAGTATTTTGGCCCA"	FALSE	TRUE	NA	NA	NA	NA
"GTGAGCACCTTGGAGCTGGGGGACTCGGCCCTTTATCTTTGCGCCAGCAGCTTGGGTAGCGGGAGTTCTCCGCAGTTCTTCGGGCCA"	"CASSLGSGSSPQFF"	"GTGAGCACCTTGGAGCTGGGGGACTCGGCCCTTTATCTTTGCGCCAGCAGCTTGGGTAGCGGGAGTTCTCCGCAGTTCTTCGGGCCA"	"CASSLGSGSSPQFF"	"TCRBV5-1*1"	"TCRBD2-1*2"	"TCRBJ2-1*1"	55	56	65	71	1	6	NA	NA	"GTGAGCACCTTGGAGCTGGGGGACTCGGCCCTTTATCTTTGCGCCAGCAGCTTGGGTAGCGGGAGTTCTCCGCAGTTCTTCGGGCCA"	FALSE	TRUE	NA	NA	NA	NA
"CGCACAGAGCAGGGGGACTCGGCCATGTATCTCTGTGCCAGCAGCCCCCTCGGCGGAGGGAGCACAGATACGCAGTATTTTGGCCCA"	"CASSPLGGGSTDTQYF"	"CGCACAGAGCAGGGGGACTCGGCCATGTATCTCTGTGCCAGCAGCCCCCTCGGCGGAGGGAGCACAGATACGCAGTATTTTGGCCCA"	"CASSPLGGGSTDTQYF"	"TCRBV7-9*1"	"TCRBD2-1*2"	"TCRBJ2-3*1"	45	54	-1	60	9	61	NA	NA	"CGCACAGAGCAGGGGGACTCGGCCATGTATCTCTGTGCCAGCAGCCCCCTCGGCGGAGGGAGCACAGATACGCAGTATTTTGGCCCA"	FALSE	TRUE	NA	NA	NA	NA
"AGTCTGCCATCCCCAACCAGACAGCTCTTTACTTCTGTGCCACCAGTGATTTGTTTGACGAGCTCCTACGAGCAGTACTTCGGGCCG"	""	"AGTCTGCCATCCCCAACCAGACAGCTCTTTACTTCTGTGCCACCAGTGATTTGTTTGACGAGCTCCTACGAGCAGTACTTCGGGCCG"	""	"TCRBV24-1*1"	NA	"TCRBJ2-7*1"	53	56	59	62	3	3	NA	NA	"AGTCTGCCATCCCCAACCAGACAGCTCTTTACTTCTGTGCCACCAGTGATTTGTTTGACGAGCTCCTACGAGCAGTACTTCGGGCCG"	FALSE	FALSE	NA	NA	NA	NA
"CCTGCAGAGCTTGGGGACTCGGCCGTGTATCTCTGTGCCAGCAGCTTGCGACAGGGGGCCTTCCAAGAGACCCAGTACTTCGGGCCA"	"CASSLRQGAFQETQYF"	"CCTGCAGAGCTTGGGGACTCGGCCGTGTATCTCTGTGCCAGCAGCTTGCGACAGGGGGCCTTCCAAGAGACCCAGTACTTCGGGCCA"	"CASSLRQGAFQETQYF"	"TCRBV11-3*1"	"TCRBD1-1*1"	"TCRBJ2-5*1"	47	49	59	62	2	3	NA	NA	"CCTGCAGAGCTTGGGGACTCGGCCGTGTATCTCTGTGCCAGCAGCTTGCGACAGGGGGCCTTCCAAGAGACCCAGTACTTCGGGCCA"	FALSE	TRUE	NA	NA	NA	NA
"ATTCAGCGCACAGAGCAGGGGGACTCGGCCATGTATCTCTGTGCCAGCAGCTTATCCTCCCCGGCAACTGAAGCTTTCTTTGGACAA"	"CASSLSSPATEAFF"	"ATTCAGCGCACAGAGCAGGGGGACTCGGCCATGTATCTCTGTGCCAGCAGCTTATCCTCCCCGGCAACTGAAGCTTTCTTTGGACAA"	"CASSLSSPATEAFF"	"TCRBV7-9*1"	NA	"TCRBJ1-1*1"	54	62	65	66	8	1	NA	NA	"ATTCAGCGCACAGAGCAGGGGGACTCGGCCATGTATCTCTGTGCCAGCAGCTTATCCTCCCCGGCAACTGAAGCTTTCTTTGGACAA"	FALSE	TRUE	NA	NA	NA	NA
"ACTCTGACTGTGAGCAACATGAGCCCTGAAGACAGCAGCATATATCTCTGCAGCGCTGGCAAGAACACTGAAGCTTTCTTTGGACAA"	"CSAGKNTEAFF"	"ACTCTGACTGTGAGCAACATGAGCCCTGAAGACAGCAGCATATATCTCTGCAGCGCTGGCAAGAACACTGAAGCTTTCTTTGGACAA"	"CSAGKNTEAFF"	"TCRBV29-1*3"	NA	"TCRBJ1-1*1"	-1	-1	60	62	0	2	NA	NA	"ACTCTGACTGTGAGCAACATGAGCCCTGAAGACAGCAGCATATATCTCTGCAGCGCTGGCAAGAACACTGAAGCTTTCTTTGGACAA"	FALSE	TRUE	NA	NA	NA	NA
"CTGAAGGTGCAGCCTGCAGAACTGGAGGATTCTGGAGTTTATTTCTGTGCCAGCAGCCAAGGGGGGGAGACCCAGTACTTCGGGCCA"	"CASSQGGETQYF"	"CTGAAGGTGCAGCCTGCAGAACTGGAGGATTCTGGAGTTTATTTCTGTGCCAGCAGCCAAGGGGGGGAGACCCAGTACTTCGGGCCA"	"CASSQGGETQYF"	"TCRBV14-1*1"	NA	"TCRBJ2-5*1"	-1	61	-1	66	62	67	NA	NA	"CTGAAGGTGCAGCCTGCAGAACTGGAGGATTCTGGAGTTTATTTCTGTGCCAGCAGCCAAGGGGGGGAGACCCAGTACTTCGGGCCA"	FALSE	TRUE	NA	NA	NA	NA
"TCGGCTGCTCCCTCCCAGACATCTGTGTACTTCTGTGCCGGCAGTTACTCCCCTAGCGGGAGTACAGATACGCAGTATTTTGGCCCA"	"CAGSYSPSGSTDTQYF"	"TCGGCTGCTCCCTCCCAGACATCTGTGTACTTCTGTGCCGGCAGTTACTCCCCTAGCGGGAGTACAGATACGCAGTATTTTGGCCCA"	"CAGSYSPSGSTDTQYF"	"TCRBV6-5*1"	"TCRBD2-1*2"	"TCRBJ2-3*1"	50	52	62	63	2	1	NA	NA	"TCGGCTGCTCCCTCCCAGACATCTGTGTACTTCTGTGCCGGCAGTTACTCCCCTAGCGGGAGTACAGATACGCAGTATTTTGGCCCA"	FALSE	TRUE	NA	NA	NA	NA
"ATCCTGGAGTCGCCCAGCCCCAACCAGACCTCTCTGTACTTCTGTGCCAGCAGTTTGGGGGCCGGGCATGGCTACACCTTCGGTTCG"	"CASSLGAGHGYTF"	"ATCCTGGAGTCGCCCAGCCCCAACCAGACCTCTCTGTACTTCTGTGCCAGCAGTTTGGGGGCCGGGCATGGCTACACCTTCGGTTCG"	"CASSLGAGHGYTF"	"TCRBV27-1*1"	"TCRBD1-1*1"	"TCRBJ1-2*1"	-1	56	62	67	57	5	NA	NA	"ATCCTGGAGTCGCCCAGCCCCAACCAGACCTCTCTGTACTTCTGTGCCAGCAGTTTGGGGGCCGGGCATGGCTACACCTTCGGTTCG"	FALSE	TRUE	NA	NA	NA	NA
"CCAACCAGACCTCTCTGTACTTCTGTGCCAGCAGTTTATCAATACTAGCGGGAGGTTTAAGCGTGCAATGAGCAGTTCTTCGGGCCA"	""	"CCAACCAGACCTCTCTGTACTTCTGTGCCAGCAGTTTATCAATACTAGCGGGAGGTTTAAGCGTGCAATGAGCAGTTCTTCGGGCCA"	""	"TCRBV27-1*1"	"TCRBD2-1*2"	"TCRBJ2-1*1"	40	43	55	65	3	10	NA	NA	"CCAACCAGACCTCTCTGTACTTCTGTGCCAGCAGTTTATCAATACTAGCGGGAGGTTTAAGCGTGCAATGAGCAGTTCTTCGGGCCA"	FALSE	FALSE	NA	NA	NA	NA
"CTCAGAACCGGGAGACACGGCACTGTATCTCTGCGCCAGCAGACCATACAGGGGCTCCCTTGGAAAAACACCATATATTTTGGAGAG"	""	"CTCAGAACCGGGAGACACGGCACTGTATCTCTGCGCCAGCAGACCATACAGGGGCTCCCTTGGAAAAACACCATATATTTTGGAGAG"	""	"TCRBV23-1*1"	"TCRBD1-1*1"	"TCRBJ1-3*1"	42	47	54	65	5	11	NA	NA	"CTCAGAACCGGGAGACACGGCACTGTATCTCTGCGCCAGCAGACCATACAGGGGCTCCCTTGGAAAAACACCATATATTTTGGAGAG"	FALSE	FALSE	NA	NA	NA	NA
"GGACTCAGCCGTGTATCTCTGTGCCAGCAGCTTAACGGGGGACTAGCGGGAGGGCCGGTTCTCGGCAATGAGCAGTTCTTCGGGCCA"	""	"GGACTCAGCCGTGTATCTCTGTGCCAGCAGCTTAACGGGGGACTAGCGGGAGGGCCGGTTCTCGGCAATGAGCAGTTCTTCGGGCCA"	""	"TCRBV7-3*1"	"TCRBD2-1*2"	"TCRBJ2-1*1"	36	38	54	65	2	11	NA	NA	"GGACTCAGCCGTGTATCTCTGTGCCAGCAGCTTAACGGGGGACTAGCGGGAGGGCCGGTTCTCGGCAATGAGCAGTTCTTCGGGCCA"	FALSE	FALSE	NA	NA	NA	NA
"CGCACAGAGCAGGGGGACTCGGCCATGTATCTCTGTGCCAGCAGTCCGATCGTTCCCCCGCACGACAATGAGCAGTTCTTCGGGCCA"	"CASSPIVPPHDNEQFF"	"CGCACAGAGCAGGGGGACTCGGCCATGTATCTCTGTGCCAGCAGTCCGATCGTTCCCCCGCACGACAATGAGCAGTTCTTCGGGCCA"	"CASSPIVPPHDNEQFF"	"TCRBV7-9*1"	NA	"TCRBJ2-1*1"	44	47	49	64	3	15	NA	NA	"CGCACAGAGCAGGGGGACTCGGCCATGTATCTCTGTGCCAGCAGTCCGATCGTTCCCCCGCACGACAATGAGCAGTTCTTCGGGCCA"	FALSE	TRUE	NA	NA	NA	NA
"TCGGCTGCTCCCTCCCAAACATCTGTGTACTTCTGTGCCAGCCCTCAAAAGGGGTGGGGCACCTCCTACGAGCAGTACTTCGGGCCG"	"CASPQKGWGTSYEQYF"	"TCGGCTGCTCCCTCCCAAACATCTGTGTACTTCTGTGCCAGCCCTCAAAAGGGGTGGGGCACCTCCTACGAGCAGTACTTCGGGCCG"	"CASPQKGWGTSYEQYF"	NA	"TCRBD1-1*1"	"TCRBJ2-7*1"	42	49	54	62	7	8	NA	NA	"TCGGCTGCTCCCTCCCAAACATCTGTGTACTTCTGTGCCAGCCCTCAAAAGGGGTGGGGCACCTCCTACGAGCAGTACTTCGGGCCG"	FALSE	TRUE	NA	NA	NA	NA
"GTGACCAGTGCCCATCCTGAAGACAGCAGCTTCTACATCTGCAGTGCACGGAGCCTCTAGCGGGAGAAGACCCAGTACTTCGGGCCA"	"CSARSL*REKTQYF"	"GTGACCAGTGCCCATCCTGAAGACAGCAGCTTCTACATCTGCAGTGCACGGAGCCTCTAGCGGGAGAAGACCCAGTACTTCGGGCCA"	"CSARSL*REKTQYF"	NA	"TCRBD2-1*2"	"TCRBJ2-5*1"	47	56	66	67	9	1	NA	NA	"GTGACCAGTGCCCATCCTGAAGACAGCAGCTTCTACATCTGCAGTGCACGGAGCCTCTAGCGGGAGAAGACCCAGTACTTCGGGCCA"	FALSE	TRUE	NA	NA	NA	NA
"AAGCTTGAGGACTCGGCCGTGTATCTCTGTGCCAGCAGCTCCGGGACTAGCGGGTTGGGGGCCAAAAACATTCAGTACTTCGGCGCC"	"CASSSGTSGLGAKNIQYF"	"AAGCTTGAGGACTCGGCCGTGTATCTCTGTGCCAGCAGCTCCGGGACTAGCGGGTTGGGGGCCAAAAACATTCAGTACTTCGGCGCC"	"CASSSGTSGLGAKNIQYF"	"TCRBV11-2"	"TCRBD2-1"	"TCRBJ2-4*1"	40	42	54	60	2	6	NA	NA	"AAGCTTGAGGACTCGGCCGTGTATCTCTGTGCCAGCAGCTCCGGGACTAGCGGGTTGGGGGCCAAAAACATTCAGTACTTCGGCGCC"	FALSE	TRUE	NA	NA	NA	NA
"ACAGTGACCAGTGCCCATCCTGAAGACAGCAGCTTCTACATCTGCAGTGCGCACCAAGGGGTGGAGGAGACCCAGTACTTCGGGCCA"	"CSAHQGVEETQYF"	"ACAGTGACCAGTGCCCATCCTGAAGACAGCAGCTTCTACATCTGCAGTGCGCACCAAGGGGTGGAGGAGACCCAGTACTTCGGGCCA"	"CSAHQGVEETQYF"	NA	"TCRBD1-1*1"	"TCRBJ2-5*1"	50	56	61	66	6	5	NA	NA	"ACAGTGACCAGTGCCCATCCTGAAGACAGCAGCTTCTACATCTGCAGTGCGCACCAAGGGGTGGAGGAGACCCAGTACTTCGGGCCA"	FALSE	TRUE	NA	NA	NA	NA
"ACCAGTGCCCATCCTGAAGACAGCAGCTTCTACATCTGCAGTGCTAGAGATCGGTCCAAGGGCGGCCAGCCCCAGCATTTTGGTGAT"	"CSARDRSKGGQPQHF"	"ACCAGTGCCCATCCTGAAGACAGCAGCTTCTACATCTGCAGTGCTAGAGATCGGTCCAAGGGCGGCCAGCCCCAGCATTTTGGTGAT"	"CSARDRSKGGQPQHF"	NA	NA	"TCRBJ1-5*1"	50	58	62	66	8	4	NA	NA	"ACCAGTGCCCATCCTGAAGACAGCAGCTTCTACATCTGCAGTGCTAGAGATCGGTCCAAGGGCGGCCAGCCCCAGCATTTTGGTGAT"	FALSE	TRUE	NA	NA	NA	NA
"TCTGCTGTACCCTCTCAGACATCTGTGTACTTCTGTGCCACTATGACGTAGGGCAGGTAAAGGGATCAGCCCCAGCATTTTGGTGAT"	"CATMT*GR*RDQPQHF"	"TCTGCTGTACCCTCTCAGACATCTGTGTACTTCTGTGCCACTATGACGTAGGGCAGGTAAAGGGATCAGCCCCAGCATTTTGGTGAT"	"CATMT*GR*RDQPQHF"	"TCRBV6-4*1"	NA	"TCRBJ1-5*1"	40	53	57	64	13	7	NA	NA	"TCTGCTGTACCCTCTCAGACATCTGTGTACTTCTGTGCCACTATGACGTAGGGCAGGTAAAGGGATCAGCCCCAGCATTTTGGTGAT"	FALSE	TRUE	NA	NA	NA	NA
"GAGTTGGCTGCTCCCTCCCAGACATCTGTGTACTTCTGTGCCAGCAGTCTGACTAGGAGCTCCTACAATGAGCAGTTCTTCGGGCCA"	"CASSLTRSSYNEQFF"	"GAGTTGGCTGCTCCCTCCCAGACATCTGTGTACTTCTGTGCCAGCAGTCTGACTAGGAGCTCCTACAATGAGCAGTTCTTCGGGCCA"	"CASSLTRSSYNEQFF"	"TCRBV6-6*4"	"TCRBD2-1"	"TCRBJ2-1*1"	49	50	56	59	1	3	NA	NA	"GAGTTGGCTGCTCCCTCCCAGACATCTGTGTACTTCTGTGCCAGCAGTCTGACTAGGAGCTCCTACAATGAGCAGTTCTTCGGGCCA"	FALSE	TRUE	NA	NA	NA	NA
"AGCTCTCTGGAGCTGGGGGACTCAGCTTTGTATTTCTGTGCCAGCAGCGTAGATGACAGCTTGTTGGAGACCCAGTACTTCGGGCCA"	"CASSVDDSLLETQYF"	"AGCTCTCTGGAGCTGGGGGACTCAGCTTTGTATTTCTGTGCCAGCAGCGTAGATGACAGCTTGTTGGAGACCCAGTACTTCGGGCCA"	"CASSVDDSLLETQYF"	"TCRBV9-1*1"	"TCRBD1-1*1"	"TCRBJ2-5*1"	52	54	59	66	2	7	NA	NA	"AGCTCTCTGGAGCTGGGGGACTCAGCTTTGTATTTCTGTGCCAGCAGCGTAGATGACAGCTTGTTGGAGACCCAGTACTTCGGGCCA"	FALSE	TRUE	NA	NA	NA	NA
"CTCAAGATCCAGCCTGCAAAGCTTGAGGACTCGGCCGTGTATCTCTGTGCCAGCAGCTGAACACGGTACGAGCAGTACTTCGGGCCG"	"CASS*TRYEQYF"	"CTCAAGATCCAGCCTGCAAAGCTTGAGGACTCGGCCGTGTATCTCTGTGCCAGCAGCTGAACACGGTACGAGCAGTACTTCGGGCCG"	"CASS*TRYEQYF"	"TCRBV11-2*1"	NA	"TCRBJ2-7*1"	58	60	63	66	2	3	NA	NA	"CTCAAGATCCAGCCTGCAAAGCTTGAGGACTCGGCCGTGTATCTCTGTGCCAGCAGCTGAACACGGTACGAGCAGTACTTCGGGCCG"	FALSE	TRUE	NA	NA	NA	NA
"AGCTCTCTGGAGCTGGGGGACTCAGCTTTGTATTTCTGTGCCAGCAGCCCACAGGCGCCCTATAATTCACCCCTCCACTTTGGGAAT"	"CASSPQAPYNSPLHF"	"AGCTCTCTGGAGCTGGGGGACTCAGCTTTGTATTTCTGTGCCAGCAGCCCACAGGCGCCCTATAATTCACCCCTCCACTTTGGGAAT"	"CASSPQAPYNSPLHF"	"TCRBV9-1*1"	"TCRBD1-1*1"	"TCRBJ1-6*1"	48	50	55	58	2	3	NA	NA	"AGCTCTCTGGAGCTGGGGGACTCAGCTTTGTATTTCTGTGCCAGCAGCCCACAGGCGCCCTATAATTCACCCCTCCACTTTGGGAAT"	FALSE	TRUE	NA	NA	NA	NA
"GCCCATCCTGAAGACAGCAGCTTCTACATCTGCAGTGCTAGAGATATGAATCCAGCGGGAGTAAAAGGAGAGCAGTACTTCGGGCCG"	"CSARDMNPAGVKGEQYF"	"GCCCATCCTGAAGACAGCAGCTTCTACATCTGCAGTGCTAGAGATATGAATCCAGCGGGAGTAAAAGGAGAGCAGTACTTCGGGCCG"	"CSARDMNPAGVKGEQYF"	NA	"TCRBD2-1*2"	"TCRBJ2-7*1"	44	53	61	69	9	8	NA	NA	"GCCCATCCTGAAGACAGCAGCTTCTACATCTGCAGTGCTAGAGATATGAATCCAGCGGGAGTAAAAGGAGAGCAGTACTTCGGGCCG"	FALSE	TRUE	NA	NA	NA	NA
"AATTCCCTGGAGCTTGGTGACTCTGCTGTGTATTTCTGTGCCAGCAGCCAAGACCGACTAGCGGGAGATGAGCAGTTCTTCGGGCCA"	"CASSQDRLAGDEQFF"	"AATTCCCTGGAGCTTGGTGACTCTGCTGTGTATTTCTGTGCCAGCAGCCAAGACCGACTAGCGGGAGATGAGCAGTTCTTCGGGCCA"	"CASSQDRLAGDEQFF"	"TCRBV3-1/3-2*1"	"TCRBD2-1*2"	"TCRBJ2-1*1"	53	55	-1	67	2	68	NA	NA	"AATTCCCTGGAGCTTGGTGACTCTGCTGTGTATTTCTGTGCCAGCAGCCAAGACCGACTAGCGGGAGATGAGCAGTTCTTCGGGCCA"	FALSE	TRUE	NA	NA	NA	NA
"CTGGAGTCTGCCAGGCCCTCACATACCTCTCAGTACCTCTGTGCCAGCAGTGAACCGACAGGGCCCCCAACCCAGTACTTCGGGCCA"	"CASSEPTGPPTQYF"	"CTGGAGTCTGCCAGGCCCTCACATACCTCTCAGTACCTCTGTGCCAGCAGTGAACCGACAGGGCCCCCAACCCAGTACTTCGGGCCA"	"CASSEPTGPPTQYF"	"TCRBV25-1*1"	"TCRBD1-1*1"	"TCRBJ2-5*1"	54	56	63	69	2	6	NA	NA	"CTGGAGTCTGCCAGGCCCTCACATACCTCTCAGTACCTCTGTGCCAGCAGTGAACCGACAGGGCCCCCAACCCAGTACTTCGGGCCA"	FALSE	TRUE	NA	NA	NA	NA
"TCTGAAGATCCAGCGCACAGAGCGGGGGGACTCAGCCGTGTATCTCTGTGCCAGCAGCCTCCGTGCACTGAAGCTTTCTTTGGACAA"	""	"TCTGAAGATCCAGCGCACAGAGCGGGGGGACTCAGCCGTGTATCTCTGTGCCAGCAGCCTCCGTGCACTGAAGCTTTCTTTGGACAA"	""	"TCRBV7-3*1"	"TCRBD2-1"	"TCRBJ1-1*1"	-1	58	60	65	59	5	NA	NA	"TCTGAAGATCCAGCGCACAGAGCGGGGGGACTCAGCCGTGTATCTCTGTGCCAGCAGCCTCCGTGCACTGAAGCTTTCTTTGGACAA"	FALSE	FALSE	NA	NA	NA	NA
"NNTGTCGGCTGCTCCCTCCCAGACATCTGTGTACTTCTGTGCCAGCAGTGAAGCGGGGGCATTAGCTACGAGCAGTACTTCGGGCCG"	""	"NNTGTCGGCTGCTCCCTCCCAGACATCTGTGTACTTCTGTGCCAGCAGTGAAGCGGGGGCATTAGCTACGAGCAGTACTTCGGGCCG"	""	"TCRBV6-1*1"	"TCRBD1-1*1"	"TCRBJ2-7*1"	-1	54	60	65	55	5	NA	NA	"NNTGTCGGCTGCTCCCTCCCAGACATCTGTGTACTTCTGTGCCAGCAGTGAAGCGGGGGCATTAGCTACGAGCAGTACTTCGGGCCG"	FALSE	FALSE	NA	NA	NA	NA
"TCTGCTGTACCCTCTCAGACATCTGTGTACTTCTGTGCCAGCAGGGCACAGGGGGGGAAAACTGAGACTGAAGCTTTCTTTGGACAA"	"CASRAQGGKTETEAFF"	"TCTGCTGTACCCTCTCAGACATCTGTGTACTTCTGTGCCAGCAGGGCACAGGGGGGGAAAACTGAGACTGAAGCTTTCTTTGGACAA"	"CASRAQGGKTETEAFF"	"TCRBV6-4*1"	"TCRBD1-1*1"	"TCRBJ1-1*1"	44	47	55	66	3	11	NA	NA	"TCTGCTGTACCCTCTCAGACATCTGTGTACTTCTGTGCCAGCAGGGCACAGGGGGGGAAAACTGAGACTGAAGCTTTCTTTGGACAA"	FALSE	TRUE	NA	NA	NA	NA
"NNNTGTCGGCTGCTCCCTCCCAGACATCTGTGTACTTCTGTGCCAGCAGCTAGCTAGGGCTCACCCTACGAGCAGTACTTCGGGCCG"	""	"NNNTGTCGGCTGCTCCCTCCCAGACATCTGTGTACTTCTGTGCCAGCAGCTAGCTAGGGCTCACCCTACGAGCAGTACTTCGGGCCG"	""	"TCRBV6-5*1"	"TCRBD2-1"	"TCRBJ2-7*1"	-1	49	54	64	50	10	NA	NA	"NNNTGTCGGCTGCTCCCTCCCAGACATCTGTGTACTTCTGTGCCAGCAGCTAGCTAGGGCTCACCCTACGAGCAGTACTTCGGGCCG"	FALSE	FALSE	NA	NA	NA	NA
"TCAGAACCCAGGGACTCAGCTGTGTACTTCTGTGCCAGCAGTAGATTGGGGACAGGGGATCCGGACCAGCCCCAGCATTTTGGTGAT"	"CASSRLGTGDPDQPQHF"	"TCAGAACCCAGGGACTCAGCTGTGTACTTCTGTGCCAGCAGTAGATTGGGGACAGGGGATCCGGACCAGCCCCAGCATTTTGGTGAT"	"CASSRLGTGDPDQPQHF"	NA	"TCRBD1-1*1"	"TCRBJ1-5*1"	42	48	58	66	6	8	NA	NA	"TCAGAACCCAGGGACTCAGCTGTGTACTTCTGTGCCAGCAGTAGATTGGGGACAGGGGATCCGGACCAGCCCCAGCATTTTGGTGAT"	FALSE	TRUE	NA	NA	NA	NA
"NNNNTGTCGGCTGCTCCCTCCCAGACATCTGTGTACTTCTGTGCCAGCAGTCCCAGGGGCCAAGCCTACGAGCAGTACTTCGGGCCG"	"CASSPRGQAYEQYF"	"NNNNTGTCGGCTGCTCCCTCCCAGACATCTGTGTACTTCTGTGCCAGCAGTCCCAGGGGCCAAGCCTACGAGCAGTACTTCGGGCCG"	"CASSPRGQAYEQYF"	"TCRBV6-5*1"	"TCRBD1-1*1"	"TCRBJ2-7*1"	51	53	59	64	2	5	NA	NA	"NNNNTGTCGGCTGCTCCCTCCCAGACATCTGTGTACTTCTGTGCCAGCAGTCCCAGGGGCCAAGCCTACGAGCAGTACTTCGGGCCG"	FALSE	TRUE	NA	NA	NA	NA
"GCCCATCCTGAAGACAGCAGCTTCTACATCTGCAGTGCCCCCGGGACTAGCGTACAGAGCTCCTACAATGAGCAGTTCTTCGGGCCA"	"CSAPGTSVQSSYNEQFF"	"GCCCATCCTGAAGACAGCAGCTTCTACATCTGCAGTGCCCCCGGGACTAGCGTACAGAGCTCCTACAATGAGCAGTTCTTCGGGCCA"	"CSAPGTSVQSSYNEQFF"	NA	"TCRBD2-1"	"TCRBJ2-1*1"	38	42	52	59	4	7	NA	NA	"GCCCATCCTGAAGACAGCAGCTTCTACATCTGCAGTGCCCCCGGGACTAGCGTACAGAGCTCCTACAATGAGCAGTTCTTCGGGCCA"	FALSE	TRUE	NA	NA	NA	NA
"CCAGCAGGTAGTGCGAGGAGATTCGGCAGCTTATTTCTGTGCCAGCTCGCCCAAGGCGGGGGACACCGGGGAGCTGTTTTTGGAGAA"	""	"CCAGCAGGTAGTGCGAGGAGATTCGGCAGCTTATTTCTGTGCCAGCTCGCCCAAGGCGGGGGACACCGGGGAGCTGTTTTTGGAGAA"	""	"TCRBV18-1*1"	"TCRBD2-1*1"	"TCRBJ2-2*1"	48	55	62	76	7	14	NA	NA	"CCAGCAGGTAGTGCGAGGAGATTCGGCAGCTTATTTCTGTGCCAGCTCGCCCAAGGCGGGGGACACCGGGGAGCTGTTTTTGGAGAA"	FALSE	FALSE	NA	NA	NA	NA
"CAGCCTGCAGAGCTTGGGGACTCGGCCGTGTATCTCTGTGCCAGCAGCTTTATTGGAGGGAGGAGCCACGAGCAGTACTTCGGGCCG"	"CASSFIGGRSHEQYF"	"CAGCCTGCAGAGCTTGGGGACTCGGCCGTGTATCTCTGTGCCAGCAGCTTTATTGGAGGGAGGAGCCACGAGCAGTACTTCGGGCCG"	"CASSFIGGRSHEQYF"	"TCRBV11-3*1"	"TCRBD2-1*2"	"TCRBJ2-7*1"	50	57	63	67	7	4	NA	NA	"CAGCCTGCAGAGCTTGGGGACTCGGCCGTGTATCTCTGTGCCAGCAGCTTTATTGGAGGGAGGAGCCACGAGCAGTACTTCGGGCCG"	FALSE	TRUE	NA	NA	NA	NA
"CTCTGACAGTGACCAGTGCCCATCCTGAAGACAGCAGCTTCTACATCTGCAGTTGCGAGGGTAACCTACGAGCAGTACTTCGGGCCG"	""	"CTCTGACAGTGACCAGTGCCCATCCTGAAGACAGCAGCTTCTACATCTGCAGTTGCGAGGGTAACCTACGAGCAGTACTTCGGGCCG"	""	NA	"TCRBD2-1*2"	"TCRBJ2-7*1"	53	56	61	64	3	3	NA	NA	"CTCTGACAGTGACCAGTGCCCATCCTGAAGACAGCAGCTTCTACATCTGCAGTTGCGAGGGTAACCTACGAGCAGTACTTCGGGCCG"	FALSE	FALSE	NA	NA	NA	NA
"TGGAGGACTCAGCCATGTACTTCTGTGCCAGCAGTGACGGGTGACGGGACTAGCGGGAGGCCAAACAATGAGCAGTTCTTCGGGCCA"	""	"TGGAGGACTCAGCCATGTACTTCTGTGCCAGCAGTGACGGGTGACGGGACTAGCGGGAGGCCAAACAATGAGCAGTTCTTCGGGCCA"	""	"TCRBV2-1"	"TCRBD2-1*2"	"TCRBJ2-1*1"	37	45	60	64	8	4	NA	NA	"TGGAGGACTCAGCCATGTACTTCTGTGCCAGCAGTGACGGGTGACGGGACTAGCGGGAGGCCAAACAATGAGCAGTTCTTCGGGCCA"	FALSE	FALSE	NA	NA	NA	NA
"NTGTCGGCTGCTCCCTCCCAGACATCTGTGTACTTCTGTGCCAGCAGTGAGGGACAGGGTGGGGCAGATACGCAGTATTTTGGCCCA"	"CASSEGQGGADTQYF"	"NTGTCGGCTGCTCCCTCCCAGACATCTGTGTACTTCTGTGCCAGCAGTGAGGGACAGGGTGGGGCAGATACGCAGTATTTTGGCCCA"	"CASSEGQGGADTQYF"	"TCRBV6-1*1"	"TCRBD1-1*1"	"TCRBJ2-3*1"	-1	50	59	64	51	5	NA	NA	"NTGTCGGCTGCTCCCTCCCAGACATCTGTGTACTTCTGTGCCAGCAGTGAGGGACAGGGTGGGGCAGATACGCAGTATTTTGGCCCA"	FALSE	TRUE	NA	NA	NA	NA
"TCCCTGGAGCTTGGTGACTCTGCTGTGTATTTCTGTGCCAGCAGGGGACTAGGTCCTAATAATCCGGGGACCCAGTACTTCGGGCCA"	"CASRGLGPNNPGTQYF"	"TCCCTGGAGCTTGGTGACTCTGCTGTGTATTTCTGTGCCAGCAGGGGACTAGGTCCTAATAATCCGGGGACCCAGTACTTCGGGCCA"	"CASRGLGPNNPGTQYF"	"TCRBV3-1/3-2*1"	"TCRBD2-1"	"TCRBJ2-5*1"	-1	44	52	68	45	16	NA	NA	"TCCCTGGAGCTTGGTGACTCTGCTGTGTATTTCTGTGCCAGCAGGGGACTAGGTCCTAATAATCCGGGGACCCAGTACTTCGGGCCA"	FALSE	TRUE	NA	NA	NA	NA
"ACCCAGGGACTCAGCTGTGTACTTCTGTGCCAGCAGTTTTATTACTGGACTAGCACATCTCCTCCAGATACGCAGTATTTTGGCCCA"	""	"ACCCAGGGACTCAGCTGTGTACTTCTGTGCCAGCAGTTTTATTACTGGACTAGCACATCTCCTCCAGATACGCAGTATTTTGGCCCA"	""	NA	"TCRBD2-1"	"TCRBJ2-3*1"	39	46	54	64	7	10	NA	NA	"ACCCAGGGACTCAGCTGTGTACTTCTGTGCCAGCAGTTTTATTACTGGACTAGCACATCTCCTCCAGATACGCAGTATTTTGGCCCA"	FALSE	FALSE	NA	NA	NA	NA
"NNNNNNNTGTCGGCTGCTCCCTCCCAGACATCTGTGTACTTCTGTGCCAGCAGTTACTCCCTGCTCCGGGAGCAGTACTTCGGGCCG"	"CASSYSLLREQYF"	"NNNNNNNTGTCGGCTGCTCCCTCCCAGACATCTGTGTACTTCTGTGCCAGCAGTTACTCCCTGCTCCGGGAGCAGTACTTCGGGCCG"	"CASSYSLLREQYF"	"TCRBV6-5*1"	"TCRBD2-1"	"TCRBJ2-7*1"	59	66	-1	69	7	70	NA	NA	"NNNNNNNTGTCGGCTGCTCCCTCCCAGACATCTGTGTACTTCTGTGCCAGCAGTTACTCCCTGCTCCGGGAGCAGTACTTCGGGCCG"	FALSE	TRUE	NA	NA	NA	NA
"CTGGAGTCCGCCAGCACCAACCAGACATCTATGTACCTCTGTGCCAGCAGCCCTAGCGGGATTCAAGAGACCCAGTACTTCGGGCCA"	"CASSPSGIQETQYF"	"CTGGAGTCCGCCAGCACCAACCAGACATCTATGTACCTCTGTGCCAGCAGCCCTAGCGGGATTCAAGAGACCCAGTACTTCGGGCCA"	"CASSPSGIQETQYF"	"TCRBV28-1*1"	"TCRBD2-1*2"	"TCRBJ2-5*1"	50	52	61	63	2	2	NA	NA	"CTGGAGTCCGCCAGCACCAACCAGACATCTATGTACCTCTGTGCCAGCAGCCCTAGCGGGATTCAAGAGACCCAGTACTTCGGGCCA"	FALSE	TRUE	NA	NA	NA	NA
"TCCCTGGAGCTTGGTGACTCTGCTGTGTATTTCTGTGCCAGCAGCCAGCGGGAGGGAGAGGGGGGACCCGAGCAGTACTTCGGGCCG"	"CASSQREGEGGPEQYF"	"TCCCTGGAGCTTGGTGACTCTGCTGTGTATTTCTGTGCCAGCAGCCAGCGGGAGGGAGAGGGGGGACCCGAGCAGTACTTCGGGCCG"	"CASSQREGEGGPEQYF"	"TCRBV3-1/3-2*1"	"TCRBD2-1*2"	"TCRBJ2-7*1"	-1	47	56	68	48	12	NA	NA	"TCCCTGGAGCTTGGTGACTCTGCTGTGTATTTCTGTGCCAGCAGCCAGCGGGAGGGAGAGGGGGGACCCGAGCAGTACTTCGGGCCG"	FALSE	TRUE	NA	NA	NA	NA
"CGGTCCACAAAGCTGGAGGACTCAGCCATGTACTTCTGTGCCAGCAGTCCTCTGTGGGAACAAAGTTGGAGATACACCTTCGGTTCG"	"CASSPLWEQSWRYTF"	"CGGTCCACAAAGCTGGAGGACTCAGCCATGTACTTCTGTGCCAGCAGTCCTCTGTGGGAACAAAGTTGGAGATACACCTTCGGTTCG"	"CASSPLWEQSWRYTF"	"TCRBV2-1"	NA	"TCRBJ1-2*1"	48	55	59	72	7	13	NA	NA	"CGGTCCACAAAGCTGGAGGACTCAGCCATGTACTTCTGTGCCAGCAGTCCTCTGTGGGAACAAAGTTGGAGATACACCTTCGGTTCG"	FALSE	TRUE	NA	NA	NA	NA
"CAGCCCTCAGAACCCAGGGACTCAGCTGTGTACTTCTGTGCCAGCAGTTTAGCGTCGGTAGCGAACACTGAAGCTTTCTTTGGACAA"	"CASSLASVANTEAFF"	"CAGCCCTCAGAACCCAGGGACTCAGCTGTGTACTTCTGTGCCAGCAGTTTAGCGTCGGTAGCGAACACTGAAGCTTTCTTTGGACAA"	"CASSLASVANTEAFF"	NA	"TCRBD2-1"	"TCRBJ1-1*1"	53	58	-1	62	5	63	NA	NA	"CAGCCCTCAGAACCCAGGGACTCAGCTGTGTACTTCTGTGCCAGCAGTTTAGCGTCGGTAGCGAACACTGAAGCTTTCTTTGGACAA"	FALSE	TRUE	NA	NA	NA	NA
"CTTCTCAGTGACTCTGGCTTCTATCTCTGTGCCTGGAGTGCCGGGACTAGCGGGACTAGCTCCTACAATGAGCAGTTCTTCGGGCCA"	"CAWSAGTSGTSSYNEQFF"	"CTTCTCAGTGACTCTGGCTTCTATCTCTGTGCCTGGAGTGCCGGGACTAGCGGGACTAGCTCCTACAATGAGCAGTTCTTCGGGCCA"	"CAWSAGTSGTSSYNEQFF"	"TCRBV3-1*1"	"TCRBD2-1*2"	"TCRBJ2-1*1"	40	42	55	59	2	4	NA	NA	"CTTCTCAGTGACTCTGGCTTCTATCTCTGTGCCTGGAGTGCCGGGACTAGCGGGACTAGCTCCTACAATGAGCAGTTCTTCGGGCCA"	FALSE	TRUE	NA	NA	NA	NA
"CTCACTCTGGAGTCAGCTACCCGCTCCCAGACATCTGTGTATTTCTGCGCCAGCAGTAGGACTAACTATGGCTACACCTTCGGTTCG"	"CASSRTNYGYTF"	"CTCACTCTGGAGTCAGCTACCCGCTCCCAGACATCTGTGTATTTCTGCGCCAGCAGTAGGACTAACTATGGCTACACCTTCGGTTCG"	"CASSRTNYGYTF"	"TCRBV1-2*1"	NA	"TCRBJ1-2*1"	57	58	-1	61	1	62	NA	NA	"CTCACTCTGGAGTCAGCTACCCGCTCCCAGACATCTGTGTATTTCTGCGCCAGCAGTAGGACTAACTATGGCTACACCTTCGGTTCG"	FALSE	TRUE	NA	NA	NA	NA
"ACAGAGCAGGAGGACTCGGCCGTGTATCTCTGTGCCAGCAGCTTAAACGGTCCTAGCTTCAGCTCCTACGAGCAGTACTTCGGGCCG"	"CASSLNGPSFSSYEQYF"	"ACAGAGCAGGAGGACTCGGCCGTGTATCTCTGTGCCAGCAGCTTAAACGGTCCTAGCTTCAGCTCCTACGAGCAGTACTTCGGGCCG"	"CASSLNGPSFSSYEQYF"	"TCRBV7-2"	"TCRBD2-1"	"TCRBJ2-7*1"	45	52	57	62	7	5	NA	NA	"ACAGAGCAGGAGGACTCGGCCGTGTATCTCTGTGCCAGCAGCTTAAACGGTCCTAGCTTCAGCTCCTACGAGCAGTACTTCGGGCCG"	FALSE	TRUE	NA	NA	NA	NA
"CGCACAGAGCGGGGGGACTCAGCCGTGTATCTCTGTGCCAGCAGCTTAAGTCCGACTAGCGGGAACGGAGAGCAGTTCTTCGGGCCA"	"CASSLSPTSGNGEQFF"	"CGCACAGAGCGGGGGGACTCAGCCGTGTATCTCTGTGCCAGCAGCTTAAGTCCGACTAGCGGGAACGGAGAGCAGTTCTTCGGGCCA"	"CASSLSPTSGNGEQFF"	"TCRBV7-3*1"	"TCRBD2-1*2"	"TCRBJ2-1*1"	49	53	64	69	4	5	NA	NA	"CGCACAGAGCGGGGGGACTCAGCCGTGTATCTCTGTGCCAGCAGCTTAAGTCCGACTAGCGGGAACGGAGAGCAGTTCTTCGGGCCA"	FALSE	TRUE	NA	NA	NA	NA
"CTGAGTTCTAAGAAGCTCCTTCTCAGTGACTCTGGCTTCTATCTCTGTGCCTGGAGTCAACAGGGGGCTGAAGCTTTCTTTGGACAA"	"CAWSQQGAEAFF"	"CTGAGTTCTAAGAAGCTCCTTCTCAGTGACTCTGGCTTCTATCTCTGTGCCTGGAGTCAACAGGGGGCTGAAGCTTTCTTTGGACAA"	"CAWSQQGAEAFF"	"TCRBV3-1*1"	"TCRBD1-1*1"	"TCRBJ1-1*1"	57	59	-1	67	2	68	NA	NA	"CTGAGTTCTAAGAAGCTCCTTCTCAGTGACTCTGGCTTCTATCTCTGTGCCTGGAGTCAACAGGGGGCTGAAGCTTTCTTTGGACAA"	FALSE	TRUE	NA	NA	NA	NA
"ACTCTGACTGTGAGCAACATGAGCCCTGAAGACAGCAGCATATATCTCTGCAGCGTGTGGGGGGACTTGGGACAGTACTTCGGGCCG"	"CSVWGDLGQYF"	"ACTCTGACTGTGAGCAACATGAGCCCTGAAGACAGCAGCATATATCTCTGCAGCGTGTGGGGGGACTTGGGACAGTACTTCGGGCCG"	"CSVWGDLGQYF"	"TCRBV29-1*1"	"TCRBD2-1"	"TCRBJ2-7*1"	56	61	67	72	5	5	NA	NA	"ACTCTGACTGTGAGCAACATGAGCCCTGAAGACAGCAGCATATATCTCTGCAGCGTGTGGGGGGACTTGGGACAGTACTTCGGGCCG"	FALSE	TRUE	NA	NA	NA	NA
"TGGAGCTGGGGGACTCAGCTTTGTATTTCTGTGCCAGCACCCCCTTTTGAGCGGGAGTTCAACACCGGGGAGCTGTTTTTTGGAGAA"	""	"TGGAGCTGGGGGACTCAGCTTTGTATTTCTGTGCCAGCACCCCCTTTTGAGCGGGAGTTCAACACCGGGGAGCTGTTTTTTGGAGAA"	""	"TCRBV9-1*1"	"TCRBD2-1*2"	"TCRBJ2-2*1"	39	49	57	60	10	3	NA	NA	"TGGAGCTGGGGGACTCAGCTTTGTATTTCTGTGCCAGCACCCCCTTTTGAGCGGGAGTTCAACACCGGGGAGCTGTTTTTTGGAGAA"	FALSE	FALSE	NA	NA	NA	NA
"CACCTTGGAGCTGGGGGACTCGGCCCTTTATCTTTGCGCCAGCACCCTTTGACAGGGCCTAGCACAGATACGCAGTATTTTGGCCCA"	""	"CACCTTGGAGCTGGGGGACTCGGCCCTTTATCTTTGCGCCAGCACCCTTTGACAGGGCCTAGCACAGATACGCAGTATTTTGGCCCA"	""	"TCRBV5-1*1"	"TCRBD1-1*1"	"TCRBJ2-3*1"	44	50	57	60	6	3	NA	NA	"CACCTTGGAGCTGGGGGACTCGGCCCTTTATCTTTGCGCCAGCACCCTTTGACAGGGCCTAGCACAGATACGCAGTATTTTGGCCCA"	FALSE	FALSE	NA	NA	NA	NA
"ATCCAGCCCTCAGAACCCAGGGACTCAGCTGTGTACTTCTGTGCCAGCAGTTTTATTGCGGGTCACGGGGAGCTGTTTTTTGGAGAA"	"CASSFIAGHGELFF"	"ATCCAGCCCTCAGAACCCAGGGACTCAGCTGTGTACTTCTGTGCCAGCAGTTTTATTGCGGGTCACGGGGAGCTGTTTTTTGGAGAA"	"CASSFIAGHGELFF"	NA	"TCRBD2-1"	"TCRBJ2-2*1"	53	57	62	65	4	3	NA	NA	"ATCCAGCCCTCAGAACCCAGGGACTCAGCTGTGTACTTCTGTGCCAGCAGTTTTATTGCGGGTCACGGGGAGCTGTTTTTTGGAGAA"	FALSE	TRUE	NA	NA	NA	NA
"GTGAACGCCTTGGAGCTGGACGACTCGGCCCTGTATCTCTGTGCCAGCAGCTCCGACAGTGCCACAGATACGCAGTATTTTGGCCCA"	"CASSSDSATDTQYF"	"GTGAACGCCTTGGAGCTGGACGACTCGGCCCTGTATCTCTGTGCCAGCAGCTCCGACAGTGCCACAGATACGCAGTATTTTGGCCCA"	"CASSSDSATDTQYF"	"TCRBV5-4*1"	"TCRBD1-1*1"	"TCRBJ2-3*1"	52	54	59	62	2	3	NA	NA	"GTGAACGCCTTGGAGCTGGACGACTCGGCCCTGTATCTCTGTGCCAGCAGCTCCGACAGTGCCACAGATACGCAGTATTTTGGCCCA"	FALSE	TRUE	NA	NA	NA	NA
"TCTGCTGCCTCCTCCCAGACATCTGTATATTTCTGCGCCAGCAGCCCGAGTGGACAGGGACCTAACAATGAGCAGTTCTTCGGGCCA"	"CASSPSGQGPNNEQFF"	"TCTGCTGCCTCCTCCCAGACATCTGTATATTTCTGCGCCAGCAGCCCGAGTGGACAGGGACCTAACAATGAGCAGTTCTTCGGGCCA"	"CASSPSGQGPNNEQFF"	"TCRBV1-1"	"TCRBD1-1*1"	"TCRBJ2-1*1"	44	51	59	64	7	5	NA	NA	"TCTGCTGCCTCCTCCCAGACATCTGTATATTTCTGCGCCAGCAGCCCGAGTGGACAGGGACCTAACAATGAGCAGTTCTTCGGGCCA"	FALSE	TRUE	NA	NA	NA	NA
"AATGTGAGTGCCTTGGAGCTGGGGGACTCGGCCCTGTATCTCTGTGCCAGAAGCTTGGTTCCAGCCTATGGCTACACCTTCGGTTCG"	"CARSLVPAYGYTF"	"AATGTGAGTGCCTTGGAGCTGGGGGACTCGGCCCTGTATCTCTGTGCCAGAAGCTTGGTTCCAGCCTATGGCTACACCTTCGGTTCG"	"CARSLVPAYGYTF"	"TCRBV5-3"	NA	"TCRBJ1-2*1"	58	61	64	65	3	1	NA	NA	"AATGTGAGTGCCTTGGAGCTGGGGGACTCGGCCCTGTATCTCTGTGCCAGAAGCTTGGTTCCAGCCTATGGCTACACCTTCGGTTCG"	FALSE	TRUE	NA	NA	NA	NA
"ATTCCCTGGAGCTTGGTGACTCTGCTGTGTATTTCTGTGCCAGCAGCCAAGAGGTAGGGGGACACCGGGGAGCTGTTTTTTGGAGAA"	""	"ATTCCCTGGAGCTTGGTGACTCTGCTGTGTATTTCTGTGCCAGCAGCCAAGAGGTAGGGGGACACCGGGGAGCTGTTTTTTGGAGAA"	""	"TCRBV3-1/3-2*1"	"TCRBD1-1*1"	"TCRBJ2-2*1"	52	55	-1	61	3	62	NA	NA	"ATTCCCTGGAGCTTGGTGACTCTGCTGTGTATTTCTGTGCCAGCAGCCAAGAGGTAGGGGGACACCGGGGAGCTGTTTTTTGGAGAA"	FALSE	FALSE	NA	NA	NA	NA
"AGAGTCTGCCATCCCCAACCAGACAGCTCTTTACTTCTGTGCCACCAGTGATTCAAGCCCACTAATGAAAAACTGTTTTTTGGCAGT"	""	"AGAGTCTGCCATCCCCAACCAGACAGCTCTTTACTTCTGTGCCACCAGTGATTCAAGCCCACTAATGAAAAACTGTTTTTTGGCAGT"	""	"TCRBV24-1*1"	"TCRBD2-1"	"TCRBJ1-4*1"	53	55	58	60	2	2	NA	NA	"AGAGTCTGCCATCCCCAACCAGACAGCTCTTTACTTCTGTGCCACCAGTGATTCAAGCCCACTAATGAAAAACTGTTTTTTGGCAGT"	FALSE	FALSE	NA	NA	NA	NA
"GTGAACGCCTTGGAGCTGGACGACTCGGCCCTGTATCTCTGTGCCAGCAGCTTAGGCCCGAGCTCCTACGAGCAGTACTTCGGGCCG"	"CASSLGPSSYEQYF"	"GTGAACGCCTTGGAGCTGGACGACTCGGCCCTGTATCTCTGTGCCAGCAGCTTAGGCCCGAGCTCCTACGAGCAGTACTTCGGGCCG"	"CASSLGPSSYEQYF"	"TCRBV5-4*1"	NA	"TCRBJ2-7*1"	-1	53	56	62	54	6	NA	NA	"GTGAACGCCTTGGAGCTGGACGACTCGGCCCTGTATCTCTGTGCCAGCAGCTTAGGCCCGAGCTCCTACGAGCAGTACTTCGGGCCG"	FALSE	TRUE	NA	NA	NA	NA
"AATGTGAACGCCTTGTTGCTGGGGGACTCGGCCCTGTATCTCTGTGCCAGCAGCTTGTTTGAAAACTACGAGCAGTACTTCGGGCCG"	"CASSLFENYEQYF"	"AATGTGAACGCCTTGTTGCTGGGGGACTCGGCCCTGTATCTCTGTGCCAGCAGCTTGTTTGAAAACTACGAGCAGTACTTCGGGCCG"	"CASSLFENYEQYF"	"TCRBV5-5*1"	NA	"TCRBJ2-7*1"	57	60	62	65	3	3	NA	NA	"AATGTGAACGCCTTGTTGCTGGGGGACTCGGCCCTGTATCTCTGTGCCAGCAGCTTGTTTGAAAACTACGAGCAGTACTTCGGGCCG"	FALSE	TRUE	NA	NA	NA	NA
"GACTCGGCCCTCTATCTCTGTGCCAGCAGCCTGGATTCGGGCGTTTACCGGTCCAAACCGAGGAACACTGAAGCTTTCTTTGGACAA"	"CASSLDSGVYRSKPRNTEAFF"	"GACTCGGCCCTCTATCTCTGTGCCAGCAGCCTGGATTCGGGCGTTTACCGGTCCAAACCGAGGAACACTGAAGCTTTCTTTGGACAA"	"CASSLDSGVYRSKPRNTEAFF"	NA	NA	"TCRBJ1-1*1"	34	38	42	62	4	20	NA	NA	"GACTCGGCCCTCTATCTCTGTGCCAGCAGCCTGGATTCGGGCGTTTACCGGTCCAAACCGAGGAACACTGAAGCTTTCTTTGGACAA"	FALSE	TRUE	NA	NA	NA	NA
"AGATCCAGCGCACAGAGCGGGGGGACTCAGCCGTGTATCTCTGTGCCAGCAGCTTAACGAGGGGACAATGAGCAGTTCTTCGGGCCA"	""	"AGATCCAGCGCACAGAGCGGGGGGACTCAGCCGTGTATCTCTGTGCCAGCAGCTTAACGAGGGGACAATGAGCAGTTCTTCGGGCCA"	""	"TCRBV7-3*1"	NA	"TCRBJ2-1*1"	58	59	-1	64	1	65	NA	NA	"AGATCCAGCGCACAGAGCGGGGGGACTCAGCCGTGTATCTCTGTGCCAGCAGCTTAACGAGGGGACAATGAGCAGTTCTTCGGGCCA"	FALSE	FALSE	NA	NA	NA	NA
"AGCTCTCTGGAGCTGGGGGACTCAGCTTTGTATTTCTGTGCCAGCAGCTCAATAGACAGGGGTAATTCACCCCTCCACTTTGGGAAT"	"CASSSIDRGNSPLHF"	"AGCTCTCTGGAGCTGGGGGACTCAGCTTTGTATTTCTGTGCCAGCAGCTCAATAGACAGGGGTAATTCACCCCTCCACTTTGGGAAT"	"CASSSIDRGNSPLHF"	"TCRBV9-1*1"	"TCRBD1-1*1"	"TCRBJ1-6*1"	48	54	-1	62	6	63	NA	NA	"AGCTCTCTGGAGCTGGGGGACTCAGCTTTGTATTTCTGTGCCAGCAGCTCAATAGACAGGGGTAATTCACCCCTCCACTTTGGGAAT"	FALSE	TRUE	NA	NA	NA	NA
"GCCTTGTTGCTGGGGGACTCGGCCCTCTATCTCTGTGCCAGCAGCTCAAGCTTAGGGGCCCGTTACAATGAGCAGTTCTTCGGGCCA"	"CASSSSLGARYNEQFF"	"GCCTTGTTGCTGGGGGACTCGGCCCTCTATCTCTGTGCCAGCAGCTCAAGCTTAGGGGCCCGTTACAATGAGCAGTTCTTCGGGCCA"	"CASSSSLGARYNEQFF"	"TCRBV5-6*1"	"TCRBD1-1*1"	"TCRBJ2-1*1"	46	53	58	63	7	5	NA	NA	"GCCTTGTTGCTGGGGGACTCGGCCCTCTATCTCTGTGCCAGCAGCTCAAGCTTAGGGGCCCGTTACAATGAGCAGTTCTTCGGGCCA"	FALSE	TRUE	NA	NA	NA	NA
"TGCTCCCTCCCAGACATCTGTGTACTTGTGTGCCAGCACCCCCCTGGGACTAGCGGGAGTTGCACAGATACGCAGTATTTTGGCCCA"	""	"TGCTCCCTCCCAGACATCTGTGTACTTGTGTGCCAGCACCCCCCTGGGACTAGCGGGAGTTGCACAGATACGCAGTATTTTGGCCCA"	""	"TCRBV6-8*1"	"TCRBD2-1*2"	"TCRBJ2-3*1"	38	45	59	61	7	2	NA	NA	"TGCTCCCTCCCAGACATCTGTGTACTTGTGTGCCAGCACCCCCCTGGGACTAGCGGGAGTTGCACAGATACGCAGTATTTTGGCCCA"	FALSE	FALSE	NA	NA	NA	NA
"CAGCGCACAGAGCAGGAGGACTCGGCCGTGTATCTCTGTGCCAGCAGCTTAATGGGAGGGCCAAGGTACGAGCAGTACTTCGGGCCG"	"CASSLMGGPRYEQYF"	"CAGCGCACAGAGCAGGAGGACTCGGCCGTGTATCTCTGTGCCAGCAGCTTAATGGGAGGGCCAAGGTACGAGCAGTACTTCGGGCCG"	"CASSLMGGPRYEQYF"	"TCRBV7-2"	"TCRBD2-1*2"	"TCRBJ2-7*1"	51	53	60	66	2	6	NA	NA	"CAGCGCACAGAGCAGGAGGACTCGGCCGTGTATCTCTGTGCCAGCAGCTTAATGGGAGGGCCAAGGTACGAGCAGTACTTCGGGCCG"	FALSE	TRUE	NA	NA	NA	NA
"AACGCCTTGGAGCTGGACGACTCGGCCCTGTATCTCTGTGCCAGCAGCTTGGACAGGGGAGTAACAGATACGCAGTATTTTGGCCCA"	"CASSLDRGVTDTQYF"	"AACGCCTTGGAGCTGGACGACTCGGCCCTGTATCTCTGTGCCAGCAGCTTGGACAGGGGAGTAACAGATACGCAGTATTTTGGCCCA"	"CASSLDRGVTDTQYF"	"TCRBV5-4*1"	"TCRBD1-1*1"	"TCRBJ2-3*1"	-1	52	59	63	53	4	NA	NA	"AACGCCTTGGAGCTGGACGACTCGGCCCTGTATCTCTGTGCCAGCAGCTTGGACAGGGGAGTAACAGATACGCAGTATTTTGGCCCA"	FALSE	TRUE	NA	NA	NA	NA
"NNNNNNNNNNNNNTGTCGGCTGCTCCCTCCCAAACATCTGTGTACTTCTGTGCCAGCACCAGAAAAGAGACCCAGTACTTCGGGCCA"	"CASTRKETQYF"	"NNNNNNNNNNNNNTGTCGGCTGCTCCCTCCCAAACATCTGTGTACTTCTGTGCCAGCACCAGAAAAGAGACCCAGTACTTCGGGCCA"	"CASTRKETQYF"	NA	"TCRBD1-1*1"	"TCRBJ2-5*1"	58	59	62	64	1	2	NA	NA	"NNNNNNNNNNNNNTGTCGGCTGCTCCCTCCCAAACATCTGTGTACTTCTGTGCCAGCACCAGAAAAGAGACCCAGTACTTCGGGCCA"	FALSE	TRUE	NA	NA	NA	NA
"TCTCTGGAGCTGGGGGACTCAGCTTTGTATTTCTGTGCCAGCAGCGTAGACAGGGGATGGGGTAATGAAAAACTGTTTTTTGGCAGT"	"CASSVDRGWGNEKLFF"	"TCTCTGGAGCTGGGGGACTCAGCTTTGTATTTCTGTGCCAGCAGCGTAGACAGGGGATGGGGTAATGAAAAACTGTTTTTTGGCAGT"	"CASSVDRGWGNEKLFF"	"TCRBV9-1*1"	"TCRBD1-1*1"	"TCRBJ1-4*1"	-1	49	56	62	50	6	NA	NA	"TCTCTGGAGCTGGGGGACTCAGCTTTGTATTTCTGTGCCAGCAGCGTAGACAGGGGATGGGGTAATGAAAAACTGTTTTTTGGCAGT"	FALSE	TRUE	NA	NA	NA	NA
"CTGGAGTCCGCCAGCACCAACCAGACATCTATGTACCTCTGTGCCAGCAGGTTCAGGGCGAACACCGGGGAGCTGTTTTTTGGAGAA"	"CASRFRANTGELFF"	"CTGGAGTCCGCCAGCACCAACCAGACATCTATGTACCTCTGTGCCAGCAGGTTCAGGGCGAACACCGGGGAGCTGTTTTTTGGAGAA"	"CASRFRANTGELFF"	"TCRBV28-1*1"	"TCRBD1-1*1"	"TCRBJ2-2*1"	50	53	-1	58	3	59	NA	NA	"CTGGAGTCCGCCAGCACCAACCAGACATCTATGTACCTCTGTGCCAGCAGGTTCAGGGCGAACACCGGGGAGCTGTTTTTTGGAGAA"	FALSE	TRUE	NA	NA	NA	NA
"AAGATCCGGTCCACAAAGCTGGAGGACTCAGCCATGTACTTCTGTGCCAGCAGTTCCAGGGGCTGGACTGAAGCTTTCTTTGGACAA"	"CASSSRGWTEAFF"	"AAGATCCGGTCCACAAAGCTGGAGGACTCAGCCATGTACTTCTGTGCCAGCAGTTCCAGGGGCTGGACTGAAGCTTTCTTTGGACAA"	"CASSSRGWTEAFF"	"TCRBV2-1"	"TCRBD1-1*1"	"TCRBJ1-1*1"	54	56	62	66	2	4	NA	NA	"AAGATCCGGTCCACAAAGCTGGAGGACTCAGCCATGTACTTCTGTGCCAGCAGTTCCAGGGGCTGGACTGAAGCTTTCTTTGGACAA"	FALSE	TRUE	NA	NA	NA	NA
"CTACACGCCCTGCAGCCAGAAGACTCAGCCCTGTATCTCTGCGCCAGCAGCCAAGATGCAGGGCCCTACGAGCAGTACTTCGGGCCG"	"CASSQDAGPYEQYF"	"CTACACGCCCTGCAGCCAGAAGACTCAGCCCTGTATCTCTGCGCCAGCAGCCAAGATGCAGGGCCCTACGAGCAGTACTTCGGGCCG"	"CASSQDAGPYEQYF"	"TCRBV4-1*1"	"TCRBD1-1*1"	"TCRBJ2-7*1"	56	58	63	64	2	1	NA	NA	"CTACACGCCCTGCAGCCAGAAGACTCAGCCCTGTATCTCTGCGCCAGCAGCCAAGATGCAGGGCCCTACGAGCAGTACTTCGGGCCG"	FALSE	TRUE	NA	NA	NA	NA
"ACCAGTGCCCATCCTGAAGACAGCAGCTTCTACATCTGCAGTGCTAGAGGACTAGCGGGAAACACCGGGGAGCTGTTTTTTGGAGAA"	"CSARGLAGNTGELFF"	"ACCAGTGCCCATCCTGAAGACAGCAGCTTCTACATCTGCAGTGCTAGAGGACTAGCGGGAAACACCGGGGAGCTGTTTTTTGGAGAA"	"CSARGLAGNTGELFF"	NA	"TCRBD2-1*2"	"TCRBJ2-2*1"	-1	49	-1	60	50	61	NA	NA	"ACCAGTGCCCATCCTGAAGACAGCAGCTTCTACATCTGCAGTGCTAGAGGACTAGCGGGAAACACCGGGGAGCTGTTTTTTGGAGAA"	FALSE	TRUE	NA	NA	NA	NA
"CCTGATCCTGGAGTCGCCCAGCCCCAACCAGACTTCTCTGTACTTCTGTGCCAGCAGTGCCTCTCCTACGAGCAGTACTTCGGGCCG"	""	"CCTGATCCTGGAGTCGCCCAGCCCCAACCAGACTTCTCTGTACTTCTGTGCCAGCAGTGCCTCTCCTACGAGCAGTACTTCGGGCCG"	""	"TCRBV27-1*1"	NA	"TCRBJ2-7*1"	-1	58	60	62	59	2	NA	NA	"CCTGATCCTGGAGTCGCCCAGCCCCAACCAGACTTCTCTGTACTTCTGTGCCAGCAGTGCCTCTCCTACGAGCAGTACTTCGGGCCG"	FALSE	FALSE	NA	NA	NA	NA
"CATCGGCCCAAAAGAACCCGACAGCTTTCTATCTCTGTGCCAGTAGTCCTAAGACTAGCGGCTACTTACGAGCAGTACTTCGGGCCG"	""	"CATCGGCCCAAAAGAACCCGACAGCTTTCTATCTCTGTGCCAGTAGTCCTAAGACTAGCGGCTACTTACGAGCAGTACTTCGGGCCG"	""	"TCRBV19-1*1"	"TCRBD2-1"	"TCRBJ2-7*1"	47	52	61	66	5	5	NA	NA	"CATCGGCCCAAAAGAACCCGACAGCTTTCTATCTCTGTGCCAGTAGTCCTAAGACTAGCGGCTACTTACGAGCAGTACTTCGGGCCG"	FALSE	FALSE	NA	NA	NA	NA
"GCTCTCTGGAGCTGGGGGACTCAGCTTTGTATTTCTGTGCCAGATAACCCGCGGCTAAGCTCTGGAAACACCATATATTTTGGAGAG"	""	"GCTCTCTGGAGCTGGGGGACTCAGCTTTGTATTTCTGTGCCAGATAACCCGCGGCTAAGCTCTGGAAACACCATATATTTTGGAGAG"	""	"TCRBV9-1*1"	"TCRBD2-1"	"TCRBJ1-3*1"	43	50	54	59	7	5	NA	NA	"GCTCTCTGGAGCTGGGGGACTCAGCTTTGTATTTCTGTGCCAGATAACCCGCGGCTAAGCTCTGGAAACACCATATATTTTGGAGAG"	FALSE	FALSE	NA	NA	NA	NA
"CAGCGCACAGAGCAGCGGGACTCGGCCATGTATCGCTGTGCCAGCAGCTGAAGGACAGGGGGAGGCGACGAGCAGTACTTCGGGCCG"	"CASS*RTGGGDEQYF"	"CAGCGCACAGAGCAGCGGGACTCGGCCATGTATCGCTGTGCCAGCAGCTGAAGGACAGGGGGAGGCGACGAGCAGTACTTCGGGCCG"	"CASS*RTGGGDEQYF"	"TCRBV7-6*1"	"TCRBD1-1*1"	"TCRBJ2-7*1"	49	52	62	67	3	5	NA	NA	"CAGCGCACAGAGCAGCGGGACTCGGCCATGTATCGCTGTGCCAGCAGCTGAAGGACAGGGGGAGGCGACGAGCAGTACTTCGGGCCG"	FALSE	TRUE	NA	NA	NA	NA
"ACCAGTGCCCATCCTGAAGACAGCAGCTTCTACATCTGCAGTGCTAGACAGCTAGCGGGAGCCTACTACGAGCAGTACTTCGGGCCG"	"CSARQLAGAYYEQYF"	"ACCAGTGCCCATCCTGAAGACAGCAGCTTCTACATCTGCAGTGCTAGACAGCTAGCGGGAGCCTACTACGAGCAGTACTTCGGGCCG"	"CSARQLAGAYYEQYF"	NA	"TCRBD2-1*2"	"TCRBJ2-7*1"	48	51	61	65	3	4	NA	NA	"ACCAGTGCCCATCCTGAAGACAGCAGCTTCTACATCTGCAGTGCTAGACAGCTAGCGGGAGCCTACTACGAGCAGTACTTCGGGCCG"	FALSE	TRUE	NA	NA	NA	NA
"ACCAGTGCCCATCCTGAAGACAGCAGCTTCTACATCTGCAGTGCTAGCTGGCGGGTTAGCGGGATAGAGACCCAGTACTTCGGGCCA"	"CSASWRVSGIETQYF"	"ACCAGTGCCCATCCTGAAGACAGCAGCTTCTACATCTGCAGTGCTAGCTGGCGGGTTAGCGGGATAGAGACCCAGTACTTCGGGCCA"	"CSASWRVSGIETQYF"	NA	"TCRBD2-1*2"	"TCRBJ2-5*1"	47	56	64	65	9	1	NA	NA	"ACCAGTGCCCATCCTGAAGACAGCAGCTTCTACATCTGCAGTGCTAGCTGGCGGGTTAGCGGGATAGAGACCCAGTACTTCGGGCCA"	FALSE	TRUE	NA	NA	NA	NA
"NTGTCGGCTGCTCCCTCCCAAACATCTGTGTACTTCTGTGCCAGCAGTTACGGGACAGGGAGACGGCAGCCCCAGCATTTTGGTGAT"	"CASSYGTGRRQPQHF"	"NTGTCGGCTGCTCCCTCCCAAACATCTGTGTACTTCTGTGCCAGCAGTTACGGGACAGGGAGACGGCAGCCCCAGCATTTTGGTGAT"	"CASSYGTGRRQPQHF"	"TCRBV6-2/6-3*1"	"TCRBD1-1*1"	"TCRBJ1-5*1"	-1	51	60	66	52	6	NA	NA	"NTGTCGGCTGCTCCCTCCCAAACATCTGTGTACTTCTGTGCCAGCAGTTACGGGACAGGGAGACGGCAGCCCCAGCATTTTGGTGAT"	FALSE	TRUE	NA	NA	NA	NA
"CTGGAGTCGCCCAGCCCCAACCAGACCTCTCTGTACTTCTGTGCCAGCTCCCCCCTGGGGAGCAATCAGCCCCAGCATTTTGGTGAT"	"CASSPLGSNQPQHF"	"CTGGAGTCGCCCAGCCCCAACCAGACCTCTCTGTACTTCTGTGCCAGCTCCCCCCTGGGGAGCAATCAGCCCCAGCATTTTGGTGAT"	"CASSPLGSNQPQHF"	"TCRBV27-1*1"	NA	"TCRBJ1-5*1"	48	56	-1	60	8	61	NA	NA	"CTGGAGTCGCCCAGCCCCAACCAGACCTCTCTGTACTTCTGTGCCAGCTCCCCCCTGGGGAGCAATCAGCCCCAGCATTTTGGTGAT"	FALSE	TRUE	NA	NA	NA	NA
"TCAGCTACCCGCTCCCAGACATCTGTGTATTTCTGCGCCAGCAGTGGCCGAGCAGGGAATTTGAACACTGAAGCTTTCTTTGGACAA"	"CASSGRAGNLNTEAFF"	"TCAGCTACCCGCTCCCAGACATCTGTGTATTTCTGCGCCAGCAGTGGCCGAGCAGGGAATTTGAACACTGAAGCTTTCTTTGGACAA"	"CASSGRAGNLNTEAFF"	"TCRBV1-2*1"	"TCRBD1-1*1"	"TCRBJ1-1*1"	46	52	57	61	6	4	NA	NA	"TCAGCTACCCGCTCCCAGACATCTGTGTATTTCTGCGCCAGCAGTGGCCGAGCAGGGAATTTGAACACTGAAGCTTTCTTTGGACAA"	FALSE	TRUE	NA	NA	NA	NA
"CCTGCAAAGCTTGAGGACTCGGCCGTGTATCTCTGTGCCAGCAGCTTAGTCTCCGGGGCTGGGGCCAACGTCCTGACTTTCGGGGCC"	"CASSLVSGAGANVLTF"	"CCTGCAAAGCTTGAGGACTCGGCCGTGTATCTCTGTGCCAGCAGCTTAGTCTCCGGGGCTGGGGCCAACGTCCTGACTTTCGGGGCC"	"CASSLVSGAGANVLTF"	"TCRBV11-2"	"TCRBD2-1*1"	"TCRBJ2-6*1"	49	53	-1	58	4	59	NA	NA	"CCTGCAAAGCTTGAGGACTCGGCCGTGTATCTCTGTGCCAGCAGCTTAGTCTCCGGGGCTGGGGCCAACGTCCTGACTTTCGGGGCC"	FALSE	TRUE	NA	NA	NA	NA
"GTCCCTAGAGTCTGCCATCCCCAACCAGACAGCTCTTTACTTCTGTGCCACCAAGGGCAGGGCTTATGTGGCTACACCTTCGGTTCG"	""	"GTCCCTAGAGTCTGCCATCCCCAACCAGACAGCTCTTTACTTCTGTGCCACCAAGGGCAGGGCTTATGTGGCTACACCTTCGGTTCG"	""	"TCRBV24-1*1"	"TCRBD1-1*1"	"TCRBJ1-2*1"	53	57	62	68	4	6	NA	NA	"GTCCCTAGAGTCTGCCATCCCCAACCAGACAGCTCTTTACTTCTGTGCCACCAAGGGCAGGGCTTATGTGGCTACACCTTCGGTTCG"	FALSE	FALSE	NA	NA	NA	NA
"TGCAGAGCAGGGGGACTCGGCCGTGTATGTCTGTGCAAGTCGCCTTGAAACTAGCGGGAGGGCATAAATGAGCAGTTCTTCGGGCCA"	""	"TGCAGAGCAGGGGGACTCGGCCGTGTATGTCTGTGCAAGTCGCCTTGAAACTAGCGGGAGGGCATAAATGAGCAGTTCTTCGGGCCA"	""	"TCRBV12-2*1"	"TCRBD2-1*2"	"TCRBJ2-1*1"	43	49	62	66	6	4	NA	NA	"TGCAGAGCAGGGGGACTCGGCCGTGTATGTCTGTGCAAGTCGCCTTGAAACTAGCGGGAGGGCATAAATGAGCAGTTCTTCGGGCCA"	FALSE	FALSE	NA	NA	NA	NA
"CTCTGGAGTCCGCTACCAGCTCCCAGACATCTGTGTACTTCTGTGCCGCCCCTCGAGAGAGTTTTCTACGAGCAGTACTTCGGGCCG"	""	"CTCTGGAGTCCGCTACCAGCTCCCAGACATCTGTGTACTTCTGTGCCGCCCCTCGAGAGAGTTTTCTACGAGCAGTACTTCGGGCCG"	""	"TCRBV1-3*1"	"TCRBD2-1*2"	"TCRBJ2-7*1"	47	54	57	65	7	8	NA	NA	"CTCTGGAGTCCGCTACCAGCTCCCAGACATCTGTGTACTTCTGTGCCGCCCCTCGAGAGAGTTTTCTACGAGCAGTACTTCGGGCCG"	FALSE	FALSE	NA	NA	NA	NA
"TCTGAAGATCCAGCGCACAGAGCGGGGGGACTCAGCCGTGTATCTCTGTGCCAGCAGCTCCGTAATCAGCCCCAGCATTTTGGTGAT"	""	"TCTGAAGATCCAGCGCACAGAGCGGGGGGACTCAGCCGTGTATCTCTGTGCCAGCAGCTCCGTAATCAGCCCCAGCATTTTGGTGAT"	""	"TCRBV7-3*1"	"TCRBD2-1"	"TCRBJ1-5*1"	59	60	62	63	1	1	NA	NA	"TCTGAAGATCCAGCGCACAGAGCGGGGGGACTCAGCCGTGTATCTCTGTGCCAGCAGCTCCGTAATCAGCCCCAGCATTTTGGTGAT"	FALSE	FALSE	NA	NA	NA	NA
"GCACAGAGCGGGGGGACTCAGCCGTGTATCTCTGTGCCAGCAGCCACCGACCCCCTAGCGGGAGGCTACGAGCAGTACTTCGGGCCG"	""	"GCACAGAGCGGGGGGACTCAGCCGTGTATCTCTGTGCCAGCAGCCACCGACCCCCTAGCGGGAGGCTACGAGCAGTACTTCGGGCCG"	""	"TCRBV7-3*1"	"TCRBD2-1*2"	"TCRBJ2-7*1"	44	54	-1	65	10	66	NA	NA	"GCACAGAGCGGGGGGACTCAGCCGTGTATCTCTGTGCCAGCAGCCACCGACCCCCTAGCGGGAGGCTACGAGCAGTACTTCGGGCCG"	FALSE	FALSE	NA	NA	NA	NA
"TCGGCCCAAAAGAACCCGACAGCTTTCTATCTCTGTGCCAGTAGTATAGATCTTGGAACAGGGAGTCAGCCCCAGCATTTTGGTGAT"	"CASSIDLGTGSQPQHF"	"TCGGCCCAAAAGAACCCGACAGCTTTCTATCTCTGTGCCAGTAGTATAGATCTTGGAACAGGGAGTCAGCCCCAGCATTTTGGTGAT"	"CASSIDLGTGSQPQHF"	"TCRBV19-1*1"	"TCRBD1-1*1"	"TCRBJ1-5*1"	50	57	63	65	7	2	NA	NA	"TCGGCCCAAAAGAACCCGACAGCTTTCTATCTCTGTGCCAGTAGTATAGATCTTGGAACAGGGAGTCAGCCCCAGCATTTTGGTGAT"	FALSE	TRUE	NA	NA	NA	NA
"GTGAGCACCTTGGAGCTGGGGGACTCGGCCCTTTATCTTTGCGCCAGCAGCTTCGGCAGGGGAGGATACGAGCAGTACTTCGGGCCG"	"CASSFGRGGYEQYF"	"GTGAGCACCTTGGAGCTGGGGGACTCGGCCCTTTATCTTTGCGCCAGCAGCTTCGGCAGGGGAGGATACGAGCAGTACTTCGGGCCG"	"CASSFGRGGYEQYF"	"TCRBV5-1*1"	NA	"TCRBJ2-7*1"	53	56	62	66	3	4	NA	NA	"GTGAGCACCTTGGAGCTGGGGGACTCGGCCCTTTATCTTTGCGCCAGCAGCTTCGGCAGGGGAGGATACGAGCAGTACTTCGGGCCG"	FALSE	TRUE	NA	NA	NA	NA
"AAGCTTGAGGACTCGGCCGTGTATCTCTGTGCCAGCAGCTTCCCGGCGGTCGGGACAGGGGGTCTGTACGAGCAGTACTTCGGGCCG"	"CASSFPAVGTGGLYEQYF"	"AAGCTTGAGGACTCGGCCGTGTATCTCTGTGCCAGCAGCTTCCCGGCGGTCGGGACAGGGGGTCTGTACGAGCAGTACTTCGGGCCG"	"CASSFPAVGTGGLYEQYF"	"TCRBV11-2"	"TCRBD1-1*1"	"TCRBJ2-7*1"	41	51	62	66	10	4	NA	NA	"AAGCTTGAGGACTCGGCCGTGTATCTCTGTGCCAGCAGCTTCCCGGCGGTCGGGACAGGGGGTCTGTACGAGCAGTACTTCGGGCCG"	FALSE	TRUE	NA	NA	NA	NA
"TCCACAAAGCTGGAGGACTCAGCCATGTACTTCTGTGCCAGCACCCTTGACCTAGCGGGAGGTGCAGAGACCCAGTACTTCGGGCCA"	"CASTLDLAGGAETQYF"	"TCCACAAAGCTGGAGGACTCAGCCATGTACTTCTGTGCCAGCACCCTTGACCTAGCGGGAGGTGCAGAGACCCAGTACTTCGGGCCA"	"CASTLDLAGGAETQYF"	"TCRBV2-1"	"TCRBD2-1*2"	"TCRBJ2-5*1"	43	51	62	65	8	3	NA	NA	"TCCACAAAGCTGGAGGACTCAGCCATGTACTTCTGTGCCAGCACCCTTGACCTAGCGGGAGGTGCAGAGACCCAGTACTTCGGGCCA"	FALSE	TRUE	NA	NA	NA	NA
"GCTGCTCCCTCCCAGACATCTGTGTACTTCTGTGCCAGCAGTTACCCCGCGTCGGGCAGGGGAAAGAATGAGCAGTTCTTCGGGCCA"	"CASSYPASGRGKNEQFF"	"GCTGCTCCCTCCCAGACATCTGTGTACTTCTGTGCCAGCAGTTACCCCGCGTCGGGCAGGGGAAAGAATGAGCAGTTCTTCGGGCCA"	"CASSYPASGRGKNEQFF"	NA	"TCRBD1-1*1"	"TCRBJ2-1*1"	45	56	62	66	11	4	NA	NA	"GCTGCTCCCTCCCAGACATCTGTGTACTTCTGTGCCAGCAGTTACCCCGCGTCGGGCAGGGGAAAGAATGAGCAGTTCTTCGGGCCA"	FALSE	TRUE	NA	NA	NA	NA
"ACCAGTGCCCATCCTGAAGACAGCAGCTTCTACATCTGCAGTGCTACCCGGGACATTTCTAGCACAGATACGCAGTATTTTGGCCCA"	"CSATRDISSTDTQYF"	"ACCAGTGCCCATCCTGAAGACAGCAGCTTCTACATCTGCAGTGCTACCCGGGACATTTCTAGCACAGATACGCAGTATTTTGGCCCA"	"CSATRDISSTDTQYF"	NA	"TCRBD1-1*1"	"TCRBJ2-3*1"	46	49	55	60	3	5	NA	NA	"ACCAGTGCCCATCCTGAAGACAGCAGCTTCTACATCTGCAGTGCTACCCGGGACATTTCTAGCACAGATACGCAGTATTTTGGCCCA"	FALSE	TRUE	NA	NA	NA	NA
"GTGAACGCCTTGGAGCTGGACGACTCGGCCCTGTATCTCTGTGCCAGCAGCTTTGGTAGCGGCGACGATACGCAGTATTTTGGCCCA"	"CASSFGSGDDTQYF"	"GTGAACGCCTTGGAGCTGGACGACTCGGCCCTGTATCTCTGTGCCAGCAGCTTTGGTAGCGGCGACGATACGCAGTATTTTGGCCCA"	"CASSFGSGDDTQYF"	"TCRBV5-4*1"	"TCRBD2-1"	"TCRBJ2-3*1"	53	56	62	66	3	4	NA	NA	"GTGAACGCCTTGGAGCTGGACGACTCGGCCCTGTATCTCTGTGCCAGCAGCTTTGGTAGCGGCGACGATACGCAGTATTTTGGCCCA"	FALSE	TRUE	NA	NA	NA	NA
"CAGCCTGCAGAGCTTGGGGACTCGGCCGTGTATCTCTGTGCCAGCAGCCCCCGATGGCGGCCTAAAGAGACCCAGTACTTCGGGCCA"	"CASSPRWRPKETQYF"	"CAGCCTGCAGAGCTTGGGGACTCGGCCGTGTATCTCTGTGCCAGCAGCCCCCGATGGCGGCCTAAAGAGACCCAGTACTTCGGGCCA"	"CASSPRWRPKETQYF"	"TCRBV11-3*1"	"TCRBD2-1"	"TCRBJ2-5*1"	48	56	60	64	8	4	NA	NA	"CAGCCTGCAGAGCTTGGGGACTCGGCCGTGTATCTCTGTGCCAGCAGCCCCCGATGGCGGCCTAAAGAGACCCAGTACTTCGGGCCA"	FALSE	TRUE	NA	NA	NA	NA
"ACTGTGACATCGGCCCAAAAGAACCCGACAGCTTTCTATCTCTGTGCCACCAGGGGTAACATGGGCTATGGCTACACCTTCGGTTCG"	"CATRGNMGYGYTF"	"ACTGTGACATCGGCCCAAAAGAACCCGACAGCTTTCTATCTCTGTGCCACCAGGGGTAACATGGGCTATGGCTACACCTTCGGTTCG"	"CATRGNMGYGYTF"	"TCRBV19-1*1"	"TCRBD1-1*1"	"TCRBJ1-2*1"	49	50	56	65	1	9	NA	NA	"ACTGTGACATCGGCCCAAAAGAACCCGACAGCTTTCTATCTCTGTGCCACCAGGGGTAACATGGGCTATGGCTACACCTTCGGTTCG"	FALSE	TRUE	NA	NA	NA	NA
"GCCTGCAGAGCTTGGGGACTCGGCCGTGTATCTCTGTGCCAGCAGCTGATTTGCGGGCACTGGAAAAACATTCAGTACTTCGGCGCC"	""	"GCCTGCAGAGCTTGGGGACTCGGCCGTGTATCTCTGTGCCAGCAGCTGATTTGCGGGCACTGGAAAAACATTCAGTACTTCGGCGCC"	""	"TCRBV11-3*1"	"TCRBD2-1"	"TCRBJ2-4*1"	47	52	57	63	5	6	NA	NA	"GCCTGCAGAGCTTGGGGACTCGGCCGTGTATCTCTGTGCCAGCAGCTGATTTGCGGGCACTGGAAAAACATTCAGTACTTCGGCGCC"	FALSE	FALSE	NA	NA	NA	NA
"GACAGTGACCAGTGCCCATCCTGAAGACAGCAGCTTCTACATCTGCAGTGCTACGCGAACCTTAACACTGAAGCTTTCTTTGGACAA"	""	"GACAGTGACCAGTGCCCATCCTGAAGACAGCAGCTTCTACATCTGCAGTGCTACGCGAACCTTAACACTGAAGCTTTCTTTGGACAA"	""	NA	"TCRBD2-1"	"TCRBJ1-1*1"	53	54	57	63	1	6	NA	NA	"GACAGTGACCAGTGCCCATCCTGAAGACAGCAGCTTCTACATCTGCAGTGCTACGCGAACCTTAACACTGAAGCTTTCTTTGGACAA"	FALSE	FALSE	NA	NA	NA	NA
"CACCAGGCCTGGGGGACGCAGCCATGTACCTGTGTGCCACCAGCAGACTCCCAGACAGTAGTGAACACTGAAGCTTTCTTTGGACAA"	""	"CACCAGGCCTGGGGGACGCAGCCATGTACCTGTGTGCCACCAGCAGACTCCCAGACAGTAGTGAACACTGAAGCTTTCTTTGGACAA"	""	"TCRBV15-1*2"	"TCRBD1-1*1"	"TCRBJ1-1*1"	47	53	58	61	6	3	NA	NA	"CACCAGGCCTGGGGGACGCAGCCATGTACCTGTGTGCCACCAGCAGACTCCCAGACAGTAGTGAACACTGAAGCTTTCTTTGGACAA"	FALSE	FALSE	NA	NA	NA	NA
"GCCCATCCTGAAGACAGCAGCTTCTACATCTGCAGTGCTAGAGATTGGGCAGGGGGTATAATCTACACTGAAGCTTTCTTTGGACAA"	"CSARDWAGGIIYTEAFF"	"GCCCATCCTGAAGACAGCAGCTTCTACATCTGCAGTGCTAGAGATTGGGCAGGGGGTATAATCTACACTGAAGCTTTCTTTGGACAA"	"CSARDWAGGIIYTEAFF"	NA	"TCRBD1-1*1"	"TCRBJ1-1*1"	44	49	56	64	5	8	NA	NA	"GCCCATCCTGAAGACAGCAGCTTCTACATCTGCAGTGCTAGAGATTGGGCAGGGGGTATAATCTACACTGAAGCTTTCTTTGGACAA"	FALSE	TRUE	NA	NA	NA	NA
"ATCCAGCAGGTAGTGCGAGGAGATTCGGCAGCTTATTTCTGTGCCAGCTCACCTGTGAGGGGGAGGAACGAGCAGTACTTCGGGCCG"	"CASSPVRGRNEQYF"	"ATCCAGCAGGTAGTGCGAGGAGATTCGGCAGCTTATTTCTGTGCCAGCTCACCTGTGAGGGGGAGGAACGAGCAGTACTTCGGGCCG"	"CASSPVRGRNEQYF"	"TCRBV18-1*1"	NA	"TCRBJ2-7*1"	53	57	63	67	4	4	NA	NA	"ATCCAGCAGGTAGTGCGAGGAGATTCGGCAGCTTATTTCTGTGCCAGCTCACCTGTGAGGGGGAGGAACGAGCAGTACTTCGGGCCG"	FALSE	TRUE	NA	NA	NA	NA
"TGCAGAGCTTGGGGACTCGGCCGTGTATCTCTGTGCCAGCAGCTTAGATAGTGGGCAGGAACCTCCTACGAGCAGTACTTCGGGCCG"	""	"TGCAGAGCTTGGGGACTCGGCCGTGTATCTCTGTGCCAGCAGCTTAGATAGTGGGCAGGAACCTCCTACGAGCAGTACTTCGGGCCG"	""	"TCRBV11-3*1"	"TCRBD1-1*1"	"TCRBJ2-7*1"	48	55	59	62	7	3	NA	NA	"TGCAGAGCTTGGGGACTCGGCCGTGTATCTCTGTGCCAGCAGCTTAGATAGTGGGCAGGAACCTCCTACGAGCAGTACTTCGGGCCG"	FALSE	FALSE	NA	NA	NA	NA
"GTCTGCCATCCCCAACCAGACAGCTCTTTACTTCTGTGCCACCAGCACTCGGAGGGACCCTCTGGAAACACCATATATTTTGGAGAG"	""	"GTCTGCCATCCCCAACCAGACAGCTCTTTACTTCTGTGCCACCAGCACTCGGAGGGACCCTCTGGAAACACCATATATTTTGGAGAG"	""	"TCRBV24-1*1"	"TCRBD2-1*2"	"TCRBJ1-3*1"	45	50	56	59	5	3	NA	NA	"GTCTGCCATCCCCAACCAGACAGCTCTTTACTTCTGTGCCACCAGCACTCGGAGGGACCCTCTGGAAACACCATATATTTTGGAGAG"	FALSE	FALSE	NA	NA	NA	NA
"AGCTCTCTGGAGCTGGGGGACTCAGCTTTGTATTTCTGTGCCAGCAGCCCCGGGACCGGCGGCACAGATACGCAGTATTTTGGCCCA"	"CASSPGTGGTDTQYF"	"AGCTCTCTGGAGCTGGGGGACTCAGCTTTGTATTTCTGTGCCAGCAGCCCCGGGACCGGCGGCACAGATACGCAGTATTTTGGCCCA"	"CASSPGTGGTDTQYF"	"TCRBV9-1*1"	NA	"TCRBJ2-3*1"	48	51	56	61	3	5	NA	NA	"AGCTCTCTGGAGCTGGGGGACTCAGCTTTGTATTTCTGTGCCAGCAGCCCCGGGACCGGCGGCACAGATACGCAGTATTTTGGCCCA"	FALSE	TRUE	NA	NA	NA	NA
"CACGGAGTCAGGGGACACAGCACTGTATTTCTGTGCCAGCAGGCCGGGACTAGCGGGAGCAGCTCCTACGAGCAGTACTTCGGGCCG"	""	"CACGGAGTCAGGGGACACAGCACTGTATTTCTGTGCCAGCAGGCCGGGACTAGCGGGAGCAGCTCCTACGAGCAGTACTTCGGGCCG"	""	"TCRBV21-1*1"	"TCRBD2-1*2"	"TCRBJ2-7*1"	42	45	59	62	3	3	NA	NA	"CACGGAGTCAGGGGACACAGCACTGTATTTCTGTGCCAGCAGGCCGGGACTAGCGGGAGCAGCTCCTACGAGCAGTACTTCGGGCCG"	FALSE	FALSE	NA	NA	NA	NA
"GGCCCAAAAGAACCCGACAGCTTTCTATCTCTGTGCCAGTAGTATATTAGCGGGAGAATGCTATCGGACGAGCAGTACTTCGGGCCG"	""	"GGCCCAAAAGAACCCGACAGCTTTCTATCTCTGTGCCAGTAGTATATTAGCGGGAGAATGCTATCGGACGAGCAGTACTTCGGGCCG"	""	"TCRBV19-1*1"	"TCRBD2-1*2"	"TCRBJ2-7*1"	46	47	56	67	1	11	NA	NA	"GGCCCAAAAGAACCCGACAGCTTTCTATCTCTGTGCCAGTAGTATATTAGCGGGAGAATGCTATCGGACGAGCAGTACTTCGGGCCG"	FALSE	FALSE	NA	NA	NA	NA
"ACCAGTGCCCATCCTGAAGACAGCAGCTTCTACATCTGCAGTGCTAGAGCAGTCCCCGGGACAGGCAGCCAGCAGTACTTCGGGCCG"	"CSARAVPGTGSQQYF"	"ACCAGTGCCCATCCTGAAGACAGCAGCTTCTACATCTGCAGTGCTAGAGCAGTCCCCGGGACAGGCAGCCAGCAGTACTTCGGGCCG"	"CSARAVPGTGSQQYF"	NA	"TCRBD1-1*1"	"TCRBJ2-7*1"	49	57	65	70	8	5	NA	NA	"ACCAGTGCCCATCCTGAAGACAGCAGCTTCTACATCTGCAGTGCTAGAGCAGTCCCCGGGACAGGCAGCCAGCAGTACTTCGGGCCG"	FALSE	TRUE	NA	NA	NA	NA
"TCACATCAATTCCCTGGAGCTTGGTGACTCTGCTGTGTATTTCTGTGCCAGCAGCCAAGGGGGGCCCGGGGCTACACCTTCGGTTCG"	""	"TCACATCAATTCCCTGGAGCTTGGTGACTCTGCTGTGTATTTCTGTGCCAGCAGCCAAGGGGGGCCCGGGGCTACACCTTCGGTTCG"	""	"TCRBV3-1/3-2*1"	"TCRBD1-1*1"	"TCRBJ1-2*1"	-1	59	65	69	60	4	NA	NA	"TCACATCAATTCCCTGGAGCTTGGTGACTCTGCTGTGTATTTCTGTGCCAGCAGCCAAGGGGGGCCCGGGGCTACACCTTCGGTTCG"	FALSE	FALSE	NA	NA	NA	NA
"AGGATCCAGCAGGTAGTGCGAGGAGATTCGGCAGCTTATTTCTGTGCCAGCTCACCATTACCAGAAGGTGAGCAGTTCTTCGGGCCA"	"CASSPLPEGEQFF"	"AGGATCCAGCAGGTAGTGCGAGGAGATTCGGCAGCTTATTTCTGTGCCAGCTCACCATTACCAGAAGGTGAGCAGTTCTTCGGGCCA"	"CASSPLPEGEQFF"	"TCRBV18-1*1"	NA	"TCRBJ2-1*1"	57	61	64	68	4	4	NA	NA	"AGGATCCAGCAGGTAGTGCGAGGAGATTCGGCAGCTTATTTCTGTGCCAGCTCACCATTACCAGAAGGTGAGCAGTTCTTCGGGCCA"	FALSE	TRUE	NA	NA	NA	NA
"AACGCCTTGGAGCTGGACGACTCGGCCCTGTATCTCTGTGCCAGCACAGGGGCGCACAGCTCCTACAATGAGCAGTTCTTCGGGCCA"	"CASTGAHSSYNEQFF"	"AACGCCTTGGAGCTGGACGACTCGGCCCTGTATCTCTGTGCCAGCACAGGGGCGCACAGCTCCTACAATGAGCAGTTCTTCGGGCCA"	"CASTGAHSSYNEQFF"	"TCRBV5-4*1"	"TCRBD1-1*1"	"TCRBJ2-1*1"	-1	46	52	59	47	7	NA	NA	"AACGCCTTGGAGCTGGACGACTCGGCCCTGTATCTCTGTGCCAGCACAGGGGCGCACAGCTCCTACAATGAGCAGTTCTTCGGGCCA"	FALSE	TRUE	NA	NA	NA	NA
"GACTGTGAGCAACATGAGCCCTGAAGACAGCAGCATATATCTCTGCAGCTCAGGGGACAGGGTGGTGGTGATTGGCATTTTGGTGAT"	""	"GACTGTGAGCAACATGAGCCCTGAAGACAGCAGCATATATCTCTGCAGCTCAGGGGACAGGGTGGTGGTGATTGGCATTTTGGTGAT"	""	"TCRBV29-1"	"TCRBD1-1*1"	"TCRBJ1-5*1"	49	53	62	74	4	12	NA	NA	"GACTGTGAGCAACATGAGCCCTGAAGACAGCAGCATATATCTCTGCAGCTCAGGGGACAGGGTGGTGGTGATTGGCATTTTGGTGAT"	FALSE	FALSE	NA	NA	NA	NA
"ACAGTGACCAGTGCCCATCCTGAAGACAGCAGCTTCTACATCTGCAGTGCCCGCAGTGGACTAGATCACGAGCAGTACTTCGGGCCG"	"CSARSGLDHEQYF"	"ACAGTGACCAGTGCCCATCCTGAAGACAGCAGCTTCTACATCTGCAGTGCCCGCAGTGGACTAGATCACGAGCAGTACTTCGGGCCG"	"CSARSGLDHEQYF"	NA	"TCRBD2-1"	"TCRBJ2-7*1"	50	57	64	67	7	3	NA	NA	"ACAGTGACCAGTGCCCATCCTGAAGACAGCAGCTTCTACATCTGCAGTGCCCGCAGTGGACTAGATCACGAGCAGTACTTCGGGCCG"	FALSE	TRUE	NA	NA	NA	NA
"ACAGTGACCAGTGCCCATCCTGAAGACAGCAGCTTCTACATCTGCAGTGTCAGGGACAGGGCGAACTACGAGCAGTACTTCGGGCCG"	"CSVRDRANYEQYF"	"ACAGTGACCAGTGCCCATCCTGAAGACAGCAGCTTCTACATCTGCAGTGTCAGGGACAGGGCGAACTACGAGCAGTACTTCGGGCCG"	"CSVRDRANYEQYF"	NA	"TCRBD1-1*1"	"TCRBJ2-7*1"	49	52	61	65	3	4	NA	NA	"ACAGTGACCAGTGCCCATCCTGAAGACAGCAGCTTCTACATCTGCAGTGTCAGGGACAGGGCGAACTACGAGCAGTACTTCGGGCCG"	FALSE	TRUE	NA	NA	NA	NA
"GAGTCAGCTACCAGCTCCCAGACATCTGTGTACTTCTGTGCCATCAGCCCGGGACTAGCGGGAGTAGATACGCAGTATTTTGGCCCA"	"CAISPGLAGVDTQYF"	"GAGTCAGCTACCAGCTCCCAGACATCTGTGTACTTCTGTGCCATCAGCCCGGGACTAGCGGGAGTAGATACGCAGTATTTTGGCCCA"	"CAISPGLAGVDTQYF"	"TCRBV1-3*1"	"TCRBD2-1*2"	"TCRBJ2-3*1"	47	50	64	65	3	1	NA	NA	"GAGTCAGCTACCAGCTCCCAGACATCTGTGTACTTCTGTGCCATCAGCCCGGGACTAGCGGGAGTAGATACGCAGTATTTTGGCCCA"	FALSE	TRUE	NA	NA	NA	NA
"NTGAAGATCCAGCCCTCAGAACCCAGGGACTCAGCTGTGTACTTCTGTGCCAGCACAGGGGGCTTCTACGAGCAGTACTTCGGGCCG"	"CASTGGFYEQYF"	"NTGAAGATCCAGCCCTCAGAACCCAGGGACTCAGCTGTGTACTTCTGTGCCAGCACAGGGGGCTTCTACGAGCAGTACTTCGGGCCG"	"CASTGGFYEQYF"	"TCRBV12-3/12-4*1"	"TCRBD1-1*1"	"TCRBJ2-7*1"	-1	55	63	65	56	2	NA	NA	"NTGAAGATCCAGCCCTCAGAACCCAGGGACTCAGCTGTGTACTTCTGTGCCAGCACAGGGGGCTTCTACGAGCAGTACTTCGGGCCG"	FALSE	TRUE	NA	NA	NA	NA
"GTGAACGCCTTGGAGCTGGACGACTCGGCCCTGTATCTCTGTGCCAGCAGCTTATTGACAGGGTACAATGAGCAGTTCTTCGGGCCA"	"CASSLLTGYNEQFF"	"GTGAACGCCTTGGAGCTGGACGACTCGGCCCTGTATCTCTGTGCCAGCAGCTTATTGACAGGGTACAATGAGCAGTTCTTCGGGCCA"	"CASSLLTGYNEQFF"	"TCRBV5-4*1"	"TCRBD1-1*1"	"TCRBJ2-1*1"	53	56	-1	63	3	64	NA	NA	"GTGAACGCCTTGGAGCTGGACGACTCGGCCCTGTATCTCTGTGCCAGCAGCTTATTGACAGGGTACAATGAGCAGTTCTTCGGGCCA"	FALSE	TRUE	NA	NA	NA	NA
"AGCTCTCTCTTAAACCTTCACCTACACGCCCTGCAGCCAGAAGACTCAGCCCTGTATCTCTGCGCCAGCAGCCAAAGGGTGGGACAA"	"CASSQRV"	"AGCTCTCTCTTAAACCTTCACCTACACGCCCTGCAGCCAGAAGACTCAGCCCTGTATCTCTGCGCCAGCAGCCAAAGGGTGGGACAA"	"CASSQRV"	"TCRBV4-1*1"	NA	"TCRBJ1-1*1"	-1	75	79	81	76	2	NA	NA	"AGCTCTCTCTTAAACCTTCACCTACACGCCCTGCAGCCAGAAGACTCAGCCCTGTATCTCTGCGCCAGCAGCCAAAGGGTGGGACAA"	FALSE	TRUE	NA	NA	NA	NA
"GAGCTGGGGGACTCAGCCCTGTACTTCTGTGCCAGCAGCTTATTTTTACGTTCCCGGGAGGAGGACAATGAGCAGTTCTTCGGGCCA"	"CASSLFLRSREEDNEQFF"	"GAGCTGGGGGACTCAGCCCTGTACTTCTGTGCCAGCAGCTTATTTTTACGTTCCCGGGAGGAGGACAATGAGCAGTTCTTCGGGCCA"	"CASSLFLRSREEDNEQFF"	"TCRBV13-1*1"	"TCRBD2-1*2"	"TCRBJ2-1*1"	42	54	61	64	12	3	NA	NA	"GAGCTGGGGGACTCAGCCCTGTACTTCTGTGCCAGCAGCTTATTTTTACGTTCCCGGGAGGAGGACAATGAGCAGTTCTTCGGGCCA"	FALSE	TRUE	NA	NA	NA	NA
"GGGGACGCAGCCATGTACCTGTGTGCCACCAGCAGAGCCGCCGTCGGGCTAGCGGGAGCCGGGCGAGAGACCCAGTACTTCGGGCCA"	"CATSRAAVGLAGAGRETQYF"	"GGGGACGCAGCCATGTACCTGTGTGCCACCAGCAGAGCCGCCGTCGGGCTAGCGGGAGCCGGGCGAGAGACCCAGTACTTCGGGCCA"	"CATSRAAVGLAGAGRETQYF"	"TCRBV15-1*2"	"TCRBD2-1*2"	"TCRBJ2-5*1"	37	48	58	65	11	7	NA	NA	"GGGGACGCAGCCATGTACCTGTGTGCCACCAGCAGAGCCGCCGTCGGGCTAGCGGGAGCCGGGCGAGAGACCCAGTACTTCGGGCCA"	FALSE	TRUE	NA	NA	NA	NA
"CCAAAAGAACCCGACAGCTTTCTATCTCTGTGCCAGTAGTTCCCCCCTCCGGGACAGAGTACTAACTATGGCTACACCTTCGGTTCG"	""	"CCAAAAGAACCCGACAGCTTTCTATCTCTGTGCCAGTAGTTCCCCCCTCCGGGACAGAGTACTAACTATGGCTACACCTTCGGTTCG"	""	"TCRBV19-1*1"	"TCRBD1-1*1"	"TCRBJ1-2*1"	40	50	57	61	10	4	NA	NA	"CCAAAAGAACCCGACAGCTTTCTATCTCTGTGCCAGTAGTTCCCCCCTCCGGGACAGAGTACTAACTATGGCTACACCTTCGGTTCG"	FALSE	FALSE	NA	NA	NA	NA
"CTGCTGTACCCTCTCAGACATCTGTGTACTTCTGTGCCAGCAGTGACTCGGGGGACAGGGGCGAATTCACCCCTCCACTTTGGGAAT"	""	"CTGCTGTACCCTCTCAGACATCTGTGTACTTCTGTGCCAGCAGTGACTCGGGGGACAGGGGCGAATTCACCCCTCCACTTTGGGAAT"	""	"TCRBV6-4*1"	"TCRBD1-1*1"	"TCRBJ1-6*1"	49	51	61	63	2	2	NA	NA	"CTGCTGTACCCTCTCAGACATCTGTGTACTTCTGTGCCAGCAGTGACTCGGGGGACAGGGGCGAATTCACCCCTCCACTTTGGGAAT"	FALSE	FALSE	NA	NA	NA	NA
"ATCCAGCAGGTAGTGCGAGGAGATTCGGCAGCTTATTTCTGTGCCAGCTCACATATGGGACAGCTCTACGAGCAGTACTTCGGGCCG"	"CASSHMGQLYEQYF"	"ATCCAGCAGGTAGTGCGAGGAGATTCGGCAGCTTATTTCTGTGCCAGCTCACATATGGGACAGCTCTACGAGCAGTACTTCGGGCCG"	"CASSHMGQLYEQYF"	"TCRBV18-1*1"	"TCRBD1-1*1"	"TCRBJ2-7*1"	52	56	63	65	4	2	NA	NA	"ATCCAGCAGGTAGTGCGAGGAGATTCGGCAGCTTATTTCTGTGCCAGCTCACATATGGGACAGCTCTACGAGCAGTACTTCGGGCCG"	FALSE	TRUE	NA	NA	NA	NA
"ACTCTGACAGTGACCAGTGCCCATCCTGAAGACAGCAGCTTCTACATCTGCAGTGCGAGCACTGTTTACGAGCAGTACTTCGGGCCG"	"CSASTVYEQYF"	"ACTCTGACAGTGACCAGTGCCCATCCTGAAGACAGCAGCTTCTACATCTGCAGTGCGAGCACTGTTTACGAGCAGTACTTCGGGCCG"	"CSASTVYEQYF"	"TCRBV2-1"	"TCRBD2-1"	"TCRBJ2-7*1"	56	60	63	66	4	3	NA	NA	"ACTCTGACAGTGACCAGTGCCCATCCTGAAGACAGCAGCTTCTACATCTGCAGTGCGAGCACTGTTTACGAGCAGTACTTCGGGCCG"	FALSE	TRUE	NA	NA	NA	NA
"AATCTTCACATCAATTCCCTGGAGCTTGGTGACTCTGCTGTGTATTTCTGTGCCAGCAGCCAGGGGTACGAGCAGTACTTCGGGCCG"	"CASSQGYEQYF"	"AATCTTCACATCAATTCCCTGGAGCTTGGTGACTCTGCTGTGTATTTCTGTGCCAGCAGCCAGGGGTACGAGCAGTACTTCGGGCCG"	"CASSQGYEQYF"	"TCRBV3-1/3-2*1"	NA	"TCRBJ2-7*1"	-1	62	-1	66	63	67	NA	NA	"AATCTTCACATCAATTCCCTGGAGCTTGGTGACTCTGCTGTGTATTTCTGTGCCAGCAGCCAGGGGTACGAGCAGTACTTCGGGCCG"	FALSE	TRUE	NA	NA	NA	NA
"CAGCCTGCAAAGCTTGAGGACTCGGCCGTGTATCTCTGTGCCAGCAGCTTAGGGGGGAGCTCTGGAAACACCATATATTTTGGAGAG"	"CASSLGGSSGNTIYF"	"CAGCCTGCAAAGCTTGAGGACTCGGCCGTGTATCTCTGTGCCAGCAGCTTAGGGGGGAGCTCTGGAAACACCATATATTTTGGAGAG"	"CASSLGGSSGNTIYF"	"TCRBV11-2*1"	NA	"TCRBJ1-3*1"	-1	52	57	59	53	2	NA	NA	"CAGCCTGCAAAGCTTGAGGACTCGGCCGTGTATCTCTGTGCCAGCAGCTTAGGGGGGAGCTCTGGAAACACCATATATTTTGGAGAG"	FALSE	TRUE	NA	NA	NA	NA
"TCTGCCATCCCCAACCAGACAGCTCTTTACTTCTGTGCCACCAGTGATACCCAAAGACCCGGGAGGGAGACCCAGTACTTCGGGCCA"	"CATSDTQRPGRETQYF"	"TCTGCCATCCCCAACCAGACAGCTCTTTACTTCTGTGCCACCAGTGATACCCAAAGACCCGGGAGGGAGACCCAGTACTTCGGGCCA"	"CATSDTQRPGRETQYF"	"TCRBV24-1*1"	"TCRBD2-1*2"	"TCRBJ2-5*1"	48	59	-1	66	11	67	NA	NA	"TCTGCCATCCCCAACCAGACAGCTCTTTACTTCTGTGCCACCAGTGATACCCAAAGACCCGGGAGGGAGACCCAGTACTTCGGGCCA"	FALSE	TRUE	NA	NA	NA	NA
"TCCAGCCTGCAAAGCTTGAGGACTCGGCCGTGTATCTCTGTGCCAGCAGCTTAAGTACTAGCGGGAGACGAGCAGTACTTCGGGCCG"	""	"TCCAGCCTGCAAAGCTTGAGGACTCGGCCGTGTATCTCTGTGCCAGCAGCTTAAGTACTAGCGGGAGACGAGCAGTACTTCGGGCCG"	""	"TCRBV11-2*1"	"TCRBD2-1*2"	"TCRBJ2-7*1"	53	56	-1	67	3	68	NA	NA	"TCCAGCCTGCAAAGCTTGAGGACTCGGCCGTGTATCTCTGTGCCAGCAGCTTAAGTACTAGCGGGAGACGAGCAGTACTTCGGGCCG"	FALSE	FALSE	NA	NA	NA	NA
"AACCTGAGCTCTCTGGAGCTGGGGGACTCAGCTTTGTATTTCTGTGCCAGCGGGGGGACAATGGGAAACACCATATATTTTGGAGAG"	"CASGGTMGNTIYF"	"AACCTGAGCTCTCTGGAGCTGGGGGACTCAGCTTTGTATTTCTGTGCCAGCGGGGGGACAATGGGAAACACCATATATTTTGGAGAG"	"CASGGTMGNTIYF"	"TCRBV9-1*1"	NA	"TCRBJ1-3*1"	51	54	60	63	3	3	NA	NA	"AACCTGAGCTCTCTGGAGCTGGGGGACTCAGCTTTGTATTTCTGTGCCAGCGGGGGGACAATGGGAAACACCATATATTTTGGAGAG"	FALSE	TRUE	NA	NA	NA	NA
"NTGTCGGCTGCTCCCTCCCAGACATCTGTGTACTTCTGTGCCAGCAGTGAACAAAGTAAAACTAATGAAAAACTGTTTTTTGGCAGT"	"CASSEQSKTNEKLFF"	"NTGTCGGCTGCTCCCTCCCAGACATCTGTGTACTTCTGTGCCAGCAGTGAACAAAGTAAAACTAATGAAAAACTGTTTTTTGGCAGT"	"CASSEQSKTNEKLFF"	"TCRBV6-1*1"	NA	"TCRBJ1-4*1"	-1	51	53	59	52	6	NA	NA	"NTGTCGGCTGCTCCCTCCCAGACATCTGTGTACTTCTGTGCCAGCAGTGAACAAAGTAAAACTAATGAAAAACTGTTTTTTGGCAGT"	FALSE	TRUE	NA	NA	NA	NA
"GATCCAGTCCACGGAGTCAGGGGACACAGCACTGTATTTCTGTGCCAGCAGGACTAGCGGGAGTGGTACGAGCAGTACTTCGGGCCG"	""	"GATCCAGTCCACGGAGTCAGGGGACACAGCACTGTATTTCTGTGCCAGCAGGACTAGCGGGAGTGGTACGAGCAGTACTTCGGGCCG"	""	"TCRBV21-1*1"	"TCRBD2-1*2"	"TCRBJ2-7*1"	-1	51	63	66	52	3	NA	NA	"GATCCAGTCCACGGAGTCAGGGGACACAGCACTGTATTTCTGTGCCAGCAGGACTAGCGGGAGTGGTACGAGCAGTACTTCGGGCCG"	FALSE	FALSE	NA	NA	NA	NA
"GTGAACGCCTTGTTGCTGGGGGACTCGGCCCTCTATCTCTGTGCCAGCAGGTCGACAGGGTTGTATGAAAAACTGTTTTTTGGCAGT"	"CASRSTGLYEKLFF"	"GTGAACGCCTTGTTGCTGGGGGACTCGGCCCTCTATCTCTGTGCCAGCAGGTCGACAGGGTTGTATGAAAAACTGTTTTTTGGCAGT"	"CASRSTGLYEKLFF"	"TCRBV5-6*1"	"TCRBD1-1*1"	"TCRBJ1-4*1"	50	53	60	64	3	4	NA	NA	"GTGAACGCCTTGTTGCTGGGGGACTCGGCCCTCTATCTCTGTGCCAGCAGGTCGACAGGGTTGTATGAAAAACTGTTTTTTGGCAGT"	FALSE	TRUE	NA	NA	NA	NA
"TCCACAAAGCTGGAGGACTCAGCCATGTACTTCTGTGCCAGCAGTGTTGGACCCACAGGGGCTTACAATGAGCAGTTCTTCGGGCCA"	"CASSVGPTGAYNEQFF"	"TCCACAAAGCTGGAGGACTCAGCCATGTACTTCTGTGCCAGCAGTGTTGGACCCACAGGGGCTTACAATGAGCAGTTCTTCGGGCCA"	"CASSVGPTGAYNEQFF"	"TCRBV2-1"	"TCRBD1-1*1"	"TCRBJ2-1*1"	46	54	61	63	8	2	NA	NA	"TCCACAAAGCTGGAGGACTCAGCCATGTACTTCTGTGCCAGCAGTGTTGGACCCACAGGGGCTTACAATGAGCAGTTCTTCGGGCCA"	FALSE	TRUE	NA	NA	NA	NA
"TTGGCGTCTGCTGTACCCTCTCAGACATCTGTGTACTTCTGTGCCAGCAGTGACTCCGCAGCCACAGATACGCAGTATTTTGGCCCA"	"CASSDSAATDTQYF"	"TTGGCGTCTGCTGTACCCTCTCAGACATCTGTGTACTTCTGTGCCAGCAGTGACTCCGCAGCCACAGATACGCAGTATTTTGGCCCA"	"CASSDSAATDTQYF"	"TCRBV6-4*1"	NA	"TCRBJ2-3*1"	56	58	61	62	2	1	NA	NA	"TTGGCGTCTGCTGTACCCTCTCAGACATCTGTGTACTTCTGTGCCAGCAGTGACTCCGCAGCCACAGATACGCAGTATTTTGGCCCA"	FALSE	TRUE	NA	NA	NA	NA
"GATCCTGGAGTCGCCCAGCCCCAACCAGACCTCTCTGTACTTCTGTGCCAGCAGTCACCCGAAGGGGGACGGGCTTTCTTTGGACAA"	""	"GATCCTGGAGTCGCCCAGCCCCAACCAGACCTCTCTGTACTTCTGTGCCAGCAGTCACCCGAAGGGGGACGGGCTTTCTTTGGACAA"	""	"TCRBV27-1*1"	"TCRBD1-1*1"	"TCRBJ1-1*1"	55	62	68	72	7	4	NA	NA	"GATCCTGGAGTCGCCCAGCCCCAACCAGACCTCTCTGTACTTCTGTGCCAGCAGTCACCCGAAGGGGGACGGGCTTTCTTTGGACAA"	FALSE	FALSE	NA	NA	NA	NA
"ATCCAGCGCACAGAGCAGGAGGACTCGGCCGTGTATCTCTGTGCCAGCAGCTTTCCCGGGGTCTACAATGAGCAGTTCTTCGGGCCA"	"CASSFPGVYNEQFF"	"ATCCAGCGCACAGAGCAGGAGGACTCGGCCGTGTATCTCTGTGCCAGCAGCTTTCCCGGGGTCTACAATGAGCAGTTCTTCGGGCCA"	"CASSFPGVYNEQFF"	"TCRBV7-2"	"TCRBD2-1*1"	"TCRBJ2-1*1"	53	56	61	62	3	1	NA	NA	"ATCCAGCGCACAGAGCAGGAGGACTCGGCCGTGTATCTCTGTGCCAGCAGCTTTCCCGGGGTCTACAATGAGCAGTTCTTCGGGCCA"	FALSE	TRUE	NA	NA	NA	NA
"ATCCAGCGCACAGAGCAGGGGGACTCGGCCATGTATCTCTGTGCCAGCAGCTTGGCTGGACAGCTATACGAGCAGTACTTCGGGCCG"	"CASSLAGQLYEQYF"	"ATCCAGCGCACAGAGCAGGGGGACTCGGCCATGTATCTCTGTGCCAGCAGCTTGGCTGGACAGCTATACGAGCAGTACTTCGGGCCG"	"CASSLAGQLYEQYF"	"TCRBV7-9*1"	"TCRBD1-1*1"	"TCRBJ2-7*1"	53	57	63	66	4	3	NA	NA	"ATCCAGCGCACAGAGCAGGGGGACTCGGCCATGTATCTCTGTGCCAGCAGCTTGGCTGGACAGCTATACGAGCAGTACTTCGGGCCG"	FALSE	TRUE	NA	NA	NA	NA
"TCCGGTCCACAAAGCTGGAGGACTCAGCCATGTACTTCTGTGCCAGCTTCTTGAGGGACAGGGTACTCGTAGCAGTTCTTCGGGCCA"	""	"TCCGGTCCACAAAGCTGGAGGACTCAGCCATGTACTTCTGTGCCAGCTTCTTGAGGGACAGGGTACTCGTAGCAGTTCTTCGGGCCA"	""	"TCRBV2-1"	"TCRBD1-1*1"	"TCRBJ2-1*1"	47	54	63	70	7	7	NA	NA	"TCCGGTCCACAAAGCTGGAGGACTCAGCCATGTACTTCTGTGCCAGCTTCTTGAGGGACAGGGTACTCGTAGCAGTTCTTCGGGCCA"	FALSE	FALSE	NA	NA	NA	NA
"ACATCGGCCCAAAAGAACCCGACAGCTTTCTATCTCTGTGCCAGTAGTACCCGGACAGGGGGCTCAGATACGCAGTATTTTGGCCCA"	"CASSTRTGGSDTQYF"	"ACATCGGCCCAAAAGAACCCGACAGCTTTCTATCTCTGTGCCAGTAGTACCCGGACAGGGGGCTCAGATACGCAGTATTTTGGCCCA"	"CASSTRTGGSDTQYF"	"TCRBV19-1*1"	"TCRBD1-1*1"	"TCRBJ2-3*1"	49	52	63	64	3	1	NA	NA	"ACATCGGCCCAAAAGAACCCGACAGCTTTCTATCTCTGTGCCAGTAGTACCCGGACAGGGGGCTCAGATACGCAGTATTTTGGCCCA"	FALSE	TRUE	NA	NA	NA	NA
"GAGTCGCCCAGCCCCAACCAGACCTCTCTGTACTTCTGTGCCAGCAGTTCGGGACTAGCGGGAGCTGAGACCCAGTACTTCGGGCCA"	"CASSSGLAGAETQYF"	"GAGTCGCCCAGCCCCAACCAGACCTCTCTGTACTTCTGTGCCAGCAGTTCGGGACTAGCGGGAGCTGAGACCCAGTACTTCGGGCCA"	"CASSSGLAGAETQYF"	"TCRBV27-1*1"	"TCRBD2-1*2"	"TCRBJ2-5*1"	49	50	64	66	1	2	NA	NA	"GAGTCGCCCAGCCCCAACCAGACCTCTCTGTACTTCTGTGCCAGCAGTTCGGGACTAGCGGGAGCTGAGACCCAGTACTTCGGGCCA"	FALSE	TRUE	NA	NA	NA	NA
"GGAGTCAGGGGACACAGCACTGTATTTCTGTGCCAGCAGCGCCTTCCGACTAGCGGGAGATAAACCGGGGAGCTGTTTTTTGGAGAA"	""	"GGAGTCAGGGGACACAGCACTGTATTTCTGTGCCAGCAGCGCCTTCCGACTAGCGGGAGATAAACCGGGGAGCTGTTTTTTGGAGAA"	""	"TCRBV21-1*1"	"TCRBD2-1*2"	"TCRBJ2-2*1"	40	47	59	63	7	4	NA	NA	"GGAGTCAGGGGACACAGCACTGTATTTCTGTGCCAGCAGCGCCTTCCGACTAGCGGGAGATAAACCGGGGAGCTGTTTTTTGGAGAA"	FALSE	FALSE	NA	NA	NA	NA
"CCAGTCCACGGAGTCAGGGGACACAGCACTGTATTTCTGTGCCAGCAGCAACTACAGGGAGGGAACGGGGAGCTGTTTTTTGGAGAA"	""	"CCAGTCCACGGAGTCAGGGGACACAGCACTGTATTTCTGTGCCAGCAGCAACTACAGGGAGGGAACGGGGAGCTGTTTTTTGGAGAA"	""	"TCRBV21-1*1"	"TCRBD2-1*2"	"TCRBJ2-2*1"	51	56	63	65	5	2	NA	NA	"CCAGTCCACGGAGTCAGGGGACACAGCACTGTATTTCTGTGCCAGCAGCAACTACAGGGAGGGAACGGGGAGCTGTTTTTTGGAGAA"	FALSE	FALSE	NA	NA	NA	NA
"ACAGTGACCAGTGCCCATCCTGAAGACAGCAGCTTCTACATCTGCAGTGCTAGCAGGTTTAGCACAGATACGCAGTATTTTGGCCCA"	"CSASRFSTDTQYF"	"ACAGTGACCAGTGCCCATCCTGAAGACAGCAGCTTCTACATCTGCAGTGCTAGCAGGTTTAGCACAGATACGCAGTATTTTGGCCCA"	"CSASRFSTDTQYF"	NA	"TCRBD1-1*1"	"TCRBJ2-3*1"	-1	53	57	60	54	3	NA	NA	"ACAGTGACCAGTGCCCATCCTGAAGACAGCAGCTTCTACATCTGCAGTGCTAGCAGGTTTAGCACAGATACGCAGTATTTTGGCCCA"	FALSE	TRUE	NA	NA	NA	NA
"CTGGAGTCTGCCAGGCCCTCACATACCTCTCAGTACCTCTGTGCCAGCAGTCACAAGTCCACTTACTATGGCTACACCTTCGGTTCG"	"CASSHKSTYYGYTF"	"CTGGAGTCTGCCAGGCCCTCACATACCTCTCAGTACCTCTGTGCCAGCAGTCACAAGTCCACTTACTATGGCTACACCTTCGGTTCG"	"CASSHKSTYYGYTF"	"TCRBV25-1*1"	NA	"TCRBJ1-2*1"	51	52	55	64	1	9	NA	NA	"CTGGAGTCTGCCAGGCCCTCACATACCTCTCAGTACCTCTGTGCCAGCAGTCACAAGTCCACTTACTATGGCTACACCTTCGGTTCG"	FALSE	TRUE	NA	NA	NA	NA
"CAGCCCTCAGAACCCAGGGACTCAGCTGTGTATTTTTGTGCTAGTGCCGACTCGGGGGGACGAAGTCAGCCCCAGCATTTTGGTGAT"	"CASADSGGRSQPQHF"	"CAGCCCTCAGAACCCAGGGACTCAGCTGTGTATTTTTGTGCTAGTGCCGACTCGGGGGGACGAAGTCAGCCCCAGCATTTTGGTGAT"	"CASADSGGRSQPQHF"	"TCRBV12-5*1"	"TCRBD2-1*1"	"TCRBJ1-5*1"	46	52	59	65	6	6	NA	NA	"CAGCCCTCAGAACCCAGGGACTCAGCTGTGTATTTTTGTGCTAGTGCCGACTCGGGGGGACGAAGTCAGCCCCAGCATTTTGGTGAT"	FALSE	TRUE	NA	NA	NA	NA
"AGCTCTCTGGAGCTGGGGGACTCAGCTTTGTATTTCTGTGCCAGCAGCGTAGGTGGGAGGGCTACCGGGGAGCTGTTTTTTGGAGAA"	"CASSVGGRATGELFF"	"AGCTCTCTGGAGCTGGGGGACTCAGCTTTGTATTTCTGTGCCAGCAGCGTAGGTGGGAGGGCTACCGGGGAGCTGTTTTTTGGAGAA"	"CASSVGGRATGELFF"	"TCRBV9-1*1"	"TCRBD2-1*2"	"TCRBJ2-2*1"	52	54	61	63	2	2	NA	NA	"AGCTCTCTGGAGCTGGGGGACTCAGCTTTGTATTTCTGTGCCAGCAGCGTAGGTGGGAGGGCTACCGGGGAGCTGTTTTTTGGAGAA"	FALSE	TRUE	NA	NA	NA	NA
"TCGGCCCAAAAGAACCCGACAGCTTTCTATCTCTGTGCCAGTAGTATAGCAACCGGGACCCCCGAGGAGACCCAGTACTTCGGGCCA"	"CASSIATGTPEETQYF"	"TCGGCCCAAAAGAACCCGACAGCTTTCTATCTCTGTGCCAGTAGTATAGCAACCGGGACCCCCGAGGAGACCCAGTACTTCGGGCCA"	"CASSIATGTPEETQYF"	"TCRBV19-1*1"	NA	"TCRBJ2-5*1"	49	54	59	66	5	7	NA	NA	"TCGGCCCAAAAGAACCCGACAGCTTTCTATCTCTGTGCCAGTAGTATAGCAACCGGGACCCCCGAGGAGACCCAGTACTTCGGGCCA"	FALSE	TRUE	NA	NA	NA	NA
"CAGCCTGCAGAGCTTGGGGACTCGGCCATGTATCTCTGTGCCAGCAGCTTATCGACTAGCGGGAGTTCCGAGCAGTACTTCGGGCCG"	"CASSLSTSGSSEQYF"	"CAGCCTGCAGAGCTTGGGGACTCGGCCATGTATCTCTGTGCCAGCAGCTTATCGACTAGCGGGAGTTCCGAGCAGTACTTCGGGCCG"	"CASSLSTSGSSEQYF"	"TCRBV11-1*1"	"TCRBD2-1*2"	"TCRBJ2-7*1"	51	53	65	68	2	3	NA	NA	"CAGCCTGCAGAGCTTGGGGACTCGGCCATGTATCTCTGTGCCAGCAGCTTATCGACTAGCGGGAGTTCCGAGCAGTACTTCGGGCCG"	FALSE	TRUE	NA	NA	NA	NA
"NTGAAGATCCAGCCCTCAGAACCCAGGGACTCAGCTGTGTACTTCTGTGCCAGCAGCCAACTGGAAGAGACCCAGTACTTCGGGCCA"	"CASSQLEETQYF"	"NTGAAGATCCAGCCCTCAGAACCCAGGGACTCAGCTGTGTACTTCTGTGCCAGCAGCCAACTGGAAGAGACCCAGTACTTCGGGCCA"	"CASSQLEETQYF"	"TCRBV12-3/12-4*1"	"TCRBD2-1"	"TCRBJ2-5*1"	56	59	62	64	3	2	NA	NA	"NTGAAGATCCAGCCCTCAGAACCCAGGGACTCAGCTGTGTACTTCTGTGCCAGCAGCCAACTGGAAGAGACCCAGTACTTCGGGCCA"	FALSE	TRUE	NA	NA	NA	NA
"AAGATCCAGCCTGCAGAGCTTGGGGACTCGGCCGTGTATCTCTGTGCCAGCAGCCGGGACGGAACCTACGAGCAGTACTTCGGGCCG"	"CASSRDGTYEQYF"	"AAGATCCAGCCTGCAGAGCTTGGGGACTCGGCCGTGTATCTCTGTGCCAGCAGCCGGGACGGAACCTACGAGCAGTACTTCGGGCCG"	"CASSRDGTYEQYF"	"TCRBV11-3*1"	NA	"TCRBJ2-7*1"	54	55	60	64	1	4	NA	NA	"AAGATCCAGCCTGCAGAGCTTGGGGACTCGGCCGTGTATCTCTGTGCCAGCAGCCGGGACGGAACCTACGAGCAGTACTTCGGGCCG"	FALSE	TRUE	NA	NA	NA	NA
"CTCAGGCTGGAGTTGGCTGCTCCCTCCCAGACATCTGTGTACTTCTGTGCCAGCAGCCCGTTCTCTCTGGAGCAGTACTTCGGGCCG"	"CASSPFSLEQYF"	"CTCAGGCTGGAGTTGGCTGCTCCCTCCCAGACATCTGTGTACTTCTGTGCCAGCAGCCCGTTCTCTCTGGAGCAGTACTTCGGGCCG"	"CASSPFSLEQYF"	"TCRBV6-6"	"TCRBD2-1"	"TCRBJ2-7*1"	56	62	64	69	6	5	NA	NA	"CTCAGGCTGGAGTTGGCTGCTCCCTCCCAGACATCTGTGTACTTCTGTGCCAGCAGCCCGTTCTCTCTGGAGCAGTACTTCGGGCCG"	FALSE	TRUE	NA	NA	NA	NA
"ATCCAGCGCACAGAGCAGGGGGACTCGGCCATGTATCTCTGTGCCAGCAGCTTACGACAGTTGAACACTGAAGCTTTCTTTGGACAA"	"CASSLRQLNTEAFF"	"ATCCAGCGCACAGAGCAGGGGGACTCGGCCATGTATCTCTGTGCCAGCAGCTTACGACAGTTGAACACTGAAGCTTTCTTTGGACAA"	"CASSLRQLNTEAFF"	"TCRBV7-9*1"	"TCRBD1-1*1"	"TCRBJ1-1*1"	54	55	60	61	1	1	NA	NA	"ATCCAGCGCACAGAGCAGGGGGACTCGGCCATGTATCTCTGTGCCAGCAGCTTACGACAGTTGAACACTGAAGCTTTCTTTGGACAA"	FALSE	TRUE	NA	NA	NA	NA
"CTAGAGTCTGCCATCCCCAACCAGACAGCTCTTTACTTCTGTGCCACCAGTGAGCCGGATGCCCAAGAGACCCAGTACTTCGGGCCA"	"CATSEPDAQETQYF"	"CTAGAGTCTGCCATCCCCAACCAGACAGCTCTTTACTTCTGTGCCACCAGTGAGCCGGATGCCCAAGAGACCCAGTACTTCGGGCCA"	"CATSEPDAQETQYF"	"TCRBV24-1*1"	NA	"TCRBJ2-5*1"	53	56	59	62	3	3	NA	NA	"CTAGAGTCTGCCATCCCCAACCAGACAGCTCTTTACTTCTGTGCCACCAGTGAGCCGGATGCCCAAGAGACCCAGTACTTCGGGCCA"	FALSE	TRUE	NA	NA	NA	NA
"GAGTCTGCTGCCTCCTCCCAGACATCTGTATATTTCTGCGCCAGCAGTCCCTTAGCGGGATTGACAGATACGCAGTATTTTGGCCCA"	"CASSPLAGLTDTQYF"	"GAGTCTGCTGCCTCCTCCCAGACATCTGTATATTTCTGCGCCAGCAGTCCCTTAGCGGGATTGACAGATACGCAGTATTTTGGCCCA"	"CASSPLAGLTDTQYF"	"TCRBV1-1*1"	"TCRBD2-1*2"	"TCRBJ2-3*1"	48	52	60	63	4	3	NA	NA	"GAGTCTGCTGCCTCCTCCCAGACATCTGTATATTTCTGCGCCAGCAGTCCCTTAGCGGGATTGACAGATACGCAGTATTTTGGCCCA"	FALSE	TRUE	NA	NA	NA	NA
"CACGCCCTGCAGCCAGAAGACTCAGCCCTGTATCTCTGCGCCAGCAGAATTTTCGGGAGGGCCGTGGATGAGCAGTTCTTCGGGCCA"	"CASRIFGRAVDEQFF"	"CACGCCCTGCAGCCAGAAGACTCAGCCCTGTATCTCTGCGCCAGCAGAATTTTCGGGAGGGCCGTGGATGAGCAGTTCTTCGGGCCA"	"CASRIFGRAVDEQFF"	"TCRBV4-1*1"	"TCRBD2-1*2"	"TCRBJ2-1*1"	47	53	61	67	6	6	NA	NA	"CACGCCCTGCAGCCAGAAGACTCAGCCCTGTATCTCTGCGCCAGCAGAATTTTCGGGAGGGCCGTGGATGAGCAGTTCTTCGGGCCA"	FALSE	TRUE	NA	NA	NA	NA
"CCCTCAGAACCCAGGGACTCAGCTGTGTACTTCTGTGCCAGCAGTCCTGAGACTAGCGGGACGTACAATGAGCAGTTCTTCGGGCCA"	"CASSPETSGTYNEQFF"	"CCCTCAGAACCCAGGGACTCAGCTGTGTACTTCTGTGCCAGCAGTCCTGAGACTAGCGGGACGTACAATGAGCAGTTCTTCGGGCCA"	"CASSPETSGTYNEQFF"	NA	"TCRBD2-1*2"	"TCRBJ2-1*1"	45	50	61	63	5	2	NA	NA	"CCCTCAGAACCCAGGGACTCAGCTGTGTACTTCTGTGCCAGCAGTCCTGAGACTAGCGGGACGTACAATGAGCAGTTCTTCGGGCCA"	FALSE	TRUE	NA	NA	NA	NA
"CCAGTCCACGGAGTCAGGGGACACAGCACTGTATTTCTGTGCCAGCAGCTAGGGGGGGGGTAGGATTCACCCCTCCACTTTGGGAAT"	""	"CCAGTCCACGGAGTCAGGGGACACAGCACTGTATTTCTGTGCCAGCAGCTAGGGGGGGGGTAGGATTCACCCCTCCACTTTGGGAAT"	""	"TCRBV21-1*1"	"TCRBD2-1*1"	"TCRBJ1-6*1"	49	51	58	64	2	6	NA	NA	"CCAGTCCACGGAGTCAGGGGACACAGCACTGTATTTCTGTGCCAGCAGCTAGGGGGGGGGTAGGATTCACCCCTCCACTTTGGGAAT"	FALSE	FALSE	NA	NA	NA	NA
"CTGAAGATCCGGTCCACAAAGCTGGAGGACTCAGCCATGTACTTCTGTGCCAGCAGGGGACACCTCTATGGCTACACCTTCGGTTCG"	"CASRGHLYGYTF"	"CTGAAGATCCGGTCCACAAAGCTGGAGGACTCAGCCATGTACTTCTGTGCCAGCAGGGGACACCTCTATGGCTACACCTTCGGTTCG"	"CASRGHLYGYTF"	"TCRBV2-1"	"TCRBD1-1*1"	"TCRBJ1-2*1"	-1	56	62	65	57	3	NA	NA	"CTGAAGATCCGGTCCACAAAGCTGGAGGACTCAGCCATGTACTTCTGTGCCAGCAGGGGACACCTCTATGGCTACACCTTCGGTTCG"	FALSE	TRUE	NA	NA	NA	NA
"CGCACAGAGCAGGGGGACTCGGCCATGTATCTCTGTGCCAGCAGCTTAGATCTAGCGGGAGAGGCAGATACGCAGTATTTTGGCCCA"	"CASSLDLAGEADTQYF"	"CGCACAGAGCAGGGGGACTCGGCCATGTATCTCTGTGCCAGCAGCTTAGATCTAGCGGGAGAGGCAGATACGCAGTATTTTGGCCCA"	"CASSLDLAGEADTQYF"	"TCRBV7-9*1"	"TCRBD2-1*2"	"TCRBJ2-3*1"	49	51	61	64	2	3	NA	NA	"CGCACAGAGCAGGGGGACTCGGCCATGTATCTCTGTGCCAGCAGCTTAGATCTAGCGGGAGAGGCAGATACGCAGTATTTTGGCCCA"	FALSE	TRUE	NA	NA	NA	NA
"GCGTCTGCTGTACCCTCTCAGACATCTGTGTACTTCTGTGCCAGCAGTGACAACAGGGAGAACACCGGGGAGCTGTTTTTTGGAGAA"	"CASSDNRENTGELFF"	"GCGTCTGCTGTACCCTCTCAGACATCTGTGTACTTCTGTGCCAGCAGTGACAACAGGGAGAACACCGGGGAGCTGTTTTTTGGAGAA"	"CASSDNRENTGELFF"	"TCRBV6-4*1"	"TCRBD1-1*1"	"TCRBJ2-2*1"	51	52	58	59	1	1	NA	NA	"GCGTCTGCTGTACCCTCTCAGACATCTGTGTACTTCTGTGCCAGCAGTGACAACAGGGAGAACACCGGGGAGCTGTTTTTTGGAGAA"	FALSE	TRUE	NA	NA	NA	NA
"AGCACCAACCAGACATCTATGTACCTCTGTGCCAGCAGGACTCCCGGGACATGGGTTGGGGCCAACTATGGCTACACCTTCGGTTCG"	"CASRTPGTWVGANYGYTF"	"AGCACCAACCAGACATCTATGTACCTCTGTGCCAGCAGGACTCCCGGGACATGGGTTGGGGCCAACTATGGCTACACCTTCGGTTCG"	"CASRTPGTWVGANYGYTF"	"TCRBV28-1*1"	"TCRBD1-1*1"	"TCRBJ1-2*1"	38	45	51	63	7	12	NA	NA	"AGCACCAACCAGACATCTATGTACCTCTGTGCCAGCAGGACTCCCGGGACATGGGTTGGGGCCAACTATGGCTACACCTTCGGTTCG"	FALSE	TRUE	NA	NA	NA	NA
"NNNNNNNTGTCGGCTGCTCCCTCCCAGACATCTGTGTACTTCTGTGCCAGCCACGGGAGTTATACCGGGGAGCTGTTTTTTGGAGAA"	"CASHGSYTGELFF"	"NNNNNNNTGTCGGCTGCTCCCTCCCAGACATCTGTGTACTTCTGTGCCAGCCACGGGAGTTATACCGGGGAGCTGTTTTTTGGAGAA"	"CASHGSYTGELFF"	"TCRBV6-5*1"	"TCRBD2-1*2"	"TCRBJ2-2*1"	51	53	59	63	2	4	NA	NA	"NNNNNNNTGTCGGCTGCTCCCTCCCAGACATCTGTGTACTTCTGTGCCAGCCACGGGAGTTATACCGGGGAGCTGTTTTTTGGAGAA"	FALSE	TRUE	NA	NA	NA	NA
"TCCCTAGAGTCTGCCATCCCCAACCAGACAGCTCTTTACTTCTGTGCCACCACAAAGGGACCTTACAATGAGCAGTTCTTCGGGCCA"	"CATTKGPYNEQFF"	"TCCCTAGAGTCTGCCATCCCCAACCAGACAGCTCTTTACTTCTGTGCCACCACAAAGGGACCTTACAATGAGCAGTTCTTCGGGCCA"	"CATTKGPYNEQFF"	"TCRBV24-1*1"	NA	"TCRBJ2-1*1"	52	56	61	63	4	2	NA	NA	"TCCCTAGAGTCTGCCATCCCCAACCAGACAGCTCTTTACTTCTGTGCCACCACAAAGGGACCTTACAATGAGCAGTTCTTCGGGCCA"	FALSE	TRUE	NA	NA	NA	NA
"CCTGTCCTCAGAACCGGGAGACACGGCACTGTATCTCTGCGCCAGCAGGGGGCTCGGGCTGTGGACTATGGCTACACCTTCGGTTCG"	""	"CCTGTCCTCAGAACCGGGAGACACGGCACTGTATCTCTGCGCCAGCAGGGGGCTCGGGCTGTGGACTATGGCTACACCTTCGGTTCG"	""	"TCRBV23-1*1"	"TCRBD1-1*1"	"TCRBJ1-2*1"	-1	48	53	64	49	11	NA	NA	"CCTGTCCTCAGAACCGGGAGACACGGCACTGTATCTCTGCGCCAGCAGGGGGCTCGGGCTGTGGACTATGGCTACACCTTCGGTTCG"	FALSE	FALSE	NA	NA	NA	NA
"ACTGTGACATCGGCCCAAAAGAACCCGACAGCTTTCTATCTCTGTGCCAGCAGACAGGGAGCGAGCTACGAGCAGTACTTCGGGCCG"	"CASRQGASYEQYF"	"ACTGTGACATCGGCCCAAAAGAACCCGACAGCTTTCTATCTCTGTGCCAGCAGACAGGGAGCGAGCTACGAGCAGTACTTCGGGCCG"	"CASRQGASYEQYF"	"TCRBV19-1*1"	"TCRBD1-1*1"	"TCRBJ2-7*1"	50	52	59	65	2	6	NA	NA	"ACTGTGACATCGGCCCAAAAGAACCCGACAGCTTTCTATCTCTGTGCCAGCAGACAGGGAGCGAGCTACGAGCAGTACTTCGGGCCG"	FALSE	TRUE	NA	NA	NA	NA
"ATCCAGCCTGCAGAGCTTGGGGACTCGGCCATGTATCTCTGTGCCAGCAGCTTAGAGCTCGGGAGGTATGAGCAGTTCTTCGGGCCA"	"CASSLELGRYEQFF"	"ATCCAGCCTGCAGAGCTTGGGGACTCGGCCATGTATCTCTGTGCCAGCAGCTTAGAGCTCGGGAGGTATGAGCAGTTCTTCGGGCCA"	"CASSLELGRYEQFF"	"TCRBV11-1*1"	"TCRBD2-1*2"	"TCRBJ2-1*1"	55	59	66	67	4	1	NA	NA	"ATCCAGCCTGCAGAGCTTGGGGACTCGGCCATGTATCTCTGTGCCAGCAGCTTAGAGCTCGGGAGGTATGAGCAGTTCTTCGGGCCA"	FALSE	TRUE	NA	NA	NA	NA
"TCCAGTCCACGGAGTCAGGGGACACAGCACTGTATTTCTGTGCCAGTCCTAGTACAGGGACTCGGTTCACCCCTCCACTTTGGGAAT"	""	"TCCAGTCCACGGAGTCAGGGGACACAGCACTGTATTTCTGTGCCAGTCCTAGTACAGGGACTCGGTTCACCCCTCCACTTTGGGAAT"	""	"TCRBV21-1*1"	NA	"TCRBJ1-6*1"	46	53	59	65	7	6	NA	NA	"TCCAGTCCACGGAGTCAGGGGACACAGCACTGTATTTCTGTGCCAGTCCTAGTACAGGGACTCGGTTCACCCCTCCACTTTGGGAAT"	FALSE	FALSE	NA	NA	NA	NA
"CAGGTAGTGCGAGGAGATTCGGCAGCTTATTTCTGTGCCAGCTCACAACTAGCGGGAGGATTACCAGATACGCAGTATTTTGGCCCA"	"CASSQLAGGLPDTQYF"	"CAGGTAGTGCGAGGAGATTCGGCAGCTTATTTCTGTGCCAGCTCACAACTAGCGGGAGGATTACCAGATACGCAGTATTTTGGCCCA"	"CASSQLAGGLPDTQYF"	"TCRBV18-1*1"	"TCRBD2-1*2"	"TCRBJ2-3*1"	46	47	59	64	1	5	NA	NA	"CAGGTAGTGCGAGGAGATTCGGCAGCTTATTTCTGTGCCAGCTCACAACTAGCGGGAGGATTACCAGATACGCAGTATTTTGGCCCA"	FALSE	TRUE	NA	NA	NA	NA
"ATCCGGTCCACAAAGCTGGAGGACTCAGCCATGTACTTCTGTGCCAGCAGTAAAGTGACCCTCCGAGATACGCAGTATTTTGGCCCA"	"CASSKVTLRDTQYF"	"ATCCGGTCCACAAAGCTGGAGGACTCAGCCATGTACTTCTGTGCCAGCAGTAAAGTGACCCTCCGAGATACGCAGTATTTTGGCCCA"	"CASSKVTLRDTQYF"	"TCRBV2-1"	NA	"TCRBJ2-3*1"	55	56	59	65	1	6	NA	NA	"ATCCGGTCCACAAAGCTGGAGGACTCAGCCATGTACTTCTGTGCCAGCAGTAAAGTGACCCTCCGAGATACGCAGTATTTTGGCCCA"	FALSE	TRUE	NA	NA	NA	NA
"CAGTGACCAGTGCCCATCCTGAAGACAGCAGCTTCTACATCTGCAGTGCTAGACTAGCGGGAACTGGAAGAGCAGTACTTCGGGCCG"	""	"CAGTGACCAGTGCCCATCCTGAAGACAGCAGCTTCTACATCTGCAGTGCTAGACTAGCGGGAACTGGAAGAGCAGTACTTCGGGCCG"	""	NA	"TCRBD2-1*2"	"TCRBJ2-7*1"	-1	53	62	69	54	7	NA	NA	"CAGTGACCAGTGCCCATCCTGAAGACAGCAGCTTCTACATCTGCAGTGCTAGACTAGCGGGAACTGGAAGAGCAGTACTTCGGGCCG"	FALSE	FALSE	NA	NA	NA	NA
"CTGGAGTCGCCCAGCCCCAACCAGACCTCTCTGTACTTCTGTGCCAGCAGTTTATCCGGACCGAACTATGGCTACACCTTCGGTTCG"	"CASSLSGPNYGYTF"	"CTGGAGTCGCCCAGCCCCAACCAGACCTCTCTGTACTTCTGTGCCAGCAGTTTATCCGGACCGAACTATGGCTACACCTTCGGTTCG"	"CASSLSGPNYGYTF"	"TCRBV27-1*1"	NA	"TCRBJ1-2*1"	56	57	61	63	1	2	NA	NA	"CTGGAGTCGCCCAGCCCCAACCAGACCTCTCTGTACTTCTGTGCCAGCAGTTTATCCGGACCGAACTATGGCTACACCTTCGGTTCG"	FALSE	TRUE	NA	NA	NA	NA
"GGAGTCCGCCAGCACCAACCAGACATCTATGTACCTCTGTGCCAGCAGTTAGCGGGAGGATCCTCCTACGAGCAGTACTTCGGGCCG"	""	"GGAGTCCGCCAGCACCAACCAGACATCTATGTACCTCTGTGCCAGCAGTTAGCGGGAGGATCCTCCTACGAGCAGTACTTCGGGCCG"	""	"TCRBV28-1*1"	"TCRBD2-1*2"	"TCRBJ2-7*1"	-1	50	59	62	51	3	NA	NA	"GGAGTCCGCCAGCACCAACCAGACATCTATGTACCTCTGTGCCAGCAGTTAGCGGGAGGATCCTCCTACGAGCAGTACTTCGGGCCG"	FALSE	FALSE	NA	NA	NA	NA
"ACTCTGGAGTCCGCTACCAGCTCCCAGACATCTGTGTACTTCTGTGCCATGGGGGGGGCAACGGGCACTGAAGCTTTCTTTGGACAA"	"CAMGGATGTEAFF"	"ACTCTGGAGTCCGCTACCAGCTCCCAGACATCTGTGTACTTCTGTGCCATGGGGGGGGCAACGGGCACTGAAGCTTTCTTTGGACAA"	"CAMGGATGTEAFF"	"TCRBV1-3*1"	"TCRBD2-1*1"	"TCRBJ1-1*1"	-1	50	57	65	51	8	NA	NA	"ACTCTGGAGTCCGCTACCAGCTCCCAGACATCTGTGTACTTCTGTGCCATGGGGGGGGCAACGGGCACTGAAGCTTTCTTTGGACAA"	FALSE	TRUE	NA	NA	NA	NA
"GTGACCAGTGCCCATCCTGAAGACAGCAGCTTCTACATCTGCAGTGCTAGAGATCAGCTAGCGGGCTACGAGCAGTACTTCGGGCCG"	"CSARDQLAGYEQYF"	"GTGACCAGTGCCCATCCTGAAGACAGCAGCTTCTACATCTGCAGTGCTAGAGATCAGCTAGCGGGCTACGAGCAGTACTTCGGGCCG"	"CSARDQLAGYEQYF"	NA	"TCRBD2-1"	"TCRBJ2-7*1"	53	57	-1	65	4	66	NA	NA	"GTGACCAGTGCCCATCCTGAAGACAGCAGCTTCTACATCTGCAGTGCTAGAGATCAGCTAGCGGGCTACGAGCAGTACTTCGGGCCG"	FALSE	TRUE	NA	NA	NA	NA
"AACATGAGCCCTGAAGACAGCAGCATATATCTCTGCAGCGTTGAGGGGAATGAGGGGTCCTCCTACAATGAGCAGTTCTTCGGGCCA"	"CSVEGNEGSSYNEQFF"	"AACATGAGCCCTGAAGACAGCAGCATATATCTCTGCAGCGTTGAGGGGAATGAGGGGTCCTCCTACAATGAGCAGTTCTTCGGGCCA"	"CSVEGNEGSSYNEQFF"	"TCRBV29-1"	NA	"TCRBJ2-1*1"	44	52	57	59	8	2	NA	NA	"AACATGAGCCCTGAAGACAGCAGCATATATCTCTGCAGCGTTGAGGGGAATGAGGGGTCCTCCTACAATGAGCAGTTCTTCGGGCCA"	FALSE	TRUE	NA	NA	NA	NA
"ACCCTGCAGCCAGAAGACTCGGCCCTGTATCTCTGCGCCAGCAGCCACCTAAAGCAGGTCACTGGAAACACCATATATTTTGGAGAG"	"CASSHLKQVTGNTIYF"	"ACCCTGCAGCCAGAAGACTCGGCCCTGTATCTCTGCGCCAGCAGCCACCTAAAGCAGGTCACTGGAAACACCATATATTTTGGAGAG"	"CASSHLKQVTGNTIYF"	"TCRBV4-3*1"	"TCRBD1-1*1"	"TCRBJ1-3*1"	47	54	58	61	7	3	NA	NA	"ACCCTGCAGCCAGAAGACTCGGCCCTGTATCTCTGCGCCAGCAGCCACCTAAAGCAGGTCACTGGAAACACCATATATTTTGGAGAG"	FALSE	TRUE	NA	NA	NA	NA
"GTGACCAGTGCCCATCCTGAAGACAGCAGCTTCTACATCTGCAGTGCTAGCGGGTGGTCGAGGTCCGGGGAGCTGTTTTTTGGAGAA"	"CSASGWSRSGELFF"	"GTGACCAGTGCCCATCCTGAAGACAGCAGCTTCTACATCTGCAGTGCTAGCGGGTGGTCGAGGTCCGGGGAGCTGTTTTTTGGAGAA"	"CSASGWSRSGELFF"	NA	"TCRBD2-1"	"TCRBJ2-2*1"	-1	50	54	64	51	10	NA	NA	"GTGACCAGTGCCCATCCTGAAGACAGCAGCTTCTACATCTGCAGTGCTAGCGGGTGGTCGAGGTCCGGGGAGCTGTTTTTTGGAGAA"	FALSE	TRUE	NA	NA	NA	NA
"GTGACATCGGCCCAAAAGAACCCGACAGCTTTCTATCTCTGTGCCAGTAGTATAGCCCCGGTCGAAGATACGCAGTATTTTGGCCCA"	"CASSIAPVEDTQYF"	"GTGACATCGGCCCAAAAGAACCCGACAGCTTTCTATCTCTGTGCCAGTAGTATAGCCCCGGTCGAAGATACGCAGTATTTTGGCCCA"	"CASSIAPVEDTQYF"	"TCRBV19-1*1"	"TCRBD2-1"	"TCRBJ2-3*1"	55	58	61	65	3	4	NA	NA	"GTGACATCGGCCCAAAAGAACCCGACAGCTTTCTATCTCTGTGCCAGTAGTATAGCCCCGGTCGAAGATACGCAGTATTTTGGCCCA"	FALSE	TRUE	NA	NA	NA	NA
"NNNNNNNTGTCGGCTGCTCCCTCCCAGACATCTGTGTACTTCTGTGCCAGCAGTGCGGGCGGTAACTATGGCTACACCTTCGGTTCG"	"CASSAGGNYGYTF"	"NNNNNNNTGTCGGCTGCTCCCTCCCAGACATCTGTGTACTTCTGTGCCAGCAGTGCGGGCGGTAACTATGGCTACACCTTCGGTTCG"	"CASSAGGNYGYTF"	NA	NA	"TCRBJ1-2*1"	55	56	60	62	1	2	NA	NA	"NNNNNNNTGTCGGCTGCTCCCTCCCAGACATCTGTGTACTTCTGTGCCAGCAGTGCGGGCGGTAACTATGGCTACACCTTCGGTTCG"	FALSE	TRUE	NA	NA	NA	NA
"AATTCCCTGGAGCTTGGTGACTCTGCTGTGTATTTCTGTGCCAGCAGCCACTCCCCAGCTAGCACAGATACGCAGTATTTTGGCCCA"	"CASSHSPASTDTQYF"	"AATTCCCTGGAGCTTGGTGACTCTGCTGTGTATTTCTGTGCCAGCAGCCACTCCCCAGCTAGCACAGATACGCAGTATTTTGGCCCA"	"CASSHSPASTDTQYF"	"TCRBV3-1/3-2*1"	NA	"TCRBJ2-3*1"	50	55	58	60	5	2	NA	NA	"AATTCCCTGGAGCTTGGTGACTCTGCTGTGTATTTCTGTGCCAGCAGCCACTCCCCAGCTAGCACAGATACGCAGTATTTTGGCCCA"	FALSE	TRUE	NA	NA	NA	NA
"AGGTAGTGCGAGGAGATTCGGCAGCTTATTTCTGTGCCAGCTCACCGGCCTACGGCCAGGATCTCCTACGAGCAGTACTTCGGGCCG"	""	"AGGTAGTGCGAGGAGATTCGGCAGCTTATTTCTGTGCCAGCTCACCGGCCTACGGCCAGGATCTCCTACGAGCAGTACTTCGGGCCG"	""	"TCRBV18-1*1"	"TCRBD1-1*1"	"TCRBJ2-7*1"	46	56	60	62	10	2	NA	NA	"AGGTAGTGCGAGGAGATTCGGCAGCTTATTTCTGTGCCAGCTCACCGGCCTACGGCCAGGATCTCCTACGAGCAGTACTTCGGGCCG"	FALSE	FALSE	NA	NA	NA	NA
"AATCTTCACATCAATTCCCTGGAGCTTGGTGACTCTGCTGTGTATTTCTGTGCCAGCAGGGGCCCGGATACGCAGTATTTTGGCCCA"	"CASRGPDTQYF"	"AATCTTCACATCAATTCCCTGGAGCTTGGTGACTCTGCTGTGTATTTCTGTGCCAGCAGGGGCCCGGATACGCAGTATTTTGGCCCA"	"CASRGPDTQYF"	"TCRBV3-1/3-2*1"	"TCRBD1-1*1"	"TCRBJ2-3*1"	-1	59	63	66	60	3	NA	NA	"AATCTTCACATCAATTCCCTGGAGCTTGGTGACTCTGCTGTGTATTTCTGTGCCAGCAGGGGCCCGGATACGCAGTATTTTGGCCCA"	FALSE	TRUE	NA	NA	NA	NA
"ATCCAGCCCTCAGAACCCAGGGACTCAGCTGTGTACTTCTGTGCCAGCAGACGCGCTAGCGGGGCCGGGGAGCTGTTTTTTGGAGAA"	"CASRRASGAGELFF"	"ATCCAGCCCTCAGAACCCAGGGACTCAGCTGTGTACTTCTGTGCCAGCAGACGCGCTAGCGGGGCCGGGGAGCTGTTTTTTGGAGAA"	"CASRRASGAGELFF"	NA	"TCRBD2-1*1"	"TCRBJ2-2*1"	50	55	-1	64	5	65	NA	NA	"ATCCAGCCCTCAGAACCCAGGGACTCAGCTGTGTACTTCTGTGCCAGCAGACGCGCTAGCGGGGCCGGGGAGCTGTTTTTTGGAGAA"	FALSE	TRUE	NA	NA	NA	NA
"ATCCAGCCTGCAGAGCTTGGGGACTCGGCCGTGTATCTCTGTGCCAGCAGCTCGCAGGGTTACCAAGAGACCCAGTACTTCGGGCCA"	"CASSSQGYQETQYF"	"ATCCAGCCTGCAGAGCTTGGGGACTCGGCCGTGTATCTCTGTGCCAGCAGCTCGCAGGGTTACCAAGAGACCCAGTACTTCGGGCCA"	"CASSSQGYQETQYF"	"TCRBV11-3*1"	"TCRBD1-1*1"	"TCRBJ2-5*1"	52	54	59	61	2	2	NA	NA	"ATCCAGCCTGCAGAGCTTGGGGACTCGGCCGTGTATCTCTGTGCCAGCAGCTCGCAGGGTTACCAAGAGACCCAGTACTTCGGGCCA"	FALSE	TRUE	NA	NA	NA	NA
"GACGCCTTGGAGCTGGACGACTCGGCCCTGTATCTCTGTGCCAGCAGCTTGGAAGGGGACTCCTACAATGAGCAGTTCTTCGGGCCA"	"CASSLEGDSYNEQFF"	"GACGCCTTGGAGCTGGACGACTCGGCCCTGTATCTCTGTGCCAGCAGCTTGGAAGGGGACTCCTACAATGAGCAGTTCTTCGGGCCA"	"CASSLEGDSYNEQFF"	"TCRBV5-4*1"	"TCRBD1-1*1"	"TCRBJ2-1*1"	52	53	58	59	1	1	NA	NA	"GACGCCTTGGAGCTGGACGACTCGGCCCTGTATCTCTGTGCCAGCAGCTTGGAAGGGGACTCCTACAATGAGCAGTTCTTCGGGCCA"	FALSE	TRUE	NA	NA	NA	NA
"CAGCCTGCAGAACTGGAGGATTCTGGAGTTTATTTCTGTGCCAGCAGCCAAGTTGATCGAACCAGCTATGGCTACACCTTCGGTTCG"	"CASSQVDRTSYGYTF"	"CAGCCTGCAGAACTGGAGGATTCTGGAGTTTATTTCTGTGCCAGCAGCCAAGTTGATCGAACCAGCTATGGCTACACCTTCGGTTCG"	"CASSQVDRTSYGYTF"	"TCRBV14-1*1"	"TCRBD1-1*1"	"TCRBJ1-2*1"	52	62	-1	65	10	66	NA	NA	"CAGCCTGCAGAACTGGAGGATTCTGGAGTTTATTTCTGTGCCAGCAGCCAAGTTGATCGAACCAGCTATGGCTACACCTTCGGTTCG"	FALSE	TRUE	NA	NA	NA	NA
"GTAGTGCGAGGAGATTCGGCAGCTTATTTCTGTGCCAGCTCACCAGGGAACGGCAGGGCCAGCACAGATACGCAGTATTTTGGCCCA"	"CASSPGNGRASTDTQYF"	"GTAGTGCGAGGAGATTCGGCAGCTTATTTCTGTGCCAGCTCACCAGGGAACGGCAGGGCCAGCACAGATACGCAGTATTTTGGCCCA"	"CASSPGNGRASTDTQYF"	"TCRBV18-1*1"	"TCRBD1-1*1"	"TCRBJ2-3*1"	45	53	58	60	8	2	NA	NA	"GTAGTGCGAGGAGATTCGGCAGCTTATTTCTGTGCCAGCTCACCAGGGAACGGCAGGGCCAGCACAGATACGCAGTATTTTGGCCCA"	FALSE	TRUE	NA	NA	NA	NA
"TCCCTGGAGCTTGGTGACTCTGCTGTGTATTTCTGTGCCAGCAGCCAAGAGAACGTCGGGGGTTTGCGGGGCTACACCTTCGGTTCG"	"CASSQENVGGLRGYTF"	"TCCCTGGAGCTTGGTGACTCTGCTGTGTATTTCTGTGCCAGCAGCCAAGAGAACGTCGGGGGTTTGCGGGGCTACACCTTCGGTTCG"	"CASSQENVGGLRGYTF"	"TCRBV3-1/3-2*1"	"TCRBD2-1*1"	"TCRBJ1-2*1"	50	56	62	69	6	7	NA	NA	"TCCCTGGAGCTTGGTGACTCTGCTGTGTATTTCTGTGCCAGCAGCCAAGAGAACGTCGGGGGTTTGCGGGGCTACACCTTCGGTTCG"	FALSE	TRUE	NA	NA	NA	NA
"CACACCCTGCAGCCAGAAGACTCGGCCCTGTATCTCTGCGCCAGCAGCCAAGATAGGCAGATCAACTATGGCTACACCTTCGGTTCG"	"CASSQDRQINYGYTF"	"CACACCCTGCAGCCAGAAGACTCGGCCCTGTATCTCTGCGCCAGCAGCCAAGATAGGCAGATCAACTATGGCTACACCTTCGGTTCG"	"CASSQDRQINYGYTF"	"TCRBV4-3*1"	NA	"TCRBJ1-2*1"	53	57	60	63	4	3	NA	NA	"CACACCCTGCAGCCAGAAGACTCGGCCCTGTATCTCTGCGCCAGCAGCCAAGATAGGCAGATCAACTATGGCTACACCTTCGGTTCG"	FALSE	TRUE	NA	NA	NA	NA
"NTGTCGGCTGCTCCCTCCCAGACATCTGTGTACTTCTGTGCCAGCACTCGGTACGGGACAGGGTCCTACGAGCAGTACTTCGGGCCG"	"CASTRYGTGSYEQYF"	"NTGTCGGCTGCTCCCTCCCAGACATCTGTGTACTTCTGTGCCAGCACTCGGTACGGGACAGGGTCCTACGAGCAGTACTTCGGGCCG"	"CASTRYGTGSYEQYF"	"TCRBV6-5*1"	"TCRBD1-1*1"	"TCRBJ2-7*1"	46	54	-1	63	8	64	NA	NA	"NTGTCGGCTGCTCCCTCCCAGACATCTGTGTACTTCTGTGCCAGCACTCGGTACGGGACAGGGTCCTACGAGCAGTACTTCGGGCCG"	FALSE	TRUE	NA	NA	NA	NA
"CTGATTCTGGAGTCCGCCAGCACCAACCAGACATCTATGTACCTCTGTGCCAGCAGTTTCGGTGAGGAGACCCAGTACTTCGGGCCA"	"CASSFGEETQYF"	"CTGATTCTGGAGTCCGCCAGCACCAACCAGACATCTATGTACCTCTGTGCCAGCAGTTTCGGTGAGGAGACCCAGTACTTCGGGCCA"	"CASSFGEETQYF"	"TCRBV28-1*1"	"TCRBD2-1"	"TCRBJ2-5*1"	-1	59	62	66	60	4	NA	NA	"CTGATTCTGGAGTCCGCCAGCACCAACCAGACATCTATGTACCTCTGTGCCAGCAGTTTCGGTGAGGAGACCCAGTACTTCGGGCCA"	FALSE	TRUE	NA	NA	NA	NA
"CAGCCCTCAGAACCCAGGGACTCAGCTGTGTACTTCTGTGCCAGCAGGGTTACAGGGGAGGGCAATCAGCCCCAGCATTTTGGTGAT"	"CASRVTGEGNQPQHF"	"CAGCCCTCAGAACCCAGGGACTCAGCTGTGTACTTCTGTGCCAGCAGGGTTACAGGGGAGGGCAATCAGCCCCAGCATTTTGGTGAT"	"CASRVTGEGNQPQHF"	NA	"TCRBD1-1*1"	"TCRBJ1-5*1"	47	51	58	61	4	3	NA	NA	"CAGCCCTCAGAACCCAGGGACTCAGCTGTGTACTTCTGTGCCAGCAGGGTTACAGGGGAGGGCAATCAGCCCCAGCATTTTGGTGAT"	FALSE	TRUE	NA	NA	NA	NA
"AGGCCTGGGGGACGCAGCCATGTACCTGTGTGCCACCAGCAAAAGGGGGCGGCCAGGCGGAACACCGGGGAGCTGTTTTTTGGAGAA"	""	"AGGCCTGGGGGACGCAGCCATGTACCTGTGTGCCACCAGCAAAAGGGGGCGGCCAGGCGGAACACCGGGGAGCTGTTTTTTGGAGAA"	""	"TCRBV15-1*2"	"TCRBD1-1*1"	"TCRBJ2-2*1"	41	43	50	59	2	9	NA	NA	"AGGCCTGGGGGACGCAGCCATGTACCTGTGTGCCACCAGCAAAAGGGGGCGGCCAGGCGGAACACCGGGGAGCTGTTTTTTGGAGAA"	FALSE	FALSE	NA	NA	NA	NA
"AACGCCTTGGAGCTGGACGACTCGGCCCTGTATCTCTGTGCCAGCAGCTTGTCCTCTAGCGGGACAGATACGCAGTATTTTGGCCCA"	"CASSLSSSGTDTQYF"	"AACGCCTTGGAGCTGGACGACTCGGCCCTGTATCTCTGTGCCAGCAGCTTGTCCTCTAGCGGGACAGATACGCAGTATTTTGGCCCA"	"CASSLSSSGTDTQYF"	"TCRBV5-4*1"	"TCRBD2-1"	"TCRBJ2-3*1"	51	55	-1	63	4	64	NA	NA	"AACGCCTTGGAGCTGGACGACTCGGCCCTGTATCTCTGTGCCAGCAGCTTGTCCTCTAGCGGGACAGATACGCAGTATTTTGGCCCA"	FALSE	TRUE	NA	NA	NA	NA
"GATTCTGGAGTCCGCCAGCACCAACCAGACATCTATGTACCTCTGTGCCAGCCGGGACAGGGACTCTGCGAGCAGTACTTCGGGCCG"	""	"GATTCTGGAGTCCGCCAGCACCAACCAGACATCTATGTACCTCTGTGCCAGCCGGGACAGGGACTCTGCGAGCAGTACTTCGGGCCG"	""	"TCRBV28-1*1"	"TCRBD1-1*1"	"TCRBJ2-7*1"	52	53	62	68	1	6	NA	NA	"GATTCTGGAGTCCGCCAGCACCAACCAGACATCTATGTACCTCTGTGCCAGCCGGGACAGGGACTCTGCGAGCAGTACTTCGGGCCG"	FALSE	FALSE	NA	NA	NA	NA
"NNNNTGTCGGCTGCTCCCTCCCAGACATCTGTGTACTTCTGTGCCAGCAGTTACTCTAGGGTTAACACTGAAGCTTTCTTTGGACAA"	"CASSYSRVNTEAFF"	"NNNNTGTCGGCTGCTCCCTCCCAGACATCTGTGTACTTCTGTGCCAGCAGTTACTCTAGGGTTAACACTGAAGCTTTCTTTGGACAA"	"CASSYSRVNTEAFF"	"TCRBV6-5*1"	NA	"TCRBJ1-1*1"	56	57	61	63	1	2	NA	NA	"NNNNTGTCGGCTGCTCCCTCCCAGACATCTGTGTACTTCTGTGCCAGCAGTTACTCTAGGGTTAACACTGAAGCTTTCTTTGGACAA"	FALSE	TRUE	NA	NA	NA	NA
"TTGGAGCTGGACGACTCGGCCCTGTATCTCTGTGCCAGCAGCTCCCCCCCAGCGGGAGGACCTGGGGATGAGCAGTTCTTCGGGCCA"	"CASSSPPAGGPGDEQFF"	"TTGGAGCTGGACGACTCGGCCCTGTATCTCTGTGCCAGCAGCTCCCCCCCAGCGGGAGGACCTGGGGATGAGCAGTTCTTCGGGCCA"	"CASSSPPAGGPGDEQFF"	"TCRBV5-4*1"	"TCRBD2-1*2"	"TCRBJ2-1*1"	43	50	59	67	7	8	NA	NA	"TTGGAGCTGGACGACTCGGCCCTGTATCTCTGTGCCAGCAGCTCCCCCCCAGCGGGAGGACCTGGGGATGAGCAGTTCTTCGGGCCA"	FALSE	TRUE	NA	NA	NA	NA
"GAACTAAACCTGAGCTCTCTGGAGCTGGGGGACTCAGCTTTGTATTTCTGTGCCAGCAGCGGGGCAGATACGCAGTATTTTGGCCCA"	"CASSGADTQYF"	"GAACTAAACCTGAGCTCTCTGGAGCTGGGGGACTCAGCTTTGTATTTCTGTGCCAGCAGCGGGGCAGATACGCAGTATTTTGGCCCA"	"CASSGADTQYF"	"TCRBV9-1*1"	NA	"TCRBJ2-3*1"	-1	61	-1	64	62	65	NA	NA	"GAACTAAACCTGAGCTCTCTGGAGCTGGGGGACTCAGCTTTGTATTTCTGTGCCAGCAGCGGGGCAGATACGCAGTATTTTGGCCCA"	FALSE	TRUE	NA	NA	NA	NA
"CTCCCTCCCAGACATCTGTGTACTTCTGTGCCAGCAGTTACTCGTCTAGGAACGGGACAGGGCTCCTACGAGCAGTACTTCGGGCCG"	""	"CTCCCTCCCAGACATCTGTGTACTTCTGTGCCAGCAGTTACTCGTCTAGGAACGGGACAGGGCTCCTACGAGCAGTACTTCGGGCCG"	""	NA	"TCRBD1-1*1"	"TCRBJ2-7*1"	43	53	-1	62	10	63	NA	NA	"CTCCCTCCCAGACATCTGTGTACTTCTGTGCCAGCAGTTACTCGTCTAGGAACGGGACAGGGCTCCTACGAGCAGTACTTCGGGCCG"	FALSE	FALSE	NA	NA	NA	NA
"AGCTCTCTGGAGCTGGGGGACTCAGCTTTGTATTTCTGTGCCAGCAGCGTAGAGGGAGAAAACACAGATACGCAGTATTTTGGCCCA"	"CASSVEGENTDTQYF"	"AGCTCTCTGGAGCTGGGGGACTCAGCTTTGTATTTCTGTGCCAGCAGCGTAGAGGGAGAAAACACAGATACGCAGTATTTTGGCCCA"	"CASSVEGENTDTQYF"	"TCRBV9-1*1"	"TCRBD2-1*2"	"TCRBJ2-3*1"	52	53	58	62	1	4	NA	NA	"AGCTCTCTGGAGCTGGGGGACTCAGCTTTGTATTTCTGTGCCAGCAGCGTAGAGGGAGAAAACACAGATACGCAGTATTTTGGCCCA"	FALSE	TRUE	NA	NA	NA	NA
"TCTCTGGAGCTGGGGGACTCAGCTTTGTATTTCTGTGCCAGCAGCAACTTGGCAGGGGGAGGCACAGATACGCAGTATTTTGGCCCA"	"CASSNLAGGGTDTQYF"	"TCTCTGGAGCTGGGGGACTCAGCTTTGTATTTCTGTGCCAGCAGCAACTTGGCAGGGGGAGGCACAGATACGCAGTATTTTGGCCCA"	"CASSNLAGGGTDTQYF"	"TCRBV9-1*1"	"TCRBD1-1*1"	"TCRBJ2-3*1"	45	52	59	61	7	2	NA	NA	"TCTCTGGAGCTGGGGGACTCAGCTTTGTATTTCTGTGCCAGCAGCAACTTGGCAGGGGGAGGCACAGATACGCAGTATTTTGGCCCA"	FALSE	TRUE	NA	NA	NA	NA
"CACCTACACGCCCTGCAGCCAGAAGACTCAGCCCTGTATCTCTGCGCCAGCAGCCCCGAGGGTCAGTTTGAAGCTTTCTTTGGACAA"	"CASSPEGQFEAFF"	"CACCTACACGCCCTGCAGCCAGAAGACTCAGCCCTGTATCTCTGCGCCAGCAGCCCCGAGGGTCAGTTTGAAGCTTTCTTTGGACAA"	"CASSPEGQFEAFF"	"TCRBV4-1*1"	"TCRBD2-1*2"	"TCRBJ1-1*1"	55	57	62	68	2	6	NA	NA	"CACCTACACGCCCTGCAGCCAGAAGACTCAGCCCTGTATCTCTGCGCCAGCAGCCCCGAGGGTCAGTTTGAAGCTTTCTTTGGACAA"	FALSE	TRUE	NA	NA	NA	NA
"TCTGCCAGGCCCTCACATACCTCTCAGTACCTCTGTGCCAGCAGTGAAGAAATGACAGGGGGCGGGGACATTCAGTACTTCGGCGCC"	"CASSEEMTGGGDIQYF"	"TCTGCCAGGCCCTCACATACCTCTCAGTACCTCTGTGCCAGCAGTGAAGAAATGACAGGGGGCGGGGACATTCAGTACTTCGGCGCC"	"CASSEEMTGGGDIQYF"	"TCRBV25-1*1"	"TCRBD1-1*1"	"TCRBJ2-4*1"	48	53	63	67	5	4	NA	NA	"TCTGCCAGGCCCTCACATACCTCTCAGTACCTCTGTGCCAGCAGTGAAGAAATGACAGGGGGCGGGGACATTCAGTACTTCGGCGCC"	FALSE	TRUE	NA	NA	NA	NA
"GATCCAGCGCACAGAGCAGGAGGACTCGGCCGTGTATCTCTGTGCCAGCAGCTTAGTGTGGGAGGCGAGACCCAGTACTTCGGGCCA"	""	"GATCCAGCGCACAGAGCAGGAGGACTCGGCCGTGTATCTCTGTGCCAGCAGCTTAGTGTGGGAGGCGAGACCCAGTACTTCGGGCCA"	""	"TCRBV7-2"	"TCRBD2-1*2"	"TCRBJ2-5*1"	56	59	65	66	3	1	NA	NA	"GATCCAGCGCACAGAGCAGGAGGACTCGGCCGTGTATCTCTGTGCCAGCAGCTTAGTGTGGGAGGCGAGACCCAGTACTTCGGGCCA"	FALSE	FALSE	NA	NA	NA	NA
"NNNNTGTCGGCTGCTCCCTCCCAAACATCTGTGTACTTCTGTGCCAGCACCCCACGTGACAGGGCCTACGAGCAGTACTTCGGGCCG"	"CASTPRDRAYEQYF"	"NNNNTGTCGGCTGCTCCCTCCCAAACATCTGTGTACTTCTGTGCCAGCACCCCACGTGACAGGGCCTACGAGCAGTACTTCGGGCCG"	"CASTPRDRAYEQYF"	"TCRBV6-2*2"	"TCRBD1-1*1"	"TCRBJ2-7*1"	53	57	-1	64	4	65	NA	NA	"NNNNTGTCGGCTGCTCCCTCCCAAACATCTGTGTACTTCTGTGCCAGCACCCCACGTGACAGGGCCTACGAGCAGTACTTCGGGCCG"	FALSE	TRUE	NA	NA	NA	NA
"GTGCAGCCTGCAGAACTGGAGGATTCTGGAGTTTATTTCTGTGCCAGCAGCCGGGGGTCTGGGGCCAACGTCCTGACTTTCGGGGCC"	"CASSRGSGANVLTF"	"GTGCAGCCTGCAGAACTGGAGGATTCTGGAGTTTATTTCTGTGCCAGCAGCCGGGGGTCTGGGGCCAACGTCCTGACTTTCGGGGCC"	"CASSRGSGANVLTF"	"TCRBV14-1*1"	NA	"TCRBJ2-6*1"	-1	52	-1	57	53	58	NA	NA	"GTGCAGCCTGCAGAACTGGAGGATTCTGGAGTTTATTTCTGTGCCAGCAGCCGGGGGTCTGGGGCCAACGTCCTGACTTTCGGGGCC"	FALSE	TRUE	NA	NA	NA	NA
"CAGAGCAGGGGGACTCAGCTGTGTATCTCTGTGCCAGCAGCTTAGCAAGAGGCGTGGTGATGGTCGGCTGAAGCTTTCTTTGGACAA"	""	"CAGAGCAGGGGGACTCAGCTGTGTATCTCTGTGCCAGCAGCTTAGCAAGAGGCGTGGTGATGGTCGGCTGAAGCTTTCTTTGGACAA"	""	"TCRBV7-4*1"	"TCRBD2-1*2"	"TCRBJ1-1*1"	46	48	52	67	2	15	NA	NA	"CAGAGCAGGGGGACTCAGCTGTGTATCTCTGTGCCAGCAGCTTAGCAAGAGGCGTGGTGATGGTCGGCTGAAGCTTTCTTTGGACAA"	FALSE	FALSE	NA	NA	NA	NA
"ACTGTGAGCAACATGAGCCCTGAAGACAGCAGCATATATCTCTGCAGCGTGGTCCACTCCCGCGCCTACGAGCAGTACTTCGGGCCG"	"CSVVHSRAYEQYF"	"ACTGTGAGCAACATGAGCCCTGAAGACAGCAGCATATATCTCTGCAGCGTGGTCCACTCCCGCGCCTACGAGCAGTACTTCGGGCCG"	"CSVVHSRAYEQYF"	"TCRBV29-1"	"TCRBD2-1"	"TCRBJ2-7*1"	50	55	58	64	5	6	NA	NA	"ACTGTGAGCAACATGAGCCCTGAAGACAGCAGCATATATCTCTGCAGCGTGGTCCACTCCCGCGCCTACGAGCAGTACTTCGGGCCG"	FALSE	TRUE	NA	NA	NA	NA
"TCTAAGAAGCTCCTTCTCAGTGACTCTGGCTTCTATCTCTGTGCCTGGAGTGTCGGGAGGGCCCCCTACGAGCAGTACTTCGGGCCG"	"CAWSVGRAPYEQYF"	"TCTAAGAAGCTCCTTCTCAGTGACTCTGGCTTCTATCTCTGTGCCTGGAGTGTCGGGAGGGCCCCCTACGAGCAGTACTTCGGGCCG"	"CAWSVGRAPYEQYF"	"TCRBV3-1*1"	"TCRBD2-1*2"	"TCRBJ2-7*1"	-1	53	61	64	54	3	NA	NA	"TCTAAGAAGCTCCTTCTCAGTGACTCTGGCTTCTATCTCTGTGCCTGGAGTGTCGGGAGGGCCCCCTACGAGCAGTACTTCGGGCCG"	FALSE	TRUE	NA	NA	NA	NA
"CTGACAGTGACCAGTGCCCATCCTGAAGACAGCAGCTTCTACATCTGCAGTTCCCGTTATAACCAAGAGACCCAGTACTTCGGGCCA"	"CSSRYNQETQYF"	"CTGACAGTGACCAGTGCCCATCCTGAAGACAGCAGCTTCTACATCTGCAGTTCCCGTTATAACCAAGAGACCCAGTACTTCGGGCCA"	"CSSRYNQETQYF"	NA	"TCRBD2-1"	"TCRBJ2-5*1"	51	57	59	61	6	2	NA	NA	"CTGACAGTGACCAGTGCCCATCCTGAAGACAGCAGCTTCTACATCTGCAGTTCCCGTTATAACCAAGAGACCCAGTACTTCGGGCCA"	FALSE	TRUE	NA	NA	NA	NA
"ACACACCCTGCAGCCAGAAGACTCGGCCCTGTATCTCTGTGCCAGCAGTCGGGACTAGCGGCGGCCTACGAGCAGTACTTCGGGCCG"	""	"ACACACCCTGCAGCCAGAAGACTCGGCCCTGTATCTCTGTGCCAGCAGTCGGGACTAGCGGCGGCCTACGAGCAGTACTTCGGGCCG"	""	"TCRBV4-2*1"	"TCRBD2-1"	"TCRBJ2-7*1"	48	50	61	64	2	3	NA	NA	"ACACACCCTGCAGCCAGAAGACTCGGCCCTGTATCTCTGTGCCAGCAGTCGGGACTAGCGGCGGCCTACGAGCAGTACTTCGGGCCG"	FALSE	FALSE	NA	NA	NA	NA
"TCCTGGAGTCGCCCAGCCCCAACCAGACCTCTCTGTACTTCTGTGCCAGCAGTTTATGCGGAGCGTCAGGCCCAGTACTTCGGGCCA"	""	"TCCTGGAGTCGCCCAGCCCCAACCAGACCTCTCTGTACTTCTGTGCCAGCAGTTTATGCGGAGCGTCAGGCCCAGTACTTCGGGCCA"	""	"TCRBV27-1*1"	NA	"TCRBJ2-5*1"	57	66	-1	70	9	71	NA	NA	"TCCTGGAGTCGCCCAGCCCCAACCAGACCTCTCTGTACTTCTGTGCCAGCAGTTTATGCGGAGCGTCAGGCCCAGTACTTCGGGCCA"	FALSE	FALSE	NA	NA	NA	NA
"GAGTCGCCCAGCCCCAACCAGACCTCTCTGTACTTCTGTGCCAGCAGTTTAGGCTGGGGGCGTGACTACGAGCAGTACTTCGGGCCG"	"CASSLGWGRDYEQYF"	"GAGTCGCCCAGCCCCAACCAGACCTCTCTGTACTTCTGTGCCAGCAGTTTAGGCTGGGGGCGTGACTACGAGCAGTACTTCGGGCCG"	"CASSLGWGRDYEQYF"	"TCRBV27-1*1"	"TCRBD1-1*1"	"TCRBJ2-7*1"	51	55	61	65	4	4	NA	NA	"GAGTCGCCCAGCCCCAACCAGACCTCTCTGTACTTCTGTGCCAGCAGTTTAGGCTGGGGGCGTGACTACGAGCAGTACTTCGGGCCG"	FALSE	TRUE	NA	NA	NA	NA
"NTGTCGGCTGCTCCCTCCCAGACATCTGTGTACTTCTGTGCCAGCAGTTCTCGGATGAGCGCCTACAATGAGCAGTTCTTCGGGCCA"	"CASSSRMSAYNEQFF"	"NTGTCGGCTGCTCCCTCCCAGACATCTGTGTACTTCTGTGCCAGCAGTTCTCGGATGAGCGCCTACAATGAGCAGTTCTTCGGGCCA"	"CASSSRMSAYNEQFF"	"TCRBV6-5*1"	"TCRBD2-1"	"TCRBJ2-1*1"	49	57	-1	61	8	62	NA	NA	"NTGTCGGCTGCTCCCTCCCAGACATCTGTGTACTTCTGTGCCAGCAGTTCTCGGATGAGCGCCTACAATGAGCAGTTCTTCGGGCCA"	FALSE	TRUE	NA	NA	NA	NA
"CTGTCCCTAGAGTCTGCCATCCCCAACCAGACAGCTCTTTACTTCTGTGCCACCAGTGATTTTGGAAACACCATATATTTTGGAGAG"	"CATSDFGNTIYF"	"CTGTCCCTAGAGTCTGCCATCCCCAACCAGACAGCTCTTTACTTCTGTGCCACCAGTGATTTTGGAAACACCATATATTTTGGAGAG"	"CATSDFGNTIYF"	"TCRBV24-1*1"	NA	"TCRBJ1-3*1"	-1	-1	-1	62	0	63	NA	NA	"CTGTCCCTAGAGTCTGCCATCCCCAACCAGACAGCTCTTTACTTCTGTGCCACCAGTGATTTTGGAAACACCATATATTTTGGAGAG"	FALSE	TRUE	NA	NA	NA	NA
"GCCCAAAAGAACCCGACAGCTTTCTATCTCTGTGCCAGTCAAAACCTAAACCGGGACAGGGGTCGGCCGGGCTACACCTTCGGTTCG"	"CASQNLNRDRGRPGYTF"	"GCCCAAAAGAACCCGACAGCTTTCTATCTCTGTGCCAGTCAAAACCTAAACCGGGACAGGGGTCGGCCGGGCTACACCTTCGGTTCG"	"CASQNLNRDRGRPGYTF"	"TCRBV19-1*1"	"TCRBD1-1*1"	"TCRBJ1-2*1"	39	52	62	69	13	7	NA	NA	"GCCCAAAAGAACCCGACAGCTTTCTATCTCTGTGCCAGTCAAAACCTAAACCGGGACAGGGGTCGGCCGGGCTACACCTTCGGTTCG"	FALSE	TRUE	NA	NA	NA	NA
"ACGCAGCCATGTACCTGTGTGCCACCAGCTCCCGAAAACACATCTCTGGACATCGCGGCGGGGGCCAACGTCCTGACTTTCGGGGCC"	""	"ACGCAGCCATGTACCTGTGTGCCACCAGCTCCCGAAAACACATCTCTGGACATCGCGGCGGGGGCCAACGTCCTGACTTTCGGGGCC"	""	"TCRBV15-1*2"	"TCRBD1-1*1"	"TCRBJ2-6*1"	29	47	52	60	18	8	NA	NA	"ACGCAGCCATGTACCTGTGTGCCACCAGCTCCCGAAAACACATCTCTGGACATCGCGGCGGGGGCCAACGTCCTGACTTTCGGGGCC"	FALSE	FALSE	NA	NA	NA	NA
"TGAAGATCCAGCCTGCAGAGCAGGGGGACTCGGCCGTGTATGTCTGTGCAAGTCGCCCGCCTCGGTTAGCCCCAGCATTTTGGTGAT"	""	"TGAAGATCCAGCCTGCAGAGCAGGGGGACTCGGCCGTGTATGTCTGTGCAAGTCGCCCGCCTCGGTTAGCCCCAGCATTTTGGTGAT"	""	"TCRBV12-2*1"	"TCRBD2-1"	"TCRBJ1-5*1"	56	62	65	67	6	2	NA	NA	"TGAAGATCCAGCCTGCAGAGCAGGGGGACTCGGCCGTGTATGTCTGTGCAAGTCGCCCGCCTCGGTTAGCCCCAGCATTTTGGTGAT"	FALSE	FALSE	NA	NA	NA	NA
"CTGGAGTCGCCCAGCCCCAACCAGACCTCTCTGTACTTCTGTGCCAGCAGTTCTGGACTAAGGCCCTACGAGCAGTACTTCGGGCCG"	"CASSSGLRPYEQYF"	"CTGGAGTCGCCCAGCCCCAACCAGACCTCTCTGTACTTCTGTGCCAGCAGTTCTGGACTAAGGCCCTACGAGCAGTACTTCGGGCCG"	"CASSSGLRPYEQYF"	"TCRBV27-1*1"	"TCRBD2-1"	"TCRBJ2-7*1"	52	54	60	64	2	4	NA	NA	"CTGGAGTCGCCCAGCCCCAACCAGACCTCTCTGTACTTCTGTGCCAGCAGTTCTGGACTAAGGCCCTACGAGCAGTACTTCGGGCCG"	FALSE	TRUE	NA	NA	NA	NA
"GTGACATCGGCCCAAAAGAACCCGACAGCTTTCTATCTCTGTGCCAGCGGCGACGAGGGGGGGCTAAACGAGCAGTACTTCGGGCCG"	"CASGDEGGLNEQYF"	"GTGACATCGGCCCAAAAGAACCCGACAGCTTTCTATCTCTGTGCCAGCGGCGACGAGGGGGGGCTAAACGAGCAGTACTTCGGGCCG"	"CASGDEGGLNEQYF"	"TCRBV19-1*1"	"TCRBD2-1*1"	"TCRBJ2-7*1"	47	56	63	67	9	4	NA	NA	"GTGACATCGGCCCAAAAGAACCCGACAGCTTTCTATCTCTGTGCCAGCGGCGACGAGGGGGGGCTAAACGAGCAGTACTTCGGGCCG"	FALSE	TRUE	NA	NA	NA	NA
"NCTCTGAAGATCCGGTCCACAAAGCTGGAGGACTCAGCCATGTACTTCTGTGCCAGCATCGGTAACAATGAGCAGTTCTTCGGGCCA"	"CASIGNNEQFF"	"NCTCTGAAGATCCGGTCCACAAAGCTGGAGGACTCAGCCATGTACTTCTGTGCCAGCATCGGTAACAATGAGCAGTTCTTCGGGCCA"	"CASIGNNEQFF"	"TCRBV2-1"	"TCRBD2-1"	"TCRBJ2-1*1"	58	59	62	64	1	2	NA	NA	"NCTCTGAAGATCCGGTCCACAAAGCTGGAGGACTCAGCCATGTACTTCTGTGCCAGCATCGGTAACAATGAGCAGTTCTTCGGGCCA"	FALSE	TRUE	NA	NA	NA	NA
"ACCAGTGCCCATCCTGAAGACAGCAGCTTCTACATCTGCAGTGCTTACTACCCCCCTAGGCCCAAGAGAACCCAGTACTTCGGGCCA"	"CSAYYPPRPKRTQYF"	"ACCAGTGCCCATCCTGAAGACAGCAGCTTCTACATCTGCAGTGCTTACTACCCCCCTAGGCCCAAGAGAACCCAGTACTTCGGGCCA"	"CSAYYPPRPKRTQYF"	NA	"TCRBD2-1"	"TCRBJ2-5*1"	45	46	50	69	1	19	NA	NA	"ACCAGTGCCCATCCTGAAGACAGCAGCTTCTACATCTGCAGTGCTTACTACCCCCCTAGGCCCAAGAGAACCCAGTACTTCGGGCCA"	FALSE	TRUE	NA	NA	NA	NA
"CTCAGACATCTGTGTACTTCTGTGCCAGCAGTGACTTGGGCAGGGTTGAGTACCAAACACTCCTACAATGAGCAGTTCTTCGGGCCA"	""	"CTCAGACATCTGTGTACTTCTGTGCCAGCAGTGACTTGGGCAGGGTTGAGTACCAAACACTCCTACAATGAGCAGTTCTTCGGGCCA"	""	"TCRBV6-4*1"	"TCRBD1-1*1"	"TCRBJ2-1*1"	36	40	45	59	4	14	NA	NA	"CTCAGACATCTGTGTACTTCTGTGCCAGCAGTGACTTGGGCAGGGTTGAGTACCAAACACTCCTACAATGAGCAGTTCTTCGGGCCA"	FALSE	FALSE	NA	NA	NA	NA
"CACGCCCTGCAGCCAGAAGACTCAGCCCTGTATCTCTGCGCCAGCAGCCAAGATTATATACCGGACAATGAGCAGTTCTTCGGGCCA"	"CASSQDYIPDNEQFF"	"CACGCCCTGCAGCCAGAAGACTCAGCCCTGTATCTCTGCGCCAGCAGCCAAGATTATATACCGGACAATGAGCAGTTCTTCGGGCCA"	"CASSQDYIPDNEQFF"	"TCRBV4-1*1"	"TCRBD2-1"	"TCRBJ2-1*1"	53	61	-1	64	8	65	NA	NA	"CACGCCCTGCAGCCAGAAGACTCAGCCCTGTATCTCTGCGCCAGCAGCCAAGATTATATACCGGACAATGAGCAGTTCTTCGGGCCA"	FALSE	TRUE	NA	NA	NA	NA
"GCTGCCTCCTCCCAGACATCTGTATATTTCTGCGCCAGCAGCCCTACGACTAGCGGGGGGATTAACAATGAGCAGTTCTTCGGGCCA"	"CASSPTTSGGINNEQFF"	"GCTGCCTCCTCCCAGACATCTGTATATTTCTGCGCCAGCAGCCCTACGACTAGCGGGGGGATTAACAATGAGCAGTTCTTCGGGCCA"	"CASSPTTSGGINNEQFF"	"TCRBV1-1"	"TCRBD2-1*1"	"TCRBJ2-1*1"	41	47	60	64	6	4	NA	NA	"GCTGCCTCCTCCCAGACATCTGTATATTTCTGCGCCAGCAGCCCTACGACTAGCGGGGGGATTAACAATGAGCAGTTCTTCGGGCCA"	FALSE	TRUE	NA	NA	NA	NA
"GACAGTGACCAGTGCCCATCCTGAAGACAGCAGCTTCTACATCTGCAGTGCTGCCCCTAGCGAGTTGATGAGCAGTTCTTCGGGCCA"	""	"GACAGTGACCAGTGCCCATCCTGAAGACAGCAGCTTCTACATCTGCAGTGCTGCCCCTAGCGAGTTGATGAGCAGTTCTTCGGGCCA"	""	NA	"TCRBD2-1"	"TCRBJ2-1*1"	52	56	62	67	4	5	NA	NA	"GACAGTGACCAGTGCCCATCCTGAAGACAGCAGCTTCTACATCTGCAGTGCTGCCCCTAGCGAGTTGATGAGCAGTTCTTCGGGCCA"	FALSE	FALSE	NA	NA	NA	NA
"GCGGGGGGACTCAGCCGTGTATCTCTGTGCCAGCAGCCTTGAGGACAGGGGGCTCTCAACTCTGGAAACACCATATATTTTGGAGAG"	""	"GCGGGGGGACTCAGCCGTGTATCTCTGTGCCAGCAGCCTTGAGGACAGGGGGCTCTCAACTCTGGAAACACCATATATTTTGGAGAG"	""	"TCRBV7-3*1"	"TCRBD1-1*1"	"TCRBJ1-3*1"	37	42	53	59	5	6	NA	NA	"GCGGGGGGACTCAGCCGTGTATCTCTGTGCCAGCAGCCTTGAGGACAGGGGGCTCTCAACTCTGGAAACACCATATATTTTGGAGAG"	FALSE	FALSE	NA	NA	NA	NA
"CAGCGCACAGAGCAGGAGGACTCGGCCGTGTATCTCTGTGCCAGCAGTTTGACTAGCGGGAGGTCCGGGGAGCAGTACTTCGGGCCG"	"CASSLTSGRSGEQYF"	"CAGCGCACAGAGCAGGAGGACTCGGCCGTGTATCTCTGTGCCAGCAGTTTGACTAGCGGGAGGTCCGGGGAGCAGTACTTCGGGCCG"	"CASSLTSGRSGEQYF"	"TCRBV7-2"	"TCRBD2-1*2"	"TCRBJ2-7*1"	47	50	63	69	3	6	NA	NA	"CAGCGCACAGAGCAGGAGGACTCGGCCGTGTATCTCTGTGCCAGCAGTTTGACTAGCGGGAGGTCCGGGGAGCAGTACTTCGGGCCG"	FALSE	TRUE	NA	NA	NA	NA
"ATCCAGCCTGCAAAGCTTGAGGACTCGGCCGTGTATCTCTGTGCCAGCAGCCCGCGGGGCGGGTCAGGGGAGCTGTTTTTTGGAGAA"	"CASSPRGGSGELFF"	"ATCCAGCCTGCAAAGCTTGAGGACTCGGCCGTGTATCTCTGTGCCAGCAGCCCGCGGGGCGGGTCAGGGGAGCTGTTTTTTGGAGAA"	"CASSPRGGSGELFF"	"TCRBV11-2*1"	"TCRBD2-1*1"	"TCRBJ2-2*1"	51	53	59	66	2	7	NA	NA	"ATCCAGCCTGCAAAGCTTGAGGACTCGGCCGTGTATCTCTGTGCCAGCAGCCCGCGGGGCGGGTCAGGGGAGCTGTTTTTTGGAGAA"	FALSE	TRUE	NA	NA	NA	NA
"AGCGCACAGAGCAGGGGGACTCGGCCATGTATCTCTGTGCCAGCAGCAAAGGACAGGGGTGAGTGGTACGAGCAGTACTTCGGGCCG"	""	"AGCGCACAGAGCAGGGGGACTCGGCCATGTATCTCTGTGCCAGCAGCAAAGGACAGGGGTGAGTGGTACGAGCAGTACTTCGGGCCG"	""	"TCRBV7-9*5"	"TCRBD1-1*1"	"TCRBJ2-7*1"	-1	51	59	66	52	7	NA	NA	"AGCGCACAGAGCAGGGGGACTCGGCCATGTATCTCTGTGCCAGCAGCAAAGGACAGGGGTGAGTGGTACGAGCAGTACTTCGGGCCG"	FALSE	FALSE	NA	NA	NA	NA
"GTGACCAGTGCCCATCCTGAAGACAGCAGCTTCTACATCTGCAGTGCCGGGACAGGCAACCTAAATCAGCCCCAGCATTTTGGTGAT"	"CSAGTGNLNQPQHF"	"GTGACCAGTGCCCATCCTGAAGACAGCAGCTTCTACATCTGCAGTGCCGGGACAGGCAACCTAAATCAGCCCCAGCATTTTGGTGAT"	"CSAGTGNLNQPQHF"	NA	"TCRBD1-1*1"	"TCRBJ1-5*1"	47	48	56	63	1	7	NA	NA	"GTGACCAGTGCCCATCCTGAAGACAGCAGCTTCTACATCTGCAGTGCCGGGACAGGCAACCTAAATCAGCCCCAGCATTTTGGTGAT"	FALSE	TRUE	NA	NA	NA	NA
"ATCCGGTCCACAAAGCTGGAGGACTCAGCCATGTACTTCTGTGCCAGCAGTCGGGACAAAGTAAATTCACCCCTCCACTTTGGGAAT"	"CASSRDKVNSPLHF"	"ATCCGGTCCACAAAGCTGGAGGACTCAGCCATGTACTTCTGTGCCAGCAGTCGGGACAAAGTAAATTCACCCCTCCACTTTGGGAAT"	"CASSRDKVNSPLHF"	"TCRBV2-1"	"TCRBD1-1*1"	"TCRBJ1-6*1"	51	52	58	63	1	5	NA	NA	"ATCCGGTCCACAAAGCTGGAGGACTCAGCCATGTACTTCTGTGCCAGCAGTCGGGACAAAGTAAATTCACCCCTCCACTTTGGGAAT"	FALSE	TRUE	NA	NA	NA	NA
"TGCAGAGCTTGGGGACTCGGCCGTGTATCTCTGTGCCAGCAGCTTTGTTAACGGCTCAGGGCCAAAAACATTCAGTACTTCGGCGCC"	""	"TGCAGAGCTTGGGGACTCGGCCGTGTATCTCTGTGCCAGCAGCTTTGTTAACGGCTCAGGGCCAAAAACATTCAGTACTTCGGCGCC"	""	"TCRBV11-3*1"	"TCRBD1-1*1"	"TCRBJ2-4*1"	45	56	-1	60	11	61	NA	NA	"TGCAGAGCTTGGGGACTCGGCCGTGTATCTCTGTGCCAGCAGCTTTGTTAACGGCTCAGGGCCAAAAACATTCAGTACTTCGGCGCC"	FALSE	FALSE	NA	NA	NA	NA
"CTGAGGATCCAGCAGGTAGTGCGAGGAGATTCGGCAGCTTATTTCTGTGCCAGCTCACTACCCGCCGGTACCCAGTACTTCGGGCCA"	"CASSLPAGTQYF"	"CTGAGGATCCAGCAGGTAGTGCGAGGAGATTCGGCAGCTTATTTCTGTGCCAGCTCACTACCCGCCGGTACCCAGTACTTCGGGCCA"	"CASSLPAGTQYF"	"TCRBV18-1*1"	"TCRBD2-1"	"TCRBJ2-5*1"	62	65	68	69	3	1	NA	NA	"CTGAGGATCCAGCAGGTAGTGCGAGGAGATTCGGCAGCTTATTTCTGTGCCAGCTCACTACCCGCCGGTACCCAGTACTTCGGGCCA"	FALSE	TRUE	NA	NA	NA	NA
"AATTCCCTGGAGCTTGGTGACTCTGCTGTGTATTTCTGTGCCAGCAGCCAAGTAGTAGAGAGACCAGATACGCAGTATTTTGGCCCA"	"CASSQVVERPDTQYF"	"AATTCCCTGGAGCTTGGTGACTCTGCTGTGTATTTCTGTGCCAGCAGCCAAGTAGTAGAGAGACCAGATACGCAGTATTTTGGCCCA"	"CASSQVVERPDTQYF"	"TCRBV3-1/3-2*1"	NA	"TCRBJ2-3*1"	52	61	-1	64	9	65	NA	NA	"AATTCCCTGGAGCTTGGTGACTCTGCTGTGTATTTCTGTGCCAGCAGCCAAGTAGTAGAGAGACCAGATACGCAGTATTTTGGCCCA"	FALSE	TRUE	NA	NA	NA	NA
"NCTCTCACTGTGACATCGGCCCAAAAGAACCCGACAGCTTTCTATCTCTGTGCCACCCAGGACAGGGCTGAAGCTTTCTTTGGACAA"	"CATQDRAEAFF"	"NCTCTCACTGTGACATCGGCCCAAAAGAACCCGACAGCTTTCTATCTCTGTGCCACCCAGGACAGGGCTGAAGCTTTCTTTGGACAA"	"CATQDRAEAFF"	"TCRBV19-1*1"	"TCRBD1-1*1"	"TCRBJ1-1*1"	55	59	-1	67	4	68	NA	NA	"NCTCTCACTGTGACATCGGCCCAAAAGAACCCGACAGCTTTCTATCTCTGTGCCACCCAGGACAGGGCTGAAGCTTTCTTTGGACAA"	FALSE	TRUE	NA	NA	NA	NA
"AGTTCTAAGAAGCTCCTTCTCAGTGACTCTGGCTTCTATCTCTGTGCCTGGAGTGCCGCGGGAAATCAGCCCCAGCATTTTGGTGAT"	"CAWSAAGNQPQHF"	"AGTTCTAAGAAGCTCCTTCTCAGTGACTCTGGCTTCTATCTCTGTGCCTGGAGTGCCGCGGGAAATCAGCCCCAGCATTTTGGTGAT"	"CAWSAAGNQPQHF"	"TCRBV3-1*1"	"TCRBD2-1*2"	"TCRBJ1-5*1"	55	57	-1	63	2	64	NA	NA	"AGTTCTAAGAAGCTCCTTCTCAGTGACTCTGGCTTCTATCTCTGTGCCTGGAGTGCCGCGGGAAATCAGCCCCAGCATTTTGGTGAT"	FALSE	TRUE	NA	NA	NA	NA
"TCTAAGAAGCTCCTTCTCAGTGACTCTGGCTTCTATCTCTGTGCCTGGAGCCGACTAGCGGGAGTAGATGAGCAGTTCTTCGGGCCA"	"CAWSRLAGVDEQFF"	"TCTAAGAAGCTCCTTCTCAGTGACTCTGGCTTCTATCTCTGTGCCTGGAGCCGACTAGCGGGAGTAGATGAGCAGTTCTTCGGGCCA"	"CAWSRLAGVDEQFF"	"TCRBV3-1*1"	"TCRBD2-1*2"	"TCRBJ2-1*1"	50	52	64	67	2	3	NA	NA	"TCTAAGAAGCTCCTTCTCAGTGACTCTGGCTTCTATCTCTGTGCCTGGAGCCGACTAGCGGGAGTAGATGAGCAGTTCTTCGGGCCA"	FALSE	TRUE	NA	NA	NA	NA
"CTGGAGTCGCCCAGCCCCAACCAGACCTCTCTGTACTTCTGTGCCAGCAGTTTAGGGCTAGCTACAGATACGCAGTATTTTGGCCCA"	"CASSLGLATDTQYF"	"CTGGAGTCGCCCAGCCCCAACCAGACCTCTCTGTACTTCTGTGCCAGCAGTTTAGGGCTAGCTACAGATACGCAGTATTTTGGCCCA"	"CASSLGLATDTQYF"	"TCRBV27-1*1"	"TCRBD2-1"	"TCRBJ2-3*1"	54	57	62	63	3	1	NA	NA	"CTGGAGTCGCCCAGCCCCAACCAGACCTCTCTGTACTTCTGTGCCAGCAGTTTAGGGCTAGCTACAGATACGCAGTATTTTGGCCCA"	FALSE	TRUE	NA	NA	NA	NA
"AATTCCCTGGAGCTTGGTGACTCTGCTGTGTATTTCTGTGCCAGCAGCCAAGAAGCTATCCCAAAGGGCATTCAGTACTTCGGCGCC"	"CASSQEAIPKGIQYF"	"AATTCCCTGGAGCTTGGTGACTCTGCTGTGTATTTCTGTGCCAGCAGCCAAGAAGCTATCCCAAAGGGCATTCAGTACTTCGGCGCC"	"CASSQEAIPKGIQYF"	"TCRBV3-1/3-2*1"	NA	"TCRBJ2-4*1"	53	64	-1	68	11	69	NA	NA	"AATTCCCTGGAGCTTGGTGACTCTGCTGTGTATTTCTGTGCCAGCAGCCAAGAAGCTATCCCAAAGGGCATTCAGTACTTCGGCGCC"	FALSE	TRUE	NA	NA	NA	NA
"ATGAATGTGAGCACCTTGGAGCTGGGGGACTCGGCCCTTTATCTTTGCGCCAGCAGCCTAGCGGCAGATACGCAGTATTTTGGCCCA"	"CASSLAADTQYF"	"ATGAATGTGAGCACCTTGGAGCTGGGGGACTCGGCCCTTTATCTTTGCGCCAGCAGCCTAGCGGCAGATACGCAGTATTTTGGCCCA"	"CASSLAADTQYF"	"TCRBV5-1*1"	"TCRBD2-1"	"TCRBJ2-3*1"	-1	57	-1	64	58	65	NA	NA	"ATGAATGTGAGCACCTTGGAGCTGGGGGACTCGGCCCTTTATCTTTGCGCCAGCAGCCTAGCGGCAGATACGCAGTATTTTGGCCCA"	FALSE	TRUE	NA	NA	NA	NA
"GTGACCAGTGCCCATCCTGAAGACAGCAGCTTCTACATCTGCAGTGCTGCTACTAGCGGGAGGTTTTACGAGCAGTACTTCGGGCCG"	"CSAATSGRFYEQYF"	"GTGACCAGTGCCCATCCTGAAGACAGCAGCTTCTACATCTGCAGTGCTGCTACTAGCGGGAGGTTTTACGAGCAGTACTTCGGGCCG"	"CSAATSGRFYEQYF"	NA	"TCRBD2-1*2"	"TCRBJ2-7*1"	48	51	63	66	3	3	NA	NA	"GTGACCAGTGCCCATCCTGAAGACAGCAGCTTCTACATCTGCAGTGCTGCTACTAGCGGGAGGTTTTACGAGCAGTACTTCGGGCCG"	FALSE	TRUE	NA	NA	NA	NA
"GAGTCGGCTGCTCCCTCCCAGACATCTGTGTACTTCTGTGCCAGCAGGAACCGGGCTCAACTTTCTGAGACCCAGTACTTCGGGCCA"	"CASRNRAQLSETQYF"	"GAGTCGGCTGCTCCCTCCCAGACATCTGTGTACTTCTGTGCCAGCAGGAACCGGGCTCAACTTTCTGAGACCCAGTACTTCGGGCCA"	"CASRNRAQLSETQYF"	"TCRBV6-1*1"	NA	"TCRBJ2-5*1"	47	52	56	66	5	10	NA	NA	"GAGTCGGCTGCTCCCTCCCAGACATCTGTGTACTTCTGTGCCAGCAGGAACCGGGCTCAACTTTCTGAGACCCAGTACTTCGGGCCA"	FALSE	TRUE	NA	NA	NA	NA
"ATCCGCTCACCAGGCCTGGGGGACGCAGCCATGTACCTGTGTGCCACCAGCCCCCGGGACAATCGTTATGGCTACACCTTCGGTTCG"	"CATSPRDNRYGYTF"	"ATCCGCTCACCAGGCCTGGGGGACGCAGCCATGTACCTGTGTGCCACCAGCCCCCGGGACAATCGTTATGGCTACACCTTCGGTTCG"	"CATSPRDNRYGYTF"	"TCRBV15-1*2"	"TCRBD1-1*1"	"TCRBJ1-2*1"	51	55	61	66	4	5	NA	NA	"ATCCGCTCACCAGGCCTGGGGGACGCAGCCATGTACCTGTGTGCCACCAGCCCCCGGGACAATCGTTATGGCTACACCTTCGGTTCG"	FALSE	TRUE	NA	NA	NA	NA
"TTGGCGTCTGCTGTACCCTCTCAGACATCTGTGTACTTCTGTGCCAGCACCCAAAAGGGGGTGGCCGGGGAGCTGTTTTTTGGAGAA"	"CASTQKGVAGELFF"	"TTGGCGTCTGCTGTACCCTCTCAGACATCTGTGTACTTCTGTGCCAGCACCCAAAAGGGGGTGGCCGGGGAGCTGTTTTTTGGAGAA"	"CASTQKGVAGELFF"	"TCRBV6-4*1"	"TCRBD1-1*1"	"TCRBJ2-2*1"	49	55	61	64	6	3	NA	NA	"TTGGCGTCTGCTGTACCCTCTCAGACATCTGTGTACTTCTGTGCCAGCACCCAAAAGGGGGTGGCCGGGGAGCTGTTTTTTGGAGAA"	FALSE	TRUE	NA	NA	NA	NA
"AGCCCCAACCAGACCTCTCTGTACTTCTGTGCCAGCAGTTTATAGGGCTGCCGGGGCTTAAGAGGATCACCCCTCCACTTTGGGAAT"	"CASSL*GCRGLRGSPLHF"	"AGCCCCAACCAGACCTCTCTGTACTTCTGTGCCAGCAGTTTATAGGGCTGCCGGGGCTTAAGAGGATCACCCCTCCACTTTGGGAAT"	"CASSL*GCRGLRGSPLHF"	"TCRBV27-1*1"	NA	"TCRBJ1-6*1"	43	52	57	66	9	9	NA	NA	"AGCCCCAACCAGACCTCTCTGTACTTCTGTGCCAGCAGTTTATAGGGCTGCCGGGGCTTAAGAGGATCACCCCTCCACTTTGGGAAT"	FALSE	TRUE	NA	NA	NA	NA
"NTGTCGGCTGCTCCCTCCCAGACATCTGTGTACTTCTGTGCCAGCAGTGATCTGACAGGGAGCACAGATACGCAGTATTTTGGCCCA"	"CASSDLTGSTDTQYF"	"NTGTCGGCTGCTCCCTCCCAGACATCTGTGTACTTCTGTGCCAGCAGTGATCTGACAGGGAGCACAGATACGCAGTATTTTGGCCCA"	"CASSDLTGSTDTQYF"	"TCRBV6-1*1"	"TCRBD1-1*1"	"TCRBJ2-3*1"	50	53	-1	60	3	61	NA	NA	"NTGTCGGCTGCTCCCTCCCAGACATCTGTGTACTTCTGTGCCAGCAGTGATCTGACAGGGAGCACAGATACGCAGTATTTTGGCCCA"	FALSE	TRUE	NA	NA	NA	NA
"GTGAACGCCTTGTTGCTGGGGGACTCGGCCCTGTATCTCTGTGCCAGCAGACTCCCGGGATCGGACTACGAGCAGTACTTCGGGCCG"	"CASRLPGSDYEQYF"	"GTGAACGCCTTGTTGCTGGGGGACTCGGCCCTGTATCTCTGTGCCAGCAGACTCCCGGGATCGGACTACGAGCAGTACTTCGGGCCG"	"CASRLPGSDYEQYF"	"TCRBV5-5*1"	"TCRBD2-1*2"	"TCRBJ2-7*1"	50	55	60	65	5	5	NA	NA	"GTGAACGCCTTGTTGCTGGGGGACTCGGCCCTGTATCTCTGTGCCAGCAGACTCCCGGGATCGGACTACGAGCAGTACTTCGGGCCG"	FALSE	TRUE	NA	NA	NA	NA
"AGCTCTCTGGAGCTGGGGGACTCAGCTTTGTATTTCTGTGCCAGCAGCGTCAGTGGGGCGAACACCGGGGAGCTGTTTTTTGGAGAA"	"CASSVSGANTGELFF"	"AGCTCTCTGGAGCTGGGGGACTCAGCTTTGTATTTCTGTGCCAGCAGCGTCAGTGGGGCGAACACCGGGGAGCTGTTTTTTGGAGAA"	"CASSVSGANTGELFF"	"TCRBV9-1*1"	NA	"TCRBJ2-2*1"	50	54	-1	58	4	59	NA	NA	"AGCTCTCTGGAGCTGGGGGACTCAGCTTTGTATTTCTGTGCCAGCAGCGTCAGTGGGGCGAACACCGGGGAGCTGTTTTTTGGAGAA"	FALSE	TRUE	NA	NA	NA	NA
"NNCCCTCACGTTGGCGTCTGCTGTACCCTCTCAGACATCTGTGTACTTTCCCCCCCCGCCCGGGCCAATGAGCAGTTCTTCGGGCCA"	""	"NNCCCTCACGTTGGCGTCTGCTGTACCCTCTCAGACATCTGTGTACTTTCCCCCCCCGCCCGGGCCAATGAGCAGTTCTTCGGGCCA"	""	"TCRBV6-4*1"	NA	"TCRBJ2-1*1"	48	61	-1	65	13	66	NA	NA	"NNCCCTCACGTTGGCGTCTGCTGTACCCTCTCAGACATCTGTGTACTTTCCCCCCCCGCCCGGGCCAATGAGCAGTTCTTCGGGCCA"	FALSE	FALSE	NA	NA	NA	NA
"CCTGAAGACAGCAGCTTCTACATCTGCAGTGCTAGAGATCCCACTAGCGGGAGAAGGATCGACCAAGAGACCCAGTACTTCGGGCCA"	"CSARDPTSGRRIDQETQYF"	"CCTGAAGACAGCAGCTTCTACATCTGCAGTGCTAGAGATCCCACTAGCGGGAGAAGGATCGACCAAGAGACCCAGTACTTCGGGCCA"	"CSARDPTSGRRIDQETQYF"	NA	"TCRBD2-1*2"	"TCRBJ2-5*1"	38	42	53	61	4	8	NA	NA	"CCTGAAGACAGCAGCTTCTACATCTGCAGTGCTAGAGATCCCACTAGCGGGAGAAGGATCGACCAAGAGACCCAGTACTTCGGGCCA"	FALSE	TRUE	NA	NA	NA	NA
"CGCACACAGCAGGAGGACTCGGCCGTGTATCTCTGTGCCAGCAGCTTGATCGCGGGACGCACGGTAGATACGCAGTATTTTGGCCCA"	"CASSLIAGRTVDTQYF"	"CGCACACAGCAGGAGGACTCGGCCGTGTATCTCTGTGCCAGCAGCTTGATCGCGGGACGCACGGTAGATACGCAGTATTTTGGCCCA"	"CASSLIAGRTVDTQYF"	"TCRBV7-2"	"TCRBD2-1*2"	"TCRBJ2-3*1"	47	51	57	65	4	8	NA	NA	"CGCACACAGCAGGAGGACTCGGCCGTGTATCTCTGTGCCAGCAGCTTGATCGCGGGACGCACGGTAGATACGCAGTATTTTGGCCCA"	FALSE	TRUE	NA	NA	NA	NA
"TAGCTCTGAGCTGAATGTGAACGCCTTGTTGCTGGGGGACTCGGCCCTGTATCTCTGTGCCCCGAAAAGCCCCCGCATTTTGGTGAT"	""	"TAGCTCTGAGCTGAATGTGAACGCCTTGTTGCTGGGGGACTCGGCCCTGTATCTCTGTGCCCCGAAAAGCCCCCGCATTTTGGTGAT"	""	"TCRBV5-5*1"	"TCRBD2-1"	"TCRBJ1-5*1"	61	67	70	74	6	4	NA	NA	"TAGCTCTGAGCTGAATGTGAACGCCTTGTTGCTGGGGGACTCGGCCCTGTATCTCTGTGCCCCGAAAAGCCCCCGCATTTTGGTGAT"	FALSE	FALSE	NA	NA	NA	NA
"CGCACACAGCAGGAGGACTCGGCCGTGTATCTCTGTGCCAGCAGCTTAATGGGTGGGGCGCTTAATTCACCCCTCCACTTTGGGAAC"	"CASSLMGGALNSPLHF"	"CGCACACAGCAGGAGGACTCGGCCGTGTATCTCTGTGCCAGCAGCTTAATGGGTGGGGCGCTTAATTCACCCCTCCACTTTGGGAAC"	"CASSLMGGALNSPLHF"	"TCRBV7-2"	"TCRBD1-1*1"	"TCRBJ1-6*2"	48	54	59	62	6	3	NA	NA	"CGCACACAGCAGGAGGACTCGGCCGTGTATCTCTGTGCCAGCAGCTTAATGGGTGGGGCGCTTAATTCACCCCTCCACTTTGGGAAC"	FALSE	TRUE	NA	NA	NA	NA
"TCGGCTGCTCCCTCCCAAACATCTGTGTACTTCTGTGCCAGCAGTTACTCAGGGCTAGCGGGAGTCGGGGAGCAGTACTTCGGGCCG"	"CASSYSGLAGVGEQYF"	"TCGGCTGCTCCCTCCCAAACATCTGTGTACTTCTGTGCCAGCAGTTACTCAGGGCTAGCGGGAGTCGGGGAGCAGTACTTCGGGCCG"	"CASSYSGLAGVGEQYF"	"TCRBV6-2/6-3*1"	"TCRBD2-1*2"	"TCRBJ2-7*1"	50	54	64	69	4	5	NA	NA	"TCGGCTGCTCCCTCCCAAACATCTGTGTACTTCTGTGCCAGCAGTTACTCAGGGCTAGCGGGAGTCGGGGAGCAGTACTTCGGGCCG"	FALSE	TRUE	NA	NA	NA	NA
"TCGCCCAGCCCCAACCAGACCTCTCTGTACTTCTGTGCCAGCAGTTTAGGGGAGGGGCTAGCATCCTACGAGCAGTACTTCGGGCCG"	"CASSLGEGLASYEQYF"	"TCGCCCAGCCCCAACCAGACCTCTCTGTACTTCTGTGCCAGCAGTTTAGGGGAGGGGCTAGCATCCTACGAGCAGTACTTCGGGCCG"	"CASSLGEGLASYEQYF"	"TCRBV27-1*1"	"TCRBD2-1*2"	"TCRBJ2-7*1"	48	49	56	63	1	7	NA	NA	"TCGCCCAGCCCCAACCAGACCTCTCTGTACTTCTGTGCCAGCAGTTTAGGGGAGGGGCTAGCATCCTACGAGCAGTACTTCGGGCCG"	FALSE	TRUE	NA	NA	NA	NA
"CCCTCAGAACCCAGGGACTCAGCTGTGTACTTCTGTGCCAGCAGTTCATCTCTCTGGACAGGACAAGAGACCCAGTACTTCGGGCCA"	"CASSSSLWTGQETQYF"	"CCCTCAGAACCCAGGGACTCAGCTGTGTACTTCTGTGCCAGCAGTTCATCTCTCTGGACAGGACAAGAGACCCAGTACTTCGGGCCA"	"CASSSSLWTGQETQYF"	NA	"TCRBD1-1*1"	"TCRBJ2-5*1"	46	55	62	63	9	1	NA	NA	"CCCTCAGAACCCAGGGACTCAGCTGTGTACTTCTGTGCCAGCAGTTCATCTCTCTGGACAGGACAAGAGACCCAGTACTTCGGGCCA"	FALSE	TRUE	NA	NA	NA	NA
"TTGGCGATCCAGCGCACAGAGCAGGGGGACTCGGCCATGTATCTCTGTGCCAGCAGCTTATCAGACACTGAAGCTTTCTTTGGACAA"	"CASSLSDTEAFF"	"TTGGCGATCCAGCGCACAGAGCAGGGGGACTCGGCCATGTATCTCTGTGCCAGCAGCTTATCAGACACTGAAGCTTTCTTTGGACAA"	"CASSLSDTEAFF"	"TCRBV7-9*1"	"TCRBD1-1*1"	"TCRBJ1-1*1"	60	61	-1	64	1	65	NA	NA	"TTGGCGATCCAGCGCACAGAGCAGGGGGACTCGGCCATGTATCTCTGTGCCAGCAGCTTATCAGACACTGAAGCTTTCTTTGGACAA"	FALSE	TRUE	NA	NA	NA	NA
"GAGTTGGCTGCTCCCTCCCAGACATCTGTGTACTTCTGTGCCAGCAGTGGCACCGGGACAGGGGGCGAGGAAGCTTTCTTTGGACAA"	"CASSGTGTGGEEAFF"	"GAGTTGGCTGCTCCCTCCCAGACATCTGTGTACTTCTGTGCCAGCAGTGGCACCGGGACAGGGGGCGAGGAAGCTTTCTTTGGACAA"	"CASSGTGTGGEEAFF"	"TCRBV6-6"	"TCRBD1-1*1"	"TCRBJ1-1*1"	48	54	66	69	6	3	NA	NA	"GAGTTGGCTGCTCCCTCCCAGACATCTGTGTACTTCTGTGCCAGCAGTGGCACCGGGACAGGGGGCGAGGAAGCTTTCTTTGGACAA"	FALSE	TRUE	NA	NA	NA	NA
"CTCACTGTGACATCGGCCCAAAAGAACCCGACAGCTTTCTATCTCTGTGCCACCCGGCCCAAGGCCACTGAAGCTTTCTTTGGACAA"	"CATRPKATEAFF"	"CTCACTGTGACATCGGCCCAAAAGAACCCGACAGCTTTCTATCTCTGTGCCACCCGGCCCAAGGCCACTGAAGCTTTCTTTGGACAA"	"CATRPKATEAFF"	"TCRBV19-1*1"	NA	"TCRBJ1-1*1"	52	61	64	65	9	1	NA	NA	"CTCACTGTGACATCGGCCCAAAAGAACCCGACAGCTTTCTATCTCTGTGCCACCCGGCCCAAGGCCACTGAAGCTTTCTTTGGACAA"	FALSE	TRUE	NA	NA	NA	NA
"CAGCAGGTAGTGCGAGGAGATTCGGCAGCTTATTTCTGTGCCAGCTCACCAAGGGGGGATGGGGCCAACGTCCTGACTTTCGGGGCC"	"CASSPRGDGANVLTF"	"CAGCAGGTAGTGCGAGGAGATTCGGCAGCTTATTTCTGTGCCAGCTCACCAAGGGGGGATGGGGCCAACGTCCTGACTTTCGGGGCC"	"CASSPRGDGANVLTF"	"TCRBV18-1*1"	NA	"TCRBJ2-6*1"	-1	51	57	59	52	2	NA	NA	"CAGCAGGTAGTGCGAGGAGATTCGGCAGCTTATTTCTGTGCCAGCTCACCAAGGGGGGATGGGGCCAACGTCCTGACTTTCGGGGCC"	FALSE	TRUE	NA	NA	NA	NA
"NNNNNNNNNNNTGTCGGCTGCTCCCTCCCAGACATCTGTGTACTTCTGTGCCAGCGGGGCGGCCAAGAGCCGCAGTATTTTGGCCCA"	""	"NNNNNNNNNNNTGTCGGCTGCTCCCTCCCAGACATCTGTGTACTTCTGTGCCAGCGGGGCGGCCAAGAGCCGCAGTATTTTGGCCCA"	""	"TCRBV6-5*1"	"TCRBD1-1*1"	"TCRBJ2-3*1"	-1	55	60	70	56	10	NA	NA	"NNNNNNNNNNNTGTCGGCTGCTCCCTCCCAGACATCTGTGTACTTCTGTGCCAGCGGGGCGGCCAAGAGCCGCAGTATTTTGGCCCA"	FALSE	FALSE	NA	NA	NA	NA
"CTGTCCCTAGAGTCTGCCATCCCCAACCAGACAGCTCTTTACTTCTGTGCCACCAGTGATCGAGGGAACGAGCAGTACTTCGGGCCG"	"CATSDRGNEQYF"	"CTGTCCCTAGAGTCTGCCATCCCCAACCAGACAGCTCTTTACTTCTGTGCCACCAGTGATCGAGGGAACGAGCAGTACTTCGGGCCG"	"CATSDRGNEQYF"	"TCRBV24-1*1"	"TCRBD2-1*2"	"TCRBJ2-7*1"	60	61	66	67	1	1	NA	NA	"CTGTCCCTAGAGTCTGCCATCCCCAACCAGACAGCTCTTTACTTCTGTGCCACCAGTGATCGAGGGAACGAGCAGTACTTCGGGCCG"	FALSE	TRUE	NA	NA	NA	NA
"ACAGCAGGAGGACTCGGCCGTGTATCTCTGTGCCAGCAGGGTAGAGGGCCGCTAGCGAATAGCTCCTACGAGCAGTACTTCGGGCCG"	""	"ACAGCAGGAGGACTCGGCCGTGTATCTCTGTGCCAGCAGGGTAGAGGGCCGCTAGCGAATAGCTCCTACGAGCAGTACTTCGGGCCG"	""	"TCRBV7-2"	"TCRBD2-1"	"TCRBJ2-7*1"	39	51	57	62	12	5	NA	NA	"ACAGCAGGAGGACTCGGCCGTGTATCTCTGTGCCAGCAGGGTAGAGGGCCGCTAGCGAATAGCTCCTACGAGCAGTACTTCGGGCCG"	FALSE	FALSE	NA	NA	NA	NA
"CACCTACACGCCCTGCAGCCAGAAGACTCAGCCCTGTATCTCTGCGCCAGCAGCCAACTGGCTGGAAACACCATATATTTTGGAGAG"	"CASSQLAGNTIYF"	"CACCTACACGCCCTGCAGCCAGAAGACTCAGCCCTGTATCTCTGCGCCAGCAGCCAACTGGCTGGAAACACCATATATTTTGGAGAG"	"CASSQLAGNTIYF"	"TCRBV4-1*1"	NA	"TCRBJ1-3*1"	57	59	-1	61	2	62	NA	NA	"CACCTACACGCCCTGCAGCCAGAAGACTCAGCCCTGTATCTCTGCGCCAGCAGCCAACTGGCTGGAAACACCATATATTTTGGAGAG"	FALSE	TRUE	NA	NA	NA	NA
"CCCTCAGAACCCAGGGACTCAGCTGTGTACTTCTGTGCCAGCGGCGGCAGCGGGAGCTCCCTCGGGGAGACCCAGTACTTCGGGCCA"	"CASGGSGSSLGETQYF"	"CCCTCAGAACCCAGGGACTCAGCTGTGTACTTCTGTGCCAGCGGCGGCAGCGGGAGCTCCCTCGGGGAGACCCAGTACTTCGGGCCA"	"CASGGSGSSLGETQYF"	NA	"TCRBD2-1*2"	"TCRBJ2-5*1"	42	48	56	66	6	10	NA	NA	"CCCTCAGAACCCAGGGACTCAGCTGTGTACTTCTGTGCCAGCGGCGGCAGCGGGAGCTCCCTCGGGGAGACCCAGTACTTCGGGCCA"	FALSE	TRUE	NA	NA	NA	NA
"GGAGTCAGGGGACACAGCACTGTATTTCTGTGCCAGCAGAGTCTCACCCGAGGAGTAATAAACACCGGGGAGCTGTTTTTTGGAGAA"	""	"GGAGTCAGGGGACACAGCACTGTATTTCTGTGCCAGCAGAGTCTCACCCGAGGAGTAATAAACACCGGGGAGCTGTTTTTTGGAGAA"	""	"TCRBV21-1*1"	"TCRBD2-1*2"	"TCRBJ2-2*1"	39	51	55	60	12	5	NA	NA	"GGAGTCAGGGGACACAGCACTGTATTTCTGTGCCAGCAGAGTCTCACCCGAGGAGTAATAAACACCGGGGAGCTGTTTTTTGGAGAA"	FALSE	FALSE	NA	NA	NA	NA
"ATCCAGCCTGCAGAGCTTGGGGACTCGGCCGTGTATCTCTGTGCCAGCAGCCTAAGCGGGAGGGCCACTGAGCAGTTCTTCGGGCCA"	"CASSLSGRATEQFF"	"ATCCAGCCTGCAGAGCTTGGGGACTCGGCCGTGTATCTCTGTGCCAGCAGCCTAAGCGGGAGGGCCACTGAGCAGTTCTTCGGGCCA"	"CASSLSGRATEQFF"	"TCRBV11-3*1"	"TCRBD2-1*2"	"TCRBJ2-1*1"	51	54	64	68	3	4	NA	NA	"ATCCAGCCTGCAGAGCTTGGGGACTCGGCCGTGTATCTCTGTGCCAGCAGCCTAAGCGGGAGGGCCACTGAGCAGTTCTTCGGGCCA"	FALSE	TRUE	NA	NA	NA	NA
"NTGTCGGCTGCTCCCTCCCAGACATCTGTGTACTTCTGTGCCAGCGGGGCGGAAGGGAGCGGGTGGAATGAGCAGTTCTTCGGGCCA"	"CASGAEGSGWNEQFF"	"NTGTCGGCTGCTCCCTCCCAGACATCTGTGTACTTCTGTGCCAGCGGGGCGGAAGGGAGCGGGTGGAATGAGCAGTTCTTCGGGCCA"	"CASGAEGSGWNEQFF"	"TCRBV6-5*1"	"TCRBD2-1"	"TCRBJ2-1*1"	45	57	63	66	12	3	NA	NA	"NTGTCGGCTGCTCCCTCCCAGACATCTGTGTACTTCTGTGCCAGCGGGGCGGAAGGGAGCGGGTGGAATGAGCAGTTCTTCGGGCCA"	FALSE	TRUE	NA	NA	NA	NA
"TGCTCCCTCCCAGACATCTGTGTACTTCTGTGCCAGCAGTTACCGCCAAAGGGGGGGGTTAGCAATCAGCCCCAGCATTTTGGTGAT"	""	"TGCTCCCTCCCAGACATCTGTGTACTTCTGTGCCAGCAGTTACCGCCAAAGGGGGGGGTTAGCAATCAGCCCCAGCATTTTGGTGAT"	""	NA	"TCRBD2-1*1"	"TCRBJ1-5*1"	43	50	57	59	7	2	NA	NA	"TGCTCCCTCCCAGACATCTGTGTACTTCTGTGCCAGCAGTTACCGCCAAAGGGGGGGGTTAGCAATCAGCCCCAGCATTTTGGTGAT"	FALSE	FALSE	NA	NA	NA	NA
"CAGCCTGCAGAGCTTGGGGACTCGGCCGTGTATCTCTGTGCCAGCAGCTTAGATCCGACTGCGAACACTGAAGCTTTCTTTGGACAA"	"CASSLDPTANTEAFF"	"CAGCCTGCAGAGCTTGGGGACTCGGCCGTGTATCTCTGTGCCAGCAGCTTAGATCCGACTGCGAACACTGAAGCTTTCTTTGGACAA"	"CASSLDPTANTEAFF"	"TCRBV11-3*1"	"TCRBD2-1"	"TCRBJ1-1*1"	53	56	60	62	3	2	NA	NA	"CAGCCTGCAGAGCTTGGGGACTCGGCCGTGTATCTCTGTGCCAGCAGCTTAGATCCGACTGCGAACACTGAAGCTTTCTTTGGACAA"	FALSE	TRUE	NA	NA	NA	NA
"GCGTCTGCTGTACCCTCTCAGACATCTGTGTACTTCTGTGCCAGCAGCTATCGGACAGGGGGCAACTATGGCTACACCTTCGGTTCG"	"CASSYRTGGNYGYTF"	"GCGTCTGCTGTACCCTCTCAGACATCTGTGTACTTCTGTGCCAGCAGCTATCGGACAGGGGGCAACTATGGCTACACCTTCGGTTCG"	"CASSYRTGGNYGYTF"	"TCRBV6-4*1"	"TCRBD1-1*1"	"TCRBJ1-2*1"	47	52	-1	63	5	64	NA	NA	"GCGTCTGCTGTACCCTCTCAGACATCTGTGTACTTCTGTGCCAGCAGCTATCGGACAGGGGGCAACTATGGCTACACCTTCGGTTCG"	FALSE	TRUE	NA	NA	NA	NA
"CGCTCACCAGGCCTGGGGGACGCAGCCATGTACCTGTGTGCCACCAGCAGAGTTGCAGGGGGCGGTCAGCCCCAGCATTTTGGTGAT"	"CATSRVAGGGQPQHF"	"CGCTCACCAGGCCTGGGGGACGCAGCCATGTACCTGTGTGCCACCAGCAGAGTTGCAGGGGGCGGTCAGCCCCAGCATTTTGGTGAT"	"CATSRVAGGGQPQHF"	"TCRBV15-1*2"	"TCRBD1-1*1"	"TCRBJ1-5*1"	52	55	63	65	3	2	NA	NA	"CGCTCACCAGGCCTGGGGGACGCAGCCATGTACCTGTGTGCCACCAGCAGAGTTGCAGGGGGCGGTCAGCCCCAGCATTTTGGTGAT"	FALSE	TRUE	NA	NA	NA	NA
"GCCTTGGAGCTGGACGACTCGGCCCTGTATCTCTGTGCCAGCAGCTTGGGGGGGGGACTAGCGACAAATGAGCAGTTCTTCGGGCCA"	"CASSLGGGLATNEQFF"	"GCCTTGGAGCTGGACGACTCGGCCCTGTATCTCTGTGCCAGCAGCTTGGGGGGGGGACTAGCGACAAATGAGCAGTTCTTCGGGCCA"	"CASSLGGGLATNEQFF"	"TCRBV5-4*1"	"TCRBD2-1"	"TCRBJ2-1*1"	49	53	63	66	4	3	NA	NA	"GCCTTGGAGCTGGACGACTCGGCCCTGTATCTCTGTGCCAGCAGCTTGGGGGGGGGACTAGCGACAAATGAGCAGTTCTTCGGGCCA"	FALSE	TRUE	NA	NA	NA	NA
"GAGCAGGGGGACTCGGCCATGTATCTCTGTGCCAGCAGCTCAGGGAGGGGGATGTCCTCTGGGGCCAACGTCCTGACTTTCGGGGCC"	"CASSSGRGMSSGANVLTF"	"GAGCAGGGGGACTCGGCCATGTATCTCTGTGCCAGCAGCTCAGGGAGGGGGATGTCCTCTGGGGCCAACGTCCTGACTTTCGGGGCC"	"CASSSGRGMSSGANVLTF"	"TCRBV7-9*1"	"TCRBD2-1*2"	"TCRBJ2-6*1"	40	42	49	56	2	7	NA	NA	"GAGCAGGGGGACTCGGCCATGTATCTCTGTGCCAGCAGCTCAGGGAGGGGGATGTCCTCTGGGGCCAACGTCCTGACTTTCGGGGCC"	FALSE	TRUE	NA	NA	NA	NA
"ATCCGGTCCACAAAGCTGGAGGACTCAGCCATGTACTTCTGTGCCAGCAGAGCCTTGGAGGCCCGCTACGAGCAGTACTTCGGGCCG"	"CASRALEARYEQYF"	"ATCCGGTCCACAAAGCTGGAGGACTCAGCCATGTACTTCTGTGCCAGCAGAGCCTTGGAGGCCCGCTACGAGCAGTACTTCGGGCCG"	"CASRALEARYEQYF"	"TCRBV2-1"	"TCRBD2-1*2"	"TCRBJ2-7*1"	50	56	61	65	6	4	NA	NA	"ATCCGGTCCACAAAGCTGGAGGACTCAGCCATGTACTTCTGTGCCAGCAGAGCCTTGGAGGCCCGCTACGAGCAGTACTTCGGGCCG"	FALSE	TRUE	NA	NA	NA	NA
"CCTGCAGAGCTTGGGGACTCGGCCGTGTATCTCTGTGCCAGCAGCCCCCTAACCAGGGCGGGGGGCGATGGCTACACCTTCGGTTCG"	"CASSPLTRAGGDGYTF"	"CCTGCAGAGCTTGGGGACTCGGCCGTGTATCTCTGTGCCAGCAGCCCCCTAACCAGGGCGGGGGGCGATGGCTACACCTTCGGTTCG"	"CASSPLTRAGGDGYTF"	"TCRBV11-3*1"	"TCRBD2-1*1"	"TCRBJ1-2*1"	45	57	65	67	12	2	NA	NA	"CCTGCAGAGCTTGGGGACTCGGCCGTGTATCTCTGTGCCAGCAGCCCCCTAACCAGGGCGGGGGGCGATGGCTACACCTTCGGTTCG"	FALSE	TRUE	NA	NA	NA	NA
"GTCCTCAGAACCGGGAGACACGGCACTGTATCTCTGCGCCAGCAGTCAAACCAAACACCCGGCACAGATACGCAGTATTTTGGCCCA"	""	"GTCCTCAGAACCGGGAGACACGGCACTGTATCTCTGCGCCAGCAGTCAAACCAAACACCCGGCACAGATACGCAGTATTTTGGCCCA"	""	"TCRBV23-1*1"	"TCRBD1-1*1"	"TCRBJ2-3*1"	49	54	57	61	5	4	NA	NA	"GTCCTCAGAACCGGGAGACACGGCACTGTATCTCTGCGCCAGCAGTCAAACCAAACACCCGGCACAGATACGCAGTATTTTGGCCCA"	FALSE	FALSE	NA	NA	NA	NA
"TGTGAGTGCCTTGGAGCTGGGGGACTCGGCCCTGTATCTCTGTGCCAGAAGCTTTGGCAGGGGACCTACGAGCAGTACTTCGGGCCG"	""	"TGTGAGTGCCTTGGAGCTGGGGGACTCGGCCCTGTATCTCTGTGCCAGAAGCTTTGGCAGGGGACCTACGAGCAGTACTTCGGGCCG"	""	"TCRBV5-3"	"TCRBD1-1*1"	"TCRBJ2-7*1"	54	57	63	64	3	1	NA	NA	"TGTGAGTGCCTTGGAGCTGGGGGACTCGGCCCTGTATCTCTGTGCCAGAAGCTTTGGCAGGGGACCTACGAGCAGTACTTCGGGCCG"	FALSE	FALSE	NA	NA	NA	NA
"TCCCTAGAGTCTGCCATCCCCAACCAGACAGCTCTTTACTTCTGTGCCACCGCTAGTTTGTTTTCAGATACGCAGTATTTTGGCCCA"	"CATASLFSDTQYF"	"TCCCTAGAGTCTGCCATCCCCAACCAGACAGCTCTTTACTTCTGTGCCACCGCTAGTTTGTTTTCAGATACGCAGTATTTTGGCCCA"	"CATASLFSDTQYF"	"TCRBV24-1*1"	"TCRBD2-1"	"TCRBJ2-3*1"	51	52	56	64	1	8	NA	NA	"TCCCTAGAGTCTGCCATCCCCAACCAGACAGCTCTTTACTTCTGTGCCACCGCTAGTTTGTTTTCAGATACGCAGTATTTTGGCCCA"	FALSE	TRUE	NA	NA	NA	NA
"CCCCAACCAGACAGCTCTTTACTTCTGTGCCACCAGTGATAGTGGGGGGCTAGCGGGGCACCCACAGATACGCAGTATTTTGGCCCA"	""	"CCCCAACCAGACAGCTCTTTACTTCTGTGCCACCAGTGATAGTGGGGGGCTAGCGGGGCACCCACAGATACGCAGTATTTTGGCCCA"	""	"TCRBV24-1*1"	"TCRBD2-1*1"	"TCRBJ2-3*1"	40	49	58	62	9	4	NA	NA	"CCCCAACCAGACAGCTCTTTACTTCTGTGCCACCAGTGATAGTGGGGGGCTAGCGGGGCACCCACAGATACGCAGTATTTTGGCCCA"	FALSE	FALSE	NA	NA	NA	NA
"ACAGTGACCAGTGCCCATCCTGAAGACAGCAGCTTCTACATCTGCAGTGCTAGTTTGGCTTCCGACTACGAGCAGTACTTCGGGCCG"	"CSASLASDYEQYF"	"ACAGTGACCAGTGCCCATCCTGAAGACAGCAGCTTCTACATCTGCAGTGCTAGTTTGGCTTCCGACTACGAGCAGTACTTCGGGCCG"	"CSASLASDYEQYF"	"TCRBV2-1*4"	"TCRBD1-1*1"	"TCRBJ2-7*1"	54	56	59	65	2	6	NA	NA	"ACAGTGACCAGTGCCCATCCTGAAGACAGCAGCTTCTACATCTGCAGTGCTAGTTTGGCTTCCGACTACGAGCAGTACTTCGGGCCG"	FALSE	TRUE	NA	NA	NA	NA
"CAGCGCACAGAGCAGGGGGACTCGGCCATGTATCTCTGTGCCAGCAGCTTAGGGACTAGCTTCCCCTACGAGCAGTACTTCGGGCCG"	"CASSLGTSFPYEQYF"	"CAGCGCACAGAGCAGGGGGACTCGGCCATGTATCTCTGTGCCAGCAGCTTAGGGACTAGCTTCCCCTACGAGCAGTACTTCGGGCCG"	"CASSLGTSFPYEQYF"	"TCRBV7-9*1"	"TCRBD2-1"	"TCRBJ2-7*1"	-1	52	60	64	53	4	NA	NA	"CAGCGCACAGAGCAGGGGGACTCGGCCATGTATCTCTGTGCCAGCAGCTTAGGGACTAGCTTCCCCTACGAGCAGTACTTCGGGCCG"	FALSE	TRUE	NA	NA	NA	NA
"CTGGAGTCCGCTACCAGCTCCCAGACATCTGTGTACTTCTGTGCCATCACTCACGGGCGAACTGGAAACACCATATATTTTGGAGAG"	"CAITHGRTGNTIYF"	"CTGGAGTCCGCTACCAGCTCCCAGACATCTGTGTACTTCTGTGCCATCACTCACGGGCGAACTGGAAACACCATATATTTTGGAGAG"	"CAITHGRTGNTIYF"	"TCRBV1-3*1"	NA	"TCRBJ1-3*1"	49	54	58	61	5	3	NA	NA	"CTGGAGTCCGCTACCAGCTCCCAGACATCTGTGTACTTCTGTGCCATCACTCACGGGCGAACTGGAAACACCATATATTTTGGAGAG"	FALSE	TRUE	NA	NA	NA	NA
"CACAGAGCAGCGGGACTCAGCCATGTATCGCTGTGCTAGCAGCTTTTATCGCGGGAGGGCCAGGTCGGGGAGCTGTTTTTTGGAGAA"	""	"CACAGAGCAGCGGGACTCAGCCATGTATCGCTGTGCTAGCAGCTTTTATCGCGGGAGGGCCAGGTCGGGGAGCTGTTTTTTGGAGAA"	""	"TCRBV7-7*1"	"TCRBD2-1*2"	"TCRBJ2-2*1"	45	50	59	65	5	6	NA	NA	"CACAGAGCAGCGGGACTCAGCCATGTATCGCTGTGCTAGCAGCTTTTATCGCGGGAGGGCCAGGTCGGGGAGCTGTTTTTTGGAGAA"	FALSE	FALSE	NA	NA	NA	NA
"CTGGAGTCCGCTACCAGCTCCCAGACATCTGTGTACTTCTGTGCCATCAGTGAGCCCGGGAGGCGGGAGACCCAGTACTTCGGGCCA"	"CAISEPGRRETQYF"	"CTGGAGTCCGCTACCAGCTCCCAGACATCTGTGTACTTCTGTGCCATCAGTGAGCCCGGGAGGCGGGAGACCCAGTACTTCGGGCCA"	"CAISEPGRRETQYF"	"TCRBV1-3*1"	"TCRBD2-1*2"	"TCRBJ2-5*1"	54	56	63	66	2	3	NA	NA	"CTGGAGTCCGCTACCAGCTCCCAGACATCTGTGTACTTCTGTGCCATCAGTGAGCCCGGGAGGCGGGAGACCCAGTACTTCGGGCCA"	FALSE	TRUE	NA	NA	NA	NA
"ACCAGTGCCCATCCTGAAGACAGCAGCTTCTACATCTGCAGTGCTAGAAGGAAAGGGCAGAGTGCCTACGAGCAGTACTTCGGGCCG"	"CSARRKGQSAYEQYF"	"ACCAGTGCCCATCCTGAAGACAGCAGCTTCTACATCTGCAGTGCTAGAAGGAAAGGGCAGAGTGCCTACGAGCAGTACTTCGGGCCG"	"CSARRKGQSAYEQYF"	NA	NA	"TCRBJ2-7*1"	48	53	57	64	5	7	NA	NA	"ACCAGTGCCCATCCTGAAGACAGCAGCTTCTACATCTGCAGTGCTAGAAGGAAAGGGCAGAGTGCCTACGAGCAGTACTTCGGGCCG"	FALSE	TRUE	NA	NA	NA	NA
"GGAGTCCGCTACCAGCTCCCAGACATCTGTGTACTTCTGTGCCATCAGTGAAGGGGACAGGGTTGTGGGGAGCAGTACTTCGGGCCG"	""	"GGAGTCCGCTACCAGCTCCCAGACATCTGTGTACTTCTGTGCCATCAGTGAAGGGGACAGGGTTGTGGGGAGCAGTACTTCGGGCCG"	""	"TCRBV1-3*1"	"TCRBD1-1*1"	"TCRBJ2-7*1"	51	53	62	69	2	7	NA	NA	"GGAGTCCGCTACCAGCTCCCAGACATCTGTGTACTTCTGTGCCATCAGTGAAGGGGACAGGGTTGTGGGGAGCAGTACTTCGGGCCG"	FALSE	FALSE	NA	NA	NA	NA
"GTGAACGCCTTGTTGCTGGGGGACTCGGCCCTGTATCTCTGTGCCAGCAGCTTGGTCAGGGAAAATCAGCCCCAGCATTTTGGTGAT"	"CASSLVRENQPQHF"	"GTGAACGCCTTGTTGCTGGGGGACTCGGCCCTGTATCTCTGTGCCAGCAGCTTGGTCAGGGAAAATCAGCCCCAGCATTTTGGTGAT"	"CASSLVRENQPQHF"	"TCRBV5-5*1"	"TCRBD1-1*1"	"TCRBJ1-5*1"	55	56	61	63	1	2	NA	NA	"GTGAACGCCTTGTTGCTGGGGGACTCGGCCCTGTATCTCTGTGCCAGCAGCTTGGTCAGGGAAAATCAGCCCCAGCATTTTGGTGAT"	FALSE	TRUE	NA	NA	NA	NA
"CCTGAAGACAGCAGCTTCTACATCTGCAGTGCTAGAGATAAGACACCGGGGCGGGCTACGAAATCCTACGAGCAGTACTTCGGGCCG"	"CSARDKTPGRATKSYEQYF"	"CCTGAAGACAGCAGCTTCTACATCTGCAGTGCTAGAGATAAGACACCGGGGCGGGCTACGAAATCCTACGAGCAGTACTTCGGGCCG"	"CSARDKTPGRATKSYEQYF"	NA	NA	"TCRBJ2-7*1"	38	47	52	63	9	11	NA	NA	"CCTGAAGACAGCAGCTTCTACATCTGCAGTGCTAGAGATAAGACACCGGGGCGGGCTACGAAATCCTACGAGCAGTACTTCGGGCCG"	FALSE	TRUE	NA	NA	NA	NA
"GAGTCCGCCAGCACCAACCAGACATCTATGTACCTCTGTGCCAGCAGTCCGCTCCTGCGGGGTTCTAGTGAGCAGTTCTTCGGGCCA"	"CASSPLLRGSSEQFF"	"GAGTCCGCCAGCACCAACCAGACATCTATGTACCTCTGTGCCAGCAGTCCGCTCCTGCGGGGTTCTAGTGAGCAGTTCTTCGGGCCA"	"CASSPLLRGSSEQFF"	"TCRBV28-1*1"	"TCRBD2-1*1"	"TCRBJ2-1*1"	48	56	62	68	8	6	NA	NA	"GAGTCCGCCAGCACCAACCAGACATCTATGTACCTCTGTGCCAGCAGTCCGCTCCTGCGGGGTTCTAGTGAGCAGTTCTTCGGGCCA"	FALSE	TRUE	NA	NA	NA	NA
"CGCACAGAGCAGGGGGACTCGGCCATGTATCTCTGTGCCAGCACCCTAGGGACAGGGAGATTGGGCACTGAAGCTTTCTTTGGACAA"	"CASTLGTGRLGTEAFF"	"CGCACAGAGCAGGGGGACTCGGCCATGTATCTCTGTGCCAGCACCCTAGGGACAGGGAGATTGGGCACTGAAGCTTTCTTTGGACAA"	"CASTLGTGRLGTEAFF"	"TCRBV7-9*5"	"TCRBD1-1*1"	"TCRBJ1-1*1"	45	48	57	65	3	8	NA	NA	"CGCACAGAGCAGGGGGACTCGGCCATGTATCTCTGTGCCAGCACCCTAGGGACAGGGAGATTGGGCACTGAAGCTTTCTTTGGACAA"	FALSE	TRUE	NA	NA	NA	NA
"ATGTGAACGCCTTGTTGCTGGGGGACTCGGCCCTCTATCTCTGTGAGGACAGCAACTGCAACTAATGAAAAACTGTTTTTTGGCAGT"	""	"ATGTGAACGCCTTGTTGCTGGGGGACTCGGCCCTCTATCTCTGTGAGGACAGCAACTGCAACTAATGAAAAACTGTTTTTTGGCAGT"	""	"TCRBV5-6*1"	"TCRBD1-1*1"	"TCRBJ1-4*1"	45	46	52	58	1	6	NA	NA	"ATGTGAACGCCTTGTTGCTGGGGGACTCGGCCCTCTATCTCTGTGAGGACAGCAACTGCAACTAATGAAAAACTGTTTTTTGGCAGT"	FALSE	FALSE	NA	NA	NA	NA
"AATGTGAGCACCTTGGAGCTGGGGGACTCGGCCCTTTATCTTTGCGCCAGCAGCCGAATGGACGTCTACGAGCAGTACTTCGGGCCG"	"CASSRMDVYEQYF"	"AATGTGAGCACCTTGGAGCTGGGGGACTCGGCCCTTTATCTTTGCGCCAGCAGCCGAATGGACGTCTACGAGCAGTACTTCGGGCCG"	"CASSRMDVYEQYF"	"TCRBV5-1*1"	NA	"TCRBJ2-7*1"	54	59	63	65	5	2	NA	NA	"AATGTGAGCACCTTGGAGCTGGGGGACTCGGCCCTTTATCTTTGCGCCAGCAGCCGAATGGACGTCTACGAGCAGTACTTCGGGCCG"	FALSE	TRUE	NA	NA	NA	NA
"GTGACCAGTGCCCATCCTGAAGACAGCAGCTTCTACATCTGCAGTGCTAGAGATGGGGACACCTTATATGGCTACACCTTCGGTTCG"	"CSARDGDTLYGYTF"	"GTGACCAGTGCCCATCCTGAAGACAGCAGCTTCTACATCTGCAGTGCTAGAGATGGGGACACCTTATATGGCTACACCTTCGGTTCG"	"CSARDGDTLYGYTF"	NA	"TCRBD1-1*1"	"TCRBJ1-2*1"	53	55	61	66	2	5	NA	NA	"GTGACCAGTGCCCATCCTGAAGACAGCAGCTTCTACATCTGCAGTGCTAGAGATGGGGACACCTTATATGGCTACACCTTCGGTTCG"	FALSE	TRUE	NA	NA	NA	NA
"ACGATCCAGCGCACAGAGCAGCGGGACTCAGCCATGTATCGCTGTGCTAGCAGCTCTAGAGGCCAAGAGACCCAGTACTTCGGGCCA"	"CASSSRGQETQYF"	"ACGATCCAGCGCACAGAGCAGCGGGACTCAGCCATGTATCGCTGTGCTAGCAGCTCTAGAGGCCAAGAGACCCAGTACTTCGGGCCA"	"CASSSRGQETQYF"	NA	"TCRBD2-1"	"TCRBJ2-5*1"	-1	55	59	62	56	3	NA	NA	"ACGATCCAGCGCACAGAGCAGCGGGACTCAGCCATGTATCGCTGTGCTAGCAGCTCTAGAGGCCAAGAGACCCAGTACTTCGGGCCA"	FALSE	TRUE	NA	NA	NA	NA
"AAGGTGCAGCCTGCAGAACTGGAGGATTCTGGAGTTTATTTCTGTGCCAGCAGCCAAGCCAGGTTCGGCGAGCAGTACTTCGGGCCG"	"CASSQARFGEQYF"	"AAGGTGCAGCCTGCAGAACTGGAGGATTCTGGAGTTTATTTCTGTGCCAGCAGCCAAGCCAGGTTCGGCGAGCAGTACTTCGGGCCG"	"CASSQARFGEQYF"	"TCRBV14-1*1"	"TCRBD1-1*1"	"TCRBJ2-7*1"	58	59	63	68	1	5	NA	NA	"AAGGTGCAGCCTGCAGAACTGGAGGATTCTGGAGTTTATTTCTGTGCCAGCAGCCAAGCCAGGTTCGGCGAGCAGTACTTCGGGCCG"	FALSE	TRUE	NA	NA	NA	NA
"GAAGAGGAATTTCCCCCTGATCCTGGAGTCGCCCAGCCCCAACCAGACCTCTCTGTACTTCTGTGCCAGCATAAGTACTTCGGGCCG"	""	"GAAGAGGAATTTCCCCCTGATCCTGGAGTCGCCCAGCCCCAACCAGACCTCTCTGTACTTCTGTGCCAGCATAAGTACTTCGGGCCG"	""	"TCRBV27-1*1"	"TCRBD2-1"	"TCRBJ2-7*1"	-1	71	-1	73	72	74	NA	NA	"GAAGAGGAATTTCCCCCTGATCCTGGAGTCGCCCAGCCCCAACCAGACCTCTCTGTACTTCTGTGCCAGCATAAGTACTTCGGGCCG"	FALSE	FALSE	NA	NA	NA	NA
"AGTGCCCATCCTGAAGACAGCAGCTTCTACATCTGCAGTGCTAGCCCCGTAGCGGGAGGCCGCACAGATACGCAGTATTTTGGCCCA"	"CSASPVAGGRTDTQYF"	"AGTGCCCATCCTGAAGACAGCAGCTTCTACATCTGCAGTGCTAGCCCCGTAGCGGGAGGCCGCACAGATACGCAGTATTTTGGCCCA"	"CSASPVAGGRTDTQYF"	NA	"TCRBD2-1*2"	"TCRBJ2-3*1"	44	49	59	61	5	2	NA	NA	"AGTGCCCATCCTGAAGACAGCAGCTTCTACATCTGCAGTGCTAGCCCCGTAGCGGGAGGCCGCACAGATACGCAGTATTTTGGCCCA"	FALSE	TRUE	NA	NA	NA	NA
"ACACAGCAGGAGGACTCCGCCGTGTATCTCTGTGCCAGCAGCTTAGTAACGGGACAGGGGCTTAGAAGCGGCTACACCTTCGGTTCG"	"CASSLVTGQGLRSGYTF"	"ACACAGCAGGAGGACTCCGCCGTGTATCTCTGTGCCAGCAGCTTAGTAACGGGACAGGGGCTTAGAAGCGGCTACACCTTCGGTTCG"	"CASSLVTGQGLRSGYTF"	"TCRBV7-8*1"	"TCRBD1-1*1"	"TCRBJ1-2*1"	46	50	60	69	4	9	NA	NA	"ACACAGCAGGAGGACTCCGCCGTGTATCTCTGTGCCAGCAGCTTAGTAACGGGACAGGGGCTTAGAAGCGGCTACACCTTCGGTTCG"	FALSE	TRUE	NA	NA	NA	NA
"ATCCCCAACCAGACAGCTCTTTACTTCTGTGCCACCAGTGATTTGCAGGAGGCAGGGGGCGGCACAGATACGCAGTATTTTGGCCCA"	"CATSDLQEAGGGTDTQYF"	"ATCCCCAACCAGACAGCTCTTTACTTCTGTGCCACCAGTGATTTGCAGGAGGCAGGGGGCGGCACAGATACGCAGTATTTTGGCCCA"	"CATSDLQEAGGGTDTQYF"	"TCRBV24-1*1"	"TCRBD1-1*1"	"TCRBJ2-3*1"	45	52	60	61	7	1	NA	NA	"ATCCCCAACCAGACAGCTCTTTACTTCTGTGCCACCAGTGATTTGCAGGAGGCAGGGGGCGGCACAGATACGCAGTATTTTGGCCCA"	FALSE	TRUE	NA	NA	NA	NA
"AGCACCTTGGAGCTGGGGGACTCGGCCCTTTATCTTTGCGCCAGCAGCTTGACCGGAAACTCCTACAATGAGCAGTTCTTCGGGCCA"	"CASSLTGNSYNEQFF"	"AGCACCTTGGAGCTGGGGGACTCGGCCCTTTATCTTTGCGCCAGCAGCTTGACCGGAAACTCCTACAATGAGCAGTTCTTCGGGCCA"	"CASSLTGNSYNEQFF"	"TCRBV5-1*1"	NA	"TCRBJ2-1*1"	51	54	57	59	3	2	NA	NA	"AGCACCTTGGAGCTGGGGGACTCGGCCCTTTATCTTTGCGCCAGCAGCTTGACCGGAAACTCCTACAATGAGCAGTTCTTCGGGCCA"	FALSE	TRUE	NA	NA	NA	NA
"CTGAGCTCTCTGGAGCTGGGGGACTCAGCTTTGTATTTCTGTGCCAGCAGCGTAGTGCCGCAGAACACTGAAGCTTTCTTTGGACAA"	"CASSVVPQNTEAFF"	"CTGAGCTCTCTGGAGCTGGGGGACTCAGCTTTGTATTTCTGTGCCAGCAGCGTAGTGCCGCAGAACACTGAAGCTTTCTTTGGACAA"	"CASSVVPQNTEAFF"	"TCRBV9-1*1"	NA	"TCRBJ1-1*1"	55	60	-1	62	5	63	NA	NA	"CTGAGCTCTCTGGAGCTGGGGGACTCAGCTTTGTATTTCTGTGCCAGCAGCGTAGTGCCGCAGAACACTGAAGCTTTCTTTGGACAA"	FALSE	TRUE	NA	NA	NA	NA
"ACAGAGCAGGGGGACTCGGCCATGTATCTCTGTGCCAGCAGCTTAGCCGGACTAGCGGTGGTCCAAGAGACCCAGTACTTCGGGCCA"	"CASSLAGLAVVQETQYF"	"ACAGAGCAGGGGGACTCGGCCATGTATCTCTGTGCCAGCAGCTTAGCCGGACTAGCGGTGGTCCAAGAGACCCAGTACTTCGGGCCA"	"CASSLAGLAVVQETQYF"	"TCRBV7-9*1"	"TCRBD2-1"	"TCRBJ2-5*1"	47	48	58	62	1	4	NA	NA	"ACAGAGCAGGGGGACTCGGCCATGTATCTCTGTGCCAGCAGCTTAGCCGGACTAGCGGTGGTCCAAGAGACCCAGTACTTCGGGCCA"	FALSE	TRUE	NA	NA	NA	NA
"AGCAACATGAGCCCTGAAGACAGCAGCATATATCTCTGCAGCGTTAAGCCGACTAGCGGGAGCGTTGGTGAGCAGTTCTTCGGGCCA"	"CSVKPTSGSVGEQFF"	"AGCAACATGAGCCCTGAAGACAGCAGCATATATCTCTGCAGCGTTAAGCCGACTAGCGGGAGCGTTGGTGAGCAGTTCTTCGGGCCA"	"CSVKPTSGSVGEQFF"	"TCRBV29-1"	"TCRBD2-1*2"	"TCRBJ2-1*1"	45	50	62	68	5	6	NA	NA	"AGCAACATGAGCCCTGAAGACAGCAGCATATATCTCTGCAGCGTTAAGCCGACTAGCGGGAGCGTTGGTGAGCAGTTCTTCGGGCCA"	FALSE	TRUE	NA	NA	NA	NA
"CAGGTAGTGCGAGGAGATTCGGCAGCTTATTTCTGTGCCAGCTCACCATGGCGGCGGGGGGCCTACAATGAGCAGTTCTTCGGGCCA"	"CASSPWRRGAYNEQFF"	"CAGGTAGTGCGAGGAGATTCGGCAGCTTATTTCTGTGCCAGCTCACCATGGCGGCGGGGGGCCTACAATGAGCAGTTCTTCGGGCCA"	"CASSPWRRGAYNEQFF"	"TCRBV18-1*1"	"TCRBD2-1*1"	"TCRBJ2-1*1"	48	53	-1	61	5	62	NA	NA	"CAGGTAGTGCGAGGAGATTCGGCAGCTTATTTCTGTGCCAGCTCACCATGGCGGCGGGGGGCCTACAATGAGCAGTTCTTCGGGCCA"	FALSE	TRUE	NA	NA	NA	NA
"AGCTCCTTCTCAGTGACTCTGGCTTCTATCTCTGTGCCTGGAGTGTTGTTCGGGGCAGGGGGTTCCTACGAGCAGTACTTCGGGCCG"	""	"AGCTCCTTCTCAGTGACTCTGGCTTCTATCTCTGTGCCTGGAGTGTTGTTCGGGGCAGGGGGTTCCTACGAGCAGTACTTCGGGCCG"	""	"TCRBV3-1*1"	"TCRBD1-1*1"	"TCRBJ2-7*1"	46	55	62	63	9	1	NA	NA	"AGCTCCTTCTCAGTGACTCTGGCTTCTATCTCTGTGCCTGGAGTGTTGTTCGGGGCAGGGGGTTCCTACGAGCAGTACTTCGGGCCG"	FALSE	FALSE	NA	NA	NA	NA
"ATCCAGCCCTCAGAACCCAGGGACTCAGCTGTGTACTTCTGTGCCAGCAGTTTAGAGGGAGGGGTACCTGAAGCTTTCTTTGGACAA"	"CASSLEGGVPEAFF"	"ATCCAGCCCTCAGAACCCAGGGACTCAGCTGTGTACTTCTGTGCCAGCAGTTTAGAGGGAGGGGTACCTGAAGCTTTCTTTGGACAA"	"CASSLEGGVPEAFF"	NA	"TCRBD2-1*2"	"TCRBJ1-1*1"	55	56	63	67	1	4	NA	NA	"ATCCAGCCCTCAGAACCCAGGGACTCAGCTGTGTACTTCTGTGCCAGCAGTTTAGAGGGAGGGGTACCTGAAGCTTTCTTTGGACAA"	FALSE	TRUE	NA	NA	NA	NA
"CAGAGCAGGGGGACTCAGCTGTGTATCTCTGTGCCAGCAGTTTGAGCACCCCCCGGGACAGAGTTCTACGAGCAGTACTTCGGGCCG"	""	"CAGAGCAGGGGGACTCAGCTGTGTATCTCTGTGCCAGCAGTTTGAGCACCCCCCGGGACAGAGTTCTACGAGCAGTACTTCGGGCCG"	""	"TCRBV7-4*1"	"TCRBD1-1*1"	"TCRBJ2-7*1"	40	54	61	65	14	4	NA	NA	"CAGAGCAGGGGGACTCAGCTGTGTATCTCTGTGCCAGCAGTTTGAGCACCCCCCGGGACAGAGTTCTACGAGCAGTACTTCGGGCCG"	FALSE	FALSE	NA	NA	NA	NA
"ACATCGGCCCAAAAGAACCCGACAGCTTTCTATCTCTGTGCCAGTAGTACCGGGACAGGGGTGTTAGAGACCCAGTACTTCGGGCCA"	"CASSTGTGVLETQYF"	"ACATCGGCCCAAAAGAACCCGACAGCTTTCTATCTCTGTGCCAGTAGTACCGGGACAGGGGTGTTAGAGACCCAGTACTTCGGGCCA"	"CASSTGTGVLETQYF"	"TCRBV19-1*1"	"TCRBD1-1*1"	"TCRBJ2-5*1"	49	51	61	65	2	4	NA	NA	"ACATCGGCCCAAAAGAACCCGACAGCTTTCTATCTCTGTGCCAGTAGTACCGGGACAGGGGTGTTAGAGACCCAGTACTTCGGGCCA"	FALSE	TRUE	NA	NA	NA	NA
"GCCCCAACCAGACCTCTCTGTACTTCTGTGCCAGCAGCTCCCCCTACCGGGACAGGGGGATAGGACTATGGCTACACCTTCGGTTCG"	""	"GCCCCAACCAGACCTCTCTGTACTTCTGTGCCAGCAGCTCCCCCTACCGGGACAGGGGGATAGGACTATGGCTACACCTTCGGTTCG"	""	"TCRBV27-1*1"	"TCRBD1-1*1"	"TCRBJ1-2*1"	37	48	59	64	11	5	NA	NA	"GCCCCAACCAGACCTCTCTGTACTTCTGTGCCAGCAGCTCCCCCTACCGGGACAGGGGGATAGGACTATGGCTACACCTTCGGTTCG"	FALSE	FALSE	NA	NA	NA	NA
"CAGCGCACACAGCAGGAGGACTCCGCCGTGTATCTCTGTGCCAGCAGCTTAGTAGCGGGAGGCCCCTACGAGCAGTACTTCGGGCCG"	"CASSLVAGGPYEQYF"	"CAGCGCACACAGCAGGAGGACTCCGCCGTGTATCTCTGTGCCAGCAGCTTAGTAGCGGGAGGCCCCTACGAGCAGTACTTCGGGCCG"	"CASSLVAGGPYEQYF"	"TCRBV7-8*1"	"TCRBD2-1*2"	"TCRBJ2-7*1"	-1	52	62	64	53	2	NA	NA	"CAGCGCACACAGCAGGAGGACTCCGCCGTGTATCTCTGTGCCAGCAGCTTAGTAGCGGGAGGCCCCTACGAGCAGTACTTCGGGCCG"	FALSE	TRUE	NA	NA	NA	NA
"AAGATCCAGCCCTCAGAACCCAGGGACTCAGCTGTGTACTTCTGTGCCAGCAGTTTGGTGGGGCTAGAGACCCAGTACTTCGGGCCA"	"CASSLVGLETQYF"	"AAGATCCAGCCCTCAGAACCCAGGGACTCAGCTGTGTACTTCTGTGCCAGCAGTTTGGTGGGGCTAGAGACCCAGTACTTCGGGCCA"	"CASSLVGLETQYF"	"TCRBV12-3/12-4*1"	"TCRBD1-1*1"	"TCRBJ2-5*1"	56	59	64	65	3	1	NA	NA	"AAGATCCAGCCCTCAGAACCCAGGGACTCAGCTGTGTACTTCTGTGCCAGCAGTTTGGTGGGGCTAGAGACCCAGTACTTCGGGCCA"	FALSE	TRUE	NA	NA	NA	NA
"CACATCAATTCCCTGGAGCTTGGTGACTCTGCTGTGTATTTCTGTGCCAGCAGCCAAGTCGGCGGAAACATTCAGTACTTCGGCGCC"	"CASSQVGGNIQYF"	"CACATCAATTCCCTGGAGCTTGGTGACTCTGCTGTGTATTTCTGTGCCAGCAGCCAAGTCGGCGGAAACATTCAGTACTTCGGCGCC"	"CASSQVGGNIQYF"	"TCRBV3-1/3-2*1"	"TCRBD2-1"	"TCRBJ2-4*1"	58	61	-1	65	3	66	NA	NA	"CACATCAATTCCCTGGAGCTTGGTGACTCTGCTGTGTATTTCTGTGCCAGCAGCCAAGTCGGCGGAAACATTCAGTACTTCGGCGCC"	FALSE	TRUE	NA	NA	NA	NA
"CTCAAGATCCAGCCTGCAGAGCTTGGGGACTCGGCCGTGTATCTCTGTGCCAGCAGACGGAGGGCCTACGAGCAGTACTTCGGGCCG"	"CASRRRAYEQYF"	"CTCAAGATCCAGCCTGCAGAGCTTGGGGACTCGGCCGTGTATCTCTGTGCCAGCAGACGGAGGGCCTACGAGCAGTACTTCGGGCCG"	"CASRRRAYEQYF"	"TCRBV11-3*1"	"TCRBD2-1*2"	"TCRBJ2-7*1"	56	58	-1	64	2	65	NA	NA	"CTCAAGATCCAGCCTGCAGAGCTTGGGGACTCGGCCGTGTATCTCTGTGCCAGCAGACGGAGGGCCTACGAGCAGTACTTCGGGCCG"	FALSE	TRUE	NA	NA	NA	NA
"GAGTCGCCCAGCCCCAACCAGACCTCTCTGTACTTCTGTGCCAGCAGCCAGCCCCCGACACTATCCTACGAGCAGTACTTCGGGCCG"	"CASSQPPTLSYEQYF"	"GAGTCGCCCAGCCCCAACCAGACCTCTCTGTACTTCTGTGCCAGCAGCCAGCCCCCGACACTATCCTACGAGCAGTACTTCGGGCCG"	"CASSQPPTLSYEQYF"	"TCRBV27-1*1"	NA	"TCRBJ2-7*1"	47	56	60	63	9	3	NA	NA	"GAGTCGCCCAGCCCCAACCAGACCTCTCTGTACTTCTGTGCCAGCAGCCAGCCCCCGACACTATCCTACGAGCAGTACTTCGGGCCG"	FALSE	TRUE	NA	NA	NA	NA
"ACCAGTGCCCATCCTGAAGACAGCAGCTTCTACATCTGCAGTGCTAGGCACTCAGGATCGAACACCGGGGAGCTGTTTTTTGGAGAA"	"CSARHSGSNTGELFF"	"ACCAGTGCCCATCCTGAAGACAGCAGCTTCTACATCTGCAGTGCTAGGCACTCAGGATCGAACACCGGGGAGCTGTTTTTTGGAGAA"	"CSARHSGSNTGELFF"	NA	"TCRBD1-1*1"	"TCRBJ2-2*1"	47	52	56	58	5	2	NA	NA	"ACCAGTGCCCATCCTGAAGACAGCAGCTTCTACATCTGCAGTGCTAGGCACTCAGGATCGAACACCGGGGAGCTGTTTTTTGGAGAA"	FALSE	TRUE	NA	NA	NA	NA
"GAGTCCGCCAGCACCAACCAGACATCTATGTACCTCTGTGCCAGCAGTTTATGGGGGACAGGGGGCAACGAGCAGTACTTCGGGCCG"	"CASSLWGTGGNEQYF"	"GAGTCCGCCAGCACCAACCAGACATCTATGTACCTCTGTGCCAGCAGTTTATGGGGGACAGGGGGCAACGAGCAGTACTTCGGGCCG"	"CASSLWGTGGNEQYF"	"TCRBV28-1*1"	"TCRBD1-1*1"	"TCRBJ2-7*1"	53	54	66	67	1	1	NA	NA	"GAGTCCGCCAGCACCAACCAGACATCTATGTACCTCTGTGCCAGCAGTTTATGGGGGACAGGGGGCAACGAGCAGTACTTCGGGCCG"	FALSE	TRUE	NA	NA	NA	NA
"CCTCAGAACCGGGAGACACGGCACTGTATCTCTGCGCCAGCAGTAAGTGCAGAGGTTCGGTATAATTCACCCCTCCACTTTGGGAAT"	""	"CCTCAGAACCGGGAGACACGGCACTGTATCTCTGCGCCAGCAGTAAGTGCAGAGGTTCGGTATAATTCACCCCTCCACTTTGGGAAT"	""	"TCRBV23-1*1"	"TCRBD2-1*2"	"TCRBJ1-6*1"	44	51	55	60	7	5	NA	NA	"CCTCAGAACCGGGAGACACGGCACTGTATCTCTGCGCCAGCAGTAAGTGCAGAGGTTCGGTATAATTCACCCCTCCACTTTGGGAAT"	FALSE	FALSE	NA	NA	NA	NA
"TGAGTTCTAAGAAGCTCCTTCTCAGTGACTCTGGCTTCTATCTCTGTGCCTGGACGGCATCACCAAGAGACCCAGTACTTCGGGCCA"	""	"TGAGTTCTAAGAAGCTCCTTCTCAGTGACTCTGGCTTCTATCTCTGTGCCTGGACGGCATCACCAAGAGACCCAGTACTTCGGGCCA"	""	"TCRBV3-1*1"	NA	"TCRBJ2-5*1"	54	55	58	61	1	3	NA	NA	"TGAGTTCTAAGAAGCTCCTTCTCAGTGACTCTGGCTTCTATCTCTGTGCCTGGACGGCATCACCAAGAGACCCAGTACTTCGGGCCA"	FALSE	FALSE	NA	NA	NA	NA
"GTGACCAGTGCCCATCCTGAAGACAGCAGCTTCTACATCTGCAGTGCTAGGAACCCGACTAGCGGCTACGAGCAGTACTTCGGGCCG"	"CSARNPTSGYEQYF"	"GTGACCAGTGCCCATCCTGAAGACAGCAGCTTCTACATCTGCAGTGCTAGGAACCCGACTAGCGGCTACGAGCAGTACTTCGGGCCG"	"CSARNPTSGYEQYF"	NA	"TCRBD2-1"	"TCRBJ2-7*1"	50	56	-1	65	6	66	NA	NA	"GTGACCAGTGCCCATCCTGAAGACAGCAGCTTCTACATCTGCAGTGCTAGGAACCCGACTAGCGGCTACGAGCAGTACTTCGGGCCG"	FALSE	TRUE	NA	NA	NA	NA
"CTTGGTGACTCTGCTGTGTATTTCTGTGCCAGCAGCCAAGAAATTAAGGGTTGCAGGGTGTTCGCCGGGGAGCTGTTTTTTGGAGAA"	"CASSQEIKGCRVFAGELFF"	"CTTGGTGACTCTGCTGTGTATTTCTGTGCCAGCAGCCAAGAAATTAAGGGTTGCAGGGTGTTCGCCGGGGAGCTGTTTTTTGGAGAA"	"CASSQEIKGCRVFAGELFF"	"TCRBV3-1/3-2*1"	"TCRBD1-1*1"	"TCRBJ2-2*1"	41	53	58	64	12	6	NA	NA	"CTTGGTGACTCTGCTGTGTATTTCTGTGCCAGCAGCCAAGAAATTAAGGGTTGCAGGGTGTTCGCCGGGGAGCTGTTTTTTGGAGAA"	FALSE	TRUE	NA	NA	NA	NA
"ACCCTGCAGCCAGAAGACTCGGCCCTGTATCTCTGCGCCAGCAGCCCCGGGGTAGCGGAAACCACCGGGGAGCTGTTTTTTGGAGAA"	"CASSPGVAETTGELFF"	"ACCCTGCAGCCAGAAGACTCGGCCCTGTATCTCTGCGCCAGCAGCCCCGGGGTAGCGGAAACCACCGGGGAGCTGTTTTTTGGAGAA"	"CASSPGVAETTGELFF"	"TCRBV4-3*1"	"TCRBD2-1"	"TCRBJ2-2*1"	46	52	58	62	6	4	NA	NA	"ACCCTGCAGCCAGAAGACTCGGCCCTGTATCTCTGCGCCAGCAGCCCCGGGGTAGCGGAAACCACCGGGGAGCTGTTTTTTGGAGAA"	FALSE	TRUE	NA	NA	NA	NA
"NTGTCGGCTGCTCCCTCCCAGACATCTGTGTACTTCTGTGCCAGCAGTTACTCGGCGGGAGCCACAGATACGCAGTATTTTGGCCCA"	"CASSYSAGATDTQYF"	"NTGTCGGCTGCTCCCTCCCAGACATCTGTGTACTTCTGTGCCAGCAGTTACTCGGCGGGAGCCACAGATACGCAGTATTTTGGCCCA"	"CASSYSAGATDTQYF"	"TCRBV6-5*1"	"TCRBD2-1*2"	"TCRBJ2-3*1"	53	54	61	62	1	1	NA	NA	"NTGTCGGCTGCTCCCTCCCAGACATCTGTGTACTTCTGTGCCAGCAGTTACTCGGCGGGAGCCACAGATACGCAGTATTTTGGCCCA"	FALSE	TRUE	NA	NA	NA	NA
"CACCTACACACCCTGCAGCCAGAAGACTCGGCCCTGTATCTCTGCGCCAGCAGCCAAGCAGAGCGGAGAGAGCAGTTCTTCGGGCCA"	"CASSQAERREQFF"	"CACCTACACACCCTGCAGCCAGAAGACTCGGCCCTGTATCTCTGCGCCAGCAGCCAAGCAGAGCGGAGAGAGCAGTTCTTCGGGCCA"	"CASSQAERREQFF"	"TCRBV4-3*1"	"TCRBD2-1"	"TCRBJ2-1*1"	58	61	66	69	3	3	NA	NA	"CACCTACACACCCTGCAGCCAGAAGACTCGGCCCTGTATCTCTGCGCCAGCAGCCAAGCAGAGCGGAGAGAGCAGTTCTTCGGGCCA"	FALSE	TRUE	NA	NA	NA	NA
"GAGTCTGCCATCCCCAACCAGACAGCTCTTTACTTCTGTGCCACCAAAGAGTCGGGAGCACGGGGGGATACGCAGTATTTTGGCCCA"	"CATKESGARGDTQYF"	"GAGTCTGCCATCCCCAACCAGACAGCTCTTTACTTCTGTGCCACCAAAGAGTCGGGAGCACGGGGGGATACGCAGTATTTTGGCCCA"	"CATKESGARGDTQYF"	"TCRBV24-1*1"	"TCRBD2-1"	"TCRBJ2-3*1"	46	60	-1	66	14	67	NA	NA	"GAGTCTGCCATCCCCAACCAGACAGCTCTTTACTTCTGTGCCACCAAAGAGTCGGGAGCACGGGGGGATACGCAGTATTTTGGCCCA"	FALSE	TRUE	NA	NA	NA	NA
"AACGCCTTGTTGCTGGGGGACTCGGCCCTCTATCTCTGTGCCAGCAGCTTGAGGTTTAGCGGCACAGATACGCAGTATTTTGGCCCA"	"CASSLRFSGTDTQYF"	"AACGCCTTGTTGCTGGGGGACTCGGCCCTCTATCTCTGTGCCAGCAGCTTGAGGTTTAGCGGCACAGATACGCAGTATTTTGGCCCA"	"CASSLRFSGTDTQYF"	"TCRBV5-6*1"	"TCRBD2-1"	"TCRBJ2-3*1"	51	56	-1	61	5	62	NA	NA	"AACGCCTTGTTGCTGGGGGACTCGGCCCTCTATCTCTGTGCCAGCAGCTTGAGGTTTAGCGGCACAGATACGCAGTATTTTGGCCCA"	FALSE	TRUE	NA	NA	NA	NA
"TCCGGTCCACAAAGCTGGAGGACTCAGCCATGTACTTCTGTGCCAGCAGTAGCTAACGCGAGCTGCAATGAGCAGTTCTTCGGGCCA"	""	"TCCGGTCCACAAAGCTGGAGGACTCAGCCATGTACTTCTGTGCCAGCAGTAGCTAACGCGAGCTGCAATGAGCAGTTCTTCGGGCCA"	""	"TCRBV2-1"	"TCRBD2-1"	"TCRBJ2-1*1"	50	52	55	65	2	10	NA	NA	"TCCGGTCCACAAAGCTGGAGGACTCAGCCATGTACTTCTGTGCCAGCAGTAGCTAACGCGAGCTGCAATGAGCAGTTCTTCGGGCCA"	FALSE	FALSE	NA	NA	NA	NA
"TCGCCCAGCCCCAACCAGACCTCTCTGTACTTCTGTGCCAGCAGTTTTTTCGGGGGCGGGAGGCCCTACGAGCAGTACTTCGGGCCG"	"CASSFFGGGRPYEQYF"	"TCGCCCAGCCCCAACCAGACCTCTCTGTACTTCTGTGCCAGCAGTTTTTTCGGGGGCGGGAGGCCCTACGAGCAGTACTTCGGGCCG"	"CASSFFGGGRPYEQYF"	"TCRBV27-1*1"	"TCRBD2-1*2"	"TCRBJ2-7*1"	47	55	63	64	8	1	NA	NA	"TCGCCCAGCCCCAACCAGACCTCTCTGTACTTCTGTGCCAGCAGTTTTTTCGGGGGCGGGAGGCCCTACGAGCAGTACTTCGGGCCG"	FALSE	TRUE	NA	NA	NA	NA
"TCCCAGACATCTGTGTACTTCTGTGCCAGCAGCGAGTCCCCTAGCGGGAGAAGTCGGGGAGGCACAGATACGCAGTATTTTGGCCCA"	"CASSESPSGRSRGGTDTQYF"	"TCCCAGACATCTGTGTACTTCTGTGCCAGCAGCGAGTCCCCTAGCGGGAGAAGTCGGGGAGGCACAGATACGCAGTATTTTGGCCCA"	"CASSESPSGRSRGGTDTQYF"	"TCRBV6-6*5"	"TCRBD2-1*2"	"TCRBJ2-3*1"	33	40	50	61	7	11	NA	NA	"TCCCAGACATCTGTGTACTTCTGTGCCAGCAGCGAGTCCCCTAGCGGGAGAAGTCGGGGAGGCACAGATACGCAGTATTTTGGCCCA"	FALSE	TRUE	NA	NA	NA	NA
"CTGGAGTCGCCCAGCCCCAACCAGACCTCTCTGTACTTCTGTGCCAGCAGTTTACCTCGGGGGACCGGGGAGCTGTTTTTTGGAGAA"	"CASSLPRGTGELFF"	"CTGGAGTCGCCCAGCCCCAACCAGACCTCTCTGTACTTCTGTGCCAGCAGTTTACCTCGGGGGACCGGGGAGCTGTTTTTTGGAGAA"	"CASSLPRGTGELFF"	"TCRBV27-1*1"	"TCRBD2-1*1"	"TCRBJ2-2*1"	54	57	-1	63	3	64	NA	NA	"CTGGAGTCGCCCAGCCCCAACCAGACCTCTCTGTACTTCTGTGCCAGCAGTTTACCTCGGGGGACCGGGGAGCTGTTTTTTGGAGAA"	FALSE	TRUE	NA	NA	NA	NA
"GATCCAGCCCTCAGAACCCAGGGACTCAGCTGTGTACTTCTGTGCCAGCACCCCTGCGGGTAGGATCCGACCCAGTACTTCGGGCCA"	""	"GATCCAGCCCTCAGAACCCAGGGACTCAGCTGTGTACTTCTGTGCCAGCACCCCTGCGGGTAGGATCCGACCCAGTACTTCGGGCCA"	""	NA	"TCRBD2-1"	"TCRBJ2-5*1"	50	55	60	68	5	8	NA	NA	"GATCCAGCCCTCAGAACCCAGGGACTCAGCTGTGTACTTCTGTGCCAGCACCCCTGCGGGTAGGATCCGACCCAGTACTTCGGGCCA"	FALSE	FALSE	NA	NA	NA	NA
"GCGGGGGGACTCAGCCGTGTATCTCTGTGCCAGCAGCTTTCCCCACGACTAGCGGGAGTCACCTACAATGAGCAGTTCTTCGGGCCA"	""	"GCGGGGGGACTCAGCCGTGTATCTCTGTGCCAGCAGCTTTCCCCACGACTAGCGGGAGTCACCTACAATGAGCAGTTCTTCGGGCCA"	""	"TCRBV7-3*1"	"TCRBD2-1*2"	"TCRBJ2-1*1"	39	46	58	61	7	3	NA	NA	"GCGGGGGGACTCAGCCGTGTATCTCTGTGCCAGCAGCTTTCCCCACGACTAGCGGGAGTCACCTACAATGAGCAGTTCTTCGGGCCA"	FALSE	FALSE	NA	NA	NA	NA
"AAGGTGCAGCCTGCAGAACTGGAGGATTCTGGAGTTTATTTCTGTGCCAGCAGCCGGGCATACACAGATACGCAGTATTTTGGCCCA"	"CASSRAYTDTQYF"	"AAGGTGCAGCCTGCAGAACTGGAGGATTCTGGAGTTTATTTCTGTGCCAGCAGCCGGGCATACACAGATACGCAGTATTTTGGCCCA"	"CASSRAYTDTQYF"	"TCRBV14-1*1"	"TCRBD1-1*1"	"TCRBJ2-3*1"	-1	55	59	62	56	3	NA	NA	"AAGGTGCAGCCTGCAGAACTGGAGGATTCTGGAGTTTATTTCTGTGCCAGCAGCCGGGCATACACAGATACGCAGTATTTTGGCCCA"	FALSE	TRUE	NA	NA	NA	NA
"ACGATCCAGCGCACAGAGCAGCGGGACTCAGCCATGTATCGCTGTGCTAGCAGCAAGGAGAGGGACACTGAAGCTTTCTTTGGACAA"	"CASSKERDTEAFF"	"ACGATCCAGCGCACAGAGCAGCGGGACTCAGCCATGTATCGCTGTGCTAGCAGCAAGGAGAGGGACACTGAAGCTTTCTTTGGACAA"	"CASSKERDTEAFF"	NA	"TCRBD2-1*2"	"TCRBJ1-1*1"	54	59	-1	64	5	65	NA	NA	"ACGATCCAGCGCACAGAGCAGCGGGACTCAGCCATGTATCGCTGTGCTAGCAGCAAGGAGAGGGACACTGAAGCTTTCTTTGGACAA"	FALSE	TRUE	NA	NA	NA	NA
"CACCTACACGCCCTGCAGCCAGAAGACTCAGCCCTGTATCTCTGCGCCAGCAGCCAAGAAGTTACCTACGAGCAGTACTTCGGGCCG"	"CASSQEVTYEQYF"	"CACCTACACGCCCTGCAGCCAGAAGACTCAGCCCTGTATCTCTGCGCCAGCAGCCAAGAAGTTACCTACGAGCAGTACTTCGGGCCG"	"CASSQEVTYEQYF"	"TCRBV4-1*1"	NA	"TCRBJ2-7*1"	-1	59	61	64	60	3	NA	NA	"CACCTACACGCCCTGCAGCCAGAAGACTCAGCCCTGTATCTCTGCGCCAGCAGCCAAGAAGTTACCTACGAGCAGTACTTCGGGCCG"	FALSE	TRUE	NA	NA	NA	NA
"CTGAAGATCCAGCGCACACAGCAGGAGGACTCCGCCGTGTATCTCTGTGCCAGCAGCTGGCAGGGGGAGGCCCAGTACTTCGGGCCA"	"CASSWQGEAQYF"	"CTGAAGATCCAGCGCACACAGCAGGAGGACTCCGCCGTGTATCTCTGTGCCAGCAGCTGGCAGGGGGAGGCCCAGTACTTCGGGCCA"	"CASSWQGEAQYF"	"TCRBV7-8*1"	"TCRBD1-1*1"	"TCRBJ2-5*1"	58	60	67	70	2	3	NA	NA	"CTGAAGATCCAGCGCACACAGCAGGAGGACTCCGCCGTGTATCTCTGTGCCAGCAGCTGGCAGGGGGAGGCCCAGTACTTCGGGCCA"	FALSE	TRUE	NA	NA	NA	NA
"TCCGCCAGCACCAACCAGACATCTATGTACCTCTGTGCCAGCAGTCCCCGCTTCCGGGACCTAAGCTATGGCTACACCTTCGGTTCG"	"CASSPRFRDLSYGYTF"	"TCCGCCAGCACCAACCAGACATCTATGTACCTCTGTGCCAGCAGTCCCCGCTTCCGGGACCTAAGCTATGGCTACACCTTCGGTTCG"	"CASSPRFRDLSYGYTF"	"TCRBV28-1*1"	NA	"TCRBJ1-2*1"	45	55	60	65	10	5	NA	NA	"TCCGCCAGCACCAACCAGACATCTATGTACCTCTGTGCCAGCAGTCCCCGCTTCCGGGACCTAAGCTATGGCTACACCTTCGGTTCG"	FALSE	TRUE	NA	NA	NA	NA
"CTGCAGCCAGAAGACTCAGCCCTGTATCTCTGCGCCAGCAGCCAACCTAGCGGGAGGGCTCTTTACAATGAGCAGTTCTTCGGGCCA"	"CASSQPSGRALYNEQFF"	"CTGCAGCCAGAAGACTCAGCCCTGTATCTCTGCGCCAGCAGCCAACCTAGCGGGAGGGCTCTTTACAATGAGCAGTTCTTCGGGCCA"	"CASSQPSGRALYNEQFF"	"TCRBV4-1*1"	"TCRBD2-1*2"	"TCRBJ2-1*1"	45	46	58	63	1	5	NA	NA	"CTGCAGCCAGAAGACTCAGCCCTGTATCTCTGCGCCAGCAGCCAACCTAGCGGGAGGGCTCTTTACAATGAGCAGTTCTTCGGGCCA"	FALSE	TRUE	NA	NA	NA	NA
"GAGTCGCCCAGCCCCAACCAGACCTCTCTGTACTTCTGTGCCAGCAGTCCGCAGGGGGCGCGTGGGGAGACCCAGTACTTCGGGCCA"	"CASSPQGARGETQYF"	"GAGTCGCCCAGCCCCAACCAGACCTCTCTGTACTTCTGTGCCAGCAGTCCGCAGGGGGCGCGTGGGGAGACCCAGTACTTCGGGCCA"	"CASSPQGARGETQYF"	"TCRBV27-1*1"	"TCRBD1-1*1"	"TCRBJ2-5*1"	48	51	59	66	3	7	NA	NA	"GAGTCGCCCAGCCCCAACCAGACCTCTCTGTACTTCTGTGCCAGCAGTCCGCAGGGGGCGCGTGGGGAGACCCAGTACTTCGGGCCA"	FALSE	TRUE	NA	NA	NA	NA
"AATTCCCTGGAGCTTGGTGACTCTGCTGTGTATTTCTGTGCCAGCAGCCAAGATTCAGGGGCCCAAGAGACCCAGTACTTCGGGCCA"	"CASSQDSGAQETQYF"	"AATTCCCTGGAGCTTGGTGACTCTGCTGTGTATTTCTGTGCCAGCAGCCAAGATTCAGGGGCCCAAGAGACCCAGTACTTCGGGCCA"	"CASSQDSGAQETQYF"	"TCRBV3-1/3-2*1"	"TCRBD1-1*1"	"TCRBJ2-5*1"	53	55	61	62	2	1	NA	NA	"AATTCCCTGGAGCTTGGTGACTCTGCTGTGTATTTCTGTGCCAGCAGCCAAGATTCAGGGGCCCAAGAGACCCAGTACTTCGGGCCA"	FALSE	TRUE	NA	NA	NA	NA
"CTGGAGTCCGCCAGCACCAACCAGACATCTATGTACCTCTGTGCCAGCACCCCGGGACTCCCGAATCAGCCCCAGCATTTTGGTGAT"	"CASTPGLPNQPQHF"	"CTGGAGTCCGCCAGCACCAACCAGACATCTATGTACCTCTGTGCCAGCACCCCGGGACTCCCGAATCAGCCCCAGCATTTTGGTGAT"	"CASTPGLPNQPQHF"	"TCRBV28-1*1"	"TCRBD2-1"	"TCRBJ1-5*1"	49	53	59	63	4	4	NA	NA	"CTGGAGTCCGCCAGCACCAACCAGACATCTATGTACCTCTGTGCCAGCACCCCGGGACTCCCGAATCAGCCCCAGCATTTTGGTGAT"	FALSE	TRUE	NA	NA	NA	NA
"ACTCTGACTGTGAGCAACATGAGCCCTGAAGACAGCAGCATATATCTCTGCAGCGGGGCGTCTGAGCTTACGCAGTATTTTGGCCCA"	"CSGASELTQYF"	"ACTCTGACTGTGAGCAACATGAGCCCTGAAGACAGCAGCATATATCTCTGCAGCGGGGCGTCTGAGCTTACGCAGTATTTTGGCCCA"	"CSGASELTQYF"	"TCRBV29-1"	"TCRBD1-1*1"	"TCRBJ2-3*1"	-1	55	59	68	56	9	NA	NA	"ACTCTGACTGTGAGCAACATGAGCCCTGAAGACAGCAGCATATATCTCTGCAGCGGGGCGTCTGAGCTTACGCAGTATTTTGGCCCA"	FALSE	TRUE	NA	NA	NA	NA
"GTGACATCGGCCCAAAAGAACCCGACAGCTTTCTATCTCTGTGCCAGTGCGGACAGGTGGCAATCCTACGAGCAGTACTTCGGGCCG"	"CASADRWQSYEQYF"	"GTGACATCGGCCCAAAAGAACCCGACAGCTTTCTATCTCTGTGCCAGTGCGGACAGGTGGCAATCCTACGAGCAGTACTTCGGGCCG"	"CASADRWQSYEQYF"	"TCRBV19-1*1"	"TCRBD1-1*1"	"TCRBJ2-7*1"	48	50	57	63	2	6	NA	NA	"GTGACATCGGCCCAAAAGAACCCGACAGCTTTCTATCTCTGTGCCAGTGCGGACAGGTGGCAATCCTACGAGCAGTACTTCGGGCCG"	FALSE	TRUE	NA	NA	NA	NA
"GCGTCTGCTGTACCCTCTCAGACATCTGTGTACTTCTGTGCCAGCAGTGAAGGCGGGAGGGCCGCGGATACGCAGTATTTTGGCCCA"	"CASSEGGRAADTQYF"	"GCGTCTGCTGTACCCTCTCAGACATCTGTGTACTTCTGTGCCAGCAGTGAAGGCGGGAGGGCCGCGGATACGCAGTATTTTGGCCCA"	"CASSEGGRAADTQYF"	"TCRBV6-4*1"	"TCRBD2-1*2"	"TCRBJ2-3*1"	50	52	61	66	2	5	NA	NA	"GCGTCTGCTGTACCCTCTCAGACATCTGTGTACTTCTGTGCCAGCAGTGAAGGCGGGAGGGCCGCGGATACGCAGTATTTTGGCCCA"	FALSE	TRUE	NA	NA	NA	NA
"CTGACTGTGAGCAACATGAGCCCTGAAGACAGCAGCATATATCTCTGCAGCGTTGAAGAACAAGGGGAGACCCAGTACTTCGGGCCA"	"CSVEEQGETQYF"	"CTGACTGTGAGCAACATGAGCCCTGAAGACAGCAGCATATATCTCTGCAGCGTTGAAGAACAAGGGGAGACCCAGTACTTCGGGCCA"	"CSVEEQGETQYF"	"TCRBV29-1"	NA	"TCRBJ2-5*1"	59	62	-1	66	3	67	NA	NA	"CTGACTGTGAGCAACATGAGCCCTGAAGACAGCAGCATATATCTCTGCAGCGTTGAAGAACAAGGGGAGACCCAGTACTTCGGGCCA"	FALSE	TRUE	NA	NA	NA	NA
"ATTCTGGAGTCCGCCAGCACCAACCAGACATCTATGTACCTCTGTGCCAGCAGTTTGAGGAACTCCTACGAGCAGTACTTCGGGCCG"	"CASSLRNSYEQYF"	"ATTCTGGAGTCCGCCAGCACCAACCAGACATCTATGTACCTCTGTGCCAGCAGTTTGAGGAACTCCTACGAGCAGTACTTCGGGCCG"	"CASSLRNSYEQYF"	"TCRBV28-1*1"	"TCRBD2-1*2"	"TCRBJ2-7*1"	-1	56	60	62	57	2	NA	NA	"ATTCTGGAGTCCGCCAGCACCAACCAGACATCTATGTACCTCTGTGCCAGCAGTTTGAGGAACTCCTACGAGCAGTACTTCGGGCCG"	FALSE	TRUE	NA	NA	NA	NA
"AAGATCCAGCGCACAGAGCGGGGGGACTCAGCCGTGTATCTCTGTGCCAGCCGGAGGGAACAGAACACTGAAGCTTTCTTTGGACAA"	"CASRREQNTEAFF"	"AAGATCCAGCGCACAGAGCGGGGGGACTCAGCCGTGTATCTCTGTGCCAGCCGGAGGGAACAGAACACTGAAGCTTTCTTTGGACAA"	"CASRREQNTEAFF"	"TCRBV7-3*1"	"TCRBD2-1*2"	"TCRBJ1-1*1"	51	52	58	62	1	4	NA	NA	"AAGATCCAGCGCACAGAGCGGGGGGACTCAGCCGTGTATCTCTGTGCCAGCCGGAGGGAACAGAACACTGAAGCTTTCTTTGGACAA"	FALSE	TRUE	NA	NA	NA	NA
"AATGTGAACGCCTTGTTGCTGGGGGACTCGGCCCTGTATCTCTGTGCCAGCAGCGAAACACGGGAGAGATGGCAGTTCTTCGGGCCA"	"CASSETRERWQFF"	"AATGTGAACGCCTTGTTGCTGGGGGACTCGGCCCTGTATCTCTGTGCCAGCAGCGAAACACGGGAGAGATGGCAGTTCTTCGGGCCA"	"CASSETRERWQFF"	"TCRBV5-5*1"	"TCRBD2-1*2"	"TCRBJ2-1*1"	54	60	66	71	6	5	NA	NA	"AATGTGAACGCCTTGTTGCTGGGGGACTCGGCCCTGTATCTCTGTGCCAGCAGCGAAACACGGGAGAGATGGCAGTTCTTCGGGCCA"	FALSE	TRUE	NA	NA	NA	NA
"TCGGCTGCTCCCTCCCAGACATCTGTGTACTTCTGTGCCAGCAGTTACTCCCGGACAGGCGGGAGCTATGGCTACACCTTCGGTTCG"	"CASSYSRTGGSYGYTF"	"TCGGCTGCTCCCTCCCAGACATCTGTGTACTTCTGTGCCAGCAGTTACTCCCGGACAGGCGGGAGCTATGGCTACACCTTCGGTTCG"	"CASSYSRTGGSYGYTF"	"TCRBV6-5*1"	NA	"TCRBJ1-2*1"	50	52	59	65	2	6	NA	NA	"TCGGCTGCTCCCTCCCAGACATCTGTGTACTTCTGTGCCAGCAGTTACTCCCGGACAGGCGGGAGCTATGGCTACACCTTCGGTTCG"	FALSE	TRUE	NA	NA	NA	NA
"TCGGCTGCTCCCTCCCAGACATCTGTGTACTTCTGTGCCAGCAGTGAGCTCCCCCCCGCGGGGAGGAACATTCAGTACTTCGGCGCC"	"CASSELPPAGRNIQYF"	"TCGGCTGCTCCCTCCCAGACATCTGTGTACTTCTGTGCCAGCAGTGAGCTCCCCCCCGCGGGGAGGAACATTCAGTACTTCGGCGCC"	"CASSELPPAGRNIQYF"	"TCRBV6-1*1"	"TCRBD2-1"	"TCRBJ2-4*1"	47	57	63	66	10	3	NA	NA	"TCGGCTGCTCCCTCCCAGACATCTGTGTACTTCTGTGCCAGCAGTGAGCTCCCCCCCGCGGGGAGGAACATTCAGTACTTCGGCGCC"	FALSE	TRUE	NA	NA	NA	NA
"TCAGCTTTGTATTTCTGTGCCAGCAGCCTCGTTTTAGGCTCGGGGGCGGGAGCCCTACTAAGGTCGGGCGAGCAGTACTTCGGGCCG"	"CASSLVLGSGAGALLRSGEQYF"	"TCAGCTTTGTATTTCTGTGCCAGCAGCCTCGTTTTAGGCTCGGGGGCGGGAGCCCTACTAAGGTCGGGCGAGCAGTACTTCGGGCCG"	"CASSLVLGSGAGALLRSGEQYF"	"TCRBV9-1*1"	"TCRBD2-1*2"	"TCRBJ2-7*1"	27	45	52	68	18	16	NA	NA	"TCAGCTTTGTATTTCTGTGCCAGCAGCCTCGTTTTAGGCTCGGGGGCGGGAGCCCTACTAAGGTCGGGCGAGCAGTACTTCGGGCCG"	FALSE	TRUE	NA	NA	NA	NA
"GAGTCGCCCAGCCCCAACCAGACCTCTCTGTACTTCTGTGCCAGCAAGGAAAGGGGCAGGCCTAATGAAAAACTGTTTTTTGGCAGT"	"CASKERGRPNEKLFF"	"GAGTCGCCCAGCCCCAACCAGACCTCTCTGTACTTCTGTGCCAGCAAGGAAAGGGGCAGGCCTAATGAAAAACTGTTTTTTGGCAGT"	"CASKERGRPNEKLFF"	"TCRBV27-1*1"	"TCRBD1-1*1"	"TCRBJ1-4*1"	46	51	56	61	5	5	NA	NA	"GAGTCGCCCAGCCCCAACCAGACCTCTCTGTACTTCTGTGCCAGCAAGGAAAGGGGCAGGCCTAATGAAAAACTGTTTTTTGGCAGT"	FALSE	TRUE	NA	NA	NA	NA
"CTCCTTCTCAGTGACTCTGGCTTCTATCTCTGTGCCTGGAGTGTACGTTGGGGACACAAAGAGAATGAAAAACTGTTTTTTGGCAGT"	"CAWSVRWGHKENEKLFF"	"CTCCTTCTCAGTGACTCTGGCTTCTATCTCTGTGCCTGGAGTGTACGTTGGGGACACAAAGAGAATGAAAAACTGTTTTTTGGCAGT"	"CAWSVRWGHKENEKLFF"	"TCRBV3-1*1"	"TCRBD1-1*1"	"TCRBJ1-4*1"	44	50	56	63	6	7	NA	NA	"CTCCTTCTCAGTGACTCTGGCTTCTATCTCTGTGCCTGGAGTGTACGTTGGGGACACAAAGAGAATGAAAAACTGTTTTTTGGCAGT"	FALSE	TRUE	NA	NA	NA	NA
"TCTGAAGATCCAGCGCACAGAGCGGGGGGACTCAGCCGTGTATCTCTGTGCCAGCATCCTTTGGGAACTGAAGCTTTCTTTGGACAA"	""	"TCTGAAGATCCAGCGCACAGAGCGGGGGGACTCAGCCGTGTATCTCTGTGCCAGCATCCTTTGGGAACTGAAGCTTTCTTTGGACAA"	""	"TCRBV7-3*1"	NA	"TCRBJ1-1*1"	56	62	-1	66	6	67	NA	NA	"TCTGAAGATCCAGCGCACAGAGCGGGGGGACTCAGCCGTGTATCTCTGTGCCAGCATCCTTTGGGAACTGAAGCTTTCTTTGGACAA"	FALSE	FALSE	NA	NA	NA	NA
"ACAGTGACCAGTGCCCATCCTGAAGACAGCAGCTTCTACATCTGCAGTGCTAGTGGCGACCCCACAGATACGCAGTATTTTGGCCCA"	"CSASGDPTDTQYF"	"ACAGTGACCAGTGCCCATCCTGAAGACAGCAGCTTCTACATCTGCAGTGCTAGTGGCGACCCCACAGATACGCAGTATTTTGGCCCA"	"CSASGDPTDTQYF"	"TCRBV2-1*4"	NA	"TCRBJ2-3*1"	55	57	60	62	2	2	NA	NA	"ACAGTGACCAGTGCCCATCCTGAAGACAGCAGCTTCTACATCTGCAGTGCTAGTGGCGACCCCACAGATACGCAGTATTTTGGCCCA"	FALSE	TRUE	NA	NA	NA	NA
"GTAGTGCGAGGAGATTCGGCAGCTTATTTCTGTGCCAGCTCACCAACGTCTAGCGTACTTCTCACAGATACGCAGTATTTTGGCCCA"	"CASSPTSSVLLTDTQYF"	"GTAGTGCGAGGAGATTCGGCAGCTTATTTCTGTGCCAGCTCACCAACGTCTAGCGTACTTCTCACAGATACGCAGTATTTTGGCCCA"	"CASSPTSSVLLTDTQYF"	"TCRBV18-1*1"	"TCRBD2-1"	"TCRBJ2-3*1"	45	49	55	62	4	7	NA	NA	"GTAGTGCGAGGAGATTCGGCAGCTTATTTCTGTGCCAGCTCACCAACGTCTAGCGTACTTCTCACAGATACGCAGTATTTTGGCCCA"	FALSE	TRUE	NA	NA	NA	NA
"TACACACCCTGCAGCCAGAAGACTCGGCCCTGTATCTCTGTGCCAGCAGGGAGTGGACAGATTAACTATGGCTACACCTTCGGTTCG"	""	"TACACACCCTGCAGCCAGAAGACTCGGCCCTGTATCTCTGTGCCAGCAGGGAGTGGACAGATTAACTATGGCTACACCTTCGGTTCG"	""	"TCRBV4-2*1"	"TCRBD1-1*1"	"TCRBJ1-2*1"	49	54	60	62	5	2	NA	NA	"TACACACCCTGCAGCCAGAAGACTCGGCCCTGTATCTCTGTGCCAGCAGGGAGTGGACAGATTAACTATGGCTACACCTTCGGTTCG"	FALSE	FALSE	NA	NA	NA	NA
"ATTCTGGAGTCCGCCAGCACCAACCAGACATCTATGTACCTCTGTGCCAGCAGCTGGACAGGGCGTCAGCCCCAGCATTTTGGTGAT"	"CASSWTGRQPQHF"	"ATTCTGGAGTCCGCCAGCACCAACCAGACATCTATGTACCTCTGTGCCAGCAGCTGGACAGGGCGTCAGCCCCAGCATTTTGGTGAT"	"CASSWTGRQPQHF"	"TCRBV28-1*1"	"TCRBD1-1*1"	"TCRBJ1-5*1"	53	55	63	65	2	2	NA	NA	"ATTCTGGAGTCCGCCAGCACCAACCAGACATCTATGTACCTCTGTGCCAGCAGCTGGACAGGGCGTCAGCCCCAGCATTTTGGTGAT"	FALSE	TRUE	NA	NA	NA	NA
"GCTGCTCCCTCCCAGACATCTGTGTACTTCTGTGCCAGCAGTTACCTTACGGGGCTAGCGGTGTCCTACGAGCAGTACTTCGGGCCG"	"CASSYLTGLAVSYEQYF"	"GCTGCTCCCTCCCAGACATCTGTGTACTTCTGTGCCAGCAGTTACCTTACGGGGCTAGCGGTGTCCTACGAGCAGTACTTCGGGCCG"	"CASSYLTGLAVSYEQYF"	NA	"TCRBD2-1"	"TCRBJ2-7*1"	45	54	61	63	9	2	NA	NA	"GCTGCTCCCTCCCAGACATCTGTGTACTTCTGTGCCAGCAGTTACCTTACGGGGCTAGCGGTGTCCTACGAGCAGTACTTCGGGCCG"	FALSE	TRUE	NA	NA	NA	NA
"CTGCTGTACCCTCTCAGACATCTGTGTACTTCTGTGCCAGCAGTGAGGTCCCGAGGCCGACAAACCGGGGAGCTGTTTTTTGGAGAA"	""	"CTGCTGTACCCTCTCAGACATCTGTGTACTTCTGTGCCAGCAGTGAGGTCCCGAGGCCGACAAACCGGGGAGCTGTTTTTTGGAGAA"	""	"TCRBV6-4*1"	NA	"TCRBJ2-2*1"	46	58	62	63	12	1	NA	NA	"CTGCTGTACCCTCTCAGACATCTGTGTACTTCTGTGCCAGCAGTGAGGTCCCGAGGCCGACAAACCGGGGAGCTGTTTTTTGGAGAA"	FALSE	FALSE	NA	NA	NA	NA
"TGGAGCTGGACGACTCGGCCCTGTATCTCTGTGCCAGCAGCGCGGACTAGCGGGACAAAGTTCTACAATGAGCAGTTCTTCGGGCCA"	""	"TGGAGCTGGACGACTCGGCCCTGTATCTCTGTGCCAGCAGCGCGGACTAGCGGGACAAAGTTCTACAATGAGCAGTTCTTCGGGCCA"	""	"TCRBV5-4*1"	"TCRBD2-1*2"	"TCRBJ2-1*1"	41	43	55	62	2	7	NA	NA	"TGGAGCTGGACGACTCGGCCCTGTATCTCTGTGCCAGCAGCGCGGACTAGCGGGACAAAGTTCTACAATGAGCAGTTCTTCGGGCCA"	FALSE	FALSE	NA	NA	NA	NA
"TTGGAGCTGGGGGACTCGGCCCTGTATCTCTGTGCCAGAAGCTCCTTCTACTAGCCGTCGAACACCGGGGAGCTGTTTTTTGGAGAA"	"CARSSFY*PSNTGELFF"	"TTGGAGCTGGGGGACTCGGCCCTGTATCTCTGTGCCAGAAGCTCCTTCTACTAGCCGTCGAACACCGGGGAGCTGTTTTTTGGAGAA"	"CARSSFY*PSNTGELFF"	"TCRBV5-3"	"TCRBD2-1"	"TCRBJ2-2*1"	43	49	55	58	6	3	NA	NA	"TTGGAGCTGGGGGACTCGGCCCTGTATCTCTGTGCCAGAAGCTCCTTCTACTAGCCGTCGAACACCGGGGAGCTGTTTTTTGGAGAA"	FALSE	TRUE	NA	NA	NA	NA
"GTGCAGCCTGCAGAACTGGAGGATTCTGGAGTTTATTTCTGTGCCAGTGGACGACTAGCGGGACACAATGAGCAGTTCTTCGGGCCA"	"CASGRLAGHNEQFF"	"GTGCAGCCTGCAGAACTGGAGGATTCTGGAGTTTATTTCTGTGCCAGTGGACGACTAGCGGGACACAATGAGCAGTTCTTCGGGCCA"	"CASGRLAGHNEQFF"	"TCRBV14-1*1"	"TCRBD2-1*2"	"TCRBJ2-1*1"	47	52	63	64	5	1	NA	NA	"GTGCAGCCTGCAGAACTGGAGGATTCTGGAGTTTATTTCTGTGCCAGTGGACGACTAGCGGGACACAATGAGCAGTTCTTCGGGCCA"	FALSE	TRUE	NA	NA	NA	NA
"CACGCCCTGCAGCCAGAAGACTCAGCCCTGTATCTCTGCGCCAGCAGCCTCGCTAGCGGGAGGGCTGATGAGCAGTTCTTCGGGCCA"	"CASSLASGRADEQFF"	"CACGCCCTGCAGCCAGAAGACTCAGCCCTGTATCTCTGCGCCAGCAGCCTCGCTAGCGGGAGGGCTGATGAGCAGTTCTTCGGGCCA"	"CASSLASGRADEQFF"	"TCRBV4-1*1"	"TCRBD2-1*2"	"TCRBJ2-1*1"	49	52	64	67	3	3	NA	NA	"CACGCCCTGCAGCCAGAAGACTCAGCCCTGTATCTCTGCGCCAGCAGCCTCGCTAGCGGGAGGGCTGATGAGCAGTTCTTCGGGCCA"	FALSE	TRUE	NA	NA	NA	NA
"GAGTCTGCTGCCTCCTCCCAGACATCTGTATATTTCTGCGCCAGCAGTGAAACCCTCAGTGGTCTACGCGAGCAGTACTTCGGGCCG"	"CASSETLSGLREQYF"	"GAGTCTGCTGCCTCCTCCCAGACATCTGTATATTTCTGCGCCAGCAGTGAAACCCTCAGTGGTCTACGCGAGCAGTACTTCGGGCCG"	"CASSETLSGLREQYF"	"TCRBV1-1*1"	NA	"TCRBJ2-7*1"	50	56	59	68	6	9	NA	NA	"GAGTCTGCTGCCTCCTCCCAGACATCTGTATATTTCTGCGCCAGCAGTGAAACCCTCAGTGGTCTACGCGAGCAGTACTTCGGGCCG"	FALSE	TRUE	NA	NA	NA	NA
"AGAGCGGGGGGACTCAGCCGTGTATCTCTGTGCCAGCAGCTTAGGTTCTAGTACTTCTGGGGTGTCTACGAGCAGTACTTCGGGCCG"	""	"AGAGCGGGGGGACTCAGCCGTGTATCTCTGTGCCAGCAGCTTAGGTTCTAGTACTTCTGGGGTGTCTACGAGCAGTACTTCGGGCCG"	""	"TCRBV7-3*1"	NA	"TCRBJ2-7*1"	43	58	62	65	15	3	NA	NA	"AGAGCGGGGGGACTCAGCCGTGTATCTCTGTGCCAGCAGCTTAGGTTCTAGTACTTCTGGGGTGTCTACGAGCAGTACTTCGGGCCG"	FALSE	FALSE	NA	NA	NA	NA
"CTCTCAAGATCCAGCCTGCAAAGCTTGAGGACTCGGCCGTGTATCTCTGTGCCAGCAGCTTAGTTGGTTGGGCGGTACTTCGGGCCG"	""	"CTCTCAAGATCCAGCCTGCAAAGCTTGAGGACTCGGCCGTGTATCTCTGTGCCAGCAGCTTAGTTGGTTGGGCGGTACTTCGGGCCG"	""	"TCRBV11-2*1"	"TCRBD1-1*1"	"TCRBJ2-7*1"	63	69	73	74	6	1	NA	NA	"CTCTCAAGATCCAGCCTGCAAAGCTTGAGGACTCGGCCGTGTATCTCTGTGCCAGCAGCTTAGTTGGTTGGGCGGTACTTCGGGCCG"	FALSE	FALSE	NA	NA	NA	NA
"CACACCCTGCAGCCAGAAGACTCGGCCCTGTATCTCTGTGCCAGCAGCCAAACGGGACAGGACAATCAGCCCCAGCATTTTGGTGAT"	"CASSQTGQDNQPQHF"	"CACACCCTGCAGCCAGAAGACTCGGCCCTGTATCTCTGTGCCAGCAGCCAAACGGGACAGGACAATCAGCCCCAGCATTTTGGTGAT"	"CASSQTGQDNQPQHF"	"TCRBV4-2*1"	"TCRBD1-1*1"	"TCRBJ1-5*1"	51	53	61	62	2	1	NA	NA	"CACACCCTGCAGCCAGAAGACTCGGCCCTGTATCTCTGTGCCAGCAGCCAAACGGGACAGGACAATCAGCCCCAGCATTTTGGTGAT"	FALSE	TRUE	NA	NA	NA	NA
"GCCTTGGAGCTGGACGACTCGGCCCTGTATCTCTGTGCCAGCAGCTCCTCCCCTGTTGACCCAGAAGAGACCCAGTACTTCGGGCCA"	"CASSSSPVDPEETQYF"	"GCCTTGGAGCTGGACGACTCGGCCCTGTATCTCTGTGCCAGCAGCTCCTCCCCTGTTGACCCAGAAGAGACCCAGTACTTCGGGCCA"	"CASSSSPVDPEETQYF"	"TCRBV5-4*1"	NA	"TCRBJ2-5*1"	46	57	60	64	11	4	NA	NA	"GCCTTGGAGCTGGACGACTCGGCCCTGTATCTCTGTGCCAGCAGCTCCTCCCCTGTTGACCCAGAAGAGACCCAGTACTTCGGGCCA"	FALSE	TRUE	NA	NA	NA	NA
"GAGCTTGGTGACTCTGCTGTGTATTTCTGTGCCAGCAGACCAAGATACGTCAGGAGCACTAGCACAGATACGCAGTATTTTGGCCCA"	"CASRPRYVRSTSTDTQYF"	"GAGCTTGGTGACTCTGCTGTGTATTTCTGTGCCAGCAGACCAAGATACGTCAGGAGCACTAGCACAGATACGCAGTATTTTGGCCCA"	"CASRPRYVRSTSTDTQYF"	"TCRBV3-1/3-2*1"	NA	"TCRBJ2-3*1"	38	50	54	60	12	6	NA	NA	"GAGCTTGGTGACTCTGCTGTGTATTTCTGTGCCAGCAGACCAAGATACGTCAGGAGCACTAGCACAGATACGCAGTATTTTGGCCCA"	FALSE	TRUE	NA	NA	NA	NA
"AGCTCTCTGGAGCTGGGGGACTCAGCTTTGTATTTCTGTGCCAGCAGCGTAGCACTGAGCTCCTACAATGAGCAGTTCTTCGGGCCA"	"CASSVALSSYNEQFF"	"AGCTCTCTGGAGCTGGGGGACTCAGCTTTGTATTTCTGTGCCAGCAGCGTAGCACTGAGCTCCTACAATGAGCAGTTCTTCGGGCCA"	"CASSVALSSYNEQFF"	"TCRBV9-1*1"	"TCRBD2-1"	"TCRBJ2-1*1"	52	53	56	59	1	3	NA	NA	"AGCTCTCTGGAGCTGGGGGACTCAGCTTTGTATTTCTGTGCCAGCAGCGTAGCACTGAGCTCCTACAATGAGCAGTTCTTCGGGCCA"	FALSE	TRUE	NA	NA	NA	NA
"CAGAGCAGGGGGACTCGGCCATGTATCTCTGTGCCAGCAGCTAGTTGTCGCTCTAACTCGGGGGACACTGAAGCTTTCTTTGGACAA"	""	"CAGAGCAGGGGGACTCGGCCATGTATCTCTGTGCCAGCAGCTAGTTGTCGCTCTAACTCGGGGGACACTGAAGCTTTCTTTGGACAA"	""	"TCRBV7-9*1"	"TCRBD2-1*1"	"TCRBJ1-1*1"	42	58	-1	64	16	65	NA	NA	"CAGAGCAGGGGGACTCGGCCATGTATCTCTGTGCCAGCAGCTAGTTGTCGCTCTAACTCGGGGGACACTGAAGCTTTCTTTGGACAA"	FALSE	FALSE	NA	NA	NA	NA
"GCCTTGTTGCTGGGGGACTCGGCCCTCTATCTCTGTGCCAGCAGCTTGGCGCAGGGCCTTTACTCCTACGAGCAGTACTTCGGGCCG"	"CASSLAQGLYSYEQYF"	"GCCTTGTTGCTGGGGGACTCGGCCCTCTATCTCTGTGCCAGCAGCTTGGCGCAGGGCCTTTACTCCTACGAGCAGTACTTCGGGCCG"	"CASSLAQGLYSYEQYF"	"TCRBV5-6*1"	"TCRBD1-1*1"	"TCRBJ2-7*1"	49	51	56	62	2	6	NA	NA	"GCCTTGTTGCTGGGGGACTCGGCCCTCTATCTCTGTGCCAGCAGCTTGGCGCAGGGCCTTTACTCCTACGAGCAGTACTTCGGGCCG"	FALSE	TRUE	NA	NA	NA	NA
"CGGTCCACAAAGCTGGAGGACTCAGCCATGTACTTCTGTGCCAGCAGTTTTATCAGGGGGCAGGGCGGGGAGCTGTTTTTTGGAGAA"	"CASSFIRGQGGELFF"	"CGGTCCACAAAGCTGGAGGACTCAGCCATGTACTTCTGTGCCAGCAGTTTTATCAGGGGGCAGGGCGGGGAGCTGTTTTTTGGAGAA"	"CASSFIRGQGGELFF"	"TCRBV2-1"	"TCRBD1-1*1"	"TCRBJ2-2*1"	48	53	61	65	5	4	NA	NA	"CGGTCCACAAAGCTGGAGGACTCAGCCATGTACTTCTGTGCCAGCAGTTTTATCAGGGGGCAGGGCGGGGAGCTGTTTTTTGGAGAA"	FALSE	TRUE	NA	NA	NA	NA
"ACTCTGGAGTCCGCTACCAGCTCCCAGACATCTGTGTACTTCTGTGCCACTGAGCGGGACCACACAGATACGCAGTATTTTGGCCCA"	"CATERDHTDTQYF"	"ACTCTGGAGTCCGCTACCAGCTCCCAGACATCTGTGTACTTCTGTGCCACTGAGCGGGACCACACAGATACGCAGTATTTTGGCCCA"	"CATERDHTDTQYF"	"TCRBV1-3*1"	"TCRBD2-1*2"	"TCRBJ2-3*1"	49	52	59	62	3	3	NA	NA	"ACTCTGGAGTCCGCTACCAGCTCCCAGACATCTGTGTACTTCTGTGCCACTGAGCGGGACCACACAGATACGCAGTATTTTGGCCCA"	FALSE	TRUE	NA	NA	NA	NA
"CTGGAGTCCGCCAGCACCAACCAGACATCTATGTACCTCTGTGCCGGCGGAGGTCTCCCGGACACCGGGGAGCTGTTTTTTGGAGAA"	"CAGGGLPDTGELFF"	"CTGGAGTCCGCCAGCACCAACCAGACATCTATGTACCTCTGTGCCGGCGGAGGTCTCCCGGACACCGGGGAGCTGTTTTTTGGAGAA"	"CAGGGLPDTGELFF"	"TCRBV28-1*1"	"TCRBD2-1*2"	"TCRBJ2-2*1"	45	48	53	61	3	8	NA	NA	"CTGGAGTCCGCCAGCACCAACCAGACATCTATGTACCTCTGTGCCGGCGGAGGTCTCCCGGACACCGGGGAGCTGTTTTTTGGAGAA"	FALSE	TRUE	NA	NA	NA	NA
"TCTCTGGAGCTGGGGGACTCAGCTTTGTATTTCTGTGCCAGCAGCGTAGGGACAGGGGTGGGAAACACTGAAGCTTTCTTTGGACAA"	"CASSVGTGVGNTEAFF"	"TCTCTGGAGCTGGGGGACTCAGCTTTGTATTTCTGTGCCAGCAGCGTAGGGACAGGGGTGGGAAACACTGAAGCTTTCTTTGGACAA"	"CASSVGTGVGNTEAFF"	"TCRBV9-1*1"	"TCRBD1-1*1"	"TCRBJ1-1*1"	-1	49	58	63	50	5	NA	NA	"TCTCTGGAGCTGGGGGACTCAGCTTTGTATTTCTGTGCCAGCAGCGTAGGGACAGGGGTGGGAAACACTGAAGCTTTCTTTGGACAA"	FALSE	TRUE	NA	NA	NA	NA
"CTAGAGTCTGCCATCCCCAACCAGACAGCTCTTTACTTCTGTGCCACCAGTGATCCACGGACTAGCGGCGAGCAGTTCTTCGGGCCA"	"CATSDPRTSGEQFF"	"CTAGAGTCTGCCATCCCCAACCAGACAGCTCTTTACTTCTGTGCCACCAGTGATCCACGGACTAGCGGCGAGCAGTTCTTCGGGCCA"	"CATSDPRTSGEQFF"	"TCRBV24-1*1"	"TCRBD2-1"	"TCRBJ2-1*1"	54	58	68	69	4	1	NA	NA	"CTAGAGTCTGCCATCCCCAACCAGACAGCTCTTTACTTCTGTGCCACCAGTGATCCACGGACTAGCGGCGAGCAGTTCTTCGGGCCA"	FALSE	TRUE	NA	NA	NA	NA
"ATCCTGGAGTCGCCCAGCCCCAACCAGACCTCTCTGTACTTCTGTGCCAGCAGTCCCAGGGGGACCGGGGAGCTGTTTTTTGGAGAA"	"CASSPRGTGELFF"	"ATCCTGGAGTCGCCCAGCCCCAACCAGACCTCTCTGTACTTCTGTGCCAGCAGTCCCAGGGGGACCGGGGAGCTGTTTTTTGGAGAA"	"CASSPRGTGELFF"	"TCRBV27-1*1"	"TCRBD1-1*1"	"TCRBJ2-2*1"	54	56	-1	63	2	64	NA	NA	"ATCCTGGAGTCGCCCAGCCCCAACCAGACCTCTCTGTACTTCTGTGCCAGCAGTCCCAGGGGGACCGGGGAGCTGTTTTTTGGAGAA"	FALSE	TRUE	NA	NA	NA	NA
"CGCACAGAGCAGGGGGACTCGGCCATGTATCTCTGTGCCAGCAGCGCCTCAGGCGGGACGGCCCCATACGAGCAGTACTTCGGGCCG"	"CASSASGGTAPYEQYF"	"CGCACAGAGCAGGGGGACTCGGCCATGTATCTCTGTGCCAGCAGCGCCTCAGGCGGGACGGCCCCATACGAGCAGTACTTCGGGCCG"	"CASSASGGTAPYEQYF"	"TCRBV7-9*1"	"TCRBD2-1*2"	"TCRBJ2-7*1"	45	52	58	66	7	8	NA	NA	"CGCACAGAGCAGGGGGACTCGGCCATGTATCTCTGTGCCAGCAGCGCCTCAGGCGGGACGGCCCCATACGAGCAGTACTTCGGGCCG"	FALSE	TRUE	NA	NA	NA	NA
"TTCTAAGAAGCTCCTTCTCAGTGACTCTGGCTTCTATCTCTGAACTAGCGGCAAACAACGAACACCGGGGAGCTGTTTTTTGGAGAA"	""	"TTCTAAGAAGCTCCTTCTCAGTGACTCTGGCTTCTATCTCTGAACTAGCGGCAAACAACGAACACCGGGGAGCTGTTTTTTGGAGAA"	""	"TCRBV3-1"	"TCRBD2-1"	"TCRBJ2-2*1"	42	43	51	58	1	7	NA	NA	"TTCTAAGAAGCTCCTTCTCAGTGACTCTGGCTTCTATCTCTGAACTAGCGGCAAACAACGAACACCGGGGAGCTGTTTTTTGGAGAA"	FALSE	FALSE	NA	NA	NA	NA
"CTGAGCTCTCTGGAGCTGGGGGACTCAGCTTTGTATTTCTGTGCCAGCAGCGTAGGATTGAAGGGTCCGGAGCAGTTCTTCGGGCCA"	"CASSVGLKGPEQFF"	"CTGAGCTCTCTGGAGCTGGGGGACTCAGCTTTGTATTTCTGTGCCAGCAGCGTAGGATTGAAGGGTCCGGAGCAGTTCTTCGGGCCA"	"CASSVGLKGPEQFF"	"TCRBV9-1*1"	NA	"TCRBJ2-1*1"	55	61	65	69	6	4	NA	NA	"CTGAGCTCTCTGGAGCTGGGGGACTCAGCTTTGTATTTCTGTGCCAGCAGCGTAGGATTGAAGGGTCCGGAGCAGTTCTTCGGGCCA"	FALSE	TRUE	NA	NA	NA	NA
"AGTGCCCATCCTGAAGACAGCAGCTTCTACATCTGCAGTGCTAGAGAGGGTTGGGCTAGCGGGGAAGATACGCAGTATTTTGGCCCA"	"CSAREGWASGEDTQYF"	"AGTGCCCATCCTGAAGACAGCAGCTTCTACATCTGCAGTGCTAGAGAGGGTTGGGCTAGCGGGGAAGATACGCAGTATTTTGGCCCA"	"CSAREGWASGEDTQYF"	NA	"TCRBD2-1*1"	"TCRBJ2-3*1"	47	55	64	65	8	1	NA	NA	"AGTGCCCATCCTGAAGACAGCAGCTTCTACATCTGCAGTGCTAGAGAGGGTTGGGCTAGCGGGGAAGATACGCAGTATTTTGGCCCA"	FALSE	TRUE	NA	NA	NA	NA
"GTGACATCGGCCCAAAAGAACCCGACAGCTTTCTATCTCTGTGCCAGTAGTATTTCTTTGGAAGGCACTGAAGCTTTCTTTGGACAA"	"CASSISLEGTEAFF"	"GTGACATCGGCCCAAAAGAACCCGACAGCTTTCTATCTCTGTGCCAGTAGTATTTCTTTGGAAGGCACTGAAGCTTTCTTTGGACAA"	"CASSISLEGTEAFF"	"TCRBV19-1*1"	NA	"TCRBJ1-1*1"	53	59	62	65	6	3	NA	NA	"GTGACATCGGCCCAAAAGAACCCGACAGCTTTCTATCTCTGTGCCAGTAGTATTTCTTTGGAAGGCACTGAAGCTTTCTTTGGACAA"	FALSE	TRUE	NA	NA	NA	NA
"CTGAGCTCTCTGGAGCTGGGGGACTCAGCTTTGTATTTCTGTGCCAGCAGCGGACTAGGATCGTCCTACGAGCAGTACTTCGGGCCG"	"CASSGLGSSYEQYF"	"CTGAGCTCTCTGGAGCTGGGGGACTCAGCTTTGTATTTCTGTGCCAGCAGCGGACTAGGATCGTCCTACGAGCAGTACTTCGGGCCG"	"CASSGLGSSYEQYF"	"TCRBV9-1*1"	"TCRBD2-1"	"TCRBJ2-7*1"	-1	52	58	63	53	5	NA	NA	"CTGAGCTCTCTGGAGCTGGGGGACTCAGCTTTGTATTTCTGTGCCAGCAGCGGACTAGGATCGTCCTACGAGCAGTACTTCGGGCCG"	FALSE	TRUE	NA	NA	NA	NA
"NNNNTGTCGGCTGCTCCCTCCCAGACATCTGTGTACTTCTGTGCCCCCGTAACGTTAGCACTTCTCTACGAGCAGTACTTCGGGCCG"	"CAPVTLALLYEQYF"	"NNNNTGTCGGCTGCTCCCTCCCAGACATCTGTGTACTTCTGTGCCCCCGTAACGTTAGCACTTCTCTACGAGCAGTACTTCGGGCCG"	"CAPVTLALLYEQYF"	"TCRBV6-5*1"	"TCRBD2-1"	"TCRBJ2-7*1"	45	55	59	65	10	6	NA	NA	"NNNNTGTCGGCTGCTCCCTCCCAGACATCTGTGTACTTCTGTGCCCCCGTAACGTTAGCACTTCTCTACGAGCAGTACTTCGGGCCG"	FALSE	TRUE	NA	NA	NA	NA
"TCCCTGATTCTGGAGTCCGCCAGCACCAACCAGACATCTATGTACCTCTGTGCCAGCAGCCCGGGGGGTGGCTACACCTTCGGTTCG"	"CASSPGGGYTF"	"TCCCTGATTCTGGAGTCCGCCAGCACCAACCAGACATCTATGTACCTCTGTGCCAGCAGCCCGGGGGGTGGCTACACCTTCGGTTCG"	"CASSPGGGYTF"	"TCRBV28-1*1"	"TCRBD2-1*1"	"TCRBJ1-2*1"	59	61	-1	68	2	69	NA	NA	"TCCCTGATTCTGGAGTCCGCCAGCACCAACCAGACATCTATGTACCTCTGTGCCAGCAGCCCGGGGGGTGGCTACACCTTCGGTTCG"	FALSE	TRUE	NA	NA	NA	NA
"TCTGGAGCTGGGGGACTCAGCTTTGTATTTCTGTGCCAGCAGCGTAGTAAATTGCGTGGGGGGCGAAGTCCCCAGTACTTCGGGCCA"	""	"TCTGGAGCTGGGGGACTCAGCTTTGTATTTCTGTGCCAGCAGCGTAGTAAATTGCGTGGGGGGCGAAGTCCCCAGTACTTCGGGCCA"	""	"TCRBV9-1*1"	NA	"TCRBJ2-5*1"	47	58	64	70	11	6	NA	NA	"TCTGGAGCTGGGGGACTCAGCTTTGTATTTCTGTGCCAGCAGCGTAGTAAATTGCGTGGGGGGCGAAGTCCCCAGTACTTCGGGCCA"	FALSE	FALSE	NA	NA	NA	NA
"AAGAAGCTCCTTCTCAGTGACTCTGGCTTCTATCTCTGTGCCTGGAGCTTGGTCGGTAGCGGGAGTGATGAGCAGTTCTTCGGGCCA"	"CAWSLVGSGSDEQFF"	"AAGAAGCTCCTTCTCAGTGACTCTGGCTTCTATCTCTGTGCCTGGAGCTTGGTCGGTAGCGGGAGTGATGAGCAGTTCTTCGGGCCA"	"CAWSLVGSGSDEQFF"	"TCRBV3-1*1"	"TCRBD2-1*2"	"TCRBJ2-1*1"	47	56	65	67	9	2	NA	NA	"AAGAAGCTCCTTCTCAGTGACTCTGGCTTCTATCTCTGTGCCTGGAGCTTGGTCGGTAGCGGGAGTGATGAGCAGTTCTTCGGGCCA"	FALSE	TRUE	NA	NA	NA	NA
"CGCACACAGCAGGAGGACTCCGCCGTGTATCTCTGTGCCAGCAGCTTGGGGGGAGGACAGGCGAACCGCGAGCAGTACTTCGGGCCG"	"CASSLGGGQANREQYF"	"CGCACACAGCAGGAGGACTCCGCCGTGTATCTCTGTGCCAGCAGCTTGGGGGGAGGACAGGCGAACCGCGAGCAGTACTTCGGGCCG"	"CASSLGGGQANREQYF"	"TCRBV7-8*1"	"TCRBD1-1*1"	"TCRBJ2-7*1"	47	54	61	68	7	7	NA	NA	"CGCACACAGCAGGAGGACTCCGCCGTGTATCTCTGTGCCAGCAGCTTGGGGGGAGGACAGGCGAACCGCGAGCAGTACTTCGGGCCG"	FALSE	TRUE	NA	NA	NA	NA
"GTGACCAGTGCCCATCCTGAAGACAGCAGCTTCTACATCTGCAGTGCTAGAGATCAGTTGGTGTCCTATGGCTACACCTTCGGTTCG"	"CSARDQLVSYGYTF"	"GTGACCAGTGCCCATCCTGAAGACAGCAGCTTCTACATCTGCAGTGCTAGAGATCAGTTGGTGTCCTATGGCTACACCTTCGGTTCG"	"CSARDQLVSYGYTF"	NA	"TCRBD1-1*1"	"TCRBJ1-2*1"	53	54	57	65	1	8	NA	NA	"GTGACCAGTGCCCATCCTGAAGACAGCAGCTTCTACATCTGCAGTGCTAGAGATCAGTTGGTGTCCTATGGCTACACCTTCGGTTCG"	FALSE	TRUE	NA	NA	NA	NA
"GTGACATCGGCCCAAAAGAACCCGACAGCTTTCTATCTCTGTGCCAGTAGTATATTCGGGGGCTACACTGAAGCTTTCTTTGGACAA"	"CASSIFGGYTEAFF"	"GTGACATCGGCCCAAAAGAACCCGACAGCTTTCTATCTCTGTGCCAGTAGTATATTCGGGGGCTACACTGAAGCTTTCTTTGGACAA"	"CASSIFGGYTEAFF"	"TCRBV19-1*1"	NA	"TCRBJ1-1*1"	54	57	63	64	3	1	NA	NA	"GTGACATCGGCCCAAAAGAACCCGACAGCTTTCTATCTCTGTGCCAGTAGTATATTCGGGGGCTACACTGAAGCTTTCTTTGGACAA"	FALSE	TRUE	NA	NA	NA	NA
"TCCGCCAGCACCAACCAGACATCTATGTACCTCTGTGCCAGCCTCTCGAGACAGGGGGCGCGCTACAATGAGCAGTTCTTCGGGCCA"	"CASLSRQGARYNEQFF"	"TCCGCCAGCACCAACCAGACATCTATGTACCTCTGTGCCAGCCTCTCGAGACAGGGGGCGCGCTACAATGAGCAGTTCTTCGGGCCA"	"CASLSRQGARYNEQFF"	"TCRBV28-1*1"	"TCRBD1-1*1"	"TCRBJ2-1*1"	42	49	59	62	7	3	NA	NA	"TCCGCCAGCACCAACCAGACATCTATGTACCTCTGTGCCAGCCTCTCGAGACAGGGGGCGCGCTACAATGAGCAGTTCTTCGGGCCA"	FALSE	TRUE	NA	NA	NA	NA
"CGCACAGAGCAGCGGGACTCGGCCATGTATCGCTGTGCCAGCAGCTTACGCCCAGGGGCCCTCACCGGGGAGCTGTTTTTTGGAGAA"	"CASSLRPGALTGELFF"	"CGCACAGAGCAGCGGGACTCGGCCATGTATCGCTGTGCCAGCAGCTTACGCCCAGGGGCCCTCACCGGGGAGCTGTTTTTTGGAGAA"	"CASSLRPGALTGELFF"	"TCRBV7-6*1"	"TCRBD1-1*1"	"TCRBJ2-2*1"	48	52	58	62	4	4	NA	NA	"CGCACAGAGCAGCGGGACTCGGCCATGTATCGCTGTGCCAGCAGCTTACGCCCAGGGGCCCTCACCGGGGAGCTGTTTTTTGGAGAA"	FALSE	TRUE	NA	NA	NA	NA
"GTCGGCTGCTCCCTCCCAAACATCTGTGTACTTCTGTGCCAGCAGCACACAGGTTCTAGCTCTGGAAACACCATATATTTTGGAGAG"	""	"GTCGGCTGCTCCCTCCCAAACATCTGTGTACTTCTGTGCCAGCAGCACACAGGTTCTAGCTCTGGAAACACCATATATTTTGGAGAG"	""	"TCRBV6-2*2"	"TCRBD1-1*1"	"TCRBJ1-3*1"	46	48	53	59	2	6	NA	NA	"GTCGGCTGCTCCCTCCCAAACATCTGTGTACTTCTGTGCCAGCAGCACACAGGTTCTAGCTCTGGAAACACCATATATTTTGGAGAG"	FALSE	FALSE	NA	NA	NA	NA
"CACGTTGGCGTCTGCTGTACCCTCTCAGACATCTGTGTACTTCTGTGCCAGCAGTGAGGCGGCGGCCGGGGAGCTGTTTTTGGAGAA"	""	"CACGTTGGCGTCTGCTGTACCCTCTCAGACATCTGTGTACTTCTGTGCCAGCAGTGAGGCGGCGGCCGGGGAGCTGTTTTTGGAGAA"	""	"TCRBV6-4*1"	"TCRBD2-1"	"TCRBJ2-2*1"	57	66	71	76	9	5	NA	NA	"CACGTTGGCGTCTGCTGTACCCTCTCAGACATCTGTGTACTTCTGTGCCAGCAGTGAGGCGGCGGCCGGGGAGCTGTTTTTGGAGAA"	FALSE	FALSE	NA	NA	NA	NA
"AGCTTGGTGACTCTGCTGTGTATTTCTGTGCCAGCAGCCAAGAGTTAGTCTTTCGGGCAGGTCGCCGGGGAGCTGTTTTTTGGAGAA"	""	"AGCTTGGTGACTCTGCTGTGTATTTCTGTGCCAGCAGCCAAGAGTTAGTCTTTCGGGCAGGTCGCCGGGGAGCTGTTTTTTGGAGAA"	""	"TCRBV3-1/3-2*1"	NA	"TCRBJ2-2*1"	43	57	61	64	14	3	NA	NA	"AGCTTGGTGACTCTGCTGTGTATTTCTGTGCCAGCAGCCAAGAGTTAGTCTTTCGGGCAGGTCGCCGGGGAGCTGTTTTTTGGAGAA"	FALSE	FALSE	NA	NA	NA	NA
"CTGGAGTCGCCCAGCCCCAACCAGACCTCTCTGTACTTCTGTGCCAGCAGTCCTCTGCAGGGGGCAGATACGCAGTATTTTGGCCCA"	"CASSPLQGADTQYF"	"CTGGAGTCGCCCAGCCCCAACCAGACCTCTCTGTACTTCTGTGCCAGCAGTCCTCTGCAGGGGGCAGATACGCAGTATTTTGGCCCA"	"CASSPLQGADTQYF"	"TCRBV27-1*1"	"TCRBD1-1*1"	"TCRBJ2-3*1"	51	57	-1	64	6	65	NA	NA	"CTGGAGTCGCCCAGCCCCAACCAGACCTCTCTGTACTTCTGTGCCAGCAGTCCTCTGCAGGGGGCAGATACGCAGTATTTTGGCCCA"	FALSE	TRUE	NA	NA	NA	NA
"GGAGTCAGCTACCCGCTCCCAGACATCTGTGTATTTCTGCGCCAGCATTTCCAGGGGGCGCATACCTACGAGCAGTACTTCGGGCCG"	""	"GGAGTCAGCTACCCGCTCCCAGACATCTGTGTATTTCTGCGCCAGCATTTCCAGGGGGCGCATACCTACGAGCAGTACTTCGGGCCG"	""	"TCRBV1-2*1"	"TCRBD1-1*1"	"TCRBJ2-7*1"	47	51	59	64	4	5	NA	NA	"GGAGTCAGCTACCCGCTCCCAGACATCTGTGTATTTCTGCGCCAGCATTTCCAGGGGGCGCATACCTACGAGCAGTACTTCGGGCCG"	FALSE	FALSE	NA	NA	NA	NA
"TGGGGGACTCGGCCCTCTATCTCTGTGCCAGCAGCCTCGGTCCCGGACAGGCGGAGCTCTGGGGCCAACGTCCTGACTTTCGGGGCC"	""	"TGGGGGACTCGGCCCTCTATCTCTGTGCCAGCAGCCTCGGTCCCGGACAGGCGGAGCTCTGGGGCCAACGTCCTGACTTTCGGGGCC"	""	"TCRBV5-6*1"	"TCRBD1-1*1"	"TCRBJ2-6*1"	35	44	51	56	9	5	NA	NA	"TGGGGGACTCGGCCCTCTATCTCTGTGCCAGCAGCCTCGGTCCCGGACAGGCGGAGCTCTGGGGCCAACGTCCTGACTTTCGGGGCC"	FALSE	FALSE	NA	NA	NA	NA
"AATTCCCTGGAGCTTGGTGACTCTGCTGTGTATTTCTGTGCCAGCAGCCAAATCCCGTCCACCACAGATACGCAGTATTTTGGCCCA"	"CASSQIPSTTDTQYF"	"AATTCCCTGGAGCTTGGTGACTCTGCTGTGTATTTCTGTGCCAGCAGCCAAATCCCGTCCACCACAGATACGCAGTATTTTGGCCCA"	"CASSQIPSTTDTQYF"	"TCRBV3-1/3-2*1"	NA	"TCRBJ2-3*1"	51	60	-1	62	9	63	NA	NA	"AATTCCCTGGAGCTTGGTGACTCTGCTGTGTATTTCTGTGCCAGCAGCCAAATCCCGTCCACCACAGATACGCAGTATTTTGGCCCA"	FALSE	TRUE	NA	NA	NA	NA
"TCTCTGGAGCTGGGGGACTCAGCTTTGTATTTCTGTGCCAGCAGCGGACGACAGGGAGTCCTTAACACTGAAGCTTTCTTTGGACAA"	"CASSGRQGVLNTEAFF"	"TCTCTGGAGCTGGGGGACTCAGCTTTGTATTTCTGTGCCAGCAGCGGACGACAGGGAGTCCTTAACACTGAAGCTTTCTTTGGACAA"	"CASSGRQGVLNTEAFF"	"TCRBV9-1*1"	"TCRBD1-1*1"	"TCRBJ1-1*1"	46	49	56	63	3	7	NA	NA	"TCTCTGGAGCTGGGGGACTCAGCTTTGTATTTCTGTGCCAGCAGCGGACGACAGGGAGTCCTTAACACTGAAGCTTTCTTTGGACAA"	FALSE	TRUE	NA	NA	NA	NA
"ACAGAGCAGGAGGACTCGGCCGTGTATCTCTGTGCCAGCAGCTTAGACGGGAGGTCGGGCCCGATCTACGAGCAGTACTTCGGGCCG"	"CASSLDGRSGPIYEQYF"	"ACAGAGCAGGAGGACTCGGCCGTGTATCTCTGTGCCAGCAGCTTAGACGGGAGGTCGGGCCCGATCTACGAGCAGTACTTCGGGCCG"	"CASSLDGRSGPIYEQYF"	"TCRBV7-2"	"TCRBD2-1*2"	"TCRBJ2-7*1"	46	47	54	65	1	11	NA	NA	"ACAGAGCAGGAGGACTCGGCCGTGTATCTCTGTGCCAGCAGCTTAGACGGGAGGTCGGGCCCGATCTACGAGCAGTACTTCGGGCCG"	FALSE	TRUE	NA	NA	NA	NA
"CGCTCACCAGGCCTGGGGGACGCAGCCATGTACCTGTGTGCCACCAGCAGCGGGACTAGCGCTACAGATACGCAGTATTTTGGCCCA"	"CATSSGTSATDTQYF"	"CGCTCACCAGGCCTGGGGGACGCAGCCATGTACCTGTGTGCCACCAGCAGCGGGACTAGCGCTACAGATACGCAGTATTTTGGCCCA"	"CATSSGTSATDTQYF"	"TCRBV15-1*2"	"TCRBD2-1"	"TCRBJ2-3*1"	50	51	61	63	1	2	NA	NA	"CGCTCACCAGGCCTGGGGGACGCAGCCATGTACCTGTGTGCCACCAGCAGCGGGACTAGCGCTACAGATACGCAGTATTTTGGCCCA"	FALSE	TRUE	NA	NA	NA	NA
"NCTCTGAAGATCCGGTCCACAAAGCTGGAGGACTCAGCCATGTACTTCTGTGCCAGCACCGAAGATAATGAGCAGTTCTTCGGGCCA"	"CASTEDNEQFF"	"NCTCTGAAGATCCGGTCCACAAAGCTGGAGGACTCAGCCATGTACTTCTGTGCCAGCACCGAAGATAATGAGCAGTTCTTCGGGCCA"	"CASTEDNEQFF"	"TCRBV2-1"	NA	"TCRBJ2-1*1"	58	60	62	66	2	4	NA	NA	"NCTCTGAAGATCCGGTCCACAAAGCTGGAGGACTCAGCCATGTACTTCTGTGCCAGCACCGAAGATAATGAGCAGTTCTTCGGGCCA"	FALSE	TRUE	NA	NA	NA	NA
"CCAGTGCCCATCCTGAAGACAGCAGCTTCTACATCTGCAGTGCTAGCGATAATAGCGGGTAACTAAGAGACCCAGTACTTCGGGCCA"	""	"CCAGTGCCCATCCTGAAGACAGCAGCTTCTACATCTGCAGTGCTAGCGATAATAGCGGGTAACTAAGAGACCCAGTACTTCGGGCCA"	""	NA	"TCRBD2-1"	"TCRBJ2-5*1"	46	52	59	64	6	5	NA	NA	"CCAGTGCCCATCCTGAAGACAGCAGCTTCTACATCTGCAGTGCTAGCGATAATAGCGGGTAACTAAGAGACCCAGTACTTCGGGCCA"	FALSE	FALSE	NA	NA	NA	NA
"TGTCCTCAGAACCGGGAGACACGGCACTGTATCTCTGCGCCAGCAGTCAACGACTAGCGGGTCGATAGTGAGCAGTTCTTCGGGCCA"	""	"TGTCCTCAGAACCGGGAGACACGGCACTGTATCTCTGCGCCAGCAGTCAACGACTAGCGGGTCGATAGTGAGCAGTTCTTCGGGCCA"	""	"TCRBV23-1*1"	"TCRBD2-1"	"TCRBJ2-1*1"	50	51	61	68	1	7	NA	NA	"TGTCCTCAGAACCGGGAGACACGGCACTGTATCTCTGCGCCAGCAGTCAACGACTAGCGGGTCGATAGTGAGCAGTTCTTCGGGCCA"	FALSE	FALSE	NA	NA	NA	NA
"TGGAGATCCAGCGCACAGAGCAGGGGGACTCGGCCATGTATCTCTGTGCCAGCAGCCCACTGGACCGGGGAGCTGTTTTTTGGAGAA"	""	"TGGAGATCCAGCGCACAGAGCAGGGGGACTCGGCCATGTATCTCTGTGCCAGCAGCCCACTGGACCGGGGAGCTGTTTTTTGGAGAA"	""	"TCRBV7-9*1"	"TCRBD2-1"	"TCRBJ2-2*1"	56	58	61	63	2	2	NA	NA	"TGGAGATCCAGCGCACAGAGCAGGGGGACTCGGCCATGTATCTCTGTGCCAGCAGCCCACTGGACCGGGGAGCTGTTTTTTGGAGAA"	FALSE	FALSE	NA	NA	NA	NA
"CACAGAGCAGCGGGACTCGGCCATGTATCGCTGTGCCAGCAGCGGGCGGACAGATAGTATCATAATTCACCCCTCCACTTTGGGAAT"	""	"CACAGAGCAGCGGGACTCGGCCATGTATCGCTGTGCCAGCAGCGGGCGGACAGATAGTATCATAATTCACCCCTCCACTTTGGGAAT"	""	"TCRBV7-6*1"	"TCRBD1-1*1"	"TCRBJ1-6*1"	43	47	53	61	4	8	NA	NA	"CACAGAGCAGCGGGACTCGGCCATGTATCGCTGTGCCAGCAGCGGGCGGACAGATAGTATCATAATTCACCCCTCCACTTTGGGAAT"	FALSE	FALSE	NA	NA	NA	NA
"CGGTCCACAAAGCTGGAGGACTCAGCCATGTACTTCTGTGCCAGCACCGAGGGTCAGGGGGCGTACTATGGCTACACCTTCGGTTCG"	"CASTEGQGAYYGYTF"	"CGGTCCACAAAGCTGGAGGACTCAGCCATGTACTTCTGTGCCAGCACCGAGGGTCAGGGGGCGTACTATGGCTACACCTTCGGTTCG"	"CASTEGQGAYYGYTF"	"TCRBV2-1"	"TCRBD1-1*1"	"TCRBJ1-2*1"	46	54	62	64	8	2	NA	NA	"CGGTCCACAAAGCTGGAGGACTCAGCCATGTACTTCTGTGCCAGCACCGAGGGTCAGGGGGCGTACTATGGCTACACCTTCGGTTCG"	FALSE	TRUE	NA	NA	NA	NA
"GCAGAGCTTGGGGACTCGGCCGTGTATCTCTGTGCCAGCAGCTTAGATGCTAGGACACCTTCCTACAATGAGCAGTTCTTCGGGCCA"	"CASSLDARTPSYNEQFF"	"GCAGAGCTTGGGGACTCGGCCGTGTATCTCTGTGCCAGCAGCTTAGATGCTAGGACACCTTCCTACAATGAGCAGTTCTTCGGGCCA"	"CASSLDARTPSYNEQFF"	"TCRBV11-3*1"	"TCRBD1-1*1"	"TCRBJ2-1*1"	47	52	57	60	5	3	NA	NA	"GCAGAGCTTGGGGACTCGGCCGTGTATCTCTGTGCCAGCAGCTTAGATGCTAGGACACCTTCCTACAATGAGCAGTTCTTCGGGCCA"	FALSE	TRUE	NA	NA	NA	NA
"AATGTGAGCACCTTGGAGCTGGGGGACTCGGCCCTTTATCTTTGCGCCAGCAGCTTGGTAGCAGGCGAGACCCAGTACTTCGGGCCA"	"CASSLVAGETQYF"	"AATGTGAGCACCTTGGAGCTGGGGGACTCGGCCCTTTATCTTTGCGCCAGCAGCTTGGTAGCAGGCGAGACCCAGTACTTCGGGCCA"	"CASSLVAGETQYF"	"TCRBV5-1*1"	NA	"TCRBJ2-5*1"	58	61	65	66	3	1	NA	NA	"AATGTGAGCACCTTGGAGCTGGGGGACTCGGCCCTTTATCTTTGCGCCAGCAGCTTGGTAGCAGGCGAGACCCAGTACTTCGGGCCA"	FALSE	TRUE	NA	NA	NA	NA
"CTGATTCTGGAGTCCGCCAGCACCAACCAGACATCTATGTACCTCTGTGCCAGCAGTTTAGAGAACACTGAAGCTTTCTTTGGACAA"	"CASSLENTEAFF"	"CTGATTCTGGAGTCCGCCAGCACCAACCAGACATCTATGTACCTCTGTGCCAGCAGTTTAGAGAACACTGAAGCTTTCTTTGGACAA"	"CASSLENTEAFF"	"TCRBV28-1*1"	NA	"TCRBJ1-1*1"	-1	60	-1	62	61	63	NA	NA	"CTGATTCTGGAGTCCGCCAGCACCAACCAGACATCTATGTACCTCTGTGCCAGCAGTTTAGAGAACACTGAAGCTTTCTTTGGACAA"	FALSE	TRUE	NA	NA	NA	NA
"GCTGGACGACTCGGCCCTGTATCTCTGTGCCAGCAGCTTGATGGGACAGGGTGAACTCAGAAATCCTACGAGCAGTACTTCGGGCCG"	""	"GCTGGACGACTCGGCCCTGTATCTCTGTGCCAGCAGCTTGATGGGACAGGGTGAACTCAGAAATCCTACGAGCAGTACTTCGGGCCG"	""	"TCRBV5-4*1"	"TCRBD1-1*1"	"TCRBJ2-7*1"	40	42	51	63	2	12	NA	NA	"GCTGGACGACTCGGCCCTGTATCTCTGTGCCAGCAGCTTGATGGGACAGGGTGAACTCAGAAATCCTACGAGCAGTACTTCGGGCCG"	FALSE	FALSE	NA	NA	NA	NA
"GTGAGCACCTTGGAGCTGGGGGACTCGGCCCTTTATCTTTGCGCCAGCAGTCTAGCGGAAAACACCGGGGAGCTGTTTTTTGGAGAA"	"CASSLAENTGELFF"	"GTGAGCACCTTGGAGCTGGGGGACTCGGCCCTTTATCTTTGCGCCAGCAGTCTAGCGGAAAACACCGGGGAGCTGTTTTTTGGAGAA"	"CASSLAENTGELFF"	"TCRBV5-1*1"	"TCRBD2-1"	"TCRBJ2-2*1"	50	51	58	60	1	2	NA	NA	"GTGAGCACCTTGGAGCTGGGGGACTCGGCCCTTTATCTTTGCGCCAGCAGTCTAGCGGAAAACACCGGGGAGCTGTTTTTTGGAGAA"	FALSE	TRUE	NA	NA	NA	NA
"ACCAGTGCCCATCCTGAAGACAGCAGCTTCTACATCTGCAGTGCTAGAGTTGGGACAACGATCTACAATGAGCAGTTCTTCGGGCCA"	"CSARVGTTIYNEQFF"	"ACCAGTGCCCATCCTGAAGACAGCAGCTTCTACATCTGCAGTGCTAGAGTTGGGACAACGATCTACAATGAGCAGTTCTTCGGGCCA"	"CSARVGTTIYNEQFF"	NA	"TCRBD1-1*1"	"TCRBJ2-1*1"	49	51	57	62	2	5	NA	NA	"ACCAGTGCCCATCCTGAAGACAGCAGCTTCTACATCTGCAGTGCTAGAGTTGGGACAACGATCTACAATGAGCAGTTCTTCGGGCCA"	FALSE	TRUE	NA	NA	NA	NA
"CAGTGCCCATCCTGAAGACAGCAGCTTCTACATCTGCAGTGCTAGAGAGTTTGAGGTAGCTCCTACAATGAGCAGTTCTTCGGGCCA"	""	"CAGTGCCCATCCTGAAGACAGCAGCTTCTACATCTGCAGTGCTAGAGAGTTTGAGGTAGCTCCTACAATGAGCAGTTCTTCGGGCCA"	""	NA	"TCRBD2-1*2"	"TCRBJ2-1*1"	48	52	56	59	4	3	NA	NA	"CAGTGCCCATCCTGAAGACAGCAGCTTCTACATCTGCAGTGCTAGAGAGTTTGAGGTAGCTCCTACAATGAGCAGTTCTTCGGGCCA"	FALSE	FALSE	NA	NA	NA	NA
"TCCGGTCCACAAAGCTGGAGGACTCAGCCATGTACTTCTGTGCCAGCAGTGAATCTGGACCCAAGAGAGACCCAGTACTTCGGGCCA"	""	"TCCGGTCCACAAAGCTGGAGGACTCAGCCATGTACTTCTGTGCCAGCAGTGAATCTGGACCCAAGAGAGACCCAGTACTTCGGGCCA"	""	"TCRBV2-1"	NA	"TCRBJ2-5*1"	53	56	60	65	3	5	NA	NA	"TCCGGTCCACAAAGCTGGAGGACTCAGCCATGTACTTCTGTGCCAGCAGTGAATCTGGACCCAAGAGAGACCCAGTACTTCGGGCCA"	FALSE	FALSE	NA	NA	NA	NA
"ACCAGTGCCCATCCTGAAGACAGCAGCTTCTACATCTGCAGTGCTAGAGGACAGGGGGTTTACAATCAGCCCCAGCATTTTGGTGAT"	"CSARGQGVYNQPQHF"	"ACCAGTGCCCATCCTGAAGACAGCAGCTTCTACATCTGCAGTGCTAGAGGACAGGGGGTTTACAATCAGCCCCAGCATTTTGGTGAT"	"CSARGQGVYNQPQHF"	NA	"TCRBD1-1*1"	"TCRBJ1-5*1"	-1	49	58	62	50	4	NA	NA	"ACCAGTGCCCATCCTGAAGACAGCAGCTTCTACATCTGCAGTGCTAGAGGACAGGGGGTTTACAATCAGCCCCAGCATTTTGGTGAT"	FALSE	TRUE	NA	NA	NA	NA
"ACTGTGACATCGGCCCAAAAGAACCCGACAGCTTTCTATCTCTGTGCCAGTAGTCTAGCGGGAGTTTACGAGCAGTACTTCGGGCCG"	"CASSLAGVYEQYF"	"ACTGTGACATCGGCCCAAAAGAACCCGACAGCTTTCTATCTCTGTGCCAGTAGTCTAGCGGGAGTTTACGAGCAGTACTTCGGGCCG"	"CASSLAGVYEQYF"	"TCRBV19-1*1"	"TCRBD2-1*2"	"TCRBJ2-7*1"	-1	58	64	66	59	2	NA	NA	"ACTGTGACATCGGCCCAAAAGAACCCGACAGCTTTCTATCTCTGTGCCAGTAGTCTAGCGGGAGTTTACGAGCAGTACTTCGGGCCG"	FALSE	TRUE	NA	NA	NA	NA
"CGCACAGAGCGGGGGGACTCAGCCGTGTATCTCTGTGCCAGCAGCGTCGGAGGACTAGCGGCATACGATACGCAGTATTTTGGCCCA"	"CASSVGGLAAYDTQYF"	"CGCACAGAGCGGGGGGACTCAGCCGTGTATCTCTGTGCCAGCAGCGTCGGAGGACTAGCGGCATACGATACGCAGTATTTTGGCCCA"	"CASSVGGLAAYDTQYF"	"TCRBV7-3*1"	"TCRBD2-1"	"TCRBJ2-3*1"	45	51	61	66	6	5	NA	NA	"CGCACAGAGCGGGGGGACTCAGCCGTGTATCTCTGTGCCAGCAGCGTCGGAGGACTAGCGGCATACGATACGCAGTATTTTGGCCCA"	FALSE	TRUE	NA	NA	NA	NA
"TTGGCGTCTGCTGTACCCTCTCAGACATCTGTGTACTTCTGTGCCAGCGCCCCAGCGTCCAGCACAGATACGCAGTATTTTGGCCCA"	"CASAPASSTDTQYF"	"TTGGCGTCTGCTGTACCCTCTCAGACATCTGTGTACTTCTGTGCCAGCGCCCCAGCGTCCAGCACAGATACGCAGTATTTTGGCCCA"	"CASAPASSTDTQYF"	"TCRBV6-4*1"	"TCRBD2-1"	"TCRBJ2-3*1"	48	53	57	60	5	3	NA	NA	"TTGGCGTCTGCTGTACCCTCTCAGACATCTGTGTACTTCTGTGCCAGCGCCCCAGCGTCCAGCACAGATACGCAGTATTTTGGCCCA"	FALSE	TRUE	NA	NA	NA	NA
"ACCTTGGAGCTGGGGGACTCGGCCCTTTATCTTTGCGCCAGCAGACTCAGCCCAGGGACGGAAGAAGAGACCCAGTACTTCGGGCCA"	"CASRLSPGTEEETQYF"	"ACCTTGGAGCTGGGGGACTCGGCCCTTTATCTTTGCGCCAGCAGACTCAGCCCAGGGACGGAAGAAGAGACCCAGTACTTCGGGCCA"	"CASRLSPGTEEETQYF"	"TCRBV5-1*1"	NA	"TCRBJ2-5*1"	44	54	59	64	10	5	NA	NA	"ACCTTGGAGCTGGGGGACTCGGCCCTTTATCTTTGCGCCAGCAGACTCAGCCCAGGGACGGAAGAAGAGACCCAGTACTTCGGGCCA"	FALSE	TRUE	NA	NA	NA	NA
"GTGACCAGTGCCCATCCTGAAGACAGCAGCTTCTACATCTGCAGTGCTAGAGACCCACGGACCGCCTACGAGCAGTACTTCGGGCCG"	"CSARDPRTAYEQYF"	"GTGACCAGTGCCCATCCTGAAGACAGCAGCTTCTACATCTGCAGTGCTAGAGACCCACGGACCGCCTACGAGCAGTACTTCGGGCCG"	"CSARDPRTAYEQYF"	NA	NA	"TCRBJ2-7*1"	53	58	62	64	5	2	NA	NA	"GTGACCAGTGCCCATCCTGAAGACAGCAGCTTCTACATCTGCAGTGCTAGAGACCCACGGACCGCCTACGAGCAGTACTTCGGGCCG"	FALSE	TRUE	NA	NA	NA	NA
"TCGGCTGCTCCCTCCCAGACATCTGTGTACTTCTGTGCCAGCAGTGAAGGCCTAGCCTTCCGAAACAATGAGCAGTTCTTCGGGCCA"	"CASSEGLAFRNNEQFF"	"TCGGCTGCTCCCTCCCAGACATCTGTGTACTTCTGTGCCAGCAGTGAAGGCCTAGCCTTCCGAAACAATGAGCAGTTCTTCGGGCCA"	"CASSEGLAFRNNEQFF"	"TCRBV6-1*1"	"TCRBD2-1"	"TCRBJ2-1*1"	49	51	56	64	2	8	NA	NA	"TCGGCTGCTCCCTCCCAGACATCTGTGTACTTCTGTGCCAGCAGTGAAGGCCTAGCCTTCCGAAACAATGAGCAGTTCTTCGGGCCA"	FALSE	TRUE	NA	NA	NA	NA
"GAACGCCTTGGAGCTGGACGACTCGGCCCTGTATCTCTGTGCCAGCAGCTTGGATACCACTCTGGAAACACCATATATTTTGGAGAG"	""	"GAACGCCTTGGAGCTGGACGACTCGGCCCTGTATCTCTGTGCCAGCAGCTTGGATACCACTCTGGAAACACCATATATTTTGGAGAG"	""	"TCRBV5-4*1"	NA	"TCRBJ1-3*1"	53	55	57	59	2	2	NA	NA	"GAACGCCTTGGAGCTGGACGACTCGGCCCTGTATCTCTGTGCCAGCAGCTTGGATACCACTCTGGAAACACCATATATTTTGGAGAG"	FALSE	FALSE	NA	NA	NA	NA
"GTGAGCACCTTGGAGCTGGGGGACTCGGCCCTTTATCTTTGCGCCAGCAGCTTGGAACTAGCGGGAGATACGCAGTATTTTGGCCCA"	"CASSLELAGDTQYF"	"GTGAGCACCTTGGAGCTGGGGGACTCGGCCCTTTATCTTTGCGCCAGCAGCTTGGAACTAGCGGGAGATACGCAGTATTTTGGCCCA"	"CASSLELAGDTQYF"	"TCRBV5-1*1"	"TCRBD2-1"	"TCRBJ2-3*1"	55	56	-1	65	1	66	NA	NA	"GTGAGCACCTTGGAGCTGGGGGACTCGGCCCTTTATCTTTGCGCCAGCAGCTTGGAACTAGCGGGAGATACGCAGTATTTTGGCCCA"	FALSE	TRUE	NA	NA	NA	NA
"ACAGTGACCAGTGCCCATCCTGAAGACAGCAGCTTCTACATCTGCAGTGCTAGTCTGACGGTTAGTCTTGGGCAGTTCTTCGGGCCA"	"CSASLTVSLGQFF"	"ACAGTGACCAGTGCCCATCCTGAAGACAGCAGCTTCTACATCTGCAGTGCTAGTCTGACGGTTAGTCTTGGGCAGTTCTTCGGGCCA"	"CSASLTVSLGQFF"	"TCRBV2-1*4"	NA	"TCRBJ2-1*1"	54	56	59	71	2	12	NA	NA	"ACAGTGACCAGTGCCCATCCTGAAGACAGCAGCTTCTACATCTGCAGTGCTAGTCTGACGGTTAGTCTTGGGCAGTTCTTCGGGCCA"	FALSE	TRUE	NA	NA	NA	NA
"GACCAGTGCCCATCCTGAAGACAGCAGCTTCTACATCTGCAGTGCTAGTGGAGGACAGGGGGTAATGAAAAACTGTTTTTTGGCAGT"	""	"GACCAGTGCCCATCCTGAAGACAGCAGCTTCTACATCTGCAGTGCTAGTGGAGGACAGGGGGTAATGAAAAACTGTTTTTTGGCAGT"	""	"TCRBV2-1*4"	"TCRBD1-1*1"	"TCRBJ1-4*1"	50	52	-1	62	2	63	NA	NA	"GACCAGTGCCCATCCTGAAGACAGCAGCTTCTACATCTGCAGTGCTAGTGGAGGACAGGGGGTAATGAAAAACTGTTTTTTGGCAGT"	FALSE	FALSE	NA	NA	NA	NA
"AAGCTCCTTCTCAGTGACTCTGGCTTCTATCTCTGTGCCTGGAGTGTCCTAGCGGGAGGACCGGACAATGAGCAGTTCTTCGGGCCA"	"CAWSVLAGGPDNEQFF"	"AAGCTCCTTCTCAGTGACTCTGGCTTCTATCTCTGTGCCTGGAGTGTCCTAGCGGGAGGACCGGACAATGAGCAGTTCTTCGGGCCA"	"CAWSVLAGGPDNEQFF"	"TCRBV3-1*1"	"TCRBD2-1*2"	"TCRBJ2-1*1"	47	48	59	64	1	5	NA	NA	"AAGCTCCTTCTCAGTGACTCTGGCTTCTATCTCTGTGCCTGGAGTGTCCTAGCGGGAGGACCGGACAATGAGCAGTTCTTCGGGCCA"	FALSE	TRUE	NA	NA	NA	NA
"CAGCGCACAGAGCGGGGGGACTCAGCCGTGTATCTCTGTGCCAGCAGCCCTTTCATAGAAGGGCGTAATGAGCAGTTCTTCGGGCCA"	"CASSPFIEGRNEQFF"	"CAGCGCACAGAGCGGGGGGACTCAGCCGTGTATCTCTGTGCCAGCAGCCCTTTCATAGAAGGGCGTAATGAGCAGTTCTTCGGGCCA"	"CASSPFIEGRNEQFF"	"TCRBV7-3*1"	NA	"TCRBJ2-1*1"	48	59	63	66	11	3	NA	NA	"CAGCGCACAGAGCGGGGGGACTCAGCCGTGTATCTCTGTGCCAGCAGCCCTTTCATAGAAGGGCGTAATGAGCAGTTCTTCGGGCCA"	FALSE	TRUE	NA	NA	NA	NA
"CGGGGGGACTCAGCCGTGTATCTCTGTGCCAGCAGCTCCCAAAAGTAGTCACAGGTCTGCTCCTACAATGAGCAGTTCTTCGGGCCA"	"CASSSQK*SQVCSYNEQFF"	"CGGGGGGACTCAGCCGTGTATCTCTGTGCCAGCAGCTCCCAAAAGTAGTCACAGGTCTGCTCCTACAATGAGCAGTTCTTCGGGCCA"	"CASSSQK*SQVCSYNEQFF"	"TCRBV7-3*1"	"TCRBD1-1*1"	"TCRBJ2-1*1"	37	50	55	59	13	4	NA	NA	"CGGGGGGACTCAGCCGTGTATCTCTGTGCCAGCAGCTCCCAAAAGTAGTCACAGGTCTGCTCCTACAATGAGCAGTTCTTCGGGCCA"	FALSE	TRUE	NA	NA	NA	NA
"TCTGCCATCCCCAACCAGACAGCTCTTTACTTCTGTGCCACCAGTGCCTCTTTAGGGGGAACCTACAATGAGCAGTTCTTCGGGCCA"	"CATSASLGGTYNEQFF"	"TCTGCCATCCCCAACCAGACAGCTCTTTACTTCTGTGCCACCAGTGCCTCTTTAGGGGGAACCTACAATGAGCAGTTCTTCGGGCCA"	"CATSASLGGTYNEQFF"	"TCRBV24-1*1"	"TCRBD1-1*1"	"TCRBJ2-1*1"	46	53	59	61	7	2	NA	NA	"TCTGCCATCCCCAACCAGACAGCTCTTTACTTCTGTGCCACCAGTGCCTCTTTAGGGGGAACCTACAATGAGCAGTTCTTCGGGCCA"	FALSE	TRUE	NA	NA	NA	NA
"ACCTTGGAGCTGGGGGACTCGGCCCTTTATCTTTGCGCCAGCAGCTTGGGAGTCTTTGGGAAACGCGAGACCCAGTACTTCGGGCCA"	"CASSLGVFGKRETQYF"	"ACCTTGGAGCTGGGGGACTCGGCCCTTTATCTTTGCGCCAGCAGCTTGGGAGTCTTTGGGAAACGCGAGACCCAGTACTTCGGGCCA"	"CASSLGVFGKRETQYF"	"TCRBV5-1*1"	NA	"TCRBJ2-5*1"	49	57	61	66	8	5	NA	NA	"ACCTTGGAGCTGGGGGACTCGGCCCTTTATCTTTGCGCCAGCAGCTTGGGAGTCTTTGGGAAACGCGAGACCCAGTACTTCGGGCCA"	FALSE	TRUE	NA	NA	NA	NA
"CTGGAGTCCGCCAGCACCAACCAGACATCTATGTACCTCTGTGCCAGCAGTTTATCCCACGAGAACACTGAAGCTTTCTTTGGACAA"	"CASSLSHENTEAFF"	"CTGGAGTCCGCCAGCACCAACCAGACATCTATGTACCTCTGTGCCAGCAGTTTATCCCACGAGAACACTGAAGCTTTCTTTGGACAA"	"CASSLSHENTEAFF"	"TCRBV28-1*1"	NA	"TCRBJ1-1*1"	55	60	-1	62	5	63	NA	NA	"CTGGAGTCCGCCAGCACCAACCAGACATCTATGTACCTCTGTGCCAGCAGTTTATCCCACGAGAACACTGAAGCTTTCTTTGGACAA"	FALSE	TRUE	NA	NA	NA	NA
"CCACGGAGTCAGGGGACACAGCACTGTATTTCTGTGCCAGCAGCAAATCTACCGGGGGGGAACACCGGGGAGCTGTTTTTTGGAGAA"	""	"CCACGGAGTCAGGGGACACAGCACTGTATTTCTGTGCCAGCAGCAAATCTACCGGGGGGGAACACCGGGGAGCTGTTTTTTGGAGAA"	""	"TCRBV21-1*1"	"TCRBD2-1*1"	"TCRBJ2-2*1"	47	52	-1	59	5	60	NA	NA	"CCACGGAGTCAGGGGACACAGCACTGTATTTCTGTGCCAGCAGCAAATCTACCGGGGGGGAACACCGGGGAGCTGTTTTTTGGAGAA"	FALSE	FALSE	NA	NA	NA	NA
"TTGGAGCTGGGGGACTCGGCCCTTTATCTTTGCGCCAGCAGCTTGGTTAGTGGGACGGCGAGCACCGGGGAGCTGTTTTTTGGAGAA"	"CASSLVSGTASTGELFF"	"TTGGAGCTGGGGGACTCGGCCCTTTATCTTTGCGCCAGCAGCTTGGTTAGTGGGACGGCGAGCACCGGGGAGCTGTTTTTTGGAGAA"	"CASSLVSGTASTGELFF"	"TCRBV5-1*1"	NA	"TCRBJ2-2*1"	46	51	56	62	5	6	NA	NA	"TTGGAGCTGGGGGACTCGGCCCTTTATCTTTGCGCCAGCAGCTTGGTTAGTGGGACGGCGAGCACCGGGGAGCTGTTTTTTGGAGAA"	FALSE	TRUE	NA	NA	NA	NA
"CAGCGCACAGAGCGGGGGGACTCAGCCGTGTATCTCTGTGCCAGCAGCCCCGGGGGGCAAACCCGTTCACCCCTCCACTTTGGGAAT"	"CASSPGGQTRSPLHF"	"CAGCGCACAGAGCGGGGGGACTCAGCCGTGTATCTCTGTGCCAGCAGCCCCGGGGGGCAAACCCGTTCACCCCTCCACTTTGGGAAT"	"CASSPGGQTRSPLHF"	"TCRBV7-3*1"	"TCRBD2-1*1"	"TCRBJ1-6*1"	48	50	57	65	2	8	NA	NA	"CAGCGCACAGAGCGGGGGGACTCAGCCGTGTATCTCTGTGCCAGCAGCCCCGGGGGGCAAACCCGTTCACCCCTCCACTTTGGGAAT"	FALSE	TRUE	NA	NA	NA	NA
"CGTTGGCGTCTGCTGTACCCTCTCAGACATCTGTGTACTTCTGTGCCAGCAGTGACAAGACAGACCTATGGCTACACCTTCGGTTCG"	""	"CGTTGGCGTCTGCTGTACCCTCTCAGACATCTGTGTACTTCTGTGCCAGCAGTGACAAGACAGACCTATGGCTACACCTTCGGTTCG"	""	"TCRBV6-4*1"	"TCRBD1-1*1"	"TCRBJ1-2*1"	56	58	63	65	2	2	NA	NA	"CGTTGGCGTCTGCTGTACCCTCTCAGACATCTGTGTACTTCTGTGCCAGCAGTGACAAGACAGACCTATGGCTACACCTTCGGTTCG"	FALSE	FALSE	NA	NA	NA	NA
"TCCCTGGAGCTTGGTGACTCTGCTGTGTATTTCTGTGCCAGCAGCCGACTGCGGGGGGGCTCCTACAATGAGCAGTTCTTCGGGCCA"	"CASSRLRGGSYNEQFF"	"TCCCTGGAGCTTGGTGACTCTGCTGTGTATTTCTGTGCCAGCAGCCGACTGCGGGGGGGCTCCTACAATGAGCAGTTCTTCGGGCCA"	"CASSRLRGGSYNEQFF"	"TCRBV3-1/3-2*1"	"TCRBD2-1*1"	"TCRBJ2-1*1"	46	50	-1	59	4	60	NA	NA	"TCCCTGGAGCTTGGTGACTCTGCTGTGTATTTCTGTGCCAGCAGCCGACTGCGGGGGGGCTCCTACAATGAGCAGTTCTTCGGGCCA"	FALSE	TRUE	NA	NA	NA	NA
"NTGTCGGCTGCTCCCTCCCAGACATCTGTGTACTTCTGTGCCAGCAGTTCGGGACTAGCGGGAGGCTACGAGCAGTACTTCGGGCCG"	"CASSSGLAGGYEQYF"	"NTGTCGGCTGCTCCCTCCCAGACATCTGTGTACTTCTGTGCCAGCAGTTCGGGACTAGCGGGAGGCTACGAGCAGTACTTCGGGCCG"	"CASSSGLAGGYEQYF"	"TCRBV6-5*1"	"TCRBD2-1*2"	"TCRBJ2-7*1"	49	50	-1	65	1	66	NA	NA	"NTGTCGGCTGCTCCCTCCCAGACATCTGTGTACTTCTGTGCCAGCAGTTCGGGACTAGCGGGAGGCTACGAGCAGTACTTCGGGCCG"	FALSE	TRUE	NA	NA	NA	NA
"AAGATCCAGCCCTCAGAACCCAGGGACTCAGCTGTGTACTTCTGTGCCAGCAGCCCGGGACTAGCGTTTCGGCAGTACTTCGGGCCG"	"CASSPGLAFRQYF"	"AAGATCCAGCCCTCAGAACCCAGGGACTCAGCTGTGTACTTCTGTGCCAGCAGCCCGGGACTAGCGTTTCGGCAGTACTTCGGGCCG"	"CASSPGLAFRQYF"	"TCRBV12-3/12-4*1"	"TCRBD2-1"	"TCRBJ2-7*1"	53	56	66	71	3	5	NA	NA	"AAGATCCAGCCCTCAGAACCCAGGGACTCAGCTGTGTACTTCTGTGCCAGCAGCCCGGGACTAGCGTTTCGGCAGTACTTCGGGCCG"	FALSE	TRUE	NA	NA	NA	NA
"NNNNNNNTGTCGGCTGCTCCCTCCCAAACATCTGTGTACTTCTGTGCCAGCAATTCAGGGGAAAGAGATACGCAGTATTTTGGCCCA"	"CASNSGERDTQYF"	"NNNNNNNTGTCGGCTGCTCCCTCCCAAACATCTGTGTACTTCTGTGCCAGCAATTCAGGGGAAAGAGATACGCAGTATTTTGGCCCA"	"CASNSGERDTQYF"	NA	"TCRBD1-1*1"	"TCRBJ2-3*1"	52	55	61	65	3	4	NA	NA	"NNNNNNNTGTCGGCTGCTCCCTCCCAAACATCTGTGTACTTCTGTGCCAGCAATTCAGGGGAAAGAGATACGCAGTATTTTGGCCCA"	FALSE	TRUE	NA	NA	NA	NA
"ACAGTGACCAGTGCCCATCCTGAAGACAGCAGCTTCTACATCTGCAGTGCTAGAAACCCGGGAGACCACGAGCAGTACTTCGGGCCG"	"CSARNPGDHEQYF"	"ACAGTGACCAGTGCCCATCCTGAAGACAGCAGCTTCTACATCTGCAGTGCTAGAAACCCGGGAGACCACGAGCAGTACTTCGGGCCG"	"CSARNPGDHEQYF"	NA	"TCRBD2-1*2"	"TCRBJ2-7*1"	54	58	64	67	4	3	NA	NA	"ACAGTGACCAGTGCCCATCCTGAAGACAGCAGCTTCTACATCTGCAGTGCTAGAAACCCGGGAGACCACGAGCAGTACTTCGGGCCG"	FALSE	TRUE	NA	NA	NA	NA
"NNNNNNNTGTCGGCTGCTCCCTCCCAGACATCTGTGTACTTCTGTGCCAGCAGTCCCAGTTATGGGTCTGGCTACACCTTCGGTTCG"	"CASSPSYGSGYTF"	"NNNNNNNTGTCGGCTGCTCCCTCCCAGACATCTGTGTACTTCTGTGCCAGCAGTCCCAGTTATGGGTCTGGCTACACCTTCGGTTCG"	"CASSPSYGSGYTF"	"TCRBV6-5*1"	NA	"TCRBJ1-2*1"	54	63	66	68	9	2	NA	NA	"NNNNNNNTGTCGGCTGCTCCCTCCCAGACATCTGTGTACTTCTGTGCCAGCAGTCCCAGTTATGGGTCTGGCTACACCTTCGGTTCG"	FALSE	TRUE	NA	NA	NA	NA
"TGGAGCTGGGGGACTCGGCCCTTTATCTTTGCGCCAGCAGCTTCCTCCCCCCGGGACAGCTTTAGGTAGCCCCAGCATTTTGGTGAT"	""	"TGGAGCTGGGGGACTCGGCCCTTTATCTTTGCGCCAGCAGCTTCCTCCCCCCGGGACAGCTTTAGGTAGCCCCAGCATTTTGGTGAT"	""	"TCRBV5-1*1"	"TCRBD1-1*1"	"TCRBJ1-5*1"	43	52	59	67	9	8	NA	NA	"TGGAGCTGGGGGACTCGGCCCTTTATCTTTGCGCCAGCAGCTTCCTCCCCCCGGGACAGCTTTAGGTAGCCCCAGCATTTTGGTGAT"	FALSE	FALSE	NA	NA	NA	NA
"CTGGAGTCCGCCAGCACCAACCAGACATCTATGTACCTCTGTGCCAGCAGTTTAGGACGGAGCTCCTACGAGCAGTACTTCGGGCCG"	"CASSLGRSSYEQYF"	"CTGGAGTCCGCCAGCACCAACCAGACATCTATGTACCTCTGTGCCAGCAGTTTAGGACGGAGCTCCTACGAGCAGTACTTCGGGCCG"	"CASSLGRSSYEQYF"	"TCRBV28-1*1"	NA	"TCRBJ2-7*1"	-1	54	58	62	55	4	NA	NA	"CTGGAGTCCGCCAGCACCAACCAGACATCTATGTACCTCTGTGCCAGCAGTTTAGGACGGAGCTCCTACGAGCAGTACTTCGGGCCG"	FALSE	TRUE	NA	NA	NA	NA
"GCACAGAGCAGCGGGACTCGGCCATGTATCGCTGTGCCAGCAGCTTCAGCTTGACTAGCGGGAGTATACGAGCAGTACTTCGGGCCG"	""	"GCACAGAGCAGCGGGACTCGGCCATGTATCGCTGTGCCAGCAGCTTCAGCTTGACTAGCGGGAGTATACGAGCAGTACTTCGGGCCG"	""	"TCRBV7-6*1"	"TCRBD2-1*2"	"TCRBJ2-7*1"	46	52	64	66	6	2	NA	NA	"GCACAGAGCAGCGGGACTCGGCCATGTATCGCTGTGCCAGCAGCTTCAGCTTGACTAGCGGGAGTATACGAGCAGTACTTCGGGCCG"	FALSE	FALSE	NA	NA	NA	NA
"ACAGAGCGGGGGGACTCAGCCGTGTATCTCTGTGCCAGCAGCTTATCGAGTGGGAGGGCCGGTTACAATGAGCAGTTCTTCGGGCCA"	"CASSLSSGRAGYNEQFF"	"ACAGAGCGGGGGGACTCAGCCGTGTATCTCTGTGCCAGCAGCTTATCGAGTGGGAGGGCCGGTTACAATGAGCAGTTCTTCGGGCCA"	"CASSLSSGRAGYNEQFF"	"TCRBV7-3*1"	"TCRBD2-1*2"	"TCRBJ2-1*1"	45	51	58	63	6	5	NA	NA	"ACAGAGCGGGGGGACTCAGCCGTGTATCTCTGTGCCAGCAGCTTATCGAGTGGGAGGGCCGGTTACAATGAGCAGTTCTTCGGGCCA"	FALSE	TRUE	NA	NA	NA	NA
"CTGGAGCTTGGTGACTCTGCTGTGTATTTCTGTGCCAGCAGCATGTGGGGGACAGGGGGGAACACCGGGGAGCTGTTTTTTGGAGAA"	"CASSMWGTGGNTGELFF"	"CTGGAGCTTGGTGACTCTGCTGTGTATTTCTGTGCCAGCAGCATGTGGGGGACAGGGGGGAACACCGGGGAGCTGTTTTTTGGAGAA"	"CASSMWGTGGNTGELFF"	"TCRBV3-1/3-2*1"	"TCRBD1-1*1"	"TCRBJ2-2*1"	42	48	-1	59	6	60	NA	NA	"CTGGAGCTTGGTGACTCTGCTGTGTATTTCTGTGCCAGCAGCATGTGGGGGACAGGGGGGAACACCGGGGAGCTGTTTTTTGGAGAA"	FALSE	TRUE	NA	NA	NA	NA
"NNNNNNNTGTCGGCTGCTCCCTCCCAGACATCTGTGTACTTCTGTGCCAGCACCCTAAGGACAGTCTACGAGCAGTACTTCGGGCCG"	"CASTLRTVYEQYF"	"NNNNNNNTGTCGGCTGCTCCCTCCCAGACATCTGTGTACTTCTGTGCCAGCACCCTAAGGACAGTCTACGAGCAGTACTTCGGGCCG"	"CASTLRTVYEQYF"	"TCRBV6-5*1"	"TCRBD1-1*1"	"TCRBJ2-7*1"	52	58	64	65	6	1	NA	NA	"NNNNNNNTGTCGGCTGCTCCCTCCCAGACATCTGTGTACTTCTGTGCCAGCACCCTAAGGACAGTCTACGAGCAGTACTTCGGGCCG"	FALSE	TRUE	NA	NA	NA	NA
"AACGCCTTGTTGCTGGGGGACTCGGCCCTCTATCTCTGTGCCAGCAGCCATCGACTAGCGGAAGCCTACGAGCAGTACTTCGGGCCG"	"CASSHRLAEAYEQYF"	"AACGCCTTGTTGCTGGGGGACTCGGCCCTCTATCTCTGTGCCAGCAGCCATCGACTAGCGGAAGCCTACGAGCAGTACTTCGGGCCG"	"CASSHRLAEAYEQYF"	"TCRBV5-6*1"	"TCRBD2-1"	"TCRBJ2-7*1"	48	52	61	64	4	3	NA	NA	"AACGCCTTGTTGCTGGGGGACTCGGCCCTCTATCTCTGTGCCAGCAGCCATCGACTAGCGGAAGCCTACGAGCAGTACTTCGGGCCG"	FALSE	TRUE	NA	NA	NA	NA
"AGAACCCAGGGACTCAGCTGTGTACTTCTGTGCCAGCAGTTCACCGATACCGGGACTAGCGGCACAGATACGCAGTATTTTGGCCCA"	""	"AGAACCCAGGGACTCAGCTGTGTACTTCTGTGCCAGCAGTTCACCGATACCGGGACTAGCGGCACAGATACGCAGTATTTTGGCCCA"	""	NA	"TCRBD2-1"	"TCRBJ2-3*1"	41	51	-1	61	10	62	NA	NA	"AGAACCCAGGGACTCAGCTGTGTACTTCTGTGCCAGCAGTTCACCGATACCGGGACTAGCGGCACAGATACGCAGTATTTTGGCCCA"	FALSE	FALSE	NA	NA	NA	NA
"AGGATCCAGCAGGTAGTGCGAGGAGATTCGGCAGCTTATTTCTGTGCCAGCTCACCAGACAGGGCCTACGAGCAGTACTTCGGGCCG"	"CASSPDRAYEQYF"	"AGGATCCAGCAGGTAGTGCGAGGAGATTCGGCAGCTTATTTCTGTGCCAGCTCACCAGACAGGGCCTACGAGCAGTACTTCGGGCCG"	"CASSPDRAYEQYF"	"TCRBV18-1*1"	"TCRBD1-1*1"	"TCRBJ2-7*1"	-1	57	-1	64	58	65	NA	NA	"AGGATCCAGCAGGTAGTGCGAGGAGATTCGGCAGCTTATTTCTGTGCCAGCTCACCAGACAGGGCCTACGAGCAGTACTTCGGGCCG"	FALSE	TRUE	NA	NA	NA	NA
"GCTGCTCCCTCCCAGACATCTGTGTACTTCTGTGCCAGCAGCCCGGCCCGAGGGCTCGGTGCTGGAAACACCATATATTTTGGAGAG"	"CASSPARGLGAGNTIYF"	"GCTGCTCCCTCCCAGACATCTGTGTACTTCTGTGCCAGCAGCCCGGCCCGAGGGCTCGGTGCTGGAAACACCATATATTTTGGAGAG"	"CASSPARGLGAGNTIYF"	NA	"TCRBD2-1*2"	"TCRBJ1-3*1"	41	49	54	61	8	7	NA	NA	"GCTGCTCCCTCCCAGACATCTGTGTACTTCTGTGCCAGCAGCCCGGCCCGAGGGCTCGGTGCTGGAAACACCATATATTTTGGAGAG"	FALSE	TRUE	NA	NA	NA	NA
"CTCTGGAGTCCGCTACCAGCTCCCAGACATCTGTGTACTTCTGTGCCGGGAAAGGGCCAGGGGGGCAACGAGCAGTACTTCGGGCCG"	""	"CTCTGGAGTCCGCTACCAGCTCCCAGACATCTGTGTACTTCTGTGCCGGGAAAGGGCCAGGGGGGCAACGAGCAGTACTTCGGGCCG"	""	"TCRBV1-3*1"	"TCRBD1-1*1"	"TCRBJ2-7*1"	47	57	64	67	10	3	NA	NA	"CTCTGGAGTCCGCTACCAGCTCCCAGACATCTGTGTACTTCTGTGCCGGGAAAGGGCCAGGGGGGCAACGAGCAGTACTTCGGGCCG"	FALSE	FALSE	NA	NA	NA	NA
"TCTAAGAAGCTCCTTCTCAGTGACTCTGGCTTCTATCTCTGTGCCTGGAGTACTCCGGGACAGAGAAACACCATATATTTTGGAGAG"	"CAWSTPGQRNTIYF"	"TCTAAGAAGCTCCTTCTCAGTGACTCTGGCTTCTATCTCTGTGCCTGGAGTACTCCGGGACAGAGAAACACCATATATTTTGGAGAG"	"CAWSTPGQRNTIYF"	"TCRBV3-1*1"	"TCRBD1-1*1"	"TCRBJ1-3*1"	51	56	63	64	5	1	NA	NA	"TCTAAGAAGCTCCTTCTCAGTGACTCTGGCTTCTATCTCTGTGCCTGGAGTACTCCGGGACAGAGAAACACCATATATTTTGGAGAG"	FALSE	TRUE	NA	NA	NA	NA
"ACAGTGACCAGTGCCCATCCTGAAGACAGCAGCTTCTACATCTGCAGCCCACTAGCGGGAGTGTCCTACGAGCAGTACTTCGGGCCG"	"CSPLAGVSYEQYF"	"ACAGTGACCAGTGCCCATCCTGAAGACAGCAGCTTCTACATCTGCAGCCCACTAGCGGGAGTGTCCTACGAGCAGTACTTCGGGCCG"	"CSPLAGVSYEQYF"	NA	"TCRBD2-1*2"	"TCRBJ2-7*1"	47	50	61	63	3	2	NA	NA	"ACAGTGACCAGTGCCCATCCTGAAGACAGCAGCTTCTACATCTGCAGCCCACTAGCGGGAGTGTCCTACGAGCAGTACTTCGGGCCG"	FALSE	TRUE	NA	NA	NA	NA
"ATGAGCCCTGAAGACAGCAGCATATATCTCTGCAGCGTTGAAAAGAGTCCTCTAGCCAGGGGTACCGGGGAGCTGTTTTTTGGAGAA"	"CSVEKSPLARGTGELFF"	"ATGAGCCCTGAAGACAGCAGCATATATCTCTGCAGCGTTGAAAAGAGTCCTCTAGCCAGGGGTACCGGGGAGCTGTTTTTTGGAGAA"	"CSVEKSPLARGTGELFF"	"TCRBV29-1"	"TCRBD1-1*1"	"TCRBJ2-2*1"	42	56	62	63	14	1	NA	NA	"ATGAGCCCTGAAGACAGCAGCATATATCTCTGCAGCGTTGAAAAGAGTCCTCTAGCCAGGGGTACCGGGGAGCTGTTTTTTGGAGAA"	FALSE	TRUE	NA	NA	NA	NA
"AGTGCCCATCCTGAAGACAGCAGCTTCTACATCTGCAGTGCTAGAGATCTGATGAGGGTGGCTGATTTTACCCTCCACTTTGGGAAT"	"CSARDLMRVADFTLHF"	"AGTGCCCATCCTGAAGACAGCAGCTTCTACATCTGCAGTGCTAGAGATCTGATGAGGGTGGCTGATTTTACCCTCCACTTTGGGAAT"	"CSARDLMRVADFTLHF"	NA	"TCRBD2-1*2"	"TCRBJ1-6*1"	47	53	58	70	6	12	NA	NA	"AGTGCCCATCCTGAAGACAGCAGCTTCTACATCTGCAGTGCTAGAGATCTGATGAGGGTGGCTGATTTTACCCTCCACTTTGGGAAT"	FALSE	TRUE	NA	NA	NA	NA
"AAGATCCAGCGCACAGAGCGGGGGGACTCAGCCGTGTATCTCTGTGCCAGCAGCTTAACGACAGGGGGCGAAGCTTTCTTTGGACAA"	"CASSLTTGGEAFF"	"AAGATCCAGCGCACAGAGCGGGGGGACTCAGCCGTGTATCTCTGTGCCAGCAGCTTAACGACAGGGGGCGAAGCTTTCTTTGGACAA"	"CASSLTTGGEAFF"	"TCRBV7-3*1"	"TCRBD1-1*1"	"TCRBJ1-1*1"	-1	59	-1	69	60	70	NA	NA	"AAGATCCAGCGCACAGAGCGGGGGGACTCAGCCGTGTATCTCTGTGCCAGCAGCTTAACGACAGGGGGCGAAGCTTTCTTTGGACAA"	FALSE	TRUE	NA	NA	NA	NA
"CAGCGCACAGAGCAGGGGGACTCGGCCATGTATCTCTGTGCCAGCAGCTTAGTTAGTAGCGGGAGGGTCGAGCAGTACTTCGGGCCG"	"CASSLVSSGRVEQYF"	"CAGCGCACAGAGCAGGGGGACTCGGCCATGTATCTCTGTGCCAGCAGCTTAGTTAGTAGCGGGAGGGTCGAGCAGTACTTCGGGCCG"	"CASSLVSSGRVEQYF"	"TCRBV7-9*1"	"TCRBD2-1*2"	"TCRBJ2-7*1"	52	56	67	68	4	1	NA	NA	"CAGCGCACAGAGCAGGGGGACTCGGCCATGTATCTCTGTGCCAGCAGCTTAGTTAGTAGCGGGAGGGTCGAGCAGTACTTCGGGCCG"	FALSE	TRUE	NA	NA	NA	NA
"ATCCAGCGCACACAGCAGGAGGACTCGGCCGTGTATCTCTGTGCCAGCAGCCCACCGGGGGCCCAGTACGAGCAGTACTTCGGGCCG"	"CASSPPGAQYEQYF"	"ATCCAGCGCACACAGCAGGAGGACTCGGCCGTGTATCTCTGTGCCAGCAGCCCACCGGGGGCCCAGTACGAGCAGTACTTCGGGCCG"	"CASSPPGAQYEQYF"	"TCRBV7-2"	NA	"TCRBJ2-7*1"	51	56	62	66	5	4	NA	NA	"ATCCAGCGCACACAGCAGGAGGACTCGGCCGTGTATCTCTGTGCCAGCAGCCCACCGGGGGCCCAGTACGAGCAGTACTTCGGGCCG"	FALSE	TRUE	NA	NA	NA	NA
"GCAGCCAGAAGACTCGGCCCTGTATCTCTGCGCCAGCAGCCAAGAGGTTGGACTACTAGCTCCTACAATGAGCAGTTCTTCGGGCCA"	""	"GCAGCCAGAAGACTCGGCCCTGTATCTCTGCGCCAGCAGCCAAGAGGTTGGACTACTAGCTCCTACAATGAGCAGTTCTTCGGGCCA"	""	"TCRBV4-3*1"	"TCRBD2-1"	"TCRBJ2-1*1"	45	49	55	59	4	4	NA	NA	"GCAGCCAGAAGACTCGGCCCTGTATCTCTGCGCCAGCAGCCAAGAGGTTGGACTACTAGCTCCTACAATGAGCAGTTCTTCGGGCCA"	FALSE	FALSE	NA	NA	NA	NA
"ATCCTGAGTTCTAAGAAGCTCCTTCTCAGTGACTCTGGCTTCTATCTCTGTGCCTGGCGGGGTGGAGATACGCAGTATTTTGGCCCA"	"CAWRGGDTQYF"	"ATCCTGAGTTCTAAGAAGCTCCTTCTCAGTGACTCTGGCTTCTATCTCTGTGCCTGGCGGGGTGGAGATACGCAGTATTTTGGCCCA"	"CAWRGGDTQYF"	"TCRBV3-1"	"TCRBD2-1*1"	"TCRBJ2-3*1"	-1	57	62	65	58	3	NA	NA	"ATCCTGAGTTCTAAGAAGCTCCTTCTCAGTGACTCTGGCTTCTATCTCTGTGCCTGGCGGGGTGGAGATACGCAGTATTTTGGCCCA"	FALSE	TRUE	NA	NA	NA	NA
"TGCAGCCTGCAGAACTGGAGGATTCTGGAGTTTATTTCTGTGCCAGCACCCCCGGACTAGCGCTTCTACGAGCAGTACTTCGGGCCG"	""	"TGCAGCCTGCAGAACTGGAGGATTCTGGAGTTTATTTCTGTGCCAGCACCCCCGGACTAGCGCTTCTACGAGCAGTACTTCGGGCCG"	""	"TCRBV14-1*1"	"TCRBD2-1"	"TCRBJ2-7*1"	48	53	62	65	5	3	NA	NA	"TGCAGCCTGCAGAACTGGAGGATTCTGGAGTTTATTTCTGTGCCAGCACCCCCGGACTAGCGCTTCTACGAGCAGTACTTCGGGCCG"	FALSE	FALSE	NA	NA	NA	NA
"NNNNNNNNNNNNNTGTCGGCTGCTCCCTCCCAGACATCTGTGTACTTCTGTGCCAGCAGTCTCCGCCTCGAGCAGTACTTCGGGCCG"	"CASSLRLEQYF"	"NNNNNNNNNNNNNTGTCGGCTGCTCCCTCCCAGACATCTGTGTACTTCTGTGCCAGCAGTCTCCGCCTCGAGCAGTACTTCGGGCCG"	"CASSLRLEQYF"	"TCRBV6-5*1"	NA	"TCRBJ2-7*1"	60	64	66	68	4	2	NA	NA	"NNNNNNNNNNNNNTGTCGGCTGCTCCCTCCCAGACATCTGTGTACTTCTGTGCCAGCAGTCTCCGCCTCGAGCAGTACTTCGGGCCG"	FALSE	TRUE	NA	NA	NA	NA
"TGCAGCCAGAAGACTCGGCCCTGTATCTCTGCGCCAGCAGCCAAGCGGAAGGGACCAGGGGCGTTCTACGAGCAGTACTTCGGGCCG"	""	"TGCAGCCAGAAGACTCGGCCCTGTATCTCTGCGCCAGCAGCCAAGCGGAAGGGACCAGGGGCGTTCTACGAGCAGTACTTCGGGCCG"	""	"TCRBV4-3*1"	"TCRBD1-1*1"	"TCRBJ2-7*1"	45	55	61	65	10	4	NA	NA	"TGCAGCCAGAAGACTCGGCCCTGTATCTCTGCGCCAGCAGCCAAGCGGAAGGGACCAGGGGCGTTCTACGAGCAGTACTTCGGGCCG"	FALSE	FALSE	NA	NA	NA	NA
"CACAGAGCAGGAGGACTCGGCCGTGTATCTCTGTGCCAGCAGCTCTTGCGGGAGGGACTTAATAAAGAGACCCAGTACTTCGGGCCA"	""	"CACAGAGCAGGAGGACTCGGCCGTGTATCTCTGTGCCAGCAGCTCTTGCGGGAGGGACTTAATAAAGAGACCCAGTACTTCGGGCCA"	""	"TCRBV7-2"	"TCRBD2-1*2"	"TCRBJ2-5*1"	44	47	56	64	3	8	NA	NA	"CACAGAGCAGGAGGACTCGGCCGTGTATCTCTGTGCCAGCAGCTCTTGCGGGAGGGACTTAATAAAGAGACCCAGTACTTCGGGCCA"	FALSE	FALSE	NA	NA	NA	NA
"TCTGCCATCCCCAACCAGACAGCTCTTTACTTCTGTGCCACCAGTGATTGGGAAGGGGGTGACACCGGGGAGCTGTTTTTTGGAGAA"	"CATSDWEGGDTGELFF"	"TCTGCCATCCCCAACCAGACAGCTCTTTACTTCTGTGCCACCAGTGATTGGGAAGGGGGTGACACCGGGGAGCTGTTTTTTGGAGAA"	"CATSDWEGGDTGELFF"	"TCRBV24-1*1"	"TCRBD1-1*1"	"TCRBJ2-2*1"	49	53	59	61	4	2	NA	NA	"TCTGCCATCCCCAACCAGACAGCTCTTTACTTCTGTGCCACCAGTGATTGGGAAGGGGGTGACACCGGGGAGCTGTTTTTTGGAGAA"	FALSE	TRUE	NA	NA	NA	NA
"TCCGCCAGCACCAACCAGACATCTATGTACCTCTGTGCCAGCAGTTAGATCGGGACAAGAGGTTCCTACGAGCAGTACTTCGGGCCG"	"CASS*IGTRGSYEQYF"	"TCCGCCAGCACCAACCAGACATCTATGTACCTCTGTGCCAGCAGTTAGATCGGGACAAGAGGTTCCTACGAGCAGTACTTCGGGCCG"	"CASS*IGTRGSYEQYF"	"TCRBV28-1*1"	"TCRBD1-1*1"	"TCRBJ2-7*1"	46	51	57	63	5	6	NA	NA	"TCCGCCAGCACCAACCAGACATCTATGTACCTCTGTGCCAGCAGTTAGATCGGGACAAGAGGTTCCTACGAGCAGTACTTCGGGCCG"	FALSE	TRUE	NA	NA	NA	NA
"TCCGCCAGCACCAACCAGACATCTATGTACCTCTGTGCCAGCAGTTCGTACGGGACTAGCGGAAACAATGAGCAGTTCTTCGGGCCA"	"CASSSYGTSGNNEQFF"	"TCCGCCAGCACCAACCAGACATCTATGTACCTCTGTGCCAGCAGTTCGTACGGGACTAGCGGAAACAATGAGCAGTTCTTCGGGCCA"	"CASSSYGTSGNNEQFF"	"TCRBV28-1*1"	"TCRBD2-1"	"TCRBJ2-1*1"	46	51	62	64	5	2	NA	NA	"TCCGCCAGCACCAACCAGACATCTATGTACCTCTGTGCCAGCAGTTCGTACGGGACTAGCGGAAACAATGAGCAGTTCTTCGGGCCA"	FALSE	TRUE	NA	NA	NA	NA
"CAAAAGAACCCGACAGCTTTCTATCTCTGTGCCAGTAGAACCAGACCTTGGGGCAGGGACCAAAACACTGAAGCTTTCTTTGGACAA"	"CASRTRPWGRDQNTEAFF"	"CAAAAGAACCCGACAGCTTTCTATCTCTGTGCCAGTAGAACCAGACCTTGGGGCAGGGACCAAAACACTGAAGCTTTCTTTGGACAA"	"CASRTRPWGRDQNTEAFF"	"TCRBV19-1*1"	NA	"TCRBJ1-1*1"	38	55	60	63	17	3	NA	NA	"CAAAAGAACCCGACAGCTTTCTATCTCTGTGCCAGTAGAACCAGACCTTGGGGCAGGGACCAAAACACTGAAGCTTTCTTTGGACAA"	FALSE	TRUE	NA	NA	NA	NA
"GGGGGACTCGGCCCTTTATCTTTGCGCCAGCAGCTTACCCCGCAGGAAGGGAGGGACCCGGGTTAGTATGGCTACACCTTCGGTTCG"	""	"GGGGGACTCGGCCCTTTATCTTTGCGCCAGCAGCTTACCCCGCAGGAAGGGAGGGACCCGGGTTAGTATGGCTACACCTTCGGTTCG"	""	"TCRBV5-1*1"	"TCRBD2-1*2"	"TCRBJ1-2*1"	36	48	55	66	12	11	NA	NA	"GGGGGACTCGGCCCTTTATCTTTGCGCCAGCAGCTTACCCCGCAGGAAGGGAGGGACCCGGGTTAGTATGGCTACACCTTCGGTTCG"	FALSE	FALSE	NA	NA	NA	NA
"AGTGCCCATCCTGAAGACAGCAGCTTCTACATCTGCAGTTTACGCCTAGCGGGGGCCGCGAACACCGGGGAGCTGTTTTTTGGAGAA"	"CSLRLAGAANTGELFF"	"AGTGCCCATCCTGAAGACAGCAGCTTCTACATCTGCAGTTTACGCCTAGCGGGGGCCGCGAACACCGGGGAGCTGTTTTTTGGAGAA"	"CSLRLAGAANTGELFF"	NA	"TCRBD2-1*1"	"TCRBJ2-2*1"	39	45	55	58	6	3	NA	NA	"AGTGCCCATCCTGAAGACAGCAGCTTCTACATCTGCAGTTTACGCCTAGCGGGGGCCGCGAACACCGGGGAGCTGTTTTTTGGAGAA"	FALSE	TRUE	NA	NA	NA	NA
"CAGCCCTCAGAACCCAGGGACTCAGCTGTGTACTTCTGTGCCAGCAGCCCTGAGACGGGGGCTATGTACGAGCAGTACTTCGGGCCG"	"CASSPETGAMYEQYF"	"CAGCCCTCAGAACCCAGGGACTCAGCTGTGTACTTCTGTGCCAGCAGCCCTGAGACGGGGGCTATGTACGAGCAGTACTTCGGGCCG"	"CASSPETGAMYEQYF"	NA	NA	"TCRBJ2-7*1"	47	56	62	66	9	4	NA	NA	"CAGCCCTCAGAACCCAGGGACTCAGCTGTGTACTTCTGTGCCAGCAGCCCTGAGACGGGGGCTATGTACGAGCAGTACTTCGGGCCG"	FALSE	TRUE	NA	NA	NA	NA
"AGTTCTAAGAAGCTCCTTCTCAGTGACTCTGGCTTCTATCTCTGTGCCTGGAGTGTTAGCGGGAGCCGCGAGCAGTACTTCGGGCCG"	"CAWSVSGSREQYF"	"AGTTCTAAGAAGCTCCTTCTCAGTGACTCTGGCTTCTATCTCTGTGCCTGGAGTGTTAGCGGGAGCCGCGAGCAGTACTTCGGGCCG"	"CAWSVSGSREQYF"	"TCRBV3-1*1"	"TCRBD2-1*2"	"TCRBJ2-7*1"	-1	56	65	68	57	3	NA	NA	"AGTTCTAAGAAGCTCCTTCTCAGTGACTCTGGCTTCTATCTCTGTGCCTGGAGTGTTAGCGGGAGCCGCGAGCAGTACTTCGGGCCG"	FALSE	TRUE	NA	NA	NA	NA
"TCTAAGAAGCTCCTTCTCAGTGACTCTGGCTTCTATCTCTGTGCCTGGAGTAGACAGGGCTCTGGAAACACCATATATTTTGGAGAG"	"CAWSRQGSGNTIYF"	"TCTAAGAAGCTCCTTCTCAGTGACTCTGGCTTCTATCTCTGTGCCTGGAGTAGACAGGGCTCTGGAAACACCATATATTTTGGAGAG"	"CAWSRQGSGNTIYF"	"TCRBV3-1*1"	"TCRBD1-1*1"	"TCRBJ1-3*1"	51	52	-1	59	1	60	NA	NA	"TCTAAGAAGCTCCTTCTCAGTGACTCTGGCTTCTATCTCTGTGCCTGGAGTAGACAGGGCTCTGGAAACACCATATATTTTGGAGAG"	FALSE	TRUE	NA	NA	NA	NA
"CTGGAGTCGCCCAGCCCCAACCAGACCTCTCTGTACTTCTGTGCCACAAGAGGGGGGGTGGGGTCCTACGAGCAGTACTTCGGGCCG"	"CATRGGVGSYEQYF"	"CTGGAGTCGCCCAGCCCCAACCAGACCTCTCTGTACTTCTGTGCCACAAGAGGGGGGGTGGGGTCCTACGAGCAGTACTTCGGGCCG"	"CATRGGVGSYEQYF"	"TCRBV27-1*1"	"TCRBD2-1*1"	"TCRBJ2-7*1"	46	51	58	63	5	5	NA	NA	"CTGGAGTCGCCCAGCCCCAACCAGACCTCTCTGTACTTCTGTGCCACAAGAGGGGGGGTGGGGTCCTACGAGCAGTACTTCGGGCCG"	FALSE	TRUE	NA	NA	NA	NA
"GCCTTGTTGCTGGGGGACTCGGCCCTGTATCTCTGTGCCAGCAGCTTCAATAGCGGGAGTGCGTCCTACGAGCAGTACTTCGGGCCG"	"CASSFNSGSASYEQYF"	"GCCTTGTTGCTGGGGGACTCGGCCCTGTATCTCTGTGCCAGCAGCTTCAATAGCGGGAGTGCGTCCTACGAGCAGTACTTCGGGCCG"	"CASSFNSGSASYEQYF"	"TCRBV5-5*1"	"TCRBD2-1*2"	"TCRBJ2-7*1"	47	50	59	63	3	4	NA	NA	"GCCTTGTTGCTGGGGGACTCGGCCCTGTATCTCTGTGCCAGCAGCTTCAATAGCGGGAGTGCGTCCTACGAGCAGTACTTCGGGCCG"	FALSE	TRUE	NA	NA	NA	NA
"GAGCTTGGGGACTCGGCCATGTATCTCTGTGCCAGCAGAGCGAGACGTCGGACTAGCGGGATCGGCGGTACGCAGTATTTTGGCCCA"	"CASRARRRTSGIGGTQYF"	"GAGCTTGGGGACTCGGCCATGTATCTCTGTGCCAGCAGAGCGAGACGTCGGACTAGCGGGATCGGCGGTACGCAGTATTTTGGCCCA"	"CASRARRRTSGIGGTQYF"	NA	"TCRBD2-1*2"	"TCRBJ2-3*1"	38	49	61	68	11	7	NA	NA	"GAGCTTGGGGACTCGGCCATGTATCTCTGTGCCAGCAGAGCGAGACGTCGGACTAGCGGGATCGGCGGTACGCAGTATTTTGGCCCA"	FALSE	TRUE	NA	NA	NA	NA
"GCCCTGCAGCCAGAAGACTCAGCCCTGTATCTCTGCGCCAGCAGCCAGGGGGACAGGGCCGTGGCGAACACCATATATTTTGGAGAG"	"CASSQGDRAVANTIYF"	"GCCCTGCAGCCAGAAGACTCAGCCCTGTATCTCTGCGCCAGCAGCCAGGGGGACAGGGCCGTGGCGAACACCATATATTTTGGAGAG"	"CASSQGDRAVANTIYF"	"TCRBV4-1*1"	"TCRBD1-1*1"	"TCRBJ1-3*1"	47	49	58	66	2	8	NA	NA	"GCCCTGCAGCCAGAAGACTCAGCCCTGTATCTCTGCGCCAGCAGCCAGGGGGACAGGGCCGTGGCGAACACCATATATTTTGGAGAG"	FALSE	TRUE	NA	NA	NA	NA
"NNNNNNNTGTCGGCTGCTCCCTCCCAGACATCTGTGTACTTCTGTGCCAGCAGTGAGAGGGTCGGTCAGCCCCAGCATTTTGGTGAT"	"CASSERVGQPQHF"	"NNNNNNNTGTCGGCTGCTCCCTCCCAGACATCTGTGTACTTCTGTGCCAGCAGTGAGAGGGTCGGTCAGCCCCAGCATTTTGGTGAT"	"CASSERVGQPQHF"	"TCRBV6-1*1"	"TCRBD2-1*2"	"TCRBJ1-5*1"	-1	56	61	65	57	4	NA	NA	"NNNNNNNTGTCGGCTGCTCCCTCCCAGACATCTGTGTACTTCTGTGCCAGCAGTGAGAGGGTCGGTCAGCCCCAGCATTTTGGTGAT"	FALSE	TRUE	NA	NA	NA	NA
"CAGCAGGTAGTGCGAGGAGATTCGGCAGCTTATTTCTGTGCCAGCTCCATGGACAGGGGGAGGGCGAATGAGCAGTTCTTCGGGCCA"	"CASSMDRGRANEQFF"	"CAGCAGGTAGTGCGAGGAGATTCGGCAGCTTATTTCTGTGCCAGCTCCATGGACAGGGGGAGGGCGAATGAGCAGTTCTTCGGGCCA"	"CASSMDRGRANEQFF"	"TCRBV18-1*1"	"TCRBD1-1*1"	"TCRBJ2-1*1"	47	50	60	66	3	6	NA	NA	"CAGCAGGTAGTGCGAGGAGATTCGGCAGCTTATTTCTGTGCCAGCTCCATGGACAGGGGGAGGGCGAATGAGCAGTTCTTCGGGCCA"	FALSE	TRUE	NA	NA	NA	NA
"CAGTCCACGGAGTCAGGGGACACAGCACTGTATTTCTGTGCCAGCACCAAAAGTAGGGACAGAATCTACGAGCAGTACTTCGGGCCG"	"CASTKSRDRIYEQYF"	"CAGTCCACGGAGTCAGGGGACACAGCACTGTATTTCTGTGCCAGCACCAAAAGTAGGGACAGAATCTACGAGCAGTACTTCGGGCCG"	"CASTKSRDRIYEQYF"	"TCRBV21-1*1"	"TCRBD1-1*1"	"TCRBJ2-7*1"	51	55	62	65	4	3	NA	NA	"CAGTCCACGGAGTCAGGGGACACAGCACTGTATTTCTGTGCCAGCACCAAAAGTAGGGACAGAATCTACGAGCAGTACTTCGGGCCG"	FALSE	TRUE	NA	NA	NA	NA
"CTCACTGTGACATCGGCCCAAAAGAACCCGACAGCTTTCTATCTCTGTGCCAGTAGGTCCCGCACAGATACGCAGTATTTTGGCCCA"	"CASRSRTDTQYF"	"CTCACTGTGACATCGGCCCAAAAGAACCCGACAGCTTTCTATCTCTGTGCCAGTAGGTCCCGCACAGATACGCAGTATTTTGGCCCA"	"CASRSRTDTQYF"	"TCRBV19-1*1"	NA	"TCRBJ2-3*1"	-1	-1	56	61	0	5	NA	NA	"CTCACTGTGACATCGGCCCAAAAGAACCCGACAGCTTTCTATCTCTGTGCCAGTAGGTCCCGCACAGATACGCAGTATTTTGGCCCA"	FALSE	TRUE	NA	NA	NA	NA
"CTCACTGTGACATCGGCCCAAAAGAACCCGACAGCTTTCTATCTCTGTGCCAGTAGTATAAGCGGTTACGGCTACACCTTCGGTTCG"	"CASSISGYGYTF"	"CTCACTGTGACATCGGCCCAAAAGAACCCGACAGCTTTCTATCTCTGTGCCAGTAGTATAAGCGGTTACGGCTACACCTTCGGTTCG"	"CASSISGYGYTF"	"TCRBV19-1*1"	"TCRBD2-1"	"TCRBJ1-2*1"	-1	60	65	69	61	4	NA	NA	"CTCACTGTGACATCGGCCCAAAAGAACCCGACAGCTTTCTATCTCTGTGCCAGTAGTATAAGCGGTTACGGCTACACCTTCGGTTCG"	FALSE	TRUE	NA	NA	NA	NA
"ACTCTGGAGTCCGCTACCAGCTCCCAGACATCTGTGTACTTCTGTGCCATCAGTGAGTTAGGAGGGGGTGAGCAGTACTTCGGGCCG"	"CAISELGGGEQYF"	"ACTCTGGAGTCCGCTACCAGCTCCCAGACATCTGTGTACTTCTGTGCCATCAGTGAGTTAGGAGGGGGTGAGCAGTACTTCGGGCCG"	"CAISELGGGEQYF"	"TCRBV1-3*1"	NA	"TCRBJ2-7*1"	58	62	68	69	4	1	NA	NA	"ACTCTGGAGTCCGCTACCAGCTCCCAGACATCTGTGTACTTCTGTGCCATCAGTGAGTTAGGAGGGGGTGAGCAGTACTTCGGGCCG"	FALSE	TRUE	NA	NA	NA	NA
"GAGATGAATGTGAGCACCTTGGAGCTGGGGGACTCGGCCCTTTATCTTTGCGCCAGCAGCTCTTCCTACGAGCAGTACTTCGGGCCG"	"CASSSSYEQYF"	"GAGATGAATGTGAGCACCTTGGAGCTGGGGGACTCGGCCCTTTATCTTTGCGCCAGCAGCTCTTCCTACGAGCAGTACTTCGGGCCG"	"CASSSSYEQYF"	"TCRBV5-1*1"	"TCRBD2-1"	"TCRBJ2-7*1"	-1	61	-1	63	62	64	NA	NA	"GAGATGAATGTGAGCACCTTGGAGCTGGGGGACTCGGCCCTTTATCTTTGCGCCAGCAGCTCTTCCTACGAGCAGTACTTCGGGCCG"	FALSE	TRUE	NA	NA	NA	NA
"GCCCAAAAGAACCCGACAGCTTTCTATCTCTGTGCCAGTACCTCCGGGGGCGTTAGCTCCTATAATTCACCCCTCCACTTTGGGAAT"	"CASTSGGVSSYNSPLHF"	"GCCCAAAAGAACCCGACAGCTTTCTATCTCTGTGCCAGTACCTCCGGGGGCGTTAGCTCCTATAATTCACCCCTCCACTTTGGGAAT"	"CASTSGGVSSYNSPLHF"	"TCRBV19-1*1"	NA	"TCRBJ1-6*1"	40	45	51	56	5	5	NA	NA	"GCCCAAAAGAACCCGACAGCTTTCTATCTCTGTGCCAGTACCTCCGGGGGCGTTAGCTCCTATAATTCACCCCTCCACTTTGGGAAT"	FALSE	TRUE	NA	NA	NA	NA
"CACACCCTGCAGCCAGAAGACTCGGCCCTGTATCTCTGCGCCAGCAGCCGGGGACTAGCGGGCTTCTACGAGCAGTACTTCGGGCCG"	"CASSRGLAGFYEQYF"	"CACACCCTGCAGCCAGAAGACTCGGCCCTGTATCTCTGCGCCAGCAGCCGGGGACTAGCGGGCTTCTACGAGCAGTACTTCGGGCCG"	"CASSRGLAGFYEQYF"	"TCRBV4-3*1"	"TCRBD2-1"	"TCRBJ2-7*1"	49	50	62	65	1	3	NA	NA	"CACACCCTGCAGCCAGAAGACTCGGCCCTGTATCTCTGCGCCAGCAGCCGGGGACTAGCGGGCTTCTACGAGCAGTACTTCGGGCCG"	FALSE	TRUE	NA	NA	NA	NA
"ACGATCCAGCGCACAGAGCAGGAGGACTCGGCCGTGTATCTCTGTGCCAGCAGCTTCGGACAGCGGGAGACCCAGTACTTCGGGCCA"	"CASSFGQRETQYF"	"ACGATCCAGCGCACAGAGCAGGAGGACTCGGCCGTGTATCTCTGTGCCAGCAGCTTCGGACAGCGGGAGACCCAGTACTTCGGGCCA"	"CASSFGQRETQYF"	"TCRBV7-2"	"TCRBD1-1*1"	"TCRBJ2-5*1"	56	57	63	66	1	3	NA	NA	"ACGATCCAGCGCACAGAGCAGGAGGACTCGGCCGTGTATCTCTGTGCCAGCAGCTTCGGACAGCGGGAGACCCAGTACTTCGGGCCA"	FALSE	TRUE	NA	NA	NA	NA
"CAGCCTGCAGAACTGGAGGATTCTGGAGTTTATTTCTGTGCCAGCAGCCAATCGACAGGCTGGAACACTGAAGCTTTCTTTGGACAA"	"CASSQSTGWNTEAFF"	"CAGCCTGCAGAACTGGAGGATTCTGGAGTTTATTTCTGTGCCAGCAGCCAATCGACAGGCTGGAACACTGAAGCTTTCTTTGGACAA"	"CASSQSTGWNTEAFF"	"TCRBV14-1*1"	"TCRBD1-1*1"	"TCRBJ1-1*1"	51	53	59	62	2	3	NA	NA	"CAGCCTGCAGAACTGGAGGATTCTGGAGTTTATTTCTGTGCCAGCAGCCAATCGACAGGCTGGAACACTGAAGCTTTCTTTGGACAA"	FALSE	TRUE	NA	NA	NA	NA
"GCTGCTCCCTCCCAAACATCTGTGTACTTCTGTGCCAGCAGTGCGGGCCCTATGGGAAGCTCCTACAATGAGCAGTTCTTCGGGCCA"	"CASSAGPMGSSYNEQFF"	"GCTGCTCCCTCCCAAACATCTGTGTACTTCTGTGCCAGCAGTGCGGGCCCTATGGGAAGCTCCTACAATGAGCAGTTCTTCGGGCCA"	"CASSAGPMGSSYNEQFF"	"TCRBV6-2/6-3*1"	"TCRBD2-1"	"TCRBJ2-1*1"	-1	42	47	59	43	12	NA	NA	"GCTGCTCCCTCCCAAACATCTGTGTACTTCTGTGCCAGCAGTGCGGGCCCTATGGGAAGCTCCTACAATGAGCAGTTCTTCGGGCCA"	FALSE	TRUE	NA	NA	NA	NA
"ACATCGGCCCAAAAGAACCCGACAGCTTTCTATCTCTGTGCCAGTAGATTACTTTGGGTGGGGGACGCTGAAGCTTTCTTTGGACAA"	"CASRLLWVGDAEAFF"	"ACATCGGCCCAAAAGAACCCGACAGCTTTCTATCTCTGTGCCAGTAGATTACTTTGGGTGGGGGACGCTGAAGCTTTCTTTGGACAA"	"CASRLLWVGDAEAFF"	"TCRBV19-1*1"	NA	"TCRBJ1-1*1"	47	61	66	67	14	1	NA	NA	"ACATCGGCCCAAAAGAACCCGACAGCTTTCTATCTCTGTGCCAGTAGATTACTTTGGGTGGGGGACGCTGAAGCTTTCTTTGGACAA"	FALSE	TRUE	NA	NA	NA	NA
"GAGTTGGCTGCTCCCTCCCAGACATCTGTGTACTTCTGTGCCAGCAGTGGTGTAAGGGGCGCCAATTCACCCCTCCACTTTGGGAAT"	"CASSGVRGANSPLHF"	"GAGTTGGCTGCTCCCTCCCAGACATCTGTGTACTTCTGTGCCAGCAGTGGTGTAAGGGGCGCCAATTCACCCCTCCACTTTGGGAAT"	"CASSGVRGANSPLHF"	"TCRBV6-6"	"TCRBD1-1*1"	"TCRBJ1-6*1"	48	54	59	63	6	4	NA	NA	"GAGTTGGCTGCTCCCTCCCAGACATCTGTGTACTTCTGTGCCAGCAGTGGTGTAAGGGGCGCCAATTCACCCCTCCACTTTGGGAAT"	FALSE	TRUE	NA	NA	NA	NA
"AGAGCAGGAGGACTCGGCCGTGTATCTCTGTGCCAGCAGCTTAGGTGAAGGGGGCCGGGAACTAATGAAAAACTGTTTTTTGGCAGT"	""	"AGAGCAGGAGGACTCGGCCGTGTATCTCTGTGCCAGCAGCTTAGGTGAAGGGGGCCGGGAACTAATGAAAAACTGTTTTTTGGCAGT"	""	"TCRBV7-2"	"TCRBD1-1*1"	"TCRBJ1-4*1"	44	48	55	59	4	4	NA	NA	"AGAGCAGGAGGACTCGGCCGTGTATCTCTGTGCCAGCAGCTTAGGTGAAGGGGGCCGGGAACTAATGAAAAACTGTTTTTTGGCAGT"	FALSE	FALSE	NA	NA	NA	NA
"CAGCGCACACAGCAGGAGGACTCCGCCGTGTATCTCTGTGCCAGCAGCCGCTTCGGGACAGTAGACACTGAAGCTTTCTTTGGACAA"	"CASSRFGTVDTEAFF"	"CAGCGCACACAGCAGGAGGACTCCGCCGTGTATCTCTGTGCCAGCAGCCGCTTCGGGACAGTAGACACTGAAGCTTTCTTTGGACAA"	"CASSRFGTVDTEAFF"	"TCRBV7-8*3"	"TCRBD1-1*1"	"TCRBJ1-1*1"	50	54	61	64	4	3	NA	NA	"CAGCGCACACAGCAGGAGGACTCCGCCGTGTATCTCTGTGCCAGCAGCCGCTTCGGGACAGTAGACACTGAAGCTTTCTTTGGACAA"	FALSE	TRUE	NA	NA	NA	NA
"AAGATCCAGCGCACAGAGCGGGGGGACTCAGCCGTGTATCTCTGTGCCAGCAGCTTAACAGGGCTAGAGGCCCAGTACTTCGGGCCA"	"CASSLTGLEAQYF"	"AAGATCCAGCGCACAGAGCGGGGGGACTCAGCCGTGTATCTCTGTGCCAGCAGCTTAACAGGGCTAGAGGCCCAGTACTTCGGGCCA"	"CASSLTGLEAQYF"	"TCRBV7-3*1"	NA	"TCRBJ2-5*1"	-1	59	63	70	60	7	NA	NA	"AAGATCCAGCGCACAGAGCGGGGGGACTCAGCCGTGTATCTCTGTGCCAGCAGCTTAACAGGGCTAGAGGCCCAGTACTTCGGGCCA"	FALSE	TRUE	NA	NA	NA	NA
"ACTCTGGAGTCAGCTACCAGCTCCCAGACATCTGTGTACTTCTGTGCCATCGAGGAGAGCGGGGGGGAGACCCAGTACTTCGGGCCA"	"CAIEESGGETQYF"	"ACTCTGGAGTCAGCTACCAGCTCCCAGACATCTGTGTACTTCTGTGCCATCGAGGAGAGCGGGGGGGAGACCCAGTACTTCGGGCCA"	"CAIEESGGETQYF"	"TCRBV1-3*1"	"TCRBD2-1*1"	"TCRBJ2-5*1"	51	57	-1	66	6	67	NA	NA	"ACTCTGGAGTCAGCTACCAGCTCCCAGACATCTGTGTACTTCTGTGCCATCGAGGAGAGCGGGGGGGAGACCCAGTACTTCGGGCCA"	FALSE	TRUE	NA	NA	NA	NA
"CTGGAGTCGCCCAGCCCCAACCAGACCTCTCTGTACTTCTGTGCCAGCAGTTGGCGGGAGGGCCTCTACGAGCAGTACTTCGGGCCG"	"CASSWREGLYEQYF"	"CTGGAGTCGCCCAGCCCCAACCAGACCTCTCTGTACTTCTGTGCCAGCAGTTGGCGGGAGGGCCTCTACGAGCAGTACTTCGGGCCG"	"CASSWREGLYEQYF"	"TCRBV27-1*1"	"TCRBD2-1*2"	"TCRBJ2-7*1"	52	53	62	65	1	3	NA	NA	"CTGGAGTCGCCCAGCCCCAACCAGACCTCTCTGTACTTCTGTGCCAGCAGTTGGCGGGAGGGCCTCTACGAGCAGTACTTCGGGCCG"	FALSE	TRUE	NA	NA	NA	NA
"AGTGACCAGTGCCCATCCTGAAGACAGCAGCTTCTACATCTGCAGTGCTCGACTAGCGGGGCGGGGAATGAGCAGTTCTTCGGGCCA"	""	"AGTGACCAGTGCCCATCCTGAAGACAGCAGCTTCTACATCTGCAGTGCTCGACTAGCGGGGCGGGGAATGAGCAGTTCTTCGGGCCA"	""	NA	"TCRBD2-1*1"	"TCRBJ2-1*1"	49	50	61	66	1	5	NA	NA	"AGTGACCAGTGCCCATCCTGAAGACAGCAGCTTCTACATCTGCAGTGCTCGACTAGCGGGGCGGGGAATGAGCAGTTCTTCGGGCCA"	FALSE	FALSE	NA	NA	NA	NA
"CTCACTCTGGAGGCTGCTGCCTCCTCCCACACATCTTTATATTTCTGCGCCAGCAGCGGACCGGGGGGGGAGCAGTACTTCGGGCCG"	"CASSGPGGEQYF"	"CTCACTCTGGAGGCTGCTGCCTCCTCCCACACATCTTTATATTTCTGCGCCAGCAGCGGACCGGGGGGGGAGCAGTACTTCGGGCCG"	"CASSGPGGEQYF"	"TCRBV1-1*1"	"TCRBD2-1*1"	"TCRBJ2-7*1"	56	61	-1	69	5	70	NA	NA	"CTCACTCTGGAGGCTGCTGCCTCCTCCCACACATCTTTATATTTCTGCGCCAGCAGCGGACCGGGGGGGGAGCAGTACTTCGGGCCG"	FALSE	TRUE	NA	NA	NA	NA
"CTGCAGCCAGAAGACTCGGCCCTGTATCTCTGTGCCAGCAGCCCCGCCCCCTCAGGGTTTTTGGACACTGAAGCTTTCTTTGGACAA"	"CASSPAPSGFLDTEAFF"	"CTGCAGCCAGAAGACTCGGCCCTGTATCTCTGTGCCAGCAGCCCCGCCCCCTCAGGGTTTTTGGACACTGAAGCTTTCTTTGGACAA"	"CASSPAPSGFLDTEAFF"	"TCRBV4-2*1"	"TCRBD1-1*1"	"TCRBJ1-1*1"	43	52	57	64	9	7	NA	NA	"CTGCAGCCAGAAGACTCGGCCCTGTATCTCTGTGCCAGCAGCCCCGCCCCCTCAGGGTTTTTGGACACTGAAGCTTTCTTTGGACAA"	FALSE	TRUE	NA	NA	NA	NA
"AAAGAACCCGACAGCTTTCTATCTCTGTGCCAGTCTTCGAACCAGGGACAGGGGGCAGTGACTAATGAAAAACTGTTTTTTGGCAGT"	""	"AAAGAACCCGACAGCTTTCTATCTCTGTGCCAGTCTTCGAACCAGGGACAGGGGGCAGTGACTAATGAAAAACTGTTTTTTGGCAGT"	""	"TCRBV19-1*1"	"TCRBD1-1*1"	"TCRBJ1-4*1"	34	44	56	60	10	4	NA	NA	"AAAGAACCCGACAGCTTTCTATCTCTGTGCCAGTCTTCGAACCAGGGACAGGGGGCAGTGACTAATGAAAAACTGTTTTTTGGCAGT"	FALSE	FALSE	NA	NA	NA	NA
"GTGACCAGTGCCCATCCTGAAGACAGCAGCTTCTACATCTGCAGTGCTAATAGCGGGAGGCCCCGGGAGACCCAGTACTTCGGGCCA"	"CSANSGRPRETQYF"	"GTGACCAGTGCCCATCCTGAAGACAGCAGCTTCTACATCTGCAGTGCTAATAGCGGGAGGCCCCGGGAGACCCAGTACTTCGGGCCA"	"CSANSGRPRETQYF"	NA	"TCRBD2-1*2"	"TCRBJ2-5*1"	49	50	60	66	1	6	NA	NA	"GTGACCAGTGCCCATCCTGAAGACAGCAGCTTCTACATCTGCAGTGCTAATAGCGGGAGGCCCCGGGAGACCCAGTACTTCGGGCCA"	FALSE	TRUE	NA	NA	NA	NA
"CGCTCACCAGGCCTGGGGGACGCAGCCATGTACCTGTGTGCCACCAGCAGAGTGGTGGGACTGAACACTGAAGCTTTCTTTGGACAA"	"CATSRVVGLNTEAFF"	"CGCTCACCAGGCCTGGGGGACGCAGCCATGTACCTGTGTGCCACCAGCAGAGTGGTGGGACTGAACACTGAAGCTTTCTTTGGACAA"	"CATSRVVGLNTEAFF"	"TCRBV15-1*2"	NA	"TCRBJ1-1*1"	52	56	-1	61	4	62	NA	NA	"CGCTCACCAGGCCTGGGGGACGCAGCCATGTACCTGTGTGCCACCAGCAGAGTGGTGGGACTGAACACTGAAGCTTTCTTTGGACAA"	FALSE	TRUE	NA	NA	NA	NA
"AGCAACATGAGCCCTGAAGACAGCAGCATATATCTCTGCAGCGTTGATGATGGAAAGCAATTAAATGAAAAACTGTTTTTTGGCAGT"	"CSVDDGKQLNEKLFF"	"AGCAACATGAGCCCTGAAGACAGCAGCATATATCTCTGCAGCGTTGATGATGGAAAGCAATTAAATGAAAAACTGTTTTTTGGCAGT"	"CSVDDGKQLNEKLFF"	"TCRBV29-1"	NA	"TCRBJ1-4*1"	47	51	54	63	4	9	NA	NA	"AGCAACATGAGCCCTGAAGACAGCAGCATATATCTCTGCAGCGTTGATGATGGAAAGCAATTAAATGAAAAACTGTTTTTTGGCAGT"	FALSE	TRUE	NA	NA	NA	NA
"NNNNTGTCGGCTGCTCCCTCCCAAACATCTGTGTACTTCTGTGCCAGCTGGGAACGGGGCCCTCAAGAGACCCAGTACTTCGGGCCA"	"CASWERGPQETQYF"	"NNNNTGTCGGCTGCTCCCTCCCAAACATCTGTGTACTTCTGTGCCAGCTGGGAACGGGGCCCTCAAGAGACCCAGTACTTCGGGCCA"	"CASWERGPQETQYF"	NA	NA	"TCRBJ2-5*1"	48	55	60	63	7	3	NA	NA	"NNNNTGTCGGCTGCTCCCTCCCAAACATCTGTGTACTTCTGTGCCAGCTGGGAACGGGGCCCTCAAGAGACCCAGTACTTCGGGCCA"	FALSE	TRUE	NA	NA	NA	NA
"GTGACCAGTGCCCATCCTGAAGACAGCAGCTTCTACATCTGCAGTGCTACAGACAGGGGGGTCGACTACGAGCAGTACTTCGGGCCG"	"CSATDRGVDYEQYF"	"GTGACCAGTGCCCATCCTGAAGACAGCAGCTTCTACATCTGCAGTGCTACAGACAGGGGGGTCGACTACGAGCAGTACTTCGGGCCG"	"CSATDRGVDYEQYF"	NA	"TCRBD1-1*1"	"TCRBJ2-7*1"	-1	53	60	65	54	5	NA	NA	"GTGACCAGTGCCCATCCTGAAGACAGCAGCTTCTACATCTGCAGTGCTACAGACAGGGGGGTCGACTACGAGCAGTACTTCGGGCCG"	FALSE	TRUE	NA	NA	NA	NA
"CTTGAGATCCAGGCTACGAAGCTTGAGGATTCAGCAGTGTATTTTTGTGCCAGCAGCCCTGGTTTAGGGGGCTACACCTTCGGTTCG"	"CASSPGLGGYTF"	"CTTGAGATCCAGGCTACGAAGCTTGAGGATTCAGCAGTGTATTTTTGTGCCAGCAGCCCTGGTTTAGGGGGCTACACCTTCGGTTCG"	"CASSPGLGGYTF"	"TCRBV16-1*1"	NA	"TCRBJ1-2*1"	58	65	-1	69	7	70	NA	NA	"CTTGAGATCCAGGCTACGAAGCTTGAGGATTCAGCAGTGTATTTTTGTGCCAGCAGCCCTGGTTTAGGGGGCTACACCTTCGGTTCG"	FALSE	TRUE	NA	NA	NA	NA
"GAGTCCGCTACCCGCTCCCAGACATCTGTGTATTTCTGCGCCAGCAAACTTGAAAGCCAAACTGGAAACACCATATATTTTGGAGAG"	"CASKLESQTGNTIYF"	"GAGTCCGCTACCCGCTCCCAGACATCTGTGTATTTCTGCGCCAGCAAACTTGAAAGCCAAACTGGAAACACCATATATTTTGGAGAG"	"CASKLESQTGNTIYF"	"TCRBV1-2*1"	"TCRBD2-1"	"TCRBJ1-3*1"	46	47	50	61	1	11	NA	NA	"GAGTCCGCTACCCGCTCCCAGACATCTGTGTATTTCTGCGCCAGCAAACTTGAAAGCCAAACTGGAAACACCATATATTTTGGAGAG"	FALSE	TRUE	NA	NA	NA	NA
"CCCTCCCAGACATCTGTGTACTTCTGTGCCAGCAGTGAATACGACAGTCGGGCTGCTAGCCTTCAAGAGACCCAGTACTTCGGGCCA"	"CASSEYDSRAASLQETQYF"	"CCCTCCCAGACATCTGTGTACTTCTGTGCCAGCAGTGAATACGACAGTCGGGCTGCTAGCCTTCAAGAGACCCAGTACTTCGGGCCA"	"CASSEYDSRAASLQETQYF"	"TCRBV6-1*1"	NA	"TCRBJ2-5*1"	39	42	47	63	3	16	NA	NA	"CCCTCCCAGACATCTGTGTACTTCTGTGCCAGCAGTGAATACGACAGTCGGGCTGCTAGCCTTCAAGAGACCCAGTACTTCGGGCCA"	FALSE	TRUE	NA	NA	NA	NA
"GCCTTGGAGCTGGGGGACTCGGCCCTGTATCTCTGTGCCAGAAGGCAGACTAGCGGGAGATAAGGAAATGAGCAGTTCTTCGGGCCA"	"CARRQTSGR*GNEQFF"	"GCCTTGGAGCTGGGGGACTCGGCCCTGTATCTCTGTGCCAGAAGGCAGACTAGCGGGAGATAAGGAAATGAGCAGTTCTTCGGGCCA"	"CARRQTSGR*GNEQFF"	"TCRBV5-3"	"TCRBD2-1*2"	"TCRBJ2-1*1"	44	47	59	66	3	7	NA	NA	"GCCTTGGAGCTGGGGGACTCGGCCCTGTATCTCTGTGCCAGAAGGCAGACTAGCGGGAGATAAGGAAATGAGCAGTTCTTCGGGCCA"	FALSE	TRUE	NA	NA	NA	NA
"CTGGAGTCCGCCAGCACCAACCAGACATCTATGTACCTCTGTGCCAGCAGCTTCATCACAGGGTCGGGTGAGCAGTTCTTCGGGCCA"	"CASSFITGSGEQFF"	"CTGGAGTCCGCCAGCACCAACCAGACATCTATGTACCTCTGTGCCAGCAGCTTCATCACAGGGTCGGGTGAGCAGTTCTTCGGGCCA"	"CASSFITGSGEQFF"	"TCRBV28-1*1"	"TCRBD1-1*1"	"TCRBJ2-1*1"	50	57	63	68	7	5	NA	NA	"CTGGAGTCCGCCAGCACCAACCAGACATCTATGTACCTCTGTGCCAGCAGCTTCATCACAGGGTCGGGTGAGCAGTTCTTCGGGCCA"	FALSE	TRUE	NA	NA	NA	NA
"CCAGCCCCAACCAGACCTCTCTGTACTTCTGTGCCAGCAGTTTACCCCACGACAAAGGGGGCTGGGACTGAAGCTTTCTTTGGACAA"	""	"CCAGCCCCAACCAGACCTCTCTGTACTTCTGTGCCAGCAGTTTACCCCACGACAAAGGGGGCTGGGACTGAAGCTTTCTTTGGACAA"	""	"TCRBV27-1*1"	"TCRBD1-1*1"	"TCRBJ1-1*1"	44	55	62	66	11	4	NA	NA	"CCAGCCCCAACCAGACCTCTCTGTACTTCTGTGCCAGCAGTTTACCCCACGACAAAGGGGGCTGGGACTGAAGCTTTCTTTGGACAA"	FALSE	FALSE	NA	NA	NA	NA
"GCCTTGGAGCTGGACGACTCGGCCCTGTATCTCTGTGCCAGCAGCTTAGGACTAGCGGGAGATACCGGGGAGCTGTTTTTTGGAGAA"	"CASSLGLAGDTGELFF"	"GCCTTGGAGCTGGACGACTCGGCCCTGTATCTCTGTGCCAGCAGCTTAGGACTAGCGGGAGATACCGGGGAGCTGTTTTTTGGAGAA"	"CASSLGLAGDTGELFF"	"TCRBV5-4*1"	"TCRBD2-1*2"	"TCRBJ2-2*1"	47	48	61	63	1	2	NA	NA	"GCCTTGGAGCTGGACGACTCGGCCCTGTATCTCTGTGCCAGCAGCTTAGGACTAGCGGGAGATACCGGGGAGCTGTTTTTTGGAGAA"	FALSE	TRUE	NA	NA	NA	NA
"TCTAAGAAGCTCCTTCTCAGTGACTCTGGCTTCTATCTCTGTGCCTGGGGACCAGGGGGCGCGTCCTACGAGCAGTACTTCGGGCCG"	"CAWGPGGASYEQYF"	"TCTAAGAAGCTCCTTCTCAGTGACTCTGGCTTCTATCTCTGTGCCTGGGGACCAGGGGGCGCGTCCTACGAGCAGTACTTCGGGCCG"	"CAWGPGGASYEQYF"	"TCRBV3-1*5"	"TCRBD1-1*1"	"TCRBJ2-7*1"	51	52	60	63	1	3	NA	NA	"TCTAAGAAGCTCCTTCTCAGTGACTCTGGCTTCTATCTCTGTGCCTGGGGACCAGGGGGCGCGTCCTACGAGCAGTACTTCGGGCCG"	FALSE	TRUE	NA	NA	NA	NA
"TGTTGCTGGGGGACTCGGCCCTGTATCTCTGTGCCAGCAGCTTTCTACAGGGAAATTTAAGCCACCGGGGAGCTGTTTTTTGGAGAA"	""	"TGTTGCTGGGGGACTCGGCCCTGTATCTCTGTGCCAGCAGCTTTCTACAGGGAAATTTAAGCCACCGGGGAGCTGTTTTTTGGAGAA"	""	"TCRBV5-5*1"	"TCRBD1-1*1"	"TCRBJ2-2*1"	43	46	52	62	3	10	NA	NA	"TGTTGCTGGGGGACTCGGCCCTGTATCTCTGTGCCAGCAGCTTTCTACAGGGAAATTTAAGCCACCGGGGAGCTGTTTTTTGGAGAA"	FALSE	FALSE	NA	NA	NA	NA
"TCGGCTGCTCCCTCCCAGACATCTGTGTACTTCTGTGCCAGCAGCCAACGGGGGGGACAGGCAATGTACGAGCAGTACTTCGGGCCG"	"CASSQRGGQAMYEQYF"	"TCGGCTGCTCCCTCCCAGACATCTGTGTACTTCTGTGCCAGCAGCCAACGGGGGGGACAGGCAATGTACGAGCAGTACTTCGGGCCG"	"CASSQRGGQAMYEQYF"	NA	NA	"TCRBJ2-7*1"	44	53	61	66	9	5	NA	NA	"TCGGCTGCTCCCTCCCAGACATCTGTGTACTTCTGTGCCAGCAGCCAACGGGGGGGACAGGCAATGTACGAGCAGTACTTCGGGCCG"	FALSE	TRUE	NA	NA	NA	NA
"GCTGCCTCCTCCCAGACATCTGTATATTTCTGCGCCAGCAGTGCCTCCGGACTAGCGGGCGATTAAAATGAGCAGTTCTTCGGGCCA"	"CASSASGLAGD*NEQFF"	"GCTGCCTCCTCCCAGACATCTGTATATTTCTGCGCCAGCAGTGCCTCCGGACTAGCGGGCGATTAAAATGAGCAGTTCTTCGGGCCA"	"CASSASGLAGD*NEQFF"	"TCRBV1-1"	"TCRBD2-1"	"TCRBJ2-1*1"	43	48	59	66	5	7	NA	NA	"GCTGCCTCCTCCCAGACATCTGTATATTTCTGCGCCAGCAGTGCCTCCGGACTAGCGGGCGATTAAAATGAGCAGTTCTTCGGGCCA"	FALSE	TRUE	NA	NA	NA	NA
"NNNNNNNNNNTGTCGGCTGCTCCCTCCCAGACATCTGTGTACTTCTGTGCCACGTACAGGGCAGACTATGGCTACACCTTCGGTTCG"	"CATYRADYGYTF"	"NNNNNNNNNNTGTCGGCTGCTCCCTCCCAGACATCTGTGTACTTCTGTGCCACGTACAGGGCAGACTATGGCTACACCTTCGGTTCG"	"CATYRADYGYTF"	"TCRBV6-5*1"	"TCRBD1-1*1"	"TCRBJ1-2*1"	52	55	61	64	3	3	NA	NA	"NNNNNNNNNNTGTCGGCTGCTCCCTCCCAGACATCTGTGTACTTCTGTGCCACGTACAGGGCAGACTATGGCTACACCTTCGGTTCG"	FALSE	TRUE	NA	NA	NA	NA
"CTGACAGTGACCAGTGCCCATCCTGAAGACAGCAGCTTCTACATCTGCAGTGCTAGTGGGAGCGCCTACGAGCAGTACTTCGGGCCG"	"CSASGSAYEQYF"	"CTGACAGTGACCAGTGCCCATCCTGAAGACAGCAGCTTCTACATCTGCAGTGCTAGTGGGAGCGCCTACGAGCAGTACTTCGGGCCG"	"CSASGSAYEQYF"	"TCRBV2-1*4"	"TCRBD2-1"	"TCRBJ2-7*1"	58	60	-1	64	2	65	NA	NA	"CTGACAGTGACCAGTGCCCATCCTGAAGACAGCAGCTTCTACATCTGCAGTGCTAGTGGGAGCGCCTACGAGCAGTACTTCGGGCCG"	FALSE	TRUE	NA	NA	NA	NA
"GCACAGAGCGGGGGGACTCAGCCGTGTATCTCTGTGCCAGCAGCTCCCGACAGGTTACGCGGTTGGGGGACCCAGTACTTCGGGCCA"	""	"GCACAGAGCGGGGGGACTCAGCCGTGTATCTCTGTGCCAGCAGCTCCCGACAGGTTACGCGGTTGGGGGACCCAGTACTTCGGGCCA"	""	"TCRBV7-3*1"	"TCRBD1-1*1"	"TCRBJ2-5*1"	45	48	54	68	3	14	NA	NA	"GCACAGAGCGGGGGGACTCAGCCGTGTATCTCTGTGCCAGCAGCTCCCGACAGGTTACGCGGTTGGGGGACCCAGTACTTCGGGCCA"	FALSE	FALSE	NA	NA	NA	NA
"TCGGCTGCTCCCTCCCAGACATCTGTGTACTTCTGTGCCAGCAGTACGACGGGACAGGGTTTGACCTACGAGCAGTACTTCGGGCCG"	"CASSTTGQGLTYEQYF"	"TCGGCTGCTCCCTCCCAGACATCTGTGTACTTCTGTGCCAGCAGTACGACGGGACAGGGTTTGACCTACGAGCAGTACTTCGGGCCG"	"CASSTTGQGLTYEQYF"	NA	"TCRBD1-1*1"	"TCRBJ2-7*1"	45	50	59	64	5	5	NA	NA	"TCGGCTGCTCCCTCCCAGACATCTGTGTACTTCTGTGCCAGCAGTACGACGGGACAGGGTTTGACCTACGAGCAGTACTTCGGGCCG"	FALSE	TRUE	NA	NA	NA	NA
"GGGGACTCGGCCCTTTATCTTTGCGCCAGCAGCTTTGGTTGGGGTAGCGGGAGAGAGGAGATCTCCTACGAGCAGTACTTCGGGCCG"	"CASSFGWGSGREEISYEQYF"	"GGGGACTCGGCCCTTTATCTTTGCGCCAGCAGCTTTGGTTGGGGTAGCGGGAGAGAGGAGATCTCCTACGAGCAGTACTTCGGGCCG"	"CASSFGWGSGREEISYEQYF"	"TCRBV5-1*1"	"TCRBD2-1*2"	"TCRBJ2-7*1"	35	44	53	62	9	9	NA	NA	"GGGGACTCGGCCCTTTATCTTTGCGCCAGCAGCTTTGGTTGGGGTAGCGGGAGAGAGGAGATCTCCTACGAGCAGTACTTCGGGCCG"	FALSE	TRUE	NA	NA	NA	NA
"TCCGCCAGCACCAACCAGACATCTATGTACCTCTGTGCCAGCAGTAACGGCCCGAAGGGGCGCCCCTACGAGCAGTACTTCGGGCCG"	"CASSNGPKGRPYEQYF"	"TCCGCCAGCACCAACCAGACATCTATGTACCTCTGTGCCAGCAGTAACGGCCCGAAGGGGCGCCCCTACGAGCAGTACTTCGGGCCG"	"CASSNGPKGRPYEQYF"	"TCRBV28-1*1"	"TCRBD1-1*1"	"TCRBJ2-7*1"	45	55	60	64	10	4	NA	NA	"TCCGCCAGCACCAACCAGACATCTATGTACCTCTGTGCCAGCAGTAACGGCCCGAAGGGGCGCCCCTACGAGCAGTACTTCGGGCCG"	FALSE	TRUE	NA	NA	NA	NA
"NTGTCGGCTGCTCCCTCCCAGACATCTGTGTACTTCTGTGCCAGCAGTGAAGAGGGCGGAATAAAGAATGAGCAGTTCTTCGGGCCA"	"CASSEEGGIKNEQFF"	"NTGTCGGCTGCTCCCTCCCAGACATCTGTGTACTTCTGTGCCAGCAGTGAAGAGGGCGGAATAAAGAATGAGCAGTTCTTCGGGCCA"	"CASSEEGGIKNEQFF"	"TCRBV6-1*1"	NA	"TCRBJ2-1*1"	-1	52	56	66	53	10	NA	NA	"NTGTCGGCTGCTCCCTCCCAGACATCTGTGTACTTCTGTGCCAGCAGTGAAGAGGGCGGAATAAAGAATGAGCAGTTCTTCGGGCCA"	FALSE	TRUE	NA	NA	NA	NA
"ATCCTGAGGATCCAGCAGGTAGTGCGAGGAGATTCGGCAGCTTATTTCTGTGCCAGCTCACCACGAGTTGGCTACACCTTCGGTTCG"	"CASSPRVGYTF"	"ATCCTGAGGATCCAGCAGGTAGTGCGAGGAGATTCGGCAGCTTATTTCTGTGCCAGCTCACCACGAGTTGGCTACACCTTCGGTTCG"	"CASSPRVGYTF"	"TCRBV18-1*1"	"TCRBD2-1*2"	"TCRBJ1-2*1"	-1	64	67	68	65	1	NA	NA	"ATCCTGAGGATCCAGCAGGTAGTGCGAGGAGATTCGGCAGCTTATTTCTGTGCCAGCTCACCACGAGTTGGCTACACCTTCGGTTCG"	FALSE	TRUE	NA	NA	NA	NA
"GCAGCCATGTACCTGTGTGCCACCAGCAGGGGTACTATAGGTGGCGGGAGGGCCGTTCGTAACACCGGGGAGCTGTTTTTTGGAGAA"	"CATSRGTIGGGRAVRNTGELFF"	"GCAGCCATGTACCTGTGTGCCACCAGCAGGGGTACTATAGGTGGCGGGAGGGCCGTTCGTAACACCGGGGAGCTGTTTTTTGGAGAA"	"CATSRGTIGGGRAVRNTGELFF"	"TCRBV15-1*2"	"TCRBD2-1*2"	"TCRBJ2-2*1"	29	43	52	60	14	8	NA	NA	"GCAGCCATGTACCTGTGTGCCACCAGCAGGGGTACTATAGGTGGCGGGAGGGCCGTTCGTAACACCGGGGAGCTGTTTTTTGGAGAA"	FALSE	TRUE	NA	NA	NA	NA
"CAGCCCTCAGAACCCAGGGACTCAGCTGTGTACTTCTGTGCCAGCAGTTTCCGCGAGGACAGCTATGAAAAACTGTTTTTTGGCAGT"	"CASSFREDSYEKLFF"	"CAGCCCTCAGAACCCAGGGACTCAGCTGTGTACTTCTGTGCCAGCAGTTTCCGCGAGGACAGCTATGAAAAACTGTTTTTTGGCAGT"	"CASSFREDSYEKLFF"	NA	"TCRBD1-1*1"	"TCRBJ1-4*1"	50	56	62	64	6	2	NA	NA	"CAGCCCTCAGAACCCAGGGACTCAGCTGTGTACTTCTGTGCCAGCAGTTTCCGCGAGGACAGCTATGAAAAACTGTTTTTTGGCAGT"	FALSE	TRUE	NA	NA	NA	NA
"AGCTCCTTGGAGCTGGGGGACTCAGCCCTGTACTTCTGTGCCAGCAGCTTTTGGACTGGGACAGTCAAACAGTGGTATTTTGGCCCA"	"CASSFWTGTVKQWYF"	"AGCTCCTTGGAGCTGGGGGACTCAGCCCTGTACTTCTGTGCCAGCAGCTTTTGGACTGGGACAGTCAAACAGTGGTATTTTGGCCCA"	"CASSFWTGTVKQWYF"	"TCRBV13-1*1"	"TCRBD1-1*1"	"TCRBJ2-3*1"	50	57	64	74	7	10	NA	NA	"AGCTCCTTGGAGCTGGGGGACTCAGCCCTGTACTTCTGTGCCAGCAGCTTTTGGACTGGGACAGTCAAACAGTGGTATTTTGGCCCA"	FALSE	TRUE	NA	NA	NA	NA
"GAGTCAGCTACCCGCTCCCAGACATCTGTGTATTTCTGCGCCAGCAGTGAGCTAGCGGCCCTCCAAGAGACCCAGTACTTCGGGCCA"	"CASSELAALQETQYF"	"GAGTCAGCTACCCGCTCCCAGACATCTGTGTATTTCTGCGCCAGCAGTGAGCTAGCGGCCCTCCAAGAGACCCAGTACTTCGGGCCA"	"CASSELAALQETQYF"	"TCRBV1-2*1"	"TCRBD2-1"	"TCRBJ2-5*1"	-1	51	58	62	52	4	NA	NA	"GAGTCAGCTACCCGCTCCCAGACATCTGTGTATTTCTGCGCCAGCAGTGAGCTAGCGGCCCTCCAAGAGACCCAGTACTTCGGGCCA"	FALSE	TRUE	NA	NA	NA	NA
"GCCTTGTTGCTGGGGGACTCGGCCCTCTATCTCTGTGCCAGCAGCCCATGGGCGTCTCCGACCCGGGATACGCAGTATTTTGGCCCA"	"CASSPWASPTRDTQYF"	"GCCTTGTTGCTGGGGGACTCGGCCCTCTATCTCTGTGCCAGCAGCCCATGGGCGTCTCCGACCCGGGATACGCAGTATTTTGGCCCA"	"CASSPWASPTRDTQYF"	"TCRBV5-6*1"	"TCRBD1-1*1"	"TCRBJ2-3*1"	45	49	53	66	4	13	NA	NA	"GCCTTGTTGCTGGGGGACTCGGCCCTCTATCTCTGTGCCAGCAGCCCATGGGCGTCTCCGACCCGGGATACGCAGTATTTTGGCCCA"	FALSE	TRUE	NA	NA	NA	NA
"AATGTGAACGCCTTGTTGCTGGGGGACTCGGCCCTGTATCTCTGTGCCAGCAGCGGGGACAACCTAGGGACCCAGTACTTCGGGCCA"	"CASSGDNLGTQYF"	"AATGTGAACGCCTTGTTGCTGGGGGACTCGGCCCTGTATCTCTGTGCCAGCAGCGGGGACAACCTAGGGACCCAGTACTTCGGGCCA"	"CASSGDNLGTQYF"	"TCRBV5-5*1"	"TCRBD1-1*1"	"TCRBJ2-5*1"	54	55	61	68	1	7	NA	NA	"AATGTGAACGCCTTGTTGCTGGGGGACTCGGCCCTGTATCTCTGTGCCAGCAGCGGGGACAACCTAGGGACCCAGTACTTCGGGCCA"	FALSE	TRUE	NA	NA	NA	NA
"CTGGAGTCGCCCAGCCCCAACCAGACCTCTCTGTACTTCTGTGCCAGCTGTCAGGACCCCGGAGGTTCACCCCTCCACTTTGGGAAT"	"CASCQDPGGSPLHF"	"CTGGAGTCGCCCAGCCCCAACCAGACCTCTCTGTACTTCTGTGCCAGCTGTCAGGACCCCGGAGGTTCACCCCTCCACTTTGGGAAT"	"CASCQDPGGSPLHF"	"TCRBV27-1*1"	"TCRBD2-1*2"	"TCRBJ1-6*1"	48	60	-1	65	12	66	NA	NA	"CTGGAGTCGCCCAGCCCCAACCAGACCTCTCTGTACTTCTGTGCCAGCTGTCAGGACCCCGGAGGTTCACCCCTCCACTTTGGGAAT"	FALSE	TRUE	NA	NA	NA	NA
"TGCAGCCTGCAGAACTGGAGGATTCTGGAGTTTATTTCTGTGCCAGCAGCCCCACTAGCGGACCAAGAGACCCAGTACTTCGGGCCA"	""	"TGCAGCCTGCAGAACTGGAGGATTCTGGAGTTTATTTCTGTGCCAGCAGCCCCACTAGCGGACCAAGAGACCCAGTACTTCGGGCCA"	""	"TCRBV14-1*1"	"TCRBD2-1"	"TCRBJ2-5*1"	51	53	-1	61	2	62	NA	NA	"TGCAGCCTGCAGAACTGGAGGATTCTGGAGTTTATTTCTGTGCCAGCAGCCCCACTAGCGGACCAAGAGACCCAGTACTTCGGGCCA"	FALSE	FALSE	NA	NA	NA	NA
"ATCCTGGAGTCGCCCAGCCCCAACCAGACCTCTCTGTACTTCTGTGCCAGCAGTTCCCAAAGCTCCTACGAGCAGTACTTCGGGCCG"	"CASSSQSSYEQYF"	"ATCCTGGAGTCGCCCAGCCCCAACCAGACCTCTCTGTACTTCTGTGCCAGCAGTTCCCAAAGCTCCTACGAGCAGTACTTCGGGCCG"	"CASSSQSSYEQYF"	"TCRBV27-1*1"	NA	"TCRBJ2-7*1"	55	57	59	62	2	3	NA	NA	"ATCCTGGAGTCGCCCAGCCCCAACCAGACCTCTCTGTACTTCTGTGCCAGCAGTTCCCAAAGCTCCTACGAGCAGTACTTCGGGCCG"	FALSE	TRUE	NA	NA	NA	NA
"ACTCTGGAGTCCGCTACCAGCTCCCAGACATCTGTGTACTTCTGTGCCATCAGTAGCGGGAGAGGGAATGAGCAGTTCTTCGGGCCA"	"CAISSGRGNEQFF"	"ACTCTGGAGTCCGCTACCAGCTCCCAGACATCTGTGTACTTCTGTGCCATCAGTAGCGGGAGAGGGAATGAGCAGTTCTTCGGGCCA"	"CAISSGRGNEQFF"	"TCRBV1-3*1"	"TCRBD2-1*2"	"TCRBJ2-1*1"	-1	54	62	66	55	4	NA	NA	"ACTCTGGAGTCCGCTACCAGCTCCCAGACATCTGTGTACTTCTGTGCCATCAGTAGCGGGAGAGGGAATGAGCAGTTCTTCGGGCCA"	FALSE	TRUE	NA	NA	NA	NA
"GAGTCGCCCAGCCCCAACCAGACCTCTCTGTACTTCTGTGCCAGCAGCTTGTCCGGGACAGGGGTAAACACCATATATTTTGGAGAG"	"CASSLSGTGVNTIYF"	"GAGTCGCCCAGCCCCAACCAGACCTCTCTGTACTTCTGTGCCAGCAGCTTGTCCGGGACAGGGGTAAACACCATATATTTTGGAGAG"	"CASSLSGTGVNTIYF"	"TCRBV27-1*1"	"TCRBD1-1*1"	"TCRBJ1-3*1"	47	54	64	65	7	1	NA	NA	"GAGTCGCCCAGCCCCAACCAGACCTCTCTGTACTTCTGTGCCAGCAGCTTGTCCGGGACAGGGGTAAACACCATATATTTTGGAGAG"	FALSE	TRUE	NA	NA	NA	NA
"CGCACAGAGCGGGGGGACTCAGCCGTGTATCTCTGTGCCAGCAGCTTTAATTCGGCTAGACTCCACAATGAGCAGTTCTTCGGGCCA"	"CASSFNSARLHNEQFF"	"CGCACAGAGCGGGGGGACTCAGCCGTGTATCTCTGTGCCAGCAGCTTTAATTCGGCTAGACTCCACAATGAGCAGTTCTTCGGGCCA"	"CASSFNSARLHNEQFF"	"TCRBV7-3*1"	"TCRBD2-1"	"TCRBJ2-1*1"	47	58	62	64	11	2	NA	NA	"CGCACAGAGCGGGGGGACTCAGCCGTGTATCTCTGTGCCAGCAGCTTTAATTCGGCTAGACTCCACAATGAGCAGTTCTTCGGGCCA"	FALSE	TRUE	NA	NA	NA	NA
"GAGTCTGCCAGGCCCTCACATACCTCTCAGTACCTCTGTGCCAGCAGATCTCAACAGGGGCGGCATTCACCCCTCCACTTTGGGAAT"	"CASRSQQGRHSPLHF"	"GAGTCTGCCAGGCCCTCACATACCTCTCAGTACCTCTGTGCCAGCAGATCTCAACAGGGGCGGCATTCACCCCTCCACTTTGGGAAT"	"CASRSQQGRHSPLHF"	"TCRBV25-1*1"	"TCRBD1-1*1"	"TCRBJ1-6*1"	47	53	60	64	6	4	NA	NA	"GAGTCTGCCAGGCCCTCACATACCTCTCAGTACCTCTGTGCCAGCAGATCTCAACAGGGGCGGCATTCACCCCTCCACTTTGGGAAT"	FALSE	TRUE	NA	NA	NA	NA
"GTGACCAGTGCCCATCCTGAAGACAGCAGCTTCTACATCTGCAGTGCGCGCTATAGCGGGAGGGCGGAGACCCAGTACTTCGGGCCA"	"CSARYSGRAETQYF"	"GTGACCAGTGCCCATCCTGAAGACAGCAGCTTCTACATCTGCAGTGCGCGCTATAGCGGGAGGGCGGAGACCCAGTACTTCGGGCCA"	"CSARYSGRAETQYF"	NA	"TCRBD2-1*2"	"TCRBJ2-5*1"	47	53	64	66	6	2	NA	NA	"GTGACCAGTGCCCATCCTGAAGACAGCAGCTTCTACATCTGCAGTGCGCGCTATAGCGGGAGGGCGGAGACCCAGTACTTCGGGCCA"	FALSE	TRUE	NA	NA	NA	NA
"GAGCAGGAGGACTCGGCCGTGTATCTCTGTGCCAGCTCCCGGACTAGCGGGAGAGGATTGAACACCGGGGAGCTGTTTTTTGGAGAA"	"CASSRTSGRGLNTGELFF"	"GAGCAGGAGGACTCGGCCGTGTATCTCTGTGCCAGCTCCCGGACTAGCGGGAGAGGATTGAACACCGGGGAGCTGTTTTTTGGAGAA"	"CASSRTSGRGLNTGELFF"	"TCRBV7-2"	"TCRBD2-1*2"	"TCRBJ2-2*1"	36	40	53	59	4	6	NA	NA	"GAGCAGGAGGACTCGGCCGTGTATCTCTGTGCCAGCTCCCGGACTAGCGGGAGAGGATTGAACACCGGGGAGCTGTTTTTTGGAGAA"	FALSE	TRUE	NA	NA	NA	NA
"TCTGCCATCCCCAACCAGACAGCTCTTTACTTCTGTGCCACCAGTGAGCCGGGACAGGGAAGCACCGGGGAGCTGTTTTTTGGAGAA"	"CATSEPGQGSTGELFF"	"TCTGCCATCCCCAACCAGACAGCTCTTTACTTCTGTGCCACCAGTGAGCCGGGACAGGGAAGCACCGGGGAGCTGTTTTTTGGAGAA"	"CATSEPGQGSTGELFF"	"TCRBV24-1*1"	"TCRBD1-1*1"	"TCRBJ2-2*1"	47	50	59	62	3	3	NA	NA	"TCTGCCATCCCCAACCAGACAGCTCTTTACTTCTGTGCCACCAGTGAGCCGGGACAGGGAAGCACCGGGGAGCTGTTTTTTGGAGAA"	FALSE	TRUE	NA	NA	NA	NA
"CTGCTCCCTCCCAGACATCTGTGTACTTCTGTGCCAGCAGTGAAACTGGGGGGGGGCAGGGCAGGCACTGAAGCTTTCTTTGGACAA"	""	"CTGCTCCCTCCCAGACATCTGTGTACTTCTGTGCCAGCAGTGAAACTGGGGGGGGGCAGGGCAGGCACTGAAGCTTTCTTTGGACAA"	""	"TCRBV6-1*1"	"TCRBD2-1*1"	"TCRBJ1-1*1"	44	47	54	65	3	11	NA	NA	"CTGCTCCCTCCCAGACATCTGTGTACTTCTGTGCCAGCAGTGAAACTGGGGGGGGGCAGGGCAGGCACTGAAGCTTTCTTTGGACAA"	FALSE	FALSE	NA	NA	NA	NA
"CTTGGAGCTGGGGGACTCGGCCCTTTATCTTTGCGCCAGCAGCTTGACGACCCCGGACAGGGGCAAGAGACCCAGTACTTCGGGCCA"	""	"CTTGGAGCTGGGGGACTCGGCCCTTTATCTTTGCGCCAGCAGCTTGACGACCCCGGACAGGGGCAAGAGACCCAGTACTTCGGGCCA"	""	"TCRBV5-1*1"	"TCRBD1-1*1"	"TCRBJ2-5*1"	46	54	-1	63	8	64	NA	NA	"CTTGGAGCTGGGGGACTCGGCCCTTTATCTTTGCGCCAGCAGCTTGACGACCCCGGACAGGGGCAAGAGACCCAGTACTTCGGGCCA"	FALSE	FALSE	NA	NA	NA	NA
"ACCCTGGAGTCTGCCAGGCCCTCACATACCTCTCAGTACCTCTGTGCCAGCGGGGACAGGAGCTCCTACGAGCAGTACTTCGGGCCG"	"CASGDRSSYEQYF"	"ACCCTGGAGTCTGCCAGGCCCTCACATACCTCTCAGTACCTCTGTGCCAGCGGGGACAGGAGCTCCTACGAGCAGTACTTCGGGCCG"	"CASGDRSSYEQYF"	"TCRBV25-1*1"	"TCRBD1-1*1"	"TCRBJ2-7*1"	51	52	60	62	1	2	NA	NA	"ACCCTGGAGTCTGCCAGGCCCTCACATACCTCTCAGTACCTCTGTGCCAGCGGGGACAGGAGCTCCTACGAGCAGTACTTCGGGCCG"	FALSE	TRUE	NA	NA	NA	NA
"CGCACAGAGCGGGGGGACTCAGCCGTGTATCTCTGTGCCAGCAGCGTCCACGGCAGAACGAACACCGGGGAGCTGTTTTTTGGAGAA"	"CASSVHGRTNTGELFF"	"CGCACAGAGCGGGGGGACTCAGCCGTGTATCTCTGTGCCAGCAGCGTCCACGGCAGAACGAACACCGGGGAGCTGTTTTTTGGAGAA"	"CASSVHGRTNTGELFF"	"TCRBV7-3*1"	NA	"TCRBJ2-2*1"	45	53	56	58	8	2	NA	NA	"CGCACAGAGCGGGGGGACTCAGCCGTGTATCTCTGTGCCAGCAGCGTCCACGGCAGAACGAACACCGGGGAGCTGTTTTTTGGAGAA"	FALSE	TRUE	NA	NA	NA	NA
"CCAGACAGCTCTTTACTTCTGTGCCACCAGTGACTGGTATCCTGGACAGGGGGGGCCTCTAGCACAGATACGCAGTATTTTGGCCCA"	""	"CCAGACAGCTCTTTACTTCTGTGCCACCAGTGACTGGTATCCTGGACAGGGGGGGCCTCTAGCACAGATACGCAGTATTTTGGCCCA"	""	"TCRBV24-1*1"	"TCRBD1-1*1"	"TCRBJ2-3*1"	33	43	53	60	10	7	NA	NA	"CCAGACAGCTCTTTACTTCTGTGCCACCAGTGACTGGTATCCTGGACAGGGGGGGCCTCTAGCACAGATACGCAGTATTTTGGCCCA"	FALSE	FALSE	NA	NA	NA	NA
"AGAGTCTGCCATCCCCAACCAGACAGCTCTTTACTTCTGTGCCACCAGTGGGGAATTTGGGTTAACTATGGCTACACCTTCGGTTCG"	""	"AGAGTCTGCCATCCCCAACCAGACAGCTCTTTACTTCTGTGCCACCAGTGGGGAATTTGGGTTAACTATGGCTACACCTTCGGTTCG"	""	"TCRBV24-1*1"	NA	"TCRBJ1-2*1"	-1	50	54	62	51	8	NA	NA	"AGAGTCTGCCATCCCCAACCAGACAGCTCTTTACTTCTGTGCCACCAGTGGGGAATTTGGGTTAACTATGGCTACACCTTCGGTTCG"	FALSE	FALSE	NA	NA	NA	NA
"GCTACCAGCTCCCAGACATCTGTGTACTTCTGTGCCATCAGTGACCCTCGCGCAGGGGGTAGCAATCAGCCCCAGCATTTTGGTGAT"	"CAISDPRAGGSNQPQHF"	"GCTACCAGCTCCCAGACATCTGTGTACTTCTGTGCCATCAGTGACCCTCGCGCAGGGGGTAGCAATCAGCCCCAGCATTTTGGTGAT"	"CAISDPRAGGSNQPQHF"	"TCRBV1-3*1"	"TCRBD1-1*1"	"TCRBJ1-5*1"	44	52	-1	59	8	60	NA	NA	"GCTACCAGCTCCCAGACATCTGTGTACTTCTGTGCCATCAGTGACCCTCGCGCAGGGGGTAGCAATCAGCCCCAGCATTTTGGTGAT"	FALSE	TRUE	NA	NA	NA	NA
"GCTGCTCCCTCCCAGACATCTGTGTACTTCTGTGCCAGCAGTGTCCTTTCGGGGCAGGTCTCTGGAAACACCATATATTTTGGAGAG"	"CASSVLSGQVSGNTIYF"	"GCTGCTCCCTCCCAGACATCTGTGTACTTCTGTGCCAGCAGTGTCCTTTCGGGGCAGGTCTCTGGAAACACCATATATTTTGGAGAG"	"CASSVLSGQVSGNTIYF"	"TCRBV6-1*1"	NA	"TCRBJ1-3*1"	43	50	55	59	7	4	NA	NA	"GCTGCTCCCTCCCAGACATCTGTGTACTTCTGTGCCAGCAGTGTCCTTTCGGGGCAGGTCTCTGGAAACACCATATATTTTGGAGAG"	FALSE	TRUE	NA	NA	NA	NA
"ACCAGTGCCCATCCTGAAGACAGCAGCTTCTACATCTGCAGTGCTACCTCGACCGGGACGCAAGATCAGCCCCAGCATTTTGGTGAT"	"CSATSTGTQDQPQHF"	"ACCAGTGCCCATCCTGAAGACAGCAGCTTCTACATCTGCAGTGCTACCTCGACCGGGACGCAAGATCAGCCCCAGCATTTTGGTGAT"	"CSATSTGTQDQPQHF"	NA	NA	"TCRBJ1-5*1"	46	54	59	64	8	5	NA	NA	"ACCAGTGCCCATCCTGAAGACAGCAGCTTCTACATCTGCAGTGCTACCTCGACCGGGACGCAAGATCAGCCCCAGCATTTTGGTGAT"	FALSE	TRUE	NA	NA	NA	NA
"ACAGTGACCAGTGCCCATCCTGAAGACAGCAGCTTCTACATCTGCAGTGCTCCCACCGGGGTGGATCAGCCCCAGCATTTTGGTGAT"	"CSAPTGVDQPQHF"	"ACAGTGACCAGTGCCCATCCTGAAGACAGCAGCTTCTACATCTGCAGTGCTCCCACCGGGGTGGATCAGCCCCAGCATTTTGGTGAT"	"CSAPTGVDQPQHF"	NA	"TCRBD2-1*1"	"TCRBJ1-5*1"	51	56	61	64	5	3	NA	NA	"ACAGTGACCAGTGCCCATCCTGAAGACAGCAGCTTCTACATCTGCAGTGCTCCCACCGGGGTGGATCAGCCCCAGCATTTTGGTGAT"	FALSE	TRUE	NA	NA	NA	NA
"TTGGAGCTGGGGGACTCAGCCCTGTACTTCTGTGCCAGCAGCTTAGGGTACAGGGGAAGAACTAATGAAAAACTGTTTTTTGGCAGT"	"CASSLGYRGRTNEKLFF"	"TTGGAGCTGGGGGACTCAGCCCTGTACTTCTGTGCCAGCAGCTTAGGGTACAGGGGAAGAACTAATGAAAAACTGTTTTTTGGCAGT"	"CASSLGYRGRTNEKLFF"	"TCRBV13-1*1"	"TCRBD1-1*1"	"TCRBJ1-4*1"	47	49	56	59	2	3	NA	NA	"TTGGAGCTGGGGGACTCAGCCCTGTACTTCTGTGCCAGCAGCTTAGGGTACAGGGGAAGAACTAATGAAAAACTGTTTTTTGGCAGT"	FALSE	TRUE	NA	NA	NA	NA
"ACTCTGACGATTCAGCGCACAGAGCAGCGGGACTCAGCCATGTATCGCTGTGCTAGCAGCGCAAAAGAGACCCAGTACTTCGGGCCA"	"CASSAKETQYF"	"ACTCTGACGATTCAGCGCACAGAGCAGCGGGACTCAGCCATGTATCGCTGTGCTAGCAGCGCAAAAGAGACCCAGTACTTCGGGCCA"	"CASSAKETQYF"	"TCRBV7-7*1"	NA	"TCRBJ2-5*1"	60	61	63	64	1	1	NA	NA	"ACTCTGACGATTCAGCGCACAGAGCAGCGGGACTCAGCCATGTATCGCTGTGCTAGCAGCGCAAAAGAGACCCAGTACTTCGGGCCA"	FALSE	TRUE	NA	NA	NA	NA
"TCCCTAGAGTCTGCCATCCCCAACCAGACAGCTCTTTACTTCTGTGCCACCAGTCGCAGGGGGTTTGAGGCCCAGTACTTCGGGCCA"	"CATSRRGFEAQYF"	"TCCCTAGAGTCTGCCATCCCCAACCAGACAGCTCTTTACTTCTGTGCCACCAGTCGCAGGGGGTTTGAGGCCCAGTACTTCGGGCCA"	"CATSRRGFEAQYF"	"TCRBV24-1*1"	"TCRBD1-1*1"	"TCRBJ2-5*1"	54	56	63	70	2	7	NA	NA	"TCCCTAGAGTCTGCCATCCCCAACCAGACAGCTCTTTACTTCTGTGCCACCAGTCGCAGGGGGTTTGAGGCCCAGTACTTCGGGCCA"	FALSE	TRUE	NA	NA	NA	NA
"ATCCTGAGTTCTAAGAAGCTCCTTCTCAGTGACTCTGGCTTCTATCTCTGTGCCTGGCTGAAAGCCTACGAGCAGTACTTCGGGCCG"	"CAWLKAYEQYF"	"ATCCTGAGTTCTAAGAAGCTCCTTCTCAGTGACTCTGGCTTCTATCTCTGTGCCTGGCTGAAAGCCTACGAGCAGTACTTCGGGCCG"	"CAWLKAYEQYF"	"TCRBV3-1"	NA	"TCRBJ2-7*1"	57	59	61	64	2	3	NA	NA	"ATCCTGAGTTCTAAGAAGCTCCTTCTCAGTGACTCTGGCTTCTATCTCTGTGCCTGGCTGAAAGCCTACGAGCAGTACTTCGGGCCG"	FALSE	TRUE	NA	NA	NA	NA
"GCTGCTCCCTCCCAGACATCTGTGTACTTCTGTGCCAGCAGTTACTCCTTGGGACTAGCGGGAGGTGAGACCCAGTACTTCGGGCCA"	"CASSYSLGLAGGETQYF"	"GCTGCTCCCTCCCAGACATCTGTGTACTTCTGTGCCAGCAGTTACTCCTTGGGACTAGCGGGAGGTGAGACCCAGTACTTCGGGCCA"	"CASSYSLGLAGGETQYF"	NA	"TCRBD2-1*2"	"TCRBJ2-5*1"	47	50	65	66	3	1	NA	NA	"GCTGCTCCCTCCCAGACATCTGTGTACTTCTGTGCCAGCAGTTACTCCTTGGGACTAGCGGGAGGTGAGACCCAGTACTTCGGGCCA"	FALSE	TRUE	NA	NA	NA	NA
"TCCCTCCCAGACATCTGTGTACTTCTGTGCCAGCATTGAGCCGGGACACAGCTTTTAGGCGTGCCCGGGAGAGCTTTCTTTGGACAA"	""	"TCCCTCCCAGACATCTGTGTACTTCTGTGCCAGCATTGAGCCGGGACACAGCTTTTAGGCGTGCCCGGGAGAGCTTTCTTTGGACAA"	""	"TCRBV6-1*1"	NA	"TCRBJ1-1*1"	39	42	48	71	3	23	NA	NA	"TCCCTCCCAGACATCTGTGTACTTCTGTGCCAGCATTGAGCCGGGACACAGCTTTTAGGCGTGCCCGGGAGAGCTTTCTTTGGACAA"	FALSE	FALSE	NA	NA	NA	NA
"CTGGAGTTGGCTGCTCCCTCCCAGACATCTGTGTACTTCTGTGCCAGCAGTTACTCGAAAGAACGTTCACCCCTCCACTTTGGGAAT"	"CASSYSKERSPLHF"	"CTGGAGTTGGCTGCTCCCTCCCAGACATCTGTGTACTTCTGTGCCAGCAGTTACTCGAAAGAACGTTCACCCCTCCACTTTGGGAAT"	"CASSYSKERSPLHF"	"TCRBV6-6*1"	NA	"TCRBJ1-6*1"	-1	56	58	65	57	7	NA	NA	"CTGGAGTTGGCTGCTCCCTCCCAGACATCTGTGTACTTCTGTGCCAGCAGTTACTCGAAAGAACGTTCACCCCTCCACTTTGGGAAT"	FALSE	TRUE	NA	NA	NA	NA
"ATCCAGCCTGCAAAGCTTGAGGACTCGGCCGTGTATCTCTGTGCCAGCAGCTTAATTGGGAAGAACAATGAGCAGTTCTTCGGGCCA"	"CASSLIGKNNEQFF"	"ATCCAGCCTGCAAAGCTTGAGGACTCGGCCGTGTATCTCTGTGCCAGCAGCTTAATTGGGAAGAACAATGAGCAGTTCTTCGGGCCA"	"CASSLIGKNNEQFF"	"TCRBV11-2*1"	NA	"TCRBJ2-1*1"	54	57	61	64	3	3	NA	NA	"ATCCAGCCTGCAAAGCTTGAGGACTCGGCCGTGTATCTCTGTGCCAGCAGCTTAATTGGGAAGAACAATGAGCAGTTCTTCGGGCCA"	FALSE	TRUE	NA	NA	NA	NA
"CTGGAGTCGCCCAGCCCCAACCAGACCTCTCTGTACTTCTGTGCCAGCAGTTGGACAGGGGTTTACAATGAGCAGTTCTTCGGGCCA"	"CASSWTGVYNEQFF"	"CTGGAGTCGCCCAGCCCCAACCAGACCTCTCTGTACTTCTGTGCCAGCAGTTGGACAGGGGTTTACAATGAGCAGTTCTTCGGGCCA"	"CASSWTGVYNEQFF"	"TCRBV27-1*1"	"TCRBD1-1*1"	"TCRBJ2-1*1"	-1	52	61	63	53	2	NA	NA	"CTGGAGTCGCCCAGCCCCAACCAGACCTCTCTGTACTTCTGTGCCAGCAGTTGGACAGGGGTTTACAATGAGCAGTTCTTCGGGCCA"	FALSE	TRUE	NA	NA	NA	NA
"TGCTCCCTCCCAAACATCTGTGTACTTCTGTGCCAGCAGTTAACGACAGGCGCTCAACTATTATCCTACGAGCAGTACTTCGGGCCG"	""	"TGCTCCCTCCCAAACATCTGTGTACTTCTGTGCCAGCAGTTAACGACAGGCGCTCAACTATTATCCTACGAGCAGTACTTCGGGCCG"	""	"TCRBV6-2/6-3*1"	"TCRBD1-1*1"	"TCRBJ2-7*1"	42	44	50	63	2	13	NA	NA	"TGCTCCCTCCCAAACATCTGTGTACTTCTGTGCCAGCAGTTAACGACAGGCGCTCAACTATTATCCTACGAGCAGTACTTCGGGCCG"	FALSE	FALSE	NA	NA	NA	NA
"TCCCTGGAGCTTGGTGACTCTGCTGTGTATTTCTGTGCCAGCCGCCATTTGGTTGGGGGAGGCTCCTACGAGCAGTACTTCGGGCCG"	"CASRHLVGGGSYEQYF"	"TCCCTGGAGCTTGGTGACTCTGCTGTGTATTTCTGTGCCAGCCGCCATTTGGTTGGGGGAGGCTCCTACGAGCAGTACTTCGGGCCG"	"CASRHLVGGGSYEQYF"	"TCRBV3-1/3-2*1"	"TCRBD2-1*2"	"TCRBJ2-7*1"	47	56	-1	62	9	63	NA	NA	"TCCCTGGAGCTTGGTGACTCTGCTGTGTATTTCTGTGCCAGCCGCCATTTGGTTGGGGGAGGCTCCTACGAGCAGTACTTCGGGCCG"	FALSE	TRUE	NA	NA	NA	NA
"CAGCGCACAGAGCAGGGGGACTCGGCCATGTATCTCTGTGCCAGCAGCTTAGCGGGGAGTAACAATCAGCCCCAGCATTTTGGTGAT"	"CASSLAGSNNQPQHF"	"CAGCGCACAGAGCAGGGGGACTCGGCCATGTATCTCTGTGCCAGCAGCTTAGCGGGGAGTAACAATCAGCCCCAGCATTTTGGTGAT"	"CASSLAGSNNQPQHF"	"TCRBV7-9*1"	"TCRBD2-1*2"	"TCRBJ1-5*1"	53	54	59	62	1	3	NA	NA	"CAGCGCACAGAGCAGGGGGACTCGGCCATGTATCTCTGTGCCAGCAGCTTAGCGGGGAGTAACAATCAGCCCCAGCATTTTGGTGAT"	FALSE	TRUE	NA	NA	NA	NA
"GAGCAGGGGGACTCGGCCATGTATCTCTGTGCCAGCAGCACGAGGACAAGGGGCGCGGGTGGGGCCAACGTCCTGACTTTCGGGGCC"	"CASSTRTRGAGGANVLTF"	"GAGCAGGGGGACTCGGCCATGTATCTCTGTGCCAGCAGCACGAGGACAAGGGGCGCGGGTGGGGCCAACGTCCTGACTTTCGGGGCC"	"CASSTRTRGAGGANVLTF"	"TCRBV7-9*1"	NA	"TCRBJ2-6*1"	39	43	48	59	4	11	NA	NA	"GAGCAGGGGGACTCGGCCATGTATCTCTGTGCCAGCAGCACGAGGACAAGGGGCGCGGGTGGGGCCAACGTCCTGACTTTCGGGGCC"	FALSE	TRUE	NA	NA	NA	NA
"AGCACCTTGGAGCTGGGGGACTCGGCCCTTTATCTTTGCGCCAGCAGCAACGGACAGGGGGTGCCCAATGAGCAGTTCTTCGGGCCA"	"CASSNGQGVPNEQFF"	"AGCACCTTGGAGCTGGGGGACTCGGCCCTTTATCTTTGCGCCAGCAGCAACGGACAGGGGGTGCCCAATGAGCAGTTCTTCGGGCCA"	"CASSNGQGVPNEQFF"	"TCRBV5-1*1"	"TCRBD1-1*1"	"TCRBJ2-1*1"	48	51	61	65	3	4	NA	NA	"AGCACCTTGGAGCTGGGGGACTCGGCCCTTTATCTTTGCGCCAGCAGCAACGGACAGGGGGTGCCCAATGAGCAGTTCTTCGGGCCA"	FALSE	TRUE	NA	NA	NA	NA
"CTGGAGTCGCCCAGCCCCAACCAGACCTCTCTGTACTTCTGTGCCACCGGTCCCAGGGCAACTAACTATGGCTACACCTTCGGTTCG"	"CATGPRATNYGYTF"	"CTGGAGTCGCCCAGCCCCAACCAGACCTCTCTGTACTTCTGTGCCACCGGTCCCAGGGCAACTAACTATGGCTACACCTTCGGTTCG"	"CATGPRATNYGYTF"	"TCRBV27-1*1"	"TCRBD1-1*1"	"TCRBJ1-2*1"	46	53	58	61	7	3	NA	NA	"CTGGAGTCGCCCAGCCCCAACCAGACCTCTCTGTACTTCTGTGCCACCGGTCCCAGGGCAACTAACTATGGCTACACCTTCGGTTCG"	FALSE	TRUE	NA	NA	NA	NA
"CTGACTGTGAGCAACATGAGCCCTGAAGACAGCAGCATATATCTCTGCAGCGTTGTTACGGGACCAGAGACCCAGTACTTCGGGCCA"	"CSVVTGPETQYF"	"CTGACTGTGAGCAACATGAGCCCTGAAGACAGCAGCATATATCTCTGCAGCGTTGTTACGGGACCAGAGACCCAGTACTTCGGGCCA"	"CSVVTGPETQYF"	"TCRBV29-1"	NA	"TCRBJ2-5*1"	55	59	64	65	4	1	NA	NA	"CTGACTGTGAGCAACATGAGCCCTGAAGACAGCAGCATATATCTCTGCAGCGTTGTTACGGGACCAGAGACCCAGTACTTCGGGCCA"	FALSE	TRUE	NA	NA	NA	NA
"GCCCATCCTGAAGACAGCAGCTTCTACATCTGCAGTGCCATTCCGGATCTAGCGGGAGGGAACACCGGGGAGCTGTTTTTTGGAGAA"	"CSAIPDLAGGNTGELFF"	"GCCCATCCTGAAGACAGCAGCTTCTACATCTGCAGTGCCATTCCGGATCTAGCGGGAGGGAACACCGGGGAGCTGTTTTTTGGAGAA"	"CSAIPDLAGGNTGELFF"	NA	"TCRBD2-1*2"	"TCRBJ2-2*1"	38	48	-1	59	10	60	NA	NA	"GCCCATCCTGAAGACAGCAGCTTCTACATCTGCAGTGCCATTCCGGATCTAGCGGGAGGGAACACCGGGGAGCTGTTTTTTGGAGAA"	FALSE	TRUE	NA	NA	NA	NA
"GCCATCCCCAACCAGACAGCTCTTTACTTCTGTGCCACCAGTGATACGACTAGCGGGAGGGGCACCGGGGAGCTGTTTTTTGGAGAA"	"CATSDTTSGRGTGELFF"	"GCCATCCCCAACCAGACAGCTCTTTACTTCTGTGCCACCAGTGATACGACTAGCGGGAGGGGCACCGGGGAGCTGTTTTTTGGAGAA"	"CATSDTTSGRGTGELFF"	"TCRBV24-1*1"	"TCRBD2-1*2"	"TCRBJ2-2*1"	45	47	61	62	2	1	NA	NA	"GCCATCCCCAACCAGACAGCTCTTTACTTCTGTGCCACCAGTGATACGACTAGCGGGAGGGGCACCGGGGAGCTGTTTTTTGGAGAA"	FALSE	TRUE	NA	NA	NA	NA
"ACGGAGTCAGGGGACACAGCACTGTATTTCTGTGCCAGCAGCAAAGATGGGGGAGGGAGCTTCACAGATACGCAGTATTTTGGCCCA"	"CASSKDGGGSFTDTQYF"	"ACGGAGTCAGGGGACACAGCACTGTATTTCTGTGCCAGCAGCAAAGATGGGGGAGGGAGCTTCACAGATACGCAGTATTTTGGCCCA"	"CASSKDGGGSFTDTQYF"	"TCRBV21-1*1"	"TCRBD2-1*2"	"TCRBJ2-3*1"	46	50	57	62	4	5	NA	NA	"ACGGAGTCAGGGGACACAGCACTGTATTTCTGTGCCAGCAGCAAAGATGGGGGAGGGAGCTTCACAGATACGCAGTATTTTGGCCCA"	FALSE	TRUE	NA	NA	NA	NA
"TCCACAAAGCTGGAGGACTCAGCCATGTACTTCTGTGCCAGCAGTGCGGCAGGGGGTTTGGGAGGGACTGAAGCTTTCTTTGGACAA"	"CASSAAGGLGGTEAFF"	"TCCACAAAGCTGGAGGACTCAGCCATGTACTTCTGTGCCAGCAGTGCGGCAGGGGGTTTGGGAGGGACTGAAGCTTTCTTTGGACAA"	"CASSAAGGLGGTEAFF"	"TCRBV2-1"	NA	"TCRBJ1-1*1"	46	49	56	66	3	10	NA	NA	"TCCACAAAGCTGGAGGACTCAGCCATGTACTTCTGTGCCAGCAGTGCGGCAGGGGGTTTGGGAGGGACTGAAGCTTTCTTTGGACAA"	FALSE	TRUE	NA	NA	NA	NA
"AACGCCTTGTTGCTGGGGGACTCGGCCCTGTATCTCTGTGCCAGCAGCTTGATACAGGGGGCACGGCAGCCCCAGCATTTTGGTGAT"	"CASSLIQGARQPQHF"	"AACGCCTTGTTGCTGGGGGACTCGGCCCTGTATCTCTGTGCCAGCAGCTTGATACAGGGGGCACGGCAGCCCCAGCATTTTGGTGAT"	"CASSLIQGARQPQHF"	"TCRBV5-5*1"	"TCRBD1-1*1"	"TCRBJ1-5*1"	51	53	62	66	2	4	NA	NA	"AACGCCTTGTTGCTGGGGGACTCGGCCCTGTATCTCTGTGCCAGCAGCTTGATACAGGGGGCACGGCAGCCCCAGCATTTTGGTGAT"	FALSE	TRUE	NA	NA	NA	NA
"ACAGTGACCAGTGCCCATCCTGAAGACAGCAGCTTCTACATCTGCAGTGCTAGAGGACAGTCCGACTACGAGCAGTACTTCGGGCCG"	"CSARGQSDYEQYF"	"ACAGTGACCAGTGCCCATCCTGAAGACAGCAGCTTCTACATCTGCAGTGCTAGAGGACAGTCCGACTACGAGCAGTACTTCGGGCCG"	"CSARGQSDYEQYF"	NA	"TCRBD1-1*1"	"TCRBJ2-7*1"	-1	55	60	65	56	5	NA	NA	"ACAGTGACCAGTGCCCATCCTGAAGACAGCAGCTTCTACATCTGCAGTGCTAGAGGACAGTCCGACTACGAGCAGTACTTCGGGCCG"	FALSE	TRUE	NA	NA	NA	NA
"ACTGTGAGCAACATGAGCCCTGAAGACAGCAGCATATATCTCTGCAGCGTAGGGGGTGATAGCAATCAGCCCCAGCATTTTGGTGAT"	"CSVGGDSNQPQHF"	"ACTGTGAGCAACATGAGCCCTGAAGACAGCAGCATATATCTCTGCAGCGTAGGGGGTGATAGCAATCAGCCCCAGCATTTTGGTGAT"	"CSVGGDSNQPQHF"	"TCRBV29-1"	"TCRBD1-1*1"	"TCRBJ1-5*1"	-1	50	56	59	51	3	NA	NA	"ACTGTGAGCAACATGAGCCCTGAAGACAGCAGCATATATCTCTGCAGCGTAGGGGGTGATAGCAATCAGCCCCAGCATTTTGGTGAT"	FALSE	TRUE	NA	NA	NA	NA
"CAGTGCCCATCCTGAAGACAGCAGCTTCTACATCTGCAGTGCTAGTCGGTAGCGGGAGGTTACTCCTACGAGCAGTACTTCGGGCCG"	""	"CAGTGCCCATCCTGAAGACAGCAGCTTCTACATCTGCAGTGCTAGTCGGTAGCGGGAGGTTACTCCTACGAGCAGTACTTCGGGCCG"	""	"TCRBV2-1*4"	"TCRBD2-1*2"	"TCRBJ2-7*1"	46	49	59	62	3	3	NA	NA	"CAGTGCCCATCCTGAAGACAGCAGCTTCTACATCTGCAGTGCTAGTCGGTAGCGGGAGGTTACTCCTACGAGCAGTACTTCGGGCCG"	FALSE	FALSE	NA	NA	NA	NA
"GAGTCGCCCAGCCCCAACCAGACCTCTCTGTACTTCTGTGCCAGCACCCGCCTGAACGGGCCGAATGAAAAACTGTTTTTTGGCAGT"	"CASTRLNGPNEKLFF"	"GAGTCGCCCAGCCCCAACCAGACCTCTCTGTACTTCTGTGCCAGCACCCGCCTGAACGGGCCGAATGAAAAACTGTTTTTTGGCAGT"	"CASTRLNGPNEKLFF"	"TCRBV27-1*1"	NA	"TCRBJ1-4*1"	46	57	61	63	11	2	NA	NA	"GAGTCGCCCAGCCCCAACCAGACCTCTCTGTACTTCTGTGCCAGCACCCGCCTGAACGGGCCGAATGAAAAACTGTTTTTTGGCAGT"	FALSE	TRUE	NA	NA	NA	NA
"ACTCTGGAGTCAGCTACCAGCTCCCAGACATCTGTGTACTTCTGTGCCATCATGACAGGGGAAACAGATACGCAGTATTTTGGCCCA"	"CAIMTGETDTQYF"	"ACTCTGGAGTCAGCTACCAGCTCCCAGACATCTGTGTACTTCTGTGCCATCATGACAGGGGAAACAGATACGCAGTATTTTGGCCCA"	"CAIMTGETDTQYF"	"TCRBV1-3*1"	"TCRBD1-1*1"	"TCRBJ2-3*1"	52	53	61	63	1	2	NA	NA	"ACTCTGGAGTCAGCTACCAGCTCCCAGACATCTGTGTACTTCTGTGCCATCATGACAGGGGAAACAGATACGCAGTATTTTGGCCCA"	FALSE	TRUE	NA	NA	NA	NA
"GTGAACGCCTTGTTGCTGGGGGACTCGGCCCTGTATCTCTGTGCCAGCAGCTCGACTAGCGGCACCGGGGAGCTGTTTTTTGGAGAA"	"CASSSTSGTGELFF"	"GTGAACGCCTTGTTGCTGGGGGACTCGGCCCTGTATCTCTGTGCCAGCAGCTCGACTAGCGGCACCGGGGAGCTGTTTTTTGGAGAA"	"CASSSTSGTGELFF"	"TCRBV5-5*1"	"TCRBD2-1"	"TCRBJ2-2*1"	52	53	-1	62	1	63	NA	NA	"GTGAACGCCTTGTTGCTGGGGGACTCGGCCCTGTATCTCTGTGCCAGCAGCTCGACTAGCGGCACCGGGGAGCTGTTTTTTGGAGAA"	FALSE	TRUE	NA	NA	NA	NA
"CAGGTAGTGCGAGGAGATTCGGCAGCTTATTTCTGTGCCAGCTCACCAAGACTGGCAGGAGGTGGTGATACGCAGTATTTTGGCCCA"	"CASSPRLAGGGDTQYF"	"CAGGTAGTGCGAGGAGATTCGGCAGCTTATTTCTGTGCCAGCTCACCAAGACTGGCAGGAGGTGGTGATACGCAGTATTTTGGCCCA"	"CASSPRLAGGGDTQYF"	"TCRBV18-1*1"	"TCRBD2-1*2"	"TCRBJ2-3*1"	48	57	62	66	9	4	NA	NA	"CAGGTAGTGCGAGGAGATTCGGCAGCTTATTTCTGTGCCAGCTCACCAAGACTGGCAGGAGGTGGTGATACGCAGTATTTTGGCCCA"	FALSE	TRUE	NA	NA	NA	NA
"AACGCCTTGGAGCTGGACGACTCGGCCCTGTATCTCTGTGCCAGCAGCAACCGACAGGGAGGCACCGGGGAGCTGTTTTTTGGAGAA"	"CASSNRQGGTGELFF"	"AACGCCTTGGAGCTGGACGACTCGGCCCTGTATCTCTGTGCCAGCAGCAACCGACAGGGAGGCACCGGGGAGCTGTTTTTTGGAGAA"	"CASSNRQGGTGELFF"	"TCRBV5-4*1"	"TCRBD1-1*1"	"TCRBJ2-2*1"	48	52	59	62	4	3	NA	NA	"AACGCCTTGGAGCTGGACGACTCGGCCCTGTATCTCTGTGCCAGCAGCAACCGACAGGGAGGCACCGGGGAGCTGTTTTTTGGAGAA"	FALSE	TRUE	NA	NA	NA	NA
"ACTCTGACAGTGACCAGTGCCCATCCTGAAGACAGCAGCTTCTACATCTGCAGTGCTAGAGATTTTGGTGAGCAGTACTTCGGGCCG"	"CSARDFGEQYF"	"ACTCTGACAGTGACCAGTGCCCATCCTGAAGACAGCAGCTTCTACATCTGCAGTGCTAGAGATTTTGGTGAGCAGTACTTCGGGCCG"	"CSARDFGEQYF"	"TCRBV2-1*1"	NA	"TCRBJ2-7*1"	62	66	68	69	4	1	NA	NA	"ACTCTGACAGTGACCAGTGCCCATCCTGAAGACAGCAGCTTCTACATCTGCAGTGCTAGAGATTTTGGTGAGCAGTACTTCGGGCCG"	FALSE	TRUE	NA	NA	NA	NA
"CTCTGAAGGTGCAGCCTGCAGAACTGGAGGATTCTGGAGTTTATTTCTGTGCCAGCAGCCAATTCAGATACGCAGTATTTTGGCCCA"	""	"CTCTGAAGGTGCAGCCTGCAGAACTGGAGGATTCTGGAGTTTATTTCTGTGCCAGCAGCCAATTCAGATACGCAGTATTTTGGCCCA"	""	"TCRBV14-1*1"	NA	"TCRBJ2-3*1"	-1	-1	62	64	0	2	NA	NA	"CTCTGAAGGTGCAGCCTGCAGAACTGGAGGATTCTGGAGTTTATTTCTGTGCCAGCAGCCAATTCAGATACGCAGTATTTTGGCCCA"	FALSE	FALSE	NA	NA	NA	NA
"ACATCGGCCCAAAAGAACCCGACAGCTTTCTATCTCTGTGCCAGTAGTCACCAGGCCGGTGATAATTCACCCCTCCACTTTGGGAAT"	"CASSHQAGDNSPLHF"	"ACATCGGCCCAAAAGAACCCGACAGCTTTCTATCTCTGTGCCAGTAGTCACCAGGCCGGTGATAATTCACCCCTCCACTTTGGGAAT"	"CASSHQAGDNSPLHF"	"TCRBV19-1*1"	"TCRBD1-1*1"	"TCRBJ1-6*1"	48	51	55	61	3	6	NA	NA	"ACATCGGCCCAAAAGAACCCGACAGCTTTCTATCTCTGTGCCAGTAGTCACCAGGCCGGTGATAATTCACCCCTCCACTTTGGGAAT"	FALSE	TRUE	NA	NA	NA	NA
"CTGACAGTGACCAGTGCCCATCCTGAAGACAGCAGCTTCTACATCTGCAGTGCTAGAGATTTCAACCCTGAAGCTTTCTTTGGACAA"	"CSARDFNPEAFF"	"CTGACAGTGACCAGTGCCCATCCTGAAGACAGCAGCTTCTACATCTGCAGTGCTAGAGATTTCAACCCTGAAGCTTTCTTTGGACAA"	"CSARDFNPEAFF"	NA	NA	"TCRBJ1-1*1"	59	64	66	67	5	1	NA	NA	"CTGACAGTGACCAGTGCCCATCCTGAAGACAGCAGCTTCTACATCTGCAGTGCTAGAGATTTCAACCCTGAAGCTTTCTTTGGACAA"	FALSE	TRUE	NA	NA	NA	NA
"NNNNTGAAGATCCAGCCCTCAGAACCCAGGGACTCAGCTGTGTACTTCTGTGCCAGCAGTTTGGGCAATGAGCAGTTCTTCGGGCCA"	"CASSLGNEQFF"	"NNNNTGAAGATCCAGCCCTCAGAACCCAGGGACTCAGCTGTGTACTTCTGTGCCAGCAGTTTGGGCAATGAGCAGTTCTTCGGGCCA"	"CASSLGNEQFF"	"TCRBV12-3/12-4*1"	NA	"TCRBJ2-1*1"	-1	62	-1	65	63	66	NA	NA	"NNNNTGAAGATCCAGCCCTCAGAACCCAGGGACTCAGCTGTGTACTTCTGTGCCAGCAGTTTGGGCAATGAGCAGTTCTTCGGGCCA"	FALSE	TRUE	NA	NA	NA	NA
"ACTCCACTCTCAAGATCCAGCCTGCAAAGCTTGAGGACTCGGCCGTGTATCTCTGTGCCAGCAGCTTAGGGGTCCCAGGGAGGTTCG"	""	"ACTCCACTCTCAAGATCCAGCCTGCAAAGCTTGAGGACTCGGCCGTGTATCTCTGTGCCAGCAGCTTAGGGGTCCCAGGGAGGTTCG"	""	"TCRBV11-2*1"	"TCRBD1-1*1"	"TCRBJ1-2*1"	69	75	80	81	6	1	NA	NA	"ACTCCACTCTCAAGATCCAGCCTGCAAAGCTTGAGGACTCGGCCGTGTATCTCTGTGCCAGCAGCTTAGGGGTCCCAGGGAGGTTCG"	FALSE	FALSE	NA	NA	NA	NA
"AAGATCCAGCCTGCAGAGCTTGGGGACTCGGCCGTGTATCTCTGTGCCAGCAGCTTCGGACTAGCTGATACGCAGTATTTTGGCCCA"	"CASSFGLADTQYF"	"AAGATCCAGCCTGCAGAGCTTGGGGACTCGGCCGTGTATCTCTGTGCCAGCAGCTTCGGACTAGCTGATACGCAGTATTTTGGCCCA"	"CASSFGLADTQYF"	"TCRBV11-3*1"	"TCRBD2-1"	"TCRBJ2-3*1"	56	57	65	66	1	1	NA	NA	"AAGATCCAGCCTGCAGAGCTTGGGGACTCGGCCGTGTATCTCTGTGCCAGCAGCTTCGGACTAGCTGATACGCAGTATTTTGGCCCA"	FALSE	TRUE	NA	NA	NA	NA
"GGAGTCTGCTGCCTCCTCCCAGACATCTGTATATTTCTGCGCCAGCAGTCTTAGCGGGAGGGTTACAATGAGCAGTTCTTCGGGCCA"	""	"GGAGTCTGCTGCCTCCTCCCAGACATCTGTATATTTCTGCGCCAGCAGTCTTAGCGGGAGGGTTACAATGAGCAGTTCTTCGGGCCA"	""	"TCRBV1-1*1"	"TCRBD2-1*2"	"TCRBJ2-1*1"	49	51	62	63	2	1	NA	NA	"GGAGTCTGCTGCCTCCTCCCAGACATCTGTATATTTCTGCGCCAGCAGTCTTAGCGGGAGGGTTACAATGAGCAGTTCTTCGGGCCA"	FALSE	FALSE	NA	NA	NA	NA
"CTGGAGTCTGCCAGGCCCTCACATACCTCTCAGTACCTCTGTGCCAGCAGTGTGCGCGCTAGCACAGATACGCAGTATTTTGGCCCA"	"CASSVRASTDTQYF"	"CTGGAGTCTGCCAGGCCCTCACATACCTCTCAGTACCTCTGTGCCAGCAGTGTGCGCGCTAGCACAGATACGCAGTATTTTGGCCCA"	"CASSVRASTDTQYF"	"TCRBV25-1*1"	"TCRBD2-1"	"TCRBJ2-3*1"	52	53	56	60	1	4	NA	NA	"CTGGAGTCTGCCAGGCCCTCACATACCTCTCAGTACCTCTGTGCCAGCAGTGTGCGCGCTAGCACAGATACGCAGTATTTTGGCCCA"	FALSE	TRUE	NA	NA	NA	NA
"NTGTCGGCTGCTCCCTCCCAAACATCTGTGTACTTCTGTGCCAGCAGTTATTAGGACAGGGCCTACAATGAGCAGTTCTTCGGGCCA"	"CASSY*DRAYNEQFF"	"NTGTCGGCTGCTCCCTCCCAAACATCTGTGTACTTCTGTGCCAGCAGTTATTAGGACAGGGCCTACAATGAGCAGTTCTTCGGGCCA"	"CASSY*DRAYNEQFF"	"TCRBV6-2/6-3*1"	"TCRBD1-1*1"	"TCRBJ2-1*1"	50	53	-1	61	3	62	NA	NA	"NTGTCGGCTGCTCCCTCCCAAACATCTGTGTACTTCTGTGCCAGCAGTTATTAGGACAGGGCCTACAATGAGCAGTTCTTCGGGCCA"	FALSE	TRUE	NA	NA	NA	NA
"NNNNNNNTGTCGGCTGCTCCCTCCCAGACATCTGTGTACTTCTGTGCCAGCAGGGACAGTCCGAATGAAAAACTGTTTTTTGGCAGT"	"CASRDSPNEKLFF"	"NNNNNNNTGTCGGCTGCTCCCTCCCAGACATCTGTGTACTTCTGTGCCAGCAGGGACAGTCCGAATGAAAAACTGTTTTTTGGCAGT"	"CASRDSPNEKLFF"	"TCRBV6-5*1"	"TCRBD1-1*1"	"TCRBJ1-4*1"	-1	53	59	63	54	4	NA	NA	"NNNNNNNTGTCGGCTGCTCCCTCCCAGACATCTGTGTACTTCTGTGCCAGCAGGGACAGTCCGAATGAAAAACTGTTTTTTGGCAGT"	FALSE	TRUE	NA	NA	NA	NA
"ACGATTCAGCGCACAGAGCAGGAGGACTCCGCCGTGTATCTCTGTGCCAGCAGCTTAGTACAATACAATGAGCAGTTCTTCGGGCCA"	"CASSLVQYNEQFF"	"ACGATTCAGCGCACAGAGCAGGAGGACTCCGCCGTGTATCTCTGTGCCAGCAGCTTAGTACAATACAATGAGCAGTTCTTCGGGCCA"	"CASSLVQYNEQFF"	"TCRBV7-8*1"	"TCRBD1-1*1"	"TCRBJ2-1*1"	58	59	62	63	1	1	NA	NA	"ACGATTCAGCGCACAGAGCAGGAGGACTCCGCCGTGTATCTCTGTGCCAGCAGCTTAGTACAATACAATGAGCAGTTCTTCGGGCCA"	FALSE	TRUE	NA	NA	NA	NA
"GTGAGCACCTTGGAGCTGGGGGACTCGGCCCTTTATCTTTGCGCCAGCAGCTTGATAGCGCATACCTACGAGCAGTACTTCGGGCCG"	"CASSLIAHTYEQYF"	"GTGAGCACCTTGGAGCTGGGGGACTCGGCCCTTTATCTTTGCGCCAGCAGCTTGATAGCGCATACCTACGAGCAGTACTTCGGGCCG"	"CASSLIAHTYEQYF"	"TCRBV5-1*1"	"TCRBD2-1"	"TCRBJ2-7*1"	54	55	60	64	1	4	NA	NA	"GTGAGCACCTTGGAGCTGGGGGACTCGGCCCTTTATCTTTGCGCCAGCAGCTTGATAGCGCATACCTACGAGCAGTACTTCGGGCCG"	FALSE	TRUE	NA	NA	NA	NA
"CAACCAGACCTCTCTGTACTTCTGTGCCAGCAGTCCCCGACAAATCACAGGGGGCTGCTGGCTAACTATGGCTACACCTTCGGTTCG"	""	"CAACCAGACCTCTCTGTACTTCTGTGCCAGCAGTCCCCGACAAATCACAGGGGGCTGCTGGCTAACTATGGCTACACCTTCGGTTCG"	""	"TCRBV27-1*1"	"TCRBD1-1*1"	"TCRBJ1-2*1"	34	46	55	61	12	6	NA	NA	"CAACCAGACCTCTCTGTACTTCTGTGCCAGCAGTCCCCGACAAATCACAGGGGGCTGCTGGCTAACTATGGCTACACCTTCGGTTCG"	FALSE	FALSE	NA	NA	NA	NA
"CTGAATGTGAACGCCTTGGAGCTGGACGACTCGGCCCTGTATCTCTGTGCCAGCAGCTTGGAAGGGGCGGGCTACACCTTCGGTTCG"	"CASSLEGAGYTF"	"CTGAATGTGAACGCCTTGGAGCTGGACGACTCGGCCCTGTATCTCTGTGCCAGCAGCTTGGAAGGGGCGGGCTACACCTTCGGTTCG"	"CASSLEGAGYTF"	"TCRBV5-4*1"	"TCRBD1-1*1"	"TCRBJ1-2*1"	61	62	67	69	1	2	NA	NA	"CTGAATGTGAACGCCTTGGAGCTGGACGACTCGGCCCTGTATCTCTGTGCCAGCAGCTTGGAAGGGGCGGGCTACACCTTCGGTTCG"	FALSE	TRUE	NA	NA	NA	NA
"GTGAACGCCTTGGAGCTGGACGACTCGGCCCTGTATCTCTGTGCCAGCAGCTTGTCCTCTGTCACGGACGTAATATATTTTGGAGAG"	"CASSLSSVTDVIYF"	"GTGAACGCCTTGGAGCTGGACGACTCGGCCCTGTATCTCTGTGCCAGCAGCTTGTCCTCTGTCACGGACGTAATATATTTTGGAGAG"	"CASSLSSVTDVIYF"	"TCRBV5-4*1"	NA	"TCRBJ1-3*1"	54	65	69	72	11	3	NA	NA	"GTGAACGCCTTGGAGCTGGACGACTCGGCCCTGTATCTCTGTGCCAGCAGCTTGTCCTCTGTCACGGACGTAATATATTTTGGAGAG"	FALSE	TRUE	NA	NA	NA	NA
"ACAGTGACCAGTGCCCATCCTGAAGACAGCAGCTTCTACATCTGCAGTGCTAGAGAACCCAGCACAGATACGCAGTATTTTGGCCCA"	"CSAREPSTDTQYF"	"ACAGTGACCAGTGCCCATCCTGAAGACAGCAGCTTCTACATCTGCAGTGCTAGAGAACCCAGCACAGATACGCAGTATTTTGGCCCA"	"CSAREPSTDTQYF"	NA	NA	"TCRBJ2-3*1"	-1	56	58	60	57	2	NA	NA	"ACAGTGACCAGTGCCCATCCTGAAGACAGCAGCTTCTACATCTGCAGTGCTAGAGAACCCAGCACAGATACGCAGTATTTTGGCCCA"	FALSE	TRUE	NA	NA	NA	NA
"AAGCTCCTTCTCAGTGACTCTGGCTTCTATCTCTGTGCCTGGAGTGGGGGGGATCCACTTAACACCGGGGAGCTGTTTTTTGGAGAA"	"CAWSGGDPLNTGELFF"	"AAGCTCCTTCTCAGTGACTCTGGCTTCTATCTCTGTGCCTGGAGTGGGGGGGATCCACTTAACACCGGGGAGCTGTTTTTTGGAGAA"	"CAWSGGDPLNTGELFF"	"TCRBV3-1*1"	"TCRBD2-1*1"	"TCRBJ2-2*1"	-1	46	52	60	47	8	NA	NA	"AAGCTCCTTCTCAGTGACTCTGGCTTCTATCTCTGTGCCTGGAGTGGGGGGGATCCACTTAACACCGGGGAGCTGTTTTTTGGAGAA"	FALSE	TRUE	NA	NA	NA	NA
"AGTGCCCATCCTGAAGACAGCAGCTTCTACATCTGCAGTGCCCGTCCCCGGCTGGCAGGAAGAACGTACGAGCAGTACTTCGGGCCG"	"CSARPRLAGRTYEQYF"	"AGTGCCCATCCTGAAGACAGCAGCTTCTACATCTGCAGTGCCCGTCCCCGGCTGGCAGGAAGAACGTACGAGCAGTACTTCGGGCCG"	"CSARPRLAGRTYEQYF"	NA	"TCRBD1-1*1"	"TCRBJ2-7*1"	41	55	59	66	14	7	NA	NA	"AGTGCCCATCCTGAAGACAGCAGCTTCTACATCTGCAGTGCCCGTCCCCGGCTGGCAGGAAGAACGTACGAGCAGTACTTCGGGCCG"	FALSE	TRUE	NA	NA	NA	NA
"CACGCCCTGCAGCCAGAAGACTCAGCCCTGTATCTCTGCGCCAGCAGCCAAGGTTCCTTGGGCGGCAATGAGCAGTTCTTCGGGCCA"	"CASSQGSLGGNEQFF"	"CACGCCCTGCAGCCAGAAGACTCAGCCCTGTATCTCTGCGCCAGCAGCCAAGGTTCCTTGGGCGGCAATGAGCAGTTCTTCGGGCCA"	"CASSQGSLGGNEQFF"	"TCRBV4-1*1"	NA	"TCRBJ2-1*1"	52	59	63	65	7	2	NA	NA	"CACGCCCTGCAGCCAGAAGACTCAGCCCTGTATCTCTGCGCCAGCAGCCAAGGTTCCTTGGGCGGCAATGAGCAGTTCTTCGGGCCA"	FALSE	TRUE	NA	NA	NA	NA
"TCCACGGAGTCAGGGGACACAGCACTGTATTTCTGTGCCAGCAGCACCCGGGACTAGCGGATGGAAGAGACCCAGTACTTCGGGCCA"	"CASSTRD*RMEETQYF"	"TCCACGGAGTCAGGGGACACAGCACTGTATTTCTGTGCCAGCAGCACCCGGGACTAGCGGATGGAAGAGACCCAGTACTTCGGGCCA"	"CASSTRD*RMEETQYF"	"TCRBV21-1*1"	"TCRBD2-1"	"TCRBJ2-5*1"	46	49	60	64	3	4	NA	NA	"TCCACGGAGTCAGGGGACACAGCACTGTATTTCTGTGCCAGCAGCACCCGGGACTAGCGGATGGAAGAGACCCAGTACTTCGGGCCA"	FALSE	TRUE	NA	NA	NA	NA
"ACAGAGCAGGGGGACTCGGCCATGTATCTCTGTGCCAGCAGCAGAACTGAGGGACTAGCGGGCAACAATGAGCAGTTCTTCGGGCCA"	"CASSRTEGLAGNNEQFF"	"ACAGAGCAGGGGGACTCGGCCATGTATCTCTGTGCCAGCAGCAGAACTGAGGGACTAGCGGGCAACAATGAGCAGTTCTTCGGGCCA"	"CASSRTEGLAGNNEQFF"	"TCRBV7-9*1"	"TCRBD2-1"	"TCRBJ2-1*1"	42	50	62	64	8	2	NA	NA	"ACAGAGCAGGGGGACTCGGCCATGTATCTCTGTGCCAGCAGCAGAACTGAGGGACTAGCGGGCAACAATGAGCAGTTCTTCGGGCCA"	FALSE	TRUE	NA	NA	NA	NA
"CAAAAGAACCCGACAGCTTTCTATCTCTGTGCCAGTAGTATAGTATCACAGGTTGGCGGGACTAGCGGGAGGGAGTACTTCGGGCCG"	"CASSIVSQVGGTSGREYF"	"CAAAAGAACCCGACAGCTTTCTATCTCTGTGCCAGTAGTATAGTATCACAGGTTGGCGGGACTAGCGGGAGGGAGTACTTCGGGCCG"	"CASSIVSQVGGTSGREYF"	"TCRBV19-1*1"	"TCRBD2-1*2"	"TCRBJ2-7*1"	43	57	-1	73	14	74	NA	NA	"CAAAAGAACCCGACAGCTTTCTATCTCTGTGCCAGTAGTATAGTATCACAGGTTGGCGGGACTAGCGGGAGGGAGTACTTCGGGCCG"	FALSE	TRUE	NA	NA	NA	NA
"CTGAGCTCTCTGGAGCTGGGGGACTCAGCTTTGTATTTCTGTGCCAGCAGCGAGCGGTCGACCACCGGGGAGCTGTTTTTTGGAGAA"	"CASSERSTTGELFF"	"CTGAGCTCTCTGGAGCTGGGGGACTCAGCTTTGTATTTCTGTGCCAGCAGCGAGCGGTCGACCACCGGGGAGCTGTTTTTTGGAGAA"	"CASSERSTTGELFF"	"TCRBV9-1*1"	"TCRBD2-1"	"TCRBJ2-2*1"	-1	52	57	62	53	5	NA	NA	"CTGAGCTCTCTGGAGCTGGGGGACTCAGCTTTGTATTTCTGTGCCAGCAGCGAGCGGTCGACCACCGGGGAGCTGTTTTTTGGAGAA"	FALSE	TRUE	NA	NA	NA	NA
"CGCACAGAGCAGGAGGACTCGGCCGTGTATCTCTGTGCCAGCAGCTTAGAGGGGACTAGTTGGTACAATGAGCAGTTCTTCGGGCCA"	"CASSLEGTSWYNEQFF"	"CGCACAGAGCAGGAGGACTCGGCCGTGTATCTCTGTGCCAGCAGCTTAGAGGGGACTAGTTGGTACAATGAGCAGTTCTTCGGGCCA"	"CASSLEGTSWYNEQFF"	"TCRBV7-2"	"TCRBD2-1"	"TCRBJ2-1*1"	49	51	59	63	2	4	NA	NA	"CGCACAGAGCAGGAGGACTCGGCCGTGTATCTCTGTGCCAGCAGCTTAGAGGGGACTAGTTGGTACAATGAGCAGTTCTTCGGGCCA"	FALSE	TRUE	NA	NA	NA	NA
"ATCCAGCCTGCAGAGCTTGGGGACTCGGCCGTGTATCTCTGTGCCAGCAGCTCAAGGGACTTAGTTAATGAGCAGTTCTTCGGGCCA"	"CASSSRDLVNEQFF"	"ATCCAGCCTGCAGAGCTTGGGGACTCGGCCGTGTATCTCTGTGCCAGCAGCTCAAGGGACTTAGTTAATGAGCAGTTCTTCGGGCCA"	"CASSSRDLVNEQFF"	"TCRBV11-3*1"	"TCRBD2-1"	"TCRBJ2-1*1"	52	55	61	66	3	5	NA	NA	"ATCCAGCCTGCAGAGCTTGGGGACTCGGCCGTGTATCTCTGTGCCAGCAGCTCAAGGGACTTAGTTAATGAGCAGTTCTTCGGGCCA"	FALSE	TRUE	NA	NA	NA	NA
"ATCCAGCCCTCAGAACCCAGGGACTCAGCTGTGTACTTCTGTGCCAGCACCAGACTCAGGGAAATTCCTGAAGCTTTCTTTGGACAA"	"CASTRLREIPEAFF"	"ATCCAGCCCTCAGAACCCAGGGACTCAGCTGTGTACTTCTGTGCCAGCACCAGACTCAGGGAAATTCCTGAAGCTTTCTTTGGACAA"	"CASTRLREIPEAFF"	NA	"TCRBD1-1*1"	"TCRBJ1-1*1"	49	56	61	67	7	6	NA	NA	"ATCCAGCCCTCAGAACCCAGGGACTCAGCTGTGTACTTCTGTGCCAGCACCAGACTCAGGGAAATTCCTGAAGCTTTCTTTGGACAA"	FALSE	TRUE	NA	NA	NA	NA
"CAGCGCACAGAGCAGGGGGACTCGGCCATGTATCTCTGTGCCAGCAGCTTCGCTCCCACAGGGGACTATGGCTACACCTTCGGTTCG"	"CASSFAPTGDYGYTF"	"CAGCGCACAGAGCAGGGGGACTCGGCCATGTATCTCTGTGCCAGCAGCTTCGCTCCCACAGGGGACTATGGCTACACCTTCGGTTCG"	"CASSFAPTGDYGYTF"	"TCRBV7-9*1"	"TCRBD1-1*1"	"TCRBJ1-2*1"	50	57	-1	64	7	65	NA	NA	"CAGCGCACAGAGCAGGGGGACTCGGCCATGTATCTCTGTGCCAGCAGCTTCGCTCCCACAGGGGACTATGGCTACACCTTCGGTTCG"	FALSE	TRUE	NA	NA	NA	NA
"ACATCGGCCCAAAAGAACCCGACAGCTTTCTATCTCTGTGCCAGTAGTGCCTACGGGCCCAACGAAGAGACCCAGTACTTCGGGCCA"	"CASSAYGPNEETQYF"	"ACATCGGCCCAAAAGAACCCGACAGCTTTCTATCTCTGTGCCAGTAGTGCCTACGGGCCCAACGAAGAGACCCAGTACTTCGGGCCA"	"CASSAYGPNEETQYF"	"TCRBV19-1*1"	NA	"TCRBJ2-5*1"	48	54	58	64	6	6	NA	NA	"ACATCGGCCCAAAAGAACCCGACAGCTTTCTATCTCTGTGCCAGTAGTGCCTACGGGCCCAACGAAGAGACCCAGTACTTCGGGCCA"	FALSE	TRUE	NA	NA	NA	NA
"AAGCTTGAGGACTCGGCCGTGTATCTCTGTGCCAGCAGCTCCGGACTAGCGAGGGGTTCGGGCACCGGGGAGCTGTTTTTTGGAGAA"	"CASSSGLARGSGTGELFF"	"AAGCTTGAGGACTCGGCCGTGTATCTCTGTGCCAGCAGCTCCGGACTAGCGAGGGGTTCGGGCACCGGGGAGCTGTTTTTTGGAGAA"	"CASSSGLARGSGTGELFF"	"TCRBV11-2"	"TCRBD2-1"	"TCRBJ2-2*1"	40	42	51	62	2	11	NA	NA	"AAGCTTGAGGACTCGGCCGTGTATCTCTGTGCCAGCAGCTCCGGACTAGCGAGGGGTTCGGGCACCGGGGAGCTGTTTTTTGGAGAA"	FALSE	TRUE	NA	NA	NA	NA
"AGTTCTAAGAAGCTCCTTCTCAGTGACTCTGGCTTCTATCTCTGTGCCTGGAGTGGAAACCAGGGTGGCGAGCAGTACTTCGGGCCG"	"CAWSGNQGGEQYF"	"AGTTCTAAGAAGCTCCTTCTCAGTGACTCTGGCTTCTATCTCTGTGCCTGGAGTGGAAACCAGGGTGGCGAGCAGTACTTCGGGCCG"	"CAWSGNQGGEQYF"	"TCRBV3-1*1"	"TCRBD1-1*1"	"TCRBJ2-7*1"	55	60	65	68	5	3	NA	NA	"AGTTCTAAGAAGCTCCTTCTCAGTGACTCTGGCTTCTATCTCTGTGCCTGGAGTGGAAACCAGGGTGGCGAGCAGTACTTCGGGCCG"	FALSE	TRUE	NA	NA	NA	NA
"TTGGAGCTGGAGGACTCGGCCCTGTATCTCTGTGCCAGCAGCTTGGGCGCCAGGGTAGGAGGCAATGAAAAACTGTTTTTTGGCAGT"	"CASSLGARVGGNEKLFF"	"TTGGAGCTGGAGGACTCGGCCCTGTATCTCTGTGCCAGCAGCTTGGGCGCCAGGGTAGGAGGCAATGAAAAACTGTTTTTTGGCAGT"	"CASSLGARVGGNEKLFF"	"TCRBV5-8*1"	NA	"TCRBJ1-4*1"	46	50	55	63	4	8	NA	NA	"TTGGAGCTGGAGGACTCGGCCCTGTATCTCTGTGCCAGCAGCTTGGGCGCCAGGGTAGGAGGCAATGAAAAACTGTTTTTTGGCAGT"	FALSE	TRUE	NA	NA	NA	NA
"TCCGCCAGCACCAACCAGACATCTATGTACCTCTGTGCCAGCAGTTTCCATCTAGCGGTCCTCTCCTACGAGCAGTACTTCGGGCCG"	"CASSFHLAVLSYEQYF"	"TCCGCCAGCACCAACCAGACATCTATGTACCTCTGTGCCAGCAGTTTCCATCTAGCGGTCCTCTCCTACGAGCAGTACTTCGGGCCG"	"CASSFHLAVLSYEQYF"	"TCRBV28-1*1"	"TCRBD2-1"	"TCRBJ2-7*1"	47	51	58	62	4	4	NA	NA	"TCCGCCAGCACCAACCAGACATCTATGTACCTCTGTGCCAGCAGTTTCCATCTAGCGGTCCTCTCCTACGAGCAGTACTTCGGGCCG"	FALSE	TRUE	NA	NA	NA	NA
"CTGGAGTCGCCCAGCCCCAACCAGACCTCTCTGTACTTCTGTGCCAGCCTCCCAGACAGGGGAAAGGATGGCTACACCTTCGGTTCG"	"CASLPDRGKDGYTF"	"CTGGAGTCGCCCAGCCCCAACCAGACCTCTCTGTACTTCTGTGCCAGCCTCCCAGACAGGGGAAAGGATGGCTACACCTTCGGTTCG"	"CASLPDRGKDGYTF"	"TCRBV27-1*1"	"TCRBD1-1*1"	"TCRBJ1-2*1"	48	54	62	67	6	5	NA	NA	"CTGGAGTCGCCCAGCCCCAACCAGACCTCTCTGTACTTCTGTGCCAGCCTCCCAGACAGGGGAAAGGATGGCTACACCTTCGGTTCG"	FALSE	TRUE	NA	NA	NA	NA
"ATCCAGTCCACGGAGTCAGGGGACACAGCACTGTATTTCTGTGCCAGCAGCAAGGGGCAGCCCCATTCACCCCTCCACTTTGGGAAT"	"CASSKGQPHSPLHF"	"ATCCAGTCCACGGAGTCAGGGGACACAGCACTGTATTTCTGTGCCAGCAGCAAGGGGCAGCCCCATTCACCCCTCCACTTTGGGAAT"	"CASSKGQPHSPLHF"	"TCRBV21-1*1"	"TCRBD1-1*1"	"TCRBJ1-6*1"	-1	53	58	64	54	6	NA	NA	"ATCCAGTCCACGGAGTCAGGGGACACAGCACTGTATTTCTGTGCCAGCAGCAAGGGGCAGCCCCATTCACCCCTCCACTTTGGGAAT"	FALSE	TRUE	NA	NA	NA	NA
"CCAGCCCTCAGAACCCAGGGACTCAGCTGTGTACTTCTGTGCCAGCAGTTTATAAAGGGACCTCCGAATGAGCAGTTCTTCGGGCCA"	""	"CCAGCCCTCAGAACCCAGGGACTCAGCTGTGTACTTCTGTGCCAGCAGTTTATAAAGGGACCTCCGAATGAGCAGTTCTTCGGGCCA"	""	NA	NA	"TCRBJ2-1*1"	52	56	61	66	4	5	NA	NA	"CCAGCCCTCAGAACCCAGGGACTCAGCTGTGTACTTCTGTGCCAGCAGTTTATAAAGGGACCTCCGAATGAGCAGTTCTTCGGGCCA"	FALSE	FALSE	NA	NA	NA	NA
"ACACAGCAGGAGGACTCCGCCGTGTATCTCTGTGCCAGCAGCTTAAAAAACGGGAGAGGGGCCTACAATGAGCAGTTCTTCGGGCCA"	"CASSLKNGRGAYNEQFF"	"ACACAGCAGGAGGACTCCGCCGTGTATCTCTGTGCCAGCAGCTTAAAAAACGGGAGAGGGGCCTACAATGAGCAGTTCTTCGGGCCA"	"CASSLKNGRGAYNEQFF"	"TCRBV7-8*1"	"TCRBD2-1*2"	"TCRBJ2-1*1"	45	50	56	61	5	5	NA	NA	"ACACAGCAGGAGGACTCCGCCGTGTATCTCTGTGCCAGCAGCTTAAAAAACGGGAGAGGGGCCTACAATGAGCAGTTCTTCGGGCCA"	FALSE	TRUE	NA	NA	NA	NA
"GTGAGCAACATGAGCCCTGAAGACAGCAGCATATATCTCTGCAGCGTGAAGGATCGACAGGGTGGTACTGAAGCTTTCTTTGGACAA"	"CSVKDRQGGTEAFF"	"GTGAGCAACATGAGCCCTGAAGACAGCAGCATATATCTCTGCAGCGTGAAGGATCGACAGGGTGGTACTGAAGCTTTCTTTGGACAA"	"CSVKDRQGGTEAFF"	"TCRBV29-1"	"TCRBD1-1*1"	"TCRBJ1-1*1"	47	55	62	66	8	4	NA	NA	"GTGAGCAACATGAGCCCTGAAGACAGCAGCATATATCTCTGCAGCGTGAAGGATCGACAGGGTGGTACTGAAGCTTTCTTTGGACAA"	FALSE	TRUE	NA	NA	NA	NA
"NNTGAAGATCCAGCCCTCAGAACCCAGGGACTCAGCTGTGTATTTTTGTGCTAGTGGGGGGGCCCCTACGAGCAGTACTTCGGGCCG"	""	"NNTGAAGATCCAGCCCTCAGAACCCAGGGACTCAGCTGTGTATTTTTGTGCTAGTGGGGGGGCCCCTACGAGCAGTACTTCGGGCCG"	""	"TCRBV12-5*1"	"TCRBD1-1*1"	"TCRBJ2-7*1"	-1	57	63	64	58	1	NA	NA	"NNTGAAGATCCAGCCCTCAGAACCCAGGGACTCAGCTGTGTATTTTTGTGCTAGTGGGGGGGCCCCTACGAGCAGTACTTCGGGCCG"	FALSE	FALSE	NA	NA	NA	NA
"CACACCCTGCAGCCAGAAGACTCGGCCCTGTATCTCTGTGCCAGCAGCCAACGCTCTACTAGTCCCGATGAGCAGTTCTTCGGGCCA"	"CASSQRSTSPDEQFF"	"CACACCCTGCAGCCAGAAGACTCGGCCCTGTATCTCTGTGCCAGCAGCCAACGCTCTACTAGTCCCGATGAGCAGTTCTTCGGGCCA"	"CASSQRSTSPDEQFF"	"TCRBV4-2*1"	"TCRBD2-1"	"TCRBJ2-1*1"	51	57	62	67	6	5	NA	NA	"CACACCCTGCAGCCAGAAGACTCGGCCCTGTATCTCTGTGCCAGCAGCCAACGCTCTACTAGTCCCGATGAGCAGTTCTTCGGGCCA"	FALSE	TRUE	NA	NA	NA	NA
"CAGCGCACAGAGCAGGAGGACTCGGCCGTGTATCTCTGTGCCAGCAGCTTAGACAGGGCCGGCAATCAGCCCCAGCATTTTGGTGAT"	"CASSLDRAGNQPQHF"	"CAGCGCACAGAGCAGGAGGACTCGGCCGTGTATCTCTGTGCCAGCAGCTTAGACAGGGCCGGCAATCAGCCCCAGCATTTTGGTGAT"	"CASSLDRAGNQPQHF"	"TCRBV7-2"	"TCRBD1-1*1"	"TCRBJ1-5*1"	-1	52	58	61	53	3	NA	NA	"CAGCGCACAGAGCAGGAGGACTCGGCCGTGTATCTCTGTGCCAGCAGCTTAGACAGGGCCGGCAATCAGCCCCAGCATTTTGGTGAT"	FALSE	TRUE	NA	NA	NA	NA
"ATCCAGCAGGTAGTGCGAGGAGATTCGGCAGCTTATTTCTGTGCCAGCTCACGGCCGGAGGGGGCGGCAGGCTACACCTTCGGTTCG"	"CASSRPEGAAGYTF"	"ATCCAGCAGGTAGTGCGAGGAGATTCGGCAGCTTATTTCTGTGCCAGCTCACGGCCGGAGGGGGCGGCAGGCTACACCTTCGGTTCG"	"CASSRPEGAAGYTF"	"TCRBV18-1*1"	"TCRBD1-1*1"	"TCRBJ1-2*1"	52	58	65	69	6	4	NA	NA	"ATCCAGCAGGTAGTGCGAGGAGATTCGGCAGCTTATTTCTGTGCCAGCTCACGGCCGGAGGGGGCGGCAGGCTACACCTTCGGTTCG"	FALSE	TRUE	NA	NA	NA	NA
"CAGAGCTTGGGGACTCGGCCGTGTATCTCTGTGCCAGCAGCTTAGATTGGCGGGACCATCGAGGGGGAGACCCAGTACTTCGGGCCA"	""	"CAGAGCTTGGGGACTCGGCCGTGTATCTCTGTGCCAGCAGCTTAGATTGGCGGGACCATCGAGGGGGAGACCCAGTACTTCGGGCCA"	""	"TCRBV11-3*1"	"TCRBD2-1*2"	"TCRBJ2-5*1"	46	49	55	66	3	11	NA	NA	"CAGAGCTTGGGGACTCGGCCGTGTATCTCTGTGCCAGCAGCTTAGATTGGCGGGACCATCGAGGGGGAGACCCAGTACTTCGGGCCA"	FALSE	FALSE	NA	NA	NA	NA
"ACAGTGACCAGTGCCCATCCTGAAGACAGCAGCTTCTACATCTGCAGTGCTACCAGCGGGAGGGCCTCCGAGCAGTACTTCGGGCCG"	"CSATSGRASEQYF"	"ACAGTGACCAGTGCCCATCCTGAAGACAGCAGCTTCTACATCTGCAGTGCTACCAGCGGGAGGGCCTCCGAGCAGTACTTCGGGCCG"	"CSATSGRASEQYF"	NA	"TCRBD2-1*2"	"TCRBJ2-7*1"	52	54	64	68	2	4	NA	NA	"ACAGTGACCAGTGCCCATCCTGAAGACAGCAGCTTCTACATCTGCAGTGCTACCAGCGGGAGGGCCTCCGAGCAGTACTTCGGGCCG"	FALSE	TRUE	NA	NA	NA	NA
"ATCCAGCCCTCAGAACCCAGGGACTCAGCTGTGTATTTTTGTGCTAGTTGCGGGACAGCCTCCTACAATGAGCAGTTCTTCGGGCCA"	"CASCGTASYNEQFF"	"ATCCAGCCCTCAGAACCCAGGGACTCAGCTGTGTATTTTTGTGCTAGTTGCGGGACAGCCTCCTACAATGAGCAGTTCTTCGGGCCA"	"CASCGTASYNEQFF"	"TCRBV12-5*1"	"TCRBD1-1*1"	"TCRBJ2-1*1"	48	51	58	59	3	1	NA	NA	"ATCCAGCCCTCAGAACCCAGGGACTCAGCTGTGTATTTTTGTGCTAGTTGCGGGACAGCCTCCTACAATGAGCAGTTCTTCGGGCCA"	FALSE	TRUE	NA	NA	NA	NA
"ATCAATTCCCTGGAGCTTGGTGACTCTGCTGTGTATTTCTGTGCCAGCAGCCGTGGAGAAGGGGACCACGAGCAGTACTTCGGGCCG"	"CASSRGEGDHEQYF"	"ATCAATTCCCTGGAGCTTGGTGACTCTGCTGTGTATTTCTGTGCCAGCAGCCGTGGAGAAGGGGACCACGAGCAGTACTTCGGGCCG"	"CASSRGEGDHEQYF"	"TCRBV3-1/3-2*1"	NA	"TCRBJ2-7*1"	52	61	66	67	9	1	NA	NA	"ATCAATTCCCTGGAGCTTGGTGACTCTGCTGTGTATTTCTGTGCCAGCAGCCGTGGAGAAGGGGACCACGAGCAGTACTTCGGGCCG"	FALSE	TRUE	NA	NA	NA	NA
"AGCACCTTGGAGCTGGGGGACTCGGCCCTTTATCTTTGCGCCAGCAGCCTGGGACGGGTCTCTGGAAACACCATATATTTTGGAGAG"	"CASSLGRVSGNTIYF"	"AGCACCTTGGAGCTGGGGGACTCGGCCCTTTATCTTTGCGCCAGCAGCCTGGGACGGGTCTCTGGAAACACCATATATTTTGGAGAG"	"CASSLGRVSGNTIYF"	"TCRBV5-1*1"	"TCRBD2-1"	"TCRBJ1-3*1"	52	54	58	59	2	1	NA	NA	"AGCACCTTGGAGCTGGGGGACTCGGCCCTTTATCTTTGCGCCAGCAGCCTGGGACGGGTCTCTGGAAACACCATATATTTTGGAGAG"	FALSE	TRUE	NA	NA	NA	NA
"AAGATCCAGCGCACACAGCAGGAGGACTCGGCCGTGTATCTCTGTGCCAGCAGCCCTTCTTCCAATCAGCCCCAGCATTTTGGTGAT"	"CASSPSSNQPQHF"	"AAGATCCAGCGCACACAGCAGGAGGACTCGGCCGTGTATCTCTGTGCCAGCAGCCCTTCTTCCAATCAGCCCCAGCATTTTGGTGAT"	"CASSPSSNQPQHF"	NA	"TCRBD2-1"	"TCRBJ1-5*1"	54	55	57	62	1	5	NA	NA	"AAGATCCAGCGCACACAGCAGGAGGACTCGGCCGTGTATCTCTGTGCCAGCAGCCCTTCTTCCAATCAGCCCCAGCATTTTGGTGAT"	FALSE	TRUE	NA	NA	NA	NA
"CAGCCTGCAAAGCTTGAGGACTCGGCCGTGTATCTCTGTGCCAGCAGCACAAGCGGGAGGGCTACAGATACGCAGTATTTTGGCCCA"	"CASSTSGRATDTQYF"	"CAGCCTGCAAAGCTTGAGGACTCGGCCGTGTATCTCTGTGCCAGCAGCACAAGCGGGAGGGCTACAGATACGCAGTATTTTGGCCCA"	"CASSTSGRATDTQYF"	"TCRBV11-2*1"	"TCRBD2-1*2"	"TCRBJ2-3*1"	48	51	61	63	3	2	NA	NA	"CAGCCTGCAAAGCTTGAGGACTCGGCCGTGTATCTCTGTGCCAGCAGCACAAGCGGGAGGGCTACAGATACGCAGTATTTTGGCCCA"	FALSE	TRUE	NA	NA	NA	NA
"TTGTTGCTGGGGGACTCGGCCCTGTATCTCTGTGCCAGCAGCTTGGCCGGGTTTCCAGAGGGGTCCTACGAGCAGTACTTCGGGCCG"	"CASSLAGFPEGSYEQYF"	"TTGTTGCTGGGGGACTCGGCCCTGTATCTCTGTGCCAGCAGCTTGGCCGGGTTTCCAGAGGGGTCCTACGAGCAGTACTTCGGGCCG"	"CASSLAGFPEGSYEQYF"	"TCRBV5-5*1"	NA	"TCRBJ2-7*1"	46	58	-1	63	12	64	NA	NA	"TTGTTGCTGGGGGACTCGGCCCTGTATCTCTGTGCCAGCAGCTTGGCCGGGTTTCCAGAGGGGTCCTACGAGCAGTACTTCGGGCCG"	FALSE	TRUE	NA	NA	NA	NA
"ACACGCCCTGCAGCCAGAAGACTCAGCCCTGTATCTCTGCGCCAGCAGACCTCGACAGGGGGCATGAAGCCCCAGCATTTTGGTGAT"	""	"ACACGCCCTGCAGCCAGAAGACTCAGCCCTGTATCTCTGCGCCAGCAGACCTCGACAGGGGGCATGAAGCCCCAGCATTTTGGTGAT"	""	"TCRBV4-1*1"	"TCRBD1-1*1"	"TCRBJ1-5*1"	48	53	63	67	5	4	NA	NA	"ACACGCCCTGCAGCCAGAAGACTCAGCCCTGTATCTCTGCGCCAGCAGACCTCGACAGGGGGCATGAAGCCCCAGCATTTTGGTGAT"	FALSE	FALSE	NA	NA	NA	NA
"CTACACACCCTGCAGCCAGAAGACTCGGCCCTGTATCTCTGCGCCAGCAGGCCTACTAGCGGGAGCTACGAGCAGTACTTCGGGCCG"	"CASRPTSGSYEQYF"	"CTACACACCCTGCAGCCAGAAGACTCGGCCCTGTATCTCTGCGCCAGCAGGCCTACTAGCGGGAGCTACGAGCAGTACTTCGGGCCG"	"CASRPTSGSYEQYF"	"TCRBV4-3*1"	"TCRBD2-1*2"	"TCRBJ2-7*1"	50	54	-1	65	4	66	NA	NA	"CTACACACCCTGCAGCCAGAAGACTCGGCCCTGTATCTCTGCGCCAGCAGGCCTACTAGCGGGAGCTACGAGCAGTACTTCGGGCCG"	FALSE	TRUE	NA	NA	NA	NA
"CCCTCAGAACCCAGGGACTCAGCTGTGTACTTCTGTGCCAGCAGTTTAATGGGGCTAGCGGGATCCTACGAGCAGTACTTCGGGCCG"	"CASSLMGLAGSYEQYF"	"CCCTCAGAACCCAGGGACTCAGCTGTGTACTTCTGTGCCAGCAGTTTAATGGGGCTAGCGGGATCCTACGAGCAGTACTTCGGGCCG"	"CASSLMGLAGSYEQYF"	NA	"TCRBD2-1*2"	"TCRBJ2-7*1"	48	54	-1	63	6	64	NA	NA	"CCCTCAGAACCCAGGGACTCAGCTGTGTACTTCTGTGCCAGCAGTTTAATGGGGCTAGCGGGATCCTACGAGCAGTACTTCGGGCCG"	FALSE	TRUE	NA	NA	NA	NA
"ACCAGTGCCCATCCTGAAGACAGCAGCTTCTACATCTGCAGTGCTAGAACACGGAGGAACACCCAAGAGACCCAGTACTTCGGGCCA"	"CSARTRRNTQETQYF"	"ACCAGTGCCCATCCTGAAGACAGCAGCTTCTACATCTGCAGTGCTAGAACACGGAGGAACACCCAAGAGACCCAGTACTTCGGGCCA"	"CSARTRRNTQETQYF"	NA	"TCRBD2-1*2"	"TCRBJ2-5*1"	48	52	57	62	4	5	NA	NA	"ACCAGTGCCCATCCTGAAGACAGCAGCTTCTACATCTGCAGTGCTAGAACACGGAGGAACACCCAAGAGACCCAGTACTTCGGGCCA"	FALSE	TRUE	NA	NA	NA	NA
"ACCCTGCAGCCAGAAGACTCGGCCCTGTATCTCTGTGCCAGCAGCCAAGTGGGAGGGACAGGGGGCGCAAAACTGTTTTTTGGCAGT"	"CASSQVGGTGGAKLFF"	"ACCCTGCAGCCAGAAGACTCGGCCCTGTATCTCTGTGCCAGCAGCCAAGTGGGAGGGACAGGGGGCGCAAAACTGTTTTTTGGCAGT"	"CASSQVGGTGGAKLFF"	"TCRBV4-2*1"	"TCRBD1-1*1"	"TCRBJ1-4*1"	49	54	66	68	5	2	NA	NA	"ACCCTGCAGCCAGAAGACTCGGCCCTGTATCTCTGTGCCAGCAGCCAAGTGGGAGGGACAGGGGGCGCAAAACTGTTTTTTGGCAGT"	FALSE	TRUE	NA	NA	NA	NA
"CCCATCCTGAAGACAGCAGCTTCTACATCTGCAGTGCTAGGTTCGGACTTTAGCGGGAGGTGTTACAATGAGCAGTTCTTCGGGCCA"	""	"CCCATCCTGAAGACAGCAGCTTCTACATCTGCAGTGCTAGGTTCGGACTTTAGCGGGAGGTGTTACAATGAGCAGTTCTTCGGGCCA"	""	NA	"TCRBD2-1*2"	"TCRBJ2-1*1"	40	50	60	63	10	3	NA	NA	"CCCATCCTGAAGACAGCAGCTTCTACATCTGCAGTGCTAGGTTCGGACTTTAGCGGGAGGTGTTACAATGAGCAGTTCTTCGGGCCA"	FALSE	FALSE	NA	NA	NA	NA
"CAGCGCACACAGCAGGAGGACTCGGCCGTGTATCTCTGTGCCAGCAGCCTGACAGGGAGGACCAAAAACATTCAGTACTTCGGCGCC"	"CASSLTGRTKNIQYF"	"CAGCGCACACAGCAGGAGGACTCGGCCGTGTATCTCTGTGCCAGCAGCCTGACAGGGAGGACCAAAAACATTCAGTACTTCGGCGCC"	"CASSLTGRTKNIQYF"	"TCRBV7-2"	"TCRBD1-1*1"	"TCRBJ2-4*1"	48	50	57	61	2	4	NA	NA	"CAGCGCACACAGCAGGAGGACTCGGCCGTGTATCTCTGTGCCAGCAGCCTGACAGGGAGGACCAAAAACATTCAGTACTTCGGCGCC"	FALSE	TRUE	NA	NA	NA	NA
"NNNNNNNTGAAGATCCAGCCCTCAGAACCCAGGGACTCAGCTGTGTCCGGACTAGCGGGTTTTCAAGAGACCCAGTACTTCGGGCCA"	"LAGFQETQYF"	"NNNNNNNTGAAGATCCAGCCCTCAGAACCCAGGGACTCAGCTGTGTCCGGACTAGCGGGTTTTCAAGAGACCCAGTACTTCGGGCCA"	"LAGFQETQYF"	NA	"TCRBD2-1"	"TCRBJ2-5*1"	46	48	59	63	2	4	NA	NA	"NNNNNNNTGAAGATCCAGCCCTCAGAACCCAGGGACTCAGCTGTGTCCGGACTAGCGGGTTTTCAAGAGACCCAGTACTTCGGGCCA"	FALSE	TRUE	NA	NA	NA	NA
"CTTCACCTACACGCCCTGCAGCCAGAAGACTCAGCCCTGTATCTCTGCGCCAGTTCTTCGGGGATATATGGCTACACCTTCGGTTCG"	"CASSSGIYGYTF"	"CTTCACCTACACGCCCTGCAGCCAGAAGACTCAGCCCTGTATCTCTGCGCCAGTTCTTCGGGGATATATGGCTACACCTTCGGTTCG"	"CASSSGIYGYTF"	"TCRBV4-1*1"	"TCRBD2-1*1"	"TCRBJ1-2*1"	53	58	63	66	5	3	NA	NA	"CTTCACCTACACGCCCTGCAGCCAGAAGACTCAGCCCTGTATCTCTGCGCCAGTTCTTCGGGGATATATGGCTACACCTTCGGTTCG"	FALSE	TRUE	NA	NA	NA	NA
"CTGACGATTCAGCGCACAGAGCAGCGGGACTCGGCCATGTATCGCTGTGCCAGCAGCCACAGGGGTACTGAGCAGTTCTTCGGGCCA"	"CASSHRGTEQFF"	"CTGACGATTCAGCGCACAGAGCAGCGGGACTCGGCCATGTATCGCTGTGCCAGCAGCCACAGGGGTACTGAGCAGTTCTTCGGGCCA"	"CASSHRGTEQFF"	NA	"TCRBD1-1*1"	"TCRBJ2-1*1"	57	58	65	68	1	3	NA	NA	"CTGACGATTCAGCGCACAGAGCAGCGGGACTCGGCCATGTATCGCTGTGCCAGCAGCCACAGGGGTACTGAGCAGTTCTTCGGGCCA"	FALSE	TRUE	NA	NA	NA	NA
"ATGAGCTCCTTGGAGCTGGGGGACTCAGCCCTGTACTTCTGTGCCAGCAGCTTGACTAGCGGGGGCTACGAGCAGTACTTCGGGCCG"	"CASSLTSGGYEQYF"	"ATGAGCTCCTTGGAGCTGGGGGACTCAGCCCTGTACTTCTGTGCCAGCAGCTTGACTAGCGGGGGCTACGAGCAGTACTTCGGGCCG"	"CASSLTSGGYEQYF"	"TCRBV13-1*1"	"TCRBD2-1*1"	"TCRBJ2-7*1"	-1	53	-1	65	54	66	NA	NA	"ATGAGCTCCTTGGAGCTGGGGGACTCAGCCCTGTACTTCTGTGCCAGCAGCTTGACTAGCGGGGGCTACGAGCAGTACTTCGGGCCG"	FALSE	TRUE	NA	NA	NA	NA
"ATCCTGGAGTCGCCCAGCCCCAACCAGACCTCTCTGTACTTCTGTGCCAGCCGACAGGGGGATTGGTACGAGCAGTACTTCGGGCCG"	"CASRQGDWYEQYF"	"ATCCTGGAGTCGCCCAGCCCCAACCAGACCTCTCTGTACTTCTGTGCCAGCCGACAGGGGGATTGGTACGAGCAGTACTTCGGGCCG"	"CASRQGDWYEQYF"	"TCRBV27-1*1"	"TCRBD1-1*1"	"TCRBJ2-7*1"	51	52	61	66	1	5	NA	NA	"ATCCTGGAGTCGCCCAGCCCCAACCAGACCTCTCTGTACTTCTGTGCCAGCCGACAGGGGGATTGGTACGAGCAGTACTTCGGGCCG"	FALSE	TRUE	NA	NA	NA	NA
"NNNNNNNNNNNNNNNTGTCGGCTGCTCCCTCCCAAACATCTGTGTACTTCTGTGCCAGAAAAAGGGGTTGCGCAGTATTTTGGCCCA"	""	"NNNNNNNNNNNNNNNTGTCGGCTGCTCCCTCCCAAACATCTGTGTACTTCTGTGCCAGAAAAAGGGGTTGCGCAGTATTTTGGCCCA"	""	NA	"TCRBD1-1*1"	"TCRBJ2-3*1"	58	62	67	70	4	3	NA	NA	"NNNNNNNNNNNNNNNTGTCGGCTGCTCCCTCCCAAACATCTGTGTACTTCTGTGCCAGAAAAAGGGGTTGCGCAGTATTTTGGCCCA"	FALSE	FALSE	NA	NA	NA	NA
"CCCTCTCAGACATCTGTGTACTTCTGTGCCAGCAGTTCTATACTAGCGGGAGTTCGGTATAACACAGATACGCAGTATTTTGGCCCA"	"CASSSILAGVRYNTDTQYF"	"CCCTCTCAGACATCTGTGTACTTCTGTGCCAGCAGTTCTATACTAGCGGGAGTTCGGTATAACACAGATACGCAGTATTTTGGCCCA"	"CASSSILAGVRYNTDTQYF"	"TCRBV6-4*1"	"TCRBD2-1*2"	"TCRBJ2-3*1"	36	41	52	62	5	10	NA	NA	"CCCTCTCAGACATCTGTGTACTTCTGTGCCAGCAGTTCTATACTAGCGGGAGTTCGGTATAACACAGATACGCAGTATTTTGGCCCA"	FALSE	TRUE	NA	NA	NA	NA
"GTGACATCGGCCCAAAAGAACCCGACAGCTTTCTATCTCTGTGCCAGTAGTATCGGCGGATCTAATGAAAAACTGTTTTTTGGCAGT"	"CASSIGGSNEKLFF"	"GTGACATCGGCCCAAAAGAACCCGACAGCTTTCTATCTCTGTGCCAGTAGTATCGGCGGATCTAATGAAAAACTGTTTTTTGGCAGT"	"CASSIGGSNEKLFF"	"TCRBV19-1*1"	"TCRBD2-1"	"TCRBJ1-4*1"	53	55	59	61	2	2	NA	NA	"GTGACATCGGCCCAAAAGAACCCGACAGCTTTCTATCTCTGTGCCAGTAGTATCGGCGGATCTAATGAAAAACTGTTTTTTGGCAGT"	FALSE	TRUE	NA	NA	NA	NA
"NTGTCGGCTGCTCCCTCCCAAACATCTGTGTACTTCTGTGCCAGCAGTTACTCGTTGGGGCCCACAGATACGCAGTATTTTGGCCCA"	"CASSYSLGPTDTQYF"	"NTGTCGGCTGCTCCCTCCCAAACATCTGTGTACTTCTGTGCCAGCAGTTACTCGTTGGGGCCCACAGATACGCAGTATTTTGGCCCA"	"CASSYSLGPTDTQYF"	"TCRBV6-2/6-3*1"	"TCRBD1-1*1"	"TCRBJ2-3*1"	53	56	61	62	3	1	NA	NA	"NTGTCGGCTGCTCCCTCCCAAACATCTGTGTACTTCTGTGCCAGCAGTTACTCGTTGGGGCCCACAGATACGCAGTATTTTGGCCCA"	FALSE	TRUE	NA	NA	NA	NA
"GTGACCAGTGCCCATCCTGAAGACAGCAGCTTCTACATCTGCAGTGCTAGATTTTTTGAGGGTGGCTACGAGCAGTACTTCGGGCCG"	"CSARFFEGGYEQYF"	"GTGACCAGTGCCCATCCTGAAGACAGCAGCTTCTACATCTGCAGTGCTAGATTTTTTGAGGGTGGCTACGAGCAGTACTTCGGGCCG"	"CSARFFEGGYEQYF"	NA	"TCRBD2-1*2"	"TCRBJ2-7*1"	51	57	62	65	6	3	NA	NA	"GTGACCAGTGCCCATCCTGAAGACAGCAGCTTCTACATCTGCAGTGCTAGATTTTTTGAGGGTGGCTACGAGCAGTACTTCGGGCCG"	FALSE	TRUE	NA	NA	NA	NA
"AAGATCCAGCCCTCAGAACCCAGGGACTCAGCTGTGTACTTCTGTGCCATCGACAGGGATGGCAATCAGCCCCAGCATTTTGGTGAT"	"CAIDRDGNQPQHF"	"AAGATCCAGCCCTCAGAACCCAGGGACTCAGCTGTGTACTTCTGTGCCATCGACAGGGATGGCAATCAGCCCCAGCATTTTGGTGAT"	"CAIDRDGNQPQHF"	"TCRBV12-3/12-4*1"	"TCRBD1-1*1"	"TCRBJ1-5*1"	49	51	58	61	2	3	NA	NA	"AAGATCCAGCCCTCAGAACCCAGGGACTCAGCTGTGTACTTCTGTGCCATCGACAGGGATGGCAATCAGCCCCAGCATTTTGGTGAT"	FALSE	TRUE	NA	NA	NA	NA
"TCGGCTGCTCCCTCCCAAACATCTGTGTACTTCTGTGCCAGCAGTAACTCGGGGGGAATCCAGAACACTGAAGCTTTCTTTGGACAA"	"CASSNSGGIQNTEAFF"	"TCGGCTGCTCCCTCCCAAACATCTGTGTACTTCTGTGCCAGCAGTAACTCGGGGGGAATCCAGAACACTGAAGCTTTCTTTGGACAA"	"CASSNSGGIQNTEAFF"	"TCRBV6-2/6-3*1"	"TCRBD2-1*1"	"TCRBJ1-1*1"	-1	50	56	62	51	6	NA	NA	"TCGGCTGCTCCCTCCCAAACATCTGTGTACTTCTGTGCCAGCAGTAACTCGGGGGGAATCCAGAACACTGAAGCTTTCTTTGGACAA"	FALSE	TRUE	NA	NA	NA	NA
"AGATCCAGCCCTCAGAACCCAGGGACTCAGCTGTGTATTTTTGTGCTAGTGCCGGGTAGGGGCTCCTACGAGCAGTACTTCGGGCCG"	""	"AGATCCAGCCCTCAGAACCCAGGGACTCAGCTGTGTATTTTTGTGCTAGTGCCGGGTAGGGGCTCCTACGAGCAGTACTTCGGGCCG"	""	"TCRBV12-5*1"	"TCRBD1-1*1"	"TCRBJ2-7*1"	51	57	-1	62	6	63	NA	NA	"AGATCCAGCCCTCAGAACCCAGGGACTCAGCTGTGTATTTTTGTGCTAGTGCCGGGTAGGGGCTCCTACGAGCAGTACTTCGGGCCG"	FALSE	FALSE	NA	NA	NA	NA
"AATGTGAGCACCTTGGAGCTGGGGGACTCGGCCCTTTATCTTTGCGCCAGCAGAGGGAGTGGGAACACTGAAGCTTTCTTTGGACAA"	"CASRGSGNTEAFF"	"AATGTGAGCACCTTGGAGCTGGGGGACTCGGCCCTTTATCTTTGCGCCAGCAGAGGGAGTGGGAACACTGAAGCTTTCTTTGGACAA"	"CASRGSGNTEAFF"	"TCRBV5-1*1"	"TCRBD2-1*2"	"TCRBJ1-1*1"	53	54	59	62	1	3	NA	NA	"AATGTGAGCACCTTGGAGCTGGGGGACTCGGCCCTTTATCTTTGCGCCAGCAGAGGGAGTGGGAACACTGAAGCTTTCTTTGGACAA"	FALSE	TRUE	NA	NA	NA	NA
"NNNTGTCGGCTGCTCCCTCCCAGACATCTGTGTACTTCTGTGCCAGCAGTAACGGGACAACGTAACGATACGCAGTATTTTGGCCCA"	""	"NNNTGTCGGCTGCTCCCTCCCAGACATCTGTGTACTTCTGTGCCAGCAGTAACGGGACAACGTAACGATACGCAGTATTTTGGCCCA"	""	"TCRBV6-5*1"	"TCRBD1-1*1"	"TCRBJ2-3*1"	50	53	59	66	3	7	NA	NA	"NNNTGTCGGCTGCTCCCTCCCAGACATCTGTGTACTTCTGTGCCAGCAGTAACGGGACAACGTAACGATACGCAGTATTTTGGCCCA"	FALSE	FALSE	NA	NA	NA	NA
"GTAGTGCGAGGAGATTCGGCAGCTTATTTCTGTGCCAGCTCACTCAGGGGGACGGACTCTGGGGCCAACGTCCTGACTTTCGGGGCC"	"CASSLRGTDSGANVLTF"	"GTAGTGCGAGGAGATTCGGCAGCTTATTTCTGTGCCAGCTCACTCAGGGGGACGGACTCTGGGGCCAACGTCCTGACTTTCGGGGCC"	"CASSLRGTDSGANVLTF"	"TCRBV18-1*1"	"TCRBD1-1*1"	"TCRBJ2-6*1"	43	44	51	56	1	5	NA	NA	"GTAGTGCGAGGAGATTCGGCAGCTTATTTCTGTGCCAGCTCACTCAGGGGGACGGACTCTGGGGCCAACGTCCTGACTTTCGGGGCC"	FALSE	TRUE	NA	NA	NA	NA
"AAGATCCGGTCCACAAAGCTGGAGGACTCAGCCATGTACTTCTGTGCCAGCACCGGGACTGGTAATTCACCCCTCCACTTTGGGAAT"	"CASTGTGNSPLHF"	"AAGATCCGGTCCACAAAGCTGGAGGACTCAGCCATGTACTTCTGTGCCAGCACCGGGACTGGTAATTCACCCCTCCACTTTGGGAAT"	"CASTGTGNSPLHF"	"TCRBV2-1"	"TCRBD2-1"	"TCRBJ1-6*1"	52	54	60	62	2	2	NA	NA	"AAGATCCGGTCCACAAAGCTGGAGGACTCAGCCATGTACTTCTGTGCCAGCACCGGGACTGGTAATTCACCCCTCCACTTTGGGAAT"	FALSE	TRUE	NA	NA	NA	NA
"GAGCAGGGGGACTCGGCCATGTATCTCTGTGCCAGCAGGAACTAGCGGGAGGCCCCCGTCCCCTCTCCCGAGCAGTTCTTCGGGCCA"	"CASRN*REAPVPSPEQFF"	"GAGCAGGGGGACTCGGCCATGTATCTCTGTGCCAGCAGGAACTAGCGGGAGGCCCCCGTCCCCTCTCCCGAGCAGTTCTTCGGGCCA"	"CASRN*REAPVPSPEQFF"	"TCRBV7-9*1"	"TCRBD2-1*2"	"TCRBJ2-1*1"	38	40	52	69	2	17	NA	NA	"GAGCAGGGGGACTCGGCCATGTATCTCTGTGCCAGCAGGAACTAGCGGGAGGCCCCCGTCCCCTCTCCCGAGCAGTTCTTCGGGCCA"	FALSE	TRUE	NA	NA	NA	NA
"CCTGCAAAGCTTGAGGACTCGGCCGTGTATCTCTGTGCCAGCAGCTTAGATTCGGGACAGGGGTCCTACGAGCAGTACTTCGGGCCG"	"CASSLDSGQGSYEQYF"	"CCTGCAAAGCTTGAGGACTCGGCCGTGTATCTCTGTGCCAGCAGCTTAGATTCGGGACAGGGGTCCTACGAGCAGTACTTCGGGCCG"	"CASSLDSGQGSYEQYF"	"TCRBV11-2"	"TCRBD1-1*1"	"TCRBJ2-7*1"	50	53	-1	63	3	64	NA	NA	"CCTGCAAAGCTTGAGGACTCGGCCGTGTATCTCTGTGCCAGCAGCTTAGATTCGGGACAGGGGTCCTACGAGCAGTACTTCGGGCCG"	FALSE	TRUE	NA	NA	NA	NA
"AACATGAGCTCCTTGGAGCTGGGGGACTCAGCCCTGTACTTCTGTGCCAGCAGCCCCGGACAGGGAAGTGAAGCTTTCTTTGGACAA"	"CASSPGQGSEAFF"	"AACATGAGCTCCTTGGAGCTGGGGGACTCAGCCCTGTACTTCTGTGCCAGCAGCCCCGGACAGGGAAGTGAAGCTTTCTTTGGACAA"	"CASSPGQGSEAFF"	"TCRBV13-1*1"	"TCRBD1-1*1"	"TCRBJ1-1*1"	54	57	65	68	3	3	NA	NA	"AACATGAGCTCCTTGGAGCTGGGGGACTCAGCCCTGTACTTCTGTGCCAGCAGCCCCGGACAGGGAAGTGAAGCTTTCTTTGGACAA"	FALSE	TRUE	NA	NA	NA	NA
"AGCGCACAGAGCAGCGGGACTCGGCCATGTATCGCTGTGCCAGCAGCTTAGTGGCGGACACTTCTCTACGAGCAGTACTTCGGGCCG"	""	"AGCGCACAGAGCAGCGGGACTCGGCCATGTATCGCTGTGCCAGCAGCTTAGTGGCGGACACTTCTCTACGAGCAGTACTTCGGGCCG"	""	"TCRBV7-6*1"	"TCRBD1-1*1"	"TCRBJ2-7*1"	51	55	60	65	4	5	NA	NA	"AGCGCACAGAGCAGCGGGACTCGGCCATGTATCGCTGTGCCAGCAGCTTAGTGGCGGACACTTCTCTACGAGCAGTACTTCGGGCCG"	FALSE	FALSE	NA	NA	NA	NA
"TTGGAGCTGGGGGACTCGGCCCTTTATCTTTGCGCCAGCAGCACCCCGGGACAGGGAAATAGAATCTATGGCTACACCTTCGGTTCG"	"CASSTPGQGNRIYGYTF"	"TTGGAGCTGGGGGACTCGGCCCTTTATCTTTGCGCCAGCAGCACCCCGGGACAGGGAAATAGAATCTATGGCTACACCTTCGGTTCG"	"CASSTPGQGNRIYGYTF"	"TCRBV5-1*1"	"TCRBD1-1*1"	"TCRBJ1-2*1"	42	47	56	65	5	9	NA	NA	"TTGGAGCTGGGGGACTCGGCCCTTTATCTTTGCGCCAGCAGCACCCCGGGACAGGGAAATAGAATCTATGGCTACACCTTCGGTTCG"	FALSE	TRUE	NA	NA	NA	NA
"TGTGAGTGCCTTGGAGCTGGGGGACTCGGCCCTGTATCTCTGTGCCAGAAGGAGAGACTAGCGGAAGAGACCCAGTACTTCGGGCCA"	""	"TGTGAGTGCCTTGGAGCTGGGGGACTCGGCCCTGTATCTCTGTGCCAGAAGGAGAGACTAGCGGAAGAGACCCAGTACTTCGGGCCA"	""	"TCRBV5-3"	"TCRBD2-1"	"TCRBJ2-5*1"	51	55	-1	64	4	65	NA	NA	"TGTGAGTGCCTTGGAGCTGGGGGACTCGGCCCTGTATCTCTGTGCCAGAAGGAGAGACTAGCGGAAGAGACCCAGTACTTCGGGCCA"	FALSE	FALSE	NA	NA	NA	NA
"GTGACCAGTGCCCATCCTGAAGACAGCAGCTTCTACATCTGCAGTGCTCCAGGCCCGGCGGGGAAATACGAGCAGTACTTCGGGCCG"	"CSAPGPAGKYEQYF"	"GTGACCAGTGCCCATCCTGAAGACAGCAGCTTCTACATCTGCAGTGCTCCAGGCCCGGCGGGGAAATACGAGCAGTACTTCGGGCCG"	"CSAPGPAGKYEQYF"	NA	"TCRBD2-1*1"	"TCRBJ2-7*1"	48	57	63	66	9	3	NA	NA	"GTGACCAGTGCCCATCCTGAAGACAGCAGCTTCTACATCTGCAGTGCTCCAGGCCCGGCGGGGAAATACGAGCAGTACTTCGGGCCG"	FALSE	TRUE	NA	NA	NA	NA
"TCCACAAAGCTGGAGGACTCAGCCATGTACTTCTGTGCCAGCAGTGATGGGCGGGTTCCTAGCACAGATACGCAGTATTTTGGCCCA"	"CASSDGRVPSTDTQYF"	"TCCACAAAGCTGGAGGACTCAGCCATGTACTTCTGTGCCAGCAGTGATGGGCGGGTTCCTAGCACAGATACGCAGTATTTTGGCCCA"	"CASSDGRVPSTDTQYF"	"TCRBV2-1"	"TCRBD2-1"	"TCRBJ2-3*1"	47	50	55	60	3	5	NA	NA	"TCCACAAAGCTGGAGGACTCAGCCATGTACTTCTGTGCCAGCAGTGATGGGCGGGTTCCTAGCACAGATACGCAGTATTTTGGCCCA"	FALSE	TRUE	NA	NA	NA	NA
"AGCGCACAGAGCAGCGGGACTCGGCCATGTATCGCTGTGCCAGCAGCTAAGCCGGCCCACAGGGACTCTGGCTACACCTTCGGTTCG"	""	"AGCGCACAGAGCAGCGGGACTCGGCCATGTATCGCTGTGCCAGCAGCTAAGCCGGCCCACAGGGACTCTGGCTACACCTTCGGTTCG"	""	"TCRBV7-6*1"	NA	"TCRBJ1-2*1"	52	58	64	68	6	4	NA	NA	"AGCGCACAGAGCAGCGGGACTCGGCCATGTATCGCTGTGCCAGCAGCTAAGCCGGCCCACAGGGACTCTGGCTACACCTTCGGTTCG"	FALSE	FALSE	NA	NA	NA	NA
"CACGGAGTCAGGGGACACAGCACTGTATTTCTGTGCCAGCAGCAAAGTCAAGGGGGCGCCCCTAATTCACCCCTCCACTTTGGGAAT"	""	"CACGGAGTCAGGGGACACAGCACTGTATTTCTGTGCCAGCAGCAAAGTCAAGGGGGCGCCCCTAATTCACCCCTCCACTTTGGGAAT"	""	"TCRBV21-1*1"	"TCRBD1-1*1"	"TCRBJ1-6*1"	47	50	57	62	3	5	NA	NA	"CACGGAGTCAGGGGACACAGCACTGTATTTCTGTGCCAGCAGCAAAGTCAAGGGGGCGCCCCTAATTCACCCCTCCACTTTGGGAAT"	FALSE	FALSE	NA	NA	NA	NA
"AGCCCCAACCAGACCTCTCTGTACTTCTGTGCCAGCAGTTTCAGTCGGGACAGCACTCCTTGGCGTACTGAAGCTTTCTTTGGACAA"	"CASSFSRDSTPWRTEAFF"	"AGCCCCAACCAGACCTCTCTGTACTTCTGTGCCAGCAGTTTCAGTCGGGACAGCACTCCTTGGCGTACTGAAGCTTTCTTTGGACAA"	"CASSFSRDSTPWRTEAFF"	"TCRBV27-1*1"	"TCRBD1-1*1"	"TCRBJ1-1*1"	41	46	53	66	5	13	NA	NA	"AGCCCCAACCAGACCTCTCTGTACTTCTGTGCCAGCAGTTTCAGTCGGGACAGCACTCCTTGGCGTACTGAAGCTTTCTTTGGACAA"	FALSE	TRUE	NA	NA	NA	NA
"GCCAGGCCCTCACATACCTCTCAGTACCTCTGTGCCAGCAGTGAATAACTAGCGGGGGAGAGCTCCTACGAGCAGTACTTCGGGCCG"	"CASSE*LAGESSYEQYF"	"GCCAGGCCCTCACATACCTCTCAGTACCTCTGTGCCAGCAGTGAATAACTAGCGGGGGAGAGCTCCTACGAGCAGTACTTCGGGCCG"	"CASSE*LAGESSYEQYF"	"TCRBV25-1*1"	"TCRBD2-1*1"	"TCRBJ2-7*1"	-1	47	58	62	48	4	NA	NA	"GCCAGGCCCTCACATACCTCTCAGTACCTCTGTGCCAGCAGTGAATAACTAGCGGGGGAGAGCTCCTACGAGCAGTACTTCGGGCCG"	FALSE	TRUE	NA	NA	NA	NA
"GTGACATCGGCCCAAAAGAACCCGACAGCTTTCTATCTCTGTGCCAGTAGCCGGGACAGGGTAAGCAATGAGCAGTTCTTCGGGCCA"	"CASSRDRVSNEQFF"	"GTGACATCGGCCCAAAAGAACCCGACAGCTTTCTATCTCTGTGCCAGTAGCCGGGACAGGGTAAGCAATGAGCAGTTCTTCGGGCCA"	"CASSRDRVSNEQFF"	"TCRBV19-1*1"	"TCRBD1-1*1"	"TCRBJ2-1*1"	50	52	61	65	2	4	NA	NA	"GTGACATCGGCCCAAAAGAACCCGACAGCTTTCTATCTCTGTGCCAGTAGCCGGGACAGGGTAAGCAATGAGCAGTTCTTCGGGCCA"	FALSE	TRUE	NA	NA	NA	NA
"AATTCCCTGGAGCTTGGTGACTCTGCTGTGTATTTCTGTGCCAGCAGCCAAAAGGGACAGGGGATCTACGAGCAGTACTTCGGGCCG"	"CASSQKGQGIYEQYF"	"AATTCCCTGGAGCTTGGTGACTCTGCTGTGTATTTCTGTGCCAGCAGCCAAAAGGGACAGGGGATCTACGAGCAGTACTTCGGGCCG"	"CASSQKGQGIYEQYF"	"TCRBV3-1/3-2*1"	"TCRBD1-1*1"	"TCRBJ2-7*1"	51	53	63	65	2	2	NA	NA	"AATTCCCTGGAGCTTGGTGACTCTGCTGTGTATTTCTGTGCCAGCAGCCAAAAGGGACAGGGGATCTACGAGCAGTACTTCGGGCCG"	FALSE	TRUE	NA	NA	NA	NA
"CACCTACACACCCTGCAGCCAGAAGACTCGGCCCTGTATCTCTGCGCCAGCAGCCAAGACCAAAACTACGAGCAGTACTTCGGGCCG"	"CASSQDQNYEQYF"	"CACCTACACACCCTGCAGCCAGAAGACTCGGCCCTGTATCTCTGCGCCAGCAGCCAAGACCAAAACTACGAGCAGTACTTCGGGCCG"	"CASSQDQNYEQYF"	"TCRBV4-3*1"	"TCRBD1-1*1"	"TCRBJ2-7*1"	59	60	62	65	1	3	NA	NA	"CACCTACACACCCTGCAGCCAGAAGACTCGGCCCTGTATCTCTGCGCCAGCAGCCAAGACCAAAACTACGAGCAGTACTTCGGGCCG"	FALSE	TRUE	NA	NA	NA	NA
"GTGACCAGTGCCCATCCTGAAGACAGCAGCTTCTACATCTGCAGTGCTACAAGGGACACTAGCTCCTACGAGCAGTACTTCGGGCCG"	"CSATRDTSSYEQYF"	"GTGACCAGTGCCCATCCTGAAGACAGCAGCTTCTACATCTGCAGTGCTACAAGGGACACTAGCTCCTACGAGCAGTACTTCGGGCCG"	"CSATRDTSSYEQYF"	NA	"TCRBD1-1*1"	"TCRBJ2-7*1"	49	52	58	62	3	4	NA	NA	"GTGACCAGTGCCCATCCTGAAGACAGCAGCTTCTACATCTGCAGTGCTACAAGGGACACTAGCTCCTACGAGCAGTACTTCGGGCCG"	FALSE	TRUE	NA	NA	NA	NA
"TCGGCCCAAAAGAACCCGACAGCTTTCTATCTCTGTGCCAGTAGTATAGAATTGGGACAGGCAAATCAGCCCCAGCATTTTGGTGAT"	"CASSIELGQANQPQHF"	"TCGGCCCAAAAGAACCCGACAGCTTTCTATCTCTGTGCCAGTAGTATAGAATTGGGACAGGCAAATCAGCCCCAGCATTTTGGTGAT"	"CASSIELGQANQPQHF"	"TCRBV19-1*1"	"TCRBD1-1*1"	"TCRBJ1-5*1"	50	53	61	63	3	2	NA	NA	"TCGGCCCAAAAGAACCCGACAGCTTTCTATCTCTGTGCCAGTAGTATAGAATTGGGACAGGCAAATCAGCCCCAGCATTTTGGTGAT"	FALSE	TRUE	NA	NA	NA	NA
"GAGTGCCTTGGAGCTGGGGGACTCGGCCCTGTATCTCTGTGCCAGAAGCTTGGCGGGGAGTCCTACAATGAGCAGTTCTTCGGGCCA"	""	"GAGTGCCTTGGAGCTGGGGGACTCGGCCCTGTATCTCTGTGCCAGAAGCTTGGCGGGGAGTCCTACAATGAGCAGTTCTTCGGGCCA"	""	"TCRBV5-3"	"TCRBD2-1"	"TCRBJ2-1*1"	-1	53	58	60	54	2	NA	NA	"GAGTGCCTTGGAGCTGGGGGACTCGGCCCTGTATCTCTGTGCCAGAAGCTTGGCGGGGAGTCCTACAATGAGCAGTTCTTCGGGCCA"	FALSE	FALSE	NA	NA	NA	NA
"TCCCTAGAGTCTGCCATCCCCAACCAGACAGCTCTTTACTTCTGTGCCACCAGTGATGCCGGGACACTCGGCTACACCTTCGGTTCG"	"CATSDAGTLGYTF"	"TCCCTAGAGTCTGCCATCCCCAACCAGACAGCTCTTTACTTCTGTGCCACCAGTGATGCCGGGACACTCGGCTACACCTTCGGTTCG"	"CATSDAGTLGYTF"	"TCRBV24-1*1"	"TCRBD1-1*1"	"TCRBJ1-2*1"	57	60	66	69	3	3	NA	NA	"TCCCTAGAGTCTGCCATCCCCAACCAGACAGCTCTTTACTTCTGTGCCACCAGTGATGCCGGGACACTCGGCTACACCTTCGGTTCG"	FALSE	TRUE	NA	NA	NA	NA
"AGCTCTCTGGAGCTGGGGGACTCAGCTTTGTATTTCTGTGCCAGCAGCGTAGGTGGTAGCTGAGAAGAGACCCAGTACTTCGGGCCA"	"CASSVGGS*EETQYF"	"AGCTCTCTGGAGCTGGGGGACTCAGCTTTGTATTTCTGTGCCAGCAGCGTAGGTGGTAGCTGAGAAGAGACCCAGTACTTCGGGCCA"	"CASSVGGS*EETQYF"	"TCRBV9-1*1"	"TCRBD2-1"	"TCRBJ2-5*1"	52	56	60	64	4	4	NA	NA	"AGCTCTCTGGAGCTGGGGGACTCAGCTTTGTATTTCTGTGCCAGCAGCGTAGGTGGTAGCTGAGAAGAGACCCAGTACTTCGGGCCA"	FALSE	TRUE	NA	NA	NA	NA
"ACCTTGGAGCTGGGGGACTCGGCCCTTTATCTTTGCGCCAGCAGCCAAAAGGGTGGGGACGCCGGAAACACCATATATTTTGGAGAG"	"CASSQKGGDAGNTIYF"	"ACCTTGGAGCTGGGGGACTCGGCCCTTTATCTTTGCGCCAGCAGCCAAAAGGGTGGGGACGCCGGAAACACCATATATTTTGGAGAG"	"CASSQKGGDAGNTIYF"	"TCRBV5-1*1"	NA	"TCRBJ1-3*1"	45	55	60	63	10	3	NA	NA	"ACCTTGGAGCTGGGGGACTCGGCCCTTTATCTTTGCGCCAGCAGCCAAAAGGGTGGGGACGCCGGAAACACCATATATTTTGGAGAG"	FALSE	TRUE	NA	NA	NA	NA
"GAGTCGCCCAGCCCCAACCAGACCTCTCTGTACTTCTGTGCCAGCAGTTTATCACGAGGACTAGCGGGAGAGCTGTTCTTCGGGCCA"	"CASSLSRGLAGELFF"	"GAGTCGCCCAGCCCCAACCAGACCTCTCTGTACTTCTGTGCCAGCAGTTTATCACGAGGACTAGCGGGAGAGCTGTTCTTCGGGCCA"	"CASSLSRGLAGELFF"	"TCRBV27-1*1"	"TCRBD2-1*2"	"TCRBJ2-1*1"	53	57	70	74	4	4	NA	NA	"GAGTCGCCCAGCCCCAACCAGACCTCTCTGTACTTCTGTGCCAGCAGTTTATCACGAGGACTAGCGGGAGAGCTGTTCTTCGGGCCA"	FALSE	TRUE	NA	NA	NA	NA
"TCGGCTGCTCCCTCCCAGACATCTGTGTACTTCTGTGCCAGCAGTCGTAGGACAGCGAGGTACCAAGAGACCCAGTACTTCGGGCCA"	"CASSRRTARYQETQYF"	"TCGGCTGCTCCCTCCCAGACATCTGTGTACTTCTGTGCCAGCAGTCGTAGGACAGCGAGGTACCAAGAGACCCAGTACTTCGGGCCA"	"CASSRRTARYQETQYF"	NA	"TCRBD1-1*1"	"TCRBJ2-5*1"	45	49	55	61	4	6	NA	NA	"TCGGCTGCTCCCTCCCAGACATCTGTGTACTTCTGTGCCAGCAGTCGTAGGACAGCGAGGTACCAAGAGACCCAGTACTTCGGGCCA"	FALSE	TRUE	NA	NA	NA	NA
"AAGATCCAGCCCTCAGAACCCAGGGACTCAGCTGTGTACTTCTGTGCCAGCAGAGACTCAGCGAGCAATGAGCAGTTCTTCGGGCCA"	"CASRDSASNEQFF"	"AAGATCCAGCCCTCAGAACCCAGGGACTCAGCTGTGTACTTCTGTGCCAGCAGAGACTCAGCGAGCAATGAGCAGTTCTTCGGGCCA"	"CASRDSASNEQFF"	"TCRBV12-3/12-4*1"	"TCRBD2-1"	"TCRBJ2-1*1"	53	54	58	65	1	7	NA	NA	"AAGATCCAGCCCTCAGAACCCAGGGACTCAGCTGTGTACTTCTGTGCCAGCAGAGACTCAGCGAGCAATGAGCAGTTCTTCGGGCCA"	FALSE	TRUE	NA	NA	NA	NA
"TGGAGTCTGCTGCCTCCTCCCAGACATCTGTATATTTCTGCGCCAGCAGTGATAGCGAAGGGATGTCAGCCCCAGCATTTTGGTGAT"	""	"TGGAGTCTGCTGCCTCCTCCCAGACATCTGTATATTTCTGCGCCAGCAGTGATAGCGAAGGGATGTCAGCCCCAGCATTTTGGTGAT"	""	"TCRBV1-1*1"	"TCRBD2-1"	"TCRBJ1-5*1"	-1	52	57	65	53	8	NA	NA	"TGGAGTCTGCTGCCTCCTCCCAGACATCTGTATATTTCTGCGCCAGCAGTGATAGCGAAGGGATGTCAGCCCCAGCATTTTGGTGAT"	FALSE	FALSE	NA	NA	NA	NA
"NNNNTGTCGGCTGCTCCCTCCCAAACATCTGTGTACTTCTGTGCCAGCAGTTCCGGGACAGGGGGCTTCGAGCAGTACTTCGGGCCG"	"CASSSGTGGFEQYF"	"NNNNTGTCGGCTGCTCCCTCCCAAACATCTGTGTACTTCTGTGCCAGCAGTTCCGGGACAGGGGGCTTCGAGCAGTACTTCGGGCCG"	"CASSSGTGGFEQYF"	"TCRBV6-2/6-3*1"	"TCRBD1-1*1"	"TCRBJ2-7*1"	52	54	66	68	2	2	NA	NA	"NNNNTGTCGGCTGCTCCCTCCCAAACATCTGTGTACTTCTGTGCCAGCAGTTCCGGGACAGGGGGCTTCGAGCAGTACTTCGGGCCG"	FALSE	TRUE	NA	NA	NA	NA
"TGGAGCTGGACGACTCGGCCCTGTATCTCTGTGCCAGCAGTAGACCTTCCGGGACTAGCGGCCCAAGAGACCCAGTACTTCGGGCCA"	""	"TGGAGCTGGACGACTCGGCCCTGTATCTCTGTGCCAGCAGTAGACCTTCCGGGACTAGCGGCCCAAGAGACCCAGTACTTCGGGCCA"	""	"TCRBV5-4*1"	"TCRBD2-1"	"TCRBJ2-5*1"	40	50	61	62	10	1	NA	NA	"TGGAGCTGGACGACTCGGCCCTGTATCTCTGTGCCAGCAGTAGACCTTCCGGGACTAGCGGCCCAAGAGACCCAGTACTTCGGGCCA"	FALSE	FALSE	NA	NA	NA	NA
"CAGGTAGTGCGAGGAGATTCGGCAGCTTATTTCTGTGCCAGCTCACCAAAGTCCGGGGTGAACACCGGGGAGCTGTTTTTTGGAGAA"	"CASSPKSGVNTGELFF"	"CAGGTAGTGCGAGGAGATTCGGCAGCTTATTTCTGTGCCAGCTCACCAAAGTCCGGGGTGAACACCGGGGAGCTGTTTTTTGGAGAA"	"CASSPKSGVNTGELFF"	"TCRBV18-1*1"	"TCRBD2-1*1"	"TCRBJ2-2*1"	48	53	58	59	5	1	NA	NA	"CAGGTAGTGCGAGGAGATTCGGCAGCTTATTTCTGTGCCAGCTCACCAAAGTCCGGGGTGAACACCGGGGAGCTGTTTTTTGGAGAA"	FALSE	TRUE	NA	NA	NA	NA
"GCCCTGCAGCCAGAAGACTCAGCCCTGTATCTCTGCGCCAGCAGCCAAGATAGGCGGGAGGGGTACAATGAGCAGTTCTTCGGGCCA"	"CASSQDRREGYNEQFF"	"GCCCTGCAGCCAGAAGACTCAGCCCTGTATCTCTGCGCCAGCAGCCAAGATAGGCGGGAGGGGTACAATGAGCAGTTCTTCGGGCCA"	"CASSQDRREGYNEQFF"	"TCRBV4-1*1"	"TCRBD2-1*2"	"TCRBJ2-1*1"	50	53	62	63	3	1	NA	NA	"GCCCTGCAGCCAGAAGACTCAGCCCTGTATCTCTGCGCCAGCAGCCAAGATAGGCGGGAGGGGTACAATGAGCAGTTCTTCGGGCCA"	FALSE	TRUE	NA	NA	NA	NA
"CACGCCCTGCAGCCAGAAGACTCAGCCCTGTATCTCTGCGCCAGCAGTATGGGGGGCGCTAGCTCCTACGAGCAGTACTTCGGGCCG"	"CASSMGGASSYEQYF"	"CACGCCCTGCAGCCAGAAGACTCAGCCCTGTATCTCTGCGCCAGCAGTATGGGGGGCGCTAGCTCCTACGAGCAGTACTTCGGGCCG"	"CASSMGGASSYEQYF"	"TCRBV4-1*1"	NA	"TCRBJ2-7*1"	47	51	57	62	4	5	NA	NA	"CACGCCCTGCAGCCAGAAGACTCAGCCCTGTATCTCTGCGCCAGCAGTATGGGGGGCGCTAGCTCCTACGAGCAGTACTTCGGGCCG"	FALSE	TRUE	NA	NA	NA	NA
"GAGTCCGCTACCCGCTCCCAGACATCTGTGTATTTCTGCGCCAGCAGTGAACCGGGACGGAAGAACACTGAAGCTTTCTTTGGACAA"	"CASSEPGRKNTEAFF"	"GAGTCCGCTACCCGCTCCCAGACATCTGTGTATTTCTGCGCCAGCAGTGAACCGGGACGGAAGAACACTGAAGCTTTCTTTGGACAA"	"CASSEPGRKNTEAFF"	"TCRBV1-2*1"	NA	"TCRBJ1-1*1"	50	53	58	62	3	4	NA	NA	"GAGTCCGCTACCCGCTCCCAGACATCTGTGTATTTCTGCGCCAGCAGTGAACCGGGACGGAAGAACACTGAAGCTTTCTTTGGACAA"	FALSE	TRUE	NA	NA	NA	NA
"ACTCTGGAGTCAGCTACCAGCTCCCAGACATCTGTGTACTTCTGTGCCATCAGTGAAGGCAGCCAAGGGGGCTACACCTTCGGTTCG"	"CAISEGSQGGYTF"	"ACTCTGGAGTCAGCTACCAGCTCCCAGACATCTGTGTACTTCTGTGCCATCAGTGAAGGCAGCCAAGGGGGCTACACCTTCGGTTCG"	"CAISEGSQGGYTF"	"TCRBV1-3*1"	NA	"TCRBJ1-2*1"	56	65	-1	69	9	70	NA	NA	"ACTCTGGAGTCAGCTACCAGCTCCCAGACATCTGTGTACTTCTGTGCCATCAGTGAAGGCAGCCAAGGGGGCTACACCTTCGGTTCG"	FALSE	TRUE	NA	NA	NA	NA
"ACAGTGACCAGTGCCCATCCTGAAGACAGCAGCTTCTACATCTGCAGTGTCCCTATGGAAGCTTCAGATACGCAGTATTTTGGCCCA"	"CSVPMEASDTQYF"	"ACAGTGACCAGTGCCCATCCTGAAGACAGCAGCTTCTACATCTGCAGTGTCCCTATGGAAGCTTCAGATACGCAGTATTTTGGCCCA"	"CSVPMEASDTQYF"	NA	NA	"TCRBJ2-3*1"	49	56	59	64	7	5	NA	NA	"ACAGTGACCAGTGCCCATCCTGAAGACAGCAGCTTCTACATCTGCAGTGTCCCTATGGAAGCTTCAGATACGCAGTATTTTGGCCCA"	FALSE	TRUE	NA	NA	NA	NA
"CACGTTGGCGTCTGCTGTACCCTCTCAGACATCTGTGTACTTCTGTGCCAGCAGGGACAGGGACACAATGAGCAGTTCTTCGGGCCA"	""	"CACGTTGGCGTCTGCTGTACCCTCTCAGACATCTGTGTACTTCTGTGCCAGCAGGGACAGGGACACAATGAGCAGTTCTTCGGGCCA"	""	"TCRBV6-4*1"	NA	"TCRBJ2-1*1"	58	59	-1	64	1	65	NA	NA	"CACGTTGGCGTCTGCTGTACCCTCTCAGACATCTGTGTACTTCTGTGCCAGCAGGGACAGGGACACAATGAGCAGTTCTTCGGGCCA"	FALSE	FALSE	NA	NA	NA	NA
"AACGCCTTGGAGCTGGACGACTCGGCCCTGTATCTCTGTGCCAGCAGCCGGGGACTAGAAGACACCGGGGAGCTGTTTTTTGGAGAA"	"CASSRGLEDTGELFF"	"AACGCCTTGGAGCTGGACGACTCGGCCCTGTATCTCTGTGCCAGCAGCCGGGGACTAGAAGACACCGGGGAGCTGTTTTTTGGAGAA"	"CASSRGLEDTGELFF"	"TCRBV5-4*1"	"TCRBD2-1"	"TCRBJ2-2*1"	48	50	58	61	2	3	NA	NA	"AACGCCTTGGAGCTGGACGACTCGGCCCTGTATCTCTGTGCCAGCAGCCGGGGACTAGAAGACACCGGGGAGCTGTTTTTTGGAGAA"	FALSE	TRUE	NA	NA	NA	NA
"AGCGCACAGAGCGGGGGGACTCAGCCGTGTATCTCTGTGCCAGCATCTGACCCGACAGGAACAACCTACGAGCAGTACTTCGGGCCG"	""	"AGCGCACAGAGCGGGGGGACTCAGCCGTGTATCTCTGTGCCAGCATCTGACCCGACAGGAACAACCTACGAGCAGTACTTCGGGCCG"	""	"TCRBV7-3*1"	"TCRBD1-1*1"	"TCRBJ2-7*1"	45	53	59	64	8	5	NA	NA	"AGCGCACAGAGCGGGGGGACTCAGCCGTGTATCTCTGTGCCAGCATCTGACCCGACAGGAACAACCTACGAGCAGTACTTCGGGCCG"	FALSE	FALSE	NA	NA	NA	NA
"TGTGAGCACCTTGGAGCTGGGGGACTCGGCCCTTTATCTTTGCGCCAGCCTCAACAGGGTCGCCGTGAAAAACTGTTTTTTGGCAGT"	""	"TGTGAGCACCTTGGAGCTGGGGGACTCGGCCCTTTATCTTTGCGCCAGCCTCAACAGGGTCGCCGTGAAAAACTGTTTTTTGGCAGT"	""	"TCRBV5-1*1"	"TCRBD1-1*1"	"TCRBJ1-4*1"	49	53	59	65	4	6	NA	NA	"TGTGAGCACCTTGGAGCTGGGGGACTCGGCCCTTTATCTTTGCGCCAGCCTCAACAGGGTCGCCGTGAAAAACTGTTTTTTGGCAGT"	FALSE	FALSE	NA	NA	NA	NA
"CTCAGTGACTCTGGCTTCTATCTCTGTGCCTGGAGTGTAGTTTTCCGGGACGCCCGAGCGGGGGCCAACGTCCTGACTTTCGGGGCC"	"CAWSVVFRDARAGANVLTF"	"CTCAGTGACTCTGGCTTCTATCTCTGTGCCTGGAGTGTAGTTTTCCGGGACGCCCGAGCGGGGGCCAACGTCCTGACTTTCGGGGCC"	"CAWSVVFRDARAGANVLTF"	"TCRBV3-1"	NA	"TCRBJ2-6*1"	38	46	51	60	8	9	NA	NA	"CTCAGTGACTCTGGCTTCTATCTCTGTGCCTGGAGTGTAGTTTTCCGGGACGCCCGAGCGGGGGCCAACGTCCTGACTTTCGGGGCC"	FALSE	TRUE	NA	NA	NA	NA
"AAGAAGCTCCTTCTCAGTGACTCTGGCTTCTATCTCTGTGCCTGGAGTGTACCGGCTCTGGGCACAGATACGCAGTATTTTGGCCCA"	"CAWSVPALGTDTQYF"	"AAGAAGCTCCTTCTCAGTGACTCTGGCTTCTATCTCTGTGCCTGGAGTGTACCGGCTCTGGGCACAGATACGCAGTATTTTGGCCCA"	"CAWSVPALGTDTQYF"	"TCRBV3-1*1"	NA	"TCRBJ2-3*1"	50	53	56	61	3	5	NA	NA	"AAGAAGCTCCTTCTCAGTGACTCTGGCTTCTATCTCTGTGCCTGGAGTGTACCGGCTCTGGGCACAGATACGCAGTATTTTGGCCCA"	FALSE	TRUE	NA	NA	NA	NA
"AAGATCCGGTCCACAAAGCTGGAGGACTCAGCCATGTACTTCTGTGCCAGCAGGTTCCAGGGTTCCGGGGAGCTGTTTTTTGGAGAA"	"CASRFQGSGELFF"	"AAGATCCGGTCCACAAAGCTGGAGGACTCAGCCATGTACTTCTGTGCCAGCAGGTTCCAGGGTTCCGGGGAGCTGTTTTTTGGAGAA"	"CASRFQGSGELFF"	"TCRBV2-1"	"TCRBD1-1*1"	"TCRBJ2-2*1"	53	57	62	64	4	2	NA	NA	"AAGATCCGGTCCACAAAGCTGGAGGACTCAGCCATGTACTTCTGTGCCAGCAGGTTCCAGGGTTCCGGGGAGCTGTTTTTTGGAGAA"	FALSE	TRUE	NA	NA	NA	NA
"GTGACATCGGCCCAAAAGAACCCGACAGCTTTCTATCTCTGTGCCAGTGAAATGGGGGGAGTGGGCAATGAGCAGTTCTTCGGGCCA"	"CASEMGGVGNEQFF"	"GTGACATCGGCCCAAAAGAACCCGACAGCTTTCTATCTCTGTGCCAGTGAAATGGGGGGAGTGGGCAATGAGCAGTTCTTCGGGCCA"	"CASEMGGVGNEQFF"	"TCRBV19-1*1"	"TCRBD2-1*1"	"TCRBJ2-1*1"	48	53	59	65	5	6	NA	NA	"GTGACATCGGCCCAAAAGAACCCGACAGCTTTCTATCTCTGTGCCAGTGAAATGGGGGGAGTGGGCAATGAGCAGTTCTTCGGGCCA"	FALSE	TRUE	NA	NA	NA	NA
"CGGCTGCTCCCTCCCAGACATCTGTGTACTTCTGTGCCAGCAGCGACAGGGGGAGTTAGGGCCTACAATGAGCAGTTCTTCGGGCCA"	""	"CGGCTGCTCCCTCCCAGACATCTGTGTACTTCTGTGCCAGCAGCGACAGGGGGAGTTAGGGCCTACAATGAGCAGTTCTTCGGGCCA"	""	NA	"TCRBD1-1*1"	"TCRBJ2-1*1"	43	44	53	61	1	8	NA	NA	"CGGCTGCTCCCTCCCAGACATCTGTGTACTTCTGTGCCAGCAGCGACAGGGGGAGTTAGGGCCTACAATGAGCAGTTCTTCGGGCCA"	FALSE	FALSE	NA	NA	NA	NA
"CAGCCTGCAGAGCTTGGGGACTCGGCCGTGTATCTCTGTGCCAGCAGCCTAGAAGGAGGGATGAACACTGAAGCTTTCTTTGGACAA"	"CASSLEGGMNTEAFF"	"CAGCCTGCAGAGCTTGGGGACTCGGCCGTGTATCTCTGTGCCAGCAGCCTAGAAGGAGGGATGAACACTGAAGCTTTCTTTGGACAA"	"CASSLEGGMNTEAFF"	"TCRBV11-3*1"	"TCRBD2-1*2"	"TCRBJ1-1*1"	53	54	60	61	1	1	NA	NA	"CAGCCTGCAGAGCTTGGGGACTCGGCCGTGTATCTCTGTGCCAGCAGCCTAGAAGGAGGGATGAACACTGAAGCTTTCTTTGGACAA"	FALSE	TRUE	NA	NA	NA	NA
"ATCCAGCGCACAGAGCAGGGGGACTCGGCCATGTATCTCTGTGCCAGCAGCCCCCAGACTAGCGGATACGAGCAGTACTTCGGGCCG"	"CASSPQTSGYEQYF"	"ATCCAGCGCACAGAGCAGGGGGACTCGGCCATGTATCTCTGTGCCAGCAGCCCCCAGACTAGCGGATACGAGCAGTACTTCGGGCCG"	"CASSPQTSGYEQYF"	"TCRBV7-9*1"	"TCRBD2-1"	"TCRBJ2-7*1"	51	56	65	66	5	1	NA	NA	"ATCCAGCGCACAGAGCAGGGGGACTCGGCCATGTATCTCTGTGCCAGCAGCCCCCAGACTAGCGGATACGAGCAGTACTTCGGGCCG"	FALSE	TRUE	NA	NA	NA	NA
"CGGTCCACAAAGCTGGAGGACTCAGCCATGTACTTCTGTGCCAGCAGAGAGGACAGGGGGTCCTACAATGAGCAGTTCTTCGGGCCA"	"CASREDRGSYNEQFF"	"CGGTCCACAAAGCTGGAGGACTCAGCCATGTACTTCTGTGCCAGCAGAGAGGACAGGGGGTCCTACAATGAGCAGTTCTTCGGGCCA"	"CASREDRGSYNEQFF"	"TCRBV2-1"	"TCRBD1-1*1"	"TCRBJ2-1*1"	47	50	-1	60	3	61	NA	NA	"CGGTCCACAAAGCTGGAGGACTCAGCCATGTACTTCTGTGCCAGCAGAGAGGACAGGGGGTCCTACAATGAGCAGTTCTTCGGGCCA"	FALSE	TRUE	NA	NA	NA	NA
"GAGTCGCCCAGCCCCAACCAGACCTCTCTGTACTTCTGTGCCAGCAGTTTAGACGGGAGGTACTCCTACGAGCAGTACTTCGGGCCG"	"CASSLDGRYSYEQYF"	"GAGTCGCCCAGCCCCAACCAGACCTCTCTGTACTTCTGTGCCAGCAGTTTAGACGGGAGGTACTCCTACGAGCAGTACTTCGGGCCG"	"CASSLDGRYSYEQYF"	"TCRBV27-1*1"	"TCRBD2-1*2"	"TCRBJ2-7*1"	51	53	60	62	2	2	NA	NA	"GAGTCGCCCAGCCCCAACCAGACCTCTCTGTACTTCTGTGCCAGCAGTTTAGACGGGAGGTACTCCTACGAGCAGTACTTCGGGCCG"	FALSE	TRUE	NA	NA	NA	NA
"ACCCTGCAGCCAGAAGACTCGGCCCTGTATCTCTGTGCCAGCAGCCACCTTACTAGCGGGAGGACAGATACGCAGTATTTTGGCCCA"	"CASSHLTSGRTDTQYF"	"ACCCTGCAGCCAGAAGACTCGGCCCTGTATCTCTGTGCCAGCAGCCACCTTACTAGCGGGAGGACAGATACGCAGTATTTTGGCCCA"	"CASSHLTSGRTDTQYF"	"TCRBV4-2*1"	"TCRBD2-1*2"	"TCRBJ2-3*1"	47	51	-1	63	4	64	NA	NA	"ACCCTGCAGCCAGAAGACTCGGCCCTGTATCTCTGTGCCAGCAGCCACCTTACTAGCGGGAGGACAGATACGCAGTATTTTGGCCCA"	FALSE	TRUE	NA	NA	NA	NA
"CAGCGCACAGAGCAGCGGGACTCGGCCATGTATCGCTGTGCCAGCAGCTTAGCCAGGCTAAGCACAGATACGCAGTATTTTGGCCCA"	"CASSLARLSTDTQYF"	"CAGCGCACAGAGCAGCGGGACTCGGCCATGTATCGCTGTGCCAGCAGCTTAGCCAGGCTAAGCACAGATACGCAGTATTTTGGCCCA"	"CASSLARLSTDTQYF"	"TCRBV7-6*1"	"TCRBD1-1*1"	"TCRBJ2-3*1"	-1	53	57	60	54	3	NA	NA	"CAGCGCACAGAGCAGCGGGACTCGGCCATGTATCGCTGTGCCAGCAGCTTAGCCAGGCTAAGCACAGATACGCAGTATTTTGGCCCA"	FALSE	TRUE	NA	NA	NA	NA
"ACCTTGGAGCTGGGGGACTCGGCCCTTTATCTTTGCGCCAGCAGCCCGACGCCAGGGAGAGGGGGCTATGGCTACACCTTCGGTTCG"	"CASSPTPGRGGYGYTF"	"ACCTTGGAGCTGGGGGACTCGGCCCTTTATCTTTGCGCCAGCAGCCCGACGCCAGGGAGAGGGGGCTATGGCTACACCTTCGGTTCG"	"CASSPTPGRGGYGYTF"	"TCRBV5-1*1"	"TCRBD1-1*1"	"TCRBJ1-2*1"	45	59	-1	65	14	66	NA	NA	"ACCTTGGAGCTGGGGGACTCGGCCCTTTATCTTTGCGCCAGCAGCCCGACGCCAGGGAGAGGGGGCTATGGCTACACCTTCGGTTCG"	FALSE	TRUE	NA	NA	NA	NA
"CTGACAGTGACCAGTGCCCATCCTGAAGACAGCAGCTTCTACATCTGCAGTGCTCCCAGGGGCGACTATGGCTACACCTTCGGTTCG"	"CSAPRGDYGYTF"	"CTGACAGTGACCAGTGCCCATCCTGAAGACAGCAGCTTCTACATCTGCAGTGCTCCCAGGGGCGACTATGGCTACACCTTCGGTTCG"	"CSAPRGDYGYTF"	NA	"TCRBD1-1*1"	"TCRBJ1-2*1"	54	56	62	64	2	2	NA	NA	"CTGACAGTGACCAGTGCCCATCCTGAAGACAGCAGCTTCTACATCTGCAGTGCTCCCAGGGGCGACTATGGCTACACCTTCGGTTCG"	FALSE	TRUE	NA	NA	NA	NA
"CTCTCTGTACTTCTGTGCCAGCAGACCTCTGGGTCCAAGGACTAGCGGGAGGGGCAGGTGGGAAACAATGAGCAGTTCTTCGGGCCA"	""	"CTCTCTGTACTTCTGTGCCAGCAGACCTCTGGGTCCAAGGACTAGCGGGAGGGGCAGGTGGGAAACAATGAGCAGTTCTTCGGGCCA"	""	"TCRBV27-1*1"	"TCRBD2-1*2"	"TCRBJ2-1*1"	24	38	53	64	14	11	NA	NA	"CTCTCTGTACTTCTGTGCCAGCAGACCTCTGGGTCCAAGGACTAGCGGGAGGGGCAGGTGGGAAACAATGAGCAGTTCTTCGGGCCA"	FALSE	FALSE	NA	NA	NA	NA
"CATCCTGAAGACAGCAGCTTCTACATCTGCAGTGCTTCCCCCCAGGAGTAGGGGAACTAGCGAGGGACTACGCAGTATTTTGGCCCA"	"CSASPQE*GN*RGTTQYF"	"CATCCTGAAGACAGCAGCTTCTACATCTGCAGTGCTTCCCCCCAGGAGTAGGGGAACTAGCGAGGGACTACGCAGTATTTTGGCCCA"	"CSASPQE*GN*RGTTQYF"	NA	"TCRBD2-1"	"TCRBJ2-3*1"	36	55	62	68	19	6	NA	NA	"CATCCTGAAGACAGCAGCTTCTACATCTGCAGTGCTTCCCCCCAGGAGTAGGGGAACTAGCGAGGGACTACGCAGTATTTTGGCCCA"	FALSE	TRUE	NA	NA	NA	NA
"CAGCCCTCAGAACCCAGGGACTCAGCTGTGTACTTCTGTGCCAGCAGTCAGCAGGGACTAGGGCTGGGCGAGCAGTACTTCGGGCCG"	"CASSQQGLGLGEQYF"	"CAGCCCTCAGAACCCAGGGACTCAGCTGTGTACTTCTGTGCCAGCAGTCAGCAGGGACTAGGGCTGGGCGAGCAGTACTTCGGGCCG"	"CASSQQGLGLGEQYF"	NA	"TCRBD2-1"	"TCRBJ2-7*1"	48	53	61	68	5	7	NA	NA	"CAGCCCTCAGAACCCAGGGACTCAGCTGTGTACTTCTGTGCCAGCAGTCAGCAGGGACTAGGGCTGGGCGAGCAGTACTTCGGGCCG"	FALSE	TRUE	NA	NA	NA	NA
"GCGTCTGCTGTACCCTCTCAGACATCTGTGTACTTCTGTGCCAGCAGTCATGAGGGAGAAAAATACAATGAGCAGTTCTTCGGGCCA"	"CASSHEGEKYNEQFF"	"GCGTCTGCTGTACCCTCTCAGACATCTGTGTACTTCTGTGCCAGCAGTCATGAGGGAGAAAAATACAATGAGCAGTTCTTCGGGCCA"	"CASSHEGEKYNEQFF"	"TCRBV6-4*1"	"TCRBD2-1*2"	"TCRBJ2-1*1"	48	53	58	63	5	5	NA	NA	"GCGTCTGCTGTACCCTCTCAGACATCTGTGTACTTCTGTGCCAGCAGTCATGAGGGAGAAAAATACAATGAGCAGTTCTTCGGGCCA"	FALSE	TRUE	NA	NA	NA	NA
"CTGGAGTCCGCCAGCACCAACCAGACATCTATGTACCTCTGTGCCAGTTTCAGACAGGGACTAAATCAGCCCCAGCATTTTGGTGAT"	"CASFRQGLNQPQHF"	"CTGGAGTCCGCCAGCACCAACCAGACATCTATGTACCTCTGTGCCAGTTTCAGACAGGGACTAAATCAGCCCCAGCATTTTGGTGAT"	"CASFRQGLNQPQHF"	"TCRBV28-1*1"	NA	"TCRBJ1-5*1"	47	52	59	63	5	4	NA	NA	"CTGGAGTCCGCCAGCACCAACCAGACATCTATGTACCTCTGTGCCAGTTTCAGACAGGGACTAAATCAGCCCCAGCATTTTGGTGAT"	FALSE	TRUE	NA	NA	NA	NA
"AAGAACCCGACAGCTTTCTATCTCTGTGCCAGTAGTATTGCGTAATAGCGGGAGGGCCTCTCCTACAATGAGCAGTTCTTCGGGCCA"	"CASSIA**REGLSYNEQFF"	"AAGAACCCGACAGCTTTCTATCTCTGTGCCAGTAGTATTGCGTAATAGCGGGAGGGCCTCTCCTACAATGAGCAGTTCTTCGGGCCA"	"CASSIA**REGLSYNEQFF"	"TCRBV19-1*1"	"TCRBD2-1*2"	"TCRBJ2-1*1"	38	45	56	59	7	3	NA	NA	"AAGAACCCGACAGCTTTCTATCTCTGTGCCAGTAGTATTGCGTAATAGCGGGAGGGCCTCTCCTACAATGAGCAGTTCTTCGGGCCA"	FALSE	TRUE	NA	NA	NA	NA
"ACGATCCAGCGCACACAGCAGGAGGACTCCGCCGTGTATCTCTGTGCCAGCCGAGGGGGAAGCGGCTATGGCTACACCTTCGGTTCG"	"CASRGGSGYGYTF"	"ACGATCCAGCGCACACAGCAGGAGGACTCCGCCGTGTATCTCTGTGCCAGCCGAGGGGGAAGCGGCTATGGCTACACCTTCGGTTCG"	"CASRGGSGYGYTF"	"TCRBV7-8"	"TCRBD1-1*1"	"TCRBJ1-2*1"	51	53	59	65	2	6	NA	NA	"ACGATCCAGCGCACACAGCAGGAGGACTCCGCCGTGTATCTCTGTGCCAGCCGAGGGGGAAGCGGCTATGGCTACACCTTCGGTTCG"	FALSE	TRUE	NA	NA	NA	NA
"AACGCCTTGTTGCTGGGGGACTCGGCCCTCTATCTCTGTGCCAGCAGCCTGAGGGACTATAGCACAGATACGCAGTATTTTGGCCCA"	"CASSLRDYSTDTQYF"	"AACGCCTTGTTGCTGGGGGACTCGGCCCTCTATCTCTGTGCCAGCAGCCTGAGGGACTATAGCACAGATACGCAGTATTTTGGCCCA"	"CASSLRDYSTDTQYF"	"TCRBV5-6*1"	"TCRBD2-1"	"TCRBJ2-3*1"	48	52	59	60	4	1	NA	NA	"AACGCCTTGTTGCTGGGGGACTCGGCCCTCTATCTCTGTGCCAGCAGCCTGAGGGACTATAGCACAGATACGCAGTATTTTGGCCCA"	FALSE	TRUE	NA	NA	NA	NA
"TGAGCAACATGAGCCCTGAAGACAGCAGCATATATCTCTGCAGCGTATTCACAGGCAATCTCCTACAATGAGCAGTTCTTCGGGCCA"	""	"TGAGCAACATGAGCCCTGAAGACAGCAGCATATATCTCTGCAGCGTATTCACAGGCAATCTCCTACAATGAGCAGTTCTTCGGGCCA"	""	"TCRBV29-1"	"TCRBD1-1*1"	"TCRBJ2-1*1"	46	50	55	59	4	4	NA	NA	"TGAGCAACATGAGCCCTGAAGACAGCAGCATATATCTCTGCAGCGTATTCACAGGCAATCTCCTACAATGAGCAGTTCTTCGGGCCA"	FALSE	FALSE	NA	NA	NA	NA
"GACTGTGAGCAACATGAGCCCTGAAGACAGCAGCATATATCTCTGCAGCGCTGGACGGGACCCTACTATGGCTACACCTTCGGTTCG"	""	"GACTGTGAGCAACATGAGCCCTGAAGACAGCAGCATATATCTCTGCAGCGCTGGACGGGACCCTACTATGGCTACACCTTCGGTTCG"	""	"TCRBV29-1*3"	NA	"TCRBJ1-2*1"	51	56	61	64	5	3	NA	NA	"GACTGTGAGCAACATGAGCCCTGAAGACAGCAGCATATATCTCTGCAGCGCTGGACGGGACCCTACTATGGCTACACCTTCGGTTCG"	FALSE	FALSE	NA	NA	NA	NA
"ACCCTGCAGCCAGAAGACTCGGCCCTGTATCTCTGTGCCAGCAGCCAAGATAATCGGTTGGTGAACACTGAAGCTTTCTTTGGACAA"	"CASSQDNRLVNTEAFF"	"ACCCTGCAGCCAGAAGACTCGGCCCTGTATCTCTGTGCCAGCAGCCAAGATAATCGGTTGGTGAACACTGAAGCTTTCTTTGGACAA"	"CASSQDNRLVNTEAFF"	"TCRBV4-2*1"	"TCRBD2-1"	"TCRBJ1-1*1"	50	54	57	61	4	4	NA	NA	"ACCCTGCAGCCAGAAGACTCGGCCCTGTATCTCTGTGCCAGCAGCCAAGATAATCGGTTGGTGAACACTGAAGCTTTCTTTGGACAA"	FALSE	TRUE	NA	NA	NA	NA
"GCCCTGCAGCCAGAAGACTCAGCCCTGTATCTCTGCGCCAGCAGCCAGAGACTAGCGGGAGGGACCTACGAGCAGTACTTCGGGCCG"	"CASSQRLAGGTYEQYF"	"GCCCTGCAGCCAGAAGACTCAGCCCTGTATCTCTGCGCCAGCAGCCAGAGACTAGCGGGAGGGACCTACGAGCAGTACTTCGGGCCG"	"CASSQRLAGGTYEQYF"	"TCRBV4-1*1"	"TCRBD2-1*2"	"TCRBJ2-7*1"	47	49	63	64	2	1	NA	NA	"GCCCTGCAGCCAGAAGACTCAGCCCTGTATCTCTGCGCCAGCAGCCAGAGACTAGCGGGAGGGACCTACGAGCAGTACTTCGGGCCG"	FALSE	TRUE	NA	NA	NA	NA
"CCAGCGCACAGAGCAGGGGGACTCAGCTGTGTATCTCTGTGCCAGCATAGCCAGACAGGGGGCCAAGAGACCCAGTACTTCGGGCCA"	""	"CCAGCGCACAGAGCAGGGGGACTCAGCTGTGTATCTCTGTGCCAGCATAGCCAGACAGGGGGCCAAGAGACCCAGTACTTCGGGCCA"	""	"TCRBV7-4*1"	"TCRBD1-1*1"	"TCRBJ2-5*1"	47	53	-1	62	6	63	NA	NA	"CCAGCGCACAGAGCAGGGGGACTCAGCTGTGTATCTCTGTGCCAGCATAGCCAGACAGGGGGCCAAGAGACCCAGTACTTCGGGCCA"	FALSE	FALSE	NA	NA	NA	NA
"AAGAAGACTCAGCTGCGTATCTCTGCACCAGCAGCTTCTTATGACAGAGGGCAAGAAAGCTCTGGAAACACCATATATTTTGGAGAG"	""	"AAGAAGACTCAGCTGCGTATCTCTGCACCAGCAGCTTCTTATGACAGAGGGCAAGAAAGCTCTGGAAACACCATATATTTTGGAGAG"	""	"TCRBV1-1*1"	NA	"TCRBJ1-3*1"	35	42	47	59	7	12	NA	NA	"AAGAAGACTCAGCTGCGTATCTCTGCACCAGCAGCTTCTTATGACAGAGGGCAAGAAAGCTCTGGAAACACCATATATTTTGGAGAG"	FALSE	FALSE	NA	NA	NA	NA
"CGCACAGAGCAGGGGGACTCGGCCATGTATCTCTGTGCCAGCAGCAAAACACTAGCGGGAGGCTCCTACGAGCAGTACTTCGGGCCG"	"CASSKTLAGGSYEQYF"	"CGCACAGAGCAGGGGGACTCGGCCATGTATCTCTGTGCCAGCAGCAAAACACTAGCGGGAGGCTCCTACGAGCAGTACTTCGGGCCG"	"CASSKTLAGGSYEQYF"	"TCRBV7-9"	"TCRBD2-1*2"	"TCRBJ2-7*1"	45	50	-1	62	5	63	NA	NA	"CGCACAGAGCAGGGGGACTCGGCCATGTATCTCTGTGCCAGCAGCAAAACACTAGCGGGAGGCTCCTACGAGCAGTACTTCGGGCCG"	FALSE	TRUE	NA	NA	NA	NA
"GTGACCAGTGCCCATCCTGAAGACAGCAGCTTCTACATCTGCAGTGCTACCCGACAGAGCAATAATTCACCCCTCCACTTTGGGAAT"	"CSATRQSNNSPLHF"	"GTGACCAGTGCCCATCCTGAAGACAGCAGCTTCTACATCTGCAGTGCTACCCGACAGAGCAATAATTCACCCCTCCACTTTGGGAAT"	"CSATRQSNNSPLHF"	NA	"TCRBD1-1*1"	"TCRBJ1-6*1"	49	52	57	61	3	4	NA	NA	"GTGACCAGTGCCCATCCTGAAGACAGCAGCTTCTACATCTGCAGTGCTACCCGACAGAGCAATAATTCACCCCTCCACTTTGGGAAT"	FALSE	TRUE	NA	NA	NA	NA
"NNNNNNNNNNTGTCGGCTGCTCCCTCCCAGACATCTGTGTACTTCTGTGCCACTGGACAGTCGGCCGGCGAGCAGTACTTCGGGCCG"	"CATGQSAGEQYF"	"NNNNNNNNNNTGTCGGCTGCTCCCTCCCAGACATCTGTGTACTTCTGTGCCACTGGACAGTCGGCCGGCGAGCAGTACTTCGGGCCG"	"CATGQSAGEQYF"	"TCRBV6-5*1"	"TCRBD1-1*1"	"TCRBJ2-7*1"	52	54	60	68	2	8	NA	NA	"NNNNNNNNNNTGTCGGCTGCTCCCTCCCAGACATCTGTGTACTTCTGTGCCACTGGACAGTCGGCCGGCGAGCAGTACTTCGGGCCG"	FALSE	TRUE	NA	NA	NA	NA
"CAGCCCTCAGAACCCAGGGACTCAGCTGTGTACTTCTGTGCCAGCAGTCATTTAGCGGGAAAGGAAAATGAGCAGTTCTTCGGGCCA"	"CASSHLAGKENEQFF"	"CAGCCCTCAGAACCCAGGGACTCAGCTGTGTACTTCTGTGCCAGCAGTCATTTAGCGGGAAAGGAAAATGAGCAGTTCTTCGGGCCA"	"CASSHLAGKENEQFF"	NA	"TCRBD2-1*2"	"TCRBJ2-1*1"	48	52	60	66	4	6	NA	NA	"CAGCCCTCAGAACCCAGGGACTCAGCTGTGTACTTCTGTGCCAGCAGTCATTTAGCGGGAAAGGAAAATGAGCAGTTCTTCGGGCCA"	FALSE	TRUE	NA	NA	NA	NA
"AGGCCCTCACATACCTCTCAGTACCTCTGTGCCAGCAGTGAATACCCAGGGGCTAGCGACAGCTCCTACGAGCAGTACTTCGGGCCG"	"CASSEYPGASDSSYEQYF"	"AGGCCCTCACATACCTCTCAGTACCTCTGTGCCAGCAGTGAATACCCAGGGGCTAGCGACAGCTCCTACGAGCAGTACTTCGGGCCG"	"CASSEYPGASDSSYEQYF"	"TCRBV25-1*1"	NA	"TCRBJ2-7*1"	44	46	52	62	2	10	NA	NA	"AGGCCCTCACATACCTCTCAGTACCTCTGTGCCAGCAGTGAATACCCAGGGGCTAGCGACAGCTCCTACGAGCAGTACTTCGGGCCG"	FALSE	TRUE	NA	NA	NA	NA
"CTGGAGCTTGGTGACTCTGCTGTGTATTTCTGTGCCAGCAGCCCCATACTAGGGGGCGCATATAATTCACCCCTCCACTTTGGGAAT"	"CASSPILGGAYNSPLHF"	"CTGGAGCTTGGTGACTCTGCTGTGTATTTCTGTGCCAGCAGCCCCATACTAGGGGGCGCATATAATTCACCCCTCCACTTTGGGAAT"	"CASSPILGGAYNSPLHF"	"TCRBV3-1/3-2*1"	"TCRBD1-1*1"	"TCRBJ1-6*1"	43	50	57	60	7	3	NA	NA	"CTGGAGCTTGGTGACTCTGCTGTGTATTTCTGTGCCAGCAGCCCCATACTAGGGGGCGCATATAATTCACCCCTCCACTTTGGGAAT"	FALSE	TRUE	NA	NA	NA	NA
"NNNNNNNNNNNNNTGTCGGCTGCTCCCTCCCAGACATCTGTGTACTTCTGTGCCTCGGCGAGAGACAATGAGCAGTTCTTCGGGCCA"	"CASARDNEQFF"	"NNNNNNNNNNNNNTGTCGGCTGCTCCCTCCCAGACATCTGTGTACTTCTGTGCCTCGGCGAGAGACAATGAGCAGTTCTTCGGGCCA"	"CASARDNEQFF"	"TCRBV6-5*1"	NA	"TCRBJ2-1*1"	54	56	59	64	2	5	NA	NA	"NNNNNNNNNNNNNTGTCGGCTGCTCCCTCCCAGACATCTGTGTACTTCTGTGCCTCGGCGAGAGACAATGAGCAGTTCTTCGGGCCA"	FALSE	TRUE	NA	NA	NA	NA
"CAGCCTGCAAAGCTTGAGGACTCGGCCGTGTATCTCTGTGCCAGCAGCTTAGCAGCGACCCGACACTACGAGCAGTACTTCGGGCCG"	"CASSLAATRHYEQYF"	"CAGCCTGCAAAGCTTGAGGACTCGGCCGTGTATCTCTGTGCCAGCAGCTTAGCAGCGACCCGACACTACGAGCAGTACTTCGGGCCG"	"CASSLAATRHYEQYF"	"TCRBV11-2*1"	NA	"TCRBJ2-7*1"	52	61	-1	65	9	66	NA	NA	"CAGCCTGCAAAGCTTGAGGACTCGGCCGTGTATCTCTGTGCCAGCAGCTTAGCAGCGACCCGACACTACGAGCAGTACTTCGGGCCG"	FALSE	TRUE	NA	NA	NA	NA
"GCAGAGCTTGGGGACTCGGCCGTGTATCTCTGTGCCAGCAGCTTAGATTTTAGCGGGAGCGGAACAGATACGCAGTATTTTGGCCCA"	"CASSLDFSGSGTDTQYF"	"GCAGAGCTTGGGGACTCGGCCGTGTATCTCTGTGCCAGCAGCTTAGATTTTAGCGGGAGCGGAACAGATACGCAGTATTTTGGCCCA"	"CASSLDFSGSGTDTQYF"	"TCRBV11-3*1"	"TCRBD2-1*2"	"TCRBJ2-3*1"	47	50	59	63	3	4	NA	NA	"GCAGAGCTTGGGGACTCGGCCGTGTATCTCTGTGCCAGCAGCTTAGATTTTAGCGGGAGCGGAACAGATACGCAGTATTTTGGCCCA"	FALSE	TRUE	NA	NA	NA	NA
"AGTCCGCCAGCACCAACCAGACATCTATGTACCTCTGTGCCAGCAGTCCCGACTAGCGGGAGAACGTATGAGCAGTTCTTCGGGCCA"	""	"AGTCCGCCAGCACCAACCAGACATCTATGTACCTCTGTGCCAGCAGTCCCGACTAGCGGGAGAACGTATGAGCAGTTCTTCGGGCCA"	""	"TCRBV28-1*1"	"TCRBD2-1*2"	"TCRBJ2-1*1"	47	50	62	67	3	5	NA	NA	"AGTCCGCCAGCACCAACCAGACATCTATGTACCTCTGTGCCAGCAGTCCCGACTAGCGGGAGAACGTATGAGCAGTTCTTCGGGCCA"	FALSE	FALSE	NA	NA	NA	NA
"ATCCGGTCCACAAAGCTGGAGGACTCAGCCATGTACTTCTGTGCCAGCAGTGATCGGGGTGGTAATTCACCCCTCCACTTTGGGAAT"	"CASSDRGGNSPLHF"	"ATCCGGTCCACAAAGCTGGAGGACTCAGCCATGTACTTCTGTGCCAGCAGTGATCGGGGTGGTAATTCACCCCTCCACTTTGGGAAT"	"CASSDRGGNSPLHF"	"TCRBV2-1"	"TCRBD2-1*1"	"TCRBJ1-6*1"	53	54	59	62	1	3	NA	NA	"ATCCGGTCCACAAAGCTGGAGGACTCAGCCATGTACTTCTGTGCCAGCAGTGATCGGGGTGGTAATTCACCCCTCCACTTTGGGAAT"	FALSE	TRUE	NA	NA	NA	NA
"ATCCAGCGCACAGAGCAGCGGGACTCGGCCATGTATCGCTGTGCCAGCAGCTTGGGACCGACAGGGAACGAGCAGTACTTCGGGCCG"	"CASSLGPTGNEQYF"	"ATCCAGCGCACAGAGCAGCGGGACTCGGCCATGTATCGCTGTGCCAGCAGCTTGGGACCGACAGGGAACGAGCAGTACTTCGGGCCG"	"CASSLGPTGNEQYF"	"TCRBV7-6*1"	"TCRBD1-1*1"	"TCRBJ2-7*1"	53	59	66	67	6	1	NA	NA	"ATCCAGCGCACAGAGCAGCGGGACTCGGCCATGTATCGCTGTGCCAGCAGCTTGGGACCGACAGGGAACGAGCAGTACTTCGGGCCG"	FALSE	TRUE	NA	NA	NA	NA
"ATTCTGGAGTCCGCCAGCACCAACCAGACATCTATGTACCTCTGTGCCAGCAGTTTACAGAGGGGAGAGACCCAGTACTTCGGGCCA"	"CASSLQRGETQYF"	"ATTCTGGAGTCCGCCAGCACCAACCAGACATCTATGTACCTCTGTGCCAGCAGTTTACAGAGGGGAGAGACCCAGTACTTCGGGCCA"	"CASSLQRGETQYF"	"TCRBV28-1*1"	NA	"TCRBJ2-5*1"	57	60	-1	65	3	66	NA	NA	"ATTCTGGAGTCCGCCAGCACCAACCAGACATCTATGTACCTCTGTGCCAGCAGTTTACAGAGGGGAGAGACCCAGTACTTCGGGCCA"	FALSE	TRUE	NA	NA	NA	NA
"CTGACCCTGGAGTCTGCCAGGCCCTCACATACCTCTCAGTACCTCTGTGCCAGCAGTGACCAGATCTACGAGCAGTACTTCGGGCCG"	"CASSDQIYEQYF"	"CTGACCCTGGAGTCTGCCAGGCCCTCACATACCTCTCAGTACCTCTGTGCCAGCAGTGACCAGATCTACGAGCAGTACTTCGGGCCG"	"CASSDQIYEQYF"	"TCRBV25-1*1"	"TCRBD1-1*1"	"TCRBJ2-7*1"	59	60	63	65	1	2	NA	NA	"CTGACCCTGGAGTCTGCCAGGCCCTCACATACCTCTCAGTACCTCTGTGCCAGCAGTGACCAGATCTACGAGCAGTACTTCGGGCCG"	FALSE	TRUE	NA	NA	NA	NA
"AGTGCCCATCCTGAAGACAGCAGCTTCTACATCTGCAGTGTTCACCCCCTAGATCTAGCTTCCTACAATGAGCAGTTCTTCGGGCCA"	"CSVHPLDLASYNEQFF"	"AGTGCCCATCCTGAAGACAGCAGCTTCTACATCTGCAGTGTTCACCCCCTAGATCTAGCTTCCTACAATGAGCAGTTCTTCGGGCCA"	"CSVHPLDLASYNEQFF"	NA	"TCRBD2-1"	"TCRBJ2-1*1"	40	54	59	60	14	1	NA	NA	"AGTGCCCATCCTGAAGACAGCAGCTTCTACATCTGCAGTGTTCACCCCCTAGATCTAGCTTCCTACAATGAGCAGTTCTTCGGGCCA"	FALSE	TRUE	NA	NA	NA	NA
"GGGACTCAGCTTTGTATTTCTGTGCCAGCAGTCGTAGAGAGTTGGACTAGCGGGAGGGGGTCCTACAATGAGCAGTTCTTCGGGCCA"	""	"GGGACTCAGCTTTGTATTTCTGTGCCAGCAGTCGTAGAGAGTTGGACTAGCGGGAGGGGGTCCTACAATGAGCAGTTCTTCGGGCCA"	""	"TCRBV9-1*1"	"TCRBD2-1*2"	"TCRBJ2-1*1"	31	43	58	60	12	2	NA	NA	"GGGACTCAGCTTTGTATTTCTGTGCCAGCAGTCGTAGAGAGTTGGACTAGCGGGAGGGGGTCCTACAATGAGCAGTTCTTCGGGCCA"	FALSE	FALSE	NA	NA	NA	NA
"GCGTCTGCTGTACCCTCTCAGACATCTGTGTACTTCTGTGCCAGCAGCGAGCTCGGGGAGGTCACAGATACGCAGTATTTTGGCCCA"	"CASSELGEVTDTQYF"	"GCGTCTGCTGTACCCTCTCAGACATCTGTGTACTTCTGTGCCAGCAGCGAGCTCGGGGAGGTCACAGATACGCAGTATTTTGGCCCA"	"CASSELGEVTDTQYF"	"TCRBV6-4*1"	"TCRBD2-1*2"	"TCRBJ2-3*1"	47	55	61	62	8	1	NA	NA	"GCGTCTGCTGTACCCTCTCAGACATCTGTGTACTTCTGTGCCAGCAGCGAGCTCGGGGAGGTCACAGATACGCAGTATTTTGGCCCA"	FALSE	TRUE	NA	NA	NA	NA
"CACAGCACTGTATTTCTGTGCCAGCAGCAAAGCGTGAGACAGGCCCCATTACCAGGCAGAAACACCGGGGAGCTGTTTTTTGGAGAA"	""	"CACAGCACTGTATTTCTGTGCCAGCAGCAAAGCGTGAGACAGGCCCCATTACCAGGCAGAAACACCGGGGAGCTGTTTTTTGGAGAA"	""	"TCRBV21-1*1"	"TCRBD1-1*1"	"TCRBJ2-2*1"	33	37	43	60	4	17	NA	NA	"CACAGCACTGTATTTCTGTGCCAGCAGCAAAGCGTGAGACAGGCCCCATTACCAGGCAGAAACACCGGGGAGCTGTTTTTTGGAGAA"	FALSE	FALSE	NA	NA	NA	NA
"CACGCCCTGCAGCCAGAAGACTCAGCCCTGTATCTCTGCGCCAGCAGCCAAGAGACGGGAGGGTCAAATGAGCAGTTCTTCGGGCCA"	"CASSQETGGSNEQFF"	"CACGCCCTGCAGCCAGAAGACTCAGCCCTGTATCTCTGCGCCAGCAGCCAAGAGACGGGAGGGTCAAATGAGCAGTTCTTCGGGCCA"	"CASSQETGGSNEQFF"	"TCRBV4-1*1"	"TCRBD2-1*2"	"TCRBJ2-1*1"	53	55	63	66	2	3	NA	NA	"CACGCCCTGCAGCCAGAAGACTCAGCCCTGTATCTCTGCGCCAGCAGCCAAGAGACGGGAGGGTCAAATGAGCAGTTCTTCGGGCCA"	FALSE	TRUE	NA	NA	NA	NA
"GTGACCAGTGCCCATCCTGAAGACAGCAGCTTCTACATCTGCAGTGCCCGCGGGACTCTCTCCACCTACGAGCAGTACTTCGGGCCG"	"CSARGTLSTYEQYF"	"GTGACCAGTGCCCATCCTGAAGACAGCAGCTTCTACATCTGCAGTGCCCGCGGGACTCTCTCCACCTACGAGCAGTACTTCGGGCCG"	"CSARGTLSTYEQYF"	NA	"TCRBD2-1"	"TCRBJ2-7*1"	47	51	57	64	4	7	NA	NA	"GTGACCAGTGCCCATCCTGAAGACAGCAGCTTCTACATCTGCAGTGCCCGCGGGACTCTCTCCACCTACGAGCAGTACTTCGGGCCG"	FALSE	TRUE	NA	NA	NA	NA
"CAGCCTGCAGAACTGGAGGATTCTGGAGTTTATTTCTGTGCCAGCAGCCAACTAAATCGACAGAACTATGGCTACACCTTCGGTTCG"	"CASSQLNRQNYGYTF"	"CAGCCTGCAGAACTGGAGGATTCTGGAGTTTATTTCTGTGCCAGCAGCCAACTAAATCGACAGAACTATGGCTACACCTTCGGTTCG"	"CASSQLNRQNYGYTF"	"TCRBV14-1*1"	"TCRBD1-1*1"	"TCRBJ1-2*1"	51	58	-1	63	7	64	NA	NA	"CAGCCTGCAGAACTGGAGGATTCTGGAGTTTATTTCTGTGCCAGCAGCCAACTAAATCGACAGAACTATGGCTACACCTTCGGTTCG"	FALSE	TRUE	NA	NA	NA	NA
"CAGCGCACAGAGCAGCGGGACTCGGCCATGTATCGCTGTGCCAGCAGCTTAGATGGCGGGAGGGCCGGGGAGCTGTTTTTTGGAGAA"	"CASSLDGGRAGELFF"	"CAGCGCACAGAGCAGCGGGACTCGGCCATGTATCGCTGTGCCAGCAGCTTAGATGGCGGGAGGGCCGGGGAGCTGTTTTTTGGAGAA"	"CASSLDGGRAGELFF"	"TCRBV7-6*1"	"TCRBD2-1*2"	"TCRBJ2-2*1"	52	55	-1	64	3	65	NA	NA	"CAGCGCACAGAGCAGCGGGACTCGGCCATGTATCGCTGTGCCAGCAGCTTAGATGGCGGGAGGGCCGGGGAGCTGTTTTTTGGAGAA"	FALSE	TRUE	NA	NA	NA	NA
"GGAGTCGCCCAGCCCCAACCAGACCTCTCTGTACTTCTGTGCCAGCAGTGTCCACTAGCGGGAGAAGAGACCCAGTACTTCGGGCCA"	""	"GGAGTCGCCCAGCCCCAACCAGACCTCTCTGTACTTCTGTGCCAGCAGTGTCCACTAGCGGGAGAAGAGACCCAGTACTTCGGGCCA"	""	"TCRBV27-1*1"	"TCRBD2-1*2"	"TCRBJ2-5*1"	49	53	-1	64	4	65	NA	NA	"GGAGTCGCCCAGCCCCAACCAGACCTCTCTGTACTTCTGTGCCAGCAGTGTCCACTAGCGGGAGAAGAGACCCAGTACTTCGGGCCA"	FALSE	FALSE	NA	NA	NA	NA
"CTGCAGCCAGAAGACTCGGCCCTGTATCTCTGTGCCAGCAGCCAATCGGGGGAAGTATCTGGGGCCAACGTCCTGACTTTCGGGGCC"	"CASSQSGEVSGANVLTF"	"CTGCAGCCAGAAGACTCGGCCCTGTATCTCTGTGCCAGCAGCCAATCGGGGGAAGTATCTGGGGCCAACGTCCTGACTTTCGGGGCC"	"CASSQSGEVSGANVLTF"	"TCRBV4-2*1"	"TCRBD2-1*1"	"TCRBJ2-6*1"	45	46	52	57	1	5	NA	NA	"CTGCAGCCAGAAGACTCGGCCCTGTATCTCTGTGCCAGCAGCCAATCGGGGGAAGTATCTGGGGCCAACGTCCTGACTTTCGGGGCC"	FALSE	TRUE	NA	NA	NA	NA
"GTCGGCTGCTCCCTCCCAGACATCTGTGTACTTCTGTGCCAGCAGTGAAGCGCCGGGCAGAAGAACACTGAAGCTTTCTTTGGACAA"	""	"GTCGGCTGCTCCCTCCCAGACATCTGTGTACTTCTGTGCCAGCAGTGAAGCGCCGGGCAGAAGAACACTGAAGCTTTCTTTGGACAA"	""	"TCRBV6-1*1"	NA	"TCRBJ1-1*1"	51	54	58	62	3	4	NA	NA	"GTCGGCTGCTCCCTCCCAGACATCTGTGTACTTCTGTGCCAGCAGTGAAGCGCCGGGCAGAAGAACACTGAAGCTTTCTTTGGACAA"	FALSE	FALSE	NA	NA	NA	NA
"ATTCAGCGCACAGAGCAGCGGGACTCGGCCATGTATCGCTGTGCCAGCAGCTCGGGACAGGGGCTGGTACCCCTCCACTTTGGGAAT"	"CASSSGQGLVPLHF"	"ATTCAGCGCACAGAGCAGCGGGACTCGGCCATGTATCGCTGTGCCAGCAGCTCGGGACAGGGGCTGGTACCCCTCCACTTTGGGAAT"	"CASSSGQGLVPLHF"	NA	"TCRBD1-1*1"	"TCRBJ1-6*1"	52	53	63	68	1	5	NA	NA	"ATTCAGCGCACAGAGCAGCGGGACTCGGCCATGTATCGCTGTGCCAGCAGCTCGGGACAGGGGCTGGTACCCCTCCACTTTGGGAAT"	FALSE	TRUE	NA	NA	NA	NA
"AAGATCCAGCCTGCAGAGCTTGGGGACTCGGCCGTGTATCTCTGTGCCAGCAGCTTAGATCCGGGACAGGGGCAGTTCTTCGGGCCA"	"CASSLDPGQGQFF"	"AAGATCCAGCCTGCAGAGCTTGGGGACTCGGCCGTGTATCTCTGTGCCAGCAGCTTAGATCCGGGACAGGGGCAGTTCTTCGGGCCA"	"CASSLDPGQGQFF"	"TCRBV11-3*1"	"TCRBD1-1*1"	"TCRBJ2-1*1"	59	62	-1	71	3	72	NA	NA	"AAGATCCAGCCTGCAGAGCTTGGGGACTCGGCCGTGTATCTCTGTGCCAGCAGCTTAGATCCGGGACAGGGGCAGTTCTTCGGGCCA"	FALSE	TRUE	NA	NA	NA	NA
"CTCTCTGGAGCTGGGGGACTCAGCTTTGTATTTCTGTGCCAGCAGCGGGGTTTCTTACTCCTAGCGTACGAGCAGTACTTCGGGCCG"	""	"CTCTCTGGAGCTGGGGGACTCAGCTTTGTATTTCTGTGCCAGCAGCGGGGTTTCTTACTCCTAGCGTACGAGCAGTACTTCGGGCCG"	""	"TCRBV9-1*1"	"TCRBD2-1"	"TCRBJ2-7*1"	47	60	-1	66	13	67	NA	NA	"CTCTCTGGAGCTGGGGGACTCAGCTTTGTATTTCTGTGCCAGCAGCGGGGTTTCTTACTCCTAGCGTACGAGCAGTACTTCGGGCCG"	FALSE	FALSE	NA	NA	NA	NA
"ACCCTGCAGCCAGAAGACTCGGCCCTGTATCTCTGTGCCAGCAGCTACCACCCCCAGACTAGGGGGGAGACCCAGTACTTCGGGCCA"	"CASSYHPQTRGETQYF"	"ACCCTGCAGCCAGAAGACTCGGCCCTGTATCTCTGTGCCAGCAGCTACCACCCCCAGACTAGGGGGGAGACCCAGTACTTCGGGCCA"	"CASSYHPQTRGETQYF"	"TCRBV4-2*1"	NA	"TCRBJ2-5*1"	45	60	-1	66	15	67	NA	NA	"ACCCTGCAGCCAGAAGACTCGGCCCTGTATCTCTGTGCCAGCAGCTACCACCCCCAGACTAGGGGGGAGACCCAGTACTTCGGGCCA"	FALSE	TRUE	NA	NA	NA	NA
"GAGCTGGGGGACTCAGCCCTGTACTTCTGTGCCAGCAGCTCGTACTGGGACTCAGAATCGTCTGGAAACACCATATATTTTGGAGAG"	"CASSSYWDSESSGNTIYF"	"GAGCTGGGGGACTCAGCCCTGTACTTCTGTGCCAGCAGCTCGTACTGGGACTCAGAATCGTCTGGAAACACCATATATTTTGGAGAG"	"CASSSYWDSESSGNTIYF"	"TCRBV13-1*1"	"TCRBD2-1"	"TCRBJ1-3*1"	40	46	52	60	6	8	NA	NA	"GAGCTGGGGGACTCAGCCCTGTACTTCTGTGCCAGCAGCTCGTACTGGGACTCAGAATCGTCTGGAAACACCATATATTTTGGAGAG"	FALSE	TRUE	NA	NA	NA	NA
"GCCGTGTATCTCTGTGCCAGCAGCTTAGCAGGGCCCCAACAGGGAACCCAAACTTTTTTCTCCTACAATGAGCAGTTCTTCGGGCCA"	"CASSLAGPQQGTQTFFSYNEQFF"	"GCCGTGTATCTCTGTGCCAGCAGCTTAGCAGGGCCCCAACAGGGAACCCAAACTTTTTTCTCCTACAATGAGCAGTTCTTCGGGCCA"	"CASSLAGPQQGTQTFFSYNEQFF"	NA	"TCRBD1-1*1"	"TCRBJ2-1*1"	29	38	44	59	9	15	NA	NA	"GCCGTGTATCTCTGTGCCAGCAGCTTAGCAGGGCCCCAACAGGGAACCCAAACTTTTTTCTCCTACAATGAGCAGTTCTTCGGGCCA"	FALSE	TRUE	NA	NA	NA	NA
"CAGCGCACACAGCAGGAGGACTCGGCCGTGTATCTCTGTGCCAGCAGCTTAGTAGCGGGAGGCACAGATACGCAGTATTTTGGCCCA"	"CASSLVAGGTDTQYF"	"CAGCGCACACAGCAGGAGGACTCGGCCGTGTATCTCTGTGCCAGCAGCTTAGTAGCGGGAGGCACAGATACGCAGTATTTTGGCCCA"	"CASSLVAGGTDTQYF"	"TCRBV7-2"	"TCRBD2-1*2"	"TCRBJ2-3*1"	-1	52	-1	61	53	62	NA	NA	"CAGCGCACACAGCAGGAGGACTCGGCCGTGTATCTCTGTGCCAGCAGCTTAGTAGCGGGAGGCACAGATACGCAGTATTTTGGCCCA"	FALSE	TRUE	NA	NA	NA	NA
"CCCAGACATCTGTGTACTTCTGTGCCATCAGTGAGCTACAGGGGACTAGCGGGAGAGGCGGAGTACAATGAGCAGTTCTTCGGGCCA"	""	"CCCAGACATCTGTGTACTTCTGTGCCATCAGTGAGCTACAGGGGACTAGCGGGAGAGGCGGAGTACAATGAGCAGTTCTTCGGGCCA"	""	"TCRBV1-3*1"	"TCRBD2-1*2"	"TCRBJ2-1*1"	35	41	55	63	6	8	NA	NA	"CCCAGACATCTGTGTACTTCTGTGCCATCAGTGAGCTACAGGGGACTAGCGGGAGAGGCGGAGTACAATGAGCAGTTCTTCGGGCCA"	FALSE	FALSE	NA	NA	NA	NA
"NNNNACCTTGGAGATCCAGCGCACAGAGCAGGGGGACTCGGCCATGTATCTCTGTGCCAGCCGCGATCACCCCTCCACTTTGGGAAT"	""	"NNNNACCTTGGAGATCCAGCGCACAGAGCAGGGGGACTCGGCCATGTATCTCTGTGCCAGCCGCGATCACCCCTCCACTTTGGGAAT"	""	"TCRBV7-9"	"TCRBD2-1"	"TCRBJ1-6*1"	61	62	65	66	1	1	NA	NA	"NNNNACCTTGGAGATCCAGCGCACAGAGCAGGGGGACTCGGCCATGTATCTCTGTGCCAGCCGCGATCACCCCTCCACTTTGGGAAT"	FALSE	FALSE	NA	NA	NA	NA
"CTGAGCTCTCTGGAGCTGGGGGACTCAGCTTTGTATTTCTGTGCCAGCAGCGTAGCTCAGGGAAGCTACGAGCAGTACTTCGGGCCG"	"CASSVAQGSYEQYF"	"CTGAGCTCTCTGGAGCTGGGGGACTCAGCTTTGTATTTCTGTGCCAGCAGCGTAGCTCAGGGAAGCTACGAGCAGTACTTCGGGCCG"	"CASSVAQGSYEQYF"	"TCRBV9-1*1"	"TCRBD1-1*1"	"TCRBJ2-7*1"	55	57	62	65	2	3	NA	NA	"CTGAGCTCTCTGGAGCTGGGGGACTCAGCTTTGTATTTCTGTGCCAGCAGCGTAGCTCAGGGAAGCTACGAGCAGTACTTCGGGCCG"	FALSE	TRUE	NA	NA	NA	NA
"AATGTGAACGCCTTGGAGCTGGACGACTCGGCCCTGTATCTCTGTGCCAGCAGCCAAACACAGAACACTGAAGCTTTCTTTGGACAA"	"CASSQTQNTEAFF"	"AATGTGAACGCCTTGGAGCTGGACGACTCGGCCCTGTATCTCTGTGCCAGCAGCCAAACACAGAACACTGAAGCTTTCTTTGGACAA"	"CASSQTQNTEAFF"	"TCRBV5-4*1"	"TCRBD1-1*1"	"TCRBJ1-1*1"	54	57	60	62	3	2	NA	NA	"AATGTGAACGCCTTGGAGCTGGACGACTCGGCCCTGTATCTCTGTGCCAGCAGCCAAACACAGAACACTGAAGCTTTCTTTGGACAA"	FALSE	TRUE	NA	NA	NA	NA
"ACCAGTGCCCATCCTGAAGACAGCAGCTTCTACATCTGCAGTGCTAGAGATTGGCTGGGACAGGGTGAAAAACTGTTTTTTGGCAGT"	"CSARDWLGQGEKLFF"	"ACCAGTGCCCATCCTGAAGACAGCAGCTTCTACATCTGCAGTGCTAGAGATTGGCTGGGACAGGGTGAAAAACTGTTTTTTGGCAGT"	"CSARDWLGQGEKLFF"	NA	"TCRBD1-1*1"	"TCRBJ1-4*1"	50	56	-1	65	6	66	NA	NA	"ACCAGTGCCCATCCTGAAGACAGCAGCTTCTACATCTGCAGTGCTAGAGATTGGCTGGGACAGGGTGAAAAACTGTTTTTTGGCAGT"	FALSE	TRUE	NA	NA	NA	NA
"ATGAATGTGAGCACCTTGGAGCTGGGGGACTCGGCCCTTTATCTTTGCGCCAGCAGCGGGGAAACAGATACGCAGTATTTTGGCCCA"	"CASSGETDTQYF"	"ATGAATGTGAGCACCTTGGAGCTGGGGGACTCGGCCCTTTATCTTTGCGCCAGCAGCGGGGAAACAGATACGCAGTATTTTGGCCCA"	"CASSGETDTQYF"	"TCRBV5-1*1"	NA	"TCRBJ2-3*1"	57	58	62	63	1	1	NA	NA	"ATGAATGTGAGCACCTTGGAGCTGGGGGACTCGGCCCTTTATCTTTGCGCCAGCAGCGGGGAAACAGATACGCAGTATTTTGGCCCA"	FALSE	TRUE	NA	NA	NA	NA
"AAGCTCCTTCTCAGTGACTCTGGCTTCTATCTCTGTGCCTGGACATGGGACAGAGAACTAGCCAAAAACATTCAGTACTTCGGCGCC"	"CAWTWDRELAKNIQYF"	"AAGCTCCTTCTCAGTGACTCTGGCTTCTATCTCTGTGCCTGGACATGGGACAGAGAACTAGCCAAAAACATTCAGTACTTCGGCGCC"	"CAWTWDRELAKNIQYF"	"TCRBV3-1*1"	"TCRBD1-1*1"	"TCRBJ2-4*1"	43	46	53	59	3	6	NA	NA	"AAGCTCCTTCTCAGTGACTCTGGCTTCTATCTCTGTGCCTGGACATGGGACAGAGAACTAGCCAAAAACATTCAGTACTTCGGCGCC"	FALSE	TRUE	NA	NA	NA	NA
"TTCTGGAGTCCGCCAGCACCAACCAGACATCTATGTACCTCTGTCGGGATAGCGGGAGTGGGCACAGATACGCAGTATTTTGGCCCA"	""	"TTCTGGAGTCCGCCAGCACCAACCAGACATCTATGTACCTCTGTCGGGATAGCGGGAGTGGGCACAGATACGCAGTATTTTGGCCCA"	""	"TCRBV28-1*1"	"TCRBD2-1*2"	"TCRBJ2-3*1"	44	49	58	61	5	3	NA	NA	"TTCTGGAGTCCGCCAGCACCAACCAGACATCTATGTACCTCTGTCGGGATAGCGGGAGTGGGCACAGATACGCAGTATTTTGGCCCA"	FALSE	FALSE	NA	NA	NA	NA
"GAGTCCGCCAGCACCAACCAGACATCTATGTACCTCTGTGCCAGCAGTGCGGGGTTTAGCTCCTACAATGAGCAGTTCTTCGGGCCA"	"CASSAGFSSYNEQFF"	"GAGTCCGCCAGCACCAACCAGACATCTATGTACCTCTGTGCCAGCAGTGCGGGGTTTAGCTCCTACAATGAGCAGTTCTTCGGGCCA"	"CASSAGFSSYNEQFF"	"TCRBV28-1*1"	"TCRBD2-1*1"	"TCRBJ2-1*1"	-1	48	54	59	49	5	NA	NA	"GAGTCCGCCAGCACCAACCAGACATCTATGTACCTCTGTGCCAGCAGTGCGGGGTTTAGCTCCTACAATGAGCAGTTCTTCGGGCCA"	FALSE	TRUE	NA	NA	NA	NA
"GCCTGCAGAGCAGGGGGACTCGGCCGTGTATGTCTGTGCAAGTCGCCCAAGGGGGGATCTACGGGGGAGACCCAGTACTTCGGGCCA"	""	"GCCTGCAGAGCAGGGGGACTCGGCCGTGTATGTCTGTGCAAGTCGCCCAAGGGGGGATCTACGGGGGAGACCCAGTACTTCGGGCCA"	""	"TCRBV12-2*1"	NA	"TCRBJ2-5*1"	46	49	55	66	3	11	NA	NA	"GCCTGCAGAGCAGGGGGACTCGGCCGTGTATGTCTGTGCAAGTCGCCCAAGGGGGGATCTACGGGGGAGACCCAGTACTTCGGGCCA"	FALSE	FALSE	NA	NA	NA	NA
"CAGCGCACAGAGCAGGGGGACTCGGCCATGTATCTCTGTGCCAGCAGCTCGTGGGGACCAACAAACACTGAAGCTTTCTTTGGACAA"	"CASSSWGPTNTEAFF"	"CAGCGCACAGAGCAGGGGGACTCGGCCATGTATCTCTGTGCCAGCAGCTCGTGGGGACCAACAAACACTGAAGCTTTCTTTGGACAA"	"CASSSWGPTNTEAFF"	"TCRBV7-9*1"	NA	"TCRBJ1-1*1"	49	53	58	63	4	5	NA	NA	"CAGCGCACAGAGCAGGGGGACTCGGCCATGTATCTCTGTGCCAGCAGCTCGTGGGGACCAACAAACACTGAAGCTTTCTTTGGACAA"	FALSE	TRUE	NA	NA	NA	NA
"CTGAACATGAGCTCCTTGGAGCTGGGGGACTCAGCCCTGTACTTCTGTGCCAGCAGCCGAGGGGATCAGCCCCAGCATTTTGGTGAT"	"CASSRGDQPQHF"	"CTGAACATGAGCTCCTTGGAGCTGGGGGACTCAGCCCTGTACTTCTGTGCCAGCAGCCGAGGGGATCAGCCCCAGCATTTTGGTGAT"	"CASSRGDQPQHF"	"TCRBV13-1*1"	NA	"TCRBJ1-5*1"	57	59	-1	64	2	65	NA	NA	"CTGAACATGAGCTCCTTGGAGCTGGGGGACTCAGCCCTGTACTTCTGTGCCAGCAGCCGAGGGGATCAGCCCCAGCATTTTGGTGAT"	FALSE	TRUE	NA	NA	NA	NA
"ATTCAGCGCACAGAGCAGGAGGACTCGGCCGTGTATCTCTGTGCCAGCACTCCTAGCGGGCCCCAAGAGACCCAGTACTTCGGGCCA"	"CASTPSGPQETQYF"	"ATTCAGCGCACAGAGCAGGAGGACTCGGCCGTGTATCTCTGTGCCAGCACTCCTAGCGGGCCCCAAGAGACCCAGTACTTCGGGCCA"	"CASTPSGPQETQYF"	"TCRBV7-2"	"TCRBD2-1"	"TCRBJ2-5*1"	49	52	60	62	3	2	NA	NA	"ATTCAGCGCACAGAGCAGGAGGACTCGGCCGTGTATCTCTGTGCCAGCACTCCTAGCGGGCCCCAAGAGACCCAGTACTTCGGGCCA"	FALSE	TRUE	NA	NA	NA	NA
"AGCACCTTGGAGCTGGGGGACTCGGCCCTTTATCTTTGCGCCAGCAGCGCGGGGGACAGGCTTCTATATGGCTACACCTTCGGTTCG"	"CASSAGDRLLYGYTF"	"AGCACCTTGGAGCTGGGGGACTCGGCCCTTTATCTTTGCGCCAGCAGCGCGGGGGACAGGCTTCTATATGGCTACACCTTCGGTTCG"	"CASSAGDRLLYGYTF"	"TCRBV5-1*1"	"TCRBD1-1*1"	"TCRBJ1-2*1"	48	52	60	66	4	6	NA	NA	"AGCACCTTGGAGCTGGGGGACTCGGCCCTTTATCTTTGCGCCAGCAGCGCGGGGGACAGGCTTCTATATGGCTACACCTTCGGTTCG"	FALSE	TRUE	NA	NA	NA	NA
"AACCCAGGGACTCAGCTGTGTACTTCTGTGCCAGCAGTTTAAGACTAGCGGGAGGCCCACTCCTACAATGAGCAGTTCTTCGGGCCA"	""	"AACCCAGGGACTCAGCTGTGTACTTCTGTGCCAGCAGTTTAAGACTAGCGGGAGGCCCACTCCTACAATGAGCAGTTCTTCGGGCCA"	""	NA	"TCRBD2-1*2"	"TCRBJ2-1*1"	41	42	55	59	1	4	NA	NA	"AACCCAGGGACTCAGCTGTGTACTTCTGTGCCAGCAGTTTAAGACTAGCGGGAGGCCCACTCCTACAATGAGCAGTTCTTCGGGCCA"	FALSE	FALSE	NA	NA	NA	NA
"AGCACCTTGGAGCTGGGGGACTCGGCCCTTTATCTTTGCGCCAGCAGCCTGGACAGGGAGACGGCCTGGGAGCTGTTTTTTGGAGAA"	"CASSLDRETAWELFF"	"AGCACCTTGGAGCTGGGGGACTCGGCCCTTTATCTTTGCGCCAGCAGCCTGGACAGGGAGACGGCCTGGGAGCTGTTTTTTGGAGAA"	"CASSLDRETAWELFF"	"TCRBV5-1*1"	"TCRBD1-1*1"	"TCRBJ2-2*1"	-1	52	58	67	53	9	NA	NA	"AGCACCTTGGAGCTGGGGGACTCGGCCCTTTATCTTTGCGCCAGCAGCCTGGACAGGGAGACGGCCTGGGAGCTGTTTTTTGGAGAA"	FALSE	TRUE	NA	NA	NA	NA
"GAGATCCAGCGCACAGAGCAGGGGGACTCGGCCATGTATCTCTGTGCCAGCAGATGGACTCCCTACAATGAGCAGTTCTTCGGGCCA"	"CASRWTPYNEQFF"	"GAGATCCAGCGCACAGAGCAGGGGGACTCGGCCATGTATCTCTGTGCCAGCAGATGGACTCCCTACAATGAGCAGTTCTTCGGGCCA"	"CASRWTPYNEQFF"	"TCRBV7-9*1"	"TCRBD2-1"	"TCRBJ2-1*1"	53	55	60	61	2	1	NA	NA	"GAGATCCAGCGCACAGAGCAGGGGGACTCGGCCATGTATCTCTGTGCCAGCAGATGGACTCCCTACAATGAGCAGTTCTTCGGGCCA"	FALSE	TRUE	NA	NA	NA	NA
"ATTCTGGAGTCCGCCAGCACCAACCAGACATCTATGTACCTCTGTGCCAGCAGCCGGACAGGGAATCAGCCCCAGCATTTTGGTGAT"	"CASSRTGNQPQHF"	"ATTCTGGAGTCCGCCAGCACCAACCAGACATCTATGTACCTCTGTGCCAGCAGCCGGACAGGGAATCAGCCCCAGCATTTTGGTGAT"	"CASSRTGNQPQHF"	"TCRBV28-1*1"	"TCRBD1-1*1"	"TCRBJ1-5*1"	53	55	-1	63	2	64	NA	NA	"ATTCTGGAGTCCGCCAGCACCAACCAGACATCTATGTACCTCTGTGCCAGCAGCCGGACAGGGAATCAGCCCCAGCATTTTGGTGAT"	FALSE	TRUE	NA	NA	NA	NA
"ATCCAGCGCACACAGCAGGAGGACTCCGCCGTGTATCTCTGTGCCAGCAGCTTAGGTGGCCTATACAATGAGCAGTTCTTCGGGCCA"	"CASSLGGLYNEQFF"	"ATCCAGCGCACACAGCAGGAGGACTCCGCCGTGTATCTCTGTGCCAGCAGCTTAGGTGGCCTATACAATGAGCAGTTCTTCGGGCCA"	"CASSLGGLYNEQFF"	"TCRBV7-8*1"	NA	"TCRBJ2-1*1"	55	57	60	63	2	3	NA	NA	"ATCCAGCGCACACAGCAGGAGGACTCCGCCGTGTATCTCTGTGCCAGCAGCTTAGGTGGCCTATACAATGAGCAGTTCTTCGGGCCA"	FALSE	TRUE	NA	NA	NA	NA
"GCGCACAGAGCAGCGGGACTCGGCCATGTATCGCTGTGCCAGCAGCTTAGTCGCCTAGCGGGACCCGGGGAGCTGTTTTTTGGAGAA"	""	"GCGCACAGAGCAGCGGGACTCGGCCATGTATCGCTGTGCCAGCAGCTTAGTCGCCTAGCGGGACCCGGGGAGCTGTTTTTTGGAGAA"	""	"TCRBV7-6*1"	"TCRBD2-1*2"	"TCRBJ2-2*1"	50	54	63	64	4	1	NA	NA	"GCGCACAGAGCAGCGGGACTCGGCCATGTATCGCTGTGCCAGCAGCTTAGTCGCCTAGCGGGACCCGGGGAGCTGTTTTTTGGAGAA"	FALSE	FALSE	NA	NA	NA	NA
"ACATCGGCCCAAAAGAACCCGACAGCTTTCTATCTCTGTGCCAGTTCCATTAAGGACAGGGAATCGTACGAGCAGTACTTCGGGCCG"	"CASSIKDRESYEQYF"	"ACATCGGCCCAAAAGAACCCGACAGCTTTCTATCTCTGTGCCAGTTCCATTAAGGACAGGGAATCGTACGAGCAGTACTTCGGGCCG"	"CASSIKDRESYEQYF"	"TCRBV19-1*1"	"TCRBD1-1*1"	"TCRBJ2-7*1"	45	53	61	66	8	5	NA	NA	"ACATCGGCCCAAAAGAACCCGACAGCTTTCTATCTCTGTGCCAGTTCCATTAAGGACAGGGAATCGTACGAGCAGTACTTCGGGCCG"	FALSE	TRUE	NA	NA	NA	NA
"CCTGCAAAGCTTGAGGACTCGGCCGTGTATCTCTGTGCCAGCAGCTTAGCAAAGCGGGAGGGCCCCGATACGCAGTATTTTGGCCCA"	"CASSLAKREGPDTQYF"	"CCTGCAAAGCTTGAGGACTCGGCCGTGTATCTCTGTGCCAGCAGCTTAGCAAAGCGGGAGGGCCCCGATACGCAGTATTTTGGCCCA"	"CASSLAKREGPDTQYF"	"TCRBV11-2"	"TCRBD2-1*2"	"TCRBJ2-3*1"	49	52	62	66	3	4	NA	NA	"CCTGCAAAGCTTGAGGACTCGGCCGTGTATCTCTGTGCCAGCAGCTTAGCAAAGCGGGAGGGCCCCGATACGCAGTATTTTGGCCCA"	FALSE	TRUE	NA	NA	NA	NA
"CAGCGCACAGAGCAGGAGGACTCGGCCGTGTATCTCTGTGCCAGCAGCTTAGACTCGGCGGGGAAGGGCACCATATATTTTGGAGAG"	"CASSLDSAGKGTIYF"	"CAGCGCACAGAGCAGGAGGACTCGGCCGTGTATCTCTGTGCCAGCAGCTTAGACTCGGCGGGGAAGGGCACCATATATTTTGGAGAG"	"CASSLDSAGKGTIYF"	"TCRBV7-2"	"TCRBD2-1*1"	"TCRBJ1-3*1"	52	57	63	68	5	5	NA	NA	"CAGCGCACAGAGCAGGAGGACTCGGCCGTGTATCTCTGTGCCAGCAGCTTAGACTCGGCGGGGAAGGGCACCATATATTTTGGAGAG"	FALSE	TRUE	NA	NA	NA	NA
"AATGTGAGCACCTTGGAGCTGGGGGACTCGGCCCTTTATCTTTGCGCCAGCAGCTTGGCAGGGGCCTATGGCTACACCTTCGGTTCG"	"CASSLAGAYGYTF"	"AATGTGAGCACCTTGGAGCTGGGGGACTCGGCCCTTTATCTTTGCGCCAGCAGCTTGGCAGGGGCCTATGGCTACACCTTCGGTTCG"	"CASSLAGAYGYTF"	"TCRBV5-1*1"	"TCRBD1-1*1"	"TCRBJ1-2*1"	-1	58	64	65	59	1	NA	NA	"AATGTGAGCACCTTGGAGCTGGGGGACTCGGCCCTTTATCTTTGCGCCAGCAGCTTGGCAGGGGCCTATGGCTACACCTTCGGTTCG"	FALSE	TRUE	NA	NA	NA	NA
"CTAAACCTGAGCTCTCTGGAGCTGGGGGACTCAGCTTTGTATTTCTGTGCCAGCAGCCCAGGCGGTGAAAAACTGTTTTTTGGCAGT"	"CASSPGGEKLFF"	"CTAAACCTGAGCTCTCTGGAGCTGGGGGACTCAGCTTTGTATTTCTGTGCCAGCAGCCCAGGCGGTGAAAAACTGTTTTTTGGCAGT"	"CASSPGGEKLFF"	"TCRBV9-1*1"	NA	"TCRBJ1-4*1"	57	58	62	65	1	3	NA	NA	"CTAAACCTGAGCTCTCTGGAGCTGGGGGACTCAGCTTTGTATTTCTGTGCCAGCAGCCCAGGCGGTGAAAAACTGTTTTTTGGCAGT"	FALSE	TRUE	NA	NA	NA	NA
"GTGAGCAACATGAGCCCTGAAGACAGCAGCATATATCTCTGCAGCGTTGATAAGACACCGAACAAAGATGGCTACACCTTCGGTTCG"	"CSVDKTPNKDGYTF"	"GTGAGCAACATGAGCCCTGAAGACAGCAGCATATATCTCTGCAGCGTTGATAAGACACCGAACAAAGATGGCTACACCTTCGGTTCG"	"CSVDKTPNKDGYTF"	"TCRBV29-1"	"TCRBD1-1*1"	"TCRBJ1-2*1"	50	53	57	67	3	10	NA	NA	"GTGAGCAACATGAGCCCTGAAGACAGCAGCATATATCTCTGCAGCGTTGATAAGACACCGAACAAAGATGGCTACACCTTCGGTTCG"	FALSE	TRUE	NA	NA	NA	NA
"CTCAAGATCCAGCCTGCAGAGCTTGGGGACTCGGCCGTGTATCTCTGTGCCAGCAGCCCACTTGGGGGTTCGCAGTATTTTGGCCCA"	"CASSPLGGSQYF"	"CTCAAGATCCAGCCTGCAGAGCTTGGGGACTCGGCCGTGTATCTCTGTGCCAGCAGCCCACTTGGGGGTTCGCAGTATTTTGGCCCA"	"CASSPLGGSQYF"	"TCRBV11-3*1"	NA	"TCRBJ2-3*1"	57	63	68	70	6	2	NA	NA	"CTCAAGATCCAGCCTGCAGAGCTTGGGGACTCGGCCGTGTATCTCTGTGCCAGCAGCCCACTTGGGGGTTCGCAGTATTTTGGCCCA"	FALSE	TRUE	NA	NA	NA	NA
"GTGACCAGTGCCCATCCTGAAGACAGCAGCTTCTACATCTGCAGTGCTCTAGCGGGAGGGAGGGAGGTTGAGCAGTTCTTCGGGCCA"	"CSALAGGREVEQFF"	"GTGACCAGTGCCCATCCTGAAGACAGCAGCTTCTACATCTGCAGTGCTCTAGCGGGAGGGAGGGAGGTTGAGCAGTTCTTCGGGCCA"	"CSALAGGREVEQFF"	NA	"TCRBD2-1*2"	"TCRBJ2-1*1"	-1	48	60	68	49	8	NA	NA	"GTGACCAGTGCCCATCCTGAAGACAGCAGCTTCTACATCTGCAGTGCTCTAGCGGGAGGGAGGGAGGTTGAGCAGTTCTTCGGGCCA"	FALSE	TRUE	NA	NA	NA	NA
"CACATCAATTCCCTGGAGCTTGGTGACTCTGCTGTGTATTTCTGTGCCAGCAGAGGCCGGGACCGACGGGGCTACACCTTCGGTTCG"	"CASRGRDRRGYTF"	"CACATCAATTCCCTGGAGCTTGGTGACTCTGCTGTGTATTTCTGTGCCAGCAGAGGCCGGGACCGACGGGGCTACACCTTCGGTTCG"	"CASRGRDRRGYTF"	"TCRBV3-1/3-2*1"	NA	"TCRBJ1-2*1"	53	58	63	69	5	6	NA	NA	"CACATCAATTCCCTGGAGCTTGGTGACTCTGCTGTGTATTTCTGTGCCAGCAGAGGCCGGGACCGACGGGGCTACACCTTCGGTTCG"	FALSE	TRUE	NA	NA	NA	NA
"GCTCTCTGGAGCTGGGGGACTCAGCTTTGTATTTCTGTGCCAGCAGCGCCCCCCGACAGACTTAATGAAAAACTGTTTTTTGGCAGT"	""	"GCTCTCTGGAGCTGGGGGACTCAGCTTTGTATTTCTGTGCCAGCAGCGCCCCCCGACAGACTTAATGAAAAACTGTTTTTTGGCAGT"	""	"TCRBV9-1*1"	"TCRBD1-1*1"	"TCRBJ1-4*1"	48	54	59	62	6	3	NA	NA	"GCTCTCTGGAGCTGGGGGACTCAGCTTTGTATTTCTGTGCCAGCAGCGCCCCCCGACAGACTTAATGAAAAACTGTTTTTTGGCAGT"	FALSE	FALSE	NA	NA	NA	NA
"CTCAGGCTGGAGTTGGCTGCTCCCTCCCAGACATCTGTGTACTTCTGTGCCAGCAGCTCCCCTCAGAGGGTCCCGTTTTTTGGCAGT"	"CASSSPQRVPFF"	"CTCAGGCTGGAGTTGGCTGCTCCCTCCCAGACATCTGTGTACTTCTGTGCCAGCAGCTCCCCTCAGAGGGTCCCGTTTTTTGGCAGT"	"CASSSPQRVPFF"	"TCRBV6-6"	"TCRBD2-1*2"	"TCRBJ1-4*1"	56	65	70	74	9	4	NA	NA	"CTCAGGCTGGAGTTGGCTGCTCCCTCCCAGACATCTGTGTACTTCTGTGCCAGCAGCTCCCCTCAGAGGGTCCCGTTTTTTGGCAGT"	FALSE	TRUE	NA	NA	NA	NA
"CACACCCTGCAGCCAGAAGACTCGGCCCTGTATCTCTGCGCCAGCAGCCAAGACAGGAGGGATAATGAAAAACTGTTTTTTGGCAGT"	"CASSQDRRDNEKLFF"	"CACACCCTGCAGCCAGAAGACTCGGCCCTGTATCTCTGCGCCAGCAGCCAAGACAGGAGGGATAATGAAAAACTGTTTTTTGGCAGT"	"CASSQDRRDNEKLFF"	"TCRBV4-3*1"	"TCRBD2-1*2"	"TCRBJ1-4*1"	53	55	61	62	2	1	NA	NA	"CACACCCTGCAGCCAGAAGACTCGGCCCTGTATCTCTGCGCCAGCAGCCAAGACAGGAGGGATAATGAAAAACTGTTTTTTGGCAGT"	FALSE	TRUE	NA	NA	NA	NA
"TGTACCCTCTCAGACATCTGTGTACTTCTGTGCCAGCAGTGACGGGGATGGAGGAAACAGAGCACAGATACGCAGTATTTTGGCCCA"	""	"TGTACCCTCTCAGACATCTGTGTACTTCTGTGCCAGCAGTGACGGGGATGGAGGAAACAGAGCACAGATACGCAGTATTTTGGCCCA"	""	"TCRBV6-4*1"	"TCRBD2-1*2"	"TCRBJ2-3*1"	43	49	54	60	6	6	NA	NA	"TGTACCCTCTCAGACATCTGTGTACTTCTGTGCCAGCAGTGACGGGGATGGAGGAAACAGAGCACAGATACGCAGTATTTTGGCCCA"	FALSE	FALSE	NA	NA	NA	NA
"AACGCCTTGGAGCTGGACGACTCGGCCCTGTATCTCTGTGCCAGCAGCTTGGGGGGGGGACACGTCTACGAGCAGTACTTCGGGCCG"	"CASSLGGGHVYEQYF"	"AACGCCTTGGAGCTGGACGACTCGGCCCTGTATCTCTGTGCCAGCAGCTTGGGGGGGGGACACGTCTACGAGCAGTACTTCGGGCCG"	"CASSLGGGHVYEQYF"	"TCRBV5-4*1"	"TCRBD2-1*1"	"TCRBJ2-7*1"	-1	52	59	65	53	6	NA	NA	"AACGCCTTGGAGCTGGACGACTCGGCCCTGTATCTCTGTGCCAGCAGCTTGGGGGGGGGACACGTCTACGAGCAGTACTTCGGGCCG"	FALSE	TRUE	NA	NA	NA	NA
"TCTGAGGATCCAGCCCATGGAACCCAGGGACTTGGGCCTATATTTCTGTGCCAGCAGCATGTTTGTTCACCCCTCCACTTTGGGAAT"	""	"TCTGAGGATCCAGCCCATGGAACCCAGGGACTTGGGCCTATATTTCTGTGCCAGCAGCATGTTTGTTCACCCCTCCACTTTGGGAAT"	""	"TCRBV12-1*1"	NA	"TCRBJ1-6*1"	-1	-1	58	65	0	7	NA	NA	"TCTGAGGATCCAGCCCATGGAACCCAGGGACTTGGGCCTATATTTCTGTGCCAGCAGCATGTTTGTTCACCCCTCCACTTTGGGAAT"	FALSE	FALSE	NA	NA	NA	NA
"GCACAGAGCGGGGGGACTCAGCCGTGTATCTCTGTGCCAGCAGCTTTCAGCCGGTAGCGGGAAATGGATGAGCAGTTCTTCGGGCCA"	""	"GCACAGAGCGGGGGGACTCAGCCGTGTATCTCTGTGCCAGCAGCTTTCAGCCGGTAGCGGGAAATGGATGAGCAGTTCTTCGGGCCA"	""	"TCRBV7-3*1"	"TCRBD2-1*2"	"TCRBJ2-1*1"	46	54	62	67	8	5	NA	NA	"GCACAGAGCGGGGGGACTCAGCCGTGTATCTCTGTGCCAGCAGCTTTCAGCCGGTAGCGGGAAATGGATGAGCAGTTCTTCGGGCCA"	FALSE	FALSE	NA	NA	NA	NA
"TCCGGTCCACAAAGCTGGAGGACTCAGCCATGTACTTCTGTGCCAGCAGTCGGACAACTATAACGGGATGAGCAGTTCTTCGGGCCA"	""	"TCCGGTCCACAAAGCTGGAGGACTCAGCCATGTACTTCTGTGCCAGCAGTCGGACAACTATAACGGGATGAGCAGTTCTTCGGGCCA"	""	"TCRBV2-1"	"TCRBD1-1*1"	"TCRBJ2-1*1"	50	51	56	67	1	11	NA	NA	"TCCGGTCCACAAAGCTGGAGGACTCAGCCATGTACTTCTGTGCCAGCAGTCGGACAACTATAACGGGATGAGCAGTTCTTCGGGCCA"	FALSE	FALSE	NA	NA	NA	NA
"TCCACTCTGACAGTGACCAGTGCCCATCCTGAAGACAGCAGCTTCTACATCTGCAGTGCTCTAGGATTAGGGCAGTACTTCGGGCCG"	"CSALGLGQYF"	"TCCACTCTGACAGTGACCAGTGCCCATCCTGAAGACAGCAGCTTCTACATCTGCAGTGCTCTAGGATTAGGGCAGTACTTCGGGCCG"	"CSALGLGQYF"	"TCRBV2-1"	"TCRBD2-1"	"TCRBJ2-7*1"	-1	60	64	71	61	7	NA	NA	"TCCACTCTGACAGTGACCAGTGCCCATCCTGAAGACAGCAGCTTCTACATCTGCAGTGCTCTAGGATTAGGGCAGTACTTCGGGCCG"	FALSE	TRUE	NA	NA	NA	NA
"AGTCCACGGAGTCAGGGGACACAGCACTGTATTTCTGTGCCAGCAGCAGGGACTAGCGGAGCCTACAATGAGCAGTTCTTCGGGCCA"	""	"AGTCCACGGAGTCAGGGGACACAGCACTGTATTTCTGTGCCAGCAGCAGGGACTAGCGGAGCCTACAATGAGCAGTTCTTCGGGCCA"	""	"TCRBV21-1*1"	"TCRBD2-1"	"TCRBJ2-1*1"	-1	48	59	61	49	2	NA	NA	"AGTCCACGGAGTCAGGGGACACAGCACTGTATTTCTGTGCCAGCAGCAGGGACTAGCGGAGCCTACAATGAGCAGTTCTTCGGGCCA"	FALSE	FALSE	NA	NA	NA	NA
"ACAAAGCTGGAGGACTCAGCCATGTACTTCTGTGCCAGCAGTGAAATTGCGGGAGGGCCCGGGGGCGGGGAGCTGTTTTTTGGAGAA"	"CASSEIAGGPGGGELFF"	"ACAAAGCTGGAGGACTCAGCCATGTACTTCTGTGCCAGCAGTGAAATTGCGGGAGGGCCCGGGGGCGGGGAGCTGTTTTTTGGAGAA"	"CASSEIAGGPGGGELFF"	"TCRBV2-1"	"TCRBD2-1*2"	"TCRBJ2-2*1"	45	48	57	65	3	8	NA	NA	"ACAAAGCTGGAGGACTCAGCCATGTACTTCTGTGCCAGCAGTGAAATTGCGGGAGGGCCCGGGGGCGGGGAGCTGTTTTTTGGAGAA"	FALSE	TRUE	NA	NA	NA	NA
"AGTGCCCATCCTGAAGACAGCAGCTTCTACATCTGCAGTGCTAGAGATCCCACTAGCGGGGACACAGATACGCAGTATTTTGGCCCA"	"CSARDPTSGDTDTQYF"	"AGTGCCCATCCTGAAGACAGCAGCTTCTACATCTGCAGTGCTAGAGATCCCACTAGCGGGGACACAGATACGCAGTATTTTGGCCCA"	"CSARDPTSGDTDTQYF"	NA	"TCRBD2-1*1"	"TCRBJ2-3*1"	47	51	61	62	4	1	NA	NA	"AGTGCCCATCCTGAAGACAGCAGCTTCTACATCTGCAGTGCTAGAGATCCCACTAGCGGGGACACAGATACGCAGTATTTTGGCCCA"	FALSE	TRUE	NA	NA	NA	NA
"CTGAATGTGAACGCCTTGGAGCTGGAGGACTCGGCCCTGTATCTCTGTGCCAGCAGCTGGGGGGACTACGAGCAGTACTTCGGGCCG"	"CASSWGDYEQYF"	"CTGAATGTGAACGCCTTGGAGCTGGAGGACTCGGCCCTGTATCTCTGTGCCAGCAGCTGGGGGGACTACGAGCAGTACTTCGGGCCG"	"CASSWGDYEQYF"	"TCRBV5-8*1"	"TCRBD2-1*1"	"TCRBJ2-7*1"	-1	58	64	65	59	1	NA	NA	"CTGAATGTGAACGCCTTGGAGCTGGAGGACTCGGCCCTGTATCTCTGTGCCAGCAGCTGGGGGGACTACGAGCAGTACTTCGGGCCG"	FALSE	TRUE	NA	NA	NA	NA
"NTGTCGGCTGCTCCCTCCCAAACATCTGTGTACTTCTGTGCCAGCAGTTACGATACAGGACAATACAATGAGCAGTTCTTCGGGCCA"	"CASSYDTGQYNEQFF"	"NTGTCGGCTGCTCCCTCCCAAACATCTGTGTACTTCTGTGCCAGCAGTTACGATACAGGACAATACAATGAGCAGTTCTTCGGGCCA"	"CASSYDTGQYNEQFF"	"TCRBV6-2/6-3*1"	"TCRBD1-1*1"	"TCRBJ2-1*1"	51	57	62	63	6	1	NA	NA	"NTGTCGGCTGCTCCCTCCCAAACATCTGTGTACTTCTGTGCCAGCAGTTACGATACAGGACAATACAATGAGCAGTTCTTCGGGCCA"	FALSE	TRUE	NA	NA	NA	NA
"AAGATCCAGCCCTCAGAACCCAGGGACTCAGCTGTGTATTTTTGTGCTAGTGGTTCCGGGGTTGAAGAGACCCAGTACTTCGGGCCA"	"CASGSGVEETQYF"	"AAGATCCAGCCCTCAGAACCCAGGGACTCAGCTGTGTATTTTTGTGCTAGTGGTTCCGGGGTTGAAGAGACCCAGTACTTCGGGCCA"	"CASGSGVEETQYF"	"TCRBV12-5*1"	"TCRBD2-1*1"	"TCRBJ2-5*1"	55	56	61	64	1	3	NA	NA	"AAGATCCAGCCCTCAGAACCCAGGGACTCAGCTGTGTATTTTTGTGCTAGTGGTTCCGGGGTTGAAGAGACCCAGTACTTCGGGCCA"	FALSE	TRUE	NA	NA	NA	NA
"CAGAGCGGGGGGACTCAGCCGTGTATCTCTGTGCCAGCAGCTTACCCCGGGACTAGCGGGGACCAAGAGACCCAGTACTTCGGGCCA"	""	"CAGAGCGGGGGGACTCAGCCGTGTATCTCTGTGCCAGCAGCTTACCCCGGGACTAGCGGGGACCAAGAGACCCAGTACTTCGGGCCA"	""	"TCRBV7-3*1"	"TCRBD2-1*1"	"TCRBJ2-5*1"	44	48	-1	61	4	62	NA	NA	"CAGAGCGGGGGGACTCAGCCGTGTATCTCTGTGCCAGCAGCTTACCCCGGGACTAGCGGGGACCAAGAGACCCAGTACTTCGGGCCA"	FALSE	FALSE	NA	NA	NA	NA
"CCACGGAGTCAGGGGACACAGCACTGTATTTCTGTGCCAGCAGCAAAGCGCGAAGTGGTAGGCACAGATACGCAGTATTTTGGCCCA"	""	"CCACGGAGTCAGGGGACACAGCACTGTATTTCTGTGCCAGCAGCAAAGCGCGAAGTGGTAGGCACAGATACGCAGTATTTTGGCCCA"	""	"TCRBV21-1*1"	"TCRBD2-1"	"TCRBJ2-3*1"	49	58	-1	61	9	62	NA	NA	"CCACGGAGTCAGGGGACACAGCACTGTATTTCTGTGCCAGCAGCAAAGCGCGAAGTGGTAGGCACAGATACGCAGTATTTTGGCCCA"	FALSE	FALSE	NA	NA	NA	NA
"AAGATCCAGCGCACAGAGCGGGGGGACTCAGCCGTGTATCTCTGTGCCAGCAGCTTTAGCTTTCAAGAGACCCAGTACTTCGGGCCA"	"CASSFSFQETQYF"	"AAGATCCAGCGCACAGAGCGGGGGGACTCAGCCGTGTATCTCTGTGCCAGCAGCTTTAGCTTTCAAGAGACCCAGTACTTCGGGCCA"	"CASSFSFQETQYF"	"TCRBV7-3*1"	"TCRBD2-1"	"TCRBJ2-5*1"	-1	56	60	63	57	3	NA	NA	"AAGATCCAGCGCACAGAGCGGGGGGACTCAGCCGTGTATCTCTGTGCCAGCAGCTTTAGCTTTCAAGAGACCCAGTACTTCGGGCCA"	FALSE	TRUE	NA	NA	NA	NA
"GAGTCTGCCATCCCCAACCAGACAGCTCTTTACTTCTGTGCCACCAGTGATAAAAGGTATAGCAATCAGCCCCAGCATTTTGGTGAT"	"CATSDKRYSNQPQHF"	"GAGTCTGCCATCCCCAACCAGACAGCTCTTTACTTCTGTGCCACCAGTGATAAAAGGTATAGCAATCAGCCCCAGCATTTTGGTGAT"	"CATSDKRYSNQPQHF"	"TCRBV24-1*1"	NA	"TCRBJ1-5*1"	51	54	57	59	3	2	NA	NA	"GAGTCTGCCATCCCCAACCAGACAGCTCTTTACTTCTGTGCCACCAGTGATAAAAGGTATAGCAATCAGCCCCAGCATTTTGGTGAT"	FALSE	TRUE	NA	NA	NA	NA
"CCCAGCCCCAACCAGACCTCTCTGTACTTCTGTGCCAGCAGTCAAAGGGGTACGACAAGACCATCCTACGAGCAGTACTTCGGGCCG"	"CASSQRGTTRPSYEQYF"	"CCCAGCCCCAACCAGACCTCTCTGTACTTCTGTGCCAGCAGTCAAAGGGGTACGACAAGACCATCCTACGAGCAGTACTTCGGGCCG"	"CASSQRGTTRPSYEQYF"	"TCRBV27-1*1"	"TCRBD1-1*1"	"TCRBJ2-7*1"	42	45	50	63	3	13	NA	NA	"CCCAGCCCCAACCAGACCTCTCTGTACTTCTGTGCCAGCAGTCAAAGGGGTACGACAAGACCATCCTACGAGCAGTACTTCGGGCCG"	FALSE	TRUE	NA	NA	NA	NA
"ATCCAGCCCTCAGAACCCAGGGACTCAGCTGTGTACTTCTGTGCCAGCAGCCTCACAGGGGGCGATTCACCCCTCCACTTTGGGAAT"	"CASSLTGGDSPLHF"	"ATCCAGCCCTCAGAACCCAGGGACTCAGCTGTGTACTTCTGTGCCAGCAGCCTCACAGGGGGCGATTCACCCCTCCACTTTGGGAAT"	"CASSLTGGDSPLHF"	NA	"TCRBD1-1*1"	"TCRBJ1-6*1"	50	54	63	64	4	1	NA	NA	"ATCCAGCCCTCAGAACCCAGGGACTCAGCTGTGTACTTCTGTGCCAGCAGCCTCACAGGGGGCGATTCACCCCTCCACTTTGGGAAT"	FALSE	TRUE	NA	NA	NA	NA
"AATGTGAACGCCTTGGAGCTGGACGACTCGGCCCTGTATCTCTGTGCCAGCAGCTTTCAAGCGGGAGCTCTGCAGTACTTCGGGCCA"	"CASSFQAGALQYF"	"AATGTGAACGCCTTGGAGCTGGACGACTCGGCCCTGTATCTCTGTGCCAGCAGCTTTCAAGCGGGAGCTCTGCAGTACTTCGGGCCA"	"CASSFQAGALQYF"	"TCRBV5-4*1"	"TCRBD2-1*2"	"TCRBJ2-5*1"	56	59	67	72	3	5	NA	NA	"AATGTGAACGCCTTGGAGCTGGACGACTCGGCCCTGTATCTCTGTGCCAGCAGCTTTCAAGCGGGAGCTCTGCAGTACTTCGGGCCA"	FALSE	TRUE	NA	NA	NA	NA
"GCTGTACCCTCTCAGACATCTGTGTACTTCTGTGCCAGCAGAAAAAAGGGGAGGCAGCTTAGCAATCAGCCCCAGCATTTTGGTGAT"	"CASRKKGRQLSNQPQHF"	"GCTGTACCCTCTCAGACATCTGTGTACTTCTGTGCCAGCAGAAAAAAGGGGAGGCAGCTTAGCAATCAGCCCCAGCATTTTGGTGAT"	"CASRKKGRQLSNQPQHF"	"TCRBV6-4*1"	"TCRBD2-1*2"	"TCRBJ1-5*1"	41	48	54	59	7	5	NA	NA	"GCTGTACCCTCTCAGACATCTGTGTACTTCTGTGCCAGCAGAAAAAAGGGGAGGCAGCTTAGCAATCAGCCCCAGCATTTTGGTGAT"	FALSE	TRUE	NA	NA	NA	NA
"CGCACACAGCAGGAGGACTCCGCCGTGTATCTCTGTGCCAGCAGCCCCCTGCTAGCGGGAGGGGGAGAGACCCAGTACTTCGGGCCA"	"CASSPLLAGGGETQYF"	"CGCACACAGCAGGAGGACTCCGCCGTGTATCTCTGTGCCAGCAGCCCCCTGCTAGCGGGAGGGGGAGAGACCCAGTACTTCGGGCCA"	"CASSPLLAGGGETQYF"	"TCRBV7-8*3"	"TCRBD2-1*2"	"TCRBJ2-5*1"	46	51	63	65	5	2	NA	NA	"CGCACACAGCAGGAGGACTCCGCCGTGTATCTCTGTGCCAGCAGCCCCCTGCTAGCGGGAGGGGGAGAGACCCAGTACTTCGGGCCA"	FALSE	TRUE	NA	NA	NA	NA
"AGTCCGCTACCAGCTCCCAGACATCTGTGTACTTCTGTGCCATCAGTTTTGAGCAGGAGCTCCTACAATGAGCAGTTCTTCGGGCCA"	""	"AGTCCGCTACCAGCTCCCAGACATCTGTGTACTTCTGTGCCATCAGTTTTGAGCAGGAGCTCCTACAATGAGCAGTTCTTCGGGCCA"	""	"TCRBV1-3*1"	NA	"TCRBJ2-1*1"	47	53	57	59	6	2	NA	NA	"AGTCCGCTACCAGCTCCCAGACATCTGTGTACTTCTGTGCCATCAGTTTTGAGCAGGAGCTCCTACAATGAGCAGTTCTTCGGGCCA"	FALSE	FALSE	NA	NA	NA	NA
"CGCACAGAGCAGCGGGACTCGGCCATGTATCGCTGTGCCAGCAGCCTACTAGCGTCAGTAACCTACAATGAGCAGTTCTTCGGGCCA"	"CASSLLASVTYNEQFF"	"CGCACAGAGCAGCGGGACTCGGCCATGTATCGCTGTGCCAGCAGCCTACTAGCGTCAGTAACCTACAATGAGCAGTTCTTCGGGCCA"	"CASSLLASVTYNEQFF"	"TCRBV7-6*1"	"TCRBD2-1"	"TCRBJ2-1*1"	45	47	54	61	2	7	NA	NA	"CGCACAGAGCAGCGGGACTCGGCCATGTATCGCTGTGCCAGCAGCCTACTAGCGTCAGTAACCTACAATGAGCAGTTCTTCGGGCCA"	FALSE	TRUE	NA	NA	NA	NA
"CAGCGCACAGAGCAGGGGGACTCGGCCATGTATCTCTGTGCCAGCAGCTTAGCGACTAGCGCCGTAGATACGCAGTATTTTGGCCCA"	"CASSLATSAVDTQYF"	"CAGCGCACAGAGCAGGGGGACTCGGCCATGTATCTCTGTGCCAGCAGCTTAGCGACTAGCGCCGTAGATACGCAGTATTTTGGCCCA"	"CASSLATSAVDTQYF"	"TCRBV7-9*1"	"TCRBD2-1"	"TCRBJ2-3*1"	-1	53	61	65	54	4	NA	NA	"CAGCGCACAGAGCAGGGGGACTCGGCCATGTATCTCTGTGCCAGCAGCTTAGCGACTAGCGCCGTAGATACGCAGTATTTTGGCCCA"	FALSE	TRUE	NA	NA	NA	NA
"CTGACAGTGACCAGTGCCCATCCTGAAGACAGCAGCTTCTACATCTGCAGTGCTAGAGATCCACTAGCGCCCCAGTACTTCGGGCCA"	"CSARDPLAPQYF"	"CTGACAGTGACCAGTGCCCATCCTGAAGACAGCAGCTTCTACATCTGCAGTGCTAGAGATCCACTAGCGCCCCAGTACTTCGGGCCA"	"CSARDPLAPQYF"	NA	"TCRBD2-1"	"TCRBJ2-5*1"	59	62	69	70	3	1	NA	NA	"CTGACAGTGACCAGTGCCCATCCTGAAGACAGCAGCTTCTACATCTGCAGTGCTAGAGATCCACTAGCGCCCCAGTACTTCGGGCCA"	FALSE	TRUE	NA	NA	NA	NA
"TGCTGTACCCTCTCAGACATCTGTGTACTTCTGTGCCAGCAGTGTGACTAGCGGGTAGCCTCCTACAATGAGCAGTTCTTCGGGCCA"	""	"TGCTGTACCCTCTCAGACATCTGTGTACTTCTGTGCCAGCAGTGTGACTAGCGGGTAGCCTCCTACAATGAGCAGTTCTTCGGGCCA"	""	"TCRBV6-4*1"	"TCRBD2-1"	"TCRBJ2-1*1"	44	45	55	59	1	4	NA	NA	"TGCTGTACCCTCTCAGACATCTGTGTACTTCTGTGCCAGCAGTGTGACTAGCGGGTAGCCTCCTACAATGAGCAGTTCTTCGGGCCA"	FALSE	FALSE	NA	NA	NA	NA
"ACCAGTGCCCATCCTGAAGACAGCAGCTTCTACATCTGCAGTGCTTTAAGGCCTAGCGGGAGGGTTGAGACCCAGTACTTCGGGCCA"	"CSALRPSGRVETQYF"	"ACCAGTGCCCATCCTGAAGACAGCAGCTTCTACATCTGCAGTGCTTTAAGGCCTAGCGGGAGGGTTGAGACCCAGTACTTCGGGCCA"	"CSALRPSGRVETQYF"	NA	"TCRBD2-1*2"	"TCRBJ2-5*1"	45	52	64	66	7	2	NA	NA	"ACCAGTGCCCATCCTGAAGACAGCAGCTTCTACATCTGCAGTGCTTTAAGGCCTAGCGGGAGGGTTGAGACCCAGTACTTCGGGCCA"	FALSE	TRUE	NA	NA	NA	NA
"GGGGACTCGGCCCTTTATCTTTGCGCCAGCCCCCTCCGATATAGCGGGAGGTCCTAATCTGACTCCTACGAGCAGTACTTCGGGCCG"	"CASPLRYSGRS*SDSYEQYF"	"GGGGACTCGGCCCTTTATCTTTGCGCCAGCCCCCTCCGATATAGCGGGAGGTCCTAATCTGACTCCTACGAGCAGTACTTCGGGCCG"	"CASPLRYSGRS*SDSYEQYF"	"TCRBV5-1*1"	"TCRBD2-1*2"	"TCRBJ2-7*1"	30	41	51	62	11	11	NA	NA	"GGGGACTCGGCCCTTTATCTTTGCGCCAGCCCCCTCCGATATAGCGGGAGGTCCTAATCTGACTCCTACGAGCAGTACTTCGGGCCG"	FALSE	TRUE	NA	NA	NA	NA
"GCCCATCCTGAAGACAGCAGCTTCTACATCTGCAGTGCCATTGCGGCTAGCGGGAGTGGGGCCTATCACGAGCAGTACTTCGGGCCG"	"CSAIAASGSGAYHEQYF"	"GCCCATCCTGAAGACAGCAGCTTCTACATCTGCAGTGCCATTGCGGCTAGCGGGAGTGGGGCCTATCACGAGCAGTACTTCGGGCCG"	"CSAIAASGSGAYHEQYF"	NA	"TCRBD2-1*2"	"TCRBJ2-7*1"	38	46	56	67	8	11	NA	NA	"GCCCATCCTGAAGACAGCAGCTTCTACATCTGCAGTGCCATTGCGGCTAGCGGGAGTGGGGCCTATCACGAGCAGTACTTCGGGCCG"	FALSE	TRUE	NA	NA	NA	NA
"ACCAACCAGACATCTATGTACCTCTGTGCCAGCAGCAACCGACAGGGGGCACTACTAGCGGGAGGCAATGAGCAGTTCTTCGGGCCA"	"CASSNRQGALLAGGNEQFF"	"ACCAACCAGACATCTATGTACCTCTGTGCCAGCAGCAACCGACAGGGGGCACTACTAGCGGGAGGCAATGAGCAGTTCTTCGGGCCA"	"CASSNRQGALLAGGNEQFF"	"TCRBV28-1*1"	"TCRBD2-1*2"	"TCRBJ2-1*1"	50	53	-1	65	3	66	NA	NA	"ACCAACCAGACATCTATGTACCTCTGTGCCAGCAGCAACCGACAGGGGGCACTACTAGCGGGAGGCAATGAGCAGTTCTTCGGGCCA"	FALSE	TRUE	NA	NA	NA	NA
"CCTGCAAAGCTTGAGGACTCGGCCGTGTATCTCTGTGCCAGCAGCTTCGGAAGAGGGGGCGCAAACAATGAGCAGTTCTTCGGGCCA"	"CASSFGRGGANNEQFF"	"CCTGCAAAGCTTGAGGACTCGGCCGTGTATCTCTGTGCCAGCAGCTTCGGAAGAGGGGGCGCAAACAATGAGCAGTTCTTCGGGCCA"	"CASSFGRGGANNEQFF"	"TCRBV11-2"	"TCRBD1-1*1"	"TCRBJ2-1*1"	47	53	60	64	6	4	NA	NA	"CCTGCAAAGCTTGAGGACTCGGCCGTGTATCTCTGTGCCAGCAGCTTCGGAAGAGGGGGCGCAAACAATGAGCAGTTCTTCGGGCCA"	FALSE	TRUE	NA	NA	NA	NA
"ATTCTGGAGTCCGCCAGCACCAACCAGACATCTATGTACCTCTGTGCCAGCAGGGTGACAGGGAGCACTGAAGCTTTCTTTGGACAA"	"CASRVTGSTEAFF"	"ATTCTGGAGTCCGCCAGCACCAACCAGACATCTATGTACCTCTGTGCCAGCAGGGTGACAGGGAGCACTGAAGCTTTCTTTGGACAA"	"CASRVTGSTEAFF"	"TCRBV28-1*1"	"TCRBD1-1*1"	"TCRBJ1-1*1"	53	56	63	65	3	2	NA	NA	"ATTCTGGAGTCCGCCAGCACCAACCAGACATCTATGTACCTCTGTGCCAGCAGGGTGACAGGGAGCACTGAAGCTTTCTTTGGACAA"	FALSE	TRUE	NA	NA	NA	NA
"CTGAAGATCCGGTCCACAAAGCTGGAGGACTCAGCCATGTACTTCTGTGCCACCAAACAGGGATCTTACGAGCAGTACTTCGGGCCG"	"CATKQGSYEQYF"	"CTGAAGATCCGGTCCACAAAGCTGGAGGACTCAGCCATGTACTTCTGTGCCACCAAACAGGGATCTTACGAGCAGTACTTCGGGCCG"	"CATKQGSYEQYF"	"TCRBV2-1"	"TCRBD1-1*1"	"TCRBJ2-7*1"	52	56	62	66	4	4	NA	NA	"CTGAAGATCCGGTCCACAAAGCTGGAGGACTCAGCCATGTACTTCTGTGCCACCAAACAGGGATCTTACGAGCAGTACTTCGGGCCG"	FALSE	TRUE	NA	NA	NA	NA
"NNNNTGTCGGCTGCTCCCTCCCAGACATCTGTGTACTTCTGTGCCAGCCGAAGGACTAGGGGTATGGATGAGCAGTTCTTCGGGCCA"	"CASRRTRGMDEQFF"	"NNNNTGTCGGCTGCTCCCTCCCAGACATCTGTGTACTTCTGTGCCAGCCGAAGGACTAGGGGTATGGATGAGCAGTTCTTCGGGCCA"	"CASRRTRGMDEQFF"	"TCRBV6-5*1"	"TCRBD2-1"	"TCRBJ2-1*1"	48	52	59	67	4	8	NA	NA	"NNNNTGTCGGCTGCTCCCTCCCAGACATCTGTGTACTTCTGTGCCAGCCGAAGGACTAGGGGTATGGATGAGCAGTTCTTCGGGCCA"	FALSE	TRUE	NA	NA	NA	NA
"TGACCAGTGCCCATCCTGAAGACAGCAGCTTCTACATCTGCAGTGCTTTACTTACTTAGGGGCCCCTACGAGCAGTACTTCGGGCCG"	""	"TGACCAGTGCCCATCCTGAAGACAGCAGCTTCTACATCTGCAGTGCTTTACTTACTTAGGGGCCCCTACGAGCAGTACTTCGGGCCG"	""	NA	"TCRBD1-1*1"	"TCRBJ2-7*1"	47	57	62	64	10	2	NA	NA	"TGACCAGTGCCCATCCTGAAGACAGCAGCTTCTACATCTGCAGTGCTTTACTTACTTAGGGGCCCCTACGAGCAGTACTTCGGGCCG"	FALSE	FALSE	NA	NA	NA	NA
"ATGAATGTGAGCACCTTGGAGCTGGGGGACTCGGCCCTTTATCTTTGCGCCAGCAGCTCCCCTTCGAGGGAGCAGTTCTTCGGGCCA"	"CASSSPSREQFF"	"ATGAATGTGAGCACCTTGGAGCTGGGGGACTCGGCCCTTTATCTTTGCGCCAGCAGCTCCCCTTCGAGGGAGCAGTTCTTCGGGCCA"	"CASSSPSREQFF"	"TCRBV5-1*1"	"TCRBD2-1*2"	"TCRBJ2-1*1"	58	65	-1	69	7	70	NA	NA	"ATGAATGTGAGCACCTTGGAGCTGGGGGACTCGGCCCTTTATCTTTGCGCCAGCAGCTCCCCTTCGAGGGAGCAGTTCTTCGGGCCA"	FALSE	TRUE	NA	NA	NA	NA
"TCAGCTACCAGCTCCCAGACATCTGTGTACTTCTGTGCCATCAGTGATGGGACTAGCGGGAGCATCGGGGAGCTGTTTTTTGGAGAA"	"CAISDGTSGSIGELFF"	"TCAGCTACCAGCTCCCAGACATCTGTGTACTTCTGTGCCATCAGTGATGGGACTAGCGGGAGCATCGGGGAGCTGTTTTTTGGAGAA"	"CAISDGTSGSIGELFF"	"TCRBV1-3*1"	"TCRBD2-1*2"	"TCRBJ2-2*1"	47	48	62	65	1	3	NA	NA	"TCAGCTACCAGCTCCCAGACATCTGTGTACTTCTGTGCCATCAGTGATGGGACTAGCGGGAGCATCGGGGAGCTGTTTTTTGGAGAA"	FALSE	TRUE	NA	NA	NA	NA
"GGAGTCTGCTGCCTCCTCCCAGACATCTGTATATTTCTGCGCCAGCAGTTAGACATGCGGTAGAACACTGAAGCTTTCTTTGGACAA"	""	"GGAGTCTGCTGCCTCCTCCCAGACATCTGTATATTTCTGCGCCAGCAGTTAGACATGCGGTAGAACACTGAAGCTTTCTTTGGACAA"	""	"TCRBV1-1*1"	NA	"TCRBJ1-1*1"	49	51	55	62	2	7	NA	NA	"GGAGTCTGCTGCCTCCTCCCAGACATCTGTATATTTCTGCGCCAGCAGTTAGACATGCGGTAGAACACTGAAGCTTTCTTTGGACAA"	FALSE	FALSE	NA	NA	NA	NA
"TGTGAACGCCTTGTTGCTGGGGGACTCGGCCCTCTATCTCTGTGCCAGCAGCTTGGTACAGGAGCTTACGAGCAGTACTTCGGGCCG"	""	"TGTGAACGCCTTGTTGCTGGGGGACTCGGCCCTCTATCTCTGTGCCAGCAGCTTGGTACAGGAGCTTACGAGCAGTACTTCGGGCCG"	""	"TCRBV5-6*1"	"TCRBD1-1*1"	"TCRBJ2-7*1"	56	57	62	66	1	4	NA	NA	"TGTGAACGCCTTGTTGCTGGGGGACTCGGCCCTCTATCTCTGTGCCAGCAGCTTGGTACAGGAGCTTACGAGCAGTACTTCGGGCCG"	FALSE	FALSE	NA	NA	NA	NA
"TGTCGGCTGCTCCCTCCCAAACATCTGTGTACTTCTGTGCCAACAAGGGCGGCGGGAGTCAGGGGGGCTGAGCAGTTCTTCGGGCCA"	""	"TGTCGGCTGCTCCCTCCCAAACATCTGTGTACTTCTGTGCCAACAAGGGCGGCGGGAGTCAGGGGGGCTGAGCAGTTCTTCGGGCCA"	""	NA	NA	"TCRBJ2-1*1"	42	59	66	68	17	2	NA	NA	"TGTCGGCTGCTCCCTCCCAAACATCTGTGTACTTCTGTGCCAACAAGGGCGGCGGGAGTCAGGGGGGCTGAGCAGTTCTTCGGGCCA"	FALSE	FALSE	NA	NA	NA	NA
"GAGTCTGCCAGGCCCTCACATACCTCTCAGTACCTCTGTGCCAGCAGTGAAGCCCGGACAGGTTATGAAAAACTGTTTTTTGGCAGT"	"CASSEARTGYEKLFF"	"GAGTCTGCCAGGCCCTCACATACCTCTCAGTACCTCTGTGCCAGCAGTGAAGCCCGGACAGGTTATGAAAAACTGTTTTTTGGCAGT"	"CASSEARTGYEKLFF"	"TCRBV25-1*1"	"TCRBD1-1*1"	"TCRBJ1-4*1"	51	55	62	64	4	2	NA	NA	"GAGTCTGCCAGGCCCTCACATACCTCTCAGTACCTCTGTGCCAGCAGTGAAGCCCGGACAGGTTATGAAAAACTGTTTTTTGGCAGT"	FALSE	TRUE	NA	NA	NA	NA
"ACCAGTGCCCATCCTGAAGACAGCAGCTTCTACATCTGCAGTGCTAGAGACCTCGGACAGACCTCCTACGAGCAGTACTTCGGGCCG"	"CSARDLGQTSYEQYF"	"ACCAGTGCCCATCCTGAAGACAGCAGCTTCTACATCTGCAGTGCTAGAGACCTCGGACAGACCTCCTACGAGCAGTACTTCGGGCCG"	"CSARDLGQTSYEQYF"	NA	"TCRBD1-1*1"	"TCRBJ2-7*1"	50	54	60	62	4	2	NA	NA	"ACCAGTGCCCATCCTGAAGACAGCAGCTTCTACATCTGCAGTGCTAGAGACCTCGGACAGACCTCCTACGAGCAGTACTTCGGGCCG"	FALSE	TRUE	NA	NA	NA	NA
"AAGATCCAGCCCTCAGAACCCAGGGACTCAGCTGTGTACTTCTGTGCCAGCACTTCCCCGCCCAAAAACATTCAGTACTTCGGCGCC"	"CASTSPPKNIQYF"	"AAGATCCAGCCCTCAGAACCCAGGGACTCAGCTGTGTACTTCTGTGCCAGCACTTCCCCGCCCAAAAACATTCAGTACTTCGGCGCC"	"CASTSPPKNIQYF"	"TCRBV12-3/12-4*1"	NA	"TCRBJ2-4*1"	52	59	-1	61	7	62	NA	NA	"AAGATCCAGCCCTCAGAACCCAGGGACTCAGCTGTGTACTTCTGTGCCAGCACTTCCCCGCCCAAAAACATTCAGTACTTCGGCGCC"	FALSE	TRUE	NA	NA	NA	NA
"ACTCTGGAGTCCGCTACCAGCTCCCAGACATCTGTGTACTTCTGTGCCATCAGGGGGGACGGGCACTATGGCTACACCTTCGGTTCG"	"CAIRGDGHYGYTF"	"ACTCTGGAGTCCGCTACCAGCTCCCAGACATCTGTGTACTTCTGTGCCATCAGGGGGGACGGGCACTATGGCTACACCTTCGGTTCG"	"CAIRGDGHYGYTF"	"TCRBV1-3*1"	NA	"TCRBJ1-2*1"	53	55	60	64	2	4	NA	NA	"ACTCTGGAGTCCGCTACCAGCTCCCAGACATCTGTGTACTTCTGTGCCATCAGGGGGGACGGGCACTATGGCTACACCTTCGGTTCG"	FALSE	TRUE	NA	NA	NA	NA
"GTCCACGGAGTCAGGGGACACAGCACTGTATTTCTGTGCCAGCAGCCTGGGGTAGCGGGAAACGCAGATACGCAGTATTTTGGCCCA"	""	"GTCCACGGAGTCAGGGGACACAGCACTGTATTTCTGTGCCAGCAGCCTGGGGTAGCGGGAAACGCAGATACGCAGTATTTTGGCCCA"	""	"TCRBV21-1*1"	"TCRBD2-1*2"	"TCRBJ2-3*1"	46	52	60	64	6	4	NA	NA	"GTCCACGGAGTCAGGGGACACAGCACTGTATTTCTGTGCCAGCAGCCTGGGGTAGCGGGAAACGCAGATACGCAGTATTTTGGCCCA"	FALSE	FALSE	NA	NA	NA	NA
"AGCACCTTGGAGCTGGGGGACTCGGCCCTTTATCTTTGCGCCAGCAGCCTGACAGTGGCCCTCACCGGGGAGCTGTTTTTTGGAGAA"	"CASSLTVALTGELFF"	"AGCACCTTGGAGCTGGGGGACTCGGCCCTTTATCTTTGCGCCAGCAGCCTGACAGTGGCCCTCACCGGGGAGCTGTTTTTTGGAGAA"	"CASSLTVALTGELFF"	"TCRBV5-1*1"	"TCRBD1-1*1"	"TCRBJ2-2*1"	48	50	55	62	2	7	NA	NA	"AGCACCTTGGAGCTGGGGGACTCGGCCCTTTATCTTTGCGCCAGCAGCCTGACAGTGGCCCTCACCGGGGAGCTGTTTTTTGGAGAA"	FALSE	TRUE	NA	NA	NA	NA
"CACAGAGCAGGAGGACTCGGCCGTGTATCTCTGTGCCAGCAGCTTAGATGGAGTTTTGGGCTGAGAGAGACCCAGTACTTCGGGCCA"	""	"CACAGAGCAGGAGGACTCGGCCGTGTATCTCTGTGCCAGCAGCTTAGATGGAGTTTTGGGCTGAGAGAGACCCAGTACTTCGGGCCA"	""	"TCRBV7-2"	NA	"TCRBJ2-5*1"	47	57	61	65	10	4	NA	NA	"CACAGAGCAGGAGGACTCGGCCGTGTATCTCTGTGCCAGCAGCTTAGATGGAGTTTTGGGCTGAGAGAGACCCAGTACTTCGGGCCA"	FALSE	FALSE	NA	NA	NA	NA
"AATGTGAACGCCTTGTTGCTGGGGGACTCGGCCCTCTATCTCTGTGCCAGCAGCTTGTCGGGGAATCAGCCCCAGCATTTTGGTGAT"	"CASSLSGNQPQHF"	"AATGTGAACGCCTTGTTGCTGGGGGACTCGGCCCTCTATCTCTGTGCCAGCAGCTTGTCGGGGAATCAGCCCCAGCATTTTGGTGAT"	"CASSLSGNQPQHF"	"TCRBV5-6*1"	"TCRBD2-1*1"	"TCRBJ1-5*1"	57	58	-1	63	1	64	NA	NA	"AATGTGAACGCCTTGTTGCTGGGGGACTCGGCCCTCTATCTCTGTGCCAGCAGCTTGTCGGGGAATCAGCCCCAGCATTTTGGTGAT"	FALSE	TRUE	NA	NA	NA	NA
"CTGGAGCTTGGTGACTCTGCTGTGTATTTCTGTGCCAGCAGCCAACGGTTAAGCACGGGACTTGCCTACGAGCAGTACTTCGGGCCG"	"CASSQRLSTGLAYEQYF"	"CTGGAGCTTGGTGACTCTGCTGTGTATTTCTGTGCCAGCAGCCAACGGTTAAGCACGGGACTTGCCTACGAGCAGTACTTCGGGCCG"	"CASSQRLSTGLAYEQYF"	"TCRBV3-1/3-2*1"	"TCRBD2-1"	"TCRBJ2-7*1"	45	56	62	64	11	2	NA	NA	"CTGGAGCTTGGTGACTCTGCTGTGTATTTCTGTGCCAGCAGCCAACGGTTAAGCACGGGACTTGCCTACGAGCAGTACTTCGGGCCG"	FALSE	TRUE	NA	NA	NA	NA
"GTGAGCACCTTGGAGCTGGGGGACTCGGCCCTTTATCTTTGCGCCAGCAGCTTGGCACACAGCACAGATACGCAGTATTTTGGCCCA"	"CASSLAHSTDTQYF"	"GTGAGCACCTTGGAGCTGGGGGACTCGGCCCTTTATCTTTGCGCCAGCAGCTTGGCACACAGCACAGATACGCAGTATTTTGGCCCA"	"CASSLAHSTDTQYF"	"TCRBV5-1*1"	"TCRBD1-1*1"	"TCRBJ2-3*1"	55	56	59	60	1	1	NA	NA	"GTGAGCACCTTGGAGCTGGGGGACTCGGCCCTTTATCTTTGCGCCAGCAGCTTGGCACACAGCACAGATACGCAGTATTTTGGCCCA"	FALSE	TRUE	NA	NA	NA	NA
"NNNNNNNTGTCGGCTGCTCCCTCCCAAACATCTGTGTACTTCTGTGCCAGTACGCTAGCGGAACTCTACGAGCAGTACTTCGGGCCG"	"CASTLAELYEQYF"	"NNNNNNNTGTCGGCTGCTCCCTCCCAAACATCTGTGTACTTCTGTGCCAGTACGCTAGCGGAACTCTACGAGCAGTACTTCGGGCCG"	"CASTLAELYEQYF"	NA	"TCRBD2-1"	"TCRBJ2-7*1"	50	54	61	65	4	4	NA	NA	"NNNNNNNTGTCGGCTGCTCCCTCCCAAACATCTGTGTACTTCTGTGCCAGTACGCTAGCGGAACTCTACGAGCAGTACTTCGGGCCG"	FALSE	TRUE	NA	NA	NA	NA
"GCTGCTCCCTCCCAGACATCTGTGTACTTCTGTGCCAGCAGTTACTACGGGATGGCCGGGGATAGGAATGAAGCTTTCTTTGGACAA"	"CASSYYGMAGDRNEAFF"	"GCTGCTCCCTCCCAGACATCTGTGTACTTCTGTGCCAGCAGTTACTACGGGATGGCCGGGGATAGGAATGAAGCTTTCTTTGGACAA"	"CASSYYGMAGDRNEAFF"	NA	"TCRBD2-1"	"TCRBJ1-1*1"	46	56	61	68	10	7	NA	NA	"GCTGCTCCCTCCCAGACATCTGTGTACTTCTGTGCCAGCAGTTACTACGGGATGGCCGGGGATAGGAATGAAGCTTTCTTTGGACAA"	FALSE	TRUE	NA	NA	NA	NA
"NTGAAGATCCAGCCCTCAGAACCCAGGGACTCAGCTGTGTACTTCTGTGCCAGCAGTTTGGAGAATTCACCCCTCCACTTTGGGAAT"	"CASSLENSPLHF"	"NTGAAGATCCAGCCCTCAGAACCCAGGGACTCAGCTGTGTACTTCTGTGCCAGCAGTTTGGAGAATTCACCCCTCCACTTTGGGAAT"	"CASSLENSPLHF"	"TCRBV12-3/12-4*1"	"TCRBD2-1*2"	"TCRBJ1-6*1"	-1	59	-1	63	60	64	NA	NA	"NTGAAGATCCAGCCCTCAGAACCCAGGGACTCAGCTGTGTACTTCTGTGCCAGCAGTTTGGAGAATTCACCCCTCCACTTTGGGAAT"	FALSE	TRUE	NA	NA	NA	NA
"ACTCTCAAGATCCAGCCTGCAAAGCTTGAGGACTCGGCCGTGTATCTCTGTGCCAGCAGCTCCACCGGGGAGCTGTTTTTTGGAGAA"	"CASSSTGELFF"	"ACTCTCAAGATCCAGCCTGCAAAGCTTGAGGACTCGGCCGTGTATCTCTGTGCCAGCAGCTCCACCGGGGAGCTGTTTTTTGGAGAA"	"CASSSTGELFF"	"TCRBV11-2*1"	NA	"TCRBJ2-2*1"	-1	-1	61	62	0	1	NA	NA	"ACTCTCAAGATCCAGCCTGCAAAGCTTGAGGACTCGGCCGTGTATCTCTGTGCCAGCAGCTCCACCGGGGAGCTGTTTTTTGGAGAA"	FALSE	TRUE	NA	NA	NA	NA
"TCCCAAACATCTGTGTACTTCTGTGCCAGCAGTTACTCCCGCCTGACAGGGTCCGACCGGTACCAAGAGACCCAGTACTTCGGGCCA"	"CASSYSRLTGSDRYQETQYF"	"TCCCAAACATCTGTGTACTTCTGTGCCAGCAGTTACTCCCGCCTGACAGGGTCCGACCGGTACCAAGAGACCCAGTACTTCGGGCCA"	"CASSYSRLTGSDRYQETQYF"	"TCRBV6-2/6-3*1"	"TCRBD1-1*1"	"TCRBJ2-5*1"	38	44	51	61	6	10	NA	NA	"TCCCAAACATCTGTGTACTTCTGTGCCAGCAGTTACTCCCGCCTGACAGGGTCCGACCGGTACCAAGAGACCCAGTACTTCGGGCCA"	FALSE	TRUE	NA	NA	NA	NA
"CAGCGCACAGAGCGGGGGGACTCAGCCGTGTATCTCTGTGCCAGCAGCTTACTCGGGAGTGCTTCCTACGAGCAGTACTTCGGGCCG"	"CASSLLGSASYEQYF"	"CAGCGCACAGAGCGGGGGGACTCAGCCGTGTATCTCTGTGCCAGCAGCTTACTCGGGAGTGCTTCCTACGAGCAGTACTTCGGGCCG"	"CASSLLGSASYEQYF"	"TCRBV7-3*1"	"TCRBD2-1*2"	"TCRBJ2-7*1"	51	53	59	63	2	4	NA	NA	"CAGCGCACAGAGCGGGGGGACTCAGCCGTGTATCTCTGTGCCAGCAGCTTACTCGGGAGTGCTTCCTACGAGCAGTACTTCGGGCCG"	FALSE	TRUE	NA	NA	NA	NA
"CTGGGGGACTCGGCCCTTTATCTTTGCGCCAGCAGCCCCTTGATCCCAAGCGGGAGCCGAGTCACCGGGGAGCTGTTTTTTGGAGAA"	"CASSPLIPSGSRVTGELFF"	"CTGGGGGACTCGGCCCTTTATCTTTGCGCCAGCAGCCCCTTGATCCCAAGCGGGAGCCGAGTCACCGGGGAGCTGTTTTTTGGAGAA"	"CASSPLIPSGSRVTGELFF"	"TCRBV5-1*1"	"TCRBD2-1*2"	"TCRBJ2-2*1"	36	48	56	62	12	6	NA	NA	"CTGGGGGACTCGGCCCTTTATCTTTGCGCCAGCAGCCCCTTGATCCCAAGCGGGAGCCGAGTCACCGGGGAGCTGTTTTTTGGAGAA"	FALSE	TRUE	NA	NA	NA	NA
"ATCCTGGAGTCGCCCAGCCCCAACCAGACCTCTCTGTACTTCTGTGCCAGCAGTTTAACGGGGTTGTATGGCTACACCTTCGGTTCG"	"CASSLTGLYGYTF"	"ATCCTGGAGTCGCCCAGCCCCAACCAGACCTCTCTGTACTTCTGTGCCAGCAGTTTAACGGGGTTGTATGGCTACACCTTCGGTTCG"	"CASSLTGLYGYTF"	"TCRBV27-1*1"	"TCRBD2-1*1"	"TCRBJ1-2*1"	57	58	63	66	1	3	NA	NA	"ATCCTGGAGTCGCCCAGCCCCAACCAGACCTCTCTGTACTTCTGTGCCAGCAGTTTAACGGGGTTGTATGGCTACACCTTCGGTTCG"	FALSE	TRUE	NA	NA	NA	NA
"CGCACACAGCAGGAGGACTCCGCCGTGTATCTCTGTGCCAGCAGCTTAGACGAAACAGGGTTTGGGGACATTCAGTACTTCGGCGCC"	"CASSLDETGFGDIQYF"	"CGCACACAGCAGGAGGACTCCGCCGTGTATCTCTGTGCCAGCAGCTTAGACGAAACAGGGTTTGGGGACATTCAGTACTTCGGCGCC"	"CASSLDETGFGDIQYF"	"TCRBV7-8*1"	"TCRBD1-1*1"	"TCRBJ2-4*1"	49	54	60	67	5	7	NA	NA	"CGCACACAGCAGGAGGACTCCGCCGTGTATCTCTGTGCCAGCAGCTTAGACGAAACAGGGTTTGGGGACATTCAGTACTTCGGCGCC"	FALSE	TRUE	NA	NA	NA	NA
"CAGCGCACAGAGCAGCGGGACTCAGCCATGTATCGCTGTGCTAGCAGCTTAGCGTATCACATCCAAGAGACCCAGTACTTCGGGCCA"	"CASSLAYHIQETQYF"	"CAGCGCACAGAGCAGCGGGACTCAGCCATGTATCGCTGTGCTAGCAGCTTAGCGTATCACATCCAAGAGACCCAGTACTTCGGGCCA"	"CASSLAYHIQETQYF"	"TCRBV7-7*1"	"TCRBD1-1*1"	"TCRBJ2-5*1"	53	58	61	62	5	1	NA	NA	"CAGCGCACAGAGCAGCGGGACTCAGCCATGTATCGCTGTGCTAGCAGCTTAGCGTATCACATCCAAGAGACCCAGTACTTCGGGCCA"	FALSE	TRUE	NA	NA	NA	NA
"CTGACTGTGAGCAACATGAGCCCTGAAGACAGCAGCATATATCTCTGCAGCGTTGCCACAGGGAAATATGGCTACACCTTCGGTTCG"	"CSVATGKYGYTF"	"CTGACTGTGAGCAACATGAGCCCTGAAGACAGCAGCATATATCTCTGCAGCGTTGCCACAGGGAAATATGGCTACACCTTCGGTTCG"	"CSVATGKYGYTF"	"TCRBV29-1"	"TCRBD1-1*1"	"TCRBJ1-2*1"	55	57	63	66	2	3	NA	NA	"CTGACTGTGAGCAACATGAGCCCTGAAGACAGCAGCATATATCTCTGCAGCGTTGCCACAGGGAAATATGGCTACACCTTCGGTTCG"	FALSE	TRUE	NA	NA	NA	NA
"CGGCTGCTCCCTCCCAGACATCTGTGTACTTCTGTGCCAGCAGTTACGAGGTGGCAGCGAGACACCGGGGAGCTGTTTTTTGGAGAA"	""	"CGGCTGCTCCCTCCCAGACATCTGTGTACTTCTGTGCCAGCAGTTACGAGGTGGCAGCGAGACACCGGGGAGCTGTTTTTTGGAGAA"	""	"TCRBV6-5*1"	"TCRBD2-1"	"TCRBJ2-2*1"	47	55	59	61	8	2	NA	NA	"CGGCTGCTCCCTCCCAGACATCTGTGTACTTCTGTGCCAGCAGTTACGAGGTGGCAGCGAGACACCGGGGAGCTGTTTTTTGGAGAA"	FALSE	FALSE	NA	NA	NA	NA
"GTGAACGCCTTGGAGCTGGACGACTCGGCCCTGTATCTCTGTGCCAGCAGCCTACAGGGCATGAACACTGAAGCTTTCTTTGGACAA"	"CASSLQGMNTEAFF"	"GTGAACGCCTTGGAGCTGGACGACTCGGCCCTGTATCTCTGTGCCAGCAGCCTACAGGGCATGAACACTGAAGCTTTCTTTGGACAA"	"CASSLQGMNTEAFF"	"TCRBV5-4*1"	"TCRBD1-1*1"	"TCRBJ1-1*1"	51	53	59	61	2	2	NA	NA	"GTGAACGCCTTGGAGCTGGACGACTCGGCCCTGTATCTCTGTGCCAGCAGCCTACAGGGCATGAACACTGAAGCTTTCTTTGGACAA"	FALSE	TRUE	NA	NA	NA	NA
"AGCCTGCAGAACTGGAGGATTCTGGAGTTTATTTCTGTGCCAGCAGCCAGAACAGGGATCTCTGGAAACACCATATATTTTGGAGAG"	""	"AGCCTGCAGAACTGGAGGATTCTGGAGTTTATTTCTGTGCCAGCAGCCAGAACAGGGATCTCTGGAAACACCATATATTTTGGAGAG"	""	"TCRBV14-1*1"	"TCRBD1-1*1"	"TCRBJ1-3*1"	49	51	57	59	2	2	NA	NA	"AGCCTGCAGAACTGGAGGATTCTGGAGTTTATTTCTGTGCCAGCAGCCAGAACAGGGATCTCTGGAAACACCATATATTTTGGAGAG"	FALSE	FALSE	NA	NA	NA	NA
"GCTGCTCCCTCCCAAACATCTGTGTACTTCTGTGCCAGCAGTTCACCCTCCACTAGCCGTGGAGCCTACGAGCAGTACTTCGGGCCG"	"CASSSPSTSRGAYEQYF"	"GCTGCTCCCTCCCAAACATCTGTGTACTTCTGTGCCAGCAGTTCACCCTCCACTAGCCGTGGAGCCTACGAGCAGTACTTCGGGCCG"	"CASSSPSTSRGAYEQYF"	"TCRBV6-2/6-3*1"	"TCRBD2-1"	"TCRBJ2-7*1"	43	51	57	64	8	7	NA	NA	"GCTGCTCCCTCCCAAACATCTGTGTACTTCTGTGCCAGCAGTTCACCCTCCACTAGCCGTGGAGCCTACGAGCAGTACTTCGGGCCG"	FALSE	TRUE	NA	NA	NA	NA
"NNNNNNNTGTCGGCTGCTCCCTCCCAGACATCTGTGTACTTCTGTGCCAGCAGTTACGCCGAGACCGGGGAGCTGTTTTTTGGAGAA"	"CASSYAETGELFF"	"NNNNNNNTGTCGGCTGCTCCCTCCCAGACATCTGTGTACTTCTGTGCCAGCAGTTACGCCGAGACCGGGGAGCTGTTTTTTGGAGAA"	"CASSYAETGELFF"	"TCRBV6-5*1"	"TCRBD2-1*2"	"TCRBJ2-2*1"	57	60	-1	63	3	64	NA	NA	"NNNNNNNTGTCGGCTGCTCCCTCCCAGACATCTGTGTACTTCTGTGCCAGCAGTTACGCCGAGACCGGGGAGCTGTTTTTTGGAGAA"	FALSE	TRUE	NA	NA	NA	NA
"TGAAGACAGCAGCTTCTACATCTGCAGTGCTAGAAGCGAAGGGACTAGCGGGAGGGTGAGGGCACAGATACGCAGTATTTTGGCCCA"	""	"TGAAGACAGCAGCTTCTACATCTGCAGTGCTAGAAGCGAAGGGACTAGCGGGAGGGTGAGGGCACAGATACGCAGTATTTTGGCCCA"	""	NA	"TCRBD2-1*2"	"TCRBJ2-3*1"	34	40	56	61	6	5	NA	NA	"TGAAGACAGCAGCTTCTACATCTGCAGTGCTAGAAGCGAAGGGACTAGCGGGAGGGTGAGGGCACAGATACGCAGTATTTTGGCCCA"	FALSE	FALSE	NA	NA	NA	NA
"NNNNTGTCGGCTGCTCCCTCCCAGACATCTGTGTACTTCTGTGCCAGCATTGAACAGGGAAACACCGGGGAGCTGTTTTTTGGAGAA"	"CASIEQGNTGELFF"	"NNNNTGTCGGCTGCTCCCTCCCAGACATCTGTGTACTTCTGTGCCAGCATTGAACAGGGAAACACCGGGGAGCTGTTTTTTGGAGAA"	"CASIEQGNTGELFF"	"TCRBV6-1*1"	"TCRBD1-1*1"	"TCRBJ2-2*1"	-1	54	59	60	55	1	NA	NA	"NNNNTGTCGGCTGCTCCCTCCCAGACATCTGTGTACTTCTGTGCCAGCATTGAACAGGGAAACACCGGGGAGCTGTTTTTTGGAGAA"	FALSE	TRUE	NA	NA	NA	NA
"ACAGTGACCAGTGCCCATCCTGAAGACAGCAGCTTCTACATCTGCAGTGCTAGAGATGGGGGATCCTACGAGCAGTACTTCGGGCCG"	"CSARDGGSYEQYF"	"ACAGTGACCAGTGCCCATCCTGAAGACAGCAGCTTCTACATCTGCAGTGCTAGAGATGGGGGATCCTACGAGCAGTACTTCGGGCCG"	"CSARDGGSYEQYF"	NA	NA	"TCRBJ2-7*1"	56	57	62	63	1	1	NA	NA	"ACAGTGACCAGTGCCCATCCTGAAGACAGCAGCTTCTACATCTGCAGTGCTAGAGATGGGGGATCCTACGAGCAGTACTTCGGGCCG"	FALSE	TRUE	NA	NA	NA	NA
"AATGTGAACGCCTTGTTGCTGGGGGACTCGGCCCTGTATCTCTGTGCCAGCAGCAGGACTACAGGGGCGGAGCAGTACTTCGGGCCG"	"CASSRTTGAEQYF"	"AATGTGAACGCCTTGTTGCTGGGGGACTCGGCCCTGTATCTCTGTGCCAGCAGCAGGACTACAGGGGCGGAGCAGTACTTCGGGCCG"	"CASSRTTGAEQYF"	"TCRBV5-5*1"	"TCRBD1-1*1"	"TCRBJ2-7*1"	54	60	67	69	6	2	NA	NA	"AATGTGAACGCCTTGTTGCTGGGGGACTCGGCCCTGTATCTCTGTGCCAGCAGCAGGACTACAGGGGCGGAGCAGTACTTCGGGCCG"	FALSE	TRUE	NA	NA	NA	NA
"CTGAGCTCTCTGGAGCTGGGGGACTCAGCTTTGTATTTCTGTGCCAGCAGCGTAGTAGATTGGGAGTATGAGCAGTTCTTCGGGCCA"	"CASSVVDWEYEQFF"	"CTGAGCTCTCTGGAGCTGGGGGACTCAGCTTTGTATTTCTGTGCCAGCAGCGTAGTAGATTGGGAGTATGAGCAGTTCTTCGGGCCA"	"CASSVVDWEYEQFF"	"TCRBV9-1*1"	"TCRBD2-1*2"	"TCRBJ2-1*1"	55	61	66	67	6	1	NA	NA	"CTGAGCTCTCTGGAGCTGGGGGACTCAGCTTTGTATTTCTGTGCCAGCAGCGTAGTAGATTGGGAGTATGAGCAGTTCTTCGGGCCA"	FALSE	TRUE	NA	NA	NA	NA
"GCGCACAGAGCGGGGGGACTCAGCCGTGTATCTCTGTGCCAGCAGCTCCCCTTAGCGGGGAGGTGGGAGACCCAGTACTTCGGGCCA"	""	"GCGCACAGAGCGGGGGGACTCAGCCGTGTATCTCTGTGCCAGCAGCTCCCCTTAGCGGGGAGGTGGGAGACCCAGTACTTCGGGCCA"	""	"TCRBV7-3*1"	"TCRBD2-1*1"	"TCRBJ2-5*1"	47	52	60	66	5	6	NA	NA	"GCGCACAGAGCGGGGGGACTCAGCCGTGTATCTCTGTGCCAGCAGCTCCCCTTAGCGGGGAGGTGGGAGACCCAGTACTTCGGGCCA"	FALSE	FALSE	NA	NA	NA	NA
"TTGGAGCTGGACGACTCGGCCCTGTATCTCTGTGCCAGCAGCCTTGGTTCGGGAACACAAATATTCTACGAGCAGTACTTCGGGCCG"	"CASSLGSGTQIFYEQYF"	"TTGGAGCTGGACGACTCGGCCCTGTATCTCTGTGCCAGCAGCCTTGGTTCGGGAACACAAATATTCTACGAGCAGTACTTCGGGCCG"	"CASSLGSGTQIFYEQYF"	"TCRBV5-4*1"	"TCRBD2-1*2"	"TCRBJ2-7*1"	42	49	54	65	7	11	NA	NA	"TTGGAGCTGGACGACTCGGCCCTGTATCTCTGTGCCAGCAGCCTTGGTTCGGGAACACAAATATTCTACGAGCAGTACTTCGGGCCG"	FALSE	TRUE	NA	NA	NA	NA
"TCCTGGAGTCGCCCAGCCCCAACCAGACCTCTCTGTACTTCTGTGCCAGCAGGGAACTACTCTGGAAACACCATATATTTTGGAGAG"	""	"TCCTGGAGTCGCCCAGCCCCAACCAGACCTCTCTGTACTTCTGTGCCAGCAGGGAACTACTCTGGAAACACCATATATTTTGGAGAG"	""	"TCRBV27-1*1"	"TCRBD2-1"	"TCRBJ1-3*1"	52	55	-1	59	3	60	NA	NA	"TCCTGGAGTCGCCCAGCCCCAACCAGACCTCTCTGTACTTCTGTGCCAGCAGGGAACTACTCTGGAAACACCATATATTTTGGAGAG"	FALSE	FALSE	NA	NA	NA	NA
"TCACCAGGCCTGGGGGACGCAGCCATGTACCTGTGTGCCACCAGCTCTGAGACAGGGGGCTCTGGAAACACCATATATTTTGGAGAG"	"CATSSETGGSGNTIYF"	"TCACCAGGCCTGGGGGACGCAGCCATGTACCTGTGTGCCACCAGCTCTGAGACAGGGGGCTCTGGAAACACCATATATTTTGGAGAG"	"CATSSETGGSGNTIYF"	"TCRBV15-1*2"	"TCRBD1-1*1"	"TCRBJ1-3*1"	45	50	-1	59	5	60	NA	NA	"TCACCAGGCCTGGGGGACGCAGCCATGTACCTGTGTGCCACCAGCTCTGAGACAGGGGGCTCTGGAAACACCATATATTTTGGAGAG"	FALSE	TRUE	NA	NA	NA	NA
"ACCAGTGCCCATCCTGAAGACAGCAGCTTCTACATCTGCAGTGCTAGGGGCGATCAGGGGAGGGGTCAGCCCCAGCATTTTGGTGAT"	"CSARGDQGRGQPQHF"	"ACCAGTGCCCATCCTGAAGACAGCAGCTTCTACATCTGCAGTGCTAGGGGCGATCAGGGGAGGGGTCAGCCCCAGCATTTTGGTGAT"	"CSARGDQGRGQPQHF"	NA	"TCRBD2-1*2"	"TCRBJ1-5*1"	47	57	64	65	10	1	NA	NA	"ACCAGTGCCCATCCTGAAGACAGCAGCTTCTACATCTGCAGTGCTAGGGGCGATCAGGGGAGGGGTCAGCCCCAGCATTTTGGTGAT"	FALSE	TRUE	NA	NA	NA	NA
"AGCACCTTGGAGCTGGGGGACTCGGCCCTTTATCTTTGCGCCAGCAGCCGGACAGGGGAAGATGGAAACACCATATATTTTGGAGAG"	"CASSRTGEDGNTIYF"	"AGCACCTTGGAGCTGGGGGACTCGGCCCTTTATCTTTGCGCCAGCAGCCGGACAGGGGAAGATGGAAACACCATATATTTTGGAGAG"	"CASSRTGEDGNTIYF"	"TCRBV5-1*1"	"TCRBD1-1*1"	"TCRBJ1-3*1"	48	49	58	62	1	4	NA	NA	"AGCACCTTGGAGCTGGGGGACTCGGCCCTTTATCTTTGCGCCAGCAGCCGGACAGGGGAAGATGGAAACACCATATATTTTGGAGAG"	FALSE	TRUE	NA	NA	NA	NA
"CCCTCACATACCTCTCAGTACCTCTGTGCCTCAGCAGGGGGGCTAGGGACTAGCGGGAGTCCTTACAATGAGCAGTTCTTCGGGCCA"	"CASAGGLGTSGSPYNEQFF"	"CCCTCACATACCTCTCAGTACCTCTGTGCCTCAGCAGGGGGGCTAGGGACTAGCGGGAGTCCTTACAATGAGCAGTTCTTCGGGCCA"	"CASAGGLGTSGSPYNEQFF"	NA	"TCRBD2-1*2"	"TCRBJ2-1*1"	30	45	59	63	15	4	NA	NA	"CCCTCACATACCTCTCAGTACCTCTGTGCCTCAGCAGGGGGGCTAGGGACTAGCGGGAGTCCTTACAATGAGCAGTTCTTCGGGCCA"	FALSE	TRUE	NA	NA	NA	NA
"TCTCTGGAGCTGGGGGACTCAGCTTTGTATTTCTGTGCCAGCAGCGTTAACCGGGAGGAAAACTGGAATGAGCAGTTCTTCGGGCCA"	"CASSVNREENWNEQFF"	"TCTCTGGAGCTGGGGGACTCAGCTTTGTATTTCTGTGCCAGCAGCGTTAACCGGGAGGAAAACTGGAATGAGCAGTTCTTCGGGCCA"	"CASSVNREENWNEQFF"	"TCRBV9-1*1"	"TCRBD2-1*2"	"TCRBJ2-1*1"	47	51	58	66	4	8	NA	NA	"TCTCTGGAGCTGGGGGACTCAGCTTTGTATTTCTGTGCCAGCAGCGTTAACCGGGAGGAAAACTGGAATGAGCAGTTCTTCGGGCCA"	FALSE	TRUE	NA	NA	NA	NA
"AGTCGCCCAGCCCCAACCAGACCTCTCTGTACTTCTGTGCCAGCAGTTTCCCTAGCGGTGGGCACAGATACGCAGTATTTTGGCCCA"	""	"AGTCGCCCAGCCCCAACCAGACCTCTCTGTACTTCTGTGCCAGCAGTTTCCCTAGCGGTGGGCACAGATACGCAGTATTTTGGCCCA"	""	"TCRBV27-1*1"	"TCRBD2-1"	"TCRBJ2-3*1"	49	51	58	61	2	3	NA	NA	"AGTCGCCCAGCCCCAACCAGACCTCTCTGTACTTCTGTGCCAGCAGTTTCCCTAGCGGTGGGCACAGATACGCAGTATTTTGGCCCA"	FALSE	FALSE	NA	NA	NA	NA
"GCAGAGCTTGGGGACTCGGCCGTGTATCTCTGTGCCAGCAGCTTAGGAACTAGCGGGGGGAGTCTGGATACGCAGTATTTTGGCCCA"	"CASSLGTSGGSLDTQYF"	"GCAGAGCTTGGGGACTCGGCCGTGTATCTCTGTGCCAGCAGCTTAGGAACTAGCGGGGGGAGTCTGGATACGCAGTATTTTGGCCCA"	"CASSLGTSGGSLDTQYF"	"TCRBV11-3*1"	"TCRBD2-1*1"	"TCRBJ2-3*1"	46	48	60	66	2	6	NA	NA	"GCAGAGCTTGGGGACTCGGCCGTGTATCTCTGTGCCAGCAGCTTAGGAACTAGCGGGGGGAGTCTGGATACGCAGTATTTTGGCCCA"	FALSE	TRUE	NA	NA	NA	NA
"GTGAGCAACATGAGCCCTGAAGACAGCAGCATATATCTCTGCAGCGCATATAGAGGCGCAGAGCAAGAGACCCAGTACTTCGGGCCA"	"CSAYRGAEQETQYF"	"GTGAGCAACATGAGCCCTGAAGACAGCAGCATATATCTCTGCAGCGCATATAGAGGCGCAGAGCAAGAGACCCAGTACTTCGGGCCA"	"CSAYRGAEQETQYF"	"TCRBV29-1*3"	"TCRBD2-1*2"	"TCRBJ2-5*1"	47	52	56	63	5	7	NA	NA	"GTGAGCAACATGAGCCCTGAAGACAGCAGCATATATCTCTGCAGCGCATATAGAGGCGCAGAGCAAGAGACCCAGTACTTCGGGCCA"	FALSE	TRUE	NA	NA	NA	NA
"ATCCAGCGCACAGAGCAGGAGGACTCGGCCGTGTATCTCTGTGCCAGCCGGCCCCCGACAAGTAACACTGAAGCTTTCTTTGGACAA"	"CASRPPTSNTEAFF"	"ATCCAGCGCACAGAGCAGGAGGACTCGGCCGTGTATCTCTGTGCCAGCCGGCCCCCGACAAGTAACACTGAAGCTTTCTTTGGACAA"	"CASRPPTSNTEAFF"	"TCRBV7-2"	"TCRBD1-1*1"	"TCRBJ1-1*1"	48	56	60	63	8	3	NA	NA	"ATCCAGCGCACAGAGCAGGAGGACTCGGCCGTGTATCTCTGTGCCAGCCGGCCCCCGACAAGTAACACTGAAGCTTTCTTTGGACAA"	FALSE	TRUE	NA	NA	NA	NA
"CGCCCTGCAGCCAGAAGACTCAGCCCTGTATCTCTGCGCCAGCAGCCAATTGTCCAGACTAGCACAGATACGCAGTATTTTGGCCCA"	""	"CGCCCTGCAGCCAGAAGACTCAGCCCTGTATCTCTGCGCCAGCAGCCAATTGTCCAGACTAGCACAGATACGCAGTATTTTGGCCCA"	""	"TCRBV4-1*1"	"TCRBD2-1"	"TCRBJ2-3*1"	49	56	-1	60	7	61	NA	NA	"CGCCCTGCAGCCAGAAGACTCAGCCCTGTATCTCTGCGCCAGCAGCCAATTGTCCAGACTAGCACAGATACGCAGTATTTTGGCCCA"	FALSE	FALSE	NA	NA	NA	NA
"ACCAGTGCCCATCCTGAAGACAGCAGCTTCTACATCTGCAGTGCTAGTATCCTAGCGGCTAGCACAGATACGCAGTATTTTGGCCCA"	"CSASILAASTDTQYF"	"ACCAGTGCCCATCCTGAAGACAGCAGCTTCTACATCTGCAGTGCTAGTATCCTAGCGGCTAGCACAGATACGCAGTATTTTGGCCCA"	"CSASILAASTDTQYF"	"TCRBV2-1*4"	"TCRBD2-1"	"TCRBJ2-3*1"	48	51	58	60	3	2	NA	NA	"ACCAGTGCCCATCCTGAAGACAGCAGCTTCTACATCTGCAGTGCTAGTATCCTAGCGGCTAGCACAGATACGCAGTATTTTGGCCCA"	FALSE	TRUE	NA	NA	NA	NA
"CTGATTCTGGAGTCCGCCAGCACCAACCAGACATCTATGTACCTCTGTGCCAGCAGTTTATTTAAGAGGACGCAGTATTTTGGCCCA"	"CASSLFKRTQYF"	"CTGATTCTGGAGTCCGCCAGCACCAACCAGACATCTATGTACCTCTGTGCCAGCAGTTTATTTAAGAGGACGCAGTATTTTGGCCCA"	"CASSLFKRTQYF"	"TCRBV28-1*1"	"TCRBD2-1*2"	"TCRBJ2-3*1"	61	65	-1	69	4	70	NA	NA	"CTGATTCTGGAGTCCGCCAGCACCAACCAGACATCTATGTACCTCTGTGCCAGCAGTTTATTTAAGAGGACGCAGTATTTTGGCCCA"	FALSE	TRUE	NA	NA	NA	NA
"CTCAAGATCCAGCCTGCAAAGCTTGAGGACTCGGCCGTGTATCTCTGTGCCAGCACCTCCTCAGGCTACGAGCAGTACTTCGGGCCG"	"CASTSSGYEQYF"	"CTCAAGATCCAGCCTGCAAAGCTTGAGGACTCGGCCGTGTATCTCTGTGCCAGCACCTCCTCAGGCTACGAGCAGTACTTCGGGCCG"	"CASTSSGYEQYF"	"TCRBV11-2*1"	"TCRBD1-1*1"	"TCRBJ2-7*1"	55	61	-1	65	6	66	NA	NA	"CTCAAGATCCAGCCTGCAAAGCTTGAGGACTCGGCCGTGTATCTCTGTGCCAGCACCTCCTCAGGCTACGAGCAGTACTTCGGGCCG"	FALSE	TRUE	NA	NA	NA	NA
"ACCCTGCAGCCAGAAGACTCGGCCCTGTATCTCTGTGCCAGCAGCCAAGACGAGACTCATCCCTACAATGAGCAGTTCTTCGGGCCA"	"CASSQDETHPYNEQFF"	"ACCCTGCAGCCAGAAGACTCGGCCCTGTATCTCTGTGCCAGCAGCCAAGACGAGACTCATCCCTACAATGAGCAGTTCTTCGGGCCA"	"CASSQDETHPYNEQFF"	"TCRBV4-2*1"	"TCRBD2-1"	"TCRBJ2-1*1"	50	53	57	61	3	4	NA	NA	"ACCCTGCAGCCAGAAGACTCGGCCCTGTATCTCTGTGCCAGCAGCCAAGACGAGACTCATCCCTACAATGAGCAGTTCTTCGGGCCA"	FALSE	TRUE	NA	NA	NA	NA
"ATCCAGCCTGCAGAGCTTGGGGACTCGGCCGTGTATCTCTGTGCCAGCAGCTTAGATTTGACAGACTACGAGCAGTACTTCGGGCCG"	"CASSLDLTDYEQYF"	"ATCCAGCCTGCAGAGCTTGGGGACTCGGCCGTGTATCTCTGTGCCAGCAGCTTAGATTTGACAGACTACGAGCAGTACTTCGGGCCG"	"CASSLDLTDYEQYF"	"TCRBV11-3*1"	"TCRBD1-1*1"	"TCRBJ2-7*1"	56	59	64	65	3	1	NA	NA	"ATCCAGCCTGCAGAGCTTGGGGACTCGGCCGTGTATCTCTGTGCCAGCAGCTTAGATTTGACAGACTACGAGCAGTACTTCGGGCCG"	FALSE	TRUE	NA	NA	NA	NA
"AGGCTGGAGTTGGCTGCTCCCTCCCAGACATCTGTGTACTTCTGTGCCAGCAGATACAGACCGTCAGATACGCAGTATTTTGGCCCA"	"CASRYRPSDTQYF"	"AGGCTGGAGTTGGCTGCTCCCTCCCAGACATCTGTGTACTTCTGTGCCAGCAGATACAGACCGTCAGATACGCAGTATTTTGGCCCA"	"CASRYRPSDTQYF"	"TCRBV6-6*1"	NA	"TCRBJ2-3*1"	57	58	61	64	1	3	NA	NA	"AGGCTGGAGTTGGCTGCTCCCTCCCAGACATCTGTGTACTTCTGTGCCAGCAGATACAGACCGTCAGATACGCAGTATTTTGGCCCA"	FALSE	TRUE	NA	NA	NA	NA
"CTGCTCCCTCCCAGACATCTGTGTACTTCTGTGCCAGCACTATCCGGTTTTGGTCCTGCTGGGGCCAACGTCCTGACTTTCGGGGCC"	""	"CTGCTCCCTCCCAGACATCTGTGTACTTCTGTGCCAGCACTATCCGGTTTTGGTCCTGCTGGGGCCAACGTCCTGACTTTCGGGGCC"	""	NA	"TCRBD2-1"	"TCRBJ2-6*1"	-1	39	42	58	40	16	NA	NA	"CTGCTCCCTCCCAGACATCTGTGTACTTCTGTGCCAGCACTATCCGGTTTTGGTCCTGCTGGGGCCAACGTCCTGACTTTCGGGGCC"	FALSE	FALSE	NA	NA	NA	NA
"ATCCGGTCCACAAAGCTGGAGGACTCAGCCATGTACTTCTGTGCCAGCAGTGAAGCGCCGGGGGGCTACGGCTACACCTTCGGTTCG"	"CASSEAPGGYGYTF"	"ATCCGGTCCACAAAGCTGGAGGACTCAGCCATGTACTTCTGTGCCAGCAGTGAAGCGCCGGGGGGCTACGGCTACACCTTCGGTTCG"	"CASSEAPGGYGYTF"	"TCRBV2-1"	"TCRBD2-1*1"	"TCRBJ1-2*1"	56	58	65	69	2	4	NA	NA	"ATCCGGTCCACAAAGCTGGAGGACTCAGCCATGTACTTCTGTGCCAGCAGTGAAGCGCCGGGGGGCTACGGCTACACCTTCGGTTCG"	FALSE	TRUE	NA	NA	NA	NA
"GAGTCTGCTGCCTCCTCCCAGACATCTGTATATTTCTGCGCCAGCAGTGAGACGACAGGGGGGGCGTATGGCTACACCTTCGGTTCG"	"CASSETTGGAYGYTF"	"GAGTCTGCTGCCTCCTCCCAGACATCTGTATATTTCTGCGCCAGCAGTGAGACGACAGGGGGGGCGTATGGCTACACCTTCGGTTCG"	"CASSETTGGAYGYTF"	"TCRBV1-1*1"	"TCRBD1-1*1"	"TCRBJ1-2*1"	51	53	62	66	2	4	NA	NA	"GAGTCTGCTGCCTCCTCCCAGACATCTGTATATTTCTGCGCCAGCAGTGAGACGACAGGGGGGGCGTATGGCTACACCTTCGGTTCG"	FALSE	TRUE	NA	NA	NA	NA
"CGTCTGCTGTACCCTCTCAGACATCTGTGTACTTCTGTGCCAGCAATAAAGGACAGGGACTAGAACACTGAAGCTTTCTTTGGACAA"	""	"CGTCTGCTGTACCCTCTCAGACATCTGTGTACTTCTGTGCCAGCAATAAAGGACAGGGACTAGAACACTGAAGCTTTCTTTGGACAA"	""	"TCRBV6-4*1"	"TCRBD1-1*1"	"TCRBJ1-1*1"	45	50	58	62	5	4	NA	NA	"CGTCTGCTGTACCCTCTCAGACATCTGTGTACTTCTGTGCCAGCAATAAAGGACAGGGACTAGAACACTGAAGCTTTCTTTGGACAA"	FALSE	FALSE	NA	NA	NA	NA
"TCTAAGAAGCTCCTTCTCAGTGACTCTGGCTTCTATCTCTGTGCCTGGACTGACAGGGAGGCTGGAAACACCATATATTTTGGAGAG"	"CAWTDREAGNTIYF"	"TCTAAGAAGCTCCTTCTCAGTGACTCTGGCTTCTATCTCTGTGCCTGGACTGACAGGGAGGCTGGAAACACCATATATTTTGGAGAG"	"CAWTDREAGNTIYF"	"TCRBV3-1*1"	"TCRBD1-1*1"	"TCRBJ1-3*1"	49	51	58	61	2	3	NA	NA	"TCTAAGAAGCTCCTTCTCAGTGACTCTGGCTTCTATCTCTGTGCCTGGACTGACAGGGAGGCTGGAAACACCATATATTTTGGAGAG"	FALSE	TRUE	NA	NA	NA	NA
"GAGTCGCCCAGCCCCAACCAGACCTCTCTGTACTTCTGTGCCAGCAGTTTATCTTCTAGGGGCACCGGGGAGCTGTTTTTTGGAGAA"	"CASSLSSRGTGELFF"	"GAGTCGCCCAGCCCCAACCAGACCTCTCTGTACTTCTGTGCCAGCAGTTTATCTTCTAGGGGCACCGGGGAGCTGTTTTTTGGAGAA"	"CASSLSSRGTGELFF"	"TCRBV27-1*1"	"TCRBD1-1*1"	"TCRBJ2-2*1"	53	57	-1	62	4	63	NA	NA	"GAGTCGCCCAGCCCCAACCAGACCTCTCTGTACTTCTGTGCCAGCAGTTTATCTTCTAGGGGCACCGGGGAGCTGTTTTTTGGAGAA"	FALSE	TRUE	NA	NA	NA	NA
"CTGGAGTCGCCCAGCCCCAACCAGACCTCTCTGTACTTCTGTGCCAGCAGCGACTACAGGGGGCTAGAGACCCAGTACTTCGGGCCA"	"CASSDYRGLETQYF"	"CTGGAGTCGCCCAGCCCCAACCAGACCTCTCTGTACTTCTGTGCCAGCAGCGACTACAGGGGGCTAGAGACCCAGTACTTCGGGCCA"	"CASSDYRGLETQYF"	"TCRBV27-1*1"	"TCRBD1-1*1"	"TCRBJ2-5*1"	50	55	64	65	5	1	NA	NA	"CTGGAGTCGCCCAGCCCCAACCAGACCTCTCTGTACTTCTGTGCCAGCAGCGACTACAGGGGGCTAGAGACCCAGTACTTCGGGCCA"	FALSE	TRUE	NA	NA	NA	NA
"ATCCAGCGCACAGAGCAGGGGGACTCGGCCATGTATCTCTGTGCCAGCAGCTTACTAGGGGGGCAAGATACGCAGTATTTTGGCCCA"	"CASSLLGGQDTQYF"	"ATCCAGCGCACAGAGCAGGGGGACTCGGCCATGTATCTCTGTGCCAGCAGCTTACTAGGGGGGCAAGATACGCAGTATTTTGGCCCA"	"CASSLLGGQDTQYF"	"TCRBV7-9*1"	NA	"TCRBJ2-3*1"	54	56	62	65	2	3	NA	NA	"ATCCAGCGCACAGAGCAGGGGGACTCGGCCATGTATCTCTGTGCCAGCAGCTTACTAGGGGGGCAAGATACGCAGTATTTTGGCCCA"	FALSE	TRUE	NA	NA	NA	NA
"GTGAGCACCTTGGAGCTGGGGGACTCGGCCCTTTATCTTTGCGCCAGCAGCAATACAGGGTTGCGAGAGACCCAGTACTTCGGGCCA"	"CASSNTGLRETQYF"	"GTGAGCACCTTGGAGCTGGGGGACTCGGCCCTTTATCTTTGCGCCAGCAGCAATACAGGGTTGCGAGAGACCCAGTACTTCGGGCCA"	"CASSNTGLRETQYF"	"TCRBV5-1*1"	"TCRBD1-1*1"	"TCRBJ2-5*1"	51	54	60	65	3	5	NA	NA	"GTGAGCACCTTGGAGCTGGGGGACTCGGCCCTTTATCTTTGCGCCAGCAGCAATACAGGGTTGCGAGAGACCCAGTACTTCGGGCCA"	FALSE	TRUE	NA	NA	NA	NA
"AGGATTCTGGAGTTTATTTCTGTGCCAGCAGCCAGGACTGTGGGACTAGCGGGAGGGCCTCCCAAAAACATTCAGTACTTCGGCGCC"	""	"AGGATTCTGGAGTTTATTTCTGTGCCAGCAGCCAGGACTGTGGGACTAGCGGGAGGGCCTCCCAAAAACATTCAGTACTTCGGCGCC"	""	"TCRBV14-1*1"	"TCRBD2-1*2"	"TCRBJ2-4*1"	34	41	57	61	7	4	NA	NA	"AGGATTCTGGAGTTTATTTCTGTGCCAGCAGCCAGGACTGTGGGACTAGCGGGAGGGCCTCCCAAAAACATTCAGTACTTCGGCGCC"	FALSE	FALSE	NA	NA	NA	NA
"CGGGGGGACTCAGCCGTGTATCTCTGTGCCAGCAGCCCGGGACTAGCGGGAGGGGAGGGTAACACCGGGGAGCTGTTTTTTGGAGAA"	"CASSPGLAGGEGNTGELFF"	"CGGGGGGACTCAGCCGTGTATCTCTGTGCCAGCAGCCCGGGACTAGCGGGAGGGGAGGGTAACACCGGGGAGCTGTTTTTTGGAGAA"	"CASSPGLAGGEGNTGELFF"	"TCRBV7-3*1"	"TCRBD2-1*2"	"TCRBJ2-2*1"	36	38	54	60	2	6	NA	NA	"CGGGGGGACTCAGCCGTGTATCTCTGTGCCAGCAGCCCGGGACTAGCGGGAGGGGAGGGTAACACCGGGGAGCTGTTTTTTGGAGAA"	FALSE	TRUE	NA	NA	NA	NA
"CTGGAGTCGCCCAGCCCCAACCAGACCTCTCTGTACTTCTGTGCCAGCAGTTTATCCCTAGCGGGCAATGAGCAGTTCTTCGGGCCA"	"CASSLSLAGNEQFF"	"CTGGAGTCGCCCAGCCCCAACCAGACCTCTCTGTACTTCTGTGCCAGCAGTTTATCCCTAGCGGGCAATGAGCAGTTCTTCGGGCCA"	"CASSLSLAGNEQFF"	"TCRBV27-1*1"	"TCRBD2-1"	"TCRBJ2-1*1"	56	57	-1	65	1	66	NA	NA	"CTGGAGTCGCCCAGCCCCAACCAGACCTCTCTGTACTTCTGTGCCAGCAGTTTATCCCTAGCGGGCAATGAGCAGTTCTTCGGGCCA"	FALSE	TRUE	NA	NA	NA	NA
"GTGAGCACCTTGGAGCTGGGGGACTCGGCCCTTTATCTTTGCGCCAGCAGCTTGAGGGGGAGCTCCTACGAGCAGTACTTCGGGCCG"	"CASSLRGSSYEQYF"	"GTGAGCACCTTGGAGCTGGGGGACTCGGCCCTTTATCTTTGCGCCAGCAGCTTGAGGGGGAGCTCCTACGAGCAGTACTTCGGGCCG"	"CASSLRGSSYEQYF"	"TCRBV5-1*1"	"TCRBD1-1*1"	"TCRBJ2-7*1"	-1	54	60	62	55	2	NA	NA	"GTGAGCACCTTGGAGCTGGGGGACTCGGCCCTTTATCTTTGCGCCAGCAGCTTGAGGGGGAGCTCCTACGAGCAGTACTTCGGGCCG"	FALSE	TRUE	NA	NA	NA	NA
"TCGCCCAGCCCCAACCAGACCTCTCTGTACTTCTGTGCCAGCAGTTTCTCCGGGACTAGCGGGGCAGATACGCAGTATTTTGGCCCA"	"CASSFSGTSGADTQYF"	"TCGCCCAGCCCCAACCAGACCTCTCTGTACTTCTGTGCCAGCAGTTTCTCCGGGACTAGCGGGGCAGATACGCAGTATTTTGGCCCA"	"CASSFSGTSGADTQYF"	"TCRBV27-1*1"	"TCRBD2-1*1"	"TCRBJ2-3*1"	47	51	-1	64	4	65	NA	NA	"TCGCCCAGCCCCAACCAGACCTCTCTGTACTTCTGTGCCAGCAGTTTCTCCGGGACTAGCGGGGCAGATACGCAGTATTTTGGCCCA"	FALSE	TRUE	NA	NA	NA	NA
"CAGCAGGTAGTGCGAGGAGATTCGGCAGCTTATTTCTGTGCCAGCTCACCACCTGGGGGCGGGAACTATGGCTACACCTTCGGTTCG"	"CASSPPGGGNYGYTF"	"CAGCAGGTAGTGCGAGGAGATTCGGCAGCTTATTTCTGTGCCAGCTCACCACCTGGGGGCGGGAACTATGGCTACACCTTCGGTTCG"	"CASSPPGGGNYGYTF"	"TCRBV18-1*1"	"TCRBD1-1*1"	"TCRBJ1-2*1"	53	54	60	63	1	3	NA	NA	"CAGCAGGTAGTGCGAGGAGATTCGGCAGCTTATTTCTGTGCCAGCTCACCACCTGGGGGCGGGAACTATGGCTACACCTTCGGTTCG"	FALSE	TRUE	NA	NA	NA	NA
"AGCACCTTGGAGCTGGGGGACTCGGCCCTTTATCTTTGCGCCAGCAGACTCAGCGGGAGCTCCTACAATGAGCAGTTCTTCGGGCCA"	"CASRLSGSSYNEQFF"	"AGCACCTTGGAGCTGGGGGACTCGGCCCTTTATCTTTGCGCCAGCAGACTCAGCGGGAGCTCCTACAATGAGCAGTTCTTCGGGCCA"	"CASRLSGSSYNEQFF"	"TCRBV5-1*1"	"TCRBD2-1*2"	"TCRBJ2-1*1"	47	51	-1	59	4	60	NA	NA	"AGCACCTTGGAGCTGGGGGACTCGGCCCTTTATCTTTGCGCCAGCAGACTCAGCGGGAGCTCCTACAATGAGCAGTTCTTCGGGCCA"	FALSE	TRUE	NA	NA	NA	NA
"GAGATCCAGCGCACAGAGCAGGGGGACTCGGCCATGTATCTCTGTGCCAGCAGCAGGGGGATGTTCCGTGAGCAGTTCTTCGGGCCA"	"CASSRGMFREQFF"	"GAGATCCAGCGCACAGAGCAGGGGGACTCGGCCATGTATCTCTGTGCCAGCAGCAGGGGGATGTTCCGTGAGCAGTTCTTCGGGCCA"	"CASSRGMFREQFF"	"TCRBV7-9*7"	NA	"TCRBJ2-1*1"	-1	58	61	68	59	7	NA	NA	"GAGATCCAGCGCACAGAGCAGGGGGACTCGGCCATGTATCTCTGTGCCAGCAGCAGGGGGATGTTCCGTGAGCAGTTCTTCGGGCCA"	FALSE	TRUE	NA	NA	NA	NA
"CTGGAGTCCGCCAGCACCAACCAGACATCTATGTACCTCTGTGCCAGCAGTTCGTTAAGCTCCTACAATGAGCAGTTCTTCGGGCCA"	"CASSSLSSYNEQFF"	"CTGGAGTCCGCCAGCACCAACCAGACATCTATGTACCTCTGTGCCAGCAGTTCGTTAAGCTCCTACAATGAGCAGTTCTTCGGGCCA"	"CASSSLSSYNEQFF"	"TCRBV28-1*1"	NA	"TCRBJ2-1*1"	52	57	-1	59	5	60	NA	NA	"CTGGAGTCCGCCAGCACCAACCAGACATCTATGTACCTCTGTGCCAGCAGTTCGTTAAGCTCCTACAATGAGCAGTTCTTCGGGCCA"	FALSE	TRUE	NA	NA	NA	NA
"AGCTTGAGGACTCGGCCGTGTATCTCTGTGCCAGCAGCTTAGATCATGGGGGGCTGGTCCCTCACAGATACGCAGTATTTTGGCCCA"	""	"AGCTTGAGGACTCGGCCGTGTATCTCTGTGCCAGCAGCTTAGATCATGGGGGGCTGGTCCCTCACAGATACGCAGTATTTTGGCCCA"	""	"TCRBV11-2"	NA	"TCRBJ2-3*1"	43	48	54	62	5	8	NA	NA	"AGCTTGAGGACTCGGCCGTGTATCTCTGTGCCAGCAGCTTAGATCATGGGGGGCTGGTCCCTCACAGATACGCAGTATTTTGGCCCA"	FALSE	FALSE	NA	NA	NA	NA
"CAGCCAGAAGACTCAGCCCTGTATCTCTGCGCCAGCAGCCAAGATTCCAGCGGGAGGGATGTGTCCGGGGAGCTGTTTTTTGGAGAA"	"CASSQDSSGRDVSGELFF"	"CAGCCAGAAGACTCAGCCCTGTATCTCTGCGCCAGCAGCCAAGATTCCAGCGGGAGGGATGTGTCCGGGGAGCTGTTTTTTGGAGAA"	"CASSQDSSGRDVSGELFF"	"TCRBV4-1*1"	"TCRBD2-1*2"	"TCRBJ2-2*1"	44	48	58	64	4	6	NA	NA	"CAGCCAGAAGACTCAGCCCTGTATCTCTGCGCCAGCAGCCAAGATTCCAGCGGGAGGGATGTGTCCGGGGAGCTGTTTTTTGGAGAA"	FALSE	TRUE	NA	NA	NA	NA
"CACCTACACGCCCTGCAGCCAGAAGACTCAGCCCTGTATCTCTGCGCCAGCAGCCAAGCGGGGACGGTCGAGCAGTACTTCGGGCCG"	"CASSQAGTVEQYF"	"CACCTACACGCCCTGCAGCCAGAAGACTCAGCCCTGTATCTCTGCGCCAGCAGCCAAGCGGGGACGGTCGAGCAGTACTTCGGGCCG"	"CASSQAGTVEQYF"	"TCRBV4-1*1"	NA	"TCRBJ2-7*1"	58	60	65	68	2	3	NA	NA	"CACCTACACGCCCTGCAGCCAGAAGACTCAGCCCTGTATCTCTGCGCCAGCAGCCAAGCGGGGACGGTCGAGCAGTACTTCGGGCCG"	FALSE	TRUE	NA	NA	NA	NA
"CACACCCTGCAGCCAGAAGACTCGGCCCTGTATCTCTGTGCCAGCAGCCAAGGAGTACAGGGCACCTACGAGCAGTACTTCGGGCCG"	"CASSQGVQGTYEQYF"	"CACACCCTGCAGCCAGAAGACTCGGCCCTGTATCTCTGTGCCAGCAGCCAAGGAGTACAGGGCACCTACGAGCAGTACTTCGGGCCG"	"CASSQGVQGTYEQYF"	"TCRBV4-2*1"	"TCRBD1-1*1"	"TCRBJ2-7*1"	52	56	62	64	4	2	NA	NA	"CACACCCTGCAGCCAGAAGACTCGGCCCTGTATCTCTGTGCCAGCAGCCAAGGAGTACAGGGCACCTACGAGCAGTACTTCGGGCCG"	FALSE	TRUE	NA	NA	NA	NA
"AACCTGAGCTCTCTGGAGCTGGGGGACTCAGCTTTGTATTTCTGTGCCAGCAGCTTCGGACAACTGGAGACCCAGTACTTCGGGCCA"	"CASSFGQLETQYF"	"AACCTGAGCTCTCTGGAGCTGGGGGACTCAGCTTTGTATTTCTGTGCCAGCAGCTTCGGACAACTGGAGACCCAGTACTTCGGGCCA"	"CASSFGQLETQYF"	"TCRBV9-1*1"	"TCRBD1-1*1"	"TCRBJ2-5*1"	54	57	62	66	3	4	NA	NA	"AACCTGAGCTCTCTGGAGCTGGGGGACTCAGCTTTGTATTTCTGTGCCAGCAGCTTCGGACAACTGGAGACCCAGTACTTCGGGCCA"	FALSE	TRUE	NA	NA	NA	NA
"CACGCCCTGCAGCCAGAAGACTCAGCCCTGTATCTCTGCGCCAGCAGCCAAGAACAAGCTGGGGCAGATACGCAGTATTTTGGCCCA"	"CASSQEQAGADTQYF"	"CACGCCCTGCAGCCAGAAGACTCAGCCCTGTATCTCTGCGCCAGCAGCCAAGAACAAGCTGGGGCAGATACGCAGTATTTTGGCCCA"	"CASSQEQAGADTQYF"	"TCRBV4-1*1"	NA	"TCRBJ2-3*1"	53	60	-1	64	7	65	NA	NA	"CACGCCCTGCAGCCAGAAGACTCAGCCCTGTATCTCTGCGCCAGCAGCCAAGAACAAGCTGGGGCAGATACGCAGTATTTTGGCCCA"	FALSE	TRUE	NA	NA	NA	NA
"CTGCAGCCAGAAGACTCGGCCCTGTATCTCTGTGCCAGCAGCCAGGGACAGGGAGGACGGGGAAATTCACCCCTCCACTTTGGGAAT"	"CASSQGQGGRGNSPLHF"	"CTGCAGCCAGAAGACTCGGCCCTGTATCTCTGTGCCAGCAGCCAGGGACAGGGAGGACGGGGAAATTCACCCCTCCACTTTGGGAAT"	"CASSQGQGGRGNSPLHF"	"TCRBV4-2*1"	"TCRBD1-1*1"	"TCRBJ1-6*1"	-1	44	53	63	45	10	NA	NA	"CTGCAGCCAGAAGACTCGGCCCTGTATCTCTGTGCCAGCAGCCAGGGACAGGGAGGACGGGGAAATTCACCCCTCCACTTTGGGAAT"	FALSE	TRUE	NA	NA	NA	NA
"AATGTGAGCACCTTGGAGCTGGGGGACTCGGCCCTTTATCTTTGCGCCAGCAGCACCGTTCTGACAGAGACCCAGTACTTCGGGCCA"	"CASSTVLTETQYF"	"AATGTGAGCACCTTGGAGCTGGGGGACTCGGCCCTTTATCTTTGCGCCAGCAGCACCGTTCTGACAGAGACCCAGTACTTCGGGCCA"	"CASSTVLTETQYF"	"TCRBV5-1*1"	NA	"TCRBJ2-5*1"	54	62	-1	65	8	66	NA	NA	"AATGTGAGCACCTTGGAGCTGGGGGACTCGGCCCTTTATCTTTGCGCCAGCAGCACCGTTCTGACAGAGACCCAGTACTTCGGGCCA"	FALSE	TRUE	NA	NA	NA	NA
"TCGGCCCAAAAGAACCCGACAGCTTTCTATCTCTGTGCCAGTAGTATTGAGTGGGGGGACAGCAATCAGCCCCAGCATTTTGGTGAT"	"CASSIEWGDSNQPQHF"	"TCGGCCCAAAAGAACCCGACAGCTTTCTATCTCTGTGCCAGTAGTATTGAGTGGGGGGACAGCAATCAGCCCCAGCATTTTGGTGAT"	"CASSIEWGDSNQPQHF"	"TCRBV19-1*1"	"TCRBD2-1*1"	"TCRBJ1-5*1"	47	52	58	60	5	2	NA	NA	"TCGGCCCAAAAGAACCCGACAGCTTTCTATCTCTGTGCCAGTAGTATTGAGTGGGGGGACAGCAATCAGCCCCAGCATTTTGGTGAT"	FALSE	TRUE	NA	NA	NA	NA
"CTGAGCTCTCTGGAGCTGGGGGACTCAGCTTTGTATTTCTGTGCCAGCGGATTTAGCGGGAAGAGTGGCGAGCAGTACTTCGGGCCG"	"CASGFSGKSGEQYF"	"CTGAGCTCTCTGGAGCTGGGGGACTCAGCTTTGTATTTCTGTGCCAGCGGATTTAGCGGGAAGAGTGGCGAGCAGTACTTCGGGCCG"	"CASGFSGKSGEQYF"	"TCRBV9-1*1"	"TCRBD2-1*2"	"TCRBJ2-7*1"	48	53	61	68	5	7	NA	NA	"CTGAGCTCTCTGGAGCTGGGGGACTCAGCTTTGTATTTCTGTGCCAGCGGATTTAGCGGGAAGAGTGGCGAGCAGTACTTCGGGCCG"	FALSE	TRUE	NA	NA	NA	NA
"GAGCTGGGGGACTCGGCCCTTTATCTTTGCGCCAGCAGCTTGTTTACTGTTGCGGGAGGAGTAACAGATACGCAGTATTTTGGCCCA"	"CASSLFTVAGGVTDTQYF"	"GAGCTGGGGGACTCGGCCCTTTATCTTTGCGCCAGCAGCTTGTTTACTGTTGCGGGAGGAGTAACAGATACGCAGTATTTTGGCCCA"	"CASSLFTVAGGVTDTQYF"	"TCRBV5-1*1"	"TCRBD2-1*2"	"TCRBJ2-3*1"	42	51	59	63	9	4	NA	NA	"GAGCTGGGGGACTCGGCCCTTTATCTTTGCGCCAGCAGCTTGTTTACTGTTGCGGGAGGAGTAACAGATACGCAGTATTTTGGCCCA"	FALSE	TRUE	NA	NA	NA	NA
"AACATGAGCCCTGAAGACAGCAGCATATATCTCTGCAGCGTTGGAGTTGGAGGGGGAACCCAGAGAGCTGAAGCTTTCTTTGGACAA"	"CSVGVGGGTQRAEAFF"	"AACATGAGCCCTGAAGACAGCAGCATATATCTCTGCAGCGTTGGAGTTGGAGGGGGAACCCAGAGAGCTGAAGCTTTCTTTGGACAA"	"CSVGVGGGTQRAEAFF"	"TCRBV29-1"	NA	"TCRBJ1-1*1"	43	50	56	67	7	11	NA	NA	"AACATGAGCCCTGAAGACAGCAGCATATATCTCTGCAGCGTTGGAGTTGGAGGGGGAACCCAGAGAGCTGAAGCTTTCTTTGGACAA"	FALSE	TRUE	NA	NA	NA	NA
"GCCCAGCCCCAACCAGACCTCTCTGTACTTCTGTGCCAGCAGTTTTAATCCCCTGATAGCGGGGTCTACGAGCAGTACTTCGGGCCG"	""	"GCCCAGCCCCAACCAGACCTCTCTGTACTTCTGTGCCAGCAGTTTTAATCCCCTGATAGCGGGGTCTACGAGCAGTACTTCGGGCCG"	""	"TCRBV27-1*1"	"TCRBD2-1*1"	"TCRBJ2-7*1"	45	56	64	65	11	1	NA	NA	"GCCCAGCCCCAACCAGACCTCTCTGTACTTCTGTGCCAGCAGTTTTAATCCCCTGATAGCGGGGTCTACGAGCAGTACTTCGGGCCG"	FALSE	FALSE	NA	NA	NA	NA
"GTGAGCAACATGAGCCCTGAAGACAGCAGCATATATCTCTGCAGCGTTCGACCGGGGAGCTCTGGAAACACCATATATTTTGGAGAG"	"CSVRPGSSGNTIYF"	"GTGAGCAACATGAGCCCTGAAGACAGCAGCATATATCTCTGCAGCGTTCGACCGGGGAGCTCTGGAAACACCATATATTTTGGAGAG"	"CSVRPGSSGNTIYF"	"TCRBV29-1"	"TCRBD2-1"	"TCRBJ1-3*1"	48	52	57	59	4	2	NA	NA	"GTGAGCAACATGAGCCCTGAAGACAGCAGCATATATCTCTGCAGCGTTCGACCGGGGAGCTCTGGAAACACCATATATTTTGGAGAG"	FALSE	TRUE	NA	NA	NA	NA
"CTCAAGATCCAGCCTGCAAAGCTTGAGGACTCGGCCGTGTATCTCTGTGCCAGTACTAGGGGCACCGGGGAGCTGTTTTTTGGAGAA"	"CASTRGTGELFF"	"CTCAAGATCCAGCCTGCAAAGCTTGAGGACTCGGCCGTGTATCTCTGTGCCAGTACTAGGGGCACCGGGGAGCTGTTTTTTGGAGAA"	"CASTRGTGELFF"	"TCRBV11-2*1"	NA	"TCRBJ2-2*1"	53	57	-1	62	4	63	NA	NA	"CTCAAGATCCAGCCTGCAAAGCTTGAGGACTCGGCCGTGTATCTCTGTGCCAGTACTAGGGGCACCGGGGAGCTGTTTTTTGGAGAA"	FALSE	TRUE	NA	NA	NA	NA
"GAACGCCTTGGAGCTGGACGACTCGGCCCTGTATCTCTGTGCCAGCAGGCCCGGGACAGGGGAACCGGGGAGCTGTTTTTTGGAGAA"	""	"GAACGCCTTGGAGCTGGACGACTCGGCCCTGTATCTCTGTGCCAGCAGGCCCGGGACAGGGGAACCGGGGAGCTGTTTTTTGGAGAA"	""	"TCRBV5-4*1"	"TCRBD1-1*1"	"TCRBJ2-2*1"	48	52	62	63	4	1	NA	NA	"GAACGCCTTGGAGCTGGACGACTCGGCCCTGTATCTCTGTGCCAGCAGGCCCGGGACAGGGGAACCGGGGAGCTGTTTTTTGGAGAA"	FALSE	FALSE	NA	NA	NA	NA
"GATCCGGTCCACAAAGCTGGAGGACTCAGCCATGTACTTCTGTGCCAGCAGTAAACTAATCGTCCCGGGGAGCTGTTTTTTGGAGAA"	""	"GATCCGGTCCACAAAGCTGGAGGACTCAGCCATGTACTTCTGTGCCAGCAGTAAACTAATCGTCCCGGGGAGCTGTTTTTTGGAGAA"	""	"TCRBV2-1"	"TCRBD2-1"	"TCRBJ2-2*1"	52	54	58	64	2	6	NA	NA	"GATCCGGTCCACAAAGCTGGAGGACTCAGCCATGTACTTCTGTGCCAGCAGTAAACTAATCGTCCCGGGGAGCTGTTTTTTGGAGAA"	FALSE	FALSE	NA	NA	NA	NA
"AGCACCTTGGAGCTGGGGGACTCGGCCCTTTATCTTTGCGCCAGCAGCTCAGAGTGGCAGGGGCCGGACGGCTACACCTTCGGTTCG"	"CASSSEWQGPDGYTF"	"AGCACCTTGGAGCTGGGGGACTCGGCCCTTTATCTTTGCGCCAGCAGCTCAGAGTGGCAGGGGCCGGACGGCTACACCTTCGGTTCG"	"CASSSEWQGPDGYTF"	"TCRBV5-1*1"	"TCRBD1-1*1"	"TCRBJ1-2*1"	49	57	63	69	8	6	NA	NA	"AGCACCTTGGAGCTGGGGGACTCGGCCCTTTATCTTTGCGCCAGCAGCTCAGAGTGGCAGGGGCCGGACGGCTACACCTTCGGTTCG"	FALSE	TRUE	NA	NA	NA	NA
"CTACACGCCCTGCAGCCAGAAGACTCAGCCCTGTATCTCTGCGCCAGCAGCCAAGAGGCGGGCAGTCGCGAGCAGTACTTCGGGCCG"	"CASSQEAGSREQYF"	"CTACACGCCCTGCAGCCAGAAGACTCAGCCCTGTATCTCTGCGCCAGCAGCCAAGAGGCGGGCAGTCGCGAGCAGTACTTCGGGCCG"	"CASSQEAGSREQYF"	"TCRBV4-1*1"	"TCRBD2-1"	"TCRBJ2-7*1"	56	57	62	68	1	6	NA	NA	"CTACACGCCCTGCAGCCAGAAGACTCAGCCCTGTATCTCTGCGCCAGCAGCCAAGAGGCGGGCAGTCGCGAGCAGTACTTCGGGCCG"	FALSE	TRUE	NA	NA	NA	NA
"AAGATCCAGCCCTCAGAACCCAGGGACTCAGCTGTGTACTTCTGTGCCAGCAGTTTCGGAGACCTACTGGAGCAGTACTTCGGGCCG"	"CASSFGDLLEQYF"	"AAGATCCAGCCCTCAGAACCCAGGGACTCAGCTGTGTACTTCTGTGCCAGCAGTTTCGGAGACCTACTGGAGCAGTACTTCGGGCCG"	"CASSFGDLLEQYF"	"TCRBV12-3/12-4*1"	"TCRBD2-1*2"	"TCRBJ2-7*1"	56	57	61	69	1	8	NA	NA	"AAGATCCAGCCCTCAGAACCCAGGGACTCAGCTGTGTACTTCTGTGCCAGCAGTTTCGGAGACCTACTGGAGCAGTACTTCGGGCCG"	FALSE	TRUE	NA	NA	NA	NA
"GAGTCTGCCAGGCCCTCACATACCTCTCAGTACCTCTGTGCCAGCAGTGAATGGGCAGGGGGAACCGGGGAGCTGTTTTTTGGAGAA"	"CASSEWAGGTGELFF"	"GAGTCTGCCAGGCCCTCACATACCTCTCAGTACCTCTGTGCCAGCAGTGAATGGGCAGGGGGAACCGGGGAGCTGTTTTTTGGAGAA"	"CASSEWAGGTGELFF"	"TCRBV25-1*1"	"TCRBD1-1*1"	"TCRBJ2-2*1"	52	55	62	63	3	1	NA	NA	"GAGTCTGCCAGGCCCTCACATACCTCTCAGTACCTCTGTGCCAGCAGTGAATGGGCAGGGGGAACCGGGGAGCTGTTTTTTGGAGAA"	FALSE	TRUE	NA	NA	NA	NA
"CCAGCCCTCAGAACCCAGGGACTCAGCTGTGTACTTCTGTGCCAGCAGTTCGGGCAGCCGGCGAATCAGCCCCAGCATTTTGGTGAT"	""	"CCAGCCCTCAGAACCCAGGGACTCAGCTGTGTACTTCTGTGCCAGCAGTTCGGGCAGCCGGCGAATCAGCCCCAGCATTTTGGTGAT"	""	NA	NA	"TCRBJ1-5*1"	50	51	55	63	1	8	NA	NA	"CCAGCCCTCAGAACCCAGGGACTCAGCTGTGTACTTCTGTGCCAGCAGTTCGGGCAGCCGGCGAATCAGCCCCAGCATTTTGGTGAT"	FALSE	FALSE	NA	NA	NA	NA
"NNNNNNNTGTCGGCTGCTCCCTCCCAGACATCTGTGTACTTCTGTGCCAGCCGCAGGGGCCCTGGTCAGCCCCAGCATTTTGGTGAT"	"CASRRGPGQPQHF"	"NNNNNNNTGTCGGCTGCTCCCTCCCAGACATCTGTGTACTTCTGTGCCAGCCGCAGGGGCCCTGGTCAGCCCCAGCATTTTGGTGAT"	"CASRRGPGQPQHF"	"TCRBV6-5*1"	"TCRBD1-1*1"	"TCRBJ1-5*1"	51	53	59	65	2	6	NA	NA	"NNNNNNNTGTCGGCTGCTCCCTCCCAGACATCTGTGTACTTCTGTGCCAGCCGCAGGGGCCCTGGTCAGCCCCAGCATTTTGGTGAT"	FALSE	TRUE	NA	NA	NA	NA
"ATCCAGCCCTCAGAACCCAGGGACTCAGCTGTGTACTTCTGTGCCAGCGAGGACGGCGCGAACACCGGGGAGCTGTTTTTTGGAGAA"	"CASEDGANTGELFF"	"ATCCAGCCCTCAGAACCCAGGGACTCAGCTGTGTACTTCTGTGCCAGCGAGGACGGCGCGAACACCGGGGAGCTGTTTTTTGGAGAA"	"CASEDGANTGELFF"	NA	NA	"TCRBJ2-2*1"	48	50	54	58	2	4	NA	NA	"ATCCAGCCCTCAGAACCCAGGGACTCAGCTGTGTACTTCTGTGCCAGCGAGGACGGCGCGAACACCGGGGAGCTGTTTTTTGGAGAA"	FALSE	TRUE	NA	NA	NA	NA
"NNNTGAAGATCCAGCCCTCAGAACCCAGGGACTCAGCTGTGTACTTCTCCGGACGGCTCTTAGTTGGATGAGCAGTTCTTCGGGCCA"	""	"NNNTGAAGATCCAGCCCTCAGAACCCAGGGACTCAGCTGTGTACTTCTCCGGACGGCTCTTAGTTGGATGAGCAGTTCTTCGGGCCA"	""	"TCRBV12-3/12-4*1"	NA	"TCRBJ2-1*1"	48	50	54	67	2	13	NA	NA	"NNNTGAAGATCCAGCCCTCAGAACCCAGGGACTCAGCTGTGTACTTCTCCGGACGGCTCTTAGTTGGATGAGCAGTTCTTCGGGCCA"	FALSE	FALSE	NA	NA	NA	NA
"ATCCAGCCTGCAGAGCTTGGGGACTCGGCCGTGTATCTCTGTGCCAGCAGCATTAGCGGGAGTCTCTACGAGCAGTACTTCGGGCCG"	"CASSISGSLYEQYF"	"ATCCAGCCTGCAGAGCTTGGGGACTCGGCCGTGTATCTCTGTGCCAGCAGCATTAGCGGGAGTCTCTACGAGCAGTACTTCGGGCCG"	"CASSISGSLYEQYF"	"TCRBV11-3*1"	"TCRBD2-1*2"	"TCRBJ2-7*1"	51	53	62	65	2	3	NA	NA	"ATCCAGCCTGCAGAGCTTGGGGACTCGGCCGTGTATCTCTGTGCCAGCAGCATTAGCGGGAGTCTCTACGAGCAGTACTTCGGGCCG"	FALSE	TRUE	NA	NA	NA	NA
"CAGCCTGCAAAGCTTGAGGACTCGGCCGTGTATCTCTGTGCCAGCAGCTCTAGCGGGAGGGAATACAATGAGCAGTTCTTCGGGCCA"	"CASSSSGREYNEQFF"	"CAGCCTGCAAAGCTTGAGGACTCGGCCGTGTATCTCTGTGCCAGCAGCTCTAGCGGGAGGGAATACAATGAGCAGTTCTTCGGGCCA"	"CASSSSGREYNEQFF"	"TCRBV11-2*1"	"TCRBD2-1*2"	"TCRBJ2-1*1"	-1	49	61	63	50	2	NA	NA	"CAGCCTGCAAAGCTTGAGGACTCGGCCGTGTATCTCTGTGCCAGCAGCTCTAGCGGGAGGGAATACAATGAGCAGTTCTTCGGGCCA"	FALSE	TRUE	NA	NA	NA	NA
"NNNNTGTCGGCTGCTCCCTCCCAGACATCTGTGTACTTCTGTGCCAGCAGGTCCGAGGGGAGTAGATACGAGCAGTACTTCGGGCCG"	"CASRSEGSRYEQYF"	"NNNNTGTCGGCTGCTCCCTCCCAGACATCTGTGTACTTCTGTGCCAGCAGGTCCGAGGGGAGTAGATACGAGCAGTACTTCGGGCCG"	"CASRSEGSRYEQYF"	"TCRBV6-5*1"	NA	"TCRBJ2-7*1"	50	55	60	66	5	6	NA	NA	"NNNNTGTCGGCTGCTCCCTCCCAGACATCTGTGTACTTCTGTGCCAGCAGGTCCGAGGGGAGTAGATACGAGCAGTACTTCGGGCCG"	FALSE	TRUE	NA	NA	NA	NA
"CAGCCTGCAAAGCTTGAGGACTCGGCCGTGTATCTCTGTGCCAGCAGCTTCCGAGCTACACAGAACACTGAAGCTTTCTTTGGACAA"	"CASSFRATQNTEAFF"	"CAGCCTGCAAAGCTTGAGGACTCGGCCGTGTATCTCTGTGCCAGCAGCTTCCGAGCTACACAGAACACTGAAGCTTTCTTTGGACAA"	"CASSFRATQNTEAFF"	"TCRBV11-2*1"	NA	"TCRBJ1-1*1"	50	57	60	62	7	2	NA	NA	"CAGCCTGCAAAGCTTGAGGACTCGGCCGTGTATCTCTGTGCCAGCAGCTTCCGAGCTACACAGAACACTGAAGCTTTCTTTGGACAA"	FALSE	TRUE	NA	NA	NA	NA
"ATCCAGCGCACAGAGCGGGGGGACTCAGCCGTGTATCTCTGTGCCAGCAGCTTTTCAGGACAGGGAAACGAGCAGTACTTCGGGCCG"	"CASSFSGQGNEQYF"	"ATCCAGCGCACAGAGCGGGGGGACTCAGCCGTGTATCTCTGTGCCAGCAGCTTTTCAGGACAGGGAAACGAGCAGTACTTCGGGCCG"	"CASSFSGQGNEQYF"	"TCRBV7-3*1"	"TCRBD1-1*1"	"TCRBJ2-7*1"	53	57	65	67	4	2	NA	NA	"ATCCAGCGCACAGAGCGGGGGGACTCAGCCGTGTATCTCTGTGCCAGCAGCTTTTCAGGACAGGGAAACGAGCAGTACTTCGGGCCG"	FALSE	TRUE	NA	NA	NA	NA
"CTGAGTTCTAAGAAGCTCCTTCTCAGTGACTCTGGCTTCTATCTCTGTGCCTGGAACCGAGGGTCCTACGAGCAGTACTTCGGGCCG"	"CAWNRGSYEQYF"	"CTGAGTTCTAAGAAGCTCCTTCTCAGTGACTCTGGCTTCTATCTCTGTGCCTGGAACCGAGGGTCCTACGAGCAGTACTTCGGGCCG"	"CAWNRGSYEQYF"	"TCRBV3-1*1"	"TCRBD2-1*2"	"TCRBJ2-7*1"	55	58	-1	63	3	64	NA	NA	"CTGAGTTCTAAGAAGCTCCTTCTCAGTGACTCTGGCTTCTATCTCTGTGCCTGGAACCGAGGGTCCTACGAGCAGTACTTCGGGCCG"	FALSE	TRUE	NA	NA	NA	NA
"GAGTCGCCCAGCCCCAACCAGACCTCTCTGTACTTCTGTGCCACTGGACAGGGAGGCTTTAGGAACACTGAAGCTTTCTTTGGACAA"	"CATGQGGFRNTEAFF"	"GAGTCGCCCAGCCCCAACCAGACCTCTCTGTACTTCTGTGCCACTGGACAGGGAGGCTTTAGGAACACTGAAGCTTTCTTTGGACAA"	"CATGQGGFRNTEAFF"	"TCRBV27-1*1"	"TCRBD1-1*1"	"TCRBJ1-1*1"	43	45	53	62	2	9	NA	NA	"GAGTCGCCCAGCCCCAACCAGACCTCTCTGTACTTCTGTGCCACTGGACAGGGAGGCTTTAGGAACACTGAAGCTTTCTTTGGACAA"	FALSE	TRUE	NA	NA	NA	NA
"ATCCTGTCCTCAGAACCGGGAGACACGGCACTGTATCTCTGCGCCAGCAGTCAAGCAGGGTAGGACACTGAAGCTTTCTTTGGACAA"	"CASSQAG*DTEAFF"	"ATCCTGTCCTCAGAACCGGGAGACACGGCACTGTATCTCTGCGCCAGCAGTCAAGCAGGGTAGGACACTGAAGCTTTCTTTGGACAA"	"CASSQAG*DTEAFF"	"TCRBV23-1*1"	"TCRBD1-1*1"	"TCRBJ1-1*1"	54	55	60	64	1	4	NA	NA	"ATCCTGTCCTCAGAACCGGGAGACACGGCACTGTATCTCTGCGCCAGCAGTCAAGCAGGGTAGGACACTGAAGCTTTCTTTGGACAA"	FALSE	TRUE	NA	NA	NA	NA
"CAGGGGGACTCGGCCATGTATCTCTGTGCCAGCAGCTTATCGATCGTCAGGGGGGAAAGCTCCTACAATGAGCAGTTCTTCGGGCCA"	"CASSLSIVRGESSYNEQFF"	"CAGGGGGACTCGGCCATGTATCTCTGTGCCAGCAGCTTATCGATCGTCAGGGGGGAAAGCTCCTACAATGAGCAGTTCTTCGGGCCA"	"CASSLSIVRGESSYNEQFF"	"TCRBV7-9*1"	"TCRBD1-1*1"	"TCRBJ2-1*1"	39	47	54	59	8	5	NA	NA	"CAGGGGGACTCGGCCATGTATCTCTGTGCCAGCAGCTTATCGATCGTCAGGGGGGAAAGCTCCTACAATGAGCAGTTCTTCGGGCCA"	FALSE	TRUE	NA	NA	NA	NA
"CTGGAGTCCGCCAGCACCAACCAGACATCTATGTACCTCTGTGCCAGCAGTTTCCGGGACAGTTACAATGAGCAGTTCTTCGGGCCA"	"CASSFRDSYNEQFF"	"CTGGAGTCCGCCAGCACCAACCAGACATCTATGTACCTCTGTGCCAGCAGTTTCCGGGACAGTTACAATGAGCAGTTCTTCGGGCCA"	"CASSFRDSYNEQFF"	"TCRBV28-1*1"	"TCRBD1-1*1"	"TCRBJ2-1*1"	53	55	62	63	2	1	NA	NA	"CTGGAGTCCGCCAGCACCAACCAGACATCTATGTACCTCTGTGCCAGCAGTTTCCGGGACAGTTACAATGAGCAGTTCTTCGGGCCA"	FALSE	TRUE	NA	NA	NA	NA
"CCTGCAAAGCTTGAGGACTCGGCCGTGTATCTCTGTGCCAGCAGCTCACTCCCCCAGGGGTCCTATTCACCCCTCCACTTTGGGAAT"	"CASSSLPQGSYSPLHF"	"CCTGCAAAGCTTGAGGACTCGGCCGTGTATCTCTGTGCCAGCAGCTCACTCCCCCAGGGGTCCTATTCACCCCTCCACTTTGGGAAT"	"CASSSLPQGSYSPLHF"	"TCRBV11-2"	"TCRBD1-1*1"	"TCRBJ1-6*1"	46	54	60	64	8	4	NA	NA	"CCTGCAAAGCTTGAGGACTCGGCCGTGTATCTCTGTGCCAGCAGCTCACTCCCCCAGGGGTCCTATTCACCCCTCCACTTTGGGAAT"	FALSE	TRUE	NA	NA	NA	NA
"GTGAACGCCTTGGAGCTGGACGACTCGGCCCTGTATCTCTGTGCCAGCAGCCCTGGACAGGGATTATCTGGCTACACCTTCGGTTCG"	"CASSPGQGLSGYTF"	"GTGAACGCCTTGGAGCTGGACGACTCGGCCCTGTATCTCTGTGCCAGCAGCCCTGGACAGGGATTATCTGGCTACACCTTCGGTTCG"	"CASSPGQGLSGYTF"	"TCRBV5-4*1"	"TCRBD1-1*1"	"TCRBJ1-2*1"	51	54	62	68	3	6	NA	NA	"GTGAACGCCTTGGAGCTGGACGACTCGGCCCTGTATCTCTGTGCCAGCAGCCCTGGACAGGGATTATCTGGCTACACCTTCGGTTCG"	FALSE	TRUE	NA	NA	NA	NA
"TCCCTCCCAGACATCTGTGTACTTCTGTGCCAGCAGTGAAGCAGATCACACCTAGCGGGGTGAATCTACGAGCAGTACTTCGGGCCG"	""	"TCCCTCCCAGACATCTGTGTACTTCTGTGCCAGCAGTGAAGCAGATCACACCTAGCGGGGTGAATCTACGAGCAGTACTTCGGGCCG"	""	"TCRBV6-1*1"	"TCRBD2-1*1"	"TCRBJ2-7*1"	42	51	60	65	9	5	NA	NA	"TCCCTCCCAGACATCTGTGTACTTCTGTGCCAGCAGTGAAGCAGATCACACCTAGCGGGGTGAATCTACGAGCAGTACTTCGGGCCG"	FALSE	FALSE	NA	NA	NA	NA
"CTGAGCTCTCTGGAGCTGGGGGACTCAGCTTTGTATTTCTGTGCCAGCAGCGTAGCGCCAAGCTCCTACGAGCAGTACTTCGGGCCG"	"CASSVAPSSYEQYF"	"CTGAGCTCTCTGGAGCTGGGGGACTCAGCTTTGTATTTCTGTGCCAGCAGCGTAGCGCCAAGCTCCTACGAGCAGTACTTCGGGCCG"	"CASSVAPSSYEQYF"	"TCRBV9-1*1"	NA	"TCRBJ2-7*1"	55	58	60	62	3	2	NA	NA	"CTGAGCTCTCTGGAGCTGGGGGACTCAGCTTTGTATTTCTGTGCCAGCAGCGTAGCGCCAAGCTCCTACGAGCAGTACTTCGGGCCG"	FALSE	TRUE	NA	NA	NA	NA
"CCTGCAGAGCTTGGGGACTCGGCCGTGTATCTCTGTGCCAGCAGCCCGGGGACTAGCGGGAGGTTTGACGAGCAGTACTTCGGGCCG"	"CASSPGTSGRFDEQYF"	"CCTGCAGAGCTTGGGGACTCGGCCGTGTATCTCTGTGCCAGCAGCCCGGGGACTAGCGGGAGGTTTGACGAGCAGTACTTCGGGCCG"	"CASSPGTSGRFDEQYF"	"TCRBV11-3*1"	"TCRBD2-1*2"	"TCRBJ2-7*1"	45	48	63	67	3	4	NA	NA	"CCTGCAGAGCTTGGGGACTCGGCCGTGTATCTCTGTGCCAGCAGCCCGGGGACTAGCGGGAGGTTTGACGAGCAGTACTTCGGGCCG"	FALSE	TRUE	NA	NA	NA	NA
"NTGTCGGCTGCTCCCTCCCAGACATCTGTGTACTTCTGTGCCAGCAGTTACCGGACAGTCGGGGACACTGAAGCTTTCTTTGGACAA"	"CASSYRTVGDTEAFF"	"NTGTCGGCTGCTCCCTCCCAGACATCTGTGTACTTCTGTGCCAGCAGTTACCGGACAGTCGGGGACACTGAAGCTTTCTTTGGACAA"	"CASSYRTVGDTEAFF"	"TCRBV6-5*1"	"TCRBD1-1*1"	"TCRBJ1-1*1"	51	52	58	64	1	6	NA	NA	"NTGTCGGCTGCTCCCTCCCAGACATCTGTGTACTTCTGTGCCAGCAGTTACCGGACAGTCGGGGACACTGAAGCTTTCTTTGGACAA"	FALSE	TRUE	NA	NA	NA	NA
"AGCTCTCTGGAGCTGGGGGACTCAGCTTTGTATTTCTGTGCCAGCAGCGCCGGACAGGGAATGGGCTATGGCTACACCTTCGGTTCG"	"CASSAGQGMGYGYTF"	"AGCTCTCTGGAGCTGGGGGACTCAGCTTTGTATTTCTGTGCCAGCAGCGCCGGACAGGGAATGGGCTATGGCTACACCTTCGGTTCG"	"CASSAGQGMGYGYTF"	"TCRBV9-1*1"	"TCRBD1-1*1"	"TCRBJ1-2*1"	49	51	59	65	2	6	NA	NA	"AGCTCTCTGGAGCTGGGGGACTCAGCTTTGTATTTCTGTGCCAGCAGCGCCGGACAGGGAATGGGCTATGGCTACACCTTCGGTTCG"	FALSE	TRUE	NA	NA	NA	NA
"CGCCCTGCAGCCAGAAGACTCAGCCCTGTATCTCTGCGCCAGCAGCCACGCTACCCGCAGGGATTAGAGACCCAGTACTTCGGGCCA"	""	"CGCCCTGCAGCCAGAAGACTCAGCCCTGTATCTCTGCGCCAGCAGCCACGCTACCCGCAGGGATTAGAGACCCAGTACTTCGGGCCA"	""	"TCRBV4-1*1"	"TCRBD1-1*1"	"TCRBJ2-5*1"	48	57	62	65	9	3	NA	NA	"CGCCCTGCAGCCAGAAGACTCAGCCCTGTATCTCTGCGCCAGCAGCCACGCTACCCGCAGGGATTAGAGACCCAGTACTTCGGGCCA"	FALSE	FALSE	NA	NA	NA	NA
"ACTGTGACATCGGCCCAAAAGAACCCGACAGCTTTCTATCTCTGTGCCAGTAGTATAGGGGGAAGGACTGAAGCTTTCTTTGGACAA"	"CASSIGGRTEAFF"	"ACTGTGACATCGGCCCAAAAGAACCCGACAGCTTTCTATCTCTGTGCCAGTAGTATAGGGGGAAGGACTGAAGCTTTCTTTGGACAA"	"CASSIGGRTEAFF"	"TCRBV19-1*1"	NA	"TCRBJ1-1*1"	58	59	63	66	1	3	NA	NA	"ACTGTGACATCGGCCCAAAAGAACCCGACAGCTTTCTATCTCTGTGCCAGTAGTATAGGGGGAAGGACTGAAGCTTTCTTTGGACAA"	FALSE	TRUE	NA	NA	NA	NA
"CAGCCCTCAGAACCCAGGGACTCAGCTGTGTACTTCTGTGCCAGCAGTTTAAGGACAGGTCGAGTCAGCGAGCAGTACTTCGGGCCG"	"CASSLRTGRVSEQYF"	"CAGCCCTCAGAACCCAGGGACTCAGCTGTGTACTTCTGTGCCAGCAGTTTAAGGACAGGTCGAGTCAGCGAGCAGTACTTCGGGCCG"	"CASSLRTGRVSEQYF"	NA	"TCRBD1-1*1"	"TCRBJ2-7*1"	51	52	59	68	1	9	NA	NA	"CAGCCCTCAGAACCCAGGGACTCAGCTGTGTACTTCTGTGCCAGCAGTTTAAGGACAGGTCGAGTCAGCGAGCAGTACTTCGGGCCG"	FALSE	TRUE	NA	NA	NA	NA
"CGCCCAGCCCCAACCAGACCTCTCTGTACTTCTGTGCCAGCCCCTGGAAAGTGAGCGGCCAACCAAGAGACCCAGTACTTCGGGCCA"	""	"CGCCCAGCCCCAACCAGACCTCTCTGTACTTCTGTGCCAGCCCCTGGAAAGTGAGCGGCCAACCAAGAGACCCAGTACTTCGGGCCA"	""	"TCRBV27-1*1"	"TCRBD2-1"	"TCRBJ2-5*1"	41	53	58	61	12	3	NA	NA	"CGCCCAGCCCCAACCAGACCTCTCTGTACTTCTGTGCCAGCCCCTGGAAAGTGAGCGGCCAACCAAGAGACCCAGTACTTCGGGCCA"	FALSE	FALSE	NA	NA	NA	NA
"TGAACGCCTTGTTGCTAGGGGACTCGGCCCTCTATCTCTGTGCCAGCAGCCCATCCGGACAAGGCCTACGAGCAGTACTTCGGGCCG"	""	"TGAACGCCTTGTTGCTAGGGGACTCGGCCCTCTATCTCTGTGCCAGCAGCCCATCCGGACAAGGCCTACGAGCAGTACTTCGGGCCG"	""	"TCRBV5-7*1"	"TCRBD1-1*1"	"TCRBJ2-7*1"	50	56	61	64	6	3	NA	NA	"TGAACGCCTTGTTGCTAGGGGACTCGGCCCTCTATCTCTGTGCCAGCAGCCCATCCGGACAAGGCCTACGAGCAGTACTTCGGGCCG"	FALSE	FALSE	NA	NA	NA	NA
"AGGATCCAGCAGGTAGTGCGAGGAGATTCGGCAGCTTATTTCTGTGCCAGCTCACCGGGGACCCCAGATACGCAGTATTTTGGCCCA"	"CASSPGTPDTQYF"	"AGGATCCAGCAGGTAGTGCGAGGAGATTCGGCAGCTTATTTCTGTGCCAGCTCACCGGGGACCCCAGATACGCAGTATTTTGGCCCA"	"CASSPGTPDTQYF"	"TCRBV18-1*1"	NA	"TCRBJ2-3*1"	56	57	62	64	1	2	NA	NA	"AGGATCCAGCAGGTAGTGCGAGGAGATTCGGCAGCTTATTTCTGTGCCAGCTCACCGGGGACCCCAGATACGCAGTATTTTGGCCCA"	FALSE	TRUE	NA	NA	NA	NA
"TCTAAGAAGCTCCTTCTCAGTGACTCTGGCTTCTATCTCTGTGCCTGGCGAAATCCGGGACAGGGTGGCACCATATATTTTGGAGAG"	"CAWRNPGQGGTIYF"	"TCTAAGAAGCTCCTTCTCAGTGACTCTGGCTTCTATCTCTGTGCCTGGCGAAATCCGGGACAGGGTGGCACCATATATTTTGGAGAG"	"CAWRNPGQGGTIYF"	"TCRBV3-1"	"TCRBD1-1*1"	"TCRBJ1-3*1"	48	56	65	68	8	3	NA	NA	"TCTAAGAAGCTCCTTCTCAGTGACTCTGGCTTCTATCTCTGTGCCTGGCGAAATCCGGGACAGGGTGGCACCATATATTTTGGAGAG"	FALSE	TRUE	NA	NA	NA	NA
"CTGGAGCTTGGTGACTCTGCTGTGTATTTCTGTGCCAGCAGCCCCCAGGCTGGCGGGAGCGCTACCGGGGAGCTGTTTTTTGGAGAA"	"CASSPQAGGSATGELFF"	"CTGGAGCTTGGTGACTCTGCTGTGTATTTCTGTGCCAGCAGCCCCCAGGCTGGCGGGAGCGCTACCGGGGAGCTGTTTTTTGGAGAA"	"CASSPQAGGSATGELFF"	"TCRBV3-1/3-2*1"	"TCRBD2-1*2"	"TCRBJ2-2*1"	43	52	59	63	9	4	NA	NA	"CTGGAGCTTGGTGACTCTGCTGTGTATTTCTGTGCCAGCAGCCCCCAGGCTGGCGGGAGCGCTACCGGGGAGCTGTTTTTTGGAGAA"	FALSE	TRUE	NA	NA	NA	NA
"ATCCTGGAGTCGCCCAGCCCCAACCAGACCTCTCTGTACTTCTGTGCCAGTAGACAGGACTACTCCTACGAGCAGTACTTCGGGCCG"	"CASRQDYSYEQYF"	"ATCCTGGAGTCGCCCAGCCCCAACCAGACCTCTCTGTACTTCTGTGCCAGTAGACAGGACTACTCCTACGAGCAGTACTTCGGGCCG"	"CASRQDYSYEQYF"	"TCRBV27-1*1"	NA	"TCRBJ2-7*1"	50	52	58	62	2	4	NA	NA	"ATCCTGGAGTCGCCCAGCCCCAACCAGACCTCTCTGTACTTCTGTGCCAGTAGACAGGACTACTCCTACGAGCAGTACTTCGGGCCG"	FALSE	TRUE	NA	NA	NA	NA
"AGCGCACAGAGCAGCGGGACTCAGCCATGTATCGCTGTGCTAGCAGCTTAGTTAAAGGCGGGTGATCCTGGCTACACCTTCGGTTCG"	""	"AGCGCACAGAGCAGCGGGACTCAGCCATGTATCGCTGTGCTAGCAGCTTAGTTAAAGGCGGGTGATCCTGGCTACACCTTCGGTTCG"	""	"TCRBV7-7*1"	"TCRBD2-1"	"TCRBJ1-2*1"	51	57	62	68	6	6	NA	NA	"AGCGCACAGAGCAGCGGGACTCAGCCATGTATCGCTGTGCTAGCAGCTTAGTTAAAGGCGGGTGATCCTGGCTACACCTTCGGTTCG"	FALSE	FALSE	NA	NA	NA	NA
"GAGTCGCCCAGCCCCAACCAGACCTCTCTGTACTTCTGTGCCAGCGGTCTCGGCGGGAGCTCCTACAATGAGCAGTTCTTCGGGCCA"	"CASGLGGSSYNEQFF"	"GAGTCGCCCAGCCCCAACCAGACCTCTCTGTACTTCTGTGCCAGCGGTCTCGGCGGGAGCTCCTACAATGAGCAGTTCTTCGGGCCA"	"CASGLGGSSYNEQFF"	"TCRBV27-1*1"	"TCRBD2-1*2"	"TCRBJ2-1*1"	45	52	-1	59	7	60	NA	NA	"GAGTCGCCCAGCCCCAACCAGACCTCTCTGTACTTCTGTGCCAGCGGTCTCGGCGGGAGCTCCTACAATGAGCAGTTCTTCGGGCCA"	FALSE	TRUE	NA	NA	NA	NA
"GAGTCCGCCAGCACCAACCAGACATCTATGTACCTCTGTGCCAGCAAAGTTGGACAGGGCGTTACAGATACGCAGTATTTTGGCCCA"	"CASKVGQGVTDTQYF"	"GAGTCCGCCAGCACCAACCAGACATCTATGTACCTCTGTGCCAGCAAAGTTGGACAGGGCGTTACAGATACGCAGTATTTTGGCCCA"	"CASKVGQGVTDTQYF"	"TCRBV28-1*1"	"TCRBD1-1*1"	"TCRBJ2-3*1"	46	51	59	63	5	4	NA	NA	"GAGTCCGCCAGCACCAACCAGACATCTATGTACCTCTGTGCCAGCAAAGTTGGACAGGGCGTTACAGATACGCAGTATTTTGGCCCA"	FALSE	TRUE	NA	NA	NA	NA
"CTGAGCTCTCTGGAGCTGGGGGACTCAGCTTTGTATTTCTGTGCCAGCAGCACCCGACAGGGGCCATACGAGCAGTACTTCGGGCCG"	"CASSTRQGPYEQYF"	"CTGAGCTCTCTGGAGCTGGGGGACTCAGCTTTGTATTTCTGTGCCAGCAGCACCCGACAGGGGCCATACGAGCAGTACTTCGGGCCG"	"CASSTRQGPYEQYF"	"TCRBV9-1*1"	"TCRBD1-1*1"	"TCRBJ2-7*1"	51	55	63	66	4	3	NA	NA	"CTGAGCTCTCTGGAGCTGGGGGACTCAGCTTTGTATTTCTGTGCCAGCAGCACCCGACAGGGGCCATACGAGCAGTACTTCGGGCCG"	FALSE	TRUE	NA	NA	NA	NA
"GACTCAGCCCTGTATCTCTGCGCCAGCAGCCAAGAGTCCCCTGTGCCGGGAACCACCTATGGGGCCAACGTCCTGACTTTCGGGGCC"	"CASSQESPVPGTTYGANVLTF"	"GACTCAGCCCTGTATCTCTGCGCCAGCAGCCAAGAGTCCCCTGTGCCGGGAACCACCTATGGGGCCAACGTCCTGACTTTCGGGGCC"	"CASSQESPVPGTTYGANVLTF"	"TCRBV4-1*1"	"TCRBD2-1*2"	"TCRBJ2-6*1"	35	46	51	59	11	8	NA	NA	"GACTCAGCCCTGTATCTCTGCGCCAGCAGCCAAGAGTCCCCTGTGCCGGGAACCACCTATGGGGCCAACGTCCTGACTTTCGGGGCC"	FALSE	TRUE	NA	NA	NA	NA
"GAGTCCGCTACCAGCTCCCAGACATCTGTGTACTTCTGTGCCATCAGCGGGGACGATAGCTCCTACAATGAGCAGTTCTTCGGGCCA"	"CAISGDDSSYNEQFF"	"GAGTCCGCTACCAGCTCCCAGACATCTGTGTACTTCTGTGCCATCAGCGGGGACGATAGCTCCTACAATGAGCAGTTCTTCGGGCCA"	"CAISGDDSSYNEQFF"	"TCRBV1-3*1"	NA	"TCRBJ2-1*1"	47	49	54	59	2	5	NA	NA	"GAGTCCGCTACCAGCTCCCAGACATCTGTGTACTTCTGTGCCATCAGCGGGGACGATAGCTCCTACAATGAGCAGTTCTTCGGGCCA"	FALSE	TRUE	NA	NA	NA	NA
"ATCCAGCGCACAGAGCAGCGGGACTCGGCCATGTATCGCTGTGCCAGCAGCCCGGACAGGGAGAGGGAGACCCAGTACTTCGGGCCA"	"CASSPDRERETQYF"	"ATCCAGCGCACAGAGCAGCGGGACTCGGCCATGTATCGCTGTGCCAGCAGCCCGGACAGGGAGAGGGAGACCCAGTACTTCGGGCCA"	"CASSPDRERETQYF"	"TCRBV7-6*1"	"TCRBD1-1*1"	"TCRBJ2-5*1"	51	53	61	66	2	5	NA	NA	"ATCCAGCGCACAGAGCAGCGGGACTCGGCCATGTATCGCTGTGCCAGCAGCCCGGACAGGGAGAGGGAGACCCAGTACTTCGGGCCA"	FALSE	TRUE	NA	NA	NA	NA
"CCAGCCCCAACCAGACCTCTCTGTACTTCTGTGCCAGCAGCCCAGCAGGGACTAGCGGGAGGCCCTAATGAGCAGTTCTTCGGGCCA"	""	"CCAGCCCCAACCAGACCTCTCTGTACTTCTGTGCCAGCAGCCCAGCAGGGACTAGCGGGAGGCCCTAATGAGCAGTTCTTCGGGCCA"	""	"TCRBV27-1*1"	"TCRBD2-1*2"	"TCRBJ2-1*1"	40	47	62	66	7	4	NA	NA	"CCAGCCCCAACCAGACCTCTCTGTACTTCTGTGCCAGCAGCCCAGCAGGGACTAGCGGGAGGCCCTAATGAGCAGTTCTTCGGGCCA"	FALSE	FALSE	NA	NA	NA	NA
"CCCAGGGACTCAGCTGTGTACTTCTGTGCCAGCAGTTTAAGGCTAGCGGGAGGAGCTCCATACCAAGAGACCCAGTACTTCGGGCCA"	"CASSLRLAGGAPYQETQYF"	"CCCAGGGACTCAGCTGTGTACTTCTGTGCCAGCAGTTTAAGGCTAGCGGGAGGAGCTCCATACCAAGAGACCCAGTACTTCGGGCCA"	"CASSLRLAGGAPYQETQYF"	NA	"TCRBD2-1*2"	"TCRBJ2-5*1"	39	42	53	61	3	8	NA	NA	"CCCAGGGACTCAGCTGTGTACTTCTGTGCCAGCAGTTTAAGGCTAGCGGGAGGAGCTCCATACCAAGAGACCCAGTACTTCGGGCCA"	FALSE	TRUE	NA	NA	NA	NA
"CAGCCTGCAAAGCTTGAGGACTCGGCCGTGTATCTCTGTGCCAGCAGCAGCAGGGGTCGGGACACAGATACGCAGTATTTTGGCCCA"	"CASSSRGRDTDTQYF"	"CAGCCTGCAAAGCTTGAGGACTCGGCCGTGTATCTCTGTGCCAGCAGCAGCAGGGGTCGGGACACAGATACGCAGTATTTTGGCCCA"	"CASSSRGRDTDTQYF"	"TCRBV11-2*1"	"TCRBD1-1*1"	"TCRBJ2-3*1"	48	50	56	62	2	6	NA	NA	"CAGCCTGCAAAGCTTGAGGACTCGGCCGTGTATCTCTGTGCCAGCAGCAGCAGGGGTCGGGACACAGATACGCAGTATTTTGGCCCA"	FALSE	TRUE	NA	NA	NA	NA
"TCCACTCTGACAGTGACCAGTGCCCATCCTGAAGACAGCAGCTTCTACATCTGCAGTGCGGACATTTCCGAGCAGTTCTTCGGGCCA"	"CSADISEQFF"	"TCCACTCTGACAGTGACCAGTGCCCATCCTGAAGACAGCAGCTTCTACATCTGCAGTGCGGACATTTCCGAGCAGTTCTTCGGGCCA"	"CSADISEQFF"	"TCRBV2-1"	"TCRBD1-1*1"	"TCRBJ2-1*1"	-1	59	64	69	60	5	NA	NA	"TCCACTCTGACAGTGACCAGTGCCCATCCTGAAGACAGCAGCTTCTACATCTGCAGTGCGGACATTTCCGAGCAGTTCTTCGGGCCA"	FALSE	TRUE	NA	NA	NA	NA
"CCCCTGATCCTGGAGTCGCCCAGCCCCAACCAGACCTCTCTGTACTTCTGTGCCAGCAGTTTGAGGTCACCCCTCCACTTTGGGAAT"	"CASSLRSPLHF"	"CCCCTGATCCTGGAGTCGCCCAGCCCCAACCAGACCTCTCTGTACTTCTGTGCCAGCAGTTTGAGGTCACCCCTCCACTTTGGGAAT"	"CASSLRSPLHF"	"TCRBV27-1*1"	"TCRBD2-1*2"	"TCRBJ1-6*1"	-1	62	-1	66	63	67	NA	NA	"CCCCTGATCCTGGAGTCGCCCAGCCCCAACCAGACCTCTCTGTACTTCTGTGCCAGCAGTTTGAGGTCACCCCTCCACTTTGGGAAT"	FALSE	TRUE	NA	NA	NA	NA
"TCCCTAGAGTCTGCCATCCCCAACCAGACAGCTCTTTACTTCTGTGCCACCGGACAGAATAGCTCCTACGAGCAGTACTTCGGGCCG"	"CATGQNSSYEQYF"	"TCCCTAGAGTCTGCCATCCCCAACCAGACAGCTCTTTACTTCTGTGCCACCGGACAGAATAGCTCCTACGAGCAGTACTTCGGGCCG"	"CATGQNSSYEQYF"	"TCRBV24-1*1"	"TCRBD1-1*1"	"TCRBJ2-7*1"	-1	51	57	62	52	5	NA	NA	"TCCCTAGAGTCTGCCATCCCCAACCAGACAGCTCTTTACTTCTGTGCCACCGGACAGAATAGCTCCTACGAGCAGTACTTCGGGCCG"	FALSE	TRUE	NA	NA	NA	NA
"CCCTCCCAGACATCTGTGTACTTCTGTGCCAGCAGTGAAGGGTGGTGGACTAGCGGGAGGAAAGGCTACGAGCAGTACTTCGGGCCG"	"CASSEGWWTSGRKGYEQYF"	"CCCTCCCAGACATCTGTGTACTTCTGTGCCAGCAGTGAAGGGTGGTGGACTAGCGGGAGGAAAGGCTACGAGCAGTACTTCGGGCCG"	"CASSEGWWTSGRKGYEQYF"	"TCRBV6-1*1"	"TCRBD2-1*2"	"TCRBJ2-7*1"	40	46	60	65	6	5	NA	NA	"CCCTCCCAGACATCTGTGTACTTCTGTGCCAGCAGTGAAGGGTGGTGGACTAGCGGGAGGAAAGGCTACGAGCAGTACTTCGGGCCG"	FALSE	TRUE	NA	NA	NA	NA
"ATCCAGCGCACAGAGCAGGGGGACTCGGCCATGTATCTCTGTGCCAGCAGCCCAATAAGGGTGGGAACTGAAGCTTTCTTTGGACAA"	"CASSPIRVGTEAFF"	"ATCCAGCGCACAGAGCAGGGGGACTCGGCCATGTATCTCTGTGCCAGCAGCCCAATAAGGGTGGGAACTGAAGCTTTCTTTGGACAA"	"CASSPIRVGTEAFF"	"TCRBV7-9*1"	NA	"TCRBJ1-1*1"	51	62	-1	66	11	67	NA	NA	"ATCCAGCGCACAGAGCAGGGGGACTCGGCCATGTATCTCTGTGCCAGCAGCCCAATAAGGGTGGGAACTGAAGCTTTCTTTGGACAA"	FALSE	TRUE	NA	NA	NA	NA
"AGCCCCAACCAGACCTCTCTGTACTTCTGTGCCAGCAGTTTATCAGGGGGCGCGTACTCTCTGAACAATGAGCAGTTCTTCGGGCCA"	"CASSLSGGAYSLNNEQFF"	"AGCCCCAACCAGACCTCTCTGTACTTCTGTGCCAGCAGTTTATCAGGGGGCGCGTACTCTCTGAACAATGAGCAGTTCTTCGGGCCA"	"CASSLSGGAYSLNNEQFF"	"TCRBV27-1*1"	"TCRBD1-1*1"	"TCRBJ2-1*1"	-1	44	51	64	45	13	NA	NA	"AGCCCCAACCAGACCTCTCTGTACTTCTGTGCCAGCAGTTTATCAGGGGGCGCGTACTCTCTGAACAATGAGCAGTTCTTCGGGCCA"	FALSE	TRUE	NA	NA	NA	NA
"AACGCCTTGTTGCTGGGGGACTCGGCCCTCTATCTCTGTGCCAGCAGCTTGTTTTTACGCGGATCTTCACCCCTCCACTTTGGGAAT"	"CASSLFLRGSSPLHF"	"AACGCCTTGTTGCTGGGGGACTCGGCCCTCTATCTCTGTGCCAGCAGCTTGTTTTTACGCGGATCTTCACCCCTCCACTTTGGGAAT"	"CASSLFLRGSSPLHF"	"TCRBV5-6*1"	"TCRBD2-1"	"TCRBJ1-6*1"	51	58	62	65	7	3	NA	NA	"AACGCCTTGTTGCTGGGGGACTCGGCCCTCTATCTCTGTGCCAGCAGCTTGTTTTTACGCGGATCTTCACCCCTCCACTTTGGGAAT"	FALSE	TRUE	NA	NA	NA	NA
"CTGGAGCTGGGGGACTCAGCTTTGTATTTCTGTGCCAGCGACCGGGACTAGCGGGAGGGCCTCTCAGATACGCAGTATTTTGGCCCA"	"CASDRD*REGLSDTQYF"	"CTGGAGCTGGGGGACTCAGCTTTGTATTTCTGTGCCAGCGACCGGGACTAGCGGGAGGGCCTCTCAGATACGCAGTATTTTGGCCCA"	"CASDRD*REGLSDTQYF"	"TCRBV9-1*1"	"TCRBD2-1*2"	"TCRBJ2-3*1"	39	43	59	64	4	5	NA	NA	"CTGGAGCTGGGGGACTCAGCTTTGTATTTCTGTGCCAGCGACCGGGACTAGCGGGAGGGCCTCTCAGATACGCAGTATTTTGGCCCA"	FALSE	TRUE	NA	NA	NA	NA
"TCGGCTGCTCCCTCCCAAACATCTGTGTACTTCTGTGCCAGCAGTTTGGGGACTAGCGGGAGGAGGGAGACCCAGTACTTCGGGCCA"	"CASSLGTSGRRETQYF"	"TCGGCTGCTCCCTCCCAAACATCTGTGTACTTCTGTGCCAGCAGTTTGGGGACTAGCGGGAGGAGGGAGACCCAGTACTTCGGGCCA"	"CASSLGTSGRRETQYF"	"TCRBV6-2/6-3*1"	"TCRBD2-1*2"	"TCRBJ2-5*1"	46	48	63	66	2	3	NA	NA	"TCGGCTGCTCCCTCCCAAACATCTGTGTACTTCTGTGCCAGCAGTTTGGGGACTAGCGGGAGGAGGGAGACCCAGTACTTCGGGCCA"	FALSE	TRUE	NA	NA	NA	NA
"CACACCCTGCAGCCAGAAGACTCGGCCCTGTATCTCTGCGCCAGCAGCCACAGGGAAAGCTCCTACAATGAGCAGTTCTTCGGGCCA"	"CASSHRESSYNEQFF"	"CACACCCTGCAGCCAGAAGACTCGGCCCTGTATCTCTGCGCCAGCAGCCACAGGGAAAGCTCCTACAATGAGCAGTTCTTCGGGCCA"	"CASSHRESSYNEQFF"	"TCRBV4-3*1"	"TCRBD1-1*1"	"TCRBJ2-1*1"	-1	50	55	59	51	4	NA	NA	"CACACCCTGCAGCCAGAAGACTCGGCCCTGTATCTCTGCGCCAGCAGCCACAGGGAAAGCTCCTACAATGAGCAGTTCTTCGGGCCA"	FALSE	TRUE	NA	NA	NA	NA
"CTGACTGTGAGCAACATGAGCCCTGAAGACAGCAGCATATATCTCTGCAGCGGCCGGACAGGGGTCAATGAGCAGTTCTTCGGGCCA"	"CSGRTGVNEQFF"	"CTGACTGTGAGCAACATGAGCCCTGAAGACAGCAGCATATATCTCTGCAGCGGCCGGACAGGGGTCAATGAGCAGTTCTTCGGGCCA"	"CSGRTGVNEQFF"	"TCRBV29-1"	"TCRBD1-1*1"	"TCRBJ2-1*1"	52	55	64	65	3	1	NA	NA	"CTGACTGTGAGCAACATGAGCCCTGAAGACAGCAGCATATATCTCTGCAGCGGCCGGACAGGGGTCAATGAGCAGTTCTTCGGGCCA"	FALSE	TRUE	NA	NA	NA	NA
"ATCCAGCCCTCAGAACCCAGGGACTCAGCTGTGTACTTCTGTGCCAGCAGTTTAGCAGGGGCTTCATCGCCCCAGCATTTTGGTGAT"	"CASSLAGASSPQHF"	"ATCCAGCCCTCAGAACCCAGGGACTCAGCTGTGTACTTCTGTGCCAGCAGTTTAGCAGGGGCTTCATCGCCCCAGCATTTTGGTGAT"	"CASSLAGASSPQHF"	NA	"TCRBD1-1*1"	"TCRBJ1-5*1"	-1	56	61	68	57	7	NA	NA	"ATCCAGCCCTCAGAACCCAGGGACTCAGCTGTGTACTTCTGTGCCAGCAGTTTAGCAGGGGCTTCATCGCCCCAGCATTTTGGTGAT"	FALSE	TRUE	NA	NA	NA	NA
"CTTGGAGCTGGGGGACTCGGCCCTTTATCTTTGCGCCAGCAGTAGAACCGCTAGCGGGAGATTCACGGGGAGCTGTTTTTTGGAGAA"	""	"CTTGGAGCTGGGGGACTCGGCCCTTTATCTTTGCGCCAGCAGTAGAACCGCTAGCGGGAGATTCACGGGGAGCTGTTTTTTGGAGAA"	""	"TCRBV5-1*1"	"TCRBD2-1*2"	"TCRBJ2-2*1"	42	50	60	65	8	5	NA	NA	"CTTGGAGCTGGGGGACTCGGCCCTTTATCTTTGCGCCAGCAGTAGAACCGCTAGCGGGAGATTCACGGGGAGCTGTTTTTTGGAGAA"	FALSE	FALSE	NA	NA	NA	NA
"GTGACCAGTGCCCATCCTGAAGACAGCAGCTTCTACATCTGCAGTGCTAGTCATCTAGCGGGGACAGGGACCCAGTACTTCGGGCCA"	"CSASHLAGTGTQYF"	"GTGACCAGTGCCCATCCTGAAGACAGCAGCTTCTACATCTGCAGTGCTAGTCATCTAGCGGGGACAGGGACCCAGTACTTCGGGCCA"	"CSASHLAGTGTQYF"	"TCRBV2-1*4"	"TCRBD2-1*1"	"TCRBJ2-5*1"	51	54	63	68	3	5	NA	NA	"GTGACCAGTGCCCATCCTGAAGACAGCAGCTTCTACATCTGCAGTGCTAGTCATCTAGCGGGGACAGGGACCCAGTACTTCGGGCCA"	FALSE	TRUE	NA	NA	NA	NA
"GTGAACGCCTTGGAGCTGGACGACTCGGCCCTGTATCTCTGTGCCAGCAGCCCAGGACAGATACAAGAGACCCAGTACTTCGGGCCA"	"CASSPGQIQETQYF"	"GTGAACGCCTTGGAGCTGGACGACTCGGCCCTGTATCTCTGTGCCAGCAGCCCAGGACAGATACAAGAGACCCAGTACTTCGGGCCA"	"CASSPGQIQETQYF"	"TCRBV5-4*1"	"TCRBD1-1*1"	"TCRBJ2-5*1"	51	54	60	63	3	3	NA	NA	"GTGAACGCCTTGGAGCTGGACGACTCGGCCCTGTATCTCTGTGCCAGCAGCCCAGGACAGATACAAGAGACCCAGTACTTCGGGCCA"	FALSE	TRUE	NA	NA	NA	NA
"NNNNNNNTGTCGGCTGCTCCCTCCCAGACATCTGTGTACTTCTGTGCCGCCGGAGGGCCCCGCGGTCAGCCCCAGCATTTTGGTGAT"	"CAAGGPRGQPQHF"	"NNNNNNNTGTCGGCTGCTCCCTCCCAGACATCTGTGTACTTCTGTGCCGCCGGAGGGCCCCGCGGTCAGCCCCAGCATTTTGGTGAT"	"CAAGGPRGQPQHF"	"TCRBV6-5*1"	"TCRBD2-1*2"	"TCRBJ1-5*1"	48	51	57	65	3	8	NA	NA	"NNNNNNNTGTCGGCTGCTCCCTCCCAGACATCTGTGTACTTCTGTGCCGCCGGAGGGCCCCGCGGTCAGCCCCAGCATTTTGGTGAT"	FALSE	TRUE	NA	NA	NA	NA
"TTTCTTGACATCCGCTCACCAGGCCTGGGGGACGCAGCCATGTACCTGTGTGCCATTTCGGGAGGGAACGAGCAGTACTTCGGGCCG"	"CAISGGNEQYF"	"TTTCTTGACATCCGCTCACCAGGCCTGGGGGACGCAGCCATGTACCTGTGTGCCATTTCGGGAGGGAACGAGCAGTACTTCGGGCCG"	"CAISGGNEQYF"	"TCRBV15-1*2"	"TCRBD2-1*2"	"TCRBJ2-7*1"	55	58	66	67	3	1	NA	NA	"TTTCTTGACATCCGCTCACCAGGCCTGGGGGACGCAGCCATGTACCTGTGTGCCATTTCGGGAGGGAACGAGCAGTACTTCGGGCCG"	FALSE	TRUE	NA	NA	NA	NA
"GCCCAAAAGAACCCGACAGCTTTCTATCTCTGTGCCAGTAGTATAGCTTGGGACAACTCTGGGGCCAACGTCCTGACTTTCGGGGCC"	"CASSIAWDNSGANVLTF"	"GCCCAAAAGAACCCGACAGCTTTCTATCTCTGTGCCAGTAGTATAGCTTGGGACAACTCTGGGGCCAACGTCCTGACTTTCGGGGCC"	"CASSIAWDNSGANVLTF"	"TCRBV19-1*1"	"TCRBD1-1*1"	"TCRBJ2-6*1"	46	49	55	56	3	1	NA	NA	"GCCCAAAAGAACCCGACAGCTTTCTATCTCTGTGCCAGTAGTATAGCTTGGGACAACTCTGGGGCCAACGTCCTGACTTTCGGGGCC"	FALSE	TRUE	NA	NA	NA	NA
"TCCACGGAGTCAGGGGACACAGCACTGTATTTCTGTGCCAGCAGCAAAGAGGGCATTGCGCCAGTAAATGAGCAGTTCTTCGGGCCA"	"CASSKEGIAPVNEQFF"	"TCCACGGAGTCAGGGGACACAGCACTGTATTTCTGTGCCAGCAGCAAAGAGGGCATTGCGCCAGTAAATGAGCAGTTCTTCGGGCCA"	"CASSKEGIAPVNEQFF"	"TCRBV21-1*1"	NA	"TCRBJ2-1*1"	-1	49	53	66	50	13	NA	NA	"TCCACGGAGTCAGGGGACACAGCACTGTATTTCTGTGCCAGCAGCAAAGAGGGCATTGCGCCAGTAAATGAGCAGTTCTTCGGGCCA"	FALSE	TRUE	NA	NA	NA	NA
"ACCTTGGAGCTGGGGGACTCGGCCCTTTATCTTTGCGCCAGCAGCCCGACAGTATCAACAACTAATGAAAAACTGTTTTTTGGCAGT"	"CASSPTVSTTNEKLFF"	"ACCTTGGAGCTGGGGGACTCGGCCCTTTATCTTTGCGCCAGCAGCCCGACAGTATCAACAACTAATGAAAAACTGTTTTTTGGCAGT"	"CASSPTVSTTNEKLFF"	"TCRBV5-1*1"	"TCRBD1-1*1"	"TCRBJ1-4*1"	45	47	52	58	2	6	NA	NA	"ACCTTGGAGCTGGGGGACTCGGCCCTTTATCTTTGCGCCAGCAGCCCGACAGTATCAACAACTAATGAAAAACTGTTTTTTGGCAGT"	FALSE	TRUE	NA	NA	NA	NA
"CTGAATGTGAACGCCTTGTTGCTGGGGGACTCGGCCCTGTATCTCTGTGCCAGCAGCTTGTACGCGGAGACCCAGTACTTCGGGCCA"	"CASSLYAETQYF"	"CTGAATGTGAACGCCTTGTTGCTGGGGGACTCGGCCCTGTATCTCTGTGCCAGCAGCTTGTACGCGGAGACCCAGTACTTCGGGCCA"	"CASSLYAETQYF"	"TCRBV5-5*1"	"TCRBD2-1"	"TCRBJ2-5*1"	60	63	-1	66	3	67	NA	NA	"CTGAATGTGAACGCCTTGTTGCTGGGGGACTCGGCCCTGTATCTCTGTGCCAGCAGCTTGTACGCGGAGACCCAGTACTTCGGGCCA"	FALSE	TRUE	NA	NA	NA	NA
"GCAGGTAGTGCGAGGAGATTCGGCAGCTTATTTCTGTGCCAGCTCACCACCGTTTCAGGGATTGAAGAGACCCAGTACTTCGGGCCA"	""	"GCAGGTAGTGCGAGGAGATTCGGCAGCTTATTTCTGTGCCAGCTCACCACCGTTTCAGGGATTGAAGAGACCCAGTACTTCGGGCCA"	""	"TCRBV18-1*1"	"TCRBD1-1*1"	"TCRBJ2-5*1"	51	55	60	64	4	4	NA	NA	"GCAGGTAGTGCGAGGAGATTCGGCAGCTTATTTCTGTGCCAGCTCACCACCGTTTCAGGGATTGAAGAGACCCAGTACTTCGGGCCA"	FALSE	FALSE	NA	NA	NA	NA
"CGCCAGCACCAACCAGACATCTATGTACCTCTGTGCCAGCAGTTTACCTAGCGGGAGGGCCGTAGTAATGAGCAGTTCTTCGGGCCA"	""	"CGCCAGCACCAACCAGACATCTATGTACCTCTGTGCCAGCAGTTTACCTAGCGGGAGGGCCGTAGTAATGAGCAGTTCTTCGGGCCA"	""	"TCRBV28-1*1"	"TCRBD2-1*2"	"TCRBJ2-1*1"	46	47	59	66	1	7	NA	NA	"CGCCAGCACCAACCAGACATCTATGTACCTCTGTGCCAGCAGTTTACCTAGCGGGAGGGCCGTAGTAATGAGCAGTTCTTCGGGCCA"	FALSE	FALSE	NA	NA	NA	NA
"TTGGAGCTGGGGGACTCGGCCCTTTATCTTTGCGCCAGCAGCGACATAACCGGACAGGGGGTCCGGGGTGAGCAGTTCTTCGGGCCA"	"CASSDITGQGVRGEQFF"	"TTGGAGCTGGGGGACTCGGCCCTTTATCTTTGCGCCAGCAGCGACATAACCGGACAGGGGGTCCGGGGTGAGCAGTTCTTCGGGCCA"	"CASSDITGQGVRGEQFF"	"TCRBV5-1*1"	"TCRBD1-1*1"	"TCRBJ2-1*1"	42	51	61	68	9	7	NA	NA	"TTGGAGCTGGGGGACTCGGCCCTTTATCTTTGCGCCAGCAGCGACATAACCGGACAGGGGGTCCGGGGTGAGCAGTTCTTCGGGCCA"	FALSE	TRUE	NA	NA	NA	NA
"ACAGAGCAGGAGGACTCGGCCGTGTATCTCTGTGCCAGCACCCAACTTAAAGGGGGACTAGCGGGAGGGGAGCAGTACTTCGGGCCG"	"CASTQLKGGLAGGEQYF"	"ACAGAGCAGGAGGACTCGGCCGTGTATCTCTGTGCCAGCACCCAACTTAAAGGGGGACTAGCGGGAGGGGAGCAGTACTTCGGGCCG"	"CASTQLKGGLAGGEQYF"	"TCRBV7-2"	"TCRBD2-1*2"	"TCRBJ2-7*1"	40	53	-1	69	13	70	NA	NA	"ACAGAGCAGGAGGACTCGGCCGTGTATCTCTGTGCCAGCACCCAACTTAAAGGGGGACTAGCGGGAGGGGAGCAGTACTTCGGGCCG"	FALSE	TRUE	NA	NA	NA	NA
"TCCAGTCCACGGAGTCAGGGGACACAGCACTGTATTTCTGTGCCAGCAGCATCGAGAAGGGTTTGGGAGACCCAGTACTTCGGGCCA"	""	"TCCAGTCCACGGAGTCAGGGGACACAGCACTGTATTTCTGTGCCAGCAGCATCGAGAAGGGTTTGGGAGACCCAGTACTTCGGGCCA"	""	"TCRBV21-1*1"	NA	"TCRBJ2-5*1"	51	57	61	66	6	5	NA	NA	"TCCAGTCCACGGAGTCAGGGGACACAGCACTGTATTTCTGTGCCAGCAGCATCGAGAAGGGTTTGGGAGACCCAGTACTTCGGGCCA"	FALSE	FALSE	NA	NA	NA	NA
"CTGGAGTTGGCTGCTCCCTCCCAGACATCTGTGTACTTCTGTGCCAGCAGTTACGTCCAGGGTAACTATGGCTACACCTTCGGTTCG"	"CASSYVQGNYGYTF"	"CTGGAGTTGGCTGCTCCCTCCCAGACATCTGTGTACTTCTGTGCCAGCAGTTACGTCCAGGGTAACTATGGCTACACCTTCGGTTCG"	"CASSYVQGNYGYTF"	"TCRBV6-6*1"	"TCRBD1-1*1"	"TCRBJ1-2*1"	54	57	-1	62	3	63	NA	NA	"CTGGAGTTGGCTGCTCCCTCCCAGACATCTGTGTACTTCTGTGCCAGCAGTTACGTCCAGGGTAACTATGGCTACACCTTCGGTTCG"	FALSE	TRUE	NA	NA	NA	NA
"CAGCGCACAGAGCAGGAGGACTCGGCCGTGTATCTCTGTGCCAGCAGCTTAGCGGATTCGACATACAATGAGCAGTTCTTCGGGCCA"	"CASSLADSTYNEQFF"	"CAGCGCACAGAGCAGGAGGACTCGGCCGTGTATCTCTGTGCCAGCAGCTTAGCGGATTCGACATACAATGAGCAGTTCTTCGGGCCA"	"CASSLADSTYNEQFF"	"TCRBV7-2"	"TCRBD1-1*1"	"TCRBJ2-1*1"	53	59	-1	63	6	64	NA	NA	"CAGCGCACAGAGCAGGAGGACTCGGCCGTGTATCTCTGTGCCAGCAGCTTAGCGGATTCGACATACAATGAGCAGTTCTTCGGGCCA"	FALSE	TRUE	NA	NA	NA	NA
"GCCTTCACCTACACACCCTGCAGCCAGAAGACTCGGCCCTGTATCTCTGTGCCAGCATAATTAGTCTCTGAAGCTTTCTTTGGACAA"	""	"GCCTTCACCTACACACCCTGCAGCCAGAAGACTCGGCCCTGTATCTCTGTGCCAGCATAATTAGTCTCTGAAGCTTTCTTTGGACAA"	""	"TCRBV4-2*2"	"TCRBD2-1"	"TCRBJ1-1*1"	57	61	64	67	4	3	NA	NA	"GCCTTCACCTACACACCCTGCAGCCAGAAGACTCGGCCCTGTATCTCTGTGCCAGCATAATTAGTCTCTGAAGCTTTCTTTGGACAA"	FALSE	FALSE	NA	NA	NA	NA
"AGCTCTCTGGAGCTGGGGGACTCAGCTTTGTATTTCTGTGCCAGCAGCCCTCTAGCGGAGAACACCGGGGAGCTGTTTTTTGGAGAA"	"CASSPLAENTGELFF"	"AGCTCTCTGGAGCTGGGGGACTCAGCTTTGTATTTCTGTGCCAGCAGCCCTCTAGCGGAGAACACCGGGGAGCTGTTTTTTGGAGAA"	"CASSPLAENTGELFF"	"TCRBV9-1*1"	"TCRBD2-1"	"TCRBJ2-2*1"	48	51	58	59	3	1	NA	NA	"AGCTCTCTGGAGCTGGGGGACTCAGCTTTGTATTTCTGTGCCAGCAGCCCTCTAGCGGAGAACACCGGGGAGCTGTTTTTTGGAGAA"	FALSE	TRUE	NA	NA	NA	NA
"TGACCAGTGCCCATCCTGAAGACAGCAGCTTCTACATCTGCAGTGGGACACCGGGACAGGGGCCCTTTTGAAGCTTTCTTTGGACAA"	""	"TGACCAGTGCCCATCCTGAAGACAGCAGCTTCTACATCTGCAGTGGGACACCGGGACAGGGGCCCTTTTGAAGCTTTCTTTGGACAA"	""	NA	"TCRBD1-1*1"	"TCRBJ1-1*1"	45	52	62	68	7	6	NA	NA	"TGACCAGTGCCCATCCTGAAGACAGCAGCTTCTACATCTGCAGTGGGACACCGGGACAGGGGCCCTTTTGAAGCTTTCTTTGGACAA"	FALSE	FALSE	NA	NA	NA	NA
"ATCCAGCCTGCAAAGCTTGAGGACTCGGCCGTGTATCTCTGTGCCAGCAGCTACGGCGGGATGGGCGAGACCCAGTACTTCGGGCCA"	"CASSYGGMGETQYF"	"ATCCAGCCTGCAAAGCTTGAGGACTCGGCCGTGTATCTCTGTGCCAGCAGCTACGGCGGGATGGGCGAGACCCAGTACTTCGGGCCA"	"CASSYGGMGETQYF"	"TCRBV11-2*1"	"TCRBD2-1*2"	"TCRBJ2-5*1"	52	55	61	66	3	5	NA	NA	"ATCCAGCCTGCAAAGCTTGAGGACTCGGCCGTGTATCTCTGTGCCAGCAGCTACGGCGGGATGGGCGAGACCCAGTACTTCGGGCCA"	FALSE	TRUE	NA	NA	NA	NA
"CAGCCCTCAGAACCCAGGGACTCAGCTGTGTACTTCTGTGCCAGCAGTTTAGCCGGGGGCGCAGGGGAGACCCAGTACTTCGGGCCA"	"CASSLAGGAGETQYF"	"CAGCCCTCAGAACCCAGGGACTCAGCTGTGTACTTCTGTGCCAGCAGTTTAGCCGGGGGCGCAGGGGAGACCCAGTACTTCGGGCCA"	"CASSLAGGAGETQYF"	NA	NA	"TCRBJ2-5*1"	53	54	60	66	1	6	NA	NA	"CAGCCCTCAGAACCCAGGGACTCAGCTGTGTACTTCTGTGCCAGCAGTTTAGCCGGGGGCGCAGGGGAGACCCAGTACTTCGGGCCA"	FALSE	TRUE	NA	NA	NA	NA
"ACTGTGACATCGGCCCAAAAGAACCCGACAGCTTTCTATCTCTGTGCCAGTAGTATATTCGGACAGGGTGAAGCTTTCTTTGGACAA"	"CASSIFGQGEAFF"	"ACTGTGACATCGGCCCAAAAGAACCCGACAGCTTTCTATCTCTGTGCCAGTAGTATATTCGGACAGGGTGAAGCTTTCTTTGGACAA"	"CASSIFGQGEAFF"	"TCRBV19-1*1"	"TCRBD1-1*1"	"TCRBJ1-1*1"	57	60	-1	68	3	69	NA	NA	"ACTGTGACATCGGCCCAAAAGAACCCGACAGCTTTCTATCTCTGTGCCAGTAGTATATTCGGACAGGGTGAAGCTTTCTTTGGACAA"	FALSE	TRUE	NA	NA	NA	NA
"GAGTCTGCTGCCTCCTCCCAGACATCTGTATATTTCTGCGCCAGCAGTGAAGGGGGCTCGAGCAATCAGCCCCAGCATTTTGGTGAT"	"CASSEGGSSNQPQHF"	"GAGTCTGCTGCCTCCTCCCAGACATCTGTATATTTCTGCGCCAGCAGTGAAGGGGGCTCGAGCAATCAGCCCCAGCATTTTGGTGAT"	"CASSEGGSSNQPQHF"	"TCRBV1-1*1"	"TCRBD1-1*1"	"TCRBJ1-5*1"	-1	50	57	60	51	3	NA	NA	"GAGTCTGCTGCCTCCTCCCAGACATCTGTATATTTCTGCGCCAGCAGTGAAGGGGGCTCGAGCAATCAGCCCCAGCATTTTGGTGAT"	FALSE	TRUE	NA	NA	NA	NA
"GTGACCAGTGCCCATCCTGAAGACAGCAGCTTCTACATCTGCAGTGCTAGATATATACAGGGAAGTTCACCCCTCCACTTTGGGAAT"	"CSARYIQGSSPLHF"	"GTGACCAGTGCCCATCCTGAAGACAGCAGCTTCTACATCTGCAGTGCTAGATATATACAGGGAAGTTCACCCCTCCACTTTGGGAAT"	"CSARYIQGSSPLHF"	NA	"TCRBD1-1*1"	"TCRBJ1-6*1"	51	56	62	65	5	3	NA	NA	"GTGACCAGTGCCCATCCTGAAGACAGCAGCTTCTACATCTGCAGTGCTAGATATATACAGGGAAGTTCACCCCTCCACTTTGGGAAT"	FALSE	TRUE	NA	NA	NA	NA
"ATCCTGGAGTCGCCCAGCCCCAACCAGACCTCTCTGTACTTCTGTGCCAGCAGGGACAGGGCTCGGACTGAAGCTTTCTTTGGACAA"	"CASRDRARTEAFF"	"ATCCTGGAGTCGCCCAGCCCCAACCAGACCTCTCTGTACTTCTGTGCCAGCAGGGACAGGGCTCGGACTGAAGCTTTCTTTGGACAA"	"CASRDRARTEAFF"	"TCRBV27-1*1"	"TCRBD1-1*1"	"TCRBJ1-1*1"	-1	53	61	66	54	5	NA	NA	"ATCCTGGAGTCGCCCAGCCCCAACCAGACCTCTCTGTACTTCTGTGCCAGCAGGGACAGGGCTCGGACTGAAGCTTTCTTTGGACAA"	FALSE	TRUE	NA	NA	NA	NA
"AAGATCCAGCCCTCAGAACCCAGGGACTCAGCTGTGTACTTCTGTGCCAGCGGCAGGGTTTCGGATCAGCCCCAGCATTTTGGTGAT"	"CASGRVSDQPQHF"	"AAGATCCAGCCCTCAGAACCCAGGGACTCAGCTGTGTACTTCTGTGCCAGCGGCAGGGTTTCGGATCAGCCCCAGCATTTTGGTGAT"	"CASGRVSDQPQHF"	"TCRBV12-3/12-4*1"	"TCRBD1-1*1"	"TCRBJ1-5*1"	51	53	58	64	2	6	NA	NA	"AAGATCCAGCCCTCAGAACCCAGGGACTCAGCTGTGTACTTCTGTGCCAGCGGCAGGGTTTCGGATCAGCCCCAGCATTTTGGTGAT"	FALSE	TRUE	NA	NA	NA	NA
"AGCACCTTGGAGCTGGGGGACTCGGCCCTTTATCTTTGCGCCAGCAGCTTACCGGGACAAGAAACGACTGGCTACACCTTCGGTTCG"	"CASSLPGQETTGYTF"	"AGCACCTTGGAGCTGGGGGACTCGGCCCTTTATCTTTGCGCCAGCAGCTTACCGGGACAAGAAACGACTGGCTACACCTTCGGTTCG"	"CASSLPGQETTGYTF"	"TCRBV5-1*1"	"TCRBD1-1*1"	"TCRBJ1-2*1"	50	53	59	68	3	9	NA	NA	"AGCACCTTGGAGCTGGGGGACTCGGCCCTTTATCTTTGCGCCAGCAGCTTACCGGGACAAGAAACGACTGGCTACACCTTCGGTTCG"	FALSE	TRUE	NA	NA	NA	NA
"ATCCAGCGCACAGAGCAGGGGGACTCGGCCATGTATCTCTGTGCCAGCAGCTCGGGACAGGGGGCTGGGGAGCAGTACTTCGGGCCG"	"CASSSGQGAGEQYF"	"ATCCAGCGCACAGAGCAGGGGGACTCGGCCATGTATCTCTGTGCCAGCAGCTCGGGACAGGGGGCTGGGGAGCAGTACTTCGGGCCG"	"CASSSGQGAGEQYF"	"TCRBV7-9*1"	"TCRBD1-1*1"	"TCRBJ2-7*1"	52	53	65	69	1	4	NA	NA	"ATCCAGCGCACAGAGCAGGGGGACTCGGCCATGTATCTCTGTGCCAGCAGCTCGGGACAGGGGGCTGGGGAGCAGTACTTCGGGCCG"	FALSE	TRUE	NA	NA	NA	NA
"AATGTGAACGCCTTGTTGCTGGGGGACTCGGCCCTCTATCTCTGTGCCAGCAGCCAAAGGGGGAGTGGGGAGCTGTTTTTTGGAGAA"	"CASSQRGSGELFF"	"AATGTGAACGCCTTGTTGCTGGGGGACTCGGCCCTCTATCTCTGTGCCAGCAGCCAAAGGGGGAGTGGGGAGCTGTTTTTTGGAGAA"	"CASSQRGSGELFF"	"TCRBV5-6*1"	"TCRBD1-1*1"	"TCRBJ2-2*1"	54	57	63	66	3	3	NA	NA	"AATGTGAACGCCTTGTTGCTGGGGGACTCGGCCCTCTATCTCTGTGCCAGCAGCCAAAGGGGGAGTGGGGAGCTGTTTTTTGGAGAA"	FALSE	TRUE	NA	NA	NA	NA
"GTAGTGCGAGGAGATTCGGCAGCTTATTTCTGTGCCAGCTCACAAAAAGAACCGGGACATCGAACCGGGGAGCTGTTTTTTGGAGAA"	"CASSQKEPGHRTGELFF"	"GTAGTGCGAGGAGATTCGGCAGCTTATTTCTGTGCCAGCTCACAAAAAGAACCGGGACATCGAACCGGGGAGCTGTTTTTTGGAGAA"	"CASSQKEPGHRTGELFF"	"TCRBV18-1*1"	"TCRBD1-1*1"	"TCRBJ2-2*1"	43	53	59	63	10	4	NA	NA	"GTAGTGCGAGGAGATTCGGCAGCTTATTTCTGTGCCAGCTCACAAAAAGAACCGGGACATCGAACCGGGGAGCTGTTTTTTGGAGAA"	FALSE	TRUE	NA	NA	NA	NA
"NNNNTGTCGGCTGCTCCCTCCCAAACATCTGTGTACTTCTGTGCCAGCAGTGAAATAGCGGGAGGCGGTGAGCAGTTCTTCGGGCCA"	"CASSEIAGGGEQFF"	"NNNNTGTCGGCTGCTCCCTCCCAAACATCTGTGTACTTCTGTGCCAGCAGTGAAATAGCGGGAGGCGGTGAGCAGTTCTTCGGGCCA"	"CASSEIAGGGEQFF"	NA	"TCRBD2-1*2"	"TCRBJ2-1*1"	54	55	65	68	1	3	NA	NA	"NNNNTGTCGGCTGCTCCCTCCCAAACATCTGTGTACTTCTGTGCCAGCAGTGAAATAGCGGGAGGCGGTGAGCAGTTCTTCGGGCCA"	FALSE	TRUE	NA	NA	NA	NA
"ATCCAGCGCACAGAGCAGGGGGACTCGGCCATGTATCTCTGTGCCAGCAGCTCCCGACAGGGGAATTCACCCCTCCACTTTGGGAAT"	"CASSSRQGNSPLHF"	"ATCCAGCGCACAGAGCAGGGGGACTCGGCCATGTATCTCTGTGCCAGCAGCTCCCGACAGGGGAATTCACCCCTCCACTTTGGGAAT"	"CASSSRQGNSPLHF"	"TCRBV7-9*1"	"TCRBD1-1*1"	"TCRBJ1-6*1"	52	55	-1	63	3	64	NA	NA	"ATCCAGCGCACAGAGCAGGGGGACTCGGCCATGTATCTCTGTGCCAGCAGCTCCCGACAGGGGAATTCACCCCTCCACTTTGGGAAT"	FALSE	TRUE	NA	NA	NA	NA
"AGCCAGAAGACTCGGCCCTGTATCTCTGCGCCAGCAGCCACGTTACTAGCGGACAAGGTAAAGACCGGGGAGCTGTTTTTTGGAGAA"	""	"AGCCAGAAGACTCGGCCCTGTATCTCTGCGCCAGCAGCCACGTTACTAGCGGACAAGGTAAAGACCGGGGAGCTGTTTTTTGGAGAA"	""	"TCRBV4-3*1"	"TCRBD2-1"	"TCRBJ2-2*1"	40	44	52	63	4	11	NA	NA	"AGCCAGAAGACTCGGCCCTGTATCTCTGCGCCAGCAGCCACGTTACTAGCGGACAAGGTAAAGACCGGGGAGCTGTTTTTTGGAGAA"	FALSE	FALSE	NA	NA	NA	NA
"CTGTCCCTAGAGTCTGCCATCCCCAACCAGACAGCTCTTTACTTCTGTGCCACCAGTGATGTGGACACTGAAGCTTTCTTTGGACAA"	"CATSDVDTEAFF"	"CTGTCCCTAGAGTCTGCCATCCCCAACCAGACAGCTCTTTACTTCTGTGCCACCAGTGATGTGGACACTGAAGCTTTCTTTGGACAA"	"CATSDVDTEAFF"	"TCRBV24-1*1"	NA	"TCRBJ1-1*1"	60	62	-1	64	2	65	NA	NA	"CTGTCCCTAGAGTCTGCCATCCCCAACCAGACAGCTCTTTACTTCTGTGCCACCAGTGATGTGGACACTGAAGCTTTCTTTGGACAA"	FALSE	TRUE	NA	NA	NA	NA
"GAGTCTGCCATCCCCAACCAGACAGCTCTTTACTTCTGTGCCACCAGTGATGGCGGGAGAGCCAAAAACATTCAGTACTTCGGCGCC"	"CATSDGGRAKNIQYF"	"GAGTCTGCCATCCCCAACCAGACAGCTCTTTACTTCTGTGCCACCAGTGATGGCGGGAGAGCCAAAAACATTCAGTACTTCGGCGCC"	"CATSDGGRAKNIQYF"	"TCRBV24-1*1"	"TCRBD2-1*2"	"TCRBJ2-4*1"	51	52	-1	59	1	60	NA	NA	"GAGTCTGCCATCCCCAACCAGACAGCTCTTTACTTCTGTGCCACCAGTGATGGCGGGAGAGCCAAAAACATTCAGTACTTCGGCGCC"	FALSE	TRUE	NA	NA	NA	NA
"TCCACAAAGCTGGAGGACTCAGCCATGTACTTCTGTGCCAGCACCGACCGGGGACAGGGGACGGAAGAGACCCAGTACTTCGGGCCA"	"CASTDRGQGTEETQYF"	"TCCACAAAGCTGGAGGACTCAGCCATGTACTTCTGTGCCAGCACCGACCGGGGACAGGGGACGGAAGAGACCCAGTACTTCGGGCCA"	"CASTDRGQGTEETQYF"	"TCRBV2-1"	"TCRBD1-1*1"	"TCRBJ2-5*1"	43	50	60	64	7	4	NA	NA	"TCCACAAAGCTGGAGGACTCAGCCATGTACTTCTGTGCCAGCACCGACCGGGGACAGGGGACGGAAGAGACCCAGTACTTCGGGCCA"	FALSE	TRUE	NA	NA	NA	NA
"AAGATCCGGTCCACAAAGCTGGAGGACTCAGCCATGTACTTCTGTGCCAGCAGACGGGATTTGAACACTGAAGCTTTCTTTGGACAA"	"CASRRDLNTEAFF"	"AAGATCCGGTCCACAAAGCTGGAGGACTCAGCCATGTACTTCTGTGCCAGCAGACGGGATTTGAACACTGAAGCTTTCTTTGGACAA"	"CASRRDLNTEAFF"	"TCRBV2-1"	"TCRBD2-1*2"	"TCRBJ1-1*1"	53	54	59	61	1	2	NA	NA	"AAGATCCGGTCCACAAAGCTGGAGGACTCAGCCATGTACTTCTGTGCCAGCAGACGGGATTTGAACACTGAAGCTTTCTTTGGACAA"	FALSE	TRUE	NA	NA	NA	NA
"GCAGAGCTTGGGGACTCGGCCGTGTATCTCTGTGCCAGCAGCTTCAACAGGGGCGGGACGGCTAACTATGGCTACACCTTCGGTTCG"	"CASSFNRGGTANYGYTF"	"GCAGAGCTTGGGGACTCGGCCGTGTATCTCTGTGCCAGCAGCTTCAACAGGGGCGGGACGGCTAACTATGGCTACACCTTCGGTTCG"	"CASSFNRGGTANYGYTF"	"TCRBV11-3*1"	"TCRBD1-1*1"	"TCRBJ1-2*1"	44	46	53	61	2	8	NA	NA	"GCAGAGCTTGGGGACTCGGCCGTGTATCTCTGTGCCAGCAGCTTCAACAGGGGCGGGACGGCTAACTATGGCTACACCTTCGGTTCG"	FALSE	TRUE	NA	NA	NA	NA
"ACAGAGCAGGAGGACTCGGCCGTGTATCTCTGTGCCAGCAGCCAATCTAGCGGGAGGGAAGCCAAAAACATTCAGTACTTCGGCGCC"	"CASSQSSGREAKNIQYF"	"ACAGAGCAGGAGGACTCGGCCGTGTATCTCTGTGCCAGCAGCCAATCTAGCGGGAGGGAAGCCAAAAACATTCAGTACTTCGGCGCC"	"CASSQSSGREAKNIQYF"	"TCRBV7-2"	"TCRBD2-1*2"	"TCRBJ2-4*1"	42	46	58	59	4	1	NA	NA	"ACAGAGCAGGAGGACTCGGCCGTGTATCTCTGTGCCAGCAGCCAATCTAGCGGGAGGGAAGCCAAAAACATTCAGTACTTCGGCGCC"	FALSE	TRUE	NA	NA	NA	NA
"ATCCAGCGCACAGAGCAGGGGGACTCGGCCATGTATCTCTGTGCCAGCAGCTTAGTAGTCAGGGAAGAGACCCAGTACTTCGGGCCA"	"CASSLVVREETQYF"	"ATCCAGCGCACAGAGCAGGGGGACTCGGCCATGTATCTCTGTGCCAGCAGCTTAGTAGTCAGGGAAGAGACCCAGTACTTCGGGCCA"	"CASSLVVREETQYF"	"TCRBV7-9*1"	"TCRBD1-1*1"	"TCRBJ2-5*1"	55	59	-1	64	4	65	NA	NA	"ATCCAGCGCACAGAGCAGGGGGACTCGGCCATGTATCTCTGTGCCAGCAGCTTAGTAGTCAGGGAAGAGACCCAGTACTTCGGGCCA"	FALSE	TRUE	NA	NA	NA	NA
"CGCTCACCAGGCCTGGGGGACGCAGCCATGTACCTGTGTGCCACCAGCACTCTAGCGGGATTTCACAATGAGCAGTTCTTCGGGCCA"	"CATSTLAGFHNEQFF"	"CGCTCACCAGGCCTGGGGGACGCAGCCATGTACCTGTGTGCCACCAGCACTCTAGCGGGATTTCACAATGAGCAGTTCTTCGGGCCA"	"CATSTLAGFHNEQFF"	"TCRBV15-1*2"	"TCRBD2-1*2"	"TCRBJ2-1*1"	49	51	60	64	2	4	NA	NA	"CGCTCACCAGGCCTGGGGGACGCAGCCATGTACCTGTGTGCCACCAGCACTCTAGCGGGATTTCACAATGAGCAGTTCTTCGGGCCA"	FALSE	TRUE	NA	NA	NA	NA
"AGACAGCTCTTTACTTCTGTGCCACCAGTGATTTAGGGTCAAGGGAGGGCCCTAGCGGGTGTTGTGTGCGAGCAGTACTTCGGGCCG"	""	"AGACAGCTCTTTACTTCTGTGCCACCAGTGATTTAGGGTCAAGGGAGGGCCCTAGCGGGTGTTGTGTGCGAGCAGTACTTCGGGCCG"	""	"TCRBV24-1*1"	"TCRBD2-1"	"TCRBJ2-7*1"	34	51	59	68	17	9	NA	NA	"AGACAGCTCTTTACTTCTGTGCCACCAGTGATTTAGGGTCAAGGGAGGGCCCTAGCGGGTGTTGTGTGCGAGCAGTACTTCGGGCCG"	FALSE	FALSE	NA	NA	NA	NA
"AGCTCTCTGGAGCTGGGGGACTCAGCTTTGTATTTCTGTGCCAGCAGCGTTGGTAGCGGAAACACCGGGGAGCTGTTTTTTGGAGAA"	"CASSVGSGNTGELFF"	"AGCTCTCTGGAGCTGGGGGACTCAGCTTTGTATTTCTGTGCCAGCAGCGTTGGTAGCGGAAACACCGGGGAGCTGTTTTTTGGAGAA"	"CASSVGSGNTGELFF"	"TCRBV9-1*1"	"TCRBD2-1"	"TCRBJ2-2*1"	50	53	59	60	3	1	NA	NA	"AGCTCTCTGGAGCTGGGGGACTCAGCTTTGTATTTCTGTGCCAGCAGCGTTGGTAGCGGAAACACCGGGGAGCTGTTTTTTGGAGAA"	FALSE	TRUE	NA	NA	NA	NA
"NTGTCGGCTGCTCCCTCCCAAACATCTGTGTACTTCTGTGCCAGCAGTTACTGGGGGACAGGGGACTACGAGCAGTACTTCGGGCCG"	"CASSYWGTGDYEQYF"	"NTGTCGGCTGCTCCCTCCCAAACATCTGTGTACTTCTGTGCCAGCAGTTACTGGGGGACAGGGGACTACGAGCAGTACTTCGGGCCG"	"CASSYWGTGDYEQYF"	"TCRBV6-2/6-3*1"	"TCRBD1-1*1"	"TCRBJ2-7*1"	52	54	64	65	2	1	NA	NA	"NTGTCGGCTGCTCCCTCCCAAACATCTGTGTACTTCTGTGCCAGCAGTTACTGGGGGACAGGGGACTACGAGCAGTACTTCGGGCCG"	FALSE	TRUE	NA	NA	NA	NA
"GTGACCAGTGCCCATCCTGAAGACAGCAGCTTCTACATCTGCAGTGCTAGGGAACAACAGGGGGCAGGTGAGCAGTTCTTCGGGCCA"	"CSAREQQGAGEQFF"	"GTGACCAGTGCCCATCCTGAAGACAGCAGCTTCTACATCTGCAGTGCTAGGGAACAACAGGGGGCAGGTGAGCAGTTCTTCGGGCCA"	"CSAREQQGAGEQFF"	NA	"TCRBD1-1*1"	"TCRBJ2-1*1"	50	56	65	68	6	3	NA	NA	"GTGACCAGTGCCCATCCTGAAGACAGCAGCTTCTACATCTGCAGTGCTAGGGAACAACAGGGGGCAGGTGAGCAGTTCTTCGGGCCA"	FALSE	TRUE	NA	NA	NA	NA
"TCCACAAAGCTGGAGGACTCAGCCATGTACTTCTGTGCCAGCAGTGAAAGAGCGGGAGCCCTTCCCGGGGAGCTGTTTTTTGGAGAA"	"CASSERAGALPGELFF"	"TCCACAAAGCTGGAGGACTCAGCCATGTACTTCTGTGCCAGCAGTGAAAGAGCGGGAGCCCTTCCCGGGGAGCTGTTTTTTGGAGAA"	"CASSERAGALPGELFF"	"TCRBV2-1"	"TCRBD2-1*2"	"TCRBJ2-2*1"	48	50	58	64	2	6	NA	NA	"TCCACAAAGCTGGAGGACTCAGCCATGTACTTCTGTGCCAGCAGTGAAAGAGCGGGAGCCCTTCCCGGGGAGCTGTTTTTTGGAGAA"	FALSE	TRUE	NA	NA	NA	NA
"ATCCCCAACCAGACAGCTCTTTACTTCTGTGCCACCAGTGGGGGTAGGGGGGGGAATCCCTCCTACAATGAGCAGTTCTTCGGGCCA"	"CATSGGRGGNPSYNEQFF"	"ATCCCCAACCAGACAGCTCTTTACTTCTGTGCCACCAGTGGGGGTAGGGGGGGGAATCCCTCCTACAATGAGCAGTTCTTCGGGCCA"	"CATSGGRGGNPSYNEQFF"	"TCRBV24-1*1"	"TCRBD2-1*1"	"TCRBJ2-1*1"	40	46	53	59	6	6	NA	NA	"ATCCCCAACCAGACAGCTCTTTACTTCTGTGCCACCAGTGGGGGTAGGGGGGGGAATCCCTCCTACAATGAGCAGTTCTTCGGGCCA"	FALSE	TRUE	NA	NA	NA	NA
"CGCTCACCAGGCCTGGGGGACGCAGCCATGTACCTGTGTGCCACCAGCAGAGATCATAATTACAATCAGCCCCAGCATTTTGGTGAT"	"CATSRDHNYNQPQHF"	"CGCTCACCAGGCCTGGGGGACGCAGCCATGTACCTGTGTGCCACCAGCAGAGATCATAATTACAATCAGCCCCAGCATTTTGGTGAT"	"CATSRDHNYNQPQHF"	"TCRBV15-1*2"	NA	"TCRBJ1-5*1"	53	54	56	62	1	6	NA	NA	"CGCTCACCAGGCCTGGGGGACGCAGCCATGTACCTGTGTGCCACCAGCAGAGATCATAATTACAATCAGCCCCAGCATTTTGGTGAT"	FALSE	TRUE	NA	NA	NA	NA
"AATGTGAACGCCTTGGAGCTGGACGACTCGGCCCTGTATCTCTGTGCCAGCAGCTTCCTACAGGGGTACGAGCAGTACTTCGGGCCG"	"CASSFLQGYEQYF"	"AATGTGAACGCCTTGGAGCTGGACGACTCGGCCCTGTATCTCTGTGCCAGCAGCTTCCTACAGGGGTACGAGCAGTACTTCGGGCCG"	"CASSFLQGYEQYF"	"TCRBV5-4*1"	"TCRBD1-1*1"	"TCRBJ2-7*1"	56	59	-1	66	3	67	NA	NA	"AATGTGAACGCCTTGGAGCTGGACGACTCGGCCCTGTATCTCTGTGCCAGCAGCTTCCTACAGGGGTACGAGCAGTACTTCGGGCCG"	FALSE	TRUE	NA	NA	NA	NA
"AGCACCTTGGAGCTGGGGGACTCGGCCCTTTATCTTTGCGCCAGCAGCTCAGACCGAGCAACTAATGAAAAACTGTTTTTTGGCAGT"	"CASSSDRATNEKLFF"	"AGCACCTTGGAGCTGGGGGACTCGGCCCTTTATCTTTGCGCCAGCAGCTCAGACCGAGCAACTAATGAAAAACTGTTTTTTGGCAGT"	"CASSSDRATNEKLFF"	"TCRBV5-1*1"	NA	"TCRBJ1-4*1"	49	51	54	58	2	4	NA	NA	"AGCACCTTGGAGCTGGGGGACTCGGCCCTTTATCTTTGCGCCAGCAGCTCAGACCGAGCAACTAATGAAAAACTGTTTTTTGGCAGT"	FALSE	TRUE	NA	NA	NA	NA
"TCCGCTACCCGCTCCCAGACATCTGTGTATTTCTGCGCCAGCGGACCGGGACAGATGCTAGCCAAAAACATTCAGTACTTCGGCGCC"	"CASGPGQMLAKNIQYF"	"TCCGCTACCCGCTCCCAGACATCTGTGTATTTCTGCGCCAGCGGACCGGGACAGATGCTAGCCAAAAACATTCAGTACTTCGGCGCC"	"CASGPGQMLAKNIQYF"	"TCRBV1-2*1"	"TCRBD1-1*1"	"TCRBJ2-4*1"	42	47	54	59	5	5	NA	NA	"TCCGCTACCCGCTCCCAGACATCTGTGTATTTCTGCGCCAGCGGACCGGGACAGATGCTAGCCAAAAACATTCAGTACTTCGGCGCC"	FALSE	TRUE	NA	NA	NA	NA
"AATGTGAACGCCTTGGAGCTGGACGACTCGGCCCTGTATCTCTGTGCCAGCAGCTTCGGGAGTAGGGACATTCAGTACTTCGGCGCC"	"CASSFGSRDIQYF"	"AATGTGAACGCCTTGGAGCTGGACGACTCGGCCCTGTATCTCTGTGCCAGCAGCTTCGGGAGTAGGGACATTCAGTACTTCGGCGCC"	"CASSFGSRDIQYF"	"TCRBV5-4*1"	"TCRBD2-1*2"	"TCRBJ2-4*1"	-1	56	62	67	57	5	NA	NA	"AATGTGAACGCCTTGGAGCTGGACGACTCGGCCCTGTATCTCTGTGCCAGCAGCTTCGGGAGTAGGGACATTCAGTACTTCGGCGCC"	FALSE	TRUE	NA	NA	NA	NA
"GCCTGCAAAGCTTGAGGACTCGGCCGTGTATCTCTGTGCCAGCAGCCCTGGGGGGCACGGAGCTCCTACGAGCAGTACTTCGGGCCG"	""	"GCCTGCAAAGCTTGAGGACTCGGCCGTGTATCTCTGTGCCAGCAGCCCTGGGGGGCACGGAGCTCCTACGAGCAGTACTTCGGGCCG"	""	"TCRBV11-2*1"	NA	"TCRBJ2-7*1"	46	50	56	62	4	6	NA	NA	"GCCTGCAAAGCTTGAGGACTCGGCCGTGTATCTCTGTGCCAGCAGCCCTGGGGGGCACGGAGCTCCTACGAGCAGTACTTCGGGCCG"	FALSE	FALSE	NA	NA	NA	NA
"AGTGCCCATCCTGAAGACAGCAGCTTCTACATCTGCAGTGCTAACCCCCAGCGTCCTAGGGCCGCGCGGGGAGCTTTCTTTGGACAA"	"CSANPQRPRAARGAFF"	"AGTGCCCATCCTGAAGACAGCAGCTTCTACATCTGCAGTGCTAACCCCCAGCGTCCTAGGGCCGCGCGGGGAGCTTTCTTTGGACAA"	"CSANPQRPRAARGAFF"	NA	"TCRBD2-1*1"	"TCRBJ1-1*1"	43	65	-1	71	22	72	NA	NA	"AGTGCCCATCCTGAAGACAGCAGCTTCTACATCTGCAGTGCTAACCCCCAGCGTCCTAGGGCCGCGCGGGGAGCTTTCTTTGGACAA"	FALSE	TRUE	NA	NA	NA	NA
"TGGAGTCCGCCAGCACCAACCAGACATCTATGTACCTCTGTGCCAGCAGTTCCGGGACAAATGTTCTACGAGCAGTACTTCGGGCCG"	""	"TGGAGTCCGCCAGCACCAACCAGACATCTATGTACCTCTGTGCCAGCAGTTCCGGGACAAATGTTCTACGAGCAGTACTTCGGGCCG"	""	"TCRBV28-1*1"	"TCRBD1-1*1"	"TCRBJ2-7*1"	51	53	59	65	2	6	NA	NA	"TGGAGTCCGCCAGCACCAACCAGACATCTATGTACCTCTGTGCCAGCAGTTCCGGGACAAATGTTCTACGAGCAGTACTTCGGGCCG"	FALSE	FALSE	NA	NA	NA	NA
"CGCACAGAGCAGGAGGACTCGGCCGTGTATCTCTGTGCCAGCAGCTTAGCGGGGAGAGGGGGCTACAATGAGCAGTTCTTCGGGCCA"	"CASSLAGRGGYNEQFF"	"CGCACAGAGCAGGAGGACTCGGCCGTGTATCTCTGTGCCAGCAGCTTAGCGGGGAGAGGGGGCTACAATGAGCAGTTCTTCGGGCCA"	"CASSLAGRGGYNEQFF"	"TCRBV7-2"	"TCRBD1-1*1"	"TCRBJ2-1*1"	50	56	-1	62	6	63	NA	NA	"CGCACAGAGCAGGAGGACTCGGCCGTGTATCTCTGTGCCAGCAGCTTAGCGGGGAGAGGGGGCTACAATGAGCAGTTCTTCGGGCCA"	FALSE	TRUE	NA	NA	NA	NA
"ACCTTGGAGCTGGGGGACTCGGCCCTTTATCTTTGCGCCAGCAGCTCAGGACTAGCGGGAGTTCTCGATACGCAGTATTTTGGCCCA"	"CASSSGLAGVLDTQYF"	"ACCTTGGAGCTGGGGGACTCGGCCCTTTATCTTTGCGCCAGCAGCTCAGGACTAGCGGGAGTTCTCGATACGCAGTATTTTGGCCCA"	"CASSSGLAGVLDTQYF"	"TCRBV5-1*1"	"TCRBD2-1*2"	"TCRBJ2-3*1"	46	48	61	66	2	5	NA	NA	"ACCTTGGAGCTGGGGGACTCGGCCCTTTATCTTTGCGCCAGCAGCTCAGGACTAGCGGGAGTTCTCGATACGCAGTATTTTGGCCCA"	FALSE	TRUE	NA	NA	NA	NA
"ACCCTGGAGTCTGCCAGGCCCTCACATACCTCTCAGTACCTCTGTGCCAGCAGTGGCGGGGGGTATTCACCCCTCCACTTTGGGAAT"	"CASSGGGYSPLHF"	"ACCCTGGAGTCTGCCAGGCCCTCACATACCTCTCAGTACCTCTGTGCCAGCAGTGGCGGGGGGTATTCACCCCTCCACTTTGGGAAT"	"CASSGGGYSPLHF"	"TCRBV25-1*1"	"TCRBD2-1*1"	"TCRBJ1-6*1"	-1	55	63	64	56	1	NA	NA	"ACCCTGGAGTCTGCCAGGCCCTCACATACCTCTCAGTACCTCTGTGCCAGCAGTGGCGGGGGGTATTCACCCCTCCACTTTGGGAAT"	FALSE	TRUE	NA	NA	NA	NA
"ATCCAGCCCTCAGAACCCAGGGACTCAGCTGTGTACTTCTGTGCCAGCAGTTTAAGGGACAGCAATTCACCCCTCCACTTTGGGAAT"	"CASSLRDSNSPLHF"	"ATCCAGCCCTCAGAACCCAGGGACTCAGCTGTGTACTTCTGTGCCAGCAGTTTAAGGGACAGCAATTCACCCCTCCACTTTGGGAAT"	"CASSLRDSNSPLHF"	NA	"TCRBD1-1*1"	"TCRBJ1-6*1"	54	55	62	63	1	1	NA	NA	"ATCCAGCCCTCAGAACCCAGGGACTCAGCTGTGTACTTCTGTGCCAGCAGTTTAAGGGACAGCAATTCACCCCTCCACTTTGGGAAT"	FALSE	TRUE	NA	NA	NA	NA
"ATCCTGGAGTCGCCCAGCCCCAACCAGACCTCTCTGTACTTCTGTGCCAGCAGAGCTGGGTACACAGATACGCAGTATTTTGGCCCA"	"CASRAGYTDTQYF"	"ATCCTGGAGTCGCCCAGCCCCAACCAGACCTCTCTGTACTTCTGTGCCAGCAGAGCTGGGTACACAGATACGCAGTATTTTGGCCCA"	"CASRAGYTDTQYF"	"TCRBV27-1*1"	NA	"TCRBJ2-3*1"	53	57	60	62	4	2	NA	NA	"ATCCTGGAGTCGCCCAGCCCCAACCAGACCTCTCTGTACTTCTGTGCCAGCAGAGCTGGGTACACAGATACGCAGTATTTTGGCCCA"	FALSE	TRUE	NA	NA	NA	NA
"ACAGTGACCAGTGCCCATCCTGAAGACAGCAGCTTCTACATCTGCAGTGCCGACTGGACAGGGCGATCACCCCTCCACTTTGGGAAT"	"CSADWTGRSPLHF"	"ACAGTGACCAGTGCCCATCCTGAAGACAGCAGCTTCTACATCTGCAGTGCCGACTGGACAGGGCGATCACCCCTCCACTTTGGGAAT"	"CSADWTGRSPLHF"	NA	"TCRBD1-1*1"	"TCRBJ1-6*1"	50	55	63	66	5	3	NA	NA	"ACAGTGACCAGTGCCCATCCTGAAGACAGCAGCTTCTACATCTGCAGTGCCGACTGGACAGGGCGATCACCCCTCCACTTTGGGAAT"	FALSE	TRUE	NA	NA	NA	NA
"TCCGCCAGCACCAACCAGACATCTATGTACCTCTGTGCCAGCAGTCCCGTCAAGAGGAGATCCTACAATGAGCAGTTCTTCGGGCCA"	"CASSPVKRRSYNEQFF"	"TCCGCCAGCACCAACCAGACATCTATGTACCTCTGTGCCAGCAGTCCCGTCAAGAGGAGATCCTACAATGAGCAGTTCTTCGGGCCA"	"CASSPVKRRSYNEQFF"	"TCRBV28-1*1"	"TCRBD2-1*2"	"TCRBJ2-1*1"	45	55	59	60	10	1	NA	NA	"TCCGCCAGCACCAACCAGACATCTATGTACCTCTGTGCCAGCAGTCCCGTCAAGAGGAGATCCTACAATGAGCAGTTCTTCGGGCCA"	FALSE	TRUE	NA	NA	NA	NA
"NNNNTGAAGATCCAGCCCTCAGAACCCAGGGACTCAGCTGTGTACTTCTGTGCCAGCAGTTTAGGGACTAGATATCTCTTCGGGCCA"	"CASSLGTRYLF"	"NNNNTGAAGATCCAGCCCTCAGAACCCAGGGACTCAGCTGTGTACTTCTGTGCCAGCAGTTTAGGGACTAGATATCTCTTCGGGCCA"	"CASSLGTRYLF"	"TCRBV12-3/12-4*1"	"TCRBD2-1"	"TCRBJ2-1*1"	-1	64	71	76	65	5	NA	NA	"NNNNTGAAGATCCAGCCCTCAGAACCCAGGGACTCAGCTGTGTACTTCTGTGCCAGCAGTTTAGGGACTAGATATCTCTTCGGGCCA"	FALSE	TRUE	NA	NA	NA	NA
"ACGTTGGCGTCTGCTGTACCCTCTCAGACATCTGTGTACTTCTGTGCCAGCAGTCGTGTGGCCTACAATGAGCAGTTCTTCGGGCCA"	"CASSRVAYNEQFF"	"ACGTTGGCGTCTGCTGTACCCTCTCAGACATCTGTGTACTTCTGTGCCAGCAGTCGTGTGGCCTACAATGAGCAGTTCTTCGGGCCA"	"CASSRVAYNEQFF"	"TCRBV6-4*1"	NA	"TCRBJ2-1*1"	54	59	-1	61	5	62	NA	NA	"ACGTTGGCGTCTGCTGTACCCTCTCAGACATCTGTGTACTTCTGTGCCAGCAGTCGTGTGGCCTACAATGAGCAGTTCTTCGGGCCA"	FALSE	TRUE	NA	NA	NA	NA
"CAGCCTGCAGAGCTTGGGGACTCGGCCGTGTATCTCTGTGCCAGCAGCTTAGCGGGAGGATTGCCAGATACGCAGTATTTTGGCCCA"	"CASSLAGGLPDTQYF"	"CAGCCTGCAGAGCTTGGGGACTCGGCCGTGTATCTCTGTGCCAGCAGCTTAGCGGGAGGATTGCCAGATACGCAGTATTTTGGCCCA"	"CASSLAGGLPDTQYF"	"TCRBV11-3*1"	"TCRBD2-1*2"	"TCRBJ2-3*1"	-1	52	59	64	53	5	NA	NA	"CAGCCTGCAGAGCTTGGGGACTCGGCCGTGTATCTCTGTGCCAGCAGCTTAGCGGGAGGATTGCCAGATACGCAGTATTTTGGCCCA"	FALSE	TRUE	NA	NA	NA	NA
"ACCCTGGAGTCTGCCAGGCCCTCACATACCTCTCAGTACCTCTGTGCCAGCAGTGGGACTAGAAACAATGAGCAGTTCTTCGGGCCA"	"CASSGTRNNEQFF"	"ACCCTGGAGTCTGCCAGGCCCTCACATACCTCTCAGTACCTCTGTGCCAGCAGTGGGACTAGAAACAATGAGCAGTTCTTCGGGCCA"	"CASSGTRNNEQFF"	"TCRBV25-1*1"	"TCRBD2-1"	"TCRBJ2-1*1"	-1	55	62	64	56	2	NA	NA	"ACCCTGGAGTCTGCCAGGCCCTCACATACCTCTCAGTACCTCTGTGCCAGCAGTGGGACTAGAAACAATGAGCAGTTCTTCGGGCCA"	FALSE	TRUE	NA	NA	NA	NA
"ATCCAGCGCACAGAGCAGGGGGACTCGGCCATGTATCTCTGTGCCAGCAGCCCAACAGGGGGCGGGTCACCCCTCCACTTTGGGAAT"	"CASSPTGGGSPLHF"	"ATCCAGCGCACAGAGCAGGGGGACTCGGCCATGTATCTCTGTGCCAGCAGCCCAACAGGGGGCGGGTCACCCCTCCACTTTGGGAAT"	"CASSPTGGGSPLHF"	"TCRBV7-9*1"	"TCRBD1-1*1"	"TCRBJ1-6*1"	51	54	63	66	3	3	NA	NA	"ATCCAGCGCACAGAGCAGGGGGACTCGGCCATGTATCTCTGTGCCAGCAGCCCAACAGGGGGCGGGTCACCCCTCCACTTTGGGAAT"	FALSE	TRUE	NA	NA	NA	NA
"TCGGCCCAAAAGAACCCGACAGCTTTCTATCTCTGTGCCAGTTTCTCGAGGACAGGGGGCGCGAGCACTGAAGCTTTCTTTGGACAA"	"CASFSRTGGASTEAFF"	"TCGGCCCAAAAGAACCCGACAGCTTTCTATCTCTGTGCCAGTTTCTCGAGGACAGGGGGCGCGAGCACTGAAGCTTTCTTTGGACAA"	"CASFSRTGGASTEAFF"	"TCRBV19-1*1"	"TCRBD1-1*1"	"TCRBJ1-1*1"	42	49	60	65	7	5	NA	NA	"TCGGCCCAAAAGAACCCGACAGCTTTCTATCTCTGTGCCAGTTTCTCGAGGACAGGGGGCGCGAGCACTGAAGCTTTCTTTGGACAA"	FALSE	TRUE	NA	NA	NA	NA
"AGAGCAGGAGGACTCGGCCGTGTATCTCTGTGCCAGCAGTTTCCCGGATTGACTGCGAAAGACTCCTACGAGCAGTACTTCGGGCCG"	""	"AGAGCAGGAGGACTCGGCCGTGTATCTCTGTGCCAGCAGTTTCCCGGATTGACTGCGAAAGACTCCTACGAGCAGTACTTCGGGCCG"	""	"TCRBV7-2"	"TCRBD2-1"	"TCRBJ2-7*1"	39	50	54	62	11	8	NA	NA	"AGAGCAGGAGGACTCGGCCGTGTATCTCTGTGCCAGCAGTTTCCCGGATTGACTGCGAAAGACTCCTACGAGCAGTACTTCGGGCCG"	FALSE	FALSE	NA	NA	NA	NA
"AAATCTTCACATCAATTCCCTGGAGCTTGGTGACTCTGCTGTGTATTTCTGTGCCAGCAGCCAAGACGGAAAACAGGGCTCGGGCCG"	""	"AAATCTTCACATCAATTCCCTGGAGCTTGGTGACTCTGCTGTGTATTTCTGTGCCAGCAGCCAAGACGGAAAACAGGGCTCGGGCCG"	""	"TCRBV3-1/3-2*1"	"TCRBD1-1*1"	"TCRBJ2-7"	66	72	78	79	6	1	NA	NA	"AAATCTTCACATCAATTCCCTGGAGCTTGGTGACTCTGCTGTGTATTTCTGTGCCAGCAGCCAAGACGGAAAACAGGGCTCGGGCCG"	FALSE	FALSE	NA	NA	NA	NA
"ACATCGGCCCAAAAGAACCCGACAGCTTTCTATCTCTGTGCCAGTAGTAAACCCGGGACAGGGAACGAAAAACTGTTTTTTGGCAGT"	"CASSKPGTGNEKLFF"	"ACATCGGCCCAAAAGAACCCGACAGCTTTCTATCTCTGTGCCAGTAGTAAACCCGGGACAGGGAACGAAAAACTGTTTTTTGGCAGT"	"CASSKPGTGNEKLFF"	"TCRBV19-1*1"	"TCRBD1-1*1"	"TCRBJ1-4*1"	49	54	63	66	5	3	NA	NA	"ACATCGGCCCAAAAGAACCCGACAGCTTTCTATCTCTGTGCCAGTAGTAAACCCGGGACAGGGAACGAAAAACTGTTTTTTGGCAGT"	FALSE	TRUE	NA	NA	NA	NA
"CACACCCTGCAGCCAGAAGACTCGGCCCTGTATCTCTGCGCCAGCAGCCTTATCCCGGGACAGGGGTCTGAAGCTTTCTTTGGACAA"	"CASSLIPGQGSEAFF"	"CACACCCTGCAGCCAGAAGACTCGGCCCTGTATCTCTGCGCCAGCAGCCTTATCCCGGGACAGGGGTCTGAAGCTTTCTTTGGACAA"	"CASSLIPGQGSEAFF"	"TCRBV4-3*1"	"TCRBD1-1*1"	"TCRBJ1-1*1"	49	56	66	67	7	1	NA	NA	"CACACCCTGCAGCCAGAAGACTCGGCCCTGTATCTCTGCGCCAGCAGCCTTATCCCGGGACAGGGGTCTGAAGCTTTCTTTGGACAA"	FALSE	TRUE	NA	NA	NA	NA
"ACGATCCAGCGCACAGAGCAGGAGGACTCGGCCGTGTATCTCTGTGCCAGCAGCTTAGTCAGGGGTGAAAAACTGTTTTTTGGCAGT"	"CASSLVRGEKLFF"	"ACGATCCAGCGCACAGAGCAGGAGGACTCGGCCGTGTATCTCTGTGCCAGCAGCTTAGTCAGGGGTGAAAAACTGTTTTTTGGCAGT"	"CASSLVRGEKLFF"	"TCRBV7-2"	"TCRBD1-1*1"	"TCRBJ1-4*1"	58	59	-1	65	1	66	NA	NA	"ACGATCCAGCGCACAGAGCAGGAGGACTCGGCCGTGTATCTCTGTGCCAGCAGCTTAGTCAGGGGTGAAAAACTGTTTTTTGGCAGT"	FALSE	TRUE	NA	NA	NA	NA
"GTGACCAGTGCCCATCCTGAAGACAGCAGCTTCTACATCTGCAGTGCACCCACTAGCGCGGAGCTCTACGAGCAGTACTTCGGGCCG"	"CSAPTSAELYEQYF"	"GTGACCAGTGCCCATCCTGAAGACAGCAGCTTCTACATCTGCAGTGCACCCACTAGCGCGGAGCTCTACGAGCAGTACTTCGGGCCG"	"CSAPTSAELYEQYF"	NA	"TCRBD2-1"	"TCRBJ2-7*1"	47	51	58	65	4	7	NA	NA	"GTGACCAGTGCCCATCCTGAAGACAGCAGCTTCTACATCTGCAGTGCACCCACTAGCGCGGAGCTCTACGAGCAGTACTTCGGGCCG"	FALSE	TRUE	NA	NA	NA	NA
"ACTCTGGAGTCCGCTACCAGCTCCCAGACATCTGTGTACTTCTGTGCCATCAGACTACCGGGGGACACTGAAGCTTTCTTTGGACAA"	"CAIRLPGDTEAFF"	"ACTCTGGAGTCCGCTACCAGCTCCCAGACATCTGTGTACTTCTGTGCCATCAGACTACCGGGGGACACTGAAGCTTTCTTTGGACAA"	"CAIRLPGDTEAFF"	"TCRBV1-3*1"	"TCRBD2-1*1"	"TCRBJ1-1*1"	53	58	-1	64	5	65	NA	NA	"ACTCTGGAGTCCGCTACCAGCTCCCAGACATCTGTGTACTTCTGTGCCATCAGACTACCGGGGGACACTGAAGCTTTCTTTGGACAA"	FALSE	TRUE	NA	NA	NA	NA
"CTGGAGTCCGCCAGCACCAACCAGACATCTATGTACCTCTGTGCCAGCAGTACCACTTCTAGGGAAGAGACCCAGTACTTCGGGCCA"	"CASSTTSREETQYF"	"CTGGAGTCCGCCAGCACCAACCAGACATCTATGTACCTCTGTGCCAGCAGTACCACTTCTAGGGAAGAGACCCAGTACTTCGGGCCA"	"CASSTTSREETQYF"	"TCRBV28-1*1"	NA	"TCRBJ2-5*1"	51	60	-1	64	9	65	NA	NA	"CTGGAGTCCGCCAGCACCAACCAGACATCTATGTACCTCTGTGCCAGCAGTACCACTTCTAGGGAAGAGACCCAGTACTTCGGGCCA"	FALSE	TRUE	NA	NA	NA	NA
"GCCCTGCAGCCAGAAGACTCAGCCCTGTATCTCTGCGCCAGCAGCCACCCGGGAAATCCACAAAATCAGCCCCAGCATTTTGGTGAT"	"CASSHPGNPQNQPQHF"	"GCCCTGCAGCCAGAAGACTCAGCCCTGTATCTCTGCGCCAGCAGCCACCCGGGAAATCCACAAAATCAGCCCCAGCATTTTGGTGAT"	"CASSHPGNPQNQPQHF"	"TCRBV4-1*1"	"TCRBD2-1*2"	"TCRBJ1-5*1"	47	49	54	63	2	9	NA	NA	"GCCCTGCAGCCAGAAGACTCAGCCCTGTATCTCTGCGCCAGCAGCCACCCGGGAAATCCACAAAATCAGCCCCAGCATTTTGGTGAT"	FALSE	TRUE	NA	NA	NA	NA
"AGCTCTCTGGAGCTGGGGGACTCAGCTTTGTATTTCTGTGCCAGCAGCGTAGGACAGGGGTTGGGTGAGACCCAGTACTTCGGGCCA"	"CASSVGQGLGETQYF"	"AGCTCTCTGGAGCTGGGGGACTCAGCTTTGTATTTCTGTGCCAGCAGCGTAGGACAGGGGTTGGGTGAGACCCAGTACTTCGGGCCA"	"CASSVGQGLGETQYF"	"TCRBV9-1*1"	"TCRBD1-1*1"	"TCRBJ2-5*1"	-1	52	60	66	53	6	NA	NA	"AGCTCTCTGGAGCTGGGGGACTCAGCTTTGTATTTCTGTGCCAGCAGCGTAGGACAGGGGTTGGGTGAGACCCAGTACTTCGGGCCA"	FALSE	TRUE	NA	NA	NA	NA
"GCCTTGTTGCTGGGGGACTCGGCCCTCTATCTCTGTGCCAGCAGCCAGGTTAGCGGGAGGGGAAGAGAGACCCAGTACTTCGGGCCA"	"CASSQVSGRGRETQYF"	"GCCTTGTTGCTGGGGGACTCGGCCCTCTATCTCTGTGCCAGCAGCCAGGTTAGCGGGAGGGGAAGAGAGACCCAGTACTTCGGGCCA"	"CASSQVSGRGRETQYF"	"TCRBV5-6*1"	"TCRBD2-1*2"	"TCRBJ2-5*1"	45	50	61	65	5	4	NA	NA	"GCCTTGTTGCTGGGGGACTCGGCCCTCTATCTCTGTGCCAGCAGCCAGGTTAGCGGGAGGGGAAGAGAGACCCAGTACTTCGGGCCA"	FALSE	TRUE	NA	NA	NA	NA
"ACAGAGCGGGGGGACTCAGCCGTGTATCTCTGTGCCAGCAGCTTAAACCCGGACTAGCGGGATTCCTACGAGCAGTACTTCGGGCCG"	"CASSLNPD*RDSYEQYF"	"ACAGAGCGGGGGGACTCAGCCGTGTATCTCTGTGCCAGCAGCTTAAACCCGGACTAGCGGGATTCCTACGAGCAGTACTTCGGGCCG"	"CASSLNPD*RDSYEQYF"	"TCRBV7-3*1"	"TCRBD2-1*2"	"TCRBJ2-7*1"	46	50	62	63	4	1	NA	NA	"ACAGAGCGGGGGGACTCAGCCGTGTATCTCTGTGCCAGCAGCTTAAACCCGGACTAGCGGGATTCCTACGAGCAGTACTTCGGGCCG"	FALSE	TRUE	NA	NA	NA	NA
"GAGTCCGCTACCAGCTCCCAGACATCTGTGTACTTCTGTGCCATCAGGACCGGGACTAGCGGCCAAGAGACCCAGTACTTCGGGCCA"	"CAIRTGTSGQETQYF"	"GAGTCCGCTACCAGCTCCCAGACATCTGTGTACTTCTGTGCCATCAGGACCGGGACTAGCGGCCAAGAGACCCAGTACTTCGGGCCA"	"CAIRTGTSGQETQYF"	"TCRBV1-3*1"	"TCRBD2-1"	"TCRBJ2-5*1"	47	51	-1	62	4	63	NA	NA	"GAGTCCGCTACCAGCTCCCAGACATCTGTGTACTTCTGTGCCATCAGGACCGGGACTAGCGGCCAAGAGACCCAGTACTTCGGGCCA"	FALSE	TRUE	NA	NA	NA	NA
"CTGACTGTGAGCAACATGAGCCCTGAAGACAGCAGCATATATCTCTGCAGCGTGGGACAGGGGGCGGAGGGCTACACCTTCGGTTCG"	"CSVGQGAEGYTF"	"CTGACTGTGAGCAACATGAGCCCTGAAGACAGCAGCATATATCTCTGCAGCGTGGGACAGGGGGCGGAGGGCTACACCTTCGGTTCG"	"CSVGQGAEGYTF"	"TCRBV29-1"	"TCRBD1-1*1"	"TCRBJ1-2*1"	-1	53	65	69	54	4	NA	NA	"CTGACTGTGAGCAACATGAGCCCTGAAGACAGCAGCATATATCTCTGCAGCGTGGGACAGGGGGCGGAGGGCTACACCTTCGGTTCG"	FALSE	TRUE	NA	NA	NA	NA
"ATCCGGTCCACAAAGCTGGAGGACTCAGCCATGTACTTCTGTGCCAGCAGGAGACCCAATAATGCAGGGGAGCAGTACTTCGGGCCG"	"CASRRPNNAGEQYF"	"ATCCGGTCCACAAAGCTGGAGGACTCAGCCATGTACTTCTGTGCCAGCAGGAGACCCAATAATGCAGGGGAGCAGTACTTCGGGCCG"	"CASRRPNNAGEQYF"	"TCRBV2-1"	"TCRBD1-1*1"	"TCRBJ2-7*1"	50	64	-1	69	14	70	NA	NA	"ATCCGGTCCACAAAGCTGGAGGACTCAGCCATGTACTTCTGTGCCAGCAGGAGACCCAATAATGCAGGGGAGCAGTACTTCGGGCCG"	FALSE	TRUE	NA	NA	NA	NA
"AGTGCCCATCCTGAAGACAGCAGCTTCTACATCTGCAGTGCACGGGGCCTAGCGGGGGTGGCCTACAATGAGCAGTTCTTCGGGCCA"	"CSARGLAGVAYNEQFF"	"AGTGCCCATCCTGAAGACAGCAGCTTCTACATCTGCAGTGCACGGGGCCTAGCGGGGGTGGCCTACAATGAGCAGTTCTTCGGGCCA"	"CSARGLAGVAYNEQFF"	NA	"TCRBD2-1*1"	"TCRBJ2-1*1"	41	48	58	61	7	3	NA	NA	"AGTGCCCATCCTGAAGACAGCAGCTTCTACATCTGCAGTGCACGGGGCCTAGCGGGGGTGGCCTACAATGAGCAGTTCTTCGGGCCA"	FALSE	TRUE	NA	NA	NA	NA
"AGCACCTTGGAGCTGGGGGACTCGGCCCTTTATCTTTGCGCCAGCAGCTTGAGTGTAGCGGGAGGTTGGGAGCAGTACTTCGGGCCG"	"CASSLSVAGGWEQYF"	"AGCACCTTGGAGCTGGGGGACTCGGCCCTTTATCTTTGCGCCAGCAGCTTGAGTGTAGCGGGAGGTTGGGAGCAGTACTTCGGGCCG"	"CASSLSVAGGWEQYF"	"TCRBV5-1*1"	"TCRBD2-1*2"	"TCRBJ2-7*1"	51	55	65	69	4	4	NA	NA	"AGCACCTTGGAGCTGGGGGACTCGGCCCTTTATCTTTGCGCCAGCAGCTTGAGTGTAGCGGGAGGTTGGGAGCAGTACTTCGGGCCG"	FALSE	TRUE	NA	NA	NA	NA
"ATTCTGGAGTCCGCCAGCACCAACCAGACATCTATGTACCTCTGTGCCAGCAGCGTAGCGGGACCAAACATTCAGTACTTCGGCGCC"	"CASSVAGPNIQYF"	"ATTCTGGAGTCCGCCAGCACCAACCAGACATCTATGTACCTCTGTGCCAGCAGCGTAGCGGGACCAAACATTCAGTACTTCGGCGCC"	"CASSVAGPNIQYF"	"TCRBV28-1*1"	"TCRBD2-1*2"	"TCRBJ2-4*1"	53	55	63	65	2	2	NA	NA	"ATTCTGGAGTCCGCCAGCACCAACCAGACATCTATGTACCTCTGTGCCAGCAGCGTAGCGGGACCAAACATTCAGTACTTCGGCGCC"	FALSE	TRUE	NA	NA	NA	NA
"CAGCGCACAGAGCAGGGGGACTCGGCCATGTATCTCTGTGCCAGCAGGGTCCTGAGAGGGGGACGAGAGACCCAGTACTTCGGGCCA"	"CASRVLRGGRETQYF"	"CAGCGCACAGAGCAGGGGGACTCGGCCATGTATCTCTGTGCCAGCAGGGTCCTGAGAGGGGGACGAGAGACCCAGTACTTCGGGCCA"	"CASRVLRGGRETQYF"	"TCRBV7-9*1"	"TCRBD1-1*1"	"TCRBJ2-5*1"	47	56	62	65	9	3	NA	NA	"CAGCGCACAGAGCAGGGGGACTCGGCCATGTATCTCTGTGCCAGCAGGGTCCTGAGAGGGGGACGAGAGACCCAGTACTTCGGGCCA"	FALSE	TRUE	NA	NA	NA	NA
"TCCCTGGAGCTTGGTGACTCTGCTGTGTATTTCTGTGCCAGCAGACCACCTATTAGCGGGAGAAAGAAGGAGCTGTTTTTTGGAGAA"	"CASRPPISGRKKELFF"	"TCCCTGGAGCTTGGTGACTCTGCTGTGTATTTCTGTGCCAGCAGACCACCTATTAGCGGGAGAAAGAAGGAGCTGTTTTTTGGAGAA"	"CASRPPISGRKKELFF"	"TCRBV3-1/3-2*1"	"TCRBD2-1*2"	"TCRBJ2-2*1"	44	53	62	68	9	6	NA	NA	"TCCCTGGAGCTTGGTGACTCTGCTGTGTATTTCTGTGCCAGCAGACCACCTATTAGCGGGAGAAAGAAGGAGCTGTTTTTTGGAGAA"	FALSE	TRUE	NA	NA	NA	NA
"CAGCCAGAAGACTCAGCCCTGTATCTCTGCGCCAGCAGCACCCCGGGACAGGGGGTGGGTGGGGCCAACGTCCTGACTTTCGGGGCC"	"CASSTPGQGVGGANVLTF"	"CAGCCAGAAGACTCAGCCCTGTATCTCTGCGCCAGCAGCACCCCGGGACAGGGGGTGGGTGGGGCCAACGTCCTGACTTTCGGGGCC"	"CASSTPGQGVGGANVLTF"	"TCRBV4-1*1"	"TCRBD1-1*1"	"TCRBJ2-6*1"	39	44	55	59	5	4	NA	NA	"CAGCCAGAAGACTCAGCCCTGTATCTCTGCGCCAGCAGCACCCCGGGACAGGGGGTGGGTGGGGCCAACGTCCTGACTTTCGGGGCC"	FALSE	TRUE	NA	NA	NA	NA
"ACAGTGACCAGTGCCCATCCTGAAGACAGCAGCTTCTACATCTGCAGTGCTAGTTTGTTCAGGGGAGATGGCTACACCTTCGGTTCG"	"CSASLFRGDGYTF"	"ACAGTGACCAGTGCCCATCCTGAAGACAGCAGCTTCTACATCTGCAGTGCTAGTTTGTTCAGGGGAGATGGCTACACCTTCGGTTCG"	"CSASLFRGDGYTF"	"TCRBV2-1*4"	"TCRBD1-1*1"	"TCRBJ1-2*1"	54	59	65	67	5	2	NA	NA	"ACAGTGACCAGTGCCCATCCTGAAGACAGCAGCTTCTACATCTGCAGTGCTAGTTTGTTCAGGGGAGATGGCTACACCTTCGGTTCG"	FALSE	TRUE	NA	NA	NA	NA
"TCCCTGGAGCTTGGTGACTCTGCTGTGTATTTCTGTGCCAGCAGCCGAACCGGGCCCACCGGCGCCGGGGAGCTGTTTTTTGGAGAA"	"CASSRTGPTGAGELFF"	"TCCCTGGAGCTTGGTGACTCTGCTGTGTATTTCTGTGCCAGCAGCCGAACCGGGCCCACCGGCGCCGGGGAGCTGTTTTTTGGAGAA"	"CASSRTGPTGAGELFF"	"TCRBV3-1/3-2*1"	NA	"TCRBJ2-2*1"	46	51	55	64	5	9	NA	NA	"TCCCTGGAGCTTGGTGACTCTGCTGTGTATTTCTGTGCCAGCAGCCGAACCGGGCCCACCGGCGCCGGGGAGCTGTTTTTTGGAGAA"	FALSE	TRUE	NA	NA	NA	NA
"CAGCCATGTACTTCTGTGCCAGCAGTGAACAGACGGAGACCTACAGTGGCGACTAGCGTTAGCCCCGGGGAGCTGTTTTTTGGAGAA"	""	"CAGCCATGTACTTCTGTGCCAGCAGTGAACAGACGGAGACCTACAGTGGCGACTAGCGTTAGCCCCGGGGAGCTGTTTTTTGGAGAA"	""	"TCRBV2-1"	"TCRBD2-1"	"TCRBJ2-2*1"	29	50	58	64	21	6	NA	NA	"CAGCCATGTACTTCTGTGCCAGCAGTGAACAGACGGAGACCTACAGTGGCGACTAGCGTTAGCCCCGGGGAGCTGTTTTTTGGAGAA"	FALSE	FALSE	NA	NA	NA	NA
"NNNNNNNNTGTCGGCTGCTCCCTCCCAGACATCTGTGTACTTCTGTGCCAGCTCAGGCGGGAGGCCTACGAGCAGTACTTCGGGCCG"	""	"NNNNNNNNTGTCGGCTGCTCCCTCCCAGACATCTGTGTACTTCTGTGCCAGCTCAGGCGGGAGGCCTACGAGCAGTACTTCGGGCCG"	""	"TCRBV6-5*1"	"TCRBD2-1*2"	"TCRBJ2-7*1"	52	56	-1	64	4	65	NA	NA	"NNNNNNNNTGTCGGCTGCTCCCTCCCAGACATCTGTGTACTTCTGTGCCAGCTCAGGCGGGAGGCCTACGAGCAGTACTTCGGGCCG"	FALSE	FALSE	NA	NA	NA	NA
"GTGACATCGGCCCAAAAGAACCCGACAGCTTTCTATCTCTGTGCCAGTAGCATTCCGGGACCGTCAGTGACCCAGTACTTCGGGCCA"	"CASSIPGPSVTQYF"	"GTGACATCGGCCCAAAAGAACCCGACAGCTTTCTATCTCTGTGCCAGTAGCATTCCGGGACCGTCAGTGACCCAGTACTTCGGGCCA"	"CASSIPGPSVTQYF"	"TCRBV19-1*1"	NA	"TCRBJ2-5*1"	50	56	61	68	6	7	NA	NA	"GTGACATCGGCCCAAAAGAACCCGACAGCTTTCTATCTCTGTGCCAGTAGCATTCCGGGACCGTCAGTGACCCAGTACTTCGGGCCA"	FALSE	TRUE	NA	NA	NA	NA
"TTGGAGCTGGACGACTCGGCCCTGTATCTCTGTGCCAGCAGCTCTGGGGGAGGGGGCGCGACCAAAAACATTCAGTACTTCGGCGCC"	"CASSSGGGGATKNIQYF"	"TTGGAGCTGGACGACTCGGCCCTGTATCTCTGTGCCAGCAGCTCTGGGGGAGGGGGCGCGACCAAAAACATTCAGTACTTCGGCGCC"	"CASSSGGGGATKNIQYF"	"TCRBV5-4*1"	NA	"TCRBJ2-4*1"	43	50	57	61	7	4	NA	NA	"TTGGAGCTGGACGACTCGGCCCTGTATCTCTGTGCCAGCAGCTCTGGGGGAGGGGGCGCGACCAAAAACATTCAGTACTTCGGCGCC"	FALSE	TRUE	NA	NA	NA	NA
"CAGCGCACAGAGCAGGAGGACTCGGCCGTGTATCTCTGTGCCAGCAGCGGAGGACAGGGAATGAACACTGAAGCTTTCTTTGGACAA"	"CASSGGQGMNTEAFF"	"CAGCGCACAGAGCAGGAGGACTCGGCCGTGTATCTCTGTGCCAGCAGCGGAGGACAGGGAATGAACACTGAAGCTTTCTTTGGACAA"	"CASSGGQGMNTEAFF"	"TCRBV7-2"	"TCRBD1-1*1"	"TCRBJ1-1*1"	48	51	59	61	3	2	NA	NA	"CAGCGCACAGAGCAGGAGGACTCGGCCGTGTATCTCTGTGCCAGCAGCGGAGGACAGGGAATGAACACTGAAGCTTTCTTTGGACAA"	FALSE	TRUE	NA	NA	NA	NA
"CTGAGCTCTCTGGAGCTGGGGGACTCAGCTTTGTATTTCTGTGCCAGCAGCGTAGCTACAGGGGTGGACATTCAGTACTTCGGCGCC"	"CASSVATGVDIQYF"	"CTGAGCTCTCTGGAGCTGGGGGACTCAGCTTTGTATTTCTGTGCCAGCAGCGTAGCTACAGGGGTGGACATTCAGTACTTCGGCGCC"	"CASSVATGVDIQYF"	"TCRBV9-1*1"	"TCRBD1-1*1"	"TCRBJ2-4*1"	55	57	64	67	2	3	NA	NA	"CTGAGCTCTCTGGAGCTGGGGGACTCAGCTTTGTATTTCTGTGCCAGCAGCGTAGCTACAGGGGTGGACATTCAGTACTTCGGCGCC"	FALSE	TRUE	NA	NA	NA	NA
"GAACCCAGGGACTCAGCTGTGTACTTCTGTGCCAGCAGTCCAGACGATCTACAGTCTCCCCACAATCAGCCCCAGCATTTTGGTGAT"	"CASSPDDLQSPHNQPQHF"	"GAACCCAGGGACTCAGCTGTGTACTTCTGTGCCAGCAGTCCAGACGATCTACAGTCTCCCCACAATCAGCCCCAGCATTTTGGTGAT"	"CASSPDDLQSPHNQPQHF"	NA	"TCRBD1-1*1"	"TCRBJ1-5*1"	39	50	54	62	11	8	NA	NA	"GAACCCAGGGACTCAGCTGTGTACTTCTGTGCCAGCAGTCCAGACGATCTACAGTCTCCCCACAATCAGCCCCAGCATTTTGGTGAT"	FALSE	TRUE	NA	NA	NA	NA
"NNNNNNNNNNNNNTGTCGGCTGCTCCCTCCCAAACATCTGTGTACTTCTGTGCCAGCAGTTACGGTGAGACCCAGTACTTCGGGCCA"	"CASSYGETQYF"	"NNNNNNNNNNNNNTGTCGGCTGCTCCCTCCCAAACATCTGTGTACTTCTGTGCCAGCAGTTACGGTGAGACCCAGTACTTCGGGCCA"	"CASSYGETQYF"	"TCRBV6-2/6-3*1"	NA	"TCRBJ2-5*1"	-1	63	65	66	64	1	NA	NA	"NNNNNNNNNNNNNTGTCGGCTGCTCCCTCCCAAACATCTGTGTACTTCTGTGCCAGCAGTTACGGTGAGACCCAGTACTTCGGGCCA"	FALSE	TRUE	NA	NA	NA	NA
"ACCTGAGCTCTCTGGAGCTGGGGGACTCAGCTTTGTATTTCTGTGCCAGCAGCGTAGGTTGGCAATTCACCCCTCCACTTTGGGAAT"	""	"ACCTGAGCTCTCTGGAGCTGGGGGACTCAGCTTTGTATTTCTGTGCCAGCAGCGTAGGTTGGCAATTCACCCCTCCACTTTGGGAAT"	""	"TCRBV9-1*1"	"TCRBD1-1*1"	"TCRBJ1-6*1"	57	60	-1	63	3	64	NA	NA	"ACCTGAGCTCTCTGGAGCTGGGGGACTCAGCTTTGTATTTCTGTGCCAGCAGCGTAGGTTGGCAATTCACCCCTCCACTTTGGGAAT"	FALSE	FALSE	NA	NA	NA	NA
"TTGGCGTCTGCTGTACCCTCTCAGACATCTGTGTACTTCTGTGCCAGCAGTGACTCGGGGGACAGGGGTGAGTCTTTCTTTGGACAA"	"CASSDSGDRGESFF"	"TTGGCGTCTGCTGTACCCTCTCAGACATCTGTGTACTTCTGTGCCAGCAGTGACTCGGGGGACAGGGGTGAGTCTTTCTTTGGACAA"	"CASSDSGDRGESFF"	"TCRBV6-4*1"	"TCRBD1-1*1"	"TCRBJ1-1*1"	56	58	68	73	2	5	NA	NA	"TTGGCGTCTGCTGTACCCTCTCAGACATCTGTGTACTTCTGTGCCAGCAGTGACTCGGGGGACAGGGGTGAGTCTTTCTTTGGACAA"	FALSE	TRUE	NA	NA	NA	NA
"ACCTTGGAGCTGGGGGACTCGGCCCTTTATCTTTGCGCCAGCAGCCCAACAACGACGGGATCTGGAAACACCATATATTTTGGAGAG"	"CASSPTTTGSGNTIYF"	"ACCTTGGAGCTGGGGGACTCGGCCCTTTATCTTTGCGCCAGCAGCCCAACAACGACGGGATCTGGAAACACCATATATTTTGGAGAG"	"CASSPTTTGSGNTIYF"	"TCRBV5-1*1"	"TCRBD2-1*2"	"TCRBJ1-3*1"	45	55	-1	60	10	61	NA	NA	"ACCTTGGAGCTGGGGGACTCGGCCCTTTATCTTTGCGCCAGCAGCCCAACAACGACGGGATCTGGAAACACCATATATTTTGGAGAG"	FALSE	TRUE	NA	NA	NA	NA
"CTCACTCTGGAGTCCGCTACCAGCTCCCAGACATCTGTGTACTTCTGTGCCATCAGTGAGTCCCGCTACGAGCAGTACTTCGGGCCG"	"CAISESRYEQYF"	"CTCACTCTGGAGTCCGCTACCAGCTCCCAGACATCTGTGTACTTCTGTGCCATCAGTGAGTCCCGCTACGAGCAGTACTTCGGGCCG"	"CAISESRYEQYF"	"TCRBV1-3*1"	"TCRBD2-1"	"TCRBJ2-7*1"	62	63	-1	65	1	66	NA	NA	"CTCACTCTGGAGTCCGCTACCAGCTCCCAGACATCTGTGTACTTCTGTGCCATCAGTGAGTCCCGCTACGAGCAGTACTTCGGGCCG"	FALSE	TRUE	NA	NA	NA	NA
"CTAACATTCTCAACTCTGACTGTGAGCAACATGAGCCCTGAAGACAGCAGCATATATCTCTGCAGCGTTGATCTCGCCTTCGGTTCG"	"CSVDLAF"	"CTAACATTCTCAACTCTGACTGTGAGCAACATGAGCCCTGAAGACAGCAGCATATATCTCTGCAGCGTTGATCTCGCCTTCGGTTCG"	"CSVDLAF"	"TCRBV29-1*1"	"TCRBD2-1"	"TCRBJ1-2*1"	71	72	74	76	1	2	NA	NA	"CTAACATTCTCAACTCTGACTGTGAGCAACATGAGCCCTGAAGACAGCAGCATATATCTCTGCAGCGTTGATCTCGCCTTCGGTTCG"	FALSE	TRUE	NA	NA	NA	NA
"ACAGTGACCAGTGCCCATCCTGAAGACAGCAGCTTCTACATCTGCAGTGCTCCCAAAAACGACTACAATGAGCAGTTCTTCGGGCCA"	"CSAPKNDYNEQFF"	"ACAGTGACCAGTGCCCATCCTGAAGACAGCAGCTTCTACATCTGCAGTGCTCCCAAAAACGACTACAATGAGCAGTTCTTCGGGCCA"	"CSAPKNDYNEQFF"	NA	NA	"TCRBJ2-1*1"	51	60	-1	62	9	63	NA	NA	"ACAGTGACCAGTGCCCATCCTGAAGACAGCAGCTTCTACATCTGCAGTGCTCCCAAAAACGACTACAATGAGCAGTTCTTCGGGCCA"	FALSE	TRUE	NA	NA	NA	NA
"GTGACATCGGCCCAAAAGAACCCGACAGCTTTCTATCTCTGTGCCAGTAGTATAGTACTAGTCCCCTACGAGCAGTACTTCGGGCCG"	"CASSIVLVPYEQYF"	"GTGACATCGGCCCAAAAGAACCCGACAGCTTTCTATCTCTGTGCCAGTAGTATAGTACTAGTCCCCTACGAGCAGTACTTCGGGCCG"	"CASSIVLVPYEQYF"	"TCRBV19-1*1"	"TCRBD2-1"	"TCRBJ2-7*1"	55	56	61	64	1	3	NA	NA	"GTGACATCGGCCCAAAAGAACCCGACAGCTTTCTATCTCTGTGCCAGTAGTATAGTACTAGTCCCCTACGAGCAGTACTTCGGGCCG"	FALSE	TRUE	NA	NA	NA	NA
"TTGGCGTCTGCTGTACCCTCTCAGACATCTGTGTACTTCTGTGCCAGCAGTGACAAGCAGGGGGCTGCTGAGCAGTTCTTCGGGCCA"	"CASSDKQGAAEQFF"	"TTGGCGTCTGCTGTACCCTCTCAGACATCTGTGTACTTCTGTGCCAGCAGTGACAAGCAGGGGGCTGCTGAGCAGTTCTTCGGGCCA"	"CASSDKQGAAEQFF"	"TCRBV6-4*1"	"TCRBD1-1*1"	"TCRBJ2-1*1"	54	57	65	68	3	3	NA	NA	"TTGGCGTCTGCTGTACCCTCTCAGACATCTGTGTACTTCTGTGCCAGCAGTGACAAGCAGGGGGCTGCTGAGCAGTTCTTCGGGCCA"	FALSE	TRUE	NA	NA	NA	NA
"GGGACACAGCACTGTATTTCTGTGCCAGCAGGAATCAAAGCGGGAGGGCCCCAGAATCATTCCTACAATGAGCAGTTCTTCGGGCCA"	""	"GGGACACAGCACTGTATTTCTGTGCCAGCAGGAATCAAAGCGGGAGGGCCCCAGAATCATTCCTACAATGAGCAGTTCTTCGGGCCA"	""	"TCRBV21-1*1"	"TCRBD2-1*2"	"TCRBJ2-1*1"	31	38	48	60	7	12	NA	NA	"GGGACACAGCACTGTATTTCTGTGCCAGCAGGAATCAAAGCGGGAGGGCCCCAGAATCATTCCTACAATGAGCAGTTCTTCGGGCCA"	FALSE	FALSE	NA	NA	NA	NA
"TCGCCCAGCCCCAACCAGACCTCTCTGTACTTCTGTGCCAGCAGTTTATCGGCCCAGGCTCCGAATTCACCCCTCCACTTTGGGAAT"	"CASSLSAQAPNSPLHF"	"TCGCCCAGCCCCAACCAGACCTCTCTGTACTTCTGTGCCAGCAGTTTATCGGCCCAGGCTCCGAATTCACCCCTCCACTTTGGGAAT"	"CASSLSAQAPNSPLHF"	"TCRBV27-1*1"	"TCRBD1-1*1"	"TCRBJ1-6*1"	50	54	58	63	4	5	NA	NA	"TCGCCCAGCCCCAACCAGACCTCTCTGTACTTCTGTGCCAGCAGTTTATCGGCCCAGGCTCCGAATTCACCCCTCCACTTTGGGAAT"	FALSE	TRUE	NA	NA	NA	NA
"GTGAGCACCTTGGAGCTGGGGGACTCGGCCCTTTATCTTTGCGCCAGCAGCAGACGGGAGGGCTCAGATACGCAGTATTTTGGCCCA"	"CASSRREGSDTQYF"	"GTGAGCACCTTGGAGCTGGGGGACTCGGCCCTTTATCTTTGCGCCAGCAGCAGACGGGAGGGCTCAGATACGCAGTATTTTGGCCCA"	"CASSRREGSDTQYF"	"TCRBV5-1*1"	"TCRBD2-1*2"	"TCRBJ2-3*1"	51	54	62	64	3	2	NA	NA	"GTGAGCACCTTGGAGCTGGGGGACTCGGCCCTTTATCTTTGCGCCAGCAGCAGACGGGAGGGCTCAGATACGCAGTATTTTGGCCCA"	FALSE	TRUE	NA	NA	NA	NA
"ATGAATGTGAGCACCTTGGAGCTGGGGGACTCGGCCCTTTATCTTTGCGCCAGCAGCCCCCGTGGGGAGACCCAGTACTTCGGGCCA"	"CASSPRGETQYF"	"ATGAATGTGAGCACCTTGGAGCTGGGGGACTCGGCCCTTTATCTTTGCGCCAGCAGCCCCCGTGGGGAGACCCAGTACTTCGGGCCA"	"CASSPRGETQYF"	"TCRBV5-1*1"	NA	"TCRBJ2-5*1"	57	63	-1	66	6	67	NA	NA	"ATGAATGTGAGCACCTTGGAGCTGGGGGACTCGGCCCTTTATCTTTGCGCCAGCAGCCCCCGTGGGGAGACCCAGTACTTCGGGCCA"	FALSE	TRUE	NA	NA	NA	NA
"AAGATCCGGTCCACAAAGCTGGAGGACTCAGCCATGTACTTCTGTGCCAGCAGTGGGGGGAACACCGGGGAGCTGTTTTTTGGAGAA"	"CASSGGNTGELFF"	"AAGATCCGGTCCACAAAGCTGGAGGACTCAGCCATGTACTTCTGTGCCAGCAGTGGGGGGAACACCGGGGAGCTGTTTTTTGGAGAA"	"CASSGGNTGELFF"	"TCRBV2-1"	NA	"TCRBJ2-2*1"	-1	55	-1	59	56	60	NA	NA	"AAGATCCGGTCCACAAAGCTGGAGGACTCAGCCATGTACTTCTGTGCCAGCAGTGGGGGGAACACCGGGGAGCTGTTTTTTGGAGAA"	FALSE	TRUE	NA	NA	NA	NA
"GTGAACGCCTTGTTGCTGGGGGACTCGGCCCTGTATCTCTGTGCCAGCAACGCTCGACAGGGGAGGTACGAGCAGTACTTCGGGCCG"	"CASNARQGRYEQYF"	"GTGAACGCCTTGTTGCTGGGGGACTCGGCCCTGTATCTCTGTGCCAGCAACGCTCGACAGGGGAGGTACGAGCAGTACTTCGGGCCG"	"CASNARQGRYEQYF"	"TCRBV5-5*1"	"TCRBD1-1*1"	"TCRBJ2-7*1"	49	55	63	66	6	3	NA	NA	"GTGAACGCCTTGTTGCTGGGGGACTCGGCCCTGTATCTCTGTGCCAGCAACGCTCGACAGGGGAGGTACGAGCAGTACTTCGGGCCG"	FALSE	TRUE	NA	NA	NA	NA
"GGCCTGGGGGACACAGCCATGTACCTGTGTGCCACCAGCCCTCACTAAGGTGTGACAAGTCGGGCCAACGTCCTGACTTTTGGGGCC"	"CATSPH*GVTSRANVLTF"	"GGCCTGGGGGACACAGCCATGTACCTGTGTGCCACCAGCCCTCACTAAGGTGTGACAAGTCGGGCCAACGTCCTGACTTTTGGGGCC"	"CATSPH*GVTSRANVLTF"	"TCRBV15-1*1"	NA	"TCRBJ2-6*1"	39	53	57	81	14	24	NA	NA	"GGCCTGGGGGACACAGCCATGTACCTGTGTGCCACCAGCCCTCACTAAGGTGTGACAAGTCGGGCCAACGTCCTGACTTTTGGGGCC"	FALSE	TRUE	NA	NA	NA	NA
"ACTCGGCCCTTTATCTTTGCGCCAGCAGCTTGCAGCCGACAGGCAAAGAACAAGGGGAAAAGCACAGATACGCAGTATTTTGGCCCA"	""	"ACTCGGCCCTTTATCTTTGCGCCAGCAGCTTGCAGCCGACAGGCAAAGAACAAGGGGAAAAGCACAGATACGCAGTATTTTGGCCCA"	""	"TCRBV5-1*1"	"TCRBD1-1*1"	"TCRBJ2-3*1"	32	37	43	60	5	17	NA	NA	"ACTCGGCCCTTTATCTTTGCGCCAGCAGCTTGCAGCCGACAGGCAAAGAACAAGGGGAAAAGCACAGATACGCAGTATTTTGGCCCA"	FALSE	FALSE	NA	NA	NA	NA
"ACAGAGCGGGGGGACTCAGCCGTGTATCTCTGTGCCAGCAGCTTAAGAGGGACAGGGGTAAATTACAATGAGCAGTTCTTCGGGCCA"	"CASSLRGTGVNYNEQFF"	"ACAGAGCGGGGGGACTCAGCCGTGTATCTCTGTGCCAGCAGCTTAAGAGGGACAGGGGTAAATTACAATGAGCAGTTCTTCGGGCCA"	"CASSLRGTGVNYNEQFF"	"TCRBV7-3*1"	"TCRBD1-1*1"	"TCRBJ2-1*1"	46	48	58	63	2	5	NA	NA	"ACAGAGCGGGGGGACTCAGCCGTGTATCTCTGTGCCAGCAGCTTAAGAGGGACAGGGGTAAATTACAATGAGCAGTTCTTCGGGCCA"	FALSE	TRUE	NA	NA	NA	NA
"GTGAACGCCTTGTTGCTGGGGGACTCGGCCCTCTATCTCTGTGCCAGCAGCCCTACAGGGAGGGAAAACACCATATATTTTGGAGAG"	"CASSPTGRENTIYF"	"GTGAACGCCTTGTTGCTGGGGGACTCGGCCCTCTATCTCTGTGCCAGCAGCCCTACAGGGAGGGAAAACACCATATATTTTGGAGAG"	"CASSPTGRENTIYF"	"TCRBV5-6*1"	"TCRBD2-1*2"	"TCRBJ1-3*1"	51	57	64	65	6	1	NA	NA	"GTGAACGCCTTGTTGCTGGGGGACTCGGCCCTCTATCTCTGTGCCAGCAGCCCTACAGGGAGGGAAAACACCATATATTTTGGAGAG"	FALSE	TRUE	NA	NA	NA	NA
"ACTCTGACAGTGACCAGTGCCCATCCTGAAGACAGCAGCTTCTACATCTGCAGTGCTAGAGAGCGTTCGGGCTACACCTTCGGTTCG"	"CSARERSGYTF"	"ACTCTGACAGTGACCAGTGCCCATCCTGAAGACAGCAGCTTCTACATCTGCAGTGCTAGAGAGCGTTCGGGCTACACCTTCGGTTCG"	"CSARERSGYTF"	"TCRBV2-1*1"	"TCRBD2-1"	"TCRBJ1-2*1"	-1	62	65	69	63	4	NA	NA	"ACTCTGACAGTGACCAGTGCCCATCCTGAAGACAGCAGCTTCTACATCTGCAGTGCTAGAGAGCGTTCGGGCTACACCTTCGGTTCG"	FALSE	TRUE	NA	NA	NA	NA
"NNNNTGTCGGCTGCTCCCTCCCAGACATCTGTGTACTTCTGTGCCAGCAGTGATCCCGGGACAGCTGGCGGCTACACCTTCGGTTCG"	"CASSDPGTAGGYTF"	"NNNNTGTCGGCTGCTCCCTCCCAGACATCTGTGTACTTCTGTGCCAGCAGTGATCCCGGGACAGCTGGCGGCTACACCTTCGGTTCG"	"CASSDPGTAGGYTF"	"TCRBV6-1*1"	"TCRBD1-1*1"	"TCRBJ1-2*1"	53	57	64	69	4	5	NA	NA	"NNNNTGTCGGCTGCTCCCTCCCAGACATCTGTGTACTTCTGTGCCAGCAGTGATCCCGGGACAGCTGGCGGCTACACCTTCGGTTCG"	FALSE	TRUE	NA	NA	NA	NA
"AAGCTTGAGGACTCGGCCGTGTATCTCTGTGCCAGCAGCAACGACCGGGACAGGGGATACATGAACACTGAAGCTTTCTTTGGACAA"	"CASSNDRDRGYMNTEAFF"	"AAGCTTGAGGACTCGGCCGTGTATCTCTGTGCCAGCAGCAACGACCGGGACAGGGGATACATGAACACTGAAGCTTTCTTTGGACAA"	"CASSNDRDRGYMNTEAFF"	"TCRBV11-2"	"TCRBD1-1*1"	"TCRBJ1-1*1"	39	46	56	61	7	5	NA	NA	"AAGCTTGAGGACTCGGCCGTGTATCTCTGTGCCAGCAGCAACGACCGGGACAGGGGATACATGAACACTGAAGCTTTCTTTGGACAA"	FALSE	TRUE	NA	NA	NA	NA
"ATCCAGCAGGTAGTGCGAGGAGATTCGGCAGCTTATTTCTGTGCCAGCCTTACAAGGACTTTAGGAGATACGCAGTATTTTGGCCCA"	"CASLTRTLGDTQYF"	"ATCCAGCAGGTAGTGCGAGGAGATTCGGCAGCTTATTTCTGTGCCAGCCTTACAAGGACTTTAGGAGATACGCAGTATTTTGGCCCA"	"CASLTRTLGDTQYF"	"TCRBV18-1*1"	"TCRBD2-1"	"TCRBJ2-3*1"	48	55	60	65	7	5	NA	NA	"ATCCAGCAGGTAGTGCGAGGAGATTCGGCAGCTTATTTCTGTGCCAGCCTTACAAGGACTTTAGGAGATACGCAGTATTTTGGCCCA"	FALSE	TRUE	NA	NA	NA	NA
"ACTGTGAGCAACATGAGCCCTGAAGACAGCAGCATATATCTCTGCAGCGTTGTTCGACCGCTGAACACTGAAGCTTTCTTTGGACAA"	"CSVVRPLNTEAFF"	"ACTGTGAGCAACATGAGCCCTGAAGACAGCAGCATATATCTCTGCAGCGTTGTTCGACCGCTGAACACTGAAGCTTTCTTTGGACAA"	"CSVVRPLNTEAFF"	"TCRBV29-1"	NA	"TCRBJ1-1*1"	52	55	58	61	3	3	NA	NA	"ACTGTGAGCAACATGAGCCCTGAAGACAGCAGCATATATCTCTGCAGCGTTGTTCGACCGCTGAACACTGAAGCTTTCTTTGGACAA"	FALSE	TRUE	NA	NA	NA	NA
"AGGATCCAGCAGGTAGTGCGAGGAGATTCGGCAGCTTATTTCTGTGCCAGCTCACAGGCCCGGTCCGGGGAGCTGTTTTTTGGAGAA"	"CASSQARSGELFF"	"AGGATCCAGCAGGTAGTGCGAGGAGATTCGGCAGCTTATTTCTGTGCCAGCTCACAGGCCCGGTCCGGGGAGCTGTTTTTTGGAGAA"	"CASSQARSGELFF"	"TCRBV18-1*1"	NA	"TCRBJ2-2*1"	-1	55	58	64	56	6	NA	NA	"AGGATCCAGCAGGTAGTGCGAGGAGATTCGGCAGCTTATTTCTGTGCCAGCTCACAGGCCCGGTCCGGGGAGCTGTTTTTTGGAGAA"	FALSE	TRUE	NA	NA	NA	NA
"TCAGCGCACAGAGCAGGAGGACTCGGCCGTGTATCTCTGTGCCAGCAGCCCCCCCCTGACGGCCCCTACGAGCAGTACTTCGGGCCG"	""	"TCAGCGCACAGAGCAGGAGGACTCGGCCGTGTATCTCTGTGCCAGCAGCCCCCCCCTGACGGCCCCTACGAGCAGTACTTCGGGCCG"	""	"TCRBV7-2"	NA	"TCRBJ2-7*1"	49	57	60	64	8	4	NA	NA	"TCAGCGCACAGAGCAGGAGGACTCGGCCGTGTATCTCTGTGCCAGCAGCCCCCCCCTGACGGCCCCTACGAGCAGTACTTCGGGCCG"	FALSE	FALSE	NA	NA	NA	NA
"ATGAGCTCCTTGGAGCTGGGGGACTCAGCCCTGTACTTCTGTGCCAGCAGCTTAAGGGTGGGCAATCAGCCCCAGCATTTTGGTGAT"	"CASSLRVGNQPQHF"	"ATGAGCTCCTTGGAGCTGGGGGACTCAGCCCTGTACTTCTGTGCCAGCAGCTTAAGGGTGGGCAATCAGCCCCAGCATTTTGGTGAT"	"CASSLRVGNQPQHF"	"TCRBV13-1*1"	NA	"TCRBJ1-5*1"	-1	54	58	61	55	3	NA	NA	"ATGAGCTCCTTGGAGCTGGGGGACTCAGCCCTGTACTTCTGTGCCAGCAGCTTAAGGGTGGGCAATCAGCCCCAGCATTTTGGTGAT"	FALSE	TRUE	NA	NA	NA	NA
"ACCAGTGCCCATCCTGAAGACAGCAGCTTCTACATCTGCAGTGCTCCCCAAAGACGGGCGAGTTCCTACGAGCAGTACTTCGGGCCG"	"CSAPQRRASSYEQYF"	"ACCAGTGCCCATCCTGAAGACAGCAGCTTCTACATCTGCAGTGCTCCCCAAAGACGGGCGAGTTCCTACGAGCAGTACTTCGGGCCG"	"CSAPQRRASSYEQYF"	NA	NA	"TCRBJ2-7*1"	45	55	59	63	10	4	NA	NA	"ACCAGTGCCCATCCTGAAGACAGCAGCTTCTACATCTGCAGTGCTCCCCAAAGACGGGCGAGTTCCTACGAGCAGTACTTCGGGCCG"	FALSE	TRUE	NA	NA	NA	NA
"CTTCACATCAATTCCCTGGAGCTTGGTGACTCTGCTGTGTATTTCTGTGCCAGCAGCCTAGCTGGGGAGACCCAGTACTTCGGGCCA"	"CASSLAGETQYF"	"CTTCACATCAATTCCCTGGAGCTTGGTGACTCTGCTGTGTATTTCTGTGCCAGCAGCCTAGCTGGGGAGACCCAGTACTTCGGGCCA"	"CASSLAGETQYF"	"TCRBV3-1/3-2*1"	"TCRBD2-1"	"TCRBJ2-5*1"	-1	58	62	66	59	4	NA	NA	"CTTCACATCAATTCCCTGGAGCTTGGTGACTCTGCTGTGTATTTCTGTGCCAGCAGCCTAGCTGGGGAGACCCAGTACTTCGGGCCA"	FALSE	TRUE	NA	NA	NA	NA
"ACAAAGCTGGAGGACTCAGCCATGTACTTCTGTGCCAGCAGTGTTGGACCCAAGACGACAGGGGAACAGCCCCAGCATTTTGGTGAT"	"CASSVGPKTTGEQPQHF"	"ACAAAGCTGGAGGACTCAGCCATGTACTTCTGTGCCAGCAGTGTTGGACCCAAGACGACAGGGGAACAGCCCCAGCATTTTGGTGAT"	"CASSVGPKTTGEQPQHF"	"TCRBV2-1"	"TCRBD1-1*1"	"TCRBJ1-5*1"	43	56	64	66	13	2	NA	NA	"ACAAAGCTGGAGGACTCAGCCATGTACTTCTGTGCCAGCAGTGTTGGACCCAAGACGACAGGGGAACAGCCCCAGCATTTTGGTGAT"	FALSE	TRUE	NA	NA	NA	NA
"GCCTTGGAGCTGGAGGACTCGGCCCTGTATCTCTGTGCCAGCAGCTTGGTAAAGGGGGCCGGGTGGACTGAAGCTTTCTTTGGACAA"	"CASSLVKGAGWTEAFF"	"GCCTTGGAGCTGGAGGACTCGGCCCTGTATCTCTGTGCCAGCAGCTTGGTAAAGGGGGCCGGGTGGACTGAAGCTTTCTTTGGACAA"	"CASSLVKGAGWTEAFF"	"TCRBV5-8*1"	"TCRBD1-1*1"	"TCRBJ1-1*1"	49	52	59	66	3	7	NA	NA	"GCCTTGGAGCTGGAGGACTCGGCCCTGTATCTCTGTGCCAGCAGCTTGGTAAAGGGGGCCGGGTGGACTGAAGCTTTCTTTGGACAA"	FALSE	TRUE	NA	NA	NA	NA
"GCCCTCAGAACCCAGGGACTCAGCTGTGTACTTCTGTGCCAGCAGAGTGTGGCGGGCAGGGGGATCCACGAGCAGTACTTCGGGCCG"	""	"GCCCTCAGAACCCAGGGACTCAGCTGTGTACTTCTGTGCCAGCAGAGTGTGGCGGGCAGGGGGATCCACGAGCAGTACTTCGGGCCG"	""	NA	"TCRBD1-1*1"	"TCRBJ2-7*1"	45	56	63	67	11	4	NA	NA	"GCCCTCAGAACCCAGGGACTCAGCTGTGTACTTCTGTGCCAGCAGAGTGTGGCGGGCAGGGGGATCCACGAGCAGTACTTCGGGCCG"	FALSE	FALSE	NA	NA	NA	NA
"TCCGCCAGCACCAACCAGACATCTATGTACCTCTGTGCCAGCAGTGCAAGACAGGGATTTACAACCTACGAGCAGTACTTCGGGCCG"	"CASSARQGFTTYEQYF"	"TCCGCCAGCACCAACCAGACATCTATGTACCTCTGTGCCAGCAGTGCAAGACAGGGATTTACAACCTACGAGCAGTACTTCGGGCCG"	"CASSARQGFTTYEQYF"	"TCRBV28-1*1"	"TCRBD1-1*1"	"TCRBJ2-7*1"	45	49	56	64	4	8	NA	NA	"TCCGCCAGCACCAACCAGACATCTATGTACCTCTGTGCCAGCAGTGCAAGACAGGGATTTACAACCTACGAGCAGTACTTCGGGCCG"	FALSE	TRUE	NA	NA	NA	NA
"ATGAATGTGAGCACCTTGGAGCTGGGGGACTCGGCCCTTTATCTTTGCGCCAGCAGCTTGGATGTTGGTGAGCAGTTCTTCGGGCCA"	"CASSLDVGEQFF"	"ATGAATGTGAGCACCTTGGAGCTGGGGGACTCGGCCCTTTATCTTTGCGCCAGCAGCTTGGATGTTGGTGAGCAGTTCTTCGGGCCA"	"CASSLDVGEQFF"	"TCRBV5-1*1"	NA	"TCRBJ2-1*1"	61	66	-1	68	5	69	NA	NA	"ATGAATGTGAGCACCTTGGAGCTGGGGGACTCGGCCCTTTATCTTTGCGCCAGCAGCTTGGATGTTGGTGAGCAGTTCTTCGGGCCA"	FALSE	TRUE	NA	NA	NA	NA
"GTGACATCGGCCCAAAAGAACCCGACAGCTTTCTATCTCTGTGCCAGTAGCGGGCTAGCGGGAGTTAATGAGCAGTTCTTCGGGCCA"	"CASSGLAGVNEQFF"	"GTGACATCGGCCCAAAAGAACCCGACAGCTTTCTATCTCTGTGCCAGTAGCGGGCTAGCGGGAGTTAATGAGCAGTTCTTCGGGCCA"	"CASSGLAGVNEQFF"	"TCRBV19-1*1"	"TCRBD2-1*2"	"TCRBJ2-1*1"	50	54	64	66	4	2	NA	NA	"GTGACATCGGCCCAAAAGAACCCGACAGCTTTCTATCTCTGTGCCAGTAGCGGGCTAGCGGGAGTTAATGAGCAGTTCTTCGGGCCA"	FALSE	TRUE	NA	NA	NA	NA
"CAGCGCACACAGCAGGAGGACTCGGCCGTGTATCTCTGTGCCAGCAGCCCACGACAGACCATTAACTATGGCTACACCTTCGGTTCG"	"CASSPRQTINYGYTF"	"CAGCGCACACAGCAGGAGGACTCGGCCGTGTATCTCTGTGCCAGCAGCCCACGACAGACCATTAACTATGGCTACACCTTCGGTTCG"	"CASSPRQTINYGYTF"	"TCRBV7-2"	"TCRBD1-1*1"	"TCRBJ1-2*1"	48	52	57	62	4	5	NA	NA	"CAGCGCACACAGCAGGAGGACTCGGCCGTGTATCTCTGTGCCAGCAGCCCACGACAGACCATTAACTATGGCTACACCTTCGGTTCG"	FALSE	TRUE	NA	NA	NA	NA
"ACATCGGCCCAAAAGAACCCGACAGCTTTCTATCTCTGTGCCAGTAGTATAGCCCGGGACAATAATGAAAAACTGTTTTTTGGCAGT"	"CASSIARDNNEKLFF"	"ACATCGGCCCAAAAGAACCCGACAGCTTTCTATCTCTGTGCCAGTAGTATAGCCCGGGACAATAATGAAAAACTGTTTTTTGGCAGT"	"CASSIARDNNEKLFF"	"TCRBV19-1*1"	"TCRBD1-1*1"	"TCRBJ1-4*1"	52	55	61	62	3	1	NA	NA	"ACATCGGCCCAAAAGAACCCGACAGCTTTCTATCTCTGTGCCAGTAGTATAGCCCGGGACAATAATGAAAAACTGTTTTTTGGCAGT"	FALSE	TRUE	NA	NA	NA	NA
"NNNNNNNNNNNNNTGTCGGCTGCTCCCTCCCAGACATCTGTGTACTTCTGTGCCAGCAGTTATTCCCACGAGCAGTACTTCGGGCCG"	"CASSYSHEQYF"	"NNNNNNNNNNNNNTGTCGGCTGCTCCCTCCCAGACATCTGTGTACTTCTGTGCCAGCAGTTATTCCCACGAGCAGTACTTCGGGCCG"	"CASSYSHEQYF"	"TCRBV6-5*1"	NA	"TCRBJ2-7*1"	-1	-1	62	67	0	5	NA	NA	"NNNNNNNNNNNNNTGTCGGCTGCTCCCTCCCAGACATCTGTGTACTTCTGTGCCAGCAGTTATTCCCACGAGCAGTACTTCGGGCCG"	FALSE	TRUE	NA	NA	NA	NA
"ACATCGGCCCAAAAGAACCCGACAGCTTTCTATCTCTGTGCCAGTAGTATTACTGCTAGCGGCGCAGATACGCAGTATTTTGGCCCA"	"CASSITASGADTQYF"	"ACATCGGCCCAAAAGAACCCGACAGCTTTCTATCTCTGTGCCAGTAGTATTACTGCTAGCGGCGCAGATACGCAGTATTTTGGCCCA"	"CASSITASGADTQYF"	"TCRBV19-1*1"	"TCRBD2-1"	"TCRBJ2-3*1"	50	55	62	64	5	2	NA	NA	"ACATCGGCCCAAAAGAACCCGACAGCTTTCTATCTCTGTGCCAGTAGTATTACTGCTAGCGGCGCAGATACGCAGTATTTTGGCCCA"	FALSE	TRUE	NA	NA	NA	NA
"CAAGATCCAGCCTGCAAAGCTTGAGGACTCGGCCGTGTATCTCTGTGCCAGCAGCCACAGGGGGCTAGGGAGCAGTACTTCGGGCCG"	""	"CAAGATCCAGCCTGCAAAGCTTGAGGACTCGGCCGTGTATCTCTGTGCCAGCAGCCACAGGGGGCTAGGGAGCAGTACTTCGGGCCG"	""	"TCRBV11-2*1"	"TCRBD1-1*1"	"TCRBJ2-7*1"	55	56	65	69	1	4	NA	NA	"CAAGATCCAGCCTGCAAAGCTTGAGGACTCGGCCGTGTATCTCTGTGCCAGCAGCCACAGGGGGCTAGGGAGCAGTACTTCGGGCCG"	FALSE	FALSE	NA	NA	NA	NA
"CAGCCCTCAGAACCCAGGGACTCAGCTGTGTACTTCTGTGCCAGCAGTACTAGCGGGAGTTTCACAGATACGCAGTATTTTGGCCCA"	"CASSTSGSFTDTQYF"	"CAGCCCTCAGAACCCAGGGACTCAGCTGTGTACTTCTGTGCCAGCAGTACTAGCGGGAGTTTCACAGATACGCAGTATTTTGGCCCA"	"CASSTSGSFTDTQYF"	NA	"TCRBD2-1*2"	"TCRBJ2-3*1"	-1	48	59	62	49	3	NA	NA	"CAGCCCTCAGAACCCAGGGACTCAGCTGTGTACTTCTGTGCCAGCAGTACTAGCGGGAGTTTCACAGATACGCAGTATTTTGGCCCA"	FALSE	TRUE	NA	NA	NA	NA
"ACTCTGGAGTCTGCTGCCTCCTCCCAGACATCTGTATATTTCTGCGCCAGCAGTGAGGGTCCGACAGATACGCAGTATTTTGGCCCA"	"CASSEGPTDTQYF"	"ACTCTGGAGTCTGCTGCCTCCTCCCAGACATCTGTATATTTCTGCGCCAGCAGTGAGGGTCCGACAGATACGCAGTATTTTGGCCCA"	"CASSEGPTDTQYF"	"TCRBV1-1*1"	NA	"TCRBJ2-3*1"	-1	57	59	63	58	4	NA	NA	"ACTCTGGAGTCTGCTGCCTCCTCCCAGACATCTGTATATTTCTGCGCCAGCAGTGAGGGTCCGACAGATACGCAGTATTTTGGCCCA"	FALSE	TRUE	NA	NA	NA	NA
"AGCACCTTGGAGCTGGGGGACTCGGCCCTTTATCTTTGCGCCAGCAGCTTCGGACAGGTGGTTCGAGAGACCCAGTACTTCGGGCCA"	"CASSFGQVVRETQYF"	"AGCACCTTGGAGCTGGGGGACTCGGCCCTTTATCTTTGCGCCAGCAGCTTCGGACAGGTGGTTCGAGAGACCCAGTACTTCGGGCCA"	"CASSFGQVVRETQYF"	"TCRBV5-1*1"	"TCRBD1-1*1"	"TCRBJ2-5*1"	50	51	58	65	1	7	NA	NA	"AGCACCTTGGAGCTGGGGGACTCGGCCCTTTATCTTTGCGCCAGCAGCTTCGGACAGGTGGTTCGAGAGACCCAGTACTTCGGGCCA"	FALSE	TRUE	NA	NA	NA	NA
"TTGCTGGGGGACTCGGCCCTGTATCTCTGTGCCAGCAGCTCCATTCAGTAGACAGGGTCGGTAATCTCTGAAGCTTTCTTTGGACAA"	"CASSSIQ*TGSVISEAFF"	"TTGCTGGGGGACTCGGCCCTGTATCTCTGTGCCAGCAGCTCCATTCAGTAGACAGGGTCGGTAATCTCTGAAGCTTTCTTTGGACAA"	"CASSSIQ*TGSVISEAFF"	"TCRBV5-5*1"	"TCRBD1-1*1"	"TCRBJ1-1*1"	40	50	57	67	10	10	NA	NA	"TTGCTGGGGGACTCGGCCCTGTATCTCTGTGCCAGCAGCTCCATTCAGTAGACAGGGTCGGTAATCTCTGAAGCTTTCTTTGGACAA"	FALSE	TRUE	NA	NA	NA	NA
"GAACCCAGGGACTCAGCTGTGTACTTCTGTGCCAGCAGCGCGGGACTAGCGGGAGCCATAACCTCCTACGAGCAGTACTTCGGGCCG"	"CASSAGLAGAITSYEQYF"	"GAACCCAGGGACTCAGCTGTGTACTTCTGTGCCAGCAGCGCGGGACTAGCGGGAGCCATAACCTCCTACGAGCAGTACTTCGGGCCG"	"CASSAGLAGAITSYEQYF"	NA	"TCRBD2-1*2"	"TCRBJ2-7*1"	38	41	55	62	3	7	NA	NA	"GAACCCAGGGACTCAGCTGTGTACTTCTGTGCCAGCAGCGCGGGACTAGCGGGAGCCATAACCTCCTACGAGCAGTACTTCGGGCCG"	FALSE	TRUE	NA	NA	NA	NA
"AGCCCTGAAGACAGCAGCATATATCTCTGCAGCGTTGATTTCCGCGGCAGCGGGATCGGCTCCTACAATGAGCAGTTCTTCGGGCCA"	"CSVDFRGSGIGSYNEQFF"	"AGCCCTGAAGACAGCAGCATATATCTCTGCAGCGTTGATTTCCGCGGCAGCGGGATCGGCTCCTACAATGAGCAGTTCTTCGGGCCA"	"CSVDFRGSGIGSYNEQFF"	"TCRBV29-1"	"TCRBD2-1*2"	"TCRBJ2-1*1"	38	48	55	59	10	4	NA	NA	"AGCCCTGAAGACAGCAGCATATATCTCTGCAGCGTTGATTTCCGCGGCAGCGGGATCGGCTCCTACAATGAGCAGTTCTTCGGGCCA"	FALSE	TRUE	NA	NA	NA	NA
"CGCACAGAGCAGGGGGACTCGGCCATGTATCTCTGTGCCAGCAGCTTAGCGACTAGCGGGAGGGCAGATACGCAGTATTTTGGCCCA"	"CASSLATSGRADTQYF"	"CGCACAGAGCAGGGGGACTCGGCCATGTATCTCTGTGCCAGCAGCTTAGCGACTAGCGGGAGGGCAGATACGCAGTATTTTGGCCCA"	"CASSLATSGRADTQYF"	"TCRBV7-9*1"	"TCRBD2-1*2"	"TCRBJ2-3*1"	-1	50	-1	64	51	65	NA	NA	"CGCACAGAGCAGGGGGACTCGGCCATGTATCTCTGTGCCAGCAGCTTAGCGACTAGCGGGAGGGCAGATACGCAGTATTTTGGCCCA"	FALSE	TRUE	NA	NA	NA	NA
"CTGCAGCCAGAAGACTCAGCCCTGTATCTCTGCGCCAGCAGCCATCCCGGACTAGCGGGAGACTACAATGAGCAGTTCTTCGGGCCA"	"CASSHPGLAGDYNEQFF"	"CTGCAGCCAGAAGACTCAGCCCTGTATCTCTGCGCCAGCAGCCATCCCGGACTAGCGGGAGACTACAATGAGCAGTTCTTCGGGCCA"	"CASSHPGLAGDYNEQFF"	"TCRBV4-1*1"	"TCRBD2-1*2"	"TCRBJ2-1*1"	44	48	61	62	4	1	NA	NA	"CTGCAGCCAGAAGACTCAGCCCTGTATCTCTGCGCCAGCAGCCATCCCGGACTAGCGGGAGACTACAATGAGCAGTTCTTCGGGCCA"	FALSE	TRUE	NA	NA	NA	NA
"AAGATCCAGCCCTCAGAACCCAGGGACTCAGCTGTGTACTTCTGTGCCAGCAGCCTCACCGTTAGCTACGAGCAGTACTTCGGGCCG"	"CASSLTVSYEQYF"	"AAGATCCAGCCCTCAGAACCCAGGGACTCAGCTGTGTACTTCTGTGCCAGCAGCCTCACCGTTAGCTACGAGCAGTACTTCGGGCCG"	"CASSLTVSYEQYF"	"TCRBV12-3/12-4*1"	"TCRBD2-1"	"TCRBJ2-7*1"	53	62	-1	65	9	66	NA	NA	"AAGATCCAGCCCTCAGAACCCAGGGACTCAGCTGTGTACTTCTGTGCCAGCAGCCTCACCGTTAGCTACGAGCAGTACTTCGGGCCG"	FALSE	TRUE	NA	NA	NA	NA
"GTGACCAGTGCCCATCCTGAAGACAGCAGCTTCTACATCTGCAGTGCTACCGGGACTAGCGCACAAGAGACCCAGTACTTCGGGCCA"	"CSATGTSAQETQYF"	"GTGACCAGTGCCCATCCTGAAGACAGCAGCTTCTACATCTGCAGTGCTACCGGGACTAGCGCACAAGAGACCCAGTACTTCGGGCCA"	"CSATGTSAQETQYF"	NA	"TCRBD2-1"	"TCRBJ2-5*1"	49	51	61	63	2	2	NA	NA	"GTGACCAGTGCCCATCCTGAAGACAGCAGCTTCTACATCTGCAGTGCTACCGGGACTAGCGCACAAGAGACCCAGTACTTCGGGCCA"	FALSE	TRUE	NA	NA	NA	NA
"AACGCCTTGTTGCTGGGGGACTCGGCCCTGTATCTCTGTGCCAGCAGCCCGGTCGTTTATAGCAATCAGCCCCAGCATTTTGGTGAT"	"CASSPVVYSNQPQHF"	"AACGCCTTGTTGCTGGGGGACTCGGCCCTGTATCTCTGTGCCAGCAGCCCGGTCGTTTATAGCAATCAGCCCCAGCATTTTGGTGAT"	"CASSPVVYSNQPQHF"	"TCRBV5-5*1"	"TCRBD2-1"	"TCRBJ1-5*1"	48	49	52	59	1	7	NA	NA	"AACGCCTTGTTGCTGGGGGACTCGGCCCTGTATCTCTGTGCCAGCAGCCCGGTCGTTTATAGCAATCAGCCCCAGCATTTTGGTGAT"	FALSE	TRUE	NA	NA	NA	NA
"CAGCCTGCAGAACTGGAGGATTCTGGAGTTTATTTCTGTGCCAGCAGCCAGTCCAGGGGGAACACCGGGGAGCTGTTTTTTGGAGAA"	"CASSQSRGNTGELFF"	"CAGCCTGCAGAACTGGAGGATTCTGGAGTTTATTTCTGTGCCAGCAGCCAGTCCAGGGGGAACACCGGGGAGCTGTTTTTTGGAGAA"	"CASSQSRGNTGELFF"	"TCRBV14-1*1"	"TCRBD1-1*1"	"TCRBJ2-2*1"	50	53	-1	59	3	60	NA	NA	"CAGCCTGCAGAACTGGAGGATTCTGGAGTTTATTTCTGTGCCAGCAGCCAGTCCAGGGGGAACACCGGGGAGCTGTTTTTTGGAGAA"	FALSE	TRUE	NA	NA	NA	NA
"ATCCAGCCCTCAGAACCCAGGGACTCAGCTGTGTACTTCTGTGCCAGCAGTTCCAGGGGATCTGGAAACACCATATATTTTGGAGAG"	"CASSSRGSGNTIYF"	"ATCCAGCCCTCAGAACCCAGGGACTCAGCTGTGTACTTCTGTGCCAGCAGTTCCAGGGGATCTGGAAACACCATATATTTTGGAGAG"	"CASSSRGSGNTIYF"	NA	"TCRBD1-1*1"	"TCRBJ1-3*1"	52	53	59	60	1	1	NA	NA	"ATCCAGCCCTCAGAACCCAGGGACTCAGCTGTGTACTTCTGTGCCAGCAGTTCCAGGGGATCTGGAAACACCATATATTTTGGAGAG"	FALSE	TRUE	NA	NA	NA	NA
"ACATCGGCCCAAAAGAACCCGACAGCTTTCTATCTCTGTGCCAGTAGTTCCCCCGGGACGGCCACCGGGGAGCTGTTTTTTGGAGAA"	"CASSSPGTATGELFF"	"ACATCGGCCCAAAAGAACCCGACAGCTTTCTATCTCTGTGCCAGTAGTTCCCCCGGGACGGCCACCGGGGAGCTGTTTTTTGGAGAA"	"CASSSPGTATGELFF"	"TCRBV19-1*1"	NA	"TCRBJ2-2*1"	48	54	59	62	6	3	NA	NA	"ACATCGGCCCAAAAGAACCCGACAGCTTTCTATCTCTGTGCCAGTAGTTCCCCCGGGACGGCCACCGGGGAGCTGTTTTTTGGAGAA"	FALSE	TRUE	NA	NA	NA	NA
"CAGCGCACAGAGCAGGAGGACTCGGCCGTGTATCTCTGTGCCAGCAGCCCCTGGGGGATAGGGGACACTGAAGCTTTCTTTGGACAA"	"CASSPWGIGDTEAFF"	"CAGCGCACAGAGCAGGAGGACTCGGCCGTGTATCTCTGTGCCAGCAGCCCCTGGGGGATAGGGGACACTGAAGCTTTCTTTGGACAA"	"CASSPWGIGDTEAFF"	"TCRBV7-2"	NA	"TCRBJ1-1*1"	48	59	-1	64	11	65	NA	NA	"CAGCGCACAGAGCAGGAGGACTCGGCCGTGTATCTCTGTGCCAGCAGCCCCTGGGGGATAGGGGACACTGAAGCTTTCTTTGGACAA"	FALSE	TRUE	NA	NA	NA	NA
"ATTCTGAGGATCCAGCAGGTAGTGCGAGGAGATTCGGCAGCTTATTTCTGTGCCAGCTCTCGGGACACTGAAGCTTTCTTTGGACAA"	"CASSRDTEAFF"	"ATTCTGAGGATCCAGCAGGTAGTGCGAGGAGATTCGGCAGCTTATTTCTGTGCCAGCTCTCGGGACACTGAAGCTTTCTTTGGACAA"	"CASSRDTEAFF"	"TCRBV18-1*1"	"TCRBD2-1"	"TCRBJ1-1*1"	59	60	-1	64	1	65	NA	NA	"ATTCTGAGGATCCAGCAGGTAGTGCGAGGAGATTCGGCAGCTTATTTCTGTGCCAGCTCTCGGGACACTGAAGCTTTCTTTGGACAA"	FALSE	TRUE	NA	NA	NA	NA
"GAGTCGCCCAGCCCCAACCAGACCTCTCTGTACTTCTGTGCCAGCAGTTTGTCCGGGACAGGGGGCAGGGAGCAGTACTTCGGGCCG"	"CASSLSGTGGREQYF"	"GAGTCGCCCAGCCCCAACCAGACCTCTCTGTACTTCTGTGCCAGCAGTTTGTCCGGGACAGGGGGCAGGGAGCAGTACTTCGGGCCG"	"CASSLSGTGGREQYF"	"TCRBV27-1*1"	"TCRBD1-1*1"	"TCRBJ2-7*1"	50	54	66	69	4	3	NA	NA	"GAGTCGCCCAGCCCCAACCAGACCTCTCTGTACTTCTGTGCCAGCAGTTTGTCCGGGACAGGGGGCAGGGAGCAGTACTTCGGGCCG"	FALSE	TRUE	NA	NA	NA	NA
"ACATCGGCCCAAAAGAACCCGACAGCTTTCTATCTCTGTGCCAGTAGTCTAAGGACAGGGGGTGACTACGAGCAGTACTTCGGGCCG"	"CASSLRTGGDYEQYF"	"ACATCGGCCCAAAAGAACCCGACAGCTTTCTATCTCTGTGCCAGTAGTCTAAGGACAGGGGGTGACTACGAGCAGTACTTCGGGCCG"	"CASSLRTGGDYEQYF"	"TCRBV19-1*1"	"TCRBD1-1*1"	"TCRBJ2-7*1"	48	52	62	65	4	3	NA	NA	"ACATCGGCCCAAAAGAACCCGACAGCTTTCTATCTCTGTGCCAGTAGTCTAAGGACAGGGGGTGACTACGAGCAGTACTTCGGGCCG"	FALSE	TRUE	NA	NA	NA	NA
"CCAGCGCACACAGCAGGAGGACTCCGCCGTGTATCTCTGTGCCAGCAGCTACCCCGGGCCTCGAACACTGAAGCTTTCTTTGGACAA"	""	"CCAGCGCACACAGCAGGAGGACTCCGCCGTGTATCTCTGTGCCAGCAGCTACCCCGGGCCTCGAACACTGAAGCTTTCTTTGGACAA"	""	"TCRBV7-8*1"	NA	"TCRBJ1-1*1"	50	55	59	62	5	3	NA	NA	"CCAGCGCACACAGCAGGAGGACTCCGCCGTGTATCTCTGTGCCAGCAGCTACCCCGGGCCTCGAACACTGAAGCTTTCTTTGGACAA"	FALSE	FALSE	NA	NA	NA	NA
"GAGTCGCCCAGCCCCAACCAGACCTCTCTGTACTTCTGTGCCAGCAGCCCCGGACAGGTCGCTTCCTACGAGCAGTACTTCGGGCCG"	"CASSPGQVASYEQYF"	"GAGTCGCCCAGCCCCAACCAGACCTCTCTGTACTTCTGTGCCAGCAGCCCCGGACAGGTCGCTTCCTACGAGCAGTACTTCGGGCCG"	"CASSPGQVASYEQYF"	"TCRBV27-1*1"	"TCRBD1-1*1"	"TCRBJ2-7*1"	47	51	58	63	4	5	NA	NA	"GAGTCGCCCAGCCCCAACCAGACCTCTCTGTACTTCTGTGCCAGCAGCCCCGGACAGGTCGCTTCCTACGAGCAGTACTTCGGGCCG"	FALSE	TRUE	NA	NA	NA	NA
"CTGGAGCTGGGGGACTCAGCTTTGTATTTCTGTGCCAGCAGCGCGCCTAGAGATTGGACTAGCACAGATACGCAGTATTTTGGCCCA"	"CASSAPRDWTSTDTQYF"	"CTGGAGCTGGGGGACTCAGCTTTGTATTTCTGTGCCAGCAGCGCGCCTAGAGATTGGACTAGCACAGATACGCAGTATTTTGGCCCA"	"CASSAPRDWTSTDTQYF"	"TCRBV9-1*1"	"TCRBD2-1"	"TCRBJ2-3*1"	43	55	-1	60	12	61	NA	NA	"CTGGAGCTGGGGGACTCAGCTTTGTATTTCTGTGCCAGCAGCGCGCCTAGAGATTGGACTAGCACAGATACGCAGTATTTTGGCCCA"	FALSE	TRUE	NA	NA	NA	NA
"GAGTCCGCCAGCACCAACCAGACATCTATGTACCTCTGTGCCAGCAGTTTGGGGGAGGGCGGTGGTGAAAAACTGTTTTTTGGCAGT"	"CASSLGEGGGEKLFF"	"GAGTCCGCCAGCACCAACCAGACATCTATGTACCTCTGTGCCAGCAGTTTGGGGGAGGGCGGTGGTGAAAAACTGTTTTTTGGCAGT"	"CASSLGEGGGEKLFF"	"TCRBV28-1*1"	"TCRBD2-1*2"	"TCRBJ1-4*1"	50	52	59	65	2	6	NA	NA	"GAGTCCGCCAGCACCAACCAGACATCTATGTACCTCTGTGCCAGCAGTTTGGGGGAGGGCGGTGGTGAAAAACTGTTTTTTGGCAGT"	FALSE	TRUE	NA	NA	NA	NA
"CGCTCACCAGGCCTGGGGGACGCAGCCATGTACCTGTGTGCCACCAGCAGGTTACAGGGGGCTTATCAGCCCCAGCATTTTGGTGAT"	"CATSRLQGAYQPQHF"	"CGCTCACCAGGCCTGGGGGACGCAGCCATGTACCTGTGTGCCACCAGCAGGTTACAGGGGGCTTATCAGCCCCAGCATTTTGGTGAT"	"CATSRLQGAYQPQHF"	"TCRBV15-1*2"	"TCRBD1-1*1"	"TCRBJ1-5*1"	50	53	62	64	3	2	NA	NA	"CGCTCACCAGGCCTGGGGGACGCAGCCATGTACCTGTGTGCCACCAGCAGGTTACAGGGGGCTTATCAGCCCCAGCATTTTGGTGAT"	FALSE	TRUE	NA	NA	NA	NA
"CGGTCCACAAAGCTGGAGGACTCAGCCATGTACTTCTGTGCCAGCAGTGAGCGGACTACCCCTAACAATGAGCAGTTCTTCGGGCCA"	"CASSERTTPNNEQFF"	"CGGTCCACAAAGCTGGAGGACTCAGCCATGTACTTCTGTGCCAGCAGTGAGCGGACTACCCCTAACAATGAGCAGTTCTTCGGGCCA"	"CASSERTTPNNEQFF"	"TCRBV2-1"	"TCRBD2-1"	"TCRBJ2-1*1"	50	52	58	64	2	6	NA	NA	"CGGTCCACAAAGCTGGAGGACTCAGCCATGTACTTCTGTGCCAGCAGTGAGCGGACTACCCCTAACAATGAGCAGTTCTTCGGGCCA"	FALSE	TRUE	NA	NA	NA	NA
"AAGATCCAGCGCACAGAGCGGGGGGACTCAGCCGTGTATCTCTGTGCCAGCAGCTCGGGGGGACCAGATACGCAGTATTTTGGCCCA"	"CASSSGGPDTQYF"	"AAGATCCAGCGCACAGAGCGGGGGGACTCAGCCGTGTATCTCTGTGCCAGCAGCTCGGGGGGACCAGATACGCAGTATTTTGGCCCA"	"CASSSGGPDTQYF"	"TCRBV7-3*1"	"TCRBD2-1*1"	"TCRBJ2-3*1"	-1	55	62	64	56	2	NA	NA	"AAGATCCAGCGCACAGAGCGGGGGGACTCAGCCGTGTATCTCTGTGCCAGCAGCTCGGGGGGACCAGATACGCAGTATTTTGGCCCA"	FALSE	TRUE	NA	NA	NA	NA
"ACGTTGGCGTCTGCTGTACCCTCTCAGACATCTGTGTACTTCTGTGCCAGCAGTGAGGCGGCGGCCGGGGAGCTGTTTTTTGGAGAA"	"CASSEAAAGELFF"	"ACGTTGGCGTCTGCTGTACCCTCTCAGACATCTGTGTACTTCTGTGCCAGCAGTGAGGCGGCGGCCGGGGAGCTGTTTTTTGGAGAA"	"CASSEAAAGELFF"	"TCRBV6-4*1"	"TCRBD2-1"	"TCRBJ2-2*1"	56	57	61	64	1	3	NA	NA	"ACGTTGGCGTCTGCTGTACCCTCTCAGACATCTGTGTACTTCTGTGCCAGCAGTGAGGCGGCGGCCGGGGAGCTGTTTTTTGGAGAA"	FALSE	TRUE	NA	NA	NA	NA
"ACATCGGCCCAAAAGAACCCGACAGCTTTCTATCTCTGTGCCAGTAGTTTGGGAGATTACTCTGGAAACACCATATATTTTGGAGAG"	"CASSLGDYSGNTIYF"	"ACATCGGCCCAAAAGAACCCGACAGCTTTCTATCTCTGTGCCAGTAGTTTGGGAGATTACTCTGGAAACACCATATATTTTGGAGAG"	"CASSLGDYSGNTIYF"	"TCRBV19-1*1"	"TCRBD2-1*2"	"TCRBJ1-3*1"	48	50	55	59	2	4	NA	NA	"ACATCGGCCCAAAAGAACCCGACAGCTTTCTATCTCTGTGCCAGTAGTTTGGGAGATTACTCTGGAAACACCATATATTTTGGAGAG"	FALSE	TRUE	NA	NA	NA	NA
"CTGACTGTGAGCAACATGAGCCCTGAAGACAGCAGCATATATCTCTGCAGCGTTGGAGTTCCTAAGGATACGCAGTATTTTGGCCCA"	"CSVGVPKDTQYF"	"CTGACTGTGAGCAACATGAGCCCTGAAGACAGCAGCATATATCTCTGCAGCGTTGGAGTTCCTAAGGATACGCAGTATTTTGGCCCA"	"CSVGVPKDTQYF"	"TCRBV29-1"	"TCRBD2-1"	"TCRBJ2-3*1"	55	61	64	66	6	2	NA	NA	"CTGACTGTGAGCAACATGAGCCCTGAAGACAGCAGCATATATCTCTGCAGCGTTGGAGTTCCTAAGGATACGCAGTATTTTGGCCCA"	FALSE	TRUE	NA	NA	NA	NA
"CAGTCCACGGAGTCAGGGGACACAGCACTGTATTTCTGTGCCAGCAGCACAACCGGGACAGGGGGTGAAAAACTGTTTTTTGGCAGT"	"CASSTTGTGGEKLFF"	"CAGTCCACGGAGTCAGGGGACACAGCACTGTATTTCTGTGCCAGCAGCACAACCGGGACAGGGGGTGAAAAACTGTTTTTTGGCAGT"	"CASSTTGTGGEKLFF"	"TCRBV21-1*1"	"TCRBD1-1*1"	"TCRBJ1-4*1"	49	54	-1	65	5	66	NA	NA	"CAGTCCACGGAGTCAGGGGACACAGCACTGTATTTCTGTGCCAGCAGCACAACCGGGACAGGGGGTGAAAAACTGTTTTTTGGCAGT"	FALSE	TRUE	NA	NA	NA	NA
"GTGACCAGTGCCCATCCTGAAGACAGCAGCTTCTACATCTGCAGTGCTAAGGGACCGAGCTCCTACAATGAGCAGTTCTTCGGGCCA"	"CSAKGPSSYNEQFF"	"GTGACCAGTGCCCATCCTGAAGACAGCAGCTTCTACATCTGCAGTGCTAAGGGACCGAGCTCCTACAATGAGCAGTTCTTCGGGCCA"	"CSAKGPSSYNEQFF"	NA	NA	"TCRBJ2-1*1"	49	50	55	59	1	4	NA	NA	"GTGACCAGTGCCCATCCTGAAGACAGCAGCTTCTACATCTGCAGTGCTAAGGGACCGAGCTCCTACAATGAGCAGTTCTTCGGGCCA"	FALSE	TRUE	NA	NA	NA	NA
"GCACAGAGCGGGGGGACTCAGCCGTGTATCTCTGTGCCAGCAGCTTTCAGGCGGGACAACCCCTCCTACGAGCAGTACTTCGGGCCG"	""	"GCACAGAGCGGGGGGACTCAGCCGTGTATCTCTGTGCCAGCAGCTTTCAGGCGGGACAACCCCTCCTACGAGCAGTACTTCGGGCCG"	""	"TCRBV7-3*1"	NA	"TCRBJ2-7*1"	46	52	58	62	6	4	NA	NA	"GCACAGAGCGGGGGGACTCAGCCGTGTATCTCTGTGCCAGCAGCTTTCAGGCGGGACAACCCCTCCTACGAGCAGTACTTCGGGCCG"	FALSE	FALSE	NA	NA	NA	NA
"CTGGAGTCCGCCAGCACCAACCAGACATCTATGTACCTCTGTGCCAGCAGGTGGGGTCACTCCCTGGAGACCCAGTACTTCGGGCCA"	"CASRWGHSLETQYF"	"CTGGAGTCCGCCAGCACCAACCAGACATCTATGTACCTCTGTGCCAGCAGGTGGGGTCACTCCCTGGAGACCCAGTACTTCGGGCCA"	"CASRWGHSLETQYF"	"TCRBV28-1*1"	NA	"TCRBJ2-5*1"	50	52	56	66	2	10	NA	NA	"CTGGAGTCCGCCAGCACCAACCAGACATCTATGTACCTCTGTGCCAGCAGGTGGGGTCACTCCCTGGAGACCCAGTACTTCGGGCCA"	FALSE	TRUE	NA	NA	NA	NA
"TTGGTGACTCTGCTGTGTATTTCTGTGCCAGCAGCCAACTCGGACCGGACAGCAAGCTCCTATAATTCACCCCTCCACTTTGGGAAT"	""	"TTGGTGACTCTGCTGTGTATTTCTGTGCCAGCAGCCAACTCGGACCGGACAGCAAGCTCCTATAATTCACCCCTCCACTTTGGGAAT"	""	"TCRBV3-1/3-2*1"	"TCRBD1-1*1"	"TCRBJ1-6*1"	38	46	52	56	8	4	NA	NA	"TTGGTGACTCTGCTGTGTATTTCTGTGCCAGCAGCCAACTCGGACCGGACAGCAAGCTCCTATAATTCACCCCTCCACTTTGGGAAT"	FALSE	FALSE	NA	NA	NA	NA
"ACAGAGCAGGGGGACTCGGTCATGTATCTCTGTGCCAGCAGCTTAAAGTTAGCGGCGAGCTCCTACAATGAGCAGTTCTTCGGGCCA"	"CASSLKLAASSYNEQFF"	"ACAGAGCAGGGGGACTCGGTCATGTATCTCTGTGCCAGCAGCTTAAAGTTAGCGGCGAGCTCCTACAATGAGCAGTTCTTCGGGCCA"	"CASSLKLAASSYNEQFF"	"TCRBV7-9*1"	"TCRBD2-1"	"TCRBJ2-1*1"	45	49	55	59	4	4	NA	NA	"ACAGAGCAGGGGGACTCGGTCATGTATCTCTGTGCCAGCAGCTTAAAGTTAGCGGCGAGCTCCTACAATGAGCAGTTCTTCGGGCCA"	FALSE	TRUE	NA	NA	NA	NA
"AAGAAGCTCCTTCTCAGTGACTCTGGCTTCTATCTCTGTGCCTGGAGAATAGAGGGGGAGTGGTCGAATGAGCAGTTCTTCGGGCCA"	"CAWRIEGEWSNEQFF"	"AAGAAGCTCCTTCTCAGTGACTCTGGCTTCTATCTCTGTGCCTGGAGAATAGAGGGGGAGTGGTCGAATGAGCAGTTCTTCGGGCCA"	"CAWRIEGEWSNEQFF"	"TCRBV3-1*1"	"TCRBD1-1*1"	"TCRBJ2-1*1"	47	52	58	66	5	8	NA	NA	"AAGAAGCTCCTTCTCAGTGACTCTGGCTTCTATCTCTGTGCCTGGAGAATAGAGGGGGAGTGGTCGAATGAGCAGTTCTTCGGGCCA"	FALSE	TRUE	NA	NA	NA	NA
"GTGAGCACCTTGGAGCTGGGGGACTCGGCCCTTTATCTTTGCGCCAGCAGGAACCCAGCAGCGGGCTACGAGCAGTACTTCGGGCCG"	"CASRNPAAGYEQYF"	"GTGAGCACCTTGGAGCTGGGGGACTCGGCCCTTTATCTTTGCGCCAGCAGGAACCCAGCAGCGGGCTACGAGCAGTACTTCGGGCCG"	"CASRNPAAGYEQYF"	"TCRBV5-1*1"	"TCRBD2-1"	"TCRBJ2-7*1"	50	59	-1	65	9	66	NA	NA	"GTGAGCACCTTGGAGCTGGGGGACTCGGCCCTTTATCTTTGCGCCAGCAGGAACCCAGCAGCGGGCTACGAGCAGTACTTCGGGCCG"	FALSE	TRUE	NA	NA	NA	NA
"GTGACATCGGCCCAAAAGAACCCGACAGCTTTCTATCTCTGTGCCAGTAGTATCGGGACCAGGAGCACTGAAGCTTTCTTTGGACAA"	"CASSIGTRSTEAFF"	"GTGACATCGGCCCAAAAGAACCCGACAGCTTTCTATCTCTGTGCCAGTAGTATCGGGACCAGGAGCACTGAAGCTTTCTTTGGACAA"	"CASSIGTRSTEAFF"	"TCRBV19-1*1"	NA	"TCRBJ1-1*1"	53	54	59	65	1	6	NA	NA	"GTGACATCGGCCCAAAAGAACCCGACAGCTTTCTATCTCTGTGCCAGTAGTATCGGGACCAGGAGCACTGAAGCTTTCTTTGGACAA"	FALSE	TRUE	NA	NA	NA	NA
"TCGCCCAGCCCCAACCAGACCTCTCTGTACTTCTGTGCCAGCAGTTTATCTCGGACAGGGGAGGGGTATGGCTACACCTTCGGTTCG"	"CASSLSRTGEGYGYTF"	"TCGCCCAGCCCCAACCAGACCTCTCTGTACTTCTGTGCCAGCAGTTTATCTCGGACAGGGGAGGGGTATGGCTACACCTTCGGTTCG"	"CASSLSRTGEGYGYTF"	"TCRBV27-1*1"	"TCRBD1-1*1"	"TCRBJ1-2*1"	50	52	61	66	2	5	NA	NA	"TCGCCCAGCCCCAACCAGACCTCTCTGTACTTCTGTGCCAGCAGTTTATCTCGGACAGGGGAGGGGTATGGCTACACCTTCGGTTCG"	FALSE	TRUE	NA	NA	NA	NA
"AGTGCCCATCCTGAAGACAGCAGCTTCTACATCTGCAGTGCCAGCCTCTCTAGCGGGGGTAGCTCCTACGAGCAGTACTTCGGGCCG"	"CSASLSSGGSSYEQYF"	"AGTGCCCATCCTGAAGACAGCAGCTTCTACATCTGCAGTGCCAGCCTCTCTAGCGGGGGTAGCTCCTACGAGCAGTACTTCGGGCCG"	"CSASLSSGGSSYEQYF"	NA	"TCRBD2-1*1"	"TCRBJ2-7*1"	41	49	59	62	8	3	NA	NA	"AGTGCCCATCCTGAAGACAGCAGCTTCTACATCTGCAGTGCCAGCCTCTCTAGCGGGGGTAGCTCCTACGAGCAGTACTTCGGGCCG"	FALSE	TRUE	NA	NA	NA	NA
"ATTCTGGAGTCCGCCAGCACCAACCAGACATCTATGTACCTCTGTGCCAGCAGTTTTAGGGGGAATCAGCCCCAGCATTTTGGTGAT"	"CASSFRGNQPQHF"	"ATTCTGGAGTCCGCCAGCACCAACCAGACATCTATGTACCTCTGTGCCAGCAGTTTTAGGGGGAATCAGCCCCAGCATTTTGGTGAT"	"CASSFRGNQPQHF"	"TCRBV28-1*1"	"TCRBD1-1*1"	"TCRBJ1-5*1"	56	57	-1	63	1	64	NA	NA	"ATTCTGGAGTCCGCCAGCACCAACCAGACATCTATGTACCTCTGTGCCAGCAGTTTTAGGGGGAATCAGCCCCAGCATTTTGGTGAT"	FALSE	TRUE	NA	NA	NA	NA
"ACTCTGGAGTCCGCTACCAGCTCCCAGACATCTGTGTACTTCTGTGCCACCCTCCCGAACGCTAACTATGGCTACACCTTCGGTTCG"	"CATLPNANYGYTF"	"ACTCTGGAGTCCGCTACCAGCTCCCAGACATCTGTGTACTTCTGTGCCACCCTCCCGAACGCTAACTATGGCTACACCTTCGGTTCG"	"CATLPNANYGYTF"	"TCRBV1-3*1"	NA	"TCRBJ1-2*1"	49	56	58	61	7	3	NA	NA	"ACTCTGGAGTCCGCTACCAGCTCCCAGACATCTGTGTACTTCTGTGCCACCCTCCCGAACGCTAACTATGGCTACACCTTCGGTTCG"	FALSE	TRUE	NA	NA	NA	NA
"TCGCCCAGCCCCAACCAGACCTCTCTGTACTTCTGTGCCAGCAGAACTCCGTCCAGGACTTCCCATTACGAGCAGTACTTCGGGCCG"	"CASRTPSRTSHYEQYF"	"TCGCCCAGCCCCAACCAGACCTCTCTGTACTTCTGTGCCAGCAGAACTCCGTCCAGGACTTCCCATTACGAGCAGTACTTCGGGCCG"	"CASRTPSRTSHYEQYF"	"TCRBV27-1*1"	"TCRBD2-1"	"TCRBJ2-7*1"	44	55	60	66	11	6	NA	NA	"TCGCCCAGCCCCAACCAGACCTCTCTGTACTTCTGTGCCAGCAGAACTCCGTCCAGGACTTCCCATTACGAGCAGTACTTCGGGCCG"	FALSE	TRUE	NA	NA	NA	NA
"CACCTACACGCCCTGCAGCCAGAAGACTCAGCCCTGTATCTCTGCGCCAGCAGCCAACCACAGGAGCACGAGCAGTACTTCGGGCCG"	"CASSQPQEHEQYF"	"CACCTACACGCCCTGCAGCCAGAAGACTCAGCCCTGTATCTCTGCGCCAGCAGCCAACCACAGGAGCACGAGCAGTACTTCGGGCCG"	"CASSQPQEHEQYF"	"TCRBV4-1*1"	"TCRBD1-1*1"	"TCRBJ2-7*1"	57	59	64	67	2	3	NA	NA	"CACCTACACGCCCTGCAGCCAGAAGACTCAGCCCTGTATCTCTGCGCCAGCAGCCAACCACAGGAGCACGAGCAGTACTTCGGGCCG"	FALSE	TRUE	NA	NA	NA	NA
"CAGCGCACAGAGCAGGAGGACTCCGCCGTGTATCTCTGTGCCAGCAGCCCACCCGAAGGGACTAACAATGAGCAGTTCTTCGGGCCA"	"CASSPPEGTNNEQFF"	"CAGCGCACAGAGCAGGAGGACTCCGCCGTGTATCTCTGTGCCAGCAGCCCACCCGAAGGGACTAACAATGAGCAGTTCTTCGGGCCA"	"CASSPPEGTNNEQFF"	"TCRBV7-8*3"	"TCRBD2-1"	"TCRBJ2-1*1"	49	57	-1	64	8	65	NA	NA	"CAGCGCACAGAGCAGGAGGACTCCGCCGTGTATCTCTGTGCCAGCAGCCCACCCGAAGGGACTAACAATGAGCAGTTCTTCGGGCCA"	FALSE	TRUE	NA	NA	NA	NA
"CGGTCCACAAAGCTGGAGGACTCAGCCATGTACTTCTGTGCCAGCAGCGATATGAAGGGGCCCACAGATACGCAGTATTTTGGCCCA"	"CASSDMKGPTDTQYF"	"CGGTCCACAAAGCTGGAGGACTCAGCCATGTACTTCTGTGCCAGCAGCGATATGAAGGGGCCCACAGATACGCAGTATTTTGGCCCA"	"CASSDMKGPTDTQYF"	"TCRBV2-1"	"TCRBD1-1*1"	"TCRBJ2-3*1"	47	55	60	62	8	2	NA	NA	"CGGTCCACAAAGCTGGAGGACTCAGCCATGTACTTCTGTGCCAGCAGCGATATGAAGGGGCCCACAGATACGCAGTATTTTGGCCCA"	FALSE	TRUE	NA	NA	NA	NA
"AGCACCTTGGAGCTGGGGGACTCGGCCCTTTATCTTTGCGCCAGCAGTGACTCCGGGACTAGCATCTACGAGCAGTACTTCGGGCCG"	"CASSDSGTSIYEQYF"	"AGCACCTTGGAGCTGGGGGACTCGGCCCTTTATCTTTGCGCCAGCAGTGACTCCGGGACTAGCATCTACGAGCAGTACTTCGGGCCG"	"CASSDSGTSIYEQYF"	"TCRBV5-1*1"	"TCRBD2-1"	"TCRBJ2-7*1"	47	54	63	65	7	2	NA	NA	"AGCACCTTGGAGCTGGGGGACTCGGCCCTTTATCTTTGCGCCAGCAGTGACTCCGGGACTAGCATCTACGAGCAGTACTTCGGGCCG"	FALSE	TRUE	NA	NA	NA	NA
"NNNNNNNNNNTGTCGGCTGCTCCCTCCCAAACATCTGTGTACTTCTGTGCCAGCAGTTCCCAAAGGGGCGAGCAGTACTTCGGGCCG"	"CASSSQRGEQYF"	"NNNNNNNNNNTGTCGGCTGCTCCCTCCCAAACATCTGTGTACTTCTGTGCCAGCAGTTCCCAAAGGGGCGAGCAGTACTTCGGGCCG"	"CASSSQRGEQYF"	"TCRBV6-2/6-3*1"	"TCRBD1-1*1"	"TCRBJ2-7*1"	58	63	-1	68	5	69	NA	NA	"NNNNNNNNNNTGTCGGCTGCTCCCTCCCAAACATCTGTGTACTTCTGTGCCAGCAGTTCCCAAAGGGGCGAGCAGTACTTCGGGCCG"	FALSE	TRUE	NA	NA	NA	NA
"CTGATTCTGGAGTCCGCCAGCACCAACCAGACATCTATGTACCTCTGTGCCAGCAGTTCCCCTCCGAATGAGCAGTACTTCGGGCCG"	"CASSSPPNEQYF"	"CTGATTCTGGAGTCCGCCAGCACCAACCAGACATCTATGTACCTCTGTGCCAGCAGTTCCCCTCCGAATGAGCAGTACTTCGGGCCG"	"CASSSPPNEQYF"	"TCRBV28-1*1"	NA	"TCRBJ2-7*1"	58	65	67	69	7	2	NA	NA	"CTGATTCTGGAGTCCGCCAGCACCAACCAGACATCTATGTACCTCTGTGCCAGCAGTTCCCCTCCGAATGAGCAGTACTTCGGGCCG"	FALSE	TRUE	NA	NA	NA	NA
"ACACAGCAGGAGGACTCCGCCGTGTATCTCTGTGCCAGCAGCCCGCGTGGGGGGGGACAGGGGTTTCAGCCCCAGCATTTTGGTGAT"	"CASSPRGGGQGFQPQHF"	"ACACAGCAGGAGGACTCCGCCGTGTATCTCTGTGCCAGCAGCCCGCGTGGGGGGGGACAGGGGTTTCAGCCCCAGCATTTTGGTGAT"	"CASSPRGGGQGFQPQHF"	"TCRBV7-8*3"	"TCRBD1-1*1"	"TCRBJ1-5*1"	43	53	63	65	10	2	NA	NA	"ACACAGCAGGAGGACTCCGCCGTGTATCTCTGTGCCAGCAGCCCGCGTGGGGGGGGACAGGGGTTTCAGCCCCAGCATTTTGGTGAT"	FALSE	TRUE	NA	NA	NA	NA
"GAAGACAGCAGCTTCTACATCTGCAGTGCTAGAGACCTCCGACCGGGACAGGGGACTCATAGCAATCAGCCCCAGCATTTTGGTGAT"	"CSARDLRPGQGTHSNQPQHF"	"GAAGACAGCAGCTTCTACATCTGCAGTGCTAGAGACCTCCGACCGGGACAGGGGACTCATAGCAATCAGCCCCAGCATTTTGGTGAT"	"CSARDLRPGQGTHSNQPQHF"	NA	"TCRBD1-1*1"	"TCRBJ1-5*1"	35	44	54	59	9	5	NA	NA	"GAAGACAGCAGCTTCTACATCTGCAGTGCTAGAGACCTCCGACCGGGACAGGGGACTCATAGCAATCAGCCCCAGCATTTTGGTGAT"	FALSE	TRUE	NA	NA	NA	NA
"ATCCAGCCTGCAGAGCTTGGGGACTCGGCCGTGTATCTCTGTGCCAGCAGCCGCAGGGACCTATTAGGGGAGCTGTTTTTTGGAGAA"	"CASSRRDLLGELFF"	"ATCCAGCCTGCAGAGCTTGGGGACTCGGCCGTGTATCTCTGTGCCAGCAGCCGCAGGGACCTATTAGGGGAGCTGTTTTTTGGAGAA"	"CASSRRDLLGELFF"	"TCRBV11-3*1"	NA	"TCRBJ2-2*1"	51	55	60	66	4	6	NA	NA	"ATCCAGCCTGCAGAGCTTGGGGACTCGGCCGTGTATCTCTGTGCCAGCAGCCGCAGGGACCTATTAGGGGAGCTGTTTTTTGGAGAA"	FALSE	TRUE	NA	NA	NA	NA
"CAGCGCACACAGCAGGAGGACTCCGCCGTGTATCTCTGTGCCAGCAGCCCGCTTTCTGGGACCACGTACGAGCAGTACTTCGGGCCG"	"CASSPLSGTTYEQYF"	"CAGCGCACACAGCAGGAGGACTCCGCCGTGTATCTCTGTGCCAGCAGCCCGCTTTCTGGGACCACGTACGAGCAGTACTTCGGGCCG"	"CASSPLSGTTYEQYF"	"TCRBV7-8*3"	NA	"TCRBJ2-7*1"	49	57	62	66	8	4	NA	NA	"CAGCGCACACAGCAGGAGGACTCCGCCGTGTATCTCTGTGCCAGCAGCCCGCTTTCTGGGACCACGTACGAGCAGTACTTCGGGCCG"	FALSE	TRUE	NA	NA	NA	NA
"TCAGAACCCAGGGACTCAGCTGTGTACTTCTGTGCCAGCAGTTTAGATAGGAGAGCCGGGACAAAGGAGACCCAGTACTTCGGGCCA"	"CASSLDRRAGTKETQYF"	"TCAGAACCCAGGGACTCAGCTGTGTACTTCTGTGCCAGCAGTTTAGATAGGAGAGCCGGGACAAAGGAGACCCAGTACTTCGGGCCA"	"CASSLDRRAGTKETQYF"	NA	"TCRBD1-1*1"	"TCRBJ2-5*1"	46	57	63	66	11	3	NA	NA	"TCAGAACCCAGGGACTCAGCTGTGTACTTCTGTGCCAGCAGTTTAGATAGGAGAGCCGGGACAAAGGAGACCCAGTACTTCGGGCCA"	FALSE	TRUE	NA	NA	NA	NA
"ATCCAGCGCACAGAGCGGGGGGACTCAGCCGTGTATCTCTGTGCCAGCAGCTTAATGGGGGGACAAGAGACCCAGTACTTCGGGCCA"	"CASSLMGGQETQYF"	"ATCCAGCGCACAGAGCGGGGGGACTCAGCCGTGTATCTCTGTGCCAGCAGCTTAATGGGGGGACAAGAGACCCAGTACTTCGGGCCA"	"CASSLMGGQETQYF"	"TCRBV7-3*1"	"TCRBD2-1*1"	"TCRBJ2-5*1"	55	56	62	63	1	1	NA	NA	"ATCCAGCGCACAGAGCGGGGGGACTCAGCCGTGTATCTCTGTGCCAGCAGCTTAATGGGGGGACAAGAGACCCAGTACTTCGGGCCA"	FALSE	TRUE	NA	NA	NA	NA
"AATGTGAGCACCTTGGAGCTGGGGGACTCGGCCCTTTATCTTTGCGCCAGCAGCTCCGACCTCACAGATACGCAGTATTTTGGCCCA"	"CASSSDLTDTQYF"	"AATGTGAGCACCTTGGAGCTGGGGGACTCGGCCCTTTATCTTTGCGCCAGCAGCTCCGACCTCACAGATACGCAGTATTTTGGCCCA"	"CASSSDLTDTQYF"	"TCRBV5-1*1"	NA	"TCRBJ2-3*1"	55	57	60	62	2	2	NA	NA	"AATGTGAGCACCTTGGAGCTGGGGGACTCGGCCCTTTATCTTTGCGCCAGCAGCTCCGACCTCACAGATACGCAGTATTTTGGCCCA"	FALSE	TRUE	NA	NA	NA	NA
"CAGCAGGTAGTGCGAGGAGATTCGGCAGCTTATTTCTGTGCCAGCTCACCAAATACAGCCGACACCGGGGAGCTGTTTTTTGGAGAA"	"CASSPNTADTGELFF"	"CAGCAGGTAGTGCGAGGAGATTCGGCAGCTTATTTCTGTGCCAGCTCACCAAATACAGCCGACACCGGGGAGCTGTTTTTTGGAGAA"	"CASSPNTADTGELFF"	"TCRBV18-1*1"	"TCRBD1-1*1"	"TCRBJ2-2*1"	51	54	58	61	3	3	NA	NA	"CAGCAGGTAGTGCGAGGAGATTCGGCAGCTTATTTCTGTGCCAGCTCACCAAATACAGCCGACACCGGGGAGCTGTTTTTTGGAGAA"	FALSE	TRUE	NA	NA	NA	NA
"AAGATCCAGCCTGCAGAGCTTGGGGACTCGGCCGTGTATCTCTGTGCCAGCAGCCGGCGTAGCAATCAGCCCCAGCATTTTGGTGAT"	"CASSRRSNQPQHF"	"AAGATCCAGCCTGCAGAGCTTGGGGACTCGGCCGTGTATCTCTGTGCCAGCAGCCGGCGTAGCAATCAGCCCCAGCATTTTGGTGAT"	"CASSRRSNQPQHF"	"TCRBV11-3*1"	NA	"TCRBJ1-5*1"	54	55	58	59	1	1	NA	NA	"AAGATCCAGCCTGCAGAGCTTGGGGACTCGGCCGTGTATCTCTGTGCCAGCAGCCGGCGTAGCAATCAGCCCCAGCATTTTGGTGAT"	FALSE	TRUE	NA	NA	NA	NA
"ACCAGTGCCCATCCTGAAGACAGCAGCTTCTACATCTGCAGTGCTACCACAGGGGGCTTTGTTTCAGAGACCCAGTACTTCGGGCCA"	"CSATTGGFVSETQYF"	"ACCAGTGCCCATCCTGAAGACAGCAGCTTCTACATCTGCAGTGCTACCACAGGGGGCTTTGTTTCAGAGACCCAGTACTTCGGGCCA"	"CSATTGGFVSETQYF"	NA	"TCRBD1-1*1"	"TCRBJ2-5*1"	46	48	57	65	2	8	NA	NA	"ACCAGTGCCCATCCTGAAGACAGCAGCTTCTACATCTGCAGTGCTACCACAGGGGGCTTTGTTTCAGAGACCCAGTACTTCGGGCCA"	FALSE	TRUE	NA	NA	NA	NA
"GGCTGCTCCCTCCCAGACATCTGTGTACTTCTGTGCCAGCAGTTACTATACAGGGGCCGCCGCAATCAGCCCCAGCATTTTGGTGAT"	""	"GGCTGCTCCCTCCCAGACATCTGTGTACTTCTGTGCCAGCAGTTACTATACAGGGGCCGCCGCAATCAGCCCCAGCATTTTGGTGAT"	""	NA	"TCRBD1-1*1"	"TCRBJ1-5*1"	47	49	56	61	2	5	NA	NA	"GGCTGCTCCCTCCCAGACATCTGTGTACTTCTGTGCCAGCAGTTACTATACAGGGGCCGCCGCAATCAGCCCCAGCATTTTGGTGAT"	FALSE	FALSE	NA	NA	NA	NA
"GCTTTCTATCTCTGTGCCAGTAGTATAGAGGCGTGGGCAGGGGAAAGTTATTCACGCTCAGCCTCCTACGAGCAGTACTTCGGGCCG"	"CASSIEAWAGESYSRSASYEQYF"	"GCTTTCTATCTCTGTGCCAGTAGTATAGAGGCGTGGGCAGGGGAAAGTTATTCACGCTCAGCCTCCTACGAGCAGTACTTCGGGCCG"	"CASSIEAWAGESYSRSASYEQYF"	"TCRBV19-1*1"	"TCRBD1-1*1"	"TCRBJ2-7*1"	29	37	43	62	8	19	NA	NA	"GCTTTCTATCTCTGTGCCAGTAGTATAGAGGCGTGGGCAGGGGAAAGTTATTCACGCTCAGCCTCCTACGAGCAGTACTTCGGGCCG"	FALSE	TRUE	NA	NA	NA	NA
"GTGACCAGTGCCCATCCTGAAGACAGCAGCTTCTACATCTGCAGTGCTAGTTTCCAGGCGAGAGCCTACGAGCAGTACTTCGGGCCG"	"CSASFQARAYEQYF"	"GTGACCAGTGCCCATCCTGAAGACAGCAGCTTCTACATCTGCAGTGCTAGTTTCCAGGCGAGAGCCTACGAGCAGTACTTCGGGCCG"	"CSASFQARAYEQYF"	"TCRBV2-1*4"	"TCRBD1-1*1"	"TCRBJ2-7*1"	51	54	58	64	3	6	NA	NA	"GTGACCAGTGCCCATCCTGAAGACAGCAGCTTCTACATCTGCAGTGCTAGTTTCCAGGCGAGAGCCTACGAGCAGTACTTCGGGCCG"	FALSE	TRUE	NA	NA	NA	NA
"GAACCCAGGGACTCAGCTGTGTATTTTTGTGCTAGTGGTTTGTGAGGGAGGGCCCCCCAACCCTTTTACGAGCAGTACTTCGGGCCG"	"CASGL*GRAPQPFYEQYF"	"GAACCCAGGGACTCAGCTGTGTATTTTTGTGCTAGTGGTTTGTGAGGGAGGGCCCCCCAACCCTTTTACGAGCAGTACTTCGGGCCG"	"CASGL*GRAPQPFYEQYF"	"TCRBV12-5*1"	"TCRBD2-1*2"	"TCRBJ2-7*1"	42	45	52	66	3	14	NA	NA	"GAACCCAGGGACTCAGCTGTGTATTTTTGTGCTAGTGGTTTGTGAGGGAGGGCCCCCCAACCCTTTTACGAGCAGTACTTCGGGCCG"	FALSE	TRUE	NA	NA	NA	NA
"NNNNTGTCGGCTGCTCCCTCCCAAACATCTGTGTACTTCTGTGCCAGCAGGCTAGACGGGGGGAACCAGCCCCAGCATTTTGGTGAT"	"CASRLDGGNQPQHF"	"NNNNTGTCGGCTGCTCCCTCCCAAACATCTGTGTACTTCTGTGCCAGCAGGCTAGACGGGGGGAACCAGCCCCAGCATTTTGGTGAT"	"CASRLDGGNQPQHF"	NA	"TCRBD2-1*1"	"TCRBJ1-5*1"	50	56	63	66	6	3	NA	NA	"NNNNTGTCGGCTGCTCCCTCCCAAACATCTGTGTACTTCTGTGCCAGCAGGCTAGACGGGGGGAACCAGCCCCAGCATTTTGGTGAT"	FALSE	TRUE	NA	NA	NA	NA
"NNNNTGAAGATCCAGCCCTCAGAACCCAGGGACTCAGCTGTGTACTTCTGTGCCAGCAGTTTGGTTGCCGAGCAGTACTTCGGGCCG"	"CASSLVAEQYF"	"NNNNTGAAGATCCAGCCCTCAGAACCCAGGGACTCAGCTGTGTACTTCTGTGCCAGCAGTTTGGTTGCCGAGCAGTACTTCGGGCCG"	"CASSLVAEQYF"	"TCRBV12-3/12-4*1"	NA	"TCRBJ2-7*1"	-1	62	64	68	63	4	NA	NA	"NNNNTGAAGATCCAGCCCTCAGAACCCAGGGACTCAGCTGTGTACTTCTGTGCCAGCAGTTTGGTTGCCGAGCAGTACTTCGGGCCG"	FALSE	TRUE	NA	NA	NA	NA
"TGTCCACTCTGACAGTGACCAGTGCCCATCCTGAAGACAGCAGCTTCTACATCTGCAGTGCTAGACCAGGGGGAGTACTTCGGGCCG"	""	"TGTCCACTCTGACAGTGACCAGTGCCCATCCTGAAGACAGCAGCTTCTACATCTGCAGTGCTAGACCAGGGGGAGTACTTCGGGCCG"	""	"TCRBV2-1*1"	"TCRBD1-1*1"	"TCRBJ2-7*1"	65	66	-1	73	1	74	NA	NA	"TGTCCACTCTGACAGTGACCAGTGCCCATCCTGAAGACAGCAGCTTCTACATCTGCAGTGCTAGACCAGGGGGAGTACTTCGGGCCG"	FALSE	FALSE	NA	NA	NA	NA
"NTGTCGGCTGCTCCCTCCCAGACATCTGTGTACTTCTGTGCCAGCAGTAAAACCGGGACAGGCGTTTACGAGCAGTACTTCGGGCCG"	"CASSKTGTGVYEQYF"	"NTGTCGGCTGCTCCCTCCCAGACATCTGTGTACTTCTGTGCCAGCAGTAAAACCGGGACAGGCGTTTACGAGCAGTACTTCGGGCCG"	"CASSKTGTGVYEQYF"	"TCRBV6-5*1"	"TCRBD1-1*1"	"TCRBJ2-7*1"	48	54	62	66	6	4	NA	NA	"NTGTCGGCTGCTCCCTCCCAGACATCTGTGTACTTCTGTGCCAGCAGTAAAACCGGGACAGGCGTTTACGAGCAGTACTTCGGGCCG"	FALSE	TRUE	NA	NA	NA	NA
"GCCCATCCTGAAGACAGCAGCTTCTACATCTGCAGTGCTAGAGAGACACCGGGACTAGCGGCTACCTACGAGCAGTACTTCGGGCCG"	"CSARETPGLAATYEQYF"	"GCCCATCCTGAAGACAGCAGCTTCTACATCTGCAGTGCTAGAGAGACACCGGGACTAGCGGCTACCTACGAGCAGTACTTCGGGCCG"	"CSARETPGLAATYEQYF"	NA	"TCRBD2-1"	"TCRBJ2-7*1"	44	50	61	64	6	3	NA	NA	"GCCCATCCTGAAGACAGCAGCTTCTACATCTGCAGTGCTAGAGAGACACCGGGACTAGCGGCTACCTACGAGCAGTACTTCGGGCCG"	FALSE	TRUE	NA	NA	NA	NA
"ATCCTGGAGTCGCCCAGCCCCAACCAGACCTCTCTGTACTTCTGTGCCAGCAGTTTTAGCGGCAATCAGCCCCAGCATTTTGGTGAT"	"CASSFSGNQPQHF"	"ATCCTGGAGTCGCCCAGCCCCAACCAGACCTCTCTGTACTTCTGTGCCAGCAGTTTTAGCGGCAATCAGCCCCAGCATTTTGGTGAT"	"CASSFSGNQPQHF"	"TCRBV27-1*1"	"TCRBD2-1"	"TCRBJ1-5*1"	-1	56	-1	61	57	62	NA	NA	"ATCCTGGAGTCGCCCAGCCCCAACCAGACCTCTCTGTACTTCTGTGCCAGCAGTTTTAGCGGCAATCAGCCCCAGCATTTTGGTGAT"	FALSE	TRUE	NA	NA	NA	NA
"GTCGCCCAGCCCCAACCAGACCTCTCTGTACTTCTGTGCCAGCAGTGGACAGGTCATTGGGCCAAAAACATTCAGTACTTCGGCGCC"	""	"GTCGCCCAGCCCCAACCAGACCTCTCTGTACTTCTGTGCCAGCAGTGGACAGGTCATTGGGCCAAAAACATTCAGTACTTCGGCGCC"	""	"TCRBV27-1*1"	"TCRBD1-1*1"	"TCRBJ2-4*1"	-1	46	53	60	47	7	NA	NA	"GTCGCCCAGCCCCAACCAGACCTCTCTGTACTTCTGTGCCAGCAGTGGACAGGTCATTGGGCCAAAAACATTCAGTACTTCGGCGCC"	FALSE	FALSE	NA	NA	NA	NA
"CTTGGTGACTCTGCTGTGTATTTCTGTGCCAGCAGCCCAGAGGGACTAGCGGGAGTGTAGGCCTACAATGAGCAGTTCTTCGGGCCA"	"CASSPEGLAGV*AYNEQFF"	"CTTGGTGACTCTGCTGTGTATTTCTGTGCCAGCAGCCCAGAGGGACTAGCGGGAGTGTAGGCCTACAATGAGCAGTTCTTCGGGCCA"	"CASSPEGLAGV*AYNEQFF"	"TCRBV3-1/3-2*1"	"TCRBD2-1*2"	"TCRBJ2-1*1"	-1	41	55	61	42	6	NA	NA	"CTTGGTGACTCTGCTGTGTATTTCTGTGCCAGCAGCCCAGAGGGACTAGCGGGAGTGTAGGCCTACAATGAGCAGTTCTTCGGGCCA"	FALSE	TRUE	NA	NA	NA	NA
"CAGAACCCAGGGACTCAGCTGTGTATTTTTGTGCTAACCGGGACAGGTAACTAGCGGGAGGTATACAATGAGCAGTTCTTCGGGCCA"	""	"CAGAACCCAGGGACTCAGCTGTGTATTTTTGTGCTAACCGGGACAGGTAACTAGCGGGAGGTATACAATGAGCAGTTCTTCGGGCCA"	""	"TCRBV12-5*1"	"TCRBD2-1*2"	"TCRBJ2-1*1"	36	49	61	63	13	2	NA	NA	"CAGAACCCAGGGACTCAGCTGTGTATTTTTGTGCTAACCGGGACAGGTAACTAGCGGGAGGTATACAATGAGCAGTTCTTCGGGCCA"	FALSE	FALSE	NA	NA	NA	NA
"TCTGCCATCCCCAACCAGACAGCTCTTTACTTCTGTGCCACCAGTGGTCAGGAAGGGAGGATTTTCGAGACCCAGTACTTCGGGCCA"	"CATSGQEGRIFETQYF"	"TCTGCCATCCCCAACCAGACAGCTCTTTACTTCTGTGCCACCAGTGGTCAGGAAGGGAGGATTTTCGAGACCCAGTACTTCGGGCCA"	"CATSGQEGRIFETQYF"	"TCRBV24-1*1"	"TCRBD2-1*2"	"TCRBJ2-5*1"	46	54	60	66	8	6	NA	NA	"TCTGCCATCCCCAACCAGACAGCTCTTTACTTCTGTGCCACCAGTGGTCAGGAAGGGAGGATTTTCGAGACCCAGTACTTCGGGCCA"	FALSE	TRUE	NA	NA	NA	NA
"AGCCTGCAGAGCTTGGGGACTCGGCCGTGTATCTCTGTGCCAGCAGCGTCGACAGGGGAGCAAACCGGGGAGCTGTTTTTTGGAGAA"	""	"AGCCTGCAGAGCTTGGGGACTCGGCCGTGTATCTCTGTGCCAGCAGCGTCGACAGGGGAGCAAACCGGGGAGCTGTTTTTTGGAGAA"	""	"TCRBV11-3*1"	"TCRBD1-1*1"	"TCRBJ2-2*1"	47	50	58	63	3	5	NA	NA	"AGCCTGCAGAGCTTGGGGACTCGGCCGTGTATCTCTGTGCCAGCAGCGTCGACAGGGGAGCAAACCGGGGAGCTGTTTTTTGGAGAA"	FALSE	FALSE	NA	NA	NA	NA
"TCGCCCAGCCCCAACCAGACCTCTCTGTACTTCTGTGCCAGCAGTTTATCGGTATTGTGGGGGAACACTGAAGCTTTCTTTGGACAA"	"CASSLSVLWGNTEAFF"	"TCGCCCAGCCCCAACCAGACCTCTCTGTACTTCTGTGCCAGCAGTTTATCGGTATTGTGGGGGAACACTGAAGCTTTCTTTGGACAA"	"CASSLSVLWGNTEAFF"	"TCRBV27-1*1"	NA	"TCRBJ1-1*1"	50	58	-1	62	8	63	NA	NA	"TCGCCCAGCCCCAACCAGACCTCTCTGTACTTCTGTGCCAGCAGTTTATCGGTATTGTGGGGGAACACTGAAGCTTTCTTTGGACAA"	FALSE	TRUE	NA	NA	NA	NA
"NTGTCGGCTGCTCCCTCCCAGACATCTGTGTACTTCTGTGCCAGCAGTGAAGAAGGGACAGGGTACTACGAGCAGTACTTCGGGCCG"	"CASSEEGTGYYEQYF"	"NTGTCGGCTGCTCCCTCCCAGACATCTGTGTACTTCTGTGCCAGCAGTGAAGAAGGGACAGGGTACTACGAGCAGTACTTCGGGCCG"	"CASSEEGTGYYEQYF"	"TCRBV6-1*1"	"TCRBD1-1*1"	"TCRBJ2-7*1"	52	54	63	65	2	2	NA	NA	"NTGTCGGCTGCTCCCTCCCAGACATCTGTGTACTTCTGTGCCAGCAGTGAAGAAGGGACAGGGTACTACGAGCAGTACTTCGGGCCG"	FALSE	TRUE	NA	NA	NA	NA
"GCACCTTGGAGCTGGGGGACTCGGCCCTTTATCTTTGCGCCAGCAGACGGACAGGGGATAGCCAAAAACATTCAGTACTTCGGCGCC"	""	"GCACCTTGGAGCTGGGGGACTCGGCCCTTTATCTTTGCGCCAGCAGACGGACAGGGGATAGCCAAAAACATTCAGTACTTCGGCGCC"	""	"TCRBV5-1*1"	"TCRBD1-1*1"	"TCRBJ2-4*1"	46	48	57	59	2	2	NA	NA	"GCACCTTGGAGCTGGGGGACTCGGCCCTTTATCTTTGCGCCAGCAGACGGACAGGGGATAGCCAAAAACATTCAGTACTTCGGCGCC"	FALSE	FALSE	NA	NA	NA	NA
"TCGCCCAGCCCCAACCAGACCTCTCTGTACTTCTGTGCCAGCAGTTTGGAAGCGGGAGGACCCACAGATACGCAGTATTTTGGCCCA"	"CASSLEAGGPTDTQYF"	"TCGCCCAGCCCCAACCAGACCTCTCTGTACTTCTGTGCCAGCAGTTTGGAAGCGGGAGGACCCACAGATACGCAGTATTTTGGCCCA"	"CASSLEAGGPTDTQYF"	"TCRBV27-1*1"	"TCRBD2-1*2"	"TCRBJ2-3*1"	47	50	59	62	3	3	NA	NA	"TCGCCCAGCCCCAACCAGACCTCTCTGTACTTCTGTGCCAGCAGTTTGGAAGCGGGAGGACCCACAGATACGCAGTATTTTGGCCCA"	FALSE	TRUE	NA	NA	NA	NA
"GAACTAAACCTGAGCTCTCTGGAGCTGGGGGACTCAGCTTTGTATTTCTGTGCCAGCAGCTTACACGATGAGCAGTTCTTCGGGCCA"	"CASSLHDEQFF"	"GAACTAAACCTGAGCTCTCTGGAGCTGGGGGACTCAGCTTTGTATTTCTGTGCCAGCAGCTTACACGATGAGCAGTTCTTCGGGCCA"	"CASSLHDEQFF"	"TCRBV9-1*1"	"TCRBD1-1*1"	"TCRBJ2-1*1"	60	62	65	67	2	2	NA	NA	"GAACTAAACCTGAGCTCTCTGGAGCTGGGGGACTCAGCTTTGTATTTCTGTGCCAGCAGCTTACACGATGAGCAGTTCTTCGGGCCA"	FALSE	TRUE	NA	NA	NA	NA
"CTCAGAACCCAGGGACTCAGCTGTGTACTTCTGTGCCAGCAGTTTAGTGGATAGCCGGGAGGGCCGGAAGAGCAGTACTTCGGGCCG"	""	"CTCAGAACCCAGGGACTCAGCTGTGTACTTCTGTGCCAGCAGTTTAGTGGATAGCCGGGAGGGCCGGAAGAGCAGTACTTCGGGCCG"	""	NA	"TCRBD2-1*2"	"TCRBJ2-7*1"	47	55	63	69	8	6	NA	NA	"CTCAGAACCCAGGGACTCAGCTGTGTACTTCTGTGCCAGCAGTTTAGTGGATAGCCGGGAGGGCCGGAAGAGCAGTACTTCGGGCCG"	FALSE	FALSE	NA	NA	NA	NA
"CTGACAGTGACCAGTGCCCATCCTGAAGACAGCAGCTTCTACATCTGCAGTGCTAGAGTAGGCGGGAGGGGGCAGTTCTTCGGGCCA"	"CSARVGGRGQFF"	"CTGACAGTGACCAGTGCCCATCCTGAAGACAGCAGCTTCTACATCTGCAGTGCTAGAGTAGGCGGGAGGGGGCAGTTCTTCGGGCCA"	"CSARVGGRGQFF"	NA	"TCRBD2-1*2"	"TCRBJ2-1*1"	58	61	70	71	3	1	NA	NA	"CTGACAGTGACCAGTGCCCATCCTGAAGACAGCAGCTTCTACATCTGCAGTGCTAGAGTAGGCGGGAGGGGGCAGTTCTTCGGGCCA"	FALSE	TRUE	NA	NA	NA	NA
"CAGAGCGGGGGGACTCAGCCGTGTATCTCTGTGCCAGCAGCTCTGGACTAGCGGGAGGGCCACTCCTACGAGCAGTACTTCGGGCCG"	""	"CAGAGCGGGGGGACTCAGCCGTGTATCTCTGTGCCAGCAGCTCTGGACTAGCGGGAGGGCCACTCCTACGAGCAGTACTTCGGGCCG"	""	"TCRBV7-3*1"	"TCRBD2-1*2"	"TCRBJ2-7*1"	42	44	59	62	2	3	NA	NA	"CAGAGCGGGGGGACTCAGCCGTGTATCTCTGTGCCAGCAGCTCTGGACTAGCGGGAGGGCCACTCCTACGAGCAGTACTTCGGGCCG"	FALSE	FALSE	NA	NA	NA	NA
"CTCAAGATCCAGCCTGCAGAGCTTGGGGACTCGGCCGTGTATCTCTGTGCCAGCAGCTTAGCCCGCTACGAGCAGTACTTCGGGCCG"	"CASSLARYEQYF"	"CTCAAGATCCAGCCTGCAGAGCTTGGGGACTCGGCCGTGTATCTCTGTGCCAGCAGCTTAGCCCGCTACGAGCAGTACTTCGGGCCG"	"CASSLARYEQYF"	"TCRBV11-3*1"	"TCRBD2-1"	"TCRBJ2-7*1"	61	63	-1	65	2	66	NA	NA	"CTCAAGATCCAGCCTGCAGAGCTTGGGGACTCGGCCGTGTATCTCTGTGCCAGCAGCTTAGCCCGCTACGAGCAGTACTTCGGGCCG"	FALSE	TRUE	NA	NA	NA	NA
"CTGAGTTCTAAGAAGCTCCTTCTCAGTGACTCTGGCTTCTATCTCTGTGCCTGGCGTCGACCGGCCTATGGCTACACCTTCGGTTCG"	"CAWRRPAYGYTF"	"CTGAGTTCTAAGAAGCTCCTTCTCAGTGACTCTGGCTTCTATCTCTGTGCCTGGCGTCGACCGGCCTATGGCTACACCTTCGGTTCG"	"CAWRRPAYGYTF"	"TCRBV3-1"	NA	"TCRBJ1-2*1"	54	58	61	65	4	4	NA	NA	"CTGAGTTCTAAGAAGCTCCTTCTCAGTGACTCTGGCTTCTATCTCTGTGCCTGGCGTCGACCGGCCTATGGCTACACCTTCGGTTCG"	FALSE	TRUE	NA	NA	NA	NA
"AGCAGGGGGACTCGGCCGTGTATGTCTGTGCAAGTCGCTTAGGCTCGGCGTGAGCGGGAGGACACCGGGGAGCTGTTTTTTGGAGAA"	""	"AGCAGGGGGACTCGGCCGTGTATGTCTGTGCAAGTCGCTTAGGCTCGGCGTGAGCGGGAGGACACCGGGGAGCTGTTTTTTGGAGAA"	""	"TCRBV12-2*1"	"TCRBD2-1*2"	"TCRBJ2-2*1"	42	52	-1	61	10	62	NA	NA	"AGCAGGGGGACTCGGCCGTGTATGTCTGTGCAAGTCGCTTAGGCTCGGCGTGAGCGGGAGGACACCGGGGAGCTGTTTTTTGGAGAA"	FALSE	FALSE	NA	NA	NA	NA
"TGACTGTGAGCAACATGAGCCCTGAAGACAGCAGCATATATCTCTGCAGCGTAGGGGTTTGCTAGGGGAGAGCAGTACTTCGGGCCG"	""	"TGACTGTGAGCAACATGAGCCCTGAAGACAGCAGCATATATCTCTGCAGCGTAGGGGTTTGCTAGGGGAGAGCAGTACTTCGGGCCG"	""	"TCRBV29-1"	"TCRBD1-1*1"	"TCRBJ2-7*1"	-1	52	57	69	53	12	NA	NA	"TGACTGTGAGCAACATGAGCCCTGAAGACAGCAGCATATATCTCTGCAGCGTAGGGGTTTGCTAGGGGAGAGCAGTACTTCGGGCCG"	FALSE	FALSE	NA	NA	NA	NA
"GCCAGGCCCTCACATACCTCTCAGTACCTCTGTGCCAGCAGTGAATCCGGCGGAATAAAATCCTACAATGAGCAGTTCTTCGGGCCA"	"CASSESGGIKSYNEQFF"	"GCCAGGCCCTCACATACCTCTCAGTACCTCTGTGCCAGCAGTGAATCCGGCGGAATAAAATCCTACAATGAGCAGTTCTTCGGGCCA"	"CASSESGGIKSYNEQFF"	"TCRBV25-1*1"	"TCRBD2-1"	"TCRBJ2-1*1"	46	49	53	60	3	7	NA	NA	"GCCAGGCCCTCACATACCTCTCAGTACCTCTGTGCCAGCAGTGAATCCGGCGGAATAAAATCCTACAATGAGCAGTTCTTCGGGCCA"	FALSE	TRUE	NA	NA	NA	NA
"AGATCCAGCGCACAGAGCGGGGGGACTCAGCCGTGTATCTCTGTGCCAGCAGCCCTGGACAGAGTCTATGGCTACACCTTCGGTTCG"	""	"AGATCCAGCGCACAGAGCGGGGGGACTCAGCCGTGTATCTCTGTGCCAGCAGCCCTGGACAGAGTCTATGGCTACACCTTCGGTTCG"	""	"TCRBV7-3*1"	"TCRBD1-1*1"	"TCRBJ1-2*1"	53	56	62	65	3	3	NA	NA	"AGATCCAGCGCACAGAGCGGGGGGACTCAGCCGTGTATCTCTGTGCCAGCAGCCCTGGACAGAGTCTATGGCTACACCTTCGGTTCG"	FALSE	FALSE	NA	NA	NA	NA
"AGCACCTTGGAGCTGGGGGACTCGGCCCTTTATCTTTGCGCCAGCAGCTTGGCTGGAGGCCTCACCGGGGAGCTGTTTTTTGGAGAA"	"CASSLAGGLTGELFF"	"AGCACCTTGGAGCTGGGGGACTCGGCCCTTTATCTTTGCGCCAGCAGCTTGGCTGGAGGCCTCACCGGGGAGCTGTTTTTTGGAGAA"	"CASSLAGGLTGELFF"	"TCRBV5-1*1"	"TCRBD2-1*2"	"TCRBJ2-2*1"	52	54	59	62	2	3	NA	NA	"AGCACCTTGGAGCTGGGGGACTCGGCCCTTTATCTTTGCGCCAGCAGCTTGGCTGGAGGCCTCACCGGGGAGCTGTTTTTTGGAGAA"	FALSE	TRUE	NA	NA	NA	NA
"GCCTGCAGAACTGGAGGATTCTGGAGTTTATTTCTGTGCCAGCAGCCAAAGGGCAGGGCCAACACCGGGGAGCTGTTTTTTGGAGAA"	""	"GCCTGCAGAACTGGAGGATTCTGGAGTTTATTTCTGTGCCAGCAGCCAAAGGGCAGGGCCAACACCGGGGAGCTGTTTTTTGGAGAA"	""	"TCRBV14-1*1"	"TCRBD1-1*1"	"TCRBJ2-2*1"	49	53	58	60	4	2	NA	NA	"GCCTGCAGAACTGGAGGATTCTGGAGTTTATTTCTGTGCCAGCAGCCAAAGGGCAGGGCCAACACCGGGGAGCTGTTTTTTGGAGAA"	FALSE	FALSE	NA	NA	NA	NA
"AGCTCTCTGGAGCTGGGGGACTCAGCTTTGTATTTCTGTGCCAGCAGCGATCGGGACAGGGGGGAATATGGCTACACCTTCGGTTCG"	"CASSDRDRGEYGYTF"	"AGCTCTCTGGAGCTGGGGGACTCAGCTTTGTATTTCTGTGCCAGCAGCGATCGGGACAGGGGGGAATATGGCTACACCTTCGGTTCG"	"CASSDRDRGEYGYTF"	"TCRBV9-1*1"	"TCRBD1-1*1"	"TCRBJ1-2*1"	49	52	63	66	3	3	NA	NA	"AGCTCTCTGGAGCTGGGGGACTCAGCTTTGTATTTCTGTGCCAGCAGCGATCGGGACAGGGGGGAATATGGCTACACCTTCGGTTCG"	FALSE	TRUE	NA	NA	NA	NA
"TCCAGCGCACAGAGCGGGGGGACTCAGCCGTGTATCTCTGTGCCAGCAGACTGGACTAGAAACGCCTACGAGCAGTACTTCGGGCCG"	""	"TCCAGCGCACAGAGCGGGGGGACTCAGCCGTGTATCTCTGTGCCAGCAGACTGGACTAGAAACGCCTACGAGCAGTACTTCGGGCCG"	""	"TCRBV7-3*1"	"TCRBD2-1"	"TCRBJ2-7*1"	49	52	59	64	3	5	NA	NA	"TCCAGCGCACAGAGCGGGGGGACTCAGCCGTGTATCTCTGTGCCAGCAGACTGGACTAGAAACGCCTACGAGCAGTACTTCGGGCCG"	FALSE	FALSE	NA	NA	NA	NA
"CTGATTCTGGAGTCCGCCAGCACCAACCAGACATCTATGTACCTCTGTGCCAGCAGTTTACTTTCAGATACGCAGTATTTTGGCCCA"	"CASSLLSDTQYF"	"CTGATTCTGGAGTCCGCCAGCACCAACCAGACATCTATGTACCTCTGTGCCAGCAGTTTACTTTCAGATACGCAGTATTTTGGCCCA"	"CASSLLSDTQYF"	"TCRBV28-1*1"	"TCRBD2-1"	"TCRBJ2-3*1"	-1	60	62	64	61	2	NA	NA	"CTGATTCTGGAGTCCGCCAGCACCAACCAGACATCTATGTACCTCTGTGCCAGCAGTTTACTTTCAGATACGCAGTATTTTGGCCCA"	FALSE	TRUE	NA	NA	NA	NA
"NNNNNNNTGTCGGCTGCTCCCTCCCAAACATCTGTGTACTTCTGTGCCGCGAGGGAGAGGTCCACCGGGGAGCTGTTTTTTGGAGAA"	"CAARERSTGELFF"	"NNNNNNNTGTCGGCTGCTCCCTCCCAAACATCTGTGTACTTCTGTGCCGCGAGGGAGAGGTCCACCGGGGAGCTGTTTTTTGGAGAA"	"CAARERSTGELFF"	NA	"TCRBD2-1*2"	"TCRBJ2-2*1"	48	52	57	62	4	5	NA	NA	"NNNNNNNTGTCGGCTGCTCCCTCCCAAACATCTGTGTACTTCTGTGCCGCGAGGGAGAGGTCCACCGGGGAGCTGTTTTTTGGAGAA"	FALSE	TRUE	NA	NA	NA	NA
"TCGGCCCAAAAGAACCCGACAGCTTTCTATCTCTGTGCCAGTAGTATGGGACAGGGATTTGGCACAGATACGCAGTATTTTGGCCCA"	"CASSMGQGFGTDTQYF"	"TCGGCCCAAAAGAACCCGACAGCTTTCTATCTCTGTGCCAGTAGTATGGGACAGGGATTTGGCACAGATACGCAGTATTTTGGCCCA"	"CASSMGQGFGTDTQYF"	"TCRBV19-1*1"	"TCRBD1-1*1"	"TCRBJ2-3*1"	-1	47	56	61	48	5	NA	NA	"TCGGCCCAAAAGAACCCGACAGCTTTCTATCTCTGTGCCAGTAGTATGGGACAGGGATTTGGCACAGATACGCAGTATTTTGGCCCA"	FALSE	TRUE	NA	NA	NA	NA
"CGCACAGAGCAGGAGGACTCGGCCGTGTATCTCTGTGCCAGCAGCTTATCGATAATCGGGATAGGGGAGGGCTACACCTTCGGTTCG"	"CASSLSIIGIGEGYTF"	"CGCACAGAGCAGGAGGACTCGGCCGTGTATCTCTGTGCCAGCAGCTTATCGATAATCGGGATAGGGGAGGGCTACACCTTCGGTTCG"	"CASSLSIIGIGEGYTF"	"TCRBV7-2"	NA	"TCRBJ1-2*1"	48	62	67	69	14	2	NA	NA	"CGCACAGAGCAGGAGGACTCGGCCGTGTATCTCTGTGCCAGCAGCTTATCGATAATCGGGATAGGGGAGGGCTACACCTTCGGTTCG"	FALSE	TRUE	NA	NA	NA	NA
"CTCACTCTGGAGTCCGCTACCAGCTCCCAGACATCTGTGTACTTCTGTGCCATCGGTCAGGGGGGGGACACCATATATTTTGGAGAG"	"CAIGQGGDTIYF"	"CTCACTCTGGAGTCCGCTACCAGCTCCCAGACATCTGTGTACTTCTGTGCCATCGGTCAGGGGGGGGACACCATATATTTTGGAGAG"	"CAIGQGGDTIYF"	"TCRBV1-3*1"	NA	"TCRBJ1-3*1"	54	57	64	67	3	3	NA	NA	"CTCACTCTGGAGTCCGCTACCAGCTCCCAGACATCTGTGTACTTCTGTGCCATCGGTCAGGGGGGGGACACCATATATTTTGGAGAG"	FALSE	TRUE	NA	NA	NA	NA
"CTGAGTTCTAAGAAGCTCCTTCTCAGTGACTCTGGCTTCTATCTCTGTGCCTGGAAGCGGGATGGTGGGGAGCTGTTTTTTGGAGAA"	"CAWKRDGGELFF"	"CTGAGTTCTAAGAAGCTCCTTCTCAGTGACTCTGGCTTCTATCTCTGTGCCTGGAAGCGGGATGGTGGGGAGCTGTTTTTTGGAGAA"	"CAWKRDGGELFF"	"TCRBV3-1*1"	"TCRBD2-1*2"	"TCRBJ2-2*1"	-1	55	62	66	56	4	NA	NA	"CTGAGTTCTAAGAAGCTCCTTCTCAGTGACTCTGGCTTCTATCTCTGTGCCTGGAAGCGGGATGGTGGGGAGCTGTTTTTTGGAGAA"	FALSE	TRUE	NA	NA	NA	NA
"CTGGAGTCGCCCAGCCCCAACCAGACCTCTCTGTACTTCTGTGCCAGCAGTTCCTCGGGGTATTGGACTGAAGCTTTCTTTGGACAA"	"CASSSSGYWTEAFF"	"CTGGAGTCGCCCAGCCCCAACCAGACCTCTCTGTACTTCTGTGCCAGCAGTTCCTCGGGGTATTGGACTGAAGCTTTCTTTGGACAA"	"CASSSSGYWTEAFF"	"TCRBV27-1*1"	"TCRBD2-1*1"	"TCRBJ1-1*1"	52	55	60	66	3	6	NA	NA	"CTGGAGTCGCCCAGCCCCAACCAGACCTCTCTGTACTTCTGTGCCAGCAGTTCCTCGGGGTATTGGACTGAAGCTTTCTTTGGACAA"	FALSE	TRUE	NA	NA	NA	NA
"ACCCAGGGACTCAGCTGTGTACTTCTGTGCCAGCAGTTTAATCTTTCGACTAGCGGGAGGGTTACCGGGGAGCTGTTTTTTGGAGAA"	""	"ACCCAGGGACTCAGCTGTGTACTTCTGTGCCAGCAGTTTAATCTTTCGACTAGCGGGAGGGTTACCGGGGAGCTGTTTTTTGGAGAA"	""	NA	"TCRBD2-1*2"	"TCRBJ2-2*1"	40	47	61	63	7	2	NA	NA	"ACCCAGGGACTCAGCTGTGTACTTCTGTGCCAGCAGTTTAATCTTTCGACTAGCGGGAGGGTTACCGGGGAGCTGTTTTTTGGAGAA"	FALSE	FALSE	NA	NA	NA	NA
"AGCAGGGGGACTCGGCCATGTATCTCTGTGCCAGCAGCTAAACCGGGACTAGCGGGAGTATCGTGTAGGGTGCAGTACTTCGGGCCG"	""	"AGCAGGGGGACTCGGCCATGTATCTCTGTGCCAGCAGCTAAACCGGGACTAGCGGGAGTATCGTGTAGGGTGCAGTACTTCGGGCCG"	""	"TCRBV7-9*1"	"TCRBD2-1*2"	"TCRBJ2-7*1"	39	44	58	71	5	13	NA	NA	"AGCAGGGGGACTCGGCCATGTATCTCTGTGCCAGCAGCTAAACCGGGACTAGCGGGAGTATCGTGTAGGGTGCAGTACTTCGGGCCG"	FALSE	FALSE	NA	NA	NA	NA
"CAGCGCACACAGCAGGAGGACTCGGCCGTGTATCTCTGTGCCAGCAGCTCCGTCCGGGGGGGGAAAGAGACCCAGTACTTCGGGCCA"	"CASSSVRGGKETQYF"	"CAGCGCACACAGCAGGAGGACTCGGCCGTGTATCTCTGTGCCAGCAGCTCCGTCCGGGGGGGGAAAGAGACCCAGTACTTCGGGCCA"	"CASSSVRGGKETQYF"	"TCRBV7-2"	"TCRBD2-1*1"	"TCRBJ2-5*1"	49	54	62	64	5	2	NA	NA	"CAGCGCACACAGCAGGAGGACTCGGCCGTGTATCTCTGTGCCAGCAGCTCCGTCCGGGGGGGGAAAGAGACCCAGTACTTCGGGCCA"	FALSE	TRUE	NA	NA	NA	NA
"ATCCAGCCTGCAGAGCTTGGGGACTCGGCCGTGTATCTCTGTGCCAGCAGCTTAGGACAGGCCACCTCCGAGCAGTACTTCGGGCCG"	"CASSLGQATSEQYF"	"ATCCAGCCTGCAGAGCTTGGGGACTCGGCCGTGTATCTCTGTGCCAGCAGCTTAGGACAGGCCACCTCCGAGCAGTACTTCGGGCCG"	"CASSLGQATSEQYF"	"TCRBV11-3*1"	"TCRBD1-1*1"	"TCRBJ2-7*1"	-1	55	61	68	56	7	NA	NA	"ATCCAGCCTGCAGAGCTTGGGGACTCGGCCGTGTATCTCTGTGCCAGCAGCTTAGGACAGGCCACCTCCGAGCAGTACTTCGGGCCG"	FALSE	TRUE	NA	NA	NA	NA
"CAGCGCACAGAGCAGGGGGACTCGGCCATGTATCTCTGTGCCAGCAGTTACCCGGGTCCGTCCTACAATGAGCAGTTCTTCGGGCCA"	"CASSYPGPSYNEQFF"	"CAGCGCACAGAGCAGGGGGACTCGGCCATGTATCTCTGTGCCAGCAGTTACCCGGGTCCGTCCTACAATGAGCAGTTCTTCGGGCCA"	"CASSYPGPSYNEQFF"	"TCRBV7-9*1"	"TCRBD2-1"	"TCRBJ2-1*1"	47	52	56	60	5	4	NA	NA	"CAGCGCACAGAGCAGGGGGACTCGGCCATGTATCTCTGTGCCAGCAGTTACCCGGGTCCGTCCTACAATGAGCAGTTCTTCGGGCCA"	FALSE	TRUE	NA	NA	NA	NA
"NNNNNNNTGTCGGCTGCTCCCTCCCAGACATCTGTGTACTTCTGTGCCAGCAGTTTAGGTAGGGCCAACGTCCTGACTTTCGGGGCC"	"CASSLGRANVLTF"	"NNNNNNNTGTCGGCTGCTCCCTCCCAGACATCTGTGTACTTCTGTGCCAGCAGTTTAGGTAGGGCCAACGTCCTGACTTTCGGGGCC"	"CASSLGRANVLTF"	"TCRBV6-5*1"	NA	"TCRBJ2-6*1"	55	56	59	61	1	2	NA	NA	"NNNNNNNTGTCGGCTGCTCCCTCCCAGACATCTGTGTACTTCTGTGCCAGCAGTTTAGGTAGGGCCAACGTCCTGACTTTCGGGGCC"	FALSE	TRUE	NA	NA	NA	NA
"TGTGGTCGCACTGCAGCAAGAAGACTCAGCTGCGTATCTCTGCACCAGCAGCCAAGATTGGGACGTCAGCCCCAGCATTTTGGTGAT"	""	"TGTGGTCGCACTGCAGCAAGAAGACTCAGCTGCGTATCTCTGCACCAGCAGCCAAGATTGGGACGTCAGCCCCAGCATTTTGGTGAT"	""	"TCRBV1-1*1"	NA	"TCRBJ1-5*1"	57	59	64	65	2	1	NA	NA	"TGTGGTCGCACTGCAGCAAGAAGACTCAGCTGCGTATCTCTGCACCAGCAGCCAAGATTGGGACGTCAGCCCCAGCATTTTGGTGAT"	FALSE	FALSE	NA	NA	NA	NA
"ACCAGTGCCCATCCTGAAGACAGCAGCTTCTACATCTGCAGTGCGCGCGAAAAGGACAGGGACTTCTACGAGCAGTACTTCGGGCCG"	"CSAREKDRDFYEQYF"	"ACCAGTGCCCATCCTGAAGACAGCAGCTTCTACATCTGCAGTGCGCGCGAAAAGGACAGGGACTTCTACGAGCAGTACTTCGGGCCG"	"CSAREKDRDFYEQYF"	NA	"TCRBD1-1*1"	"TCRBJ2-7*1"	44	53	61	65	9	4	NA	NA	"ACCAGTGCCCATCCTGAAGACAGCAGCTTCTACATCTGCAGTGCGCGCGAAAAGGACAGGGACTTCTACGAGCAGTACTTCGGGCCG"	FALSE	TRUE	NA	NA	NA	NA
"CAGCCCCAACCAGACCTCTCTGTACTTCTGTGCCAGCAGCCCAGACAGGGGGCAAAGATTCGCAATCAGCCCCAGCATTTTGGTGAT"	""	"CAGCCCCAACCAGACCTCTCTGTACTTCTGTGCCAGCAGCCCAGACAGGGGGCAAAGATTCGCAATCAGCCCCAGCATTTTGGTGAT"	""	"TCRBV27-1*1"	"TCRBD1-1*1"	"TCRBJ1-5*1"	39	43	53	61	4	8	NA	NA	"CAGCCCCAACCAGACCTCTCTGTACTTCTGTGCCAGCAGCCCAGACAGGGGGCAAAGATTCGCAATCAGCCCCAGCATTTTGGTGAT"	FALSE	FALSE	NA	NA	NA	NA
"GCCCTTTATCTTTGCGCCAGCAGCTTGGTGCCGCATCTTCCCGGGACAGGTCAGGCCGCCACGCAATACGAGCAGTACTTCGGGCCG"	"CASSLVPHLPGTGQAATQYEQYF"	"GCCCTTTATCTTTGCGCCAGCAGCTTGGTGCCGCATCTTCCCGGGACAGGTCAGGCCGCCACGCAATACGAGCAGTACTTCGGGCCG"	"CASSLVPHLPGTGQAATQYEQYF"	"TCRBV5-1*1"	"TCRBD1-1*1"	"TCRBJ2-7*1"	28	42	50	66	14	16	NA	NA	"GCCCTTTATCTTTGCGCCAGCAGCTTGGTGCCGCATCTTCCCGGGACAGGTCAGGCCGCCACGCAATACGAGCAGTACTTCGGGCCG"	FALSE	TRUE	NA	NA	NA	NA
"AAGATCCAGCCCTCAGAACCCAGGGACTCAGCTGTGTACTTCTGTGCCAGCAGTTTGGGGGGGAAGGAGACCCAGTACTTCGGGCCA"	"CASSLGGKETQYF"	"AAGATCCAGCCCTCAGAACCCAGGGACTCAGCTGTGTACTTCTGTGCCAGCAGTTTGGGGGGGAAGGAGACCCAGTACTTCGGGCCA"	"CASSLGGKETQYF"	"TCRBV12-3/12-4*1"	"TCRBD2-1*1"	"TCRBJ2-5*1"	-1	56	63	66	57	3	NA	NA	"AAGATCCAGCCCTCAGAACCCAGGGACTCAGCTGTGTACTTCTGTGCCAGCAGTTTGGGGGGGAAGGAGACCCAGTACTTCGGGCCA"	FALSE	TRUE	NA	NA	NA	NA
"CCAACCAGACCTCTCTGTACTTCTGTGCCAGCAGTTTATGACGATCGAACGAGGACTAGCGGGTCCCGCGAGCAGTACTTCGGGCCG"	""	"CCAACCAGACCTCTCTGTACTTCTGTGCCAGCAGTTTATGACGATCGAACGAGGACTAGCGGGTCCCGCGAGCAGTACTTCGGGCCG"	""	"TCRBV27-1*1"	"TCRBD2-1"	"TCRBJ2-7*1"	39	52	63	68	13	5	NA	NA	"CCAACCAGACCTCTCTGTACTTCTGTGCCAGCAGTTTATGACGATCGAACGAGGACTAGCGGGTCCCGCGAGCAGTACTTCGGGCCG"	FALSE	FALSE	NA	NA	NA	NA
"GAGCACCTTGGAGCTGGGGGACTCGGCCCTTTATCTTTGCGCCAGCAGGACCGGGACCAACCCGACAATGAGCAGTTCTTCGGGCCA"	""	"GAGCACCTTGGAGCTGGGGGACTCGGCCCTTTATCTTTGCGCCAGCAGGACCGGGACCAACCCGACAATGAGCAGTTCTTCGGGCCA"	""	"TCRBV5-1*1"	NA	"TCRBJ2-1*1"	48	52	57	64	4	7	NA	NA	"GAGCACCTTGGAGCTGGGGGACTCGGCCCTTTATCTTTGCGCCAGCAGGACCGGGACCAACCCGACAATGAGCAGTTCTTCGGGCCA"	FALSE	FALSE	NA	NA	NA	NA
"GGACTCAGCCATGTACTTCTGTGCCAGCAGTCCGAGCACCGGGGACAGGGGACTAGCGGGGCCTTCTACGAGCAGTACTTCGGGCCG"	""	"GGACTCAGCCATGTACTTCTGTGCCAGCAGTCCGAGCACCGGGGACAGGGGACTAGCGGGGCCTTCTACGAGCAGTACTTCGGGCCG"	""	"TCRBV2-1"	"TCRBD2-1*1"	"TCRBJ2-7*1"	31	48	61	65	17	4	NA	NA	"GGACTCAGCCATGTACTTCTGTGCCAGCAGTCCGAGCACCGGGGACAGGGGACTAGCGGGGCCTTCTACGAGCAGTACTTCGGGCCG"	FALSE	FALSE	NA	NA	NA	NA
"NNNNTGTCGGCTGCTCCCTCCCAGACATCTGTGTACTTCTGTGCCAGCAGTCGAGGGGGCGCAGGTTCACCCCTCCACTTTGGGAAT"	"CASSRGGAGSPLHF"	"NNNNTGTCGGCTGCTCCCTCCCAGACATCTGTGTACTTCTGTGCCAGCAGTCGAGGGGGCGCAGGTTCACCCCTCCACTTTGGGAAT"	"CASSRGGAGSPLHF"	"TCRBV6-5*1"	"TCRBD1-1*1"	"TCRBJ1-6*1"	51	53	60	65	2	5	NA	NA	"NNNNTGTCGGCTGCTCCCTCCCAGACATCTGTGTACTTCTGTGCCAGCAGTCGAGGGGGCGCAGGTTCACCCCTCCACTTTGGGAAT"	FALSE	TRUE	NA	NA	NA	NA
"TCTAAGAAGCTCCTTCTCAGTGACTCTGGCTTCTATCTCTGTGCCTGGAGTCGCAACAGGGCTGTCTATGGCTACACCTTCGGTTCG"	"CAWSRNRAVYGYTF"	"TCTAAGAAGCTCCTTCTCAGTGACTCTGGCTTCTATCTCTGTGCCTGGAGTCGCAACAGGGCTGTCTATGGCTACACCTTCGGTTCG"	"CAWSRNRAVYGYTF"	"TCRBV3-1*1"	"TCRBD1-1*1"	"TCRBJ1-2*1"	51	55	61	65	4	4	NA	NA	"TCTAAGAAGCTCCTTCTCAGTGACTCTGGCTTCTATCTCTGTGCCTGGAGTCGCAACAGGGCTGTCTATGGCTACACCTTCGGTTCG"	FALSE	TRUE	NA	NA	NA	NA
"TCTAAGAAGCTCCTTCTCAGTGACTCTGGCTTCTATCTCTGTGCCTGGAGTATACGGGACTAGCGGGAAGAGCAGTACTTCGGGCCG"	"CAWSIRD*REEQYF"	"TCTAAGAAGCTCCTTCTCAGTGACTCTGGCTTCTATCTCTGTGCCTGGAGTATACGGGACTAGCGGGAAGAGCAGTACTTCGGGCCG"	"CAWSIRD*REEQYF"	"TCRBV3-1*1"	"TCRBD2-1*2"	"TCRBJ2-7*1"	51	55	68	69	4	1	NA	NA	"TCTAAGAAGCTCCTTCTCAGTGACTCTGGCTTCTATCTCTGTGCCTGGAGTATACGGGACTAGCGGGAAGAGCAGTACTTCGGGCCG"	FALSE	TRUE	NA	NA	NA	NA
"AGCACCTTGGAGCTGGGGGACTCGGCCCTTTATCTTTGCGCCAGCAGCTTGTCTCTCCCTTTTTTAGAGACCCAGTACTTCGGGCCA"	"CASSLSLPFLETQYF"	"AGCACCTTGGAGCTGGGGGACTCGGCCCTTTATCTTTGCGCCAGCAGCTTGTCTCTCCCTTTTTTAGAGACCCAGTACTTCGGGCCA"	"CASSLSLPFLETQYF"	"TCRBV5-1*1"	"TCRBD2-1"	"TCRBJ2-5*1"	51	52	54	65	1	11	NA	NA	"AGCACCTTGGAGCTGGGGGACTCGGCCCTTTATCTTTGCGCCAGCAGCTTGTCTCTCCCTTTTTTAGAGACCCAGTACTTCGGGCCA"	FALSE	TRUE	NA	NA	NA	NA
"NNNNNNNTGAAGATCCAGCCCTCAGAACCCAGGGACTCAGCTGTGTACTTCTGTGCCAGCAGCACAGATACGCAGTATTTTGGCCCA"	"CASSTDTQYF"	"NNNNNNNTGAAGATCCAGCCCTCAGAACCCAGGGACTCAGCTGTGTACTTCTGTGCCAGCAGCACAGATACGCAGTATTTTGGCCCA"	"CASSTDTQYF"	"TCRBV12-3/12-4*1"	NA	"TCRBJ2-3*1"	-1	-1	-1	60	0	61	NA	NA	"NNNNNNNTGAAGATCCAGCCCTCAGAACCCAGGGACTCAGCTGTGTACTTCTGTGCCAGCAGCACAGATACGCAGTATTTTGGCCCA"	FALSE	TRUE	NA	NA	NA	NA
"AAGATCCGGTCCACAAAGCTGGAGGACTCAGCCATGTACTTCTGTGCCATAAAGACAGGGGTATTATATGGCTACACCTTCGGTTCG"	"CAIKTGVLYGYTF"	"AAGATCCGGTCCACAAAGCTGGAGGACTCAGCCATGTACTTCTGTGCCATAAAGACAGGGGTATTATATGGCTACACCTTCGGTTCG"	"CAIKTGVLYGYTF"	"TCRBV2-1"	"TCRBD1-1*1"	"TCRBJ1-2*1"	49	53	61	66	4	5	NA	NA	"AAGATCCGGTCCACAAAGCTGGAGGACTCAGCCATGTACTTCTGTGCCATAAAGACAGGGGTATTATATGGCTACACCTTCGGTTCG"	FALSE	TRUE	NA	NA	NA	NA
"CAAGATCCAGCCTGCAGAGCTTGGGGACTCGGCCGTGTATCTCTGTGCCAGCAGCTTAAAGTTCTGATAGAGCAGTACTTCGGGCCG"	""	"CAAGATCCAGCCTGCAGAGCTTGGGGACTCGGCCGTGTATCTCTGTGCCAGCAGCTTAAAGTTCTGATAGAGCAGTACTTCGGGCCG"	""	"TCRBV11-3*1"	NA	"TCRBJ2-7*1"	58	65	67	69	7	2	NA	NA	"CAAGATCCAGCCTGCAGAGCTTGGGGACTCGGCCGTGTATCTCTGTGCCAGCAGCTTAAAGTTCTGATAGAGCAGTACTTCGGGCCG"	FALSE	FALSE	NA	NA	NA	NA
"TCCGCCAGCACCAACCAGACATCTATGTACCTCTGTGCCAGCAGTGATCCCACGGACAGGACGCGAGAAAAACTGTTTTTTGGCAGT"	"CASSDPTDRTREKLFF"	"TCCGCCAGCACCAACCAGACATCTATGTACCTCTGTGCCAGCAGTGATCCCACGGACAGGACGCGAGAAAAACTGTTTTTTGGCAGT"	"CASSDPTDRTREKLFF"	"TCRBV28-1*1"	"TCRBD1-1*1"	"TCRBJ1-4*1"	45	53	60	66	8	6	NA	NA	"TCCGCCAGCACCAACCAGACATCTATGTACCTCTGTGCCAGCAGTGATCCCACGGACAGGACGCGAGAAAAACTGTTTTTTGGCAGT"	FALSE	TRUE	NA	NA	NA	NA
"CAGCGCACAGAGCGGGGGGACTCAGCCGTGTATCTCTGTGCCAGCAGCTCTAGCGGGAGAAGCACAGATACGCAGTATTTTGGCCCA"	"CASSSSGRSTDTQYF"	"CAGCGCACAGAGCGGGGGGACTCAGCCGTGTATCTCTGTGCCAGCAGCTCTAGCGGGAGAAGCACAGATACGCAGTATTTTGGCCCA"	"CASSSSGRSTDTQYF"	"TCRBV7-3*1"	"TCRBD2-1*2"	"TCRBJ2-3*1"	-1	49	59	60	50	1	NA	NA	"CAGCGCACAGAGCGGGGGGACTCAGCCGTGTATCTCTGTGCCAGCAGCTCTAGCGGGAGAAGCACAGATACGCAGTATTTTGGCCCA"	FALSE	TRUE	NA	NA	NA	NA
"CTCTGGAGTCTGCTGCCTCCTCCCAGACATCTGTATATTTCTGCGCCAGCAGCGAGGAGCGGGAGCCACGAGCAGTACTTCGGGCCG"	""	"CTCTGGAGTCTGCTGCCTCCTCCCAGACATCTGTATATTTCTGCGCCAGCAGCGAGGAGCGGGAGCCACGAGCAGTACTTCGGGCCG"	""	"TCRBV1-1*1"	"TCRBD2-1*2"	"TCRBJ2-7*1"	56	57	65	67	1	2	NA	NA	"CTCTGGAGTCTGCTGCCTCCTCCCAGACATCTGTATATTTCTGCGCCAGCAGCGAGGAGCGGGAGCCACGAGCAGTACTTCGGGCCG"	FALSE	FALSE	NA	NA	NA	NA
"CAGTGACCAGTGCCCATCCTGAAGACAGCAGCTTCTACATCTGCAGTGCTAAACTAGCGGGAGGGGGATGAGCAGTTCTTCGGGCCA"	""	"CAGTGACCAGTGCCCATCCTGAAGACAGCAGCTTCTACATCTGCAGTGCTAAACTAGCGGGAGGGGGATGAGCAGTTCTTCGGGCCA"	""	NA	"TCRBD2-1*2"	"TCRBJ2-1*1"	51	52	65	67	1	2	NA	NA	"CAGTGACCAGTGCCCATCCTGAAGACAGCAGCTTCTACATCTGCAGTGCTAAACTAGCGGGAGGGGGATGAGCAGTTCTTCGGGCCA"	FALSE	FALSE	NA	NA	NA	NA
"GAGATCCAGCGCACAGAGCAGGGGGACTCGGCCATGTATCTCTGTGCCAGCAGCTTAGGGGTTAATCAGCCCCAGCATTTTGGTGAT"	"CASSLGVNQPQHF"	"GAGATCCAGCGCACAGAGCAGGGGGACTCGGCCATGTATCTCTGTGCCAGCAGCTTAGGGGTTAATCAGCCCCAGCATTTTGGTGAT"	"CASSLGVNQPQHF"	"TCRBV7-9*1"	NA	"TCRBJ1-5*1"	-1	58	61	63	59	2	NA	NA	"GAGATCCAGCGCACAGAGCAGGGGGACTCGGCCATGTATCTCTGTGCCAGCAGCTTAGGGGTTAATCAGCCCCAGCATTTTGGTGAT"	FALSE	TRUE	NA	NA	NA	NA
"CTGACGATCCAGCGCACACAGCAGGAGGACTCCGCCGTGTATCTCTGTGCCAGCAGCTCTAGCTCCTACGAGCAGTACTTCGGGCCG"	"CASSSSSYEQYF"	"CTGACGATCCAGCGCACACAGCAGGAGGACTCCGCCGTGTATCTCTGTGCCAGCAGCTCTAGCTCCTACGAGCAGTACTTCGGGCCG"	"CASSSSSYEQYF"	NA	"TCRBD2-1"	"TCRBJ2-7*1"	-1	58	-1	62	59	63	NA	NA	"CTGACGATCCAGCGCACACAGCAGGAGGACTCCGCCGTGTATCTCTGTGCCAGCAGCTCTAGCTCCTACGAGCAGTACTTCGGGCCG"	FALSE	TRUE	NA	NA	NA	NA
"TGGGGGACGCAGCCATGTACCTGTGTGCCACCAGCAGGACGGGGCGGGGGAAACGTATCCTAGTCCTACGAGCAGTACTTCGGGCCG"	""	"TGGGGGACGCAGCCATGTACCTGTGTGCCACCAGCAGGACGGGGCGGGGGAAACGTATCCTAGTCCTACGAGCAGTACTTCGGGCCG"	""	"TCRBV15-1*2"	"TCRBD2-1*1"	"TCRBJ2-7*1"	37	43	50	63	6	13	NA	NA	"TGGGGGACGCAGCCATGTACCTGTGTGCCACCAGCAGGACGGGGCGGGGGAAACGTATCCTAGTCCTACGAGCAGTACTTCGGGCCG"	FALSE	FALSE	NA	NA	NA	NA
"ACATCGGCCCAAAAGAACCCGACAGCTTTCTATCTCTGTGCCAGTAGTATAGGAAGGGGGCTTGGGGAGACCCAGTACTTCGGGCCA"	"CASSIGRGLGETQYF"	"ACATCGGCCCAAAAGAACCCGACAGCTTTCTATCTCTGTGCCAGTAGTATAGGAAGGGGGCTTGGGGAGACCCAGTACTTCGGGCCA"	"CASSIGRGLGETQYF"	"TCRBV19-1*1"	"TCRBD1-1*1"	"TCRBJ2-5*1"	52	54	61	66	2	5	NA	NA	"ACATCGGCCCAAAAGAACCCGACAGCTTTCTATCTCTGTGCCAGTAGTATAGGAAGGGGGCTTGGGGAGACCCAGTACTTCGGGCCA"	FALSE	TRUE	NA	NA	NA	NA
"TCGGCTGCTCCCTCCCAAACATCTGTGTACTTCTGTGCCAGCACTGATTGGGGGGCGCCGGGGAACACTGAAGCTTTCTTTGGACAA"	"CASTDWGAPGNTEAFF"	"TCGGCTGCTCCCTCCCAAACATCTGTGTACTTCTGTGCCAGCACTGATTGGGGGGCGCCGGGGAACACTGAAGCTTTCTTTGGACAA"	"CASTDWGAPGNTEAFF"	NA	NA	"TCRBJ1-1*1"	43	50	56	62	7	6	NA	NA	"TCGGCTGCTCCCTCCCAAACATCTGTGTACTTCTGTGCCAGCACTGATTGGGGGGCGCCGGGGAACACTGAAGCTTTCTTTGGACAA"	FALSE	TRUE	NA	NA	NA	NA
"CCTCTCAGACTTCTGTTTACTTCTGTGCCAGCAGTTACTAAGATGGACAGGGGGGAAGCTGGGGCCAACGTCCTGACTTTCGGGGCC"	""	"CCTCTCAGACTTCTGTTTACTTCTGTGCCAGCAGTTACTAAGATGGACAGGGGGGAAGCTGGGGCCAACGTCCTGACTTTCGGGGCC"	""	"TCRBV6-7*1"	"TCRBD1-1*1"	"TCRBJ2-6*1"	39	44	54	58	5	4	NA	NA	"CCTCTCAGACTTCTGTTTACTTCTGTGCCAGCAGTTACTAAGATGGACAGGGGGGAAGCTGGGGCCAACGTCCTGACTTTCGGGGCC"	FALSE	FALSE	NA	NA	NA	NA
"AATGTGAGCACCTTGGAGCTGGGGGACTCGGCCCTTTATCTTTGCGCCAGCAGCTTGGATGTTAATGAAAAACTGTTTTTTGGCAGT"	"CASSLDVNEKLFF"	"AATGTGAGCACCTTGGAGCTGGGGGACTCGGCCCTTTATCTTTGCGCCAGCAGCTTGGATGTTAATGAAAAACTGTTTTTTGGCAGT"	"CASSLDVNEKLFF"	"TCRBV5-1*1"	NA	"TCRBJ1-4*1"	-1	-1	58	62	0	4	NA	NA	"AATGTGAGCACCTTGGAGCTGGGGGACTCGGCCCTTTATCTTTGCGCCAGCAGCTTGGATGTTAATGAAAAACTGTTTTTTGGCAGT"	FALSE	TRUE	NA	NA	NA	NA
"CGCACAGAGCAGGGGGACTCGGCCATGTATCTCTGTGCCAGCAGCCAGAGGACAGGGGGCCCCCTCTACGAGCAGTACTTCGGGCCG"	"CASSQRTGGPLYEQYF"	"CGCACAGAGCAGGGGGACTCGGCCATGTATCTCTGTGCCAGCAGCCAGAGGACAGGGGGCCCCCTCTACGAGCAGTACTTCGGGCCG"	"CASSQRTGGPLYEQYF"	"TCRBV7-9*1"	"TCRBD1-1*1"	"TCRBJ2-7*1"	45	49	60	65	4	5	NA	NA	"CGCACAGAGCAGGGGGACTCGGCCATGTATCTCTGTGCCAGCAGCCAGAGGACAGGGGGCCCCCTCTACGAGCAGTACTTCGGGCCG"	FALSE	TRUE	NA	NA	NA	NA
"GAGCGGGGGGACTCAGCCGTGTATCTCTGTGCCAGCAGCTTAACGGCGGGACAGGGGACCGCTGGCTACGAGCAGTACTTCGGGCCG"	"CASSLTAGQGTAGYEQYF"	"GAGCGGGGGGACTCAGCCGTGTATCTCTGTGCCAGCAGCTTAACGGCGGGACAGGGGACCGCTGGCTACGAGCAGTACTTCGGGCCG"	"CASSLTAGQGTAGYEQYF"	"TCRBV7-3*1"	"TCRBD1-1*1"	"TCRBJ2-7*1"	44	47	57	65	3	8	NA	NA	"GAGCGGGGGGACTCAGCCGTGTATCTCTGTGCCAGCAGCTTAACGGCGGGACAGGGGACCGCTGGCTACGAGCAGTACTTCGGGCCG"	FALSE	TRUE	NA	NA	NA	NA
"TCTAAGAAGCTCCTTCTCAGTGACTCTGGCTTCTATCTCTGTGCCTGGAGTCTTACAGGCTCTGGAAACACCATATATTTTGGAGAG"	"CAWSLTGSGNTIYF"	"TCTAAGAAGCTCCTTCTCAGTGACTCTGGCTTCTATCTCTGTGCCTGGAGTCTTACAGGCTCTGGAAACACCATATATTTTGGAGAG"	"CAWSLTGSGNTIYF"	"TCRBV3-1*1"	"TCRBD1-1*1"	"TCRBJ1-3*1"	51	54	-1	59	3	60	NA	NA	"TCTAAGAAGCTCCTTCTCAGTGACTCTGGCTTCTATCTCTGTGCCTGGAGTCTTACAGGCTCTGGAAACACCATATATTTTGGAGAG"	FALSE	TRUE	NA	NA	NA	NA
"ACTGTGAGCAACATGAGCCCTGAAGACAGCAGCATATATCTCTGCAGCGTTGAAGATGGGGACAGGGGGCAAGCTTTCTTTGGACAA"	"CSVEDGDRGQAFF"	"ACTGTGAGCAACATGAGCCCTGAAGACAGCAGCATATATCTCTGCAGCGTTGAAGATGGGGACAGGGGGCAAGCTTTCTTTGGACAA"	"CSVEDGDRGQAFF"	"TCRBV29-1"	"TCRBD1-1*1"	"TCRBJ1-1*1"	56	58	-1	70	2	71	NA	NA	"ACTGTGAGCAACATGAGCCCTGAAGACAGCAGCATATATCTCTGCAGCGTTGAAGATGGGGACAGGGGGCAAGCTTTCTTTGGACAA"	FALSE	TRUE	NA	NA	NA	NA
"ATCCGCTCACCAGGCCTGGGGGACGCAGCCATGTACCTGTGTGCCACCAGTCCAACGGGAGGGAGTGATGAGCAGTTCTTCGGGCCA"	"CATSPTGGSDEQFF"	"ATCCGCTCACCAGGCCTGGGGGACGCAGCCATGTACCTGTGTGCCACCAGTCCAACGGGAGGGAGTGATGAGCAGTTCTTCGGGCCA"	"CATSPTGGSDEQFF"	"TCRBV15-1*2"	"TCRBD2-1*2"	"TCRBJ2-1*1"	50	55	63	67	5	4	NA	NA	"ATCCGCTCACCAGGCCTGGGGGACGCAGCCATGTACCTGTGTGCCACCAGTCCAACGGGAGGGAGTGATGAGCAGTTCTTCGGGCCA"	FALSE	TRUE	NA	NA	NA	NA
"NNNNNNNTGTCGGCTGCTCCCTCCCAGACATCTGTGTACTTCTGTGCCAGCAGATTAGCGACCTTTGGGGAGCAGTACTTCGGGCCG"	"CASRLATFGEQYF"	"NNNNNNNTGTCGGCTGCTCCCTCCCAGACATCTGTGTACTTCTGTGCCAGCAGATTAGCGACCTTTGGGGAGCAGTACTTCGGGCCG"	"CASRLATFGEQYF"	"TCRBV6-5*1"	"TCRBD2-1"	"TCRBJ2-7*1"	53	55	60	69	2	9	NA	NA	"NNNNNNNTGTCGGCTGCTCCCTCCCAGACATCTGTGTACTTCTGTGCCAGCAGATTAGCGACCTTTGGGGAGCAGTACTTCGGGCCG"	FALSE	TRUE	NA	NA	NA	NA
"ACAGAGCAGGAGGACTCGGCCGTGTATCTCTGTGCCAGCAGCTTGGGGACTAGCGAATTCTCCTACAATGAGCAGTTCTTCGGGCCA"	"CASSLGTSEFSYNEQFF"	"ACAGAGCAGGAGGACTCGGCCGTGTATCTCTGTGCCAGCAGCTTGGGGACTAGCGAATTCTCCTACAATGAGCAGTTCTTCGGGCCA"	"CASSLGTSEFSYNEQFF"	"TCRBV7-2"	"TCRBD2-1"	"TCRBJ2-1*1"	44	45	55	59	1	4	NA	NA	"ACAGAGCAGGAGGACTCGGCCGTGTATCTCTGTGCCAGCAGCTTGGGGACTAGCGAATTCTCCTACAATGAGCAGTTCTTCGGGCCA"	FALSE	TRUE	NA	NA	NA	NA
"NNNNNNNNNNNNNTGTCGGCTGCTCCCTCCCAAACATCTGTGTACTTCTGTGCCAGCAGTCAGAACAATGAGCAGTTCTTCGGGCCA"	"CASSQNNEQFF"	"NNNNNNNNNNNNNTGTCGGCTGCTCCCTCCCAAACATCTGTGTACTTCTGTGCCAGCAGTCAGAACAATGAGCAGTTCTTCGGGCCA"	"CASSQNNEQFF"	"TCRBV6-2/6-3*1"	"TCRBD1-1*1"	"TCRBJ2-1*1"	-1	60	63	64	61	1	NA	NA	"NNNNNNNNNNNNNTGTCGGCTGCTCCCTCCCAAACATCTGTGTACTTCTGTGCCAGCAGTCAGAACAATGAGCAGTTCTTCGGGCCA"	FALSE	TRUE	NA	NA	NA	NA
"CTGGAGTCAGCTACCCGCTCCCAGACATCTGTGTATTTCTGCGCCAGCAGAGTACAGGCGGGAGATCAGCCCCAGCATTTTGGTGAT"	"CASRVQAGDQPQHF"	"CTGGAGTCAGCTACCCGCTCCCAGACATCTGTGTATTTCTGCGCCAGCAGAGTACAGGCGGGAGATCAGCCCCAGCATTTTGGTGAT"	"CASRVQAGDQPQHF"	"TCRBV1-2*1"	"TCRBD2-1*2"	"TCRBJ1-5*1"	50	57	-1	64	7	65	NA	NA	"CTGGAGTCAGCTACCCGCTCCCAGACATCTGTGTATTTCTGCGCCAGCAGAGTACAGGCGGGAGATCAGCCCCAGCATTTTGGTGAT"	FALSE	TRUE	NA	NA	NA	NA
"ACGCCTTGGAGCTGGAGGACTCGGCCCTGTATCTCTGTGCCAGCAGCTTGTTTACACAGCTCTGGAAACACCATATATTTTGGAGAG"	""	"ACGCCTTGGAGCTGGAGGACTCGGCCCTGTATCTCTGTGCCAGCAGCTTGTTTACACAGCTCTGGAAACACCATATATTTTGGAGAG"	""	"TCRBV5-8*1"	"TCRBD1-1*1"	"TCRBJ1-3*1"	50	55	-1	59	5	60	NA	NA	"ACGCCTTGGAGCTGGAGGACTCGGCCCTGTATCTCTGTGCCAGCAGCTTGTTTACACAGCTCTGGAAACACCATATATTTTGGAGAG"	FALSE	FALSE	NA	NA	NA	NA
"GTCCACGGAGTCAGGGGACACAGCACTGTATTTCTGTGCCAGCAGCAAAGAGGATATAAGACCTACAATGAGCAGTTCTTCGGGCCA"	""	"GTCCACGGAGTCAGGGGACACAGCACTGTATTTCTGTGCCAGCAGCAAAGAGGATATAAGACCTACAATGAGCAGTTCTTCGGGCCA"	""	"TCRBV21-1*1"	NA	"TCRBJ2-1*1"	50	51	54	61	1	7	NA	NA	"GTCCACGGAGTCAGGGGACACAGCACTGTATTTCTGTGCCAGCAGCAAAGAGGATATAAGACCTACAATGAGCAGTTCTTCGGGCCA"	FALSE	FALSE	NA	NA	NA	NA
"GTCTGCTGCCTCCTCCCAGACATCTGTATATTTCTGCGCCAGCACCGACGGACTAGCGGGAGAAGCGGCGAGCAGTACTTCGGGCCG"	""	"GTCTGCTGCCTCCTCCCAGACATCTGTATATTTCTGCGCCAGCACCGACGGACTAGCGGGAGAAGCGGCGAGCAGTACTTCGGGCCG"	""	"TCRBV1-1"	"TCRBD2-1*2"	"TCRBJ2-7*1"	44	49	62	68	5	6	NA	NA	"GTCTGCTGCCTCCTCCCAGACATCTGTATATTTCTGCGCCAGCACCGACGGACTAGCGGGAGAAGCGGCGAGCAGTACTTCGGGCCG"	FALSE	FALSE	NA	NA	NA	NA
"GTCGCCCAGCCCCAACCAGACCTCTCTGTACTTCTGTGCCAGCAGTTTATCTCGAACCGACGCAACTACGAGCAGTACTTCGGGCCG"	""	"GTCGCCCAGCCCCAACCAGACCTCTCTGTACTTCTGTGCCAGCAGTTTATCTCGAACCGACGCAACTACGAGCAGTACTTCGGGCCG"	""	"TCRBV27-1*1"	NA	"TCRBJ2-7*1"	51	58	61	65	7	4	NA	NA	"GTCGCCCAGCCCCAACCAGACCTCTCTGTACTTCTGTGCCAGCAGTTTATCTCGAACCGACGCAACTACGAGCAGTACTTCGGGCCG"	FALSE	FALSE	NA	NA	NA	NA
"NTGAAGATCCAGCCCTCAGAACCCAGGGACTCAGCTGTGTACTTCTGTGCCAGCAGTACGGGACAGTATGGCTACACCTTCGGTTCG"	"CASSTGQYGYTF"	"NTGAAGATCCAGCCCTCAGAACCCAGGGACTCAGCTGTGTACTTCTGTGCCAGCAGTACGGGACAGTATGGCTACACCTTCGGTTCG"	"CASSTGQYGYTF"	"TCRBV12-3/12-4*1"	"TCRBD1-1*1"	"TCRBJ1-2*1"	57	59	-1	66	2	67	NA	NA	"NTGAAGATCCAGCCCTCAGAACCCAGGGACTCAGCTGTGTACTTCTGTGCCAGCAGTACGGGACAGTATGGCTACACCTTCGGTTCG"	FALSE	TRUE	NA	NA	NA	NA
"TCCTCAGAACCGGGAGACACGGCACTGTATCTCTGCGCCAGCAGTCTATCAAGCGGACAGGGCAGTGAAAAACTGTTTTTTGGCAGT"	"CASSLSSGQGSEKLFF"	"TCCTCAGAACCGGGAGACACGGCACTGTATCTCTGCGCCAGCAGTCTATCAAGCGGACAGGGCAGTGAAAAACTGTTTTTTGGCAGT"	"CASSLSSGQGSEKLFF"	"TCRBV23-1*1"	"TCRBD1-1*1"	"TCRBJ1-4*1"	50	54	62	65	4	3	NA	NA	"TCCTCAGAACCGGGAGACACGGCACTGTATCTCTGCGCCAGCAGTCTATCAAGCGGACAGGGCAGTGAAAAACTGTTTTTTGGCAGT"	FALSE	TRUE	NA	NA	NA	NA
"CAGTCCACGGAGTCAGGGGACACAGCACTGTATTTCTGTGCCAGCAGGCACGATTACCTCAGGGGCCATGAGCAGTTCTTCGGGCCA"	"CASRHDYLRGHEQFF"	"CAGTCCACGGAGTCAGGGGACACAGCACTGTATTTCTGTGCCAGCAGGCACGATTACCTCAGGGGCCATGAGCAGTTCTTCGGGCCA"	"CASRHDYLRGHEQFF"	"TCRBV21-1*1"	"TCRBD1-1*1"	"TCRBJ2-1*1"	47	59	65	67	12	2	NA	NA	"CAGTCCACGGAGTCAGGGGACACAGCACTGTATTTCTGTGCCAGCAGGCACGATTACCTCAGGGGCCATGAGCAGTTCTTCGGGCCA"	FALSE	TRUE	NA	NA	NA	NA
"ACCAGTGCCCATCCTGAAGACAGCAGCTTCTACATCTGCAGTGCTAGTTATGCGTTGAGGGCCAAAAACATTCAGTACTTCGGCGCC"	"CSASYALRAKNIQYF"	"ACCAGTGCCCATCCTGAAGACAGCAGCTTCTACATCTGCAGTGCTAGTTATGCGTTGAGGGCCAAAAACATTCAGTACTTCGGCGCC"	"CSASYALRAKNIQYF"	"TCRBV2-1*4"	"TCRBD2-1*2"	"TCRBJ2-4*1"	48	56	-1	60	8	61	NA	NA	"ACCAGTGCCCATCCTGAAGACAGCAGCTTCTACATCTGCAGTGCTAGTTATGCGTTGAGGGCCAAAAACATTCAGTACTTCGGCGCC"	FALSE	TRUE	NA	NA	NA	NA
"CTGGAGTCGCCCAGCCCCAACCAGACCTCTCTGTACTTCTGTGCCAGCAGAAGTTGGGGACCCCAAGAGACCCAGTACTTCGGGCCA"	"CASRSWGPQETQYF"	"CTGGAGTCGCCCAGCCCCAACCAGACCTCTCTGTACTTCTGTGCCAGCAGAAGTTGGGGACCCCAAGAGACCCAGTACTTCGGGCCA"	"CASRSWGPQETQYF"	"TCRBV27-1*1"	NA	"TCRBJ2-5*1"	50	56	61	62	6	1	NA	NA	"CTGGAGTCGCCCAGCCCCAACCAGACCTCTCTGTACTTCTGTGCCAGCAGAAGTTGGGGACCCCAAGAGACCCAGTACTTCGGGCCA"	FALSE	TRUE	NA	NA	NA	NA
"AATGTGAACGCCTTGTTGCTGGGGGACTCGGCCCTCTATCTCTGTGCCAGCAGCCCGTCAGGCCCCCATGAGCAGTTCTTCGGGCCA"	"CASSPSGPHEQFF"	"AATGTGAACGCCTTGTTGCTGGGGGACTCGGCCCTCTATCTCTGTGCCAGCAGCCCGTCAGGCCCCCATGAGCAGTTCTTCGGGCCA"	"CASSPSGPHEQFF"	"TCRBV5-6*1"	"TCRBD1-1*1"	"TCRBJ2-1*1"	54	58	62	67	4	5	NA	NA	"AATGTGAACGCCTTGTTGCTGGGGGACTCGGCCCTCTATCTCTGTGCCAGCAGCCCGTCAGGCCCCCATGAGCAGTTCTTCGGGCCA"	FALSE	TRUE	NA	NA	NA	NA
"CTGGAGTCGCCCAGCCCCAACCAGACCTCTCTGTACTTCTGTGCCAGCAGAAGGACCTCCCCACTAAGTGACTACACCTTCGGTTCG"	"CASRRTSPLSDYTF"	"CTGGAGTCGCCCAGCCCCAACCAGACCTCTCTGTACTTCTGTGCCAGCAGAAGGACCTCCCCACTAAGTGACTACACCTTCGGTTCG"	"CASRRTSPLSDYTF"	"TCRBV27-1*1"	NA	"TCRBJ1-2*1"	50	52	56	71	2	15	NA	NA	"CTGGAGTCGCCCAGCCCCAACCAGACCTCTCTGTACTTCTGTGCCAGCAGAAGGACCTCCCCACTAAGTGACTACACCTTCGGTTCG"	FALSE	TRUE	NA	NA	NA	NA
"TCGGCTGCTCCCTCCCAGACATCTGTGTACTTCTGTGCCAGCAGTTCCTGGACTAGCGGGCCCCTCAATGAGCAGTTCTTCGGGCCA"	"CASSSWTSGPLNEQFF"	"TCGGCTGCTCCCTCCCAGACATCTGTGTACTTCTGTGCCAGCAGTTCCTGGACTAGCGGGCCCCTCAATGAGCAGTTCTTCGGGCCA"	"CASSSWTSGPLNEQFF"	"TCRBV6-5*1"	"TCRBD2-1"	"TCRBJ2-1*1"	46	49	60	65	3	5	NA	NA	"TCGGCTGCTCCCTCCCAGACATCTGTGTACTTCTGTGCCAGCAGTTCCTGGACTAGCGGGCCCCTCAATGAGCAGTTCTTCGGGCCA"	FALSE	TRUE	NA	NA	NA	NA
"AGAACCCGACAGCTTTCTATCTCTGTGCCAGTATGGGTCAGGGCAGAAGATTACCTTAGCTCCTACAATGAGCAGTTCTTCGGGCCA"	""	"AGAACCCGACAGCTTTCTATCTCTGTGCCAGTATGGGTCAGGGCAGAAGATTACCTTAGCTCCTACAATGAGCAGTTCTTCGGGCCA"	""	"TCRBV19-1*1"	"TCRBD1-1*1"	"TCRBJ2-1*1"	33	38	43	59	5	16	NA	NA	"AGAACCCGACAGCTTTCTATCTCTGTGCCAGTATGGGTCAGGGCAGAAGATTACCTTAGCTCCTACAATGAGCAGTTCTTCGGGCCA"	FALSE	FALSE	NA	NA	NA	NA
"NNNNNNNTGTCGGCTGCTCTCTCCCAGACATCTGTGTACTTCTGTGCCAGCAGCCTTCGCTGGGGGGCGGCCCAGTACTTCGGGCCA"	"CASSLRWGAAQYF"	"NNNNNNNTGTCGGCTGCTCTCTCCCAGACATCTGTGTACTTCTGTGCCAGCAGCCTTCGCTGGGGGGCGGCCCAGTACTTCGGGCCA"	"CASSLRWGAAQYF"	"TCRBV6-5*1"	NA	"TCRBJ2-5*1"	53	62	68	70	9	2	NA	NA	"NNNNNNNTGTCGGCTGCTCTCTCCCAGACATCTGTGTACTTCTGTGCCAGCAGCCTTCGCTGGGGGGCGGCCCAGTACTTCGGGCCA"	FALSE	TRUE	NA	NA	NA	NA
"CTCTCTGTACTTCTGTGCCAGCAGTTCGATGGGGCGGGAGGGCCCTCGGGACGTCCAAGAGGGCAAGAGACCCAGTACTTCGGGCCA"	""	"CTCTCTGTACTTCTGTGCCAGCAGTTCGATGGGGCGGGAGGGCCCTCGGGACGTCCAAGAGGGCAAGAGACCCAGTACTTCGGGCCA"	""	"TCRBV27-1*1"	"TCRBD2-1*2"	"TCRBJ2-5*1"	26	33	42	63	7	21	NA	NA	"CTCTCTGTACTTCTGTGCCAGCAGTTCGATGGGGCGGGAGGGCCCTCGGGACGTCCAAGAGGGCAAGAGACCCAGTACTTCGGGCCA"	FALSE	FALSE	NA	NA	NA	NA
"CAGCCCTCAGAACCCAGGGACTCAGCTGTGTACTTCTGTGCCAGCAGGAGACTAGCGGGAGACTTCTACGAGCAGTACTTCGGGCCG"	"CASRRLAGDFYEQYF"	"CAGCCCTCAGAACCCAGGGACTCAGCTGTGTACTTCTGTGCCAGCAGGAGACTAGCGGGAGACTTCTACGAGCAGTACTTCGGGCCG"	"CASRRLAGDFYEQYF"	NA	"TCRBD2-1*2"	"TCRBJ2-7*1"	47	49	61	65	2	4	NA	NA	"CAGCCCTCAGAACCCAGGGACTCAGCTGTGTACTTCTGTGCCAGCAGGAGACTAGCGGGAGACTTCTACGAGCAGTACTTCGGGCCG"	FALSE	TRUE	NA	NA	NA	NA
"CAGCGCACAGAGCAGCGGGACTCGGCCATGTATCGCTGTGCCAGCAGCTTATCACCCGGGACTAGTAATGAGCAGTTCTTCGGGCCA"	"CASSLSPGTSNEQFF"	"CAGCGCACAGAGCAGCGGGACTCGGCCATGTATCGCTGTGCCAGCAGCTTATCACCCGGGACTAGTAATGAGCAGTTCTTCGGGCCA"	"CASSLSPGTSNEQFF"	"TCRBV7-6*1"	"TCRBD2-1"	"TCRBJ2-1*1"	51	57	65	66	6	1	NA	NA	"CAGCGCACAGAGCAGCGGGACTCGGCCATGTATCGCTGTGCCAGCAGCTTATCACCCGGGACTAGTAATGAGCAGTTCTTCGGGCCA"	FALSE	TRUE	NA	NA	NA	NA
"AGTTCTAAGAAGCTCCTTCTCAGTGACTCTGGCTTCTATCTCTGTGCCTGGGACAGGGGGCGCGGATACGAGCAGTACTTCGGGCCG"	"CAWDRGRGYEQYF"	"AGTTCTAAGAAGCTCCTTCTCAGTGACTCTGGCTTCTATCTCTGTGCCTGGGACAGGGGGCGCGGATACGAGCAGTACTTCGGGCCG"	"CAWDRGRGYEQYF"	"TCRBV3-1*5"	"TCRBD1-1*1"	"TCRBJ2-7*1"	-1	52	61	66	53	5	NA	NA	"AGTTCTAAGAAGCTCCTTCTCAGTGACTCTGGCTTCTATCTCTGTGCCTGGGACAGGGGGCGCGGATACGAGCAGTACTTCGGGCCG"	FALSE	TRUE	NA	NA	NA	NA
"GCTCTCTGGAGCTGGGGGACTCAGCTTTGTATTTCTGTGCCAGCAGCCCCGACAGGGGGGGACTCCTACGAGCAGTACTTCGGGCCG"	""	"GCTCTCTGGAGCTGGGGGACTCAGCTTTGTATTTCTGTGCCAGCAGCCCCGACAGGGGGGGACTCCTACGAGCAGTACTTCGGGCCG"	""	"TCRBV9-1*1"	"TCRBD1-1*1"	"TCRBJ2-7*1"	47	50	59	62	3	3	NA	NA	"GCTCTCTGGAGCTGGGGGACTCAGCTTTGTATTTCTGTGCCAGCAGCCCCGACAGGGGGGGACTCCTACGAGCAGTACTTCGGGCCG"	FALSE	FALSE	NA	NA	NA	NA
"TCACCAGGCCTGGGGGACGCAGCCATGTACCTGTGTGCCACCAGCAGACCTTGGCCCGGGACGGATTACGAGCAGTACTTCGGGCCG"	"CATSRPWPGTDYEQYF"	"TCACCAGGCCTGGGGGACGCAGCCATGTACCTGTGTGCCACCAGCAGACCTTGGCCCGGGACGGATTACGAGCAGTACTTCGGGCCG"	"CATSRPWPGTDYEQYF"	"TCRBV15-1*2"	NA	"TCRBJ2-7*1"	48	57	62	66	9	4	NA	NA	"TCACCAGGCCTGGGGGACGCAGCCATGTACCTGTGTGCCACCAGCAGACCTTGGCCCGGGACGGATTACGAGCAGTACTTCGGGCCG"	FALSE	TRUE	NA	NA	NA	NA
"CGCTCACCAGGCCTGGGGGACGCAGCCATGTACCTGTGTGCCACCAGCAGAGATCTCCGGGGAGGCTATGGCTACACCTTCGGTTCG"	"CATSRDLRGGYGYTF"	"CGCTCACCAGGCCTGGGGGACGCAGCCATGTACCTGTGTGCCACCAGCAGAGATCTCCGGGGAGGCTATGGCTACACCTTCGGTTCG"	"CATSRDLRGGYGYTF"	"TCRBV15-1*2"	"TCRBD2-1*2"	"TCRBJ1-2*1"	53	59	-1	65	6	66	NA	NA	"CGCTCACCAGGCCTGGGGGACGCAGCCATGTACCTGTGTGCCACCAGCAGAGATCTCCGGGGAGGCTATGGCTACACCTTCGGTTCG"	FALSE	TRUE	NA	NA	NA	NA
"AGTTCTAAGAAGCTCCTTCTCAGTGACTCTGGCTTCTATCTCTGTGCCTGGAGCCTCGACCGCACAGATACGCAGTATTTTGGCCCA"	"CAWSLDRTDTQYF"	"AGTTCTAAGAAGCTCCTTCTCAGTGACTCTGGCTTCTATCTCTGTGCCTGGAGCCTCGACCGCACAGATACGCAGTATTTTGGCCCA"	"CAWSLDRTDTQYF"	"TCRBV3-1*1"	NA	"TCRBJ2-3*1"	53	57	60	61	4	1	NA	NA	"AGTTCTAAGAAGCTCCTTCTCAGTGACTCTGGCTTCTATCTCTGTGCCTGGAGCCTCGACCGCACAGATACGCAGTATTTTGGCCCA"	FALSE	TRUE	NA	NA	NA	NA
"ACCAGTGCCCATCCTGAAGACAGCAGCTTCTACATCTGCAGTGCTAGAGAACTAGCGGGGGGCAGCGGGGAGCTGTTTTTTGGAGAA"	"CSARELAGGSGELFF"	"ACCAGTGCCCATCCTGAAGACAGCAGCTTCTACATCTGCAGTGCTAGAGAACTAGCGGGGGGCAGCGGGGAGCTGTTTTTTGGAGAA"	"CSARELAGGSGELFF"	NA	"TCRBD2-1*1"	"TCRBJ2-2*1"	-1	50	62	65	51	3	NA	NA	"ACCAGTGCCCATCCTGAAGACAGCAGCTTCTACATCTGCAGTGCTAGAGAACTAGCGGGGGGCAGCGGGGAGCTGTTTTTTGGAGAA"	FALSE	TRUE	NA	NA	NA	NA
"TGAAGATCCAGCCCTCAGAACCCAGGGACTCAGCTGTGTACTTCTGTGCCCCCCGATGTGGGCATCGGTGGCTACACCTTCGGTTCG"	""	"TGAAGATCCAGCCCTCAGAACCCAGGGACTCAGCTGTGTACTTCTGTGCCCCCCGATGTGGGCATCGGTGGCTACACCTTCGGTTCG"	""	"TCRBV12-3/12-4*1"	"TCRBD1-1*1"	"TCRBJ1-2*1"	50	59	63	68	9	5	NA	NA	"TGAAGATCCAGCCCTCAGAACCCAGGGACTCAGCTGTGTACTTCTGTGCCCCCCGATGTGGGCATCGGTGGCTACACCTTCGGTTCG"	FALSE	FALSE	NA	NA	NA	NA
"TCCTTCTCAGTGACTCTGGCTTCTATCTCTGTGCCTGGAGATGACAGGGGGCACAGGGCAACTAATGAAAAACTGTTTTTTGGCAGT"	""	"TCCTTCTCAGTGACTCTGGCTTCTATCTCTGTGCCTGGAGATGACAGGGGGCACAGGGCAACTAATGAAAAACTGTTTTTTGGCAGT"	""	"TCRBV3-1*1"	"TCRBD1-1*1"	"TCRBJ1-4*1"	40	42	52	58	2	6	NA	NA	"TCCTTCTCAGTGACTCTGGCTTCTATCTCTGTGCCTGGAGATGACAGGGGGCACAGGGCAACTAATGAAAAACTGTTTTTTGGCAGT"	FALSE	FALSE	NA	NA	NA	NA
"GCCAGCACCAACCAGACATCTATGTACCTCTGTGCCAGCGGGGGGGTAGGGACTAGCGGGAACACAGATACGCAGTATTTTGGCCCA"	"CASGGVGTSGNTDTQYF"	"GCCAGCACCAACCAGACATCTATGTACCTCTGTGCCAGCGGGGGGGTAGGGACTAGCGGGAACACAGATACGCAGTATTTTGGCCCA"	"CASGGVGTSGNTDTQYF"	"TCRBV28-1*1"	"TCRBD2-1*2"	"TCRBJ2-3*1"	39	48	61	62	9	1	NA	NA	"GCCAGCACCAACCAGACATCTATGTACCTCTGTGCCAGCGGGGGGGTAGGGACTAGCGGGAACACAGATACGCAGTATTTTGGCCCA"	FALSE	TRUE	NA	NA	NA	NA
"CAAAGCTTGAGGACTCGGCCGTGTATCTCTGTGCCAGCAGCTTCTTCTCGGGTTTGGGCCCCGGGGGAAAAACTGTTTTTTGGCAGT"	""	"CAAAGCTTGAGGACTCGGCCGTGTATCTCTGTGCCAGCAGCTTCTTCTCGGGTTTGGGCCCCGGGGGAAAAACTGTTTTTTGGCAGT"	""	"TCRBV11-2"	"TCRBD2-1*1"	"TCRBJ1-4*1"	43	61	-1	66	18	67	NA	NA	"CAAAGCTTGAGGACTCGGCCGTGTATCTCTGTGCCAGCAGCTTCTTCTCGGGTTTGGGCCCCGGGGGAAAAACTGTTTTTTGGCAGT"	FALSE	FALSE	NA	NA	NA	NA
"GCCCTGCAGCCAGAAGACTCAGCCCTGTATCTCTGCGCCAGCAGCCAATTAGCGGGAGGATCTGCTTACGAGCAGTACTTCGGGCCG"	"CASSQLAGGSAYEQYF"	"GCCCTGCAGCCAGAAGACTCAGCCCTGTATCTCTGCGCCAGCAGCCAATTAGCGGGAGGATCTGCTTACGAGCAGTACTTCGGGCCG"	"CASSQLAGGSAYEQYF"	"TCRBV4-1*1"	"TCRBD2-1*2"	"TCRBJ2-7*1"	48	49	59	66	1	7	NA	NA	"GCCCTGCAGCCAGAAGACTCAGCCCTGTATCTCTGCGCCAGCAGCCAATTAGCGGGAGGATCTGCTTACGAGCAGTACTTCGGGCCG"	FALSE	TRUE	NA	NA	NA	NA
"CTGGAGTCTGCTGCCTCCTCCCAGACATCTGTATATTTCTGCGCCAGCAGTGCTAGCGGGGACTACAATGAGCAGTTCTTCGGGCCA"	"CASSASGDYNEQFF"	"CTGGAGTCTGCTGCCTCCTCCCAGACATCTGTATATTTCTGCGCCAGCAGTGCTAGCGGGGACTACAATGAGCAGTTCTTCGGGCCA"	"CASSASGDYNEQFF"	"TCRBV1-1*1"	"TCRBD2-1*1"	"TCRBJ2-1*1"	-1	52	61	62	53	1	NA	NA	"CTGGAGTCTGCTGCCTCCTCCCAGACATCTGTATATTTCTGCGCCAGCAGTGCTAGCGGGGACTACAATGAGCAGTTCTTCGGGCCA"	FALSE	TRUE	NA	NA	NA	NA
"ATCCAGCAGGTAGTGCGAGGAGATTCGGCAGCTTATTTCTGTGCCAGCTCACCAGGGACCGTCCAAGAGACCCAGTACTTCGGGCCA"	"CASSPGTVQETQYF"	"ATCCAGCAGGTAGTGCGAGGAGATTCGGCAGCTTATTTCTGTGCCAGCTCACCAGGGACCGTCCAAGAGACCCAGTACTTCGGGCCA"	"CASSPGTVQETQYF"	"TCRBV18-1*1"	NA	"TCRBJ2-5*1"	-1	54	59	62	55	3	NA	NA	"ATCCAGCAGGTAGTGCGAGGAGATTCGGCAGCTTATTTCTGTGCCAGCTCACCAGGGACCGTCCAAGAGACCCAGTACTTCGGGCCA"	FALSE	TRUE	NA	NA	NA	NA
"GAGCTGGGGGACTCGGCCCTTTATCTTTGCGCCAGCAGCCCCAACTCGGGCAGGGGATTTAGGAACACTGAAGCTTTCTTTGGACAA"	"CASSPNSGRGFRNTEAFF"	"GAGCTGGGGGACTCGGCCCTTTATCTTTGCGCCAGCAGCCCCAACTCGGGCAGGGGATTTAGGAACACTGAAGCTTTCTTTGGACAA"	"CASSPNSGRGFRNTEAFF"	"TCRBV5-1*1"	"TCRBD1-1*1"	"TCRBJ1-1*1"	39	50	56	62	11	6	NA	NA	"GAGCTGGGGGACTCGGCCCTTTATCTTTGCGCCAGCAGCCCCAACTCGGGCAGGGGATTTAGGAACACTGAAGCTTTCTTTGGACAA"	FALSE	TRUE	NA	NA	NA	NA
"TCCGCTACCAGCTCCCAGACATCTGTGTACTTCTGTGCCATCAATGGCCAAAAAAACGCGAACACCGGGGAGCTGTTTTTTGGAGAA"	"CAINGQKNANTGELFF"	"TCCGCTACCAGCTCCCAGACATCTGTGTACTTCTGTGCCATCAATGGCCAAAAAAACGCGAACACCGGGGAGCTGTTTTTTGGAGAA"	"CAINGQKNANTGELFF"	"TCRBV1-3*1"	"TCRBD1-1*1"	"TCRBJ2-2*1"	43	45	48	58	2	10	NA	NA	"TCCGCTACCAGCTCCCAGACATCTGTGTACTTCTGTGCCATCAATGGCCAAAAAAACGCGAACACCGGGGAGCTGTTTTTTGGAGAA"	FALSE	TRUE	NA	NA	NA	NA
"AGTCCACGGAGTCAGGGGACACAGCACTGTATTTCTGTGCCAGCAGCAAAGCGTTAGCGGGGCTACAATGAGCAGTTCTTCGGGCCA"	""	"AGTCCACGGAGTCAGGGGACACAGCACTGTATTTCTGTGCCAGCAGCAAAGCGTTAGCGGGGCTACAATGAGCAGTTCTTCGGGCCA"	""	"TCRBV21-1*1"	"TCRBD2-1*1"	"TCRBJ2-1*1"	52	54	-1	62	2	63	NA	NA	"AGTCCACGGAGTCAGGGGACACAGCACTGTATTTCTGTGCCAGCAGCAAAGCGTTAGCGGGGCTACAATGAGCAGTTCTTCGGGCCA"	FALSE	FALSE	NA	NA	NA	NA
"CAGCCTGCAGAACTGGAGGATTCTGGAGTTTATTTCTGTGCCAGCACCATAGCGGGAGGGAACACCGGGGAGCTGTTTTTTGGAGAA"	"CASTIAGGNTGELFF"	"CAGCCTGCAGAACTGGAGGATTCTGGAGTTTATTTCTGTGCCAGCACCATAGCGGGAGGGAACACCGGGGAGCTGTTTTTTGGAGAA"	"CASTIAGGNTGELFF"	"TCRBV14-1*1"	"TCRBD2-1*2"	"TCRBJ2-2*1"	46	49	-1	59	3	60	NA	NA	"CAGCCTGCAGAACTGGAGGATTCTGGAGTTTATTTCTGTGCCAGCACCATAGCGGGAGGGAACACCGGGGAGCTGTTTTTTGGAGAA"	FALSE	TRUE	NA	NA	NA	NA
"CTGATTCTGGAGTCCGCCAGCACCAACCAGACATCTATGTACCTCTGTGCCAGCAGATCAGCTCCAGGGCCCCAGCATTTTGGTGAT"	"CASRSAPGPQHF"	"CTGATTCTGGAGTCCGCCAGCACCAACCAGACATCTATGTACCTCTGTGCCAGCAGATCAGCTCCAGGGCCCCAGCATTTTGGTGAT"	"CASRSAPGPQHF"	"TCRBV28-1*1"	"TCRBD1-1*1"	"TCRBJ1-5*1"	56	64	-1	68	8	69	NA	NA	"CTGATTCTGGAGTCCGCCAGCACCAACCAGACATCTATGTACCTCTGTGCCAGCAGATCAGCTCCAGGGCCCCAGCATTTTGGTGAT"	FALSE	TRUE	NA	NA	NA	NA
"TCCGCCAGCACCAACCAGACATCTATGTACCTCTGTGCCAGCAGTCCCCCTCCAGGCCCCAGGAATCAGCCCCAGCATTTTGGTGAT"	"CASSPPPGPRNQPQHF"	"TCCGCCAGCACCAACCAGACATCTATGTACCTCTGTGCCAGCAGTCCCCCTCCAGGCCCCAGGAATCAGCCCCAGCATTTTGGTGAT"	"CASSPPPGPRNQPQHF"	"TCRBV28-1*1"	"TCRBD1-1*1"	"TCRBJ1-5*1"	45	52	56	63	7	7	NA	NA	"TCCGCCAGCACCAACCAGACATCTATGTACCTCTGTGCCAGCAGTCCCCCTCCAGGCCCCAGGAATCAGCCCCAGCATTTTGGTGAT"	FALSE	TRUE	NA	NA	NA	NA
"TCTTCACATCAATTCCCTGGAGCTTGGTGACTCTGCTGTGTATTTCTGTGCCGGCCTAAGGTGGGCTACGAGCAGTACTTCGGGCCG"	""	"TCTTCACATCAATTCCCTGGAGCTTGGTGACTCTGCTGTGTATTTCTGTGCCGGCCTAAGGTGGGCTACGAGCAGTACTTCGGGCCG"	""	"TCRBV3-1/3-2*1"	NA	"TCRBJ2-7*1"	52	62	-1	65	10	66	NA	NA	"TCTTCACATCAATTCCCTGGAGCTTGGTGACTCTGCTGTGTATTTCTGTGCCGGCCTAAGGTGGGCTACGAGCAGTACTTCGGGCCG"	FALSE	FALSE	NA	NA	NA	NA
"CCCTCAGAACCCAGGGACTCAGCTGTGTACTTCTGTGCCAGCAGTTTAGCGGAGGGGGCGCGTAGTCAGCCCCAGCATTTTGGTGAT"	"CASSLAEGARSQPQHF"	"CCCTCAGAACCCAGGGACTCAGCTGTGTACTTCTGTGCCAGCAGTTTAGCGGAGGGGGCGCGTAGTCAGCCCCAGCATTTTGGTGAT"	"CASSLAEGARSQPQHF"	NA	"TCRBD1-1*1"	"TCRBJ1-5*1"	50	52	59	65	2	6	NA	NA	"CCCTCAGAACCCAGGGACTCAGCTGTGTACTTCTGTGCCAGCAGTTTAGCGGAGGGGGCGCGTAGTCAGCCCCAGCATTTTGGTGAT"	FALSE	TRUE	NA	NA	NA	NA
"CACCTACACGCCCTGCAGCCAGAAGACTCAGCCCTGTATCTCTGCGCCAGCAGCCAGGACCGGGAAACCACCATATATTTTGGAGAG"	"CASSQDRETTIYF"	"CACCTACACGCCCTGCAGCCAGAAGACTCAGCCCTGTATCTCTGCGCCAGCAGCCAGGACCGGGAAACCACCATATATTTTGGAGAG"	"CASSQDRETTIYF"	"TCRBV4-1*1"	"TCRBD2-1*2"	"TCRBJ1-3*1"	56	60	65	68	4	3	NA	NA	"CACCTACACGCCCTGCAGCCAGAAGACTCAGCCCTGTATCTCTGCGCCAGCAGCCAGGACCGGGAAACCACCATATATTTTGGAGAG"	FALSE	TRUE	NA	NA	NA	NA
"TCGGCTGCTCCCTCCCAGACATCTGTGTACTTCTGTGCCAGCAGTGGGAACAGGAATTCAAGATCCGGGACCCAGTACTTCGGGCCA"	"CASSGNRNSRSGTQYF"	"TCGGCTGCTCCCTCCCAGACATCTGTGTACTTCTGTGCCAGCAGTGGGAACAGGAATTCAAGATCCGGGACCCAGTACTTCGGGCCA"	"CASSGNRNSRSGTQYF"	"TCRBV6-1*1"	"TCRBD1-1*1"	"TCRBJ2-5*1"	46	49	54	68	3	14	NA	NA	"TCGGCTGCTCCCTCCCAGACATCTGTGTACTTCTGTGCCAGCAGTGGGAACAGGAATTCAAGATCCGGGACCCAGTACTTCGGGCCA"	FALSE	TRUE	NA	NA	NA	NA
"CTGCAGCCAGAAGACTCAGCCCTGTATCTCTGCGCCAGCAGCCAAGAGGGACCATGGCAATGAGATTCACCCCTCCACTTTGGGAAT"	"CASSQEGPWQ*DSPLHF"	"CTGCAGCCAGAAGACTCAGCCCTGTATCTCTGCGCCAGCAGCCAAGAGGGACCATGGCAATGAGATTCACCCCTCCACTTTGGGAAT"	"CASSQEGPWQ*DSPLHF"	"TCRBV4-1*1"	NA	"TCRBJ1-6*1"	-1	47	52	64	48	12	NA	NA	"CTGCAGCCAGAAGACTCAGCCCTGTATCTCTGCGCCAGCAGCCAAGAGGGACCATGGCAATGAGATTCACCCCTCCACTTTGGGAAT"	FALSE	TRUE	NA	NA	NA	NA
"GTCCCTAGAGTCTGCCATCCCCAACCAGACAGCTCTTTACTTCTGTGCCACCAGTGTGGGGGGGCGCTTGGCTACACCTTCGGTTCG"	""	"GTCCCTAGAGTCTGCCATCCCCAACCAGACAGCTCTTTACTTCTGTGCCACCAGTGTGGGGGGGCGCTTGGCTACACCTTCGGTTCG"	""	"TCRBV24-1*1"	"TCRBD2-1*1"	"TCRBJ1-2*1"	56	57	64	68	1	4	NA	NA	"GTCCCTAGAGTCTGCCATCCCCAACCAGACAGCTCTTTACTTCTGTGCCACCAGTGTGGGGGGGCGCTTGGCTACACCTTCGGTTCG"	FALSE	FALSE	NA	NA	NA	NA
"AACGCCTTGGAGCTGGACGACTCGGCCCTGTATCTCTGTGCCAGCAGCTCGCTAGGGGGAGTACCTACGACCCAGTACTTCGGGCCA"	"CASSSLGGVPTTQYF"	"AACGCCTTGGAGCTGGACGACTCGGCCCTGTATCTCTGTGCCAGCAGCTCGCTAGGGGGAGTACCTACGACCCAGTACTTCGGGCCA"	"CASSSLGGVPTTQYF"	"TCRBV5-4*1"	"TCRBD1-1*1"	"TCRBJ2-5*1"	49	53	59	68	4	9	NA	NA	"AACGCCTTGGAGCTGGACGACTCGGCCCTGTATCTCTGTGCCAGCAGCTCGCTAGGGGGAGTACCTACGACCCAGTACTTCGGGCCA"	FALSE	TRUE	NA	NA	NA	NA
"TCCTCAGAACCGGGAGACACGGCACTGTATCTCTGCGCCAGCACCTCACACCAAGGACCGAGCCTCTACGAGCAGTACTTCGGGCCG"	"CASTSHQGPSLYEQYF"	"TCCTCAGAACCGGGAGACACGGCACTGTATCTCTGCGCCAGCACCTCACACCAAGGACCGAGCCTCTACGAGCAGTACTTCGGGCCG"	"CASTSHQGPSLYEQYF"	"TCRBV23-1*1"	NA	"TCRBJ2-7*1"	43	54	58	65	11	7	NA	NA	"TCCTCAGAACCGGGAGACACGGCACTGTATCTCTGCGCCAGCACCTCACACCAAGGACCGAGCCTCTACGAGCAGTACTTCGGGCCG"	FALSE	TRUE	NA	NA	NA	NA
"AACGCCTTGGAGCTGGACGACTCGGCCCTGTATCTCTGTGCCAGCAGCTTGGCCTTGGGGGGGGCCGGGGAGCTGTTTTTTGGAGAA"	"CASSLALGGAGELFF"	"AACGCCTTGGAGCTGGACGACTCGGCCCTGTATCTCTGTGCCAGCAGCTTGGCCTTGGGGGGGGCCGGGGAGCTGTTTTTTGGAGAA"	"CASSLALGGAGELFF"	"TCRBV5-4*1"	"TCRBD2-1*1"	"TCRBJ2-2*1"	52	56	63	64	4	1	NA	NA	"AACGCCTTGGAGCTGGACGACTCGGCCCTGTATCTCTGTGCCAGCAGCTTGGCCTTGGGGGGGGCCGGGGAGCTGTTTTTTGGAGAA"	FALSE	TRUE	NA	NA	NA	NA
"ATCCTGGAGTCGCCCAGCCCCAACCAGACCTCTCTGTACTTCTGTGCCAGCAGCAACGGGCCGCGGAACGAGCAGTACTTCGGGCCG"	"CASSNGPRNEQYF"	"ATCCTGGAGTCGCCCAGCCCCAACCAGACCTCTCTGTACTTCTGTGCCAGCAGCAACGGGCCGCGGAACGAGCAGTACTTCGGGCCG"	"CASSNGPRNEQYF"	"TCRBV27-1*1"	NA	"TCRBJ2-7*1"	53	57	61	67	4	6	NA	NA	"ATCCTGGAGTCGCCCAGCCCCAACCAGACCTCTCTGTACTTCTGTGCCAGCAGCAACGGGCCGCGGAACGAGCAGTACTTCGGGCCG"	FALSE	TRUE	NA	NA	NA	NA
"CCGCCAGCACCAACCAGACATCTATGTACCTCTGTGCCAGCAGTGTAGCAGGATCGTCGGGTGGCCTGTGAGCAGTACTTCGGGCCG"	""	"CCGCCAGCACCAACCAGACATCTATGTACCTCTGTGCCAGCAGTGTAGCAGGATCGTCGGGTGGCCTGTGAGCAGTACTTCGGGCCG"	""	"TCRBV28-1*1"	NA	"TCRBJ2-7*1"	44	48	52	69	4	17	NA	NA	"CCGCCAGCACCAACCAGACATCTATGTACCTCTGTGCCAGCAGTGTAGCAGGATCGTCGGGTGGCCTGTGAGCAGTACTTCGGGCCG"	FALSE	FALSE	NA	NA	NA	NA
"TCTGCTGTACCCTCTCAGACATCTGTGTACTTCTGTGCCAGCAGTGAAAAGCCGGGACAGGGGGCGAGCGAGCAGTACTTCGGGCCG"	"CASSEKPGQGASEQYF"	"TCTGCTGTACCCTCTCAGACATCTGTGTACTTCTGTGCCAGCAGTGAAAAGCCGGGACAGGGGGCGAGCGAGCAGTACTTCGGGCCG"	"CASSEKPGQGASEQYF"	"TCRBV6-4*1"	"TCRBD1-1*1"	"TCRBJ2-7*1"	47	53	65	68	6	3	NA	NA	"TCTGCTGTACCCTCTCAGACATCTGTGTACTTCTGTGCCAGCAGTGAAAAGCCGGGACAGGGGGCGAGCGAGCAGTACTTCGGGCCG"	FALSE	TRUE	NA	NA	NA	NA
"CCTGCAGAGCTTGAGGACTCGGCCGTGTATCTCTGTGCCAGCAGCTTAGGACCCTGGCGGGATTCCTACGAGCAGTACTTCGGGCCG"	"CASSLGPWRDSYEQYF"	"CCTGCAGAGCTTGAGGACTCGGCCGTGTATCTCTGTGCCAGCAGCTTAGGACCCTGGCGGGATTCCTACGAGCAGTACTTCGGGCCG"	"CASSLGPWRDSYEQYF"	NA	"TCRBD2-1*2"	"TCRBJ2-7*1"	49	56	62	63	7	1	NA	NA	"CCTGCAGAGCTTGAGGACTCGGCCGTGTATCTCTGTGCCAGCAGCTTAGGACCCTGGCGGGATTCCTACGAGCAGTACTTCGGGCCG"	FALSE	TRUE	NA	NA	NA	NA
"CAGCCTGCAGAACTGGAGGATTCTGGAGTTTATTTCTGTGCCAGCAGCCAAACACGGAGCTTCTACAATGAGCAGTTCTTCGGGCCA"	"CASSQTRSFYNEQFF"	"CAGCCTGCAGAACTGGAGGATTCTGGAGTTTATTTCTGTGCCAGCAGCCAAACACGGAGCTTCTACAATGAGCAGTTCTTCGGGCCA"	"CASSQTRSFYNEQFF"	"TCRBV14-1*1"	"TCRBD2-1*2"	"TCRBJ2-1*1"	51	55	59	62	4	3	NA	NA	"CAGCCTGCAGAACTGGAGGATTCTGGAGTTTATTTCTGTGCCAGCAGCCAAACACGGAGCTTCTACAATGAGCAGTTCTTCGGGCCA"	FALSE	TRUE	NA	NA	NA	NA
"ACTTTGGCGATCCAGCGCACAGAGCAGGGGGACTCGGCCATGTATCTCTGTGCCAGCAGCTCCATGGATGAGCAGTTCTTCGGGCCA"	"CASSSMDEQFF"	"ACTTTGGCGATCCAGCGCACAGAGCAGGGGGACTCGGCCATGTATCTCTGTGCCAGCAGCTCCATGGATGAGCAGTTCTTCGGGCCA"	"CASSSMDEQFF"	"TCRBV7-9*1"	NA	"TCRBJ2-1*1"	61	65	-1	67	4	68	NA	NA	"ACTTTGGCGATCCAGCGCACAGAGCAGGGGGACTCGGCCATGTATCTCTGTGCCAGCAGCTCCATGGATGAGCAGTTCTTCGGGCCA"	FALSE	TRUE	NA	NA	NA	NA
"GTGACATCGGCCCAAAAGAACCCGACAGCTTTCTATCTCTGTGCCAGTAGCGGACTAGCGGGAGGTTATGAGCAGTTCTTCGGGCCA"	"CASSGLAGGYEQFF"	"GTGACATCGGCCCAAAAGAACCCGACAGCTTTCTATCTCTGTGCCAGTAGCGGACTAGCGGGAGGTTATGAGCAGTTCTTCGGGCCA"	"CASSGLAGGYEQFF"	"TCRBV19-1*1"	"TCRBD2-1*2"	"TCRBJ2-1*1"	50	51	65	67	1	2	NA	NA	"GTGACATCGGCCCAAAAGAACCCGACAGCTTTCTATCTCTGTGCCAGTAGCGGACTAGCGGGAGGTTATGAGCAGTTCTTCGGGCCA"	FALSE	TRUE	NA	NA	NA	NA
"CTGAAGATCCGGTCCACAAAGCTGGAGGACTCAGCCATGTACTTCTGTGCCAGCATTTTTTTCACAGATACGCAGTATTTTGGCCCA"	"CASIFFTDTQYF"	"CTGAAGATCCGGTCCACAAAGCTGGAGGACTCAGCCATGTACTTCTGTGCCAGCATTTTTTTCACAGATACGCAGTATTTTGGCCCA"	"CASIFFTDTQYF"	"TCRBV2-1"	NA	"TCRBJ2-3*1"	-1	-1	55	62	0	7	NA	NA	"CTGAAGATCCGGTCCACAAAGCTGGAGGACTCAGCCATGTACTTCTGTGCCAGCATTTTTTTCACAGATACGCAGTATTTTGGCCCA"	FALSE	TRUE	NA	NA	NA	NA
"GCCTTGGAGCTGGACGACTCGGCCCTGTATCTCTGTGCCAGCAACCATCGGTTCGAGGGGGGCAATTCACCCCTCCACTTTGGGAAT"	"CASNHRFEGGNSPLHF"	"GCCTTGGAGCTGGACGACTCGGCCCTGTATCTCTGTGCCAGCAACCATCGGTTCGAGGGGGGCAATTCACCCCTCCACTTTGGGAAT"	"CASNHRFEGGNSPLHF"	"TCRBV5-4*1"	NA	"TCRBJ1-6*1"	43	55	61	63	12	2	NA	NA	"GCCTTGGAGCTGGACGACTCGGCCCTGTATCTCTGTGCCAGCAACCATCGGTTCGAGGGGGGCAATTCACCCCTCCACTTTGGGAAT"	FALSE	TRUE	NA	NA	NA	NA
"ACTCTGGAGTCAGCTACCCGCTCCCAGACATCTGTGTATTTCTGCGCCAGCAGTGAGGTCCGGGGCGGCGAGCAGTACTTCGGGCCG"	"CASSEVRGGEQYF"	"ACTCTGGAGTCAGCTACCCGCTCCCAGACATCTGTGTATTTCTGCGCCAGCAGTGAGGTCCGGGGCGGCGAGCAGTACTTCGGGCCG"	"CASSEVRGGEQYF"	"TCRBV1-2*1"	NA	"TCRBJ2-7*1"	57	61	66	68	4	2	NA	NA	"ACTCTGGAGTCAGCTACCCGCTCCCAGACATCTGTGTATTTCTGCGCCAGCAGTGAGGTCCGGGGCGGCGAGCAGTACTTCGGGCCG"	FALSE	TRUE	NA	NA	NA	NA
"GAGCTTGGGGACTCGGCCGTGTATCTCTGTGCCAGCAGCTTCGGGGACGACCAGGGGGAACCCAACACTGAAGCTTTCTTTGGACAA"	"CASSFGDDQGEPNTEAFF"	"GAGCTTGGGGACTCGGCCGTGTATCTCTGTGCCAGCAGCTTCGGGGACGACCAGGGGGAACCCAACACTGAAGCTTTCTTTGGACAA"	"CASSFGDDQGEPNTEAFF"	"TCRBV11-3*1"	"TCRBD1-1*1"	"TCRBJ1-1*1"	41	51	58	63	10	5	NA	NA	"GAGCTTGGGGACTCGGCCGTGTATCTCTGTGCCAGCAGCTTCGGGGACGACCAGGGGGAACCCAACACTGAAGCTTTCTTTGGACAA"	FALSE	TRUE	NA	NA	NA	NA
"NTGTCGGCTGCTCCCTCCCAAACATCTGTGTACTTCTGTGCCAGCAGCCCCGAAGGGCGGTCTTCCGATACGCAGTATTTTGGCCCA"	"CASSPEGRSSDTQYF"	"NTGTCGGCTGCTCCCTCCCAAACATCTGTGTACTTCTGTGCCAGCAGCCCCGAAGGGCGGTCTTCCGATACGCAGTATTTTGGCCCA"	"CASSPEGRSSDTQYF"	"TCRBV6-2*2"	NA	"TCRBJ2-3*1"	50	53	57	66	3	9	NA	NA	"NTGTCGGCTGCTCCCTCCCAAACATCTGTGTACTTCTGTGCCAGCAGCCCCGAAGGGCGGTCTTCCGATACGCAGTATTTTGGCCCA"	FALSE	TRUE	NA	NA	NA	NA
"ACTGTGACATCGGCCCAAAAGAACCCGACAGCTTTCTATCTCTGTGCCAGTATGGGGTTAGCCCCAGATACGCAGTATTTTGGCCCA"	"CASMGLAPDTQYF"	"ACTGTGACATCGGCCCAAAAGAACCCGACAGCTTTCTATCTCTGTGCCAGTATGGGGTTAGCCCCAGATACGCAGTATTTTGGCCCA"	"CASMGLAPDTQYF"	"TCRBV19-1*1"	NA	"TCRBJ2-3*1"	52	53	57	64	1	7	NA	NA	"ACTGTGACATCGGCCCAAAAGAACCCGACAGCTTTCTATCTCTGTGCCAGTATGGGGTTAGCCCCAGATACGCAGTATTTTGGCCCA"	FALSE	TRUE	NA	NA	NA	NA
"ATCCAGCAGGTAGTGCGAGGAGATTCGGCAGCTTATTTCTGTGCCAGCTCATCTAGTGCGGTCGGAGCTGAAGCTTTCTTTGGACAA"	"CASSSSAVGAEAFF"	"ATCCAGCAGGTAGTGCGAGGAGATTCGGCAGCTTATTTCTGTGCCAGCTCATCTAGTGCGGTCGGAGCTGAAGCTTTCTTTGGACAA"	"CASSSSAVGAEAFF"	"TCRBV18-1*1"	"TCRBD2-1"	"TCRBJ1-1*1"	51	52	56	67	1	11	NA	NA	"ATCCAGCAGGTAGTGCGAGGAGATTCGGCAGCTTATTTCTGTGCCAGCTCATCTAGTGCGGTCGGAGCTGAAGCTTTCTTTGGACAA"	FALSE	TRUE	NA	NA	NA	NA
"ACACAGCAGGAGGACTCCGCCGTGTATCTCTGTGCCAGCAGCCCATGGACTAGCGGGAGGGCCAATCCCGAGCAGTACTTCGGGCCG"	"CASSPWTSGRANPEQYF"	"ACACAGCAGGAGGACTCCGCCGTGTATCTCTGTGCCAGCAGCCCATGGACTAGCGGGAGGGCCAATCCCGAGCAGTACTTCGGGCCG"	"CASSPWTSGRANPEQYF"	"TCRBV7-8*3"	"TCRBD2-1*2"	"TCRBJ2-7*1"	43	46	61	68	3	7	NA	NA	"ACACAGCAGGAGGACTCCGCCGTGTATCTCTGTGCCAGCAGCCCATGGACTAGCGGGAGGGCCAATCCCGAGCAGTACTTCGGGCCG"	FALSE	TRUE	NA	NA	NA	NA
"CTGGAGTCGCCCAGCCCCAACCAGACCTCTCTGTACTTCTGTGCCAGCAGCCAGGACAGAGCTAACTATGGCTACACCTTCGGTTCG"	"CASSQDRANYGYTF"	"CTGGAGTCGCCCAGCCCCAACCAGACCTCTCTGTACTTCTGTGCCAGCAGCCAGGACAGAGCTAACTATGGCTACACCTTCGGTTCG"	"CASSQDRANYGYTF"	"TCRBV27-1*1"	"TCRBD1-1*1"	"TCRBJ1-2*1"	50	53	59	61	3	2	NA	NA	"CTGGAGTCGCCCAGCCCCAACCAGACCTCTCTGTACTTCTGTGCCAGCAGCCAGGACAGAGCTAACTATGGCTACACCTTCGGTTCG"	FALSE	TRUE	NA	NA	NA	NA
"GTGACATCGGCCCAAAAGAACCCGACAGCTTTCTATCTCTGTGCCAGTAGGGAACAGGGGGCGCGGACTGAAGCTTTCTTTGGACAA"	"CASREQGARTEAFF"	"GTGACATCGGCCCAAAAGAACCCGACAGCTTTCTATCTCTGTGCCAGTAGGGAACAGGGGGCGCGGACTGAAGCTTTCTTTGGACAA"	"CASREQGARTEAFF"	"TCRBV19-1*1"	"TCRBD1-1*1"	"TCRBJ1-1*1"	50	53	62	66	3	4	NA	NA	"GTGACATCGGCCCAAAAGAACCCGACAGCTTTCTATCTCTGTGCCAGTAGGGAACAGGGGGCGCGGACTGAAGCTTTCTTTGGACAA"	FALSE	TRUE	NA	NA	NA	NA
"CTGACGATTCAGCGCACAGAGCAGCGGGACTCAGCCATGTATCGCTGTGCTAGCAGTCTTCAAGGGGAGACCCAGTACTTCGGGCCA"	"CASSLQGETQYF"	"CTGACGATTCAGCGCACAGAGCAGCGGGACTCAGCCATGTATCGCTGTGCTAGCAGTCTTCAAGGGGAGACCCAGTACTTCGGGCCA"	"CASSLQGETQYF"	"TCRBV7-7*1"	NA	"TCRBJ2-5*1"	56	62	-1	66	6	67	NA	NA	"CTGACGATTCAGCGCACAGAGCAGCGGGACTCAGCCATGTATCGCTGTGCTAGCAGTCTTCAAGGGGAGACCCAGTACTTCGGGCCA"	FALSE	TRUE	NA	NA	NA	NA
"ACCTTGGAGCTGGGGGACTCGGCCCTTTATCTTTGCGCCAGCAGTCCAGGGTCCTATGGGGGCCAAGAGACCCAGTACTTCGGGCCA"	"CASSPGSYGGQETQYF"	"ACCTTGGAGCTGGGGGACTCGGCCCTTTATCTTTGCGCCAGCAGTCCAGGGTCCTATGGGGGCCAAGAGACCCAGTACTTCGGGCCA"	"CASSPGSYGGQETQYF"	"TCRBV5-1*1"	NA	"TCRBJ2-5*1"	44	46	51	62	2	11	NA	NA	"ACCTTGGAGCTGGGGGACTCGGCCCTTTATCTTTGCGCCAGCAGTCCAGGGTCCTATGGGGGCCAAGAGACCCAGTACTTCGGGCCA"	FALSE	TRUE	NA	NA	NA	NA
"CTGGAGTCCGCCAGCACCAACCAGACATCTATGTACCTCTGTGCCAGCAGTTCTAGTGGGGGTAGTGAAAAACTGTTTTTTGGCAGT"	"CASSSSGGSEKLFF"	"CTGGAGTCCGCCAGCACCAACCAGACATCTATGTACCTCTGTGCCAGCAGTTCTAGTGGGGGTAGTGAAAAACTGTTTTTTGGCAGT"	"CASSSSGGSEKLFF"	"TCRBV28-1*1"	NA	"TCRBJ1-4*1"	52	57	62	65	5	3	NA	NA	"CTGGAGTCCGCCAGCACCAACCAGACATCTATGTACCTCTGTGCCAGCAGTTCTAGTGGGGGTAGTGAAAAACTGTTTTTTGGCAGT"	FALSE	TRUE	NA	NA	NA	NA
"CTGGAGTCCGCTACCAGCTCCCAGACATCTGTGTACTTCTGTGCCATCAGTGAGTCTAGCGGGAGTAACGAGCAGTACTTCGGGCCG"	"CAISESSGSNEQYF"	"CTGGAGTCCGCTACCAGCTCCCAGACATCTGTGTACTTCTGTGCCATCAGTGAGTCTAGCGGGAGTAACGAGCAGTACTTCGGGCCG"	"CAISESSGSNEQYF"	"TCRBV1-3*1"	"TCRBD2-1*2"	"TCRBJ2-7*1"	-1	56	65	67	57	2	NA	NA	"CTGGAGTCCGCTACCAGCTCCCAGACATCTGTGTACTTCTGTGCCATCAGTGAGTCTAGCGGGAGTAACGAGCAGTACTTCGGGCCG"	FALSE	TRUE	NA	NA	NA	NA
"GAGTCGCCCAGCCCCAACCAGACCTCTCTGTACTTCTGTGCCAGCAGTTTCTGGGCGTCTAGCACAGATACGCAGTATTTTGGCCCA"	"CASSFWASSTDTQYF"	"GAGTCGCCCAGCCCCAACCAGACCTCTCTGTACTTCTGTGCCAGCAGTTTCTGGGCGTCTAGCACAGATACGCAGTATTTTGGCCCA"	"CASSFWASSTDTQYF"	"TCRBV27-1*1"	"TCRBD1-1*1"	"TCRBJ2-3*1"	50	52	56	60	2	4	NA	NA	"GAGTCGCCCAGCCCCAACCAGACCTCTCTGTACTTCTGTGCCAGCAGTTTCTGGGCGTCTAGCACAGATACGCAGTATTTTGGCCCA"	FALSE	TRUE	NA	NA	NA	NA
"AATGTGAACGCCTTGGAGCTGGACGACTCGGCCCTGTATCTCTGTGCCAGCAGCTCGAGCGGGAGGGAGACCCAGTACTTCGGGCCA"	"CASSSSGRETQYF"	"AATGTGAACGCCTTGGAGCTGGACGACTCGGCCCTGTATCTCTGTGCCAGCAGCTCGAGCGGGAGGGAGACCCAGTACTTCGGGCCA"	"CASSSSGRETQYF"	"TCRBV5-4*1"	"TCRBD2-1*2"	"TCRBJ2-5*1"	55	57	-1	66	2	67	NA	NA	"AATGTGAACGCCTTGGAGCTGGACGACTCGGCCCTGTATCTCTGTGCCAGCAGCTCGAGCGGGAGGGAGACCCAGTACTTCGGGCCA"	FALSE	TRUE	NA	NA	NA	NA
"ACAGAGCGGGGGGACTCAGCCGTGTATCTCTGTGCCAGCAGCTTAAGCTCAGATATAGGCTCGCGGAATGAGCAGTTCTTCGGGCCA"	"CASSLSSDIGSRNEQFF"	"ACAGAGCGGGGGGACTCAGCCGTGTATCTCTGTGCCAGCAGCTTAAGCTCAGATATAGGCTCGCGGAATGAGCAGTTCTTCGGGCCA"	"CASSLSSDIGSRNEQFF"	"TCRBV7-3*1"	"TCRBD2-1"	"TCRBJ2-1*1"	46	62	-1	66	16	67	NA	NA	"ACAGAGCGGGGGGACTCAGCCGTGTATCTCTGTGCCAGCAGCTTAAGCTCAGATATAGGCTCGCGGAATGAGCAGTTCTTCGGGCCA"	FALSE	TRUE	NA	NA	NA	NA
"GCCTTGGAGCTGGACGACTCGGCCCTGTATCTCTGTGCCAGCAGCTTGGAGCCAGGGACGCGAGTCGATGAAGCTTTCTTTGGACAA"	"CASSLEPGTRVDEAFF"	"GCCTTGGAGCTGGACGACTCGGCCCTGTATCTCTGTGCCAGCAGCTTGGAGCCAGGGACGCGAGTCGATGAAGCTTTCTTTGGACAA"	"CASSLEPGTRVDEAFF"	"TCRBV5-4*1"	NA	"TCRBJ1-1*1"	49	54	59	68	5	9	NA	NA	"GCCTTGGAGCTGGACGACTCGGCCCTGTATCTCTGTGCCAGCAGCTTGGAGCCAGGGACGCGAGTCGATGAAGCTTTCTTTGGACAA"	FALSE	TRUE	NA	NA	NA	NA
"CTGGAGTCCGCCAGCACCAACCAGACATCTATGTACCTCTGTGCCAGCAGTTTACTGGGACTCCAAGAGACCCAGTACTTCGGGCCA"	"CASSLLGLQETQYF"	"CTGGAGTCCGCCAGCACCAACCAGACATCTATGTACCTCTGTGCCAGCAGTTTACTGGGACTCCAAGAGACCCAGTACTTCGGGCCA"	"CASSLLGLQETQYF"	"TCRBV28-1*1"	"TCRBD2-1"	"TCRBJ2-5*1"	54	56	-1	62	2	63	NA	NA	"CTGGAGTCCGCCAGCACCAACCAGACATCTATGTACCTCTGTGCCAGCAGTTTACTGGGACTCCAAGAGACCCAGTACTTCGGGCCA"	FALSE	TRUE	NA	NA	NA	NA
"GCACAGAGCAGGGGGACTCGGCCATGTATCTCTGTGCCAGCAGCTAAATACTAGCGGGAGTTGCATTACGAGCAGTACTTCGGGCCG"	""	"GCACAGAGCAGGGGGACTCGGCCATGTATCTCTGTGCCAGCAGCTAAATACTAGCGGGAGTTGCATTACGAGCAGTACTTCGGGCCG"	""	"TCRBV7-9*1"	"TCRBD2-1*2"	"TCRBJ2-7*1"	45	49	60	66	4	6	NA	NA	"GCACAGAGCAGGGGGACTCGGCCATGTATCTCTGTGCCAGCAGCTAAATACTAGCGGGAGTTGCATTACGAGCAGTACTTCGGGCCG"	FALSE	FALSE	NA	NA	NA	NA
"TGATTCTGGAGTCCGCCAGCACCAACCAGACATCTATGTACCTCTGTGCCAGGGGGACAAAACACCGGGGAGCTGTTTTTTGGAGAA"	""	"TGATTCTGGAGTCCGCCAGCACCAACCAGACATCTATGTACCTCTGTGCCAGGGGGACAAAACACCGGGGAGCTGTTTTTTGGAGAA"	""	"TCRBV28-1*1"	"TCRBD1-1*1"	"TCRBJ2-2*1"	52	53	59	60	1	1	NA	NA	"TGATTCTGGAGTCCGCCAGCACCAACCAGACATCTATGTACCTCTGTGCCAGGGGGACAAAACACCGGGGAGCTGTTTTTTGGAGAA"	FALSE	FALSE	NA	NA	NA	NA
"NNNNTGTCGGCTGCTCCCTCCCAGACATCTGTGTACTTCTGTGCCAGCAGTTACTCGATTTTAGGTCAGCCCCAGCATTTTGGTGAT"	"CASSYSILGQPQHF"	"NNNNTGTCGGCTGCTCCCTCCCAGACATCTGTGTACTTCTGTGCCAGCAGTTACTCGATTTTAGGTCAGCCCCAGCATTTTGGTGAT"	"CASSYSILGQPQHF"	"TCRBV6-5*1"	NA	"TCRBJ1-5*1"	56	62	-1	65	6	66	NA	NA	"NNNNTGTCGGCTGCTCCCTCCCAGACATCTGTGTACTTCTGTGCCAGCAGTTACTCGATTTTAGGTCAGCCCCAGCATTTTGGTGAT"	FALSE	TRUE	NA	NA	NA	NA
"CTAGAGTCTGCCATCCCCAACCAGACAGCTCTTTACTTCTGTGCCACCAGTGATAAGTCTAGCGTCTACGAGCAGTACTTCGGGCCG"	"CATSDKSSVYEQYF"	"CTAGAGTCTGCCATCCCCAACCAGACAGCTCTTTACTTCTGTGCCACCAGTGATAAGTCTAGCGTCTACGAGCAGTACTTCGGGCCG"	"CATSDKSSVYEQYF"	"TCRBV24-1*1"	"TCRBD2-1"	"TCRBJ2-7*1"	54	58	64	65	4	1	NA	NA	"CTAGAGTCTGCCATCCCCAACCAGACAGCTCTTTACTTCTGTGCCACCAGTGATAAGTCTAGCGTCTACGAGCAGTACTTCGGGCCG"	FALSE	TRUE	NA	NA	NA	NA
"CAGACATCTGTGTACTTCTGTGCCAGCAGTGTACTTCCAGGGGGCACGAGACACGAGGGAGTCACAGATACGCAGTATTTTGGCCCA"	"CASSVLPGGTRHEGVTDTQYF"	"CAGACATCTGTGTACTTCTGTGCCAGCAGTGTACTTCCAGGGGGCACGAGACACGAGGGAGTCACAGATACGCAGTATTTTGGCCCA"	"CASSVLPGGTRHEGVTDTQYF"	NA	"TCRBD1-1*1"	"TCRBJ2-3*1"	31	37	45	62	6	17	NA	NA	"CAGACATCTGTGTACTTCTGTGCCAGCAGTGTACTTCCAGGGGGCACGAGACACGAGGGAGTCACAGATACGCAGTATTTTGGCCCA"	FALSE	TRUE	NA	NA	NA	NA
"ACCTTGGAGCTGGGGGACTCGGCCCTTTATCTTTGCGCCAGCAGCACATCCGGGACAGAGAACACCGGGGAGCTGTTTTTTGGAGAA"	"CASSTSGTENTGELFF"	"ACCTTGGAGCTGGGGGACTCGGCCCTTTATCTTTGCGCCAGCAGCACATCCGGGACAGAGAACACCGGGGAGCTGTTTTTTGGAGAA"	"CASSTSGTENTGELFF"	"TCRBV5-1*1"	"TCRBD1-1*1"	"TCRBJ2-2*1"	45	51	58	59	6	1	NA	NA	"ACCTTGGAGCTGGGGGACTCGGCCCTTTATCTTTGCGCCAGCAGCACATCCGGGACAGAGAACACCGGGGAGCTGTTTTTTGGAGAA"	FALSE	TRUE	NA	NA	NA	NA
"CCTGCAAAGCTTGAGGACTCGGCCGTGTATCTCTGTGCCAGCAGCCTCACGACAGTCTCCTACCAAGAGACCCAGTACTTCGGGCCA"	"CASSLTTVSYQETQYF"	"CCTGCAAAGCTTGAGGACTCGGCCGTGTATCTCTGTGCCAGCAGCCTCACGACAGTCTCCTACCAAGAGACCCAGTACTTCGGGCCA"	"CASSLTTVSYQETQYF"	"TCRBV11-2"	"TCRBD1-1*1"	"TCRBJ2-5*1"	45	50	55	61	5	6	NA	NA	"CCTGCAAAGCTTGAGGACTCGGCCGTGTATCTCTGTGCCAGCAGCCTCACGACAGTCTCCTACCAAGAGACCCAGTACTTCGGGCCA"	FALSE	TRUE	NA	NA	NA	NA
"CCAGCCCCAACCAGACCTCTCTGTACTTCTGTGCCAGCAGTGCAACCACCGGGACTAGCTCGGTCCTACGAGCAGTACTTCGGGCCG"	""	"CCAGCCCCAACCAGACCTCTCTGTACTTCTGTGCCAGCAGTGCAACCACCGGGACTAGCTCGGTCCTACGAGCAGTACTTCGGGCCG"	""	"TCRBV27-1*1"	"TCRBD2-1"	"TCRBJ2-7*1"	41	50	59	63	9	4	NA	NA	"CCAGCCCCAACCAGACCTCTCTGTACTTCTGTGCCAGCAGTGCAACCACCGGGACTAGCTCGGTCCTACGAGCAGTACTTCGGGCCG"	FALSE	FALSE	NA	NA	NA	NA
"AATGTGAACGCCTTGTTGCTGGGGGACTCGGCCCTGTATCTCTGTGCCAGCAGCTTGGTATCCCGGGGGGAGCAGTACTTCGGGCCG"	"CASSLVSRGEQYF"	"AATGTGAACGCCTTGTTGCTGGGGGACTCGGCCCTGTATCTCTGTGCCAGCAGCTTGGTATCCCGGGGGGAGCAGTACTTCGGGCCG"	"CASSLVSRGEQYF"	"TCRBV5-5*1"	"TCRBD2-1*1"	"TCRBJ2-7*1"	58	63	-1	69	5	70	NA	NA	"AATGTGAACGCCTTGTTGCTGGGGGACTCGGCCCTGTATCTCTGTGCCAGCAGCTTGGTATCCCGGGGGGAGCAGTACTTCGGGCCG"	FALSE	TRUE	NA	NA	NA	NA
"ATCCAGCCTGCAAAGCTTGAGGACTCGGCCGTGTATCTCTGTGCCAGCAGTCGGGTCGGAGGCACAGATACGCAGTATTTTGGCCCA"	"CASSRVGGTDTQYF"	"ATCCAGCCTGCAAAGCTTGAGGACTCGGCCGTGTATCTCTGTGCCAGCAGTCGGGTCGGAGGCACAGATACGCAGTATTTTGGCCCA"	"CASSRVGGTDTQYF"	"TCRBV11-2*1"	"TCRBD2-1"	"TCRBJ2-3*1"	50	51	55	61	1	6	NA	NA	"ATCCAGCCTGCAAAGCTTGAGGACTCGGCCGTGTATCTCTGTGCCAGCAGTCGGGTCGGAGGCACAGATACGCAGTATTTTGGCCCA"	FALSE	TRUE	NA	NA	NA	NA
"GTTGGCTGCTCCCTCCCAGACATCTGTGTACTTCTGTGCCACCCGACGTGCGGGGTCGCTAGCACAGATACGCAGTATTTTGGCCCA"	""	"GTTGGCTGCTCCCTCCCAGACATCTGTGTACTTCTGTGCCACCCGACGTGCGGGGTCGCTAGCACAGATACGCAGTATTTTGGCCCA"	""	"TCRBV6-6"	"TCRBD2-1*1"	"TCRBJ2-3*1"	41	49	55	60	8	5	NA	NA	"GTTGGCTGCTCCCTCCCAGACATCTGTGTACTTCTGTGCCACCCGACGTGCGGGGTCGCTAGCACAGATACGCAGTATTTTGGCCCA"	FALSE	FALSE	NA	NA	NA	NA
"ATCCTGGAGTCGCCCAGCCCCAACCAGACCTCTCTGTACTTCTGTGGTAGCGGGAACTTTCTCTACAATGAGCAGTTCTTCGGGCCA"	"CGSGNFLYNEQFF"	"ATCCTGGAGTCGCCCAGCCCCAACCAGACCTCTCTGTACTTCTGTGGTAGCGGGAACTTTCTCTACAATGAGCAGTTCTTCGGGCCA"	"CGSGNFLYNEQFF"	"TCRBV27-1*1"	"TCRBD2-1*2"	"TCRBJ2-1*1"	46	47	55	62	1	7	NA	NA	"ATCCTGGAGTCGCCCAGCCCCAACCAGACCTCTCTGTACTTCTGTGGTAGCGGGAACTTTCTCTACAATGAGCAGTTCTTCGGGCCA"	FALSE	TRUE	NA	NA	NA	NA
"CTGGGGGACTCAGCTTTGTATTTCTGTGCCAGCAGCGTACTCGGGAGGGCGCGAGGGGACAAGGGCGTTGAGCAGTTCTTCGGGCCA"	"CASSVLGRARGDKGVEQFF"	"CTGGGGGACTCAGCTTTGTATTTCTGTGCCAGCAGCGTACTCGGGAGGGCGCGAGGGGACAAGGGCGTTGAGCAGTTCTTCGGGCCA"	"CASSVLGRARGDKGVEQFF"	"TCRBV9-1*1"	"TCRBD2-1*2"	"TCRBJ2-1*1"	39	41	49	68	2	19	NA	NA	"CTGGGGGACTCAGCTTTGTATTTCTGTGCCAGCAGCGTACTCGGGAGGGCGCGAGGGGACAAGGGCGTTGAGCAGTTCTTCGGGCCA"	FALSE	TRUE	NA	NA	NA	NA
"CACTGTGACATCGGCCCAAAAGAACCCGACAGCTTTCTATCTCTGTGCCAGTAGATGGCAGGGTGTCAGCCCCAGCATTTTGGTGAT"	""	"CACTGTGACATCGGCCCAAAAGAACCCGACAGCTTTCTATCTCTGTGCCAGTAGATGGCAGGGTGTCAGCCCCAGCATTTTGGTGAT"	""	"TCRBV19-1*1"	"TCRBD1-1*1"	"TCRBJ1-5*1"	54	58	63	65	4	2	NA	NA	"CACTGTGACATCGGCCCAAAAGAACCCGACAGCTTTCTATCTCTGTGCCAGTAGATGGCAGGGTGTCAGCCCCAGCATTTTGGTGAT"	FALSE	FALSE	NA	NA	NA	NA
"GAGCTTGGTGACTCTGCTGTGTATTTCTGTGCCAGCAGCCAAGAGAGAGGGCCGACAAGCCCTAACAATGAGCAGTTCTTCGGGCCA"	"CASSQERGPTSPNNEQFF"	"GAGCTTGGTGACTCTGCTGTGTATTTCTGTGCCAGCAGCCAAGAGAGAGGGCCGACAAGCCCTAACAATGAGCAGTTCTTCGGGCCA"	"CASSQERGPTSPNNEQFF"	"TCRBV3-1/3-2*1"	"TCRBD2-1*2"	"TCRBJ2-1*1"	44	46	51	64	2	13	NA	NA	"GAGCTTGGTGACTCTGCTGTGTATTTCTGTGCCAGCAGCCAAGAGAGAGGGCCGACAAGCCCTAACAATGAGCAGTTCTTCGGGCCA"	FALSE	TRUE	NA	NA	NA	NA
"ATCCGCTCACCAGGCCTGGGGGACGCAGCCATGTACCTGTGTGCCACCAGCAGACCAGGGTCGTACACTGAAGCTTTCTTTGGACAA"	"CATSRPGSYTEAFF"	"ATCCGCTCACCAGGCCTGGGGGACGCAGCCATGTACCTGTGTGCCACCAGCAGACCAGGGTCGTACACTGAAGCTTTCTTTGGACAA"	"CATSRPGSYTEAFF"	"TCRBV15-1*2"	"TCRBD1-1*1"	"TCRBJ1-1*1"	54	55	60	64	1	4	NA	NA	"ATCCGCTCACCAGGCCTGGGGGACGCAGCCATGTACCTGTGTGCCACCAGCAGACCAGGGTCGTACACTGAAGCTTTCTTTGGACAA"	FALSE	TRUE	NA	NA	NA	NA
"CTACACGCCCTGCAGCCAGAAGACTCAGCCCTGTATCTCTGCGCCAGCAGCAAGCAGGACAGGGTCTACGAGCAGTACTTCGGGCCG"	"CASSKQDRVYEQYF"	"CTACACGCCCTGCAGCCAGAAGACTCAGCCCTGTATCTCTGCGCCAGCAGCAAGCAGGACAGGGTCTACGAGCAGTACTTCGGGCCG"	"CASSKQDRVYEQYF"	"TCRBV4-1*1"	"TCRBD1-1*1"	"TCRBJ2-7*1"	51	56	64	65	5	1	NA	NA	"CTACACGCCCTGCAGCCAGAAGACTCAGCCCTGTATCTCTGCGCCAGCAGCAAGCAGGACAGGGTCTACGAGCAGTACTTCGGGCCG"	FALSE	TRUE	NA	NA	NA	NA
"NCTCTCACTGTGACATCGGCCCAAAAGAACCCGACAGCTTTCTATCTCTGTGCCAGTAGAGACGGACCTGAAGCTTTCTTTGGACAA"	"CASRDGPEAFF"	"NCTCTCACTGTGACATCGGCCCAAAAGAACCCGACAGCTTTCTATCTCTGTGCCAGTAGAGACGGACCTGAAGCTTTCTTTGGACAA"	"CASRDGPEAFF"	"TCRBV19-1*1"	NA	"TCRBJ1-1*1"	59	63	-1	67	4	68	NA	NA	"NCTCTCACTGTGACATCGGCCCAAAAGAACCCGACAGCTTTCTATCTCTGTGCCAGTAGAGACGGACCTGAAGCTTTCTTTGGACAA"	FALSE	TRUE	NA	NA	NA	NA
"CGCACAGAGCAGGAGGACTCGGCCGTGTATCTCTGTGCCAGCAGCCGGACGAGGGCCCAGAACACCGGGGAGCTGTTTTTTGGAGAA"	"CASSRTRAQNTGELFF"	"CGCACAGAGCAGGAGGACTCGGCCGTGTATCTCTGTGCCAGCAGCCGGACGAGGGCCCAGAACACCGGGGAGCTGTTTTTTGGAGAA"	"CASSRTRAQNTGELFF"	"TCRBV7-2"	"TCRBD2-1*2"	"TCRBJ2-2*1"	45	50	55	59	5	4	NA	NA	"CGCACAGAGCAGGAGGACTCGGCCGTGTATCTCTGTGCCAGCAGCCGGACGAGGGCCCAGAACACCGGGGAGCTGTTTTTTGGAGAA"	FALSE	TRUE	NA	NA	NA	NA
"NNNNTGTCGGCTGCTCCCTCCCAGACATCTGTGTACTTCTGTGCCAGCAGTTACGGGGACGGTGGTGGGGCCCAGCATTTTGGTGAT"	"CASSYGDGGGAQHF"	"NNNNTGTCGGCTGCTCCCTCCCAGACATCTGTGTACTTCTGTGCCAGCAGTTACGGGGACGGTGGTGGGGCCCAGCATTTTGGTGAT"	"CASSYGDGGGAQHF"	"TCRBV6-5*1"	NA	"TCRBJ1-5*1"	54	55	60	70	1	10	NA	NA	"NNNNTGTCGGCTGCTCCCTCCCAGACATCTGTGTACTTCTGTGCCAGCAGTTACGGGGACGGTGGTGGGGCCCAGCATTTTGGTGAT"	FALSE	TRUE	NA	NA	NA	NA
"ACATCGGCCCAAAAGAACCCGACAGCTTTCTATCTCTGTGCCAGTAGTATCGGATGGCAGGCGAACACTGAAGCTTTCTTTGGACAA"	"CASSIGWQANTEAFF"	"ACATCGGCCCAAAAGAACCCGACAGCTTTCTATCTCTGTGCCAGTAGTATCGGATGGCAGGCGAACACTGAAGCTTTCTTTGGACAA"	"CASSIGWQANTEAFF"	"TCRBV19-1*1"	"TCRBD1-1*1"	"TCRBJ1-1*1"	50	57	61	62	7	1	NA	NA	"ACATCGGCCCAAAAGAACCCGACAGCTTTCTATCTCTGTGCCAGTAGTATCGGATGGCAGGCGAACACTGAAGCTTTCTTTGGACAA"	FALSE	TRUE	NA	NA	NA	NA
"TCCGCTACCCGCTCCCAGACATCTGTGTATTTCTGCGCCAGCAGTCCGCGGACTAGCGGGAGGCCAGAGACCCAGTACTTCGGGCCA"	"CASSPRTSGRPETQYF"	"TCCGCTACCCGCTCCCAGACATCTGTGTATTTCTGCGCCAGCAGTCCGCGGACTAGCGGGAGGCCAGAGACCCAGTACTTCGGGCCA"	"CASSPRTSGRPETQYF"	"TCRBV1-2*1"	"TCRBD2-1*2"	"TCRBJ2-5*1"	45	49	63	65	4	2	NA	NA	"TCCGCTACCCGCTCCCAGACATCTGTGTATTTCTGCGCCAGCAGTCCGCGGACTAGCGGGAGGCCAGAGACCCAGTACTTCGGGCCA"	FALSE	TRUE	NA	NA	NA	NA
"CTGGAGCTTGGTGACTCTGCTGTGTATTTCTGTGCCAGCAGCCCGGAAGGTACGGAGAGCTCCTACAATGAGCAGTTCTTCGGGCCA"	"CASSPEGTESSYNEQFF"	"CTGGAGCTTGGTGACTCTGCTGTGTATTTCTGTGCCAGCAGCCCGGAAGGTACGGAGAGCTCCTACAATGAGCAGTTCTTCGGGCCA"	"CASSPEGTESSYNEQFF"	"TCRBV3-1/3-2*1"	"TCRBD2-1*2"	"TCRBJ2-1*1"	43	53	57	59	10	2	NA	NA	"CTGGAGCTTGGTGACTCTGCTGTGTATTTCTGTGCCAGCAGCCCGGAAGGTACGGAGAGCTCCTACAATGAGCAGTTCTTCGGGCCA"	FALSE	TRUE	NA	NA	NA	NA
"CTAAACCTGAGCTCTCTGGAGCTGGGGGACTCAGCTTTGTATTTCTGTGCCAGCAGCTATAGCGGATACGAGCAGTACTTCGGGCCG"	"CASSYSGYEQYF"	"CTAAACCTGAGCTCTCTGGAGCTGGGGGACTCAGCTTTGTATTTCTGTGCCAGCAGCTATAGCGGATACGAGCAGTACTTCGGGCCG"	"CASSYSGYEQYF"	"TCRBV9-1*1"	"TCRBD2-1"	"TCRBJ2-7*1"	57	59	65	66	2	1	NA	NA	"CTAAACCTGAGCTCTCTGGAGCTGGGGGACTCAGCTTTGTATTTCTGTGCCAGCAGCTATAGCGGATACGAGCAGTACTTCGGGCCG"	FALSE	TRUE	NA	NA	NA	NA
"CTCACGTTGGCGTCTGCTGTACCCTCTCAGACATCTGTGTACTTCTGTGCCAGCAGTGACCCCCCCTACGAGCAGTACTTCGGGCCG"	"CASSDPPYEQYF"	"CTCACGTTGGCGTCTGCTGTACCCTCTCAGACATCTGTGTACTTCTGTGCCAGCAGTGACCCCCCCTACGAGCAGTACTTCGGGCCG"	"CASSDPPYEQYF"	"TCRBV6-4*1"	NA	"TCRBJ2-7*1"	-1	-1	60	64	0	4	NA	NA	"CTCACGTTGGCGTCTGCTGTACCCTCTCAGACATCTGTGTACTTCTGTGCCAGCAGTGACCCCCCCTACGAGCAGTACTTCGGGCCG"	FALSE	TRUE	NA	NA	NA	NA
"CAGCGCACAGAGCGGGGGGACTCAGCCGTGTATCTCTGTGCCAGCAGCTTATTTTCAGGGGGTAGAGAGACCCAGTACTTCGGGCCA"	"CASSLFSGGRETQYF"	"CAGCGCACAGAGCGGGGGGACTCAGCCGTGTATCTCTGTGCCAGCAGCTTATTTTCAGGGGGTAGAGAGACCCAGTACTTCGGGCCA"	"CASSLFSGGRETQYF"	"TCRBV7-3*1"	"TCRBD1-1*1"	"TCRBJ2-5*1"	51	55	62	65	4	3	NA	NA	"CAGCGCACAGAGCGGGGGGACTCAGCCGTGTATCTCTGTGCCAGCAGCTTATTTTCAGGGGGTAGAGAGACCCAGTACTTCGGGCCA"	FALSE	TRUE	NA	NA	NA	NA
"TCTAAGAAGCTCCTTCTCAGTGACTCTGGCTTCTATCTCTGTGCCTTTGGACTTTCTGGTTGGGTTGACATTCAGTACTTCGGCGCC"	"CAFGLSGWVDIQYF"	"TCTAAGAAGCTCCTTCTCAGTGACTCTGGCTTCTATCTCTGTGCCTTTGGACTTTCTGGTTGGGTTGACATTCAGTACTTCGGCGCC"	"CAFGLSGWVDIQYF"	"TCRBV3-1"	"TCRBD2-1"	"TCRBJ2-4*1"	46	48	53	67	2	14	NA	NA	"TCTAAGAAGCTCCTTCTCAGTGACTCTGGCTTCTATCTCTGTGCCTTTGGACTTTCTGGTTGGGTTGACATTCAGTACTTCGGCGCC"	FALSE	TRUE	NA	NA	NA	NA
"CTGGAGCTTGGTGACTCTGCTGTGTATTTCTGTGCCAGCAGCCAAGCAACCGGGACTAGGTACCCAGATACGCAGTATTTTGGCCCA"	"CASSQATGTRYPDTQYF"	"CTGGAGCTTGGTGACTCTGCTGTGTATTTCTGTGCCAGCAGCCAAGCAACCGGGACTAGGTACCCAGATACGCAGTATTTTGGCCCA"	"CASSQATGTRYPDTQYF"	"TCRBV3-1/3-2*1"	"TCRBD2-1"	"TCRBJ2-3*1"	46	51	59	64	5	5	NA	NA	"CTGGAGCTTGGTGACTCTGCTGTGTATTTCTGTGCCAGCAGCCAAGCAACCGGGACTAGGTACCCAGATACGCAGTATTTTGGCCCA"	FALSE	TRUE	NA	NA	NA	NA
"GTGACCAGTGCCCATCCTGAAGACAGCAGCTTCTACATCTGCAGTGCGCCGGACCGGGAGCGGGACTACGAGCAGTACTTCGGGCCG"	"CSAPDRERDYEQYF"	"GTGACCAGTGCCCATCCTGAAGACAGCAGCTTCTACATCTGCAGTGCGCCGGACCGGGAGCGGGACTACGAGCAGTACTTCGGGCCG"	"CSAPDRERDYEQYF"	NA	"TCRBD2-1*2"	"TCRBJ2-7*1"	47	58	-1	65	11	66	NA	NA	"GTGACCAGTGCCCATCCTGAAGACAGCAGCTTCTACATCTGCAGTGCGCCGGACCGGGAGCGGGACTACGAGCAGTACTTCGGGCCG"	FALSE	TRUE	NA	NA	NA	NA
"AGCAACATGAGCCCTGAAGACAGCAGCATATATCTCTGCAGCGTCCAACCGGGACTAGCACGATACAATGAGCAGTTCTTCGGGCCA"	"CSVQPGLARYNEQFF"	"AGCAACATGAGCCCTGAAGACAGCAGCATATATCTCTGCAGCGTCCAACCGGGACTAGCACGATACAATGAGCAGTTCTTCGGGCCA"	"CSVQPGLARYNEQFF"	"TCRBV29-1"	"TCRBD2-1"	"TCRBJ2-1*1"	44	50	59	63	6	4	NA	NA	"AGCAACATGAGCCCTGAAGACAGCAGCATATATCTCTGCAGCGTCCAACCGGGACTAGCACGATACAATGAGCAGTTCTTCGGGCCA"	FALSE	TRUE	NA	NA	NA	NA
"TCCACAAAGCTGGAGGACTCAGCCATGTACTTCTGTGCCAGCAGTGCCCAGGGGGGGACTAGCGGGTTAAAGCAGTTCTTCGGGCCA"	"CASSAQGGTSGLKQFF"	"TCCACAAAGCTGGAGGACTCAGCCATGTACTTCTGTGCCAGCAGTGCCCAGGGGGGGACTAGCGGGTTAAAGCAGTTCTTCGGGCCA"	"CASSAQGGTSGLKQFF"	"TCRBV2-1"	"TCRBD2-1"	"TCRBJ2-1*1"	46	54	66	70	8	4	NA	NA	"TCCACAAAGCTGGAGGACTCAGCCATGTACTTCTGTGCCAGCAGTGCCCAGGGGGGGACTAGCGGGTTAAAGCAGTTCTTCGGGCCA"	FALSE	TRUE	NA	NA	NA	NA
"TCCCTGTCCCTAGAGTCTGCCATCCCCAACCAGACAGCTCTTTACTTCTGTGCCACCAGTGTCGGCTACGAGCAGTACTTCGGGCCG"	"CATSVGYEQYF"	"TCCCTGTCCCTAGAGTCTGCCATCCCCAACCAGACAGCTCTTTACTTCTGTGCCACCAGTGTCGGCTACGAGCAGTACTTCGGGCCG"	"CATSVGYEQYF"	"TCRBV24-1*1"	"TCRBD2-1"	"TCRBJ2-7*1"	61	62	-1	65	1	66	NA	NA	"TCCCTGTCCCTAGAGTCTGCCATCCCCAACCAGACAGCTCTTTACTTCTGTGCCACCAGTGTCGGCTACGAGCAGTACTTCGGGCCG"	FALSE	TRUE	NA	NA	NA	NA
"ACTCTGGAGTCCGCTACCAGCTCCCAGACATCTGTGTACTTCTGTGCCATCAGTGAGGGACGACTAGTTGAGCAGTTCTTCGGGCCA"	"CAISEGRLVEQFF"	"ACTCTGGAGTCCGCTACCAGCTCCCAGACATCTGTGTACTTCTGTGCCATCAGTGAGGGACGACTAGTTGAGCAGTTCTTCGGGCCA"	"CAISEGRLVEQFF"	"TCRBV1-3*1"	"TCRBD2-1"	"TCRBJ2-1*1"	57	61	67	68	4	1	NA	NA	"ACTCTGGAGTCCGCTACCAGCTCCCAGACATCTGTGTACTTCTGTGCCATCAGTGAGGGACGACTAGTTGAGCAGTTCTTCGGGCCA"	FALSE	TRUE	NA	NA	NA	NA
"ATCCAGCAGGTAGTGCGAGGAGATTCGGCAGCTTATTTCTGTGCCAGCTCACCGGGAGGGTCGCTCACTGAAGCTTTCTTTGGACAA"	"CASSPGGSLTEAFF"	"ATCCAGCAGGTAGTGCGAGGAGATTCGGCAGCTTATTTCTGTGCCAGCTCACCGGGAGGGTCGCTCACTGAAGCTTTCTTTGGACAA"	"CASSPGGSLTEAFF"	"TCRBV18-1*1"	"TCRBD2-1*2"	"TCRBJ1-1*1"	-1	53	60	65	54	5	NA	NA	"ATCCAGCAGGTAGTGCGAGGAGATTCGGCAGCTTATTTCTGTGCCAGCTCACCGGGAGGGTCGCTCACTGAAGCTTTCTTTGGACAA"	FALSE	TRUE	NA	NA	NA	NA
"AATTCCCTGGAGCTTGGTGACTCTGCTGTGTATTTCTGTGCCAGCAGCCAAGCATCCTCCCTGGGTCAGCCCCAGCATTTTGGTGAT"	"CASSQASSLGQPQHF"	"AATTCCCTGGAGCTTGGTGACTCTGCTGTGTATTTCTGTGCCAGCAGCCAAGCATCCTCCCTGGGTCAGCCCCAGCATTTTGGTGAT"	"CASSQASSLGQPQHF"	"TCRBV3-1/3-2*1"	NA	"TCRBJ1-5*1"	52	62	-1	65	10	66	NA	NA	"AATTCCCTGGAGCTTGGTGACTCTGCTGTGTATTTCTGTGCCAGCAGCCAAGCATCCTCCCTGGGTCAGCCCCAGCATTTTGGTGAT"	FALSE	TRUE	NA	NA	NA	NA
"ACAGTGACCAGTGCCCATCCTGAAGACAGCAGCTTCTACATCTGCAGTGCTACCCCCGGGGGGCGGGGGGGGCAGTTCTTCGGGCCA"	"CSATPGGRGGQFF"	"ACAGTGACCAGTGCCCATCCTGAAGACAGCAGCTTCTACATCTGCAGTGCTACCCCCGGGGGGCGGGGGGGGCAGTTCTTCGGGCCA"	"CSATPGGRGGQFF"	NA	"TCRBD2-1*1"	"TCRBJ2-1*1"	52	62	-1	71	10	72	NA	NA	"ACAGTGACCAGTGCCCATCCTGAAGACAGCAGCTTCTACATCTGCAGTGCTACCCCCGGGGGGCGGGGGGGGCAGTTCTTCGGGCCA"	FALSE	TRUE	NA	NA	NA	NA
"GTGCAGCCTGCAGAACTGGAGGATTCTGGAGTTTATTTCTGTGCCAGCAGCACCCGGACAGGATCCTACGAGCAGTACTTCGGGCCG"	"CASSTRTGSYEQYF"	"GTGCAGCCTGCAGAACTGGAGGATTCTGGAGTTTATTTCTGTGCCAGCAGCACCCGGACAGGATCCTACGAGCAGTACTTCGGGCCG"	"CASSTRTGSYEQYF"	"TCRBV14-1*1"	"TCRBD1-1*1"	"TCRBJ2-7*1"	51	55	62	63	4	1	NA	NA	"GTGCAGCCTGCAGAACTGGAGGATTCTGGAGTTTATTTCTGTGCCAGCAGCACCCGGACAGGATCCTACGAGCAGTACTTCGGGCCG"	FALSE	TRUE	NA	NA	NA	NA
"ACAGTGACCAGTGCCCATCCTGAAGACAGCAGCTTCTACATCTGCAGTGGGCACGTCCTCGTCTCCTACGAGCAGTACTTCGGGCCG"	"CSGHVLVSYEQYF"	"ACAGTGACCAGTGCCCATCCTGAAGACAGCAGCTTCTACATCTGCAGTGGGCACGTCCTCGTCTCCTACGAGCAGTACTTCGGGCCG"	"CSGHVLVSYEQYF"	NA	"TCRBD1-1*1"	"TCRBJ2-7*1"	-1	49	52	62	50	10	NA	NA	"ACAGTGACCAGTGCCCATCCTGAAGACAGCAGCTTCTACATCTGCAGTGGGCACGTCCTCGTCTCCTACGAGCAGTACTTCGGGCCG"	FALSE	TRUE	NA	NA	NA	NA
"NNNNNNNTGTCGGCTGCTCCCTCCCAAACATCTGTGTACTTCTGTGCCAGCAGTGCTAGCGTTCGATACGAGCAGTACTTCGGGCCG"	"CASSASVRYEQYF"	"NNNNNNNTGTCGGCTGCTCCCTCCCAAACATCTGTGTACTTCTGTGCCAGCAGTGCTAGCGTTCGATACGAGCAGTACTTCGGGCCG"	"CASSASVRYEQYF"	"TCRBV6-2/6-3*1"	"TCRBD2-1"	"TCRBJ2-7*1"	54	55	61	66	1	5	NA	NA	"NNNNNNNTGTCGGCTGCTCCCTCCCAAACATCTGTGTACTTCTGTGCCAGCAGTGCTAGCGTTCGATACGAGCAGTACTTCGGGCCG"	FALSE	TRUE	NA	NA	NA	NA
"TCGGCCCAAAAGAACCCGACAGCTTTCTATCTCTGTGCCAGTAGTGCCTTAGGACTAGCGGGACCCAATGAGCAGTTCTTCGGGCCA"	"CASSALGLAGPNEQFF"	"TCGGCCCAAAAGAACCCGACAGCTTTCTATCTCTGTGCCAGTAGTGCCTTAGGACTAGCGGGACCCAATGAGCAGTTCTTCGGGCCA"	"CASSALGLAGPNEQFF"	"TCRBV19-1*1"	"TCRBD2-1*2"	"TCRBJ2-1*1"	45	51	63	65	6	2	NA	NA	"TCGGCCCAAAAGAACCCGACAGCTTTCTATCTCTGTGCCAGTAGTGCCTTAGGACTAGCGGGACCCAATGAGCAGTTCTTCGGGCCA"	FALSE	TRUE	NA	NA	NA	NA
"NNNNNNNTGTCGGCTGCTCCCTCCCAGACATCTGTGTACTTCTGTGCCAGCAGTCCCCTGGAGGGCACTGAAGCTTTCTTTGGACAA"	"CASSPLEGTEAFF"	"NNNNNNNTGTCGGCTGCTCCCTCCCAGACATCTGTGTACTTCTGTGCCAGCAGTCCCCTGGAGGGCACTGAAGCTTTCTTTGGACAA"	"CASSPLEGTEAFF"	"TCRBV6-5*1"	"TCRBD2-1*2"	"TCRBJ1-1*1"	54	59	-1	65	5	66	NA	NA	"NNNNNNNTGTCGGCTGCTCCCTCCCAGACATCTGTGTACTTCTGTGCCAGCAGTCCCCTGGAGGGCACTGAAGCTTTCTTTGGACAA"	FALSE	TRUE	NA	NA	NA	NA
"AACCTGAGCTCTCTGGAGCTGGGGGACTCAGCTTTGTATTTCTGTGCCAGCAGCGTAGCCAGAGGGGATACGCAGTATTTTGGCCCA"	"CASSVARGDTQYF"	"AACCTGAGCTCTCTGGAGCTGGGGGACTCAGCTTTGTATTTCTGTGCCAGCAGCGTAGCCAGAGGGGATACGCAGTATTTTGGCCCA"	"CASSVARGDTQYF"	"TCRBV9-1*1"	"TCRBD2-1*2"	"TCRBJ2-3*1"	58	61	-1	66	3	67	NA	NA	"AACCTGAGCTCTCTGGAGCTGGGGGACTCAGCTTTGTATTTCTGTGCCAGCAGCGTAGCCAGAGGGGATACGCAGTATTTTGGCCCA"	FALSE	TRUE	NA	NA	NA	NA
"GCAACATGAGCCCTGAAGACAGCAGCATATATCTCTGCAGCGTGGAAGCCTCACGGGACAGACAACTATGGCTACACCTTCGGTTCG"	""	"GCAACATGAGCCCTGAAGACAGCAGCATATATCTCTGCAGCGTGGAAGCCTCACGGGACAGACAACTATGGCTACACCTTCGGTTCG"	""	"TCRBV29-1"	"TCRBD1-1*1"	"TCRBJ1-2*1"	48	54	61	63	6	2	NA	NA	"GCAACATGAGCCCTGAAGACAGCAGCATATATCTCTGCAGCGTGGAAGCCTCACGGGACAGACAACTATGGCTACACCTTCGGTTCG"	FALSE	FALSE	NA	NA	NA	NA
"CTGACGATCCAGCGCACAGAGCAGGAGGACTCGGCCGTGTATCTCTGTGCCAGCAGCTTATACCCTCAGCCCCAGCATTTTGGTGAT"	"CASSLYPQPQHF"	"CTGACGATCCAGCGCACAGAGCAGGAGGACTCGGCCGTGTATCTCTGTGCCAGCAGCTTATACCCTCAGCCCCAGCATTTTGGTGAT"	"CASSLYPQPQHF"	"TCRBV7-2"	NA	"TCRBJ1-5*1"	60	61	63	65	1	2	NA	NA	"CTGACGATCCAGCGCACAGAGCAGGAGGACTCGGCCGTGTATCTCTGTGCCAGCAGCTTATACCCTCAGCCCCAGCATTTTGGTGAT"	FALSE	TRUE	NA	NA	NA	NA
"GTGCAGCCTGCAGAACTGGAGGATTCTGGAGTTTATTTCTGTGCCAGCAGCCAAGTATTAGGGGCCGGGGAGCTGTTTTTTGGAGAA"	"CASSQVLGAGELFF"	"GTGCAGCCTGCAGAACTGGAGGATTCTGGAGTTTATTTCTGTGCCAGCAGCCAAGTATTAGGGGCCGGGGAGCTGTTTTTTGGAGAA"	"CASSQVLGAGELFF"	"TCRBV14-1*1"	"TCRBD1-1*1"	"TCRBJ2-2*1"	55	59	-1	64	4	65	NA	NA	"GTGCAGCCTGCAGAACTGGAGGATTCTGGAGTTTATTTCTGTGCCAGCAGCCAAGTATTAGGGGCCGGGGAGCTGTTTTTTGGAGAA"	FALSE	TRUE	NA	NA	NA	NA
"TCCCTGGAGCTTGGTGACTCTGCTGTGTATTTCTGTGCCAGCAGCCAAAGGGCCGCAAGTTCTGGAAACACCATATATTTTGGAGAG"	"CASSQRAASSGNTIYF"	"TCCCTGGAGCTTGGTGACTCTGCTGTGTATTTCTGTGCCAGCAGCCAAAGGGCCGCAAGTTCTGGAAACACCATATATTTTGGAGAG"	"CASSQRAASSGNTIYF"	"TCRBV3-1/3-2*1"	NA	"TCRBJ1-3*1"	-1	48	52	60	49	8	NA	NA	"TCCCTGGAGCTTGGTGACTCTGCTGTGTATTTCTGTGCCAGCAGCCAAAGGGCCGCAAGTTCTGGAAACACCATATATTTTGGAGAG"	FALSE	TRUE	NA	NA	NA	NA
"CAGCCCTCAGAACCCAGGGACTCAGCTGTGTACTTCTGTGCCAGCAGACCCTCACGGGGAATTGGAAACACCATATATTTTGGAGAG"	"CASRPSRGIGNTIYF"	"CAGCCCTCAGAACCCAGGGACTCAGCTGTGTACTTCTGTGCCAGCAGACCCTCACGGGGAATTGGAAACACCATATATTTTGGAGAG"	"CASRPSRGIGNTIYF"	NA	"TCRBD2-1*1"	"TCRBJ1-3*1"	47	54	59	62	7	3	NA	NA	"CAGCCCTCAGAACCCAGGGACTCAGCTGTGTACTTCTGTGCCAGCAGACCCTCACGGGGAATTGGAAACACCATATATTTTGGAGAG"	FALSE	TRUE	NA	NA	NA	NA
"ACGCCCTGCAGCCAGAAGACTCAGCCCTGTATCTCTGCGCCAGCAGCCAAGGCGTACCCCTGCGTTTACGAGCAGTACTTCGGGCCG"	""	"ACGCCCTGCAGCCAGAAGACTCAGCCCTGTATCTCTGCGCCAGCAGCCAAGGCGTACCCCTGCGTTTACGAGCAGTACTTCGGGCCG"	""	"TCRBV4-1*1"	"TCRBD2-1"	"TCRBJ2-7*1"	-1	51	54	66	52	12	NA	NA	"ACGCCCTGCAGCCAGAAGACTCAGCCCTGTATCTCTGCGCCAGCAGCCAAGGCGTACCCCTGCGTTTACGAGCAGTACTTCGGGCCG"	FALSE	FALSE	NA	NA	NA	NA
"CTGACGATTCAGCGCACAGAGCAGCGGGACTCGGCCATGTATCGCTGTGCCAGCAGCTTATATTTAGAGACCCAGTACTTCGGGCCA"	"CASSLYLETQYF"	"CTGACGATTCAGCGCACAGAGCAGCGGGACTCGGCCATGTATCGCTGTGCCAGCAGCTTATATTTAGAGACCCAGTACTTCGGGCCA"	"CASSLYLETQYF"	NA	"TCRBD2-1"	"TCRBJ2-5*1"	-1	60	62	65	61	3	NA	NA	"CTGACGATTCAGCGCACAGAGCAGCGGGACTCGGCCATGTATCGCTGTGCCAGCAGCTTATATTTAGAGACCCAGTACTTCGGGCCA"	FALSE	TRUE	NA	NA	NA	NA
"AAGAAGCTCCTTCTCAGTGACTCTGGCTTCTATCTCTGTGCCTGGAGTGTGAGGCTAGCGGGAGCCGGGGAGCTGTTTTTTGGAGAA"	"CAWSVRLAGAGELFF"	"AAGAAGCTCCTTCTCAGTGACTCTGGCTTCTATCTCTGTGCCTGGAGTGTGAGGCTAGCGGGAGCCGGGGAGCTGTTTTTTGGAGAA"	"CAWSVRLAGAGELFF"	"TCRBV3-1*1"	"TCRBD2-1*2"	"TCRBJ2-2*1"	50	54	-1	64	4	65	NA	NA	"AAGAAGCTCCTTCTCAGTGACTCTGGCTTCTATCTCTGTGCCTGGAGTGTGAGGCTAGCGGGAGCCGGGGAGCTGTTTTTTGGAGAA"	FALSE	TRUE	NA	NA	NA	NA
"GGCTGCTCCCTCCCAGACATCTGTGTACTTCTGTGCCAGCACCCGGGCCGTGGCTACTCTGGGGCCAACGTCCTGACTTTCGGGGCC"	""	"GGCTGCTCCCTCCCAGACATCTGTGTACTTCTGTGCCAGCACCCGGGCCGTGGCTACTCTGGGGCCAACGTCCTGACTTTCGGGGCC"	""	NA	NA	"TCRBJ2-6*1"	41	44	48	56	3	8	NA	NA	"GGCTGCTCCCTCCCAGACATCTGTGTACTTCTGTGCCAGCACCCGGGCCGTGGCTACTCTGGGGCCAACGTCCTGACTTTCGGGGCC"	FALSE	FALSE	NA	NA	NA	NA
"GCCCTGCAGCCAGAAGACTCAGCCCTGTATCTCTGCGCCAGCAGCCGACTCAGGGGGAGCCTTACCGGGGAGCTGTTTTTTGGAGAA"	"CASSRLRGSLTGELFF"	"GCCCTGCAGCCAGAAGACTCAGCCCTGTATCTCTGCGCCAGCAGCCGACTCAGGGGGAGCCTTACCGGGGAGCTGTTTTTTGGAGAA"	"CASSRLRGSLTGELFF"	"TCRBV4-1*1"	"TCRBD1-1*1"	"TCRBJ2-2*1"	46	50	57	63	4	6	NA	NA	"GCCCTGCAGCCAGAAGACTCAGCCCTGTATCTCTGCGCCAGCAGCCGACTCAGGGGGAGCCTTACCGGGGAGCTGTTTTTTGGAGAA"	FALSE	TRUE	NA	NA	NA	NA
"TGGGGACTCGGCCGTGTATCTCTGTGCCAGCAGCTTACGCCGCCAACCGGACTAGCGTTGAACACCGGGGAGCTGTTTTTTGGAGAA"	""	"TGGGGACTCGGCCGTGTATCTCTGTGCCAGCAGCTTACGCCGCCAACCGGACTAGCGTTGAACACCGGGGAGCTGTTTTTTGGAGAA"	""	"TCRBV11-3*1"	"TCRBD2-1"	"TCRBJ2-2*1"	37	48	57	59	11	2	NA	NA	"TGGGGACTCGGCCGTGTATCTCTGTGCCAGCAGCTTACGCCGCCAACCGGACTAGCGTTGAACACCGGGGAGCTGTTTTTTGGAGAA"	FALSE	FALSE	NA	NA	NA	NA
"CGGTCCACAAAGCTGGAGGACTCAGCCATGTACTTCTGTGCCAGCACTTCGGTAGGGGCATCCTACAATGAGCAGTTCTTCGGGCCA"	"CASTSVGASYNEQFF"	"CGGTCCACAAAGCTGGAGGACTCAGCCATGTACTTCTGTGCCAGCACTTCGGTAGGGGCATCCTACAATGAGCAGTTCTTCGGGCCA"	"CASTSVGASYNEQFF"	"TCRBV2-1"	"TCRBD1-1*1"	"TCRBJ2-1*1"	46	53	58	60	7	2	NA	NA	"CGGTCCACAAAGCTGGAGGACTCAGCCATGTACTTCTGTGCCAGCACTTCGGTAGGGGCATCCTACAATGAGCAGTTCTTCGGGCCA"	FALSE	TRUE	NA	NA	NA	NA
"GTCTGCCATCCCCAACCAGACAGCTCTTTACTTCTGTGCCAAGGACCGGGACTAGCGGGAGTCACCGGGGAGCTGTTTTTTGGAGAA"	""	"GTCTGCCATCCCCAACCAGACAGCTCTTTACTTCTGTGCCAAGGACCGGGACTAGCGGGAGTCACCGGGGAGCTGTTTTTTGGAGAA"	""	"TCRBV24-1*1"	"TCRBD2-1*2"	"TCRBJ2-2*1"	41	47	61	62	6	1	NA	NA	"GTCTGCCATCCCCAACCAGACAGCTCTTTACTTCTGTGCCAAGGACCGGGACTAGCGGGAGTCACCGGGGAGCTGTTTTTTGGAGAA"	FALSE	FALSE	NA	NA	NA	NA
"GTGAGCAACATGAGCCCTGAAGACAGCAGCATATATCCGGGCGGAGTGCTCCTACCCCCTAAAGCCTACGAGCAGTACTTCGGGCCG"	"GGVLLPPKAYEQYF"	"GTGAGCAACATGAGCCCTGAAGACAGCAGCATATATCCGGGCGGAGTGCTCCTACCCCCTAAAGCCTACGAGCAGTACTTCGGGCCG"	"GGVLLPPKAYEQYF"	"TCRBV29-1"	NA	"TCRBJ2-7*1"	37	38	42	64	1	22	NA	NA	"GTGAGCAACATGAGCCCTGAAGACAGCAGCATATATCCGGGCGGAGTGCTCCTACCCCCTAAAGCCTACGAGCAGTACTTCGGGCCG"	FALSE	TRUE	NA	NA	NA	NA
"CGGTCCACAAAGCTGGAGGACTCAGCCATGTACTTCTGTGCCAGCTCTATAACTAGCGGGCCGACCGTGGAGCAGTTCTTCGGGCCA"	"CASSITSGPTVEQFF"	"CGGTCCACAAAGCTGGAGGACTCAGCCATGTACTTCTGTGCCAGCTCTATAACTAGCGGGCCGACCGTGGAGCAGTTCTTCGGGCCA"	"CASSITSGPTVEQFF"	"TCRBV2-1"	"TCRBD2-1"	"TCRBJ2-1*1"	45	51	60	69	6	9	NA	NA	"CGGTCCACAAAGCTGGAGGACTCAGCCATGTACTTCTGTGCCAGCTCTATAACTAGCGGGCCGACCGTGGAGCAGTTCTTCGGGCCA"	FALSE	TRUE	NA	NA	NA	NA
"ACTCTGACAGTGACCAGTGCCCATCCTGAAGACAGCAGCTTCTACATCTGCAGTGCTAGTAACAGCTACGAGCAGTACTTCGGGCCG"	"CSASNSYEQYF"	"ACTCTGACAGTGACCAGTGCCCATCCTGAAGACAGCAGCTTCTACATCTGCAGTGCTAGTAACAGCTACGAGCAGTACTTCGGGCCG"	"CSASNSYEQYF"	"TCRBV2-1*4"	"TCRBD1-1*1"	"TCRBJ2-7*1"	60	61	-1	65	1	66	NA	NA	"ACTCTGACAGTGACCAGTGCCCATCCTGAAGACAGCAGCTTCTACATCTGCAGTGCTAGTAACAGCTACGAGCAGTACTTCGGGCCG"	FALSE	TRUE	NA	NA	NA	NA
"GAGTCTGCCATCCCCAACCAGACAGCTCTTTACTTCTGTGCCACCAGTGATTTGCAGGGAGATTACAATGAGCAGTTCTTCGGGCCA"	"CATSDLQGDYNEQFF"	"GAGTCTGCCATCCCCAACCAGACAGCTCTTTACTTCTGTGCCACCAGTGATTTGCAGGGAGATTACAATGAGCAGTTCTTCGGGCCA"	"CATSDLQGDYNEQFF"	"TCRBV24-1*1"	NA	"TCRBJ2-1*1"	-1	54	59	63	55	4	NA	NA	"GAGTCTGCCATCCCCAACCAGACAGCTCTTTACTTCTGTGCCACCAGTGATTTGCAGGGAGATTACAATGAGCAGTTCTTCGGGCCA"	FALSE	TRUE	NA	NA	NA	NA
"NNNNNNNTGTCGGCTGCTCCCTCCCAGACATCTGTGTACTTCTGTGCCAGCAGATCAGGACCCGCCTACGAGCAGTACTTCGGGCCG"	"CASRSGPAYEQYF"	"NNNNNNNTGTCGGCTGCTCCCTCCCAGACATCTGTGTACTTCTGTGCCAGCAGATCAGGACCCGCCTACGAGCAGTACTTCGGGCCG"	"CASRSGPAYEQYF"	"TCRBV6-5*1"	NA	"TCRBJ2-7*1"	53	57	61	64	4	3	NA	NA	"NNNNNNNTGTCGGCTGCTCCCTCCCAGACATCTGTGTACTTCTGTGCCAGCAGATCAGGACCCGCCTACGAGCAGTACTTCGGGCCG"	FALSE	TRUE	NA	NA	NA	NA
"TCCAGCGCACAGAGCGGGGGGACTCAGCCGTGTATCTCTGTGCCAGCACCCCAGGGGCGTCGGGGGGAGACCCAGTACTTCGGGCCA"	""	"TCCAGCGCACAGAGCGGGGGGACTCAGCCGTGTATCTCTGTGCCAGCACCCCAGGGGCGTCGGGGGGAGACCCAGTACTTCGGGCCA"	""	"TCRBV7-3*1"	NA	"TCRBJ2-5*1"	48	51	57	66	3	9	NA	NA	"TCCAGCGCACAGAGCGGGGGGACTCAGCCGTGTATCTCTGTGCCAGCACCCCAGGGGCGTCGGGGGGAGACCCAGTACTTCGGGCCA"	FALSE	FALSE	NA	NA	NA	NA
"GAGTCGCCCAGCCCCAACCAGACCTCTCTGTACTTCTGTGCCAGCAGCCCTTGGGGTATTGACACCGGGGAGCTGTTTTTTGGAGAA"	"CASSPWGIDTGELFF"	"GAGTCGCCCAGCCCCAACCAGACCTCTCTGTACTTCTGTGCCAGCAGCCCTTGGGGTATTGACACCGGGGAGCTGTTTTTTGGAGAA"	"CASSPWGIDTGELFF"	"TCRBV27-1*1"	NA	"TCRBJ2-2*1"	47	52	56	61	5	5	NA	NA	"GAGTCGCCCAGCCCCAACCAGACCTCTCTGTACTTCTGTGCCAGCAGCCCTTGGGGTATTGACACCGGGGAGCTGTTTTTTGGAGAA"	FALSE	TRUE	NA	NA	NA	NA
"CAGGGGGACTCGGCCGTGTATGTCTGTGCAAGTCGCTTACCTCTGGCCCTTCTAGCGGCGGCGTTTTACGAGCAGTACTTCGGGCCG"	"CASRLPLALLAAAFYEQYF"	"CAGGGGGACTCGGCCGTGTATGTCTGTGCAAGTCGCTTACCTCTGGCCCTTCTAGCGGCGGCGTTTTACGAGCAGTACTTCGGGCCG"	"CASRLPLALLAAAFYEQYF"	"TCRBV12-2*1"	"TCRBD2-1"	"TCRBJ2-7*1"	39	51	58	66	12	8	NA	NA	"CAGGGGGACTCGGCCGTGTATGTCTGTGCAAGTCGCTTACCTCTGGCCCTTCTAGCGGCGGCGTTTTACGAGCAGTACTTCGGGCCG"	FALSE	TRUE	NA	NA	NA	NA
"GAGTCCGCCAGCACCAACCAGACATCTATGTACCTCTGTGCCAGCAGTTTAGTGGAGCGGAGCACAGATACGCAGTATTTTGGCCCA"	"CASSLVERSTDTQYF"	"GAGTCCGCCAGCACCAACCAGACATCTATGTACCTCTGTGCCAGCAGTTTAGTGGAGCGGAGCACAGATACGCAGTATTTTGGCCCA"	"CASSLVERSTDTQYF"	"TCRBV28-1*1"	"TCRBD2-1"	"TCRBJ2-3*1"	51	55	-1	60	4	61	NA	NA	"GAGTCCGCCAGCACCAACCAGACATCTATGTACCTCTGTGCCAGCAGTTTAGTGGAGCGGAGCACAGATACGCAGTATTTTGGCCCA"	FALSE	TRUE	NA	NA	NA	NA
"AGCAACATGAGCCCTGAAGACAGCAGCATATATCTCTGCAGCGTTGAAGTCGGGACAGGGCAGCCGTACGAGCAGTACTTCGGGCCG"	"CSVEVGTGQPYEQYF"	"AGCAACATGAGCCCTGAAGACAGCAGCATATATCTCTGCAGCGTTGAAGTCGGGACAGGGCAGCCGTACGAGCAGTACTTCGGGCCG"	"CSVEVGTGQPYEQYF"	"TCRBV29-1"	"TCRBD1-1*1"	"TCRBJ2-7*1"	49	51	60	66	2	6	NA	NA	"AGCAACATGAGCCCTGAAGACAGCAGCATATATCTCTGCAGCGTTGAAGTCGGGACAGGGCAGCCGTACGAGCAGTACTTCGGGCCG"	FALSE	TRUE	NA	NA	NA	NA
"TCAGGGGACACAGCACTGTATTTCTGTGCCAGCAGCAAAGTGGGTAGCGGGAGAAGGAGCATCGGGAATGAGCAGTTCTTCGGGCCA"	"CASSKVGSGRRSIGNEQFF"	"TCAGGGGACACAGCACTGTATTTCTGTGCCAGCAGCAAAGTGGGTAGCGGGAGAAGGAGCATCGGGAATGAGCAGTTCTTCGGGCCA"	"CASSKVGSGRRSIGNEQFF"	"TCRBV21-1*1"	"TCRBD2-1*2"	"TCRBJ2-1*1"	40	44	53	66	4	13	NA	NA	"TCAGGGGACACAGCACTGTATTTCTGTGCCAGCAGCAAAGTGGGTAGCGGGAGAAGGAGCATCGGGAATGAGCAGTTCTTCGGGCCA"	FALSE	TRUE	NA	NA	NA	NA
"CTGAGTTCTAAGAAGCTCCTTCTCAGTGACTCTGGCTTCTATCTCTGTGCCTGGAGGTCCGAGGGTCAGCCCCAGCATTTTGGTGAT"	"CAWRSEGQPQHF"	"CTGAGTTCTAAGAAGCTCCTTCTCAGTGACTCTGGCTTCTATCTCTGTGCCTGGAGGTCCGAGGGTCAGCCCCAGCATTTTGGTGAT"	"CAWRSEGQPQHF"	"TCRBV3-1*1"	"TCRBD2-1*2"	"TCRBJ1-5*1"	56	60	-1	65	4	66	NA	NA	"CTGAGTTCTAAGAAGCTCCTTCTCAGTGACTCTGGCTTCTATCTCTGTGCCTGGAGGTCCGAGGGTCAGCCCCAGCATTTTGGTGAT"	FALSE	TRUE	NA	NA	NA	NA
"CTGACAGTGACCAGTGCCCATCCTGAAGACAGCAGCTTCTACATCTGCAGTGCTAGAGACCCCCGCTACGAGCAGTACTTCGGGCCG"	"CSARDPRYEQYF"	"CTGACAGTGACCAGTGCCCATCCTGAAGACAGCAGCTTCTACATCTGCAGTGCTAGAGACCCCCGCTACGAGCAGTACTTCGGGCCG"	"CSARDPRYEQYF"	NA	"TCRBD2-1"	"TCRBJ2-7*1"	59	63	-1	65	4	66	NA	NA	"CTGACAGTGACCAGTGCCCATCCTGAAGACAGCAGCTTCTACATCTGCAGTGCTAGAGACCCCCGCTACGAGCAGTACTTCGGGCCG"	FALSE	TRUE	NA	NA	NA	NA
"AGTGCCCATCCTGAAGACAGCAGCTTCTACATCTGCAGTGCTAGAGCCAAACTAGCGGGAGTTGCAGATACGCAGTATTTTGGCCCA"	"CSARAKLAGVADTQYF"	"AGTGCCCATCCTGAAGACAGCAGCTTCTACATCTGCAGTGCTAGAGCCAAACTAGCGGGAGTTGCAGATACGCAGTATTTTGGCCCA"	"CSARAKLAGVADTQYF"	NA	"TCRBD2-1*2"	"TCRBJ2-3*1"	46	50	61	64	4	3	NA	NA	"AGTGCCCATCCTGAAGACAGCAGCTTCTACATCTGCAGTGCTAGAGCCAAACTAGCGGGAGTTGCAGATACGCAGTATTTTGGCCCA"	FALSE	TRUE	NA	NA	NA	NA
"AAGATCCAGCCTGCAGAGCTTGGGGACTCGGCCGTGTATCTCTGTGCCAGCAGCTTCCGACATGCCAGCGAGCAGTACTTCGGGCCG"	"CASSFRHASEQYF"	"AAGATCCAGCCTGCAGAGCTTGGGGACTCGGCCGTGTATCTCTGTGCCAGCAGCTTCCGACATGCCAGCGAGCAGTACTTCGGGCCG"	"CASSFRHASEQYF"	"TCRBV11-3*1"	"TCRBD1-1*1"	"TCRBJ2-7*1"	56	58	62	68	2	6	NA	NA	"AAGATCCAGCCTGCAGAGCTTGGGGACTCGGCCGTGTATCTCTGTGCCAGCAGCTTCCGACATGCCAGCGAGCAGTACTTCGGGCCG"	FALSE	TRUE	NA	NA	NA	NA
"CTGAGCTCTCTGGAGCTGGGGGACTCAGCTTTGTATTTCTGTGCCAGCAGCGTAGAGCGGGAGACCGGGGAGCTGTTTTTTGGAGAA"	"CASSVERETGELFF"	"CTGAGCTCTCTGGAGCTGGGGGACTCAGCTTTGTATTTCTGTGCCAGCAGCGTAGAGCGGGAGACCGGGGAGCTGTTTTTTGGAGAA"	"CASSVERETGELFF"	"TCRBV9-1*1"	"TCRBD2-1*2"	"TCRBJ2-2*1"	-1	55	-1	63	56	64	NA	NA	"CTGAGCTCTCTGGAGCTGGGGGACTCAGCTTTGTATTTCTGTGCCAGCAGCGTAGAGCGGGAGACCGGGGAGCTGTTTTTTGGAGAA"	FALSE	TRUE	NA	NA	NA	NA
"CCCATCCTGAAGACAGCAGCTTCTACATCTGCAGTGCTAGAACCTACCCTTCGCCAGGGAGGGGCAGATACGCAGTATTTTGGCCCA"	""	"CCCATCCTGAAGACAGCAGCTTCTACATCTGCAGTGCTAGAACCTACCCTTCGCCAGGGAGGGGCAGATACGCAGTATTTTGGCCCA"	""	NA	"TCRBD2-1*2"	"TCRBJ2-3*1"	41	56	63	64	15	1	NA	NA	"CCCATCCTGAAGACAGCAGCTTCTACATCTGCAGTGCTAGAACCTACCCTTCGCCAGGGAGGGGCAGATACGCAGTATTTTGGCCCA"	FALSE	FALSE	NA	NA	NA	NA
"CAGCGCACAGAGCAGCGGGACTCAGCCATGTATCGCTGTGCTAGCAGCGCCAATTCTTTTTGCAACTATGGCTACACCTTCGGTTCG"	"CASSANSFCNYGYTF"	"CAGCGCACAGAGCAGCGGGACTCAGCCATGTATCGCTGTGCTAGCAGCGCCAATTCTTTTTGCAACTATGGCTACACCTTCGGTTCG"	"CASSANSFCNYGYTF"	"TCRBV7-7*1"	NA	"TCRBJ1-2*1"	48	50	52	63	2	11	NA	NA	"CAGCGCACAGAGCAGCGGGACTCAGCCATGTATCGCTGTGCTAGCAGCGCCAATTCTTTTTGCAACTATGGCTACACCTTCGGTTCG"	FALSE	TRUE	NA	NA	NA	NA
"AGCTCTCTGGAGCTGGGGGACTCAGCTTTGTATTTCTGTGCCAGCAGCGACCCCCAAGGGGCTAACTATGGCTACACCTTCGGTTCG"	"CASSDPQGANYGYTF"	"AGCTCTCTGGAGCTGGGGGACTCAGCTTTGTATTTCTGTGCCAGCAGCGACCCCCAAGGGGCTAACTATGGCTACACCTTCGGTTCG"	"CASSDPQGANYGYTF"	"TCRBV9-1*1"	"TCRBD1-1*1"	"TCRBJ1-2*1"	49	56	-1	61	7	62	NA	NA	"AGCTCTCTGGAGCTGGGGGACTCAGCTTTGTATTTCTGTGCCAGCAGCGACCCCCAAGGGGCTAACTATGGCTACACCTTCGGTTCG"	FALSE	TRUE	NA	NA	NA	NA
"AGCTCTCTGGAGCTGGGGGACTCAGCTTTGTATTTCTGTGCCAGCAGCCAGACTAGCGCGAACACCGGGGAGCTGTTTTTTGGAGAA"	"CASSQTSANTGELFF"	"AGCTCTCTGGAGCTGGGGGACTCAGCTTTGTATTTCTGTGCCAGCAGCCAGACTAGCGCGAACACCGGGGAGCTGTTTTTTGGAGAA"	"CASSQTSANTGELFF"	"TCRBV9-1*1"	"TCRBD2-1"	"TCRBJ2-2*1"	48	50	-1	58	2	59	NA	NA	"AGCTCTCTGGAGCTGGGGGACTCAGCTTTGTATTTCTGTGCCAGCAGCCAGACTAGCGCGAACACCGGGGAGCTGTTTTTTGGAGAA"	FALSE	TRUE	NA	NA	NA	NA
"CAGCCCTCAGAACCCAGGGACTCAGCTGTGTACTTCTGTGCCAGCAGTTTAGCGGGGGAAGTGGGGGACACCATATATTTTGGAGAG"	"CASSLAGEVGDTIYF"	"CAGCCCTCAGAACCCAGGGACTCAGCTGTGTACTTCTGTGCCAGCAGTTTAGCGGGGGAAGTGGGGGACACCATATATTTTGGAGAG"	"CASSLAGEVGDTIYF"	NA	NA	"TCRBJ1-3*1"	-1	53	58	67	54	9	NA	NA	"CAGCCCTCAGAACCCAGGGACTCAGCTGTGTACTTCTGTGCCAGCAGTTTAGCGGGGGAAGTGGGGGACACCATATATTTTGGAGAG"	FALSE	TRUE	NA	NA	NA	NA
"AGTGCCCATCCTGAAGACAGCAGCTTCTACATCTGCAGTGCTAGAGATCTGGGCGGGAGGGCATACAATGAGCAGTTCTTCGGGCCA"	"CSARDLGGRAYNEQFF"	"AGTGCCCATCCTGAAGACAGCAGCTTCTACATCTGCAGTGCTAGAGATCTGGGCGGGAGGGCATACAATGAGCAGTTCTTCGGGCCA"	"CSARDLGGRAYNEQFF"	NA	"TCRBD2-1*2"	"TCRBJ2-1*1"	47	52	61	63	5	2	NA	NA	"AGTGCCCATCCTGAAGACAGCAGCTTCTACATCTGCAGTGCTAGAGATCTGGGCGGGAGGGCATACAATGAGCAGTTCTTCGGGCCA"	FALSE	TRUE	NA	NA	NA	NA
"AAGATCCAGCCCTCAGAACCCAGGGACTCAGCTGTGTACTTCTGTGCCAGCAGTCCCGGGCCATACAATGAGCAGTTCTTCGGGCCA"	"CASSPGPYNEQFF"	"AAGATCCAGCCCTCAGAACCCAGGGACTCAGCTGTGTACTTCTGTGCCAGCAGTCCCGGGCCATACAATGAGCAGTTCTTCGGGCCA"	"CASSPGPYNEQFF"	"TCRBV12-3/12-4*1"	NA	"TCRBJ2-1*1"	54	57	61	63	3	2	NA	NA	"AAGATCCAGCCCTCAGAACCCAGGGACTCAGCTGTGTACTTCTGTGCCAGCAGTCCCGGGCCATACAATGAGCAGTTCTTCGGGCCA"	FALSE	TRUE	NA	NA	NA	NA
"CATCCTGAGTTCTAAGAAGCTCCTTCTCAGTGACTCTGGCTTCTATCTCTGTGCCTGGAGTCCCACTATGGCTACACCTTCGGTTCG"	""	"CATCCTGAGTTCTAAGAAGCTCCTTCTCAGTGACTCTGGCTTCTATCTCTGTGCCTGGAGTCCCACTATGGCTACACCTTCGGTTCG"	""	"TCRBV3-1*1"	NA	"TCRBJ1-2*1"	-1	-1	61	64	0	3	NA	NA	"CATCCTGAGTTCTAAGAAGCTCCTTCTCAGTGACTCTGGCTTCTATCTCTGTGCCTGGAGTCCCACTATGGCTACACCTTCGGTTCG"	FALSE	FALSE	NA	NA	NA	NA
"CTCTGACTGTGAGCAACATGAGCCCTGAAGACAGCAGCATATATCTCTGCAGCGTGGACAGGGAGGACTGAAGCTTTCTTTGGACAA"	""	"CTCTGACTGTGAGCAACATGAGCCCTGAAGACAGCAGCATATATCTCTGCAGCGTGGACAGGGAGGACTGAAGCTTTCTTTGGACAA"	""	"TCRBV29-1*1"	"TCRBD1-1*1"	"TCRBJ1-1*1"	-1	55	63	66	56	3	NA	NA	"CTCTGACTGTGAGCAACATGAGCCCTGAAGACAGCAGCATATATCTCTGCAGCGTGGACAGGGAGGACTGAAGCTTTCTTTGGACAA"	FALSE	FALSE	NA	NA	NA	NA
"GCCTTGGAGCTGGACGACTCGGCCCTGTATCTCTGTGCCAGCACCATCCCGGGAAGGCAATCCTACAATGAGCAGTTCTTCGGGCCA"	"CASTIPGRQSYNEQFF"	"GCCTTGGAGCTGGACGACTCGGCCCTGTATCTCTGTGCCAGCACCATCCCGGGAAGGCAATCCTACAATGAGCAGTTCTTCGGGCCA"	"CASTIPGRQSYNEQFF"	"TCRBV5-4*1"	"TCRBD2-1*2"	"TCRBJ2-1*1"	43	49	54	60	6	6	NA	NA	"GCCTTGGAGCTGGACGACTCGGCCCTGTATCTCTGTGCCAGCACCATCCCGGGAAGGCAATCCTACAATGAGCAGTTCTTCGGGCCA"	FALSE	TRUE	NA	NA	NA	NA
"ACATCGGCCCAAAAGAACCCGACAGCTTTCTATCTCTGTGCCAGTAGTACCACTAGCGGGAGCCCCAATGAGCAGTTCTTCGGGCCA"	"CASSTTSGSPNEQFF"	"ACATCGGCCCAAAAGAACCCGACAGCTTTCTATCTCTGTGCCAGTAGTACCACTAGCGGGAGCCCCAATGAGCAGTTCTTCGGGCCA"	"CASSTTSGSPNEQFF"	"TCRBV19-1*1"	"TCRBD2-1*2"	"TCRBJ2-1*1"	49	51	62	65	2	3	NA	NA	"ACATCGGCCCAAAAGAACCCGACAGCTTTCTATCTCTGTGCCAGTAGTACCACTAGCGGGAGCCCCAATGAGCAGTTCTTCGGGCCA"	FALSE	TRUE	NA	NA	NA	NA
"ACCAGTGCCCATCCTGAAGACAGCAGCTTCTACATCTGCAGTGCCCGGCCGGGGGGTTCCGGGGCCAACGTCCTGACTTTCGGGGCC"	"CSARPGGSGANVLTF"	"ACCAGTGCCCATCCTGAAGACAGCAGCTTCTACATCTGCAGTGCCCGGCCGGGGGGTTCCGGGGCCAACGTCCTGACTTTCGGGGCC"	"CSARPGGSGANVLTF"	NA	"TCRBD2-1*1"	"TCRBJ2-6*1"	44	49	56	60	5	4	NA	NA	"ACCAGTGCCCATCCTGAAGACAGCAGCTTCTACATCTGCAGTGCCCGGCCGGGGGGTTCCGGGGCCAACGTCCTGACTTTCGGGGCC"	FALSE	TRUE	NA	NA	NA	NA
"CTGACAGTGACCAGTGCCCATCCTGAAGACAGCAGCTTCTACATCTGCAGTTAATCCGTGAACAATCAGCCCCAGCATTTTGGTGAT"	"CS*SVNNQPQHF"	"CTGACAGTGACCAGTGCCCATCCTGAAGACAGCAGCTTCTACATCTGCAGTTAATCCGTGAACAATCAGCCCCAGCATTTTGGTGAT"	"CS*SVNNQPQHF"	NA	NA	"TCRBJ1-5*1"	51	59	61	62	8	1	NA	NA	"CTGACAGTGACCAGTGCCCATCCTGAAGACAGCAGCTTCTACATCTGCAGTTAATCCGTGAACAATCAGCCCCAGCATTTTGGTGAT"	FALSE	TRUE	NA	NA	NA	NA
"ACTGTGACATCGGCCCAAAAGAACCCGACAGCTTTCTATCTCTGTGCCAGTAGTATATCGTAGTGTTACGAGCAGTACTTCGGGCCG"	"CASSIS*CYEQYF"	"ACTGTGACATCGGCCCAAAAGAACCCGACAGCTTTCTATCTCTGTGCCAGTAGTATATCGTAGTGTTACGAGCAGTACTTCGGGCCG"	"CASSIS*CYEQYF"	"TCRBV19-1*1"	"TCRBD2-1"	"TCRBJ2-7*1"	57	60	63	66	3	3	NA	NA	"ACTGTGACATCGGCCCAAAAGAACCCGACAGCTTTCTATCTCTGTGCCAGTAGTATATCGTAGTGTTACGAGCAGTACTTCGGGCCG"	FALSE	TRUE	NA	NA	NA	NA
"AGTGACCAGTGCCCATCCTGAAGACAGCAGCTTCTACATCTGCAGTGCCGGGGGGTCAGGGGGAACTATGGCTACACCTTCGGTTCG"	""	"AGTGACCAGTGCCCATCCTGAAGACAGCAGCTTCTACATCTGCAGTGCCGGGGGGTCAGGGGGAACTATGGCTACACCTTCGGTTCG"	""	NA	NA	"TCRBJ1-2*1"	48	56	-1	63	8	64	NA	NA	"AGTGACCAGTGCCCATCCTGAAGACAGCAGCTTCTACATCTGCAGTGCCGGGGGGTCAGGGGGAACTATGGCTACACCTTCGGTTCG"	FALSE	FALSE	NA	NA	NA	NA
"GAACTGGAGGATTCTGGAGTTTATTTCTGTGCCAGCAGCCAAACAACTAGCGGGATTCTATCCTACAATGAGCAGTTCTTCGGGCCA"	"CASSQTTSGILSYNEQFF"	"GAACTGGAGGATTCTGGAGTTTATTTCTGTGCCAGCAGCCAAACAACTAGCGGGATTCTATCCTACAATGAGCAGTTCTTCGGGCCA"	"CASSQTTSGILSYNEQFF"	"TCRBV14-1*1"	"TCRBD2-1*2"	"TCRBJ2-1*1"	42	45	55	60	3	5	NA	NA	"GAACTGGAGGATTCTGGAGTTTATTTCTGTGCCAGCAGCCAAACAACTAGCGGGATTCTATCCTACAATGAGCAGTTCTTCGGGCCA"	FALSE	TRUE	NA	NA	NA	NA
"GAGCTGGGGGACTCAGCTTTGTATTTCTGTGCCAGCAGCGACCGACCGGGACTAGCGGGAGATTCGGTGGAGCAGTACTTCGGGCCG"	"CASSDRPGLAGDSVEQYF"	"GAGCTGGGGGACTCAGCTTTGTATTTCTGTGCCAGCAGCGACCGACCGGGACTAGCGGGAGATTCGGTGGAGCAGTACTTCGGGCCG"	"CASSDRPGLAGDSVEQYF"	"TCRBV9-1*1"	"TCRBD2-1*2"	"TCRBJ2-7*1"	40	47	61	69	7	8	NA	NA	"GAGCTGGGGGACTCAGCTTTGTATTTCTGTGCCAGCAGCGACCGACCGGGACTAGCGGGAGATTCGGTGGAGCAGTACTTCGGGCCG"	FALSE	TRUE	NA	NA	NA	NA
"TCTAAGAAGCTCCTTCTCAGTGACTCTGGCTTCTATCTCTGTGCCTGGAGTGTGAGCTCGCCAGAAAACATTCAGTACTTCGGCGCC"	"CAWSVSSPENIQYF"	"TCTAAGAAGCTCCTTCTCAGTGACTCTGGCTTCTATCTCTGTGCCTGGAGTGTGAGCTCGCCAGAAAACATTCAGTACTTCGGCGCC"	"CAWSVSSPENIQYF"	"TCRBV3-1*1"	NA	"TCRBJ2-4*1"	53	61	-1	64	8	65	NA	NA	"TCTAAGAAGCTCCTTCTCAGTGACTCTGGCTTCTATCTCTGTGCCTGGAGTGTGAGCTCGCCAGAAAACATTCAGTACTTCGGCGCC"	FALSE	TRUE	NA	NA	NA	NA
"GTGACATCGGCCCAAAAGAACCCGACAGCTTTCTATCTCTGTGCCAGTAGTGCGGACAGGGTAAATCAGCCCCAGCATTTTGGTGAT"	"CASSADRVNQPQHF"	"GTGACATCGGCCCAAAAGAACCCGACAGCTTTCTATCTCTGTGCCAGTAGTGCGGACAGGGTAAATCAGCCCCAGCATTTTGGTGAT"	"CASSADRVNQPQHF"	"TCRBV19-1*1"	"TCRBD1-1*1"	"TCRBJ1-5*1"	51	53	61	63	2	2	NA	NA	"GTGACATCGGCCCAAAAGAACCCGACAGCTTTCTATCTCTGTGCCAGTAGTGCGGACAGGGTAAATCAGCCCCAGCATTTTGGTGAT"	FALSE	TRUE	NA	NA	NA	NA
"CTGAATGTGAACGCCTTGGAGCTGGACGACTCGGCCCTGTATCTCTGTGCCAGCAGCTTCGGCGGGACTGAAGCTTTCTTTGGACAA"	"CASSFGGTEAFF"	"CTGAATGTGAACGCCTTGGAGCTGGACGACTCGGCCCTGTATCTCTGTGCCAGCAGCTTCGGCGGGACTGAAGCTTTCTTTGGACAA"	"CASSFGGTEAFF"	"TCRBV5-4*1"	"TCRBD2-1"	"TCRBJ1-1*1"	59	61	-1	66	2	67	NA	NA	"CTGAATGTGAACGCCTTGGAGCTGGACGACTCGGCCCTGTATCTCTGTGCCAGCAGCTTCGGCGGGACTGAAGCTTTCTTTGGACAA"	FALSE	TRUE	NA	NA	NA	NA
"CTGGAGTCCGCCAGCACCAACCAGACATCTATGTACCTCTGTGCCAGCAGTTTAACGACAGTTAATGAAAAACTGTTTTTTGGCAGT"	"CASSLTTVNEKLFF"	"CTGGAGTCCGCCAGCACCAACCAGACATCTATGTACCTCTGTGCCAGCAGTTTAACGACAGTTAATGAAAAACTGTTTTTTGGCAGT"	"CASSLTTVNEKLFF"	"TCRBV28-1*1"	"TCRBD1-1*1"	"TCRBJ1-4*1"	54	56	61	62	2	1	NA	NA	"CTGGAGTCCGCCAGCACCAACCAGACATCTATGTACCTCTGTGCCAGCAGTTTAACGACAGTTAATGAAAAACTGTTTTTTGGCAGT"	FALSE	TRUE	NA	NA	NA	NA
"ACCAGTGCCCATCCTGAAGACAGCAGCTTCTACATCTGCAGTGCGCCTTGGGGCGGGAGCTCCTACAATGAGCAGTTCTTCGGGCCA"	"CSAPWGGSSYNEQFF"	"ACCAGTGCCCATCCTGAAGACAGCAGCTTCTACATCTGCAGTGCGCCTTGGGGCGGGAGCTCCTACAATGAGCAGTTCTTCGGGCCA"	"CSAPWGGSSYNEQFF"	NA	"TCRBD2-1*2"	"TCRBJ2-1*1"	44	52	-1	59	8	60	NA	NA	"ACCAGTGCCCATCCTGAAGACAGCAGCTTCTACATCTGCAGTGCGCCTTGGGGCGGGAGCTCCTACAATGAGCAGTTCTTCGGGCCA"	FALSE	TRUE	NA	NA	NA	NA
"GAACTAAACCTGAGCTCTCTGGAGCTGGGGGACTCAGCTTTGTATTTCTGTGCCAGCAGCGTAAGAGATACGCAGTATTTTGGCCCA"	"CASSVRDTQYF"	"GAACTAAACCTGAGCTCTCTGGAGCTGGGGGACTCAGCTTTGTATTTCTGTGCCAGCAGCGTAAGAGATACGCAGTATTTTGGCCCA"	"CASSVRDTQYF"	"TCRBV9-1*1"	NA	"TCRBJ2-3*1"	-1	63	-1	65	64	66	NA	NA	"GAACTAAACCTGAGCTCTCTGGAGCTGGGGGACTCAGCTTTGTATTTCTGTGCCAGCAGCGTAAGAGATACGCAGTATTTTGGCCCA"	FALSE	TRUE	NA	NA	NA	NA
"CAGCGGGACTCGGCCATGTATCGCTGTGCCAGCAGCTTAAGTTGGTTAGGGACAGCTTTAAACACCGGGGAGCTGTTTTTTGGAGAA"	"CASSLSWLGTALNTGELFF"	"CAGCGGGACTCGGCCATGTATCGCTGTGCCAGCAGCTTAAGTTGGTTAGGGACAGCTTTAAACACCGGGGAGCTGTTTTTTGGAGAA"	"CASSLSWLGTALNTGELFF"	"TCRBV7-6*1"	"TCRBD1-1*1"	"TCRBJ2-2*1"	39	48	55	60	9	5	NA	NA	"CAGCGGGACTCGGCCATGTATCGCTGTGCCAGCAGCTTAAGTTGGTTAGGGACAGCTTTAAACACCGGGGAGCTGTTTTTTGGAGAA"	FALSE	TRUE	NA	NA	NA	NA
"CTCCCAAACATCTGTGTACTTCTGTGCCAGCAGTCGATCCTACAGACTAGCGGGGGTAGCTCCTACAATGAGCAGTTCTTCGGGCCA"	""	"CTCCCAAACATCTGTGTACTTCTGTGCCAGCAGTCGATCCTACAGACTAGCGGGGGTAGCTCCTACAATGAGCAGTTCTTCGGGCCA"	""	"TCRBV6-6*4"	"TCRBD2-1*1"	"TCRBJ2-1*1"	39	44	56	59	5	3	NA	NA	"CTCCCAAACATCTGTGTACTTCTGTGCCAGCAGTCGATCCTACAGACTAGCGGGGGTAGCTCCTACAATGAGCAGTTCTTCGGGCCA"	FALSE	FALSE	NA	NA	NA	NA
"CTACACGCCCTGCAGCCAGAAGACTCAGCCCTGTATCTCTGCGCCAGCAGCCAAGTGGGAAGGCGGGAGATCATGGCCTTCGGGCCA"	"CASSQVGRREIMAF"	"CTACACGCCCTGCAGCCAGAAGACTCAGCCCTGTATCTCTGCGCCAGCAGCCAAGTGGGAAGGCGGGAGATCATGGCCTTCGGGCCA"	"CASSQVGRREIMAF"	"TCRBV4-1*1"	"TCRBD2-1*2"	NA	55	62	69	77	7	8	NA	NA	"CTACACGCCCTGCAGCCAGAAGACTCAGCCCTGTATCTCTGCGCCAGCAGCCAAGTGGGAAGGCGGGAGATCATGGCCTTCGGGCCA"	FALSE	TRUE	NA	NA	NA	NA
"TTGGCTGCTCCCTCCCAGACATCTGTGTACTTCTGTGCCAGCAGTTACTCGGGACAGGGGGCAGACTATGGCTACACCTTCGGTTCG"	"CASSYSGQGADYGYTF"	"TTGGCTGCTCCCTCCCAGACATCTGTGTACTTCTGTGCCAGCAGTTACTCGGGACAGGGGGCAGACTATGGCTACACCTTCGGTTCG"	"CASSYSGQGADYGYTF"	"TCRBV6-6*1"	"TCRBD1-1*1"	"TCRBJ1-2*1"	-1	50	62	64	51	2	NA	NA	"TTGGCTGCTCCCTCCCAGACATCTGTGTACTTCTGTGCCAGCAGTTACTCGGGACAGGGGGCAGACTATGGCTACACCTTCGGTTCG"	FALSE	TRUE	NA	NA	NA	NA
"TGAACGCCTTGTTGCTGGGGGACTCGGCCCTCTATCTCTGTGCCAGCAGCTTGGGGGTGGGACAGGGGTTTTCGCACCTTCGGTTCG"	""	"TGAACGCCTTGTTGCTGGGGGACTCGGCCCTCTATCTCTGTGCCAGCAGCTTGGGGGTGGGACAGGGGTTTTCGCACCTTCGGTTCG"	""	"TCRBV5-6*1"	"TCRBD1-1*1"	"TCRBJ1-2*1"	54	58	68	74	4	6	NA	NA	"TGAACGCCTTGTTGCTGGGGGACTCGGCCCTCTATCTCTGTGCCAGCAGCTTGGGGGTGGGACAGGGGTTTTCGCACCTTCGGTTCG"	FALSE	FALSE	NA	NA	NA	NA
"TCCGCCGTGTATCTCTGTGCCAGCAGCTTAGACGGGACTAGTAGGGGAGAATCCCCCCCCGCAACCTACGAGCAGTACTTCGGGCCG"	"CASSLDGTSRGESPPATYEQYF"	"TCCGCCGTGTATCTCTGTGCCAGCAGCTTAGACGGGACTAGTAGGGGAGAATCCCCCCCCGCAACCTACGAGCAGTACTTCGGGCCG"	"CASSLDGTSRGESPPATYEQYF"	"TCRBV7-8"	"TCRBD2-1"	"TCRBJ2-7*1"	31	33	41	64	2	23	NA	NA	"TCCGCCGTGTATCTCTGTGCCAGCAGCTTAGACGGGACTAGTAGGGGAGAATCCCCCCCCGCAACCTACGAGCAGTACTTCGGGCCG"	FALSE	TRUE	NA	NA	NA	NA
"ACCCTGCAGCCAGAAGACTCGGCCCTGTATCTCTGCGCCAGCAGCCATTCCGGGACAGGGGAGACCTACGAGCAGTACTTCGGGCCG"	"CASSHSGTGETYEQYF"	"ACCCTGCAGCCAGAAGACTCGGCCCTGTATCTCTGCGCCAGCAGCCATTCCGGGACAGGGGAGACCTACGAGCAGTACTTCGGGCCG"	"CASSHSGTGETYEQYF"	"TCRBV4-3*1"	"TCRBD1-1*1"	"TCRBJ2-7*1"	47	51	61	64	4	3	NA	NA	"ACCCTGCAGCCAGAAGACTCGGCCCTGTATCTCTGCGCCAGCAGCCATTCCGGGACAGGGGAGACCTACGAGCAGTACTTCGGGCCG"	FALSE	TRUE	NA	NA	NA	NA
"ACTCTGGAGTCAGCTACCCGCTCCCAGACATCTGTGTATTTCTGCGCCAGCGGAGGACGGAACACCGGGGAGCTGTTTTTTGGAGAA"	"CASGGRNTGELFF"	"ACTCTGGAGTCAGCTACCCGCTCCCAGACATCTGTGTATTTCTGCGCCAGCGGAGGACGGAACACCGGGGAGCTGTTTTTTGGAGAA"	"CASGGRNTGELFF"	"TCRBV1-2*1"	"TCRBD2-1*2"	"TCRBJ2-2*1"	-1	51	56	59	52	3	NA	NA	"ACTCTGGAGTCAGCTACCCGCTCCCAGACATCTGTGTATTTCTGCGCCAGCGGAGGACGGAACACCGGGGAGCTGTTTTTTGGAGAA"	FALSE	TRUE	NA	NA	NA	NA
"TGTTGCTGGGGGACTCGGCCCTCTATCTCTGTGCCAGCAGCTTGTGCGGGTAGGGGCGGGGACTACAATGAGCAGTTCTTCGGGCCA"	""	"TGTTGCTGGGGGACTCGGCCCTCTATCTCTGTGCCAGCAGCTTGTGCGGGTAGGGGCGGGGACTACAATGAGCAGTTCTTCGGGCCA"	""	"TCRBV5-6*1"	"TCRBD2-1*1"	"TCRBJ2-1*1"	44	55	61	62	11	1	NA	NA	"TGTTGCTGGGGGACTCGGCCCTCTATCTCTGTGCCAGCAGCTTGTGCGGGTAGGGGCGGGGACTACAATGAGCAGTTCTTCGGGCCA"	FALSE	FALSE	NA	NA	NA	NA
"GTGACCAGTGCCCATCCTGAAGACAGCAGCTTCTACATCTGCAGTGCTAGGGGGGGCGGGCACTACTACGAGCAGTACTTCGGGCCG"	"CSARGGGHYYEQYF"	"GTGACCAGTGCCCATCCTGAAGACAGCAGCTTCTACATCTGCAGTGCTAGGGGGGGCGGGCACTACTACGAGCAGTACTTCGGGCCG"	"CSARGGGHYYEQYF"	NA	NA	"TCRBJ2-7*1"	50	51	57	65	1	8	NA	NA	"GTGACCAGTGCCCATCCTGAAGACAGCAGCTTCTACATCTGCAGTGCTAGGGGGGGCGGGCACTACTACGAGCAGTACTTCGGGCCG"	FALSE	TRUE	NA	NA	NA	NA
"CCCTCACATACCTCTCAGTACCTCTGTGCCAGCAATGGCCCATGAGGTACATTCGACAGGTCCAAAAACATTCAGTACTTCGGCGCC"	"CASNGP*GTFDRSKNIQYF"	"CCCTCACATACCTCTCAGTACCTCTGTGCCAGCAATGGCCCATGAGGTACATTCGACAGGTCCAAAAACATTCAGTACTTCGGCGCC"	"CASNGP*GTFDRSKNIQYF"	NA	"TCRBD1-1*1"	"TCRBJ2-4*1"	34	54	60	61	20	1	NA	NA	"CCCTCACATACCTCTCAGTACCTCTGTGCCAGCAATGGCCCATGAGGTACATTCGACAGGTCCAAAAACATTCAGTACTTCGGCGCC"	FALSE	TRUE	NA	NA	NA	NA
"GTGACATCGGCCCAAAAGAACCCGACAGCTTTCTATCTCTGTGCCAGTAGTCGGACAGGGGGCGACTATGGCTACACCTTCGGTTCG"	"CASSRTGGDYGYTF"	"GTGACATCGGCCCAAAAGAACCCGACAGCTTTCTATCTCTGTGCCAGTAGTCGGACAGGGGGCGACTATGGCTACACCTTCGGTTCG"	"CASSRTGGDYGYTF"	"TCRBV19-1*1"	"TCRBD1-1*1"	"TCRBJ1-2*1"	51	52	63	64	1	1	NA	NA	"GTGACATCGGCCCAAAAGAACCCGACAGCTTTCTATCTCTGTGCCAGTAGTCGGACAGGGGGCGACTATGGCTACACCTTCGGTTCG"	FALSE	TRUE	NA	NA	NA	NA
"CTGGGGGACGCAGCCATGTACCTGTGTGCCACCAGCAGAGAAGGGCATCGGCTAGCGGACAGCTCCTACGAGCAGTACTTCGGGCCG"	"CATSREGHRLADSSYEQYF"	"CTGGGGGACGCAGCCATGTACCTGTGTGCCACCAGCAGAGAAGGGCATCGGCTAGCGGACAGCTCCTACGAGCAGTACTTCGGGCCG"	"CATSREGHRLADSSYEQYF"	"TCRBV15-1*2"	"TCRBD2-1"	"TCRBJ2-7*1"	41	51	58	62	10	4	NA	NA	"CTGGGGGACGCAGCCATGTACCTGTGTGCCACCAGCAGAGAAGGGCATCGGCTAGCGGACAGCTCCTACGAGCAGTACTTCGGGCCG"	FALSE	TRUE	NA	NA	NA	NA
"ATCCAGCCTGCAAAGCTTGAGGACTCGGCCGTGTATCTCTGTGCCAGCAGCCTCGGGGGGAATTGGTATGGCTACACCTTCGGTTCG"	"CASSLGGNWYGYTF"	"ATCCAGCCTGCAAAGCTTGAGGACTCGGCCGTGTATCTCTGTGCCAGCAGCCTCGGGGGGAATTGGTATGGCTACACCTTCGGTTCG"	"CASSLGGNWYGYTF"	"TCRBV11-2*1"	"TCRBD2-1*1"	"TCRBJ1-2*1"	51	53	60	66	2	6	NA	NA	"ATCCAGCCTGCAAAGCTTGAGGACTCGGCCGTGTATCTCTGTGCCAGCAGCCTCGGGGGGAATTGGTATGGCTACACCTTCGGTTCG"	FALSE	TRUE	NA	NA	NA	NA
"GCACAGAGCGGGGGGACTCAGCCGTGTATCTCTGTGCCAGCAGCACCCCGAAGCGGGAGCTCCTACAATGAGCAGTTCTTCGGGCCA"	""	"GCACAGAGCGGGGGGACTCAGCCGTGTATCTCTGTGCCAGCAGCACCCCGAAGCGGGAGCTCCTACAATGAGCAGTTCTTCGGGCCA"	""	"TCRBV7-3*1"	"TCRBD2-1*2"	"TCRBJ2-1*1"	44	51	-1	59	7	60	NA	NA	"GCACAGAGCGGGGGGACTCAGCCGTGTATCTCTGTGCCAGCAGCACCCCGAAGCGGGAGCTCCTACAATGAGCAGTTCTTCGGGCCA"	FALSE	FALSE	NA	NA	NA	NA
"ACTGTGACATCGGCCCAAAAGAACCCGACAGCTTTCTATCTCTGTGCCACCGGACTAGCGATCTACAATGAGCAGTTCTTCGGGCCA"	"CATGLAIYNEQFF"	"ACTGTGACATCGGCCCAAAAGAACCCGACAGCTTTCTATCTCTGTGCCACCGGACTAGCGATCTACAATGAGCAGTTCTTCGGGCCA"	"CATGLAIYNEQFF"	"TCRBV19-1*1"	"TCRBD2-1"	"TCRBJ2-1*1"	49	51	60	62	2	2	NA	NA	"ACTGTGACATCGGCCCAAAAGAACCCGACAGCTTTCTATCTCTGTGCCACCGGACTAGCGATCTACAATGAGCAGTTCTTCGGGCCA"	FALSE	TRUE	NA	NA	NA	NA
"ACGATCCAGCGCACAGAGCAGGAGGACTCGGCCGTGTATCTCTGTGCCAGCAGCTTGGGCAGGGCCCCACCCCTCCACTTTGGGAAT"	"CASSLGRAPPLHF"	"ACGATCCAGCGCACAGAGCAGGAGGACTCGGCCGTGTATCTCTGTGCCAGCAGCTTGGGCAGGGCCCCACCCCTCCACTTTGGGAAT"	"CASSLGRAPPLHF"	"TCRBV7-2"	"TCRBD1-1*1"	"TCRBJ1-6*1"	56	59	64	67	3	3	NA	NA	"ACGATCCAGCGCACAGAGCAGGAGGACTCGGCCGTGTATCTCTGTGCCAGCAGCTTGGGCAGGGCCCCACCCCTCCACTTTGGGAAT"	FALSE	TRUE	NA	NA	NA	NA
"GTGAACGCCTTGGAGCTGGACGACTCGGCCCTGTATCTCTGTGCCAGCAGCTCCGACCAATACCAAGAGACCCAGTACTTCGGGCCA"	"CASSSDQYQETQYF"	"GTGAACGCCTTGGAGCTGGACGACTCGGCCCTGTATCTCTGTGCCAGCAGCTCCGACCAATACCAAGAGACCCAGTACTTCGGGCCA"	"CASSSDQYQETQYF"	"TCRBV5-4*1"	NA	"TCRBJ2-5*1"	52	54	57	61	2	4	NA	NA	"GTGAACGCCTTGGAGCTGGACGACTCGGCCCTGTATCTCTGTGCCAGCAGCTCCGACCAATACCAAGAGACCCAGTACTTCGGGCCA"	FALSE	TRUE	NA	NA	NA	NA
"ACATCGGCCCAAAAGAACCCGACAGCTTTCTATCTCTGTGCCAGTAGTATCTTTGGGGGGCCCTCCTATGGCTACACCTTCGGTTCG"	"CASSIFGGPSYGYTF"	"ACATCGGCCCAAAAGAACCCGACAGCTTTCTATCTCTGTGCCAGTAGTATCTTTGGGGGGCCCTCCTATGGCTACACCTTCGGTTCG"	"CASSIFGGPSYGYTF"	"TCRBV19-1*1"	NA	"TCRBJ1-2*1"	50	55	61	65	5	4	NA	NA	"ACATCGGCCCAAAAGAACCCGACAGCTTTCTATCTCTGTGCCAGTAGTATCTTTGGGGGGCCCTCCTATGGCTACACCTTCGGTTCG"	FALSE	TRUE	NA	NA	NA	NA
"CCAGCCCTCAGAACCCAGGGACTCAGCTGTGTACTTCTGTGCCAGACACAAGGGCGTAGCTCCTACAATGAGCAGTTCTTCGGGCCA"	""	"CCAGCCCTCAGAACCCAGGGACTCAGCTGTGTACTTCTGTGCCAGACACAAGGGCGTAGCTCCTACAATGAGCAGTTCTTCGGGCCA"	""	NA	NA	"TCRBJ2-1*1"	45	50	54	59	5	5	NA	NA	"CCAGCCCTCAGAACCCAGGGACTCAGCTGTGTACTTCTGTGCCAGACACAAGGGCGTAGCTCCTACAATGAGCAGTTCTTCGGGCCA"	FALSE	FALSE	NA	NA	NA	NA
"CTGGAGTCGCCCAGCCCCAACCAGACCTCTCTGTACTTCTGTGCCAGCAGTCCCCCTGCCGGGACTGATGAAGCTTTCTTTGGACAA"	"CASSPPAGTDEAFF"	"CTGGAGTCGCCCAGCCCCAACCAGACCTCTCTGTACTTCTGTGCCAGCAGTCCCCCTGCCGGGACTGATGAAGCTTTCTTTGGACAA"	"CASSPPAGTDEAFF"	"TCRBV27-1*1"	"TCRBD2-1"	"TCRBJ1-1*1"	51	60	66	68	9	2	NA	NA	"CTGGAGTCGCCCAGCCCCAACCAGACCTCTCTGTACTTCTGTGCCAGCAGTCCCCCTGCCGGGACTGATGAAGCTTTCTTTGGACAA"	FALSE	TRUE	NA	NA	NA	NA
"ACAGTGACCAGTGCCCATCCTGAAGACAGCAGCTTCTACATCTGCAGTGCTAGCGAGGGACAGAACACTGAAGCTTTCTTTGGACAA"	"CSASEGQNTEAFF"	"ACAGTGACCAGTGCCCATCCTGAAGACAGCAGCTTCTACATCTGCAGTGCTAGCGAGGGACAGAACACTGAAGCTTTCTTTGGACAA"	"CSASEGQNTEAFF"	NA	"TCRBD1-1*1"	"TCRBJ1-1*1"	53	56	-1	62	3	63	NA	NA	"ACAGTGACCAGTGCCCATCCTGAAGACAGCAGCTTCTACATCTGCAGTGCTAGCGAGGGACAGAACACTGAAGCTTTCTTTGGACAA"	FALSE	TRUE	NA	NA	NA	NA
"ACTCTGACTGTGAGCAACATGAGCCCTGAAGACAGCAGCATATATCTCTGCAGCGTTGAAGACCCTGGTGAGCAGTTCTTCGGGCCA"	"CSVEDPGEQFF"	"ACTCTGACTGTGAGCAACATGAGCCCTGAAGACAGCAGCATATATCTCTGCAGCGTTGAAGACCCTGGTGAGCAGTTCTTCGGGCCA"	"CSVEDPGEQFF"	"TCRBV29-1*1"	NA	"TCRBJ2-1*1"	62	66	-1	68	4	69	NA	NA	"ACTCTGACTGTGAGCAACATGAGCCCTGAAGACAGCAGCATATATCTCTGCAGCGTTGAAGACCCTGGTGAGCAGTTCTTCGGGCCA"	FALSE	TRUE	NA	NA	NA	NA
"GCCTTGTTGCTGGGGGACTCGGCCCTCTATCTCTGTGCCAGCAGCTTGCGACAGGGTTCAACTAATGAAAAACTGTTTTTTGGCAGT"	"CASSLRQGSTNEKLFF"	"GCCTTGTTGCTGGGGGACTCGGCCCTCTATCTCTGTGCCAGCAGCTTGCGACAGGGTTCAACTAATGAAAAACTGTTTTTTGGCAGT"	"CASSLRQGSTNEKLFF"	"TCRBV5-6*1"	"TCRBD1-1*1"	"TCRBJ1-4*1"	48	49	56	58	1	2	NA	NA	"GCCTTGTTGCTGGGGGACTCGGCCCTCTATCTCTGTGCCAGCAGCTTGCGACAGGGTTCAACTAATGAAAAACTGTTTTTTGGCAGT"	FALSE	TRUE	NA	NA	NA	NA
"GAATGTGAGCACCTTGGAGCTGGGGGACTCGGCCCTTTATCTTTGCGCCCAAGCCGGGGGGCGTGTGAAAAACTGTTTTTTGGCAGT"	""	"GAATGTGAGCACCTTGGAGCTGGGGGACTCGGCCCTTTATCTTTGCGCCCAAGCCGGGGGGCGTGTGAAAAACTGTTTTTTGGCAGT"	""	"TCRBV5-1*1"	"TCRBD2-1*1"	"TCRBJ1-4*1"	49	54	61	65	5	4	NA	NA	"GAATGTGAGCACCTTGGAGCTGGGGGACTCGGCCCTTTATCTTTGCGCCCAAGCCGGGGGGCGTGTGAAAAACTGTTTTTTGGCAGT"	FALSE	FALSE	NA	NA	NA	NA
"GAGTCTGCCATCCCCAACCAGACAGCTCTTTACTTCTGTGCCACCAGAGCAGCGGGAGGGAACACAGATACGCAGTATTTTGGCCCA"	"CATRAAGGNTDTQYF"	"GAGTCTGCCATCCCCAACCAGACAGCTCTTTACTTCTGTGCCACCAGAGCAGCGGGAGGGAACACAGATACGCAGTATTTTGGCCCA"	"CATRAAGGNTDTQYF"	"TCRBV24-1*1"	"TCRBD2-1*2"	"TCRBJ2-3*1"	47	50	60	62	3	2	NA	NA	"GAGTCTGCCATCCCCAACCAGACAGCTCTTTACTTCTGTGCCACCAGAGCAGCGGGAGGGAACACAGATACGCAGTATTTTGGCCCA"	FALSE	TRUE	NA	NA	NA	NA
"GCGTCTGCTGTACCCTCTCAGACATCTGTGTACTTCTGTGCCAGCAGTGTACTAGCGGGAAGCACCGGGGAGCTGTTTTTTGGAGAA"	"CASSVLAGSTGELFF"	"GCGTCTGCTGTACCCTCTCAGACATCTGTGTACTTCTGTGCCAGCAGTGTACTAGCGGGAAGCACCGGGGAGCTGTTTTTTGGAGAA"	"CASSVLAGSTGELFF"	"TCRBV6-4*1"	"TCRBD2-1*2"	"TCRBJ2-2*1"	49	50	60	62	1	2	NA	NA	"GCGTCTGCTGTACCCTCTCAGACATCTGTGTACTTCTGTGCCAGCAGTGTACTAGCGGGAAGCACCGGGGAGCTGTTTTTTGGAGAA"	FALSE	TRUE	NA	NA	NA	NA
"AGCACCTTGGAGCTGGGGGACTCGGCCCTTTATCTTTGCGCCAGCAGTCGGGGGACAGGGGCGGGAGAGACCCAGTACTTCGGGCCA"	"CASSRGTGAGETQYF"	"AGCACCTTGGAGCTGGGGGACTCGGCCCTTTATCTTTGCGCCAGCAGTCGGGGGACAGGGGCGGGAGAGACCCAGTACTTCGGGCCA"	"CASSRGTGAGETQYF"	"TCRBV5-1*1"	"TCRBD1-1*1"	"TCRBJ2-5*1"	47	51	61	65	4	4	NA	NA	"AGCACCTTGGAGCTGGGGGACTCGGCCCTTTATCTTTGCGCCAGCAGTCGGGGGACAGGGGCGGGAGAGACCCAGTACTTCGGGCCA"	FALSE	TRUE	NA	NA	NA	NA
"CCCAGCCCCAACCAGACCTCTCTGTACTTCTGTGCCAGCACCCCGGGACCCCTTGGGCGAGGCACCGGGGAGCTGTTTTTTGGAGAA"	"CASTPGPLGRGTGELFF"	"CCCAGCCCCAACCAGACCTCTCTGTACTTCTGTGCCAGCACCCCGGGACCCCTTGGGCGAGGCACCGGGGAGCTGTTTTTTGGAGAA"	"CASTPGPLGRGTGELFF"	"TCRBV27-1*1"	NA	"TCRBJ2-2*1"	40	44	49	62	4	13	NA	NA	"CCCAGCCCCAACCAGACCTCTCTGTACTTCTGTGCCAGCACCCCGGGACCCCTTGGGCGAGGCACCGGGGAGCTGTTTTTTGGAGAA"	FALSE	TRUE	NA	NA	NA	NA
"GCTGTACCCTCTCAGACGTCTGTGTACTTCTGTGCCAGCAGTGACTCGCGGGAGGGTTCGCACACCGGGGAGCTGTTTTTTGGAGAA"	"CASSDSREGSHTGELFF"	"GCTGTACCCTCTCAGACGTCTGTGTACTTCTGTGCCAGCAGTGACTCGCGGGAGGGTTCGCACACCGGGGAGCTGTTTTTTGGAGAA"	"CASSDSREGSHTGELFF"	"TCRBV6-4*1"	"TCRBD2-1*2"	"TCRBJ2-2*1"	-1	47	56	61	48	5	NA	NA	"GCTGTACCCTCTCAGACGTCTGTGTACTTCTGTGCCAGCAGTGACTCGCGGGAGGGTTCGCACACCGGGGAGCTGTTTTTTGGAGAA"	FALSE	TRUE	NA	NA	NA	NA
"CAGCGCACAGAGCAGGAGGACTCGGCCGTGTATCTCTGTGCCAGCAGCTTAGAGGCAGGTGGGACCTACGAGCAGTACTTCGGGCCG"	"CASSLEAGGTYEQYF"	"CAGCGCACAGAGCAGGAGGACTCGGCCGTGTATCTCTGTGCCAGCAGCTTAGAGGCAGGTGGGACCTACGAGCAGTACTTCGGGCCG"	"CASSLEAGGTYEQYF"	"TCRBV7-2"	NA	"TCRBJ2-7*1"	52	60	-1	64	8	65	NA	NA	"CAGCGCACAGAGCAGGAGGACTCGGCCGTGTATCTCTGTGCCAGCAGCTTAGAGGCAGGTGGGACCTACGAGCAGTACTTCGGGCCG"	FALSE	TRUE	NA	NA	NA	NA
"ACCAGTGCCCATCCTGAAGACAGCAGCTTCTACATCTGCAGTGCTAGAGATCGTTTGGGTATTGCGGGGGAGCTGTTTTTTGGAGAA"	"CSARDRLGIAGELFF"	"ACCAGTGCCCATCCTGAAGACAGCAGCTTCTACATCTGCAGTGCTAGAGATCGTTTGGGTATTGCGGGGGAGCTGTTTTTTGGAGAA"	"CSARDRLGIAGELFF"	NA	NA	"TCRBJ2-2*1"	50	56	59	66	6	7	NA	NA	"ACCAGTGCCCATCCTGAAGACAGCAGCTTCTACATCTGCAGTGCTAGAGATCGTTTGGGTATTGCGGGGGAGCTGTTTTTTGGAGAA"	FALSE	TRUE	NA	NA	NA	NA
"CTGCTGTACCCTCTCAGACATCTGTGTACTTCTGTGCCAGCAGTGACAGGTAGCGGGAGGTGGGGTGAGACCCAGTACTTCGGGCCA"	""	"CTGCTGTACCCTCTCAGACATCTGTGTACTTCTGTGCCAGCAGTGACAGGTAGCGGGAGGTGGGGTGAGACCCAGTACTTCGGGCCA"	""	"TCRBV6-4*1"	"TCRBD2-1*2"	"TCRBJ2-5*1"	47	50	60	66	3	6	NA	NA	"CTGCTGTACCCTCTCAGACATCTGTGTACTTCTGTGCCAGCAGTGACAGGTAGCGGGAGGTGGGGTGAGACCCAGTACTTCGGGCCA"	FALSE	FALSE	NA	NA	NA	NA
"AGCTCTCTGGAGCTGGGGGACTCAGCTTTGTATTTCTGTGCCAGCAGCGTAGGACAGGGGGCCTACAATGAGCAGTTCTTCGGGCCA"	"CASSVGQGAYNEQFF"	"AGCTCTCTGGAGCTGGGGGACTCAGCTTTGTATTTCTGTGCCAGCAGCGTAGGACAGGGGGCCTACAATGAGCAGTTCTTCGGGCCA"	"CASSVGQGAYNEQFF"	"TCRBV9-1*1"	"TCRBD1-1*1"	"TCRBJ2-1*1"	-1	52	-1	61	53	62	NA	NA	"AGCTCTCTGGAGCTGGGGGACTCAGCTTTGTATTTCTGTGCCAGCAGCGTAGGACAGGGGGCCTACAATGAGCAGTTCTTCGGGCCA"	FALSE	TRUE	NA	NA	NA	NA
"AATGTGAGCACCTTGGAGCTGGGGGACTCGGCCCTTTATCTTTGCGCCAGCAGCTTGAAGATGACCGGGGAGCTGTTTTTTGGAGAA"	"CASSLKMTGELFF"	"AATGTGAGCACCTTGGAGCTGGGGGACTCGGCCCTTTATCTTTGCGCCAGCAGCTTGAAGATGACCGGGGAGCTGTTTTTTGGAGAA"	"CASSLKMTGELFF"	"TCRBV5-1*1"	NA	"TCRBJ2-2*1"	57	59	61	63	2	2	NA	NA	"AATGTGAGCACCTTGGAGCTGGGGGACTCGGCCCTTTATCTTTGCGCCAGCAGCTTGAAGATGACCGGGGAGCTGTTTTTTGGAGAA"	FALSE	TRUE	NA	NA	NA	NA
"ATCCAGCGCACAGAGCAGGGGGACTCGGCCATGTATCTCTGTGCCAGCAGCTTGGCCGGGAGGGTTGACGAGCAGTACTTCGGGCCG"	"CASSLAGRVDEQYF"	"ATCCAGCGCACAGAGCAGGGGGACTCGGCCATGTATCTCTGTGCCAGCAGCTTGGCCGGGAGGGTTGACGAGCAGTACTTCGGGCCG"	"CASSLAGRVDEQYF"	"TCRBV7-9*1"	"TCRBD2-1*2"	"TCRBJ2-7*1"	53	56	64	67	3	3	NA	NA	"ATCCAGCGCACAGAGCAGGGGGACTCGGCCATGTATCTCTGTGCCAGCAGCTTGGCCGGGAGGGTTGACGAGCAGTACTTCGGGCCG"	FALSE	TRUE	NA	NA	NA	NA
"AAGATCCGGTCCACAAAGCTGGAGGACTCAGCCATGTACTTCTGTGCCACCAGATTGACACCAACCTACGAGCAGTACTTCGGGCCG"	"CATRLTPTYEQYF"	"AAGATCCGGTCCACAAAGCTGGAGGACTCAGCCATGTACTTCTGTGCCACCAGATTGACACCAACCTACGAGCAGTACTTCGGGCCG"	"CATRLTPTYEQYF"	"TCRBV2-1"	"TCRBD1-1*1"	"TCRBJ2-7*1"	53	56	60	64	3	4	NA	NA	"AAGATCCGGTCCACAAAGCTGGAGGACTCAGCCATGTACTTCTGTGCCACCAGATTGACACCAACCTACGAGCAGTACTTCGGGCCG"	FALSE	TRUE	NA	NA	NA	NA
"ACTGTGACATCGGCCCAAAAGAACCCGACAGCTTTCTATCTCTGTGCCAGTAGTATAGGGCAGAACTATGGCTACACCTTCGGTTCG"	"CASSIGQNYGYTF"	"ACTGTGACATCGGCCCAAAAGAACCCGACAGCTTTCTATCTCTGTGCCAGTAGTATAGGGCAGAACTATGGCTACACCTTCGGTTCG"	"CASSIGQNYGYTF"	"TCRBV19-1*1"	"TCRBD1-1*1"	"TCRBJ1-2*1"	58	60	-1	63	2	64	NA	NA	"ACTGTGACATCGGCCCAAAAGAACCCGACAGCTTTCTATCTCTGTGCCAGTAGTATAGGGCAGAACTATGGCTACACCTTCGGTTCG"	FALSE	TRUE	NA	NA	NA	NA
"ACCAGTGCCCATCCTGAAGACAGCAGCTTCTACATCTGCAGTGCTAGAGATCGGGGACTAGCATTGGGCGAGCAGTACTTCGGGCCG"	"CSARDRGLALGEQYF"	"ACCAGTGCCCATCCTGAAGACAGCAGCTTCTACATCTGCAGTGCTAGAGATCGGGGACTAGCATTGGGCGAGCAGTACTTCGGGCCG"	"CSARDRGLALGEQYF"	NA	"TCRBD2-1"	"TCRBJ2-7*1"	50	53	62	68	3	6	NA	NA	"ACCAGTGCCCATCCTGAAGACAGCAGCTTCTACATCTGCAGTGCTAGAGATCGGGGACTAGCATTGGGCGAGCAGTACTTCGGGCCG"	FALSE	TRUE	NA	NA	NA	NA
"ACAGTGACCAGTGCCCATCCTGAAGACAGCAGCTTCTACATCTGCAGTGCAATGACCGGGAACCAAGAGACCCAGTACTTCGGGCCA"	"CSAMTGNQETQYF"	"ACAGTGACCAGTGCCCATCCTGAAGACAGCAGCTTCTACATCTGCAGTGCAATGACCGGGAACCAAGAGACCCAGTACTTCGGGCCA"	"CSAMTGNQETQYF"	NA	"TCRBD2-1*2"	"TCRBJ2-5*1"	50	56	-1	61	6	62	NA	NA	"ACAGTGACCAGTGCCCATCCTGAAGACAGCAGCTTCTACATCTGCAGTGCAATGACCGGGAACCAAGAGACCCAGTACTTCGGGCCA"	FALSE	TRUE	NA	NA	NA	NA
"TGTCGGCTGCTCCCTCCCAGACATCTGTGTACTTCTGTGCCAGCAGTCCACGCCCCGGGACGCAGGGATGAGCAGTTCTTCGGGCCA"	""	"TGTCGGCTGCTCCCTCCCAGACATCTGTGTACTTCTGTGCCAGCAGTCCACGCCCCGGGACGCAGGGATGAGCAGTTCTTCGGGCCA"	""	"TCRBV6-5*1"	NA	"TCRBJ2-1*1"	47	56	61	67	9	6	NA	NA	"TGTCGGCTGCTCCCTCCCAGACATCTGTGTACTTCTGTGCCAGCAGTCCACGCCCCGGGACGCAGGGATGAGCAGTTCTTCGGGCCA"	FALSE	FALSE	NA	NA	NA	NA
"CGGTCCACAAAGCTGGAGGACTCAGCCATGTACTTCTGTGCCAGCAGTGAGAAGGCGCAGGGGGTCTACGAGCAGTACTTCGGGCCG"	"CASSEKAQGVYEQYF"	"CGGTCCACAAAGCTGGAGGACTCAGCCATGTACTTCTGTGCCAGCAGTGAGAAGGCGCAGGGGGTCTACGAGCAGTACTTCGGGCCG"	"CASSEKAQGVYEQYF"	"TCRBV2-1"	"TCRBD1-1*1"	"TCRBJ2-7*1"	50	57	64	65	7	1	NA	NA	"CGGTCCACAAAGCTGGAGGACTCAGCCATGTACTTCTGTGCCAGCAGTGAGAAGGCGCAGGGGGTCTACGAGCAGTACTTCGGGCCG"	FALSE	TRUE	NA	NA	NA	NA
"AATTCCCTGGAGCTTGGTGACTCTGCTGTGTATTTCTGTGCCAGCAGCCCAGCGGGAAACTCCTACAATGAGCAGTTCTTCGGGCCA"	"CASSPAGNSYNEQFF"	"AATTCCCTGGAGCTTGGTGACTCTGCTGTGTATTTCTGTGCCAGCAGCCCAGCGGGAAACTCCTACAATGAGCAGTTCTTCGGGCCA"	"CASSPAGNSYNEQFF"	"TCRBV3-1/3-2*1"	"TCRBD2-1*2"	"TCRBJ2-1*1"	49	50	57	59	1	2	NA	NA	"AATTCCCTGGAGCTTGGTGACTCTGCTGTGTATTTCTGTGCCAGCAGCCCAGCGGGAAACTCCTACAATGAGCAGTTCTTCGGGCCA"	FALSE	TRUE	NA	NA	NA	NA
"ATCCGCTCACCAGGCCTGGGGGACGCAGCCATGTACCTGTGTGCCACCAACCTCGGAAATTCGGGGAATGAGCAGTTCTTCGGGCCA"	"CATNLGNSGNEQFF"	"ATCCGCTCACCAGGCCTGGGGGACGCAGCCATGTACCTGTGTGCCACCAACCTCGGAAATTCGGGGAATGAGCAGTTCTTCGGGCCA"	"CATNLGNSGNEQFF"	"TCRBV15-1*2"	"TCRBD2-1*1"	"TCRBJ2-1*1"	49	61	-1	66	12	67	NA	NA	"ATCCGCTCACCAGGCCTGGGGGACGCAGCCATGTACCTGTGTGCCACCAACCTCGGAAATTCGGGGAATGAGCAGTTCTTCGGGCCA"	FALSE	TRUE	NA	NA	NA	NA
"CTACACGCCCTGCAGCCAGAAGACTCAGCCCTGTATCTCTGCGCCAGCAGCCAAGCCGGGACCGGCTATGGCTACACCTTCGGTTCG"	"CASSQAGTGYGYTF"	"CTACACGCCCTGCAGCCAGAAGACTCAGCCCTGTATCTCTGCGCCAGCAGCCAAGCCGGGACCGGCTATGGCTACACCTTCGGTTCG"	"CASSQAGTGYGYTF"	"TCRBV4-1*1"	NA	"TCRBJ1-2*1"	55	57	62	65	2	3	NA	NA	"CTACACGCCCTGCAGCCAGAAGACTCAGCCCTGTATCTCTGCGCCAGCAGCCAAGCCGGGACCGGCTATGGCTACACCTTCGGTTCG"	FALSE	TRUE	NA	NA	NA	NA
"GTGAGCAACATGAGCCCTGAAGACAGCAGCATATATCTCTGCAGCGTTGAAACGGACAGCAACGCCTACGAGCAGTACTTCGGGCCG"	"CSVETDSNAYEQYF"	"GTGAGCAACATGAGCCCTGAAGACAGCAGCATATATCTCTGCAGCGTTGAAACGGACAGCAACGCCTACGAGCAGTACTTCGGGCCG"	"CSVETDSNAYEQYF"	"TCRBV29-1"	"TCRBD1-1*1"	"TCRBJ2-7*1"	51	53	59	64	2	5	NA	NA	"GTGAGCAACATGAGCCCTGAAGACAGCAGCATATATCTCTGCAGCGTTGAAACGGACAGCAACGCCTACGAGCAGTACTTCGGGCCG"	FALSE	TRUE	NA	NA	NA	NA
"GTGACCAGTGCCCATCCTGAAGACAGCAGCTTCTACATCTGCAGTGCTCACCGCGGGAGGGGTCCCTACGAGCAGTACTTCGGGCCG"	"CSAHRGRGPYEQYF"	"GTGACCAGTGCCCATCCTGAAGACAGCAGCTTCTACATCTGCAGTGCTCACCGCGGGAGGGGTCCCTACGAGCAGTACTTCGGGCCG"	"CSAHRGRGPYEQYF"	NA	"TCRBD2-1*2"	"TCRBJ2-7*1"	48	52	61	64	4	3	NA	NA	"GTGACCAGTGCCCATCCTGAAGACAGCAGCTTCTACATCTGCAGTGCTCACCGCGGGAGGGGTCCCTACGAGCAGTACTTCGGGCCG"	FALSE	TRUE	NA	NA	NA	NA
"GAGTCCGCTACCAGCTCCCAGACATCTGTGTACTTCTGTGCCATCAGTGAGCCAGCAGCCGAGGGGGAGACCCAGTACTTCGGGCCA"	"CAISEPAAEGETQYF"	"GAGTCCGCTACCAGCTCCCAGACATCTGTGTACTTCTGTGCCATCAGTGAGCCAGCAGCCGAGGGGGAGACCCAGTACTTCGGGCCA"	"CAISEPAAEGETQYF"	"TCRBV1-3*1"	NA	"TCRBJ2-5*1"	51	61	-1	66	10	67	NA	NA	"GAGTCCGCTACCAGCTCCCAGACATCTGTGTACTTCTGTGCCATCAGTGAGCCAGCAGCCGAGGGGGAGACCCAGTACTTCGGGCCA"	FALSE	TRUE	NA	NA	NA	NA
"GCAGAGCTTGGGGACTCGGCCATGTATCTCTGTGCCAGCAGCCACACACCCAACAGGGGTGGAAATTCACCCCTCCACTTTGGGAAT"	"CASSHTPNRGGNSPLHF"	"GCAGAGCTTGGGGACTCGGCCATGTATCTCTGTGCCAGCAGCCACACACCCAACAGGGGTGGAAATTCACCCCTCCACTTTGGGAAT"	"CASSHTPNRGGNSPLHF"	NA	"TCRBD1-1*1"	"TCRBJ1-6*1"	42	52	59	63	10	4	NA	NA	"GCAGAGCTTGGGGACTCGGCCATGTATCTCTGTGCCAGCAGCCACACACCCAACAGGGGTGGAAATTCACCCCTCCACTTTGGGAAT"	FALSE	TRUE	NA	NA	NA	NA
"AATTCCCTGGAGCTTGGTGACTCTGCTGTGTATTTCTGTGCCAGCAGCCAAACCTGGGGGAGCTCCCATGAGCAGTTCTTCGGGCCA"	"CASSQTWGSSHEQFF"	"AATTCCCTGGAGCTTGGTGACTCTGCTGTGTATTTCTGTGCCAGCAGCCAAACCTGGGGGAGCTCCCATGAGCAGTTCTTCGGGCCA"	"CASSQTWGSSHEQFF"	"TCRBV3-1/3-2*1"	NA	"TCRBJ2-1*1"	51	55	60	67	4	7	NA	NA	"AATTCCCTGGAGCTTGGTGACTCTGCTGTGTATTTCTGTGCCAGCAGCCAAACCTGGGGGAGCTCCCATGAGCAGTTCTTCGGGCCA"	FALSE	TRUE	NA	NA	NA	NA
"AGTCGCCCAGCCCCAACCAGACCTCTCTGTACTTCTGTGCCAGCAGTTTGGGCGGCTAGACGGGACAATGAGCAGTTCTTCGGGCCA"	""	"AGTCGCCCAGCCCCAACCAGACCTCTCTGTACTTCTGTGCCAGCAGTTTGGGCGGCTAGACGGGACAATGAGCAGTTCTTCGGGCCA"	""	"TCRBV27-1*1"	NA	"TCRBJ2-1*1"	-1	49	53	64	50	11	NA	NA	"AGTCGCCCAGCCCCAACCAGACCTCTCTGTACTTCTGTGCCAGCAGTTTGGGCGGCTAGACGGGACAATGAGCAGTTCTTCGGGCCA"	FALSE	FALSE	NA	NA	NA	NA
"ATCCGCTCACCAGGCCTGGGGGACGCAGCCATGTACCTGTGTGCCACCAGCCAGGGACTAGTGGTGGAGACCCAGTACTTCGGGCCA"	"CATSQGLVVETQYF"	"ATCCGCTCACCAGGCCTGGGGGACGCAGCCATGTACCTGTGTGCCACCAGCCAGGGACTAGTGGTGGAGACCCAGTACTTCGGGCCA"	"CATSQGLVVETQYF"	"TCRBV15-1*2"	"TCRBD2-1"	"TCRBJ2-5*1"	51	53	61	66	2	5	NA	NA	"ATCCGCTCACCAGGCCTGGGGGACGCAGCCATGTACCTGTGTGCCACCAGCCAGGGACTAGTGGTGGAGACCCAGTACTTCGGGCCA"	FALSE	TRUE	NA	NA	NA	NA
"TGCCATCCCCAACCAGACAGCTCTTTACTTCTGTGCCAACATTAGATAGGATAACAGAGACACACAGATACGCAGTATTTTGGCCCA"	""	"TGCCATCCCCAACCAGACAGCTCTTTACTTCTGTGCCAACATTAGATAGGATAACAGAGACACACAGATACGCAGTATTTTGGCCCA"	""	"TCRBV24-1*1"	"TCRBD1-1*1"	"TCRBJ2-3*1"	38	58	-1	62	20	63	NA	NA	"TGCCATCCCCAACCAGACAGCTCTTTACTTCTGTGCCAACATTAGATAGGATAACAGAGACACACAGATACGCAGTATTTTGGCCCA"	FALSE	FALSE	NA	NA	NA	NA
"GCTCCCAGACATCTGTGTATTTCTGCGCCAGCAGTGAGTCGCAACGGGGGGCCCCAGGGCTCCTACAATGAGCAGTTCTTCGGGCCA"	""	"GCTCCCAGACATCTGTGTATTTCTGCGCCAGCAGTGAGTCGCAACGGGGGGCCCCAGGGCTCCTACAATGAGCAGTTCTTCGGGCCA"	""	"TCRBV1-2*1"	"TCRBD2-1*1"	"TCRBJ2-1*1"	40	44	51	59	4	8	NA	NA	"GCTCCCAGACATCTGTGTATTTCTGCGCCAGCAGTGAGTCGCAACGGGGGGCCCCAGGGCTCCTACAATGAGCAGTTCTTCGGGCCA"	FALSE	FALSE	NA	NA	NA	NA
"TCCACAAAGCTGGAGGACTCAGCCATGTACTTCTGTGCCAGCAGTGAGTTTGCGACAGAGTCTAATTCACCCCTCCACTTTGGGAAT"	"CASSEFATESNSPLHF"	"TCCACAAAGCTGGAGGACTCAGCCATGTACTTCTGTGCCAGCAGTGAGTTTGCGACAGAGTCTAATTCACCCCTCCACTTTGGGAAT"	"CASSEFATESNSPLHF"	"TCRBV2-1"	"TCRBD1-1*1"	"TCRBJ1-6*1"	47	53	58	62	6	4	NA	NA	"TCCACAAAGCTGGAGGACTCAGCCATGTACTTCTGTGCCAGCAGTGAGTTTGCGACAGAGTCTAATTCACCCCTCCACTTTGGGAAT"	FALSE	TRUE	NA	NA	NA	NA
"ACAGTGACCAGTGCCCATCCTGAAGACAGCAGCTTCTACATCTGCAGTGCTCCGGTAGGGGGCTTCCATGAGCAGTTCTTCGGGCCA"	"CSAPVGGFHEQFF"	"ACAGTGACCAGTGCCCATCCTGAAGACAGCAGCTTCTACATCTGCAGTGCTCCGGTAGGGGGCTTCCATGAGCAGTTCTTCGGGCCA"	"CSAPVGGFHEQFF"	NA	"TCRBD1-1*1"	"TCRBJ2-1*1"	51	56	63	67	5	4	NA	NA	"ACAGTGACCAGTGCCCATCCTGAAGACAGCAGCTTCTACATCTGCAGTGCTCCGGTAGGGGGCTTCCATGAGCAGTTCTTCGGGCCA"	FALSE	TRUE	NA	NA	NA	NA
"ATCAATTCCCTGGAGCTTGGTGACTCTGCTGTGTATTTCTGTGCCAGCAGCCCTAGGGAGCCCAGAGGTACGCAGTATTTTGGCCCA"	"CASSPREPRGTQYF"	"ATCAATTCCCTGGAGCTTGGTGACTCTGCTGTGTATTTCTGTGCCAGCAGCCCTAGGGAGCCCAGAGGTACGCAGTATTTTGGCCCA"	"CASSPREPRGTQYF"	"TCRBV3-1/3-2*1"	"TCRBD2-1*2"	"TCRBJ2-3*1"	52	55	60	68	3	8	NA	NA	"ATCAATTCCCTGGAGCTTGGTGACTCTGCTGTGTATTTCTGTGCCAGCAGCCCTAGGGAGCCCAGAGGTACGCAGTATTTTGGCCCA"	FALSE	TRUE	NA	NA	NA	NA
"CGCACACAGCAGGAGGACTCGGCCGTGTATCTCTGTGCCAGCAGCGCCCGAAGAGGGGGGGACACCGGGGAGCTGTTTTTTGGAGAA"	"CASSARRGGDTGELFF"	"CGCACACAGCAGGAGGACTCGGCCGTGTATCTCTGTGCCAGCAGCGCCCGAAGAGGGGGGGACACCGGGGAGCTGTTTTTTGGAGAA"	"CASSARRGGDTGELFF"	"TCRBV7-2"	"TCRBD2-1*1"	"TCRBJ2-2*1"	45	54	-1	61	9	62	NA	NA	"CGCACACAGCAGGAGGACTCGGCCGTGTATCTCTGTGCCAGCAGCGCCCGAAGAGGGGGGGACACCGGGGAGCTGTTTTTTGGAGAA"	FALSE	TRUE	NA	NA	NA	NA
"TCCCTGATTCTGGAGTCCGCCAGCACCAACCAGACATCTATGTACCTCTGTGCCAGCTTCGAGGCCAGTAAGCAGTACTTCGGGCCG"	"CASFEASKQYF"	"TCCCTGATTCTGGAGTCCGCCAGCACCAACCAGACATCTATGTACCTCTGTGCCAGCTTCGAGGCCAGTAAGCAGTACTTCGGGCCG"	"CASFEASKQYF"	"TCRBV28-1*1"	"TCRBD2-1*2"	"TCRBJ2-7*1"	57	60	64	70	3	6	NA	NA	"TCCCTGATTCTGGAGTCCGCCAGCACCAACCAGACATCTATGTACCTCTGTGCCAGCTTCGAGGCCAGTAAGCAGTACTTCGGGCCG"	FALSE	TRUE	NA	NA	NA	NA
"CCTGGAGTCGCCCAGCCCCAACCAGACCTCTCTGTACTTCTGTGCCAGCAGTTGCGAGGATTCACCGGGGAGCTGTTTTTTGGAGAA"	""	"CCTGGAGTCGCCCAGCCCCAACCAGACCTCTCTGTACTTCTGTGCCAGCAGTTGCGAGGATTCACCGGGGAGCTGTTTTTTGGAGAA"	""	"TCRBV27-1*1"	"TCRBD2-1*2"	"TCRBJ2-2*1"	53	55	59	62	2	3	NA	NA	"CCTGGAGTCGCCCAGCCCCAACCAGACCTCTCTGTACTTCTGTGCCAGCAGTTGCGAGGATTCACCGGGGAGCTGTTTTTTGGAGAA"	FALSE	FALSE	NA	NA	NA	NA
"CGACAGCTTTCTATCTCTGTGCCAGTACGTAGGTTTCGAACTTTTTAGGGATTGGTGGTCAACACCGGGGAGCTGTTTTTTGGAGAA"	""	"CGACAGCTTTCTATCTCTGTGCCAGTACGTAGGTTTCGAACTTTTTAGGGATTGGTGGTCAACACCGGGGAGCTGTTTTTTGGAGAA"	""	"TCRBV19-1*1"	NA	"TCRBJ2-2*1"	27	47	51	60	20	9	NA	NA	"CGACAGCTTTCTATCTCTGTGCCAGTACGTAGGTTTCGAACTTTTTAGGGATTGGTGGTCAACACCGGGGAGCTGTTTTTTGGAGAA"	FALSE	FALSE	NA	NA	NA	NA
"CTGAGCTCTCTGGAGCTGGGGGACTCAGCTTTGTATTTCTGTGCCAGCAGCGTAGGCGGGAGGAACTATGGCTACACCTTCGGTTCG"	"CASSVGGRNYGYTF"	"CTGAGCTCTCTGGAGCTGGGGGACTCAGCTTTGTATTTCTGTGCCAGCAGCGTAGGCGGGAGGAACTATGGCTACACCTTCGGTTCG"	"CASSVGGRNYGYTF"	"TCRBV9-1*1"	"TCRBD2-1*2"	"TCRBJ1-2*1"	-1	55	-1	63	56	64	NA	NA	"CTGAGCTCTCTGGAGCTGGGGGACTCAGCTTTGTATTTCTGTGCCAGCAGCGTAGGCGGGAGGAACTATGGCTACACCTTCGGTTCG"	FALSE	TRUE	NA	NA	NA	NA
"ACTCTGGAGTCTGCTGCCTCCTCCCAGACATCTGTATATTTCTGCGCCAGCAGTGAGAGGGTCTTGGAGACCCAGTACTTCGGGCCA"	"CASSERVLETQYF"	"ACTCTGGAGTCTGCTGCCTCCTCCCAGACATCTGTATATTTCTGCGCCAGCAGTGAGAGGGTCTTGGAGACCCAGTACTTCGGGCCA"	"CASSERVLETQYF"	"TCRBV1-1*1"	NA	"TCRBJ2-5*1"	-1	57	61	66	58	5	NA	NA	"ACTCTGGAGTCTGCTGCCTCCTCCCAGACATCTGTATATTTCTGCGCCAGCAGTGAGAGGGTCTTGGAGACCCAGTACTTCGGGCCA"	FALSE	TRUE	NA	NA	NA	NA
"CTGGAGTCTGCCAGGCCCTCACATACCTCTCAGTACCTCTGTGCCAGCAAAGAGACAGGGTATGCCAATGAGCAGTTCTTCGGGCCA"	"CASKETGYANEQFF"	"CTGGAGTCTGCCAGGCCCTCACATACCTCTCAGTACCTCTGTGCCAGCAAAGAGACAGGGTATGCCAATGAGCAGTTCTTCGGGCCA"	"CASKETGYANEQFF"	"TCRBV25-1*1"	"TCRBD1-1*1"	"TCRBJ2-1*1"	49	53	60	65	4	5	NA	NA	"CTGGAGTCTGCCAGGCCCTCACATACCTCTCAGTACCTCTGTGCCAGCAAAGAGACAGGGTATGCCAATGAGCAGTTCTTCGGGCCA"	FALSE	TRUE	NA	NA	NA	NA
"NNNNNNNTGTCGGCTGCTCCCTCCCAGACATCTGTGTACTTCTGTGCCAGCAGCCGGGACAGCAATTCACCCCTCCACTTTGGGAAT"	"CASSRDSNSPLHF"	"NNNNNNNTGTCGGCTGCTCCCTCCCAGACATCTGTGTACTTCTGTGCCAGCAGCCGGGACAGCAATTCACCCCTCCACTTTGGGAAT"	"CASSRDSNSPLHF"	"TCRBV6-5*1"	"TCRBD1-1*1"	"TCRBJ1-6*1"	53	55	62	63	2	1	NA	NA	"NNNNNNNTGTCGGCTGCTCCCTCCCAGACATCTGTGTACTTCTGTGCCAGCAGCCGGGACAGCAATTCACCCCTCCACTTTGGGAAT"	FALSE	TRUE	NA	NA	NA	NA
"GTCCACGGAGTCAGGGGACACAGCACTGTATTTCTGTGCCAGCAGCAAAGGCGAAACGCGGGAGCCTACGAGCAGTACTTCGGGCCG"	""	"GTCCACGGAGTCAGGGGACACAGCACTGTATTTCTGTGCCAGCAGCAAAGGCGAAACGCGGGAGCCTACGAGCAGTACTTCGGGCCG"	""	"TCRBV21-1*1"	"TCRBD2-1*2"	"TCRBJ2-7*1"	50	57	-1	64	7	65	NA	NA	"GTCCACGGAGTCAGGGGACACAGCACTGTATTTCTGTGCCAGCAGCAAAGGCGAAACGCGGGAGCCTACGAGCAGTACTTCGGGCCG"	FALSE	FALSE	NA	NA	NA	NA
"TCTCTGGAGCTGGGGGACTCAGCTTTGTATTTCTGTGCCAGCAGCGTAACCGGGGCGTGGGAATACAATGAGCAGTTCTTCGGGCCA"	"CASSVTGAWEYNEQFF"	"TCTCTGGAGCTGGGGGACTCAGCTTTGTATTTCTGTGCCAGCAGCGTAACCGGGGCGTGGGAATACAATGAGCAGTTCTTCGGGCCA"	"CASSVTGAWEYNEQFF"	"TCRBV9-1*1"	NA	"TCRBJ2-1*1"	48	51	56	63	3	7	NA	NA	"TCTCTGGAGCTGGGGGACTCAGCTTTGTATTTCTGTGCCAGCAGCGTAACCGGGGCGTGGGAATACAATGAGCAGTTCTTCGGGCCA"	FALSE	TRUE	NA	NA	NA	NA
"CACGCCCTGCAGCCAGAAGACTCAGCCCTGTATCTCTGCGCCAGCAGCCAATGGAAGGGACCAAATGAAAAACTGTTTTTTGGCAGT"	"CASSQWKGPNEKLFF"	"CACGCCCTGCAGCCAGAAGACTCAGCCCTGTATCTCTGCGCCAGCAGCCAATGGAAGGGACCAAATGAAAAACTGTTTTTTGGCAGT"	"CASSQWKGPNEKLFF"	"TCRBV4-1*1"	NA	"TCRBJ1-4*1"	51	56	61	63	5	2	NA	NA	"CACGCCCTGCAGCCAGAAGACTCAGCCCTGTATCTCTGCGCCAGCAGCCAATGGAAGGGACCAAATGAAAAACTGTTTTTTGGCAGT"	FALSE	TRUE	NA	NA	NA	NA
"ACTCTGGAGTCAGCTACCAGCTCCCAGACATCTGTGTACTTCTGTGCCATCAGTGGCGTGGGAATAAATGGCTACACCTTCGGTTCG"	"CAISGVGINGYTF"	"ACTCTGGAGTCAGCTACCAGCTCCCAGACATCTGTGTACTTCTGTGCCATCAGTGGCGTGGGAATAAATGGCTACACCTTCGGTTCG"	"CAISGVGINGYTF"	"TCRBV1-3*1"	NA	"TCRBJ1-2*1"	55	59	63	67	4	4	NA	NA	"ACTCTGGAGTCAGCTACCAGCTCCCAGACATCTGTGTACTTCTGTGCCATCAGTGGCGTGGGAATAAATGGCTACACCTTCGGTTCG"	FALSE	TRUE	NA	NA	NA	NA
"NNNNTGTCGGCTGCTCCCTCCCAGACATCTGTGTACTTCTGTGCCAGCAGTGAAGCGAACAGGTTCTACGAGCAGTACTTCGGGCCG"	"CASSEANRFYEQYF"	"NNNNTGTCGGCTGCTCCCTCCCAGACATCTGTGTACTTCTGTGCCAGCAGTGAAGCGAACAGGTTCTACGAGCAGTACTTCGGGCCG"	"CASSEANRFYEQYF"	"TCRBV6-1*1"	"TCRBD1-1*1"	"TCRBJ2-7*1"	56	58	63	65	2	2	NA	NA	"NNNNTGTCGGCTGCTCCCTCCCAGACATCTGTGTACTTCTGTGCCAGCAGTGAAGCGAACAGGTTCTACGAGCAGTACTTCGGGCCG"	FALSE	TRUE	NA	NA	NA	NA
"ACCAGTGCCCATCCTGAAGACAGCAGCTTCTACATCTGCAGTGCTAGAGATGAGCGACCGGGGCCCGGGGAGCTGTTTTTTGGAGAA"	"CSARDERPGPGELFF"	"ACCAGTGCCCATCCTGAAGACAGCAGCTTCTACATCTGCAGTGCTAGAGATGAGCGACCGGGGCCCGGGGAGCTGTTTTTTGGAGAA"	"CSARDERPGPGELFF"	NA	NA	"TCRBJ2-2*1"	50	59	-1	64	9	65	NA	NA	"ACCAGTGCCCATCCTGAAGACAGCAGCTTCTACATCTGCAGTGCTAGAGATGAGCGACCGGGGCCCGGGGAGCTGTTTTTTGGAGAA"	FALSE	TRUE	NA	NA	NA	NA
"ATCCAGCAGGTAGTGCGAGGAGATTCGGCAGCTTATTTCTGTGCCAGCTCACCCCCACAGGGGAACTATGGCTACACCTTCGGTTCG"	"CASSPPQGNYGYTF"	"ATCCAGCAGGTAGTGCGAGGAGATTCGGCAGCTTATTTCTGTGCCAGCTCACCCCCACAGGGGAACTATGGCTACACCTTCGGTTCG"	"CASSPPQGNYGYTF"	"TCRBV18-1*1"	"TCRBD1-1*1"	"TCRBJ1-2*1"	53	56	-1	63	3	64	NA	NA	"ATCCAGCAGGTAGTGCGAGGAGATTCGGCAGCTTATTTCTGTGCCAGCTCACCCCCACAGGGGAACTATGGCTACACCTTCGGTTCG"	FALSE	TRUE	NA	NA	NA	NA
"ACTCAGCAGGAGGACTCCGCCGTGTATCTCTGTGCCAGCAGCTTAGATTCCCCCTAGCGGGGACAAGAGACCCAGTACTTCGGGCCA"	"CASSLDSP*RGQETQYF"	"ACTCAGCAGGAGGACTCCGCCGTGTATCTCTGTGCCAGCAGCTTAGATTCCCCCTAGCGGGGACAAGAGACCCAGTACTTCGGGCCA"	"CASSLDSP*RGQETQYF"	"TCRBV7-8*1"	"TCRBD2-1*1"	"TCRBJ2-5*1"	46	53	62	63	7	1	NA	NA	"ACTCAGCAGGAGGACTCCGCCGTGTATCTCTGTGCCAGCAGCTTAGATTCCCCCTAGCGGGGACAAGAGACCCAGTACTTCGGGCCA"	FALSE	TRUE	NA	NA	NA	NA
"ATCCAGCGCACAGAGCAGCGGGACTCGGCCATGTATCGCTGTGCCAGCAGTTCGCCGGTGGGAACCGGGGAGCTGTTTTTTGGAGAA"	"CASSSPVGTGELFF"	"ATCCAGCGCACAGAGCAGCGGGACTCGGCCATGTATCGCTGTGCCAGCAGTTCGCCGGTGGGAACCGGGGAGCTGTTTTTTGGAGAA"	"CASSSPVGTGELFF"	"TCRBV7-6*1"	NA	"TCRBJ2-2*1"	50	59	-1	63	9	64	NA	NA	"ATCCAGCGCACAGAGCAGCGGGACTCGGCCATGTATCGCTGTGCCAGCAGTTCGCCGGTGGGAACCGGGGAGCTGTTTTTTGGAGAA"	FALSE	TRUE	NA	NA	NA	NA
"NTGTCGGCTGCTCCCTCCCAGACATCTGTGTACTTCTGTGCCAGCCGGGGACAGGGGATAACTAATGAAAAACTGTTTTTTGGCAGT"	"CASRGQGITNEKLFF"	"NTGTCGGCTGCTCCCTCCCAGACATCTGTGTACTTCTGTGCCAGCCGGGGACAGGGGATAACTAATGAAAAACTGTTTTTTGGCAGT"	"CASRGQGITNEKLFF"	"TCRBV6-5*1"	"TCRBD1-1*1"	"TCRBJ1-4*1"	45	47	57	59	2	2	NA	NA	"NTGTCGGCTGCTCCCTCCCAGACATCTGTGTACTTCTGTGCCAGCCGGGGACAGGGGATAACTAATGAAAAACTGTTTTTTGGCAGT"	FALSE	TRUE	NA	NA	NA	NA
"TCGGCTGCTCCCTCCCAGACATCTGTGTACTTCTGTGCCAGCAGTCTAACAGGGGGCGGGGTGGACGGGGAGCTGTTTTTTGGAGAA"	"CASSLTGGGVDGELFF"	"TCGGCTGCTCCCTCCCAGACATCTGTGTACTTCTGTGCCAGCAGTCTAACAGGGGGCGGGGTGGACGGGGAGCTGTTTTTTGGAGAA"	"CASSLTGGGVDGELFF"	NA	"TCRBD1-1*1"	"TCRBJ2-2*1"	45	48	57	65	3	8	NA	NA	"TCGGCTGCTCCCTCCCAGACATCTGTGTACTTCTGTGCCAGCAGTCTAACAGGGGGCGGGGTGGACGGGGAGCTGTTTTTTGGAGAA"	FALSE	TRUE	NA	NA	NA	NA
"ACTGTGACATCGGCCCAAAAGAACCCGACAGCTTTCTATCTCTGTGCCAGTAGACAGGGGGCCCAAGAGACCCAGTACTTCGGGCCA"	"CASRQGAQETQYF"	"ACTGTGACATCGGCCCAAAAGAACCCGACAGCTTTCTATCTCTGTGCCAGTAGACAGGGGGCCCAAGAGACCCAGTACTTCGGGCCA"	"CASRQGAQETQYF"	"TCRBV19-1*1"	"TCRBD1-1*1"	"TCRBJ2-5*1"	-1	53	-1	62	54	63	NA	NA	"ACTGTGACATCGGCCCAAAAGAACCCGACAGCTTTCTATCTCTGTGCCAGTAGACAGGGGGCCCAAGAGACCCAGTACTTCGGGCCA"	FALSE	TRUE	NA	NA	NA	NA
"ATTCAGCGTACAGAGCAGCGGGACTCGGCCATGTATCGCTGTGCCAGCAGCGCAGGACTATCCACAGATACGCAGTATTTTGGCCCA"	"CASSAGLSTDTQYF"	"ATTCAGCGTACAGAGCAGCGGGACTCGGCCATGTATCGCTGTGCCAGCAGCGCAGGACTATCCACAGATACGCAGTATTTTGGCCCA"	"CASSAGLSTDTQYF"	NA	"TCRBD2-1"	"TCRBJ2-3*1"	51	54	60	62	3	2	NA	NA	"ATTCAGCGTACAGAGCAGCGGGACTCGGCCATGTATCGCTGTGCCAGCAGCGCAGGACTATCCACAGATACGCAGTATTTTGGCCCA"	FALSE	TRUE	NA	NA	NA	NA
"TAAGAAGCTCCTTCTCAGTGACTCTGGCTTCTATCTCTGTGCCCCCCAGGGGACTAGCGGGAGGGGATGCGACTGTTTTTTGGAGAA"	""	"TAAGAAGCTCCTTCTCAGTGACTCTGGCTTCTATCTCTGTGCCCCCCAGGGGACTAGCGGGAGGGGATGCGACTGTTTTTTGGAGAA"	""	"TCRBV3-1"	"TCRBD2-1*2"	"TCRBJ2-2*1"	43	49	65	72	6	7	NA	NA	"TAAGAAGCTCCTTCTCAGTGACTCTGGCTTCTATCTCTGTGCCCCCCAGGGGACTAGCGGGAGGGGATGCGACTGTTTTTTGGAGAA"	FALSE	FALSE	NA	NA	NA	NA
"AGTTCTAAGAAGCTCCTTCTCAGTGACTCTGGCTTCTATCTCTGTGCCTGGAGTGTCGTTGAGGACGGGGAGCTGTTTTTTGGAGAA"	"CAWSVVEDGELFF"	"AGTTCTAAGAAGCTCCTTCTCAGTGACTCTGGCTTCTATCTCTGTGCCTGGAGTGTCGTTGAGGACGGGGAGCTGTTTTTTGGAGAA"	"CAWSVVEDGELFF"	"TCRBV3-1*1"	"TCRBD2-1*2"	"TCRBJ2-2*1"	56	60	64	65	4	1	NA	NA	"AGTTCTAAGAAGCTCCTTCTCAGTGACTCTGGCTTCTATCTCTGTGCCTGGAGTGTCGTTGAGGACGGGGAGCTGTTTTTTGGAGAA"	FALSE	TRUE	NA	NA	NA	NA
"CTGGAGCTTGGTGACTCTGCTGTGTATTTCTGTGCCAGCAGCCACCACCCCAGCGGGAGGAACTACAATGAGCAGTTCTTCGGGCCA"	"CASSHHPSGRNYNEQFF"	"CTGGAGCTTGGTGACTCTGCTGTGTATTTCTGTGCCAGCAGCCACCACCCCAGCGGGAGGAACTACAATGAGCAGTTCTTCGGGCCA"	"CASSHHPSGRNYNEQFF"	"TCRBV3-1/3-2*1"	"TCRBD2-1*2"	"TCRBJ2-1*1"	44	51	60	62	7	2	NA	NA	"CTGGAGCTTGGTGACTCTGCTGTGTATTTCTGTGCCAGCAGCCACCACCCCAGCGGGAGGAACTACAATGAGCAGTTCTTCGGGCCA"	FALSE	TRUE	NA	NA	NA	NA
"CACCTTGGAGCTGGGGGACTCGGCCCTTTATCTTTGCGCCAGCAGCAAAATGGGTGACAGGGAAGTTGTGGCTACACCTTCGGTTCG"	""	"CACCTTGGAGCTGGGGGACTCGGCCCTTTATCTTTGCGCCAGCAGCAAAATGGGTGACAGGGAAGTTGTGGCTACACCTTCGGTTCG"	""	"TCRBV5-1*1"	"TCRBD1-1*1"	"TCRBJ1-2*1"	46	55	62	68	9	6	NA	NA	"CACCTTGGAGCTGGGGGACTCGGCCCTTTATCTTTGCGCCAGCAGCAAAATGGGTGACAGGGAAGTTGTGGCTACACCTTCGGTTCG"	FALSE	FALSE	NA	NA	NA	NA
"ACATCGGCCCAAAAGAACCCGACAGCTTTCTATCTCTGTGCCAGTAGTATTGGGACAGGTCTCAATCAGCCCCAGCATTTTGGTGAT"	"CASSIGTGLNQPQHF"	"ACATCGGCCCAAAAGAACCCGACAGCTTTCTATCTCTGTGCCAGTAGTATTGGGACAGGTCTCAATCAGCCCCAGCATTTTGGTGAT"	"CASSIGTGLNQPQHF"	"TCRBV19-1*1"	"TCRBD1-1*1"	"TCRBJ1-5*1"	50	51	59	62	1	3	NA	NA	"ACATCGGCCCAAAAGAACCCGACAGCTTTCTATCTCTGTGCCAGTAGTATTGGGACAGGTCTCAATCAGCCCCAGCATTTTGGTGAT"	FALSE	TRUE	NA	NA	NA	NA
"CGGTCCACAAAGCTGGAGGACTCAGCCATGTACTTCTGTGCCAGTCGGACTAGCGGGAGGGGTACAGATACGCAGTATTTTGGCCCA"	"CASRTSGRGTDTQYF"	"CGGTCCACAAAGCTGGAGGACTCAGCCATGTACTTCTGTGCCAGTCGGACTAGCGGGAGGGGTACAGATACGCAGTATTTTGGCCCA"	"CASRTSGRGTDTQYF"	"TCRBV2-1"	"TCRBD2-1*2"	"TCRBJ2-3*1"	44	46	61	63	2	2	NA	NA	"CGGTCCACAAAGCTGGAGGACTCAGCCATGTACTTCTGTGCCAGTCGGACTAGCGGGAGGGGTACAGATACGCAGTATTTTGGCCCA"	FALSE	TRUE	NA	NA	NA	NA
"AGTCCACGGAGTCAGGGGACACAGCACTGTATTTCTGTGCCAGCAGCAAACCTCACTAGCGGCCAAGAGACCCAGTACTTCGGGCCA"	""	"AGTCCACGGAGTCAGGGGACACAGCACTGTATTTCTGTGCCAGCAGCAAACCTCACTAGCGGCCAAGAGACCCAGTACTTCGGGCCA"	""	"TCRBV21-1*1"	"TCRBD2-1"	"TCRBJ2-5*1"	50	54	-1	62	4	63	NA	NA	"AGTCCACGGAGTCAGGGGACACAGCACTGTATTTCTGTGCCAGCAGCAAACCTCACTAGCGGCCAAGAGACCCAGTACTTCGGGCCA"	FALSE	FALSE	NA	NA	NA	NA
"GCCCTCAGAACCCAGGGACTCAGCTGTGTACTTCTGTGCCAGCAGTTTAAGTCGACTAGCGACTACAATGAGCAGTTCTTCGGGCCA"	""	"GCCCTCAGAACCCAGGGACTCAGCTGTGTACTTCTGTGCCAGCAGTTTAAGTCGACTAGCGACTACAATGAGCAGTTCTTCGGGCCA"	""	NA	"TCRBD2-1"	"TCRBJ2-1*1"	49	53	61	62	4	1	NA	NA	"GCCCTCAGAACCCAGGGACTCAGCTGTGTACTTCTGTGCCAGCAGTTTAAGTCGACTAGCGACTACAATGAGCAGTTCTTCGGGCCA"	FALSE	FALSE	NA	NA	NA	NA
"GTCAGCTGCTCCCTCTCAGACTTCTGTTTACTTCTGTGCCAGCAGTAACTAGCGGGAGTGTGACAGGACGAGCAGTACTTCGGGCCG"	""	"GTCAGCTGCTCCCTCTCAGACTTCTGTTTACTTCTGTGCCAGCAGTAACTAGCGGGAGTGTGACAGGACGAGCAGTACTTCGGGCCG"	""	"TCRBV6-7*1"	"TCRBD2-1*2"	"TCRBJ2-7*1"	-1	50	58	67	51	9	NA	NA	"GTCAGCTGCTCCCTCTCAGACTTCTGTTTACTTCTGTGCCAGCAGTAACTAGCGGGAGTGTGACAGGACGAGCAGTACTTCGGGCCG"	FALSE	FALSE	NA	NA	NA	NA
"CAGCGCACAGAGCGGGGGGACTCAGCCGTGTATCTCTGTGCCAGCAGCTTACTAGGCAGGGGGCACGATGAGCAGTTCTTCGGGCCA"	"CASSLLGRGHDEQFF"	"CAGCGCACAGAGCGGGGGGACTCAGCCGTGTATCTCTGTGCCAGCAGCTTACTAGGCAGGGGGCACGATGAGCAGTTCTTCGGGCCA"	"CASSLLGRGHDEQFF"	"TCRBV7-3*1"	"TCRBD1-1*1"	"TCRBJ2-1*1"	51	56	64	67	5	3	NA	NA	"CAGCGCACAGAGCGGGGGGACTCAGCCGTGTATCTCTGTGCCAGCAGCTTACTAGGCAGGGGGCACGATGAGCAGTTCTTCGGGCCA"	FALSE	TRUE	NA	NA	NA	NA
"CAGCCCTCAGAACCCAGGGACTCAGCTGTGTACTTCTGTGCCAGCAGCCCTAGGGGGCTGTCCTACAATGAGCAGTTCTTCGGGCCA"	"CASSPRGLSYNEQFF"	"CAGCCCTCAGAACCCAGGGACTCAGCTGTGTACTTCTGTGCCAGCAGCCCTAGGGGGCTGTCCTACAATGAGCAGTTCTTCGGGCCA"	"CASSPRGLSYNEQFF"	NA	"TCRBD1-1*1"	"TCRBJ2-1*1"	47	51	58	60	4	2	NA	NA	"CAGCCCTCAGAACCCAGGGACTCAGCTGTGTACTTCTGTGCCAGCAGCCCTAGGGGGCTGTCCTACAATGAGCAGTTCTTCGGGCCA"	FALSE	TRUE	NA	NA	NA	NA
"CACGCCCTGCAGCCAGAAGACTCAGCCCTGTATCTCTGCGCCAGCAGCCAGCCGAGTGAGGGCGGCTACGAGCAGTACTTCGGGCCG"	"CASSQPSEGGYEQYF"	"CACGCCCTGCAGCCAGAAGACTCAGCCCTGTATCTCTGCGCCAGCAGCCAGCCGAGTGAGGGCGGCTACGAGCAGTACTTCGGGCCG"	"CASSQPSEGGYEQYF"	"TCRBV4-1*1"	"TCRBD2-1*2"	"TCRBJ2-7*1"	50	57	62	65	7	3	NA	NA	"CACGCCCTGCAGCCAGAAGACTCAGCCCTGTATCTCTGCGCCAGCAGCCAGCCGAGTGAGGGCGGCTACGAGCAGTACTTCGGGCCG"	FALSE	TRUE	NA	NA	NA	NA
"CTGGAGCTTGGTGACTCTGCTGTGTATTTCTGTGCCAGCAGCCAATACGTGTCGGGGTTATCCTACAATGAGCAGTTCTTCGGGCCA"	"CASSQYVSGLSYNEQFF"	"CTGGAGCTTGGTGACTCTGCTGTGTATTTCTGTGCCAGCAGCCAATACGTGTCGGGGTTATCCTACAATGAGCAGTTCTTCGGGCCA"	"CASSQYVSGLSYNEQFF"	"TCRBV3-1/3-2*1"	"TCRBD2-1*1"	"TCRBJ2-1*1"	45	52	57	60	7	3	NA	NA	"CTGGAGCTTGGTGACTCTGCTGTGTATTTCTGTGCCAGCAGCCAATACGTGTCGGGGTTATCCTACAATGAGCAGTTCTTCGGGCCA"	FALSE	TRUE	NA	NA	NA	NA
"GACTCGGCCGTGTATCTCTGTGCCAGCAGCTTATGGGGCATCTCGGACAGCCCAACCTCTGGGGCCAACGTCCTGACTTTCGGGGCC"	"CASSLWGISDSPTSGANVLTF"	"GACTCGGCCGTGTATCTCTGTGCCAGCAGCTTATGGGGCATCTCGGACAGCCCAACCTCTGGGGCCAACGTCCTGACTTTCGGGGCC"	"CASSLWGISDSPTSGANVLTF"	NA	"TCRBD1-1*1"	"TCRBJ2-6*1"	33	44	50	56	11	6	NA	NA	"GACTCGGCCGTGTATCTCTGTGCCAGCAGCTTATGGGGCATCTCGGACAGCCCAACCTCTGGGGCCAACGTCCTGACTTTCGGGGCC"	FALSE	TRUE	NA	NA	NA	NA
"TCCGCCAGCACCAACCAGACATCTATGTACCTCTGTGCCAGCAGCTCTACACGGCCCGGGACTCTCAGAGTCTGGTATTTTGGTGAT"	"CASSSTRPGTLRVWYF"	"TCCGCCAGCACCAACCAGACATCTATGTACCTCTGTGCCAGCAGCTCTACACGGCCCGGGACTCTCAGAGTCTGGTATTTTGGTGAT"	"CASSSTRPGTLRVWYF"	"TCRBV28-1*1"	"TCRBD2-1"	"TCRBJ1-5*1"	44	57	63	76	13	13	NA	NA	"TCCGCCAGCACCAACCAGACATCTATGTACCTCTGTGCCAGCAGCTCTACACGGCCCGGGACTCTCAGAGTCTGGTATTTTGGTGAT"	FALSE	TRUE	NA	NA	NA	NA
"CTGAGTTCTAAGAAGCTCCTTCTCAGTGACTCTGGCTTCTATCTCTGTGCCTTCACACAGGGATCCCACGAGCAGTACTTCGGGCCG"	"CAFTQGSHEQYF"	"CTGAGTTCTAAGAAGCTCCTTCTCAGTGACTCTGGCTTCTATCTCTGTGCCTTCACACAGGGATCCCACGAGCAGTACTTCGGGCCG"	"CAFTQGSHEQYF"	"TCRBV3-1"	"TCRBD1-1*1"	"TCRBJ2-7*1"	52	56	62	67	4	5	NA	NA	"CTGAGTTCTAAGAAGCTCCTTCTCAGTGACTCTGGCTTCTATCTCTGTGCCTTCACACAGGGATCCCACGAGCAGTACTTCGGGCCG"	FALSE	TRUE	NA	NA	NA	NA
"TCACCAGGCCTGGGGGACGCAGCCATGTACCTGTGTGCCACCAGTTCCACCGGGACAGTTTTCTCCTACGAGCAGTACTTCGGGCCG"	"CATSSTGTVFSYEQYF"	"TCACCAGGCCTGGGGGACGCAGCCATGTACCTGTGTGCCACCAGTTCCACCGGGACAGTTTTCTCCTACGAGCAGTACTTCGGGCCG"	"CATSSTGTVFSYEQYF"	"TCRBV15-1*2"	"TCRBD1-1*1"	"TCRBJ2-7*1"	44	51	58	62	7	4	NA	NA	"TCACCAGGCCTGGGGGACGCAGCCATGTACCTGTGTGCCACCAGTTCCACCGGGACAGTTTTCTCCTACGAGCAGTACTTCGGGCCG"	FALSE	TRUE	NA	NA	NA	NA
"CGCACACAGCAGGAGGACTCCGCCGTGTATCTCTGTGCCAGCAGCTCACTAGCGGGAGGGTCCACCGGGGAGCTGTTTTTTGGAGAA"	"CASSSLAGGSTGELFF"	"CGCACACAGCAGGAGGACTCCGCCGTGTATCTCTGTGCCAGCAGCTCACTAGCGGGAGGGTCCACCGGGGAGCTGTTTTTTGGAGAA"	"CASSSLAGGSTGELFF"	"TCRBV7-8*1"	"TCRBD2-1*2"	"TCRBJ2-2*1"	46	47	60	62	1	2	NA	NA	"CGCACACAGCAGGAGGACTCCGCCGTGTATCTCTGTGCCAGCAGCTCACTAGCGGGAGGGTCCACCGGGGAGCTGTTTTTTGGAGAA"	FALSE	TRUE	NA	NA	NA	NA
"NTGTCGGCTGCTCCCTCCCAAACATCTGTGTACTTCTGTGCCAGCAGTACTTACAGGGAGCGGACCTACGAGCAGTACTTCGGGCCG"	"CASSTYRERTYEQYF"	"NTGTCGGCTGCTCCCTCCCAAACATCTGTGTACTTCTGTGCCAGCAGTACTTACAGGGAGCGGACCTACGAGCAGTACTTCGGGCCG"	"CASSTYRERTYEQYF"	"TCRBV6-2/6-3*1"	"TCRBD1-1*1"	"TCRBJ2-7*1"	48	52	58	64	4	6	NA	NA	"NTGTCGGCTGCTCCCTCCCAAACATCTGTGTACTTCTGTGCCAGCAGTACTTACAGGGAGCGGACCTACGAGCAGTACTTCGGGCCG"	FALSE	TRUE	NA	NA	NA	NA
"AGCACCTTGGAGCTGGGGGACTCGGCCCTTTATCTTTGCGCCAGCAGCTTGGTTCCGGACAGCTCCTACGAGCAGTACTTCGGGCCG"	"CASSLVPDSSYEQYF"	"AGCACCTTGGAGCTGGGGGACTCGGCCCTTTATCTTTGCGCCAGCAGCTTGGTTCCGGACAGCTCCTACGAGCAGTACTTCGGGCCG"	"CASSLVPDSSYEQYF"	"TCRBV5-1*1"	"TCRBD1-1*1"	"TCRBJ2-7*1"	52	56	-1	62	4	63	NA	NA	"AGCACCTTGGAGCTGGGGGACTCGGCCCTTTATCTTTGCGCCAGCAGCTTGGTTCCGGACAGCTCCTACGAGCAGTACTTCGGGCCG"	FALSE	TRUE	NA	NA	NA	NA
"ATCCAGCCCTCAGAACCCAGGGACTCAGCTGTGTACTTCTGTGCCAGCAGTTTAGGTAGCGGGGCCTACGAGCAGTACTTCGGGCCG"	"CASSLGSGAYEQYF"	"ATCCAGCCCTCAGAACCCAGGGACTCAGCTGTGTACTTCTGTGCCAGCAGTTTAGGTAGCGGGGCCTACGAGCAGTACTTCGGGCCG"	"CASSLGSGAYEQYF"	NA	"TCRBD2-1*1"	"TCRBJ2-7*1"	55	56	-1	64	1	65	NA	NA	"ATCCAGCCCTCAGAACCCAGGGACTCAGCTGTGTACTTCTGTGCCAGCAGTTTAGGTAGCGGGGCCTACGAGCAGTACTTCGGGCCG"	FALSE	TRUE	NA	NA	NA	NA
"NNNTGTCGGCTGCTCCCTCCCAGACATCTGTGTACTTCTGTGCCAGCAGTGTACGCAGGGGGCTAAAACATTCAGTACTTCGGCGCC"	""	"NNNTGTCGGCTGCTCCCTCCCAGACATCTGTGTACTTCTGTGCCAGCAGTGTACGCAGGGGGCTAAAACATTCAGTACTTCGGCGCC"	""	NA	"TCRBD1-1*1"	"TCRBJ2-4*1"	51	55	63	64	4	1	NA	NA	"NNNTGTCGGCTGCTCCCTCCCAGACATCTGTGTACTTCTGTGCCAGCAGTGTACGCAGGGGGCTAAAACATTCAGTACTTCGGCGCC"	FALSE	FALSE	NA	NA	NA	NA
"CTGGAGTCGCCCAGCCCCAACCAGACCTCTCTGTACTTCTGTGCCAGCAGTGATGCGGGCCTCCATCAGCCCCAGCATTTTGGTGAT"	"CASSDAGLHQPQHF"	"CTGGAGTCGCCCAGCCCCAACCAGACCTCTCTGTACTTCTGTGCCAGCAGTGATGCGGGCCTCCATCAGCCCCAGCATTTTGGTGAT"	"CASSDAGLHQPQHF"	"TCRBV27-1*1"	"TCRBD2-1"	"TCRBJ1-5*1"	51	54	59	64	3	5	NA	NA	"CTGGAGTCGCCCAGCCCCAACCAGACCTCTCTGTACTTCTGTGCCAGCAGTGATGCGGGCCTCCATCAGCCCCAGCATTTTGGTGAT"	FALSE	TRUE	NA	NA	NA	NA
"AGCACCTTGGAGCTGGGGGACTCGGCCCTTTATCTTTGCGCCAGCAGCTTGGGGGACGGGACTCGCTACGAGCAGTACTTCGGGCCG"	"CASSLGDGTRYEQYF"	"AGCACCTTGGAGCTGGGGGACTCGGCCCTTTATCTTTGCGCCAGCAGCTTGGGGGACGGGACTCGCTACGAGCAGTACTTCGGGCCG"	"CASSLGDGTRYEQYF"	"TCRBV5-1*1"	"TCRBD2-1"	"TCRBJ2-7*1"	52	57	63	65	5	2	NA	NA	"AGCACCTTGGAGCTGGGGGACTCGGCCCTTTATCTTTGCGCCAGCAGCTTGGGGGACGGGACTCGCTACGAGCAGTACTTCGGGCCG"	FALSE	TRUE	NA	NA	NA	NA
"ACATCGGCCCAAAAGAACCCGACAGCTTTCTATCTCTGTGCCAGTACCGAACGGAGGGGACCCCAAGAGACCCAGTACTTCGGGCCA"	"CASTERRGPQETQYF"	"ACATCGGCCCAAAAGAACCCGACAGCTTTCTATCTCTGTGCCAGTACCGAACGGAGGGGACCCCAAGAGACCCAGTACTTCGGGCCA"	"CASTERRGPQETQYF"	"TCRBV19-1*1"	"TCRBD2-1*2"	"TCRBJ2-5*1"	46	52	58	62	6	4	NA	NA	"ACATCGGCCCAAAAGAACCCGACAGCTTTCTATCTCTGTGCCAGTACCGAACGGAGGGGACCCCAAGAGACCCAGTACTTCGGGCCA"	FALSE	TRUE	NA	NA	NA	NA
"TCTAAGAAGCTCCTTCTCAGTGACTCTGGCTTCTATCTCTGTGCCTGGACCGGACAGGGGGTCAAAAACATTCAGTACTTCGGCGCC"	"CAWTGQGVKNIQYF"	"TCTAAGAAGCTCCTTCTCAGTGACTCTGGCTTCTATCTCTGTGCCTGGACCGGACAGGGGGTCAAAAACATTCAGTACTTCGGCGCC"	"CAWTGQGVKNIQYF"	"TCRBV3-1*1"	"TCRBD1-1*1"	"TCRBJ2-4*1"	49	51	61	62	2	1	NA	NA	"TCTAAGAAGCTCCTTCTCAGTGACTCTGGCTTCTATCTCTGTGCCTGGACCGGACAGGGGGTCAAAAACATTCAGTACTTCGGCGCC"	FALSE	TRUE	NA	NA	NA	NA
"ACCTTGGAGCTGGGGGACTCGGCCCTTTATCTTTGCGCCAGCAGCAAAGAAGGCGGGTGGATGAACACTGAAGCTTTCTTTGGACAA"	"CASSKEGGWMNTEAFF"	"ACCTTGGAGCTGGGGGACTCGGCCCTTTATCTTTGCGCCAGCAGCAAAGAAGGCGGGTGGATGAACACTGAAGCTTTCTTTGGACAA"	"CASSKEGGWMNTEAFF"	"TCRBV5-1*1"	"TCRBD2-1"	"TCRBJ1-1*1"	45	52	57	61	7	4	NA	NA	"ACCTTGGAGCTGGGGGACTCGGCCCTTTATCTTTGCGCCAGCAGCAAAGAAGGCGGGTGGATGAACACTGAAGCTTTCTTTGGACAA"	FALSE	TRUE	NA	NA	NA	NA
"NNNNNNNTGTCGGCTGCTCCCTCCCAGACATCTGTGTACTTCTGTGCCACTGCGGACAGGCCCGACTACGAGCAGTACTTCGGGCCG"	"CATADRPDYEQYF"	"NNNNNNNTGTCGGCTGCTCCCTCCCAGACATCTGTGTACTTCTGTGCCACTGCGGACAGGCCCGACTACGAGCAGTACTTCGGGCCG"	"CATADRPDYEQYF"	"TCRBV6-5*1"	"TCRBD1-1*1"	"TCRBJ2-7*1"	49	53	60	65	4	5	NA	NA	"NNNNNNNTGTCGGCTGCTCCCTCCCAGACATCTGTGTACTTCTGTGCCACTGCGGACAGGCCCGACTACGAGCAGTACTTCGGGCCG"	FALSE	TRUE	NA	NA	NA	NA
"ACCCTGCAGCCAGAAGACTCGGCCCTGTATCTCTGTGCCAGCAGCCGCCGGGAAGATAGCAGTCTTAGTGAGCAGTACTTCGGGCCG"	"CASSRREDSSLSEQYF"	"ACCCTGCAGCCAGAAGACTCGGCCCTGTATCTCTGTGCCAGCAGCCGCCGGGAAGATAGCAGTCTTAGTGAGCAGTACTTCGGGCCG"	"CASSRREDSSLSEQYF"	"TCRBV4-2*1"	"TCRBD2-1*2"	"TCRBJ2-7*1"	46	48	53	69	2	16	NA	NA	"ACCCTGCAGCCAGAAGACTCGGCCCTGTATCTCTGTGCCAGCAGCCGCCGGGAAGATAGCAGTCTTAGTGAGCAGTACTTCGGGCCG"	FALSE	TRUE	NA	NA	NA	NA
"CTCACTCTGGAGTCCGCTACCAGCTCCCAGACATCTGTGTACTTCTGTGCCATCAGTGAGGCGGGGAGTGAGCAGTTCTTCGGGCCA"	"CAISEAGSEQFF"	"CTCACTCTGGAGTCCGCTACCAGCTCCCAGACATCTGTGTACTTCTGTGCCATCAGTGAGGCGGGGAGTGAGCAGTTCTTCGGGCCA"	"CAISEAGSEQFF"	"TCRBV1-3*1"	"TCRBD2-1*1"	"TCRBJ2-1*1"	-1	60	66	68	61	2	NA	NA	"CTCACTCTGGAGTCCGCTACCAGCTCCCAGACATCTGTGTACTTCTGTGCCATCAGTGAGGCGGGGAGTGAGCAGTTCTTCGGGCCA"	FALSE	TRUE	NA	NA	NA	NA
"CACATCAATTCCCTGGAGCTTGGTGACTCTGCTGTGTATTTCTGTGCCAGCAGGACGCTGAACACCGGGGAGCTGTTTTTTGGAGAA"	"CASRTLNTGELFF"	"CACATCAATTCCCTGGAGCTTGGTGACTCTGCTGTGTATTTCTGTGCCAGCAGGACGCTGAACACCGGGGAGCTGTTTTTTGGAGAA"	"CASRTLNTGELFF"	"TCRBV3-1/3-2*1"	NA	"TCRBJ2-2*1"	-1	53	56	59	54	3	NA	NA	"CACATCAATTCCCTGGAGCTTGGTGACTCTGCTGTGTATTTCTGTGCCAGCAGGACGCTGAACACCGGGGAGCTGTTTTTTGGAGAA"	FALSE	TRUE	NA	NA	NA	NA
"ATCCAGCCCTCAGAACCCAGGGACTCAGCTGTGTACTTCTGTGCCAGCAGTCTAAAGCGGGGCACCGGGGAGCTGTTTTTTGGAGAA"	"CASSLKRGTGELFF"	"ATCCAGCCCTCAGAACCCAGGGACTCAGCTGTGTACTTCTGTGCCAGCAGTCTAAAGCGGGGCACCGGGGAGCTGTTTTTTGGAGAA"	"CASSLKRGTGELFF"	NA	"TCRBD2-1*1"	"TCRBJ2-2*1"	51	55	-1	62	4	63	NA	NA	"ATCCAGCCCTCAGAACCCAGGGACTCAGCTGTGTACTTCTGTGCCAGCAGTCTAAAGCGGGGCACCGGGGAGCTGTTTTTTGGAGAA"	FALSE	TRUE	NA	NA	NA	NA
"CAGCCTGCAGAGCTTGGGGACTCGGCCATGTATCTCTGTGCCAGCAGCTTCGGGGATGGCGGGCCCTACGAGCAGTACTTCGGGCCG"	"CASSFGDGGPYEQYF"	"CAGCCTGCAGAGCTTGGGGACTCGGCCATGTATCTCTGTGCCAGCAGCTTCGGGGATGGCGGGCCCTACGAGCAGTACTTCGGGCCG"	"CASSFGDGGPYEQYF"	"TCRBV11-1*1"	"TCRBD2-1"	"TCRBJ2-7*1"	50	58	63	64	8	1	NA	NA	"CAGCCTGCAGAGCTTGGGGACTCGGCCATGTATCTCTGTGCCAGCAGCTTCGGGGATGGCGGGCCCTACGAGCAGTACTTCGGGCCG"	FALSE	TRUE	NA	NA	NA	NA
"TCGGCCCAAAAGAACCCGACAGCTTTCTATCTCTGTGCCAGTAGTCCCGGACAGGTTTTCTCTGGAAACACCATATATTTTGGAGAG"	"CASSPGQVFSGNTIYF"	"TCGGCCCAAAAGAACCCGACAGCTTTCTATCTCTGTGCCAGTAGTCCCGGACAGGTTTTCTCTGGAAACACCATATATTTTGGAGAG"	"CASSPGQVFSGNTIYF"	"TCRBV19-1*1"	"TCRBD1-1*1"	"TCRBJ1-3*1"	45	48	55	59	3	4	NA	NA	"TCGGCCCAAAAGAACCCGACAGCTTTCTATCTCTGTGCCAGTAGTCCCGGACAGGTTTTCTCTGGAAACACCATATATTTTGGAGAG"	FALSE	TRUE	NA	NA	NA	NA
"ACCAGTGCCCATCCTGAAGACAGCAGCTTCTACATCTGCAGTGCTAGTGGCGGGGTCCTTGGGGCCAACGTCCTGACTTTCGGGGCC"	"CSASGGVLGANVLTF"	"ACCAGTGCCCATCCTGAAGACAGCAGCTTCTACATCTGCAGTGCTAGTGGCGGGGTCCTTGGGGCCAACGTCCTGACTTTCGGGGCC"	"CSASGGVLGANVLTF"	"TCRBV2-1*4"	"TCRBD2-1*1"	"TCRBJ2-6*1"	-1	49	55	59	50	4	NA	NA	"ACCAGTGCCCATCCTGAAGACAGCAGCTTCTACATCTGCAGTGCTAGTGGCGGGGTCCTTGGGGCCAACGTCCTGACTTTCGGGGCC"	FALSE	TRUE	NA	NA	NA	NA
"GTGACATCGGCCCAAAAGAACCCGACAGCTTTCTATCTCTGTGCCAGTAGTTGGACTAGCAGGTCCGGGGAGCTGTTTTTTGGAGAA"	"CASSWTSRSGELFF"	"GTGACATCGGCCCAAAAGAACCCGACAGCTTTCTATCTCTGTGCCAGTAGTTGGACTAGCAGGTCCGGGGAGCTGTTTTTTGGAGAA"	"CASSWTSRSGELFF"	"TCRBV19-1*1"	"TCRBD2-1"	"TCRBJ2-2*1"	51	52	60	64	1	4	NA	NA	"GTGACATCGGCCCAAAAGAACCCGACAGCTTTCTATCTCTGTGCCAGTAGTTGGACTAGCAGGTCCGGGGAGCTGTTTTTTGGAGAA"	FALSE	TRUE	NA	NA	NA	NA
"CTGGAGTCTGCTGCCTCCTCCCAGACATCTGTATATTTCTGCGCCTTATTTAGCCTCTCTGGGGCCAACGTCCTGACTTTCGGGGCC"	"CALFSLSGANVLTF"	"CTGGAGTCTGCTGCCTCCTCCCAGACATCTGTATATTTCTGCGCCTTATTTAGCCTCTCTGGGGCCAACGTCCTGACTTTCGGGGCC"	"CALFSLSGANVLTF"	"TCRBV1-1*1"	"TCRBD2-1"	"TCRBJ2-6*1"	45	50	54	56	5	2	NA	NA	"CTGGAGTCTGCTGCCTCCTCCCAGACATCTGTATATTTCTGCGCCTTATTTAGCCTCTCTGGGGCCAACGTCCTGACTTTCGGGGCC"	FALSE	TRUE	NA	NA	NA	NA
"TGGAGGACTCAGCCATGTACTTCTGTGCCAGCAGTGAAGCGCGGGGGAGACAGGATTAATAGCAATCAGCCCCAGCATTTTGGTGAT"	""	"TGGAGGACTCAGCCATGTACTTCTGTGCCAGCAGTGAAGCGCGGGGGAGACAGGATTAATAGCAATCAGCCCCAGCATTTTGGTGAT"	""	"TCRBV2-1"	"TCRBD2-1*1"	"TCRBJ1-5*1"	-1	40	47	59	41	12	NA	NA	"TGGAGGACTCAGCCATGTACTTCTGTGCCAGCAGTGAAGCGCGGGGGAGACAGGATTAATAGCAATCAGCCCCAGCATTTTGGTGAT"	FALSE	FALSE	NA	NA	NA	NA
"TGTGAGCACCTTGGAGCTGGGGGACTCGGCCCTTTATCTTTGCGCCAGCAGCTTGAAGGGGAAAGGGAAAAACTGTTTTTTGGCAGT"	""	"TGTGAGCACCTTGGAGCTGGGGGACTCGGCCCTTTATCTTTGCGCCAGCAGCTTGAAGGGGAAAGGGAAAAACTGTTTTTTGGCAGT"	""	"TCRBV5-1*1"	"TCRBD1-1*1"	"TCRBJ1-4*1"	55	56	61	66	1	5	NA	NA	"TGTGAGCACCTTGGAGCTGGGGGACTCGGCCCTTTATCTTTGCGCCAGCAGCTTGAAGGGGAAAGGGAAAAACTGTTTTTTGGCAGT"	FALSE	FALSE	NA	NA	NA	NA
"ATTCAGCGCACAGAGCAGCGGGACTCGGCCATGTATCGCTGTGCCAGCAGCCACCCCGGACAGGACGGTAAAGCTTTCTTTGGACAA"	"CASSHPGQDGKAFF"	"ATTCAGCGCACAGAGCAGCGGGACTCGGCCATGTATCGCTGTGCCAGCAGCCACCCCGGACAGGACGGTAAAGCTTTCTTTGGACAA"	"CASSHPGQDGKAFF"	NA	"TCRBD1-1*1"	"TCRBJ1-1*1"	51	57	64	70	6	6	NA	NA	"ATTCAGCGCACAGAGCAGCGGGACTCGGCCATGTATCGCTGTGCCAGCAGCCACCCCGGACAGGACGGTAAAGCTTTCTTTGGACAA"	FALSE	TRUE	NA	NA	NA	NA
"CTGACTGTGAGCAACATGAGCCCTGAAGACAGCAGCATATATCTCTGCAGCGCGGACAGGGTGGACTATGGCTACACCTTCGGTTCG"	"CSADRVDYGYTF"	"CTGACTGTGAGCAACATGAGCCCTGAAGACAGCAGCATATATCTCTGCAGCGCGGACAGGGTGGACTATGGCTACACCTTCGGTTCG"	"CSADRVDYGYTF"	"TCRBV29-1*3"	"TCRBD1-1*1"	"TCRBJ1-2*1"	-1	55	61	64	56	3	NA	NA	"CTGACTGTGAGCAACATGAGCCCTGAAGACAGCAGCATATATCTCTGCAGCGCGGACAGGGTGGACTATGGCTACACCTTCGGTTCG"	FALSE	TRUE	NA	NA	NA	NA
"ATCCTGGAGTCGCCCAGCCCCAACCAGACCTCTCTGTACTTCTGTGCCAGCGCCGACAGGGTACGTCAGCCCCAGCATTTTGGTGAT"	"CASADRVRQPQHF"	"ATCCTGGAGTCGCCCAGCCCCAACCAGACCTCTCTGTACTTCTGTGCCAGCGCCGACAGGGTACGTCAGCCCCAGCATTTTGGTGAT"	"CASADRVRQPQHF"	"TCRBV27-1*1"	"TCRBD1-1*1"	"TCRBJ1-5*1"	51	54	61	65	3	4	NA	NA	"ATCCTGGAGTCGCCCAGCCCCAACCAGACCTCTCTGTACTTCTGTGCCAGCGCCGACAGGGTACGTCAGCCCCAGCATTTTGGTGAT"	FALSE	TRUE	NA	NA	NA	NA
"GCTCCCTCCCAGACATCTGTATACTTCTGTGCCAGCAGCTCAACGACCGGGACTAGCGGGAAACAAGAGACCCAGTACTTCGGGCCA"	"CASSSTTGTSGKQETQYF"	"GCTCCCTCCCAGACATCTGTATACTTCTGTGCCAGCAGCTCAACGACCGGGACTAGCGGGAAACAAGAGACCCAGTACTTCGGGCCA"	"CASSSTTGTSGKQETQYF"	"TCRBV6-9*1"	"TCRBD2-1*2"	"TCRBJ2-5*1"	38	48	61	63	10	2	NA	NA	"GCTCCCTCCCAGACATCTGTATACTTCTGTGCCAGCAGCTCAACGACCGGGACTAGCGGGAAACAAGAGACCCAGTACTTCGGGCCA"	FALSE	TRUE	NA	NA	NA	NA
"CAGCCTGCAGAACTGGAGGATTCTGGAGTTTATTTCTGTGCCAGCAGCCAAGACCGATCGGTAGGAGATACGCAGTATTTTGGCCCA"	"CASSQDRSVGDTQYF"	"CAGCCTGCAGAACTGGAGGATTCTGGAGTTTATTTCTGTGCCAGCAGCCAAGACCGATCGGTAGGAGATACGCAGTATTTTGGCCCA"	"CASSQDRSVGDTQYF"	"TCRBV14-1*1"	NA	"TCRBJ2-3*1"	53	62	-1	65	9	66	NA	NA	"CAGCCTGCAGAACTGGAGGATTCTGGAGTTTATTTCTGTGCCAGCAGCCAAGACCGATCGGTAGGAGATACGCAGTATTTTGGCCCA"	FALSE	TRUE	NA	NA	NA	NA
"AACGCCTTGGAGCTGGACGACTCGGCCCTGTATCTCTGTGCCAGCAGCTTTGCCGGGACAGGGGCTTTTGGCTACACCTTCGGTTCG"	"CASSFAGTGAFGYTF"	"AACGCCTTGGAGCTGGACGACTCGGCCCTGTATCTCTGTGCCAGCAGCTTTGCCGGGACAGGGGCTTTTGGCTACACCTTCGGTTCG"	"CASSFAGTGAFGYTF"	"TCRBV5-4*1"	"TCRBD1-1*1"	"TCRBJ1-2*1"	50	54	64	68	4	4	NA	NA	"AACGCCTTGGAGCTGGACGACTCGGCCCTGTATCTCTGTGCCAGCAGCTTTGCCGGGACAGGGGCTTTTGGCTACACCTTCGGTTCG"	FALSE	TRUE	NA	NA	NA	NA
"AACCTGAGCTCTCTGGAGCTGGGGGACTCAGCTTTGTATTTCTGTGCCAGCAGCGCAAACGACAGGGTTGAAGCTTTCTTTGGACAA"	"CASSANDRVEAFF"	"AACCTGAGCTCTCTGGAGCTGGGGGACTCAGCTTTGTATTTCTGTGCCAGCAGCGCAAACGACAGGGTTGAAGCTTTCTTTGGACAA"	"CASSANDRVEAFF"	"TCRBV9-1*1"	"TCRBD1-1*1"	"TCRBJ1-1*1"	55	60	67	68	5	1	NA	NA	"AACCTGAGCTCTCTGGAGCTGGGGGACTCAGCTTTGTATTTCTGTGCCAGCAGCGCAAACGACAGGGTTGAAGCTTTCTTTGGACAA"	FALSE	TRUE	NA	NA	NA	NA
"AGTCTGCCATCCCCAACCAGACAGCTCTTTACTTCTGTGCCACGAAATCGACAGGGGGCAGGGAAACCTGAAGCTTTCTTTGGACAA"	""	"AGTCTGCCATCCCCAACCAGACAGCTCTTTACTTCTGTGCCACGAAATCGACAGGGGGCAGGGAAACCTGAAGCTTTCTTTGGACAA"	""	"TCRBV24-1*1"	"TCRBD1-1*1"	"TCRBJ1-1*1"	43	49	59	67	6	8	NA	NA	"AGTCTGCCATCCCCAACCAGACAGCTCTTTACTTCTGTGCCACGAAATCGACAGGGGGCAGGGAAACCTGAAGCTTTCTTTGGACAA"	FALSE	FALSE	NA	NA	NA	NA
"GTGAGCACCTTGGAGCTGGGGGACTCGGCCCTTTATCTTTGCGCCAGCAGCAACAAGACTGGCTCCTACGAGCAGTACTTCGGGCCG"	"CASSNKTGSYEQYF"	"GTGAGCACCTTGGAGCTGGGGGACTCGGCCCTTTATCTTTGCGCCAGCAGCAACAAGACTGGCTCCTACGAGCAGTACTTCGGGCCG"	"CASSNKTGSYEQYF"	"TCRBV5-1*1"	"TCRBD2-1"	"TCRBJ2-7*1"	51	56	60	62	5	2	NA	NA	"GTGAGCACCTTGGAGCTGGGGGACTCGGCCCTTTATCTTTGCGCCAGCAGCAACAAGACTGGCTCCTACGAGCAGTACTTCGGGCCG"	FALSE	TRUE	NA	NA	NA	NA
"CTGACAGTGACCAGTGCCCATCCTGAAGACAGCAGCTTCTACATCTGCAGTGCTCGCAGGGGGAACACTGAAGCTTTCTTTGGACAA"	"CSARRGNTEAFF"	"CTGACAGTGACCAGTGCCCATCCTGAAGACAGCAGCTTCTACATCTGCAGTGCTCGCAGGGGGAACACTGAAGCTTTCTTTGGACAA"	"CSARRGNTEAFF"	NA	"TCRBD1-1*1"	"TCRBJ1-1*1"	54	56	-1	62	2	63	NA	NA	"CTGACAGTGACCAGTGCCCATCCTGAAGACAGCAGCTTCTACATCTGCAGTGCTCGCAGGGGGAACACTGAAGCTTTCTTTGGACAA"	FALSE	TRUE	NA	NA	NA	NA
"CACACCCTGCAGCCAGAAGACTCGGCCCTGTATCTCTGCGCCAGCAGCCAAGTTGCGGGAGGGCCCACAGGGCAGTATTTTGGCCCA"	"CASSQVAGGPTGQYF"	"CACACCCTGCAGCCAGAAGACTCGGCCCTGTATCTCTGCGCCAGCAGCCAAGTTGCGGGAGGGCCCACAGGGCAGTATTTTGGCCCA"	"CASSQVAGGPTGQYF"	"TCRBV4-3*1"	"TCRBD2-1*2"	"TCRBJ2-3*1"	52	54	63	71	2	8	NA	NA	"CACACCCTGCAGCCAGAAGACTCGGCCCTGTATCTCTGCGCCAGCAGCCAAGTTGCGGGAGGGCCCACAGGGCAGTATTTTGGCCCA"	FALSE	TRUE	NA	NA	NA	NA
"ATCCTGGAGTCGCCCAGCCCCAACCAGACCTCTCTGTACTTCTGTGCCAGCAGTTTAAGCGGGGCCAACGTCCTGACTTTCGGGGCC"	"CASSLSGANVLTF"	"ATCCTGGAGTCGCCCAGCCCCAACCAGACCTCTCTGTACTTCTGTGCCAGCAGTTTAAGCGGGGCCAACGTCCTGACTTTCGGGGCC"	"CASSLSGANVLTF"	"TCRBV27-1*1"	"TCRBD2-1"	"TCRBJ2-6*1"	-1	57	-1	60	58	61	NA	NA	"ATCCTGGAGTCGCCCAGCCCCAACCAGACCTCTCTGTACTTCTGTGCCAGCAGTTTAAGCGGGGCCAACGTCCTGACTTTCGGGGCC"	FALSE	TRUE	NA	NA	NA	NA
"GAGTCCGCCAGCACCAACCAGACATCTATGTACCTCTGTGCCAGCAGTGAAGGACAGAGGGGACGACAGCCCCAGCATTTTGGTGAT"	"CASSEGQRGRQPQHF"	"GAGTCCGCCAGCACCAACCAGACATCTATGTACCTCTGTGCCAGCAGTGAAGGACAGAGGGGACGACAGCCCCAGCATTTTGGTGAT"	"CASSEGQRGRQPQHF"	"TCRBV28-1*1"	"TCRBD1-1*1"	"TCRBJ1-5*1"	48	51	57	66	3	9	NA	NA	"GAGTCCGCCAGCACCAACCAGACATCTATGTACCTCTGTGCCAGCAGTGAAGGACAGAGGGGACGACAGCCCCAGCATTTTGGTGAT"	FALSE	TRUE	NA	NA	NA	NA
"TCCCTAGAGTCTGCCATCCCCAACCAGACAGCTCTTTACTTCTGTGCCACCAGCGGGACAGGCGGGAGATCGCAGTATTTTGGCCCA"	"CATSGTGGRSQYF"	"TCCCTAGAGTCTGCCATCCCCAACCAGACAGCTCTTTACTTCTGTGCCACCAGCGGGACAGGCGGGAGATCGCAGTATTTTGGCCCA"	"CATSGTGGRSQYF"	"TCRBV24-1*1"	"TCRBD1-1*1"	"TCRBJ2-3*1"	53	54	62	70	1	8	NA	NA	"TCCCTAGAGTCTGCCATCCCCAACCAGACAGCTCTTTACTTCTGTGCCACCAGCGGGACAGGCGGGAGATCGCAGTATTTTGGCCCA"	FALSE	TRUE	NA	NA	NA	NA
"GTCAGCTGCTCCCTCTCAGACTTCTGTTTACTTCTGTGCCAGCAGTTACTCGGAGCCTGTGGGACCGGGGAGCTGTTTTTTGGAGAA"	""	"GTCAGCTGCTCCCTCTCAGACTTCTGTTTACTTCTGTGCCAGCAGTTACTCGGAGCCTGTGGGACCGGGGAGCTGTTTTTTGGAGAA"	""	"TCRBV6-7*1"	"TCRBD2-1*2"	"TCRBJ2-2*1"	-1	51	55	63	52	8	NA	NA	"GTCAGCTGCTCCCTCTCAGACTTCTGTTTACTTCTGTGCCAGCAGTTACTCGGAGCCTGTGGGACCGGGGAGCTGTTTTTTGGAGAA"	FALSE	FALSE	NA	NA	NA	NA
"TCGCCCAGCCCCAACCAGACCTCTCTGTACTTCTGTGCCAGCAGTTTCGCCGTCCGGGGGCTGGGGACTGAAGCTTTCTTTGGACAA"	"CASSFAVRGLGTEAFF"	"TCGCCCAGCCCCAACCAGACCTCTCTGTACTTCTGTGCCAGCAGTTTCGCCGTCCGGGGGCTGGGGACTGAAGCTTTCTTTGGACAA"	"CASSFAVRGLGTEAFF"	"TCRBV27-1*1"	NA	"TCRBJ1-1*1"	47	55	61	66	8	5	NA	NA	"TCGCCCAGCCCCAACCAGACCTCTCTGTACTTCTGTGCCAGCAGTTTCGCCGTCCGGGGGCTGGGGACTGAAGCTTTCTTTGGACAA"	FALSE	TRUE	NA	NA	NA	NA
"NNNNNNNTGTCGGCTGCTCCCTCCCAGACATCTGTGTACTTCTGTGCCAGCAGTGAAGTCGGCACCGGGGAGCTGTTTTTTGGAGAA"	"CASSEVGTGELFF"	"NNNNNNNTGTCGGCTGCTCCCTCCCAGACATCTGTGTACTTCTGTGCCAGCAGTGAAGTCGGCACCGGGGAGCTGTTTTTTGGAGAA"	"CASSEVGTGELFF"	"TCRBV6-1*1"	"TCRBD2-1"	"TCRBJ2-2*1"	58	59	-1	62	1	63	NA	NA	"NNNNNNNTGTCGGCTGCTCCCTCCCAGACATCTGTGTACTTCTGTGCCAGCAGTGAAGTCGGCACCGGGGAGCTGTTTTTTGGAGAA"	FALSE	TRUE	NA	NA	NA	NA
"CACCTACACGCCCTGCAGCCAGAAGACTCAGCCCTGTATCTCTGCGCCAGCAGCCAAGAAGGCTACAATGAGCAGTTCTTCGGGCCA"	"CASSQEGYNEQFF"	"CACCTACACGCCCTGCAGCCAGAAGACTCAGCCCTGTATCTCTGCGCCAGCAGCCAAGAAGGCTACAATGAGCAGTTCTTCGGGCCA"	"CASSQEGYNEQFF"	"TCRBV4-1*1"	NA	"TCRBJ2-1*1"	-1	59	-1	62	60	63	NA	NA	"CACCTACACGCCCTGCAGCCAGAAGACTCAGCCCTGTATCTCTGCGCCAGCAGCCAAGAAGGCTACAATGAGCAGTTCTTCGGGCCA"	FALSE	TRUE	NA	NA	NA	NA
"ACCAGTGCCCATCCTGAAGACAGCAGCTTCTACATCTGCAGTGCTAGCGATAGCGGGAGGAGCTCCTACGAGCAGTACTTCGGGCCG"	"CSASDSGRSSYEQYF"	"ACCAGTGCCCATCCTGAAGACAGCAGCTTCTACATCTGCAGTGCTAGCGATAGCGGGAGGAGCTCCTACGAGCAGTACTTCGGGCCG"	"CSASDSGRSSYEQYF"	NA	"TCRBD2-1*2"	"TCRBJ2-7*1"	47	50	60	62	3	2	NA	NA	"ACCAGTGCCCATCCTGAAGACAGCAGCTTCTACATCTGCAGTGCTAGCGATAGCGGGAGGAGCTCCTACGAGCAGTACTTCGGGCCG"	FALSE	TRUE	NA	NA	NA	NA
"ACACAGCAGGAGGACTCGGCCGTGTATCTCTGTGCCAGCAGCTATCGTCCGGGACTAGCGGGAGAGTACGAGCAGTACTTCGGGCCG"	"CASSYRPGLAGEYEQYF"	"ACACAGCAGGAGGACTCGGCCGTGTATCTCTGTGCCAGCAGCTATCGTCCGGGACTAGCGGGAGAGTACGAGCAGTACTTCGGGCCG"	"CASSYRPGLAGEYEQYF"	"TCRBV7-2"	"TCRBD2-1*2"	"TCRBJ2-7*1"	43	50	64	66	7	2	NA	NA	"ACACAGCAGGAGGACTCGGCCGTGTATCTCTGTGCCAGCAGCTATCGTCCGGGACTAGCGGGAGAGTACGAGCAGTACTTCGGGCCG"	FALSE	TRUE	NA	NA	NA	NA
"TCGCCCAGCCCCAACCAGACCTCTCTGTACTTCTGTGCCAGCAGCAGACTTAATTACGGGACTAGCGGCGAGCAGTACTTCGGGCCG"	"CASSRLNYGTSGEQYF"	"TCGCCCAGCCCCAACCAGACCTCTCTGTACTTCTGTGCCAGCAGCAGACTTAATTACGGGACTAGCGGCGAGCAGTACTTCGGGCCG"	"CASSRLNYGTSGEQYF"	"TCRBV27-1*1"	"TCRBD2-1"	"TCRBJ2-7*1"	44	57	-1	68	13	69	NA	NA	"TCGCCCAGCCCCAACCAGACCTCTCTGTACTTCTGTGCCAGCAGCAGACTTAATTACGGGACTAGCGGCGAGCAGTACTTCGGGCCG"	FALSE	TRUE	NA	NA	NA	NA
"ACGCCTTGGAGCTGGACGACTCGGCCCTGTATCTCTGTGCCAGCAGATCCAGCTACCAGACGCAATCAGCCCCAGCATTTTGGTGAT"	""	"ACGCCTTGGAGCTGGACGACTCGGCCCTGTATCTCTGTGCCAGCAGATCCAGCTACCAGACGCAATCAGCCCCAGCATTTTGGTGAT"	""	"TCRBV5-4*1"	NA	"TCRBJ1-5*1"	46	58	-1	61	12	62	NA	NA	"ACGCCTTGGAGCTGGACGACTCGGCCCTGTATCTCTGTGCCAGCAGATCCAGCTACCAGACGCAATCAGCCCCAGCATTTTGGTGAT"	FALSE	FALSE	NA	NA	NA	NA
"TGGTGACTCTGCTGTGTATTTCTGTGCCAGCAGCCAGAAAAGGTAGGACGGGACAGGGGGTTGAGGCAGCCCCAGCATTTTGGTGAT"	""	"TGGTGACTCTGCTGTGTATTTCTGTGCCAGCAGCCAGAAAAGGTAGGACGGGACAGGGGGTTGAGGCAGCCCCAGCATTTTGGTGAT"	""	"TCRBV3-1/3-2*1"	"TCRBD1-1*1"	"TCRBJ1-5*1"	36	49	60	66	13	6	NA	NA	"TGGTGACTCTGCTGTGTATTTCTGTGCCAGCAGCCAGAAAAGGTAGGACGGGACAGGGGGTTGAGGCAGCCCCAGCATTTTGGTGAT"	FALSE	FALSE	NA	NA	NA	NA
"AGTGCCCATCCTGAAGACAGCAGCTTCTACATCTGCAGTGCTACCGAGGTGGTCCCTCAGGGGTTGGAGACCCAGTACTTCGGGCCA"	"CSATEVVPQGLETQYF"	"AGTGCCCATCCTGAAGACAGCAGCTTCTACATCTGCAGTGCTACCGAGGTGGTCCCTCAGGGGTTGGAGACCCAGTACTTCGGGCCA"	"CSATEVVPQGLETQYF"	NA	"TCRBD1-1*1"	"TCRBJ2-5*1"	43	57	63	66	14	3	NA	NA	"AGTGCCCATCCTGAAGACAGCAGCTTCTACATCTGCAGTGCTACCGAGGTGGTCCCTCAGGGGTTGGAGACCCAGTACTTCGGGCCA"	FALSE	TRUE	NA	NA	NA	NA
"CTACACGCCCTGCAGCCAGAAGACTCAGCCCTGTATCTCTGCGCCAGCAGCCAAGGGCCTGGGGGCAATGAGCAGTTCTTCGGGCCA"	"CASSQGPGGNEQFF"	"CTACACGCCCTGCAGCCAGAAGACTCAGCCCTGTATCTCTGCGCCAGCAGCCAAGGGCCTGGGGGCAATGAGCAGTTCTTCGGGCCA"	"CASSQGPGGNEQFF"	"TCRBV4-1*1"	NA	"TCRBJ2-1*1"	55	60	-1	65	5	66	NA	NA	"CTACACGCCCTGCAGCCAGAAGACTCAGCCCTGTATCTCTGCGCCAGCAGCCAAGGGCCTGGGGGCAATGAGCAGTTCTTCGGGCCA"	FALSE	TRUE	NA	NA	NA	NA
"CACCTACACGCCCTGCAGCCAGAAGACTCAGCCCTGTATCTCTGCGCCAGCAGCCCACCCCGAAGAGAGACCCAGTACTTCGGGCCA"	"CASSPPRRETQYF"	"CACCTACACGCCCTGCAGCCAGAAGACTCAGCCCTGTATCTCTGCGCCAGCAGCCCACCCCGAAGAGAGACCCAGTACTTCGGGCCA"	"CASSPPRRETQYF"	"TCRBV4-1*1"	NA	"TCRBJ2-5*1"	55	61	63	65	6	2	NA	NA	"CACCTACACGCCCTGCAGCCAGAAGACTCAGCCCTGTATCTCTGCGCCAGCAGCCCACCCCGAAGAGAGACCCAGTACTTCGGGCCA"	FALSE	TRUE	NA	NA	NA	NA
"AGCTCTCTGGAGCTGGGGGACTCAGCTTTGTATTTCTGTGCCAGCAGCGCCTATACGGGAAACACCGGGGAGCTGTTTTTTGGAGAA"	"CASSAYTGNTGELFF"	"AGCTCTCTGGAGCTGGGGGACTCAGCTTTGTATTTCTGTGCCAGCAGCGCCTATACGGGAAACACCGGGGAGCTGTTTTTTGGAGAA"	"CASSAYTGNTGELFF"	"TCRBV9-1*1"	"TCRBD2-1*2"	"TCRBJ2-2*1"	49	55	-1	60	6	61	NA	NA	"AGCTCTCTGGAGCTGGGGGACTCAGCTTTGTATTTCTGTGCCAGCAGCGCCTATACGGGAAACACCGGGGAGCTGTTTTTTGGAGAA"	FALSE	TRUE	NA	NA	NA	NA
"GCTGCTCCCTCCCAGACATCTGTGTACTTCTGTGCCAGCAGTTCTTTTACAGGGACAGTCAGCAATCAGCCCCAGCATTTTGGTGAT"	"CASSSFTGTVSNQPQHF"	"GCTGCTCCCTCCCAGACATCTGTGTACTTCTGTGCCAGCAGTTCTTTTACAGGGACAGTCAGCAATCAGCCCCAGCATTTTGGTGAT"	"CASSSFTGTVSNQPQHF"	NA	"TCRBD1-1*1"	"TCRBJ1-5*1"	43	51	58	60	8	2	NA	NA	"GCTGCTCCCTCCCAGACATCTGTGTACTTCTGTGCCAGCAGTTCTTTTACAGGGACAGTCAGCAATCAGCCCCAGCATTTTGGTGAT"	FALSE	TRUE	NA	NA	NA	NA
"ACTCTGGAGTCCGCTACCAGCTCCCAGACATCTGTGTACTTCTGTGCCACCCGGACAGGGGGATCCTACGAGCAGTACTTCGGGCCG"	"CATRTGGSYEQYF"	"ACTCTGGAGTCCGCTACCAGCTCCCAGACATCTGTGTACTTCTGTGCCACCCGGACAGGGGGATCCTACGAGCAGTACTTCGGGCCG"	"CATRTGGSYEQYF"	"TCRBV1-3*1"	"TCRBD1-1*1"	"TCRBJ2-7*1"	49	52	62	63	3	1	NA	NA	"ACTCTGGAGTCCGCTACCAGCTCCCAGACATCTGTGTACTTCTGTGCCACCCGGACAGGGGGATCCTACGAGCAGTACTTCGGGCCG"	FALSE	TRUE	NA	NA	NA	NA
"CGCACAGAGCAGGGGGACTCGGCCATGTATCTCTGTGCCAGCAGCTTAGTTCTTCTTCGGCCGAACACTGAAGCTTTCTTTGGACAA"	"CASSLVLLRPNTEAFF"	"CGCACAGAGCAGGGGGACTCGGCCATGTATCTCTGTGCCAGCAGCTTAGTTCTTCTTCGGCCGAACACTGAAGCTTTCTTTGGACAA"	"CASSLVLLRPNTEAFF"	"TCRBV7-9*1"	NA	"TCRBJ1-1*1"	49	58	61	62	9	1	NA	NA	"CGCACAGAGCAGGGGGACTCGGCCATGTATCTCTGTGCCAGCAGCTTAGTTCTTCTTCGGCCGAACACTGAAGCTTTCTTTGGACAA"	FALSE	TRUE	NA	NA	NA	NA
"TCCTTGGAGCTGGGGGACTCAGCCCTGTACTTCTGTGCCAGCAGCGCCAGAACCGGGACAGGGAAGGATGAGCAGTACTTCGGGCCG"	"CASSARTGTGKDEQYF"	"TCCTTGGAGCTGGGGGACTCAGCCCTGTACTTCTGTGCCAGCAGCGCCAGAACCGGGACAGGGAAGGATGAGCAGTACTTCGGGCCG"	"CASSARTGTGKDEQYF"	"TCRBV13-1*1"	"TCRBD1-1*1"	"TCRBJ2-7*1"	45	54	63	69	9	6	NA	NA	"TCCTTGGAGCTGGGGGACTCAGCCCTGTACTTCTGTGCCAGCAGCGCCAGAACCGGGACAGGGAAGGATGAGCAGTACTTCGGGCCG"	FALSE	TRUE	NA	NA	NA	NA
"ACATGAGCCCTGAAGACAGCAGCATATATCTCTGCAGCGTTGTCGGACTAGCGGGAGTCTTCCCCAGATACGCAGTATTTTGGCCCA"	""	"ACATGAGCCCTGAAGACAGCAGCATATATCTCTGCAGCGTTGTCGGACTAGCGGGAGTCTTCCCCAGATACGCAGTATTTTGGCCCA"	""	"TCRBV29-1"	"TCRBD2-1*2"	"TCRBJ2-3*1"	42	44	57	64	2	7	NA	NA	"ACATGAGCCCTGAAGACAGCAGCATATATCTCTGCAGCGTTGTCGGACTAGCGGGAGTCTTCCCCAGATACGCAGTATTTTGGCCCA"	FALSE	FALSE	NA	NA	NA	NA
"TAAGAAGCTCCTTCTCAGTGACTCTGGCTTCTATCTCTGTGCCTGGCTCCGGACAGGGCCCCTAACTATGGCTACACCTTCGGTTCG"	""	"TAAGAAGCTCCTTCTCAGTGACTCTGGCTTCTATCTCTGTGCCTGGCTCCGGACAGGGCCCCTAACTATGGCTACACCTTCGGTTCG"	""	"TCRBV3-1"	"TCRBD1-1*1"	"TCRBJ1-2*1"	46	50	58	61	4	3	NA	NA	"TAAGAAGCTCCTTCTCAGTGACTCTGGCTTCTATCTCTGTGCCTGGCTCCGGACAGGGCCCCTAACTATGGCTACACCTTCGGTTCG"	FALSE	FALSE	NA	NA	NA	NA
"CACAGAGCGGGGGGACTCAGCCGTGTATCTCTGTGCCAGCAGCTCGCCCCACAGGGAATCTCACTCTACGAGCAGTACTTCGGGCCG"	""	"CACAGAGCGGGGGGACTCAGCCGTGTATCTCTGTGCCAGCAGCTCGCCCCACAGGGAATCTCACTCTACGAGCAGTACTTCGGGCCG"	""	"TCRBV7-3*1"	"TCRBD1-1*1"	"TCRBJ2-7*1"	44	50	56	65	6	9	NA	NA	"CACAGAGCGGGGGGACTCAGCCGTGTATCTCTGTGCCAGCAGCTCGCCCCACAGGGAATCTCACTCTACGAGCAGTACTTCGGGCCG"	FALSE	FALSE	NA	NA	NA	NA
"CTCAAGATCCAGCCTGCAGAGCTTGGGGACTCGGCCGTGTATCTCTGTGCCAGCAGCAAAAGTGGGGAGACCCAGTACTTCGGGCCA"	"CASSKSGETQYF"	"CTCAAGATCCAGCCTGCAGAGCTTGGGGACTCGGCCGTGTATCTCTGTGCCAGCAGCAAAAGTGGGGAGACCCAGTACTTCGGGCCA"	"CASSKSGETQYF"	"TCRBV11-3*1"	NA	"TCRBJ2-5*1"	57	63	-1	66	6	67	NA	NA	"CTCAAGATCCAGCCTGCAGAGCTTGGGGACTCGGCCGTGTATCTCTGTGCCAGCAGCAAAAGTGGGGAGACCCAGTACTTCGGGCCA"	FALSE	TRUE	NA	NA	NA	NA
"ATTCAGCGCACAGAGCAGGAGGACTCGGCCGTGTATCTCTGTGCCAGCAGCCCCGGACAGGGGAATACTGAAGCTTTCTTTGGACAA"	"CASSPGQGNTEAFF"	"ATTCAGCGCACAGAGCAGGAGGACTCGGCCGTGTATCTCTGTGCCAGCAGCCCCGGACAGGGGAATACTGAAGCTTTCTTTGGACAA"	"CASSPGQGNTEAFF"	"TCRBV7-2"	"TCRBD1-1*1"	"TCRBJ1-1*1"	51	54	63	66	3	3	NA	NA	"ATTCAGCGCACAGAGCAGGAGGACTCGGCCGTGTATCTCTGTGCCAGCAGCCCCGGACAGGGGAATACTGAAGCTTTCTTTGGACAA"	FALSE	TRUE	NA	NA	NA	NA
"GTGACATCGGCCCAAAAGAACCCGACAGCTTTCTATCTCTGTGCCAGTAGTATTAACTCGGGGGCCTACGAGCAGTACTTCGGGCCG"	"CASSINSGAYEQYF"	"GTGACATCGGCCCAAAAGAACCCGACAGCTTTCTATCTCTGTGCCAGTAGTATTAACTCGGGGGCCTACGAGCAGTACTTCGGGCCG"	"CASSINSGAYEQYF"	"TCRBV19-1*1"	"TCRBD2-1*1"	"TCRBJ2-7*1"	53	58	-1	64	5	65	NA	NA	"GTGACATCGGCCCAAAAGAACCCGACAGCTTTCTATCTCTGTGCCAGTAGTATTAACTCGGGGGCCTACGAGCAGTACTTCGGGCCG"	FALSE	TRUE	NA	NA	NA	NA
"CTGAGCTCTCTGGAGCTGGGGGACTCAGCTTTGTATTTCTGTGCCAGCAGCGCCGGGACTAGTCTTGGAGAGCAGTACTTCGGGCCG"	"CASSAGTSLGEQYF"	"CTGAGCTCTCTGGAGCTGGGGGACTCAGCTTTGTATTTCTGTGCCAGCAGCGCCGGGACTAGTCTTGGAGAGCAGTACTTCGGGCCG"	"CASSAGTSLGEQYF"	"TCRBV9-1*1"	"TCRBD2-1"	"TCRBJ2-7*1"	52	54	62	69	2	7	NA	NA	"CTGAGCTCTCTGGAGCTGGGGGACTCAGCTTTGTATTTCTGTGCCAGCAGCGCCGGGACTAGTCTTGGAGAGCAGTACTTCGGGCCG"	FALSE	TRUE	NA	NA	NA	NA
"TTGCTGGGGGACTCGGCCCTCTATCTCTGTGCCAGCAGCTGAAATCGGGGCAGGGGGAGGGCTAATGAAAAACTGTTTTTTGGCAGT"	"CASS*NRGRGRANEKLFF"	"TTGCTGGGGGACTCGGCCCTCTATCTCTGTGCCAGCAGCTGAAATCGGGGCAGGGGGAGGGCTAATGAAAAACTGTTTTTTGGCAGT"	"CASS*NRGRGRANEKLFF"	"TCRBV5-6*1"	NA	"TCRBJ1-4*1"	40	50	57	61	10	4	NA	NA	"TTGCTGGGGGACTCGGCCCTCTATCTCTGTGCCAGCAGCTGAAATCGGGGCAGGGGGAGGGCTAATGAAAAACTGTTTTTTGGCAGT"	FALSE	TRUE	NA	NA	NA	NA
"CACACAGCAGGAGGACTCCGCCGTGTATCTCTGTGCCAGCAGCTCCCGGGACTAGCGGAGACGACCTACGAGCAGTACTTCGGGCCG"	""	"CACACAGCAGGAGGACTCCGCCGTGTATCTCTGTGCCAGCAGCTCCCGGGACTAGCGGAGACGACCTACGAGCAGTACTTCGGGCCG"	""	"TCRBV7-8*1"	"TCRBD2-1"	"TCRBJ2-7*1"	44	47	58	64	3	6	NA	NA	"CACACAGCAGGAGGACTCCGCCGTGTATCTCTGTGCCAGCAGCTCCCGGGACTAGCGGAGACGACCTACGAGCAGTACTTCGGGCCG"	FALSE	FALSE	NA	NA	NA	NA
"TCGGCTGCTCCCTCCCAAACATCTGTGTACTTCTGTGCCAGCATCGGGACGACTAGCGGGAGATCATATGAGCAGTACTTCGGGCCG"	"CASIGTTSGRSYEQYF"	"TCGGCTGCTCCCTCCCAAACATCTGTGTACTTCTGTGCCAGCATCGGGACGACTAGCGGGAGATCATATGAGCAGTACTTCGGGCCG"	"CASIGTTSGRSYEQYF"	NA	"TCRBD2-1*2"	"TCRBJ2-7*1"	43	50	62	69	7	7	NA	NA	"TCGGCTGCTCCCTCCCAAACATCTGTGTACTTCTGTGCCAGCATCGGGACGACTAGCGGGAGATCATATGAGCAGTACTTCGGGCCG"	FALSE	TRUE	NA	NA	NA	NA
"GAGTCCGCCAGCACCAACCAGACATCTATGTACCTCTGTGCCAGCAGTACCCTCCGGGACAGTGATGAAAAACTGTTTTTTGGCAGT"	"CASSTLRDSDEKLFF"	"GAGTCCGCCAGCACCAACCAGACATCTATGTACCTCTGTGCCAGCAGTACCCTCCGGGACAGTGATGAAAAACTGTTTTTTGGCAGT"	"CASSTLRDSDEKLFF"	"TCRBV28-1*1"	"TCRBD1-1*1"	"TCRBJ1-4*1"	48	55	62	64	7	2	NA	NA	"GAGTCCGCCAGCACCAACCAGACATCTATGTACCTCTGTGCCAGCAGTACCCTCCGGGACAGTGATGAAAAACTGTTTTTTGGCAGT"	FALSE	TRUE	NA	NA	NA	NA
"AGCAACATGAGCCCTGAAGACAGCAGCATATATCTCTGCAGCGTTGGGGGCGCGGGAGGGCCGTCAGATACGCAGTATTTTGGCCCA"	"CSVGGAGGPSDTQYF"	"AGCAACATGAGCCCTGAAGACAGCAGCATATATCTCTGCAGCGTTGGGGGCGCGGGAGGGCCGTCAGATACGCAGTATTTTGGCCCA"	"CSVGGAGGPSDTQYF"	"TCRBV29-1"	"TCRBD2-1*2"	"TCRBJ2-3*1"	46	51	60	64	5	4	NA	NA	"AGCAACATGAGCCCTGAAGACAGCAGCATATATCTCTGCAGCGTTGGGGGCGCGGGAGGGCCGTCAGATACGCAGTATTTTGGCCCA"	FALSE	TRUE	NA	NA	NA	NA
"GTCCGCTACCAGCTCCCAGACATCTGTGTACTTCTGTGCCATCAGGGAGACAGTTCTGAGTGGTCCAATGAGCAGTTCTTCGGGCCA"	""	"GTCCGCTACCAGCTCCCAGACATCTGTGTACTTCTGTGCCATCAGGGAGACAGTTCTGAGTGGTCCAATGAGCAGTTCTTCGGGCCA"	""	"TCRBV1-3*1"	"TCRBD1-1*1"	"TCRBJ2-1*1"	-1	49	53	65	50	12	NA	NA	"GTCCGCTACCAGCTCCCAGACATCTGTGTACTTCTGTGCCATCAGGGAGACAGTTCTGAGTGGTCCAATGAGCAGTTCTTCGGGCCA"	FALSE	FALSE	NA	NA	NA	NA
"CAGCGCACACAGCAGGAGGACTCGGCCGTGTATCTCTGTGCCAGCAGCCCCAGCGGGATGGCTGCAAACATTCAGTACTTCGGCGCC"	"CASSPSGMAANIQYF"	"CAGCGCACACAGCAGGAGGACTCGGCCGTGTATCTCTGTGCCAGCAGCCCCAGCGGGATGGCTGCAAACATTCAGTACTTCGGCGCC"	"CASSPSGMAANIQYF"	"TCRBV7-2"	"TCRBD2-1*2"	"TCRBJ2-4*1"	48	51	58	65	3	7	NA	NA	"CAGCGCACACAGCAGGAGGACTCGGCCGTGTATCTCTGTGCCAGCAGCCCCAGCGGGATGGCTGCAAACATTCAGTACTTCGGCGCC"	FALSE	TRUE	NA	NA	NA	NA
"GTGAGCACCTTGGAGCTGGGGGACTCGGCCCTTTATCTTTGCGCCAGCAGCCAGGGGACAGACTCCTACGAGCAGTACTTCGGGCCG"	"CASSQGTDSYEQYF"	"GTGAGCACCTTGGAGCTGGGGGACTCGGCCCTTTATCTTTGCGCCAGCAGCCAGGGGACAGACTCCTACGAGCAGTACTTCGGGCCG"	"CASSQGTDSYEQYF"	"TCRBV5-1*1"	"TCRBD1-1*1"	"TCRBJ2-7*1"	51	54	61	62	3	1	NA	NA	"GTGAGCACCTTGGAGCTGGGGGACTCGGCCCTTTATCTTTGCGCCAGCAGCCAGGGGACAGACTCCTACGAGCAGTACTTCGGGCCG"	FALSE	TRUE	NA	NA	NA	NA
"NNNNNNNTGTCGGCTGCTCCCTCCCAGACATCTGTGTACTTCTGTGCCAGCTCCTCCGGGACAGGGGGACTAACTTTCTTTGGACAA"	"CASSSGTGGLTFF"	"NNNNNNNTGTCGGCTGCTCCCTCCCAGACATCTGTGTACTTCTGTGCCAGCTCCTCCGGGACAGGGGGACTAACTTTCTTTGGACAA"	"CASSSGTGGLTFF"	"TCRBV6-5*1"	"TCRBD1-1*1"	"TCRBJ1-1*1"	51	57	68	73	6	5	NA	NA	"NNNNNNNTGTCGGCTGCTCCCTCCCAGACATCTGTGTACTTCTGTGCCAGCTCCTCCGGGACAGGGGGACTAACTTTCTTTGGACAA"	FALSE	TRUE	NA	NA	NA	NA
"ATCCAGTCCACGGAGTCAGGGGACACAGCACTGTATTTCTGTGCCCCTTATAGCGGGAGGCCCTACAATGAGCAGTTCTTCGGGCCA"	"CAPYSGRPYNEQFF"	"ATCCAGTCCACGGAGTCAGGGGACACAGCACTGTATTTCTGTGCCCCTTATAGCGGGAGGCCCTACAATGAGCAGTTCTTCGGGCCA"	"CAPYSGRPYNEQFF"	"TCRBV21-1*1"	"TCRBD2-1*2"	"TCRBJ2-1*1"	45	50	60	61	5	1	NA	NA	"ATCCAGTCCACGGAGTCAGGGGACACAGCACTGTATTTCTGTGCCCCTTATAGCGGGAGGCCCTACAATGAGCAGTTCTTCGGGCCA"	FALSE	TRUE	NA	NA	NA	NA
"CCACGGAGTCAGGGGACACAGCACTGTATTTCTGTGCCAGCAGCACCCAAAGGACAGGGGAGAGTGAGCGAGCAGTACTTCGGGCCG"	""	"CCACGGAGTCAGGGGACACAGCACTGTATTTCTGTGCCAGCAGCACCCAAAGGACAGGGGAGAGTGAGCGAGCAGTACTTCGGGCCG"	""	"TCRBV21-1*1"	"TCRBD1-1*1"	"TCRBJ2-7*1"	45	51	60	68	6	8	NA	NA	"CCACGGAGTCAGGGGACACAGCACTGTATTTCTGTGCCAGCAGCACCCAAAGGACAGGGGAGAGTGAGCGAGCAGTACTTCGGGCCG"	FALSE	FALSE	NA	NA	NA	NA
"ATCAATTCCCTGGAGCTTGGTGACTCTGCTGTGTATTTCTGTGCCAGCAGGGAGGCGGGAGTGTACAATGAGCAGTTCTTCGGGCCA"	"CASREAGVYNEQFF"	"ATCAATTCCCTGGAGCTTGGTGACTCTGCTGTGTATTTCTGTGCCAGCAGGGAGGCGGGAGTGTACAATGAGCAGTTCTTCGGGCCA"	"CASREAGVYNEQFF"	"TCRBV3-1/3-2*1"	"TCRBD2-1*2"	"TCRBJ2-1*1"	50	54	61	63	4	2	NA	NA	"ATCAATTCCCTGGAGCTTGGTGACTCTGCTGTGTATTTCTGTGCCAGCAGGGAGGCGGGAGTGTACAATGAGCAGTTCTTCGGGCCA"	FALSE	TRUE	NA	NA	NA	NA
"ATCGGCCCAAAAGAACCCGACAGCTTTCTATCTCTGTGCCAGTAGTACCCGGGGACACCCGACAATCAGCCCCAGCATTTTGGTGAT"	""	"ATCGGCCCAAAAGAACCCGACAGCTTTCTATCTCTGTGCCAGTAGTACCCGGGGACACCCGACAATCAGCCCCAGCATTTTGGTGAT"	""	"TCRBV19-1*1"	"TCRBD1-1*1"	"TCRBJ1-5*1"	47	51	57	62	4	5	NA	NA	"ATCGGCCCAAAAGAACCCGACAGCTTTCTATCTCTGTGCCAGTAGTACCCGGGGACACCCGACAATCAGCCCCAGCATTTTGGTGAT"	FALSE	FALSE	NA	NA	NA	NA
"CACATCAATTCCCTGGAGCTTGGTGACTCTGCTGTGTATTTCTGTGCCAGCAGCCGGGACAGGGCCGGGGAGCTGTTTTTTGGAGAA"	"CASSRDRAGELFF"	"CACATCAATTCCCTGGAGCTTGGTGACTCTGCTGTGTATTTCTGTGCCAGCAGCCGGGACAGGGCCGGGGAGCTGTTTTTTGGAGAA"	"CASSRDRAGELFF"	"TCRBV3-1/3-2*1"	"TCRBD1-1*1"	"TCRBJ2-2*1"	-1	55	-1	64	56	65	NA	NA	"CACATCAATTCCCTGGAGCTTGGTGACTCTGCTGTGTATTTCTGTGCCAGCAGCCGGGACAGGGCCGGGGAGCTGTTTTTTGGAGAA"	FALSE	TRUE	NA	NA	NA	NA
"AGTCGCCCAGCCCCAACCAGACCTCTCTGTACTTCTGTGCCAGCAGTTTGACTAGCGGGAAAGTGGTATGAGCAGTTCTTCGGGCCA"	""	"AGTCGCCCAGCCCCAACCAGACCTCTCTGTACTTCTGTGCCAGCAGTTTGACTAGCGGGAAAGTGGTATGAGCAGTTCTTCGGGCCA"	""	"TCRBV27-1*1"	"TCRBD2-1*2"	"TCRBJ2-1*1"	-1	49	60	67	50	7	NA	NA	"AGTCGCCCAGCCCCAACCAGACCTCTCTGTACTTCTGTGCCAGCAGTTTGACTAGCGGGAAAGTGGTATGAGCAGTTCTTCGGGCCA"	FALSE	FALSE	NA	NA	NA	NA
"GAGTCAGCTACCCGCTCCCAGACATCTGTGTATTTCTGCGCCAGCCGCGGGTGGGCAGGGGTTCAAGAGACCCAGTACTTCGGGCCA"	"CASRGWAGVQETQYF"	"GAGTCAGCTACCCGCTCCCAGACATCTGTGTATTTCTGCGCCAGCCGCGGGTGGGCAGGGGTTCAAGAGACCCAGTACTTCGGGCCA"	"CASRGWAGVQETQYF"	"TCRBV1-2*1"	"TCRBD1-1*1"	"TCRBJ2-5*1"	45	55	61	63	10	2	NA	NA	"GAGTCAGCTACCCGCTCCCAGACATCTGTGTATTTCTGCGCCAGCCGCGGGTGGGCAGGGGTTCAAGAGACCCAGTACTTCGGGCCA"	FALSE	TRUE	NA	NA	NA	NA
"GTCGGCTGCTCCCTCCCAAACATCTGTGTACTTCTGTGCCAGCAGAGGACTAGCGGGACCTTCAAAAACATTCAGTACTTCGGCGCC"	""	"GTCGGCTGCTCCCTCCCAAACATCTGTGTACTTCTGTGCCAGCAGAGGACTAGCGGGACCTTCAAAAACATTCAGTACTTCGGCGCC"	""	NA	"TCRBD2-1*2"	"TCRBJ2-4*1"	45	46	58	62	1	4	NA	NA	"GTCGGCTGCTCCCTCCCAAACATCTGTGTACTTCTGTGCCAGCAGAGGACTAGCGGGACCTTCAAAAACATTCAGTACTTCGGCGCC"	FALSE	FALSE	NA	NA	NA	NA
"GTGCCCATCCTGAAGACAGCAGCTTCTACATCTGCAGTGCTAGACCGATAGCGGGAGTGCGGCACCGGGGAGCTGTTTTTTGGAGAA"	""	"GTGCCCATCCTGAAGACAGCAGCTTCTACATCTGCAGTGCTAGACCGATAGCGGGAGTGCGGCACCGGGGAGCTGTTTTTTGGAGAA"	""	NA	"TCRBD2-1*2"	"TCRBJ2-2*1"	44	48	57	62	4	5	NA	NA	"GTGCCCATCCTGAAGACAGCAGCTTCTACATCTGCAGTGCTAGACCGATAGCGGGAGTGCGGCACCGGGGAGCTGTTTTTTGGAGAA"	FALSE	FALSE	NA	NA	NA	NA
"TCAGAACCCAGGGACTCAGCTGTGTATTTTTGTGCTAGTGGTTTGGTGGGTAGCACCAGCTCCTACAATGAGCAGTTCTTCGGGCCA"	"CASGLVGSTSSYNEQFF"	"TCAGAACCCAGGGACTCAGCTGTGTATTTTTGTGCTAGTGGTTTGGTGGGTAGCACCAGCTCCTACAATGAGCAGTTCTTCGGGCCA"	"CASGLVGSTSSYNEQFF"	"TCRBV12-5*1"	"TCRBD2-1"	"TCRBJ2-1*1"	47	50	54	59	3	5	NA	NA	"TCAGAACCCAGGGACTCAGCTGTGTATTTTTGTGCTAGTGGTTTGGTGGGTAGCACCAGCTCCTACAATGAGCAGTTCTTCGGGCCA"	FALSE	TRUE	NA	NA	NA	NA
"CCGCCGTGTATCTCTGTGCCAGCAGCTTAGCGGAACCCCGGGACAGTAGTCGCCCTATGTCCGGGGCAGCCCCAGCATTTTGGTGAT"	""	"CCGCCGTGTATCTCTGTGCCAGCAGCTTAGCGGAACCCCGGGACAGTAGTCGCCCTATGTCCGGGGCAGCCCCAGCATTTTGGTGAT"	""	"TCRBV7-8"	"TCRBD1-1*1"	"TCRBJ1-5*1"	31	39	46	66	8	20	NA	NA	"CCGCCGTGTATCTCTGTGCCAGCAGCTTAGCGGAACCCCGGGACAGTAGTCGCCCTATGTCCGGGGCAGCCCCAGCATTTTGGTGAT"	FALSE	FALSE	NA	NA	NA	NA
"CAGCCCTCAGAACCCAGGGACTCAGCTGTGTACTTCTGTGCCAGCAGTCCGAGAACGGGTAGCGTATTTGGCTACACCTTCGGTTCG"	"CASSPRTGSVFGYTF"	"CAGCCCTCAGAACCCAGGGACTCAGCTGTGTACTTCTGTGCCAGCAGTCCGAGAACGGGTAGCGTATTTGGCTACACCTTCGGTTCG"	"CASSPRTGSVFGYTF"	NA	"TCRBD2-1"	"TCRBJ1-2*1"	48	59	64	68	11	4	NA	NA	"CAGCCCTCAGAACCCAGGGACTCAGCTGTGTACTTCTGTGCCAGCAGTCCGAGAACGGGTAGCGTATTTGGCTACACCTTCGGTTCG"	FALSE	TRUE	NA	NA	NA	NA
"ACCCTGCAGCCAGAAGACTCGGCCCTGTATCTCTGCGCCAGCAGCCAGGGTCGGGACAGGGTAGCAGTGGAGCAGTACTTCGGGCCG"	"CASSQGRDRVAVEQYF"	"ACCCTGCAGCCAGAAGACTCGGCCCTGTATCTCTGCGCCAGCAGCCAGGGTCGGGACAGGGTAGCAGTGGAGCAGTACTTCGGGCCG"	"CASSQGRDRVAVEQYF"	"TCRBV4-3*1"	"TCRBD1-1*1"	"TCRBJ2-7*1"	47	52	61	69	5	8	NA	NA	"ACCCTGCAGCCAGAAGACTCGGCCCTGTATCTCTGCGCCAGCAGCCAGGGTCGGGACAGGGTAGCAGTGGAGCAGTACTTCGGGCCG"	FALSE	TRUE	NA	NA	NA	NA
"CTGGAGTCTGCTGCCTCCTCCCAGACATCTGTATATTTCTGCGCCAGCAGTGAATCAGGGGAGAAGGATGGCTACACCTTCGGTTCG"	"CASSESGEKDGYTF"	"CTGGAGTCTGCTGCCTCCTCCCAGACATCTGTATATTTCTGCGCCAGCAGTGAATCAGGGGAGAAGGATGGCTACACCTTCGGTTCG"	"CASSESGEKDGYTF"	"TCRBV1-1*1"	"TCRBD1-1*1"	"TCRBJ1-2*1"	53	55	61	67	2	6	NA	NA	"CTGGAGTCTGCTGCCTCCTCCCAGACATCTGTATATTTCTGCGCCAGCAGTGAATCAGGGGAGAAGGATGGCTACACCTTCGGTTCG"	FALSE	TRUE	NA	NA	NA	NA
"NTGTCGGCTGCTCCCTCCCAGACATCTGTGTACTTCTGTGCCAGCAGTGCCACCTCTAGCGCTCAAGAGACCCAGTACTTCGGGCCA"	"CASSATSSAQETQYF"	"NTGTCGGCTGCTCCCTCCCAGACATCTGTGTACTTCTGTGCCAGCAGTGCCACCTCTAGCGCTCAAGAGACCCAGTACTTCGGGCCA"	"CASSATSSAQETQYF"	NA	"TCRBD2-1"	"TCRBJ2-5*1"	49	55	61	63	6	2	NA	NA	"NTGTCGGCTGCTCCCTCCCAGACATCTGTGTACTTCTGTGCCAGCAGTGCCACCTCTAGCGCTCAAGAGACCCAGTACTTCGGGCCA"	FALSE	TRUE	NA	NA	NA	NA
"CTGAAGATCCGGTCCACAAAGCTGGAGGACTCAGCCATGTACTTCTGTGCCAGCAGTACAGAAGCCTACGAGCAGTACTTCGGGCCG"	"CASSTEAYEQYF"	"CTGAAGATCCGGTCCACAAAGCTGGAGGACTCAGCCATGTACTTCTGTGCCAGCAGTACAGAAGCCTACGAGCAGTACTTCGGGCCG"	"CASSTEAYEQYF"	"TCRBV2-1"	"TCRBD1-1*1"	"TCRBJ2-7*1"	-1	57	61	64	58	3	NA	NA	"CTGAAGATCCGGTCCACAAAGCTGGAGGACTCAGCCATGTACTTCTGTGCCAGCAGTACAGAAGCCTACGAGCAGTACTTCGGGCCG"	FALSE	TRUE	NA	NA	NA	NA
"GCCCTCAGAACCCAGGGACTCAGCTGTGTATTTTTGTGCTAGTGGTTTGTTACCCAGGGGGGGGACGGGGAGCAGTTCTTCGGGCCA"	""	"GCCCTCAGAACCCAGGGACTCAGCTGTGTATTTTTGTGCTAGTGGTTTGTTACCCAGGGGGGGGACGGGGAGCAGTTCTTCGGGCCA"	""	"TCRBV12-5*1"	NA	"TCRBJ2-1*1"	49	54	61	69	5	8	NA	NA	"GCCCTCAGAACCCAGGGACTCAGCTGTGTATTTTTGTGCTAGTGGTTTGTTACCCAGGGGGGGGACGGGGAGCAGTTCTTCGGGCCA"	FALSE	FALSE	NA	NA	NA	NA
"ACAGAGCGGGGGGACTCAGCCGTGTATCTCTGTGCCAGCAGCCCTTACAGGGGAAGAGGCTCCTACAATGAGCAGTTCTTCGGGCCA"	"CASSPYRGRGSYNEQFF"	"ACAGAGCGGGGGGACTCAGCCGTGTATCTCTGTGCCAGCAGCCCTTACAGGGGAAGAGGCTCCTACAATGAGCAGTTCTTCGGGCCA"	"CASSPYRGRGSYNEQFF"	"TCRBV7-3*1"	"TCRBD1-1*1"	"TCRBJ2-1*1"	42	46	53	59	4	6	NA	NA	"ACAGAGCGGGGGGACTCAGCCGTGTATCTCTGTGCCAGCAGCCCTTACAGGGGAAGAGGCTCCTACAATGAGCAGTTCTTCGGGCCA"	FALSE	TRUE	NA	NA	NA	NA
"NNNNTGTCGGCTGCTCCCTCCCAGACATCTGTGTACTTCTGTGCCAGCAGTTACGTCTCCCTGGGCACTGAAGCTTTCTTTGGACAA"	"CASSYVSLGTEAFF"	"NNNNTGTCGGCTGCTCCCTCCCAGACATCTGTGTACTTCTGTGCCAGCAGTTACGTCTCCCTGGGCACTGAAGCTTTCTTTGGACAA"	"CASSYVSLGTEAFF"	"TCRBV6-5*1"	NA	"TCRBJ1-1*1"	54	62	-1	65	8	66	NA	NA	"NNNNTGTCGGCTGCTCCCTCCCAGACATCTGTGTACTTCTGTGCCAGCAGTTACGTCTCCCTGGGCACTGAAGCTTTCTTTGGACAA"	FALSE	TRUE	NA	NA	NA	NA
"GCAGAGCTTGGGGACTCGGCCGTGTATCTCTGTGCCAGCAGCTTAGCGGCGGGAGGACTAAGCACAGATACGCAGTATTTTGGCCCA"	"CASSLAAGGLSTDTQYF"	"GCAGAGCTTGGGGACTCGGCCGTGTATCTCTGTGCCAGCAGCTTAGCGGCGGGAGGACTAAGCACAGATACGCAGTATTTTGGCCCA"	"CASSLAAGGLSTDTQYF"	"TCRBV11-3*1"	"TCRBD2-1*2"	"TCRBJ2-3*1"	46	48	56	60	2	4	NA	NA	"GCAGAGCTTGGGGACTCGGCCGTGTATCTCTGTGCCAGCAGCTTAGCGGCGGGAGGACTAAGCACAGATACGCAGTATTTTGGCCCA"	FALSE	TRUE	NA	NA	NA	NA
"GTGACCAGTGCCCATCCTGAAGACAGCAGCTTCTACATCTGCAGTGCTAGAGTCAGGACAATGAACACTGAAGCTTTCTTTGGACAA"	"CSARVRTMNTEAFF"	"GTGACCAGTGCCCATCCTGAAGACAGCAGCTTCTACATCTGCAGTGCTAGAGTCAGGACAATGAACACTGAAGCTTTCTTTGGACAA"	"CSARVRTMNTEAFF"	NA	"TCRBD1-1*1"	"TCRBJ1-1*1"	52	55	60	61	3	1	NA	NA	"GTGACCAGTGCCCATCCTGAAGACAGCAGCTTCTACATCTGCAGTGCTAGAGTCAGGACAATGAACACTGAAGCTTTCTTTGGACAA"	FALSE	TRUE	NA	NA	NA	NA
"GTGAGCACCTTGGAGCTGGGGGACTCGGCCCTTTATCTTTGCGCCAGCAGCTGGACTAGCGGGGTTACAGAGCAGTACTTCGGGCCG"	"CASSWTSGVTEQYF"	"GTGAGCACCTTGGAGCTGGGGGACTCGGCCCTTTATCTTTGCGCCAGCAGCTGGACTAGCGGGGTTACAGAGCAGTACTTCGGGCCG"	"CASSWTSGVTEQYF"	"TCRBV5-1*1"	"TCRBD2-1*1"	"TCRBJ2-7*1"	-1	52	64	69	53	5	NA	NA	"GTGAGCACCTTGGAGCTGGGGGACTCGGCCCTTTATCTTTGCGCCAGCAGCTGGACTAGCGGGGTTACAGAGCAGTACTTCGGGCCG"	FALSE	TRUE	NA	NA	NA	NA
"GAGTCTGCTGCCTCCTCCCAGACATCTGTATATTTCTGCGCCAGCAGTGGGCCAGGCCAAAACACCGGGGAGCTGTTTTTTGGAGAA"	"CASSGPGQNTGELFF"	"GAGTCTGCTGCCTCCTCCCAGACATCTGTATATTTCTGCGCCAGCAGTGGGCCAGGCCAAAACACCGGGGAGCTGTTTTTTGGAGAA"	"CASSGPGQNTGELFF"	"TCRBV1-1*1"	"TCRBD1-1*1"	"TCRBJ2-2*1"	49	52	56	60	3	4	NA	NA	"GAGTCTGCTGCCTCCTCCCAGACATCTGTATATTTCTGCGCCAGCAGTGGGCCAGGCCAAAACACCGGGGAGCTGTTTTTTGGAGAA"	FALSE	TRUE	NA	NA	NA	NA
"TTGGAGCTGGACGACTCGGCCCTGTATCTCTGTGCCAGCAGCTTGATGTCAGGACAGGGGGCCTACAATGAGCAGTTCTTCGGGCCA"	"CASSLMSGQGAYNEQFF"	"TTGGAGCTGGACGACTCGGCCCTGTATCTCTGTGCCAGCAGCTTGATGTCAGGACAGGGGGCCTACAATGAGCAGTTCTTCGGGCCA"	"CASSLMSGQGAYNEQFF"	"TCRBV5-4*1"	"TCRBD1-1*1"	"TCRBJ2-1*1"	45	51	-1	61	6	62	NA	NA	"TTGGAGCTGGACGACTCGGCCCTGTATCTCTGTGCCAGCAGCTTGATGTCAGGACAGGGGGCCTACAATGAGCAGTTCTTCGGGCCA"	FALSE	TRUE	NA	NA	NA	NA
"CGCACAGAGCGGGGGGACTCAGCCGTGTATCTCTGTGCCAGCAGCTTAAATGGAGGGACGATGAACACTGAAGCTTTCTTTGGACAA"	"CASSLNGGTMNTEAFF"	"CGCACAGAGCGGGGGGACTCAGCCGTGTATCTCTGTGCCAGCAGCTTAAATGGAGGGACGATGAACACTGAAGCTTTCTTTGGACAA"	"CASSLNGGTMNTEAFF"	"TCRBV7-3*1"	"TCRBD2-1*2"	"TCRBJ1-1*1"	49	51	57	61	2	4	NA	NA	"CGCACAGAGCGGGGGGACTCAGCCGTGTATCTCTGTGCCAGCAGCTTAAATGGAGGGACGATGAACACTGAAGCTTTCTTTGGACAA"	FALSE	TRUE	NA	NA	NA	NA
"CCTGCAGAGCTTGGGGACTCGGCCGTGTATCTCTGTGCCAGCAGCTCCAGAGGTACCAGTAACGTAGAGACCCAGTACTTCGGGCCA"	"CASSSRGTSNVETQYF"	"CCTGCAGAGCTTGGGGACTCGGCCGTGTATCTCTGTGCCAGCAGCTCCAGAGGTACCAGTAACGTAGAGACCCAGTACTTCGGGCCA"	"CASSSRGTSNVETQYF"	"TCRBV11-3*1"	"TCRBD2-1*2"	"TCRBJ2-5*1"	46	49	53	65	3	12	NA	NA	"CCTGCAGAGCTTGGGGACTCGGCCGTGTATCTCTGTGCCAGCAGCTCCAGAGGTACCAGTAACGTAGAGACCCAGTACTTCGGGCCA"	FALSE	TRUE	NA	NA	NA	NA
"ACAGAGCAGGGGGACTCGGCCATGTATCTCTGTGCCAGCAGCTTAGGAACCATAGGAAACAGGGACAATGAGCAGTTCTTCGGGCCA"	"CASSLGTIGNRDNEQFF"	"ACAGAGCAGGGGGACTCGGCCATGTATCTCTGTGCCAGCAGCTTAGGAACCATAGGAAACAGGGACAATGAGCAGTTCTTCGGGCCA"	"CASSLGTIGNRDNEQFF"	"TCRBV7-9*1"	"TCRBD1-1*1"	"TCRBJ2-1*1"	46	58	-1	64	12	65	NA	NA	"ACAGAGCAGGGGGACTCGGCCATGTATCTCTGTGCCAGCAGCTTAGGAACCATAGGAAACAGGGACAATGAGCAGTTCTTCGGGCCA"	FALSE	TRUE	NA	NA	NA	NA
"TCTGCCAGGCCCTCACATACCTCTCAGTACCTCTGTGCCAGCAGTGTACGCCCCGACAGGGGTTCCTACGAGCAGTACTTCGGGCCG"	"CASSVRPDRGSYEQYF"	"TCTGCCAGGCCCTCACATACCTCTCAGTACCTCTGTGCCAGCAGTGTACGCCCCGACAGGGGTTCCTACGAGCAGTACTTCGGGCCG"	"CASSVRPDRGSYEQYF"	"TCRBV25-1*1"	"TCRBD1-1*1"	"TCRBJ2-7*1"	46	54	62	63	8	1	NA	NA	"TCTGCCAGGCCCTCACATACCTCTCAGTACCTCTGTGCCAGCAGTGTACGCCCCGACAGGGGTTCCTACGAGCAGTACTTCGGGCCG"	FALSE	TRUE	NA	NA	NA	NA
"GTACCCTCTCAGACATCTGTGTACTTCTGTGCCAGCAGTGACGGGGCGACTAGCGGGGACTTTTACAATGAGCAGTTCTTCGGGCCA"	"CASSDGATSGDFYNEQFF"	"GTACCCTCTCAGACATCTGTGTACTTCTGTGCCAGCAGTGACGGGGCGACTAGCGGGGACTTTTACAATGAGCAGTTCTTCGGGCCA"	"CASSDGATSGDFYNEQFF"	"TCRBV6-4*1"	"TCRBD2-1*1"	"TCRBJ2-1*1"	42	47	58	63	5	5	NA	NA	"GTACCCTCTCAGACATCTGTGTACTTCTGTGCCAGCAGTGACGGGGCGACTAGCGGGGACTTTTACAATGAGCAGTTCTTCGGGCCA"	FALSE	TRUE	NA	NA	NA	NA
"AGAGCAGGAGGACTCGGCCGTGTATCTCTGTGCCAGCAGCCTACGGGACTAGCGGGAATTAGCACAGATACGCAGTATTTTGGCCCA"	""	"AGAGCAGGAGGACTCGGCCGTGTATCTCTGTGCCAGCAGCCTACGGGACTAGCGGGAATTAGCACAGATACGCAGTATTTTGGCCCA"	""	"TCRBV7-2"	"TCRBD2-1*2"	"TCRBJ2-3*1"	40	44	57	60	4	3	NA	NA	"AGAGCAGGAGGACTCGGCCGTGTATCTCTGTGCCAGCAGCCTACGGGACTAGCGGGAATTAGCACAGATACGCAGTATTTTGGCCCA"	FALSE	FALSE	NA	NA	NA	NA
"ATCCAGCGCACACAGCAGGAGGACTCGGCCGTGTATCTCTGTGCCAGCAGCTTAGGGCTAGCGGCCTACGAGCAGTACTTCGGGCCG"	"CASSLGLAAYEQYF"	"ATCCAGCGCACACAGCAGGAGGACTCGGCCGTGTATCTCTGTGCCAGCAGCTTAGGGCTAGCGGCCTACGAGCAGTACTTCGGGCCG"	"CASSLGLAAYEQYF"	"TCRBV7-2"	"TCRBD2-1"	"TCRBJ2-7*1"	55	57	-1	64	2	65	NA	NA	"ATCCAGCGCACACAGCAGGAGGACTCGGCCGTGTATCTCTGTGCCAGCAGCTTAGGGCTAGCGGCCTACGAGCAGTACTTCGGGCCG"	FALSE	TRUE	NA	NA	NA	NA
"GGAGCTGGGGGACTCGGCCCTTTATCTTTGCGCCAGCAGCACGGGCTAGCGGGAGGATTCGCCAAAAACATTCAGTACTTCGGCGCC"	""	"GGAGCTGGGGGACTCGGCCCTTTATCTTTGCGCCAGCAGCACGGGCTAGCGGGAGGATTCGCCAAAAACATTCAGTACTTCGGCGCC"	""	"TCRBV5-1*1"	"TCRBD2-1*2"	"TCRBJ2-4*1"	40	45	56	60	5	4	NA	NA	"GGAGCTGGGGGACTCGGCCCTTTATCTTTGCGCCAGCAGCACGGGCTAGCGGGAGGATTCGCCAAAAACATTCAGTACTTCGGCGCC"	FALSE	FALSE	NA	NA	NA	NA
"CTGACAGTGACCAGTGCCCATCCTGAAGACAGCAGCTTCTACATCTGCAGTGCTTACAGGGGGAACGATGGCTACACCTTCGGTTCG"	"CSAYRGNDGYTF"	"CTGACAGTGACCAGTGCCCATCCTGAAGACAGCAGCTTCTACATCTGCAGTGCTTACAGGGGGAACGATGGCTACACCTTCGGTTCG"	"CSAYRGNDGYTF"	NA	"TCRBD1-1*1"	"TCRBJ1-2*1"	54	55	63	67	1	4	NA	NA	"CTGACAGTGACCAGTGCCCATCCTGAAGACAGCAGCTTCTACATCTGCAGTGCTTACAGGGGGAACGATGGCTACACCTTCGGTTCG"	FALSE	TRUE	NA	NA	NA	NA
"AGCACCTTGGAGCTGGGGGACTCGGCCCTTTATCTTTGCGCCAGCAGCTTGGGGCCGACAACTAATGAAAAACTGTTTTTTGGCAGT"	"CASSLGPTTNEKLFF"	"AGCACCTTGGAGCTGGGGGACTCGGCCCTTTATCTTTGCGCCAGCAGCTTGGGGCCGACAACTAATGAAAAACTGTTTTTTGGCAGT"	"CASSLGPTTNEKLFF"	"TCRBV5-1*1"	"TCRBD1-1*1"	"TCRBJ1-4*1"	-1	52	55	58	53	3	NA	NA	"AGCACCTTGGAGCTGGGGGACTCGGCCCTTTATCTTTGCGCCAGCAGCTTGGGGCCGACAACTAATGAAAAACTGTTTTTTGGCAGT"	FALSE	TRUE	NA	NA	NA	NA
"CTACACACCCTGCAGCCAGAAGACTCGGCCCTGTATCTCTGTGCCAGCAGCCAACCGGGGCCAAAAGAGACCCAGTACTTCGGGCCA"	"CASSQPGPKETQYF"	"CTACACACCCTGCAGCCAGAAGACTCGGCCCTGTATCTCTGTGCCAGCAGCCAACCGGGGCCAAAAGAGACCCAGTACTTCGGGCCA"	"CASSQPGPKETQYF"	"TCRBV4-2*1"	NA	"TCRBJ2-5*1"	54	56	61	64	2	3	NA	NA	"CTACACACCCTGCAGCCAGAAGACTCGGCCCTGTATCTCTGTGCCAGCAGCCAACCGGGGCCAAAAGAGACCCAGTACTTCGGGCCA"	FALSE	TRUE	NA	NA	NA	NA
"NNNNNNNTGTCGGCTGCTCCCTCCCAGACATCTGTGTACTTCTGTGCCAGCAGGGGGTAGGGGGCCAACGTCCTGACTTTCGGGGCC"	"CASRG*GANVLTF"	"NNNNNNNTGTCGGCTGCTCCCTCCCAGACATCTGTGTACTTCTGTGCCAGCAGGGGGTAGGGGGCCAACGTCCTGACTTTCGGGGCC"	"CASRG*GANVLTF"	"TCRBV6-5*1"	NA	"TCRBJ2-6*1"	-1	53	57	60	54	3	NA	NA	"NNNNNNNTGTCGGCTGCTCCCTCCCAGACATCTGTGTACTTCTGTGCCAGCAGGGGGTAGGGGGCCAACGTCCTGACTTTCGGGGCC"	FALSE	TRUE	NA	NA	NA	NA
"CTAAGAAGCTCCTTCTCAGTGACTCTGGCTTCTATCTCTGTGCCTGAGAGTCGGGTGTCTGGGGCCAACGTCCTGACTTTCGGGGCC"	""	"CTAAGAAGCTCCTTCTCAGTGACTCTGGCTTCTATCTCTGTGCCTGAGAGTCGGGTGTCTGGGGCCAACGTCCTGACTTTCGGGGCC"	""	"TCRBV3-1"	"TCRBD2-1"	"TCRBJ2-6*1"	46	51	55	57	5	2	NA	NA	"CTAAGAAGCTCCTTCTCAGTGACTCTGGCTTCTATCTCTGTGCCTGAGAGTCGGGTGTCTGGGGCCAACGTCCTGACTTTCGGGGCC"	FALSE	FALSE	NA	NA	NA	NA
"ATCCAGCGCACAGAGCAGGGGGACTCGGCCATGTATCTCTGTGCCAGCAGCTTAGGAGGGGGTTGGGATGGCTACACCTTCGGTTCG"	"CASSLGGGWDGYTF"	"ATCCAGCGCACAGAGCAGGGGGACTCGGCCATGTATCTCTGTGCCAGCAGCTTAGGAGGGGGTTGGGATGGCTACACCTTCGGTTCG"	"CASSLGGGWDGYTF"	"TCRBV7-9*1"	"TCRBD1-1*1"	"TCRBJ1-2*1"	55	56	62	67	1	5	NA	NA	"ATCCAGCGCACAGAGCAGGGGGACTCGGCCATGTATCTCTGTGCCAGCAGCTTAGGAGGGGGTTGGGATGGCTACACCTTCGGTTCG"	FALSE	TRUE	NA	NA	NA	NA
"ACGGAGTCAGGGGACACAGCACTGTATTTCTGTGCCAGCAGCAAAGCCCCTCGACAGGGGGTGAACACTGAAGCTTTCTTTGGACAA"	"CASSKAPRQGVNTEAFF"	"ACGGAGTCAGGGGACACAGCACTGTATTTCTGTGCCAGCAGCAAAGCCCCTCGACAGGGGGTGAACACTGAAGCTTTCTTTGGACAA"	"CASSKAPRQGVNTEAFF"	"TCRBV21-1*1"	"TCRBD1-1*1"	"TCRBJ1-1*1"	47	52	-1	61	5	62	NA	NA	"ACGGAGTCAGGGGACACAGCACTGTATTTCTGTGCCAGCAGCAAAGCCCCTCGACAGGGGGTGAACACTGAAGCTTTCTTTGGACAA"	FALSE	TRUE	NA	NA	NA	NA
"GCTGCTCCCTCCCAGACATCTGTGTACTTCTGTGCCAGCAGTTACTCGGGACTAGCGGGAGGGGGTAATGAGCAGTTCTTCGGGCCA"	"CASSYSGLAGGGNEQFF"	"GCTGCTCCCTCCCAGACATCTGTGTACTTCTGTGCCAGCAGTTACTCGGGACTAGCGGGAGGGGGTAATGAGCAGTTCTTCGGGCCA"	"CASSYSGLAGGGNEQFF"	NA	"TCRBD2-1*2"	"TCRBJ2-1*1"	-1	47	63	66	48	3	NA	NA	"GCTGCTCCCTCCCAGACATCTGTGTACTTCTGTGCCAGCAGTTACTCGGGACTAGCGGGAGGGGGTAATGAGCAGTTCTTCGGGCCA"	FALSE	TRUE	NA	NA	NA	NA
"TTGTTGCTGGGGGACTCGGCCCTCTATCTCTGTGCCAGCAGCTGGAGATCTGGGACCTCGAACACCGGGGAGCTGTTTTTTGGAGAA"	"CASSWRSGTSNTGELFF"	"TTGTTGCTGGGGGACTCGGCCCTCTATCTCTGTGCCAGCAGCTGGAGATCTGGGACCTCGAACACCGGGGAGCTGTTTTTTGGAGAA"	"CASSWRSGTSNTGELFF"	"TCRBV5-6*1"	NA	"TCRBJ2-2*1"	43	51	56	58	8	2	NA	NA	"TTGTTGCTGGGGGACTCGGCCCTCTATCTCTGTGCCAGCAGCTGGAGATCTGGGACCTCGAACACCGGGGAGCTGTTTTTTGGAGAA"	FALSE	TRUE	NA	NA	NA	NA
"CCTGGAGTCGCCCAGCCCCAACCAGACCTCTCTGTACTTCTGTGCCAGCAGTCCCTCGGAGCATCCTACGAGCAGTACTTCGGGCCG"	""	"CCTGGAGTCGCCCAGCCCCAACCAGACCTCTCTGTACTTCTGTGCCAGCAGTCCCTCGGAGCATCCTACGAGCAGTACTTCGGGCCG"	""	"TCRBV27-1*1"	"TCRBD2-1*2"	"TCRBJ2-7*1"	52	57	61	63	5	2	NA	NA	"CCTGGAGTCGCCCAGCCCCAACCAGACCTCTCTGTACTTCTGTGCCAGCAGTCCCTCGGAGCATCCTACGAGCAGTACTTCGGGCCG"	FALSE	FALSE	NA	NA	NA	NA
"TGCAGCCAGAAGACTCGGCCCTGTATCTCTGTGCCAGCACCCCTCCGACCTCGGACTAGCGGGATCAATGAGCAGTTCTTCGGGCCA"	""	"TGCAGCCAGAAGACTCGGCCCTGTATCTCTGTGCCAGCACCCCTCCGACCTCGGACTAGCGGGATCAATGAGCAGTTCTTCGGGCCA"	""	"TCRBV4-2*2"	"TCRBD2-1*2"	"TCRBJ2-1*1"	42	52	64	65	10	1	NA	NA	"TGCAGCCAGAAGACTCGGCCCTGTATCTCTGTGCCAGCACCCCTCCGACCTCGGACTAGCGGGATCAATGAGCAGTTCTTCGGGCCA"	FALSE	FALSE	NA	NA	NA	NA
"ATCCGCTCACCAGGCCTGGGGGACGCAGCCATGTACCTGTGTGCCACCGGGGGTGACTTGGTCCAAGAGACCCAGTACTTCGGGCCA"	"CATGGDLVQETQYF"	"ATCCGCTCACCAGGCCTGGGGGACGCAGCCATGTACCTGTGTGCCACCGGGGGTGACTTGGTCCAAGAGACCCAGTACTTCGGGCCA"	"CATGGDLVQETQYF"	"TCRBV15-1*2"	NA	"TCRBJ2-5*1"	-1	48	53	62	49	9	NA	NA	"ATCCGCTCACCAGGCCTGGGGGACGCAGCCATGTACCTGTGTGCCACCGGGGGTGACTTGGTCCAAGAGACCCAGTACTTCGGGCCA"	FALSE	TRUE	NA	NA	NA	NA
"GTGAGCACCTTGGAGCTGGGGGACTCGGCCCTTTATCTTTGCGCCAGCAGCTTGTTAAAAGCGGAAGATACGCAGTATTTTGGCCCA"	"CASSLLKAEDTQYF"	"GTGAGCACCTTGGAGCTGGGGGACTCGGCCCTTTATCTTTGCGCCAGCAGCTTGTTAAAAGCGGAAGATACGCAGTATTTTGGCCCA"	"CASSLLKAEDTQYF"	"TCRBV5-1*1"	"TCRBD2-1"	"TCRBJ2-3*1"	54	59	64	65	5	1	NA	NA	"GTGAGCACCTTGGAGCTGGGGGACTCGGCCCTTTATCTTTGCGCCAGCAGCTTGTTAAAAGCGGAAGATACGCAGTATTTTGGCCCA"	FALSE	TRUE	NA	NA	NA	NA
"CCAACCAGACCTCTCTGTACTTCTGTGCCAGCAGTTACCTGGCCCCAGACAGCGGGAAGAGGTAATTCACCCCTCCACTTTGGGAAT"	""	"CCAACCAGACCTCTCTGTACTTCTGTGCCAGCAGTTACCTGGCCCCAGACAGCGGGAAGAGGTAATTCACCCCTCCACTTTGGGAAT"	""	"TCRBV27-1*1"	"TCRBD2-1*2"	"TCRBJ1-6*1"	36	50	57	62	14	5	NA	NA	"CCAACCAGACCTCTCTGTACTTCTGTGCCAGCAGTTACCTGGCCCCAGACAGCGGGAAGAGGTAATTCACCCCTCCACTTTGGGAAT"	FALSE	FALSE	NA	NA	NA	NA
"CACGCCCTGCAGCCAGAAGACTCAGCCCTGTATCTCTGCGCCAGCAGCCCGGAGGGGGGAAGCAATCAGCCCCAGCATTTTGGTGAT"	"CASSPEGGSNQPQHF"	"CACGCCCTGCAGCCAGAAGACTCAGCCCTGTATCTCTGCGCCAGCAGCCCGGAGGGGGGAAGCAATCAGCCCCAGCATTTTGGTGAT"	"CASSPEGGSNQPQHF"	"TCRBV4-1*1"	NA	"TCRBJ1-5*1"	49	52	58	60	3	2	NA	NA	"CACGCCCTGCAGCCAGAAGACTCAGCCCTGTATCTCTGCGCCAGCAGCCCGGAGGGGGGAAGCAATCAGCCCCAGCATTTTGGTGAT"	FALSE	TRUE	NA	NA	NA	NA
"CTCACTCTGGAGTCCGCTACCCGCTCCCAGACATCTGTGTATTTCTGCGCCAGCAGTGAGTACGGTTCTGAAGCTTTCTTTGGACAA"	"CASSEYGSEAFF"	"CTCACTCTGGAGTCCGCTACCCGCTCCCAGACATCTGTGTATTTCTGCGCCAGCAGTGAGTACGGTTCTGAAGCTTTCTTTGGACAA"	"CASSEYGSEAFF"	"TCRBV1-2*1"	"TCRBD2-1"	"TCRBJ1-1*1"	61	62	65	67	1	2	NA	NA	"CTCACTCTGGAGTCCGCTACCCGCTCCCAGACATCTGTGTATTTCTGCGCCAGCAGTGAGTACGGTTCTGAAGCTTTCTTTGGACAA"	FALSE	TRUE	NA	NA	NA	NA
"ATCCAGCCTGCAAAGCTTGAGGACTCGGCCGTGTATCTCTGTGCCAGCAGCTTAGATCGGTCCCCCAATGAGCAGTTCTTCGGGCCA"	"CASSLDRSPNEQFF"	"ATCCAGCCTGCAAAGCTTGAGGACTCGGCCGTGTATCTCTGTGCCAGCAGCTTAGATCGGTCCCCCAATGAGCAGTTCTTCGGGCCA"	"CASSLDRSPNEQFF"	"TCRBV11-2*1"	"TCRBD2-1"	"TCRBJ2-1*1"	56	57	60	65	1	5	NA	NA	"ATCCAGCCTGCAAAGCTTGAGGACTCGGCCGTGTATCTCTGTGCCAGCAGCTTAGATCGGTCCCCCAATGAGCAGTTCTTCGGGCCA"	FALSE	TRUE	NA	NA	NA	NA
"TCCCTGGAGCTTGGTGACTCTGCTGTGTATTTCTGTGCCAGCAGCCAGCCCTTAGCGGGGGGCACAGATACGCAGTATTTTGGCCCA"	"CASSQPLAGGTDTQYF"	"TCCCTGGAGCTTGGTGACTCTGCTGTGTATTTCTGTGCCAGCAGCCAGCCCTTAGCGGGGGGCACAGATACGCAGTATTTTGGCCCA"	"CASSQPLAGGTDTQYF"	"TCRBV3-1/3-2*1"	"TCRBD2-1*1"	"TCRBJ2-3*1"	47	52	-1	61	5	62	NA	NA	"TCCCTGGAGCTTGGTGACTCTGCTGTGTATTTCTGTGCCAGCAGCCAGCCCTTAGCGGGGGGCACAGATACGCAGTATTTTGGCCCA"	FALSE	TRUE	NA	NA	NA	NA
"CACACCCTGCAGCCAGAAGACTCGGCCCTGTATCTCTGTGCCAGCAGCCAAGAGGGGGACGCAGGCTACGAGCAGTACTTCGGGCCG"	"CASSQEGDAGYEQYF"	"CACACCCTGCAGCCAGAAGACTCGGCCCTGTATCTCTGTGCCAGCAGCCAAGAGGGGGACGCAGGCTACGAGCAGTACTTCGGGCCG"	"CASSQEGDAGYEQYF"	"TCRBV4-2*1"	NA	"TCRBJ2-7*1"	53	55	60	65	2	5	NA	NA	"CACACCCTGCAGCCAGAAGACTCGGCCCTGTATCTCTGTGCCAGCAGCCAAGAGGGGGACGCAGGCTACGAGCAGTACTTCGGGCCG"	FALSE	TRUE	NA	NA	NA	NA
"ACCAGTGCCCATCCTGAAGACAGCAGCTTCTACATCTGCAGTGCTATGAGTTCAGCTAGCTCCTACAATGAGCAGTTCTTCGGGCCA"	"CSAMSSASSYNEQFF"	"ACCAGTGCCCATCCTGAAGACAGCAGCTTCTACATCTGCAGTGCTATGAGTTCAGCTAGCTCCTACAATGAGCAGTTCTTCGGGCCA"	"CSAMSSASSYNEQFF"	NA	"TCRBD2-1"	"TCRBJ2-1*1"	46	55	-1	59	9	60	NA	NA	"ACCAGTGCCCATCCTGAAGACAGCAGCTTCTACATCTGCAGTGCTATGAGTTCAGCTAGCTCCTACAATGAGCAGTTCTTCGGGCCA"	FALSE	TRUE	NA	NA	NA	NA
"CTGGAGCTTGGTGACTCTGCTGTGTATTTCTGTGCCAGCAGCCAGTCGACTAGCGGGATTGGAACCTACGAGCAGTACTTCGGGCCG"	"CASSQSTSGIGTYEQYF"	"CTGGAGCTTGGTGACTCTGCTGTGTATTTCTGTGCCAGCAGCCAGTCGACTAGCGGGATTGGAACCTACGAGCAGTACTTCGGGCCG"	"CASSQSTSGIGTYEQYF"	"TCRBV3-1/3-2*1"	"TCRBD2-1*2"	"TCRBJ2-7*1"	44	47	58	64	3	6	NA	NA	"CTGGAGCTTGGTGACTCTGCTGTGTATTTCTGTGCCAGCAGCCAGTCGACTAGCGGGATTGGAACCTACGAGCAGTACTTCGGGCCG"	FALSE	TRUE	NA	NA	NA	NA
"CAGCGCACAGAGCGGGGGGACTCAGCCGTGTATCTCTGTGCCAGCAGCACCCGGACTAGCGGGAACTACGAGCAGTACTTCGGGCCG"	"CASSTRTSGNYEQYF"	"CAGCGCACAGAGCGGGGGGACTCAGCCGTGTATCTCTGTGCCAGCAGCACCCGGACTAGCGGGAACTACGAGCAGTACTTCGGGCCG"	"CASSTRTSGNYEQYF"	"TCRBV7-3*1"	"TCRBD2-1*2"	"TCRBJ2-7*1"	48	52	64	65	4	1	NA	NA	"CAGCGCACAGAGCGGGGGGACTCAGCCGTGTATCTCTGTGCCAGCAGCACCCGGACTAGCGGGAACTACGAGCAGTACTTCGGGCCG"	FALSE	TRUE	NA	NA	NA	NA
"TTGTTGCTGGGGGACTCGGCCCTGTATCTCTGTGCCAGCAGCTTGATCCTAGCGGGGGGAATAAACTACGAGCAGTACTTCGGGCCG"	"CASSLILAGGINYEQYF"	"TTGTTGCTGGGGGACTCGGCCCTGTATCTCTGTGCCAGCAGCTTGATCCTAGCGGGGGGAATAAACTACGAGCAGTACTTCGGGCCG"	"CASSLILAGGINYEQYF"	"TCRBV5-5*1"	"TCRBD2-1*1"	"TCRBJ2-7*1"	45	48	59	65	3	6	NA	NA	"TTGTTGCTGGGGGACTCGGCCCTGTATCTCTGTGCCAGCAGCTTGATCCTAGCGGGGGGAATAAACTACGAGCAGTACTTCGGGCCG"	FALSE	TRUE	NA	NA	NA	NA
"CCTCAGAACCGGGAGACACGGCACTGTATCTCTGCGCCAGCCCTTCCCAGGGGGCGCAGGATGGACACTGAAGCTTTCTTTGGACAA"	""	"CCTCAGAACCGGGAGACACGGCACTGTATCTCTGCGCCAGCCCTTCCCAGGGGGCGCAGGATGGACACTGAAGCTTTCTTTGGACAA"	""	"TCRBV23-1*1"	"TCRBD1-1*1"	"TCRBJ1-1*1"	41	47	55	64	6	9	NA	NA	"CCTCAGAACCGGGAGACACGGCACTGTATCTCTGCGCCAGCCCTTCCCAGGGGGCGCAGGATGGACACTGAAGCTTTCTTTGGACAA"	FALSE	FALSE	NA	NA	NA	NA
"CACCTACACGCCCTGCAGCCAGAAGACTCAGCCCTGTATCTCTGCGCCAGCAGCCAAGCTCGGACTAGCGAGCAGTTCTTCGGGCCA"	"CASSQARTSEQFF"	"CACCTACACGCCCTGCAGCCAGAAGACTCAGCCCTGTATCTCTGCGCCAGCAGCCAAGCTCGGACTAGCGAGCAGTTCTTCGGGCCA"	"CASSQARTSEQFF"	"TCRBV4-1*1"	"TCRBD2-1"	"TCRBJ2-1*1"	58	61	-1	69	3	70	NA	NA	"CACCTACACGCCCTGCAGCCAGAAGACTCAGCCCTGTATCTCTGCGCCAGCAGCCAAGCTCGGACTAGCGAGCAGTTCTTCGGGCCA"	FALSE	TRUE	NA	NA	NA	NA
"TCTGCCATCCCCAACCAGACAGCTCTTTACTTCTGTGCCACCAGTGATTCTAATAGCGGGAGTGGCTACGAGCAGTACTTCGGGCCG"	"CATSDSNSGSGYEQYF"	"TCTGCCATCCCCAACCAGACAGCTCTTTACTTCTGTGCCACCAGTGATTCTAATAGCGGGAGTGGCTACGAGCAGTACTTCGGGCCG"	"CATSDSNSGSGYEQYF"	"TCRBV24-1*1"	"TCRBD2-1*2"	"TCRBJ2-7*1"	49	53	62	65	4	3	NA	NA	"TCTGCCATCCCCAACCAGACAGCTCTTTACTTCTGTGCCACCAGTGATTCTAATAGCGGGAGTGGCTACGAGCAGTACTTCGGGCCG"	FALSE	TRUE	NA	NA	NA	NA
"AAGATCCAGCCTGCAGAGCTTGGGGACTCGGCCGTGTATCTCTGTGCCAGCAGCTTTAGGGCCCTCAATGAGCAGTTCTTCGGGCCA"	"CASSFRALNEQFF"	"AAGATCCAGCCTGCAGAGCTTGGGGACTCGGCCGTGTATCTCTGTGCCAGCAGCTTTAGGGCCCTCAATGAGCAGTTCTTCGGGCCA"	"CASSFRALNEQFF"	"TCRBV11-3*1"	NA	"TCRBJ2-1*1"	56	57	61	65	1	4	NA	NA	"AAGATCCAGCCTGCAGAGCTTGGGGACTCGGCCGTGTATCTCTGTGCCAGCAGCTTTAGGGCCCTCAATGAGCAGTTCTTCGGGCCA"	FALSE	TRUE	NA	NA	NA	NA
"TCCGCCAGCACCAACCAGACATCTATGTACCTCTGTGCCAGCACGTGGGGACCACTTGGGTACACAGATACGCAGTATTTTGGCCCA"	"CASTWGPLGYTDTQYF"	"TCCGCCAGCACCAACCAGACATCTATGTACCTCTGTGCCAGCACGTGGGGACCACTTGGGTACACAGATACGCAGTATTTTGGCCCA"	"CASTWGPLGYTDTQYF"	"TCRBV28-1*1"	NA	"TCRBJ2-3*1"	43	47	52	62	4	10	NA	NA	"TCCGCCAGCACCAACCAGACATCTATGTACCTCTGTGCCAGCACGTGGGGACCACTTGGGTACACAGATACGCAGTATTTTGGCCCA"	FALSE	TRUE	NA	NA	NA	NA
"ACTCTGGAGTCAGCTACCCGCTCCCAGACATCTGTGTATTTCTGCGCCAGCACGGCCAGGGTTCAAGAGACCCAGTACTTCGGGCCA"	"CASTARVQETQYF"	"ACTCTGGAGTCAGCTACCCGCTCCCAGACATCTGTGTATTTCTGCGCCAGCACGGCCAGGGTTCAAGAGACCCAGTACTTCGGGCCA"	"CASTARVQETQYF"	"TCRBV1-2*1"	"TCRBD1-1*1"	"TCRBJ2-5*1"	52	56	61	63	4	2	NA	NA	"ACTCTGGAGTCAGCTACCCGCTCCCAGACATCTGTGTATTTCTGCGCCAGCACGGCCAGGGTTCAAGAGACCCAGTACTTCGGGCCA"	FALSE	TRUE	NA	NA	NA	NA
"ATCCAGCGCACACAGCAGGAGGACTCGGCCGTGTATCTCTGTGCCAGCAGCTTAGACCCAGGGAATACTGAAGCTTTCTTTGGACAA"	"CASSLDPGNTEAFF"	"ATCCAGCGCACACAGCAGGAGGACTCGGCCGTGTATCTCTGTGCCAGCAGCTTAGACCCAGGGAATACTGAAGCTTTCTTTGGACAA"	"CASSLDPGNTEAFF"	"TCRBV7-2"	"TCRBD1-1*1"	"TCRBJ1-1*1"	55	58	63	66	3	3	NA	NA	"ATCCAGCGCACACAGCAGGAGGACTCGGCCGTGTATCTCTGTGCCAGCAGCTTAGACCCAGGGAATACTGAAGCTTTCTTTGGACAA"	FALSE	TRUE	NA	NA	NA	NA
"CACGCCCTGCAGCCAGAAGACTCAGCCCTGTATCTCTGCGCCAGCAGCCCCTCGACGGGAACTAATGAAAAACTGTTTTTTGGCAGT"	"CASSPSTGTNEKLFF"	"CACGCCCTGCAGCCAGAAGACTCAGCCCTGTATCTCTGCGCCAGCAGCCCCTCGACGGGAACTAATGAAAAACTGTTTTTTGGCAGT"	"CASSPSTGTNEKLFF"	"TCRBV4-1*1"	"TCRBD2-1"	"TCRBJ1-4*1"	49	55	-1	59	6	60	NA	NA	"CACGCCCTGCAGCCAGAAGACTCAGCCCTGTATCTCTGCGCCAGCAGCCCCTCGACGGGAACTAATGAAAAACTGTTTTTTGGCAGT"	FALSE	TRUE	NA	NA	NA	NA
"AGTCTGCTGCCTCCTCCCAGACATCTGTATATTTCTGCGCCAGCAGTGAGTAAGCGGGAGGGGAGAAACATTCAGTACTTCGGCGCC"	""	"AGTCTGCTGCCTCCTCCCAGACATCTGTATATTTCTGCGCCAGCAGTGAGTAAGCGGGAGGGGAGAAACATTCAGTACTTCGGCGCC"	""	"TCRBV1-1"	"TCRBD2-1*2"	"TCRBJ2-4*1"	51	52	62	65	1	3	NA	NA	"AGTCTGCTGCCTCCTCCCAGACATCTGTATATTTCTGCGCCAGCAGTGAGTAAGCGGGAGGGGAGAAACATTCAGTACTTCGGCGCC"	FALSE	FALSE	NA	NA	NA	NA
"AAGATCCAGCGCACACAGCAGGAGGACTCGGCCGTGTATCTCTGTGCCAGCTTCCGAGCGGTCGACAATGAGCAGTTCTTCGGGCCA"	"CASFRAVDNEQFF"	"AAGATCCAGCGCACACAGCAGGAGGACTCGGCCGTGTATCTCTGTGCCAGCTTCCGAGCGGTCGACAATGAGCAGTTCTTCGGGCCA"	"CASFRAVDNEQFF"	"TCRBV7-8*3"	NA	"TCRBJ2-1*1"	-1	59	61	64	60	3	NA	NA	"AAGATCCAGCGCACACAGCAGGAGGACTCGGCCGTGTATCTCTGTGCCAGCTTCCGAGCGGTCGACAATGAGCAGTTCTTCGGGCCA"	FALSE	TRUE	NA	NA	NA	NA
"ATTCTGGAGTCCGCCAGCACCAACCAGACATCTATGTACCTCTGTGCCAGCAGTTTATATGGGTCTGTAGTAGCTTTCTTTGGACAA"	"CASSLYGSVVAFF"	"ATTCTGGAGTCCGCCAGCACCAACCAGACATCTATGTACCTCTGTGCCAGCAGTTTATATGGGTCTGTAGTAGCTTTCTTTGGACAA"	"CASSLYGSVVAFF"	"TCRBV28-1*1"	NA	"TCRBJ1-1*1"	58	60	63	71	2	8	NA	NA	"ATTCTGGAGTCCGCCAGCACCAACCAGACATCTATGTACCTCTGTGCCAGCAGTTTATATGGGTCTGTAGTAGCTTTCTTTGGACAA"	FALSE	TRUE	NA	NA	NA	NA
"TTGGCGTCTGCTGTACCCTCTCAGACATCTGTGTACTTCTGTGCCAGCAGTGGAGCGGGAGGTGGCAATGAGCAGTTCTTCGGGCCA"	"CASSGAGGGNEQFF"	"TTGGCGTCTGCTGTACCCTCTCAGACATCTGTGTACTTCTGTGCCAGCAGTGGAGCGGGAGGTGGCAATGAGCAGTTCTTCGGGCCA"	"CASSGAGGGNEQFF"	"TCRBV6-4*1"	"TCRBD2-1*2"	"TCRBJ2-1*1"	52	53	62	65	1	3	NA	NA	"TTGGCGTCTGCTGTACCCTCTCAGACATCTGTGTACTTCTGTGCCAGCAGTGGAGCGGGAGGTGGCAATGAGCAGTTCTTCGGGCCA"	FALSE	TRUE	NA	NA	NA	NA
"TGGAGCTTGGTGACTCTGCTGTGTATTTCTGTGCCAGCAGCCAAAATTATCGAGAGCGGGGGGTACAATGAGCAGTTCTTCGGGCCA"	""	"TGGAGCTTGGTGACTCTGCTGTGTATTTCTGTGCCAGCAGCCAAAATTATCGAGAGCGGGGGGTACAATGAGCAGTTCTTCGGGCCA"	""	"TCRBV3-1/3-2*1"	"TCRBD2-1*1"	"TCRBJ2-1*1"	44	54	-1	63	10	64	NA	NA	"TGGAGCTTGGTGACTCTGCTGTGTATTTCTGTGCCAGCAGCCAAAATTATCGAGAGCGGGGGGTACAATGAGCAGTTCTTCGGGCCA"	FALSE	FALSE	NA	NA	NA	NA
"CTGGAGTTGGCTGCTCCCTCCCAGACATCTGTGTACTTCTGTGCCAGCAGTTATAGGGGTGGTAACACTGAAGCTTTCTTTGGACAA"	"CASSYRGGNTEAFF"	"CTGGAGTTGGCTGCTCCCTCCCAGACATCTGTGTACTTCTGTGCCAGCAGTTATAGGGGTGGTAACACTGAAGCTTTCTTTGGACAA"	"CASSYRGGNTEAFF"	"TCRBV6-6*1"	"TCRBD1-1*1"	"TCRBJ1-1*1"	53	54	59	63	1	4	NA	NA	"CTGGAGTTGGCTGCTCCCTCCCAGACATCTGTGTACTTCTGTGCCAGCAGTTATAGGGGTGGTAACACTGAAGCTTTCTTTGGACAA"	FALSE	TRUE	NA	NA	NA	NA
"CCTGAAGACAGCAGCATATATCTCTGCAGCGTCCCACTTGGGGCAGCGGGAGAATGGGTTGAGTACAATGAGCAGTTCTTCGGGCCA"	"CSVPLGAAGEWVEYNEQFF"	"CCTGAAGACAGCAGCATATATCTCTGCAGCGTCCCACTTGGGGCAGCGGGAGAATGGGTTGAGTACAATGAGCAGTTCTTCGGGCCA"	"CSVPLGAAGEWVEYNEQFF"	"TCRBV29-1"	"TCRBD2-1*2"	"TCRBJ2-1*1"	32	44	52	63	12	11	NA	NA	"CCTGAAGACAGCAGCATATATCTCTGCAGCGTCCCACTTGGGGCAGCGGGAGAATGGGTTGAGTACAATGAGCAGTTCTTCGGGCCA"	FALSE	TRUE	NA	NA	NA	NA
"GCTGCTCCCTCCCAGACATCTGTGTACTTCTGTGCCAGCAGTGAACGTGGGGGCGGGAGTTTTTACAATGAGCAGTTCTTCGGGCCA"	"CASSERGGGSFYNEQFF"	"GCTGCTCCCTCCCAGACATCTGTGTACTTCTGTGCCAGCAGTGAACGTGGGGGCGGGAGTTTTTACAATGAGCAGTTCTTCGGGCCA"	"CASSERGGGSFYNEQFF"	"TCRBV6-1*1"	"TCRBD2-1*2"	"TCRBJ2-1*1"	45	52	59	63	7	4	NA	NA	"GCTGCTCCCTCCCAGACATCTGTGTACTTCTGTGCCAGCAGTGAACGTGGGGGCGGGAGTTTTTACAATGAGCAGTTCTTCGGGCCA"	FALSE	TRUE	NA	NA	NA	NA
"NNNNTGTCGGCTGCTCCCTCCCAGACATCTGTGTACTTCTGTGCCAGCAGTAGAGGGGGCCGTGGCACTGAAGCTTTCTTTGGACAA"	"CASSRGGRGTEAFF"	"NNNNTGTCGGCTGCTCCCTCCCAGACATCTGTGTACTTCTGTGCCAGCAGTAGAGGGGGCCGTGGCACTGAAGCTTTCTTTGGACAA"	"CASSRGGRGTEAFF"	"TCRBV6-5*1"	"TCRBD1-1*1"	"TCRBJ1-1*1"	51	53	60	65	2	5	NA	NA	"NNNNTGTCGGCTGCTCCCTCCCAGACATCTGTGTACTTCTGTGCCAGCAGTAGAGGGGGCCGTGGCACTGAAGCTTTCTTTGGACAA"	FALSE	TRUE	NA	NA	NA	NA
"CTGGAGTCGGCTGCTCCCTCCCAGACATCTGTGTACTTCTGTGCCAGCAGTTCGTGGGGGTCGAACACTGAAGCTTTCTTTGGACAA"	"CASSSWGSNTEAFF"	"CTGGAGTCGGCTGCTCCCTCCCAGACATCTGTGTACTTCTGTGCCAGCAGTTCGTGGGGGTCGAACACTGAAGCTTTCTTTGGACAA"	"CASSSWGSNTEAFF"	"TCRBV6-1*1"	NA	"TCRBJ1-1*1"	51	55	60	62	4	2	NA	NA	"CTGGAGTCGGCTGCTCCCTCCCAGACATCTGTGTACTTCTGTGCCAGCAGTTCGTGGGGGTCGAACACTGAAGCTTTCTTTGGACAA"	FALSE	TRUE	NA	NA	NA	NA
"GCCAGCACCAACCAGACATCTATGTACCTCTGTGCCAGCACCCCCGGGACAGGTGGAGTTTTTGGGAATGAGCAGTTCTTCGGGCCA"	"CASTPGTGGVFGNEQFF"	"GCCAGCACCAACCAGACATCTATGTACCTCTGTGCCAGCACCCCCGGGACAGGTGGAGTTTTTGGGAATGAGCAGTTCTTCGGGCCA"	"CASTPGTGGVFGNEQFF"	"TCRBV28-1*1"	"TCRBD1-1*1"	"TCRBJ2-1*1"	40	45	53	66	5	13	NA	NA	"GCCAGCACCAACCAGACATCTATGTACCTCTGTGCCAGCACCCCCGGGACAGGTGGAGTTTTTGGGAATGAGCAGTTCTTCGGGCCA"	FALSE	TRUE	NA	NA	NA	NA
"CTGGAGTCGCCCAGCCCCAACCAGACCTCTCTGTACTTCTGTGCCAGCAGGCCAAGGAGGGGGGACACTGAAGCTTTCTTTGGACAA"	"CASRPRRGDTEAFF"	"CTGGAGTCGCCCAGCCCCAACCAGACCTCTCTGTACTTCTGTGCCAGCAGGCCAAGGAGGGGGGACACTGAAGCTTTCTTTGGACAA"	"CASRPRRGDTEAFF"	"TCRBV27-1*1"	NA	"TCRBJ1-1*1"	50	57	63	64	7	1	NA	NA	"CTGGAGTCGCCCAGCCCCAACCAGACCTCTCTGTACTTCTGTGCCAGCAGGCCAAGGAGGGGGGACACTGAAGCTTTCTTTGGACAA"	FALSE	TRUE	NA	NA	NA	NA
"AAGAAGCTCCTTCTCAGTGACTCTGGCTTCTATCTCTGTGCCTGGAGTGCCCCCCGCAGGTCCCTACTAGAGCAGTACTTCGGGCCG"	"CAWSAPRRSLLEQYF"	"AAGAAGCTCCTTCTCAGTGACTCTGGCTTCTATCTCTGTGCCTGGAGTGCCCCCCGCAGGTCCCTACTAGAGCAGTACTTCGGGCCG"	"CAWSAPRRSLLEQYF"	"TCRBV3-1*1"	NA	"TCRBJ2-7*1"	49	56	60	69	7	9	NA	NA	"AAGAAGCTCCTTCTCAGTGACTCTGGCTTCTATCTCTGTGCCTGGAGTGCCCCCCGCAGGTCCCTACTAGAGCAGTACTTCGGGCCG"	FALSE	TRUE	NA	NA	NA	NA
"GCTGCTCCCTCCCAAACATCTGTGTACTTCTGTGCCAGCAGTTACTCGTTTTTCCCGGGAGATGTCTACGAGCAGTACTTCGGGCCG"	"CASSYSFFPGDVYEQYF"	"GCTGCTCCCTCCCAAACATCTGTGTACTTCTGTGCCAGCAGTTACTCGTTTTTCCCGGGAGATGTCTACGAGCAGTACTTCGGGCCG"	"CASSYSFFPGDVYEQYF"	"TCRBV6-2/6-3*1"	"TCRBD2-1*2"	"TCRBJ2-7*1"	47	55	61	65	8	4	NA	NA	"GCTGCTCCCTCCCAAACATCTGTGTACTTCTGTGCCAGCAGTTACTCGTTTTTCCCGGGAGATGTCTACGAGCAGTACTTCGGGCCG"	FALSE	TRUE	NA	NA	NA	NA
"CAGCGCACAGAGCGGGGGGACTCAGCCGTGTATCTCTGTGCCAGCAGCTTATCAGCGGGAGGGGGTGATGAGCAGTTCTTCGGGCCA"	"CASSLSAGGGDEQFF"	"CAGCGCACAGAGCGGGGGGACTCAGCCGTGTATCTCTGTGCCAGCAGCTTATCAGCGGGAGGGGGTGATGAGCAGTTCTTCGGGCCA"	"CASSLSAGGGDEQFF"	"TCRBV7-3*1"	"TCRBD2-1*2"	"TCRBJ2-1*1"	51	53	63	67	2	4	NA	NA	"CAGCGCACAGAGCGGGGGGACTCAGCCGTGTATCTCTGTGCCAGCAGCTTATCAGCGGGAGGGGGTGATGAGCAGTTCTTCGGGCCA"	FALSE	TRUE	NA	NA	NA	NA
"CAGCGCACAGAGCAGGAGGACTCGGCCGTGTATCTCTGTGCCAGCAGCAATAGCGGGCCTTTCACAGATACGCAGTATTTTGGCCCA"	"CASSNSGPFTDTQYF"	"CAGCGCACAGAGCAGGAGGACTCGGCCGTGTATCTCTGTGCCAGCAGCAATAGCGGGCCTTTCACAGATACGCAGTATTTTGGCCCA"	"CASSNSGPFTDTQYF"	"TCRBV7-2"	"TCRBD2-1"	"TCRBJ2-3*1"	48	50	57	62	2	5	NA	NA	"CAGCGCACAGAGCAGGAGGACTCGGCCGTGTATCTCTGTGCCAGCAGCAATAGCGGGCCTTTCACAGATACGCAGTATTTTGGCCCA"	FALSE	TRUE	NA	NA	NA	NA
"CTGGAGTCCGCCAGCACCAACCAGACATCTATGTACCTCTGTGCCAGCAGCGAAGGGGGCTTTCAGGTTGGCTACACCTTCGGTTCG"	"CASSEGGFQVGYTF"	"CTGGAGTCCGCCAGCACCAACCAGACATCTATGTACCTCTGTGCCAGCAGCGAAGGGGGCTTTCAGGTTGGCTACACCTTCGGTTCG"	"CASSEGGFQVGYTF"	"TCRBV28-1*1"	"TCRBD1-1*1"	"TCRBJ1-2*1"	50	53	60	68	3	8	NA	NA	"CTGGAGTCCGCCAGCACCAACCAGACATCTATGTACCTCTGTGCCAGCAGCGAAGGGGGCTTTCAGGTTGGCTACACCTTCGGTTCG"	FALSE	TRUE	NA	NA	NA	NA
"CTGAAGATCCGGTCCACAAAGCTGGAGGACTCAGCCATGTACTTCTGTGCCAGCAGGGGGGGAGGCTCCGAGCAGTACTTCGGGCCG"	"CASRGGGSEQYF"	"CTGAAGATCCGGTCCACAAAGCTGGAGGACTCAGCCATGTACTTCTGTGCCAGCAGGGGGGGAGGCTCCGAGCAGTACTTCGGGCCG"	"CASRGGGSEQYF"	"TCRBV2-1"	"TCRBD2-1"	"TCRBJ2-7*1"	-1	56	62	68	57	6	NA	NA	"CTGAAGATCCGGTCCACAAAGCTGGAGGACTCAGCCATGTACTTCTGTGCCAGCAGGGGGGGAGGCTCCGAGCAGTACTTCGGGCCG"	FALSE	TRUE	NA	NA	NA	NA
"CACATCAATTCCCTGGAGCTTGGTGACTCTGCTGTGTATTTCTGTGCCAGCAGCCAAGCAGGGGCTGATGAAGCTTTCTTTGGACAA"	"CASSQAGADEAFF"	"CACATCAATTCCCTGGAGCTTGGTGACTCTGCTGTGTATTTCTGTGCCAGCAGCCAAGCAGGGGCTGATGAAGCTTTCTTTGGACAA"	"CASSQAGADEAFF"	"TCRBV3-1/3-2*1"	"TCRBD1-1*1"	"TCRBJ1-1*1"	-1	58	64	68	59	4	NA	NA	"CACATCAATTCCCTGGAGCTTGGTGACTCTGCTGTGTATTTCTGTGCCAGCAGCCAAGCAGGGGCTGATGAAGCTTTCTTTGGACAA"	FALSE	TRUE	NA	NA	NA	NA
"GCACAGAGCAGGAGGACTCGGCCGTGTATCTCTGTGCCAGCAGCTTAACCCGTGGTGGACAGGGCAGAGACCCAGTACTTCGGGCCA"	""	"GCACAGAGCAGGAGGACTCGGCCGTGTATCTCTGTGCCAGCAGCTTAACCCGTGGTGGACAGGGCAGAGACCCAGTACTTCGGGCCA"	""	"TCRBV7-2"	"TCRBD1-1*1"	"TCRBJ2-5*1"	47	56	64	65	9	1	NA	NA	"GCACAGAGCAGGAGGACTCGGCCGTGTATCTCTGTGCCAGCAGCTTAACCCGTGGTGGACAGGGCAGAGACCCAGTACTTCGGGCCA"	FALSE	FALSE	NA	NA	NA	NA
"AGCCGTGTATCTCTGTGCCAGCAGCTTATTGACGGACCGGCGGGACTAGCGGGCGCCGACTCCTACAATGAGCAGTTCTTCGGGCCA"	""	"AGCCGTGTATCTCTGTGCCAGCAGCTTATTGACGGACCGGCGGGACTAGCGGGCGCCGACTCCTACAATGAGCAGTTCTTCGGGCCA"	""	"TCRBV7-3*1"	"TCRBD2-1"	"TCRBJ2-1*1"	28	41	53	59	13	6	NA	NA	"AGCCGTGTATCTCTGTGCCAGCAGCTTATTGACGGACCGGCGGGACTAGCGGGCGCCGACTCCTACAATGAGCAGTTCTTCGGGCCA"	FALSE	FALSE	NA	NA	NA	NA
"CGCACAGAGCAGGGGGACTCGGCCATGTATCTCTGTGCCAGCAGCCCGACTTCGTCACAGGGGGGCGAAAAACTGTTTTTTGGCAGT"	"CASSPTSSQGGEKLFF"	"CGCACAGAGCAGGGGGACTCGGCCATGTATCTCTGTGCCAGCAGCCCGACTTCGTCACAGGGGGGCGAAAAACTGTTTTTTGGCAGT"	"CASSPTSSQGGEKLFF"	"TCRBV7-9*1"	"TCRBD1-1*1"	"TCRBJ1-4*1"	45	56	64	66	11	2	NA	NA	"CGCACAGAGCAGGGGGACTCGGCCATGTATCTCTGTGCCAGCAGCCCGACTTCGTCACAGGGGGGCGAAAAACTGTTTTTTGGCAGT"	FALSE	TRUE	NA	NA	NA	NA
"GAACGCCTTGGAGCTGGACGACTCGGCCCTGTATCTCTGTGCCAGCAGCTTGGGACAGGGGCGAGTCAGCCCCAGCATTTTGGTGAT"	""	"GAACGCCTTGGAGCTGGACGACTCGGCCCTGTATCTCTGTGCCAGCAGCTTGGGACAGGGGCGAGTCAGCCCCAGCATTTTGGTGAT"	""	"TCRBV5-4*1"	"TCRBD1-1*1"	"TCRBJ1-5*1"	-1	53	61	65	54	4	NA	NA	"GAACGCCTTGGAGCTGGACGACTCGGCCCTGTATCTCTGTGCCAGCAGCTTGGGACAGGGGCGAGTCAGCCCCAGCATTTTGGTGAT"	FALSE	FALSE	NA	NA	NA	NA
"ATCCAGCGCACAGAGCAGGGGGACTCGGCCATGTATCTCTGTGCCAGCAGCTTGGGTCTAGTCGGAGATACGCAGTATTTTGGCCCA"	"CASSLGLVGDTQYF"	"ATCCAGCGCACAGAGCAGGGGGACTCGGCCATGTATCTCTGTGCCAGCAGCTTGGGTCTAGTCGGAGATACGCAGTATTTTGGCCCA"	"CASSLGLVGDTQYF"	"TCRBV7-9*1"	"TCRBD2-1"	"TCRBJ2-3*1"	53	57	61	65	4	4	NA	NA	"ATCCAGCGCACAGAGCAGGGGGACTCGGCCATGTATCTCTGTGCCAGCAGCTTGGGTCTAGTCGGAGATACGCAGTATTTTGGCCCA"	FALSE	TRUE	NA	NA	NA	NA
"ACAGAGCGGGGGGACTCAGCCGTGTATCTCTGTGCCAGCAGCTTAACGGGGGGTCCGACCGACCAAGAGACCCAGTACTTCGGGCCA"	"CASSLTGGPTDQETQYF"	"ACAGAGCGGGGGGACTCAGCCGTGTATCTCTGTGCCAGCAGCTTAACGGGGGGTCCGACCGACCAAGAGACCCAGTACTTCGGGCCA"	"CASSLTGGPTDQETQYF"	"TCRBV7-3*1"	"TCRBD2-1*1"	"TCRBJ2-5*1"	-1	47	53	61	48	8	NA	NA	"ACAGAGCGGGGGGACTCAGCCGTGTATCTCTGTGCCAGCAGCTTAACGGGGGGTCCGACCGACCAAGAGACCCAGTACTTCGGGCCA"	FALSE	TRUE	NA	NA	NA	NA
"GTGACATCGGCCCAAAAGAACCCGACAGCTTTCTATCTCTGTGCCAGTAGGACAGGGTCTAGCACAGATACGCAGTATTTTGGCCCA"	"CASRTGSSTDTQYF"	"GTGACATCGGCCCAAAAGAACCCGACAGCTTTCTATCTCTGTGCCAGTAGGACAGGGTCTAGCACAGATACGCAGTATTTTGGCCCA"	"CASRTGSSTDTQYF"	"TCRBV19-1*1"	"TCRBD1-1*1"	"TCRBJ2-3*1"	-1	50	57	60	51	3	NA	NA	"GTGACATCGGCCCAAAAGAACCCGACAGCTTTCTATCTCTGTGCCAGTAGGACAGGGTCTAGCACAGATACGCAGTATTTTGGCCCA"	FALSE	TRUE	NA	NA	NA	NA
"AATGTGAACGCCTTGGAGCTGGACGACTCGGCCCTGTATCTCTGTGCCAGCAGCTTGGATGGATTCTATGGCTACACCTTCGGTTCG"	"CASSLDGFYGYTF"	"AATGTGAACGCCTTGGAGCTGGACGACTCGGCCCTGTATCTCTGTGCCAGCAGCTTGGATGGATTCTATGGCTACACCTTCGGTTCG"	"CASSLDGFYGYTF"	"TCRBV5-4*1"	NA	"TCRBJ1-2*1"	58	60	63	65	2	2	NA	NA	"AATGTGAACGCCTTGGAGCTGGACGACTCGGCCCTGTATCTCTGTGCCAGCAGCTTGGATGGATTCTATGGCTACACCTTCGGTTCG"	FALSE	TRUE	NA	NA	NA	NA
"NNNNTGTCGGCTGCTCCCTCCCAGACATCTGTGTACTTCTGTGCCAGCATATCGACACCCGCCCCAGATACGCAGTATTTTGGCCCA"	"CASISTPAPDTQYF"	"NNNNTGTCGGCTGCTCCCTCCCAGACATCTGTGTACTTCTGTGCCAGCATATCGACACCCGCCCCAGATACGCAGTATTTTGGCCCA"	"CASISTPAPDTQYF"	"TCRBV6-5*1"	"TCRBD1-1*1"	"TCRBJ2-3*1"	49	53	57	64	4	7	NA	NA	"NNNNTGTCGGCTGCTCCCTCCCAGACATCTGTGTACTTCTGTGCCAGCATATCGACACCCGCCCCAGATACGCAGTATTTTGGCCCA"	FALSE	TRUE	NA	NA	NA	NA
"CAGTCCACGGAGTCAGGGGACACAGCACTGTATTTCTGTGCCAGCAGCAATCCTAGTGTTGATAGCCTGTCTCCTAACTTCGGGCCG"	"CASSNPSVDSLSPNF"	"CAGTCCACGGAGTCAGGGGACACAGCACTGTATTTCTGTGCCAGCAGCAATCCTAGTGTTGATAGCCTGTCTCCTAACTTCGGGCCG"	"CASSNPSVDSLSPNF"	"TCRBV21-1*1"	"TCRBD2-1"	"TCRBJ2-7*1"	50	52	56	76	2	20	NA	NA	"CAGTCCACGGAGTCAGGGGACACAGCACTGTATTTCTGTGCCAGCAGCAATCCTAGTGTTGATAGCCTGTCTCCTAACTTCGGGCCG"	FALSE	TRUE	NA	NA	NA	NA
"CTGACAGTGACCAGTGCCCATCCTGAAGACAGCAGCTTCTACATCTGCAGTGCTAGGCAGGGGGTCGGCGAGCAGTACTTCGGGCCG"	"CSARQGVGEQYF"	"CTGACAGTGACCAGTGCCCATCCTGAAGACAGCAGCTTCTACATCTGCAGTGCTAGGCAGGGGGTCGGCGAGCAGTACTTCGGGCCG"	"CSARQGVGEQYF"	NA	"TCRBD1-1*1"	"TCRBJ2-7*1"	56	57	64	68	1	4	NA	NA	"CTGACAGTGACCAGTGCCCATCCTGAAGACAGCAGCTTCTACATCTGCAGTGCTAGGCAGGGGGTCGGCGAGCAGTACTTCGGGCCG"	FALSE	TRUE	NA	NA	NA	NA
"GATCCTGGAGTCGCCCAGCCCCAACCAGACCTCTCTGTACTTCTGTGCCAGCAGTTTGAGGCCGCCTCCGAGCAGTACTTCGGGCCG"	""	"GATCCTGGAGTCGCCCAGCCCCAACCAGACCTCTCTGTACTTCTGTGCCAGCAGTTTGAGGCCGCCTCCGAGCAGTACTTCGGGCCG"	""	"TCRBV27-1*1"	"TCRBD2-1*2"	"TCRBJ2-7*1"	-1	57	61	68	58	7	NA	NA	"GATCCTGGAGTCGCCCAGCCCCAACCAGACCTCTCTGTACTTCTGTGCCAGCAGTTTGAGGCCGCCTCCGAGCAGTACTTCGGGCCG"	FALSE	FALSE	NA	NA	NA	NA
"CAGCCCTCAGAACCCAGGGACTCAGCTGTGTACTTCTGTGCCAGCAGTTTAGTGGGACAGGTAGAGTTTGAGCAGTTCTTCGGGCCA"	"CASSLVGQVEFEQFF"	"CAGCCCTCAGAACCCAGGGACTCAGCTGTGTACTTCTGTGCCAGCAGTTTAGTGGGACAGGTAGAGTTTGAGCAGTTCTTCGGGCCA"	"CASSLVGQVEFEQFF"	NA	"TCRBD1-1*1"	"TCRBJ2-1*1"	52	53	61	68	1	7	NA	NA	"CAGCCCTCAGAACCCAGGGACTCAGCTGTGTACTTCTGTGCCAGCAGTTTAGTGGGACAGGTAGAGTTTGAGCAGTTCTTCGGGCCA"	FALSE	TRUE	NA	NA	NA	NA
"AAGCTCCTTCTCAGTGACTCTGGCTTCTATCTCTGTGCCTGGAGTGGATGACTAGCGGCCTTCTACAATGAGCAGTTCTTCGGGCCA"	"CAWSG*LAAFYNEQFF"	"AAGCTCCTTCTCAGTGACTCTGGCTTCTATCTCTGTGCCTGGAGTGGATGACTAGCGGCCTTCTACAATGAGCAGTTCTTCGGGCCA"	"CAWSG*LAAFYNEQFF"	"TCRBV3-1*1"	"TCRBD2-1"	"TCRBJ2-1*1"	46	49	58	62	3	4	NA	NA	"AAGCTCCTTCTCAGTGACTCTGGCTTCTATCTCTGTGCCTGGAGTGGATGACTAGCGGCCTTCTACAATGAGCAGTTCTTCGGGCCA"	FALSE	TRUE	NA	NA	NA	NA
"GAGTGCCTTGGAGCTGGGGGACTCGGCCCTGTATCTCTGTGCCAGATACCCGCTAAAGGGGGGGACTACGAGCAGTACTTCGGGCCG"	""	"GAGTGCCTTGGAGCTGGGGGACTCGGCCCTGTATCTCTGTGCCAGATACCCGCTAAAGGGGGGGACTACGAGCAGTACTTCGGGCCG"	""	"TCRBV5-3"	"TCRBD2-1*1"	"TCRBJ2-7*1"	46	57	64	65	11	1	NA	NA	"GAGTGCCTTGGAGCTGGGGGACTCGGCCCTGTATCTCTGTGCCAGATACCCGCTAAAGGGGGGGACTACGAGCAGTACTTCGGGCCG"	FALSE	FALSE	NA	NA	NA	NA
"ATCCAGCGCACAGAGCAGCGGGACTCGGCCATGTATCGCTGTGCCAGCAGCTTAGCGGGCCTCCAAGAGACCCAGTACTTCGGGCCA"	"CASSLAGLQETQYF"	"ATCCAGCGCACAGAGCAGCGGGACTCGGCCATGTATCGCTGTGCCAGCAGCTTAGCGGGCCTCCAAGAGACCCAGTACTTCGGGCCA"	"CASSLAGLQETQYF"	"TCRBV7-6*1"	"TCRBD1-1*1"	"TCRBJ2-5*1"	-1	56	60	62	57	2	NA	NA	"ATCCAGCGCACAGAGCAGCGGGACTCGGCCATGTATCGCTGTGCCAGCAGCTTAGCGGGCCTCCAAGAGACCCAGTACTTCGGGCCA"	FALSE	TRUE	NA	NA	NA	NA
"TGCTCCCTCCCAAACATCTGTGTACTTCTGTGCCAGTCCTCAGTCTTAATCGAGACTAGCGGTTACAATGAGCAGTTCTTCGGGCCA"	""	"TGCTCCCTCCCAAACATCTGTGTACTTCTGTGCCAGTCCTCAGTCTTAATCGAGACTAGCGGTTACAATGAGCAGTTCTTCGGGCCA"	""	NA	"TCRBD2-1"	"TCRBJ2-1*1"	36	53	62	63	17	1	NA	NA	"TGCTCCCTCCCAAACATCTGTGTACTTCTGTGCCAGTCCTCAGTCTTAATCGAGACTAGCGGTTACAATGAGCAGTTCTTCGGGCCA"	FALSE	FALSE	NA	NA	NA	NA
"CCAACCAGACATCTATGTACCTCTGTGCCAGCAGTTTAGGGCACCACCGGGACAGGGAAAGGGTACACTGAAGCTTTCTTTGGACAA"	""	"CCAACCAGACATCTATGTACCTCTGTGCCAGCAGTTTAGGGCACCACCGGGACAGGGAAAGGGTACACTGAAGCTTTCTTTGGACAA"	""	"TCRBV28-1*1"	"TCRBD1-1*1"	"TCRBJ1-1*1"	38	48	57	64	10	7	NA	NA	"CCAACCAGACATCTATGTACCTCTGTGCCAGCAGTTTAGGGCACCACCGGGACAGGGAAAGGGTACACTGAAGCTTTCTTTGGACAA"	FALSE	FALSE	NA	NA	NA	NA
"ATGAATGTGAGCACCTTGGAGCTGGGGGACTCGGCCCTTTATCTTTGCGCCAGCAGCGAACCTAGAGATACGCAGTATTTTGGCCCA"	"CASSEPRDTQYF"	"ATGAATGTGAGCACCTTGGAGCTGGGGGACTCGGCCCTTTATCTTTGCGCCAGCAGCGAACCTAGAGATACGCAGTATTTTGGCCCA"	"CASSEPRDTQYF"	"TCRBV5-1*1"	"TCRBD2-1"	"TCRBJ2-3*1"	57	61	-1	65	4	66	NA	NA	"ATGAATGTGAGCACCTTGGAGCTGGGGGACTCGGCCCTTTATCTTTGCGCCAGCAGCGAACCTAGAGATACGCAGTATTTTGGCCCA"	FALSE	TRUE	NA	NA	NA	NA
"CAGCGCACAGAGCGGGGGGACTCAGCCGTGTATCTCTGTGCCAGCAGTCCCAGCGGGAACTCCTACAATGAGCAGTTCTTCGGGCCA"	"CASSPSGNSYNEQFF"	"CAGCGCACAGAGCGGGGGGACTCAGCCGTGTATCTCTGTGCCAGCAGTCCCAGCGGGAACTCCTACAATGAGCAGTTCTTCGGGCCA"	"CASSPSGNSYNEQFF"	"TCRBV7-3*1"	"TCRBD2-1*2"	"TCRBJ2-1*1"	47	51	58	59	4	1	NA	NA	"CAGCGCACAGAGCGGGGGGACTCAGCCGTGTATCTCTGTGCCAGCAGTCCCAGCGGGAACTCCTACAATGAGCAGTTCTTCGGGCCA"	FALSE	TRUE	NA	NA	NA	NA
"TGTACCCTCTCAGACATCTGTGTACTTCTGTGCCAGCAGTGACTCGAGGTCTAGCGGGAGAATCACAATGAGCAGTTCTTCGGGCCA"	""	"TGTACCCTCTCAGACATCTGTGTACTTCTGTGCCAGCAGTGACTCGAGGTCTAGCGGGAGAATCACAATGAGCAGTTCTTCGGGCCA"	""	"TCRBV6-4*1"	"TCRBD2-1*2"	"TCRBJ2-1*1"	45	50	60	64	5	4	NA	NA	"TGTACCCTCTCAGACATCTGTGTACTTCTGTGCCAGCAGTGACTCGAGGTCTAGCGGGAGAATCACAATGAGCAGTTCTTCGGGCCA"	FALSE	FALSE	NA	NA	NA	NA
"ACGGAGTCAGGGGACACAGCACTGTATTTCTGTGCCACCTCTCAGGGGGGCGGGGAGTATGGCTCCCAGCCCCAGCATTTTGGTGAT"	"CATSQGGGEYGSQPQHF"	"ACGGAGTCAGGGGACACAGCACTGTATTTCTGTGCCACCTCTCAGGGGGGCGGGGAGTATGGCTCCCAGCCCCAGCATTTTGGTGAT"	"CATSQGGGEYGSQPQHF"	"TCRBV21-1*1"	"TCRBD1-1*1"	"TCRBJ1-5*1"	37	42	49	66	5	17	NA	NA	"ACGGAGTCAGGGGACACAGCACTGTATTTCTGTGCCACCTCTCAGGGGGGCGGGGAGTATGGCTCCCAGCCCCAGCATTTTGGTGAT"	FALSE	TRUE	NA	NA	NA	NA
"AACCGGGAGACACGGCACTGTATCTCTGCGCCAGCAGTCAAACGGGGATTCGACCAGTCGAACACCGGGGAGCTGTTTTTTGGAGAA"	""	"AACCGGGAGACACGGCACTGTATCTCTGCGCCAGCAGTCAAACGGGGATTCGACCAGTCGAACACCGGGGAGCTGTTTTTTGGAGAA"	""	"TCRBV23-1*1"	"TCRBD2-1*1"	"TCRBJ2-2*1"	41	42	47	58	1	11	NA	NA	"AACCGGGAGACACGGCACTGTATCTCTGCGCCAGCAGTCAAACGGGGATTCGACCAGTCGAACACCGGGGAGCTGTTTTTTGGAGAA"	FALSE	FALSE	NA	NA	NA	NA
"GTGACCAGTGCCCATCCTGAAGACAGCAGCTTCTACATCTGCAGTGCTAGAGTACTAGCGGACGCCTACGAGCAGTACTTCGGGCCG"	"CSARVLADAYEQYF"	"GTGACCAGTGCCCATCCTGAAGACAGCAGCTTCTACATCTGCAGTGCTAGAGTACTAGCGGACGCCTACGAGCAGTACTTCGGGCCG"	"CSARVLADAYEQYF"	NA	"TCRBD2-1"	"TCRBJ2-7*1"	52	53	61	64	1	3	NA	NA	"GTGACCAGTGCCCATCCTGAAGACAGCAGCTTCTACATCTGCAGTGCTAGAGTACTAGCGGACGCCTACGAGCAGTACTTCGGGCCG"	FALSE	TRUE	NA	NA	NA	NA
"ACAGTGACCAGTGCCCATCCTGAAGACAGCAGCTTCTACATCTGCAGTGCTAGCACTAGCGGCCCCTACGAGCAGTACTTCGGGCCG"	"CSASTSGPYEQYF"	"ACAGTGACCAGTGCCCATCCTGAAGACAGCAGCTTCTACATCTGCAGTGCTAGCACTAGCGGCCCCTACGAGCAGTACTTCGGGCCG"	"CSASTSGPYEQYF"	NA	"TCRBD2-1"	"TCRBJ2-7*1"	53	54	62	64	1	2	NA	NA	"ACAGTGACCAGTGCCCATCCTGAAGACAGCAGCTTCTACATCTGCAGTGCTAGCACTAGCGGCCCCTACGAGCAGTACTTCGGGCCG"	FALSE	TRUE	NA	NA	NA	NA
"NTGTCGGCTGCTCCCTCCCAGACATCTGTGTACTTCTGTGCCAGCAGTTTTACCGGGACAGGGAACTATGGCTACACCTTCGGTTCG"	"CASSFTGTGNYGYTF"	"NTGTCGGCTGCTCCCTCCCAGACATCTGTGTACTTCTGTGCCAGCAGTTTTACCGGGACAGGGAACTATGGCTACACCTTCGGTTCG"	"CASSFTGTGNYGYTF"	"TCRBV6-5*1"	"TCRBD1-1*1"	"TCRBJ1-2*1"	49	54	-1	63	5	64	NA	NA	"NTGTCGGCTGCTCCCTCCCAGACATCTGTGTACTTCTGTGCCAGCAGTTTTACCGGGACAGGGAACTATGGCTACACCTTCGGTTCG"	FALSE	TRUE	NA	NA	NA	NA
"ATCCTGGAGTCGCCCAGCCCCAACCAGACCTCTCTGTACTTCTGTGCCAGCAGTTTAGGTGGGGGCTATGAGCAGTTCTTCGGGCCA"	"CASSLGGGYEQFF"	"ATCCTGGAGTCGCCCAGCCCCAACCAGACCTCTCTGTACTTCTGTGCCAGCAGTTTAGGTGGGGGCTATGAGCAGTTCTTCGGGCCA"	"CASSLGGGYEQFF"	"TCRBV27-1*1"	"TCRBD1-1*1"	"TCRBJ2-1*1"	57	60	66	67	3	1	NA	NA	"ATCCTGGAGTCGCCCAGCCCCAACCAGACCTCTCTGTACTTCTGTGCCAGCAGTTTAGGTGGGGGCTATGAGCAGTTCTTCGGGCCA"	FALSE	TRUE	NA	NA	NA	NA
"AGTGCCCATCCTGAAGACAGCAGCTTCTACATCTGCAGTGCAAACGACCGGGGCTAGCGGGAAATTAATGAGCAGTTCTTCGGGCCA"	"CSANDRG*REINEQFF"	"AGTGCCCATCCTGAAGACAGCAGCTTCTACATCTGCAGTGCAAACGACCGGGGCTAGCGGGAAATTAATGAGCAGTTCTTCGGGCCA"	"CSANDRG*REINEQFF"	NA	"TCRBD2-1*2"	"TCRBJ2-1*1"	41	53	62	66	12	4	NA	NA	"AGTGCCCATCCTGAAGACAGCAGCTTCTACATCTGCAGTGCAAACGACCGGGGCTAGCGGGAAATTAATGAGCAGTTCTTCGGGCCA"	FALSE	TRUE	NA	NA	NA	NA
"ACTGTGACATCGGCCCAAAAGAACCCGACAGCTTTCTATCTCTGTGCCAGTAGCCTCAGGGGCAATCAGCCCCAGCATTTTGGTGAT"	"CASSLRGNQPQHF"	"ACTGTGACATCGGCCCAAAAGAACCCGACAGCTTTCTATCTCTGTGCCAGTAGCCTCAGGGGCAATCAGCCCCAGCATTTTGGTGAT"	"CASSLRGNQPQHF"	"TCRBV19-1*1"	"TCRBD1-1*1"	"TCRBJ1-5*1"	53	56	-1	61	3	62	NA	NA	"ACTGTGACATCGGCCCAAAAGAACCCGACAGCTTTCTATCTCTGTGCCAGTAGCCTCAGGGGCAATCAGCCCCAGCATTTTGGTGAT"	FALSE	TRUE	NA	NA	NA	NA
"TTGGAGCTGGGGGACTCGGCCCTTTATCTTTGCGCCAGCAGCTTGGCCACCCTCTCCCGAGATGACTACGAGCAGTACTTCGGGCCG"	"CASSLATLSRDDYEQYF"	"TTGGAGCTGGGGGACTCGGCCCTTTATCTTTGCGCCAGCAGCTTGGCCACCCTCTCCCGAGATGACTACGAGCAGTACTTCGGGCCG"	"CASSLATLSRDDYEQYF"	"TCRBV5-1*1"	"TCRBD2-1*2"	"TCRBJ2-7*1"	46	58	61	65	12	4	NA	NA	"TTGGAGCTGGGGGACTCGGCCCTTTATCTTTGCGCCAGCAGCTTGGCCACCCTCTCCCGAGATGACTACGAGCAGTACTTCGGGCCG"	FALSE	TRUE	NA	NA	NA	NA
"CTGAGTTCTAAGAAGCTCCTTCTCAGTGACTCTGGCTTCTATCTCTGTGCCTACAGCTCCTATAATTCACCCCTCCACTTTGGGAAT"	"CAYSSYNSPLHF"	"CTGAGTTCTAAGAAGCTCCTTCTCAGTGACTCTGGCTTCTATCTCTGTGCCTACAGCTCCTATAATTCACCCCTCCACTTTGGGAAT"	"CAYSSYNSPLHF"	"TCRBV3-1"	"TCRBD1-1*1"	"TCRBJ1-6*1"	-1	52	-1	56	53	57	NA	NA	"CTGAGTTCTAAGAAGCTCCTTCTCAGTGACTCTGGCTTCTATCTCTGTGCCTACAGCTCCTATAATTCACCCCTCCACTTTGGGAAT"	FALSE	TRUE	NA	NA	NA	NA
"GTGACCAGTGCCCATCCTGAAGACAGCAGCTTCTACATCTGCAGTGCTAGAGACGGCGGGAGCACCTACGAGCAGTACTTCGGGCCG"	"CSARDGGSTYEQYF"	"GTGACCAGTGCCCATCCTGAAGACAGCAGCTTCTACATCTGCAGTGCTAGAGACGGCGGGAGCACCTACGAGCAGTACTTCGGGCCG"	"CSARDGGSTYEQYF"	NA	"TCRBD2-1*2"	"TCRBJ2-7*1"	53	55	62	64	2	2	NA	NA	"GTGACCAGTGCCCATCCTGAAGACAGCAGCTTCTACATCTGCAGTGCTAGAGACGGCGGGAGCACCTACGAGCAGTACTTCGGGCCG"	FALSE	TRUE	NA	NA	NA	NA
"CCCAACCAGACCTCTCTGTACTTCTGTGCCAGCAGTTTCCGTCCACTAGCGGGAGCCCTAAAGGAAGAGACCCAGTACTTCGGGCCA"	"CASSFRPLAGALKEETQYF"	"CCCAACCAGACCTCTCTGTACTTCTGTGCCAGCAGTTTCCGTCCACTAGCGGGAGCCCTAAAGGAAGAGACCCAGTACTTCGGGCCA"	"CASSFRPLAGALKEETQYF"	"TCRBV27-1*1"	"TCRBD2-1*2"	"TCRBJ2-5*1"	38	44	55	64	6	9	NA	NA	"CCCAACCAGACCTCTCTGTACTTCTGTGCCAGCAGTTTCCGTCCACTAGCGGGAGCCCTAAAGGAAGAGACCCAGTACTTCGGGCCA"	FALSE	TRUE	NA	NA	NA	NA
"TGACATCGGCCCAAAAGAACCCGACAGCTTTCTATCTCTGTGCCAGTACCTAGACAGGGCCGGAATCAGCCCCAGCATTTTGGTGAT"	""	"TGACATCGGCCCAAAAGAACCCGACAGCTTTCTATCTCTGTGCCAGTACCTAGACAGGGCCGGAATCAGCCCCAGCATTTTGGTGAT"	""	"TCRBV19-1*1"	"TCRBD1-1*1"	"TCRBJ1-5*1"	48	52	59	63	4	4	NA	NA	"TGACATCGGCCCAAAAGAACCCGACAGCTTTCTATCTCTGTGCCAGTACCTAGACAGGGCCGGAATCAGCCCCAGCATTTTGGTGAT"	FALSE	FALSE	NA	NA	NA	NA
"ATTCCCTGGAGCTTGGTGACTCTGCTGTGTATTTCTGTGCCAGCAGCCCCCAGGGACTAGCCTCGCGATGAGCAGTTCTTCGGGCCA"	""	"ATTCCCTGGAGCTTGGTGACTCTGCTGTGTATTTCTGTGCCAGCAGCCCCCAGGGACTAGCCTCGCGATGAGCAGTTCTTCGGGCCA"	""	"TCRBV3-1/3-2*1"	"TCRBD2-1"	"TCRBJ2-1*1"	48	52	61	67	4	6	NA	NA	"ATTCCCTGGAGCTTGGTGACTCTGCTGTGTATTTCTGTGCCAGCAGCCCCCAGGGACTAGCCTCGCGATGAGCAGTTCTTCGGGCCA"	FALSE	FALSE	NA	NA	NA	NA
"CTGGAGTCTGCCAGGCCCTCACATACCTCTCAGTACCTCTGTGCCAGCAGTCCCGGGACAGGGTCCTACGAGCAGTACTTCGGGCCG"	"CASSPGTGSYEQYF"	"CTGGAGTCTGCCAGGCCCTCACATACCTCTCAGTACCTCTGTGCCAGCAGTCCCGGGACAGGGTCCTACGAGCAGTACTTCGGGCCG"	"CASSPGTGSYEQYF"	"TCRBV25-1*1"	"TCRBD1-1*1"	"TCRBJ2-7*1"	51	54	-1	63	3	64	NA	NA	"CTGGAGTCTGCCAGGCCCTCACATACCTCTCAGTACCTCTGTGCCAGCAGTCCCGGGACAGGGTCCTACGAGCAGTACTTCGGGCCG"	FALSE	TRUE	NA	NA	NA	NA
"AAGATCCAGCCTGCAAAGCTTGAGGACTCGGCCGTGTATCTCTGTGCCAGCGGGACAGGGGACAGCTACGAGCAGTACTTCGGGCCG"	"CASGTGDSYEQYF"	"AAGATCCAGCCTGCAAAGCTTGAGGACTCGGCCGTGTATCTCTGTGCCAGCGGGACAGGGGACAGCTACGAGCAGTACTTCGGGCCG"	"CASGTGDSYEQYF"	"TCRBV11-2*1"	"TCRBD1-1*1"	"TCRBJ2-7*1"	-1	51	61	65	52	4	NA	NA	"AAGATCCAGCCTGCAAAGCTTGAGGACTCGGCCGTGTATCTCTGTGCCAGCGGGACAGGGGACAGCTACGAGCAGTACTTCGGGCCG"	FALSE	TRUE	NA	NA	NA	NA
"NNNNTGTCGGCTGCTCCCTCCCAAACATCTGTGTACTTCTGTGCCAGCAGTTACGTAGGAGGTGGAGATACGCAGTATTTTGGCCCA"	"CASSYVGGGDTQYF"	"NNNNTGTCGGCTGCTCCCTCCCAAACATCTGTGTACTTCTGTGCCAGCAGTTACGTAGGAGGTGGAGATACGCAGTATTTTGGCCCA"	"CASSYVGGGDTQYF"	"TCRBV6-2/6-3*1"	"TCRBD2-1*2"	"TCRBJ2-3*1"	54	57	62	65	3	3	NA	NA	"NNNNTGTCGGCTGCTCCCTCCCAAACATCTGTGTACTTCTGTGCCAGCAGTTACGTAGGAGGTGGAGATACGCAGTATTTTGGCCCA"	FALSE	TRUE	NA	NA	NA	NA
"NTGTCGGCTGCTCCCTCCCAGACATCTGTGTACTTCTGTGCCAGCAGTTACTCGCCGGACGGACGCTATGGCTACACCTTCGGTTCG"	"CASSYSPDGRYGYTF"	"NTGTCGGCTGCTCCCTCCCAGACATCTGTGTACTTCTGTGCCAGCAGTTACTCGCCGGACGGACGCTATGGCTACACCTTCGGTTCG"	"CASSYSPDGRYGYTF"	"TCRBV6-5*1"	NA	"TCRBJ1-2*1"	53	56	60	65	3	5	NA	NA	"NTGTCGGCTGCTCCCTCCCAGACATCTGTGTACTTCTGTGCCAGCAGTTACTCGCCGGACGGACGCTATGGCTACACCTTCGGTTCG"	FALSE	TRUE	NA	NA	NA	NA
"CAGCAGGAGGACTCCGCCGTGTATCTCTGTGCCAGCAGCTTAAAAAGGCAGACTAGCGGGAATCTACAGACCCAGTACTTCGGGCCA"	"CASSLKRQTSGNLQTQYF"	"CAGCAGGAGGACTCCGCCGTGTATCTCTGTGCCAGCAGCTTAAAAAGGCAGACTAGCGGGAATCTACAGACCCAGTACTTCGGGCCA"	"CASSLKRQTSGNLQTQYF"	"TCRBV7-8*1"	"TCRBD2-1*2"	"TCRBJ2-5*1"	42	50	61	67	8	6	NA	NA	"CAGCAGGAGGACTCCGCCGTGTATCTCTGTGCCAGCAGCTTAAAAAGGCAGACTAGCGGGAATCTACAGACCCAGTACTTCGGGCCA"	FALSE	TRUE	NA	NA	NA	NA
"GCGCACAGAGCGGGGGGACTCAGCCGTGTATCTCTGTGCCAGCAGAAGGGACAGCGGGGGTTTAATCAGCCCCAGCATTTTGGTGAT"	""	"GCGCACAGAGCGGGGGGACTCAGCCGTGTATCTCTGTGCCAGCAGAAGGGACAGCGGGGGTTTAATCAGCCCCAGCATTTTGGTGAT"	""	"TCRBV7-3*1"	"TCRBD2-1*1"	"TCRBJ1-5*1"	45	52	60	63	7	3	NA	NA	"GCGCACAGAGCGGGGGGACTCAGCCGTGTATCTCTGTGCCAGCAGAAGGGACAGCGGGGGTTTAATCAGCCCCAGCATTTTGGTGAT"	FALSE	FALSE	NA	NA	NA	NA
"GAGTTGGCTGCTCCCTCCCAGACATCTGTGTACTTCTGTGCCAGCAGTTACTCGAGGAGGGTCCAAGAGACCCAGTACTTCGGGCCA"	"CASSYSRRVQETQYF"	"GAGTTGGCTGCTCCCTCCCAGACATCTGTGTACTTCTGTGCCAGCAGTTACTCGAGGAGGGTCCAAGAGACCCAGTACTTCGGGCCA"	"CASSYSRRVQETQYF"	"TCRBV6-6*1"	"TCRBD2-1*2"	"TCRBJ2-5*1"	53	55	61	62	2	1	NA	NA	"GAGTTGGCTGCTCCCTCCCAGACATCTGTGTACTTCTGTGCCAGCAGTTACTCGAGGAGGGTCCAAGAGACCCAGTACTTCGGGCCA"	FALSE	TRUE	NA	NA	NA	NA
"CAGCCTGCAGAACTGGAGGATTCTGGAGTTTATTTCTGTGCCAGCAGCCAAGATCCAGGCAGCACCTACGAGCAGTACTTCGGGCCG"	"CASSQDPGSTYEQYF"	"CAGCCTGCAGAACTGGAGGATTCTGGAGTTTATTTCTGTGCCAGCAGCCAAGATCCAGGCAGCACCTACGAGCAGTACTTCGGGCCG"	"CASSQDPGSTYEQYF"	"TCRBV14-1*1"	"TCRBD1-1*1"	"TCRBJ2-7*1"	53	55	59	64	2	5	NA	NA	"CAGCCTGCAGAACTGGAGGATTCTGGAGTTTATTTCTGTGCCAGCAGCCAAGATCCAGGCAGCACCTACGAGCAGTACTTCGGGCCG"	FALSE	TRUE	NA	NA	NA	NA
"NNNNTGTCGGCTGCTCCCTCCCAGACATCTGTGTACTTCTGTGCCAGCTCCGGACTAGCGGGAGCCTACGAGCAGTACTTCGGGCCG"	"CASSGLAGAYEQYF"	"NNNNTGTCGGCTGCTCCCTCCCAGACATCTGTGTACTTCTGTGCCAGCTCCGGACTAGCGGGAGCCTACGAGCAGTACTTCGGGCCG"	"CASSGLAGAYEQYF"	"TCRBV6-5*1"	"TCRBD2-1*2"	"TCRBJ2-7*1"	48	51	-1	64	3	65	NA	NA	"NNNNTGTCGGCTGCTCCCTCCCAGACATCTGTGTACTTCTGTGCCAGCTCCGGACTAGCGGGAGCCTACGAGCAGTACTTCGGGCCG"	FALSE	TRUE	NA	NA	NA	NA
"CCCTCAGAACCCAGGGACTCAGCTGTGTACTTCTGTGCCAGCAGTTCAGGGACATTCCGGACGGGTTATGGCTACACCTTCGGTTCG"	"CASSSGTFRTGYGYTF"	"CCCTCAGAACCCAGGGACTCAGCTGTGTACTTCTGTGCCAGCAGTTCAGGGACATTCCGGACGGGTTATGGCTACACCTTCGGTTCG"	"CASSSGTFRTGYGYTF"	NA	"TCRBD1-1*1"	"TCRBJ1-2*1"	46	48	54	66	2	12	NA	NA	"CCCTCAGAACCCAGGGACTCAGCTGTGTACTTCTGTGCCAGCAGTTCAGGGACATTCCGGACGGGTTATGGCTACACCTTCGGTTCG"	FALSE	TRUE	NA	NA	NA	NA
"AACGCCTTGGAGCTGGACGACTCGGCCCTGTATCTCTGTGCCAGCAGCTTCCGTCTCTCTAGGGGCACTGAAGCTTTCTTTGGACAA"	"CASSFRLSRGTEAFF"	"AACGCCTTGGAGCTGGACGACTCGGCCCTGTATCTCTGTGCCAGCAGCTTCCGTCTCTCTAGGGGCACTGAAGCTTTCTTTGGACAA"	"CASSFRLSRGTEAFF"	"TCRBV5-4*1"	"TCRBD1-1*1"	"TCRBJ1-1*1"	50	60	-1	65	10	66	NA	NA	"AACGCCTTGGAGCTGGACGACTCGGCCCTGTATCTCTGTGCCAGCAGCTTCCGTCTCTCTAGGGGCACTGAAGCTTTCTTTGGACAA"	FALSE	TRUE	NA	NA	NA	NA
"CAGCCTGCAGAACTGGAGGATTCTGGAGTTTATTTCTGTGCCAGCAGCCACTAGACAGGGTGATCCGAGACCCAGTACTTCGGGCCA"	"CASSH*TG*SETQYF"	"CAGCCTGCAGAACTGGAGGATTCTGGAGTTTATTTCTGTGCCAGCAGCCACTAGACAGGGTGATCCGAGACCCAGTACTTCGGGCCA"	"CASSH*TG*SETQYF"	"TCRBV14-1*1"	"TCRBD1-1*1"	"TCRBJ2-5*1"	50	53	60	66	3	6	NA	NA	"CAGCCTGCAGAACTGGAGGATTCTGGAGTTTATTTCTGTGCCAGCAGCCACTAGACAGGGTGATCCGAGACCCAGTACTTCGGGCCA"	FALSE	TRUE	NA	NA	NA	NA
"GAGTCCGCCAGCACCAACCAGACATCTATGTACCTCTGTGCCAGCAGCAAATCGCAAGGTGCCCAAGAGACCCAGTACTTCGGGCCA"	"CASSKSQGAQETQYF"	"GAGTCCGCCAGCACCAACCAGACATCTATGTACCTCTGTGCCAGCAGCAAATCGCAAGGTGCCCAAGAGACCCAGTACTTCGGGCCA"	"CASSKSQGAQETQYF"	"TCRBV28-1*1"	NA	"TCRBJ2-5*1"	47	56	59	62	9	3	NA	NA	"GAGTCCGCCAGCACCAACCAGACATCTATGTACCTCTGTGCCAGCAGCAAATCGCAAGGTGCCCAAGAGACCCAGTACTTCGGGCCA"	FALSE	TRUE	NA	NA	NA	NA
"CTCACTCTGGAGTCCGCTACCAGCTCCCAGACATCTGTGTACTTCTGTGCCACCCGAGGACAGGACAATGAAGCTTTCTTTGGACAA"	"CATRGQDNEAFF"	"CTCACTCTGGAGTCCGCTACCAGCTCCCAGACATCTGTGTACTTCTGTGCCACCCGAGGACAGGACAATGAAGCTTTCTTTGGACAA"	"CATRGQDNEAFF"	"TCRBV1-3*1"	"TCRBD1-1*1"	"TCRBJ1-1*1"	52	57	64	68	5	4	NA	NA	"CTCACTCTGGAGTCCGCTACCAGCTCCCAGACATCTGTGTACTTCTGTGCCACCCGAGGACAGGACAATGAAGCTTTCTTTGGACAA"	FALSE	TRUE	NA	NA	NA	NA
"CCACGGAGTCAGGGGACACAGCACTGTATTTCTGTGCCAGCAGCAAAAGCGGCGACAGGGGGAAATCAGCCCCAGCATTTTGGTGAT"	""	"CCACGGAGTCAGGGGACACAGCACTGTATTTCTGTGCCAGCAGCAAAAGCGGCGACAGGGGGAAATCAGCCCCAGCATTTTGGTGAT"	""	"TCRBV21-1*1"	"TCRBD1-1*1"	"TCRBJ1-5*1"	47	53	62	63	6	1	NA	NA	"CCACGGAGTCAGGGGACACAGCACTGTATTTCTGTGCCAGCAGCAAAAGCGGCGACAGGGGGAAATCAGCCCCAGCATTTTGGTGAT"	FALSE	FALSE	NA	NA	NA	NA
"NTGTCGGCTGCTCCCTCCCAGACATCTGTGTACTTCTGTGCCAGCAGTTACGTGCGGGGAACTAATTCACCCCTCCACTTTGGGAAT"	"CASSYVRGTNSPLHF"	"NTGTCGGCTGCTCCCTCCCAGACATCTGTGTACTTCTGTGCCAGCAGTTACGTGCGGGGAACTAATTCACCCCTCCACTTTGGGAAT"	"CASSYVRGTNSPLHF"	"TCRBV6-5*1"	"TCRBD2-1*1"	"TCRBJ1-6*1"	51	53	59	62	2	3	NA	NA	"NTGTCGGCTGCTCCCTCCCAGACATCTGTGTACTTCTGTGCCAGCAGTTACGTGCGGGGAACTAATTCACCCCTCCACTTTGGGAAT"	FALSE	TRUE	NA	NA	NA	NA
"AGAAGCTCCTTCTCAGTGACTCTGGCTTCTATCTCTGTGCCTGGAGTGTAAATCCCTAGCGGGAGTGAGACCCAGTACTTCGGGCCA"	""	"AGAAGCTCCTTCTCAGTGACTCTGGCTTCTATCTCTGTGCCTGGAGTGTAAATCCCTAGCGGGAGTGAGACCCAGTACTTCGGGCCA"	""	"TCRBV3-1*1"	"TCRBD2-1*2"	"TCRBJ2-5*1"	49	55	65	66	6	1	NA	NA	"AGAAGCTCCTTCTCAGTGACTCTGGCTTCTATCTCTGTGCCTGGAGTGTAAATCCCTAGCGGGAGTGAGACCCAGTACTTCGGGCCA"	FALSE	FALSE	NA	NA	NA	NA
"ATCCGGTCCACAAAGCTGGAGGACTCAGCCATGTACTTCTGTGCCAGCAGAGGCCGGGACAGGGAAAAGGGCTACACCTTCGGTTCG"	"CASRGRDREKGYTF"	"ATCCGGTCCACAAAGCTGGAGGACTCAGCCATGTACTTCTGTGCCAGCAGAGGCCGGGACAGGGAAAAGGGCTACACCTTCGGTTCG"	"CASRGRDREKGYTF"	"TCRBV2-1"	"TCRBD1-1*1"	"TCRBJ1-2*1"	50	55	64	69	5	5	NA	NA	"ATCCGGTCCACAAAGCTGGAGGACTCAGCCATGTACTTCTGTGCCAGCAGAGGCCGGGACAGGGAAAAGGGCTACACCTTCGGTTCG"	FALSE	TRUE	NA	NA	NA	NA
"GTGAACGCCTTGTTGCTGGGGGACTCGGCCCTGTATCTCTGTGCCAGCAGCTCCGTCCCACGGGACTATGGCTACACCTTCGGTTCG"	"CASSSVPRDYGYTF"	"GTGAACGCCTTGTTGCTGGGGGACTCGGCCCTGTATCTCTGTGCCAGCAGCTCCGTCCCACGGGACTATGGCTACACCTTCGGTTCG"	"CASSSVPRDYGYTF"	"TCRBV5-5*1"	"TCRBD2-1"	"TCRBJ1-2*1"	52	60	-1	64	8	65	NA	NA	"GTGAACGCCTTGTTGCTGGGGGACTCGGCCCTGTATCTCTGTGCCAGCAGCTCCGTCCCACGGGACTATGGCTACACCTTCGGTTCG"	FALSE	TRUE	NA	NA	NA	NA
"NTGTCGGCTGCTCCCTCCCAGACATCTGTGTACTTCTGTGCCAGCAGTGAAGCGGTGAGTTCCCCCCGTGAGCAGTTCTTCGGGCCA"	"CASSEAVSSPREQFF"	"NTGTCGGCTGCTCCCTCCCAGACATCTGTGTACTTCTGTGCCAGCAGTGAAGCGGTGAGTTCCCCCCGTGAGCAGTTCTTCGGGCCA"	"CASSEAVSSPREQFF"	"TCRBV6-1*1"	"TCRBD2-1*2"	"TCRBJ2-1*1"	53	56	59	68	3	9	NA	NA	"NTGTCGGCTGCTCCCTCCCAGACATCTGTGTACTTCTGTGCCAGCAGTGAAGCGGTGAGTTCCCCCCGTGAGCAGTTCTTCGGGCCA"	FALSE	TRUE	NA	NA	NA	NA
"NNNNNNNTGTCGGCTGCTCCCTCCCAGACATCTGTGTACTTCTGTGCCAGCAGTTGGGACTACACCGGGGAGCTGTTTTTTGGAGAA"	"CASSWDYTGELFF"	"NNNNNNNTGTCGGCTGCTCCCTCCCAGACATCTGTGTACTTCTGTGCCAGCAGTTGGGACTACACCGGGGAGCTGTTTTTTGGAGAA"	"CASSWDYTGELFF"	"TCRBV6-5*1"	"TCRBD2-1"	"TCRBJ2-2*1"	-1	55	-1	61	56	62	NA	NA	"NNNNNNNTGTCGGCTGCTCCCTCCCAGACATCTGTGTACTTCTGTGCCAGCAGTTGGGACTACACCGGGGAGCTGTTTTTTGGAGAA"	FALSE	TRUE	NA	NA	NA	NA
"TTCACCTACACACCCTGCAGCCAGAAGACTCGGCCCTGTATCTCTGCGCCAACGCAGGGGGAGGTCGGGGAGCTGTTTTTTGGAGAA"	""	"TTCACCTACACACCCTGCAGCCAGAAGACTCGGCCCTGTATCTCTGCGCCAACGCAGGGGGAGGTCGGGGAGCTGTTTTTTGGAGAA"	""	"TCRBV4-3*1"	"TCRBD1-1*1"	"TCRBJ2-2*1"	51	54	61	65	3	4	NA	NA	"TTCACCTACACACCCTGCAGCCAGAAGACTCGGCCCTGTATCTCTGCGCCAACGCAGGGGGAGGTCGGGGAGCTGTTTTTTGGAGAA"	FALSE	FALSE	NA	NA	NA	NA
"AGTGCCCATCCTGAAGACAGCAGCTTCTACATCTGCAGTGCTTATAAGACTAGCGGGAGGGCCTTGGATACGCAGTATTTTGGCCCA"	"CSAYKTSGRALDTQYF"	"AGTGCCCATCCTGAAGACAGCAGCTTCTACATCTGCAGTGCTTATAAGACTAGCGGGAGGGCCTTGGATACGCAGTATTTTGGCCCA"	"CSAYKTSGRALDTQYF"	NA	"TCRBD2-1*2"	"TCRBJ2-3*1"	42	47	61	66	5	5	NA	NA	"AGTGCCCATCCTGAAGACAGCAGCTTCTACATCTGCAGTGCTTATAAGACTAGCGGGAGGGCCTTGGATACGCAGTATTTTGGCCCA"	FALSE	TRUE	NA	NA	NA	NA
"ACAGTGACCAGTGCCCATCCTGAAGACAGCAGCTTCTACATCTGCAGTGCAGCAGCGGGACCCACAGATACGCAGTATTTTGGCCCA"	"CSAAAGPTDTQYF"	"ACAGTGACCAGTGCCCATCCTGAAGACAGCAGCTTCTACATCTGCAGTGCAGCAGCGGGACCCACAGATACGCAGTATTTTGGCCCA"	"CSAAAGPTDTQYF"	NA	"TCRBD2-1*2"	"TCRBJ2-3*1"	50	53	60	62	3	2	NA	NA	"ACAGTGACCAGTGCCCATCCTGAAGACAGCAGCTTCTACATCTGCAGTGCAGCAGCGGGACCCACAGATACGCAGTATTTTGGCCCA"	FALSE	TRUE	NA	NA	NA	NA
"GAGTCTGCTGCCTCCTCCCAGACATCTGTATATTTCTGCGCCAGCAGTACTCGGACAGGGGGCACCGGGGAGCTGTTTTTTGGAGAA"	"CASSTRTGGTGELFF"	"GAGTCTGCTGCCTCCTCCCAGACATCTGTATATTTCTGCGCCAGCAGTACTCGGACAGGGGGCACCGGGGAGCTGTTTTTTGGAGAA"	"CASSTRTGGTGELFF"	"TCRBV1-1*1"	"TCRBD1-1*1"	"TCRBJ2-2*1"	48	52	-1	62	4	63	NA	NA	"GAGTCTGCTGCCTCCTCCCAGACATCTGTATATTTCTGCGCCAGCAGTACTCGGACAGGGGGCACCGGGGAGCTGTTTTTTGGAGAA"	FALSE	TRUE	NA	NA	NA	NA
"AGCACCTTGGAGCTGGGGGACTCGGCCCTTTATCTTTGCGCCAGCATCAAGGGAAGGGGAGACAACACTGAAGCTTTCTTTGGACAA"	"CASIKGRGDNTEAFF"	"AGCACCTTGGAGCTGGGGGACTCGGCCCTTTATCTTTGCGCCAGCATCAAGGGAAGGGGAGACAACACTGAAGCTTTCTTTGGACAA"	"CASIKGRGDNTEAFF"	"TCRBV5-1*1"	NA	"TCRBJ1-1*1"	46	54	59	63	8	4	NA	NA	"AGCACCTTGGAGCTGGGGGACTCGGCCCTTTATCTTTGCGCCAGCATCAAGGGAAGGGGAGACAACACTGAAGCTTTCTTTGGACAA"	FALSE	TRUE	NA	NA	NA	NA
"CAGCGCACAGAGCGGGGGGACTCAGCCGTGTATCTCTGTGCCAGCAGTAGGACTAGCGGAAACACCGGGGAGCTGTTTTTTGGAGAA"	"CASSRTSGNTGELFF"	"CAGCGCACAGAGCGGGGGGACTCAGCCGTGTATCTCTGTGCCAGCAGTAGGACTAGCGGAAACACCGGGGAGCTGTTTTTTGGAGAA"	"CASSRTSGNTGELFF"	"TCRBV7-3*1"	"TCRBD2-1"	"TCRBJ2-2*1"	47	49	59	60	2	1	NA	NA	"CAGCGCACAGAGCGGGGGGACTCAGCCGTGTATCTCTGTGCCAGCAGTAGGACTAGCGGAAACACCGGGGAGCTGTTTTTTGGAGAA"	FALSE	TRUE	NA	NA	NA	NA
"CAGGGGGACTCGGCCATGTATCTCTGTGCCAGCAGCCCGCCCCTAGCGGGAACCTTCGCACACACAGATACGCAGTATTTTGGCCCA"	"CASSPPLAGTFAHTDTQYF"	"CAGGGGGACTCGGCCATGTATCTCTGTGCCAGCAGCCCGCCCCTAGCGGGAACCTTCGCACACACAGATACGCAGTATTTTGGCCCA"	"CASSPPLAGTFAHTDTQYF"	"TCRBV7-9*1"	"TCRBD2-1*2"	"TCRBJ2-3*1"	36	42	51	62	6	11	NA	NA	"CAGGGGGACTCGGCCATGTATCTCTGTGCCAGCAGCCCGCCCCTAGCGGGAACCTTCGCACACACAGATACGCAGTATTTTGGCCCA"	FALSE	TRUE	NA	NA	NA	NA
"NNNNTGAAGATCCAGCCCTCAGAACCCAGGGACTCAGCTGTGTACTTCTGTGCCAGCAGTTTCGGGCTCGAGCAGTACTTCGGGCCG"	"CASSFGLEQYF"	"NNNNTGAAGATCCAGCCCTCAGAACCCAGGGACTCAGCTGTGTACTTCTGTGCCAGCAGTTTCGGGCTCGAGCAGTACTTCGGGCCG"	"CASSFGLEQYF"	"TCRBV12-3/12-4*1"	NA	"TCRBJ2-7*1"	62	63	67	68	1	1	NA	NA	"NNNNTGAAGATCCAGCCCTCAGAACCCAGGGACTCAGCTGTGTACTTCTGTGCCAGCAGTTTCGGGCTCGAGCAGTACTTCGGGCCG"	FALSE	TRUE	NA	NA	NA	NA
"GAGCACCTTGGAGCTGGGGGACTCGGCCCTTTATCTTTGCGCCAACGACAGGCCCCAGGGAGGGTAAATGAGCAGTTCTTCGGGCCA"	""	"GAGCACCTTGGAGCTGGGGGACTCGGCCCTTTATCTTTGCGCCAACGACAGGCCCCAGGGAGGGTAAATGAGCAGTTCTTCGGGCCA"	""	"TCRBV5-1*1"	"TCRBD2-1*2"	"TCRBJ2-1*1"	44	57	64	66	13	2	NA	NA	"GAGCACCTTGGAGCTGGGGGACTCGGCCCTTTATCTTTGCGCCAACGACAGGCCCCAGGGAGGGTAAATGAGCAGTTCTTCGGGCCA"	FALSE	FALSE	NA	NA	NA	NA
"TCCCAGACATCTGTGTACTTCTGTGCCAGCAGTTCTCCCCACTCTGCCCGACGACGGGGGGGAAATCAGCCCCAGCATTTTGGTGAT"	"CASSSPHSARRRGGNQPQHF"	"TCCCAGACATCTGTGTACTTCTGTGCCAGCAGTTCTCCCCACTCTGCCCGACGACGGGGGGGAAATCAGCCCCAGCATTTTGGTGAT"	"CASSSPHSARRRGGNQPQHF"	NA	"TCRBD2-1*1"	"TCRBJ1-5*1"	34	54	62	63	20	1	NA	NA	"TCCCAGACATCTGTGTACTTCTGTGCCAGCAGTTCTCCCCACTCTGCCCGACGACGGGGGGGAAATCAGCCCCAGCATTTTGGTGAT"	FALSE	TRUE	NA	NA	NA	NA
"CAAAAGAACCCGACAGCTTTCTATCTCTGTGCCAGTAGTACAAAAGGATCGAGCGACCGGTCAGGTTCACCCCTCCACTTTGGGAAT"	"CASSTKGSSDRSGSPLHF"	"CAAAAGAACCCGACAGCTTTCTATCTCTGTGCCAGTAGTACAAAAGGATCGAGCGACCGGTCAGGTTCACCCCTCCACTTTGGGAAT"	"CASSTKGSSDRSGSPLHF"	"TCRBV19-1*1"	NA	"TCRBJ1-6*1"	40	61	-1	65	21	66	NA	NA	"CAAAAGAACCCGACAGCTTTCTATCTCTGTGCCAGTAGTACAAAAGGATCGAGCGACCGGTCAGGTTCACCCCTCCACTTTGGGAAT"	FALSE	TRUE	NA	NA	NA	NA
"TGATTCTGGAGTCCGCCAGCACCAACCAGACATCTATGTACCTCTGTGCCAGCCCCCTTGCGCAACACTGAAGCTTTCTTTGGACAA"	""	"TGATTCTGGAGTCCGCCAGCACCAACCAGACATCTATGTACCTCTGTGCCAGCCCCCTTGCGCAACACTGAAGCTTTCTTTGGACAA"	""	"TCRBV28-1*1"	"TCRBD2-1"	"TCRBJ1-1*1"	53	59	62	63	6	1	NA	NA	"TGATTCTGGAGTCCGCCAGCACCAACCAGACATCTATGTACCTCTGTGCCAGCCCCCTTGCGCAACACTGAAGCTTTCTTTGGACAA"	FALSE	FALSE	NA	NA	NA	NA
"AACCTGAGCTCTCTGGAGCTGGGGGACTCAGCTTTGTATTTCTGTGCCAGCAGCGTAGTTCCGGGGAACGAGCAGTACTTCGGGCCG"	"CASSVVPGNEQYF"	"AACCTGAGCTCTCTGGAGCTGGGGGACTCAGCTTTGTATTTCTGTGCCAGCAGCGTAGTTCCGGGGAACGAGCAGTACTTCGGGCCG"	"CASSVVPGNEQYF"	"TCRBV9-1*1"	"TCRBD2-1*1"	"TCRBJ2-7*1"	58	61	66	67	3	1	NA	NA	"AACCTGAGCTCTCTGGAGCTGGGGGACTCAGCTTTGTATTTCTGTGCCAGCAGCGTAGTTCCGGGGAACGAGCAGTACTTCGGGCCG"	FALSE	TRUE	NA	NA	NA	NA
"NNNNTGTCGGCTGCTCCCTCCCAGACATCTGTGTACTTCTGTGCCAGCAGACCGACAGGTTATGGTCAGCCCCAGCATTTTGGTGAT"	"CASRPTGYGQPQHF"	"NNNNTGTCGGCTGCTCCCTCCCAGACATCTGTGTACTTCTGTGCCAGCAGACCGACAGGTTATGGTCAGCCCCAGCATTTTGGTGAT"	"CASRPTGYGQPQHF"	"TCRBV6-5*1"	"TCRBD1-1*1"	"TCRBJ1-5*1"	50	53	59	65	3	6	NA	NA	"NNNNTGTCGGCTGCTCCCTCCCAGACATCTGTGTACTTCTGTGCCAGCAGACCGACAGGTTATGGTCAGCCCCAGCATTTTGGTGAT"	FALSE	TRUE	NA	NA	NA	NA
"TCTGGAGCTGGGGGACTCAGCTTTGTATTTCTGTGCCAGCAGCGTAGCCCCAATAAGGGTACGGATCAGCCCCAGCATTTTGGTGAT"	""	"TCTGGAGCTGGGGGACTCAGCTTTGTATTTCTGTGCCAGCAGCGTAGCCCCAATAAGGGTACGGATCAGCCCCAGCATTTTGGTGAT"	""	"TCRBV9-1*1"	NA	"TCRBJ1-5*1"	47	55	59	64	8	5	NA	NA	"TCTGGAGCTGGGGGACTCAGCTTTGTATTTCTGTGCCAGCAGCGTAGCCCCAATAAGGGTACGGATCAGCCCCAGCATTTTGGTGAT"	FALSE	FALSE	NA	NA	NA	NA
"GGAGCTGGGGGACTCGGCCCTTTATCTTTGCGCCAGCAGCTTTCGGGTGGCAGGGCGAGAGCTAACTATGGCTACACCTTCGGTTCG"	""	"GGAGCTGGGGGACTCGGCCCTTTATCTTTGCGCCAGCAGCTTTCGGGTGGCAGGGCGAGAGCTAACTATGGCTACACCTTCGGTTCG"	""	"TCRBV5-1*1"	"TCRBD1-1*1"	"TCRBJ1-2*1"	42	50	55	61	8	6	NA	NA	"GGAGCTGGGGGACTCGGCCCTTTATCTTTGCGCCAGCAGCTTTCGGGTGGCAGGGCGAGAGCTAACTATGGCTACACCTTCGGTTCG"	FALSE	FALSE	NA	NA	NA	NA
"ATCCAGCCTGCAGAGCTTGGGGACTCGGCCGTGTATCTCTGTGCCAGCAGCTTAGGCATGGCTAACTATGGCTACACCTTCGGTTCG"	"CASSLGMANYGYTF"	"ATCCAGCCTGCAGAGCTTGGGGACTCGGCCGTGTATCTCTGTGCCAGCAGCTTAGGCATGGCTAACTATGGCTACACCTTCGGTTCG"	"CASSLGMANYGYTF"	"TCRBV11-3*1"	NA	"TCRBJ1-2*1"	55	59	-1	61	4	62	NA	NA	"ATCCAGCCTGCAGAGCTTGGGGACTCGGCCGTGTATCTCTGTGCCAGCAGCTTAGGCATGGCTAACTATGGCTACACCTTCGGTTCG"	FALSE	TRUE	NA	NA	NA	NA
"GCAGCGGGACTCAGCCATGTATCGCTGTGCTAGCAGCCTGCGGGACAGGGATGGGATAATAGCAATCAGCCCCAGCATTTTGGTGAT"	""	"GCAGCGGGACTCAGCCATGTATCGCTGTGCTAGCAGCCTGCGGGACAGGGATGGGATAATAGCAATCAGCCCCAGCATTTTGGTGAT"	""	"TCRBV7-7*1"	"TCRBD1-1*1"	"TCRBJ1-5*1"	37	41	50	59	4	9	NA	NA	"GCAGCGGGACTCAGCCATGTATCGCTGTGCTAGCAGCCTGCGGGACAGGGATGGGATAATAGCAATCAGCCCCAGCATTTTGGTGAT"	FALSE	FALSE	NA	NA	NA	NA
"ACCTTGGAGCTGGGGGACTCGGCCCTTTATCTTTGCGCCAGCAGCTTGGGGGAGCTCCGGAGCTCCTACGAGCAGTACTTCGGGCCG"	"CASSLGELRSSYEQYF"	"ACCTTGGAGCTGGGGGACTCGGCCCTTTATCTTTGCGCCAGCAGCTTGGGGGAGCTCCGGAGCTCCTACGAGCAGTACTTCGGGCCG"	"CASSLGELRSSYEQYF"	"TCRBV5-1*1"	"TCRBD2-1*2"	"TCRBJ2-7*1"	-1	49	54	62	50	8	NA	NA	"ACCTTGGAGCTGGGGGACTCGGCCCTTTATCTTTGCGCCAGCAGCTTGGGGGAGCTCCGGAGCTCCTACGAGCAGTACTTCGGGCCG"	FALSE	TRUE	NA	NA	NA	NA
"ATCCAGCCCTCAGAACCCAGGGACTCAGCTGTGTACTTCTGTGCCAGCAAGGAGGCGGGGATCCAAGAGACCCAGTACTTCGGGCCA"	"CASKEAGIQETQYF"	"ATCCAGCCCTCAGAACCCAGGGACTCAGCTGTGTACTTCTGTGCCAGCAAGGAGGCGGGGATCCAAGAGACCCAGTACTTCGGGCCA"	"CASKEAGIQETQYF"	NA	"TCRBD2-1*1"	"TCRBJ2-5*1"	49	54	60	62	5	2	NA	NA	"ATCCAGCCCTCAGAACCCAGGGACTCAGCTGTGTACTTCTGTGCCAGCAAGGAGGCGGGGATCCAAGAGACCCAGTACTTCGGGCCA"	FALSE	TRUE	NA	NA	NA	NA
"TCCCTGGAGCTTGGTGACTCTGCTGTGTATTTCTGTGCCAGCAGCCAAGGAAGCGTCGGACCTAATGAAAAACTGTTTTTTGGCAGT"	"CASSQGSVGPNEKLFF"	"TCCCTGGAGCTTGGTGACTCTGCTGTGTATTTCTGTGCCAGCAGCCAAGGAAGCGTCGGACCTAATGAAAAACTGTTTTTTGGCAGT"	"CASSQGSVGPNEKLFF"	"TCRBV3-1/3-2*1"	NA	"TCRBJ1-4*1"	49	57	-1	61	8	62	NA	NA	"TCCCTGGAGCTTGGTGACTCTGCTGTGTATTTCTGTGCCAGCAGCCAAGGAAGCGTCGGACCTAATGAAAAACTGTTTTTTGGCAGT"	FALSE	TRUE	NA	NA	NA	NA
"GAGTCGCCCAGCCCCAACCAGACCTCTCTGTACTTCTGTGCCAGCAGTATCGTGGCAGGCCTAAATGAAAAACTGTTTTTTGGCAGT"	"CASSIVAGLNEKLFF"	"GAGTCGCCCAGCCCCAACCAGACCTCTCTGTACTTCTGTGCCAGCAGTATCGTGGCAGGCCTAAATGAAAAACTGTTTTTTGGCAGT"	"CASSIVAGLNEKLFF"	"TCRBV27-1*1"	"TCRBD1-1*1"	"TCRBJ1-4*1"	48	55	59	63	7	4	NA	NA	"GAGTCGCCCAGCCCCAACCAGACCTCTCTGTACTTCTGTGCCAGCAGTATCGTGGCAGGCCTAAATGAAAAACTGTTTTTTGGCAGT"	FALSE	TRUE	NA	NA	NA	NA
"GTGACCAGTGCCCATCCTGAAGACAGCAGCTTCTACATCTGCAGTGCCACCCTGACAGGGAAGAGGGAGACCCAGTACTTCGGGCCA"	"CSATLTGKRETQYF"	"GTGACCAGTGCCCATCCTGAAGACAGCAGCTTCTACATCTGCAGTGCCACCCTGACAGGGAAGAGGGAGACCCAGTACTTCGGGCCA"	"CSATLTGKRETQYF"	NA	"TCRBD1-1*1"	"TCRBJ2-5*1"	47	53	60	66	6	6	NA	NA	"GTGACCAGTGCCCATCCTGAAGACAGCAGCTTCTACATCTGCAGTGCCACCCTGACAGGGAAGAGGGAGACCCAGTACTTCGGGCCA"	FALSE	TRUE	NA	NA	NA	NA
"TTGGAGCTGGACGACTCGGCCCTGTATCTCTGTGCCAGCAGCGCACGGCTACTTAGGGGGAACCTCTACGAGCAGTACTTCGGGCCG"	"CASSARLLRGNLYEQYF"	"TTGGAGCTGGACGACTCGGCCCTGTATCTCTGTGCCAGCAGCGCACGGCTACTTAGGGGGAACCTCTACGAGCAGTACTTCGGGCCG"	"CASSARLLRGNLYEQYF"	"TCRBV5-4*1"	"TCRBD1-1*1"	"TCRBJ2-7*1"	42	54	60	65	12	5	NA	NA	"TTGGAGCTGGACGACTCGGCCCTGTATCTCTGTGCCAGCAGCGCACGGCTACTTAGGGGGAACCTCTACGAGCAGTACTTCGGGCCG"	FALSE	TRUE	NA	NA	NA	NA
"TTGGCTGCTCCCTCCCAGACATCTGTGTACTTCTGTGCCAGCAGTTAAGGAAGGGTCTATAGCAATCAGCCCCAGCATTTTGGTGAT"	"CASS*GRVYSNQPQHF"	"TTGGCTGCTCCCTCCCAGACATCTGTGTACTTCTGTGCCAGCAGTTAAGGAAGGGTCTATAGCAATCAGCCCCAGCATTTTGGTGAT"	"CASS*GRVYSNQPQHF"	"TCRBV6-6*1"	NA	"TCRBJ1-5*1"	47	51	55	59	4	4	NA	NA	"TTGGCTGCTCCCTCCCAGACATCTGTGTACTTCTGTGCCAGCAGTTAAGGAAGGGTCTATAGCAATCAGCCCCAGCATTTTGGTGAT"	FALSE	TRUE	NA	NA	NA	NA
"CAGCGCACAGAGCAGCGGGACTCAGCCATGTATCGCTGTGCTAGCAGCCCAGGCAGTGGGAGCTACAATGAGCAGTTCTTCGGGCCA"	"CASSPGSGSYNEQFF"	"CAGCGCACAGAGCAGCGGGACTCAGCCATGTATCGCTGTGCTAGCAGCCCAGGCAGTGGGAGCTACAATGAGCAGTTCTTCGGGCCA"	"CASSPGSGSYNEQFF"	"TCRBV7-7*1"	"TCRBD2-1*2"	"TCRBJ2-1*1"	48	57	-1	62	9	63	NA	NA	"CAGCGCACAGAGCAGCGGGACTCAGCCATGTATCGCTGTGCTAGCAGCCCAGGCAGTGGGAGCTACAATGAGCAGTTCTTCGGGCCA"	FALSE	TRUE	NA	NA	NA	NA
"GTGACCAGTGCCCATCCTGAAGACAGCAGCTTCTACATCTGCAGTGCTACTAGCGGGGAAGCCAAAAACATTCAGTACTTCGGCGCC"	"CSATSGEAKNIQYF"	"GTGACCAGTGCCCATCCTGAAGACAGCAGCTTCTACATCTGCAGTGCTACTAGCGGGGAAGCCAAAAACATTCAGTACTTCGGCGCC"	"CSATSGEAKNIQYF"	NA	"TCRBD2-1*1"	"TCRBJ2-4*1"	-1	49	58	59	50	1	NA	NA	"GTGACCAGTGCCCATCCTGAAGACAGCAGCTTCTACATCTGCAGTGCTACTAGCGGGGAAGCCAAAAACATTCAGTACTTCGGCGCC"	FALSE	TRUE	NA	NA	NA	NA
"AGCACCTTGGAGCTGGGGGACTCGGCCCTTTATCTTTGCGCCAGCAGCCTAACTAGCGGGGGACTCTACGAGCAGTACTTCGGGCCG"	"CASSLTSGGLYEQYF"	"AGCACCTTGGAGCTGGGGGACTCGGCCCTTTATCTTTGCGCCAGCAGCCTAACTAGCGGGGGACTCTACGAGCAGTACTTCGGGCCG"	"CASSLTSGGLYEQYF"	"TCRBV5-1*1"	"TCRBD2-1*1"	"TCRBJ2-7*1"	48	51	62	65	3	3	NA	NA	"AGCACCTTGGAGCTGGGGGACTCGGCCCTTTATCTTTGCGCCAGCAGCCTAACTAGCGGGGGACTCTACGAGCAGTACTTCGGGCCG"	FALSE	TRUE	NA	NA	NA	NA
"CTGACTGTGAGCAACATGAGCCCTGAAGACAGCAGCATATATCTCTGCAGCGTTGAAGATCTTAAGTATGGCTACACCTTCGGTTCG"	"CSVEDLKYGYTF"	"CTGACTGTGAGCAACATGAGCCCTGAAGACAGCAGCATATATCTCTGCAGCGTTGAAGATCTTAAGTATGGCTACACCTTCGGTTCG"	"CSVEDLKYGYTF"	"TCRBV29-1"	NA	"TCRBJ1-2*1"	59	64	-1	66	5	67	NA	NA	"CTGACTGTGAGCAACATGAGCCCTGAAGACAGCAGCATATATCTCTGCAGCGTTGAAGATCTTAAGTATGGCTACACCTTCGGTTCG"	FALSE	TRUE	NA	NA	NA	NA
"AATGTGAACGCCTTGTTGCTGGGGGACTCGGCCCTCTATCTCTGTGCCAGCAGCTTCGGACAGGAAGAGACCCAGTACTTCGGGCCA"	"CASSFGQEETQYF"	"AATGTGAACGCCTTGTTGCTGGGGGACTCGGCCCTCTATCTCTGTGCCAGCAGCTTCGGACAGGAAGAGACCCAGTACTTCGGGCCA"	"CASSFGQEETQYF"	"TCRBV5-6*1"	"TCRBD1-1*1"	"TCRBJ2-5*1"	56	57	-1	64	1	65	NA	NA	"AATGTGAACGCCTTGTTGCTGGGGGACTCGGCCCTCTATCTCTGTGCCAGCAGCTTCGGACAGGAAGAGACCCAGTACTTCGGGCCA"	FALSE	TRUE	NA	NA	NA	NA
"GAGCTTGGGGACTCGGCCGTGTATCTCTGTGCCAGCAGCTTAGAAGCAAGCTAGCGGGAGGACACAGATACGCAGTATTTTGGCCCA"	"CASSLEAS*REDTDTQYF"	"GAGCTTGGGGACTCGGCCGTGTATCTCTGTGCCAGCAGCTTAGAAGCAAGCTAGCGGGAGGACACAGATACGCAGTATTTTGGCCCA"	"CASSLEAS*REDTDTQYF"	"TCRBV11-3*1"	"TCRBD2-1*2"	"TCRBJ2-3*1"	44	50	61	62	6	1	NA	NA	"GAGCTTGGGGACTCGGCCGTGTATCTCTGTGCCAGCAGCTTAGAAGCAAGCTAGCGGGAGGACACAGATACGCAGTATTTTGGCCCA"	FALSE	TRUE	NA	NA	NA	NA
"AGCCCCAACCAGACCTCTCTGTACTTCTGTGCCAGCAGTTTATTTGGGGGAGGGACTAGCGGGAACTACGAGCAGTACTTCGGGCCG"	"CASSLFGGGTSGNYEQYF"	"AGCCCCAACCAGACCTCTCTGTACTTCTGTGCCAGCAGTTTATTTGGGGGAGGGACTAGCGGGAACTACGAGCAGTACTTCGGGCCG"	"CASSLFGGGTSGNYEQYF"	"TCRBV27-1*1"	"TCRBD2-1*2"	"TCRBJ2-7*1"	43	51	64	65	8	1	NA	NA	"AGCCCCAACCAGACCTCTCTGTACTTCTGTGCCAGCAGTTTATTTGGGGGAGGGACTAGCGGGAACTACGAGCAGTACTTCGGGCCG"	FALSE	TRUE	NA	NA	NA	NA
"TCTCACTGTGACATCGGCCCAAAAGAACCCGACAGCTTTCTATCTCTGTGCCAGAACGGACAGGAAGGCGAGCAGTACTTCGGGCCG"	""	"TCTCACTGTGACATCGGCCCAAAAGAACCCGACAGCTTTCTATCTCTGTGCCAGAACGGACAGGAAGGCGAGCAGTACTTCGGGCCG"	""	"TCRBV19-1*1"	"TCRBD1-1*1"	"TCRBJ2-7*1"	54	57	64	68	3	4	NA	NA	"TCTCACTGTGACATCGGCCCAAAAGAACCCGACAGCTTTCTATCTCTGTGCCAGAACGGACAGGAAGGCGAGCAGTACTTCGGGCCG"	FALSE	FALSE	NA	NA	NA	NA
"CTGGAGTCCGCCAGCACCAACCAGACATCTATGTACCTCTGTGCCAGCAGTCCGCAGCAGGGATACACTGAAGCTTTCTTTGGACAA"	"CASSPQQGYTEAFF"	"CTGGAGTCCGCCAGCACCAACCAGACATCTATGTACCTCTGTGCCAGCAGTCCGCAGCAGGGATACACTGAAGCTTTCTTTGGACAA"	"CASSPQQGYTEAFF"	"TCRBV28-1*1"	"TCRBD1-1*1"	"TCRBJ1-1*1"	51	57	62	64	6	2	NA	NA	"CTGGAGTCCGCCAGCACCAACCAGACATCTATGTACCTCTGTGCCAGCAGTCCGCAGCAGGGATACACTGAAGCTTTCTTTGGACAA"	FALSE	TRUE	NA	NA	NA	NA
"GAGTCCGCCAGCACCAACCAGACATCTATGTACCTCTGTGCCAGCAGTTTACGTCGACAGGGAAGTCAGCCCCAGCATTTTGGTGAT"	"CASSLRRQGSQPQHF"	"GAGTCCGCCAGCACCAACCAGACATCTATGTACCTCTGTGCCAGCAGTTTACGTCGACAGGGAAGTCAGCCCCAGCATTTTGGTGAT"	"CASSLRRQGSQPQHF"	"TCRBV28-1*1"	"TCRBD1-1*1"	"TCRBJ1-5*1"	51	55	62	65	4	3	NA	NA	"GAGTCCGCCAGCACCAACCAGACATCTATGTACCTCTGTGCCAGCAGTTTACGTCGACAGGGAAGTCAGCCCCAGCATTTTGGTGAT"	FALSE	TRUE	NA	NA	NA	NA
"ACAGTGACCAGTGCCCATCCTGAAGACAGCAGCTTCTACATCTGCAGTGCTCCTGACAGGGGTAATACCATTCAGTACTTCGGCGCC"	"CSAPDRGNTIQYF"	"ACAGTGACCAGTGCCCATCCTGAAGACAGCAGCTTCTACATCTGCAGTGCTCCTGACAGGGGTAATACCATTCAGTACTTCGGCGCC"	"CSAPDRGNTIQYF"	NA	"TCRBD1-1*1"	"TCRBJ2-4*1"	51	54	62	68	3	6	NA	NA	"ACAGTGACCAGTGCCCATCCTGAAGACAGCAGCTTCTACATCTGCAGTGCTCCTGACAGGGGTAATACCATTCAGTACTTCGGCGCC"	FALSE	TRUE	NA	NA	NA	NA
"CTGGAGTCGCCCAGCCCCAACCAGACCTCTCTGTACTTCTGTGCCAGCAGTTTTTCCGGGACCTACAATGAGCAGTTCTTCGGGCCA"	"CASSFSGTYNEQFF"	"CTGGAGTCGCCCAGCCCCAACCAGACCTCTCTGTACTTCTGTGCCAGCAGTTTTTCCGGGACCTACAATGAGCAGTTCTTCGGGCCA"	"CASSFSGTYNEQFF"	"TCRBV27-1*1"	"TCRBD2-1*2"	"TCRBJ2-1*1"	53	56	-1	61	3	62	NA	NA	"CTGGAGTCGCCCAGCCCCAACCAGACCTCTCTGTACTTCTGTGCCAGCAGTTTTTCCGGGACCTACAATGAGCAGTTCTTCGGGCCA"	FALSE	TRUE	NA	NA	NA	NA
"TGCAGAGCTTGGGGACTCGGCCGTGTATCTCTGTGCCAGCAGGCCTACAGACCGGGACTAGCGGGAGTCGAGCAGTACTTCGGGCCG"	""	"TGCAGAGCTTGGGGACTCGGCCGTGTATCTCTGTGCCAGCAGGCCTACAGACCGGGACTAGCGGGAGTCGAGCAGTACTTCGGGCCG"	""	"TCRBV11-3*1"	"TCRBD2-1*2"	"TCRBJ2-7*1"	42	53	67	68	11	1	NA	NA	"TGCAGAGCTTGGGGACTCGGCCGTGTATCTCTGTGCCAGCAGGCCTACAGACCGGGACTAGCGGGAGTCGAGCAGTACTTCGGGCCG"	FALSE	FALSE	NA	NA	NA	NA
"CTGAATGTGAACGCCTTGGAGCTGGACGACTCGGCCCTGTATCTCTGTGCCAGCAGCTTGATCAACTATGGCTACACCTTCGGTTCG"	"CASSLINYGYTF"	"CTGAATGTGAACGCCTTGGAGCTGGACGACTCGGCCCTGTATCTCTGTGCCAGCAGCTTGATCAACTATGGCTACACCTTCGGTTCG"	"CASSLINYGYTF"	"TCRBV5-4*1"	NA	"TCRBJ1-2*1"	-1	-1	60	63	0	3	NA	NA	"CTGAATGTGAACGCCTTGGAGCTGGACGACTCGGCCCTGTATCTCTGTGCCAGCAGCTTGATCAACTATGGCTACACCTTCGGTTCG"	FALSE	TRUE	NA	NA	NA	NA
"TTGGAGCTGGGGGACTCAGCCCTGTACTTCTGTGCCAGCAGCTTAGCGGGACTAGCGGGAGCAGGTAATGAGCAGTTCTTCGGGCCA"	"CASSLAGLAGAGNEQFF"	"TTGGAGCTGGGGGACTCAGCCCTGTACTTCTGTGCCAGCAGCTTAGCGGGACTAGCGGGAGCAGGTAATGAGCAGTTCTTCGGGCCA"	"CASSLAGLAGAGNEQFF"	"TCRBV13-1*1"	"TCRBD2-1*2"	"TCRBJ2-1*1"	46	47	61	66	1	5	NA	NA	"TTGGAGCTGGGGGACTCAGCCCTGTACTTCTGTGCCAGCAGCTTAGCGGGACTAGCGGGAGCAGGTAATGAGCAGTTCTTCGGGCCA"	FALSE	TRUE	NA	NA	NA	NA
"GTGCCCATCCTGAAGACAGCAGCTTCTACATCTGCAGTGCTAGATGCCCGGGTAGCGGAAAGCCAAGAGACCCAGTACTTCGGGCCA"	""	"GTGCCCATCCTGAAGACAGCAGCTTCTACATCTGCAGTGCTAGATGCCCGGGTAGCGGAAAGCCAAGAGACCCAGTACTTCGGGCCA"	""	NA	"TCRBD2-1"	"TCRBJ2-5*1"	44	52	58	62	8	4	NA	NA	"GTGCCCATCCTGAAGACAGCAGCTTCTACATCTGCAGTGCTAGATGCCCGGGTAGCGGAAAGCCAAGAGACCCAGTACTTCGGGCCA"	FALSE	FALSE	NA	NA	NA	NA
"GTGACCAGTGCCCATCCTGAAGACAGCAGCTTCTACATCTGCAGTGCCCGGGACGGCGGAATGAACACTGAAGCTTTCTTTGGACAA"	"CSARDGGMNTEAFF"	"GTGACCAGTGCCCATCCTGAAGACAGCAGCTTCTACATCTGCAGTGCCCGGGACGGCGGAATGAACACTGAAGCTTTCTTTGGACAA"	"CSARDGGMNTEAFF"	NA	NA	"TCRBJ1-1*1"	47	49	54	61	2	7	NA	NA	"GTGACCAGTGCCCATCCTGAAGACAGCAGCTTCTACATCTGCAGTGCCCGGGACGGCGGAATGAACACTGAAGCTTTCTTTGGACAA"	FALSE	TRUE	NA	NA	NA	NA
"ACAGTGACCAGTGCCCATCCTGAAGACAGCAGCTTCTACATCTGCAGTGCTAGAATTCGGTTAGCCGAGACCCAGTACTTCGGGCCA"	"CSARIRLAETQYF"	"ACAGTGACCAGTGCCCATCCTGAAGACAGCAGCTTCTACATCTGCAGTGCTAGAATTCGGTTAGCCGAGACCCAGTACTTCGGGCCA"	"CSARIRLAETQYF"	NA	"TCRBD2-1"	"TCRBJ2-5*1"	54	61	65	66	7	1	NA	NA	"ACAGTGACCAGTGCCCATCCTGAAGACAGCAGCTTCTACATCTGCAGTGCTAGAATTCGGTTAGCCGAGACCCAGTACTTCGGGCCA"	FALSE	TRUE	NA	NA	NA	NA
"GTTGCTGGGGGACTCGGCCCTGTATCTCTGTGCCAGCAGCCCCAACCCTGACAGGGCTGATGCGATGAAAAACTGTTTTTTGGCAGT"	""	"GTTGCTGGGGGACTCGGCCCTGTATCTCTGTGCCAGCAGCCCCAACCCTGACAGGGCTGATGCGATGAAAAACTGTTTTTTGGCAGT"	""	"TCRBV5-5*1"	"TCRBD1-1*1"	"TCRBJ1-4*1"	40	49	56	64	9	8	NA	NA	"GTTGCTGGGGGACTCGGCCCTGTATCTCTGTGCCAGCAGCCCCAACCCTGACAGGGCTGATGCGATGAAAAACTGTTTTTTGGCAGT"	FALSE	FALSE	NA	NA	NA	NA
"GCACAGAGCAGGAGGACTCGGCCGTGTATCTCTGTGCCAGCAGCTCTGGGACTAGCGGGGGTTCCAGATACGCAGTATTTTGGCCCA"	""	"GCACAGAGCAGGAGGACTCGGCCGTGTATCTCTGTGCCAGCAGCTCTGGGACTAGCGGGGGTTCCAGATACGCAGTATTTTGGCCCA"	""	"TCRBV7-2"	"TCRBD2-1*1"	"TCRBJ2-3*1"	45	47	61	64	2	3	NA	NA	"GCACAGAGCAGGAGGACTCGGCCGTGTATCTCTGTGCCAGCAGCTCTGGGACTAGCGGGGGTTCCAGATACGCAGTATTTTGGCCCA"	FALSE	FALSE	NA	NA	NA	NA
"CGCCAGCACCAACCAGACATCTATGTACCTCTGTGCCAGACAATTTTGACAGGGGTCCTATTGTGCGATACGCAGTATTTTGGCCCA"	""	"CGCCAGCACCAACCAGACATCTATGTACCTCTGTGCCAGACAATTTTGACAGGGGTCCTATTGTGCGATACGCAGTATTTTGGCCCA"	""	"TCRBV28-1*1"	"TCRBD1-1*1"	"TCRBJ2-3*1"	39	47	55	66	8	11	NA	NA	"CGCCAGCACCAACCAGACATCTATGTACCTCTGTGCCAGACAATTTTGACAGGGGTCCTATTGTGCGATACGCAGTATTTTGGCCCA"	FALSE	FALSE	NA	NA	NA	NA
"GCCGTGTATCTCTGTGCCAGCAGCTTAGATCGAGTCAAACGAAGGACTAGCGTGTCGAGCTCCTACAATGAGCAGTTCTTCGGGCCA"	"CASSLDRVKRRTSVSSSYNEQFF"	"GCCGTGTATCTCTGTGCCAGCAGCTTAGATCGAGTCAAACGAAGGACTAGCGTGTCGAGCTCCTACAATGAGCAGTTCTTCGGGCCA"	"CASSLDRVKRRTSVSSSYNEQFF"	NA	"TCRBD2-1"	"TCRBJ2-1*1"	29	43	52	59	14	7	NA	NA	"GCCGTGTATCTCTGTGCCAGCAGCTTAGATCGAGTCAAACGAAGGACTAGCGTGTCGAGCTCCTACAATGAGCAGTTCTTCGGGCCA"	FALSE	TRUE	NA	NA	NA	NA
"ACTGTGAGCAACATGAGCCCTGAAGACAGCAGCATATATCTCTGCAGCGTCCTGACAAGGGCAGGGAGCGGCTACACCTTCGGTTCG"	"CSVLTRAGSGYTF"	"ACTGTGAGCAACATGAGCCCTGAAGACAGCAGCATATATCTCTGCAGCGTCCTGACAAGGGCAGGGAGCGGCTACACCTTCGGTTCG"	"CSVLTRAGSGYTF"	"TCRBV29-1"	NA	"TCRBJ1-2*1"	50	61	66	69	11	3	NA	NA	"ACTGTGAGCAACATGAGCCCTGAAGACAGCAGCATATATCTCTGCAGCGTCCTGACAAGGGCAGGGAGCGGCTACACCTTCGGTTCG"	FALSE	TRUE	NA	NA	NA	NA
"AGATCCAGCCTGCAAAGCTTGAGGACTCGGCCGTGTATCTCTGTGCCAGCAATCCGGGGTTCCGTCGATACGCAGTATTTTGGCCCA"	""	"AGATCCAGCCTGCAAAGCTTGAGGACTCGGCCGTGTATCTCTGTGCCAGCAATCCGGGGTTCCGTCGATACGCAGTATTTTGGCCCA"	""	"TCRBV11-2*1"	"TCRBD2-1*1"	"TCRBJ2-3*1"	51	54	59	66	3	7	NA	NA	"AGATCCAGCCTGCAAAGCTTGAGGACTCGGCCGTGTATCTCTGTGCCAGCAATCCGGGGTTCCGTCGATACGCAGTATTTTGGCCCA"	FALSE	FALSE	NA	NA	NA	NA
"GAGTCAGGGGACACAGCACTGTATTTCTGTGCCAGCACTTACGCCGGGACAGGGGAACTCGGCAATCAGCCCCAGCATTTTGGTGAT"	"CASTYAGTGELGNQPQHF"	"GAGTCAGGGGACACAGCACTGTATTTCTGTGCCAGCACTTACGCCGGGACAGGGGAACTCGGCAATCAGCCCCAGCATTTTGGTGAT"	"CASTYAGTGELGNQPQHF"	"TCRBV21-1*1"	"TCRBD1-1*1"	"TCRBJ1-5*1"	37	45	55	61	8	6	NA	NA	"GAGTCAGGGGACACAGCACTGTATTTCTGTGCCAGCACTTACGCCGGGACAGGGGAACTCGGCAATCAGCCCCAGCATTTTGGTGAT"	FALSE	TRUE	NA	NA	NA	NA
"CAGCCCTCAGAACCCAGGGACTCAGCTGTGTACTTCTGTGCCAGCAGTTTTGGGGGGCCGCGTTCCTACGAGCAGTACTTCGGGCCG"	"CASSFGGPRSYEQYF"	"CAGCCCTCAGAACCCAGGGACTCAGCTGTGTACTTCTGTGCCAGCAGTTTTGGGGGGCCGCGTTCCTACGAGCAGTACTTCGGGCCG"	"CASSFGGPRSYEQYF"	NA	NA	"TCRBJ2-7*1"	50	52	58	63	2	5	NA	NA	"CAGCCCTCAGAACCCAGGGACTCAGCTGTGTACTTCTGTGCCAGCAGTTTTGGGGGGCCGCGTTCCTACGAGCAGTACTTCGGGCCG"	FALSE	TRUE	NA	NA	NA	NA
"GTGAGCAACATGAGCCCTGAAGACAGCAGCATATATCTCTGCAGCGTTCTCTCGACGCCCGGTCGGAACGAGCAGTACTTCGGGCCG"	"CSVLSTPGRNEQYF"	"GTGAGCAACATGAGCCCTGAAGACAGCAGCATATATCTCTGCAGCGTTCTCTCGACGCCCGGTCGGAACGAGCAGTACTTCGGGCCG"	"CSVLSTPGRNEQYF"	"TCRBV29-1"	NA	"TCRBJ2-7*1"	48	64	-1	67	16	68	NA	NA	"GTGAGCAACATGAGCCCTGAAGACAGCAGCATATATCTCTGCAGCGTTCTCTCGACGCCCGGTCGGAACGAGCAGTACTTCGGGCCG"	FALSE	TRUE	NA	NA	NA	NA
"GCTGCTCCCTCCCAGACATCTGTGTACTTCTGTGCCAGCAGTTACTCGCCCCCGGGACAGAAACTCTACGAGCAGTACTTCGGGCCG"	"CASSYSPPGQKLYEQYF"	"GCTGCTCCCTCCCAGACATCTGTGTACTTCTGTGCCAGCAGTTACTCGCCCCCGGGACAGAAACTCTACGAGCAGTACTTCGGGCCG"	"CASSYSPPGQKLYEQYF"	NA	"TCRBD1-1*1"	"TCRBJ2-7*1"	47	53	60	65	6	5	NA	NA	"GCTGCTCCCTCCCAGACATCTGTGTACTTCTGTGCCAGCAGTTACTCGCCCCCGGGACAGAAACTCTACGAGCAGTACTTCGGGCCG"	FALSE	TRUE	NA	NA	NA	NA
"CAGCGCACAGAGCGGGGGGACTCAGCCGTGTATCTCTGTGCCAGCAGCCTAGCGGGAGTTTTCACAGATACGCAGTATTTTGGCCCA"	"CASSLAGVFTDTQYF"	"CAGCGCACAGAGCGGGGGGACTCAGCCGTGTATCTCTGTGCCAGCAGCCTAGCGGGAGTTTTCACAGATACGCAGTATTTTGGCCCA"	"CASSLAGVFTDTQYF"	"TCRBV7-3*1"	"TCRBD2-1*2"	"TCRBJ2-3*1"	-1	48	58	62	49	4	NA	NA	"CAGCGCACAGAGCGGGGGGACTCAGCCGTGTATCTCTGTGCCAGCAGCCTAGCGGGAGTTTTCACAGATACGCAGTATTTTGGCCCA"	FALSE	TRUE	NA	NA	NA	NA
"GCTCCCTCCCAGACATCTGTGTACTTCTGTGCCAGCAGTTACCGAATTCTAGCGGGGGCTAACACCGGGGAGCTGTTTTTTGGAGAA"	"CASSYRILAGANTGELFF"	"GCTCCCTCCCAGACATCTGTGTACTTCTGTGCCAGCAGTTACCGAATTCTAGCGGGGGCTAACACCGGGGAGCTGTTTTTTGGAGAA"	"CASSYRILAGANTGELFF"	NA	"TCRBD2-1*1"	"TCRBJ2-2*1"	42	48	58	60	6	2	NA	NA	"GCTCCCTCCCAGACATCTGTGTACTTCTGTGCCAGCAGTTACCGAATTCTAGCGGGGGCTAACACCGGGGAGCTGTTTTTTGGAGAA"	FALSE	TRUE	NA	NA	NA	NA
"GTGAGCACCTTGGAGCTGGGGGACTCGGCCCTTTATCTTTGCGCCAGCAGCTGGGCGGGCCCCTCCTACGAGCAGTACTTCGGGCCG"	"CASSWAGPSYEQYF"	"GTGAGCACCTTGGAGCTGGGGGACTCGGCCCTTTATCTTTGCGCCAGCAGCTGGGCGGGCCCCTCCTACGAGCAGTACTTCGGGCCG"	"CASSWAGPSYEQYF"	"TCRBV5-1*1"	"TCRBD2-1"	"TCRBJ2-7*1"	52	54	59	62	2	3	NA	NA	"GTGAGCACCTTGGAGCTGGGGGACTCGGCCCTTTATCTTTGCGCCAGCAGCTGGGCGGGCCCCTCCTACGAGCAGTACTTCGGGCCG"	FALSE	TRUE	NA	NA	NA	NA
"NAGCCTGGCAATCCTGTCCTCAGAACCGGGAGACACGGCACTGTATCTCTGCGCCAGCAGTCGTGTAACGAGCAGTACTTCGGGCCG"	""	"NAGCCTGGCAATCCTGTCCTCAGAACCGGGAGACACGGCACTGTATCTCTGCGCCAGCAGTCGTGTAACGAGCAGTACTTCGGGCCG"	""	"TCRBV23-1*1"	"TCRBD2-1"	"TCRBJ2-7*1"	62	65	-1	67	3	68	NA	NA	"NAGCCTGGCAATCCTGTCCTCAGAACCGGGAGACACGGCACTGTATCTCTGCGCCAGCAGTCGTGTAACGAGCAGTACTTCGGGCCG"	FALSE	FALSE	NA	NA	NA	NA
"GGCCTGGGGGACGCAGCCATGTACCTGTGTGCCACCAGCAGGGGAATGAAAGGACAGGGCGGATGGAATGAGCAGTTCTTCGGGCCA"	"CATSRGMKGQGGWNEQFF"	"GGCCTGGGGGACGCAGCCATGTACCTGTGTGCCACCAGCAGGGGAATGAAAGGACAGGGCGGATGGAATGAGCAGTTCTTCGGGCCA"	"CATSRGMKGQGGWNEQFF"	"TCRBV15-1*2"	"TCRBD1-1*1"	"TCRBJ2-1*1"	41	51	59	66	10	7	NA	NA	"GGCCTGGGGGACGCAGCCATGTACCTGTGTGCCACCAGCAGGGGAATGAAAGGACAGGGCGGATGGAATGAGCAGTTCTTCGGGCCA"	FALSE	TRUE	NA	NA	NA	NA
"CAGTGACCAGTGCCCATCCTGAAGACAGCAGCTTCTACATCTGCAGTGCTAGATGATGGGCGAACCTACGAGCAGTACTTCGGGCCG"	""	"CAGTGACCAGTGCCCATCCTGAAGACAGCAGCTTCTACATCTGCAGTGCTAGATGATGGGCGAACCTACGAGCAGTACTTCGGGCCG"	""	NA	"TCRBD1-1*1"	"TCRBJ2-7*1"	53	57	61	64	4	3	NA	NA	"CAGTGACCAGTGCCCATCCTGAAGACAGCAGCTTCTACATCTGCAGTGCTAGATGATGGGCGAACCTACGAGCAGTACTTCGGGCCG"	FALSE	FALSE	NA	NA	NA	NA
"TCTGCCATCCCCAACCAGACAGCTCTTTACTTCTGTGCCACCAGTGATCCAGCGGGACAGTTCACAGATACGCAGTATTTTGGCCCA"	"CATSDPAGQFTDTQYF"	"TCTGCCATCCCCAACCAGACAGCTCTTTACTTCTGTGCCACCAGTGATCCAGCGGGACAGTTCACAGATACGCAGTATTTTGGCCCA"	"CATSDPAGQFTDTQYF"	"TCRBV24-1*1"	NA	"TCRBJ2-3*1"	48	53	60	62	5	2	NA	NA	"TCTGCCATCCCCAACCAGACAGCTCTTTACTTCTGTGCCACCAGTGATCCAGCGGGACAGTTCACAGATACGCAGTATTTTGGCCCA"	FALSE	TRUE	NA	NA	NA	NA
"CAGCCTGCAAAGCTTGAGGACTCGGCCGTGTATCTCTGTGCCAGCAGCCGAGCGGGAACTAGCACAGATACGCAGTATTTTGGCCCA"	"CASSRAGTSTDTQYF"	"CAGCCTGCAAAGCTTGAGGACTCGGCCGTGTATCTCTGTGCCAGCAGCCGAGCGGGAACTAGCACAGATACGCAGTATTTTGGCCCA"	"CASSRAGTSTDTQYF"	"TCRBV11-2*1"	"TCRBD2-1*2"	"TCRBJ2-3*1"	48	50	57	60	2	3	NA	NA	"CAGCCTGCAAAGCTTGAGGACTCGGCCGTGTATCTCTGTGCCAGCAGCCGAGCGGGAACTAGCACAGATACGCAGTATTTTGGCCCA"	FALSE	TRUE	NA	NA	NA	NA
"TCCACTCTGACAGTGACCAGTGCCCATCCTGAAGACAGCAGCTTCTACATCTGCAGTGCTAGGGGGGGACTCTACACCTTCGGTTCG"	"CSARGGLYTF"	"TCCACTCTGACAGTGACCAGTGCCCATCCTGAAGACAGCAGCTTCTACATCTGCAGTGCTAGGGGGGGACTCTACACCTTCGGTTCG"	"CSARGGLYTF"	"TCRBV2-1"	"TCRBD2-1"	"TCRBJ1-2*1"	62	65	-1	71	3	72	NA	NA	"TCCACTCTGACAGTGACCAGTGCCCATCCTGAAGACAGCAGCTTCTACATCTGCAGTGCTAGGGGGGGACTCTACACCTTCGGTTCG"	FALSE	TRUE	NA	NA	NA	NA
"CACCTACACACCCTGCAGCCAGAAGACTCGGCCCTGTATCTCTGTGCCAGCAGCCCCAGGAGCTCCTACGAGCAGTACTTCGGGCCG"	"CASSPRSSYEQYF"	"CACCTACACACCCTGCAGCCAGAAGACTCGGCCCTGTATCTCTGTGCCAGCAGCCCCAGGAGCTCCTACGAGCAGTACTTCGGGCCG"	"CASSPRSSYEQYF"	"TCRBV4-2*1"	NA	"TCRBJ2-7*1"	55	56	60	62	1	2	NA	NA	"CACCTACACACCCTGCAGCCAGAAGACTCGGCCCTGTATCTCTGTGCCAGCAGCCCCAGGAGCTCCTACGAGCAGTACTTCGGGCCG"	FALSE	TRUE	NA	NA	NA	NA
"GCTTGGGGACTCGGCCGTGTATCTCTGTGCCAGCAGCTTAGTCCCACTTTGGAGCGGGATATTTTATAGACCCAGTACTTCGGGCCA"	""	"GCTTGGGGACTCGGCCGTGTATCTCTGTGCCAGCAGCTTAGTCCCACTTTGGAGCGGGATATTTTATAGACCCAGTACTTCGGGCCA"	""	"TCRBV11-3*1"	"TCRBD2-1*2"	"TCRBJ2-5*1"	41	52	59	67	11	8	NA	NA	"GCTTGGGGACTCGGCCGTGTATCTCTGTGCCAGCAGCTTAGTCCCACTTTGGAGCGGGATATTTTATAGACCCAGTACTTCGGGCCA"	FALSE	FALSE	NA	NA	NA	NA
"AGCAGGGGGACTCGGCCATGTATCTCTGTGCCAGCAGGGACGGGCGCCACAACACGAATAGCCAAAAACATTCAGTACTTCGGCGCC"	""	"AGCAGGGGGACTCGGCCATGTATCTCTGTGCCAGCAGGGACGGGCGCCACAACACGAATAGCCAAAAACATTCAGTACTTCGGCGCC"	""	"TCRBV7-9*1"	NA	"TCRBJ2-4*1"	-1	37	41	59	38	18	NA	NA	"AGCAGGGGGACTCGGCCATGTATCTCTGTGCCAGCAGGGACGGGCGCCACAACACGAATAGCCAAAAACATTCAGTACTTCGGCGCC"	FALSE	FALSE	NA	NA	NA	NA
"TCGGCTGCTCCCTCCCAAACATCTGTGTACTTCTGTGCCAGCAGTTCGGGACCAATGAGTAGGAACACTGAAGCTTTCTTTGGACAA"	"CASSSGPMSRNTEAFF"	"TCGGCTGCTCCCTCCCAAACATCTGTGTACTTCTGTGCCAGCAGTTCGGGACCAATGAGTAGGAACACTGAAGCTTTCTTTGGACAA"	"CASSSGPMSRNTEAFF"	"TCRBV6-2/6-3*1"	NA	"TCRBJ1-1*1"	46	47	52	62	1	10	NA	NA	"TCGGCTGCTCCCTCCCAAACATCTGTGTACTTCTGTGCCAGCAGTTCGGGACCAATGAGTAGGAACACTGAAGCTTTCTTTGGACAA"	FALSE	TRUE	NA	NA	NA	NA
"ACCCTGCAGCCAGAAGACTCGGCCCTGTATCTCTGCGCCAGCAGCCAAGACCAGGGATCTGGGGCCAACGTCCTGACTTTCGGGGCC"	"CASSQDQGSGANVLTF"	"ACCCTGCAGCCAGAAGACTCGGCCCTGTATCTCTGCGCCAGCAGCCAAGACCAGGGATCTGGGGCCAACGTCCTGACTTTCGGGGCC"	"CASSQDQGSGANVLTF"	"TCRBV4-3*1"	"TCRBD1-1*1"	"TCRBJ2-6*1"	50	51	56	57	1	1	NA	NA	"ACCCTGCAGCCAGAAGACTCGGCCCTGTATCTCTGCGCCAGCAGCCAAGACCAGGGATCTGGGGCCAACGTCCTGACTTTCGGGGCC"	FALSE	TRUE	NA	NA	NA	NA
"CGGTCCACAAAGCTGGAGGACTCAGCCATGTACTTCTGTGCCAGCAATTCTAGGGGTCTCGGACAAAACGAGCAGTACTTCGGGCCG"	"CASNSRGLGQNEQYF"	"CGGTCCACAAAGCTGGAGGACTCAGCCATGTACTTCTGTGCCAGCAATTCTAGGGGTCTCGGACAAAACGAGCAGTACTTCGGGCCG"	"CASNSRGLGQNEQYF"	"TCRBV2-1"	"TCRBD1-1*1"	"TCRBJ2-7*1"	46	60	65	67	14	2	NA	NA	"CGGTCCACAAAGCTGGAGGACTCAGCCATGTACTTCTGTGCCAGCAATTCTAGGGGTCTCGGACAAAACGAGCAGTACTTCGGGCCG"	FALSE	TRUE	NA	NA	NA	NA
"GTGACATCGGCCCAAAAGAACCCGACAGCTTTCTATCTCTGTGCCAGTAGTATAGATTCCGGGACCGGACAAGCTTTCTTTGGACAA"	"CASSIDSGTGQAFF"	"GTGACATCGGCCCAAAAGAACCCGACAGCTTTCTATCTCTGTGCCAGTAGTATAGATTCCGGGACCGGACAAGCTTTCTTTGGACAA"	"CASSIDSGTGQAFF"	"TCRBV19-1*1"	NA	"TCRBJ1-1*1"	56	60	65	70	4	5	NA	NA	"GTGACATCGGCCCAAAAGAACCCGACAGCTTTCTATCTCTGTGCCAGTAGTATAGATTCCGGGACCGGACAAGCTTTCTTTGGACAA"	FALSE	TRUE	NA	NA	NA	NA
"GTCAGGGGACACAGCACTGTATTTCTGTGCCAGCAGCACTACGCGGGGTAACAGCGGGAAGACCCCCACGAGCAGTACTTCGGGCCG"	""	"GTCAGGGGACACAGCACTGTATTTCTGTGCCAGCAGCACTACGCGGGGTAACAGCGGGAAGACCCCCACGAGCAGTACTTCGGGCCG"	""	"TCRBV21-1*1"	"TCRBD2-1*2"	"TCRBJ2-7*1"	38	52	59	67	14	8	NA	NA	"GTCAGGGGACACAGCACTGTATTTCTGTGCCAGCAGCACTACGCGGGGTAACAGCGGGAAGACCCCCACGAGCAGTACTTCGGGCCG"	FALSE	FALSE	NA	NA	NA	NA
"GAACCCAGGGACTCAGCTGTGTACTTCTGTGCCAGCAGTTTAGAAATAGGGACAGGGGGTTTCGGCACTGAAGCTTTCTTTGGACAA"	"CASSLEIGTGGFGTEAFF"	"GAACCCAGGGACTCAGCTGTGTACTTCTGTGCCAGCAGTTTAGAAATAGGGACAGGGGGTTTCGGCACTGAAGCTTTCTTTGGACAA"	"CASSLEIGTGGFGTEAFF"	NA	"TCRBD1-1*1"	"TCRBJ1-1*1"	43	48	59	65	5	6	NA	NA	"GAACCCAGGGACTCAGCTGTGTACTTCTGTGCCAGCAGTTTAGAAATAGGGACAGGGGGTTTCGGCACTGAAGCTTTCTTTGGACAA"	FALSE	TRUE	NA	NA	NA	NA
"GTATCTCTGTGCCAGCAGCTTATAGGGATCCCTTTCTCCCCGGGACAGGGGAAGGCTACAACTAATGAAAAACTGTTTTTTGGCAGT"	""	"GTATCTCTGTGCCAGCAGCTTATAGGGATCCCTTTCTCCCCGGGACAGGGGAAGGCTACAACTAATGAAAAACTGTTTTTTGGCAGT"	""	NA	"TCRBD1-1*1"	"TCRBJ1-4*1"	22	41	51	58	19	7	NA	NA	"GTATCTCTGTGCCAGCAGCTTATAGGGATCCCTTTCTCCCCGGGACAGGGGAAGGCTACAACTAATGAAAAACTGTTTTTTGGCAGT"	FALSE	FALSE	NA	NA	NA	NA
"GAGTCCGCCAGCACCAACCAGACATCTATGTACCTCTGTGCCAGCAGTTTAGAGAGACAGGGGGCAGACGAGCAGTACTTCGGGCCG"	"CASSLERQGADEQYF"	"GAGTCCGCCAGCACCAACCAGACATCTATGTACCTCTGTGCCAGCAGTTTAGAGAGACAGGGGGCAGACGAGCAGTACTTCGGGCCG"	"CASSLERQGADEQYF"	"TCRBV28-1*1"	"TCRBD1-1*1"	"TCRBJ2-7*1"	51	55	65	67	4	2	NA	NA	"GAGTCCGCCAGCACCAACCAGACATCTATGTACCTCTGTGCCAGCAGTTTAGAGAGACAGGGGGCAGACGAGCAGTACTTCGGGCCG"	FALSE	TRUE	NA	NA	NA	NA
"CTACACGCCCTGCAGCCAGAAGACTCAGCCCTGTATCTCTGCGCCAGCAGCCAAGCCCGAGGGGGAGGCAAAGCTTTCTTTGGACAA"	"CASSQARGGGKAFF"	"CTACACGCCCTGCAGCCAGAAGACTCAGCCCTGTATCTCTGCGCCAGCAGCCAAGCCCGAGGGGGAGGCAAAGCTTTCTTTGGACAA"	"CASSQARGGGKAFF"	"TCRBV4-1*1"	NA	"TCRBJ1-1*1"	55	59	65	70	4	5	NA	NA	"CTACACGCCCTGCAGCCAGAAGACTCAGCCCTGTATCTCTGCGCCAGCAGCCAAGCCCGAGGGGGAGGCAAAGCTTTCTTTGGACAA"	FALSE	TRUE	NA	NA	NA	NA
"TTGGCTGCTCCCTCCCAGACATCTGTGTACTTCTGTGCCAGCAGTTACCTTCCCCACGACGTCTTGTATGGCTACACCTTCGGTTCG"	"CASSYLPHDVLYGYTF"	"TTGGCTGCTCCCTCCCAGACATCTGTGTACTTCTGTGCCAGCAGTTACCTTCCCCACGACGTCTTGTATGGCTACACCTTCGGTTCG"	"CASSYLPHDVLYGYTF"	"TCRBV6-6*1"	NA	"TCRBJ1-2*1"	48	57	60	66	9	6	NA	NA	"TTGGCTGCTCCCTCCCAGACATCTGTGTACTTCTGTGCCAGCAGTTACCTTCCCCACGACGTCTTGTATGGCTACACCTTCGGTTCG"	FALSE	TRUE	NA	NA	NA	NA
"GTGAACGCCTTGGAGCTGGACGACTCGGCCCTGTATCTCTGTGCTAGCAGCTCGGGACCGAAGAACACTGAAGCTTTCTTTGGACAA"	"CASSSGPKNTEAFF"	"GTGAACGCCTTGGAGCTGGACGACTCGGCCCTGTATCTCTGTGCTAGCAGCTCGGGACCGAAGAACACTGAAGCTTTCTTTGGACAA"	"CASSSGPKNTEAFF"	"TCRBV5-4*1"	NA	"TCRBJ1-1*1"	52	53	58	62	1	4	NA	NA	"GTGAACGCCTTGGAGCTGGACGACTCGGCCCTGTATCTCTGTGCTAGCAGCTCGGGACCGAAGAACACTGAAGCTTTCTTTGGACAA"	FALSE	TRUE	NA	NA	NA	NA
"AAGATCCAGCGCACAGAGCGGGGGGACTCAGCCGTGTATCTCTGTGCCAGCACCATAGCGGGAGAAAATGAGCAGTTCTTCGGGCCA"	"CASTIAGENEQFF"	"AAGATCCAGCGCACAGAGCGGGGGGACTCAGCCGTGTATCTCTGTGCCAGCACCATAGCGGGAGAAAATGAGCAGTTCTTCGGGCCA"	"CASTIAGENEQFF"	"TCRBV7-3*1"	"TCRBD2-1*2"	"TCRBJ2-1*1"	52	55	64	66	3	2	NA	NA	"AAGATCCAGCGCACAGAGCGGGGGGACTCAGCCGTGTATCTCTGTGCCAGCACCATAGCGGGAGAAAATGAGCAGTTCTTCGGGCCA"	FALSE	TRUE	NA	NA	NA	NA
"CTGACGATTCAGCGCACAGAGCAGCGGGACTCGGCCATGTATCGCTGTGCCAGCAGCTTATCCGGCGAGACCCAGTACTTCGGGCCA"	"CASSLSGETQYF"	"CTGACGATTCAGCGCACAGAGCAGCGGGACTCGGCCATGTATCGCTGTGCCAGCAGCTTATCCGGCGAGACCCAGTACTTCGGGCCA"	"CASSLSGETQYF"	NA	NA	"TCRBJ2-5*1"	60	63	-1	66	3	67	NA	NA	"CTGACGATTCAGCGCACAGAGCAGCGGGACTCGGCCATGTATCGCTGTGCCAGCAGCTTATCCGGCGAGACCCAGTACTTCGGGCCA"	FALSE	TRUE	NA	NA	NA	NA
"GCCAGCACCAACCAGACATCTATGTACCTCTGTGCCAGCAGTTCGGCCTGGGCGGGAGCTTCCTACAATGAGCAGTTCTTCGGGCCA"	"CASSSAWAGASYNEQFF"	"GCCAGCACCAACCAGACATCTATGTACCTCTGTGCCAGCAGTTCGGCCTGGGCGGGAGCTTCCTACAATGAGCAGTTCTTCGGGCCA"	"CASSSAWAGASYNEQFF"	"TCRBV28-1*1"	"TCRBD2-1*2"	"TCRBJ2-1*1"	43	51	58	60	8	2	NA	NA	"GCCAGCACCAACCAGACATCTATGTACCTCTGTGCCAGCAGTTCGGCCTGGGCGGGAGCTTCCTACAATGAGCAGTTCTTCGGGCCA"	FALSE	TRUE	NA	NA	NA	NA
"CAGGGACTCAGCTGTGTACTTCTGTGCCAGCAGCCCTGGATTGGGGACAGGGAGACGTAGCTTTCAGATACGCAGTATTTTGGCCCA"	""	"CAGGGACTCAGCTGTGTACTTCTGTGCCAGCAGCCCTGGATTGGGGACAGGGAGACGTAGCTTTCAGATACGCAGTATTTTGGCCCA"	""	NA	"TCRBD1-1*1"	"TCRBJ2-3*1"	33	43	52	64	10	12	NA	NA	"CAGGGACTCAGCTGTGTACTTCTGTGCCAGCAGCCCTGGATTGGGGACAGGGAGACGTAGCTTTCAGATACGCAGTATTTTGGCCCA"	FALSE	FALSE	NA	NA	NA	NA
"CCTCAGAACCCAGGGACTCAGCTGTGTACTTCTGTGCCAGCAGTTTGCGGGGGCGGAGATGGGGCCAACGTCCTGACTTTCGGGGCC"	""	"CCTCAGAACCCAGGGACTCAGCTGTGTACTTCTGTGCCAGCAGTTTGCGGGGGCGGAGATGGGGCCAACGTCCTGACTTTCGGGGCC"	""	NA	"TCRBD2-1*1"	"TCRBJ2-6*1"	-1	46	53	59	47	6	NA	NA	"CCTCAGAACCCAGGGACTCAGCTGTGTACTTCTGTGCCAGCAGTTTGCGGGGGCGGAGATGGGGCCAACGTCCTGACTTTCGGGGCC"	FALSE	FALSE	NA	NA	NA	NA
"CTTCACATCAATTCCCTGGAGCTTGGTGACTCTGCTGTGTATTTCTGTGCCAGCAGCCTGAGAGGAGATACGCAGTATTTTGGCCCA"	"CASSLRGDTQYF"	"CTTCACATCAATTCCCTGGAGCTTGGTGACTCTGCTGTGTATTTCTGTGCCAGCAGCCTGAGAGGAGATACGCAGTATTTTGGCCCA"	"CASSLRGDTQYF"	"TCRBV3-1/3-2*1"	"TCRBD2-1*2"	"TCRBJ2-3*1"	58	61	-1	65	3	66	NA	NA	"CTTCACATCAATTCCCTGGAGCTTGGTGACTCTGCTGTGTATTTCTGTGCCAGCAGCCTGAGAGGAGATACGCAGTATTTTGGCCCA"	FALSE	TRUE	NA	NA	NA	NA
"GATCCAGCAGGTAGTGCGAGGAGATTCGGCAGCTTATTTCTGTGCCAGCTCACCGAAGACAGGGGAGATGGCTACACCTTCGGTTCG"	""	"GATCCAGCAGGTAGTGCGAGGAGATTCGGCAGCTTATTTCTGTGCCAGCTCACCGAAGACAGGGGAGATGGCTACACCTTCGGTTCG"	""	"TCRBV18-1*1"	"TCRBD1-1*1"	"TCRBJ1-2*1"	54	57	65	67	3	2	NA	NA	"GATCCAGCAGGTAGTGCGAGGAGATTCGGCAGCTTATTTCTGTGCCAGCTCACCGAAGACAGGGGAGATGGCTACACCTTCGGTTCG"	FALSE	FALSE	NA	NA	NA	NA
"CCTGGAGTCTGCCAGGCCCTCACATACCTCTCAGTACCTCTGTGCCAGCATAAGCGGGAAAGCTCCTACGAGCAGTACTTCGGGCCG"	""	"CCTGGAGTCTGCCAGGCCCTCACATACCTCTCAGTACCTCTGTGCCAGCATAAGCGGGAAAGCTCCTACGAGCAGTACTTCGGGCCG"	""	"TCRBV25-1*1"	"TCRBD2-1*2"	"TCRBJ2-7*1"	50	52	59	62	2	3	NA	NA	"CCTGGAGTCTGCCAGGCCCTCACATACCTCTCAGTACCTCTGTGCCAGCATAAGCGGGAAAGCTCCTACGAGCAGTACTTCGGGCCG"	FALSE	FALSE	NA	NA	NA	NA
"GTGAGCACCTTGGAGCTGGGGGACTCGGCCCTTTATCTTTGCGCCAGCAGCTTGGGTGTGGGGGGTTCCGAGCAGTACTTCGGGCCG"	"CASSLGVGGSEQYF"	"GTGAGCACCTTGGAGCTGGGGGACTCGGCCCTTTATCTTTGCGCCAGCAGCTTGGGTGTGGGGGGTTCCGAGCAGTACTTCGGGCCG"	"CASSLGVGGSEQYF"	"TCRBV5-1*1"	"TCRBD2-1*1"	"TCRBJ2-7*1"	55	59	65	68	4	3	NA	NA	"GTGAGCACCTTGGAGCTGGGGGACTCGGCCCTTTATCTTTGCGCCAGCAGCTTGGGTGTGGGGGGTTCCGAGCAGTACTTCGGGCCG"	FALSE	TRUE	NA	NA	NA	NA
"AATGTGAGCACCTTGGAGCTGGGGGACTCGGCCCTTTATCTTTGCGCCAGCAGCTGGGAACAGGCCTACGAGCAGTACTTCGGGCCG"	"CASSWEQAYEQYF"	"AATGTGAGCACCTTGGAGCTGGGGGACTCGGCCCTTTATCTTTGCGCCAGCAGCTGGGAACAGGCCTACGAGCAGTACTTCGGGCCG"	"CASSWEQAYEQYF"	"TCRBV5-1*1"	"TCRBD1-1*1"	"TCRBJ2-7*1"	55	59	-1	64	4	65	NA	NA	"AATGTGAGCACCTTGGAGCTGGGGGACTCGGCCCTTTATCTTTGCGCCAGCAGCTGGGAACAGGCCTACGAGCAGTACTTCGGGCCG"	FALSE	TRUE	NA	NA	NA	NA
"NTGTCGGCTGCTCCCTCCCAAACATCTGTGTACTTCTGTGCCAGCAGTTACTCGGGTAGCGGGAGTTACGAGCAGTACTTCGGGCCG"	"CASSYSGSGSYEQYF"	"NTGTCGGCTGCTCCCTCCCAAACATCTGTGTACTTCTGTGCCAGCAGTTACTCGGGTAGCGGGAGTTACGAGCAGTACTTCGGGCCG"	"CASSYSGSGSYEQYF"	"TCRBV6-2/6-3*1"	"TCRBD2-1*2"	"TCRBJ2-7*1"	53	56	65	66	3	1	NA	NA	"NTGTCGGCTGCTCCCTCCCAAACATCTGTGTACTTCTGTGCCAGCAGTTACTCGGGTAGCGGGAGTTACGAGCAGTACTTCGGGCCG"	FALSE	TRUE	NA	NA	NA	NA
"AGGATCCAGCAGGTAGTGCGAGGAGATTCGGCAGCTTATTTCTGTGCCAGCTCCCCCACTGGAAATCAGCCCCAGCATTTTGGTGAT"	"CASSPTGNQPQHF"	"AGGATCCAGCAGGTAGTGCGAGGAGATTCGGCAGCTTATTTCTGTGCCAGCTCCCCCACTGGAAATCAGCCCCAGCATTTTGGTGAT"	"CASSPTGNQPQHF"	"TCRBV18-1*1"	NA	"TCRBJ1-5*1"	53	60	-1	63	7	64	NA	NA	"AGGATCCAGCAGGTAGTGCGAGGAGATTCGGCAGCTTATTTCTGTGCCAGCTCCCCCACTGGAAATCAGCCCCAGCATTTTGGTGAT"	FALSE	TRUE	NA	NA	NA	NA
"ATCAATTCCCTGGAGCTTGGTGACTCTGCTGTGTATTTCTGTGCCAGCAGCCTACGGGGCGTCGGCACTGAAGCTTTCTTTGGACAA"	"CASSLRGVGTEAFF"	"ATCAATTCCCTGGAGCTTGGTGACTCTGCTGTGTATTTCTGTGCCAGCAGCCTACGGGGCGTCGGCACTGAAGCTTTCTTTGGACAA"	"CASSLRGVGTEAFF"	"TCRBV3-1/3-2*1"	NA	"TCRBJ1-1*1"	52	55	60	65	3	5	NA	NA	"ATCAATTCCCTGGAGCTTGGTGACTCTGCTGTGTATTTCTGTGCCAGCAGCCTACGGGGCGTCGGCACTGAAGCTTTCTTTGGACAA"	FALSE	TRUE	NA	NA	NA	NA
"TCTGCTGCCTCCTCCCAGACATCTGTATATTTCTGCGCCAGCAGCGAAGGAGCAGGGGCCAGCACAGATACGCAGTATTTTGGCCCA"	"CASSEGAGASTDTQYF"	"TCTGCTGCCTCCTCCCAGACATCTGTATATTTCTGCGCCAGCAGCGAAGGAGCAGGGGCCAGCACAGATACGCAGTATTTTGGCCCA"	"CASSEGAGASTDTQYF"	"TCRBV1-1"	"TCRBD1-1*1"	"TCRBJ2-3*1"	44	52	58	60	8	2	NA	NA	"TCTGCTGCCTCCTCCCAGACATCTGTATATTTCTGCGCCAGCAGCGAAGGAGCAGGGGCCAGCACAGATACGCAGTATTTTGGCCCA"	FALSE	TRUE	NA	NA	NA	NA
"GACTCAGCTTTGTATTTCTGTGCCAGCAGCCCCAGGGGGGTAACGGGGGCTTCCCTCTCTGGGGCCAACGTCCTGACTTTCGGGGCC"	"CASSPRGVTGASLSGANVLTF"	"GACTCAGCTTTGTATTTCTGTGCCAGCAGCCCCAGGGGGGTAACGGGGGCTTCCCTCTCTGGGGCCAACGTCCTGACTTTCGGGGCC"	"CASSPRGVTGASLSGANVLTF"	"TCRBV9-1*1"	"TCRBD1-1*1"	"TCRBJ2-6*1"	30	32	39	56	2	17	NA	NA	"GACTCAGCTTTGTATTTCTGTGCCAGCAGCCCCAGGGGGGTAACGGGGGCTTCCCTCTCTGGGGCCAACGTCCTGACTTTCGGGGCC"	FALSE	TRUE	NA	NA	NA	NA
"AGTTCTAAGAAGCTCCTTCTCAGTGACTCTGGCTTCTATCTCTGTGCCTGGAGTGTATCATGGAACACTGAAGCTTTCTTTGGACAA"	"CAWSVSWNTEAFF"	"AGTTCTAAGAAGCTCCTTCTCAGTGACTCTGGCTTCTATCTCTGTGCCTGGAGTGTATCATGGAACACTGAAGCTTTCTTTGGACAA"	"CAWSVSWNTEAFF"	"TCRBV3-1*1"	"TCRBD1-1*1"	"TCRBJ1-1*1"	56	58	60	62	2	2	NA	NA	"AGTTCTAAGAAGCTCCTTCTCAGTGACTCTGGCTTCTATCTCTGTGCCTGGAGTGTATCATGGAACACTGAAGCTTTCTTTGGACAA"	FALSE	TRUE	NA	NA	NA	NA
"AAGATCCAGCCCTCAGAACCCAGGGACTCAGCTGTGTACTTCTGCTCGGTAGCGGCAACTTCCTACAATGAGCAGTTCTTCGGGCCA"	"CSVAATSYNEQFF"	"AAGATCCAGCCCTCAGAACCCAGGGACTCAGCTGTGTACTTCTGCTCGGTAGCGGCAACTTCCTACAATGAGCAGTTCTTCGGGCCA"	"CSVAATSYNEQFF"	"TCRBV12-3/12-4*1"	"TCRBD2-1"	"TCRBJ2-1*1"	44	49	55	60	5	5	NA	NA	"AAGATCCAGCCCTCAGAACCCAGGGACTCAGCTGTGTACTTCTGCTCGGTAGCGGCAACTTCCTACAATGAGCAGTTCTTCGGGCCA"	FALSE	TRUE	NA	NA	NA	NA
"CCTAGAGTCTGCCATCCCCAACCAGACAGCTCTTTACTTCTGTGCCACCCCTTCGGGCGGGAGAGAAACGAGCAGTACTTCGGGCCG"	""	"CCTAGAGTCTGCCATCCCCAACCAGACAGCTCTTTACTTCTGTGCCACCCCTTCGGGCGGGAGAGAAACGAGCAGTACTTCGGGCCG"	""	"TCRBV24-1*1"	"TCRBD2-1*2"	"TCRBJ2-7*1"	49	56	63	67	7	4	NA	NA	"CCTAGAGTCTGCCATCCCCAACCAGACAGCTCTTTACTTCTGTGCCACCCCTTCGGGCGGGAGAGAAACGAGCAGTACTTCGGGCCG"	FALSE	FALSE	NA	NA	NA	NA
"ACTGTGACATCGGCCCAAAAGAACCCGACAGCTTTCTATCTCTGTGCCAGTAGTCAATGGTTACAAGAGACCCAGTACTTCGGGCCA"	"CASSQWLQETQYF"	"ACTGTGACATCGGCCCAAAAGAACCCGACAGCTTTCTATCTCTGTGCCAGTAGTCAATGGTTACAAGAGACCCAGTACTTCGGGCCA"	"CASSQWLQETQYF"	"TCRBV19-1*1"	NA	"TCRBJ2-5*1"	54	58	60	63	4	3	NA	NA	"ACTGTGACATCGGCCCAAAAGAACCCGACAGCTTTCTATCTCTGTGCCAGTAGTCAATGGTTACAAGAGACCCAGTACTTCGGGCCA"	FALSE	TRUE	NA	NA	NA	NA
"AGAGTCTGCCATCCCCAACCAGACAGCTCTTTACTTCTGTGCCACCACCCAGGGGGTCGGGGTTGTGAAAAACTGTTTTTTGGCAGT"	""	"AGAGTCTGCCATCCCCAACCAGACAGCTCTTTACTTCTGTGCCACCACCCAGGGGGTCGGGGTTGTGAAAAACTGTTTTTTGGCAGT"	""	"TCRBV24-1*1"	"TCRBD1-1*1"	"TCRBJ1-4*1"	47	49	56	65	2	9	NA	NA	"AGAGTCTGCCATCCCCAACCAGACAGCTCTTTACTTCTGTGCCACCACCCAGGGGGTCGGGGTTGTGAAAAACTGTTTTTTGGCAGT"	FALSE	FALSE	NA	NA	NA	NA
"CTACACGCCCTGCAGCCAGAAGACTCAGCCCTGTATCTCTGCGCCAGCAGCCAAGTCGGCTTTTACTATGGCTACACCTTCGGTTCG"	"CASSQVGFYYGYTF"	"CTACACGCCCTGCAGCCAGAAGACTCAGCCCTGTATCTCTGCGCCAGCAGCCAAGTCGGCTTTTACTATGGCTACACCTTCGGTTCG"	"CASSQVGFYYGYTF"	"TCRBV4-1*1"	NA	"TCRBJ1-2*1"	55	57	60	64	2	4	NA	NA	"CTACACGCCCTGCAGCCAGAAGACTCAGCCCTGTATCTCTGCGCCAGCAGCCAAGTCGGCTTTTACTATGGCTACACCTTCGGTTCG"	FALSE	TRUE	NA	NA	NA	NA
"TCTCTGGAGCTGGGGGACTCAGCTTTGTATTTCTGTGCCAGCAGCGTGGAGATAGCGGGAGGAAACAATGAGCAGTTCTTCGGGCCA"	"CASSVEIAGGNNEQFF"	"TCTCTGGAGCTGGGGGACTCAGCTTTGTATTTCTGTGCCAGCAGCGTGGAGATAGCGGGAGGAAACAATGAGCAGTTCTTCGGGCCA"	"CASSVEIAGGNNEQFF"	"TCRBV9-1*1"	"TCRBD2-1*2"	"TCRBJ2-1*1"	47	52	62	64	5	2	NA	NA	"TCTCTGGAGCTGGGGGACTCAGCTTTGTATTTCTGTGCCAGCAGCGTGGAGATAGCGGGAGGAAACAATGAGCAGTTCTTCGGGCCA"	FALSE	TRUE	NA	NA	NA	NA
"GAGCTGGGGGACTCGGCCCTTTATCTTTGCGCCAGCAGCTTGGCACTAGCGGGACCCCGCACTGCAGATACGCAGTATTTTGGCCCA"	"CASSLALAGPRTADTQYF"	"GAGCTGGGGGACTCGGCCCTTTATCTTTGCGCCAGCAGCTTGGCACTAGCGGGACCCCGCACTGCAGATACGCAGTATTTTGGCCCA"	"CASSLALAGPRTADTQYF"	"TCRBV5-1*1"	"TCRBD2-1*2"	"TCRBJ2-3*1"	43	44	54	64	1	10	NA	NA	"GAGCTGGGGGACTCGGCCCTTTATCTTTGCGCCAGCAGCTTGGCACTAGCGGGACCCCGCACTGCAGATACGCAGTATTTTGGCCCA"	FALSE	TRUE	NA	NA	NA	NA
"ATTCTGGAGTCCGCCAGCACCAACCAGACATCTATGTACCTCTGTGCCAGCAGTTTGACCGGGGTATCAGGCTACACCTTCGGTTCG"	"CASSLTGVSGYTF"	"ATTCTGGAGTCCGCCAGCACCAACCAGACATCTATGTACCTCTGTGCCAGCAGTTTGACCGGGGTATCAGGCTACACCTTCGGTTCG"	"CASSLTGVSGYTF"	"TCRBV28-1*1"	"TCRBD2-1*1"	"TCRBJ1-2*1"	56	59	64	69	3	5	NA	NA	"ATTCTGGAGTCCGCCAGCACCAACCAGACATCTATGTACCTCTGTGCCAGCAGTTTGACCGGGGTATCAGGCTACACCTTCGGTTCG"	FALSE	TRUE	NA	NA	NA	NA
"CTCAGAACCCAGGGACTCAGCTGTGTACTTCTGTGCCAGACGACGGTCTACCGGGGGGGAGGCAATCAGCCCCAGCATTTTGGTGAT"	""	"CTCAGAACCCAGGGACTCAGCTGTGTACTTCTGTGCCAGACGACGGTCTACCGGGGGGGAGGCAATCAGCCCCAGCATTTTGGTGAT"	""	NA	"TCRBD2-1*1"	"TCRBJ1-5*1"	39	51	59	61	12	2	NA	NA	"CTCAGAACCCAGGGACTCAGCTGTGTACTTCTGTGCCAGACGACGGTCTACCGGGGGGGAGGCAATCAGCCCCAGCATTTTGGTGAT"	FALSE	FALSE	NA	NA	NA	NA
"CGGTCCACAAAGCTGGAGGACTCAGCCATGTACTTCTGTGCCAGCAGTGAAGACAGAGCAACTAATGAAAAACTGTTTTTTGGCAGT"	"CASSEDRATNEKLFF"	"CGGTCCACAAAGCTGGAGGACTCAGCCATGTACTTCTGTGCCAGCAGTGAAGACAGAGCAACTAATGAAAAACTGTTTTTTGGCAGT"	"CASSEDRATNEKLFF"	"TCRBV2-1"	"TCRBD1-1*1"	"TCRBJ1-4*1"	-1	52	56	58	53	2	NA	NA	"CGGTCCACAAAGCTGGAGGACTCAGCCATGTACTTCTGTGCCAGCAGTGAAGACAGAGCAACTAATGAAAAACTGTTTTTTGGCAGT"	FALSE	TRUE	NA	NA	NA	NA
"TCTGCCATCCCCAACCAGACAGCTCTTTACTTCTGTGCCACCAGTGATAAAGGACAGGGACGAACCGGGGAGCTGTTTTTTGGAGAA"	"CATSDKGQGRTGELFF"	"TCTGCCATCCCCAACCAGACAGCTCTTTACTTCTGTGCCACCAGTGATAAAGGACAGGGACGAACCGGGGAGCTGTTTTTTGGAGAA"	"CATSDKGQGRTGELFF"	"TCRBV24-1*1"	"TCRBD1-1*1"	"TCRBJ2-2*1"	48	51	59	63	3	4	NA	NA	"TCTGCCATCCCCAACCAGACAGCTCTTTACTTCTGTGCCACCAGTGATAAAGGACAGGGACGAACCGGGGAGCTGTTTTTTGGAGAA"	FALSE	TRUE	NA	NA	NA	NA
"GAGATGAATGTGAGCACCTTGGAGCTGGGGGACTCGGCCCTTTATCTTTGCGCCAGCAGCATGAACTACGAGCAGTACTTCGGGCCG"	"CASSMNYEQYF"	"GAGATGAATGTGAGCACCTTGGAGCTGGGGGACTCGGCCCTTTATCTTTGCGCCAGCAGCATGAACTACGAGCAGTACTTCGGGCCG"	"CASSMNYEQYF"	"TCRBV5-1*1"	NA	"TCRBJ2-7*1"	60	62	64	65	2	1	NA	NA	"GAGATGAATGTGAGCACCTTGGAGCTGGGGGACTCGGCCCTTTATCTTTGCGCCAGCAGCATGAACTACGAGCAGTACTTCGGGCCG"	FALSE	TRUE	NA	NA	NA	NA
"CTGCAGCCAGAAGACTCAGCCCTGTATCTCTGCGCCAGCAGCCAAGACATAGTTAGGGACAGGGGATCCGGCCAGTTCTTCGGGCCA"	"CASSQDIVRDRGSGQFF"	"CTGCAGCCAGAAGACTCAGCCCTGTATCTCTGCGCCAGCAGCCAAGACATAGTTAGGGACAGGGGATCCGGCCAGTTCTTCGGGCCA"	"CASSQDIVRDRGSGQFF"	"TCRBV4-1*1"	"TCRBD1-1*1"	"TCRBJ2-1*1"	47	55	65	72	8	7	NA	NA	"CTGCAGCCAGAAGACTCAGCCCTGTATCTCTGCGCCAGCAGCCAAGACATAGTTAGGGACAGGGGATCCGGCCAGTTCTTCGGGCCA"	FALSE	TRUE	NA	NA	NA	NA
"ACTCTGCTGTGTATTTCTGTGCCAGCAGCCAAAAACGCCCTAGCGGGACAGCTCGGAAATTCCTACAATGAGCAGTTCTTCGGGCCA"	""	"ACTCTGCTGTGTATTTCTGTGCCAGCAGCCAAAAACGCCCTAGCGGGACAGCTCGGAAATTCCTACAATGAGCAGTTCTTCGGGCCA"	""	"TCRBV3-1/3-2*1"	"TCRBD2-1*2"	"TCRBJ2-1*1"	32	39	48	60	7	12	NA	NA	"ACTCTGCTGTGTATTTCTGTGCCAGCAGCCAAAAACGCCCTAGCGGGACAGCTCGGAAATTCCTACAATGAGCAGTTCTTCGGGCCA"	FALSE	FALSE	NA	NA	NA	NA
"CAGCCCTCAGAACCCAGGGACTCAGCTGTGTACTTCTGTGCCAGCACCCCCCTTGGCGGGAGGGCCTACGAGCAGTACTTCGGGCCG"	"CASTPLGGRAYEQYF"	"CAGCCCTCAGAACCCAGGGACTCAGCTGTGTACTTCTGTGCCAGCACCCCCCTTGGCGGGAGGGCCTACGAGCAGTACTTCGGGCCG"	"CASTPLGGRAYEQYF"	NA	"TCRBD2-1*2"	"TCRBJ2-7*1"	46	55	-1	64	9	65	NA	NA	"CAGCCCTCAGAACCCAGGGACTCAGCTGTGTACTTCTGTGCCAGCACCCCCCTTGGCGGGAGGGCCTACGAGCAGTACTTCGGGCCG"	FALSE	TRUE	NA	NA	NA	NA
"TCAGAACCCAGGGACTCAGCTGTGTACTTCTGTGCCAGCAGCCACAGGGGAGGAGGCTATAGCAATCAGCCCCAGCATTTTGGTGAT"	"CASSHRGGGYSNQPQHF"	"TCAGAACCCAGGGACTCAGCTGTGTACTTCTGTGCCAGCAGCCACAGGGGAGGAGGCTATAGCAATCAGCCCCAGCATTTTGGTGAT"	"CASSHRGGGYSNQPQHF"	NA	"TCRBD1-1*1"	"TCRBJ1-5*1"	41	43	50	59	2	9	NA	NA	"TCAGAACCCAGGGACTCAGCTGTGTACTTCTGTGCCAGCAGCCACAGGGGAGGAGGCTATAGCAATCAGCCCCAGCATTTTGGTGAT"	FALSE	TRUE	NA	NA	NA	NA
"GGCCGTGTATCTCTGTGCCAGCAGGCTCACGGAGAGTTAATTTCAGGGAGTAGCTCCCCGTTTGGATACGAGCAGTACTTCGGGCCG"	""	"GGCCGTGTATCTCTGTGCCAGCAGGCTCACGGAGAGTTAATTTCAGGGAGTAGCTCCCCGTTTGGATACGAGCAGTACTTCGGGCCG"	""	NA	NA	"TCRBJ2-7*1"	24	43	48	66	19	18	NA	NA	"GGCCGTGTATCTCTGTGCCAGCAGGCTCACGGAGAGTTAATTTCAGGGAGTAGCTCCCCGTTTGGATACGAGCAGTACTTCGGGCCG"	FALSE	FALSE	NA	NA	NA	NA
"ATCCAGCGCACACAGCAGGAGGACTCCGCCGTGTATCTCTGTGCCAGCAGCTTAGTTACTAGCTACAATGAGCAGTTCTTCGGGCCA"	"CASSLVTSYNEQFF"	"ATCCAGCGCACACAGCAGGAGGACTCCGCCGTGTATCTCTGTGCCAGCAGCTTAGTTACTAGCTACAATGAGCAGTTCTTCGGGCCA"	"CASSLVTSYNEQFF"	"TCRBV7-8*1"	"TCRBD2-1"	"TCRBJ2-1*1"	55	57	-1	62	2	63	NA	NA	"ATCCAGCGCACACAGCAGGAGGACTCCGCCGTGTATCTCTGTGCCAGCAGCTTAGTTACTAGCTACAATGAGCAGTTCTTCGGGCCA"	FALSE	TRUE	NA	NA	NA	NA
"AACGCCTTGTTGCTGGGGGACTCGGCCCTGTATCTCTGTGCCAGCAGTCACAGGACAGGGGGCGGAATCGAGCAGTACTTCGGGCCG"	"CASSHRTGGGIEQYF"	"AACGCCTTGTTGCTGGGGGACTCGGCCCTGTATCTCTGTGCCAGCAGTCACAGGACAGGGGGCGGAATCGAGCAGTACTTCGGGCCG"	"CASSHRTGGGIEQYF"	"TCRBV5-5*1"	"TCRBD1-1*1"	"TCRBJ2-7*1"	47	52	63	68	5	5	NA	NA	"AACGCCTTGTTGCTGGGGGACTCGGCCCTGTATCTCTGTGCCAGCAGTCACAGGACAGGGGGCGGAATCGAGCAGTACTTCGGGCCG"	FALSE	TRUE	NA	NA	NA	NA
"CCTGGAGCTTGGTGACTCTGCTGTGTATTTCTGTGCCAGCAGCCTACAGAAGGGACAGCCACATACAATGAGCAGTTCTTCGGGCCA"	""	"CCTGGAGCTTGGTGACTCTGCTGTGTATTTCTGTGCCAGCAGCCTACAGAAGGGACAGCCACATACAATGAGCAGTTCTTCGGGCCA"	""	"TCRBV3-1/3-2*1"	"TCRBD1-1*1"	"TCRBJ2-1*1"	44	51	58	63	7	5	NA	NA	"CCTGGAGCTTGGTGACTCTGCTGTGTATTTCTGTGCCAGCAGCCTACAGAAGGGACAGCCACATACAATGAGCAGTTCTTCGGGCCA"	FALSE	FALSE	NA	NA	NA	NA
"CAGCGCACAGAGCAGGGGGACTCGGCCATGTATCTCTGTGCCAGCAGCTTATACGACACTGCGAGTGAAAAACTGTTTTTTGGCAGT"	"CASSLYDTASEKLFF"	"CAGCGCACAGAGCAGGGGGACTCGGCCATGTATCTCTGTGCCAGCAGCTTATACGACACTGCGAGTGAAAAACTGTTTTTTGGCAGT"	"CASSLYDTASEKLFF"	"TCRBV7-9*1"	"TCRBD1-1*1"	"TCRBJ1-4*1"	51	54	58	65	3	7	NA	NA	"CAGCGCACAGAGCAGGGGGACTCGGCCATGTATCTCTGTGCCAGCAGCTTATACGACACTGCGAGTGAAAAACTGTTTTTTGGCAGT"	FALSE	TRUE	NA	NA	NA	NA
"ACATCGGCCCAAAAGAACCCGACAGCTTTCTATCTCTGTGCCAGTAGTATAGATCGAGGGTACATACGCGAGCAGTACTTCGGGCCG"	"CASSIDRGYIREQYF"	"ACATCGGCCCAAAAGAACCCGACAGCTTTCTATCTCTGTGCCAGTAGTATAGATCGAGGGTACATACGCGAGCAGTACTTCGGGCCG"	"CASSIDRGYIREQYF"	"TCRBV19-1*1"	"TCRBD2-1*2"	"TCRBJ2-7*1"	53	55	60	68	2	8	NA	NA	"ACATCGGCCCAAAAGAACCCGACAGCTTTCTATCTCTGTGCCAGTAGTATAGATCGAGGGTACATACGCGAGCAGTACTTCGGGCCG"	FALSE	TRUE	NA	NA	NA	NA
"CTGACAGTGACCAGTGCCCATCCTGAAGACAGCAGCTTCTACATCTGCAGTGCTCCCCGGGACTCGGATACGCAGTATTTTGGCCCA"	"CSAPRDSDTQYF"	"CTGACAGTGACCAGTGCCCATCCTGAAGACAGCAGCTTCTACATCTGCAGTGCTCCCCGGGACTCGGATACGCAGTATTTTGGCCCA"	"CSAPRDSDTQYF"	NA	"TCRBD2-1"	"TCRBJ2-3*1"	54	58	64	66	4	2	NA	NA	"CTGACAGTGACCAGTGCCCATCCTGAAGACAGCAGCTTCTACATCTGCAGTGCTCCCCGGGACTCGGATACGCAGTATTTTGGCCCA"	FALSE	TRUE	NA	NA	NA	NA
"TTCACCTACACACCCTGCAGCCAGAAGACTCGGCCCTGTATCTCTGTGCCAGCAGCCAGCGTAGGTTACGAGCAGTACTTCGGGCCG"	""	"TTCACCTACACACCCTGCAGCCAGAAGACTCGGCCCTGTATCTCTGTGCCAGCAGCCAGCGTAGGTTACGAGCAGTACTTCGGGCCG"	""	"TCRBV4-2*1"	NA	"TCRBJ2-7*1"	58	62	65	66	4	1	NA	NA	"TTCACCTACACACCCTGCAGCCAGAAGACTCGGCCCTGTATCTCTGTGCCAGCAGCCAGCGTAGGTTACGAGCAGTACTTCGGGCCG"	FALSE	FALSE	NA	NA	NA	NA
"CAGCAGGTAGTGCGAGGAGATTCGGCAGCTTATTTCTGTGCCAGCTCACCACGGGACTCGGCGGCCTATGGCTACACCTTCGGTTCG"	"CASSPRDSAAYGYTF"	"CAGCAGGTAGTGCGAGGAGATTCGGCAGCTTATTTCTGTGCCAGCTCACCACGGGACTCGGCGGCCTATGGCTACACCTTCGGTTCG"	"CASSPRDSAAYGYTF"	"TCRBV18-1*1"	"TCRBD2-1"	"TCRBJ1-2*1"	-1	52	58	65	53	7	NA	NA	"CAGCAGGTAGTGCGAGGAGATTCGGCAGCTTATTTCTGTGCCAGCTCACCACGGGACTCGGCGGCCTATGGCTACACCTTCGGTTCG"	FALSE	TRUE	NA	NA	NA	NA
"GGGGACTCAGCCGTGTATCTCTGTGCCAGCAGCTCGAAACCCGGACTAGCGGGAGCCGTGGGCACAGATACGCAGTATTTTGGCCCA"	"CASSSKPGLAGAVGTDTQYF"	"GGGGACTCAGCCGTGTATCTCTGTGCCAGCAGCTCGAAACCCGGACTAGCGGGAGCCGTGGGCACAGATACGCAGTATTTTGGCCCA"	"CASSSKPGLAGAVGTDTQYF"	"TCRBV7-3*1"	"TCRBD2-1*2"	"TCRBJ2-3*1"	34	42	55	61	8	6	NA	NA	"GGGGACTCAGCCGTGTATCTCTGTGCCAGCAGCTCGAAACCCGGACTAGCGGGAGCCGTGGGCACAGATACGCAGTATTTTGGCCCA"	FALSE	TRUE	NA	NA	NA	NA
"ATCCGCTCACCAGGCCTGGGGGACGCAGCCATGTACCTGTGTGCCACCAGCAGGGGAGGGGTCTCCTACGAGCAGTACTTCGGGCCG"	"CATSRGGVSYEQYF"	"ATCCGCTCACCAGGCCTGGGGGACGCAGCCATGTACCTGTGTGCCACCAGCAGGGGAGGGGTCTCCTACGAGCAGTACTTCGGGCCG"	"CATSRGGVSYEQYF"	"TCRBV15-1*2"	"TCRBD2-1*2"	"TCRBJ2-7*1"	-1	53	60	62	54	2	NA	NA	"ATCCGCTCACCAGGCCTGGGGGACGCAGCCATGTACCTGTGTGCCACCAGCAGGGGAGGGGTCTCCTACGAGCAGTACTTCGGGCCG"	FALSE	TRUE	NA	NA	NA	NA
"ATCCGGTCCACAAAGCTGGAGGACTCAGCCATGTACTTCTGTGCCAGCAAAAGGGGAGGAAGGGTCTACGAGCAGTACTTCGGGCCG"	"CASKRGGRVYEQYF"	"ATCCGGTCCACAAAGCTGGAGGACTCAGCCATGTACTTCTGTGCCAGCAAAAGGGGAGGAAGGGTCTACGAGCAGTACTTCGGGCCG"	"CASKRGGRVYEQYF"	"TCRBV2-1"	"TCRBD2-1*2"	"TCRBJ2-7*1"	49	53	59	65	4	6	NA	NA	"ATCCGGTCCACAAAGCTGGAGGACTCAGCCATGTACTTCTGTGCCAGCAAAAGGGGAGGAAGGGTCTACGAGCAGTACTTCGGGCCG"	FALSE	TRUE	NA	NA	NA	NA
"TCGGCCCAAAAGAACCCGACAGCTTTCTATCTCTGTGCCAGTAGGGCCGGGACAGGGGGCCCCGTAGATACGCAGTATTTTGGCCCA"	"CASRAGTGGPVDTQYF"	"TCGGCCCAAAAGAACCCGACAGCTTTCTATCTCTGTGCCAGTAGGGCCGGGACAGGGGGCCCCGTAGATACGCAGTATTTTGGCCCA"	"CASRAGTGGPVDTQYF"	"TCRBV19-1*1"	"TCRBD1-1*1"	"TCRBJ2-3*1"	44	48	60	65	4	5	NA	NA	"TCGGCCCAAAAGAACCCGACAGCTTTCTATCTCTGTGCCAGTAGGGCCGGGACAGGGGGCCCCGTAGATACGCAGTATTTTGGCCCA"	FALSE	TRUE	NA	NA	NA	NA
"TCCGCTACCAGCTCCCAGACATCTGTGTACTTCTGTGCCATCAGTCGGACTAGCGGGAGTAACACCGGGGAGCTGTTTTTTGGAGAA"	"CAISRTSGSNTGELFF"	"TCCGCTACCAGCTCCCAGACATCTGTGTACTTCTGTGCCATCAGTCGGACTAGCGGGAGTAACACCGGGGAGCTGTTTTTTGGAGAA"	"CAISRTSGSNTGELFF"	"TCRBV1-3*1"	"TCRBD2-1*2"	"TCRBJ2-2*1"	45	46	59	60	1	1	NA	NA	"TCCGCTACCAGCTCCCAGACATCTGTGTACTTCTGTGCCATCAGTCGGACTAGCGGGAGTAACACCGGGGAGCTGTTTTTTGGAGAA"	FALSE	TRUE	NA	NA	NA	NA
"GTCAGCTACCCGCTCCCAGACATCTGTGTATTTCTGCGCCGCACCGGGGTGGCAGGGTGCCGAGCTGACGAGCAGTACTTCGGGCCG"	""	"GTCAGCTACCCGCTCCCAGACATCTGTGTATTTCTGCGCCGCACCGGGGTGGCAGGGTGCCGAGCTGACGAGCAGTACTTCGGGCCG"	""	"TCRBV1-2*1"	NA	"TCRBJ2-7*1"	40	52	57	67	12	10	NA	NA	"GTCAGCTACCCGCTCCCAGACATCTGTGTATTTCTGCGCCGCACCGGGGTGGCAGGGTGCCGAGCTGACGAGCAGTACTTCGGGCCG"	FALSE	FALSE	NA	NA	NA	NA
"ATCCGGTCCACAAAGCTGGAGGACTCAGCCATGTACTTCTGTGCCAGCAGAGGGACAGGTTCTGGAAACACCATATATTTTGGAGAG"	"CASRGTGSGNTIYF"	"ATCCGGTCCACAAAGCTGGAGGACTCAGCCATGTACTTCTGTGCCAGCAGAGGGACAGGTTCTGGAAACACCATATATTTTGGAGAG"	"CASRGTGSGNTIYF"	"TCRBV2-1"	"TCRBD1-1*1"	"TCRBJ1-3*1"	50	51	59	60	1	1	NA	NA	"ATCCGGTCCACAAAGCTGGAGGACTCAGCCATGTACTTCTGTGCCAGCAGAGGGACAGGTTCTGGAAACACCATATATTTTGGAGAG"	FALSE	TRUE	NA	NA	NA	NA
"NNNNNNNNNNTGTCGGCTGCTCCCTCCCAGACATCTGTGTACTTCTGTGCCAGCTGGGGCTCCGTTGTGACCCAGTACTTCGGGCCA"	"CASWGSVVTQYF"	"NNNNNNNNNNTGTCGGCTGCTCCCTCCCAGACATCTGTGTACTTCTGTGCCAGCTGGGGCTCCGTTGTGACCCAGTACTTCGGGCCA"	"CASWGSVVTQYF"	"TCRBV6-5*1"	"TCRBD1-1*1"	"TCRBJ2-5*1"	54	55	60	68	1	8	NA	NA	"NNNNNNNNNNTGTCGGCTGCTCCCTCCCAGACATCTGTGTACTTCTGTGCCAGCTGGGGCTCCGTTGTGACCCAGTACTTCGGGCCA"	FALSE	TRUE	NA	NA	NA	NA
"TGACTGTGAGCAACATGAGCCCTGAAGACAGCAGCATATATCTCTGCAGCGTTTGGACAGATGAACACTGAAGCTTTCTTTGGACAA"	""	"TGACTGTGAGCAACATGAGCCCTGAAGACAGCAGCATATATCTCTGCAGCGTTTGGACAGATGAACACTGAAGCTTTCTTTGGACAA"	""	"TCRBV29-1"	"TCRBD1-1*1"	"TCRBJ1-1*1"	53	54	60	61	1	1	NA	NA	"TGACTGTGAGCAACATGAGCCCTGAAGACAGCAGCATATATCTCTGCAGCGTTTGGACAGATGAACACTGAAGCTTTCTTTGGACAA"	FALSE	FALSE	NA	NA	NA	NA
"CGCACACAGCAGGAGGACTCGGCCGTGTATCTCTGTGCCAGCAGCTTTGGGACAGGGGTGCGGAACACTGAAGCTTTCTTTGGACAA"	"CASSFGTGVRNTEAFF"	"CGCACACAGCAGGAGGACTCGGCCGTGTATCTCTGTGCCAGCAGCTTTGGGACAGGGGTGCGGAACACTGAAGCTTTCTTTGGACAA"	"CASSFGTGVRNTEAFF"	"TCRBV7-2"	"TCRBD1-1*1"	"TCRBJ1-1*1"	47	48	58	62	1	4	NA	NA	"CGCACACAGCAGGAGGACTCGGCCGTGTATCTCTGTGCCAGCAGCTTTGGGACAGGGGTGCGGAACACTGAAGCTTTCTTTGGACAA"	FALSE	TRUE	NA	NA	NA	NA
"AGTTCTAAGAAGCTCCTTCTCAGTGACTCTGGCTTCTATCTCTGTGCCTGGAGTTTCACAGGGACCGGGGAGCTGTTTTTTGGAGAA"	"CAWSFTGTGELFF"	"AGTTCTAAGAAGCTCCTTCTCAGTGACTCTGGCTTCTATCTCTGTGCCTGGAGTTTCACAGGGACCGGGGAGCTGTTTTTTGGAGAA"	"CAWSFTGTGELFF"	"TCRBV3-1*1"	"TCRBD1-1*1"	"TCRBJ2-2*1"	54	57	-1	63	3	64	NA	NA	"AGTTCTAAGAAGCTCCTTCTCAGTGACTCTGGCTTCTATCTCTGTGCCTGGAGTTTCACAGGGACCGGGGAGCTGTTTTTTGGAGAA"	FALSE	TRUE	NA	NA	NA	NA
"ACCTTGGAGATCCAGCGCACAGAGCAGGGGGACTCGGCCATGTATCTCTGTGCCAGCAGCTATTTGGATACGCAGTATTTTGGCCCA"	"CASSYLDTQYF"	"ACCTTGGAGATCCAGCGCACAGAGCAGGGGGACTCGGCCATGTATCTCTGTGCCAGCAGCTATTTGGATACGCAGTATTTTGGCCCA"	"CASSYLDTQYF"	"TCRBV7-9*1"	NA	"TCRBJ2-3*1"	-1	-1	61	66	0	5	NA	NA	"ACCTTGGAGATCCAGCGCACAGAGCAGGGGGACTCGGCCATGTATCTCTGTGCCAGCAGCTATTTGGATACGCAGTATTTTGGCCCA"	FALSE	TRUE	NA	NA	NA	NA
"NTGTCGGCTGCTCCCTCCCAAACATCTGTGTACTTCTGTGCCAGCAGTTGGGCTAGCGGGAGCCCAGATACGCAGTATTTTGGCCCA"	"CASSWASGSPDTQYF"	"NTGTCGGCTGCTCCCTCCCAAACATCTGTGTACTTCTGTGCCAGCAGTTGGGCTAGCGGGAGCCCAGATACGCAGTATTTTGGCCCA"	"CASSWASGSPDTQYF"	"TCRBV6-2/6-3*1"	"TCRBD2-1*2"	"TCRBJ2-3*1"	49	52	62	64	3	2	NA	NA	"NTGTCGGCTGCTCCCTCCCAAACATCTGTGTACTTCTGTGCCAGCAGTTGGGCTAGCGGGAGCCCAGATACGCAGTATTTTGGCCCA"	FALSE	TRUE	NA	NA	NA	NA
"TCTGACAGTGACCAGTGCCCATCCTGAAGACAGCAGCTTCTACATCTGCAGTGCTAGAGATACACGGGGGAGAGGGACTTCGGGCCG"	""	"TCTGACAGTGACCAGTGCCCATCCTGAAGACAGCAGCTTCTACATCTGCAGTGCTAGAGATACACGGGGGAGAGGGACTTCGGGCCG"	""	NA	"TCRBD2-1*1"	"TCRBJ2-7*1"	60	64	70	76	4	6	NA	NA	"TCTGACAGTGACCAGTGCCCATCCTGAAGACAGCAGCTTCTACATCTGCAGTGCTAGAGATACACGGGGGAGAGGGACTTCGGGCCG"	FALSE	FALSE	NA	NA	NA	NA
"CCAGCTCCCAGACATCTGTGTACTTCTGTGCCATCAAGTAGAACCCGGACAGGCCGACCCCCCTCTTACGAGCAGTACTTCGGGCCG"	""	"CCAGCTCCCAGACATCTGTGTACTTCTGTGCCATCAAGTAGAACCCGGACAGGCCGACCCCCCTCTTACGAGCAGTACTTCGGGCCG"	""	"TCRBV1-3*1"	"TCRBD1-1*1"	"TCRBJ2-7*1"	36	46	53	66	10	13	NA	NA	"CCAGCTCCCAGACATCTGTGTACTTCTGTGCCATCAAGTAGAACCCGGACAGGCCGACCCCCCTCTTACGAGCAGTACTTCGGGCCG"	FALSE	FALSE	NA	NA	NA	NA
"ACATCGGCCCAAAAGAACCCGACAGCTTTCTATCTCTGTGCCAGTAGTCCAACGGGACAGGGCCAGGAAAAACTGTTTTTTGGCAGT"	"CASSPTGQGQEKLFF"	"ACATCGGCCCAAAAGAACCCGACAGCTTTCTATCTCTGTGCCAGTAGTCCAACGGGACAGGGCCAGGAAAAACTGTTTTTTGGCAGT"	"CASSPTGQGQEKLFF"	"TCRBV19-1*1"	"TCRBD1-1*1"	"TCRBJ1-4*1"	48	53	62	66	5	4	NA	NA	"ACATCGGCCCAAAAGAACCCGACAGCTTTCTATCTCTGTGCCAGTAGTCCAACGGGACAGGGCCAGGAAAAACTGTTTTTTGGCAGT"	FALSE	TRUE	NA	NA	NA	NA
"GAGTCCGCCAGCACCAACCAGACATCTATGTACCTCTGTGCCAGCAGTTTTCCCGGACAGGGGGGCAACGAGCAGTACTTCGGGCCG"	"CASSFPGQGGNEQYF"	"GAGTCCGCCAGCACCAACCAGACATCTATGTACCTCTGTGCCAGCAGTTTTCCCGGACAGGGGGGCAACGAGCAGTACTTCGGGCCG"	"CASSFPGQGGNEQYF"	"TCRBV28-1*1"	"TCRBD1-1*1"	"TCRBJ2-7*1"	50	54	64	67	4	3	NA	NA	"GAGTCCGCCAGCACCAACCAGACATCTATGTACCTCTGTGCCAGCAGTTTTCCCGGACAGGGGGGCAACGAGCAGTACTTCGGGCCG"	FALSE	TRUE	NA	NA	NA	NA
"CCGCCAGCACCAACCAGACATCTATGTACCTCTGTGCCAGCAGTTTCGCGGGACAGAGTCTCCCAAGAGACCCAGTACTTCGGGCCA"	""	"CCGCCAGCACCAACCAGACATCTATGTACCTCTGTGCCAGCAGTTTCGCGGGACAGAGTCTCCCAAGAGACCCAGTACTTCGGGCCA"	""	"TCRBV28-1*1"	"TCRBD1-1*1"	"TCRBJ2-5*1"	46	49	56	62	3	6	NA	NA	"CCGCCAGCACCAACCAGACATCTATGTACCTCTGTGCCAGCAGTTTCGCGGGACAGAGTCTCCCAAGAGACCCAGTACTTCGGGCCA"	FALSE	FALSE	NA	NA	NA	NA
"GAGTCAGCTACCCGCTCCCAGACATCTGTGTATTTCTGCGCCAGCAGTGAGCAGGGGCCCCCGCGGGAGACCCAGTACTTCGGGCCA"	"CASSEQGPPRETQYF"	"GAGTCAGCTACCCGCTCCCAGACATCTGTGTATTTCTGCGCCAGCAGTGAGCAGGGGCCCCCGCGGGAGACCCAGTACTTCGGGCCA"	"CASSEQGPPRETQYF"	"TCRBV1-2*1"	"TCRBD1-1*1"	"TCRBJ2-5*1"	-1	51	57	66	52	9	NA	NA	"GAGTCAGCTACCCGCTCCCAGACATCTGTGTATTTCTGCGCCAGCAGTGAGCAGGGGCCCCCGCGGGAGACCCAGTACTTCGGGCCA"	FALSE	TRUE	NA	NA	NA	NA
"GAACCCAGGGACTCAGCTGTGTACTTCTGTGCCAGCAGTGCCGTTATTTCCCGACAGCGGGGCAATCAGCCCCAGCATTTTGGTGAT"	"CASSAVISRQRGNQPQHF"	"GAACCCAGGGACTCAGCTGTGTACTTCTGTGCCAGCAGTGCCGTTATTTCCCGACAGCGGGGCAATCAGCCCCAGCATTTTGGTGAT"	"CASSAVISRQRGNQPQHF"	NA	"TCRBD2-1"	"TCRBJ1-5*1"	39	55	-1	61	16	62	NA	NA	"GAACCCAGGGACTCAGCTGTGTACTTCTGTGCCAGCAGTGCCGTTATTTCCCGACAGCGGGGCAATCAGCCCCAGCATTTTGGTGAT"	FALSE	TRUE	NA	NA	NA	NA
"AAGATCCAGCCCTCAGAACCCAGGGACTCAGCTGTGTACTTCTGTGCCAGCAGTTTAGGGGGACAGTACGAGCAGTACTTCGGGCCG"	"CASSLGGQYEQYF"	"AAGATCCAGCCCTCAGAACCCAGGGACTCAGCTGTGTACTTCTGTGCCAGCAGTTTAGGGGGACAGTACGAGCAGTACTTCGGGCCG"	"CASSLGGQYEQYF"	"TCRBV12-3/12-4*1"	"TCRBD1-1*1"	"TCRBJ2-7*1"	58	59	-1	66	1	67	NA	NA	"AAGATCCAGCCCTCAGAACCCAGGGACTCAGCTGTGTACTTCTGTGCCAGCAGTTTAGGGGGACAGTACGAGCAGTACTTCGGGCCG"	FALSE	TRUE	NA	NA	NA	NA
"AAGATCCAGCGCACAGAGCGGGGGGACTCAGCCGTGTATCTCTGTGCCAGCAGCCCCGACGTGACCTCTGAAGCTTTCTTTGGACAA"	"CASSPDVTSEAFF"	"AAGATCCAGCGCACAGAGCGGGGGGACTCAGCCGTGTATCTCTGTGCCAGCAGCCCCGACGTGACCTCTGAAGCTTTCTTTGGACAA"	"CASSPDVTSEAFF"	"TCRBV7-3*1"	NA	"TCRBJ1-1*1"	54	57	60	67	3	7	NA	NA	"AAGATCCAGCGCACAGAGCGGGGGGACTCAGCCGTGTATCTCTGTGCCAGCAGCCCCGACGTGACCTCTGAAGCTTTCTTTGGACAA"	FALSE	TRUE	NA	NA	NA	NA
"ACGATTCAGCGCACAGAGCAGCGGGACTCAGCCATGTATCGCTGTGCTAGCAGCAGATTCTCCGGGGAGACCCAGTACTTCGGGCCA"	"CASSRFSGETQYF"	"ACGATTCAGCGCACAGAGCAGCGGGACTCAGCCATGTATCGCTGTGCTAGCAGCAGATTCTCCGGGGAGACCCAGTACTTCGGGCCA"	"CASSRFSGETQYF"	"TCRBV7-7*1"	"TCRBD2-1"	"TCRBJ2-5*1"	54	62	-1	66	8	67	NA	NA	"ACGATTCAGCGCACAGAGCAGCGGGACTCAGCCATGTATCGCTGTGCTAGCAGCAGATTCTCCGGGGAGACCCAGTACTTCGGGCCA"	FALSE	TRUE	NA	NA	NA	NA
"CTGGAGTTGGCTGCTCCCTCCCAGACATCTGTGTACTTCTGTGCCAGCAGTTACTCACAGGACGATTATGGCTACACCTTCGGTTCG"	"CASSYSQDDYGYTF"	"CTGGAGTTGGCTGCTCCCTCCCAGACATCTGTGTACTTCTGTGCCAGCAGTTACTCACAGGACGATTATGGCTACACCTTCGGTTCG"	"CASSYSQDDYGYTF"	"TCRBV6-6*1"	"TCRBD1-1*1"	"TCRBJ1-2*1"	-1	56	61	66	57	5	NA	NA	"CTGGAGTTGGCTGCTCCCTCCCAGACATCTGTGTACTTCTGTGCCAGCAGTTACTCACAGGACGATTATGGCTACACCTTCGGTTCG"	FALSE	TRUE	NA	NA	NA	NA
"CACGCCCTGCAGCCAGAAGACTCAGCCCTGTATCTCTGCGCCAGCAGACCCTCGGAATATAGCAATCAGCCCCAGCATTTTGGTGAT"	"CASRPSEYSNQPQHF"	"CACGCCCTGCAGCCAGAAGACTCAGCCCTGTATCTCTGCGCCAGCAGACCCTCGGAATATAGCAATCAGCCCCAGCATTTTGGTGAT"	"CASRPSEYSNQPQHF"	"TCRBV4-1*1"	NA	"TCRBJ1-5*1"	47	53	56	59	6	3	NA	NA	"CACGCCCTGCAGCCAGAAGACTCAGCCCTGTATCTCTGCGCCAGCAGACCCTCGGAATATAGCAATCAGCCCCAGCATTTTGGTGAT"	FALSE	TRUE	NA	NA	NA	NA
"ACTCTCAAGATCCAGCCTGCAGAGCTTGGGGACTCGGCCATGTATCTCTGTGCCAGCAGCTTAACCGGGGGGCAGTACTTCGGGCCG"	"CASSLTGGQYF"	"ACTCTCAAGATCCAGCCTGCAGAGCTTGGGGACTCGGCCATGTATCTCTGTGCCAGCAGCTTAACCGGGGGGCAGTACTTCGGGCCG"	"CASSLTGGQYF"	"TCRBV11-1*1"	"TCRBD2-1*1"	"TCRBJ2-7*1"	63	65	-1	71	2	72	NA	NA	"ACTCTCAAGATCCAGCCTGCAGAGCTTGGGGACTCGGCCATGTATCTCTGTGCCAGCAGCTTAACCGGGGGGCAGTACTTCGGGCCG"	FALSE	TRUE	NA	NA	NA	NA
"ATCCGGTCCACAAAGCTGGAGGACTCAGCCATGTACTTCTGTGCCAGCAGGCACAGGGGGCCTTTATACGAGCAGTACTTCGGGCCG"	"CASRHRGPLYEQYF"	"ATCCGGTCCACAAAGCTGGAGGACTCAGCCATGTACTTCTGTGCCAGCAGGCACAGGGGGCCTTTATACGAGCAGTACTTCGGGCCG"	"CASRHRGPLYEQYF"	"TCRBV2-1"	"TCRBD1-1*1"	"TCRBJ2-7*1"	50	52	61	66	2	5	NA	NA	"ATCCGGTCCACAAAGCTGGAGGACTCAGCCATGTACTTCTGTGCCAGCAGGCACAGGGGGCCTTTATACGAGCAGTACTTCGGGCCG"	FALSE	TRUE	NA	NA	NA	NA
"GGAGCTTGGTGACTCTGCTGTGTATTTCTGTGCCAGCAGCCCTAATCACGGAGCGGGACATACTCCTACGAGCAGTACTTCGGGCCG"	""	"GGAGCTTGGTGACTCTGCTGTGTATTTCTGTGCCAGCAGCCCTAATCACGGAGCGGGACATACTCCTACGAGCAGTACTTCGGGCCG"	""	"TCRBV3-1/3-2*1"	"TCRBD2-1*2"	"TCRBJ2-7*1"	41	51	58	62	10	4	NA	NA	"GGAGCTTGGTGACTCTGCTGTGTATTTCTGTGCCAGCAGCCCTAATCACGGAGCGGGACATACTCCTACGAGCAGTACTTCGGGCCG"	FALSE	FALSE	NA	NA	NA	NA
"NTGTCGGCTGCTCCCTCCCAGACATCTGTGTACTTCTGTGCCAGCAGTGTCCAGGGTGGGAGCAATCAGCCCCAGCATTTTGGTGAT"	"CASSVQGGSNQPQHF"	"NTGTCGGCTGCTCCCTCCCAGACATCTGTGTACTTCTGTGCCAGCAGTGTCCAGGGTGGGAGCAATCAGCCCCAGCATTTTGGTGAT"	"CASSVQGGSNQPQHF"	NA	"TCRBD1-1*1"	"TCRBJ1-5*1"	49	51	56	60	2	4	NA	NA	"NTGTCGGCTGCTCCCTCCCAGACATCTGTGTACTTCTGTGCCAGCAGTGTCCAGGGTGGGAGCAATCAGCCCCAGCATTTTGGTGAT"	FALSE	TRUE	NA	NA	NA	NA
"ATCCTGGAGTCGCCCAGCCCCAACCAGACCTCTCTGTACTTCTGTGCCAGCAGTCCCAGACTTCTGAATGAGCAGTTCTTCGGGCCA"	"CASSPRLLNEQFF"	"ATCCTGGAGTCGCCCAGCCCCAACCAGACCTCTCTGTACTTCTGTGCCAGCAGTCCCAGACTTCTGAATGAGCAGTTCTTCGGGCCA"	"CASSPRLLNEQFF"	"TCRBV27-1*1"	"TCRBD2-1"	"TCRBJ2-1*1"	54	58	62	66	4	4	NA	NA	"ATCCTGGAGTCGCCCAGCCCCAACCAGACCTCTCTGTACTTCTGTGCCAGCAGTCCCAGACTTCTGAATGAGCAGTTCTTCGGGCCA"	FALSE	TRUE	NA	NA	NA	NA
"AGCACCTTGGAGCTGGGGGACTCGGCCCTTTATCTTTGCGCCAGCAGCTTATCCGGGACGGTGAACACTGAAGCTTTCTTTGGACAA"	"CASSLSGTVNTEAFF"	"AGCACCTTGGAGCTGGGGGACTCGGCCCTTTATCTTTGCGCCAGCAGCTTATCCGGGACGGTGAACACTGAAGCTTTCTTTGGACAA"	"CASSLSGTVNTEAFF"	"TCRBV5-1*1"	NA	"TCRBJ1-1*1"	50	54	59	61	4	2	NA	NA	"AGCACCTTGGAGCTGGGGGACTCGGCCCTTTATCTTTGCGCCAGCAGCTTATCCGGGACGGTGAACACTGAAGCTTTCTTTGGACAA"	FALSE	TRUE	NA	NA	NA	NA
"CTGGAGTCCGCCAGCACCAACCAGACATCTATGTACCTCTGTGCCAGCAGTTTAAGCGGAACGAGAACTGAAGCTTTCTTTGGACAA"	"CASSLSGTRTEAFF"	"CTGGAGTCCGCCAGCACCAACCAGACATCTATGTACCTCTGTGCCAGCAGTTTAAGCGGAACGAGAACTGAAGCTTTCTTTGGACAA"	"CASSLSGTRTEAFF"	"TCRBV28-1*1"	"TCRBD2-1"	"TCRBJ1-1*1"	-1	54	59	66	55	7	NA	NA	"CTGGAGTCCGCCAGCACCAACCAGACATCTATGTACCTCTGTGCCAGCAGTTTAAGCGGAACGAGAACTGAAGCTTTCTTTGGACAA"	FALSE	TRUE	NA	NA	NA	NA
"CTGAGCTCTCTGGAGCTGGGGGACTCAGCTTTGTATTTCTGTGCCAGCAGCGGGACGATAAGACCTGAAAAACTGTTTTTTGGCAGT"	"CASSGTIRPEKLFF"	"CTGAGCTCTCTGGAGCTGGGGGACTCAGCTTTGTATTTCTGTGCCAGCAGCGGGACGATAAGACCTGAAAAACTGTTTTTTGGCAGT"	"CASSGTIRPEKLFF"	"TCRBV9-1*1"	NA	"TCRBJ1-4*1"	-1	52	56	65	53	9	NA	NA	"CTGAGCTCTCTGGAGCTGGGGGACTCAGCTTTGTATTTCTGTGCCAGCAGCGGGACGATAAGACCTGAAAAACTGTTTTTTGGCAGT"	FALSE	TRUE	NA	NA	NA	NA
"GTGAACGCCTTGTTGCTGGGGGACTCGGCCCTCTATCTCTGTGCCAGCAGCTTGACAGGGACCAACACTGAAGCTTTCTTTGGACAA"	"CASSLTGTNTEAFF"	"GTGAACGCCTTGTTGCTGGGGGACTCGGCCCTCTATCTCTGTGCCAGCAGCTTGACAGGGACCAACACTGAAGCTTTCTTTGGACAA"	"CASSLTGTNTEAFF"	"TCRBV5-6*1"	"TCRBD1-1*1"	"TCRBJ1-1*1"	-1	54	60	63	55	3	NA	NA	"GTGAACGCCTTGTTGCTGGGGGACTCGGCCCTCTATCTCTGTGCCAGCAGCTTGACAGGGACCAACACTGAAGCTTTCTTTGGACAA"	FALSE	TRUE	NA	NA	NA	NA
"CTGACAGTGACCAGTGCCCATCCTGAAGACAGCAGCTTCTACATCTGCAGTGCTCCGAGCATCACAGATACGCAGTATTTTGGCCCA"	"CSAPSITDTQYF"	"CTGACAGTGACCAGTGCCCATCCTGAAGACAGCAGCTTCTACATCTGCAGTGCTCCGAGCATCACAGATACGCAGTATTTTGGCCCA"	"CSAPSITDTQYF"	NA	"TCRBD2-1"	"TCRBJ2-3*1"	54	57	60	62	3	2	NA	NA	"CTGACAGTGACCAGTGCCCATCCTGAAGACAGCAGCTTCTACATCTGCAGTGCTCCGAGCATCACAGATACGCAGTATTTTGGCCCA"	FALSE	TRUE	NA	NA	NA	NA
"CAGCCCTCAGAACCCAGGGACTCAGCTGTGTATTTTTGTGCTAGTGGGCCCTCAGGGGTAAAGGGCAATGAGCAGTTCTTCGGGCCA"	"CASGPSGVKGNEQFF"	"CAGCCCTCAGAACCCAGGGACTCAGCTGTGTATTTTTGTGCTAGTGGGCCCTCAGGGGTAAAGGGCAATGAGCAGTTCTTCGGGCCA"	"CASGPSGVKGNEQFF"	"TCRBV12-5*1"	"TCRBD1-1*1"	"TCRBJ2-1*1"	47	52	58	65	5	7	NA	NA	"CAGCCCTCAGAACCCAGGGACTCAGCTGTGTATTTTTGTGCTAGTGGGCCCTCAGGGGTAAAGGGCAATGAGCAGTTCTTCGGGCCA"	FALSE	TRUE	NA	NA	NA	NA
"AGCACCTTGGAGCTGGGGGACTCGGCCCTTTATCTTTGCGCCAGCAGCTTAACTAGCGGGAGCTCAGATACGCAGTATTTTGGCCCA"	"CASSLTSGSSDTQYF"	"AGCACCTTGGAGCTGGGGGACTCGGCCCTTTATCTTTGCGCCAGCAGCTTAACTAGCGGGAGCTCAGATACGCAGTATTTTGGCCCA"	"CASSLTSGSSDTQYF"	"TCRBV5-1*1"	"TCRBD2-1*2"	"TCRBJ2-3*1"	50	51	62	64	1	2	NA	NA	"AGCACCTTGGAGCTGGGGGACTCGGCCCTTTATCTTTGCGCCAGCAGCTTAACTAGCGGGAGCTCAGATACGCAGTATTTTGGCCCA"	FALSE	TRUE	NA	NA	NA	NA
"CTCCTTCTCAGTGACTCTGGCTTCTATCTCTGTGCCTGGATAATAAGGCAGGGGTCGCGTGGGCAAGAGACCCAGTACTTCGGGCCA"	"CAWIIRQGSRGQETQYF"	"CTCCTTCTCAGTGACTCTGGCTTCTATCTCTGTGCCTGGATAATAAGGCAGGGGTCGCGTGGGCAAGAGACCCAGTACTTCGGGCCA"	"CAWIIRQGSRGQETQYF"	"TCRBV3-1*1"	"TCRBD1-1*1"	"TCRBJ2-5*1"	40	48	54	63	8	9	NA	NA	"CTCCTTCTCAGTGACTCTGGCTTCTATCTCTGTGCCTGGATAATAAGGCAGGGGTCGCGTGGGCAAGAGACCCAGTACTTCGGGCCA"	FALSE	TRUE	NA	NA	NA	NA
"GCCTTGGAGCTGGACGACTCGGCCCTGTATCTCTGTGCCAGCAGCTTGTGGAATAGCGGGAGGGGAGATACGCAGTATTTTGGCCCA"	"CASSLWNSGRGDTQYF"	"GCCTTGGAGCTGGACGACTCGGCCCTGTATCTCTGTGCCAGCAGCTTGTGGAATAGCGGGAGGGGAGATACGCAGTATTTTGGCCCA"	"CASSLWNSGRGDTQYF"	"TCRBV5-4*1"	"TCRBD2-1*2"	"TCRBJ2-3*1"	48	53	64	65	5	1	NA	NA	"GCCTTGGAGCTGGACGACTCGGCCCTGTATCTCTGTGCCAGCAGCTTGTGGAATAGCGGGAGGGGAGATACGCAGTATTTTGGCCCA"	FALSE	TRUE	NA	NA	NA	NA
"AGAGTCTGCCATCCCCAACCAGACAGCTCTTTACTTCTGTGCCACCAGTGATTTGATGCGGTAGGTCAGCCCCAGCATTTTGGTGAT"	""	"AGAGTCTGCCATCCCCAACCAGACAGCTCTTTACTTCTGTGCCACCAGTGATTTGATGCGGTAGGTCAGCCCCAGCATTTTGGTGAT"	""	"TCRBV24-1*1"	"TCRBD2-1"	"TCRBJ1-5*1"	55	57	61	65	2	4	NA	NA	"AGAGTCTGCCATCCCCAACCAGACAGCTCTTTACTTCTGTGCCACCAGTGATTTGATGCGGTAGGTCAGCCCCAGCATTTTGGTGAT"	FALSE	FALSE	NA	NA	NA	NA
"CTGACAGTGACCAGTGCCCATCCTGAAGACAGCAGCTTCTACATCTGCAGTGCTTACAGGGGGCGAGAGACCCAGTACTTCGGGCCA"	"CSAYRGRETQYF"	"CTGACAGTGACCAGTGCCCATCCTGAAGACAGCAGCTTCTACATCTGCAGTGCTTACAGGGGGCGAGAGACCCAGTACTTCGGGCCA"	"CSAYRGRETQYF"	NA	"TCRBD1-1*1"	"TCRBJ2-5*1"	54	55	64	65	1	1	NA	NA	"CTGACAGTGACCAGTGCCCATCCTGAAGACAGCAGCTTCTACATCTGCAGTGCTTACAGGGGGCGAGAGACCCAGTACTTCGGGCCA"	FALSE	TRUE	NA	NA	NA	NA
"TTGGAGATCCAGCGCACAGAGCAGGGGGACTCGGCCATGTATCTCTGTGCCAGCAGCTCCCACGCGGGGGAGCAGTTCTTCGGGCCA"	"CASSSHAGEQFF"	"TTGGAGATCCAGCGCACAGAGCAGGGGGACTCGGCCATGTATCTCTGTGCCAGCAGCTCCCACGCGGGGGAGCAGTTCTTCGGGCCA"	"CASSSHAGEQFF"	"TCRBV7-9*1"	"TCRBD2-1*1"	"TCRBJ2-1*1"	58	63	-1	69	5	70	NA	NA	"TTGGAGATCCAGCGCACAGAGCAGGGGGACTCGGCCATGTATCTCTGTGCCAGCAGCTCCCACGCGGGGGAGCAGTTCTTCGGGCCA"	FALSE	TRUE	NA	NA	NA	NA
"AGCTCTCTGGAGCTGGGGGACTCAGCTTTGTATTTCTGTGCCAGCAGCGTAGCTGGGACACCTACCTATGGCTACACCTTCGGTTCG"	"CASSVAGTPTYGYTF"	"AGCTCTCTGGAGCTGGGGGACTCAGCTTTGTATTTCTGTGCCAGCAGCGTAGCTGGGACACCTACCTATGGCTACACCTTCGGTTCG"	"CASSVAGTPTYGYTF"	"TCRBV9-1*1"	"TCRBD1-1*1"	"TCRBJ1-2*1"	52	54	60	65	2	5	NA	NA	"AGCTCTCTGGAGCTGGGGGACTCAGCTTTGTATTTCTGTGCCAGCAGCGTAGCTGGGACACCTACCTATGGCTACACCTTCGGTTCG"	FALSE	TRUE	NA	NA	NA	NA
"NNNNNNNTGTCGGCTGCTCCCTCCCAAACATCTGTGTACTTTTGTGCCAGCAGTAGGACAGCCTATCAGCCCCAGCATTTTGGTGAT"	"CASSRTAYQPQHF"	"NNNNNNNTGTCGGCTGCTCCCTCCCAAACATCTGTGTACTTTTGTGCCAGCAGTAGGACAGCCTATCAGCCCCAGCATTTTGGTGAT"	"CASSRTAYQPQHF"	"TCRBV6-2/6-3*1"	"TCRBD1-1*1"	"TCRBJ1-5*1"	54	55	61	64	1	3	NA	NA	"NNNNNNNTGTCGGCTGCTCCCTCCCAAACATCTGTGTACTTTTGTGCCAGCAGTAGGACAGCCTATCAGCCCCAGCATTTTGGTGAT"	FALSE	TRUE	NA	NA	NA	NA
"GAGCAGGGGGACTCAGCTGTGTATCTCTGTGCCAGCAGCCCCAGGACTAGCGGGAGGGCCGGGTCAGATACGCAGTATTTTGGCCCA"	"CASSPRTSGRAGSDTQYF"	"GAGCAGGGGGACTCAGCTGTGTATCTCTGTGCCAGCAGCCCCAGGACTAGCGGGAGGGCCGGGTCAGATACGCAGTATTTTGGCCCA"	"CASSPRTSGRAGSDTQYF"	"TCRBV7-4*1"	"TCRBD2-1*2"	"TCRBJ2-3*1"	39	43	58	64	4	6	NA	NA	"GAGCAGGGGGACTCAGCTGTGTATCTCTGTGCCAGCAGCCCCAGGACTAGCGGGAGGGCCGGGTCAGATACGCAGTATTTTGGCCCA"	FALSE	TRUE	NA	NA	NA	NA
"ACTGTGACATCGGCCCAAAAGAACCCGACAGCTTTCTATCTCTGTGCCAGTAGTATAGGGATCCGACGGGAGCTGTTTTTTGGAGAA"	"CASSIGIRRELFF"	"ACTGTGACATCGGCCCAAAAGAACCCGACAGCTTTCTATCTCTGTGCCAGTAGTATAGGGATCCGACGGGAGCTGTTTTTTGGAGAA"	"CASSIGIRRELFF"	"TCRBV19-1*1"	NA	"TCRBJ2-2*1"	-1	58	61	67	59	6	NA	NA	"ACTGTGACATCGGCCCAAAAGAACCCGACAGCTTTCTATCTCTGTGCCAGTAGTATAGGGATCCGACGGGAGCTGTTTTTTGGAGAA"	FALSE	TRUE	NA	NA	NA	NA
"GAGATGAATGTGAGCACCTTGGAGCTGGGGGACTCGGCCCTTTATCTTTGCGCCAGCAGCTTGACAGAGACCCAGTACTTCGGGCCA"	"CASSLTETQYF"	"GAGATGAATGTGAGCACCTTGGAGCTGGGGGACTCGGCCCTTTATCTTTGCGCCAGCAGCTTGACAGAGACCCAGTACTTCGGGCCA"	"CASSLTETQYF"	"TCRBV5-1*1"	NA	"TCRBJ2-5*1"	-1	63	-1	65	64	66	NA	NA	"GAGATGAATGTGAGCACCTTGGAGCTGGGGGACTCGGCCCTTTATCTTTGCGCCAGCAGCTTGACAGAGACCCAGTACTTCGGGCCA"	FALSE	TRUE	NA	NA	NA	NA
"CGGTCCACAAAGCTGGAGGACTCAGCCATGTACTTCTGTGCCAGCAGTGAACCGGGACAGGGTCCATACGAGCAGTACTTCGGGCCG"	"CASSEPGQGPYEQYF"	"CGGTCCACAAAGCTGGAGGACTCAGCCATGTACTTCTGTGCCAGCAGTGAACCGGGACAGGGTCCATACGAGCAGTACTTCGGGCCG"	"CASSEPGQGPYEQYF"	"TCRBV2-1"	"TCRBD1-1*1"	"TCRBJ2-7*1"	51	53	62	66	2	4	NA	NA	"CGGTCCACAAAGCTGGAGGACTCAGCCATGTACTTCTGTGCCAGCAGTGAACCGGGACAGGGTCCATACGAGCAGTACTTCGGGCCG"	FALSE	TRUE	NA	NA	NA	NA
"ACTCTGAAGATCCAGCGCACACAGCAGGAGGACTCCGCCGTGTATCTCTGTGCCAGCAGCCCCGAAGAGACCCAGTACTTCGGGCCA"	"CASSPEETQYF"	"ACTCTGAAGATCCAGCGCACACAGCAGGAGGACTCCGCCGTGTATCTCTGTGCCAGCAGCCCCGAAGAGACCCAGTACTTCGGGCCA"	"CASSPEETQYF"	"TCRBV7-8*3"	"TCRBD2-1"	"TCRBJ2-5*1"	61	62	-1	64	1	65	NA	NA	"ACTCTGAAGATCCAGCGCACACAGCAGGAGGACTCCGCCGTGTATCTCTGTGCCAGCAGCCCCGAAGAGACCCAGTACTTCGGGCCA"	FALSE	TRUE	NA	NA	NA	NA
"GCCTGCAGAGCTTGGGGACTCGGCCGTGTATCTCTGTGCCAGCAGCCCCGCCCCCAACTAGATCTTGTTGAGCAGTTCTTCGGGCCA"	""	"GCCTGCAGAGCTTGGGGACTCGGCCGTGTATCTCTGTGCCAGCAGCCCCGCCCCCAACTAGATCTTGTTGAGCAGTTCTTCGGGCCA"	""	"TCRBV11-3*1"	"TCRBD2-1"	"TCRBJ2-1*1"	46	56	61	68	10	7	NA	NA	"GCCTGCAGAGCTTGGGGACTCGGCCGTGTATCTCTGTGCCAGCAGCCCCGCCCCCAACTAGATCTTGTTGAGCAGTTCTTCGGGCCA"	FALSE	FALSE	NA	NA	NA	NA
"AGTGCCCATCCTGAAGACAGCAGCTTCTACATCTGCAGTGCTGAAGGGGCTAGCGGGCGTGTCTCCTACGAGCAGTACTTCGGGCCG"	"CSAEGASGRVSYEQYF"	"AGTGCCCATCCTGAAGACAGCAGCTTCTACATCTGCAGTGCTGAAGGGGCTAGCGGGCGTGTCTCCTACGAGCAGTACTTCGGGCCG"	"CSAEGASGRVSYEQYF"	NA	"TCRBD2-1"	"TCRBJ2-7*1"	42	49	57	62	7	5	NA	NA	"AGTGCCCATCCTGAAGACAGCAGCTTCTACATCTGCAGTGCTGAAGGGGCTAGCGGGCGTGTCTCCTACGAGCAGTACTTCGGGCCG"	FALSE	TRUE	NA	NA	NA	NA
"GTGACATCGGCCCAAAAGAACCCGACAGCTTTCTATCTCTGTGCCAGTAGTATTGACATCCGCTCCTACGAGCAGTACTTCGGGCCG"	"CASSIDIRSYEQYF"	"GTGACATCGGCCCAAAAGAACCCGACAGCTTTCTATCTCTGTGCCAGTAGTATTGACATCCGCTCCTACGAGCAGTACTTCGGGCCG"	"CASSIDIRSYEQYF"	"TCRBV19-1*1"	"TCRBD1-1*1"	"TCRBJ2-7*1"	53	54	58	62	1	4	NA	NA	"GTGACATCGGCCCAAAAGAACCCGACAGCTTTCTATCTCTGTGCCAGTAGTATTGACATCCGCTCCTACGAGCAGTACTTCGGGCCG"	FALSE	TRUE	NA	NA	NA	NA
"CTGGAGCTTGGTGACTCTGCTGTGTATTTCTGTGCCAGCAGCCAAGATTTCGGGGATTCTCTTAATCAGCCCCAGCATTTTGGTGAT"	"CASSQDFGDSLNQPQHF"	"CTGGAGCTTGGTGACTCTGCTGTGTATTTCTGTGCCAGCAGCCAAGATTTCGGGGATTCTCTTAATCAGCCCCAGCATTTTGGTGAT"	"CASSQDFGDSLNQPQHF"	"TCRBV3-1/3-2*1"	"TCRBD2-1*1"	"TCRBJ1-5*1"	47	50	55	63	3	8	NA	NA	"CTGGAGCTTGGTGACTCTGCTGTGTATTTCTGTGCCAGCAGCCAAGATTTCGGGGATTCTCTTAATCAGCCCCAGCATTTTGGTGAT"	FALSE	TRUE	NA	NA	NA	NA
"CGCACAGAGCAGGGGGACTCGGCCATGTATCTCTGTGCCAGCAGGTCGTCTGGGCGGTTCGCCACAGATACGCAGTATTTTGGCCCA"	"CASRSSGRFATDTQYF"	"CGCACAGAGCAGGGGGACTCGGCCATGTATCTCTGTGCCAGCAGGTCGTCTGGGCGGTTCGCCACAGATACGCAGTATTTTGGCCCA"	"CASRSSGRFATDTQYF"	"TCRBV7-9*1"	NA	"TCRBJ2-3*1"	44	51	55	62	7	7	NA	NA	"CGCACAGAGCAGGGGGACTCGGCCATGTATCTCTGTGCCAGCAGGTCGTCTGGGCGGTTCGCCACAGATACGCAGTATTTTGGCCCA"	FALSE	TRUE	NA	NA	NA	NA
"NNNNNNNTGTCGGCTGCTCCCTCCCAGACATCTGTGTACTTCTGTGCCAGCTGGGGACAGTCGAACACTGAAGCTTTCTTTGGACAA"	"CASWGQSNTEAFF"	"NNNNNNNTGTCGGCTGCTCCCTCCCAGACATCTGTGTACTTCTGTGCCAGCTGGGGACAGTCGAACACTGAAGCTTTCTTTGGACAA"	"CASWGQSNTEAFF"	"TCRBV6-5*1"	"TCRBD1-1*1"	"TCRBJ1-1*1"	51	53	60	62	2	2	NA	NA	"NNNNNNNTGTCGGCTGCTCCCTCCCAGACATCTGTGTACTTCTGTGCCAGCTGGGGACAGTCGAACACTGAAGCTTTCTTTGGACAA"	FALSE	TRUE	NA	NA	NA	NA
"CACGCCCTGCAGCCAGAAGACTCAGCCCTGTATCTCTGCGCCAGCAGCCAATCGCCGGGAGTAGCTCATGAGCAGTTCTTCGGGCCA"	"CASSQSPGVAHEQFF"	"CACGCCCTGCAGCCAGAAGACTCAGCCCTGTATCTCTGCGCCAGCAGCCAATCGCCGGGAGTAGCTCATGAGCAGTTCTTCGGGCCA"	"CASSQSPGVAHEQFF"	"TCRBV4-1*1"	"TCRBD2-1*2"	"TCRBJ2-1*1"	51	55	61	67	4	6	NA	NA	"CACGCCCTGCAGCCAGAAGACTCAGCCCTGTATCTCTGCGCCAGCAGCCAATCGCCGGGAGTAGCTCATGAGCAGTTCTTCGGGCCA"	FALSE	TRUE	NA	NA	NA	NA
"ACCAGTGCCCATCCTGAAGACAGCAGCTTCTACATCTGCAGTGCTAGAGATCCGGCGGGATACACAGATACGCAGTATTTTGGCCCA"	"CSARDPAGYTDTQYF"	"ACCAGTGCCCATCCTGAAGACAGCAGCTTCTACATCTGCAGTGCTAGAGATCCGGCGGGATACACAGATACGCAGTATTTTGGCCCA"	"CSARDPAGYTDTQYF"	NA	"TCRBD2-1*2"	"TCRBJ2-3*1"	50	54	60	62	4	2	NA	NA	"ACCAGTGCCCATCCTGAAGACAGCAGCTTCTACATCTGCAGTGCTAGAGATCCGGCGGGATACACAGATACGCAGTATTTTGGCCCA"	FALSE	TRUE	NA	NA	NA	NA
"ATCCAGCGCACAGAGCAGGAGGACTCGGCCGTGTATCTCTGTGCCAGCAGCTTAAGCGGATCGCACAATGAGCAGTTCTTCGGGCCA"	"CASSLSGSHNEQFF"	"ATCCAGCGCACAGAGCAGGAGGACTCGGCCGTGTATCTCTGTGCCAGCAGCTTAAGCGGATCGCACAATGAGCAGTTCTTCGGGCCA"	"CASSLSGSHNEQFF"	"TCRBV7-2"	"TCRBD2-1"	"TCRBJ2-1*1"	-1	54	59	64	55	5	NA	NA	"ATCCAGCGCACAGAGCAGGAGGACTCGGCCGTGTATCTCTGTGCCAGCAGCTTAAGCGGATCGCACAATGAGCAGTTCTTCGGGCCA"	FALSE	TRUE	NA	NA	NA	NA
"CCTGAGCTCTCTGGAGCTGGGGGACTCAGCTTTGTATTTCTGTGCCAGCAGCGTATGGTGTTTCAAGAGACCCAGTACTTCGGGCCA"	""	"CCTGAGCTCTCTGGAGCTGGGGGACTCAGCTTTGTATTTCTGTGCCAGCAGCGTATGGTGTTTCAAGAGACCCAGTACTTCGGGCCA"	""	"TCRBV9-1*1"	NA	"TCRBJ2-5*1"	55	56	58	63	1	5	NA	NA	"CCTGAGCTCTCTGGAGCTGGGGGACTCAGCTTTGTATTTCTGTGCCAGCAGCGTATGGTGTTTCAAGAGACCCAGTACTTCGGGCCA"	FALSE	FALSE	NA	NA	NA	NA
"GTGAGCAACATGAGCCCTGAAGACAGCAGCATATATCTCTGCAGCGTGGTGGGCCGGGTCGCTAAACGGGGCTACACCTTCGGTTCG"	"CSVVGRVAKRGYTF"	"GTGAGCAACATGAGCCCTGAAGACAGCAGCATATATCTCTGCAGCGTGGTGGGCCGGGTCGCTAAACGGGGCTACACCTTCGGTTCG"	"CSVVGRVAKRGYTF"	"TCRBV29-1"	NA	"TCRBJ1-2*1"	47	50	54	69	3	15	NA	NA	"GTGAGCAACATGAGCCCTGAAGACAGCAGCATATATCTCTGCAGCGTGGTGGGCCGGGTCGCTAAACGGGGCTACACCTTCGGTTCG"	FALSE	TRUE	NA	NA	NA	NA
"GTGAGCACCTTGGAGCTGGGGGACTCGGCCCTTTATCTTTGCGCCAGCAGCCCGGCGACAGGGGGGTATGGCTACACCTTCGGTTCG"	"CASSPATGGYGYTF"	"GTGAGCACCTTGGAGCTGGGGGACTCGGCCCTTTATCTTTGCGCCAGCAGCCCGGCGACAGGGGGGTATGGCTACACCTTCGGTTCG"	"CASSPATGGYGYTF"	"TCRBV5-1*1"	"TCRBD1-1*1"	"TCRBJ1-2*1"	51	56	65	66	5	1	NA	NA	"GTGAGCACCTTGGAGCTGGGGGACTCGGCCCTTTATCTTTGCGCCAGCAGCCCGGCGACAGGGGGGTATGGCTACACCTTCGGTTCG"	FALSE	TRUE	NA	NA	NA	NA
"AATTCCCTGGAGCTTGGTGACTCTGCTGTGTATTTCTGTGCCAGCAGCCAAGGACCGGGACCTAACACTGAAGCTTTCTTTGGACAA"	"CASSQGPGPNTEAFF"	"AATTCCCTGGAGCTTGGTGACTCTGCTGTGTATTTCTGTGCCAGCAGCCAAGGACCGGGACCTAACACTGAAGCTTTCTTTGGACAA"	"CASSQGPGPNTEAFF"	"TCRBV3-1/3-2*1"	NA	"TCRBJ1-1*1"	52	56	61	63	4	2	NA	NA	"AATTCCCTGGAGCTTGGTGACTCTGCTGTGTATTTCTGTGCCAGCAGCCAAGGACCGGGACCTAACACTGAAGCTTTCTTTGGACAA"	FALSE	TRUE	NA	NA	NA	NA
"GTGAACGCCTTGGAGCTGGACGACTCGGCCCTGTATCTCTGTGCCAGCAGCTTGGAGGCAGGCGGAAGGGGCTACACCTTCGGTTCG"	"CASSLEAGGRGYTF"	"GTGAACGCCTTGGAGCTGGACGACTCGGCCCTGTATCTCTGTGCCAGCAGCTTGGAGGCAGGCGGAAGGGGCTACACCTTCGGTTCG"	"CASSLEAGGRGYTF"	"TCRBV5-4*1"	NA	"TCRBJ1-2*1"	55	58	62	69	3	7	NA	NA	"GTGAACGCCTTGGAGCTGGACGACTCGGCCCTGTATCTCTGTGCCAGCAGCTTGGAGGCAGGCGGAAGGGGCTACACCTTCGGTTCG"	FALSE	TRUE	NA	NA	NA	NA
"CACACCCTGCAGCCAGAAGACTCGGCCCTGTATCTCTGCGCCAGCAGCCCCGCTGCAGGGTTTAACTATGGCTACACCTTCGGTTCG"	"CASSPAAGFNYGYTF"	"CACACCCTGCAGCCAGAAGACTCGGCCCTGTATCTCTGCGCCAGCAGCCCCGCTGCAGGGTTTAACTATGGCTACACCTTCGGTTCG"	"CASSPAAGFNYGYTF"	"TCRBV4-3*1"	"TCRBD1-1*1"	"TCRBJ1-2*1"	49	55	60	62	6	2	NA	NA	"CACACCCTGCAGCCAGAAGACTCGGCCCTGTATCTCTGCGCCAGCAGCCCCGCTGCAGGGTTTAACTATGGCTACACCTTCGGTTCG"	FALSE	TRUE	NA	NA	NA	NA
"GTGAGCACCTTGGAGCTGGGGGACTCGGCCCTTTATCTTTGCGCCAGCAGCTTACAGACAGGGCCAGAGACCCAGTACTTCGGGCCA"	"CASSLQTGPETQYF"	"GTGAGCACCTTGGAGCTGGGGGACTCGGCCCTTTATCTTTGCGCCAGCAGCTTACAGACAGGGCCAGAGACCCAGTACTTCGGGCCA"	"CASSLQTGPETQYF"	"TCRBV5-1*1"	"TCRBD1-1*1"	"TCRBJ2-5*1"	53	56	63	65	3	2	NA	NA	"GTGAGCACCTTGGAGCTGGGGGACTCGGCCCTTTATCTTTGCGCCAGCAGCTTACAGACAGGGCCAGAGACCCAGTACTTCGGGCCA"	FALSE	TRUE	NA	NA	NA	NA
"GCAGAGCTTGGGGACTCGGCCGTGTATCTCTGTGCCAGCAGAGATAGGGGAGCGGATGCACGTAACACTGAAGCTTTCTTTGGACAA"	"CASRDRGADARNTEAFF"	"GCAGAGCTTGGGGACTCGGCCGTGTATCTCTGTGCCAGCAGAGATAGGGGAGCGGATGCACGTAACACTGAAGCTTTCTTTGGACAA"	"CASRDRGADARNTEAFF"	"TCRBV11-3*1"	NA	"TCRBJ1-1*1"	41	45	50	63	4	13	NA	NA	"GCAGAGCTTGGGGACTCGGCCGTGTATCTCTGTGCCAGCAGAGATAGGGGAGCGGATGCACGTAACACTGAAGCTTTCTTTGGACAA"	FALSE	TRUE	NA	NA	NA	NA
"TCGCCCAGCCCCAACCAGACCTCTCTGTACTTCTGTGCCAGCAGTTTATATAGCCTAGCGGAGCCTAATACGCAGTATTTTGGCCCA"	"CASSLYSLAEPNTQYF"	"TCGCCCAGCCCCAACCAGACCTCTCTGTACTTCTGTGCCAGCAGTTTATATAGCCTAGCGGAGCCTAATACGCAGTATTTTGGCCCA"	"CASSLYSLAEPNTQYF"	"TCRBV27-1*1"	"TCRBD2-1"	"TCRBJ2-3*1"	49	54	61	67	5	6	NA	NA	"TCGCCCAGCCCCAACCAGACCTCTCTGTACTTCTGTGCCAGCAGTTTATATAGCCTAGCGGAGCCTAATACGCAGTATTTTGGCCCA"	FALSE	TRUE	NA	NA	NA	NA
"GTGAACGCCTTGGAGCTGGACGACTCGGCCCTGTATCTCTGTGCCAGCAGCTCCAGGGGATCTAATTCACCCCTCCACTTTGGGAAT"	"CASSSRGSNSPLHF"	"GTGAACGCCTTGGAGCTGGACGACTCGGCCCTGTATCTCTGTGCCAGCAGCTCCAGGGGATCTAATTCACCCCTCCACTTTGGGAAT"	"CASSSRGSNSPLHF"	"TCRBV5-4*1"	"TCRBD1-1*1"	"TCRBJ1-6*1"	52	53	59	62	1	3	NA	NA	"GTGAACGCCTTGGAGCTGGACGACTCGGCCCTGTATCTCTGTGCCAGCAGCTCCAGGGGATCTAATTCACCCCTCCACTTTGGGAAT"	FALSE	TRUE	NA	NA	NA	NA
"ATCCAGCCTGCAGAGCTTGGGGACTCGGCCGTGTATCTCTGTGCCAGCAGCTTAGGAGAGGGGGCCTACGAGCAGTACTTCGGGCCG"	"CASSLGEGAYEQYF"	"ATCCAGCCTGCAGAGCTTGGGGACTCGGCCGTGTATCTCTGTGCCAGCAGCTTAGGAGAGGGGGCCTACGAGCAGTACTTCGGGCCG"	"CASSLGEGAYEQYF"	"TCRBV11-3*1"	"TCRBD1-1*1"	"TCRBJ2-7*1"	55	58	-1	64	3	65	NA	NA	"ATCCAGCCTGCAGAGCTTGGGGACTCGGCCGTGTATCTCTGTGCCAGCAGCTTAGGAGAGGGGGCCTACGAGCAGTACTTCGGGCCG"	FALSE	TRUE	NA	NA	NA	NA
"CTGTGAGCAACATGAGCCCTGAAGACAGCAGCATATATCTCTGCAGCGTCCCGGGATTACTCTAATTCACCCCTCCACTTTGGGAAT"	""	"CTGTGAGCAACATGAGCCCTGAAGACAGCAGCATATATCTCTGCAGCGTCCCGGGATTACTCTAATTCACCCCTCCACTTTGGGAAT"	""	"TCRBV29-1"	"TCRBD2-1*2"	"TCRBJ1-6*1"	49	51	56	62	2	6	NA	NA	"CTGTGAGCAACATGAGCCCTGAAGACAGCAGCATATATCTCTGCAGCGTCCCGGGATTACTCTAATTCACCCCTCCACTTTGGGAAT"	FALSE	FALSE	NA	NA	NA	NA
"CAGCCTGCAGAACTGGAGGATTCTGGAGTTTATTTCTGTGCCAGCAGCCAATGGAGACTAGCGGACAATGAGCAGTTCTTCGGGCCA"	"CASSQWRLADNEQFF"	"CAGCCTGCAGAACTGGAGGATTCTGGAGTTTATTTCTGTGCCAGCAGCCAATGGAGACTAGCGGACAATGAGCAGTTCTTCGGGCCA"	"CASSQWRLADNEQFF"	"TCRBV14-1*1"	"TCRBD2-1"	"TCRBJ2-1*1"	51	55	-1	64	4	65	NA	NA	"CAGCCTGCAGAACTGGAGGATTCTGGAGTTTATTTCTGTGCCAGCAGCCAATGGAGACTAGCGGACAATGAGCAGTTCTTCGGGCCA"	FALSE	TRUE	NA	NA	NA	NA
"CAGAGCAGCGGGACTCGGCCATGTATCGCTGTGCCAGCAGCTTTAATGGGGCGTTATGTGGCCAAAAACATTCAGTACTTCGGCGCC"	""	"CAGAGCAGCGGGACTCGGCCATGTATCGCTGTGCCAGCAGCTTTAATGGGGCGTTATGTGGCCAAAAACATTCAGTACTTCGGCGCC"	""	"TCRBV7-6*1"	"TCRBD1-1*1"	"TCRBJ2-4*1"	43	47	52	60	4	8	NA	NA	"CAGAGCAGCGGGACTCGGCCATGTATCGCTGTGCCAGCAGCTTTAATGGGGCGTTATGTGGCCAAAAACATTCAGTACTTCGGCGCC"	FALSE	FALSE	NA	NA	NA	NA
"AGCTCTCTGGAGCTGGGGGACTCAGCTTTGTATTTCTGTGCCAGCACGCCTTCGACTGAGTGGATTTATGGCTACACCTTCGGTTCG"	"CASTPSTEWIYGYTF"	"AGCTCTCTGGAGCTGGGGGACTCAGCTTTGTATTTCTGTGCCAGCACGCCTTCGACTGAGTGGATTTATGGCTACACCTTCGGTTCG"	"CASTPSTEWIYGYTF"	"TCRBV9-1*1"	"TCRBD2-1"	"TCRBJ1-2*1"	46	53	57	66	7	9	NA	NA	"AGCTCTCTGGAGCTGGGGGACTCAGCTTTGTATTTCTGTGCCAGCACGCCTTCGACTGAGTGGATTTATGGCTACACCTTCGGTTCG"	FALSE	TRUE	NA	NA	NA	NA
"TCCCTGATTCTGGAGTCCGCCAGCACCAACCAGACATCTATGTACCTCTGTGCCAGCAGAAGGACCTACGAGCAGTACTTCGGGCCG"	"CASRRTYEQYF"	"TCCCTGATTCTGGAGTCCGCCAGCACCAACCAGACATCTATGTACCTCTGTGCCAGCAGAAGGACCTACGAGCAGTACTTCGGGCCG"	"CASRRTYEQYF"	"TCRBV28-1*1"	NA	"TCRBJ2-7*1"	59	61	-1	64	2	65	NA	NA	"TCCCTGATTCTGGAGTCCGCCAGCACCAACCAGACATCTATGTACCTCTGTGCCAGCAGAAGGACCTACGAGCAGTACTTCGGGCCG"	FALSE	TRUE	NA	NA	NA	NA
"AATGTGAACGCCTTGGAGCTGGACGACTCGGCCCTGTATCTCTGTGCCAGCAGCTTCGGTGACCGGGAGACCCAGTACTTCGGGCCA"	"CASSFGDRETQYF"	"AATGTGAACGCCTTGGAGCTGGACGACTCGGCCCTGTATCTCTGTGCCAGCAGCTTCGGTGACCGGGAGACCCAGTACTTCGGGCCA"	"CASSFGDRETQYF"	"TCRBV5-4*1"	NA	"TCRBJ2-5*1"	56	60	63	66	4	3	NA	NA	"AATGTGAACGCCTTGGAGCTGGACGACTCGGCCCTGTATCTCTGTGCCAGCAGCTTCGGTGACCGGGAGACCCAGTACTTCGGGCCA"	FALSE	TRUE	NA	NA	NA	NA
"CCCAGCCCCAACCAGACCTCTCTGTACTTCTGTGCCAGCAGTTTATTTCTCGACGGTGCCTATAATTCACCCCTCCACTTTGGGAAT"	"CASSLFLDGAYNSPLHF"	"CCCAGCCCCAACCAGACCTCTCTGTACTTCTGTGCCAGCAGTTTATTTCTCGACGGTGCCTATAATTCACCCCTCCACTTTGGGAAT"	"CASSLFLDGAYNSPLHF"	"TCRBV27-1*1"	NA	"TCRBJ1-6*1"	46	51	54	58	5	4	NA	NA	"CCCAGCCCCAACCAGACCTCTCTGTACTTCTGTGCCAGCAGTTTATTTCTCGACGGTGCCTATAATTCACCCCTCCACTTTGGGAAT"	FALSE	TRUE	NA	NA	NA	NA
"ACGATTCAGCGCACAGAGCAGGAGGACTCGGCCGTGTATCTCTGTGCCAGCAGCTTAAAGGGGAACACTGAAGCTTTCTTTGGACAA"	"CASSLKGNTEAFF"	"ACGATTCAGCGCACAGAGCAGGAGGACTCGGCCGTGTATCTCTGTGCCAGCAGCTTAAAGGGGAACACTGAAGCTTTCTTTGGACAA"	"CASSLKGNTEAFF"	"TCRBV7-2"	NA	"TCRBJ1-1*1"	57	58	-1	62	1	63	NA	NA	"ACGATTCAGCGCACAGAGCAGGAGGACTCGGCCGTGTATCTCTGTGCCAGCAGCTTAAAGGGGAACACTGAAGCTTTCTTTGGACAA"	FALSE	TRUE	NA	NA	NA	NA
"ATCCTGGAGTCGCCCAGCCCCAACCAGACCTCTCTGTACTTCTGTGCCAGCACCTCGACTATTACCAATGAGCAGTTCTTCGGGCCA"	"CASTSTITNEQFF"	"ATCCTGGAGTCGCCCAGCCCCAACCAGACCTCTCTGTACTTCTGTGCCAGCACCTCGACTATTACCAATGAGCAGTTCTTCGGGCCA"	"CASTSTITNEQFF"	"TCRBV27-1*1"	"TCRBD2-1"	"TCRBJ2-1*1"	52	56	61	65	4	4	NA	NA	"ATCCTGGAGTCGCCCAGCCCCAACCAGACCTCTCTGTACTTCTGTGCCAGCACCTCGACTATTACCAATGAGCAGTTCTTCGGGCCA"	FALSE	TRUE	NA	NA	NA	NA
"CTACACGCCCTGCAGCCAGAAGACTCAGCCCTGTATCTCTGCGCCAGCAGCCTCGGCCGAGGGGGGGGAAGCTACACCTTCGGTTCG"	"CASSLGRGGGSYTF"	"CTACACGCCCTGCAGCCAGAAGACTCAGCCCTGTATCTCTGCGCCAGCAGCCTCGGCCGAGGGGGGGGAAGCTACACCTTCGGTTCG"	"CASSLGRGGGSYTF"	"TCRBV4-1*1"	"TCRBD2-1*1"	"TCRBJ1-2*1"	52	60	67	70	8	3	NA	NA	"CTACACGCCCTGCAGCCAGAAGACTCAGCCCTGTATCTCTGCGCCAGCAGCCTCGGCCGAGGGGGGGGAAGCTACACCTTCGGTTCG"	FALSE	TRUE	NA	NA	NA	NA
"CTGGAGCTTGGTGACTCTGCTGTGTATTTCTGTGCCAGCAGCCCCGCTTGGAGCGGGGCGGGACCCAATGAGCAGTTCTTCGGGCCA"	"CASSPAWSGAGPNEQFF"	"CTGGAGCTTGGTGACTCTGCTGTGTATTTCTGTGCCAGCAGCCCCGCTTGGAGCGGGGCGGGACCCAATGAGCAGTTCTTCGGGCCA"	"CASSPAWSGAGPNEQFF"	"TCRBV3-1/3-2*1"	"TCRBD2-1*1"	"TCRBJ2-1*1"	43	51	58	65	8	7	NA	NA	"CTGGAGCTTGGTGACTCTGCTGTGTATTTCTGTGCCAGCAGCCCCGCTTGGAGCGGGGCGGGACCCAATGAGCAGTTCTTCGGGCCA"	FALSE	TRUE	NA	NA	NA	NA
"CTGGAGCTTGGTGACTCTGCTGTGTATTTCTGTGCCAGCAGCCGAGGACAGGGGATGTCAACTAATGAAAAACTGTTTTTTGGCAGT"	"CASSRGQGMSTNEKLFF"	"CTGGAGCTTGGTGACTCTGCTGTGTATTTCTGTGCCAGCAGCCGAGGACAGGGGATGTCAACTAATGAAAAACTGTTTTTTGGCAGT"	"CASSRGQGMSTNEKLFF"	"TCRBV3-1/3-2*1"	"TCRBD1-1*1"	"TCRBJ1-4*1"	43	45	54	58	2	4	NA	NA	"CTGGAGCTTGGTGACTCTGCTGTGTATTTCTGTGCCAGCAGCCGAGGACAGGGGATGTCAACTAATGAAAAACTGTTTTTTGGCAGT"	FALSE	TRUE	NA	NA	NA	NA
"AGCTCCCAGACATCTGTGTACTTCTGTGCCACCCTAGGGGCCGATCCAGACCGTACAGGACTTGAACGCGAGCAGTACTTCGGGCCG"	"CATLGADPDRTGLEREQYF"	"AGCTCCCAGACATCTGTGTACTTCTGTGCCACCCTAGGGGCCGATCCAGACCGTACAGGACTTGAACGCGAGCAGTACTTCGGGCCG"	"CATLGADPDRTGLEREQYF"	"TCRBV1-3*1"	NA	"TCRBJ2-7*1"	31	54	59	68	23	9	NA	NA	"AGCTCCCAGACATCTGTGTACTTCTGTGCCACCCTAGGGGCCGATCCAGACCGTACAGGACTTGAACGCGAGCAGTACTTCGGGCCG"	FALSE	TRUE	NA	NA	NA	NA
"NNNNNNNNNTGTCGGCTGCTCCCTCCCAGACATCTGTGTACTTCTGTGCCAGCACCGAAGGAGGGGTACGAGCAGTACTTCGGGCCG"	""	"NNNNNNNNNTGTCGGCTGCTCCCTCCCAGACATCTGTGTACTTCTGTGCCAGCACCGAAGGAGGGGTACGAGCAGTACTTCGGGCCG"	""	"TCRBV6-5*1"	"TCRBD2-1*2"	"TCRBJ2-7*1"	54	59	65	66	5	1	NA	NA	"NNNNNNNNNTGTCGGCTGCTCCCTCCCAGACATCTGTGTACTTCTGTGCCAGCACCGAAGGAGGGGTACGAGCAGTACTTCGGGCCG"	FALSE	FALSE	NA	NA	NA	NA
"TGTGAGCACCTTGGAGCTGGGGGACTCGGCCCTTTATCTTTGCGCCAGCCCCCCCGCAGTGACAATTCACCCCTCCACTTTGGGAAT"	""	"TGTGAGCACCTTGGAGCTGGGGGACTCGGCCCTTTATCTTTGCGCCAGCCCCCCCGCAGTGACAATTCACCCCTCCACTTTGGGAAT"	""	"TCRBV5-1*1"	NA	"TCRBJ1-6*1"	49	60	-1	63	11	64	NA	NA	"TGTGAGCACCTTGGAGCTGGGGGACTCGGCCCTTTATCTTTGCGCCAGCCCCCCCGCAGTGACAATTCACCCCTCCACTTTGGGAAT"	FALSE	FALSE	NA	NA	NA	NA
"NNNNNNNNNNTGTCGGCTGCTCCCTCCCAGACATCTGTGTACTTCTGTGCCAGCCGGCGAGAGGGAGCCGGCTACACCTTCGGTTCG"	"CASRREGAGYTF"	"NNNNNNNNNNTGTCGGCTGCTCCCTCCCAGACATCTGTGTACTTCTGTGCCAGCCGGCGAGAGGGAGCCGGCTACACCTTCGGTTCG"	"CASRREGAGYTF"	"TCRBV6-5*1"	"TCRBD2-1*2"	"TCRBJ1-2*1"	54	62	67	69	8	2	NA	NA	"NNNNNNNNNNTGTCGGCTGCTCCCTCCCAGACATCTGTGTACTTCTGTGCCAGCCGGCGAGAGGGAGCCGGCTACACCTTCGGTTCG"	FALSE	TRUE	NA	NA	NA	NA
"CGCACAGAGCAGGAGGACTCGGCCGTGTATCTCTGTGCCAGCAGCTTACCCCGGGGTAGCGGGACGGAGACCCAGTACTTCGGGCCA"	"CASSLPRGSGTETQYF"	"CGCACAGAGCAGGAGGACTCGGCCGTGTATCTCTGTGCCAGCAGCTTACCCCGGGGTAGCGGGACGGAGACCCAGTACTTCGGGCCA"	"CASSLPRGSGTETQYF"	"TCRBV7-2"	"TCRBD2-1*2"	"TCRBJ2-5*1"	48	56	64	66	8	2	NA	NA	"CGCACAGAGCAGGAGGACTCGGCCGTGTATCTCTGTGCCAGCAGCTTACCCCGGGGTAGCGGGACGGAGACCCAGTACTTCGGGCCA"	FALSE	TRUE	NA	NA	NA	NA
"CTGAGCTCTCTGGAGCTGGGGGACTCAGCTTTGTATTTCTGTGCCAGCAGCGCCCCAGGGAGCAATCAGCCCCAGCATTTTGGTGAT"	"CASSAPGSNQPQHF"	"CTGAGCTCTCTGGAGCTGGGGGACTCAGCTTTGTATTTCTGTGCCAGCAGCGCCCCAGGGAGCAATCAGCCCCAGCATTTTGGTGAT"	"CASSAPGSNQPQHF"	"TCRBV9-1*1"	"TCRBD1-1*1"	"TCRBJ1-5*1"	52	55	-1	60	3	61	NA	NA	"CTGAGCTCTCTGGAGCTGGGGGACTCAGCTTTGTATTTCTGTGCCAGCAGCGCCCCAGGGAGCAATCAGCCCCAGCATTTTGGTGAT"	FALSE	TRUE	NA	NA	NA	NA
"CCCTCAGAACCCAGGGACTCAGCTGTGTACTTCTGTGCCAGCAGTGCCATGAGGGGAGGGGGGCAAGAGACCCAGTACTTCGGGCCA"	"CASSAMRGGGQETQYF"	"CCCTCAGAACCCAGGGACTCAGCTGTGTACTTCTGTGCCAGCAGTGCCATGAGGGGAGGGGGGCAAGAGACCCAGTACTTCGGGCCA"	"CASSAMRGGGQETQYF"	NA	"TCRBD2-1*2"	"TCRBJ2-5*1"	45	53	60	63	8	3	NA	NA	"CCCTCAGAACCCAGGGACTCAGCTGTGTACTTCTGTGCCAGCAGTGCCATGAGGGGAGGGGGGCAAGAGACCCAGTACTTCGGGCCA"	FALSE	TRUE	NA	NA	NA	NA
"GAGTCTGCCAGGCCCTCACATACCTCTCAGTACCTCTGTGCCAGCAGTGGAAAGACAGGGATTGGAAACACCATATATTTTGGAGAG"	"CASSGKTGIGNTIYF"	"GAGTCTGCCAGGCCCTCACATACCTCTCAGTACCTCTGTGCCAGCAGTGGAAAGACAGGGATTGGAAACACCATATATTTTGGAGAG"	"CASSGKTGIGNTIYF"	"TCRBV25-1*1"	"TCRBD1-1*1"	"TCRBJ1-3*1"	49	53	60	62	4	2	NA	NA	"GAGTCTGCCAGGCCCTCACATACCTCTCAGTACCTCTGTGCCAGCAGTGGAAAGACAGGGATTGGAAACACCATATATTTTGGAGAG"	FALSE	TRUE	NA	NA	NA	NA
"TGCCCATCCTGAAGACAGCAGCTTCTACATCTGCAGTGCTAGAGACCCGTAACGGGCGGGAAGGGCAATGAGCAGTTCTTCGGGCCA"	""	"TGCCCATCCTGAAGACAGCAGCTTCTACATCTGCAGTGCTAGAGACCCGTAACGGGCGGGAAGGGCAATGAGCAGTTCTTCGGGCCA"	""	NA	"TCRBD2-1*2"	"TCRBJ2-1*1"	45	55	61	65	10	4	NA	NA	"TGCCCATCCTGAAGACAGCAGCTTCTACATCTGCAGTGCTAGAGACCCGTAACGGGCGGGAAGGGCAATGAGCAGTTCTTCGGGCCA"	FALSE	FALSE	NA	NA	NA	NA
"ACCAGTGCCCATCCTGAAGACAGCAGCTTCTACATCTGCAGTGCTAGAGATAACCGCGGGAGAGGGGATGAGCAGTTCTTCGGGCCA"	"CSARDNRGRGDEQFF"	"ACCAGTGCCCATCCTGAAGACAGCAGCTTCTACATCTGCAGTGCTAGAGATAACCGCGGGAGAGGGGATGAGCAGTTCTTCGGGCCA"	"CSARDNRGRGDEQFF"	NA	"TCRBD2-1*2"	"TCRBJ2-1*1"	50	55	62	67	5	5	NA	NA	"ACCAGTGCCCATCCTGAAGACAGCAGCTTCTACATCTGCAGTGCTAGAGATAACCGCGGGAGAGGGGATGAGCAGTTCTTCGGGCCA"	FALSE	TRUE	NA	NA	NA	NA
"ACTGTGACATCGGCCCAAAAGAACCCGACAGCTTTCTATCTCTGTGCCAGTAGTATGACAGATAGAGGGCCCCTCCACTTTGGGAAT"	"CASSMTDRGPLHF"	"ACTGTGACATCGGCCCAAAAGAACCCGACAGCTTTCTATCTCTGTGCCAGTAGTATGACAGATAGAGGGCCCCTCCACTTTGGGAAT"	"CASSMTDRGPLHF"	"TCRBV19-1*1"	NA	"TCRBJ1-6*1"	-1	56	61	69	57	8	NA	NA	"ACTGTGACATCGGCCCAAAAGAACCCGACAGCTTTCTATCTCTGTGCCAGTAGTATGACAGATAGAGGGCCCCTCCACTTTGGGAAT"	FALSE	TRUE	NA	NA	NA	NA
"GAGTCGCCCAGCCCCAACCAGACCTCTCTGTACTTCTGTGCCAGCAGTTCTCTAGCGGGAGGGATAGATACGCAGTATTTTGGCCCA"	"CASSSLAGGIDTQYF"	"GAGTCGCCCAGCCCCAACCAGACCTCTCTGTACTTCTGTGCCAGCAGTTCTCTAGCGGGAGGGATAGATACGCAGTATTTTGGCCCA"	"CASSSLAGGIDTQYF"	"TCRBV27-1*1"	"TCRBD2-1*2"	"TCRBJ2-3*1"	49	51	63	65	2	2	NA	NA	"GAGTCGCCCAGCCCCAACCAGACCTCTCTGTACTTCTGTGCCAGCAGTTCTCTAGCGGGAGGGATAGATACGCAGTATTTTGGCCCA"	FALSE	TRUE	NA	NA	NA	NA
"TTGGAGCTGGACGACTCGGCCCTGTATCTCTGTGCCAGCAGCCTGGGACTAGCGGGCACTAGCACAGATACGCAGTATTTTGGCCCA"	"CASSLGLAGTSTDTQYF"	"TTGGAGCTGGACGACTCGGCCCTGTATCTCTGTGCCAGCAGCCTGGGACTAGCGGGCACTAGCACAGATACGCAGTATTTTGGCCCA"	"CASSLGLAGTSTDTQYF"	"TCRBV5-4*1"	"TCRBD2-1"	"TCRBJ2-3*1"	-1	46	56	60	47	4	NA	NA	"TTGGAGCTGGACGACTCGGCCCTGTATCTCTGTGCCAGCAGCCTGGGACTAGCGGGCACTAGCACAGATACGCAGTATTTTGGCCCA"	FALSE	TRUE	NA	NA	NA	NA
"CACGGAGTCAGGGGACACAGCACTGTATTTCTGTGCCAGCAGCAAAGTAACCGGGGCCCCTATAATTCACCCCTCCACTTTGGGAAT"	""	"CACGGAGTCAGGGGACACAGCACTGTATTTCTGTGCCAGCAGCAAAGTAACCGGGGCCCCTATAATTCACCCCTCCACTTTGGGAAT"	""	"TCRBV21-1*1"	NA	"TCRBJ1-6*1"	47	52	57	58	5	1	NA	NA	"CACGGAGTCAGGGGACACAGCACTGTATTTCTGTGCCAGCAGCAAAGTAACCGGGGCCCCTATAATTCACCCCTCCACTTTGGGAAT"	FALSE	FALSE	NA	NA	NA	NA
"GAGCAGGGGGACTCGGCCATGTATCTCTGTGCCAGCAGCTTAGGGGACAGGAGGATGATAGCCAAAAACATTCAGTACTTCGGCGCC"	"CASSLGDRRMIAKNIQYF"	"GAGCAGGGGGACTCGGCCATGTATCTCTGTGCCAGCAGCTTAGGGGACAGGAGGATGATAGCCAAAAACATTCAGTACTTCGGCGCC"	"CASSLGDRRMIAKNIQYF"	"TCRBV7-9*1"	"TCRBD1-1*1"	"TCRBJ2-4*1"	-1	43	51	59	44	8	NA	NA	"GAGCAGGGGGACTCGGCCATGTATCTCTGTGCCAGCAGCTTAGGGGACAGGAGGATGATAGCCAAAAACATTCAGTACTTCGGCGCC"	FALSE	TRUE	NA	NA	NA	NA
"ATCCCCAACCAGACAGCTCTTTACTTCTGTGCCACCAGTGATTTGCACTTAACAGGCTTAAGTGGATAGACCCAGTACTTCGGGCCA"	"CATSDLHLTGLSG*TQYF"	"ATCCCCAACCAGACAGCTCTTTACTTCTGTGCCACCAGTGATTTGCACTTAACAGGCTTAAGTGGATAGACCCAGTACTTCGGGCCA"	"CATSDLHLTGLSG*TQYF"	"TCRBV24-1*1"	"TCRBD1-1*1"	"TCRBJ2-5*1"	45	51	56	67	6	11	NA	NA	"ATCCCCAACCAGACAGCTCTTTACTTCTGTGCCACCAGTGATTTGCACTTAACAGGCTTAAGTGGATAGACCCAGTACTTCGGGCCA"	FALSE	TRUE	NA	NA	NA	NA
"NCTCTGAAGATCCGGTCCACAAAGCTGGAGGACTCAGCCATGTACTTCTGTGCCAGCAGTGTCTTAAACGAGCAGTACTTCGGGCCG"	"CASSVLNEQYF"	"NCTCTGAAGATCCGGTCCACAAAGCTGGAGGACTCAGCCATGTACTTCTGTGCCAGCAGTGTCTTAAACGAGCAGTACTTCGGGCCG"	"CASSVLNEQYF"	"TCRBV2-1"	"TCRBD2-1"	"TCRBJ2-7*1"	61	62	64	67	1	3	NA	NA	"NCTCTGAAGATCCGGTCCACAAAGCTGGAGGACTCAGCCATGTACTTCTGTGCCAGCAGTGTCTTAAACGAGCAGTACTTCGGGCCG"	FALSE	TRUE	NA	NA	NA	NA
"AGCCAGAAGACTCGGCCCTGTATCTCTGCGCCAGCAGCCAAGGAAGAAACTAGCGGATAAAGCACAGATACGCAGTATTTTGGCCCA"	""	"AGCCAGAAGACTCGGCCCTGTATCTCTGCGCCAGCAGCCAAGGAAGAAACTAGCGGATAAAGCACAGATACGCAGTATTTTGGCCCA"	""	"TCRBV4-3*1"	"TCRBD2-1"	"TCRBJ2-3*1"	42	48	56	60	6	4	NA	NA	"AGCCAGAAGACTCGGCCCTGTATCTCTGCGCCAGCAGCCAAGGAAGAAACTAGCGGATAAAGCACAGATACGCAGTATTTTGGCCCA"	FALSE	FALSE	NA	NA	NA	NA
"AAGCTCCTTCTCAGTGACTCTGGCTTCTATCTCTGTGCCTGGAGTCCCCGAATAGCGGGCCACTCCTACGAGCAGTACTTCGGGCCG"	"CAWSPRIAGHSYEQYF"	"AAGCTCCTTCTCAGTGACTCTGGCTTCTATCTCTGTGCCTGGAGTCCCCGAATAGCGGGCCACTCCTACGAGCAGTACTTCGGGCCG"	"CAWSPRIAGHSYEQYF"	"TCRBV3-1*1"	"TCRBD2-1"	"TCRBJ2-7*1"	45	52	59	62	7	3	NA	NA	"AAGCTCCTTCTCAGTGACTCTGGCTTCTATCTCTGTGCCTGGAGTCCCCGAATAGCGGGCCACTCCTACGAGCAGTACTTCGGGCCG"	FALSE	TRUE	NA	NA	NA	NA
"GTGACATCGGCCCAAAAGAACCCGACAGCTTTCTATCTCTGTGCCAGTAGTATGGGGACAGCTCAAGAGACCCAGTACTTCGGGCCA"	"CASSMGTAQETQYF"	"GTGACATCGGCCCAAAAGAACCCGACAGCTTTCTATCTCTGTGCCAGTAGTATGGGGACAGCTCAAGAGACCCAGTACTTCGGGCCA"	"CASSMGTAQETQYF"	"TCRBV19-1*1"	"TCRBD1-1*1"	"TCRBJ2-5*1"	53	54	61	63	1	2	NA	NA	"GTGACATCGGCCCAAAAGAACCCGACAGCTTTCTATCTCTGTGCCAGTAGTATGGGGACAGCTCAAGAGACCCAGTACTTCGGGCCA"	FALSE	TRUE	NA	NA	NA	NA
"CCTGCAAAGCTTGAGGACTCGGCCGTGTATCTCTGTGCCAGCAGCTTTCGGGGACAGGGGGCATTGGATGGCTACACCTTCGGTTCG"	"CASSFRGQGALDGYTF"	"CCTGCAAAGCTTGAGGACTCGGCCGTGTATCTCTGTGCCAGCAGCTTTCGGGGACAGGGGGCATTGGATGGCTACACCTTCGGTTCG"	"CASSFRGQGALDGYTF"	"TCRBV11-2"	"TCRBD1-1*1"	"TCRBJ1-2*1"	47	50	62	67	3	5	NA	NA	"CCTGCAAAGCTTGAGGACTCGGCCGTGTATCTCTGTGCCAGCAGCTTTCGGGGACAGGGGGCATTGGATGGCTACACCTTCGGTTCG"	FALSE	TRUE	NA	NA	NA	NA
"NNNNCTCTGAAGATCCGGTCCACAAAGCTGGAGGACTCAGCCATGTACTTCTGTGCCAGCAGAAGCGGTGAAGCTTTCTTTGGACAA"	"CASRSGEAFF"	"NNNNCTCTGAAGATCCGGTCCACAAAGCTGGAGGACTCAGCCATGTACTTCTGTGCCAGCAGAAGCGGTGAAGCTTTCTTTGGACAA"	"CASRSGEAFF"	"TCRBV2-1"	"TCRBD2-1"	"TCRBJ1-1*1"	62	63	-1	68	1	69	NA	NA	"NNNNCTCTGAAGATCCGGTCCACAAAGCTGGAGGACTCAGCCATGTACTTCTGTGCCAGCAGAAGCGGTGAAGCTTTCTTTGGACAA"	FALSE	TRUE	NA	NA	NA	NA
"ATCCAGCAGGTAGTGCGAGGAGATTCGGCAGCTTATTTCTGTGCCAGCTCACCAGGGGCGAACAATCAGCCCCAGCATTTTGGTGAT"	"CASSPGANNQPQHF"	"ATCCAGCAGGTAGTGCGAGGAGATTCGGCAGCTTATTTCTGTGCCAGCTCACCAGGGGCGAACAATCAGCCCCAGCATTTTGGTGAT"	"CASSPGANNQPQHF"	"TCRBV18-1*1"	"TCRBD1-1*1"	"TCRBJ1-5*1"	-1	54	59	62	55	3	NA	NA	"ATCCAGCAGGTAGTGCGAGGAGATTCGGCAGCTTATTTCTGTGCCAGCTCACCAGGGGCGAACAATCAGCCCCAGCATTTTGGTGAT"	FALSE	TRUE	NA	NA	NA	NA
"TGAACGCCTTGTTGCTGGGGGACTCGGCCCTCTATCTCTGTGCCAGCAGCTTGGCAGTCCGTCCAAGAGACCCAGTACTTCGGGCCA"	""	"TGAACGCCTTGTTGCTGGGGGACTCGGCCCTCTATCTCTGTGCCAGCAGCTTGGCAGTCCGTCCAAGAGACCCAGTACTTCGGGCCA"	""	"TCRBV5-6*1"	"TCRBD1-1*1"	"TCRBJ2-5*1"	-1	54	57	62	55	5	NA	NA	"TGAACGCCTTGTTGCTGGGGGACTCGGCCCTCTATCTCTGTGCCAGCAGCTTGGCAGTCCGTCCAAGAGACCCAGTACTTCGGGCCA"	FALSE	FALSE	NA	NA	NA	NA
"NTGTCGGCTGCTCCCTCCCAGACATCTGTGTACTTCTGTGCCAGCAGTTACTCGGGCAGGGGAGGGACTGAAGCTTTCTTTGGACAA"	"CASSYSGRGGTEAFF"	"NTGTCGGCTGCTCCCTCCCAGACATCTGTGTACTTCTGTGCCAGCAGTTACTCGGGCAGGGGAGGGACTGAAGCTTTCTTTGGACAA"	"CASSYSGRGGTEAFF"	"TCRBV6-5*1"	"TCRBD2-1*2"	"TCRBJ1-1*1"	53	59	-1	66	6	67	NA	NA	"NTGTCGGCTGCTCCCTCCCAGACATCTGTGTACTTCTGTGCCAGCAGTTACTCGGGCAGGGGAGGGACTGAAGCTTTCTTTGGACAA"	FALSE	TRUE	NA	NA	NA	NA
"NNNNNNNTGTCGGCTGCTCCCTCCCAAACATCTGTGTACTTCTGTGCCAGCAGTCTGGCGGGATACAATGAGCAGTTCTTCGGGCCA"	"CASSLAGYNEQFF"	"NNNNNNNTGTCGGCTGCTCCCTCCCAAACATCTGTGTACTTCTGTGCCAGCAGTCTGGCGGGATACAATGAGCAGTTCTTCGGGCCA"	"CASSLAGYNEQFF"	"TCRBV6-2/6-3*1"	"TCRBD2-1*2"	"TCRBJ2-1*1"	54	57	-1	63	3	64	NA	NA	"NNNNNNNTGTCGGCTGCTCCCTCCCAAACATCTGTGTACTTCTGTGCCAGCAGTCTGGCGGGATACAATGAGCAGTTCTTCGGGCCA"	FALSE	TRUE	NA	NA	NA	NA
"AACCTGAGCTCTCTGGAGCTGGGGGACTCAGCTTTGTATTTCTGTGCCAGCAGCGTCGGGAGTTCAGATACGCAGTATTTTGGCCCA"	"CASSVGSSDTQYF"	"AACCTGAGCTCTCTGGAGCTGGGGGACTCAGCTTTGTATTTCTGTGCCAGCAGCGTCGGGAGTTCAGATACGCAGTATTTTGGCCCA"	"CASSVGSSDTQYF"	"TCRBV9-1*1"	"TCRBD2-1*2"	"TCRBJ2-3*1"	-1	56	62	64	57	2	NA	NA	"AACCTGAGCTCTCTGGAGCTGGGGGACTCAGCTTTGTATTTCTGTGCCAGCAGCGTCGGGAGTTCAGATACGCAGTATTTTGGCCCA"	FALSE	TRUE	NA	NA	NA	NA
"CTCTGACGATTCAGCGCACAGAGCAGCGGGACTCAGCCATGTATCGCTGTGCTAGCAGCTCATGCAGATACGCAGTATTTTGGCCCA"	""	"CTCTGACGATTCAGCGCACAGAGCAGCGGGACTCAGCCATGTATCGCTGTGCTAGCAGCTCATGCAGATACGCAGTATTTTGGCCCA"	""	"TCRBV7-7*1"	"TCRBD1-1*1"	"TCRBJ2-3*1"	-1	60	62	64	61	2	NA	NA	"CTCTGACGATTCAGCGCACAGAGCAGCGGGACTCAGCCATGTATCGCTGTGCTAGCAGCTCATGCAGATACGCAGTATTTTGGCCCA"	FALSE	FALSE	NA	NA	NA	NA
"GTGACTCTGCTGTGTATTTCTGTGCCAGCAGCCAAGACGTCCTGGCGGGAGATCCTTACATCCTACAATGAGCAGTTCTTCGGGCCA"	""	"GTGACTCTGCTGTGTATTTCTGTGCCAGCAGCCAAGACGTCCTGGCGGGAGATCCTTACATCCTACAATGAGCAGTTCTTCGGGCCA"	""	"TCRBV3-1/3-2*1"	"TCRBD2-1*2"	"TCRBJ2-1*1"	37	44	51	60	7	9	NA	NA	"GTGACTCTGCTGTGTATTTCTGTGCCAGCAGCCAAGACGTCCTGGCGGGAGATCCTTACATCCTACAATGAGCAGTTCTTCGGGCCA"	FALSE	FALSE	NA	NA	NA	NA
"CGCACACAGCAGGAGGACTCGGCCGTGTATCTCTGTGCCAGCAGCTTACTGGCCGGGGGAGGTGGGAGCGAGCAGTACTTCGGGCCG"	"CASSLLAGGGGSEQYF"	"CGCACACAGCAGGAGGACTCGGCCGTGTATCTCTGTGCCAGCAGCTTACTGGCCGGGGGAGGTGGGAGCGAGCAGTACTTCGGGCCG"	"CASSLLAGGGGSEQYF"	"TCRBV7-2"	"TCRBD2-1"	"TCRBJ2-7*1"	48	53	59	68	5	9	NA	NA	"CGCACACAGCAGGAGGACTCGGCCGTGTATCTCTGTGCCAGCAGCTTACTGGCCGGGGGAGGTGGGAGCGAGCAGTACTTCGGGCCG"	FALSE	TRUE	NA	NA	NA	NA
"CTCCTCACTCTGGAGTCCGCTACCAGCTCCCAGACATCTGTGTACTTCTGTGCCATCCGGGTTACAGATACGCAGTATTTTGGCCCA"	"CAIRVTDTQYF"	"CTCCTCACTCTGGAGTCCGCTACCAGCTCCCAGACATCTGTGTACTTCTGTGCCATCCGGGTTACAGATACGCAGTATTTTGGCCCA"	"CAIRVTDTQYF"	"TCRBV1-3*1"	"TCRBD2-1"	"TCRBJ2-3*1"	-1	57	61	63	58	2	NA	NA	"CTCCTCACTCTGGAGTCCGCTACCAGCTCCCAGACATCTGTGTACTTCTGTGCCATCCGGGTTACAGATACGCAGTATTTTGGCCCA"	FALSE	TRUE	NA	NA	NA	NA
"CCCATGGAACCCAGGGACTTGGGCCTATATTTCTGTGCCAGCAGCTCCAGCCTAGCGGGAGTGGGAGAGACCCAGTACTTCGGGCCA"	"CASSSSLAGVGETQYF"	"CCCATGGAACCCAGGGACTTGGGCCTATATTTCTGTGCCAGCAGCTCCAGCCTAGCGGGAGTGGGAGAGACCCAGTACTTCGGGCCA"	"CASSSSLAGVGETQYF"	"TCRBV12-1*1"	"TCRBD2-1*2"	"TCRBJ2-5*1"	46	51	61	65	5	4	NA	NA	"CCCATGGAACCCAGGGACTTGGGCCTATATTTCTGTGCCAGCAGCTCCAGCCTAGCGGGAGTGGGAGAGACCCAGTACTTCGGGCCA"	FALSE	TRUE	NA	NA	NA	NA
"CTGGAGTCGCCCAGCCCCAACCAGACCTCTCTGTACTTCTGTGCCAGCAGTTTGGGACAGGGGGCTTACGAGCAGTACTTCGGGCCG"	"CASSLGQGAYEQYF"	"CTGGAGTCGCCCAGCCCCAACCAGACCTCTCTGTACTTCTGTGCCAGCAGTTTGGGACAGGGGGCTTACGAGCAGTACTTCGGGCCG"	"CASSLGQGAYEQYF"	"TCRBV27-1*1"	"TCRBD1-1*1"	"TCRBJ2-7*1"	-1	53	65	66	54	1	NA	NA	"CTGGAGTCGCCCAGCCCCAACCAGACCTCTCTGTACTTCTGTGCCAGCAGTTTGGGACAGGGGGCTTACGAGCAGTACTTCGGGCCG"	FALSE	TRUE	NA	NA	NA	NA
"AGAACCCAGGGACTCAGCTGTGTACTTCTGTGCCAGCAGTTTAGCACGACAGGGAGCTCCTATAATTCACCCCTCCACTTTGGGAAT"	""	"AGAACCCAGGGACTCAGCTGTGTACTTCTGTGCCAGCAGTTTAGCACGACAGGGAGCTCCTATAATTCACCCCTCCACTTTGGGAAT"	""	NA	"TCRBD1-1*1"	"TCRBJ1-6*1"	45	47	54	56	2	2	NA	NA	"AGAACCCAGGGACTCAGCTGTGTACTTCTGTGCCAGCAGTTTAGCACGACAGGGAGCTCCTATAATTCACCCCTCCACTTTGGGAAT"	FALSE	FALSE	NA	NA	NA	NA
"CACCTACACGCCCTGCAGCCAGAAGACTCAGCCCTGTATCTCTGCGCCAGCAGCCACTGGACAGGGGAGACCCAGTACTTCGGGCCA"	"CASSHWTGETQYF"	"CACCTACACGCCCTGCAGCCAGAAGACTCAGCCCTGTATCTCTGCGCCAGCAGCCACTGGACAGGGGAGACCCAGTACTTCGGGCCA"	"CASSHWTGETQYF"	"TCRBV4-1*1"	"TCRBD1-1*1"	"TCRBJ2-5*1"	56	58	-1	66	2	67	NA	NA	"CACCTACACGCCCTGCAGCCAGAAGACTCAGCCCTGTATCTCTGCGCCAGCAGCCACTGGACAGGGGAGACCCAGTACTTCGGGCCA"	FALSE	TRUE	NA	NA	NA	NA
"ACAGAGCAGGGGGACTCGGCCATGTATCTCTGTGCCAGCAGCTTTCTTCGATCGGGGGGTCGTCAAGAGACCCAGTACTTCGGGCCA"	"CASSFLRSGGRQETQYF"	"ACAGAGCAGGGGGACTCGGCCATGTATCTCTGTGCCAGCAGCTTTCTTCGATCGGGGGGTCGTCAAGAGACCCAGTACTTCGGGCCA"	"CASSFLRSGGRQETQYF"	"TCRBV7-9*1"	"TCRBD2-1*1"	"TCRBJ2-5*1"	44	52	59	63	8	4	NA	NA	"ACAGAGCAGGGGGACTCGGCCATGTATCTCTGTGCCAGCAGCTTTCTTCGATCGGGGGGTCGTCAAGAGACCCAGTACTTCGGGCCA"	FALSE	TRUE	NA	NA	NA	NA
"CTGGAGTCGCCCAGCCCCAACCAGACCTCTCTGTACTTCTGTGCCAGCAGTTTAGCTTGGGGGCAGACTGAAGCTTTCTTTGGACAA"	"CASSLAWGQTEAFF"	"CTGGAGTCGCCCAGCCCCAACCAGACCTCTCTGTACTTCTGTGCCAGCAGTTTAGCTTGGGGGCAGACTGAAGCTTTCTTTGGACAA"	"CASSLAWGQTEAFF"	"TCRBV27-1*1"	"TCRBD1-1*1"	"TCRBJ1-1*1"	54	58	64	66	4	2	NA	NA	"CTGGAGTCGCCCAGCCCCAACCAGACCTCTCTGTACTTCTGTGCCAGCAGTTTAGCTTGGGGGCAGACTGAAGCTTTCTTTGGACAA"	FALSE	TRUE	NA	NA	NA	NA
"NTGTCGGCTGCTCCCTCCCAGACATCTGTGTACTTCTGTGCCAGCAGTTACTCAAGAGGGAGGGATCAGCCCCAGCATTTTGGTGAT"	"CASSYSRGRDQPQHF"	"NTGTCGGCTGCTCCCTCCCAGACATCTGTGTACTTCTGTGCCAGCAGTTACTCAAGAGGGAGGGATCAGCCCCAGCATTTTGGTGAT"	"CASSYSRGRDQPQHF"	"TCRBV6-5*1"	"TCRBD2-1*2"	"TCRBJ1-5*1"	53	57	-1	64	4	65	NA	NA	"NTGTCGGCTGCTCCCTCCCAGACATCTGTGTACTTCTGTGCCAGCAGTTACTCAAGAGGGAGGGATCAGCCCCAGCATTTTGGTGAT"	FALSE	TRUE	NA	NA	NA	NA
"AGTGCCCATCCTGAAGACAGCAGCTTCTACATCTGCAGTGCTAGAGATATCGGCGGGGGTAGCACAGATACGCAGTATTTTGGCCCA"	"CSARDIGGGSTDTQYF"	"AGTGCCCATCCTGAAGACAGCAGCTTCTACATCTGCAGTGCTAGAGATATCGGCGGGGGTAGCACAGATACGCAGTATTTTGGCCCA"	"CSARDIGGGSTDTQYF"	NA	"TCRBD2-1*1"	"TCRBJ2-3*1"	47	52	59	60	5	1	NA	NA	"AGTGCCCATCCTGAAGACAGCAGCTTCTACATCTGCAGTGCTAGAGATATCGGCGGGGGTAGCACAGATACGCAGTATTTTGGCCCA"	FALSE	TRUE	NA	NA	NA	NA
"CCCTCAGAACCCAGGGACTCAGCTGTGTACTTCTGTGCCAGCAGTTTGTTTGCTAGCGGGAGTCGGAATGAGCAGTTCTTCGGGCCA"	"CASSLFASGSRNEQFF"	"CCCTCAGAACCCAGGGACTCAGCTGTGTACTTCTGTGCCAGCAGTTTGTTTGCTAGCGGGAGTCGGAATGAGCAGTTCTTCGGGCCA"	"CASSLFASGSRNEQFF"	NA	"TCRBD2-1*2"	"TCRBJ2-1*1"	47	52	62	66	5	4	NA	NA	"CCCTCAGAACCCAGGGACTCAGCTGTGTACTTCTGTGCCAGCAGTTTGTTTGCTAGCGGGAGTCGGAATGAGCAGTTCTTCGGGCCA"	FALSE	TRUE	NA	NA	NA	NA
"CGGTCCACAAAGCTGGAGGACTCAGCCATGTACTTCTGTGCCAGCAACCCGACAGGGGGGAGCAATCAGCCCCAGCATTTTGGTGAT"	"CASNPTGGSNQPQHF"	"CGGTCCACAAAGCTGGAGGACTCAGCCATGTACTTCTGTGCCAGCAACCCGACAGGGGGGAGCAATCAGCCCCAGCATTTTGGTGAT"	"CASNPTGGSNQPQHF"	"TCRBV2-1"	"TCRBD1-1*1"	"TCRBJ1-5*1"	46	50	59	60	4	1	NA	NA	"CGGTCCACAAAGCTGGAGGACTCAGCCATGTACTTCTGTGCCAGCAACCCGACAGGGGGGAGCAATCAGCCCCAGCATTTTGGTGAT"	FALSE	TRUE	NA	NA	NA	NA
"TCTCTGGAGCTGGGGGACTCAGCTTTGTATTTCTGTGCCAGCAGCGTAGACCCCGGACAGGCTGCAGATACGCAGTATTTTGGCCCA"	"CASSVDPGQAADTQYF"	"TCTCTGGAGCTGGGGGACTCAGCTTTGTATTTCTGTGCCAGCAGCGTAGACCCCGGACAGGCTGCAGATACGCAGTATTTTGGCCCA"	"CASSVDPGQAADTQYF"	"TCRBV9-1*1"	"TCRBD1-1*1"	"TCRBJ2-3*1"	49	54	61	64	5	3	NA	NA	"TCTCTGGAGCTGGGGGACTCAGCTTTGTATTTCTGTGCCAGCAGCGTAGACCCCGGACAGGCTGCAGATACGCAGTATTTTGGCCCA"	FALSE	TRUE	NA	NA	NA	NA
"ACCCTGAAGTCTGCCAGGCCCTCACATACCTCTCAGTACCTCTGTGCCAGCAGTTGGCGGGATTCAGATACGCAGTATTTTGGCCCA"	"CASSWRDSDTQYF"	"ACCCTGAAGTCTGCCAGGCCCTCACATACCTCTCAGTACCTCTGTGCCAGCAGTTGGCGGGATTCAGATACGCAGTATTTTGGCCCA"	"CASSWRDSDTQYF"	"TCRBV25-1*1"	"TCRBD2-1*2"	"TCRBJ2-3*1"	54	56	62	64	2	2	NA	NA	"ACCCTGAAGTCTGCCAGGCCCTCACATACCTCTCAGTACCTCTGTGCCAGCAGTTGGCGGGATTCAGATACGCAGTATTTTGGCCCA"	FALSE	TRUE	NA	NA	NA	NA
"NNNNTGTCGGCTGCTCCCTCCCAGACATCTGTGTACTTCTGTGCCAGCAGCATACCCCTTATGGGCACGGGAGCTTTCTTTGGACAA"	"CASSIPLMGTGAFF"	"NNNNTGTCGGCTGCTCCCTCCCAGACATCTGTGTACTTCTGTGCCAGCAGCATACCCCTTATGGGCACGGGAGCTTTCTTTGGACAA"	"CASSIPLMGTGAFF"	"TCRBV6-5*1"	NA	"TCRBJ1-1*1"	50	62	66	71	12	5	NA	NA	"NNNNTGTCGGCTGCTCCCTCCCAGACATCTGTGTACTTCTGTGCCAGCAGCATACCCCTTATGGGCACGGGAGCTTTCTTTGGACAA"	FALSE	TRUE	NA	NA	NA	NA
"GCTCCCTCCCAGACATCTGTGTACTTCTGTGCCAGCAGCGCCTTAGCGGGAACCCCCGCGGGCACAGATACGCAGTATTTTGGCCCA"	"CASSALAGTPAGTDTQYF"	"GCTCCCTCCCAGACATCTGTGTACTTCTGTGCCAGCAGCGCCTTAGCGGGAACCCCCGCGGGCACAGATACGCAGTATTTTGGCCCA"	"CASSALAGTPAGTDTQYF"	NA	"TCRBD2-1*2"	"TCRBJ2-3*1"	38	43	51	61	5	10	NA	NA	"GCTCCCTCCCAGACATCTGTGTACTTCTGTGCCAGCAGCGCCTTAGCGGGAACCCCCGCGGGCACAGATACGCAGTATTTTGGCCCA"	FALSE	TRUE	NA	NA	NA	NA
"CTGGAGTTGCCCAGCCCCAACCAGACCTCTCTGTACTTCTGTGCCAGCAGTTCCCGACAGGGGGCATATACGCAGTATTTTGGCCCA"	"CASSSRQGAYTQYF"	"CTGGAGTTGCCCAGCCCCAACCAGACCTCTCTGTACTTCTGTGCCAGCAGTTCCCGACAGGGGGCATATACGCAGTATTTTGGCCCA"	"CASSSRQGAYTQYF"	"TCRBV27-1*1"	"TCRBD1-1*1"	"TCRBJ2-3*1"	52	55	65	67	3	2	NA	NA	"CTGGAGTTGCCCAGCCCCAACCAGACCTCTCTGTACTTCTGTGCCAGCAGTTCCCGACAGGGGGCATATACGCAGTATTTTGGCCCA"	FALSE	TRUE	NA	NA	NA	NA
"GAGTCGCCCAGCCCCAACCAGACCTCTCTGTACTTCTGTGCCAGCAGACCAGGGTGGGGGAACAATCAGCCCCAGCATTTTGGTGAT"	"CASRPGWGNNQPQHF"	"GAGTCGCCCAGCCCCAACCAGACCTCTCTGTACTTCTGTGCCAGCAGACCAGGGTGGGGGAACAATCAGCCCCAGCATTTTGGTGAT"	"CASRPGWGNNQPQHF"	"TCRBV27-1*1"	NA	"TCRBJ1-5*1"	47	49	54	62	2	8	NA	NA	"GAGTCGCCCAGCCCCAACCAGACCTCTCTGTACTTCTGTGCCAGCAGACCAGGGTGGGGGAACAATCAGCCCCAGCATTTTGGTGAT"	FALSE	TRUE	NA	NA	NA	NA
"NNNNNTGAAGATCCAGCCCTCAGAACCCAGGGACTCAGCTGTGTACTTCTCCGAACCCCGCCCTACAATGAGCAGTTCTTCGGGCCA"	""	"NNNNNTGAAGATCCAGCCCTCAGAACCCAGGGACTCAGCTGTGTACTTCTCCGAACCCCGCCCTACAATGAGCAGTTCTTCGGGCCA"	""	"TCRBV12-3/12-4*1"	NA	"TCRBJ2-1*1"	50	52	54	61	2	7	NA	NA	"NNNNNTGAAGATCCAGCCCTCAGAACCCAGGGACTCAGCTGTGTACTTCTCCGAACCCCGCCCTACAATGAGCAGTTCTTCGGGCCA"	FALSE	FALSE	NA	NA	NA	NA
"ACGATCCAGCGCACAGAGCAGGAGGACTCCGCCGTGTATCTCTGTGCCACCATGCCCAGGTCCAAAGAGACCCAGTACTTCGGGCCA"	"CATMPRSKETQYF"	"ACGATCCAGCGCACAGAGCAGGAGGACTCCGCCGTGTATCTCTGTGCCACCATGCCCAGGTCCAAAGAGACCCAGTACTTCGGGCCA"	"CATMPRSKETQYF"	"TCRBV7-8"	"TCRBD1-1*1"	"TCRBJ2-5*1"	49	56	60	64	7	4	NA	NA	"ACGATCCAGCGCACAGAGCAGGAGGACTCCGCCGTGTATCTCTGTGCCACCATGCCCAGGTCCAAAGAGACCCAGTACTTCGGGCCA"	FALSE	TRUE	NA	NA	NA	NA
"GTGACATCGGCCCAAAAGAACCCGACAGCTTTCTATCTCTGTGCCAGTAGTATCACGGGGACGAGGGACGAGCAGTACTTCGGGCCG"	"CASSITGTRDEQYF"	"GTGACATCGGCCCAAAAGAACCCGACAGCTTTCTATCTCTGTGCCAGTAGTATCACGGGGACGAGGGACGAGCAGTACTTCGGGCCG"	"CASSITGTRDEQYF"	"TCRBV19-1*1"	NA	"TCRBJ2-7*1"	53	57	62	67	4	5	NA	NA	"GTGACATCGGCCCAAAAGAACCCGACAGCTTTCTATCTCTGTGCCAGTAGTATCACGGGGACGAGGGACGAGCAGTACTTCGGGCCG"	FALSE	TRUE	NA	NA	NA	NA
"GAGCTGAATGTGAACGCCTTGGAGCTGGACGACTCGGCCCTGTATCTCTGTGCCAGCAGCTCTCAAGAGACCCAGTACTTCGGGCCA"	"CASSSQETQYF"	"GAGCTGAATGTGAACGCCTTGGAGCTGGACGACTCGGCCCTGTATCTCTGTGCCAGCAGCTCTCAAGAGACCCAGTACTTCGGGCCA"	"CASSSQETQYF"	"TCRBV5-4*1"	"TCRBD2-1"	"TCRBJ2-5*1"	-1	61	-1	63	62	64	NA	NA	"GAGCTGAATGTGAACGCCTTGGAGCTGGACGACTCGGCCCTGTATCTCTGTGCCAGCAGCTCTCAAGAGACCCAGTACTTCGGGCCA"	FALSE	TRUE	NA	NA	NA	NA
"NNNNNTGTCGGCTGCTCCCTCCCAGACATCTGTGTACTTCTGTGCCAGCGGACGGAGAAAAGCAATCAGCCCCAGCATTTTGGTGAT"	""	"NNNNNTGTCGGCTGCTCCCTCCCAGACATCTGTGTACTTCTGTGCCAGCGGACGGAGAAAAGCAATCAGCCCCAGCATTTTGGTGAT"	""	"TCRBV6-5*1"	NA	"TCRBJ1-5*1"	-1	49	53	60	50	7	NA	NA	"NNNNNTGTCGGCTGCTCCCTCCCAGACATCTGTGTACTTCTGTGCCAGCGGACGGAGAAAAGCAATCAGCCCCAGCATTTTGGTGAT"	FALSE	FALSE	NA	NA	NA	NA
"TCCGCTACCCGCTCCCAGACATCTGTGTATTTCTGCGCCAGCAGTGACCGCCCCACCCCGAACACCGGGGAGCTGTTTTTTGGAGAA"	"CASSDRPTPNTGELFF"	"TCCGCTACCCGCTCCCAGACATCTGTGTATTTCTGCGCCAGCAGTGACCGCCCCACCCCGAACACCGGGGAGCTGTTTTTTGGAGAA"	"CASSDRPTPNTGELFF"	"TCRBV1-2*1"	NA	"TCRBJ2-2*1"	47	54	56	58	7	2	NA	NA	"TCCGCTACCCGCTCCCAGACATCTGTGTATTTCTGCGCCAGCAGTGACCGCCCCACCCCGAACACCGGGGAGCTGTTTTTTGGAGAA"	FALSE	TRUE	NA	NA	NA	NA
"TCGGCTGCTCCCTCCCAGACATCTGTGTACTTCTGTGCCAGCAGATCCTTAGCGGGAGGGCCAACCGGGGAGCTGTTTTTTGGAGAA"	"CASRSLAGGPTGELFF"	"TCGGCTGCTCCCTCCCAGACATCTGTGTACTTCTGTGCCAGCAGATCCTTAGCGGGAGGGCCAACCGGGGAGCTGTTTTTTGGAGAA"	"CASRSLAGGPTGELFF"	NA	"TCRBD2-1*2"	"TCRBJ2-2*1"	44	49	60	63	5	3	NA	NA	"TCGGCTGCTCCCTCCCAGACATCTGTGTACTTCTGTGCCAGCAGATCCTTAGCGGGAGGGCCAACCGGGGAGCTGTTTTTTGGAGAA"	FALSE	TRUE	NA	NA	NA	NA
"GGAGGACTCCGCCGTGTATCTCTGTGCCAGCAGCTTAGTGAAGCTCGACGATTCAGCCCCTGCACAGATACGCAGTATTTTGGCCCA"	""	"GGAGGACTCCGCCGTGTATCTCTGTGCCAGCAGCTTAGTGAAGCTCGACGATTCAGCCCCTGCACAGATACGCAGTATTTTGGCCCA"	""	"TCRBV7-8"	NA	"TCRBJ2-3*1"	38	46	49	61	8	12	NA	NA	"GGAGGACTCCGCCGTGTATCTCTGTGCCAGCAGCTTAGTGAAGCTCGACGATTCAGCCCCTGCACAGATACGCAGTATTTTGGCCCA"	FALSE	FALSE	NA	NA	NA	NA
"GTGAGCAACATGAGCCCTGAAGACAGCAGCATATATCTCTGCAGCGTTACAGTGGGATCCTATAATTCACCCCTCCACTTTGGGAAT"	"CSVTVGSYNSPLHF"	"GTGAGCAACATGAGCCCTGAAGACAGCAGCATATATCTCTGCAGCGTTACAGTGGGATCCTATAATTCACCCCTCCACTTTGGGAAT"	"CSVTVGSYNSPLHF"	"TCRBV29-1"	NA	"TCRBJ1-6*1"	48	53	-1	57	5	58	NA	NA	"GTGAGCAACATGAGCCCTGAAGACAGCAGCATATATCTCTGCAGCGTTACAGTGGGATCCTATAATTCACCCCTCCACTTTGGGAAT"	FALSE	TRUE	NA	NA	NA	NA
"GCGTCTGCTGTACCCTCTCAGACATCTGTGTACTTCTGTGCCAGCAGTGATGGGACTAGCGGGAATAATGAGCAGTTCTTCGGGCCA"	"CASSDGTSGNNEQFF"	"GCGTCTGCTGTACCCTCTCAGACATCTGTGTACTTCTGTGCCAGCAGTGATGGGACTAGCGGGAATAATGAGCAGTTCTTCGGGCCA"	"CASSDGTSGNNEQFF"	"TCRBV6-4*1"	"TCRBD2-1*2"	"TCRBJ2-1*1"	50	51	64	66	1	2	NA	NA	"GCGTCTGCTGTACCCTCTCAGACATCTGTGTACTTCTGTGCCAGCAGTGATGGGACTAGCGGGAATAATGAGCAGTTCTTCGGGCCA"	FALSE	TRUE	NA	NA	NA	NA
"CAGCGCACAGAGCGGGGGGACTCAGCCGTGTATCTCTGTGCCAGCAGCTTATTGGGGCAGGCGGGGGATGGCTACACCTTCGGTTCG"	"CASSLLGQAGDGYTF"	"CAGCGCACAGAGCGGGGGGACTCAGCCGTGTATCTCTGTGCCAGCAGCTTATTGGGGCAGGCGGGGGATGGCTACACCTTCGGTTCG"	"CASSLLGQAGDGYTF"	"TCRBV7-3*1"	"TCRBD2-1*1"	"TCRBJ1-2*1"	51	60	-1	67	9	68	NA	NA	"CAGCGCACAGAGCGGGGGGACTCAGCCGTGTATCTCTGTGCCAGCAGCTTATTGGGGCAGGCGGGGGATGGCTACACCTTCGGTTCG"	FALSE	TRUE	NA	NA	NA	NA
"CTGGAGTCCGCCAGCACCAACCAGACATCTATGTACCTCTGTGCCAGCGCCGGGACTAGCGGGAAAAATGAGCAGTTCTTCGGGCCA"	"CASAGTSGKNEQFF"	"CTGGAGTCCGCCAGCACCAACCAGACATCTATGTACCTCTGTGCCAGCGCCGGGACTAGCGGGAAAAATGAGCAGTTCTTCGGGCCA"	"CASAGTSGKNEQFF"	"TCRBV28-1*1"	"TCRBD2-1*2"	"TCRBJ2-1*1"	48	51	64	66	3	2	NA	NA	"CTGGAGTCCGCCAGCACCAACCAGACATCTATGTACCTCTGTGCCAGCGCCGGGACTAGCGGGAAAAATGAGCAGTTCTTCGGGCCA"	FALSE	TRUE	NA	NA	NA	NA
"CCTGGAGCTTGGTGACTCTGCTGTGTATTTCTGTGCCAGCAGCAGGGGCGGCGCAAGCAGGCCTACAATGAGCAGTTCTTCGGGCCA"	""	"CCTGGAGCTTGGTGACTCTGCTGTGTATTTCTGTGCCAGCAGCAGGGGCGGCGCAAGCAGGCCTACAATGAGCAGTTCTTCGGGCCA"	""	"TCRBV3-1/3-2*1"	"TCRBD1-1*1"	"TCRBJ2-1*1"	-1	43	48	61	44	13	NA	NA	"CCTGGAGCTTGGTGACTCTGCTGTGTATTTCTGTGCCAGCAGCAGGGGCGGCGCAAGCAGGCCTACAATGAGCAGTTCTTCGGGCCA"	FALSE	FALSE	NA	NA	NA	NA
"ATCCTGGAGTCGCCCAGCCCCAACCAGACCTCTCTGTACTTCTGTGCCAGCAGTGGAGAGACAGAGAACGAGCAGTACTTCGGGCCG"	"CASSGETENEQYF"	"ATCCTGGAGTCGCCCAGCCCCAACCAGACCTCTCTGTACTTCTGTGCCAGCAGTGGAGAGACAGAGAACGAGCAGTACTTCGGGCCG"	"CASSGETENEQYF"	"TCRBV27-1*1"	"TCRBD1-1*1"	"TCRBJ2-7*1"	54	59	64	67	5	3	NA	NA	"ATCCTGGAGTCGCCCAGCCCCAACCAGACCTCTCTGTACTTCTGTGCCAGCAGTGGAGAGACAGAGAACGAGCAGTACTTCGGGCCG"	FALSE	TRUE	NA	NA	NA	NA
"GAGTCCGCTACCAGCTCCCAGACATCTGTGTACTTCTGTGCCAGCAGCGGGACTCAAGGAACCCGCAATGAGCAGTTCTTCGGGCCA"	"CASSGTQGTRNEQFF"	"GAGTCCGCTACCAGCTCCCAGACATCTGTGTACTTCTGTGCCAGCAGCGGGACTCAAGGAACCCGCAATGAGCAGTTCTTCGGGCCA"	"CASSGTQGTRNEQFF"	"TCRBV1-3*1"	"TCRBD2-1"	"TCRBJ2-1*1"	47	48	54	65	1	11	NA	NA	"GAGTCCGCTACCAGCTCCCAGACATCTGTGTACTTCTGTGCCAGCAGCGGGACTCAAGGAACCCGCAATGAGCAGTTCTTCGGGCCA"	FALSE	TRUE	NA	NA	NA	NA
"NTGTCGGCTGCTCCCTCCCAGACATCTGTGTACTTCTGTGCCAGCAGTTACAACAGGGGAGGCAATCAGCCCCAGCATTTTGGTGAT"	"CASSYNRGGNQPQHF"	"NTGTCGGCTGCTCCCTCCCAGACATCTGTGTACTTCTGTGCCAGCAGTTACAACAGGGGAGGCAATCAGCCCCAGCATTTTGGTGAT"	"CASSYNRGGNQPQHF"	"TCRBV6-5*1"	"TCRBD1-1*1"	"TCRBJ1-5*1"	51	52	59	61	1	2	NA	NA	"NTGTCGGCTGCTCCCTCCCAGACATCTGTGTACTTCTGTGCCAGCAGTTACAACAGGGGAGGCAATCAGCCCCAGCATTTTGGTGAT"	FALSE	TRUE	NA	NA	NA	NA
"ACATCGGCCCAAAAGAACCCGACAGCTTTCTATCTCTGTGCCAGTAGTATCAGCCCGAACCGCGGTGAAAAACTGTTTTTTGGCAGT"	"CASSISPNRGEKLFF"	"ACATCGGCCCAAAAGAACCCGACAGCTTTCTATCTCTGTGCCAGTAGTATCAGCCCGAACCGCGGTGAAAAACTGTTTTTTGGCAGT"	"CASSISPNRGEKLFF"	"TCRBV19-1*1"	"TCRBD2-1"	"TCRBJ1-4*1"	50	61	-1	65	11	66	NA	NA	"ACATCGGCCCAAAAGAACCCGACAGCTTTCTATCTCTGTGCCAGTAGTATCAGCCCGAACCGCGGTGAAAAACTGTTTTTTGGCAGT"	FALSE	TRUE	NA	NA	NA	NA
"CAGCGCACAGAGCAGGGGGACTCGGCCATGTATCTCTGTGCCAGCAGCTTATGGCAACAAAGCGACTATGGCTACACCTTCGGTTCG"	"CASSLWQQSDYGYTF"	"CAGCGCACAGAGCAGGGGGACTCGGCCATGTATCTCTGTGCCAGCAGCTTATGGCAACAAAGCGACTATGGCTACACCTTCGGTTCG"	"CASSLWQQSDYGYTF"	"TCRBV7-9*1"	"TCRBD2-1"	"TCRBJ1-2*1"	51	60	-1	64	9	65	NA	NA	"CAGCGCACAGAGCAGGGGGACTCGGCCATGTATCTCTGTGCCAGCAGCTTATGGCAACAAAGCGACTATGGCTACACCTTCGGTTCG"	FALSE	TRUE	NA	NA	NA	NA
"CTGCAGCCAGAAGACTCAGCCCTGTATCTCTGCGCCAGCAGCCAAGAATCGGACGGGAGCTCCTACAATGAGCAGTTCTTCGGGCCA"	"CASSQESDGSSYNEQFF"	"CTGCAGCCAGAAGACTCAGCCCTGTATCTCTGCGCCAGCAGCCAAGAATCGGACGGGAGCTCCTACAATGAGCAGTTCTTCGGGCCA"	"CASSQESDGSSYNEQFF"	"TCRBV4-1*1"	"TCRBD2-1*2"	"TCRBJ2-1*1"	47	53	-1	59	6	60	NA	NA	"CTGCAGCCAGAAGACTCAGCCCTGTATCTCTGCGCCAGCAGCCAAGAATCGGACGGGAGCTCCTACAATGAGCAGTTCTTCGGGCCA"	FALSE	TRUE	NA	NA	NA	NA
"AGCACCTTGGAGCTGGGGGACTCGGCCCTTTATCTTTGCGCCAGCAGACCAAGTGGGGGGCAAACCTACGAGCAGTACTTCGGGCCG"	"CASRPSGGQTYEQYF"	"AGCACCTTGGAGCTGGGGGACTCGGCCCTTTATCTTTGCGCCAGCAGACCAAGTGGGGGGCAAACCTACGAGCAGTACTTCGGGCCG"	"CASRPSGGQTYEQYF"	"TCRBV5-1*1"	NA	"TCRBJ2-7*1"	47	55	61	64	8	3	NA	NA	"AGCACCTTGGAGCTGGGGGACTCGGCCCTTTATCTTTGCGCCAGCAGACCAAGTGGGGGGCAAACCTACGAGCAGTACTTCGGGCCG"	FALSE	TRUE	NA	NA	NA	NA
"CACCTACACACCCTGCAGCCAGAAGACTCGGCCCTGTATCTCTGTGCCAGCAGCCAAGGGGACATCAGTGAAGCTTTCTTTGGACAA"	"CASSQGDISEAFF"	"CACCTACACACCCTGCAGCCAGAAGACTCGGCCCTGTATCTCTGTGCCAGCAGCCAAGGGGACATCAGTGAAGCTTTCTTTGGACAA"	"CASSQGDISEAFF"	"TCRBV4-2*1"	"TCRBD1-1*1"	"TCRBJ1-1*1"	-1	58	64	68	59	4	NA	NA	"CACCTACACACCCTGCAGCCAGAAGACTCGGCCCTGTATCTCTGTGCCAGCAGCCAAGGGGACATCAGTGAAGCTTTCTTTGGACAA"	FALSE	TRUE	NA	NA	NA	NA
"NTGTCGGCTGCTCCCTCCCAAACATCTGTGTACTTCTGTGCCAGCAGTTTTGGCGGGAGGGACTCCTACGAGCAGTACTTCGGGCCG"	"CASSFGGRDSYEQYF"	"NTGTCGGCTGCTCCCTCCCAAACATCTGTGTACTTCTGTGCCAGCAGTTTTGGCGGGAGGGACTCCTACGAGCAGTACTTCGGGCCG"	"CASSFGGRDSYEQYF"	"TCRBV6-2/6-3*1"	"TCRBD2-1*2"	"TCRBJ2-7*1"	49	52	61	62	3	1	NA	NA	"NTGTCGGCTGCTCCCTCCCAAACATCTGTGTACTTCTGTGCCAGCAGTTTTGGCGGGAGGGACTCCTACGAGCAGTACTTCGGGCCG"	FALSE	TRUE	NA	NA	NA	NA
"AGAGCTTGGGGACTCGGCCATGTATCTCTGTGCCAGCAGGTCCGGGACAAGACCTGTTATAGCAATCAGCCCCAGCATTTTGGTGAT"	""	"AGAGCTTGGGGACTCGGCCATGTATCTCTGTGCCAGCAGGTCCGGGACAAGACCTGTTATAGCAATCAGCCCCAGCATTTTGGTGAT"	""	NA	"TCRBD1-1*1"	"TCRBJ1-5*1"	39	43	49	59	4	10	NA	NA	"AGAGCTTGGGGACTCGGCCATGTATCTCTGTGCCAGCAGGTCCGGGACAAGACCTGTTATAGCAATCAGCCCCAGCATTTTGGTGAT"	FALSE	FALSE	NA	NA	NA	NA
"GACAGTGACCAGTGCCCATCCTGAAGACAGCAGCTTCTACATCTGCAGTGCTAGGTCTAGGGGGCGGAAGGCTACACCTTCGGTTCG"	""	"GACAGTGACCAGTGCCCATCCTGAAGACAGCAGCTTCTACATCTGCAGTGCTAGGTCTAGGGGGCGGAAGGCTACACCTTCGGTTCG"	""	NA	"TCRBD1-1*1"	"TCRBJ1-2*1"	54	58	65	69	4	4	NA	NA	"GACAGTGACCAGTGCCCATCCTGAAGACAGCAGCTTCTACATCTGCAGTGCTAGGTCTAGGGGGCGGAAGGCTACACCTTCGGTTCG"	FALSE	FALSE	NA	NA	NA	NA
"TGGAGCTGGACGACTCGGCCCTGTATCTCTGTGCCAGCAGCTCCCGGACAGGGATATGCAACTAATGAAAAACTGTTTTTTGGCAGT"	""	"TGGAGCTGGACGACTCGGCCCTGTATCTCTGTGCCAGCAGCTCCCGGACAGGGATATGCAACTAATGAAAAACTGTTTTTTGGCAGT"	""	"TCRBV5-4*1"	"TCRBD1-1*1"	"TCRBJ1-4*1"	42	45	53	58	3	5	NA	NA	"TGGAGCTGGACGACTCGGCCCTGTATCTCTGTGCCAGCAGCTCCCGGACAGGGATATGCAACTAATGAAAAACTGTTTTTTGGCAGT"	FALSE	FALSE	NA	NA	NA	NA
"CCTGCAGAGCTTGGGGACTCGGCCGTGTATCTCTGTGCCAGCAGCCACTCCCGGGCCCATAACACAGATACGCAGTATTTTGGCCCA"	"CASSHSRAHNTDTQYF"	"CCTGCAGAGCTTGGGGACTCGGCCGTGTATCTCTGTGCCAGCAGCCACTCCCGGGCCCATAACACAGATACGCAGTATTTTGGCCCA"	"CASSHSRAHNTDTQYF"	"TCRBV11-3*1"	NA	"TCRBJ2-3*1"	45	52	56	62	7	6	NA	NA	"CCTGCAGAGCTTGGGGACTCGGCCGTGTATCTCTGTGCCAGCAGCCACTCCCGGGCCCATAACACAGATACGCAGTATTTTGGCCCA"	FALSE	TRUE	NA	NA	NA	NA
"GAGTCCGCCAGCACCAACCAGACATCTATGTACCTCTGTGCCAGCAGTCCCCAAGACGGGTACCAAGAGACCCAGTACTTCGGGCCA"	"CASSPQDGYQETQYF"	"GAGTCCGCCAGCACCAACCAGACATCTATGTACCTCTGTGCCAGCAGTCCCCAAGACGGGTACCAAGAGACCCAGTACTTCGGGCCA"	"CASSPQDGYQETQYF"	"TCRBV28-1*1"	"TCRBD2-1"	"TCRBJ2-5*1"	48	56	60	61	8	1	NA	NA	"GAGTCCGCCAGCACCAACCAGACATCTATGTACCTCTGTGCCAGCAGTCCCCAAGACGGGTACCAAGAGACCCAGTACTTCGGGCCA"	FALSE	TRUE	NA	NA	NA	NA
"GTGAGCACCTTGGAGCTGGGGGACTCGGCCCTTTATCTTTGCGCCAGCTCGGACAGGGCAGGTGGAAACACCATATATTTTGGAGAG"	"CASSDRAGGNTIYF"	"GTGAGCACCTTGGAGCTGGGGGACTCGGCCCTTTATCTTTGCGCCAGCTCGGACAGGGCAGGTGGAAACACCATATATTTTGGAGAG"	"CASSDRAGGNTIYF"	"TCRBV5-1*1"	"TCRBD1-1*1"	"TCRBJ1-3*1"	48	50	58	62	2	4	NA	NA	"GTGAGCACCTTGGAGCTGGGGGACTCGGCCCTTTATCTTTGCGCCAGCTCGGACAGGGCAGGTGGAAACACCATATATTTTGGAGAG"	FALSE	TRUE	NA	NA	NA	NA
"TCCGCTACCAGCTCCCAGACATCTGTGTACTTCTGTGCCATCAAACGTCAACTAGCGGGAGCCGGAAACGAGCAGTACTTCGGGCCG"	"CAIKRQLAGAGNEQYF"	"TCCGCTACCAGCTCCCAGACATCTGTGTACTTCTGTGCCATCAAACGTCAACTAGCGGGAGCCGGAAACGAGCAGTACTTCGGGCCG"	"CAIKRQLAGAGNEQYF"	"TCRBV1-3*1"	"TCRBD2-1*2"	"TCRBJ2-7*1"	43	50	61	67	7	6	NA	NA	"TCCGCTACCAGCTCCCAGACATCTGTGTACTTCTGTGCCATCAAACGTCAACTAGCGGGAGCCGGAAACGAGCAGTACTTCGGGCCG"	FALSE	TRUE	NA	NA	NA	NA
"CTGGACGACTCGGCCCTGTATCTCTGTGCCAGCAGCTTGATGGGTCCGGCAGGTTTTCCCGACGGGTATGGCTACACCTTCGGTTCG"	"CASSLMGPAGFPDGYGYTF"	"CTGGACGACTCGGCCCTGTATCTCTGTGCCAGCAGCTTGATGGGTCCGGCAGGTTTTCCCGACGGGTATGGCTACACCTTCGGTTCG"	"CASSLMGPAGFPDGYGYTF"	"TCRBV5-4*1"	NA	"TCRBJ1-2*1"	39	49	53	66	10	13	NA	NA	"CTGGACGACTCGGCCCTGTATCTCTGTGCCAGCAGCTTGATGGGTCCGGCAGGTTTTCCCGACGGGTATGGCTACACCTTCGGTTCG"	FALSE	TRUE	NA	NA	NA	NA
"TCGGCTGCTCCCTCCCAGACATCTGTGTACTTCTGTGCCAGCAGTTACGGTCGACAGGGAACGGATGAAAAACTGTTTTTTGGCAGT"	"CASSYGRQGTDEKLFF"	"TCGGCTGCTCCCTCCCAGACATCTGTGTACTTCTGTGCCAGCAGTTACGGTCGACAGGGAACGGATGAAAAACTGTTTTTTGGCAGT"	"CASSYGRQGTDEKLFF"	"TCRBV6-5*1"	"TCRBD1-1*1"	"TCRBJ1-4*1"	48	52	59	64	4	5	NA	NA	"TCGGCTGCTCCCTCCCAGACATCTGTGTACTTCTGTGCCAGCAGTTACGGTCGACAGGGAACGGATGAAAAACTGTTTTTTGGCAGT"	FALSE	TRUE	NA	NA	NA	NA
"AAGATCCAGCCCTCAGAACCCAGGGACTCAGCTGTGTACTTCTGTGCCAGCAGTTTGCGAGGATTCCGGGAGCTGTTTTTTGGAGAA"	"CASSLRGFRELFF"	"AAGATCCAGCCCTCAGAACCCAGGGACTCAGCTGTGTACTTCTGTGCCAGCAGTTTGCGAGGATTCCGGGAGCTGTTTTTTGGAGAA"	"CASSLRGFRELFF"	"TCRBV12-3/12-4*1"	"TCRBD2-1*2"	"TCRBJ2-2*1"	56	58	62	67	2	5	NA	NA	"AAGATCCAGCCCTCAGAACCCAGGGACTCAGCTGTGTACTTCTGTGCCAGCAGTTTGCGAGGATTCCGGGAGCTGTTTTTTGGAGAA"	FALSE	TRUE	NA	NA	NA	NA
"CTGGGGGACTCAGCCCTGTACTTCTGTGCCAGCAGCTTTAGCCTGAGTAGGGGGTCCGCGAACACCGGGGAGCTGTTTTTTGGAGAA"	"CASSFSLSRGSANTGELFF"	"CTGGGGGACTCAGCCCTGTACTTCTGTGCCAGCAGCTTTAGCCTGAGTAGGGGGTCCGCGAACACCGGGGAGCTGTTTTTTGGAGAA"	"CASSFSLSRGSANTGELFF"	"TCRBV13-1*1"	"TCRBD1-1*1"	"TCRBJ2-2*1"	38	48	54	58	10	4	NA	NA	"CTGGGGGACTCAGCCCTGTACTTCTGTGCCAGCAGCTTTAGCCTGAGTAGGGGGTCCGCGAACACCGGGGAGCTGTTTTTTGGAGAA"	FALSE	TRUE	NA	NA	NA	NA
"GAGCACCTTGGAGCTGGGGGACTCGGCCCTTTATCTTTGCGCCAGCAGCCCCTGGACAGCCGAAACACTGAAGCTTTCTTTGGACAA"	""	"GAGCACCTTGGAGCTGGGGGACTCGGCCCTTTATCTTTGCGCCAGCAGCCCCTGGACAGCCGAAACACTGAAGCTTTCTTTGGACAA"	""	"TCRBV5-1*1"	"TCRBD1-1*1"	"TCRBJ1-1*1"	49	53	59	63	4	4	NA	NA	"GAGCACCTTGGAGCTGGGGGACTCGGCCCTTTATCTTTGCGCCAGCAGCCCCTGGACAGCCGAAACACTGAAGCTTTCTTTGGACAA"	FALSE	FALSE	NA	NA	NA	NA
"TTGGAGATCCAGCGCACAGAGCAGGGGGACTCGGCCATGTATCTCTGTGCCAGCAGCTTAGTTTCCAATGAGCAGTTCTTCGGGCCA"	"CASSLVSNEQFF"	"TTGGAGATCCAGCGCACAGAGCAGGGGGACTCGGCCATGTATCTCTGTGCCAGCAGCTTAGTTTCCAATGAGCAGTTCTTCGGGCCA"	"CASSLVSNEQFF"	"TCRBV7-9*1"	NA	"TCRBJ2-1*1"	-1	-1	61	65	0	4	NA	NA	"TTGGAGATCCAGCGCACAGAGCAGGGGGACTCGGCCATGTATCTCTGTGCCAGCAGCTTAGTTTCCAATGAGCAGTTCTTCGGGCCA"	FALSE	TRUE	NA	NA	NA	NA
"ACCTTGGAGCTGGGGGACTCGGCCCTTTATCTTTGCGCCAGCAGCTTGGCTCTAACGAGCTCTGGAAACACCATATATTTTGGAGAG"	"CASSLALTSSGNTIYF"	"ACCTTGGAGCTGGGGGACTCGGCCCTTTATCTTTGCGCCAGCAGCTTGGCTCTAACGAGCTCTGGAAACACCATATATTTTGGAGAG"	"CASSLALTSSGNTIYF"	"TCRBV5-1*1"	"TCRBD2-1"	"TCRBJ1-3*1"	49	51	54	59	2	5	NA	NA	"ACCTTGGAGCTGGGGGACTCGGCCCTTTATCTTTGCGCCAGCAGCTTGGCTCTAACGAGCTCTGGAAACACCATATATTTTGGAGAG"	FALSE	TRUE	NA	NA	NA	NA
"AGCCCTCAGAACCCAGGGACTCAGCTGTGTACTTCTGTGCCAGCAGTTTAGTCATACGGGAACACCGGGGAGCTGTTTTTTGGAGAA"	""	"AGCCCTCAGAACCCAGGGACTCAGCTGTGTACTTCTGTGCCAGCAGTTTAGTCATACGGGAACACCGGGGAGCTGTTTTTTGGAGAA"	""	NA	"TCRBD2-1"	"TCRBJ2-2*1"	51	56	-1	59	5	60	NA	NA	"AGCCCTCAGAACCCAGGGACTCAGCTGTGTACTTCTGTGCCAGCAGTTTAGTCATACGGGAACACCGGGGAGCTGTTTTTTGGAGAA"	FALSE	FALSE	NA	NA	NA	NA
"GACTGTGAGCAACATGAGCCCTGAAGACAGCAGCATATATCTCTGCAGCGTTGAAGATTAACGGGACTTGAGCAGTTCTTCGGGCCA"	""	"GACTGTGAGCAACATGAGCCCTGAAGACAGCAGCATATATCTCTGCAGCGTTGAAGATTAACGGGACTTGAGCAGTTCTTCGGGCCA"	""	"TCRBV29-1"	"TCRBD2-1"	"TCRBJ2-1*1"	57	62	-1	68	5	69	NA	NA	"GACTGTGAGCAACATGAGCCCTGAAGACAGCAGCATATATCTCTGCAGCGTTGAAGATTAACGGGACTTGAGCAGTTCTTCGGGCCA"	FALSE	FALSE	NA	NA	NA	NA
"NTGAAGATCCAGCCCTCAGAACCCAGGGACTCAGCTGTGTACTTCTGTGCCAGCAGTTTTGGGGCCTACGAGCAGTACTTCGGGCCG"	"CASSFGAYEQYF"	"NTGAAGATCCAGCCCTCAGAACCCAGGGACTCAGCTGTGTACTTCTGTGCCAGCAGTTTTGGGGCCTACGAGCAGTACTTCGGGCCG"	"CASSFGAYEQYF"	"TCRBV12-3/12-4*1"	NA	"TCRBJ2-7*1"	59	60	-1	64	1	65	NA	NA	"NTGAAGATCCAGCCCTCAGAACCCAGGGACTCAGCTGTGTACTTCTGTGCCAGCAGTTTTGGGGCCTACGAGCAGTACTTCGGGCCG"	FALSE	TRUE	NA	NA	NA	NA
"GTGACCAGTGCCCATCCTGAAGACAGCAGCTTCTACATCTGCAGTGCTCCCCCCGGGTCCCCTAGTCAGCCCCAGCATTTTGGTGAT"	"CSAPPGSPSQPQHF"	"GTGACCAGTGCCCATCCTGAAGACAGCAGCTTCTACATCTGCAGTGCTCCCCCCGGGTCCCCTAGTCAGCCCCAGCATTTTGGTGAT"	"CSAPPGSPSQPQHF"	NA	"TCRBD2-1"	"TCRBJ1-5*1"	48	61	-1	65	13	66	NA	NA	"GTGACCAGTGCCCATCCTGAAGACAGCAGCTTCTACATCTGCAGTGCTCCCCCCGGGTCCCCTAGTCAGCCCCAGCATTTTGGTGAT"	FALSE	TRUE	NA	NA	NA	NA
"AACCTGAGCTCTCTGGAGCTGGGGGACTCAGCTTTGTATTTCTGTGCCAGCAGCGCAGGACAGGTGGGTGGCTACACCTTCGGTTCG"	"CASSAGQVGGYTF"	"AACCTGAGCTCTCTGGAGCTGGGGGACTCAGCTTTGTATTTCTGTGCCAGCAGCGCAGGACAGGTGGGTGGCTACACCTTCGGTTCG"	"CASSAGQVGGYTF"	"TCRBV9-1*1"	"TCRBD1-1*1"	"TCRBJ1-2*1"	55	57	64	68	2	4	NA	NA	"AACCTGAGCTCTCTGGAGCTGGGGGACTCAGCTTTGTATTTCTGTGCCAGCAGCGCAGGACAGGTGGGTGGCTACACCTTCGGTTCG"	FALSE	TRUE	NA	NA	NA	NA
"AAGCTCCTTCTCAGTGACTCTGGCTTCTATCTCTGTGCCTGGAGGAACCCTAGCTCAGGCGCCAAAAACATTCAGTACTTCGGCGCC"	"CAWRNPSSGAKNIQYF"	"AAGCTCCTTCTCAGTGACTCTGGCTTCTATCTCTGTGCCTGGAGGAACCCTAGCTCAGGCGCCAAAAACATTCAGTACTTCGGCGCC"	"CAWRNPSSGAKNIQYF"	"TCRBV3-1*1"	"TCRBD2-1"	"TCRBJ2-4*1"	44	49	54	60	5	6	NA	NA	"AAGCTCCTTCTCAGTGACTCTGGCTTCTATCTCTGTGCCTGGAGGAACCCTAGCTCAGGCGCCAAAAACATTCAGTACTTCGGCGCC"	FALSE	TRUE	NA	NA	NA	NA
"TCCACAAAGCTGGAGGACTCAGCCATGTACTTCTGTGCCAGCAGCCCGCCTGGACAGGGGAGAGCAGATACGCAGTATTTTGGCCCA"	"CASSPPGQGRADTQYF"	"TCCACAAAGCTGGAGGACTCAGCCATGTACTTCTGTGCCAGCAGCCCGCCTGGACAGGGGAGAGCAGATACGCAGTATTTTGGCCCA"	"CASSPPGQGRADTQYF"	"TCRBV2-1"	"TCRBD1-1*1"	"TCRBJ2-3*1"	44	51	60	64	7	4	NA	NA	"TCCACAAAGCTGGAGGACTCAGCCATGTACTTCTGTGCCAGCAGCCCGCCTGGACAGGGGAGAGCAGATACGCAGTATTTTGGCCCA"	FALSE	TRUE	NA	NA	NA	NA
"GAGATCCAGCGCACAGAGCAGGGGGACTCGGCCATGTATCTCTGTGCCAGCAGCTTTCAATCTGGCTATGGCTACACCTTCGGTTCG"	"CASSFQSGYGYTF"	"GAGATCCAGCGCACAGAGCAGGGGGACTCGGCCATGTATCTCTGTGCCAGCAGCTTTCAATCTGGCTATGGCTACACCTTCGGTTCG"	"CASSFQSGYGYTF"	"TCRBV7-9*1"	NA	"TCRBJ1-2*1"	56	63	-1	65	7	66	NA	NA	"GAGATCCAGCGCACAGAGCAGGGGGACTCGGCCATGTATCTCTGTGCCAGCAGCTTTCAATCTGGCTATGGCTACACCTTCGGTTCG"	FALSE	TRUE	NA	NA	NA	NA
"CCCTGATTCTGGAGTCCGCCAGCACCAACCAGACATCTATGTACCTCTGTGCCAGCAAGATCGGGAGACGAGCAGTACTTCGGGCCG"	""	"CCCTGATTCTGGAGTCCGCCAGCACCAACCAGACATCTATGTACCTCTGTGCCAGCAAGATCGGGAGACGAGCAGTACTTCGGGCCG"	""	"TCRBV28-1*1"	"TCRBD2-1*2"	"TCRBJ2-7*1"	57	61	-1	67	4	68	NA	NA	"CCCTGATTCTGGAGTCCGCCAGCACCAACCAGACATCTATGTACCTCTGTGCCAGCAAGATCGGGAGACGAGCAGTACTTCGGGCCG"	FALSE	FALSE	NA	NA	NA	NA
"ATCCTGGAGTCGCCCAGCCCCAACCAGACCTCTCTGTACTTCTGTGCCAGCAGTTTAAGTAACTACAATGAGCAGTTCTTCGGGCCA"	"CASSLSNYNEQFF"	"ATCCTGGAGTCGCCCAGCCCCAACCAGACCTCTCTGTACTTCTGTGCCAGCAGTTTAAGTAACTACAATGAGCAGTTCTTCGGGCCA"	"CASSLSNYNEQFF"	"TCRBV27-1*1"	NA	"TCRBJ2-1*1"	-1	57	59	62	58	3	NA	NA	"ATCCTGGAGTCGCCCAGCCCCAACCAGACCTCTCTGTACTTCTGTGCCAGCAGTTTAAGTAACTACAATGAGCAGTTCTTCGGGCCA"	FALSE	TRUE	NA	NA	NA	NA
"CTGGGGGACTCAGCTTTGTATTTCTGTGCCAGCAGCCCACAATCACAGGGGGCGAGTCTATCAGGTTAGACCCAGTACTTCGGGCCA"	"CASSPQSQGASLSG*TQYF"	"CTGGGGGACTCAGCTTTGTATTTCTGTGCCAGCAGCCCACAATCACAGGGGGCGAGTCTATCAGGTTAGACCCAGTACTTCGGGCCA"	"CASSPQSQGASLSG*TQYF"	"TCRBV9-1*1"	"TCRBD1-1*1"	"TCRBJ2-5*1"	36	44	53	67	8	14	NA	NA	"CTGGGGGACTCAGCTTTGTATTTCTGTGCCAGCAGCCCACAATCACAGGGGGCGAGTCTATCAGGTTAGACCCAGTACTTCGGGCCA"	FALSE	TRUE	NA	NA	NA	NA
"AATGTGAACGCCTTGTTGCTGGGGGACTCGGCCCTCTATCTCTGTGCCAGCAGCTTGAGCCTGGGTTCACCCCTCCACTTTGGGAAT"	"CASSLSLGSPLHF"	"AATGTGAACGCCTTGTTGCTGGGGGACTCGGCCCTCTATCTCTGTGCCAGCAGCTTGAGCCTGGGTTCACCCCTCCACTTTGGGAAT"	"CASSLSLGSPLHF"	"TCRBV5-6*1"	NA	"TCRBJ1-6*1"	57	62	-1	65	5	66	NA	NA	"AATGTGAACGCCTTGTTGCTGGGGGACTCGGCCCTCTATCTCTGTGCCAGCAGCTTGAGCCTGGGTTCACCCCTCCACTTTGGGAAT"	FALSE	TRUE	NA	NA	NA	NA
"ACTCGGCCCTGTATCTCTGCGCCAGCAGCCACCTACCGGGAAATAGCGCCGGACGGGAAAGCATCCTACGAGCAGTACTTCGGGCCG"	""	"ACTCGGCCCTGTATCTCTGCGCCAGCAGCCACCTACCGGGAAATAGCGCCGGACGGGAAAGCATCCTACGAGCAGTACTTCGGGCCG"	""	"TCRBV4-3*1"	"TCRBD2-1"	"TCRBJ2-7*1"	31	43	48	63	12	15	NA	NA	"ACTCGGCCCTGTATCTCTGCGCCAGCAGCCACCTACCGGGAAATAGCGCCGGACGGGAAAGCATCCTACGAGCAGTACTTCGGGCCG"	FALSE	FALSE	NA	NA	NA	NA
"ATCCTGGAGTCGCCCAGCCCCAACCAGACCTCTCTGTACTTCTGTGCCAGCAGTTTTTCGCCCTCCTACGAGCAGTACTTCGGGCCG"	"CASSFSPSYEQYF"	"ATCCTGGAGTCGCCCAGCCCCAACCAGACCTCTCTGTACTTCTGTGCCAGCAGTTTTTCGCCCTCCTACGAGCAGTACTTCGGGCCG"	"CASSFSPSYEQYF"	"TCRBV27-1*1"	NA	"TCRBJ2-7*1"	56	59	61	62	3	1	NA	NA	"ATCCTGGAGTCGCCCAGCCCCAACCAGACCTCTCTGTACTTCTGTGCCAGCAGTTTTTCGCCCTCCTACGAGCAGTACTTCGGGCCG"	FALSE	TRUE	NA	NA	NA	NA
"AATGTGAGCACCTTGGAGCTGGGGGACTCGGCCCTTTATCTTTGCGCCAGCACGCGAGGGGACACCGGGGAGCTGTTTTTTGGAGAA"	"CASTRGDTGELFF"	"AATGTGAGCACCTTGGAGCTGGGGGACTCGGCCCTTTATCTTTGCGCCAGCACGCGAGGGGACACCGGGGAGCTGTTTTTTGGAGAA"	"CASTRGDTGELFF"	"TCRBV5-1*1"	NA	"TCRBJ2-2*1"	52	56	-1	61	4	62	NA	NA	"AATGTGAGCACCTTGGAGCTGGGGGACTCGGCCCTTTATCTTTGCGCCAGCACGCGAGGGGACACCGGGGAGCTGTTTTTTGGAGAA"	FALSE	TRUE	NA	NA	NA	NA
"GCGCACAGAGCGGGGGGACTCAGCCGTGTATCTCTGTGCCAGCAGACCCACGGTGGGAGGGACAATCAGCCCCAGCATTTTGGTGAT"	""	"GCGCACAGAGCGGGGGGACTCAGCCGTGTATCTCTGTGCCAGCAGACCCACGGTGGGAGGGACAATCAGCCCCAGCATTTTGGTGAT"	""	"TCRBV7-3*1"	"TCRBD2-1*2"	"TCRBJ1-5*1"	45	54	61	62	9	1	NA	NA	"GCGCACAGAGCGGGGGGACTCAGCCGTGTATCTCTGTGCCAGCAGACCCACGGTGGGAGGGACAATCAGCCCCAGCATTTTGGTGAT"	FALSE	FALSE	NA	NA	NA	NA
"CACGGAGTCAGGGGACACAGCACTGTATTTCTGTGCCAGCAACTCACGCCCCCCCGACAGGGCTGAGATGAGCAGTTCTTCGGGCCA"	""	"CACGGAGTCAGGGGACACAGCACTGTATTTCTGTGCCAGCAACTCACGCCCCCCCGACAGGGCTGAGATGAGCAGTTCTTCGGGCCA"	""	"TCRBV21-1*1"	"TCRBD1-1*1"	"TCRBJ2-1*1"	41	55	62	67	14	5	NA	NA	"CACGGAGTCAGGGGACACAGCACTGTATTTCTGTGCCAGCAACTCACGCCCCCCCGACAGGGCTGAGATGAGCAGTTCTTCGGGCCA"	FALSE	FALSE	NA	NA	NA	NA
"ACAGTGACCAGTGCCCATCCTGAAGACAGCAGCTTCTACATCTGCAGTGCTAGAGATCCCCAATCGGTGACCCAGTACTTCGGGCCA"	"CSARDPQSVTQYF"	"ACAGTGACCAGTGCCCATCCTGAAGACAGCAGCTTCTACATCTGCAGTGCTAGAGATCCCCAATCGGTGACCCAGTACTTCGGGCCA"	"CSARDPQSVTQYF"	NA	"TCRBD2-1"	"TCRBJ2-5*1"	56	64	67	68	8	1	NA	NA	"ACAGTGACCAGTGCCCATCCTGAAGACAGCAGCTTCTACATCTGCAGTGCTAGAGATCCCCAATCGGTGACCCAGTACTTCGGGCCA"	FALSE	TRUE	NA	NA	NA	NA
"AAGATCCAGCCCTCAGAACCCAGGGACTCAGCTGTGTACTTCTGTGCCAGCAGTTTAGGGCAGTCATCCGGCTACACCTTCGGTTCG"	"CASSLGQSSGYTF"	"AAGATCCAGCCCTCAGAACCCAGGGACTCAGCTGTGTACTTCTGTGCCAGCAGTTTAGGGCAGTCATCCGGCTACACCTTCGGTTCG"	"CASSLGQSSGYTF"	"TCRBV12-3/12-4*1"	"TCRBD1-1*1"	"TCRBJ1-2*1"	58	60	63	69	2	6	NA	NA	"AAGATCCAGCCCTCAGAACCCAGGGACTCAGCTGTGTACTTCTGTGCCAGCAGTTTAGGGCAGTCATCCGGCTACACCTTCGGTTCG"	FALSE	TRUE	NA	NA	NA	NA
"ATTCTGGAGTCCGCCAGCACCAACCAGACATCTATGTACCTCTGTGCCAGCAGTTCGGGACAGAATGAAAAACTGTTTTTTGGCAGT"	"CASSSGQNEKLFF"	"ATTCTGGAGTCCGCCAGCACCAACCAGACATCTATGTACCTCTGTGCCAGCAGTTCGGGACAGAATGAAAAACTGTTTTTTGGCAGT"	"CASSSGQNEKLFF"	"TCRBV28-1*1"	"TCRBD1-1*1"	"TCRBJ1-4*1"	55	56	-1	63	1	64	NA	NA	"ATTCTGGAGTCCGCCAGCACCAACCAGACATCTATGTACCTCTGTGCCAGCAGTTCGGGACAGAATGAAAAACTGTTTTTTGGCAGT"	FALSE	TRUE	NA	NA	NA	NA
"CGCACAGAGCAGCGGGACTCGGCCATGTATCGCTGTGCCAGCAGCTTAGAGCGAGCTGCGAACACCGGGGAGCTGTTTTTTGGAGAA"	"CASSLERAANTGELFF"	"CGCACAGAGCAGCGGGACTCGGCCATGTATCGCTGTGCCAGCAGCTTAGAGCGAGCTGCGAACACCGGGGAGCTGTTTTTTGGAGAA"	"CASSLERAANTGELFF"	"TCRBV7-6*1"	"TCRBD2-1"	"TCRBJ2-2*1"	-1	49	53	58	50	5	NA	NA	"CGCACAGAGCAGCGGGACTCGGCCATGTATCGCTGTGCCAGCAGCTTAGAGCGAGCTGCGAACACCGGGGAGCTGTTTTTTGGAGAA"	FALSE	TRUE	NA	NA	NA	NA
"TTGGAGCTGGACGACTCGGCCCTGTATCTCTGTGCCAGCAGCTTAAGGACCCGGACGGGGTACAATCAGCCCCAGCATTTTGGTGAT"	"CASSLRTRTGYNQPQHF"	"TTGGAGCTGGACGACTCGGCCCTGTATCTCTGTGCCAGCAGCTTAAGGACCCGGACGGGGTACAATCAGCCCCAGCATTTTGGTGAT"	"CASSLRTRTGYNQPQHF"	"TCRBV5-4*1"	"TCRBD2-1*1"	"TCRBJ1-5*1"	44	55	60	62	11	2	NA	NA	"TTGGAGCTGGACGACTCGGCCCTGTATCTCTGTGCCAGCAGCTTAAGGACCCGGACGGGGTACAATCAGCCCCAGCATTTTGGTGAT"	FALSE	TRUE	NA	NA	NA	NA
"CTAGAGTCTGCCATCCCCAACCAGACAGCTCTTTACTTCTGTGCCACCACTCTGGGTGGAGGGGACAATGAGCAGTTCTTCGGGCCA"	"CATTLGGGDNEQFF"	"CTAGAGTCTGCCATCCCCAACCAGACAGCTCTTTACTTCTGTGCCACCACTCTGGGTGGAGGGGACAATGAGCAGTTCTTCGGGCCA"	"CATTLGGGDNEQFF"	"TCRBV24-1*1"	"TCRBD2-1*2"	"TCRBJ2-1*1"	49	57	63	64	8	1	NA	NA	"CTAGAGTCTGCCATCCCCAACCAGACAGCTCTTTACTTCTGTGCCACCACTCTGGGTGGAGGGGACAATGAGCAGTTCTTCGGGCCA"	FALSE	TRUE	NA	NA	NA	NA
"TTGGCGTCTGCTGTACCCTCTCAGACATCTGTGTACTTCTGTGCCAGCAGCGCCACCGTTGGGCCAGATACGCAGTATTTTGGCCCA"	"CASSATVGPDTQYF"	"TTGGCGTCTGCTGTACCCTCTCAGACATCTGTGTACTTCTGTGCCAGCAGCGCCACCGTTGGGCCAGATACGCAGTATTTTGGCCCA"	"CASSATVGPDTQYF"	"TCRBV6-4*1"	"TCRBD1-1*1"	"TCRBJ2-3*1"	50	60	-1	64	10	65	NA	NA	"TTGGCGTCTGCTGTACCCTCTCAGACATCTGTGTACTTCTGTGCCAGCAGCGCCACCGTTGGGCCAGATACGCAGTATTTTGGCCCA"	FALSE	TRUE	NA	NA	NA	NA
"GTGACCAGTGCCCATCCTGAAGACAGCAGCTTCTACATCTGCAGTGCTAGAGATGGCGGGAGGGTGGGTACGCAGTATTTTGGCCCA"	"CSARDGGRVGTQYF"	"GTGACCAGTGCCCATCCTGAAGACAGCAGCTTCTACATCTGCAGTGCTAGAGATGGCGGGAGGGTGGGTACGCAGTATTTTGGCCCA"	"CSARDGGRVGTQYF"	NA	"TCRBD2-1*2"	"TCRBJ2-3*1"	53	55	64	68	2	4	NA	NA	"GTGACCAGTGCCCATCCTGAAGACAGCAGCTTCTACATCTGCAGTGCTAGAGATGGCGGGAGGGTGGGTACGCAGTATTTTGGCCCA"	FALSE	TRUE	NA	NA	NA	NA
"AACGCCTTGGAGCTGGAGGACTCGGCCCTGTATCTCTGTGCCAGCAGCCCTGGATTTAAGGCCAATCAGCCCCAGCATTTTGGTGAT"	"CASSPGFKANQPQHF"	"AACGCCTTGGAGCTGGAGGACTCGGCCCTGTATCTCTGTGCCAGCAGCCCTGGATTTAAGGCCAATCAGCCCCAGCATTTTGGTGAT"	"CASSPGFKANQPQHF"	"TCRBV5-8*1"	NA	"TCRBJ1-5*1"	48	51	54	62	3	8	NA	NA	"AACGCCTTGGAGCTGGAGGACTCGGCCCTGTATCTCTGTGCCAGCAGCCCTGGATTTAAGGCCAATCAGCCCCAGCATTTTGGTGAT"	FALSE	TRUE	NA	NA	NA	NA
"AAGATCCAGCCCTCAGAACCCAGGGACTCAGCTGTGTACTTCTGTGCCAGCGGTAGGGGGAGTGGTAACATTCAGTACTTCGGCGCC"	"CASGRGSGNIQYF"	"AAGATCCAGCCCTCAGAACCCAGGGACTCAGCTGTGTACTTCTGTGCCAGCGGTAGGGGGAGTGGTAACATTCAGTACTTCGGCGCC"	"CASGRGSGNIQYF"	"TCRBV12-3/12-4*1"	"TCRBD1-1*1"	"TCRBJ2-4*1"	51	54	60	66	3	6	NA	NA	"AAGATCCAGCCCTCAGAACCCAGGGACTCAGCTGTGTACTTCTGTGCCAGCGGTAGGGGGAGTGGTAACATTCAGTACTTCGGCGCC"	FALSE	TRUE	NA	NA	NA	NA
"CTGCCATCCCCAACCAGACAGCTCTTTACTTCTGTGCCACCAGAGAGGGTACCGGGACAGGGGATAGGTGGCTACACCTTCGGTTCG"	""	"CTGCCATCCCCAACCAGACAGCTCTTTACTTCTGTGCCACCAGAGAGGGTACCGGGACAGGGGATAGGTGGCTACACCTTCGGTTCG"	""	"TCRBV24-1*1"	"TCRBD1-1*1"	"TCRBJ1-2*1"	43	53	63	68	10	5	NA	NA	"CTGCCATCCCCAACCAGACAGCTCTTTACTTCTGTGCCACCAGAGAGGGTACCGGGACAGGGGATAGGTGGCTACACCTTCGGTTCG"	FALSE	FALSE	NA	NA	NA	NA
"CCTGCAAAGCTTGAGGACTCGGCCGTGTATCTCTGTGCCAGCAGTCAACCCCCGGGACTAACAATCTACGAGCAGTACTTCGGGCCG"	"CASSQPPGLTIYEQYF"	"CCTGCAAAGCTTGAGGACTCGGCCGTGTATCTCTGTGCCAGCAGTCAACCCCCGGGACTAACAATCTACGAGCAGTACTTCGGGCCG"	"CASSQPPGLTIYEQYF"	"TCRBV11-2"	"TCRBD2-1"	"TCRBJ2-7*1"	44	53	60	65	9	5	NA	NA	"CCTGCAAAGCTTGAGGACTCGGCCGTGTATCTCTGTGCCAGCAGTCAACCCCCGGGACTAACAATCTACGAGCAGTACTTCGGGCCG"	FALSE	TRUE	NA	NA	NA	NA
"GAACTAAACCTGAGCTCTCTGGAGCTGGGGGACTCAGCTTTGTATTTCTGTGCCAGCAAGAGCAACAATGAGCAGTTCTTCGGGCCA"	"CASKSNNEQFF"	"GAACTAAACCTGAGCTCTCTGGAGCTGGGGGACTCAGCTTTGTATTTCTGTGCCAGCAAGAGCAACAATGAGCAGTTCTTCGGGCCA"	"CASKSNNEQFF"	"TCRBV9-1*1"	"TCRBD2-1"	"TCRBJ2-1*1"	58	60	63	64	2	1	NA	NA	"GAACTAAACCTGAGCTCTCTGGAGCTGGGGGACTCAGCTTTGTATTTCTGTGCCAGCAAGAGCAACAATGAGCAGTTCTTCGGGCCA"	FALSE	TRUE	NA	NA	NA	NA
"AATTCCCTGGAGCTTGGTGACTCTGCTGTGTATTTCTGTGCCAGCAGACGGGACAGGATAAGTGTTTATGGCTACACCTTCGGTTCG"	"CASRRDRISVYGYTF"	"AATTCCCTGGAGCTTGGTGACTCTGCTGTGTATTTCTGTGCCAGCAGACGGGACAGGATAAGTGTTTATGGCTACACCTTCGGTTCG"	"CASRRDRISVYGYTF"	"TCRBV3-1/3-2*1"	"TCRBD1-1*1"	"TCRBJ1-2*1"	47	49	57	66	2	9	NA	NA	"AATTCCCTGGAGCTTGGTGACTCTGCTGTGTATTTCTGTGCCAGCAGACGGGACAGGATAAGTGTTTATGGCTACACCTTCGGTTCG"	FALSE	TRUE	NA	NA	NA	NA
"NNNNNNNNNNNNNTGTCGGCTGCTCCCTCCCAGACATCTGTGTACTTCTGTGCCAGCGTGGCAGACTATGGCTACACCTTCGGTTCG"	"CASVADYGYTF"	"NNNNNNNNNNNNNTGTCGGCTGCTCCCTCCCAGACATCTGTGTACTTCTGTGCCAGCGTGGCAGACTATGGCTACACCTTCGGTTCG"	"CASVADYGYTF"	"TCRBV6-5*1"	"TCRBD1-1*1"	"TCRBJ1-2*1"	57	61	-1	64	4	65	NA	NA	"NNNNNNNNNNNNNTGTCGGCTGCTCCCTCCCAGACATCTGTGTACTTCTGTGCCAGCGTGGCAGACTATGGCTACACCTTCGGTTCG"	FALSE	TRUE	NA	NA	NA	NA
"AAGATCCGGTCCACAAAGCTGGAGGACTCAGCCATGTACTTCTGTGCCAGCAGTGAGTCCGGCCGAACTGAAGCTTTCTTTGGACAA"	"CASSESGRTEAFF"	"AAGATCCGGTCCACAAAGCTGGAGGACTCAGCCATGTACTTCTGTGCCAGCAGTGAGTCCGGCCGAACTGAAGCTTTCTTTGGACAA"	"CASSESGRTEAFF"	"TCRBV2-1"	NA	"TCRBJ1-1*1"	56	60	63	66	4	3	NA	NA	"AAGATCCGGTCCACAAAGCTGGAGGACTCAGCCATGTACTTCTGTGCCAGCAGTGAGTCCGGCCGAACTGAAGCTTTCTTTGGACAA"	FALSE	TRUE	NA	NA	NA	NA
"CCAGCCCTCAGAACCCAGGGACTCAGCTGTGTACTTCTGTGCCAGCAGTTTAGGACTAGCGGGAGTTGTGAGCAGTTCTTCGGGCCA"	""	"CCAGCCCTCAGAACCCAGGGACTCAGCTGTGTACTTCTGTGCCAGCAGTTTAGGACTAGCGGGAGTTGTGAGCAGTTCTTCGGGCCA"	""	NA	"TCRBD2-1*2"	"TCRBJ2-1*1"	-1	53	65	68	54	3	NA	NA	"CCAGCCCTCAGAACCCAGGGACTCAGCTGTGTACTTCTGTGCCAGCAGTTTAGGACTAGCGGGAGTTGTGAGCAGTTCTTCGGGCCA"	FALSE	FALSE	NA	NA	NA	NA
"TGCTCCCTCCCAGACATCTGTGTACTTCTGTGCCAGCAGTTACTCGATGGGTCTAGCGGTAAACACCGGGGAGCTGTTTTTGGAGAA"	""	"TGCTCCCTCCCAGACATCTGTGTACTTCTGTGCCAGCAGTTACTCGATGGGTCTAGCGGTAAACACCGGGGAGCTGTTTTTGGAGAA"	""	NA	"TCRBD2-1"	"TCRBJ2-2*1"	45	52	59	76	7	17	NA	NA	"TGCTCCCTCCCAGACATCTGTGTACTTCTGTGCCAGCAGTTACTCGATGGGTCTAGCGGTAAACACCGGGGAGCTGTTTTTGGAGAA"	FALSE	FALSE	NA	NA	NA	NA
"CTTCACCTACACGCCCTGCAGCCAGAAGACTCAGCCCTGTATCTCTGCGCCAGCAGCCATAGGGACGGGGAGCTGTTTTTTGGAGAA"	"CASSHRDGELFF"	"CTTCACCTACACGCCCTGCAGCCAGAAGACTCAGCCCTGTATCTCTGCGCCAGCAGCCATAGGGACGGGGAGCTGTTTTTTGGAGAA"	"CASSHRDGELFF"	"TCRBV4-1*1"	NA	"TCRBJ2-2*1"	59	61	-1	65	2	66	NA	NA	"CTTCACCTACACGCCCTGCAGCCAGAAGACTCAGCCCTGTATCTCTGCGCCAGCAGCCATAGGGACGGGGAGCTGTTTTTTGGAGAA"	FALSE	TRUE	NA	NA	NA	NA
"GCTCCCAGACATCTGTGTACTTCTGTGCCATCAGAGGGGACCTAGTATTTTGGGGTTTATGTATGTAATGCCCAGTACTTCGGGCCA"	""	"GCTCCCAGACATCTGTGTACTTCTGTGCCATCAGAGGGGACCTAGTATTTTGGGGTTTATGTATGTAATGCCCAGTACTTCGGGCCA"	""	"TCRBV1-3*1"	NA	"TCRBJ2-5*1"	34	36	41	70	2	29	NA	NA	"GCTCCCAGACATCTGTGTACTTCTGTGCCATCAGAGGGGACCTAGTATTTTGGGGTTTATGTATGTAATGCCCAGTACTTCGGGCCA"	FALSE	FALSE	NA	NA	NA	NA
"GACTCAGCCGTGTATCTCTGTGCCAGCAGCCCATGGACAGGGGGTCTTTCGCGGGAGGCCTGGTACAATGAGCAGTTCTTCGGGCCA"	"CASSPWTGGLSREAWYNEQFF"	"GACTCAGCCGTGTATCTCTGTGCCAGCAGCCCATGGACAGGGGGTCTTTCGCGGGAGGCCTGGTACAATGAGCAGTTCTTCGGGCCA"	"CASSPWTGGLSREAWYNEQFF"	"TCRBV7-3*1"	"TCRBD1-1*1"	"TCRBJ2-1*1"	30	34	44	63	4	19	NA	NA	"GACTCAGCCGTGTATCTCTGTGCCAGCAGCCCATGGACAGGGGGTCTTTCGCGGGAGGCCTGGTACAATGAGCAGTTCTTCGGGCCA"	FALSE	TRUE	NA	NA	NA	NA
"AATGTGAGCACCTTGGAGCTGGGGGACTCGGCCCTTTATCTTTGCGCCAGCAGCTTGTCGGCGGCCTACGAGCAGTACTTCGGGCCG"	"CASSLSAAYEQYF"	"AATGTGAGCACCTTGGAGCTGGGGGACTCGGCCCTTTATCTTTGCGCCAGCAGCTTGTCGGCGGCCTACGAGCAGTACTTCGGGCCG"	"CASSLSAAYEQYF"	"TCRBV5-1*1"	"TCRBD2-1"	"TCRBJ2-7*1"	57	60	-1	64	3	65	NA	NA	"AATGTGAGCACCTTGGAGCTGGGGGACTCGGCCCTTTATCTTTGCGCCAGCAGCTTGTCGGCGGCCTACGAGCAGTACTTCGGGCCG"	FALSE	TRUE	NA	NA	NA	NA
"AGCTCTCTGGAGCTGGGGGACTCAGCTTTGTATTTCTGTGCCAGCAGCGTAGGGGGTGGAAACCTAGCCGAGCAGTACTTCGGGCCG"	"CASSVGGGNLAEQYF"	"AGCTCTCTGGAGCTGGGGGACTCAGCTTTGTATTTCTGTGCCAGCAGCGTAGGGGGTGGAAACCTAGCCGAGCAGTACTTCGGGCCG"	"CASSVGGGNLAEQYF"	"TCRBV9-1*1"	"TCRBD2-1"	"TCRBJ2-7*1"	52	63	-1	68	11	69	NA	NA	"AGCTCTCTGGAGCTGGGGGACTCAGCTTTGTATTTCTGTGCCAGCAGCGTAGGGGGTGGAAACCTAGCCGAGCAGTACTTCGGGCCG"	FALSE	TRUE	NA	NA	NA	NA
"ACCAGTGCCCATCCTGAAGACAGCAGCTTCTACATCTGCAGTGCTAGAGTTCCCGGACAGGTCTCGCAGCCCCAGCATTTTGGTGAT"	"CSARVPGQVSQPQHF"	"ACCAGTGCCCATCCTGAAGACAGCAGCTTCTACATCTGCAGTGCTAGAGTTCCCGGACAGGTCTCGCAGCCCCAGCATTTTGGTGAT"	"CSARVPGQVSQPQHF"	NA	"TCRBD1-1*1"	"TCRBJ1-5*1"	49	54	61	66	5	5	NA	NA	"ACCAGTGCCCATCCTGAAGACAGCAGCTTCTACATCTGCAGTGCTAGAGTTCCCGGACAGGTCTCGCAGCCCCAGCATTTTGGTGAT"	FALSE	TRUE	NA	NA	NA	NA
"TCGGCCCAAAAGAACCCGACAGCTTTCTATCTCTGTGCCAGTCGGAATTTTTTGGCCGAATCTAACTATGGCTACACCTTCGGTTCG"	"CASRNFLAESNYGYTF"	"TCGGCCCAAAAGAACCCGACAGCTTTCTATCTCTGTGCCAGTCGGAATTTTTTGGCCGAATCTAACTATGGCTACACCTTCGGTTCG"	"CASRNFLAESNYGYTF"	"TCRBV19-1*1"	NA	"TCRBJ1-2*1"	42	43	46	61	1	15	NA	NA	"TCGGCCCAAAAGAACCCGACAGCTTTCTATCTCTGTGCCAGTCGGAATTTTTTGGCCGAATCTAACTATGGCTACACCTTCGGTTCG"	FALSE	TRUE	NA	NA	NA	NA
"CAGCCCTCAGAACCCAGGGACTCAGCTGTGTACTTCTGTGCCAGCAGTTTCGATGGCGGGAGCGGGTACGAGCAGTACTTCGGGCCG"	"CASSFDGGSGYEQYF"	"CAGCCCTCAGAACCCAGGGACTCAGCTGTGTACTTCTGTGCCAGCAGTTTCGATGGCGGGAGCGGGTACGAGCAGTACTTCGGGCCG"	"CASSFDGGSGYEQYF"	NA	"TCRBD2-1*2"	"TCRBJ2-7*1"	50	55	62	66	5	4	NA	NA	"CAGCCCTCAGAACCCAGGGACTCAGCTGTGTACTTCTGTGCCAGCAGTTTCGATGGCGGGAGCGGGTACGAGCAGTACTTCGGGCCG"	FALSE	TRUE	NA	NA	NA	NA
"GAGTCGCCCAGCCCCAACCAGACCTCTCTGTACTTCTGTGCCAGCAGCCAACAGGGGGCCAGCCACTACGAGCAGTACTTCGGGCCG"	"CASSQQGASHYEQYF"	"GAGTCGCCCAGCCCCAACCAGACCTCTCTGTACTTCTGTGCCAGCAGCCAACAGGGGGCCAGCCACTACGAGCAGTACTTCGGGCCG"	"CASSQQGASHYEQYF"	"TCRBV27-1*1"	"TCRBD1-1*1"	"TCRBJ2-7*1"	47	50	59	65	3	6	NA	NA	"GAGTCGCCCAGCCCCAACCAGACCTCTCTGTACTTCTGTGCCAGCAGCCAACAGGGGGCCAGCCACTACGAGCAGTACTTCGGGCCG"	FALSE	TRUE	NA	NA	NA	NA
"CCGCTCAGGCTGGAGTTGGCTGCTCCCTCCCAGACATCTGTGTACTTCTGTGCCAGCGAGGAGGCCGGGGAGCTGTTTTTTGGAGAA"	"CASEEAGELFF"	"CCGCTCAGGCTGGAGTTGGCTGCTCCCTCCCAGACATCTGTGTACTTCTGTGCCAGCGAGGAGGCCGGGGAGCTGTTTTTTGGAGAA"	"CASEEAGELFF"	"TCRBV6-6"	"TCRBD2-1*2"	"TCRBJ2-2*1"	57	59	-1	64	2	65	NA	NA	"CCGCTCAGGCTGGAGTTGGCTGCTCCCTCCCAGACATCTGTGTACTTCTGTGCCAGCGAGGAGGCCGGGGAGCTGTTTTTTGGAGAA"	FALSE	TRUE	NA	NA	NA	NA
"GTGACATCGGCCCAAAAGAACCCGACAGCTTTCTATCTCTGTGCCAGTAGGCAGGGGACGTTGAAGTATGGCTACACCTTCGGTTCG"	"CASRQGTLKYGYTF"	"GTGACATCGGCCCAAAAGAACCCGACAGCTTTCTATCTCTGTGCCAGTAGGCAGGGGACGTTGAAGTATGGCTACACCTTCGGTTCG"	"CASRQGTLKYGYTF"	"TCRBV19-1*1"	"TCRBD1-1*1"	"TCRBJ1-2*1"	50	51	57	66	1	9	NA	NA	"GTGACATCGGCCCAAAAGAACCCGACAGCTTTCTATCTCTGTGCCAGTAGGCAGGGGACGTTGAAGTATGGCTACACCTTCGGTTCG"	FALSE	TRUE	NA	NA	NA	NA
"ACTGTGAGCAACATGAGCCCTGAAGACAGCAGCATATATCTCTGCAGCGCCGTACCGGGAGTTTCGTACGAGCAGTACTTCGGGCCG"	"CSAVPGVSYEQYF"	"ACTGTGAGCAACATGAGCCCTGAAGACAGCAGCATATATCTCTGCAGCGCCGTACCGGGAGTTTCGTACGAGCAGTACTTCGGGCCG"	"CSAVPGVSYEQYF"	"TCRBV29-1*3"	"TCRBD2-1*2"	"TCRBJ2-7*1"	50	55	61	66	5	5	NA	NA	"ACTGTGAGCAACATGAGCCCTGAAGACAGCAGCATATATCTCTGCAGCGCCGTACCGGGAGTTTCGTACGAGCAGTACTTCGGGCCG"	FALSE	TRUE	NA	NA	NA	NA
"GAGCTGGGGGACTCGGCCCTTTATCTTTGCGCCAGCAGCAAAGAAAATAAGGGACTTCAACCCCTCTATGGCTACACCTTCGGTTCG"	"CASSKENKGLQPLYGYTF"	"GAGCTGGGGGACTCGGCCCTTTATCTTTGCGCCAGCAGCAAAGAAAATAAGGGACTTCAACCCCTCTATGGCTACACCTTCGGTTCG"	"CASSKENKGLQPLYGYTF"	"TCRBV5-1*1"	"TCRBD2-1"	"TCRBJ1-2*1"	39	50	56	65	11	9	NA	NA	"GAGCTGGGGGACTCGGCCCTTTATCTTTGCGCCAGCAGCAAAGAAAATAAGGGACTTCAACCCCTCTATGGCTACACCTTCGGTTCG"	FALSE	TRUE	NA	NA	NA	NA
"TCTCAAGATCCAGCCTGCAGAGCTTGGGGACTCGGCCGTGTATCTCTGTGCCAGCAGCCTGGGAGCTACGAGCAGTACTTCGGGCCG"	""	"TCTCAAGATCCAGCCTGCAGAGCTTGGGGACTCGGCCGTGTATCTCTGTGCCAGCAGCCTGGGAGCTACGAGCAGTACTTCGGGCCG"	""	"TCRBV11-3*1"	"TCRBD2-1*2"	"TCRBJ2-7*1"	58	60	-1	65	2	66	NA	NA	"TCTCAAGATCCAGCCTGCAGAGCTTGGGGACTCGGCCGTGTATCTCTGTGCCAGCAGCCTGGGAGCTACGAGCAGTACTTCGGGCCG"	FALSE	FALSE	NA	NA	NA	NA
"TCTCTGGAGCTGGGGGACTCAGCTTTGTATTTCTGTGCCAGCAGCCCCGGACAGGGCCCTAGCACAGATACGCAGTATTTTGGCCCA"	"CASSPGQGPSTDTQYF"	"TCTCTGGAGCTGGGGGACTCAGCTTTGTATTTCTGTGCCAGCAGCCCCGGACAGGGCCCTAGCACAGATACGCAGTATTTTGGCCCA"	"CASSPGQGPSTDTQYF"	"TCRBV9-1*1"	"TCRBD1-1*1"	"TCRBJ2-3*1"	45	48	56	60	3	4	NA	NA	"TCTCTGGAGCTGGGGGACTCAGCTTTGTATTTCTGTGCCAGCAGCCCCGGACAGGGCCCTAGCACAGATACGCAGTATTTTGGCCCA"	FALSE	TRUE	NA	NA	NA	NA
"ATTCAGCGCACAGAGCAGCGGGACTCGGCCATGTATCGCTGTGCCAGCAGCTCCCTCCAAAGATCCGATACGCAGTATTTTGGCCCA"	"CASSSLQRSDTQYF"	"ATTCAGCGCACAGAGCAGCGGGACTCGGCCATGTATCGCTGTGCCAGCAGCTCCCTCCAAAGATCCGATACGCAGTATTTTGGCCCA"	"CASSSLQRSDTQYF"	NA	NA	"TCRBJ2-3*1"	52	61	63	66	9	3	NA	NA	"ATTCAGCGCACAGAGCAGCGGGACTCGGCCATGTATCGCTGTGCCAGCAGCTCCCTCCAAAGATCCGATACGCAGTATTTTGGCCCA"	FALSE	TRUE	NA	NA	NA	NA
"CCAGTGCCCATCCTGAAGACAGCAGCTTCTACATCTGCAGTGCGGTGGGTAGTTAGGGGACTATGAGAGACCCAGTACTTCGGGCCA"	""	"CCAGTGCCCATCCTGAAGACAGCAGCTTCTACATCTGCAGTGCGGTGGGTAGTTAGGGGACTATGAGAGACCCAGTACTTCGGGCCA"	""	NA	"TCRBD2-1"	"TCRBJ2-5*1"	43	56	63	65	13	2	NA	NA	"CCAGTGCCCATCCTGAAGACAGCAGCTTCTACATCTGCAGTGCGGTGGGTAGTTAGGGGACTATGAGAGACCCAGTACTTCGGGCCA"	FALSE	FALSE	NA	NA	NA	NA
"CACACCCTGCAGCCAGAAGACTCGGCCCTGTATCTCTGTGCCAGCAGCCAAGCGGGTGCTGGGGCCAACGTCCTGACTTTCGGGGCC"	"CASSQAGAGANVLTF"	"CACACCCTGCAGCCAGAAGACTCGGCCCTGTATCTCTGTGCCAGCAGCCAAGCGGGTGCTGGGGCCAACGTCCTGACTTTCGGGGCC"	"CASSQAGAGANVLTF"	"TCRBV4-2*1"	"TCRBD2-1"	"TCRBJ2-6*1"	-1	52	56	58	53	2	NA	NA	"CACACCCTGCAGCCAGAAGACTCGGCCCTGTATCTCTGTGCCAGCAGCCAAGCGGGTGCTGGGGCCAACGTCCTGACTTTCGGGGCC"	FALSE	TRUE	NA	NA	NA	NA
"GAGCTGGGGGACTCAGCTTTGTATTTCTGTGCCAGCAGCGTAGCAGCCCCGGGACATACTAGCACAGATACGCAGTATTTTGGCCCA"	"CASSVAAPGHTSTDTQYF"	"GAGCTGGGGGACTCAGCTTTGTATTTCTGTGCCAGCAGCGTAGCAGCCCCGGGACATACTAGCACAGATACGCAGTATTTTGGCCCA"	"CASSVAAPGHTSTDTQYF"	"TCRBV9-1*1"	"TCRBD1-1*1"	"TCRBJ2-3*1"	43	50	56	60	7	4	NA	NA	"GAGCTGGGGGACTCAGCTTTGTATTTCTGTGCCAGCAGCGTAGCAGCCCCGGGACATACTAGCACAGATACGCAGTATTTTGGCCCA"	FALSE	TRUE	NA	NA	NA	NA
"CTGAGCTCTCTGGAGCTGGGGGACTCAGCTTTGTATTTCTGTGCCAGCAGCGTCGCAGGGGGCGACTACGAGCAGTACTTCGGGCCG"	"CASSVAGGDYEQYF"	"CTGAGCTCTCTGGAGCTGGGGGACTCAGCTTTGTATTTCTGTGCCAGCAGCGTCGCAGGGGGCGACTACGAGCAGTACTTCGGGCCG"	"CASSVAGGDYEQYF"	"TCRBV9-1*1"	"TCRBD1-1*1"	"TCRBJ2-7*1"	53	55	63	65	2	2	NA	NA	"CTGAGCTCTCTGGAGCTGGGGGACTCAGCTTTGTATTTCTGTGCCAGCAGCGTCGCAGGGGGCGACTACGAGCAGTACTTCGGGCCG"	FALSE	TRUE	NA	NA	NA	NA
"ACTCTGACAGTGACCAGTGCCCATCCTGAAGACAGCAGCTTCTACATCTGCAGTGCTAGGGGGGGAGAGACCCAGTACTTCGGGCCA"	"CSARGGETQYF"	"ACTCTGACAGTGACCAGTGCCCATCCTGAAGACAGCAGCTTCTACATCTGCAGTGCTAGGGGGGGAGAGACCCAGTACTTCGGGCCA"	"CSARGGETQYF"	"TCRBV2-1"	"TCRBD2-1*1"	"TCRBJ2-5*1"	-1	59	-1	65	60	66	NA	NA	"ACTCTGACAGTGACCAGTGCCCATCCTGAAGACAGCAGCTTCTACATCTGCAGTGCTAGGGGGGGAGAGACCCAGTACTTCGGGCCA"	FALSE	TRUE	NA	NA	NA	NA
"ACAGAGCAGGGGGACTCGGCCATGTATCTCTGTGCCAGCAGCACTTCCGAGGGGGGGCTAAGCACAGATACGCAGTATTTTGGCCCA"	"CASSTSEGGLSTDTQYF"	"ACAGAGCAGGGGGACTCGGCCATGTATCTCTGTGCCAGCAGCACTTCCGAGGGGGGGCTAAGCACAGATACGCAGTATTTTGGCCCA"	"CASSTSEGGLSTDTQYF"	"TCRBV7-9*1"	"TCRBD2-1*1"	"TCRBJ2-3*1"	42	50	57	60	8	3	NA	NA	"ACAGAGCAGGGGGACTCGGCCATGTATCTCTGTGCCAGCAGCACTTCCGAGGGGGGGCTAAGCACAGATACGCAGTATTTTGGCCCA"	FALSE	TRUE	NA	NA	NA	NA
"ACATCGGCCCAAAAGAACCCGACAGCTTTCTATCTCTGTGCCAGTAGTACCGGGCGGGGGGGGCAGCAGCCCCAGCATTTTGGTGAT"	"CASSTGRGGQQPQHF"	"ACATCGGCCCAAAAGAACCCGACAGCTTTCTATCTCTGTGCCAGTAGTACCGGGCGGGGGGGGCAGCAGCCCCAGCATTTTGGTGAT"	"CASSTGRGGQQPQHF"	"TCRBV19-1*1"	"TCRBD2-1*1"	"TCRBJ1-5*1"	49	53	62	66	4	4	NA	NA	"ACATCGGCCCAAAAGAACCCGACAGCTTTCTATCTCTGTGCCAGTAGTACCGGGCGGGGGGGGCAGCAGCCCCAGCATTTTGGTGAT"	FALSE	TRUE	NA	NA	NA	NA
"GAGTTGGCTGCTCCCTCCCAGACATCTGTGTACTTCTGTGCCAGCAGTGGTCTAGCGGGGAATTACAATGAGCAGTTCTTCGGGCCA"	"CASSGLAGNYNEQFF"	"GAGTTGGCTGCTCCCTCCCAGACATCTGTGTACTTCTGTGCCAGCAGTGGTCTAGCGGGGAATTACAATGAGCAGTTCTTCGGGCCA"	"CASSGLAGNYNEQFF"	"TCRBV6-6"	"TCRBD2-1*1"	"TCRBJ2-1*1"	48	51	60	63	3	3	NA	NA	"GAGTTGGCTGCTCCCTCCCAGACATCTGTGTACTTCTGTGCCAGCAGTGGTCTAGCGGGGAATTACAATGAGCAGTTCTTCGGGCCA"	FALSE	TRUE	NA	NA	NA	NA
"ATCCAGCGCACAGAGCGGGGGGACTCAGCCGTGTATCTCTGTGCCAGCAGCAAGGGATACCTTAGTCAGCCCCAGCATTTTGGTGAT"	"CASSKGYLSQPQHF"	"ATCCAGCGCACAGAGCGGGGGGACTCAGCCGTGTATCTCTGTGCCAGCAGCAAGGGATACCTTAGTCAGCCCCAGCATTTTGGTGAT"	"CASSKGYLSQPQHF"	"TCRBV7-3*1"	NA	"TCRBJ1-5*1"	51	53	57	65	2	8	NA	NA	"ATCCAGCGCACAGAGCGGGGGGACTCAGCCGTGTATCTCTGTGCCAGCAGCAAGGGATACCTTAGTCAGCCCCAGCATTTTGGTGAT"	FALSE	TRUE	NA	NA	NA	NA
"CGCACAGAGCAGGAGGACTCGGCCGTGTATCTCTGTGCCAGCAGCTTAGGGGGACAGGGGGCCCATCAGCCCCAGCATTTTGGTGAT"	"CASSLGGQGAHQPQHF"	"CGCACAGAGCAGGAGGACTCGGCCGTGTATCTCTGTGCCAGCAGCTTAGGGGGACAGGGGGCCCATCAGCCCCAGCATTTTGGTGAT"	"CASSLGGQGAHQPQHF"	"TCRBV7-2"	"TCRBD1-1*1"	"TCRBJ1-5*1"	49	50	62	64	1	2	NA	NA	"CGCACAGAGCAGGAGGACTCGGCCGTGTATCTCTGTGCCAGCAGCTTAGGGGGACAGGGGGCCCATCAGCCCCAGCATTTTGGTGAT"	FALSE	TRUE	NA	NA	NA	NA
"GTGACCAGTGCCCATCCTGAAGACAGCAGCTTCTACATCTGCAGTGCTAGAGGGGGGGGCTGGGGAACTGAAGCTTTCTTTGGACAA"	"CSARGGGWGTEAFF"	"GTGACCAGTGCCCATCCTGAAGACAGCAGCTTCTACATCTGCAGTGCTAGAGGGGGGGGCTGGGGAACTGAAGCTTTCTTTGGACAA"	"CSARGGGWGTEAFF"	NA	"TCRBD2-1*1"	"TCRBJ1-1*1"	-1	52	59	66	53	7	NA	NA	"GTGACCAGTGCCCATCCTGAAGACAGCAGCTTCTACATCTGCAGTGCTAGAGGGGGGGGCTGGGGAACTGAAGCTTTCTTTGGACAA"	FALSE	TRUE	NA	NA	NA	NA
"AAGATCCAGCCCTCAGAACCCAGGGACTCAGCTGTGTACTTCTGTGCCAGCAGTTTGACAGTAACCGGGGAGCTGTTTTTTGGAGAA"	"CASSLTVTGELFF"	"AAGATCCAGCCCTCAGAACCCAGGGACTCAGCTGTGTACTTCTGTGCCAGCAGTTTGACAGTAACCGGGGAGCTGTTTTTTGGAGAA"	"CASSLTVTGELFF"	"TCRBV12-3/12-4*1"	"TCRBD1-1*1"	"TCRBJ2-2*1"	-1	56	61	63	57	2	NA	NA	"AAGATCCAGCCCTCAGAACCCAGGGACTCAGCTGTGTACTTCTGTGCCAGCAGTTTGACAGTAACCGGGGAGCTGTTTTTTGGAGAA"	FALSE	TRUE	NA	NA	NA	NA
"CTGGAGTCTGCTGCCTCCTCCCAGACATCTGTATATTTCTGCGCCAGCGGGGAGGGTCTCGACACCGGGGAGCTGTTTTTTGGAGAA"	"CASGEGLDTGELFF"	"CTGGAGTCTGCTGCCTCCTCCCAGACATCTGTATATTTCTGCGCCAGCGGGGAGGGTCTCGACACCGGGGAGCTGTTTTTTGGAGAA"	"CASGEGLDTGELFF"	"TCRBV1-1*1"	"TCRBD2-1*2"	"TCRBJ2-2*1"	48	49	56	61	1	5	NA	NA	"CTGGAGTCTGCTGCCTCCTCCCAGACATCTGTATATTTCTGCGCCAGCGGGGAGGGTCTCGACACCGGGGAGCTGTTTTTTGGAGAA"	FALSE	TRUE	NA	NA	NA	NA
"GCCTGCAGAACTGGAGGATTCTGGAGTTTATTTCTGTGCCAGCAGCCAAATATGGGTCTGGGGCAAGAGACCCAGTACTTCGGGCCA"	""	"GCCTGCAGAACTGGAGGATTCTGGAGTTTATTTCTGTGCCAGCAGCCAAATATGGGTCTGGGGCAAGAGACCCAGTACTTCGGGCCA"	""	"TCRBV14-1*1"	NA	"TCRBJ2-5*1"	49	59	-1	63	10	64	NA	NA	"GCCTGCAGAACTGGAGGATTCTGGAGTTTATTTCTGTGCCAGCAGCCAAATATGGGTCTGGGGCAAGAGACCCAGTACTTCGGGCCA"	FALSE	FALSE	NA	NA	NA	NA
"CACGCCCTGCAGCCAGAAGACTCAGCCCTGTATCTCTGCGCCAGCAGCCAACCCGGGGATAACCGGGAAAAACTGTTTTTTGGCAGT"	"CASSQPGDNREKLFF"	"CACGCCCTGCAGCCAGAAGACTCAGCCCTGTATCTCTGCGCCAGCAGCCAACCCGGGGATAACCGGGAAAAACTGTTTTTTGGCAGT"	"CASSQPGDNREKLFF"	"TCRBV4-1*1"	"TCRBD2-1*1"	"TCRBJ1-4*1"	51	53	58	66	2	8	NA	NA	"CACGCCCTGCAGCCAGAAGACTCAGCCCTGTATCTCTGCGCCAGCAGCCAACCCGGGGATAACCGGGAAAAACTGTTTTTTGGCAGT"	FALSE	TRUE	NA	NA	NA	NA
"CTGAGTTCTAAGAAGCTCCTTCTCAGTGACTCTGGCTTCTATCTCTGTGCCTGGAGTTCGGACCAAGTCGAGCAGTACTTCGGGCCG"	"CAWSSDQVEQYF"	"CTGAGTTCTAAGAAGCTCCTTCTCAGTGACTCTGGCTTCTATCTCTGTGCCTGGAGTTCGGACCAAGTCGAGCAGTACTTCGGGCCG"	"CAWSSDQVEQYF"	"TCRBV3-1*1"	NA	"TCRBJ2-7*1"	57	59	63	68	2	5	NA	NA	"CTGAGTTCTAAGAAGCTCCTTCTCAGTGACTCTGGCTTCTATCTCTGTGCCTGGAGTTCGGACCAAGTCGAGCAGTACTTCGGGCCG"	FALSE	TRUE	NA	NA	NA	NA
"GTAGTGCGAGGAGATTCGGCAGCTTATTTCTGTGCCAGCTCACGAGGACGTCCGGACAGTTATAATTCACCCCTCCACTTTGGGAAT"	"CASSRGRPDSYNSPLHF"	"GTAGTGCGAGGAGATTCGGCAGCTTATTTCTGTGCCAGCTCACGAGGACGTCCGGACAGTTATAATTCACCCCTCCACTTTGGGAAT"	"CASSRGRPDSYNSPLHF"	"TCRBV18-1*1"	"TCRBD1-1*1"	"TCRBJ1-6*1"	43	53	59	60	10	1	NA	NA	"GTAGTGCGAGGAGATTCGGCAGCTTATTTCTGTGCCAGCTCACGAGGACGTCCGGACAGTTATAATTCACCCCTCCACTTTGGGAAT"	FALSE	TRUE	NA	NA	NA	NA
"CAGCGCACAGAGCGGGGGGACTCAGCCGTGTATCTCTGTGCCAGCAGCCCCCAGGGACGTGGTGGGTATGGCTACACCTTCGGTTCG"	"CASSPQGRGGYGYTF"	"CAGCGCACAGAGCGGGGGGACTCAGCCGTGTATCTCTGTGCCAGCAGCCCCCAGGGACGTGGTGGGTATGGCTACACCTTCGGTTCG"	"CASSPQGRGGYGYTF"	"TCRBV7-3*1"	NA	"TCRBJ1-2*1"	48	53	58	66	5	8	NA	NA	"CAGCGCACAGAGCGGGGGGACTCAGCCGTGTATCTCTGTGCCAGCAGCCCCCAGGGACGTGGTGGGTATGGCTACACCTTCGGTTCG"	FALSE	TRUE	NA	NA	NA	NA
"CAGGGGACACAGCACTGTATTTCTGTGCCAGCAGCAAAGTCAACTAGCGGGAGGACGAGCTCCTACAATGAGCAGTTCTTCGGGCCA"	""	"CAGGGGACACAGCACTGTATTTCTGTGCCAGCAGCAAAGTCAACTAGCGGGAGGACGAGCTCCTACAATGAGCAGTTCTTCGGGCCA"	""	"TCRBV21-1*1"	"TCRBD2-1*2"	"TCRBJ2-1*1"	39	42	54	59	3	5	NA	NA	"CAGGGGACACAGCACTGTATTTCTGTGCCAGCAGCAAAGTCAACTAGCGGGAGGACGAGCTCCTACAATGAGCAGTTCTTCGGGCCA"	FALSE	FALSE	NA	NA	NA	NA
"GTGACATCGGCCCAAAAGAACCCGACAGCTTTCTATCTCTGTGCCAGTAGTATGTCTGGTCTCAATCAGCCCCAGCATTTTGGTGAT"	"CASSMSGLNQPQHF"	"GTGACATCGGCCCAAAAGAACCCGACAGCTTTCTATCTCTGTGCCAGTAGTATGTCTGGTCTCAATCAGCCCCAGCATTTTGGTGAT"	"CASSMSGLNQPQHF"	"TCRBV19-1*1"	NA	"TCRBJ1-5*1"	53	57	59	62	4	3	NA	NA	"GTGACATCGGCCCAAAAGAACCCGACAGCTTTCTATCTCTGTGCCAGTAGTATGTCTGGTCTCAATCAGCCCCAGCATTTTGGTGAT"	FALSE	TRUE	NA	NA	NA	NA
"AGTGCCTTGGAGCTGGGGGACTCGGCCCTGTATCTCTGTGCCAGAAGCACCGGGACAATGGCCTCCTACGAGCAGTACTTCGGGCCG"	"CARSTGTMASYEQYF"	"AGTGCCTTGGAGCTGGGGGACTCGGCCCTGTATCTCTGTGCCAGAAGCACCGGGACAATGGCCTCCTACGAGCAGTACTTCGGGCCG"	"CARSTGTMASYEQYF"	"TCRBV5-3"	"TCRBD1-1*1"	"TCRBJ2-7*1"	48	51	57	62	3	5	NA	NA	"AGTGCCTTGGAGCTGGGGGACTCGGCCCTGTATCTCTGTGCCAGAAGCACCGGGACAATGGCCTCCTACGAGCAGTACTTCGGGCCG"	FALSE	TRUE	NA	NA	NA	NA
"AGATCCGGTCCACAAAGCTGGAGGACTCAGCCATGTACTTCTGTGCCAGGGCTCCTTACCGGCTCGGAGACCCAGTACTTCGGGCCA"	""	"AGATCCGGTCCACAAAGCTGGAGGACTCAGCCATGTACTTCTGTGCCAGGGCTCCTTACCGGCTCGGAGACCCAGTACTTCGGGCCA"	""	"TCRBV2-1"	NA	"TCRBJ2-5*1"	-1	49	52	66	50	14	NA	NA	"AGATCCGGTCCACAAAGCTGGAGGACTCAGCCATGTACTTCTGTGCCAGGGCTCCTTACCGGCTCGGAGACCCAGTACTTCGGGCCA"	FALSE	FALSE	NA	NA	NA	NA
"ACATCGGCCCAAAAGAACCCGACAGCTTTCTATCTCTGTGCCAGTAGTATGGGGGGCGGGAGAACCGGGGAGCTGTTTTTTGGAGAA"	"CASSMGGGRTGELFF"	"ACATCGGCCCAAAAGAACCCGACAGCTTTCTATCTCTGTGCCAGTAGTATGGGGGGCGGGAGAACCGGGGAGCTGTTTTTTGGAGAA"	"CASSMGGGRTGELFF"	"TCRBV19-1*1"	"TCRBD2-1*2"	"TCRBJ2-2*1"	50	55	62	63	5	1	NA	NA	"ACATCGGCCCAAAAGAACCCGACAGCTTTCTATCTCTGTGCCAGTAGTATGGGGGGCGGGAGAACCGGGGAGCTGTTTTTTGGAGAA"	FALSE	TRUE	NA	NA	NA	NA
"CACACCCTGCAGCCAGAAGACTCGGCCCTGTATCTCTGTGCCAGCAGCCAAGGGCTAGCGGAAAACTACGAGCAGTACTTCGGGCCG"	"CASSQGLAENYEQYF"	"CACACCCTGCAGCCAGAAGACTCGGCCCTGTATCTCTGTGCCAGCAGCCAAGGGCTAGCGGAAAACTACGAGCAGTACTTCGGGCCG"	"CASSQGLAENYEQYF"	"TCRBV4-2*1"	"TCRBD2-1"	"TCRBJ2-7*1"	52	54	61	65	2	4	NA	NA	"CACACCCTGCAGCCAGAAGACTCGGCCCTGTATCTCTGTGCCAGCAGCCAAGGGCTAGCGGAAAACTACGAGCAGTACTTCGGGCCG"	FALSE	TRUE	NA	NA	NA	NA
"CCTGCAAAGCTTGAGGACTCGGCCGTGTATCTCTGTGCCAGCAGCTTAGATGCGGGGAGAAGCCCCTACGAGCAGTACTTCGGGCCG"	"CASSLDAGRSPYEQYF"	"CCTGCAAAGCTTGAGGACTCGGCCGTGTATCTCTGTGCCAGCAGCTTAGATGCGGGGAGAAGCCCCTACGAGCAGTACTTCGGGCCG"	"CASSLDAGRSPYEQYF"	"TCRBV11-2"	"TCRBD2-1*1"	"TCRBJ2-7*1"	50	51	57	64	1	7	NA	NA	"CCTGCAAAGCTTGAGGACTCGGCCGTGTATCTCTGTGCCAGCAGCTTAGATGCGGGGAGAAGCCCCTACGAGCAGTACTTCGGGCCG"	FALSE	TRUE	NA	NA	NA	NA
"AACGCCTTGTTGCTGGGGGACTCGGCCCTCTATCTCTGTGCCAGCAGCTTGGGGGGAGACGCTCGGGCTGAGCAGTTCTTCGGGCCA"	"CASSLGGDARAEQFF"	"AACGCCTTGTTGCTGGGGGACTCGGCCCTCTATCTCTGTGCCAGCAGCTTGGGGGGAGACGCTCGGGCTGAGCAGTTCTTCGGGCCA"	"CASSLGGDARAEQFF"	"TCRBV5-6*1"	"TCRBD2-1*2"	"TCRBJ2-1*1"	52	53	58	68	1	10	NA	NA	"AACGCCTTGTTGCTGGGGGACTCGGCCCTCTATCTCTGTGCCAGCAGCTTGGGGGGAGACGCTCGGGCTGAGCAGTTCTTCGGGCCA"	FALSE	TRUE	NA	NA	NA	NA
"CCCAGGGACTCAGCTGTGTACTTCTGTGCCAGCATCCCTCGGTTGGAACAGAGTCAGGCCAGCACAGATACGCAGTATTTTGGCCCA"	"CASIPRLEQSQASTDTQYF"	"CCCAGGGACTCAGCTGTGTACTTCTGTGCCAGCATCCCTCGGTTGGAACAGAGTCAGGCCAGCACAGATACGCAGTATTTTGGCCCA"	"CASIPRLEQSQASTDTQYF"	NA	"TCRBD1-1*1"	"TCRBJ2-3*1"	34	47	51	60	13	9	NA	NA	"CCCAGGGACTCAGCTGTGTACTTCTGTGCCAGCATCCCTCGGTTGGAACAGAGTCAGGCCAGCACAGATACGCAGTATTTTGGCCCA"	FALSE	TRUE	NA	NA	NA	NA
"GCGGGGGGACTCAGCCGTGTATCTCTGTGCCAGCAGCTTAACAGGGGGGTCGGCGCCTCCCTGTCCCACGAGCAGTACTTCGGGCCG"	""	"GCGGGGGGACTCAGCCGTGTATCTCTGTGCCAGCAGCTTAACAGGGGGGTCGGCGCCTCCCTGTCCCACGAGCAGTACTTCGGGCCG"	""	"TCRBV7-3*1"	NA	"TCRBJ2-7*1"	-1	42	48	67	43	19	NA	NA	"GCGGGGGGACTCAGCCGTGTATCTCTGTGCCAGCAGCTTAACAGGGGGGTCGGCGCCTCCCTGTCCCACGAGCAGTACTTCGGGCCG"	FALSE	FALSE	NA	NA	NA	NA
"GCGGGGGGACTCAGCCGTGTATCTCTGTGCCAGCAGCTCGGGACTAGCGGTTTCAAGAGCTCCTACAATGAGCAGTTCTTCGGGCCA"	""	"GCGGGGGGACTCAGCCGTGTATCTCTGTGCCAGCAGCTCGGGACTAGCGGTTTCAAGAGCTCCTACAATGAGCAGTTCTTCGGGCCA"	""	"TCRBV7-3*1"	"TCRBD2-1"	"TCRBJ2-1*1"	38	39	50	59	1	9	NA	NA	"GCGGGGGGACTCAGCCGTGTATCTCTGTGCCAGCAGCTCGGGACTAGCGGTTTCAAGAGCTCCTACAATGAGCAGTTCTTCGGGCCA"	FALSE	FALSE	NA	NA	NA	NA
"ACAGTGACCAGTGCCCATCCTGAAGACAGCAGCTTCTACATCTGCAGTGCTAGACGTGACAGAGACTACGAGCAGTACTTCGGGCCG"	"CSARRDRDYEQYF"	"ACAGTGACCAGTGCCCATCCTGAAGACAGCAGCTTCTACATCTGCAGTGCTAGACGTGACAGAGACTACGAGCAGTACTTCGGGCCG"	"CSARRDRDYEQYF"	NA	"TCRBD1-1*1"	"TCRBJ2-7*1"	54	57	62	65	3	3	NA	NA	"ACAGTGACCAGTGCCCATCCTGAAGACAGCAGCTTCTACATCTGCAGTGCTAGACGTGACAGAGACTACGAGCAGTACTTCGGGCCG"	FALSE	TRUE	NA	NA	NA	NA
"ACTGTGAGCAACATGAGCCCTGAAGACAGCAGCATATATCTCTGCAGCGCGGGCGACAGGGCTGATTCACCCCTCCACTTTGGGAAT"	"CSAGDRADSPLHF"	"ACTGTGAGCAACATGAGCCCTGAAGACAGCAGCATATATCTCTGCAGCGCGGGCGACAGGGCTGATTCACCCCTCCACTTTGGGAAT"	"CSAGDRADSPLHF"	"TCRBV29-1*3"	"TCRBD1-1*1"	"TCRBJ1-6*1"	-1	56	61	64	57	3	NA	NA	"ACTGTGAGCAACATGAGCCCTGAAGACAGCAGCATATATCTCTGCAGCGCGGGCGACAGGGCTGATTCACCCCTCCACTTTGGGAAT"	FALSE	TRUE	NA	NA	NA	NA
"NNNNNNNTGTCGGCTGCTCCCTCCCAAACATCTGTGTACTTCTGTGCCAGCGAGCAGGACAACTCCTACGAGCAGTACTTCGGGCCG"	"CASEQDNSYEQYF"	"NNNNNNNTGTCGGCTGCTCCCTCCCAAACATCTGTGTACTTCTGTGCCAGCGAGCAGGACAACTCCTACGAGCAGTACTTCGGGCCG"	"CASEQDNSYEQYF"	NA	"TCRBD1-1*1"	"TCRBJ2-7*1"	51	56	61	62	5	1	NA	NA	"NNNNNNNTGTCGGCTGCTCCCTCCCAAACATCTGTGTACTTCTGTGCCAGCGAGCAGGACAACTCCTACGAGCAGTACTTCGGGCCG"	FALSE	TRUE	NA	NA	NA	NA
"CGCACAGAGCAGGGGGACTCGGCCATGTATCTCTGTGCCAGCAGCTTAGAGCAGACCGTGAGCAATCAGCCCCAGCATTTTGGTGAT"	"CASSLEQTVSNQPQHF"	"CGCACAGAGCAGGGGGACTCGGCCATGTATCTCTGTGCCAGCAGCTTAGAGCAGACCGTGAGCAATCAGCCCCAGCATTTTGGTGAT"	"CASSLEQTVSNQPQHF"	"TCRBV7-9*1"	NA	"TCRBJ1-5*1"	49	53	56	60	4	4	NA	NA	"CGCACAGAGCAGGGGGACTCGGCCATGTATCTCTGTGCCAGCAGCTTAGAGCAGACCGTGAGCAATCAGCCCCAGCATTTTGGTGAT"	FALSE	TRUE	NA	NA	NA	NA
"CTGGAGTCTGCCAGGCCCTCACATACCTCTCAGTACCTCTGTGCCAGCAGGGACAGGGGGTATCAAGAGACCCAGTACTTCGGGCCA"	"CASRDRGYQETQYF"	"CTGGAGTCTGCCAGGCCCTCACATACCTCTCAGTACCTCTGTGCCAGCAGGGACAGGGGGTATCAAGAGACCCAGTACTTCGGGCCA"	"CASRDRGYQETQYF"	"TCRBV25-1*1"	"TCRBD1-1*1"	"TCRBJ2-5*1"	-1	50	60	63	51	3	NA	NA	"CTGGAGTCTGCCAGGCCCTCACATACCTCTCAGTACCTCTGTGCCAGCAGGGACAGGGGGTATCAAGAGACCCAGTACTTCGGGCCA"	FALSE	TRUE	NA	NA	NA	NA
"GAAGACTCAGCCCTGTATCTCTGCGCCAGCAGCCAATACCCGATGGACGGGTCGGGGACTAGCACAGATACGCAGTATTTTGGCCCA"	"CASSQYPMDGSGTSTDTQYF"	"GAAGACTCAGCCCTGTATCTCTGCGCCAGCAGCCAATACCCGATGGACGGGTCGGGGACTAGCACAGATACGCAGTATTTTGGCCCA"	"CASSQYPMDGSGTSTDTQYF"	"TCRBV4-1*1"	"TCRBD2-1"	"TCRBJ2-3*1"	36	54	-1	60	18	61	NA	NA	"GAAGACTCAGCCCTGTATCTCTGCGCCAGCAGCCAATACCCGATGGACGGGTCGGGGACTAGCACAGATACGCAGTATTTTGGCCCA"	FALSE	TRUE	NA	NA	NA	NA
"GTGAACGCCTTGTTGCTGGGGGACTCGGCCCTCTATCTCTGTGCCAGCAGCTTGAACAGGGCTAATTCACCCCTCCACTTTGGGAAT"	"CASSLNRANSPLHF"	"GTGAACGCCTTGTTGCTGGGGGACTCGGCCCTCTATCTCTGTGCCAGCAGCTTGAACAGGGCTAATTCACCCCTCCACTTTGGGAAT"	"CASSLNRANSPLHF"	"TCRBV5-6*1"	"TCRBD1-1*1"	"TCRBJ1-6*1"	54	55	61	62	1	1	NA	NA	"GTGAACGCCTTGTTGCTGGGGGACTCGGCCCTCTATCTCTGTGCCAGCAGCTTGAACAGGGCTAATTCACCCCTCCACTTTGGGAAT"	FALSE	TRUE	NA	NA	NA	NA
"TCCGCCAGCACCAACCAGACATCTATGTACCTCTGTGCCAGCAGTTTATTTGGGGTAACAAGCGATTCACCCCTCCACTTTGGGAAT"	"CASSLFGVTSDSPLHF"	"TCCGCCAGCACCAACCAGACATCTATGTACCTCTGTGCCAGCAGTTTATTTGGGGTAACAAGCGATTCACCCCTCCACTTTGGGAAT"	"CASSLFGVTSDSPLHF"	"TCRBV28-1*1"	NA	"TCRBJ1-6*1"	49	51	55	64	2	9	NA	NA	"TCCGCCAGCACCAACCAGACATCTATGTACCTCTGTGCCAGCAGTTTATTTGGGGTAACAAGCGATTCACCCCTCCACTTTGGGAAT"	FALSE	TRUE	NA	NA	NA	NA
"NNNNTGTCGGCTGCTCCCTCCCAGACATCTGTGTACTTCTGTGCCAGCAGTTACTCGTGGGGGGCAGATACGCAGTATTTTGGCCCA"	"CASSYSWGADTQYF"	"NNNNTGTCGGCTGCTCCCTCCCAGACATCTGTGTACTTCTGTGCCAGCAGTTACTCGTGGGGGGCAGATACGCAGTATTTTGGCCCA"	"CASSYSWGADTQYF"	"TCRBV6-5*1"	"TCRBD2-1*1"	"TCRBJ2-3*1"	56	58	-1	64	2	65	NA	NA	"NNNNTGTCGGCTGCTCCCTCCCAGACATCTGTGTACTTCTGTGCCAGCAGTTACTCGTGGGGGGCAGATACGCAGTATTTTGGCCCA"	FALSE	TRUE	NA	NA	NA	NA
"CTGAAGATCCGGTCCACAAAGCTGGAGGACTCAGCCATGTACTTCTGTGCCAGCAGCGGCTGGGTAGATACGCAGTATTTTGGCCCA"	"CASSGWVDTQYF"	"CTGAAGATCCGGTCCACAAAGCTGGAGGACTCAGCCATGTACTTCTGTGCCAGCAGCGGCTGGGTAGATACGCAGTATTTTGGCCCA"	"CASSGWVDTQYF"	"TCRBV2-1"	NA	"TCRBJ2-3*1"	56	61	64	65	5	1	NA	NA	"CTGAAGATCCGGTCCACAAAGCTGGAGGACTCAGCCATGTACTTCTGTGCCAGCAGCGGCTGGGTAGATACGCAGTATTTTGGCCCA"	FALSE	TRUE	NA	NA	NA	NA
"CTGAGGATCCAGCAGGTAGTGCGAGGAGATTCGGCAGCTTATTTCTGTGCCAGCTCACCCCGAGGGGAAAAACTGTTTTTTGGCAGT"	"CASSPRGEKLFF"	"CTGAGGATCCAGCAGGTAGTGCGAGGAGATTCGGCAGCTTATTTCTGTGCCAGCTCACCCCGAGGGGAAAAACTGTTTTTTGGCAGT"	"CASSPRGEKLFF"	"TCRBV18-1*1"	"TCRBD2-1*2"	"TCRBJ1-4*1"	59	61	-1	66	2	67	NA	NA	"CTGAGGATCCAGCAGGTAGTGCGAGGAGATTCGGCAGCTTATTTCTGTGCCAGCTCACCCCGAGGGGAAAAACTGTTTTTTGGCAGT"	FALSE	TRUE	NA	NA	NA	NA
"NTGAAGATCCAGCCCTCAGAACCCAGGGACTCAGCTGTGTACTTCTGTGCCAGCAGTTTATCTGCAACGGGGTGGTTCTTCGGGCCA"	"CASSLSATGWFF"	"NTGAAGATCCAGCCCTCAGAACCCAGGGACTCAGCTGTGTACTTCTGTGCCAGCAGTTTATCTGCAACGGGGTGGTTCTTCGGGCCA"	"CASSLSATGWFF"	"TCRBV12-3/12-4*1"	"TCRBD2-1*1"	"TCRBJ2-1*1"	60	67	72	74	7	2	NA	NA	"NTGAAGATCCAGCCCTCAGAACCCAGGGACTCAGCTGTGTACTTCTGTGCCAGCAGTTTATCTGCAACGGGGTGGTTCTTCGGGCCA"	FALSE	TRUE	NA	NA	NA	NA
"NNNNNNTGTCGGCTGCTCCCTCCCAAACATCTGTGTACTTCTGTGCCAGCAGTTACTTAGGGGGAAGAGACCCAGTACTTCGGGCCA"	""	"NNNNNNTGTCGGCTGCTCCCTCCCAAACATCTGTGTACTTCTGTGCCAGCAGTTACTTAGGGGGAAGAGACCCAGTACTTCGGGCCA"	""	"TCRBV6-2/6-3*1"	"TCRBD1-1*1"	"TCRBJ2-5*1"	57	58	-1	64	1	65	NA	NA	"NNNNNNTGTCGGCTGCTCCCTCCCAAACATCTGTGTACTTCTGTGCCAGCAGTTACTTAGGGGGAAGAGACCCAGTACTTCGGGCCA"	FALSE	FALSE	NA	NA	NA	NA
"GAGTTGGCTGCTCCCTCCCAGACATCTGTGTACTTCTGTGCCAGCAGTTCTTCGCGGGACAGCACAGATACGCAGTATTTTGGCCCA"	"CASSSSRDSTDTQYF"	"GAGTTGGCTGCTCCCTCCCAGACATCTGTGTACTTCTGTGCCAGCAGTTCTTCGCGGGACAGCACAGATACGCAGTATTTTGGCCCA"	"CASSSSRDSTDTQYF"	"TCRBV6-6*1"	"TCRBD2-1*2"	"TCRBJ2-3*1"	49	53	59	60	4	1	NA	NA	"GAGTTGGCTGCTCCCTCCCAGACATCTGTGTACTTCTGTGCCAGCAGTTCTTCGCGGGACAGCACAGATACGCAGTATTTTGGCCCA"	FALSE	TRUE	NA	NA	NA	NA
"AGCACCTTGGAGCGGGGGGACCCGGCCCTTTATCTTTCCGCCAGCAGCTGGGGGGACAGGGGGTCTAACGAGCAGTACTTCGGGCCG"	"SASSWGDRGSNEQYF"	"AGCACCTTGGAGCGGGGGGACCCGGCCCTTTATCTTTCCGCCAGCAGCTGGGGGGACAGGGGGTCTAACGAGCAGTACTTCGGGCCG"	"SASSWGDRGSNEQYF"	"TCRBV5-1*1"	"TCRBD1-1*1"	"TCRBJ2-7*1"	49	52	63	67	3	4	NA	NA	"AGCACCTTGGAGCGGGGGGACCCGGCCCTTTATCTTTCCGCCAGCAGCTGGGGGGACAGGGGGTCTAACGAGCAGTACTTCGGGCCG"	FALSE	TRUE	NA	NA	NA	NA
"GCAAAGCTTGAGGACTCGGCCGTGTATCTCTGTGCCAGCAGCCGCAATTTCCCCAGGCGCAGCTACAATGAGCAGTTCTTCGGGCCA"	"CASSRNFPRRSYNEQFF"	"GCAAAGCTTGAGGACTCGGCCGTGTATCTCTGTGCCAGCAGCCGCAATTTCCCCAGGCGCAGCTACAATGAGCAGTTCTTCGGGCCA"	"CASSRNFPRRSYNEQFF"	"TCRBV11-2"	"TCRBD1-1*1"	"TCRBJ2-1*1"	42	53	57	62	11	5	NA	NA	"GCAAAGCTTGAGGACTCGGCCGTGTATCTCTGTGCCAGCAGCCGCAATTTCCCCAGGCGCAGCTACAATGAGCAGTTCTTCGGGCCA"	FALSE	TRUE	NA	NA	NA	NA
"CAGCGCACAGAGCGGGGGGACTCAGCCGTGTATCTCTGTGCCAGCAGCCCTACTAGCGGGAGATACAATGAGCAGTTCTTCGGGCCA"	"CASSPTSGRYNEQFF"	"CAGCGCACAGAGCGGGGGGACTCAGCCGTGTATCTCTGTGCCAGCAGCCCTACTAGCGGGAGATACAATGAGCAGTTCTTCGGGCCA"	"CASSPTSGRYNEQFF"	"TCRBV7-3*1"	"TCRBD2-1*2"	"TCRBJ2-1*1"	48	51	62	63	3	1	NA	NA	"CAGCGCACAGAGCGGGGGGACTCAGCCGTGTATCTCTGTGCCAGCAGCCCTACTAGCGGGAGATACAATGAGCAGTTCTTCGGGCCA"	FALSE	TRUE	NA	NA	NA	NA
"CGCTCACCAGGCCTGGGGGACGCAGCCATGTACCTGTGTGCCACCAGCAGAGGACAGGGCCCCTCCTACGAGCAGTACTTCGGGCCG"	"CATSRGQGPSYEQYF"	"CGCTCACCAGGCCTGGGGGACGCAGCCATGTACCTGTGTGCCACCAGCAGAGGACAGGGCCCCTCCTACGAGCAGTACTTCGGGCCG"	"CATSRGQGPSYEQYF"	"TCRBV15-1*2"	"TCRBD1-1*1"	"TCRBJ2-7*1"	-1	52	59	62	53	3	NA	NA	"CGCTCACCAGGCCTGGGGGACGCAGCCATGTACCTGTGTGCCACCAGCAGAGGACAGGGCCCCTCCTACGAGCAGTACTTCGGGCCG"	FALSE	TRUE	NA	NA	NA	NA
"CCTGGAGCTTGGTGACTCTGCTGTGTATTTCTGTGCCAGCAGCTGGCCCCCGACAGGGGCGGTAACTATGGCTACACCTTCGGTTCG"	""	"CCTGGAGCTTGGTGACTCTGCTGTGTATTTCTGTGCCAGCAGCTGGCCCCCGACAGGGGCGGTAACTATGGCTACACCTTCGGTTCG"	""	"TCRBV3-1/3-2*1"	"TCRBD1-1*1"	"TCRBJ1-2*1"	43	51	59	62	8	3	NA	NA	"CCTGGAGCTTGGTGACTCTGCTGTGTATTTCTGTGCCAGCAGCTGGCCCCCGACAGGGGCGGTAACTATGGCTACACCTTCGGTTCG"	FALSE	FALSE	NA	NA	NA	NA
"CAGGTAGTGCGAGGAGATTCGGCAGCTTATTTCTGTGCCAGCTCACCAGGGGCGGGCTCAAGCACAGATACGCAGTATTTTGGCCCA"	"CASSPGAGSSTDTQYF"	"CAGGTAGTGCGAGGAGATTCGGCAGCTTATTTCTGTGCCAGCTCACCAGGGGCGGGCTCAAGCACAGATACGCAGTATTTTGGCCCA"	"CASSPGAGSSTDTQYF"	"TCRBV18-1*1"	NA	"TCRBJ2-3*1"	-1	48	53	60	49	7	NA	NA	"CAGGTAGTGCGAGGAGATTCGGCAGCTTATTTCTGTGCCAGCTCACCAGGGGCGGGCTCAAGCACAGATACGCAGTATTTTGGCCCA"	FALSE	TRUE	NA	NA	NA	NA
"CAGCCTGCAGAGCTTGAGGACTCGGCCGTGTATCTCTGTGCCAGCAGCAAGACGGGGGATAGCACAGATACGCAGTATTTTGGCCCA"	"CASSKTGDSTDTQYF"	"CAGCCTGCAGAGCTTGAGGACTCGGCCGTGTATCTCTGTGCCAGCAGCAAGACGGGGGATAGCACAGATACGCAGTATTTTGGCCCA"	"CASSKTGDSTDTQYF"	NA	"TCRBD2-1*1"	"TCRBJ2-3*1"	48	52	58	60	4	2	NA	NA	"CAGCCTGCAGAGCTTGAGGACTCGGCCGTGTATCTCTGTGCCAGCAGCAAGACGGGGGATAGCACAGATACGCAGTATTTTGGCCCA"	FALSE	TRUE	NA	NA	NA	NA
"ATCCAGCGCACAGAGCAGCGGGACTCGGCCATGTATCGCTGTGCCAGCAGCTTATCCGGGAGCCAAGAGACCCAGTACTTCGGGCCA"	"CASSLSGSQETQYF"	"ATCCAGCGCACAGAGCAGCGGGACTCGGCCATGTATCGCTGTGCCAGCAGCTTATCCGGGAGCCAAGAGACCCAGTACTTCGGGCCA"	"CASSLSGSQETQYF"	"TCRBV7-6*1"	"TCRBD2-1*2"	"TCRBJ2-5*1"	54	56	-1	62	2	63	NA	NA	"ATCCAGCGCACAGAGCAGCGGGACTCGGCCATGTATCGCTGTGCCAGCAGCTTATCCGGGAGCCAAGAGACCCAGTACTTCGGGCCA"	FALSE	TRUE	NA	NA	NA	NA
"AAGATCCAGCCCTCAGAACCCAGGGACTCAGCTGTGTACTTCTGTGCCAGCAGTTTACCAGGGTTCAATGAGCAGTTCTTCGGGCCA"	"CASSLPGFNEQFF"	"AAGATCCAGCCCTCAGAACCCAGGGACTCAGCTGTGTACTTCTGTGCCAGCAGTTTACCAGGGTTCAATGAGCAGTTCTTCGGGCCA"	"CASSLPGFNEQFF"	"TCRBV12-3/12-4*1"	"TCRBD1-1*1"	"TCRBJ2-1*1"	57	58	63	65	1	2	NA	NA	"AAGATCCAGCCCTCAGAACCCAGGGACTCAGCTGTGTACTTCTGTGCCAGCAGTTTACCAGGGTTCAATGAGCAGTTCTTCGGGCCA"	FALSE	TRUE	NA	NA	NA	NA
"GGCTGCTCCCTCCCAGACATCTGTGTACTTCTGTGCCAGCAGTTACTCGGGGACTAGATAGGCACAGATACGCAGTATTTTGGCCCA"	""	"GGCTGCTCCCTCCCAGACATCTGTGTACTTCTGTGCCAGCAGTTACTCGGGGACTAGATAGGCACAGATACGCAGTATTTTGGCCCA"	""	NA	"TCRBD2-1"	"TCRBJ2-3*1"	48	49	57	61	1	4	NA	NA	"GGCTGCTCCCTCCCAGACATCTGTGTACTTCTGTGCCAGCAGTTACTCGGGGACTAGATAGGCACAGATACGCAGTATTTTGGCCCA"	FALSE	FALSE	NA	NA	NA	NA
"CTGGAGTCGCCCAGCCCCAACCAGACCTCTCTGTACTTCTGTGCCAGCAGTTTACGTGGGGCCAATTCACCCCTCCACTTTGGGAAT"	"CASSLRGANSPLHF"	"CTGGAGTCGCCCAGCCCCAACCAGACCTCTCTGTACTTCTGTGCCAGCAGTTTACGTGGGGCCAATTCACCCCTCCACTTTGGGAAT"	"CASSLRGANSPLHF"	"TCRBV27-1*1"	"TCRBD1-1*1"	"TCRBJ1-6*1"	54	57	62	63	3	1	NA	NA	"CTGGAGTCGCCCAGCCCCAACCAGACCTCTCTGTACTTCTGTGCCAGCAGTTTACGTGGGGCCAATTCACCCCTCCACTTTGGGAAT"	FALSE	TRUE	NA	NA	NA	NA
"AAGATCCAGCGCACAGAGCAGGGGGACTCGGCCATGTATCTCTGTGCCAGCAGCCCTGGGGTTGCCGCTGAAGCTTTCTTTGGACAA"	"CASSPGVAAEAFF"	"AAGATCCAGCGCACAGAGCAGGGGGACTCGGCCATGTATCTCTGTGCCAGCAGCCCTGGGGTTGCCGCTGAAGCTTTCTTTGGACAA"	"CASSPGVAAEAFF"	"TCRBV7-9*1"	NA	"TCRBJ1-1*1"	54	57	61	67	3	6	NA	NA	"AAGATCCAGCGCACAGAGCAGGGGGACTCGGCCATGTATCTCTGTGCCAGCAGCCCTGGGGTTGCCGCTGAAGCTTTCTTTGGACAA"	FALSE	TRUE	NA	NA	NA	NA
"TCCGCTACCAGCTCCCAGACATCTGTGTACTTCTGTGCCATCAGCGCCAGGACAGTGAGCTCCTACAATGAGCAGTTCTTCGGGCCA"	"CAISARTVSSYNEQFF"	"TCCGCTACCAGCTCCCAGACATCTGTGTACTTCTGTGCCATCAGCGCCAGGACAGTGAGCTCCTACAATGAGCAGTTCTTCGGGCCA"	"CAISARTVSSYNEQFF"	"TCRBV1-3*1"	"TCRBD1-1*1"	"TCRBJ2-1*1"	44	49	55	59	5	4	NA	NA	"TCCGCTACCAGCTCCCAGACATCTGTGTACTTCTGTGCCATCAGCGCCAGGACAGTGAGCTCCTACAATGAGCAGTTCTTCGGGCCA"	FALSE	TRUE	NA	NA	NA	NA
"GAACTAAACCTGAGCTCTCTGGAGCTGGGGGACTCAGCTTTGTATTTCTGTGCCAGCAGCGGACAGGGAAAAGCTTTCTTTGGACAA"	"CASSGQGKAFF"	"GAACTAAACCTGAGCTCTCTGGAGCTGGGGGACTCAGCTTTGTATTTCTGTGCCAGCAGCGGACAGGGAAAAGCTTTCTTTGGACAA"	"CASSGQGKAFF"	"TCRBV9-1*1"	"TCRBD1-1*1"	"TCRBJ1-1*1"	-1	61	68	70	62	2	NA	NA	"GAACTAAACCTGAGCTCTCTGGAGCTGGGGGACTCAGCTTTGTATTTCTGTGCCAGCAGCGGACAGGGAAAAGCTTTCTTTGGACAA"	FALSE	TRUE	NA	NA	NA	NA
"ATCCAGCAGGTAGTGCGAGGAGATTCGGCAGCTTATTTCTGTGCCAGCTCACCAAACGACAGGTCAGATACGCAGTATTTTGGCCCA"	"CASSPNDRSDTQYF"	"ATCCAGCAGGTAGTGCGAGGAGATTCGGCAGCTTATTTCTGTGCCAGCTCACCAAACGACAGGTCAGATACGCAGTATTTTGGCCCA"	"CASSPNDRSDTQYF"	"TCRBV18-1*1"	"TCRBD1-1*1"	"TCRBJ2-3*1"	54	57	63	64	3	1	NA	NA	"ATCCAGCAGGTAGTGCGAGGAGATTCGGCAGCTTATTTCTGTGCCAGCTCACCAAACGACAGGTCAGATACGCAGTATTTTGGCCCA"	FALSE	TRUE	NA	NA	NA	NA
"CTGACTGTGAGCAACATGAGCCCTGAAGACAGCAGCATATATCTCTGCAGCGGGACGAGACAGGGGGAGACCCAGTACTTCGGGCCA"	"CSGTRQGETQYF"	"CTGACTGTGAGCAACATGAGCCCTGAAGACAGCAGCATATATCTCTGCAGCGGGACGAGACAGGGGGAGACCCAGTACTTCGGGCCA"	"CSGTRQGETQYF"	"TCRBV29-1"	"TCRBD1-1*1"	"TCRBJ2-5*1"	52	58	-1	66	6	67	NA	NA	"CTGACTGTGAGCAACATGAGCCCTGAAGACAGCAGCATATATCTCTGCAGCGGGACGAGACAGGGGGAGACCCAGTACTTCGGGCCA"	FALSE	TRUE	NA	NA	NA	NA
"CTGCTGTACCCTCTCAGACATCTGTGTACGCTCGGGACTGAAATTATAACGAGGCTAAAAAGCAATCAGCCCCAGCATTTTGGTGAT"	""	"CTGCTGTACCCTCTCAGACATCTGTGTACGCTCGGGACTGAAATTATAACGAGGCTAAAAAGCAATCAGCCCCAGCATTTTGGTGAT"	""	"TCRBV6-4*1"	"TCRBD2-1"	"TCRBJ1-5*1"	29	33	39	60	4	21	NA	NA	"CTGCTGTACCCTCTCAGACATCTGTGTACGCTCGGGACTGAAATTATAACGAGGCTAAAAAGCAATCAGCCCCAGCATTTTGGTGAT"	FALSE	FALSE	NA	NA	NA	NA
"ACAGAGCAGGAGGACTCGGCCGTGTATCTCTGTGCCAGCAGCGCCGACTAGCGGGAGTGCTCCTACAATGAGCAGTTCTTCGGGCCA"	"CASSAD*RECSYNEQFF"	"ACAGAGCAGGAGGACTCGGCCGTGTATCTCTGTGCCAGCAGCGCCGACTAGCGGGAGTGCTCCTACAATGAGCAGTTCTTCGGGCCA"	"CASSAD*RECSYNEQFF"	"TCRBV7-2"	"TCRBD2-1*2"	"TCRBJ2-1*1"	42	45	57	59	3	2	NA	NA	"ACAGAGCAGGAGGACTCGGCCGTGTATCTCTGTGCCAGCAGCGCCGACTAGCGGGAGTGCTCCTACAATGAGCAGTTCTTCGGGCCA"	FALSE	TRUE	NA	NA	NA	NA
"AGCACCTTGGAGCTGGGGGACTCGGCCCTTTATCTTTGCGCCAGCAGCTTAGGACAGGGGGCAATCACTGAAGCTTTCTTTGGACAA"	"CASSLGQGAITEAFF"	"AGCACCTTGGAGCTGGGGGACTCGGCCCTTTATCTTTGCGCCAGCAGCTTAGGACAGGGGGCAATCACTGAAGCTTTCTTTGGACAA"	"CASSLGQGAITEAFF"	"TCRBV5-1*1"	"TCRBD1-1*1"	"TCRBJ1-1*1"	50	51	62	65	1	3	NA	NA	"AGCACCTTGGAGCTGGGGGACTCGGCCCTTTATCTTTGCGCCAGCAGCTTAGGACAGGGGGCAATCACTGAAGCTTTCTTTGGACAA"	FALSE	TRUE	NA	NA	NA	NA
"CAGCGGGACTCGGCCATGTATCGCTGTGCCAGCAGCTTGGGCCCTATACAGGGGCCCCGGGAGGACTACGAGCAGTACTTCGGGCCG"	"CASSLGPIQGPREDYEQYF"	"CAGCGGGACTCGGCCATGTATCGCTGTGCCAGCAGCTTGGGCCCTATACAGGGGCCCCGGGAGGACTACGAGCAGTACTTCGGGCCG"	"CASSLGPIQGPREDYEQYF"	"TCRBV7-6*1"	NA	"TCRBJ2-7*1"	38	47	54	65	9	11	NA	NA	"CAGCGGGACTCGGCCATGTATCGCTGTGCCAGCAGCTTGGGCCCTATACAGGGGCCCCGGGAGGACTACGAGCAGTACTTCGGGCCG"	FALSE	TRUE	NA	NA	NA	NA
"ATCAATTCCCTGGAGCTTGGTGACTCTGCTGTGTATTTCTGTGCCAGCAGCCTTTCGGCCCCAAATCAGCCCCAGCATTTTGGTGAT"	"CASSLSAPNQPQHF"	"ATCAATTCCCTGGAGCTTGGTGACTCTGCTGTGTATTTCTGTGCCAGCAGCCTTTCGGCCCCAAATCAGCCCCAGCATTTTGGTGAT"	"CASSLSAPNQPQHF"	"TCRBV3-1/3-2*1"	NA	"TCRBJ1-5*1"	52	56	59	63	4	4	NA	NA	"ATCAATTCCCTGGAGCTTGGTGACTCTGCTGTGTATTTCTGTGCCAGCAGCCTTTCGGCCCCAAATCAGCCCCAGCATTTTGGTGAT"	FALSE	TRUE	NA	NA	NA	NA
"GTGAGTGCCTTGGAGCTGGGGGACTCGGCCCTGTATCTCTGTGCCAGGCGGACAGGGGCGATCACAGATACGCAGTATTTTGGCCCA"	"CARRTGAITDTQYF"	"GTGAGTGCCTTGGAGCTGGGGGACTCGGCCCTGTATCTCTGTGCCAGGCGGACAGGGGCGATCACAGATACGCAGTATTTTGGCCCA"	"CARRTGAITDTQYF"	"TCRBV5-3"	"TCRBD1-1*1"	"TCRBJ2-3*1"	47	49	58	62	2	4	NA	NA	"GTGAGTGCCTTGGAGCTGGGGGACTCGGCCCTGTATCTCTGTGCCAGGCGGACAGGGGCGATCACAGATACGCAGTATTTTGGCCCA"	FALSE	TRUE	NA	NA	NA	NA
"ATTCAGCGCACAGAGCAGCGGGACTCGGCCATGTATCGCTGTGCCAGCAGCTTAGATCAGGGGTTCACTGAAGCTTTCTTTGGACAA"	"CASSLDQGFTEAFF"	"ATTCAGCGCACAGAGCAGCGGGACTCGGCCATGTATCGCTGTGCCAGCAGCTTAGATCAGGGGTTCACTGAAGCTTTCTTTGGACAA"	"CASSLDQGFTEAFF"	NA	"TCRBD1-1*1"	"TCRBJ1-1*1"	55	57	63	65	2	2	NA	NA	"ATTCAGCGCACAGAGCAGCGGGACTCGGCCATGTATCGCTGTGCCAGCAGCTTAGATCAGGGGTTCACTGAAGCTTTCTTTGGACAA"	FALSE	TRUE	NA	NA	NA	NA
"GAAGATCCAGCGCACAGAGCGGGGGGACTCAGCCGTGTATCTCTGTGCCAGCAGCCCCCGGAGGACTACGAGCAGTACTTCGGGCCG"	""	"GAAGATCCAGCGCACAGAGCGGGGGGACTCAGCCGTGTATCTCTGTGCCAGCAGCCCCCGGAGGACTACGAGCAGTACTTCGGGCCG"	""	"TCRBV7-3*1"	"TCRBD2-1*2"	"TCRBJ2-7*1"	55	59	64	65	4	1	NA	NA	"GAAGATCCAGCGCACAGAGCGGGGGGACTCAGCCGTGTATCTCTGTGCCAGCAGCCCCCGGAGGACTACGAGCAGTACTTCGGGCCG"	FALSE	FALSE	NA	NA	NA	NA
"NNNNTGTCGGCTGCTCCCTCCCAGACATCTGTGTACTTCTGTGCCAGCAATCACAGGGGGTCCTACAATGAGCAGTTCTTCGGGCCA"	"CASNHRGSYNEQFF"	"NNNNTGTCGGCTGCTCCCTCCCAGACATCTGTGTACTTCTGTGCCAGCAATCACAGGGGGTCCTACAATGAGCAGTTCTTCGGGCCA"	"CASNHRGSYNEQFF"	"TCRBV6-5*1"	"TCRBD1-1*1"	"TCRBJ2-1*1"	49	52	-1	60	3	61	NA	NA	"NNNNTGTCGGCTGCTCCCTCCCAGACATCTGTGTACTTCTGTGCCAGCAATCACAGGGGGTCCTACAATGAGCAGTTCTTCGGGCCA"	FALSE	TRUE	NA	NA	NA	NA
"ACTCTGGAGTCCGCTACCAGCTCCCAGACATCTGTGTACTTCTGTGCCACCACAGGGGCTGGGGCCAACGTCCTGACTTTCGGGGCC"	"CATTGAGANVLTF"	"ACTCTGGAGTCCGCTACCAGCTCCCAGACATCTGTGTACTTCTGTGCCACCACAGGGGCTGGGGCCAACGTCCTGACTTTCGGGGCC"	"CATTGAGANVLTF"	"TCRBV1-3*1"	"TCRBD1-1*1"	"TCRBJ2-6*1"	49	51	-1	58	2	59	NA	NA	"ACTCTGGAGTCCGCTACCAGCTCCCAGACATCTGTGTACTTCTGTGCCACCACAGGGGCTGGGGCCAACGTCCTGACTTTCGGGGCC"	FALSE	TRUE	NA	NA	NA	NA
"GAGCTGAATGTGAACGCCTTGTTGCTGGGGGACTCGGCCCTCTATCCCTGTGCCAGCAGCTTGACAGATACGCAGTATTTTGGCCCA"	"CASSLTDTQYF"	"GAGCTGAATGTGAACGCCTTGTTGCTGGGGGACTCGGCCCTCTATCCCTGTGCCAGCAGCTTGACAGATACGCAGTATTTTGGCCCA"	"CASSLTDTQYF"	"TCRBV5-6*1"	NA	"TCRBJ2-3*1"	-1	-1	-1	63	0	64	NA	NA	"GAGCTGAATGTGAACGCCTTGTTGCTGGGGGACTCGGCCCTCTATCCCTGTGCCAGCAGCTTGACAGATACGCAGTATTTTGGCCCA"	FALSE	TRUE	NA	NA	NA	NA
"AGTCCGCCAGCACCAACCAGACATCTATGTACCTCTGTGCCAGCAGTTTATGGGTAGGGGGCAAATGAAAAACTGTTTTTTGGCAGT"	""	"AGTCCGCCAGCACCAACCAGACATCTATGTACCTCTGTGCCAGCAGTTTATGGGTAGGGGGCAAATGAAAAACTGTTTTTTGGCAGT"	""	"TCRBV28-1*1"	"TCRBD1-1*1"	"TCRBJ1-4*1"	52	55	62	63	3	1	NA	NA	"AGTCCGCCAGCACCAACCAGACATCTATGTACCTCTGTGCCAGCAGTTTATGGGTAGGGGGCAAATGAAAAACTGTTTTTTGGCAGT"	FALSE	FALSE	NA	NA	NA	NA
"NNTGTCGGCTGCTCCCTCCCAGACATCTGTGTACTTCTGTGCCCATACGGGACGGAAACCTCTGGAAACACCATATATTTTGGAGAG"	""	"NNTGTCGGCTGCTCCCTCCCAGACATCTGTGTACTTCTGTGCCCATACGGGACGGAAACCTCTGGAAACACCATATATTTTGGAGAG"	""	"TCRBV6-5*1"	NA	"TCRBJ1-3*1"	43	48	53	59	5	6	NA	NA	"NNTGTCGGCTGCTCCCTCCCAGACATCTGTGTACTTCTGTGCCCATACGGGACGGAAACCTCTGGAAACACCATATATTTTGGAGAG"	FALSE	FALSE	NA	NA	NA	NA
"CAGGTAGTGCGAGGAGATTCGGCAGCTTATTTCTGTGCCAGCTCACTGAATAGGGGAGGGCCTCCCAATGAGCAGTTCTTCGGGCCA"	"CASSLNRGGPPNEQFF"	"CAGGTAGTGCGAGGAGATTCGGCAGCTTATTTCTGTGCCAGCTCACTGAATAGGGGAGGGCCTCCCAATGAGCAGTTCTTCGGGCCA"	"CASSLNRGGPPNEQFF"	"TCRBV18-1*1"	"TCRBD2-1*2"	"TCRBJ2-1*1"	46	53	60	65	7	5	NA	NA	"CAGGTAGTGCGAGGAGATTCGGCAGCTTATTTCTGTGCCAGCTCACTGAATAGGGGAGGGCCTCCCAATGAGCAGTTCTTCGGGCCA"	FALSE	TRUE	NA	NA	NA	NA
"CTGAGCTCTCTGGAGCTGGGGGACTCAGCTTTGTATTTCTGTGCCAGCAGCGTAGACAGCGGGAGACAGACCCAGTACTTCGGGCCA"	"CASSVDSGRQTQYF"	"CTGAGCTCTCTGGAGCTGGGGGACTCAGCTTTGTATTTCTGTGCCAGCAGCGTAGACAGCGGGAGACAGACCCAGTACTTCGGGCCA"	"CASSVDSGRQTQYF"	"TCRBV9-1*1"	"TCRBD2-1*2"	"TCRBJ2-5*1"	55	57	65	67	2	2	NA	NA	"CTGAGCTCTCTGGAGCTGGGGGACTCAGCTTTGTATTTCTGTGCCAGCAGCGTAGACAGCGGGAGACAGACCCAGTACTTCGGGCCA"	FALSE	TRUE	NA	NA	NA	NA
"CAGCCAGAAGACTCAGCCCTGTATCTCTGCGCCAGCAGCCAAGGGCCTACCCCCCTTACTAGCACCGGGGAGCTGTTTTTTGGAGAA"	"CASSQGPTPLTSTGELFF"	"CAGCCAGAAGACTCAGCCCTGTATCTCTGCGCCAGCAGCCAAGGGCCTACCCCCCTTACTAGCACCGGGGAGCTGTTTTTTGGAGAA"	"CASSQGPTPLTSTGELFF"	"TCRBV4-1*1"	"TCRBD2-1"	"TCRBJ2-2*1"	43	57	-1	62	14	63	NA	NA	"CAGCCAGAAGACTCAGCCCTGTATCTCTGCGCCAGCAGCCAAGGGCCTACCCCCCTTACTAGCACCGGGGAGCTGTTTTTTGGAGAA"	FALSE	TRUE	NA	NA	NA	NA
"NCTCTCACTGTGACATCGGCCCAAAAGAACCCGACAGCTTTCTATCTCTGTGCCACTCATAGCGGGATCGAGCAGTACTTCGGGCCG"	"CATHSGIEQYF"	"NCTCTCACTGTGACATCGGCCCAAAAGAACCCGACAGCTTTCTATCTCTGTGCCACTCATAGCGGGATCGAGCAGTACTTCGGGCCG"	"CATHSGIEQYF"	"TCRBV19-1*1"	"TCRBD2-1*2"	"TCRBJ2-7*1"	55	59	67	68	4	1	NA	NA	"NCTCTCACTGTGACATCGGCCCAAAAGAACCCGACAGCTTTCTATCTCTGTGCCACTCATAGCGGGATCGAGCAGTACTTCGGGCCG"	FALSE	TRUE	NA	NA	NA	NA
"TCGGCTGCTCCCTCCCAGACATCTGTGTACTTCTGTGCCAGCATCCCAATTAGCGGGAGAGGCTCAGATACGCAGTATTTTGGCCCA"	"CASIPISGRGSDTQYF"	"TCGGCTGCTCCCTCCCAGACATCTGTGTACTTCTGTGCCAGCATCCCAATTAGCGGGAGAGGCTCAGATACGCAGTATTTTGGCCCA"	"CASIPISGRGSDTQYF"	NA	"TCRBD2-1*2"	"TCRBJ2-3*1"	43	50	59	64	7	5	NA	NA	"TCGGCTGCTCCCTCCCAGACATCTGTGTACTTCTGTGCCAGCATCCCAATTAGCGGGAGAGGCTCAGATACGCAGTATTTTGGCCCA"	FALSE	TRUE	NA	NA	NA	NA
"TGACCAGTGCCCATCCTGAAGACAGCAGCTTCTACATCTGCAGTGCTAGAGGGTTAGCTTGCGATGAATGAGCAGTTCTTCGGGCCA"	""	"TGACCAGTGCCCATCCTGAAGACAGCAGCTTCTACATCTGCAGTGCTAGAGGGTTAGCTTGCGATGAATGAGCAGTTCTTCGGGCCA"	""	NA	"TCRBD2-1"	"TCRBJ2-1*1"	51	54	58	66	3	8	NA	NA	"TGACCAGTGCCCATCCTGAAGACAGCAGCTTCTACATCTGCAGTGCTAGAGGGTTAGCTTGCGATGAATGAGCAGTTCTTCGGGCCA"	FALSE	FALSE	NA	NA	NA	NA
"AAGATCCAGCCTGCAGAGCTTGGGGACTCGGCCGTGTATCTCTGTGCCAGCAGCTTATCTTCCTACGAAGAGCAGTACTTCGGGCCG"	"CASSLSSYEEQYF"	"AAGATCCAGCCTGCAGAGCTTGGGGACTCGGCCGTGTATCTCTGTGCCAGCAGCTTATCTTCCTACGAAGAGCAGTACTTCGGGCCG"	"CASSLSSYEEQYF"	"TCRBV11-3*1"	"TCRBD2-1"	"TCRBJ2-7*1"	57	62	65	69	5	4	NA	NA	"AAGATCCAGCCTGCAGAGCTTGGGGACTCGGCCGTGTATCTCTGTGCCAGCAGCTTATCTTCCTACGAAGAGCAGTACTTCGGGCCG"	FALSE	TRUE	NA	NA	NA	NA
"CCCAACCAGACCTCTCTGTACTTCTGTGCCAGCAGACCCTACGGCTCACTGATAATCTCAACTAATGAAAAACTGTTTTTTGGCAGT"	"CASRPYGSLIISTNEKLFF"	"CCCAACCAGACCTCTCTGTACTTCTGTGCCAGCAGACCCTACGGCTCACTGATAATCTCAACTAATGAAAAACTGTTTTTTGGCAGT"	"CASRPYGSLIISTNEKLFF"	"TCRBV27-1*1"	NA	"TCRBJ1-4*1"	35	42	45	58	7	13	NA	NA	"CCCAACCAGACCTCTCTGTACTTCTGTGCCAGCAGACCCTACGGCTCACTGATAATCTCAACTAATGAAAAACTGTTTTTTGGCAGT"	FALSE	TRUE	NA	NA	NA	NA
"AATTCCCTGGAGCTTGGTGACTCTGCTGTGTATTTCTGTGCCAGCAGCCAGGGGACAGGGGCAAATCAGCCCCAGCATTTTGGTGAT"	"CASSQGTGANQPQHF"	"AATTCCCTGGAGCTTGGTGACTCTGCTGTGTATTTCTGTGCCAGCAGCCAGGGGACAGGGGCAAATCAGCCCCAGCATTTTGGTGAT"	"CASSQGTGANQPQHF"	"TCRBV3-1/3-2*1"	"TCRBD1-1*1"	"TCRBJ1-5*1"	50	51	61	63	1	2	NA	NA	"AATTCCCTGGAGCTTGGTGACTCTGCTGTGTATTTCTGTGCCAGCAGCCAGGGGACAGGGGCAAATCAGCCCCAGCATTTTGGTGAT"	FALSE	TRUE	NA	NA	NA	NA
"ATCCAGCCCTCAGAACCCAGGGACTCAGCTGTGTACTTCTGTGCCAGCAGTTTGTCAGGGATTGGAAACACCATATATTTTGGAGAG"	"CASSLSGIGNTIYF"	"ATCCAGCCCTCAGAACCCAGGGACTCAGCTGTGTACTTCTGTGCCAGCAGTTTGTCAGGGATTGGAAACACCATATATTTTGGAGAG"	"CASSLSGIGNTIYF"	NA	"TCRBD1-1*1"	"TCRBJ1-3*1"	53	55	60	62	2	2	NA	NA	"ATCCAGCCCTCAGAACCCAGGGACTCAGCTGTGTACTTCTGTGCCAGCAGTTTGTCAGGGATTGGAAACACCATATATTTTGGAGAG"	FALSE	TRUE	NA	NA	NA	NA
"GCCGTTTTTTGTGGCTCAGGCTGGAGTCAGCTGCTCCCTCTCAGACTTCTGTTCGCTATGGGGTTGTATACGCAGTATTTTGGCCCA"	""	"GCCGTTTTTTGTGGCTCAGGCTGGAGTCAGCTGCTCCCTCTCAGACTTCTGTTCGCTATGGGGTTGTATACGCAGTATTTTGGCCCA"	""	"TCRBV6-7*1"	NA	"TCRBJ2-3*1"	53	59	63	67	6	4	NA	NA	"GCCGTTTTTTGTGGCTCAGGCTGGAGTCAGCTGCTCCCTCTCAGACTTCTGTTCGCTATGGGGTTGTATACGCAGTATTTTGGCCCA"	FALSE	FALSE	NA	NA	NA	NA
"CGCACAGAGCAGGGGGACTCGGCCATGTATCTCTGTGCCAGCAGCCGACTAGCGGGAGGGCCCGCCAATGAGCAGTTCTTCGGGCCA"	"CASSRLAGGPANEQFF"	"CGCACAGAGCAGGGGGACTCGGCCATGTATCTCTGTGCCAGCAGCCGACTAGCGGGAGGGCCCGCCAATGAGCAGTTCTTCGGGCCA"	"CASSRLAGGPANEQFF"	"TCRBV7-9*1"	"TCRBD2-1*2"	"TCRBJ2-1*1"	45	46	60	65	1	5	NA	NA	"CGCACAGAGCAGGGGGACTCGGCCATGTATCTCTGTGCCAGCAGCCGACTAGCGGGAGGGCCCGCCAATGAGCAGTTCTTCGGGCCA"	FALSE	TRUE	NA	NA	NA	NA
"CAGCGCACAGAGCAGGGGGACTCGGCCATGTATCTCTGTGCCAGCAGCGACGGGAAGTGGGGAAATCAGCCCCAGCATTTTGGTGAT"	"CASSDGKWGNQPQHF"	"CAGCGCACAGAGCAGGGGGACTCGGCCATGTATCTCTGTGCCAGCAGCGACGGGAAGTGGGGAAATCAGCCCCAGCATTTTGGTGAT"	"CASSDGKWGNQPQHF"	"TCRBV7-9*1"	"TCRBD2-1*2"	"TCRBJ1-5*1"	48	50	55	63	2	8	NA	NA	"CAGCGCACAGAGCAGGGGGACTCGGCCATGTATCTCTGTGCCAGCAGCGACGGGAAGTGGGGAAATCAGCCCCAGCATTTTGGTGAT"	FALSE	TRUE	NA	NA	NA	NA
"GAATGTGAGCACCTTGGAGCTGGGGGACTCGGCCCTTTATCTTTGCGCCAGCTCTTCGGGGGGACCTATGGCTACACCTTCGGTTCG"	""	"GAATGTGAGCACCTTGGAGCTGGGGGACTCGGCCCTTTATCTTTGCGCCAGCTCTTCGGGGGGACCTATGGCTACACCTTCGGTTCG"	""	"TCRBV5-1*1"	"TCRBD2-1*1"	"TCRBJ1-2*1"	52	56	63	65	4	2	NA	NA	"GAATGTGAGCACCTTGGAGCTGGGGGACTCGGCCCTTTATCTTTGCGCCAGCTCTTCGGGGGGACCTATGGCTACACCTTCGGTTCG"	FALSE	FALSE	NA	NA	NA	NA
"GCTGCTCCCTCCCAAACATCTGTGTACTTCTGTGCCAGCAGTTACTCGTTACGCGGGAGGGCCGTGGAGACCCAGTACTTCGGGCCA"	"CASSYSLRGRAVETQYF"	"GCTGCTCCCTCCCAAACATCTGTGTACTTCTGTGCCAGCAGTTACTCGTTACGCGGGAGGGCCGTGGAGACCCAGTACTTCGGGCCA"	"CASSYSLRGRAVETQYF"	"TCRBV6-2/6-3*1"	"TCRBD2-1*2"	"TCRBJ2-5*1"	47	52	61	66	5	5	NA	NA	"GCTGCTCCCTCCCAAACATCTGTGTACTTCTGTGCCAGCAGTTACTCGTTACGCGGGAGGGCCGTGGAGACCCAGTACTTCGGGCCA"	FALSE	TRUE	NA	NA	NA	NA
"AAGATCCAGCCCTCAGAACCCAGGGACTCAGCTGTGTATTTTTGTGCTAGTGGGGGACAGGAAACAGATACGCAGTATTTTGGCCCA"	"CASGGQETDTQYF"	"AAGATCCAGCCCTCAGAACCCAGGGACTCAGCTGTGTATTTTTGTGCTAGTGGGGGACAGGAAACAGATACGCAGTATTTTGGCCCA"	"CASGGQETDTQYF"	"TCRBV12-5*1"	"TCRBD1-1*1"	"TCRBJ2-3*1"	-1	53	61	63	54	2	NA	NA	"AAGATCCAGCCCTCAGAACCCAGGGACTCAGCTGTGTATTTTTGTGCTAGTGGGGGACAGGAAACAGATACGCAGTATTTTGGCCCA"	FALSE	TRUE	NA	NA	NA	NA
"GTCTGCCATCCCCAACCAGACAGCTCTTTACTTCTGTGCCACCAGTGATTTAGACAGGGAACCCCCTATGGCTACACCTTCGGTTCG"	""	"GTCTGCCATCCCCAACCAGACAGCTCTTTACTTCTGTGCCACCAGTGATTTAGACAGGGAACCCCCTATGGCTACACCTTCGGTTCG"	""	"TCRBV24-1*1"	"TCRBD1-1*1"	"TCRBJ1-2*1"	51	52	59	65	1	6	NA	NA	"GTCTGCCATCCCCAACCAGACAGCTCTTTACTTCTGTGCCACCAGTGATTTAGACAGGGAACCCCCTATGGCTACACCTTCGGTTCG"	FALSE	FALSE	NA	NA	NA	NA
"AGCACCAACCAGACATCTATGTACCTCTGTGCCAGCAGTCACTGGACTAGCGGGAGTACGTCCTACAATGAGCAGTTCTTCGGGCCA"	"CASSHWTSGSTSYNEQFF"	"AGCACCAACCAGACATCTATGTACCTCTGTGCCAGCAGTCACTGGACTAGCGGGAGTACGTCCTACAATGAGCAGTTCTTCGGGCCA"	"CASSHWTSGSTSYNEQFF"	"TCRBV28-1*1"	"TCRBD2-1*2"	"TCRBJ2-1*1"	39	43	56	60	4	4	NA	NA	"AGCACCAACCAGACATCTATGTACCTCTGTGCCAGCAGTCACTGGACTAGCGGGAGTACGTCCTACAATGAGCAGTTCTTCGGGCCA"	FALSE	TRUE	NA	NA	NA	NA
"TGAAGATCCAGCCCTCAGAACCCAGGGACTCAGCTGTGTATTTTTGTGCTAGTGGTTAGAGGGGAGGATGGCTACACCTTCGGTTCG"	""	"TGAAGATCCAGCCCTCAGAACCCAGGGACTCAGCTGTGTATTTTTGTGCTAGTGGTTAGAGGGGAGGATGGCTACACCTTCGGTTCG"	""	"TCRBV12-5*1"	"TCRBD2-1*2"	"TCRBJ1-2*1"	57	61	-1	67	4	68	NA	NA	"TGAAGATCCAGCCCTCAGAACCCAGGGACTCAGCTGTGTATTTTTGTGCTAGTGGTTAGAGGGGAGGATGGCTACACCTTCGGTTCG"	FALSE	FALSE	NA	NA	NA	NA
"CGCACAGAGCAGGGGGACTCGGCCATGTATCTCTGTGCCAGCAGCTTAGTCCAGGGGCGAGGGCAAGAGACCCAGTACTTCGGGCCA"	"CASSLVQGRGQETQYF"	"CGCACAGAGCAGGGGGACTCGGCCATGTATCTCTGTGCCAGCAGCTTAGTCCAGGGGCGAGGGCAAGAGACCCAGTACTTCGGGCCA"	"CASSLVQGRGQETQYF"	"TCRBV7-9*1"	"TCRBD1-1*1"	"TCRBJ2-5*1"	49	51	57	63	2	6	NA	NA	"CGCACAGAGCAGGGGGACTCGGCCATGTATCTCTGTGCCAGCAGCTTAGTCCAGGGGCGAGGGCAAGAGACCCAGTACTTCGGGCCA"	FALSE	TRUE	NA	NA	NA	NA
"TCGGCTGCTCCCTCCCAAACATCTGTGTACTTCTGTGCCAGCAGTTACGCCTTGGCGGGAGGGAAGAATGAGCAGTTCTTCGGGCCA"	"CASSYALAGGKNEQFF"	"TCGGCTGCTCCCTCCCAAACATCTGTGTACTTCTGTGCCAGCAGTTACGCCTTGGCGGGAGGGAAGAATGAGCAGTTCTTCGGGCCA"	"CASSYALAGGKNEQFF"	"TCRBV6-2/6-3*1"	"TCRBD2-1*2"	"TCRBJ2-1*1"	48	54	63	66	6	3	NA	NA	"TCGGCTGCTCCCTCCCAAACATCTGTGTACTTCTGTGCCAGCAGTTACGCCTTGGCGGGAGGGAAGAATGAGCAGTTCTTCGGGCCA"	FALSE	TRUE	NA	NA	NA	NA
"AGTTCTAAGAAGCTCCTTCTCAGTGACTCTGGCTTCTATCTCTGTGCCTGGAGTGGGCTAGCCTACAATGAGCAGTTCTTCGGGCCA"	"CAWSGLAYNEQFF"	"AGTTCTAAGAAGCTCCTTCTCAGTGACTCTGGCTTCTATCTCTGTGCCTGGAGTGGGCTAGCCTACAATGAGCAGTTCTTCGGGCCA"	"CAWSGLAYNEQFF"	"TCRBV3-1*1"	"TCRBD2-1"	"TCRBJ2-1*1"	55	57	-1	61	2	62	NA	NA	"AGTTCTAAGAAGCTCCTTCTCAGTGACTCTGGCTTCTATCTCTGTGCCTGGAGTGGGCTAGCCTACAATGAGCAGTTCTTCGGGCCA"	FALSE	TRUE	NA	NA	NA	NA
"GTGAACGCCTTGGAGCTGGACGACTCGGCCCTGTATCTCTGTGCCAGCAGCTTGGGTGGGATTAATGAAAAACTGTTTTTTGGCAGT"	"CASSLGGINEKLFF"	"GTGAACGCCTTGGAGCTGGACGACTCGGCCCTGTATCTCTGTGCCAGCAGCTTGGGTGGGATTAATGAAAAACTGTTTTTTGGCAGT"	"CASSLGGINEKLFF"	"TCRBV5-4*1"	NA	"TCRBJ1-4*1"	55	57	61	62	2	1	NA	NA	"GTGAACGCCTTGGAGCTGGACGACTCGGCCCTGTATCTCTGTGCCAGCAGCTTGGGTGGGATTAATGAAAAACTGTTTTTTGGCAGT"	FALSE	TRUE	NA	NA	NA	NA
"ACTCTGGAGTCCGCTACCCGCTCCCAGACATCTGTGTATTTCTGCGCGACCACAGGGGGCGACCAAGAGACCCAGTACTTCGGGCCA"	"CATTGGDQETQYF"	"ACTCTGGAGTCCGCTACCCGCTCCCAGACATCTGTGTATTTCTGCGCGACCACAGGGGGCGACCAAGAGACCCAGTACTTCGGGCCA"	"CATTGGDQETQYF"	"TCRBV1-2*1"	"TCRBD1-1*1"	"TCRBJ2-5*1"	47	51	60	61	4	1	NA	NA	"ACTCTGGAGTCCGCTACCCGCTCCCAGACATCTGTGTATTTCTGCGCGACCACAGGGGGCGACCAAGAGACCCAGTACTTCGGGCCA"	FALSE	TRUE	NA	NA	NA	NA
"CTGGAGTTGGCTGCTCCCTCCCAGACATCTGTGTACTTCTGTGCCAGCAAAACAGATCCGATTTCACCCGAGCAGTACTTCGGGCCG"	"CASKTDPISPEQYF"	"CTGGAGTTGGCTGCTCCCTCCCAGACATCTGTGTACTTCTGTGCCAGCAAAACAGATCCGATTTCACCCGAGCAGTACTTCGGGCCG"	"CASKTDPISPEQYF"	"TCRBV6-6"	"TCRBD1-1*1"	"TCRBJ2-7*1"	49	51	55	68	2	13	NA	NA	"CTGGAGTTGGCTGCTCCCTCCCAGACATCTGTGTACTTCTGTGCCAGCAAAACAGATCCGATTTCACCCGAGCAGTACTTCGGGCCG"	FALSE	TRUE	NA	NA	NA	NA
"CACACCCTGCAGCCAGAAGACTCGGCCCTGTATCTCTGTGCCAGCAGCCCCGATGCTAGCGGGATTTACGAGCAGTACTTCGGGCCG"	"CASSPDASGIYEQYF"	"CACACCCTGCAGCCAGAAGACTCGGCCCTGTATCTCTGTGCCAGCAGCCCCGATGCTAGCGGGATTTACGAGCAGTACTTCGGGCCG"	"CASSPDASGIYEQYF"	"TCRBV4-2*1"	"TCRBD2-1*2"	"TCRBJ2-7*1"	49	55	64	66	6	2	NA	NA	"CACACCCTGCAGCCAGAAGACTCGGCCCTGTATCTCTGTGCCAGCAGCCCCGATGCTAGCGGGATTTACGAGCAGTACTTCGGGCCG"	FALSE	TRUE	NA	NA	NA	NA
"TCCCTCCCAGACATCTGTGTACTTCTGTGCCAGCAGTTCCTAGGACAGGGGGCCCGGAGATGCAATCAGCCCCAGCATTTTGGTGAT"	""	"TCCCTCCCAGACATCTGTGTACTTCTGTGCCAGCAGTTCCTAGGACAGGGGGCCCGGAGATGCAATCAGCCCCAGCATTTTGGTGAT"	""	NA	"TCRBD1-1*1"	"TCRBJ1-5*1"	38	42	53	61	4	8	NA	NA	"TCCCTCCCAGACATCTGTGTACTTCTGTGCCAGCAGTTCCTAGGACAGGGGGCCCGGAGATGCAATCAGCCCCAGCATTTTGGTGAT"	FALSE	FALSE	NA	NA	NA	NA
"ACGCCTTGGAGCTGGACGACTCGGCCCTGTATCTCTGTGCCAGCAGCCAGGGGACGGACTTTCAATCAGCCCCAGCATTTTGGTGAT"	""	"ACGCCTTGGAGCTGGACGACTCGGCCCTGTATCTCTGTGCCAGCAGCCAGGGGACGGACTTTCAATCAGCCCCAGCATTTTGGTGAT"	""	"TCRBV5-4*1"	"TCRBD1-1*1"	"TCRBJ1-5*1"	-1	47	53	62	48	9	NA	NA	"ACGCCTTGGAGCTGGACGACTCGGCCCTGTATCTCTGTGCCAGCAGCCAGGGGACGGACTTTCAATCAGCCCCAGCATTTTGGTGAT"	FALSE	FALSE	NA	NA	NA	NA
"GTGAGCAACATGAGCCCTGAAGACAGCAGCATATATCTCTGCAGCGTAGAAGCCCGGGACAGGGACCGCGGCTACACCTTCGGTTCG"	"CSVEARDRDRGYTF"	"GTGAGCAACATGAGCCCTGAAGACAGCAGCATATATCTCTGCAGCGTAGAAGCCCGGGACAGGGACCGCGGCTACACCTTCGGTTCG"	"CSVEARDRDRGYTF"	"TCRBV29-1"	"TCRBD1-1*1"	"TCRBJ1-2*1"	52	55	64	69	3	5	NA	NA	"GTGAGCAACATGAGCCCTGAAGACAGCAGCATATATCTCTGCAGCGTAGAAGCCCGGGACAGGGACCGCGGCTACACCTTCGGTTCG"	FALSE	TRUE	NA	NA	NA	NA
"AGCACCTTGGAGCTGGGGGACTCGGCCCTTTATCTTTGCGCCAGCAGCCTAGAACTAGCGGTTTACAATGAGCAGTTCTTCGGGCCA"	"CASSLELAVYNEQFF"	"AGCACCTTGGAGCTGGGGGACTCGGCCCTTTATCTTTGCGCCAGCAGCCTAGAACTAGCGGTTTACAATGAGCAGTTCTTCGGGCCA"	"CASSLELAVYNEQFF"	"TCRBV5-1*1"	"TCRBD2-1"	"TCRBJ2-1*1"	48	53	61	63	5	2	NA	NA	"AGCACCTTGGAGCTGGGGGACTCGGCCCTTTATCTTTGCGCCAGCAGCCTAGAACTAGCGGTTTACAATGAGCAGTTCTTCGGGCCA"	FALSE	TRUE	NA	NA	NA	NA
"GTGAGCACCTTGGAGCTGGGGGACTCGGCCCTTTATCTTTGCGCCAGCAGCCTGTCGGGACAGCGTTACGAGCAGTACTTCGGGCCG"	"CASSLSGQRYEQYF"	"GTGAGCACCTTGGAGCTGGGGGACTCGGCCCTTTATCTTTGCGCCAGCAGCCTGTCGGGACAGCGTTACGAGCAGTACTTCGGGCCG"	"CASSLSGQRYEQYF"	"TCRBV5-1*1"	"TCRBD1-1*1"	"TCRBJ2-7*1"	51	56	63	66	5	3	NA	NA	"GTGAGCACCTTGGAGCTGGGGGACTCGGCCCTTTATCTTTGCGCCAGCAGCCTGTCGGGACAGCGTTACGAGCAGTACTTCGGGCCG"	FALSE	TRUE	NA	NA	NA	NA
"CAGCGCACAGAGCAGGGGGACTCGGCCATGTATCTCTGTGCCAGCAGCTTAGTCGGGAGGTACACCGGGGAGCTGTTTTTTGGAGAA"	"CASSLVGRYTGELFF"	"CAGCGCACAGAGCAGGGGGACTCGGCCATGTATCTCTGTGCCAGCAGCTTAGTCGGGAGGTACACCGGGGAGCTGTTTTTTGGAGAA"	"CASSLVGRYTGELFF"	"TCRBV7-9*1"	"TCRBD2-1*2"	"TCRBJ2-2*1"	52	53	60	61	1	1	NA	NA	"CAGCGCACAGAGCAGGGGGACTCGGCCATGTATCTCTGTGCCAGCAGCTTAGTCGGGAGGTACACCGGGGAGCTGTTTTTTGGAGAA"	FALSE	TRUE	NA	NA	NA	NA
"GAGCTGAATGTGAACGCCTTGTTGCTGGGGGACTCGGCCCTCTATCTCTGTGCCAGCAGCTTAGCAGAAGAGCAGTACTTCGGGCCG"	"CASSLAEEQYF"	"GAGCTGAATGTGAACGCCTTGTTGCTGGGGGACTCGGCCCTCTATCTCTGTGCCAGCAGCTTAGCAGAAGAGCAGTACTTCGGGCCG"	"CASSLAEEQYF"	"TCRBV5-6*1"	NA	"TCRBJ2-7*1"	62	64	67	69	2	2	NA	NA	"GAGCTGAATGTGAACGCCTTGTTGCTGGGGGACTCGGCCCTCTATCTCTGTGCCAGCAGCTTAGCAGAAGAGCAGTACTTCGGGCCG"	FALSE	TRUE	NA	NA	NA	NA
"ATCCGGTCCACAAAGCTGGAGGACTCAGCCATGTACTTCTGTGCCAGCAGTGTGCGGGAGGTCACAGATACGCAGTATTTTGGCCCA"	"CASSVREVTDTQYF"	"ATCCGGTCCACAAAGCTGGAGGACTCAGCCATGTACTTCTGTGCCAGCAGTGTGCGGGAGGTCACAGATACGCAGTATTTTGGCCCA"	"CASSVREVTDTQYF"	"TCRBV2-1"	"TCRBD2-1*2"	"TCRBJ2-3*1"	52	53	61	62	1	1	NA	NA	"ATCCGGTCCACAAAGCTGGAGGACTCAGCCATGTACTTCTGTGCCAGCAGTGTGCGGGAGGTCACAGATACGCAGTATTTTGGCCCA"	FALSE	TRUE	NA	NA	NA	NA
"GCGTCTGCTGTACCCTCTCAGACATCTGTGTACTTCTGTGCCAGCAGTGTGGGACAGAGTAGCACAGATACGCAGTATTTTGGCCCA"	"CASSVGQSSTDTQYF"	"GCGTCTGCTGTACCCTCTCAGACATCTGTGTACTTCTGTGCCAGCAGTGTGGGACAGAGTAGCACAGATACGCAGTATTTTGGCCCA"	"CASSVGQSSTDTQYF"	"TCRBV6-4*1"	"TCRBD1-1*1"	"TCRBJ2-3*1"	49	50	57	60	1	3	NA	NA	"GCGTCTGCTGTACCCTCTCAGACATCTGTGTACTTCTGTGCCAGCAGTGTGGGACAGAGTAGCACAGATACGCAGTATTTTGGCCCA"	FALSE	TRUE	NA	NA	NA	NA
"NTGTCGGCTGCTCCCTCCCAAACATCTGTGTACTTCTGTGCCAGCATCAAGAGGGCTAGCGGGAGAGGTGAGCAGTTCTTCGGGCCA"	"CASIKRASGRGEQFF"	"NTGTCGGCTGCTCCCTCCCAAACATCTGTGTACTTCTGTGCCAGCATCAAGAGGGCTAGCGGGAGAGGTGAGCAGTTCTTCGGGCCA"	"CASIKRASGRGEQFF"	NA	"TCRBD2-1*2"	"TCRBJ2-1*1"	46	55	65	68	9	3	NA	NA	"NTGTCGGCTGCTCCCTCCCAAACATCTGTGTACTTCTGTGCCAGCATCAAGAGGGCTAGCGGGAGAGGTGAGCAGTTCTTCGGGCCA"	FALSE	TRUE	NA	NA	NA	NA
"CTGCAGCCAGAAGACTCAGCCCTGTATCTCTGCGCCAGCAGCCAAGATTCCGGGACTAGTTTCTCAGATACGCAGTATTTTGGCCCA"	"CASSQDSGTSFSDTQYF"	"CTGCAGCCAGAAGACTCAGCCCTGTATCTCTGCGCCAGCAGCCAAGATTCCGGGACTAGTTTCTCAGATACGCAGTATTTTGGCCCA"	"CASSQDSGTSFSDTQYF"	"TCRBV4-1*1"	"TCRBD2-1"	"TCRBJ2-3*1"	47	51	59	64	4	5	NA	NA	"CTGCAGCCAGAAGACTCAGCCCTGTATCTCTGCGCCAGCAGCCAAGATTCCGGGACTAGTTTCTCAGATACGCAGTATTTTGGCCCA"	FALSE	TRUE	NA	NA	NA	NA
"TGACATCGGCCCAAAAGAACCCGACAGCTTTCTATCTCTGTGCCAGTACGGGGGACAGGGGGCGTGTATGGCTACACCTTCGGTTCG"	""	"TGACATCGGCCCAAAAGAACCCGACAGCTTTCTATCTCTGTGCCAGTACGGGGGACAGGGGGCGTGTATGGCTACACCTTCGGTTCG"	""	"TCRBV19-1*1"	"TCRBD1-1*1"	"TCRBJ1-2*1"	48	51	63	66	3	3	NA	NA	"TGACATCGGCCCAAAAGAACCCGACAGCTTTCTATCTCTGTGCCAGTACGGGGGACAGGGGGCGTGTATGGCTACACCTTCGGTTCG"	FALSE	FALSE	NA	NA	NA	NA
"AGCACCAACCAGACATCTATGTACCTCTGTGCCAGCAGTTCGACCGGGACTAGCGGGAGGGCCGAAGCTACGCAGTATTTTGGCCCA"	"CASSSTGTSGRAEATQYF"	"AGCACCAACCAGACATCTATGTACCTCTGTGCCAGCAGTTCGACCGGGACTAGCGGGAGGGCCGAAGCTACGCAGTATTTTGGCCCA"	"CASSSTGTSGRAEATQYF"	"TCRBV28-1*1"	"TCRBD2-1*2"	"TCRBJ2-3*1"	40	45	61	68	5	7	NA	NA	"AGCACCAACCAGACATCTATGTACCTCTGTGCCAGCAGTTCGACCGGGACTAGCGGGAGGGCCGAAGCTACGCAGTATTTTGGCCCA"	FALSE	TRUE	NA	NA	NA	NA
"AAGAAGCTCCTTCTCAGTGACTCTGGCTTCTATCTCTGTGCCTGGAGTGTACCGGACAGGGGAAGTTCACCCCTCCACTTTGGGAAT"	"CAWSVPDRGSSPLHF"	"AAGAAGCTCCTTCTCAGTGACTCTGGCTTCTATCTCTGTGCCTGGAGTGTACCGGACAGGGGAAGTTCACCCCTCCACTTTGGGAAT"	"CAWSVPDRGSSPLHF"	"TCRBV3-1*1"	"TCRBD1-1*1"	"TCRBJ1-6*1"	50	53	62	65	3	3	NA	NA	"AAGAAGCTCCTTCTCAGTGACTCTGGCTTCTATCTCTGTGCCTGGAGTGTACCGGACAGGGGAAGTTCACCCCTCCACTTTGGGAAT"	FALSE	TRUE	NA	NA	NA	NA
"CCCAAAAGAACCCGACAGCTTTCTATCTCTGTGCCAGTAAAAGTAACAAGAGAGGCCTCCTATAATTCACCCCTCCACTTTGGGAAT"	""	"CCCAAAAGAACCCGACAGCTTTCTATCTCTGTGCCAGTAAAAGTAACAAGAGAGGCCTCCTATAATTCACCCCTCCACTTTGGGAAT"	""	"TCRBV19-1*1"	"TCRBD2-1*2"	"TCRBJ1-6*1"	39	51	55	56	12	1	NA	NA	"CCCAAAAGAACCCGACAGCTTTCTATCTCTGTGCCAGTAAAAGTAACAAGAGAGGCCTCCTATAATTCACCCCTCCACTTTGGGAAT"	FALSE	FALSE	NA	NA	NA	NA
"GCTACCCGCTCCCAGACATCTGTGTATTTCTGCGCCAGCAGTGACCACCGACTAGCGGGAGGATCCGGGGAGCTGTTTTTTGGAGAA"	"CASSDHRLAGGSGELFF"	"GCTACCCGCTCCCAGACATCTGTGTATTTCTGCGCCAGCAGTGACCACCGACTAGCGGGAGGATCCGGGGAGCTGTTTTTTGGAGAA"	"CASSDHRLAGGSGELFF"	"TCRBV1-2*1"	"TCRBD2-1*2"	"TCRBJ2-2*1"	44	49	62	64	5	2	NA	NA	"GCTACCCGCTCCCAGACATCTGTGTATTTCTGCGCCAGCAGTGACCACCGACTAGCGGGAGGATCCGGGGAGCTGTTTTTTGGAGAA"	FALSE	TRUE	NA	NA	NA	NA
"GTGCAGCCTGCAGAACTGGAGGATTCTGGAGTTTATTTCTGTGCCAGCAGCCTCAACAGGGGCCAAGAGACCCAGTACTTCGGGCCA"	"CASSLNRGQETQYF"	"GTGCAGCCTGCAGAACTGGAGGATTCTGGAGTTTATTTCTGTGCCAGCAGCCTCAACAGGGGCCAAGAGACCCAGTACTTCGGGCCA"	"CASSLNRGQETQYF"	"TCRBV14-1*1"	"TCRBD1-1*1"	"TCRBJ2-5*1"	52	55	-1	62	3	63	NA	NA	"GTGCAGCCTGCAGAACTGGAGGATTCTGGAGTTTATTTCTGTGCCAGCAGCCTCAACAGGGGCCAAGAGACCCAGTACTTCGGGCCA"	FALSE	TRUE	NA	NA	NA	NA
"CTGATTCTGGAGTCCGCCAGCACCAACCAGACATCTATGTACCTCTGTGCCAGCAGTCCTCCCATTTCAGAGCAGTACTTCGGGCCG"	"CASSPPISEQYF"	"CTGATTCTGGAGTCCGCCAGCACCAACCAGACATCTATGTACCTCTGTGCCAGCAGTCCTCCCATTTCAGAGCAGTACTTCGGGCCG"	"CASSPPISEQYF"	"TCRBV28-1*1"	NA	"TCRBJ2-7*1"	57	62	64	69	5	5	NA	NA	"CTGATTCTGGAGTCCGCCAGCACCAACCAGACATCTATGTACCTCTGTGCCAGCAGTCCTCCCATTTCAGAGCAGTACTTCGGGCCG"	FALSE	TRUE	NA	NA	NA	NA
"GTGAGCAACATGAGCCCTGAAGACAGCAGCATATATCTCTGCAGCGCATCCTCGGGACAGGGTTACGAAAAACTGTTTTTTGGCAGT"	"CSASSGQGYEKLFF"	"GTGAGCAACATGAGCCCTGAAGACAGCAGCATATATCTCTGCAGCGCATCCTCGGGACAGGGTTACGAAAAACTGTTTTTTGGCAGT"	"CSASSGQGYEKLFF"	"TCRBV29-1*3"	"TCRBD1-1*1"	"TCRBJ1-4*1"	47	53	62	66	6	4	NA	NA	"GTGAGCAACATGAGCCCTGAAGACAGCAGCATATATCTCTGCAGCGCATCCTCGGGACAGGGTTACGAAAAACTGTTTTTTGGCAGT"	FALSE	TRUE	NA	NA	NA	NA
"NNNNTGTCGGCTGCTCCCTCCCAGACATCTGTGTACTTCTGTGCCAGCAGTTACGGGGATTTGGACACTGAAGCTTTCTTTGGACAA"	"CASSYGDLDTEAFF"	"NNNNTGTCGGCTGCTCCCTCCCAGACATCTGTGTACTTCTGTGCCAGCAGTTACGGGGATTTGGACACTGAAGCTTTCTTTGGACAA"	"CASSYGDLDTEAFF"	"TCRBV6-5*1"	NA	"TCRBJ1-1*1"	54	55	59	64	1	5	NA	NA	"NNNNTGTCGGCTGCTCCCTCCCAGACATCTGTGTACTTCTGTGCCAGCAGTTACGGGGATTTGGACACTGAAGCTTTCTTTGGACAA"	FALSE	TRUE	NA	NA	NA	NA
"AGCAACATGAGCCCTGAAGACAGCAGCATATATCTCTGCAGCGCCGCGGGCGGAGGGCAACTTTTTGAAAAACTGTTTTTTGGCAGT"	"CSAAGGGQLFEKLFF"	"AGCAACATGAGCCCTGAAGACAGCAGCATATATCTCTGCAGCGCCGCGGGCGGAGGGCAACTTTTTGAAAAACTGTTTTTTGGCAGT"	"CSAAGGGQLFEKLFF"	"TCRBV29-1*3"	"TCRBD2-1*2"	"TCRBJ1-4*1"	44	51	57	65	7	8	NA	NA	"AGCAACATGAGCCCTGAAGACAGCAGCATATATCTCTGCAGCGCCGCGGGCGGAGGGCAACTTTTTGAAAAACTGTTTTTTGGCAGT"	FALSE	TRUE	NA	NA	NA	NA
"ATCAATTCCCTGGAGCTTGGTGACTCTGCTGTGTATTTCTGTGCCAGCAGCCAAGGGGGGCTAACCTACGAGCAGTACTTCGGGCCG"	"CASSQGGLTYEQYF"	"ATCAATTCCCTGGAGCTTGGTGACTCTGCTGTGTATTTCTGTGCCAGCAGCCAAGGGGGGCTAACCTACGAGCAGTACTTCGGGCCG"	"CASSQGGLTYEQYF"	"TCRBV3-1/3-2*1"	"TCRBD1-1*1"	"TCRBJ2-7*1"	-1	55	61	64	56	3	NA	NA	"ATCAATTCCCTGGAGCTTGGTGACTCTGCTGTGTATTTCTGTGCCAGCAGCCAAGGGGGGCTAACCTACGAGCAGTACTTCGGGCCG"	FALSE	TRUE	NA	NA	NA	NA
"CCGCTCAGGCTGGAGTTGGCTGCTCCCTCCCAGACATCTGTGTACTTCTGTGCCAGCAGCCCCTTAGGGGGCTACACCTTCGGTTCG"	"CASSPLGGYTF"	"CCGCTCAGGCTGGAGTTGGCTGCTCCCTCCCAGACATCTGTGTACTTCTGTGCCAGCAGCCCCTTAGGGGGCTACACCTTCGGTTCG"	"CASSPLGGYTF"	"TCRBV6-6"	NA	"TCRBJ1-2*1"	59	65	-1	69	6	70	NA	NA	"CCGCTCAGGCTGGAGTTGGCTGCTCCCTCCCAGACATCTGTGTACTTCTGTGCCAGCAGCCCCTTAGGGGGCTACACCTTCGGTTCG"	FALSE	TRUE	NA	NA	NA	NA
"ACTGTGACATCGGCCCAAAAGAACCCGACAGCTTTCTATCTCTGTGCCAGTAGTGTTTCGTTGAACACTGAAGCTTTCTTTGGACAA"	"CASSVSLNTEAFF"	"ACTGTGACATCGGCCCAAAAGAACCCGACAGCTTTCTATCTCTGTGCCAGTAGTGTTTCGTTGAACACTGAAGCTTTCTTTGGACAA"	"CASSVSLNTEAFF"	"TCRBV19-1*1"	"TCRBD2-1"	"TCRBJ1-1*1"	54	58	60	61	4	1	NA	NA	"ACTGTGACATCGGCCCAAAAGAACCCGACAGCTTTCTATCTCTGTGCCAGTAGTGTTTCGTTGAACACTGAAGCTTTCTTTGGACAA"	FALSE	TRUE	NA	NA	NA	NA
"TCTCTGGAGCTGGGGGACTCAGCTTTGTATTTCTGTGCCAGCAGCTTAATGGACAGGGGGACCACAGATACGCAGTATTTTGGCCCA"	"CASSLMDRGTTDTQYF"	"TCTCTGGAGCTGGGGGACTCAGCTTTGTATTTCTGTGCCAGCAGCTTAATGGACAGGGGGACCACAGATACGCAGTATTTTGGCCCA"	"CASSLMDRGTTDTQYF"	"TCRBV9-1*1"	"TCRBD1-1*1"	"TCRBJ2-3*1"	45	50	60	62	5	2	NA	NA	"TCTCTGGAGCTGGGGGACTCAGCTTTGTATTTCTGTGCCAGCAGCTTAATGGACAGGGGGACCACAGATACGCAGTATTTTGGCCCA"	FALSE	TRUE	NA	NA	NA	NA
"CCAGGGACTCAGCTGTGTATTTTTGTGCTAGTGGTTTGGTACTGGAGAGGGAGTACTCCGGCCTACAATGAGCAGTTCTTCGGGCCA"	""	"CCAGGGACTCAGCTGTGTATTTTTGTGCTAGTGGTTTGGTACTGGAGAGGGAGTACTCCGGCCTACAATGAGCAGTTCTTCGGGCCA"	""	"TCRBV12-5*1"	"TCRBD2-1*2"	"TCRBJ2-1*1"	40	48	53	61	8	8	NA	NA	"CCAGGGACTCAGCTGTGTATTTTTGTGCTAGTGGTTTGGTACTGGAGAGGGAGTACTCCGGCCTACAATGAGCAGTTCTTCGGGCCA"	FALSE	FALSE	NA	NA	NA	NA
"GTGAACGCCTTGGAGCTGGACGACTCGGCCCTGTATCTCTGTGCCAGCAGCTTCCGCGGGAACTACAATGAGCAGTTCTTCGGGCCA"	"CASSFRGNYNEQFF"	"GTGAACGCCTTGGAGCTGGACGACTCGGCCCTGTATCTCTGTGCCAGCAGCTTCCGCGGGAACTACAATGAGCAGTTCTTCGGGCCA"	"CASSFRGNYNEQFF"	"TCRBV5-4*1"	"TCRBD2-1*2"	"TCRBJ2-1*1"	53	55	61	62	2	1	NA	NA	"GTGAACGCCTTGGAGCTGGACGACTCGGCCCTGTATCTCTGTGCCAGCAGCTTCCGCGGGAACTACAATGAGCAGTTCTTCGGGCCA"	FALSE	TRUE	NA	NA	NA	NA
"AATGTGAACGCCTTGTTGCTGGGGGACTCGGCCCTCTATCTCTGTGCCAGCAGCTTGGGCGGCCAAGAGACCCAGTACTTCGGGCCA"	"CASSLGGQETQYF"	"AATGTGAACGCCTTGTTGCTGGGGGACTCGGCCCTCTATCTCTGTGCCAGCAGCTTGGGCGGCCAAGAGACCCAGTACTTCGGGCCA"	"CASSLGGQETQYF"	"TCRBV5-6*1"	"TCRBD2-1"	"TCRBJ2-5*1"	-1	58	-1	62	59	63	NA	NA	"AATGTGAACGCCTTGTTGCTGGGGGACTCGGCCCTCTATCTCTGTGCCAGCAGCTTGGGCGGCCAAGAGACCCAGTACTTCGGGCCA"	FALSE	TRUE	NA	NA	NA	NA
"NTGTCGGCTGCTCCCTCCCAGACATCTGTGTACTTCTGTGCCAGCAGTGAAGGACTAGCGGGAGGGGATGAGCAGTTCTTCGGGCCA"	"CASSEGLAGGDEQFF"	"NTGTCGGCTGCTCCCTCCCAGACATCTGTGTACTTCTGTGCCAGCAGTGAAGGACTAGCGGGAGGGGATGAGCAGTTCTTCGGGCCA"	"CASSEGLAGGDEQFF"	"TCRBV6-1*1"	"TCRBD2-1*2"	"TCRBJ2-1*1"	-1	52	66	67	53	1	NA	NA	"NTGTCGGCTGCTCCCTCCCAGACATCTGTGTACTTCTGTGCCAGCAGTGAAGGACTAGCGGGAGGGGATGAGCAGTTCTTCGGGCCA"	FALSE	TRUE	NA	NA	NA	NA
"GCTGCTCCCTCCCAGACATCTGTGTACTTCTGTGCCAGCAGTGAGAACGTCTTAATCTCTGGGGCCAACGTCCTGACTTTCGGGGCC"	"CASSENVLISGANVLTF"	"GCTGCTCCCTCCCAGACATCTGTGTACTTCTGTGCCAGCAGTGAGAACGTCTTAATCTCTGGGGCCAACGTCCTGACTTTCGGGGCC"	"CASSENVLISGANVLTF"	"TCRBV6-1*1"	NA	"TCRBJ2-6*1"	-1	44	46	56	45	10	NA	NA	"GCTGCTCCCTCCCAGACATCTGTGTACTTCTGTGCCAGCAGTGAGAACGTCTTAATCTCTGGGGCCAACGTCCTGACTTTCGGGGCC"	FALSE	TRUE	NA	NA	NA	NA
"GAGTCGCCCAGCCCCAACCAGACCTCTCTGTACTTCTGTGCCAGCACCTCCTCAGGTGCAGGGCGGTTGGTAGTTTTCTTTGGACAA"	"CASTSSGAGRLVVFF"	"GAGTCGCCCAGCCCCAACCAGACCTCTCTGTACTTCTGTGCCAGCACCTCCTCAGGTGCAGGGCGGTTGGTAGTTTTCTTTGGACAA"	"CASTSSGAGRLVVFF"	"TCRBV27-1*1"	"TCRBD1-1*1"	"TCRBJ1-1*1"	46	58	63	74	12	11	NA	NA	"GAGTCGCCCAGCCCCAACCAGACCTCTCTGTACTTCTGTGCCAGCACCTCCTCAGGTGCAGGGCGGTTGGTAGTTTTCTTTGGACAA"	FALSE	TRUE	NA	NA	NA	NA
"GAGTCGCCCAGCCCCAACCAGACCTCTCTGTACTTCTGTGCCAGCGGTTATTATATTAGCGGGAACTACGAGCAGTACTTCGGGCCG"	"CASGYYISGNYEQYF"	"GAGTCGCCCAGCCCCAACCAGACCTCTCTGTACTTCTGTGCCAGCGGTTATTATATTAGCGGGAACTACGAGCAGTACTTCGGGCCG"	"CASGYYISGNYEQYF"	"TCRBV27-1*1"	"TCRBD2-1*2"	"TCRBJ2-7*1"	49	56	64	65	7	1	NA	NA	"GAGTCGCCCAGCCCCAACCAGACCTCTCTGTACTTCTGTGCCAGCGGTTATTATATTAGCGGGAACTACGAGCAGTACTTCGGGCCG"	FALSE	TRUE	NA	NA	NA	NA
"AGTTCTAAGAAGCTCCTTCTCAGTGACTCTGGCTTCTATCTCTGTGCCTCCCAGGCTAGCGGGAGTGGAGAGCAGTACTTCGGGCCG"	"CASQASGSGEQYF"	"AGTTCTAAGAAGCTCCTTCTCAGTGACTCTGGCTTCTATCTCTGTGCCTCCCAGGCTAGCGGGAGTGGAGAGCAGTACTTCGGGCCG"	"CASQASGSGEQYF"	"TCRBV3-1"	"TCRBD2-1*2"	"TCRBJ2-7*1"	49	55	65	69	6	4	NA	NA	"AGTTCTAAGAAGCTCCTTCTCAGTGACTCTGGCTTCTATCTCTGTGCCTCCCAGGCTAGCGGGAGTGGAGAGCAGTACTTCGGGCCG"	FALSE	TRUE	NA	NA	NA	NA
"ATCCAGCCTGCAAAGCTTGAGGACTCGGCCGTGTATCTCTGTGCCAGCAGCTTAGGGGGGGCCTCCTACGAGCAGTACTTCGGGCCG"	"CASSLGGASYEQYF"	"ATCCAGCCTGCAAAGCTTGAGGACTCGGCCGTGTATCTCTGTGCCAGCAGCTTAGGGGGGGCCTCCTACGAGCAGTACTTCGGGCCG"	"CASSLGGASYEQYF"	"TCRBV11-2*1"	NA	"TCRBJ2-7*1"	55	56	-1	62	1	63	NA	NA	"ATCCAGCCTGCAAAGCTTGAGGACTCGGCCGTGTATCTCTGTGCCAGCAGCTTAGGGGGGGCCTCCTACGAGCAGTACTTCGGGCCG"	FALSE	TRUE	NA	NA	NA	NA
"CATCGGCCCAAAAGAACCCGACAGCTTTCTATCTCTGTGCCAGTTCAAGCCGCCGACAAACGGAATCAGCCCCAGCATTTTGGTGAT"	""	"CATCGGCCCAAAAGAACCCGACAGCTTTCTATCTCTGTGCCAGTTCAAGCCGCCGACAAACGGAATCAGCCCCAGCATTTTGGTGAT"	""	"TCRBV19-1*1"	"TCRBD1-1*1"	"TCRBJ1-5*1"	44	54	58	63	10	5	NA	NA	"CATCGGCCCAAAAGAACCCGACAGCTTTCTATCTCTGTGCCAGTTCAAGCCGCCGACAAACGGAATCAGCCCCAGCATTTTGGTGAT"	FALSE	FALSE	NA	NA	NA	NA
"CTGGAGTCCGCCAGCACCAACCAGACATCTATGTACCTCTGTGCCAGCAGTTCCGGCCCGGACTTCTACGAGCAGTACTTCGGGCCG"	"CASSSGPDFYEQYF"	"CTGGAGTCCGCCAGCACCAACCAGACATCTATGTACCTCTGTGCCAGCAGTTCCGGCCCGGACTTCTACGAGCAGTACTTCGGGCCG"	"CASSSGPDFYEQYF"	"TCRBV28-1*1"	"TCRBD2-1"	"TCRBJ2-7*1"	52	59	64	65	7	1	NA	NA	"CTGGAGTCCGCCAGCACCAACCAGACATCTATGTACCTCTGTGCCAGCAGTTCCGGCCCGGACTTCTACGAGCAGTACTTCGGGCCG"	FALSE	TRUE	NA	NA	NA	NA
"ATTCTGGAGTCCGCCAGCACCAACCAGACATCTATGTACCTCTGTGCCAGTATCTTAGCGGGAGCATCCGAGCAGTACTTCGGGCCG"	"CASILAGASEQYF"	"ATTCTGGAGTCCGCCAGCACCAACCAGACATCTATGTACCTCTGTGCCAGTATCTTAGCGGGAGCATCCGAGCAGTACTTCGGGCCG"	"CASILAGASEQYF"	"TCRBV28-1*1"	"TCRBD2-1*2"	"TCRBJ2-7*1"	50	55	64	68	5	4	NA	NA	"ATTCTGGAGTCCGCCAGCACCAACCAGACATCTATGTACCTCTGTGCCAGTATCTTAGCGGGAGCATCCGAGCAGTACTTCGGGCCG"	FALSE	TRUE	NA	NA	NA	NA
"AACGCCTTGTTGCTGGGGGACTCGGCCCTGTATCTCTGTGCCAGCAGCTTGGACCCTAGGAACACAGATACGCAGTATTTTGGCCCA"	"CASSLDPRNTDTQYF"	"AACGCCTTGTTGCTGGGGGACTCGGCCCTGTATCTCTGTGCCAGCAGCTTGGACCCTAGGAACACAGATACGCAGTATTTTGGCCCA"	"CASSLDPRNTDTQYF"	"TCRBV5-5*1"	"TCRBD2-1"	"TCRBJ2-3*1"	52	55	59	62	3	3	NA	NA	"AACGCCTTGTTGCTGGGGGACTCGGCCCTGTATCTCTGTGCCAGCAGCTTGGACCCTAGGAACACAGATACGCAGTATTTTGGCCCA"	FALSE	TRUE	NA	NA	NA	NA
"CTCAGAACCCAGGGACTCAGCTGTGTACTTCTGTGCCAGCAGTTTAGCGAGAGTAAGACAGGAAGGACTGAAGCTTTCTTTGGACAA"	""	"CTCAGAACCCAGGGACTCAGCTGTGTACTTCTGTGCCAGCAGTTTAGCGAGAGTAAGACAGGAAGGACTGAAGCTTTCTTTGGACAA"	""	NA	"TCRBD1-1*1"	"TCRBJ1-1*1"	48	56	62	66	8	4	NA	NA	"CTCAGAACCCAGGGACTCAGCTGTGTACTTCTGTGCCAGCAGTTTAGCGAGAGTAAGACAGGAAGGACTGAAGCTTTCTTTGGACAA"	FALSE	FALSE	NA	NA	NA	NA
"ATCCGGTCCACAAAGCTGGAGGACTCAGCCATGTACTTCTGTGCCAGCAGTGAAGTTAGGAGCACAGATACGCAGTATTTTGGCCCA"	"CASSEVRSTDTQYF"	"ATCCGGTCCACAAAGCTGGAGGACTCAGCCATGTACTTCTGTGCCAGCAGTGAAGTTAGGAGCACAGATACGCAGTATTTTGGCCCA"	"CASSEVRSTDTQYF"	"TCRBV2-1"	NA	"TCRBJ2-3*1"	55	57	-1	60	2	61	NA	NA	"ATCCGGTCCACAAAGCTGGAGGACTCAGCCATGTACTTCTGTGCCAGCAGTGAAGTTAGGAGCACAGATACGCAGTATTTTGGCCCA"	FALSE	TRUE	NA	NA	NA	NA
"ACTCTGACGATTCAGCGCACAGAGCAGGAGGACTCGGCCGTGTATCTCTGTGCCAGCAGCTTAGTGGAGACCCAGTACTTCGGGCCA"	"CASSLVETQYF"	"ACTCTGACGATTCAGCGCACAGAGCAGGAGGACTCGGCCGTGTATCTCTGTGCCAGCAGCTTAGTGGAGACCCAGTACTTCGGGCCA"	"CASSLVETQYF"	"TCRBV7-2"	NA	"TCRBJ2-5*1"	-1	-1	64	66	0	2	NA	NA	"ACTCTGACGATTCAGCGCACAGAGCAGGAGGACTCGGCCGTGTATCTCTGTGCCAGCAGCTTAGTGGAGACCCAGTACTTCGGGCCA"	FALSE	TRUE	NA	NA	NA	NA
"TGACAGTGACCAGTGCCCATCCTGAAGACAGCAGCTTCTACATCTGCAGTGCTAGAGAAGGGCGGCACTGAAGCTTTCTTTGGACAA"	""	"TGACAGTGACCAGTGCCCATCCTGAAGACAGCAGCTTCTACATCTGCAGTGCTAGAGAAGGGCGGCACTGAAGCTTTCTTTGGACAA"	""	NA	NA	"TCRBJ1-1*1"	-1	58	62	65	59	3	NA	NA	"TGACAGTGACCAGTGCCCATCCTGAAGACAGCAGCTTCTACATCTGCAGTGCTAGAGAAGGGCGGCACTGAAGCTTTCTTTGGACAA"	FALSE	FALSE	NA	NA	NA	NA
"GCCCAAAAGAACCCGACAGCTTTCTATCTCTGTGCCAGTAGTATCGTTCTAGCGGACCCATCACGGAATGAGCAGTTCTTCGGGCCA"	"CASSIVLADPSRNEQFF"	"GCCCAAAAGAACCCGACAGCTTTCTATCTCTGTGCCAGTAGTATCGTTCTAGCGGACCCATCACGGAATGAGCAGTTCTTCGGGCCA"	"CASSIVLADPSRNEQFF"	"TCRBV19-1*1"	"TCRBD2-1"	"TCRBJ2-1*1"	44	48	55	66	4	11	NA	NA	"GCCCAAAAGAACCCGACAGCTTTCTATCTCTGTGCCAGTAGTATCGTTCTAGCGGACCCATCACGGAATGAGCAGTTCTTCGGGCCA"	FALSE	TRUE	NA	NA	NA	NA
"GCACAGAGCGGGGGGACTCAGCCGTGTATCTCTGTGCCAGCAGCCCCCACGCCTAGCGGGAGAGGTTACGAGCAGTACTTCGGGCCG"	""	"GCACAGAGCGGGGGGACTCAGCCGTGTATCTCTGTGCCAGCAGCCCCCACGCCTAGCGGGAGAGGTTACGAGCAGTACTTCGGGCCG"	""	"TCRBV7-3*1"	"TCRBD2-1*2"	"TCRBJ2-7*1"	44	52	62	66	8	4	NA	NA	"GCACAGAGCGGGGGGACTCAGCCGTGTATCTCTGTGCCAGCAGCCCCCACGCCTAGCGGGAGAGGTTACGAGCAGTACTTCGGGCCG"	FALSE	FALSE	NA	NA	NA	NA
"CTGACAGTGACCAGTGCCCATCCTGAAGACAGCAGCTTCTACATCTGCAGTGCTATCCCCTCGTTCGGGGAGCTGTTTTTTGGAGAA"	"CSAIPSFGELFF"	"CTGACAGTGACCAGTGCCCATCCTGAAGACAGCAGCTTCTACATCTGCAGTGCTATCCCCTCGTTCGGGGAGCTGTTTTTTGGAGAA"	"CSAIPSFGELFF"	NA	"TCRBD2-1"	"TCRBJ2-2*1"	55	59	61	65	4	4	NA	NA	"CTGACAGTGACCAGTGCCCATCCTGAAGACAGCAGCTTCTACATCTGCAGTGCTATCCCCTCGTTCGGGGAGCTGTTTTTTGGAGAA"	FALSE	TRUE	NA	NA	NA	NA
"AGCACCTTGGAGCTGGGGGACTCGGCCCTTTATCTTTGCGCCAGCAGCCAAGGGACAGATAGCAATCAGCCCCAGCATTTTGGTGAT"	"CASSQGTDSNQPQHF"	"AGCACCTTGGAGCTGGGGGACTCGGCCCTTTATCTTTGCGCCAGCAGCCAAGGGACAGATAGCAATCAGCCCCAGCATTTTGGTGAT"	"CASSQGTDSNQPQHF"	"TCRBV5-1*1"	"TCRBD1-1*1"	"TCRBJ1-5*1"	48	51	58	59	3	1	NA	NA	"AGCACCTTGGAGCTGGGGGACTCGGCCCTTTATCTTTGCGCCAGCAGCCAAGGGACAGATAGCAATCAGCCCCAGCATTTTGGTGAT"	FALSE	TRUE	NA	NA	NA	NA
"CTGGAGTCTGCTGCCTCCTCCCAGACATCTGTATATTTCTGCGCCAGCAGTGACCTAATGGACAGGCGGGAGCAGTACTTCGGGCCG"	"CASSDLMDRREQYF"	"CTGGAGTCTGCTGCCTCCTCCCAGACATCTGTATATTTCTGCGCCAGCAGTGACCTAATGGACAGGCGGGAGCAGTACTTCGGGCCG"	"CASSDLMDRREQYF"	"TCRBV1-1*1"	"TCRBD1-1*1"	"TCRBJ2-7*1"	53	59	66	69	6	3	NA	NA	"CTGGAGTCTGCTGCCTCCTCCCAGACATCTGTATATTTCTGCGCCAGCAGTGACCTAATGGACAGGCGGGAGCAGTACTTCGGGCCG"	FALSE	TRUE	NA	NA	NA	NA
"CTGGAGTCGGCTGCTCCCTCCCAGACATCTGTGTACTTCTGTGCCACCAGACAGGGGACCCGAATCTATGGCTACACCTTCGGTTCG"	"CATRQGTRIYGYTF"	"CTGGAGTCGGCTGCTCCCTCCCAGACATCTGTGTACTTCTGTGCCACCAGACAGGGGACCCGAATCTATGGCTACACCTTCGGTTCG"	"CATRQGTRIYGYTF"	"TCRBV6-1*1"	"TCRBD1-1*1"	"TCRBJ1-2*1"	-1	50	57	65	51	8	NA	NA	"CTGGAGTCGGCTGCTCCCTCCCAGACATCTGTGTACTTCTGTGCCACCAGACAGGGGACCCGAATCTATGGCTACACCTTCGGTTCG"	FALSE	TRUE	NA	NA	NA	NA
"GAGTCGCCCAGCCCCAACCAGACCTCTCTGTACTTCTGTGCCAGCAGTTTAGGCAGGGTAACCTACAATGAGCAGTTCTTCGGGCCA"	"CASSLGRVTYNEQFF"	"GAGTCGCCCAGCCCCAACCAGACCTCTCTGTACTTCTGTGCCAGCAGTTTAGGCAGGGTAACCTACAATGAGCAGTTCTTCGGGCCA"	"CASSLGRVTYNEQFF"	"TCRBV27-1*1"	"TCRBD1-1*1"	"TCRBJ2-1*1"	51	53	58	61	2	3	NA	NA	"GAGTCGCCCAGCCCCAACCAGACCTCTCTGTACTTCTGTGCCAGCAGTTTAGGCAGGGTAACCTACAATGAGCAGTTCTTCGGGCCA"	FALSE	TRUE	NA	NA	NA	NA
"CTTCACATCAATTCCCTGGAGCTTGGTGACTCTGCTGTGTATTTCTGTGCCAGCACAGGGTCGAACACTGAAGCTTTCTTTGGACAA"	"CASTGSNTEAFF"	"CTTCACATCAATTCCCTGGAGCTTGGTGACTCTGCTGTGTATTTCTGTGCCAGCACAGGGTCGAACACTGAAGCTTTCTTTGGACAA"	"CASTGSNTEAFF"	"TCRBV3-1/3-2*1"	"TCRBD1-1*1"	"TCRBJ1-1*1"	-1	55	60	62	56	2	NA	NA	"CTTCACATCAATTCCCTGGAGCTTGGTGACTCTGCTGTGTATTTCTGTGCCAGCACAGGGTCGAACACTGAAGCTTTCTTTGGACAA"	FALSE	TRUE	NA	NA	NA	NA
"ACACAGCAGGAGGACTCCGCCGTGTATCTCTGTGCCAGCAGCCTATTAATTTTGCCTAGCGGACCCAATGAGCAGTTCTTCGGGCCA"	"CASSLLILPSGPNEQFF"	"ACACAGCAGGAGGACTCCGCCGTGTATCTCTGTGCCAGCAGCCTATTAATTTTGCCTAGCGGACCCAATGAGCAGTTCTTCGGGCCA"	"CASSLLILPSGPNEQFF"	"TCRBV7-8*3"	"TCRBD2-1"	"TCRBJ2-1*1"	43	55	62	65	12	3	NA	NA	"ACACAGCAGGAGGACTCCGCCGTGTATCTCTGTGCCAGCAGCCTATTAATTTTGCCTAGCGGACCCAATGAGCAGTTCTTCGGGCCA"	FALSE	TRUE	NA	NA	NA	NA
"TTGGCGTCTGCTGTACCCTCTCAGACATCTGTGTACTTCTGTGCCAGCAGTGATAGCGGGAGTATGAATGAGCAGTTCTTCGGGCCA"	"CASSDSGSMNEQFF"	"TTGGCGTCTGCTGTACCCTCTCAGACATCTGTGTACTTCTGTGCCAGCAGTGATAGCGGGAGTATGAATGAGCAGTTCTTCGGGCCA"	"CASSDSGSMNEQFF"	"TCRBV6-4*1"	"TCRBD2-1*2"	"TCRBJ2-1*1"	-1	53	62	66	54	4	NA	NA	"TTGGCGTCTGCTGTACCCTCTCAGACATCTGTGTACTTCTGTGCCAGCAGTGATAGCGGGAGTATGAATGAGCAGTTCTTCGGGCCA"	FALSE	TRUE	NA	NA	NA	NA
"GCCTTGGAGCTGGACGACTCGGCCCTGTATCTCTGTGCCAGCAGCCCTAACCCTAGCACCCAATACAATGAGCAGTTCTTCGGGCCA"	"CASSPNPSTQYNEQFF"	"GCCTTGGAGCTGGACGACTCGGCCCTGTATCTCTGTGCCAGCAGCCCTAACCCTAGCACCCAATACAATGAGCAGTTCTTCGGGCCA"	"CASSPNPSTQYNEQFF"	"TCRBV5-4*1"	"TCRBD2-1"	"TCRBJ2-1*1"	45	52	57	63	7	6	NA	NA	"GCCTTGGAGCTGGACGACTCGGCCCTGTATCTCTGTGCCAGCAGCCCTAACCCTAGCACCCAATACAATGAGCAGTTCTTCGGGCCA"	FALSE	TRUE	NA	NA	NA	NA
"GAGTCCGCCAGCACCAACCAGACATCTATGTACCTCTGTGCCAGCAGTCAGTACAGGGGTGGGCTCACTGAAGCTTTCTTTGGACAA"	"CASSQYRGGLTEAFF"	"GAGTCCGCCAGCACCAACCAGACATCTATGTACCTCTGTGCCAGCAGTCAGTACAGGGGTGGGCTCACTGAAGCTTTCTTTGGACAA"	"CASSQYRGGLTEAFF"	"TCRBV28-1*1"	"TCRBD1-1*1"	"TCRBJ1-1*1"	48	52	59	65	4	6	NA	NA	"GAGTCCGCCAGCACCAACCAGACATCTATGTACCTCTGTGCCAGCAGTCAGTACAGGGGTGGGCTCACTGAAGCTTTCTTTGGACAA"	FALSE	TRUE	NA	NA	NA	NA
"ACAGAGCAGGAGGACTCCGCCGTGTATCTCTGTGCCAGCAGCTTAGCTGTAGCCCAGCCCGACACCGGGGAGCTGTTTTTTGGAGAA"	"CASSLAVAQPDTGELFF"	"ACAGAGCAGGAGGACTCCGCCGTGTATCTCTGTGCCAGCAGCTTAGCTGTAGCCCAGCCCGACACCGGGGAGCTGTTTTTTGGAGAA"	"CASSLAVAQPDTGELFF"	"TCRBV7-8*1"	"TCRBD2-1"	"TCRBJ2-2*1"	47	49	53	61	2	8	NA	NA	"ACAGAGCAGGAGGACTCCGCCGTGTATCTCTGTGCCAGCAGCTTAGCTGTAGCCCAGCCCGACACCGGGGAGCTGTTTTTTGGAGAA"	FALSE	TRUE	NA	NA	NA	NA
"CGCACACAGCAGGAGGACTCGGCCGTGTATCTCTGTGCCAGCAGCTTAGGTTCGGGAGGGGGGCAAGAGACCCAGTACTTCGGGCCA"	"CASSLGSGGGQETQYF"	"CGCACACAGCAGGAGGACTCGGCCGTGTATCTCTGTGCCAGCAGCTTAGGTTCGGGAGGGGGGCAAGAGACCCAGTACTTCGGGCCA"	"CASSLGSGGGQETQYF"	"TCRBV7-2"	"TCRBD2-1*2"	"TCRBJ2-5*1"	49	52	60	63	3	3	NA	NA	"CGCACACAGCAGGAGGACTCGGCCGTGTATCTCTGTGCCAGCAGCTTAGGTTCGGGAGGGGGGCAAGAGACCCAGTACTTCGGGCCA"	FALSE	TRUE	NA	NA	NA	NA
"ATCCAGCCCTCAGAACCCAGGGACTCAGCTGTGTACTTCTGTGCCAGCAGTTTTAGCAGGGGGCTCGACGAGCAGTACTTCGGGCCG"	"CASSFSRGLDEQYF"	"ATCCAGCCCTCAGAACCCAGGGACTCAGCTGTGTACTTCTGTGCCAGCAGTTTTAGCAGGGGGCTCGACGAGCAGTACTTCGGGCCG"	"CASSFSRGLDEQYF"	NA	"TCRBD1-1*1"	"TCRBJ2-7*1"	53	56	64	67	3	3	NA	NA	"ATCCAGCCCTCAGAACCCAGGGACTCAGCTGTGTACTTCTGTGCCAGCAGTTTTAGCAGGGGGCTCGACGAGCAGTACTTCGGGCCG"	FALSE	TRUE	NA	NA	NA	NA
"CTTCACCTACACACCCTGCAGCCAGAAGACTCGGCCCTGTATCTCTGTGCCAGCAGCCAAGAAAGCGGGGAGCTGTTTTTTGGAGAA"	"CASSQESGELFF"	"CTTCACCTACACACCCTGCAGCCAGAAGACTCGGCCCTGTATCTCTGTGCCAGCAGCCAAGAAAGCGGGGAGCTGTTTTTTGGAGAA"	"CASSQESGELFF"	"TCRBV4-2*1"	NA	"TCRBJ2-2*1"	62	63	-1	65	1	66	NA	NA	"CTTCACCTACACACCCTGCAGCCAGAAGACTCGGCCCTGTATCTCTGTGCCAGCAGCCAAGAAAGCGGGGAGCTGTTTTTTGGAGAA"	FALSE	TRUE	NA	NA	NA	NA
"CTTGGTGACTCTGCTGTGTATTTCTGTGCCAGCAGCCAATAAGGGGGACGGGATGCTGGTGCGGGGGAGACCCAGTACTTCGGGCCA"	"CASSQ*GGRDAGAGETQYF"	"CTTGGTGACTCTGCTGTGTATTTCTGTGCCAGCAGCCAATAAGGGGGACGGGATGCTGGTGCGGGGGAGACCCAGTACTTCGGGCCA"	"CASSQ*GGRDAGAGETQYF"	"TCRBV3-1/3-2*1"	NA	"TCRBJ2-5*1"	39	41	47	66	2	19	NA	NA	"CTTGGTGACTCTGCTGTGTATTTCTGTGCCAGCAGCCAATAAGGGGGACGGGATGCTGGTGCGGGGGAGACCCAGTACTTCGGGCCA"	FALSE	TRUE	NA	NA	NA	NA
"TCCAGCGCACAGAGCGGGGGGACTCAGCCGTGTATCTCTGTGCCAGCAGCCTTAGACCCGGGGAATCAGCCCCAGCATTTTGGTGAT"	""	"TCCAGCGCACAGAGCGGGGGGACTCAGCCGTGTATCTCTGTGCCAGCAGCCTTAGACCCGGGGAATCAGCCCCAGCATTTTGGTGAT"	""	"TCRBV7-3*1"	"TCRBD2-1*1"	"TCRBJ1-5*1"	50	58	-1	63	8	64	NA	NA	"TCCAGCGCACAGAGCGGGGGGACTCAGCCGTGTATCTCTGTGCCAGCAGCCTTAGACCCGGGGAATCAGCCCCAGCATTTTGGTGAT"	FALSE	FALSE	NA	NA	NA	NA
"ACAGAGCAGGGGGACTCGGCCATGTATCTCTGTGCCAGCAGCATGAGTAGCGGGAGGGCCCTCATGGACGAGCAGTACTTCGGGCCG"	"CASSMSSGRALMDEQYF"	"ACAGAGCAGGGGGACTCGGCCATGTATCTCTGTGCCAGCAGCATGAGTAGCGGGAGGGCCCTCATGGACGAGCAGTACTTCGGGCCG"	"CASSMSSGRALMDEQYF"	"TCRBV7-9*1"	"TCRBD2-1*2"	"TCRBJ2-7*1"	42	47	58	67	5	9	NA	NA	"ACAGAGCAGGGGGACTCGGCCATGTATCTCTGTGCCAGCAGCATGAGTAGCGGGAGGGCCCTCATGGACGAGCAGTACTTCGGGCCG"	FALSE	TRUE	NA	NA	NA	NA
"CTGACTGTGAGCAACATGAGCCCTGAAGACAGCAGCATATATCTCTGCAGCGTTGAATTCCAGCTCTATGGCTACACCTTCGGTTCG"	"CSVEFQLYGYTF"	"CTGACTGTGAGCAACATGAGCCCTGAAGACAGCAGCATATATCTCTGCAGCGTTGAATTCCAGCTCTATGGCTACACCTTCGGTTCG"	"CSVEFQLYGYTF"	"TCRBV29-1"	NA	"TCRBJ1-2*1"	57	60	63	65	3	2	NA	NA	"CTGACTGTGAGCAACATGAGCCCTGAAGACAGCAGCATATATCTCTGCAGCGTTGAATTCCAGCTCTATGGCTACACCTTCGGTTCG"	FALSE	TRUE	NA	NA	NA	NA
"AGCCTGCAGAGCTTGGGGACTCGGCCGTGTATCTCTGTGCCAGCAGCTCTCTAGCGGGAGGTTGACAATGAGCAGTTCTTCGGGCCA"	""	"AGCCTGCAGAGCTTGGGGACTCGGCCGTGTATCTCTGTGCCAGCAGCTCTCTAGCGGGAGGTTGACAATGAGCAGTTCTTCGGGCCA"	""	"TCRBV11-3*1"	"TCRBD2-1*2"	"TCRBJ2-1*1"	48	50	61	64	2	3	NA	NA	"AGCCTGCAGAGCTTGGGGACTCGGCCGTGTATCTCTGTGCCAGCAGCTCTCTAGCGGGAGGTTGACAATGAGCAGTTCTTCGGGCCA"	FALSE	FALSE	NA	NA	NA	NA
"AATGTGAGCACCTTGGAGCTGGGGGACTCGGCCCTTTATCTTTGCGCCAGCAGCTTGGGTGGGGGTGATGAGCAGTTCTTCGGGCCA"	"CASSLGGGDEQFF"	"AATGTGAGCACCTTGGAGCTGGGGGACTCGGCCCTTTATCTTTGCGCCAGCAGCTTGGGTGGGGGTGATGAGCAGTTCTTCGGGCCA"	"CASSLGGGDEQFF"	"TCRBV5-1*1"	NA	"TCRBJ2-1*1"	58	60	65	67	2	2	NA	NA	"AATGTGAGCACCTTGGAGCTGGGGGACTCGGCCCTTTATCTTTGCGCCAGCAGCTTGGGTGGGGGTGATGAGCAGTTCTTCGGGCCA"	FALSE	TRUE	NA	NA	NA	NA
"CGGTCCACAAAGCTGGAGGACTCAGCCATGTACTTCTGTGCCAGCAGAATTTGGGACGTAGGTACCACTGAAGCTTTCTTTGGACAA"	"CASRIWDVGTTEAFF"	"CGGTCCACAAAGCTGGAGGACTCAGCCATGTACTTCTGTGCCAGCAGAATTTGGGACGTAGGTACCACTGAAGCTTTCTTTGGACAA"	"CASRIWDVGTTEAFF"	"TCRBV2-1"	NA	"TCRBJ1-1*1"	47	52	57	65	5	8	NA	NA	"CGGTCCACAAAGCTGGAGGACTCAGCCATGTACTTCTGTGCCAGCAGAATTTGGGACGTAGGTACCACTGAAGCTTTCTTTGGACAA"	FALSE	TRUE	NA	NA	NA	NA
"CCAGCACCAACCAGACATCTATGTACCTCTGTGCCAGCAGTTTATGAGGACAGGGGGCAATTTAACTATGGCTACACCTTCGGTTCG"	""	"CCAGCACCAACCAGACATCTATGTACCTCTGTGCCAGCAGTTTATGAGGACAGGGGGCAATTTAACTATGGCTACACCTTCGGTTCG"	""	"TCRBV28-1*1"	"TCRBD1-1*1"	"TCRBJ1-2*1"	46	47	58	62	1	4	NA	NA	"CCAGCACCAACCAGACATCTATGTACCTCTGTGCCAGCAGTTTATGAGGACAGGGGGCAATTTAACTATGGCTACACCTTCGGTTCG"	FALSE	FALSE	NA	NA	NA	NA
"CATCGGCCCAAAAGAACCCGACAGCTTTCTATCTCTGTGCCAGTAGTATCTCCGGGAGGGCCGATTAAGACCCAGTACTTCGGGCCA"	""	"CATCGGCCCAAAAGAACCCGACAGCTTTCTATCTCTGTGCCAGTAGTATCTCCGGGAGGGCCGATTAAGACCCAGTACTTCGGGCCA"	""	"TCRBV19-1*1"	"TCRBD2-1*2"	"TCRBJ2-5*1"	49	52	60	67	3	7	NA	NA	"CATCGGCCCAAAAGAACCCGACAGCTTTCTATCTCTGTGCCAGTAGTATCTCCGGGAGGGCCGATTAAGACCCAGTACTTCGGGCCA"	FALSE	FALSE	NA	NA	NA	NA
"CTGATCCTGGAGTCGCCCAGCCCCAACCAGACCTCTCTGTACTTCTGTGCCAGCAGACCAGGAAGTCGGGAGCAGTTCTTCGGGCCA"	"CASRPGSREQFF"	"CTGATCCTGGAGTCGCCCAGCCCCAACCAGACCTCTCTGTACTTCTGTGCCAGCAGACCAGGAAGTCGGGAGCAGTTCTTCGGGCCA"	"CASRPGSREQFF"	"TCRBV27-1*1"	"TCRBD1-1*1"	"TCRBJ2-1*1"	56	58	62	69	2	7	NA	NA	"CTGATCCTGGAGTCGCCCAGCCCCAACCAGACCTCTCTGTACTTCTGTGCCAGCAGACCAGGAAGTCGGGAGCAGTTCTTCGGGCCA"	FALSE	TRUE	NA	NA	NA	NA
"CTGGAGTCCGCCAGCACCAACCAGACATCTATGTACCTCTGTGCCAGCAGCTCCGGACAGGGAAGGGAAAAACTGTTTTTTGGCAGT"	"CASSSGQGREKLFF"	"CTGGAGTCCGCCAGCACCAACCAGACATCTATGTACCTCTGTGCCAGCAGCTCCGGACAGGGAAGGGAAAAACTGTTTTTTGGCAGT"	"CASSSGQGREKLFF"	"TCRBV28-1*1"	"TCRBD1-1*1"	"TCRBJ1-4*1"	50	54	62	66	4	4	NA	NA	"CTGGAGTCCGCCAGCACCAACCAGACATCTATGTACCTCTGTGCCAGCAGCTCCGGACAGGGAAGGGAAAAACTGTTTTTTGGCAGT"	FALSE	TRUE	NA	NA	NA	NA
"GTGACATCGGCCCAAAAGAACCCGACAGCTTTCTATCTCTGTGCCAGTACTATGGGGGGGGACTACAATGAGCAGTTCTTCGGGCCA"	"CASTMGGDYNEQFF"	"GTGACATCGGCCCAAAAGAACCCGACAGCTTTCTATCTCTGTGCCAGTACTATGGGGGGGGACTACAATGAGCAGTTCTTCGGGCCA"	"CASTMGGDYNEQFF"	"TCRBV19-1*1"	"TCRBD2-1*1"	"TCRBJ2-1*1"	-1	53	60	62	54	2	NA	NA	"GTGACATCGGCCCAAAAGAACCCGACAGCTTTCTATCTCTGTGCCAGTACTATGGGGGGGGACTACAATGAGCAGTTCTTCGGGCCA"	FALSE	TRUE	NA	NA	NA	NA
"TCAGTGACTCTGGCTTCTATCTCTGTGCCTGGAGTGTATAGGAGGCAGGGGGGAGGGGAACGGTACAATGAGCAGTTCTTCGGGCCA"	""	"TCAGTGACTCTGGCTTCTATCTCTGTGCCTGGAGTGTATAGGAGGCAGGGGGGAGGGGAACGGTACAATGAGCAGTTCTTCGGGCCA"	""	"TCRBV3-1"	NA	"TCRBJ2-1*1"	37	45	52	63	8	11	NA	NA	"TCAGTGACTCTGGCTTCTATCTCTGTGCCTGGAGTGTATAGGAGGCAGGGGGGAGGGGAACGGTACAATGAGCAGTTCTTCGGGCCA"	FALSE	FALSE	NA	NA	NA	NA
"TCGGCTGCTCCCTCCCAAACATCTGTGTACTTCTGTGCCAGCAGTCGAGCCGGGACTAGCGCCTACAATGAGCAGTTCTTCGGGCCA"	"CASSRAGTSAYNEQFF"	"TCGGCTGCTCCCTCCCAAACATCTGTGTACTTCTGTGCCAGCAGTCGAGCCGGGACTAGCGCCTACAATGAGCAGTTCTTCGGGCCA"	"CASSRAGTSAYNEQFF"	"TCRBV6-2/6-3*1"	"TCRBD2-1"	"TCRBJ2-1*1"	45	51	-1	61	6	62	NA	NA	"TCGGCTGCTCCCTCCCAAACATCTGTGTACTTCTGTGCCAGCAGTCGAGCCGGGACTAGCGCCTACAATGAGCAGTTCTTCGGGCCA"	FALSE	TRUE	NA	NA	NA	NA
"AAGAAGCTCCTTCTCAGTGACTCTGGCTTCTATCTCTGTGCCCGGAGAAGCCCTGGACAGGGATTTTCACCCCTCCACTTTGGGAAT"	"CARRSPGQGFSPLHF"	"AAGAAGCTCCTTCTCAGTGACTCTGGCTTCTATCTCTGTGCCCGGAGAAGCCCTGGACAGGGATTTTCACCCCTCCACTTTGGGAAT"	"CARRSPGQGFSPLHF"	"TCRBV3-1*1"	"TCRBD1-1*1"	"TCRBJ1-6*1"	47	54	62	65	7	3	NA	NA	"AAGAAGCTCCTTCTCAGTGACTCTGGCTTCTATCTCTGTGCCCGGAGAAGCCCTGGACAGGGATTTTCACCCCTCCACTTTGGGAAT"	FALSE	TRUE	NA	NA	NA	NA
"CAGCCTGCAAAGCTTGAGGACTCGGCCGTGTATCTCTGTGCCAGCAGCTTAGTACGGGCAGGGGCCTACGAGCAGTACTTCGGGCCG"	"CASSLVRAGAYEQYF"	"CAGCCTGCAAAGCTTGAGGACTCGGCCGTGTATCTCTGTGCCAGCAGCTTAGTACGGGCAGGGGCCTACGAGCAGTACTTCGGGCCG"	"CASSLVRAGAYEQYF"	"TCRBV11-2*1"	"TCRBD1-1*1"	"TCRBJ2-7*1"	52	58	-1	64	6	65	NA	NA	"CAGCCTGCAAAGCTTGAGGACTCGGCCGTGTATCTCTGTGCCAGCAGCTTAGTACGGGCAGGGGCCTACGAGCAGTACTTCGGGCCG"	FALSE	TRUE	NA	NA	NA	NA
"AGTGCCCATCCTGAAGACAGCAGCTTCTACATCTGCAGTGCTAGAGGTCAATAGCGGGAGTCTGCCGGGGAGCTGTTTTTTGGAGAA"	"CSARGQ*RESAGELFF"	"AGTGCCCATCCTGAAGACAGCAGCTTCTACATCTGCAGTGCTAGAGGTCAATAGCGGGAGTCTGCCGGGGAGCTGTTTTTTGGAGAA"	"CSARGQ*RESAGELFF"	NA	"TCRBD2-1*2"	"TCRBJ2-2*1"	46	51	60	64	5	4	NA	NA	"AGTGCCCATCCTGAAGACAGCAGCTTCTACATCTGCAGTGCTAGAGGTCAATAGCGGGAGTCTGCCGGGGAGCTGTTTTTTGGAGAA"	FALSE	TRUE	NA	NA	NA	NA
"CTGGAGCTTGGTGACTCTGCTGTGTATTTCTGTGCCAGCAGCCAAGAGGGCTAGCGGGAGGGGGAAGAGACCCAGTACTTCGGGCCA"	"CASSQEG*REGEETQYF"	"CTGGAGCTTGGTGACTCTGCTGTGTATTTCTGTGCCAGCAGCCAAGAGGGCTAGCGGGAGGGGGAAGAGACCCAGTACTTCGGGCCA"	"CASSQEG*REGEETQYF"	"TCRBV3-1/3-2*1"	"TCRBD2-1*2"	"TCRBJ2-5*1"	47	50	62	64	3	2	NA	NA	"CTGGAGCTTGGTGACTCTGCTGTGTATTTCTGTGCCAGCAGCCAAGAGGGCTAGCGGGAGGGGGAAGAGACCCAGTACTTCGGGCCA"	FALSE	TRUE	NA	NA	NA	NA
"NNNNNNNTGTCGGCTGCTCCCTCCCAGACATCTGTGTACTTCTGTGCCAGCAGTCGGGGTGGGGCAGATACGCAGTATTTTGGCCCA"	"CASSRGGADTQYF"	"NNNNNNNTGTCGGCTGCTCCCTCCCAGACATCTGTGTACTTCTGTGCCAGCAGTCGGGGTGGGGCAGATACGCAGTATTTTGGCCCA"	"CASSRGGADTQYF"	"TCRBV6-5*1"	"TCRBD2-1*1"	"TCRBJ2-3*1"	-1	54	59	64	55	5	NA	NA	"NNNNNNNTGTCGGCTGCTCCCTCCCAGACATCTGTGTACTTCTGTGCCAGCAGTCGGGGTGGGGCAGATACGCAGTATTTTGGCCCA"	FALSE	TRUE	NA	NA	NA	NA
"NNNNNNNNNNTGTCGGCTGCTCCCTCCCAGACATCTGTGTACTTCTGTGCCAGCAGACGGGGGAAAGAGACCCAGTACTTCGGGCCA"	"CASRRGKETQYF"	"NNNNNNNNNNTGTCGGCTGCTCCCTCCCAGACATCTGTGTACTTCTGTGCCAGCAGACGGGGGAAAGAGACCCAGTACTTCGGGCCA"	"CASRRGKETQYF"	"TCRBV6-5*1"	"TCRBD2-1*1"	"TCRBJ2-5*1"	56	57	63	64	1	1	NA	NA	"NNNNNNNNNNTGTCGGCTGCTCCCTCCCAGACATCTGTGTACTTCTGTGCCAGCAGACGGGGGAAAGAGACCCAGTACTTCGGGCCA"	FALSE	TRUE	NA	NA	NA	NA
"CTGGAGTCCGCCAGCACCAACCAGACATCTATGTACCTCTGTGCCAGCAGTTTTAGGTCAAGGGGGGAGACCCAGTACTTCGGGCCA"	"CASSFRSRGETQYF"	"CTGGAGTCCGCCAGCACCAACCAGACATCTATGTACCTCTGTGCCAGCAGTTTTAGGTCAAGGGGGGAGACCCAGTACTTCGGGCCA"	"CASSFRSRGETQYF"	"TCRBV28-1*1"	"TCRBD1-1*1"	"TCRBJ2-5*1"	53	60	-1	66	7	67	NA	NA	"CTGGAGTCCGCCAGCACCAACCAGACATCTATGTACCTCTGTGCCAGCAGTTTTAGGTCAAGGGGGGAGACCCAGTACTTCGGGCCA"	FALSE	TRUE	NA	NA	NA	NA
"ACCCTGCAGCCAGAAGACTCGGCCCTGTATCTCTGTGCCAGCAGCCAAGAATGGACAGGCCCTTTCAATGAGCAGTTCTTCGGGCCA"	"CASSQEWTGPFNEQFF"	"ACCCTGCAGCCAGAAGACTCGGCCCTGTATCTCTGTGCCAGCAGCCAAGAATGGACAGGCCCTTTCAATGAGCAGTTCTTCGGGCCA"	"CASSQEWTGPFNEQFF"	"TCRBV4-2*1"	"TCRBD1-1*1"	"TCRBJ2-1*1"	50	52	59	65	2	6	NA	NA	"ACCCTGCAGCCAGAAGACTCGGCCCTGTATCTCTGTGCCAGCAGCCAAGAATGGACAGGCCCTTTCAATGAGCAGTTCTTCGGGCCA"	FALSE	TRUE	NA	NA	NA	NA
"ACGATTCAGCGCACAGAGCAGCGGGACTCGGCCATGTATCGCTGTGCCAGCAGCCCCCTGAGCACAGATACGCAGTATTTTGGCCCA"	"CASSPLSTDTQYF"	"ACGATTCAGCGCACAGAGCAGCGGGACTCGGCCATGTATCGCTGTGCCAGCAGCCCCCTGAGCACAGATACGCAGTATTTTGGCCCA"	"CASSPLSTDTQYF"	NA	"TCRBD2-1"	"TCRBJ2-3*1"	54	57	59	60	3	1	NA	NA	"ACGATTCAGCGCACAGAGCAGCGGGACTCGGCCATGTATCGCTGTGCCAGCAGCCCCCTGAGCACAGATACGCAGTATTTTGGCCCA"	FALSE	TRUE	NA	NA	NA	NA
"TTCCCTGGAGCTTGGTGACTCTGCTGTGTATTTCTGTGCCAGCAGCGTACCCGGGACAGGGTATCCTACGAGCAGTACTTCGGGCCG"	""	"TTCCCTGGAGCTTGGTGACTCTGCTGTGTATTTCTGTGCCAGCAGCGTACCCGGGACAGGGTATCCTACGAGCAGTACTTCGGGCCG"	""	"TCRBV3-1/3-2*1"	"TCRBD1-1*1"	"TCRBJ2-7*1"	46	52	61	63	6	2	NA	NA	"TTCCCTGGAGCTTGGTGACTCTGCTGTGTATTTCTGTGCCAGCAGCGTACCCGGGACAGGGTATCCTACGAGCAGTACTTCGGGCCG"	FALSE	FALSE	NA	NA	NA	NA
"ATTCAGCGCACAGAGCAGCGGGACTCGGCCATGTATCGCTGTGCTAAGCCCCCCTAGTCCCGCACTTATACGCAGTATTTTGGCCCA"	"CAKPP*SRTYTQYF"	"ATTCAGCGCACAGAGCAGCGGGACTCGGCCATGTATCGCTGTGCTAAGCCCCCCTAGTCCCGCACTTATACGCAGTATTTTGGCCCA"	"CAKPP*SRTYTQYF"	NA	"TCRBD2-1"	"TCRBJ2-3*1"	44	53	57	67	9	10	NA	NA	"ATTCAGCGCACAGAGCAGCGGGACTCGGCCATGTATCGCTGTGCTAAGCCCCCCTAGTCCCGCACTTATACGCAGTATTTTGGCCCA"	FALSE	TRUE	NA	NA	NA	NA
"CCTGTCCCTAGAGTCTGCCATCCCCAACCAGACAGCTCTTTACTTCTGTGCCACCAGTTGCTTAGGGACGAGCAGTACTTCGGGCCG"	""	"CCTGTCCCTAGAGTCTGCCATCCCCAACCAGACAGCTCTTTACTTCTGTGCCACCAGTTGCTTAGGGACGAGCAGTACTTCGGGCCG"	""	"TCRBV24-1*1"	NA	"TCRBJ2-7*1"	58	63	-1	67	5	68	NA	NA	"CCTGTCCCTAGAGTCTGCCATCCCCAACCAGACAGCTCTTTACTTCTGTGCCACCAGTTGCTTAGGGACGAGCAGTACTTCGGGCCG"	FALSE	FALSE	NA	NA	NA	NA
"AGTGCCCATCCTGAAGACAGCAGCTTCTACATCTGCAGTGCTAGAGATCTTAGGTCTGCCCGCACAGATACGCAGTATTTTGGCCCA"	"CSARDLRSARTDTQYF"	"AGTGCCCATCCTGAAGACAGCAGCTTCTACATCTGCAGTGCTAGAGATCTTAGGTCTGCCCGCACAGATACGCAGTATTTTGGCCCA"	"CSARDLRSARTDTQYF"	NA	NA	"TCRBJ2-3*1"	47	51	54	61	4	7	NA	NA	"AGTGCCCATCCTGAAGACAGCAGCTTCTACATCTGCAGTGCTAGAGATCTTAGGTCTGCCCGCACAGATACGCAGTATTTTGGCCCA"	FALSE	TRUE	NA	NA	NA	NA
"NNCCCTCACGTTGGCGTCTGCTGTACCCTCTCAGACATCTGTGTACTTCTGTGCCAGCATTGCACCGGGGAGCTGTTTTTTGGAGAA"	""	"NNCCCTCACGTTGGCGTCTGCTGTACCCTCTCAGACATCTGTGTACTTCTGTGCCAGCATTGCACCGGGGAGCTGTTTTTTGGAGAA"	""	"TCRBV6-4*1"	NA	"TCRBJ2-2*1"	-1	-1	59	62	0	3	NA	NA	"NNCCCTCACGTTGGCGTCTGCTGTACCCTCTCAGACATCTGTGTACTTCTGTGCCAGCATTGCACCGGGGAGCTGTTTTTTGGAGAA"	FALSE	FALSE	NA	NA	NA	NA
"CAGCGCACAGAGCAGGGGGACTCGGCCATGTATCTCTGTGCCAGCAGTCAGGGAGGTGGGAACTACAATGAGCAGTTCTTCGGGCCA"	"CASSQGGGNYNEQFF"	"CAGCGCACAGAGCAGGGGGACTCGGCCATGTATCTCTGTGCCAGCAGTCAGGGAGGTGGGAACTACAATGAGCAGTTCTTCGGGCCA"	"CASSQGGGNYNEQFF"	"TCRBV7-9*1"	"TCRBD2-1*2"	"TCRBJ2-1*1"	47	50	56	62	3	6	NA	NA	"CAGCGCACAGAGCAGGGGGACTCGGCCATGTATCTCTGTGCCAGCAGTCAGGGAGGTGGGAACTACAATGAGCAGTTCTTCGGGCCA"	FALSE	TRUE	NA	NA	NA	NA
"ATCCAGTCCACGGAGTCAGGGGACACAGCACTGTATTTCTGTGCCAGCAGCAAAGATCGGACAGTCTATGGCTACACCTTCGGTTCG"	"CASSKDRTVYGYTF"	"ATCCAGTCCACGGAGTCAGGGGACACAGCACTGTATTTCTGTGCCAGCAGCAAAGATCGGACAGTCTATGGCTACACCTTCGGTTCG"	"CASSKDRTVYGYTF"	"TCRBV21-1*1"	"TCRBD1-1*1"	"TCRBJ1-2*1"	55	58	64	65	3	1	NA	NA	"ATCCAGTCCACGGAGTCAGGGGACACAGCACTGTATTTCTGTGCCAGCAGCAAAGATCGGACAGTCTATGGCTACACCTTCGGTTCG"	FALSE	TRUE	NA	NA	NA	NA
"ACAGTGACCAGTGCCCATCCTGAAGACAGCAGCTTCTACATCTGCAGTGCATCTTGGGAGGCGGCAGATACGCAGTATTTTGGCCCA"	"CSASWEAADTQYF"	"ACAGTGACCAGTGCCCATCCTGAAGACAGCAGCTTCTACATCTGCAGTGCATCTTGGGAGGCGGCAGATACGCAGTATTTTGGCCCA"	"CSASWEAADTQYF"	NA	"TCRBD2-1*2"	"TCRBJ2-3*1"	50	55	61	64	5	3	NA	NA	"ACAGTGACCAGTGCCCATCCTGAAGACAGCAGCTTCTACATCTGCAGTGCATCTTGGGAGGCGGCAGATACGCAGTATTTTGGCCCA"	FALSE	TRUE	NA	NA	NA	NA
"CCCTCCCAAACATCTGTGTACTTCTGTGCCAGCAGTTACTCGTACCCCCGGTGAATCATTATACACTACGAGCAGTACTTCGGGCCG"	"CASSYSYPR*IIIHYEQYF"	"CCCTCCCAAACATCTGTGTACTTCTGTGCCAGCAGTTACTCGTACCCCCGGTGAATCATTATACACTACGAGCAGTACTTCGGGCCG"	"CASSYSYPR*IIIHYEQYF"	"TCRBV6-2/6-3*1"	NA	"TCRBJ2-7*1"	41	62	-1	65	21	66	NA	NA	"CCCTCCCAAACATCTGTGTACTTCTGTGCCAGCAGTTACTCGTACCCCCGGTGAATCATTATACACTACGAGCAGTACTTCGGGCCG"	FALSE	TRUE	NA	NA	NA	NA
"CTGGAGTCCGCTACCAGCTCCCAGACATCTGTGTACTTCTGTGCCATCGGAGGGGGAGGCCCCTACAATGAGCAGTTCTTCGGGCCA"	"CAIGGGGPYNEQFF"	"CTGGAGTCCGCTACCAGCTCCCAGACATCTGTGTACTTCTGTGCCATCGGAGGGGGAGGCCCCTACAATGAGCAGTTCTTCGGGCCA"	"CAIGGGGPYNEQFF"	"TCRBV1-3*1"	NA	"TCRBJ2-1*1"	48	50	56	61	2	5	NA	NA	"CTGGAGTCCGCTACCAGCTCCCAGACATCTGTGTACTTCTGTGCCATCGGAGGGGGAGGCCCCTACAATGAGCAGTTCTTCGGGCCA"	FALSE	TRUE	NA	NA	NA	NA
"CTCCTCCCAGACATCTGTATATTTCTGCGCCAGCAGTTCAAAGGACTAGCGGGAGATGTATTTGGGGAGACCCAGTACTTCGGGCCA"	""	"CTCCTCCCAGACATCTGTATATTTCTGCGCCAGCAGTTCAAAGGACTAGCGGGAGATGTATTTGGGGAGACCCAGTACTTCGGGCCA"	""	"TCRBV1-1"	"TCRBD2-1*2"	"TCRBJ2-5*1"	37	42	55	66	5	11	NA	NA	"CTCCTCCCAGACATCTGTATATTTCTGCGCCAGCAGTTCAAAGGACTAGCGGGAGATGTATTTGGGGAGACCCAGTACTTCGGGCCA"	FALSE	FALSE	NA	NA	NA	NA
"TCCCTGGAGCTTGGTGACTCTGCTGTGTATTTCTGTGCCAGCAGCCAAGATTCGGGCCTGTGGGCCAACGTCCTGACTTTCGGGGCC"	"CASSQDSGLWANVLTF"	"TCCCTGGAGCTTGGTGACTCTGCTGTGTATTTCTGTGCCAGCAGCCAAGATTCGGGCCTGTGGGCCAACGTCCTGACTTTCGGGGCC"	"CASSQDSGLWANVLTF"	"TCRBV3-1/3-2*1"	NA	"TCRBJ2-6*1"	50	53	57	61	3	4	NA	NA	"TCCCTGGAGCTTGGTGACTCTGCTGTGTATTTCTGTGCCAGCAGCCAAGATTCGGGCCTGTGGGCCAACGTCCTGACTTTCGGGGCC"	FALSE	TRUE	NA	NA	NA	NA
"GCGCACAGAGCGGGGGGACTCAGCCGTGTATCTCTGTGCCAGCAGCTCCCAATACCTTACACGGACAATGAGCAGTTCTTCGGGCCA"	""	"GCGCACAGAGCGGGGGGACTCAGCCGTGTATCTCTGTGCCAGCAGCTCCCAATACCTTACACGGACAATGAGCAGTTCTTCGGGCCA"	""	"TCRBV7-3*1"	NA	"TCRBJ2-1*1"	47	58	61	64	11	3	NA	NA	"GCGCACAGAGCGGGGGGACTCAGCCGTGTATCTCTGTGCCAGCAGCTCCCAATACCTTACACGGACAATGAGCAGTTCTTCGGGCCA"	FALSE	FALSE	NA	NA	NA	NA
"GTGACATCGGCCCAAAAGAACCCGACAGCTTTCTATCTCTGTGCCAGTAGCCCACAGGGGGCCCGGTCTCCTCTGTTTTTTGGCAGT"	"CASSPQGARSPLFF"	"GTGACATCGGCCCAAAAGAACCCGACAGCTTTCTATCTCTGTGCCAGTAGCCCACAGGGGGCCCGGTCTCCTCTGTTTTTTGGCAGT"	"CASSPQGARSPLFF"	"TCRBV19-1*1"	"TCRBD1-1*1"	"TCRBJ1-4*1"	50	53	62	72	3	10	NA	NA	"GTGACATCGGCCCAAAAGAACCCGACAGCTTTCTATCTCTGTGCCAGTAGCCCACAGGGGGCCCGGTCTCCTCTGTTTTTTGGCAGT"	FALSE	TRUE	NA	NA	NA	NA
"ATCCGGTCCACAAAGCTGGAGGACTCAGCCATGTACTTCTGTGCCAGCAAGTTTAGCGGGAGCTACAATGAGCAGTTCTTCGGGCCA"	"CASKFSGSYNEQFF"	"ATCCGGTCCACAAAGCTGGAGGACTCAGCCATGTACTTCTGTGCCAGCAAGTTTAGCGGGAGCTACAATGAGCAGTTCTTCGGGCCA"	"CASKFSGSYNEQFF"	"TCRBV2-1"	"TCRBD2-1*2"	"TCRBJ2-1*1"	49	53	-1	62	4	63	NA	NA	"ATCCGGTCCACAAAGCTGGAGGACTCAGCCATGTACTTCTGTGCCAGCAAGTTTAGCGGGAGCTACAATGAGCAGTTCTTCGGGCCA"	FALSE	TRUE	NA	NA	NA	NA
"TGGAGTCTGCCAGGCCCTCACATACCTCTCAGTACCTCTGTGCCAGCAGTGAATATTAGGGTTTCCACTGAAGCTTTCTTTGGACAA"	""	"TGGAGTCTGCCAGGCCCTCACATACCTCTCAGTACCTCTGTGCCAGCAGTGAATATTAGGGTTTCCACTGAAGCTTTCTTTGGACAA"	""	"TCRBV25-1*1"	NA	"TCRBJ1-1*1"	55	57	61	65	2	4	NA	NA	"TGGAGTCTGCCAGGCCCTCACATACCTCTCAGTACCTCTGTGCCAGCAGTGAATATTAGGGTTTCCACTGAAGCTTTCTTTGGACAA"	FALSE	FALSE	NA	NA	NA	NA
"CAGCAGGTAGTGCGAGGAGATTCGGCAGCTTATTTCTGTGCCAGCTCACCAACCGGGACAGGGGGCACTGAAGCTTTCTTTGGACAA"	"CASSPTGTGGTEAFF"	"CAGCAGGTAGTGCGAGGAGATTCGGCAGCTTATTTCTGTGCCAGCTCACCAACCGGGACAGGGGGCACTGAAGCTTTCTTTGGACAA"	"CASSPTGTGGTEAFF"	"TCRBV18-1*1"	"TCRBD1-1*1"	"TCRBJ1-1*1"	51	54	-1	65	3	66	NA	NA	"CAGCAGGTAGTGCGAGGAGATTCGGCAGCTTATTTCTGTGCCAGCTCACCAACCGGGACAGGGGGCACTGAAGCTTTCTTTGGACAA"	FALSE	TRUE	NA	NA	NA	NA
"AATTCCCTGGAGCTTGGTGACTCTGCTGTGTATTTCTGTGCCAGCAGCCAAGATCTACAGGCTGGTCAGCCCCAGCATTTTGGTGAT"	"CASSQDLQAGQPQHF"	"AATTCCCTGGAGCTTGGTGACTCTGCTGTGTATTTCTGTGCCAGCAGCCAAGATCTACAGGCTGGTCAGCCCCAGCATTTTGGTGAT"	"CASSQDLQAGQPQHF"	"TCRBV3-1/3-2*1"	"TCRBD1-1*1"	"TCRBJ1-5*1"	53	56	61	65	3	4	NA	NA	"AATTCCCTGGAGCTTGGTGACTCTGCTGTGTATTTCTGTGCCAGCAGCCAAGATCTACAGGCTGGTCAGCCCCAGCATTTTGGTGAT"	FALSE	TRUE	NA	NA	NA	NA
"NNNNTGTCGGCTGCTCCCTCCCAGACATCTGTGTACTTCTGTGCCAGCAGTGTACAGGGTGAGGATTCACCCCTCCACTTTGGGAAT"	"CASSVQGEDSPLHF"	"NNNNTGTCGGCTGCTCCCTCCCAGACATCTGTGTACTTCTGTGCCAGCAGTGTACAGGGTGAGGATTCACCCCTCCACTTTGGGAAT"	"CASSVQGEDSPLHF"	NA	"TCRBD1-1*1"	"TCRBJ1-6*1"	52	53	59	64	1	5	NA	NA	"NNNNTGTCGGCTGCTCCCTCCCAGACATCTGTGTACTTCTGTGCCAGCAGTGTACAGGGTGAGGATTCACCCCTCCACTTTGGGAAT"	FALSE	TRUE	NA	NA	NA	NA
"CGCCCAGCCCCAACCAGACCTCTCTGTACTTCTGTGCCAGCATACCTGTGGGGGGTTGACAGGCTCGACGAGCAGTACTTCGGGCCG"	""	"CGCCCAGCCCCAACCAGACCTCTCTGTACTTCTGTGCCAGCATACCTGTGGGGGGTTGACAGGCTCGACGAGCAGTACTTCGGGCCG"	""	"TCRBV27-1*1"	NA	"TCRBJ2-7*1"	42	57	63	67	15	4	NA	NA	"CGCCCAGCCCCAACCAGACCTCTCTGTACTTCTGTGCCAGCATACCTGTGGGGGGTTGACAGGCTCGACGAGCAGTACTTCGGGCCG"	FALSE	FALSE	NA	NA	NA	NA
"AGTGCCCATCCTGAAGACAGCAGCTTCTACATCTGCAGTGCAAGGGATCTAGCGGGAGGAGGGTCCTACGAGCAGTACTTCGGGCCG"	"CSARDLAGGGSYEQYF"	"AGTGCCCATCCTGAAGACAGCAGCTTCTACATCTGCAGTGCAAGGGATCTAGCGGGAGGAGGGTCCTACGAGCAGTACTTCGGGCCG"	"CSARDLAGGGSYEQYF"	NA	"TCRBD2-1*2"	"TCRBJ2-7*1"	41	48	59	63	7	4	NA	NA	"AGTGCCCATCCTGAAGACAGCAGCTTCTACATCTGCAGTGCAAGGGATCTAGCGGGAGGAGGGTCCTACGAGCAGTACTTCGGGCCG"	FALSE	TRUE	NA	NA	NA	NA
"CTCACGTTGGCGTCTGCTGTACCCTCTCAGACATCTGTGTACTTCTGTGCCAGCAGTGAGATGGGAGGCTTGGTTAACTTCGGGCCG"	"CASSEMGGLVNF"	"CTCACGTTGGCGTCTGCTGTACCCTCTCAGACATCTGTGTACTTCTGTGCCAGCAGTGAGATGGGAGGCTTGGTTAACTTCGGGCCG"	"CASSEMGGLVNF"	"TCRBV6-4*1"	"TCRBD2-1*2"	"TCRBJ2-7*1"	59	62	68	76	3	8	NA	NA	"CTCACGTTGGCGTCTGCTGTACCCTCTCAGACATCTGTGTACTTCTGTGCCAGCAGTGAGATGGGAGGCTTGGTTAACTTCGGGCCG"	FALSE	TRUE	NA	NA	NA	NA
"ACCCTGCAGCCAGAAGACTCGGCCCTGTATCTCTGCGCCAGCAGCCAAGATTCAGCGGGAGTGGTCAATGAGCAGTTCTTCGGGCCA"	"CASSQDSAGVVNEQFF"	"ACCCTGCAGCCAGAAGACTCGGCCCTGTATCTCTGCGCCAGCAGCCAAGATTCAGCGGGAGTGGTCAATGAGCAGTTCTTCGGGCCA"	"CASSQDSAGVVNEQFF"	"TCRBV4-3*1"	"TCRBD2-1*2"	"TCRBJ2-1*1"	50	53	61	65	3	4	NA	NA	"ACCCTGCAGCCAGAAGACTCGGCCCTGTATCTCTGCGCCAGCAGCCAAGATTCAGCGGGAGTGGTCAATGAGCAGTTCTTCGGGCCA"	FALSE	TRUE	NA	NA	NA	NA
"CAGCCCTCAGAACCCAGGGACTCAGCTGTGTACTTCTGTGCCAGCAGTTTTGGACCCCTGAGTTACAATGAGCAGTTCTTCGGGCCA"	"CASSFGPLSYNEQFF"	"CAGCCCTCAGAACCCAGGGACTCAGCTGTGTACTTCTGTGCCAGCAGTTTTGGACCCCTGAGTTACAATGAGCAGTTCTTCGGGCCA"	"CASSFGPLSYNEQFF"	NA	NA	"TCRBJ2-1*1"	50	51	55	63	1	8	NA	NA	"CAGCCCTCAGAACCCAGGGACTCAGCTGTGTACTTCTGTGCCAGCAGTTTTGGACCCCTGAGTTACAATGAGCAGTTCTTCGGGCCA"	FALSE	TRUE	NA	NA	NA	NA
"AGCTCTCTGGAGCTGGGGGACTCAGCTTTGTATTTCTGTGCCAGCAGCGTAGTACGCAGGGGGGACGATGAAGCTTTCTTTGGACAA"	"CASSVVRRGDDEAFF"	"AGCTCTCTGGAGCTGGGGGACTCAGCTTTGTATTTCTGTGCCAGCAGCGTAGTACGCAGGGGGGACGATGAAGCTTTCTTTGGACAA"	"CASSVVRRGDDEAFF"	"TCRBV9-1*1"	"TCRBD1-1*1"	"TCRBJ1-1*1"	52	56	63	68	4	5	NA	NA	"AGCTCTCTGGAGCTGGGGGACTCAGCTTTGTATTTCTGTGCCAGCAGCGTAGTACGCAGGGGGGACGATGAAGCTTTCTTTGGACAA"	FALSE	TRUE	NA	NA	NA	NA
"NTGTCGGCTGCTCCCTCCCAGACATCTGTGTACTTCTGTGCCAGCAGTGAAGGGACTAGGGTACCGGATGAGCAGTTCTTCGGGCCA"	"CASSEGTRVPDEQFF"	"NTGTCGGCTGCTCCCTCCCAGACATCTGTGTACTTCTGTGCCAGCAGTGAAGGGACTAGGGTACCGGATGAGCAGTTCTTCGGGCCA"	"CASSEGTRVPDEQFF"	"TCRBV6-1*1"	"TCRBD2-1"	"TCRBJ2-1*1"	-1	52	59	67	53	8	NA	NA	"NTGTCGGCTGCTCCCTCCCAGACATCTGTGTACTTCTGTGCCAGCAGTGAAGGGACTAGGGTACCGGATGAGCAGTTCTTCGGGCCA"	FALSE	TRUE	NA	NA	NA	NA
"NTGTCGGCTGCTCCCTCCCAGACATCTGTGTACTTCTGTGCCAGCAGTTATTCGGGACCCATGAACACTGAAGCTTTCTTTGGACAA"	"CASSYSGPMNTEAFF"	"NTGTCGGCTGCTCCCTCCCAGACATCTGTGTACTTCTGTGCCAGCAGTTATTCGGGACCCATGAACACTGAAGCTTTCTTTGGACAA"	"CASSYSGPMNTEAFF"	"TCRBV6-5*1"	NA	"TCRBJ1-1*1"	50	53	58	61	3	3	NA	NA	"NTGTCGGCTGCTCCCTCCCAGACATCTGTGTACTTCTGTGCCAGCAGTTATTCGGGACCCATGAACACTGAAGCTTTCTTTGGACAA"	FALSE	TRUE	NA	NA	NA	NA
"GAGTCGCCCAGCCCCAACCAGACCTCTCTGTACTTCTGTGCCAGCAGTGGGTGGGGGCGCCAAGCCTACGAGCAGTACTTCGGGCCG"	"CASSGWGRQAYEQYF"	"GAGTCGCCCAGCCCCAACCAGACCTCTCTGTACTTCTGTGCCAGCAGTGGGTGGGGGCGCCAAGCCTACGAGCAGTACTTCGGGCCG"	"CASSGWGRQAYEQYF"	"TCRBV27-1*1"	"TCRBD1-1*1"	"TCRBJ2-7*1"	48	52	58	64	4	6	NA	NA	"GAGTCGCCCAGCCCCAACCAGACCTCTCTGTACTTCTGTGCCAGCAGTGGGTGGGGGCGCCAAGCCTACGAGCAGTACTTCGGGCCG"	FALSE	TRUE	NA	NA	NA	NA
"ATCCAGCAGGTAGTGCGAGGAGATTCGGCAGCTTATTTCTGTGCCAGCTCACCCGTCGGGGACAGTTACGAGCAGTACTTCGGGCCG"	"CASSPVGDSYEQYF"	"ATCCAGCAGGTAGTGCGAGGAGATTCGGCAGCTTATTTCTGTGCCAGCTCACCCGTCGGGGACAGTTACGAGCAGTACTTCGGGCCG"	"CASSPVGDSYEQYF"	"TCRBV18-1*1"	"TCRBD1-1*1"	"TCRBJ2-7*1"	53	58	65	66	5	1	NA	NA	"ATCCAGCAGGTAGTGCGAGGAGATTCGGCAGCTTATTTCTGTGCCAGCTCACCCGTCGGGGACAGTTACGAGCAGTACTTCGGGCCG"	FALSE	TRUE	NA	NA	NA	NA
"CTGGAGTTGGCTGCTCCCTCCCAGACATCTGTGTACTTCTGTGCCAGCAGCCCCACAGGGAATCACGGGGAGCTGTTTTTTGGAGAA"	"CASSPTGNHGELFF"	"CTGGAGTTGGCTGCTCCCTCCCAGACATCTGTGTACTTCTGTGCCAGCAGCCCCACAGGGAATCACGGGGAGCTGTTTTTTGGAGAA"	"CASSPTGNHGELFF"	"TCRBV6-6"	"TCRBD1-1*1"	"TCRBJ2-2*1"	50	54	60	65	4	5	NA	NA	"CTGGAGTTGGCTGCTCCCTCCCAGACATCTGTGTACTTCTGTGCCAGCAGCCCCACAGGGAATCACGGGGAGCTGTTTTTTGGAGAA"	FALSE	TRUE	NA	NA	NA	NA
"CACCTTGGAGCTGGGGGACTCGGCCCTTTATCTTTGCGCCAGCAGCCCAGAGGACTAGCTCTCATCTACGAGCAGTACTTCGGGCCG"	""	"CACCTTGGAGCTGGGGGACTCGGCCCTTTATCTTTGCGCCAGCAGCCCAGAGGACTAGCTCTCATCTACGAGCAGTACTTCGGGCCG"	""	"TCRBV5-1*1"	"TCRBD2-1"	"TCRBJ2-7*1"	46	51	59	65	5	6	NA	NA	"CACCTTGGAGCTGGGGGACTCGGCCCTTTATCTTTGCGCCAGCAGCCCAGAGGACTAGCTCTCATCTACGAGCAGTACTTCGGGCCG"	FALSE	FALSE	NA	NA	NA	NA
"ACGATCCAGCGCACAGAGCAGGAGGACTCGGCCGTGTATCTCTGTGCCAGCAGCCGCGGGGCTCGAGAGACCCAGTACTTCGGGCCA"	"CASSRGARETQYF"	"ACGATCCAGCGCACAGAGCAGGAGGACTCGGCCGTGTATCTCTGTGCCAGCAGCCGCGGGGCTCGAGAGACCCAGTACTTCGGGCCA"	"CASSRGARETQYF"	"TCRBV7-2"	"TCRBD2-1*1"	"TCRBJ2-5*1"	54	55	61	65	1	4	NA	NA	"ACGATCCAGCGCACAGAGCAGGAGGACTCGGCCGTGTATCTCTGTGCCAGCAGCCGCGGGGCTCGAGAGACCCAGTACTTCGGGCCA"	FALSE	TRUE	NA	NA	NA	NA
"GTCCACGGAGTCAGGGGACACAGCACTGTATTTCTGTGCCAGCAGCACAGGGACAGGCTCATAATCAATGAGCAGTTCTTCGGGCCA"	""	"GTCCACGGAGTCAGGGGACACAGCACTGTATTTCTGTGCCAGCAGCACAGGGACAGGCTCATAATCAATGAGCAGTTCTTCGGGCCA"	""	"TCRBV21-1*1"	"TCRBD1-1*1"	"TCRBJ2-1*1"	47	49	57	65	2	8	NA	NA	"GTCCACGGAGTCAGGGGACACAGCACTGTATTTCTGTGCCAGCAGCACAGGGACAGGCTCATAATCAATGAGCAGTTCTTCGGGCCA"	FALSE	FALSE	NA	NA	NA	NA
"CGCACAGAGCGGGGGGACTCAGCCGTGTATCTCTGTGCCAGCAGCTTAGGCGAAGAGGGGGCCGGTGGGCCCCTCCACTTTGGGAAT"	"CASSLGEEGAGGPLHF"	"CGCACAGAGCGGGGGGACTCAGCCGTGTATCTCTGTGCCAGCAGCTTAGGCGAAGAGGGGGCCGGTGGGCCCCTCCACTTTGGGAAT"	"CASSLGEEGAGGPLHF"	"TCRBV7-3*1"	"TCRBD1-1*1"	"TCRBJ1-6*1"	48	55	62	69	7	7	NA	NA	"CGCACAGAGCGGGGGGACTCAGCCGTGTATCTCTGTGCCAGCAGCTTAGGCGAAGAGGGGGCCGGTGGGCCCCTCCACTTTGGGAAT"	FALSE	TRUE	NA	NA	NA	NA
"AACGCCTTGTTGCTGGGGGACTCGGCCCTGTATCTCTGTGCCAGCAGCTTGGCCGCGGGAGGGAGTGAGACCCAGTACTTCGGGCCA"	"CASSLAAGGSETQYF"	"AACGCCTTGTTGCTGGGGGACTCGGCCCTGTATCTCTGTGCCAGCAGCTTGGCCGCGGGAGGGAGTGAGACCCAGTACTTCGGGCCA"	"CASSLAAGGSETQYF"	"TCRBV5-5*1"	"TCRBD2-1*2"	"TCRBJ2-5*1"	52	54	63	66	2	3	NA	NA	"AACGCCTTGTTGCTGGGGGACTCGGCCCTGTATCTCTGTGCCAGCAGCTTGGCCGCGGGAGGGAGTGAGACCCAGTACTTCGGGCCA"	FALSE	TRUE	NA	NA	NA	NA
"ACTGTGACATCGGCCCAAAAGAACCCGACAGCTTTCTATCTCTGTGCCAGTAGTATACTTTACAATCAGCCCCAGCATTTTGGTGAT"	"CASSILYNQPQHF"	"ACTGTGACATCGGCCCAAAAGAACCCGACAGCTTTCTATCTCTGTGCCAGTAGTATACTTTACAATCAGCCCCAGCATTTTGGTGAT"	"CASSILYNQPQHF"	"TCRBV19-1*1"	"TCRBD2-1"	"TCRBJ1-5*1"	-1	57	59	62	58	3	NA	NA	"ACTGTGACATCGGCCCAAAAGAACCCGACAGCTTTCTATCTCTGTGCCAGTAGTATACTTTACAATCAGCCCCAGCATTTTGGTGAT"	FALSE	TRUE	NA	NA	NA	NA
"AGCACCAACCAGACATCTATGTACCTCTGTGCCAGCAGCTCCCCCGAAGGGCTAGCGGGAGTCTCAGATACGCAGTATTTTGGCCCA"	"CASSSPEGLAGVSDTQYF"	"AGCACCAACCAGACATCTATGTACCTCTGTGCCAGCAGCTCCCCCGAAGGGCTAGCGGGAGTCTCAGATACGCAGTATTTTGGCCCA"	"CASSSPEGLAGVSDTQYF"	"TCRBV28-1*1"	"TCRBD2-1*2"	"TCRBJ2-3*1"	38	51	61	64	13	3	NA	NA	"AGCACCAACCAGACATCTATGTACCTCTGTGCCAGCAGCTCCCCCGAAGGGCTAGCGGGAGTCTCAGATACGCAGTATTTTGGCCCA"	FALSE	TRUE	NA	NA	NA	NA
"NNNNTGTCGGCTGCTCCCTCCCAGACATCTGTGTACTTCTGTGCCAGCAGAGCCGCGGGAACCAACAATGAGCAGTTCTTCGGGCCA"	"CASRAAGTNNEQFF"	"NNNNTGTCGGCTGCTCCCTCCCAGACATCTGTGTACTTCTGTGCCAGCAGAGCCGCGGGAACCAACAATGAGCAGTTCTTCGGGCCA"	"CASRAAGTNNEQFF"	"TCRBV6-5*1"	"TCRBD2-1*2"	"TCRBJ2-1*1"	50	54	60	64	4	4	NA	NA	"NNNNTGTCGGCTGCTCCCTCCCAGACATCTGTGTACTTCTGTGCCAGCAGAGCCGCGGGAACCAACAATGAGCAGTTCTTCGGGCCA"	FALSE	TRUE	NA	NA	NA	NA
"TCGGCTGCTCCCTCCCAGACATCTGTGTACTTCTGTGCCAGCAGTGATTCCGGACTACAGGGTAACTACGAGCAGTACTTCGGGCCG"	"CASSDSGLQGNYEQYF"	"TCGGCTGCTCCCTCCCAGACATCTGTGTACTTCTGTGCCAGCAGTGATTCCGGACTACAGGGTAACTACGAGCAGTACTTCGGGCCG"	"CASSDSGLQGNYEQYF"	"TCRBV6-1*1"	NA	"TCRBJ2-7*1"	47	56	62	65	9	3	NA	NA	"TCGGCTGCTCCCTCCCAGACATCTGTGTACTTCTGTGCCAGCAGTGATTCCGGACTACAGGGTAACTACGAGCAGTACTTCGGGCCG"	FALSE	TRUE	NA	NA	NA	NA
"NNNNTGTCGGCTGCTCCCTCCCAGACATCTGTGTACTTCTGTGCCAGCAGTCTACAGGGAGTGGACACTGAAGCTTTCTTTGGACAA"	"CASSLQGVDTEAFF"	"NNNNTGTCGGCTGCTCCCTCCCAGACATCTGTGTACTTCTGTGCCAGCAGTCTACAGGGAGTGGACACTGAAGCTTTCTTTGGACAA"	"CASSLQGVDTEAFF"	"TCRBV6-5*1"	"TCRBD1-1*1"	"TCRBJ1-1*1"	51	53	59	64	2	5	NA	NA	"NNNNTGTCGGCTGCTCCCTCCCAGACATCTGTGTACTTCTGTGCCAGCAGTCTACAGGGAGTGGACACTGAAGCTTTCTTTGGACAA"	FALSE	TRUE	NA	NA	NA	NA
"CTGGGGGACGCAGCCATGTACCTGTGTGCCACCAGCAGATTTAATGGGACAGGGATGGAAGCTGGAAACACCATATATTTTGGAGAG"	"CATSRFNGTGMEAGNTIYF"	"CTGGGGGACGCAGCCATGTACCTGTGTGCCACCAGCAGATTTAATGGGACAGGGATGGAAGCTGGAAACACCATATATTTTGGAGAG"	"CATSRFNGTGMEAGNTIYF"	"TCRBV15-1*2"	"TCRBD1-1*1"	"TCRBJ1-3*1"	39	45	54	61	6	7	NA	NA	"CTGGGGGACGCAGCCATGTACCTGTGTGCCACCAGCAGATTTAATGGGACAGGGATGGAAGCTGGAAACACCATATATTTTGGAGAG"	FALSE	TRUE	NA	NA	NA	NA
"CACATCAATTCCCTGGAGCTTGGTGACTCTGCTGTGTATTTCTGTGCCAGCAGCCTAGAGGTCAATCAGCCCCAGCATTTTGGTGAT"	"CASSLEVNQPQHF"	"CACATCAATTCCCTGGAGCTTGGTGACTCTGCTGTGTATTTCTGTGCCAGCAGCCTAGAGGTCAATCAGCCCCAGCATTTTGGTGAT"	"CASSLEVNQPQHF"	"TCRBV3-1/3-2*1"	NA	"TCRBJ1-5*1"	-1	59	61	62	60	1	NA	NA	"CACATCAATTCCCTGGAGCTTGGTGACTCTGCTGTGTATTTCTGTGCCAGCAGCCTAGAGGTCAATCAGCCCCAGCATTTTGGTGAT"	FALSE	TRUE	NA	NA	NA	NA
"GAGCTTGGGGACTCGGCCGTGTATCTCTGTGCCAGCAGCCCCCCCGGGGGGCGCCTCCCCCCCTACTACGAGCAGTACTTCGGGCCG"	"CASSPPGGRLPPYYEQYF"	"GAGCTTGGGGACTCGGCCGTGTATCTCTGTGCCAGCAGCCCCCCCGGGGGGCGCCTCCCCCCCTACTACGAGCAGTACTTCGGGCCG"	"CASSPPGGRLPPYYEQYF"	"TCRBV11-3*1"	"TCRBD2-1*1"	"TCRBJ2-7*1"	39	44	51	65	5	14	NA	NA	"GAGCTTGGGGACTCGGCCGTGTATCTCTGTGCCAGCAGCCCCCCCGGGGGGCGCCTCCCCCCCTACTACGAGCAGTACTTCGGGCCG"	FALSE	TRUE	NA	NA	NA	NA
"AGGTAGTGCGAGGAGATTCGGCAGCTTATTTCTGTGCCAGCTCACCCTGGACAGGGCAGGTCCTACAATGAGCAGTTCTTCGGGCCA"	""	"AGGTAGTGCGAGGAGATTCGGCAGCTTATTTCTGTGCCAGCTCACCCTGGACAGGGCAGGTCCTACAATGAGCAGTTCTTCGGGCCA"	""	"TCRBV18-1*1"	"TCRBD1-1*1"	"TCRBJ2-1*1"	46	48	56	60	2	4	NA	NA	"AGGTAGTGCGAGGAGATTCGGCAGCTTATTTCTGTGCCAGCTCACCCTGGACAGGGCAGGTCCTACAATGAGCAGTTCTTCGGGCCA"	FALSE	FALSE	NA	NA	NA	NA
"AAGATCCAGCGCACAGAGCGGGGGGACTCAGCCGTGTATCTCTGTGCCAGCAGCCACAGGGCGGGAGATACGCAGTATTTTGGCCCA"	"CASSHRAGDTQYF"	"AAGATCCAGCGCACAGAGCGGGGGGACTCAGCCGTGTATCTCTGTGCCAGCAGCCACAGGGCGGGAGATACGCAGTATTTTGGCCCA"	"CASSHRAGDTQYF"	"TCRBV7-3*1"	"TCRBD1-1*1"	"TCRBJ2-3*1"	54	55	61	65	1	4	NA	NA	"AAGATCCAGCGCACAGAGCGGGGGGACTCAGCCGTGTATCTCTGTGCCAGCAGCCACAGGGCGGGAGATACGCAGTATTTTGGCCCA"	FALSE	TRUE	NA	NA	NA	NA
"CTGGGGGACGCAGCCATGTACCTGTGTGCCACCAGCAGAGATGGTGCGGGAGGGCAGAGCTCCTACAATGAGCAGTTCTTCGGGCCA"	"CATSRDGAGGQSSYNEQFF"	"CTGGGGGACGCAGCCATGTACCTGTGTGCCACCAGCAGAGATGGTGCGGGAGGGCAGAGCTCCTACAATGAGCAGTTCTTCGGGCCA"	"CATSRDGAGGQSSYNEQFF"	"TCRBV15-1*2"	"TCRBD2-1*2"	"TCRBJ2-1*1"	41	45	54	59	4	5	NA	NA	"CTGGGGGACGCAGCCATGTACCTGTGTGCCACCAGCAGAGATGGTGCGGGAGGGCAGAGCTCCTACAATGAGCAGTTCTTCGGGCCA"	FALSE	TRUE	NA	NA	NA	NA
"ACTGTGAGCAACATGAGCCCTGAAGACAGCAGCATATATCTCTGCAGCGTTGAATTAGGATTATACAATGAGCAGTTCTTCGGGCCA"	"CSVELGLYNEQFF"	"ACTGTGAGCAACATGAGCCCTGAAGACAGCAGCATATATCTCTGCAGCGTTGAATTAGGATTATACAATGAGCAGTTCTTCGGGCCA"	"CSVELGLYNEQFF"	"TCRBV29-1"	NA	"TCRBJ2-1*1"	54	57	60	63	3	3	NA	NA	"ACTGTGAGCAACATGAGCCCTGAAGACAGCAGCATATATCTCTGCAGCGTTGAATTAGGATTATACAATGAGCAGTTCTTCGGGCCA"	FALSE	TRUE	NA	NA	NA	NA
"ATCCAGCCTGCAAAGCTTGAGGACTCGGCCGTGTATCTCTGTGCCAGCAGCTTAGATCTCGGTCTACAGCCCCAGCATTTTGGTGAT"	"CASSLDLGLQPQHF"	"ATCCAGCCTGCAAAGCTTGAGGACTCGGCCGTGTATCTCTGTGCCAGCAGCTTAGATCTCGGTCTACAGCCCCAGCATTTTGGTGAT"	"CASSLDLGLQPQHF"	"TCRBV11-2*1"	"TCRBD2-1"	"TCRBJ1-5*1"	56	63	-1	66	7	67	NA	NA	"ATCCAGCCTGCAAAGCTTGAGGACTCGGCCGTGTATCTCTGTGCCAGCAGCTTAGATCTCGGTCTACAGCCCCAGCATTTTGGTGAT"	FALSE	TRUE	NA	NA	NA	NA
"CAGGTAGTGCGAGGAGATTCGGCAGCTTATTTCTGTGCCAGCTCACCCACCGGGACTAGCTTTCCCTACGAGCAGTACTTCGGGCCG"	"CASSPTGTSFPYEQYF"	"CAGGTAGTGCGAGGAGATTCGGCAGCTTATTTCTGTGCCAGCTCACCCACCGGGACTAGCTTTCCCTACGAGCAGTACTTCGGGCCG"	"CASSPTGTSFPYEQYF"	"TCRBV18-1*1"	"TCRBD2-1"	"TCRBJ2-7*1"	47	51	60	64	4	4	NA	NA	"CAGGTAGTGCGAGGAGATTCGGCAGCTTATTTCTGTGCCAGCTCACCCACCGGGACTAGCTTTCCCTACGAGCAGTACTTCGGGCCG"	FALSE	TRUE	NA	NA	NA	NA
"AAGATCCAGCCCTCAGAACCCAGGGACTCAGCTGTGTACTTCTGTGCCAGCAGTTTACAAAACACCGGGGAGCTGTTTTTTGGAGAA"	"CASSLQNTGELFF"	"AAGATCCAGCCCTCAGAACCCAGGGACTCAGCTGTGTACTTCTGTGCCAGCAGTTTACAAAACACCGGGGAGCTGTTTTTTGGAGAA"	"CASSLQNTGELFF"	"TCRBV12-3/12-4*1"	"TCRBD1-1*1"	"TCRBJ2-2*1"	-1	57	59	60	58	1	NA	NA	"AAGATCCAGCCCTCAGAACCCAGGGACTCAGCTGTGTACTTCTGTGCCAGCAGTTTACAAAACACCGGGGAGCTGTTTTTTGGAGAA"	FALSE	TRUE	NA	NA	NA	NA
"GAGTCCGCCAGCACCAACCAGACATCTATGTACCTCTGTGCCAGCTCACAGGGGGGGCTAGCCAAAAACATTCAGTACTTCGGCGCC"	"CASSQGGLAKNIQYF"	"GAGTCCGCCAGCACCAACCAGACATCTATGTACCTCTGTGCCAGCTCACAGGGGGGGCTAGCCAAAAACATTCAGTACTTCGGCGCC"	"CASSQGGLAKNIQYF"	"TCRBV28-1*1"	"TCRBD1-1*1"	"TCRBJ2-4*1"	45	47	55	59	2	4	NA	NA	"GAGTCCGCCAGCACCAACCAGACATCTATGTACCTCTGTGCCAGCTCACAGGGGGGGCTAGCCAAAAACATTCAGTACTTCGGCGCC"	FALSE	TRUE	NA	NA	NA	NA
"GAGATCCAGCGCACAGAGCAGGGGGACTCGGCCATGTATCTCTGTGCCAGCAGCTTCAAGGGGAACACTGAAGCTTTCTTTGGACAA"	"CASSFKGNTEAFF"	"GAGATCCAGCGCACAGAGCAGGGGGACTCGGCCATGTATCTCTGTGCCAGCAGCTTCAAGGGGAACACTGAAGCTTTCTTTGGACAA"	"CASSFKGNTEAFF"	"TCRBV7-9*1"	NA	"TCRBJ1-1*1"	56	58	-1	62	2	63	NA	NA	"GAGATCCAGCGCACAGAGCAGGGGGACTCGGCCATGTATCTCTGTGCCAGCAGCTTCAAGGGGAACACTGAAGCTTTCTTTGGACAA"	FALSE	TRUE	NA	NA	NA	NA
"AGTGCCCATCCTGAAGACAGCAGCTTCTACATCTGCAGTGCTAGAGATTTAGGTAGCGGGGCCTACAATGAGCAGTTCTTCGGGCCA"	"CSARDLGSGAYNEQFF"	"AGTGCCCATCCTGAAGACAGCAGCTTCTACATCTGCAGTGCTAGAGATTTAGGTAGCGGGGCCTACAATGAGCAGTTCTTCGGGCCA"	"CSARDLGSGAYNEQFF"	NA	"TCRBD2-1*1"	"TCRBJ2-1*1"	47	53	-1	61	6	62	NA	NA	"AGTGCCCATCCTGAAGACAGCAGCTTCTACATCTGCAGTGCTAGAGATTTAGGTAGCGGGGCCTACAATGAGCAGTTCTTCGGGCCA"	FALSE	TRUE	NA	NA	NA	NA
"CAGAGCAAGGGCGACTCGGCTGTGTATCTCTGTGCCAGAAGCTTAGGGCCTGACAGGGGCACTACCTACGAGCAGTACTTCGGGCCG"	"CARSLGPDRGTTYEQYF"	"CAGAGCAAGGGCGACTCGGCTGTGTATCTCTGTGCCAGAAGCTTAGGGCCTGACAGGGGCACTACCTACGAGCAGTACTTCGGGCCG"	"CARSLGPDRGTTYEQYF"	"TCRBV7-5*1"	"TCRBD1-1*1"	"TCRBJ2-7*1"	46	51	59	64	5	5	NA	NA	"CAGAGCAAGGGCGACTCGGCTGTGTATCTCTGTGCCAGAAGCTTAGGGCCTGACAGGGGCACTACCTACGAGCAGTACTTCGGGCCG"	FALSE	TRUE	NA	NA	NA	NA
"TGCTGTACCCTCTCAGACATCTGTGTACTTCTGTGCCAGCAGTGACGAGGGGAAAATGATAGCAATCAGCCCCAGCATTTTGGTGAT"	""	"TGCTGTACCCTCTCAGACATCTGTGTACTTCTGTGCCAGCAGTGACGAGGGGAAAATGATAGCAATCAGCCCCAGCATTTTGGTGAT"	""	"TCRBV6-4*1"	NA	"TCRBJ1-5*1"	46	47	52	59	1	7	NA	NA	"TGCTGTACCCTCTCAGACATCTGTGTACTTCTGTGCCAGCAGTGACGAGGGGAAAATGATAGCAATCAGCCCCAGCATTTTGGTGAT"	FALSE	FALSE	NA	NA	NA	NA
"GTGACATCGGCCCAAAAGAACCCGACAGCTTTCTATCTCTGTGCCAGTAGCCCACAGGGGTACACCGGGGAGCTGTTTTTTGGAGAA"	"CASSPQGYTGELFF"	"GTGACATCGGCCCAAAAGAACCCGACAGCTTTCTATCTCTGTGCCAGTAGCCCACAGGGGTACACCGGGGAGCTGTTTTTTGGAGAA"	"CASSPQGYTGELFF"	"TCRBV19-1*1"	"TCRBD1-1*1"	"TCRBJ2-2*1"	50	53	60	61	3	1	NA	NA	"GTGACATCGGCCCAAAAGAACCCGACAGCTTTCTATCTCTGTGCCAGTAGCCCACAGGGGTACACCGGGGAGCTGTTTTTTGGAGAA"	FALSE	TRUE	NA	NA	NA	NA
"GCAGAACTGGAGGATTCTGGAGTTTATTTCTGTGCCAGCAGCCGCCGTGCCAGCAGCCAAGGCTTGGGAGGAGCTTTCTTTGGACAA"	"CASSRRASSQGLGGAFF"	"GCAGAACTGGAGGATTCTGGAGTTTATTTCTGTGCCAGCAGCCGCCGTGCCAGCAGCCAAGGCTTGGGAGGAGCTTTCTTTGGACAA"	"CASSRRASSQGLGGAFF"	"TCRBV14-1*1"	"TCRBD2-1*2"	"TCRBJ1-1*1"	43	65	-1	71	22	72	NA	NA	"GCAGAACTGGAGGATTCTGGAGTTTATTTCTGTGCCAGCAGCCGCCGTGCCAGCAGCCAAGGCTTGGGAGGAGCTTTCTTTGGACAA"	FALSE	TRUE	NA	NA	NA	NA
"AGCGCACACAGCAGGAGGACTCGGCCGTGTATCTCTGTGCCAGCCCCGTAAAGGAATCTAGTAAAAGAGACCCAGTACTTCGGGCCA"	""	"AGCGCACACAGCAGGAGGACTCGGCCGTGTATCTCTGTGCCAGCCCCGTAAAGGAATCTAGTAAAAGAGACCCAGTACTTCGGGCCA"	""	"TCRBV7-2"	"TCRBD2-1"	"TCRBJ2-5*1"	44	57	61	64	13	3	NA	NA	"AGCGCACACAGCAGGAGGACTCGGCCGTGTATCTCTGTGCCAGCCCCGTAAAGGAATCTAGTAAAAGAGACCCAGTACTTCGGGCCA"	FALSE	FALSE	NA	NA	NA	NA
"GTGACATCGGCCCAAAAGAACCCGACAGCTTTCTATCTCTGTGCCAGTAGTATTCCCGACAGGGCCTATGGCTACACCTTCGGTTCG"	"CASSIPDRAYGYTF"	"GTGACATCGGCCCAAAAGAACCCGACAGCTTTCTATCTCTGTGCCAGTAGTATTCCCGACAGGGCCTATGGCTACACCTTCGGTTCG"	"CASSIPDRAYGYTF"	"TCRBV19-1*1"	"TCRBD1-1*1"	"TCRBJ1-2*1"	53	57	64	65	4	1	NA	NA	"GTGACATCGGCCCAAAAGAACCCGACAGCTTTCTATCTCTGTGCCAGTAGTATTCCCGACAGGGCCTATGGCTACACCTTCGGTTCG"	FALSE	TRUE	NA	NA	NA	NA
"ATGTGAGCACCTTGGAGCTGGGGGACTCGGCCCTTTATCTTTGCGCCAGTCTGCTAGGACGGTGGAAACACCATATATTTTGGAGAG"	""	"ATGTGAGCACCTTGGAGCTGGGGGACTCGGCCCTTTATCTTTGCGCCAGTCTGCTAGGACGGTGGAAACACCATATATTTTGGAGAG"	""	"TCRBV5-1*1"	NA	"TCRBJ1-3*1"	49	56	60	62	7	2	NA	NA	"ATGTGAGCACCTTGGAGCTGGGGGACTCGGCCCTTTATCTTTGCGCCAGTCTGCTAGGACGGTGGAAACACCATATATTTTGGAGAG"	FALSE	FALSE	NA	NA	NA	NA
"ATCCGGTCCACAAAGCTGGAGGACTCAGCCATGTACTTCTGTGCCAGCAGTGGACAGATCAAGAACACTGAAGCTTTCTTTGGACAA"	"CASSGQIKNTEAFF"	"ATCCGGTCCACAAAGCTGGAGGACTCAGCCATGTACTTCTGTGCCAGCAGTGGACAGATCAAGAACACTGAAGCTTTCTTTGGACAA"	"CASSGQIKNTEAFF"	"TCRBV2-1"	"TCRBD1-1*1"	"TCRBJ1-1*1"	-1	52	57	62	53	5	NA	NA	"ATCCGGTCCACAAAGCTGGAGGACTCAGCCATGTACTTCTGTGCCAGCAGTGGACAGATCAAGAACACTGAAGCTTTCTTTGGACAA"	FALSE	TRUE	NA	NA	NA	NA
"ATCCGCTCACCAGGCCTGGGGGACGCAGCCATGTACCTGTGTGCCACCAGGGGGGGCAGGGGTGAAGAGACCCAGTACTTCGGGCCA"	"CATRGGRGEETQYF"	"ATCCGCTCACCAGGCCTGGGGGACGCAGCCATGTACCTGTGTGCCACCAGGGGGGGCAGGGGTGAAGAGACCCAGTACTTCGGGCCA"	"CATRGGRGEETQYF"	"TCRBV15-1*2"	NA	"TCRBJ2-5*1"	50	56	62	64	6	2	NA	NA	"ATCCGCTCACCAGGCCTGGGGGACGCAGCCATGTACCTGTGTGCCACCAGGGGGGGCAGGGGTGAAGAGACCCAGTACTTCGGGCCA"	FALSE	TRUE	NA	NA	NA	NA
"GAGTCAGGGGACACAGCACTGTATTTCTGTGCCAGCAGCAAATCCCCAATAGTAGCGGAGAGCACAGATACGCAGTATTTTGGCCCA"	"CASSKSPIVAESTDTQYF"	"GAGTCAGGGGACACAGCACTGTATTTCTGTGCCAGCAGCAAATCCCCAATAGTAGCGGAGAGCACAGATACGCAGTATTTTGGCCCA"	"CASSKSPIVAESTDTQYF"	"TCRBV21-1*1"	"TCRBD2-1"	"TCRBJ2-3*1"	42	52	58	60	10	2	NA	NA	"GAGTCAGGGGACACAGCACTGTATTTCTGTGCCAGCAGCAAATCCCCAATAGTAGCGGAGAGCACAGATACGCAGTATTTTGGCCCA"	FALSE	TRUE	NA	NA	NA	NA
"ACCTGAGCTCTCTGGAGCTGGGGGACTCAGCTTTGTATTTCTGTGCCAGCAGGGGGAACTAGAGCTCACGAGCAGTACTTCGGGCCG"	""	"ACCTGAGCTCTCTGGAGCTGGGGGACTCAGCTTTGTATTTCTGTGCCAGCAGGGGGAACTAGAGCTCACGAGCAGTACTTCGGGCCG"	""	"TCRBV9-1*1"	"TCRBD2-1"	"TCRBJ2-7*1"	52	57	62	67	5	5	NA	NA	"ACCTGAGCTCTCTGGAGCTGGGGGACTCAGCTTTGTATTTCTGTGCCAGCAGGGGGAACTAGAGCTCACGAGCAGTACTTCGGGCCG"	FALSE	FALSE	NA	NA	NA	NA
"GTGACATCGGCCCAAAAGAACCCGACAGCTTTCTATCTCTGTGCCAGTAGTATATGAGGGGAGGCAGGTGAGCAGTTCTTCGGGCCA"	"CASSI*GEAGEQFF"	"GTGACATCGGCCCAAAAGAACCCGACAGCTTTCTATCTCTGTGCCAGTAGTATATGAGGGGAGGCAGGTGAGCAGTTCTTCGGGCCA"	"CASSI*GEAGEQFF"	"TCRBV19-1*1"	"TCRBD2-1*2"	"TCRBJ2-1*1"	54	58	64	68	4	4	NA	NA	"GTGACATCGGCCCAAAAGAACCCGACAGCTTTCTATCTCTGTGCCAGTAGTATATGAGGGGAGGCAGGTGAGCAGTTCTTCGGGCCA"	FALSE	TRUE	NA	NA	NA	NA
"CTGGAGTCGCCCAGCCCCAACCAGACCTCTCTGTACTTCTGTGCCAGCAAGGCTGGGGGCGCCAATTCACCCCTCCACTTTGGGAAT"	"CASKAGGANSPLHF"	"CTGGAGTCGCCCAGCCCCAACCAGACCTCTCTGTACTTCTGTGCCAGCAAGGCTGGGGGCGCCAATTCACCCCTCCACTTTGGGAAT"	"CASKAGGANSPLHF"	"TCRBV27-1*1"	"TCRBD1-1*1"	"TCRBJ1-6*1"	49	54	60	63	5	3	NA	NA	"CTGGAGTCGCCCAGCCCCAACCAGACCTCTCTGTACTTCTGTGCCAGCAAGGCTGGGGGCGCCAATTCACCCCTCCACTTTGGGAAT"	FALSE	TRUE	NA	NA	NA	NA
"TCGGCCCAAAAGAACCCGACAGCTTTCTATCTCTGTGCCAGTAGTCTTATGCGGCTGGACGGATATGAAAAACTGTTTTTTGGCAGT"	"CASSLMRLDGYEKLFF"	"TCGGCCCAAAAGAACCCGACAGCTTTCTATCTCTGTGCCAGTAGTCTTATGCGGCTGGACGGATATGAAAAACTGTTTTTTGGCAGT"	"CASSLMRLDGYEKLFF"	"TCRBV19-1*1"	NA	"TCRBJ1-4*1"	45	56	60	64	11	4	NA	NA	"TCGGCCCAAAAGAACCCGACAGCTTTCTATCTCTGTGCCAGTAGTCTTATGCGGCTGGACGGATATGAAAAACTGTTTTTTGGCAGT"	FALSE	TRUE	NA	NA	NA	NA
"NTGAAGATCCAGCCCTCAGAACCCAGGGACTCAGCTGTGTATTTTTGTGCTAGTGGTTCCGGACTGGCCGGCTACACCTTCGGTTCG"	"CASGSGLAGYTF"	"NTGAAGATCCAGCCCTCAGAACCCAGGGACTCAGCTGTGTATTTTTGTGCTAGTGGTTCCGGACTGGCCGGCTACACCTTCGGTTCG"	"CASGSGLAGYTF"	"TCRBV12-5*1"	"TCRBD2-1"	"TCRBJ1-2*1"	58	60	65	69	2	4	NA	NA	"NTGAAGATCCAGCCCTCAGAACCCAGGGACTCAGCTGTGTATTTTTGTGCTAGTGGTTCCGGACTGGCCGGCTACACCTTCGGTTCG"	FALSE	TRUE	NA	NA	NA	NA
"GAGCTTGGTGACTCTGCTGTGTATTTCTGTGCCAGCAGCCCTAGGACTAGCGGGAGAGGAGAACCCTACGAGCAGTACTTCGGGCCG"	"CASSPRTSGRGEPYEQYF"	"GAGCTTGGTGACTCTGCTGTGTATTTCTGTGCCAGCAGCCCTAGGACTAGCGGGAGAGGAGAACCCTACGAGCAGTACTTCGGGCCG"	"CASSPRTSGRGEPYEQYF"	"TCRBV3-1/3-2*1"	"TCRBD2-1*2"	"TCRBJ2-7*1"	40	43	56	64	3	8	NA	NA	"GAGCTTGGTGACTCTGCTGTGTATTTCTGTGCCAGCAGCCCTAGGACTAGCGGGAGAGGAGAACCCTACGAGCAGTACTTCGGGCCG"	FALSE	TRUE	NA	NA	NA	NA
"AGTGCCCATCCTGAAGACAGCAGCTTCTACATCTGCAGTGCTAGAGATCGGTGGGGGAGTACACCCTACGAGCAGTACTTCGGGCCG"	"CSARDRWGSTPYEQYF"	"AGTGCCCATCCTGAAGACAGCAGCTTCTACATCTGCAGTGCTAGAGATCGGTGGGGGAGTACACCCTACGAGCAGTACTTCGGGCCG"	"CSARDRWGSTPYEQYF"	NA	NA	"TCRBJ2-7*1"	47	52	57	64	5	7	NA	NA	"AGTGCCCATCCTGAAGACAGCAGCTTCTACATCTGCAGTGCTAGAGATCGGTGGGGGAGTACACCCTACGAGCAGTACTTCGGGCCG"	FALSE	TRUE	NA	NA	NA	NA
"TCCTGGAGTCGCCCAGCCCCAACCAGACCTCTCTGTACTTCTGTGCCAGCAGCTCCAGCGGGAAACTACGAGCAGTACTTCGGGCCG"	""	"TCCTGGAGTCGCCCAGCCCCAACCAGACCTCTCTGTACTTCTGTGCCAGCAGCTCCAGCGGGAAACTACGAGCAGTACTTCGGGCCG"	""	"TCRBV27-1*1"	"TCRBD2-1*2"	"TCRBJ2-7*1"	52	56	63	65	4	2	NA	NA	"TCCTGGAGTCGCCCAGCCCCAACCAGACCTCTCTGTACTTCTGTGCCAGCAGCTCCAGCGGGAAACTACGAGCAGTACTTCGGGCCG"	FALSE	FALSE	NA	NA	NA	NA
"CTGATTCTGGAGTCCGCCAGCACCAACCAGACATCTATGTACCTCTGTGCCAGCAGTAGGGAATACAATGAGCAGTTCTTCGGGCCA"	"CASSREYNEQFF"	"CTGATTCTGGAGTCCGCCAGCACCAACCAGACATCTATGTACCTCTGTGCCAGCAGTAGGGAATACAATGAGCAGTTCTTCGGGCCA"	"CASSREYNEQFF"	"TCRBV28-1*1"	NA	"TCRBJ2-1*1"	57	58	62	63	1	1	NA	NA	"CTGATTCTGGAGTCCGCCAGCACCAACCAGACATCTATGTACCTCTGTGCCAGCAGTAGGGAATACAATGAGCAGTTCTTCGGGCCA"	FALSE	TRUE	NA	NA	NA	NA
"CAGCCTGCAGAGCTTGGGGACTCGGCCGTGTATCTCTGTGCCAGCAGCTTAGACAGGGGACCGTACAATGAGCAGTTCTTCGGGCCA"	"CASSLDRGPYNEQFF"	"CAGCCTGCAGAGCTTGGGGACTCGGCCGTGTATCTCTGTGCCAGCAGCTTAGACAGGGGACCGTACAATGAGCAGTTCTTCGGGCCA"	"CASSLDRGPYNEQFF"	"TCRBV11-3*1"	"TCRBD1-1*1"	"TCRBJ2-1*1"	-1	53	59	63	54	4	NA	NA	"CAGCCTGCAGAGCTTGGGGACTCGGCCGTGTATCTCTGTGCCAGCAGCTTAGACAGGGGACCGTACAATGAGCAGTTCTTCGGGCCA"	FALSE	TRUE	NA	NA	NA	NA
"ATCCAGCAGGTAGTGCGAGGAGATTCGGCAGCTTATTTCTGTGCCAGCTCACCGGACGGGAGGGCCTCCGAGCAGTACTTCGGGCCG"	"CASSPDGRASEQYF"	"ATCCAGCAGGTAGTGCGAGGAGATTCGGCAGCTTATTTCTGTGCCAGCTCACCGGACGGGAGGGCCTCCGAGCAGTACTTCGGGCCG"	"CASSPDGRASEQYF"	"TCRBV18-1*1"	"TCRBD2-1*2"	"TCRBJ2-7*1"	53	56	64	68	3	4	NA	NA	"ATCCAGCAGGTAGTGCGAGGAGATTCGGCAGCTTATTTCTGTGCCAGCTCACCGGACGGGAGGGCCTCCGAGCAGTACTTCGGGCCG"	FALSE	TRUE	NA	NA	NA	NA
"GTGACATCGGCCCAAAAGAACCCGACAGCTTTCTATCTCTGTGCCAGTAGTTCCAGGACACGGGGCGGCGAGCAGTACTTCGGGCCG"	"CASSSRTRGGEQYF"	"GTGACATCGGCCCAAAAGAACCCGACAGCTTTCTATCTCTGTGCCAGTAGTTCCAGGACACGGGGCGGCGAGCAGTACTTCGGGCCG"	"CASSSRTRGGEQYF"	"TCRBV19-1*1"	NA	"TCRBJ2-7*1"	51	55	60	68	4	8	NA	NA	"GTGACATCGGCCCAAAAGAACCCGACAGCTTTCTATCTCTGTGCCAGTAGTTCCAGGACACGGGGCGGCGAGCAGTACTTCGGGCCG"	FALSE	TRUE	NA	NA	NA	NA
"TCAGAACCCAGGGACTCAGCTGTGTACTTCTGTGCCAGCAGTTTTGCTGGGGCAGGGCGGTATAATTCACCCCTCCACTTTGGGAAT"	"CASSFAGAGRYNSPLHF"	"TCAGAACCCAGGGACTCAGCTGTGTACTTCTGTGCCAGCAGTTTTGCTGGGGCAGGGCGGTATAATTCACCCCTCCACTTTGGGAAT"	"CASSFAGAGRYNSPLHF"	NA	"TCRBD1-1*1"	"TCRBJ1-6*1"	44	52	57	60	8	3	NA	NA	"TCAGAACCCAGGGACTCAGCTGTGTACTTCTGTGCCAGCAGTTTTGCTGGGGCAGGGCGGTATAATTCACCCCTCCACTTTGGGAAT"	FALSE	TRUE	NA	NA	NA	NA
"TCCGGTCCACAAAGCTGGAGGACTCAGCCATGTACTTCTGTGCCAGCAGCCCAGGGGGCGGGAGAAGAGACCCAGTACTTCGGGCCA"	""	"TCCGGTCCACAAAGCTGGAGGACTCAGCCATGTACTTCTGTGCCAGCAGCCCAGGGGGCGGGAGAAGAGACCCAGTACTTCGGGCCA"	""	"TCRBV2-1"	"TCRBD1-1*1"	"TCRBJ2-5*1"	49	51	59	64	2	5	NA	NA	"TCCGGTCCACAAAGCTGGAGGACTCAGCCATGTACTTCTGTGCCAGCAGCCCAGGGGGCGGGAGAAGAGACCCAGTACTTCGGGCCA"	FALSE	FALSE	NA	NA	NA	NA
"ACAGTGACCAGTGCCCATCCTGAAGACAGCAGCTTCTACATCTGCAGTGCTAGACGGACAGGGAGCTATGGCTACACCTTCGGTTCG"	"CSARRTGSYGYTF"	"ACAGTGACCAGTGCCCATCCTGAAGACAGCAGCTTCTACATCTGCAGTGCTAGACGGACAGGGAGCTATGGCTACACCTTCGGTTCG"	"CSARRTGSYGYTF"	NA	"TCRBD1-1*1"	"TCRBJ1-2*1"	54	55	63	65	1	2	NA	NA	"ACAGTGACCAGTGCCCATCCTGAAGACAGCAGCTTCTACATCTGCAGTGCTAGACGGACAGGGAGCTATGGCTACACCTTCGGTTCG"	FALSE	TRUE	NA	NA	NA	NA
"ACTGTGAGCAACATGAGCCCTGAAGACAGCAGCATATATCTCTGCAGCGTTGAAGTTGGACCTCAGGGAGACCAGCATTTTGGTGAT"	"CSVEVGPQGDQHF"	"ACTGTGAGCAACATGAGCCCTGAAGACAGCAGCATATATCTCTGCAGCGTTGAAGTTGGACCTCAGGGAGACCAGCATTTTGGTGAT"	"CSVEVGPQGDQHF"	"TCRBV29-1"	NA	"TCRBJ1-5*1"	55	63	68	71	8	3	NA	NA	"ACTGTGAGCAACATGAGCCCTGAAGACAGCAGCATATATCTCTGCAGCGTTGAAGTTGGACCTCAGGGAGACCAGCATTTTGGTGAT"	FALSE	TRUE	NA	NA	NA	NA
"CGGTCCACAAAGCTGGAGGACTCAGCCATGTACTTCTGTGCCAGCCGGGACGGGTTGCCGAACACCGGGGAGCTGTTTTTTGGAGAA"	"CASRDGLPNTGELFF"	"CGGTCCACAAAGCTGGAGGACTCAGCCATGTACTTCTGTGCCAGCCGGGACGGGTTGCCGAACACCGGGGAGCTGTTTTTTGGAGAA"	"CASRDGLPNTGELFF"	"TCRBV2-1"	NA	"TCRBJ2-2*1"	45	46	51	58	1	7	NA	NA	"CGGTCCACAAAGCTGGAGGACTCAGCCATGTACTTCTGTGCCAGCCGGGACGGGTTGCCGAACACCGGGGAGCTGTTTTTTGGAGAA"	FALSE	TRUE	NA	NA	NA	NA
"CAGTGACCAGTGCCCATCCTGAAGACAGCAGCTTCTACATCTGCAGTGCTAGATGGGGGGGGGCACGAGACCCAGTACTTCGGGCCA"	""	"CAGTGACCAGTGCCCATCCTGAAGACAGCAGCTTCTACATCTGCAGTGCTAGATGGGGGGGGGCACGAGACCCAGTACTTCGGGCCA"	""	NA	"TCRBD2-1*1"	"TCRBJ2-5*1"	53	54	61	66	1	5	NA	NA	"CAGTGACCAGTGCCCATCCTGAAGACAGCAGCTTCTACATCTGCAGTGCTAGATGGGGGGGGGCACGAGACCCAGTACTTCGGGCCA"	FALSE	FALSE	NA	NA	NA	NA
"GTGACCAGTGCCCATCCTGAAGACAGCAGCTTCTACATCTGCAGTGCTAGAGGGCTAGCCGGTTACAATGAGCAGTTCTTCGGGCCA"	"CSARGLAGYNEQFF"	"GTGACCAGTGCCCATCCTGAAGACAGCAGCTTCTACATCTGCAGTGCTAGAGGGCTAGCCGGTTACAATGAGCAGTTCTTCGGGCCA"	"CSARGLAGYNEQFF"	NA	"TCRBD2-1"	"TCRBJ2-1*1"	52	54	59	63	2	4	NA	NA	"GTGACCAGTGCCCATCCTGAAGACAGCAGCTTCTACATCTGCAGTGCTAGAGGGCTAGCCGGTTACAATGAGCAGTTCTTCGGGCCA"	FALSE	TRUE	NA	NA	NA	NA
"ATCCAGCGCACACAGCAGGAGGACTCGGCCGTGTATCTCTGTGCCAGCAGCCCTTCGACAGGGACAAACATTCAGTACTTCGGCGCC"	"CASSPSTGTNIQYF"	"ATCCAGCGCACACAGCAGGAGGACTCGGCCGTGTATCTCTGTGCCAGCAGCCCTTCGACAGGGACAAACATTCAGTACTTCGGCGCC"	"CASSPSTGTNIQYF"	"TCRBV7-2"	"TCRBD1-1*1"	"TCRBJ2-4*1"	51	56	63	65	5	2	NA	NA	"ATCCAGCGCACACAGCAGGAGGACTCGGCCGTGTATCTCTGTGCCAGCAGCCCTTCGACAGGGACAAACATTCAGTACTTCGGCGCC"	FALSE	TRUE	NA	NA	NA	NA
"AATTCCCTGGAGCTTGGTGACTCTGCTGTGTATTTCTGTGCCAGCAGCTTAACTCGCGGGAAGAGGAATGAGCAGTTCTTCGGGCCA"	"CASSLTRGKRNEQFF"	"AATTCCCTGGAGCTTGGTGACTCTGCTGTGTATTTCTGTGCCAGCAGCTTAACTCGCGGGAAGAGGAATGAGCAGTTCTTCGGGCCA"	"CASSLTRGKRNEQFF"	"TCRBV3-1/3-2*1"	"TCRBD2-1*2"	"TCRBJ2-1*1"	48	55	61	66	7	5	NA	NA	"AATTCCCTGGAGCTTGGTGACTCTGCTGTGTATTTCTGTGCCAGCAGCTTAACTCGCGGGAAGAGGAATGAGCAGTTCTTCGGGCCA"	FALSE	TRUE	NA	NA	NA	NA
"ATCCAGCGCACAGAGCAGGGGGACTCGGCCATGTATCTCTGTGCCAGCAGGCCCTCAGGGGTCCACGAGACCCAGTACTTCGGGCCA"	"CASRPSGVHETQYF"	"ATCCAGCGCACAGAGCAGGGGGACTCGGCCATGTATCTCTGTGCCAGCAGGCCCTCAGGGGTCCACGAGACCCAGTACTTCGGGCCA"	"CASRPSGVHETQYF"	"TCRBV7-9*1"	"TCRBD1-1*1"	"TCRBJ2-5*1"	50	55	61	66	5	5	NA	NA	"ATCCAGCGCACAGAGCAGGGGGACTCGGCCATGTATCTCTGTGCCAGCAGGCCCTCAGGGGTCCACGAGACCCAGTACTTCGGGCCA"	FALSE	TRUE	NA	NA	NA	NA
"AACGCCTTGTTGCTGGGGGACTCGGCCCTGTATCTCTGTGCCAGCAGCCACCGATGGGGGGAATGGTATACGCAGTATTTTGGCCCA"	"CASSHRWGEWYTQYF"	"AACGCCTTGTTGCTGGGGGACTCGGCCCTGTATCTCTGTGCCAGCAGCCACCGATGGGGGGAATGGTATACGCAGTATTTTGGCCCA"	"CASSHRWGEWYTQYF"	"TCRBV5-5*1"	"TCRBD2-1*1"	"TCRBJ2-3*1"	48	55	61	67	7	6	NA	NA	"AACGCCTTGTTGCTGGGGGACTCGGCCCTGTATCTCTGTGCCAGCAGCCACCGATGGGGGGAATGGTATACGCAGTATTTTGGCCCA"	FALSE	TRUE	NA	NA	NA	NA
"GAGCTCTCTGGAGCTGGGGGACTCAGCTTTGTATTTCTGTGCCAGCAGCGTAGGTTCAGACAGAAAGAGACCCAGTACTTCGGGCCA"	""	"GAGCTCTCTGGAGCTGGGGGACTCAGCTTTGTATTTCTGTGCCAGCAGCGTAGGTTCAGACAGAAAGAGACCCAGTACTTCGGGCCA"	""	"TCRBV9-1*1"	"TCRBD1-1*1"	"TCRBJ2-5*1"	53	58	63	64	5	1	NA	NA	"GAGCTCTCTGGAGCTGGGGGACTCAGCTTTGTATTTCTGTGCCAGCAGCGTAGGTTCAGACAGAAAGAGACCCAGTACTTCGGGCCA"	FALSE	FALSE	NA	NA	NA	NA
"ATTCTGGAGTCCGCCAGCACCAACCAGACATCTATGTACCTCTGTGCCAGCAGTTTAGGAAGAATTGCGGGCTACACCTTCGGTTCG"	"CASSLGRIAGYTF"	"ATTCTGGAGTCCGCCAGCACCAACCAGACATCTATGTACCTCTGTGCCAGCAGTTTAGGAAGAATTGCGGGCTACACCTTCGGTTCG"	"CASSLGRIAGYTF"	"TCRBV28-1*1"	NA	"TCRBJ1-2*1"	-1	57	60	69	58	9	NA	NA	"ATTCTGGAGTCCGCCAGCACCAACCAGACATCTATGTACCTCTGTGCCAGCAGTTTAGGAAGAATTGCGGGCTACACCTTCGGTTCG"	FALSE	TRUE	NA	NA	NA	NA
"AGAGTCTGCCATCCCCAACCAGACAGCTCTTTACTTCTGTGCCACCACCTTGGAAGGGACTACCCTTACGAGCAGTACTTCGGGCCG"	""	"AGAGTCTGCCATCCCCAACCAGACAGCTCTTTACTTCTGTGCCACCACCTTGGAAGGGACTACCCTTACGAGCAGTACTTCGGGCCG"	""	"TCRBV24-1*1"	"TCRBD2-1"	"TCRBJ2-7*1"	47	55	62	66	8	4	NA	NA	"AGAGTCTGCCATCCCCAACCAGACAGCTCTTTACTTCTGTGCCACCACCTTGGAAGGGACTACCCTTACGAGCAGTACTTCGGGCCG"	FALSE	FALSE	NA	NA	NA	NA
"AAGCTCCTTCTCAGTGACTCTGGCTTCTATCTCTGTGCCTGGAGCGTAGCGGGAGGACTTCTACGCAATGAGCAGTTCTTCGGGCCA"	"CAWSVAGGLLRNEQFF"	"AAGCTCCTTCTCAGTGACTCTGGCTTCTATCTCTGTGCCTGGAGCGTAGCGGGAGGACTTCTACGCAATGAGCAGTTCTTCGGGCCA"	"CAWSVAGGLLRNEQFF"	"TCRBV3-1*1"	"TCRBD2-1*2"	"TCRBJ2-1*1"	44	46	56	65	2	9	NA	NA	"AAGCTCCTTCTCAGTGACTCTGGCTTCTATCTCTGTGCCTGGAGCGTAGCGGGAGGACTTCTACGCAATGAGCAGTTCTTCGGGCCA"	FALSE	TRUE	NA	NA	NA	NA
"TCTGCCATCCCCAACCAGACAGCTCTTTACTTCTGTGCCACCAGTGACCGCCCGGGACAGTTTAATGAAAAACTGTTTTTTGGCAGT"	"CATSDRPGQFNEKLFF"	"TCTGCCATCCCCAACCAGACAGCTCTTTACTTCTGTGCCACCAGTGACCGCCCGGGACAGTTTAATGAAAAACTGTTTTTTGGCAGT"	"CATSDRPGQFNEKLFF"	"TCRBV24-1*1"	"TCRBD1-1*1"	"TCRBJ1-4*1"	47	53	60	62	6	2	NA	NA	"TCTGCCATCCCCAACCAGACAGCTCTTTACTTCTGTGCCACCAGTGACCGCCCGGGACAGTTTAATGAAAAACTGTTTTTTGGCAGT"	FALSE	TRUE	NA	NA	NA	NA
"CTGGAGTTGGCTGCTCCCTCCCAGACATCTGTGTACTTCTGTGCCAGCAGTTACCGAGGGGGCGAGAATGAGCAGTTCTTCGGGCCA"	"CASSYRGGENEQFF"	"CTGGAGTTGGCTGCTCCCTCCCAGACATCTGTGTACTTCTGTGCCAGCAGTTACCGAGGGGGCGAGAATGAGCAGTTCTTCGGGCCA"	"CASSYRGGENEQFF"	"TCRBV6-6*1"	"TCRBD1-1*1"	"TCRBJ2-1*1"	54	56	63	66	2	3	NA	NA	"CTGGAGTTGGCTGCTCCCTCCCAGACATCTGTGTACTTCTGTGCCAGCAGTTACCGAGGGGGCGAGAATGAGCAGTTCTTCGGGCCA"	FALSE	TRUE	NA	NA	NA	NA
"CTTCACCTACACACCCTGCAGCCAGAAGACTCGGCCCTGTATCTCTGCGCCAGCAGCCAAGTGGGACAGGAGCAGTTCTTCGGGCCA"	"CASSQVGQEQFF"	"CTTCACCTACACACCCTGCAGCCAGAAGACTCGGCCCTGTATCTCTGCGCCAGCAGCCAAGTGGGACAGGAGCAGTTCTTCGGGCCA"	"CASSQVGQEQFF"	"TCRBV4-3*1"	"TCRBD1-1*1"	"TCRBJ2-1*1"	61	62	-1	69	1	70	NA	NA	"CTTCACCTACACACCCTGCAGCCAGAAGACTCGGCCCTGTATCTCTGCGCCAGCAGCCAAGTGGGACAGGAGCAGTTCTTCGGGCCA"	FALSE	TRUE	NA	NA	NA	NA
"ACAGTGACCAGTGCCCATCCTGAAGACAGCAGCTTCTACATCTGCAGTGCCAGGGGACAGGGGGTAGGGACCCAGTACTTCGGGCCA"	"CSARGQGVGTQYF"	"ACAGTGACCAGTGCCCATCCTGAAGACAGCAGCTTCTACATCTGCAGTGCCAGGGGACAGGGGGTAGGGACCCAGTACTTCGGGCCA"	"CSARGQGVGTQYF"	NA	"TCRBD1-1*1"	"TCRBJ2-5*1"	50	53	64	68	3	4	NA	NA	"ACAGTGACCAGTGCCCATCCTGAAGACAGCAGCTTCTACATCTGCAGTGCCAGGGGACAGGGGGTAGGGACCCAGTACTTCGGGCCA"	FALSE	TRUE	NA	NA	NA	NA
"GAGTCCGCCAGCACCAACCAGACATCTATGTACCTCTGTGCCAGCAGTTTAGAAGGGGAAGCTAACTATGGCTACACCTTCGGTTCG"	"CASSLEGEANYGYTF"	"GAGTCCGCCAGCACCAACCAGACATCTATGTACCTCTGTGCCAGCAGTTTAGAAGGGGAAGCTAACTATGGCTACACCTTCGGTTCG"	"CASSLEGEANYGYTF"	"TCRBV28-1*1"	"TCRBD1-1*1"	"TCRBJ1-2*1"	51	53	58	61	2	3	NA	NA	"GAGTCCGCCAGCACCAACCAGACATCTATGTACCTCTGTGCCAGCAGTTTAGAAGGGGAAGCTAACTATGGCTACACCTTCGGTTCG"	FALSE	TRUE	NA	NA	NA	NA
"AAGATCCAGCCTGCAGAGCTTGGGGACTCGGCCATGTATCTCTGTGCCAGCAGCCCTCGAGATGGATACGAGCAGTACTTCGGGCCG"	"CASSPRDGYEQYF"	"AAGATCCAGCCTGCAGAGCTTGGGGACTCGGCCATGTATCTCTGTGCCAGCAGCCCTCGAGATGGATACGAGCAGTACTTCGGGCCG"	"CASSPRDGYEQYF"	"TCRBV11-1*1"	NA	"TCRBJ2-7*1"	54	63	-1	66	9	67	NA	NA	"AAGATCCAGCCTGCAGAGCTTGGGGACTCGGCCATGTATCTCTGTGCCAGCAGCCCTCGAGATGGATACGAGCAGTACTTCGGGCCG"	FALSE	TRUE	NA	NA	NA	NA
"TCGGCTGCTCCCTCCCAGACATCTGTGTACTTCTGTGCCAGCAGTGATCGGGGAGGGTCCACTCGCAATGAGCAGTTCTTCGGGCCA"	"CASSDRGGSTRNEQFF"	"TCGGCTGCTCCCTCCCAGACATCTGTGTACTTCTGTGCCAGCAGTGATCGGGGAGGGTCCACTCGCAATGAGCAGTTCTTCGGGCCA"	"CASSDRGGSTRNEQFF"	"TCRBV6-1*1"	"TCRBD2-1*2"	"TCRBJ2-1*1"	47	50	57	65	3	8	NA	NA	"TCGGCTGCTCCCTCCCAGACATCTGTGTACTTCTGTGCCAGCAGTGATCGGGGAGGGTCCACTCGCAATGAGCAGTTCTTCGGGCCA"	FALSE	TRUE	NA	NA	NA	NA
"GGAGTCAGGGGACACAGCACTGTATTTCTGTGCCAGCAGCACGATCCGGGACACAGATCTAGCACAGATACGCAGTATTTTGGCCCA"	""	"GGAGTCAGGGGACACAGCACTGTATTTCTGTGCCAGCAGCACGATCCGGGACACAGATCTAGCACAGATACGCAGTATTTTGGCCCA"	""	"TCRBV21-1*1"	"TCRBD1-1*1"	"TCRBJ2-3*1"	41	47	53	60	6	7	NA	NA	"GGAGTCAGGGGACACAGCACTGTATTTCTGTGCCAGCAGCACGATCCGGGACACAGATCTAGCACAGATACGCAGTATTTTGGCCCA"	FALSE	FALSE	NA	NA	NA	NA
"CCCTCAGAACCCAGGGACTCAGCTGTGTACTTCTGTGCCAGCAGTGAGCAGGGGGCGGGCGCCTACAATGAGCAGTTCTTCGGGCCA"	"CASSEQGAGAYNEQFF"	"CCCTCAGAACCCAGGGACTCAGCTGTGTACTTCTGTGCCAGCAGTGAGCAGGGGGCGGGCGCCTACAATGAGCAGTTCTTCGGGCCA"	"CASSEQGAGAYNEQFF"	NA	"TCRBD1-1*1"	"TCRBJ2-1*1"	45	48	56	61	3	5	NA	NA	"CCCTCAGAACCCAGGGACTCAGCTGTGTACTTCTGTGCCAGCAGTGAGCAGGGGGCGGGCGCCTACAATGAGCAGTTCTTCGGGCCA"	FALSE	TRUE	NA	NA	NA	NA
"ACATCGGCCCAAAAGAACCCGACAGCTTTCTATCTCTGTGCCAGTAGTACCGGGGGATCTGGAACAGATACGCAGTATTTTGGCCCA"	"CASSTGGSGTDTQYF"	"ACATCGGCCCAAAAGAACCCGACAGCTTTCTATCTCTGTGCCAGTAGTACCGGGGGATCTGGAACAGATACGCAGTATTTTGGCCCA"	"CASSTGGSGTDTQYF"	"TCRBV19-1*1"	"TCRBD2-1*1"	"TCRBJ2-3*1"	49	50	56	63	1	7	NA	NA	"ACATCGGCCCAAAAGAACCCGACAGCTTTCTATCTCTGTGCCAGTAGTACCGGGGGATCTGGAACAGATACGCAGTATTTTGGCCCA"	FALSE	TRUE	NA	NA	NA	NA
"ATCCTGGAGTCGCCCAGCCCCAACCAGACCTCTCTGTACTTCTGTGCCACCTCGAGGGGACAGGGATATGAAGCTTTCTTTGGACAA"	"CATSRGQGYEAFF"	"ATCCTGGAGTCGCCCAGCCCCAACCAGACCTCTCTGTACTTCTGTGCCACCTCGAGGGGACAGGGATATGAAGCTTTCTTTGGACAA"	"CATSRGQGYEAFF"	"TCRBV27-1*1"	"TCRBD1-1*1"	"TCRBJ1-1*1"	49	56	65	68	7	3	NA	NA	"ATCCTGGAGTCGCCCAGCCCCAACCAGACCTCTCTGTACTTCTGTGCCACCTCGAGGGGACAGGGATATGAAGCTTTCTTTGGACAA"	FALSE	TRUE	NA	NA	NA	NA
"CTCTCTGGAGCTGGGGGACTCAGCTTTGTATTTCTGTGCCAGCAGCGTAGGACTAGTAAGAGGGGCAATGAGCAGTTCTTCGGGCCA"	""	"CTCTCTGGAGCTGGGGGACTCAGCTTTGTATTTCTGTGCCAGCAGCGTAGGACTAGTAAGAGGGGCAATGAGCAGTTCTTCGGGCCA"	""	"TCRBV9-1*1"	"TCRBD2-1"	"TCRBJ2-1*1"	-1	50	56	65	51	9	NA	NA	"CTCTCTGGAGCTGGGGGACTCAGCTTTGTATTTCTGTGCCAGCAGCGTAGGACTAGTAAGAGGGGCAATGAGCAGTTCTTCGGGCCA"	FALSE	FALSE	NA	NA	NA	NA
"ACATCGGCCCAAAAGAACCCGACAGCTTTCTATCTCTGTGCCAGTAATTTCTTAGGCTCTGGGGCCAACGTCCTGACTTTCGGGGCC"	"CASNFLGSGANVLTF"	"ACATCGGCCCAAAAGAACCCGACAGCTTTCTATCTCTGTGCCAGTAATTTCTTAGGCTCTGGGGCCAACGTCCTGACTTTCGGGGCC"	"CASNFLGSGANVLTF"	"TCRBV19-1*1"	NA	"TCRBJ2-6*1"	46	53	-1	56	7	57	NA	NA	"ACATCGGCCCAAAAGAACCCGACAGCTTTCTATCTCTGTGCCAGTAATTTCTTAGGCTCTGGGGCCAACGTCCTGACTTTCGGGGCC"	FALSE	TRUE	NA	NA	NA	NA
"ACATCGGCCCAAAAGAACCCGACAGCTTTCTATCTCTGTGCCAGTAAAGAGACAGGGTCGGCTAACTATGGCTACACCTTCGGTTCG"	"CASKETGSANYGYTF"	"ACATCGGCCCAAAAGAACCCGACAGCTTTCTATCTCTGTGCCAGTAAAGAGACAGGGTCGGCTAACTATGGCTACACCTTCGGTTCG"	"CASKETGSANYGYTF"	"TCRBV19-1*1"	"TCRBD1-1*1"	"TCRBJ1-2*1"	46	50	57	61	4	4	NA	NA	"ACATCGGCCCAAAAGAACCCGACAGCTTTCTATCTCTGTGCCAGTAAAGAGACAGGGTCGGCTAACTATGGCTACACCTTCGGTTCG"	FALSE	TRUE	NA	NA	NA	NA
"CAGCGCACAGAGCAGGGGGACTCGGCCATGTATCTCTGTGCCAGCAGAACTAGCGGGAGTGATTACAATGAGCAGTTCTTCGGGCCA"	"CASRTSGSDYNEQFF"	"CAGCGCACAGAGCAGGGGGACTCGGCCATGTATCTCTGTGCCAGCAGAACTAGCGGGAGTGATTACAATGAGCAGTTCTTCGGGCCA"	"CASRTSGSDYNEQFF"	"TCRBV7-9*1"	"TCRBD2-1*2"	"TCRBJ2-1*1"	47	48	59	63	1	4	NA	NA	"CAGCGCACAGAGCAGGGGGACTCGGCCATGTATCTCTGTGCCAGCAGAACTAGCGGGAGTGATTACAATGAGCAGTTCTTCGGGCCA"	FALSE	TRUE	NA	NA	NA	NA
"ATTCAGCGCACAGAGCAGCGGGACTCGGCCATGTATCGCTGTGCCAGCAGCTTAGCCGGGACGGGAGAGACCCAGTACTTCGGGCCA"	"CASSLAGTGETQYF"	"ATTCAGCGCACAGAGCAGCGGGACTCGGCCATGTATCGCTGTGCCAGCAGCTTAGCCGGGACGGGAGAGACCCAGTACTTCGGGCCA"	"CASSLAGTGETQYF"	NA	NA	"TCRBJ2-5*1"	56	57	62	65	1	3	NA	NA	"ATTCAGCGCACAGAGCAGCGGGACTCGGCCATGTATCGCTGTGCCAGCAGCTTAGCCGGGACGGGAGAGACCCAGTACTTCGGGCCA"	FALSE	TRUE	NA	NA	NA	NA
"AAGAAGCTCCTTCTCAGTGACTCTGGCTTCTATCTCTGTGCCTGGAGCAAAACACTATCTGGGGCCAACGTCCTGACTTTCGGGGCC"	"CAWSKTLSGANVLTF"	"AAGAAGCTCCTTCTCAGTGACTCTGGCTTCTATCTCTGTGCCTGGAGCAAAACACTATCTGGGGCCAACGTCCTGACTTTCGGGGCC"	"CAWSKTLSGANVLTF"	"TCRBV3-1*1"	"TCRBD2-1"	"TCRBJ2-6*1"	47	53	-1	57	6	58	NA	NA	"AAGAAGCTCCTTCTCAGTGACTCTGGCTTCTATCTCTGTGCCTGGAGCAAAACACTATCTGGGGCCAACGTCCTGACTTTCGGGGCC"	FALSE	TRUE	NA	NA	NA	NA
"CAGCGCACAGAGCAGGGGGACTCGGCCATGTATCTCTGTGCCAGCAGCTTAGCGGGAGCAGGGCAAGAGACCCAGTACTTCGGGCCA"	"CASSLAGAGQETQYF"	"CAGCGCACAGAGCAGGGGGACTCGGCCATGTATCTCTGTGCCAGCAGCTTAGCGGGAGCAGGGCAAGAGACCCAGTACTTCGGGCCA"	"CASSLAGAGQETQYF"	"TCRBV7-9*1"	NA	"TCRBJ2-5*1"	53	58	-1	63	5	64	NA	NA	"CAGCGCACAGAGCAGGGGGACTCGGCCATGTATCTCTGTGCCAGCAGCTTAGCGGGAGCAGGGCAAGAGACCCAGTACTTCGGGCCA"	FALSE	TRUE	NA	NA	NA	NA
"CGCCTTGTTGCTGGGGGACTCGGCCCTCTATCTCTGTGCCAGCAGCTTGGGGAGTCAGAAGGGCATCAGCCCCAGCATTTTGGTGAT"	""	"CGCCTTGTTGCTGGGGGACTCGGCCCTCTATCTCTGTGCCAGCAGCTTGGGGAGTCAGAAGGGCATCAGCCCCAGCATTTTGGTGAT"	""	"TCRBV5-6*1"	NA	"TCRBJ1-5*1"	50	59	63	64	9	1	NA	NA	"CGCCTTGTTGCTGGGGGACTCGGCCCTCTATCTCTGTGCCAGCAGCTTGGGGAGTCAGAAGGGCATCAGCCCCAGCATTTTGGTGAT"	FALSE	FALSE	NA	NA	NA	NA
"ATCCAGCCTGCAGAGCTTGGGGACTCGGCCGTGTATCTCTGTGCCAGCAGCTTCAGGGGGCAGAGAGAGACCCAGTACTTCGGGCCA"	"CASSFRGQRETQYF"	"ATCCAGCCTGCAGAGCTTGGGGACTCGGCCGTGTATCTCTGTGCCAGCAGCTTCAGGGGGCAGAGAGAGACCCAGTACTTCGGGCCA"	"CASSFRGQRETQYF"	"TCRBV11-3*1"	"TCRBD1-1*1"	"TCRBJ2-5*1"	-1	53	61	65	54	4	NA	NA	"ATCCAGCCTGCAGAGCTTGGGGACTCGGCCGTGTATCTCTGTGCCAGCAGCTTCAGGGGGCAGAGAGAGACCCAGTACTTCGGGCCA"	FALSE	TRUE	NA	NA	NA	NA
"AAGATCCAGCCCTCAGAACCCAGGGACTCAGCTGTGTACTTCTGTGCCAGCAGACCTACAGGGTTCTATGGCTACACCTTCGGTTCG"	"CASRPTGFYGYTF"	"AAGATCCAGCCCTCAGAACCCAGGGACTCAGCTGTGTACTTCTGTGCCAGCAGACCTACAGGGTTCTATGGCTACACCTTCGGTTCG"	"CASRPTGFYGYTF"	"TCRBV12-3/12-4*1"	"TCRBD1-1*1"	"TCRBJ1-2*1"	53	57	63	65	4	2	NA	NA	"AAGATCCAGCCCTCAGAACCCAGGGACTCAGCTGTGTACTTCTGTGCCAGCAGACCTACAGGGTTCTATGGCTACACCTTCGGTTCG"	FALSE	TRUE	NA	NA	NA	NA
"AAGATCCAGCCCTCAGAACCCAGGGACTCAGCTGTGTACTTCTGTGCCAGCAGACCGACAGGGGGAGAGACCCAGTACTTCGGGCCA"	"CASRPTGGETQYF"	"AAGATCCAGCCCTCAGAACCCAGGGACTCAGCTGTGTACTTCTGTGCCAGCAGACCGACAGGGGGAGAGACCCAGTACTTCGGGCCA"	"CASRPTGGETQYF"	"TCRBV12-3/12-4*1"	"TCRBD1-1*1"	"TCRBJ2-5*1"	53	56	-1	65	3	66	NA	NA	"AAGATCCAGCCCTCAGAACCCAGGGACTCAGCTGTGTACTTCTGTGCCAGCAGACCGACAGGGGGAGAGACCCAGTACTTCGGGCCA"	FALSE	TRUE	NA	NA	NA	NA
"GTGACCAGTGCCCATCCTGAAGACAGCAGCTTCTACATCTGCAGTGCTAGAGATGGGACCCGCGGGGAGACCCAGTACTTCGGGCCA"	"CSARDGTRGETQYF"	"GTGACCAGTGCCCATCCTGAAGACAGCAGCTTCTACATCTGCAGTGCTAGAGATGGGACCCGCGGGGAGACCCAGTACTTCGGGCCA"	"CSARDGTRGETQYF"	NA	NA	"TCRBJ2-5*1"	53	54	59	66	1	7	NA	NA	"GTGACCAGTGCCCATCCTGAAGACAGCAGCTTCTACATCTGCAGTGCTAGAGATGGGACCCGCGGGGAGACCCAGTACTTCGGGCCA"	FALSE	TRUE	NA	NA	NA	NA
"TTGGAGATCCAGCGCACAGAGCAGGGGGACTCGGCCATGTATCTCTGTGCCAGCAGGGTCCAACGGCATGAGCAGTTCTTCGGGCCA"	"CASRVQRHEQFF"	"TTGGAGATCCAGCGCACAGAGCAGGGGGACTCGGCCATGTATCTCTGTGCCAGCAGGGTCCAACGGCATGAGCAGTTCTTCGGGCCA"	"CASRVQRHEQFF"	"TCRBV7-9*1"	NA	"TCRBJ2-1*1"	56	64	-1	67	8	68	NA	NA	"TTGGAGATCCAGCGCACAGAGCAGGGGGACTCGGCCATGTATCTCTGTGCCAGCAGGGTCCAACGGCATGAGCAGTTCTTCGGGCCA"	FALSE	TRUE	NA	NA	NA	NA
"CAACCAGACCTCTCTGTACTTCTGTGCCAGCTTTTCGCCTGGTGGCATATCGTCAGGGGGGGCAATCAGCCCCAGCATTTTGGTGAT"	""	"CAACCAGACCTCTCTGTACTTCTGTGCCAGCTTTTCGCCTGGTGGCATATCGTCAGGGGGGGCAATCAGCCCCAGCATTTTGGTGAT"	""	"TCRBV27-1*1"	"TCRBD1-1*1"	"TCRBJ1-5*1"	31	53	60	61	22	1	NA	NA	"CAACCAGACCTCTCTGTACTTCTGTGCCAGCTTTTCGCCTGGTGGCATATCGTCAGGGGGGGCAATCAGCCCCAGCATTTTGGTGAT"	FALSE	FALSE	NA	NA	NA	NA
"GTGACATCGGCCCAAAAGAACCCGACAGCTTTCTATCTCTGTGCCACCCGCCAGGCAGGGCGAACCTACGAGCAGTACTTCGGGCCG"	"CATRQAGRTYEQYF"	"GTGACATCGGCCCAAAAGAACCCGACAGCTTTCTATCTCTGTGCCACCCGCCAGGCAGGGCGAACCTACGAGCAGTACTTCGGGCCG"	"CATRQAGRTYEQYF"	"TCRBV19-1*1"	"TCRBD1-1*1"	"TCRBJ2-7*1"	46	55	60	64	9	4	NA	NA	"GTGACATCGGCCCAAAAGAACCCGACAGCTTTCTATCTCTGTGCCACCCGCCAGGCAGGGCGAACCTACGAGCAGTACTTCGGGCCG"	FALSE	TRUE	NA	NA	NA	NA
"GCCCATCCTGAAGACAGCAGCTTCTACATCTGCAGTGCTAGACGCCACCACGGTCGGGTGTCCAGAAATGAGCAGTTCTTCGGGCCA"	"CSARRHHGRVSRNEQFF"	"GCCCATCCTGAAGACAGCAGCTTCTACATCTGCAGTGCTAGACGCCACCACGGTCGGGTGTCCAGAAATGAGCAGTTCTTCGGGCCA"	"CSARRHHGRVSRNEQFF"	NA	"TCRBD2-1"	"TCRBJ2-1*1"	42	54	58	66	12	8	NA	NA	"GCCCATCCTGAAGACAGCAGCTTCTACATCTGCAGTGCTAGACGCCACCACGGTCGGGTGTCCAGAAATGAGCAGTTCTTCGGGCCA"	FALSE	TRUE	NA	NA	NA	NA
"NNNNTGTCGGCTGCTCCCTCCCAAACATCTGTGTACTTCTGTGCCAGCAGTTACCCGACAGGGCTCTATGGCTACACCTTCGGTTCG"	"CASSYPTGLYGYTF"	"NNNNTGTCGGCTGCTCCCTCCCAAACATCTGTGTACTTCTGTGCCAGCAGTTACCCGACAGGGCTCTATGGCTACACCTTCGGTTCG"	"CASSYPTGLYGYTF"	"TCRBV6-2/6-3*1"	"TCRBD1-1*1"	"TCRBJ1-2*1"	54	56	63	65	2	2	NA	NA	"NNNNTGTCGGCTGCTCCCTCCCAAACATCTGTGTACTTCTGTGCCAGCAGTTACCCGACAGGGCTCTATGGCTACACCTTCGGTTCG"	FALSE	TRUE	NA	NA	NA	NA
"ACCGGGAGACACGGCACTGTATCTCTGCGCCAGCAGTCAATTGACTTACAGGGGAGCTCCTATAATTCACCCCTCCACTTTGGGAAT"	""	"ACCGGGAGACACGGCACTGTATCTCTGCGCCAGCAGTCAATTGACTTACAGGGGAGCTCCTATAATTCACCCCTCCACTTTGGGAAT"	""	"TCRBV23-1*1"	"TCRBD1-1*1"	"TCRBJ1-6*1"	41	47	54	56	6	2	NA	NA	"ACCGGGAGACACGGCACTGTATCTCTGCGCCAGCAGTCAATTGACTTACAGGGGAGCTCCTATAATTCACCCCTCCACTTTGGGAAT"	FALSE	FALSE	NA	NA	NA	NA
"GAACTGGAGGATTCTGGAGTTTATTTCTGTGCCAGCAGCCAAGATCGTACTAGCGGGAGGGCAGGGAACATTCAGTACTTCGGCGCC"	"CASSQDRTSGRAGNIQYF"	"GAACTGGAGGATTCTGGAGTTTATTTCTGTGCCAGCAGCCAAGATCGTACTAGCGGGAGGGCAGGGAACATTCAGTACTTCGGCGCC"	"CASSQDRTSGRAGNIQYF"	"TCRBV14-1*1"	"TCRBD2-1*2"	"TCRBJ2-4*1"	44	48	61	66	4	5	NA	NA	"GAACTGGAGGATTCTGGAGTTTATTTCTGTGCCAGCAGCCAAGATCGTACTAGCGGGAGGGCAGGGAACATTCAGTACTTCGGCGCC"	FALSE	TRUE	NA	NA	NA	NA
"ATCCAGCCCTCAGAACCCAGGGACTCAGCTGTGTATTTTTGTGCTAGTGGTTTGGGACATAGCAATCAGCCCCAGCATTTTGGTGAT"	"CASGLGHSNQPQHF"	"ATCCAGCCCTCAGAACCCAGGGACTCAGCTGTGTATTTTTGTGCTAGTGGTTTGGGACATAGCAATCAGCCCCAGCATTTTGGTGAT"	"CASGLGHSNQPQHF"	"TCRBV12-5*1"	"TCRBD1-1*1"	"TCRBJ1-5*1"	-1	55	-1	59	56	60	NA	NA	"ATCCAGCCCTCAGAACCCAGGGACTCAGCTGTGTATTTTTGTGCTAGTGGTTTGGGACATAGCAATCAGCCCCAGCATTTTGGTGAT"	FALSE	TRUE	NA	NA	NA	NA
"CTGACAGTGACCAGTGCCCATCCTGAAGACAGCAGCTTCTACATCTGCAGTGCGATGCAGAGTCTAGATGGCTACACCTTCGGTTCG"	"CSAMQSLDGYTF"	"CTGACAGTGACCAGTGCCCATCCTGAAGACAGCAGCTTCTACATCTGCAGTGCGATGCAGAGTCTAGATGGCTACACCTTCGGTTCG"	"CSAMQSLDGYTF"	NA	"TCRBD2-1"	"TCRBJ1-2*1"	53	63	-1	67	10	68	NA	NA	"CTGACAGTGACCAGTGCCCATCCTGAAGACAGCAGCTTCTACATCTGCAGTGCGATGCAGAGTCTAGATGGCTACACCTTCGGTTCG"	FALSE	TRUE	NA	NA	NA	NA
"TCCCTGGAGCTTGGTGACTCTGCTGTGTATTTCTGTGCCAGCAGCCAAGACGCCGTAACCAGCACAGATACGCAGTATTTTGGCCCA"	"CASSQDAVTSTDTQYF"	"TCCCTGGAGCTTGGTGACTCTGCTGTGTATTTCTGTGCCAGCAGCCAAGACGCCGTAACCAGCACAGATACGCAGTATTTTGGCCCA"	"CASSQDAVTSTDTQYF"	"TCRBV3-1/3-2*1"	NA	"TCRBJ2-3*1"	50	57	59	60	7	1	NA	NA	"TCCCTGGAGCTTGGTGACTCTGCTGTGTATTTCTGTGCCAGCAGCCAAGACGCCGTAACCAGCACAGATACGCAGTATTTTGGCCCA"	FALSE	TRUE	NA	NA	NA	NA
"CTAGAGTCTGCCATCCCCAACCAGACAGCTCTTTACTTCTGTGCCACCAGTGATAGTTATAGCAATCAGCCCCAGCATTTTGGTGAT"	"CATSDSYSNQPQHF"	"CTAGAGTCTGCCATCCCCAACCAGACAGCTCTTTACTTCTGTGCCACCAGTGATAGTTATAGCAATCAGCCCCAGCATTTTGGTGAT"	"CATSDSYSNQPQHF"	"TCRBV24-1*1"	NA	"TCRBJ1-5*1"	-1	54	56	59	55	3	NA	NA	"CTAGAGTCTGCCATCCCCAACCAGACAGCTCTTTACTTCTGTGCCACCAGTGATAGTTATAGCAATCAGCCCCAGCATTTTGGTGAT"	FALSE	TRUE	NA	NA	NA	NA
"ACTGTGAGCAACATGAGCCCTGAAGACAGCAGCATATATCTCTGCAGCGTTGGAACAGGGACCTATCAGCCCCAGCATTTTGGTGAT"	"CSVGTGTYQPQHF"	"ACTGTGAGCAACATGAGCCCTGAAGACAGCAGCATATATCTCTGCAGCGTTGGAACAGGGACCTATCAGCCCCAGCATTTTGGTGAT"	"CSVGTGTYQPQHF"	"TCRBV29-1"	"TCRBD1-1*1"	"TCRBJ1-5*1"	52	54	60	64	2	4	NA	NA	"ACTGTGAGCAACATGAGCCCTGAAGACAGCAGCATATATCTCTGCAGCGTTGGAACAGGGACCTATCAGCCCCAGCATTTTGGTGAT"	FALSE	TRUE	NA	NA	NA	NA
"AAGATCCAGCCTGCAGAGCTTGGGGACTCGGCCGTGTATCTCTGTGCCAGCAGCTTAAAACAGGGGGCGCAAGCTTTCTTTGGACAA"	"CASSLKQGAQAFF"	"AAGATCCAGCCTGCAGAGCTTGGGGACTCGGCCGTGTATCTCTGTGCCAGCAGCTTAAAACAGGGGGCGCAAGCTTTCTTTGGACAA"	"CASSLKQGAQAFF"	"TCRBV11-3*1"	"TCRBD1-1*1"	"TCRBJ1-1*1"	57	59	68	70	2	2	NA	NA	"AAGATCCAGCCTGCAGAGCTTGGGGACTCGGCCGTGTATCTCTGTGCCAGCAGCTTAAAACAGGGGGCGCAAGCTTTCTTTGGACAA"	FALSE	TRUE	NA	NA	NA	NA
"TCCCTAGAGTCTGCCATCCCCAACCAGACAGCTCTTTACTTCTGTGCCACCAGTGATTTGCAGAGTGAAAAACTGTTTTTTGGCAGT"	"CATSDLQSEKLFF"	"TCCCTAGAGTCTGCCATCCCCAACCAGACAGCTCTTTACTTCTGTGCCACCAGTGATTTGCAGAGTGAAAAACTGTTTTTTGGCAGT"	"CATSDLQSEKLFF"	"TCRBV24-1*1"	NA	"TCRBJ1-4*1"	-1	60	63	65	61	2	NA	NA	"TCCCTAGAGTCTGCCATCCCCAACCAGACAGCTCTTTACTTCTGTGCCACCAGTGATTTGCAGAGTGAAAAACTGTTTTTTGGCAGT"	FALSE	TRUE	NA	NA	NA	NA
"ACAGAGCAGGAGGACTCGGCCGTGTATCTCTGTGCCAGCAGCTTAGGGATCAGGGCAGGAATAAATGAAAAACTGTTTTTTGGCAGT"	"CASSLGIRAGINEKLFF"	"ACAGAGCAGGAGGACTCGGCCGTGTATCTCTGTGCCAGCAGCTTAGGGATCAGGGCAGGAATAAATGAAAAACTGTTTTTTGGCAGT"	"CASSLGIRAGINEKLFF"	"TCRBV7-2"	"TCRBD1-1*1"	"TCRBJ1-4*1"	46	50	55	63	4	8	NA	NA	"ACAGAGCAGGAGGACTCGGCCGTGTATCTCTGTGCCAGCAGCTTAGGGATCAGGGCAGGAATAAATGAAAAACTGTTTTTTGGCAGT"	FALSE	TRUE	NA	NA	NA	NA
"CTGGAGTCGCCCAGCCCCAACCAGACCTCTCTGTACTTCTGTGCCAGCAGTTTATACAGTAGCTCCTACGAGCAGTACTTCGGGCCG"	"CASSLYSSSYEQYF"	"CTGGAGTCGCCCAGCCCCAACCAGACCTCTCTGTACTTCTGTGCCAGCAGTTTATACAGTAGCTCCTACGAGCAGTACTTCGGGCCG"	"CASSLYSSSYEQYF"	"TCRBV27-1*1"	"TCRBD1-1*1"	"TCRBJ2-7*1"	-1	55	59	62	56	3	NA	NA	"CTGGAGTCGCCCAGCCCCAACCAGACCTCTCTGTACTTCTGTGCCAGCAGTTTATACAGTAGCTCCTACGAGCAGTACTTCGGGCCG"	FALSE	TRUE	NA	NA	NA	NA
"CTGGAGTCGCCCAGCCCCAACCAGACCTCTCTGTACTTCTGTGCCAGCAGTTTACTGGGACGGTCCTACGAGCAGTACTTCGGGCCG"	"CASSLLGRSYEQYF"	"CTGGAGTCGCCCAGCCCCAACCAGACCTCTCTGTACTTCTGTGCCAGCAGTTTACTGGGACGGTCCTACGAGCAGTACTTCGGGCCG"	"CASSLLGRSYEQYF"	"TCRBV27-1*1"	NA	"TCRBJ2-7*1"	54	56	61	63	2	2	NA	NA	"CTGGAGTCGCCCAGCCCCAACCAGACCTCTCTGTACTTCTGTGCCAGCAGTTTACTGGGACGGTCCTACGAGCAGTACTTCGGGCCG"	FALSE	TRUE	NA	NA	NA	NA
"CAGCGCACAGAGCAGCGGGACTCGGCCATGTATCGCTGTGCCAGCAGCTTAGCGGGGGGGGATTGGGACGAGCAGTACTTCGGGCCG"	"CASSLAGGDWDEQYF"	"CAGCGCACAGAGCAGCGGGACTCGGCCATGTATCGCTGTGCCAGCAGCTTAGCGGGGGGGGATTGGGACGAGCAGTACTTCGGGCCG"	"CASSLAGGDWDEQYF"	"TCRBV7-6*1"	"TCRBD2-1*1"	"TCRBJ2-7*1"	-1	53	60	67	54	7	NA	NA	"CAGCGCACAGAGCAGCGGGACTCGGCCATGTATCGCTGTGCCAGCAGCTTAGCGGGGGGGGATTGGGACGAGCAGTACTTCGGGCCG"	FALSE	TRUE	NA	NA	NA	NA
"AGGATCCAGCAGGTAGTGCGAGGAGATTCGGCAGCTTATTTCTGTGCCAGCTCACCTTGGAGGGCCTACGAGCAGTACTTCGGGCCG"	"CASSPWRAYEQYF"	"AGGATCCAGCAGGTAGTGCGAGGAGATTCGGCAGCTTATTTCTGTGCCAGCTCACCTTGGAGGGCCTACGAGCAGTACTTCGGGCCG"	"CASSPWRAYEQYF"	"TCRBV18-1*1"	"TCRBD2-1*2"	"TCRBJ2-7*1"	56	58	-1	64	2	65	NA	NA	"AGGATCCAGCAGGTAGTGCGAGGAGATTCGGCAGCTTATTTCTGTGCCAGCTCACCTTGGAGGGCCTACGAGCAGTACTTCGGGCCG"	FALSE	TRUE	NA	NA	NA	NA
"AGTTCTAAGAAGCTCCTTCTCAGTGACTCTGGCTTCTATCTCTGTGCCTGGAGTAAGGACAGGTTAACCCGCAAGTATTTTGGAGAG"	"CAWSKDRLTRKYF"	"AGTTCTAAGAAGCTCCTTCTCAGTGACTCTGGCTTCTATCTCTGTGCCTGGAGTAAGGACAGGTTAACCCGCAAGTATTTTGGAGAG"	"CAWSKDRLTRKYF"	"TCRBV3-1*1"	"TCRBD1-1*1"	"TCRBJ1-3*1"	54	56	63	75	2	12	NA	NA	"AGTTCTAAGAAGCTCCTTCTCAGTGACTCTGGCTTCTATCTCTGTGCCTGGAGTAAGGACAGGTTAACCCGCAAGTATTTTGGAGAG"	FALSE	TRUE	NA	NA	NA	NA
"GAGTCCGCCAGCACCAACCAGACATCTATGTACCTCTGTGCCAGCAGTCTGGACAGGGGGAACACCTACGAGCAGTACTTCGGGCCG"	"CASSLDRGNTYEQYF"	"GAGTCCGCCAGCACCAACCAGACATCTATGTACCTCTGTGCCAGCAGTCTGGACAGGGGGAACACCTACGAGCAGTACTTCGGGCCG"	"CASSLDRGNTYEQYF"	"TCRBV28-1*1"	"TCRBD1-1*1"	"TCRBJ2-7*1"	48	50	60	64	2	4	NA	NA	"GAGTCCGCCAGCACCAACCAGACATCTATGTACCTCTGTGCCAGCAGTCTGGACAGGGGGAACACCTACGAGCAGTACTTCGGGCCG"	FALSE	TRUE	NA	NA	NA	NA
"CGGTCCACAAAGCTGGAGGACTCAGCCATGTACTTCTGTGCCAGCAGTGAAGCGAGGGTAGCGGGGTCCCCGGAGTACTTCGGGCCA"	"CASSEARVAGSPEYF"	"CGGTCCACAAAGCTGGAGGACTCAGCCATGTACTTCTGTGCCAGCAGTGAAGCGAGGGTAGCGGGGTCCCCGGAGTACTTCGGGCCA"	"CASSEARVAGSPEYF"	"TCRBV2-1"	"TCRBD2-1*1"	"TCRBJ2-5*1"	53	58	66	73	5	7	NA	NA	"CGGTCCACAAAGCTGGAGGACTCAGCCATGTACTTCTGTGCCAGCAGTGAAGCGAGGGTAGCGGGGTCCCCGGAGTACTTCGGGCCA"	FALSE	TRUE	NA	NA	NA	NA
"NTGTCGGCTGCTCCCTCCCAAACATCTGTGTACTTCTGTGCCAGCACCTGGGGGTTGCAGGGGAATCAGCCCCAGCATTTTGGTGAT"	"CASTWGLQGNQPQHF"	"NTGTCGGCTGCTCCCTCCCAAACATCTGTGTACTTCTGTGCCAGCACCTGGGGGTTGCAGGGGAATCAGCCCCAGCATTTTGGTGAT"	"CASTWGLQGNQPQHF"	NA	"TCRBD1-1*1"	"TCRBJ1-5*1"	46	57	-1	63	11	64	NA	NA	"NTGTCGGCTGCTCCCTCCCAAACATCTGTGTACTTCTGTGCCAGCACCTGGGGGTTGCAGGGGAATCAGCCCCAGCATTTTGGTGAT"	FALSE	TRUE	NA	NA	NA	NA
"CCTTGTTGCTGGGGGACTCGGCCCTCTATCTCTGTGCCAGCAGCTTGGATAGACAGGGGGAGGTTCGGGACCCAGTACTTCGGGCCA"	""	"CCTTGTTGCTGGGGGACTCGGCCCTCTATCTCTGTGCCAGCAGCTTGGATAGACAGGGGGAGGTTCGGGACCCAGTACTTCGGGCCA"	""	"TCRBV5-6*1"	"TCRBD1-1*1"	"TCRBJ2-5*1"	48	51	60	68	3	8	NA	NA	"CCTTGTTGCTGGGGGACTCGGCCCTCTATCTCTGTGCCAGCAGCTTGGATAGACAGGGGGAGGTTCGGGACCCAGTACTTCGGGCCA"	FALSE	FALSE	NA	NA	NA	NA
"CAGCCTGCAAAGCTTGAGGACTCGGCCGTGTATCTCTGTGCCAGCAGCTTAGCCACCACAGGGGGCGATGGCTACACCTTCGGTTCG"	"CASSLATTGGDGYTF"	"CAGCCTGCAAAGCTTGAGGACTCGGCCGTGTATCTCTGTGCCAGCAGCTTAGCCACCACAGGGGGCGATGGCTACACCTTCGGTTCG"	"CASSLATTGGDGYTF"	"TCRBV11-2*1"	"TCRBD1-1*1"	"TCRBJ1-2*1"	52	57	66	67	5	1	NA	NA	"CAGCCTGCAAAGCTTGAGGACTCGGCCGTGTATCTCTGTGCCAGCAGCTTAGCCACCACAGGGGGCGATGGCTACACCTTCGGTTCG"	FALSE	TRUE	NA	NA	NA	NA
"AAGGTGCAGCCTGCAGAACTGGAGGATTCTGGAGTTTATTTCTGTGCCAGCAGCCCCCGGACAGGGTCTGAAGCTTTCTTTGGACAA"	"CASSPRTGSEAFF"	"AAGGTGCAGCCTGCAGAACTGGAGGATTCTGGAGTTTATTTCTGTGCCAGCAGCCCCCGGACAGGGTCTGAAGCTTTCTTTGGACAA"	"CASSPRTGSEAFF"	"TCRBV14-1*1"	"TCRBD1-1*1"	"TCRBJ1-1*1"	55	58	66	67	3	1	NA	NA	"AAGGTGCAGCCTGCAGAACTGGAGGATTCTGGAGTTTATTTCTGTGCCAGCAGCCCCCGGACAGGGTCTGAAGCTTTCTTTGGACAA"	FALSE	TRUE	NA	NA	NA	NA
"TCGGCCCAAAAGAACCCGACAGCTTTCTATCTCTGTGCCAGTAGTATAGCAACACAGGGGGTCGTGACTGAAGCTTTCTTTGGACAA"	"CASSIATQGVVTEAFF"	"TCGGCCCAAAAGAACCCGACAGCTTTCTATCTCTGTGCCAGTAGTATAGCAACACAGGGGGTCGTGACTGAAGCTTTCTTTGGACAA"	"CASSIATQGVVTEAFF"	"TCRBV19-1*1"	"TCRBD1-1*1"	"TCRBJ1-1*1"	49	53	61	66	4	5	NA	NA	"TCGGCCCAAAAGAACCCGACAGCTTTCTATCTCTGTGCCAGTAGTATAGCAACACAGGGGGTCGTGACTGAAGCTTTCTTTGGACAA"	FALSE	TRUE	NA	NA	NA	NA
"NNNNNNNTGTCGGCTGCTCCCTCCCAAACATCTGTGTACTTCTGTGCCAGCAGTTTACTGTACCTGGGCGGCTACACCTTCGGTTCG"	"CASSLLYLGGYTF"	"NNNNNNNTGTCGGCTGCTCCCTCCCAAACATCTGTGTACTTCTGTGCCAGCAGTTTACTGTACCTGGGCGGCTACACCTTCGGTTCG"	"CASSLLYLGGYTF"	"TCRBV6-2/6-3*1"	"TCRBD1-1*1"	"TCRBJ1-2*1"	55	65	-1	69	10	70	NA	NA	"NNNNNNNTGTCGGCTGCTCCCTCCCAAACATCTGTGTACTTCTGTGCCAGCAGTTTACTGTACCTGGGCGGCTACACCTTCGGTTCG"	FALSE	TRUE	NA	NA	NA	NA
"CCCTCAGAACCCAGGGACTCAGCTGTGTACTTCTGTGCCAGCAGTTTAGGACTAGGCGTAAACGGCGGGGAGCTGTTTTTTGGAGAA"	"CASSLGLGVNGGELFF"	"CCCTCAGAACCCAGGGACTCAGCTGTGTACTTCTGTGCCAGCAGTTTAGGACTAGGCGTAAACGGCGGGGAGCTGTTTTTTGGAGAA"	"CASSLGLGVNGGELFF"	NA	"TCRBD2-1"	"TCRBJ2-2*1"	-1	49	55	65	50	10	NA	NA	"CCCTCAGAACCCAGGGACTCAGCTGTGTACTTCTGTGCCAGCAGTTTAGGACTAGGCGTAAACGGCGGGGAGCTGTTTTTTGGAGAA"	FALSE	TRUE	NA	NA	NA	NA
"GTCGCCCAGCCCCAACCAGACCTCTCTGTACTTCTGTGCCAGCAGTTTAAGGACTAGCGGGGGACCTACGAGCAGTACTTCGGGCCG"	""	"GTCGCCCAGCCCCAACCAGACCTCTCTGTACTTCTGTGCCAGCAGTTTAAGGACTAGCGGGGGACCTACGAGCAGTACTTCGGGCCG"	""	"TCRBV27-1*1"	"TCRBD2-1*1"	"TCRBJ2-7*1"	49	50	63	64	1	1	NA	NA	"GTCGCCCAGCCCCAACCAGACCTCTCTGTACTTCTGTGCCAGCAGTTTAAGGACTAGCGGGGGACCTACGAGCAGTACTTCGGGCCG"	FALSE	FALSE	NA	NA	NA	NA
"TCACCAGGCCTGGGGGACGCAGCCATGTACCTGTGTGCCACCAGCAGAGGAGACGGAAACTCTGGAAACACCATATATTTTGGAGAG"	"CATSRGDGNSGNTIYF"	"TCACCAGGCCTGGGGGACGCAGCCATGTACCTGTGTGCCACCAGCAGAGGAGACGGAAACTCTGGAAACACCATATATTTTGGAGAG"	"CATSRGDGNSGNTIYF"	"TCRBV15-1*2"	NA	"TCRBJ1-3*1"	49	54	57	59	5	2	NA	NA	"TCACCAGGCCTGGGGGACGCAGCCATGTACCTGTGTGCCACCAGCAGAGGAGACGGAAACTCTGGAAACACCATATATTTTGGAGAG"	FALSE	TRUE	NA	NA	NA	NA
"CAGCGCACACAGCAGGAGGACTCCGCCGTGTATCTCTGTGCCAGCAGCTTAGGGGCGGACAGGGTCTATGGCTACACCTTCGGTTCG"	"CASSLGADRVYGYTF"	"CAGCGCACACAGCAGGAGGACTCCGCCGTGTATCTCTGTGCCAGCAGCTTAGGGGCGGACAGGGTCTATGGCTACACCTTCGGTTCG"	"CASSLGADRVYGYTF"	"TCRBV7-8*1"	"TCRBD1-1*1"	"TCRBJ1-2*1"	52	56	64	65	4	1	NA	NA	"CAGCGCACACAGCAGGAGGACTCCGCCGTGTATCTCTGTGCCAGCAGCTTAGGGGCGGACAGGGTCTATGGCTACACCTTCGGTTCG"	FALSE	TRUE	NA	NA	NA	NA
"AGAACCGGGAGACACGGCACTGTATCTCTGCGCCAGCAGTCAATACCTCTAGGACGGATAGAAAACTATGGCTACACCTTCGGTTCG"	""	"AGAACCGGGAGACACGGCACTGTATCTCTGCGCCAGCAGTCAATACCTCTAGGACGGATAGAAAACTATGGCTACACCTTCGGTTCG"	""	"TCRBV23-1*1"	NA	"TCRBJ1-2*1"	44	51	55	63	7	8	NA	NA	"AGAACCGGGAGACACGGCACTGTATCTCTGCGCCAGCAGTCAATACCTCTAGGACGGATAGAAAACTATGGCTACACCTTCGGTTCG"	FALSE	FALSE	NA	NA	NA	NA
"CTTCACCTACACGCCCTGCAGCCAGAAGACTCAGCCCTGTATCTCTGCGCCAGCAGCCCCCGGGGGTATACGCAGTATTTTGGCCCA"	"CASSPRGYTQYF"	"CTTCACCTACACGCCCTGCAGCCAGAAGACTCAGCCCTGTATCTCTGCGCCAGCAGCCCCCGGGGGTATACGCAGTATTTTGGCCCA"	"CASSPRGYTQYF"	"TCRBV4-1*1"	"TCRBD2-1*1"	"TCRBJ2-3*1"	58	60	66	67	2	1	NA	NA	"CTTCACCTACACGCCCTGCAGCCAGAAGACTCAGCCCTGTATCTCTGCGCCAGCAGCCCCCGGGGGTATACGCAGTATTTTGGCCCA"	FALSE	TRUE	NA	NA	NA	NA
"GCCAGGCCCTCACATACCTCTCAGTACCTCTGTGCCAGCAGTGAGATGGTTGGCGGGAGGGTTGCGAGTGAGCAGTTCTTCGGGCCA"	"CASSEMVGGRVASEQFF"	"GCCAGGCCCTCACATACCTCTCAGTACCTCTGTGCCAGCAGTGAGATGGTTGGCGGGAGGGTTGCGAGTGAGCAGTTCTTCGGGCCA"	"CASSEMVGGRVASEQFF"	"TCRBV25-1*1"	"TCRBD2-1*2"	"TCRBJ2-1*1"	44	52	61	68	8	7	NA	NA	"GCCAGGCCCTCACATACCTCTCAGTACCTCTGTGCCAGCAGTGAGATGGTTGGCGGGAGGGTTGCGAGTGAGCAGTTCTTCGGGCCA"	FALSE	TRUE	NA	NA	NA	NA
"NNNNNNNNNNTGTCGGCTGCTCCCTCCCAGACATCTGTGTACTTCTGTGCCACCGGCAGGACCCTCGGAGACTACACCTTCGGTTCG"	"CATGRTLGDYTF"	"NNNNNNNNNNTGTCGGCTGCTCCCTCCCAGACATCTGTGTACTTCTGTGCCACCGGCAGGACCCTCGGAGACTACACCTTCGGTTCG"	"CATGRTLGDYTF"	"TCRBV6-5*1"	NA	"TCRBJ1-2*1"	52	58	62	71	6	9	NA	NA	"NNNNNNNNNNTGTCGGCTGCTCCCTCCCAGACATCTGTGTACTTCTGTGCCACCGGCAGGACCCTCGGAGACTACACCTTCGGTTCG"	FALSE	TRUE	NA	NA	NA	NA
"ACCAGTGCCCATCCTGAAGACAGCAGCTTCTACATCTGCAGTGCTTCCCCCACCTTGGACGGAGCCTACGAGCAGTACTTCGGGCCG"	"CSASPTLDGAYEQYF"	"ACCAGTGCCCATCCTGAAGACAGCAGCTTCTACATCTGCAGTGCTTCCCCCACCTTGGACGGAGCCTACGAGCAGTACTTCGGGCCG"	"CSASPTLDGAYEQYF"	NA	NA	"TCRBJ2-7*1"	45	56	60	64	11	4	NA	NA	"ACCAGTGCCCATCCTGAAGACAGCAGCTTCTACATCTGCAGTGCTTCCCCCACCTTGGACGGAGCCTACGAGCAGTACTTCGGGCCG"	FALSE	TRUE	NA	NA	NA	NA
"GTCCACGGAGTCAGGGGACACAGCACTGTATTTCTGTGCCAGCAGCAAAGATCCAGATTTAGCAATCAGCCCCAGCATTTTGGTGAT"	""	"GTCCACGGAGTCAGGGGACACAGCACTGTATTTCTGTGCCAGCAGCAAAGATCCAGATTTAGCAATCAGCCCCAGCATTTTGGTGAT"	""	"TCRBV21-1*1"	"TCRBD1-1*1"	"TCRBJ1-5*1"	50	53	56	59	3	3	NA	NA	"GTCCACGGAGTCAGGGGACACAGCACTGTATTTCTGTGCCAGCAGCAAAGATCCAGATTTAGCAATCAGCCCCAGCATTTTGGTGAT"	FALSE	FALSE	NA	NA	NA	NA
"CCTGGAGCTTGGTGACTCTGCTGTGTATTTCTGTGCCAGCAGCCAAGATCCGGCAATACTGGGGCCAACGTCCTGACTTTCGGGGCC"	""	"CCTGGAGCTTGGTGACTCTGCTGTGTATTTCTGTGCCAGCAGCCAAGATCCGGCAATACTGGGGCCAACGTCCTGACTTTCGGGGCC"	""	"TCRBV3-1/3-2*1"	NA	"TCRBJ2-6*1"	48	51	54	58	3	4	NA	NA	"CCTGGAGCTTGGTGACTCTGCTGTGTATTTCTGTGCCAGCAGCCAAGATCCGGCAATACTGGGGCCAACGTCCTGACTTTCGGGGCC"	FALSE	FALSE	NA	NA	NA	NA
"ACTCTGGAGTCTGCTGCCTCCTCCCAGACATCTGTATATTTCTGCGCCAGCACCCTCGAACACGGCGGGGAGCTGTTTTTTGGAGAA"	"CASTLEHGGELFF"	"ACTCTGGAGTCTGCTGCCTCCTCCCAGACATCTGTATATTTCTGCGCCAGCACCCTCGAACACGGCGGGGAGCTGTTTTTTGGAGAA"	"CASTLEHGGELFF"	"TCRBV1-1*1"	NA	"TCRBJ2-2*1"	52	59	62	65	7	3	NA	NA	"ACTCTGGAGTCTGCTGCCTCCTCCCAGACATCTGTATATTTCTGCGCCAGCACCCTCGAACACGGCGGGGAGCTGTTTTTTGGAGAA"	FALSE	TRUE	NA	NA	NA	NA
"NNNNTGTCGGCTGCTCCCTCCCAAACATCTGTGTACTTCTGTGCCAGCAGTTACGGTGGCCAGAGGGATGGCTACACCTTCGGTTCG"	"CASSYGGQRDGYTF"	"NNNNTGTCGGCTGCTCCCTCCCAAACATCTGTGTACTTCTGTGCCAGCAGTTACGGTGGCCAGAGGGATGGCTACACCTTCGGTTCG"	"CASSYGGQRDGYTF"	"TCRBV6-2/6-3*1"	"TCRBD2-1*2"	"TCRBJ1-2*1"	54	62	-1	67	8	68	NA	NA	"NNNNTGTCGGCTGCTCCCTCCCAAACATCTGTGTACTTCTGTGCCAGCAGTTACGGTGGCCAGAGGGATGGCTACACCTTCGGTTCG"	FALSE	TRUE	NA	NA	NA	NA
"GTGAACGCCTTGGAGCTGGACGACTCGGCCCTGTATCTCTGTGCCAGCAGCATGGACGGAACATATGAAAAACTGTTTTTTGGCAGT"	"CASSMDGTYEKLFF"	"GTGAACGCCTTGGAGCTGGACGACTCGGCCCTGTATCTCTGTGCCAGCAGCATGGACGGAACATATGAAAAACTGTTTTTTGGCAGT"	"CASSMDGTYEKLFF"	"TCRBV5-4*1"	NA	"TCRBJ1-4*1"	55	57	60	64	2	4	NA	NA	"GTGAACGCCTTGGAGCTGGACGACTCGGCCCTGTATCTCTGTGCCAGCAGCATGGACGGAACATATGAAAAACTGTTTTTTGGCAGT"	FALSE	TRUE	NA	NA	NA	NA
"TCCTGTCCTCAGAACCGGGAGACACGGCACTGTATCTCTGCGCCAGCACCCCTTACATAAAACAGCTACGAGCAGTACTTCGGGCCG"	""	"TCCTGTCCTCAGAACCGGGAGACACGGCACTGTATCTCTGCGCCAGCACCCCTTACATAAAACAGCTACGAGCAGTACTTCGGGCCG"	""	"TCRBV23-1*1"	"TCRBD1-1*1"	"TCRBJ2-7*1"	48	61	-1	65	13	66	NA	NA	"TCCTGTCCTCAGAACCGGGAGACACGGCACTGTATCTCTGCGCCAGCACCCCTTACATAAAACAGCTACGAGCAGTACTTCGGGCCG"	FALSE	FALSE	NA	NA	NA	NA
"GAGCAGGGGGACTCGGCCATGTATCTCTGTGCCAGCAGCTTAGCCCCACCACCGGACAGGGAGGACTATGGCTACACCTTCGGTTCG"	"CASSLAPPPDREDYGYTF"	"GAGCAGGGGGACTCGGCCATGTATCTCTGTGCCAGCAGCTTAGCCCCACCACCGGACAGGGAGGACTATGGCTACACCTTCGGTTCG"	"CASSLAPPPDREDYGYTF"	"TCRBV7-9*1"	"TCRBD1-1*1"	"TCRBJ1-2*1"	44	53	61	64	9	3	NA	NA	"GAGCAGGGGGACTCGGCCATGTATCTCTGTGCCAGCAGCTTAGCCCCACCACCGGACAGGGAGGACTATGGCTACACCTTCGGTTCG"	FALSE	TRUE	NA	NA	NA	NA
"CTCAGAACCGGGAGACACGGCACTGTATCTCTGCGCCAGCAGTCAAATAGGACAGGGCGGGGGATCTGTGAGCAGTTCTTCGGGCCA"	""	"CTCAGAACCGGGAGACACGGCACTGTATCTCTGCGCCAGCAGTCAAATAGGACAGGGCGGGGGATCTGTGAGCAGTTCTTCGGGCCA"	""	"TCRBV23-1*1"	"TCRBD1-1*1"	"TCRBJ2-1*1"	46	49	57	68	3	11	NA	NA	"CTCAGAACCGGGAGACACGGCACTGTATCTCTGCGCCAGCAGTCAAATAGGACAGGGCGGGGGATCTGTGAGCAGTTCTTCGGGCCA"	FALSE	FALSE	NA	NA	NA	NA
"GACATCCGCTCACCAGGCCTGGGGGACGCAGCCATGTACCTGTGTGCCACCAGCAGGGACTCCCAATACGAGCAGTACTTCGGGCCG"	"CATSRDSQYEQYF"	"GACATCCGCTCACCAGGCCTGGGGGACGCAGCCATGTACCTGTGTGCCACCAGCAGGGACTCCCAATACGAGCAGTACTTCGGGCCG"	"CATSRDSQYEQYF"	"TCRBV15-1*2"	"TCRBD2-1"	"TCRBJ2-7*1"	-1	56	61	66	57	5	NA	NA	"GACATCCGCTCACCAGGCCTGGGGGACGCAGCCATGTACCTGTGTGCCACCAGCAGGGACTCCCAATACGAGCAGTACTTCGGGCCG"	FALSE	TRUE	NA	NA	NA	NA
"AGTTCTAAGAAGCTCCTTCTCAGTGACTCTGGCTTCTATCTCTGTGCCTGGACACCCGGGACTTTGGACGAGCAGTACTTCGGGCCG"	"CAWTPGTLDEQYF"	"AGTTCTAAGAAGCTCCTTCTCAGTGACTCTGGCTTCTATCTCTGTGCCTGGACACCCGGGACTTTGGACGAGCAGTACTTCGGGCCG"	"CAWTPGTLDEQYF"	"TCRBV3-1*1"	"TCRBD2-1"	"TCRBJ2-7*1"	52	57	63	67	5	4	NA	NA	"AGTTCTAAGAAGCTCCTTCTCAGTGACTCTGGCTTCTATCTCTGTGCCTGGACACCCGGGACTTTGGACGAGCAGTACTTCGGGCCG"	FALSE	TRUE	NA	NA	NA	NA
"CTGAAGATCCGGTCCACAAAGCTGGAGGACTCAGCCATGTACTTCTGTGCCAGCAGAGGGACAGCCTATGGCTACACCTTCGGTTCG"	"CASRGTAYGYTF"	"CTGAAGATCCGGTCCACAAAGCTGGAGGACTCAGCCATGTACTTCTGTGCCAGCAGAGGGACAGCCTATGGCTACACCTTCGGTTCG"	"CASRGTAYGYTF"	"TCRBV2-1"	"TCRBD1-1*1"	"TCRBJ1-2*1"	56	57	64	65	1	1	NA	NA	"CTGAAGATCCGGTCCACAAAGCTGGAGGACTCAGCCATGTACTTCTGTGCCAGCAGAGGGACAGCCTATGGCTACACCTTCGGTTCG"	FALSE	TRUE	NA	NA	NA	NA
"ATCCAGCCCTCAGAACCCAGGGACTCAGCTGTGTACTTCTGTGCCAGCAGTTCTGACAATTCTAACTATGGCTACACCTTCGGTTCG"	"CASSSDNSNYGYTF"	"ATCCAGCCCTCAGAACCCAGGGACTCAGCTGTGTACTTCTGTGCCAGCAGTTCTGACAATTCTAACTATGGCTACACCTTCGGTTCG"	"CASSSDNSNYGYTF"	NA	"TCRBD1-1*1"	"TCRBJ1-2*1"	52	54	58	61	2	3	NA	NA	"ATCCAGCCCTCAGAACCCAGGGACTCAGCTGTGTACTTCTGTGCCAGCAGTTCTGACAATTCTAACTATGGCTACACCTTCGGTTCG"	FALSE	TRUE	NA	NA	NA	NA
"CGGCCCAAAAGAACCCGACAGCTTTCTATCTCTGTGCCAGTAGTAGATGTAAACAGGGGAGGCACCGGGGAGCTGTTTTTTGGAGAA"	""	"CGGCCCAAAAGAACCCGACAGCTTTCTATCTCTGTGCCAGTAGTAGATGTAAACAGGGGAGGCACCGGGGAGCTGTTTTTTGGAGAA"	""	"TCRBV19-1*1"	"TCRBD1-1*1"	"TCRBJ2-2*1"	45	52	59	62	7	3	NA	NA	"CGGCCCAAAAGAACCCGACAGCTTTCTATCTCTGTGCCAGTAGTAGATGTAAACAGGGGAGGCACCGGGGAGCTGTTTTTTGGAGAA"	FALSE	FALSE	NA	NA	NA	NA
"TTGGCTGCTCCCTCCCAGACATCTGTGTACTTCTGTGCCAGCTCCGGAGTACTAGCGGGAGCTCGGGGAGAGCAGTACTTCGGGCCG"	"CASSGVLAGARGEQYF"	"TTGGCTGCTCCCTCCCAGACATCTGTGTACTTCTGTGCCAGCTCCGGAGTACTAGCGGGAGCTCGGGGAGAGCAGTACTTCGGGCCG"	"CASSGVLAGARGEQYF"	"TCRBV6-6"	"TCRBD2-1*2"	"TCRBJ2-7*1"	42	50	61	69	8	8	NA	NA	"TTGGCTGCTCCCTCCCAGACATCTGTGTACTTCTGTGCCAGCTCCGGAGTACTAGCGGGAGCTCGGGGAGAGCAGTACTTCGGGCCG"	FALSE	TRUE	NA	NA	NA	NA
"CAGCCAGAAGACTCAGCCCTGTATCTCTGCGCCAGCAGCCAACACCACGCCGGGACTAGCGCCGACAATGAGCAGTTCTTCGGGCCA"	"CASSQHHAGTSADNEQFF"	"CAGCCAGAAGACTCAGCCCTGTATCTCTGCGCCAGCAGCCAACACCACGCCGGGACTAGCGCCGACAATGAGCAGTTCTTCGGGCCA"	"CASSQHHAGTSADNEQFF"	"TCRBV4-1*1"	"TCRBD2-1"	"TCRBJ2-1*1"	42	51	61	64	9	3	NA	NA	"CAGCCAGAAGACTCAGCCCTGTATCTCTGCGCCAGCAGCCAACACCACGCCGGGACTAGCGCCGACAATGAGCAGTTCTTCGGGCCA"	FALSE	TRUE	NA	NA	NA	NA
"AGATCCAGTCCACGGAGTCAGGGGACACAGCACTGTATTTCTGTGCCAGCAGCACCGGGGAGTAAAAACATTCAGTACTTCGGCGCC"	""	"AGATCCAGTCCACGGAGTCAGGGGACACAGCACTGTATTTCTGTGCCAGCAGCACCGGGGAGTAAAAACATTCAGTACTTCGGCGCC"	""	"TCRBV21-1*1"	"TCRBD2-1"	"TCRBJ2-4*1"	54	55	60	63	1	3	NA	NA	"AGATCCAGTCCACGGAGTCAGGGGACACAGCACTGTATTTCTGTGCCAGCAGCACCGGGGAGTAAAAACATTCAGTACTTCGGCGCC"	FALSE	FALSE	NA	NA	NA	NA
"CTGAGCTCTCTGGAGCTGGGGGACTCAGCTTTGTATTTCTGTGCCAGCAGCGTAGACGGGAGGGCAGATACGCAGTATTTTGGCCCA"	"CASSVDGRADTQYF"	"CTGAGCTCTCTGGAGCTGGGGGACTCAGCTTTGTATTTCTGTGCCAGCAGCGTAGACGGGAGGGCAGATACGCAGTATTTTGGCCCA"	"CASSVDGRADTQYF"	"TCRBV9-1*1"	"TCRBD2-1*2"	"TCRBJ2-3*1"	55	56	-1	64	1	65	NA	NA	"CTGAGCTCTCTGGAGCTGGGGGACTCAGCTTTGTATTTCTGTGCCAGCAGCGTAGACGGGAGGGCAGATACGCAGTATTTTGGCCCA"	FALSE	TRUE	NA	NA	NA	NA
"AAGATCCAGCCCTCAGAACCCAGGGACTCAGCTGTGTACTTCTGTGCCAGCAGCCCGACGGAATCCTACGAGCAGTACTTCGGGCCG"	"CASSPTESYEQYF"	"AAGATCCAGCCCTCAGAACCCAGGGACTCAGCTGTGTACTTCTGTGCCAGCAGCCCGACGGAATCCTACGAGCAGTACTTCGGGCCG"	"CASSPTESYEQYF"	"TCRBV12-3/12-4*1"	NA	"TCRBJ2-7*1"	53	59	62	63	6	1	NA	NA	"AAGATCCAGCCCTCAGAACCCAGGGACTCAGCTGTGTACTTCTGTGCCAGCAGCCCGACGGAATCCTACGAGCAGTACTTCGGGCCG"	FALSE	TRUE	NA	NA	NA	NA
"NCTCTGAAGATCCGGTCCACAAAGCTGGAGGACTCAGCCATGTACTTCTGTGCCAGCAGCCAACACTACGAGCAGTACTTCGGGCCG"	"CASSQHYEQYF"	"NCTCTGAAGATCCGGTCCACAAAGCTGGAGGACTCAGCCATGTACTTCTGTGCCAGCAGCCAACACTACGAGCAGTACTTCGGGCCG"	"CASSQHYEQYF"	"TCRBV2-1"	"TCRBD1-1*1"	"TCRBJ2-7*1"	59	62	-1	65	3	66	NA	NA	"NCTCTGAAGATCCGGTCCACAAAGCTGGAGGACTCAGCCATGTACTTCTGTGCCAGCAGCCAACACTACGAGCAGTACTTCGGGCCG"	FALSE	TRUE	NA	NA	NA	NA
"ATCCTGGAGTCGCCCAGCCCCAACCAGACCTCTCTGTACTTCTGTGCCAGCAAAACAGGGGTCCAAGAGACCCAGTACTTCGGGCCA"	"CASKTGVQETQYF"	"ATCCTGGAGTCGCCCAGCCCCAACCAGACCTCTCTGTACTTCTGTGCCAGCAAAACAGGGGTCCAAGAGACCCAGTACTTCGGGCCA"	"CASKTGVQETQYF"	"TCRBV27-1*1"	"TCRBD1-1*1"	"TCRBJ2-5*1"	52	54	61	62	2	1	NA	NA	"ATCCTGGAGTCGCCCAGCCCCAACCAGACCTCTCTGTACTTCTGTGCCAGCAAAACAGGGGTCCAAGAGACCCAGTACTTCGGGCCA"	FALSE	TRUE	NA	NA	NA	NA
"GTGAGCACCTTGGAGCTGGGGGACTCGGCCCTTTATCTTTGCGCCAGCAGCGACCCAGCAACTAATGAAAAACTGTTTTTTGGCAGT"	"CASSDPATNEKLFF"	"GTGAGCACCTTGGAGCTGGGGGACTCGGCCCTTTATCTTTGCGCCAGCAGCGACCCAGCAACTAATGAAAAACTGTTTTTTGGCAGT"	"CASSDPATNEKLFF"	"TCRBV5-1*1"	NA	"TCRBJ1-4*1"	-1	51	54	58	52	4	NA	NA	"GTGAGCACCTTGGAGCTGGGGGACTCGGCCCTTTATCTTTGCGCCAGCAGCGACCCAGCAACTAATGAAAAACTGTTTTTTGGCAGT"	FALSE	TRUE	NA	NA	NA	NA
"CACGCCCTGCAGCCAGAAGACTCAGCCCTGTATCTCTGCGCCAGCAGCCAAACGACAGAGTCTAACTATGGCTACACCTTCGGTTCG"	"CASSQTTESNYGYTF"	"CACGCCCTGCAGCCAGAAGACTCAGCCCTGTATCTCTGCGCCAGCAGCCAAACGACAGAGTCTAACTATGGCTACACCTTCGGTTCG"	"CASSQTTESNYGYTF"	"TCRBV4-1*1"	"TCRBD1-1*1"	"TCRBJ1-2*1"	51	53	58	61	2	3	NA	NA	"CACGCCCTGCAGCCAGAAGACTCAGCCCTGTATCTCTGCGCCAGCAGCCAAACGACAGAGTCTAACTATGGCTACACCTTCGGTTCG"	FALSE	TRUE	NA	NA	NA	NA
"AGCACCTTGGAGCTGGGGGACTCGGCCCTTTATCTTTGCGCCAGCAGCTTGAAAACCCCGCCTAATGAAAAACTGTTTTTTGGCAGT"	"CASSLKTPPNEKLFF"	"AGCACCTTGGAGCTGGGGGACTCGGCCCTTTATCTTTGCGCCAGCAGCTTGAAAACCCCGCCTAATGAAAAACTGTTTTTTGGCAGT"	"CASSLKTPPNEKLFF"	"TCRBV5-1*1"	NA	"TCRBJ1-4*1"	51	54	56	61	3	5	NA	NA	"AGCACCTTGGAGCTGGGGGACTCGGCCCTTTATCTTTGCGCCAGCAGCTTGAAAACCCCGCCTAATGAAAAACTGTTTTTTGGCAGT"	FALSE	TRUE	NA	NA	NA	NA
"GAGTCGCCCAGCCCCAACCAGACCTCTCTGTACTTCTGTGCCAGCAGTTTGACTAGCGGGAGCGCGGGTGAGCAGTACTTCGGGCCG"	"CASSLTSGSAGEQYF"	"GAGTCGCCCAGCCCCAACCAGACCTCTCTGTACTTCTGTGCCAGCAGTTTGACTAGCGGGAGCGCGGGTGAGCAGTACTTCGGGCCG"	"CASSLTSGSAGEQYF"	"TCRBV27-1*1"	"TCRBD2-1*2"	"TCRBJ2-7*1"	-1	50	62	69	51	7	NA	NA	"GAGTCGCCCAGCCCCAACCAGACCTCTCTGTACTTCTGTGCCAGCAGTTTGACTAGCGGGAGCGCGGGTGAGCAGTACTTCGGGCCG"	FALSE	TRUE	NA	NA	NA	NA
"ACTCTGGAGTCCGCTACCAGCTCCCAGACATCTGTGTACTTCTGTGCCATTTCCCCCGGGGGGTCCTACGAGCAGTACTTCGGGCCG"	"CAISPGGSYEQYF"	"ACTCTGGAGTCCGCTACCAGCTCCCAGACATCTGTGTACTTCTGTGCCATTTCCCCCGGGGGGTCCTACGAGCAGTACTTCGGGCCG"	"CAISPGGSYEQYF"	"TCRBV1-3*1"	"TCRBD2-1*1"	"TCRBJ2-7*1"	50	56	-1	63	6	64	NA	NA	"ACTCTGGAGTCCGCTACCAGCTCCCAGACATCTGTGTACTTCTGTGCCATTTCCCCCGGGGGGTCCTACGAGCAGTACTTCGGGCCG"	FALSE	TRUE	NA	NA	NA	NA
"CTGATCCTGGAGTCGCCCAGCCCCAACCAGACCTCTCTGTACTTCTGTGCCAGCAGTTTTCGGGGGTACGAGCAGTACTTCGGGCCG"	"CASSFRGYEQYF"	"CTGATCCTGGAGTCGCCCAGCCCCAACCAGACCTCTCTGTACTTCTGTGCCAGCAGTTTTCGGGGGTACGAGCAGTACTTCGGGCCG"	"CASSFRGYEQYF"	"TCRBV27-1*1"	"TCRBD2-1*1"	"TCRBJ2-7*1"	59	60	-1	66	1	67	NA	NA	"CTGATCCTGGAGTCGCCCAGCCCCAACCAGACCTCTCTGTACTTCTGTGCCAGCAGTTTTCGGGGGTACGAGCAGTACTTCGGGCCG"	FALSE	TRUE	NA	NA	NA	NA
"TTCACCTACACACCCTGCAGCCAGAAGACTCGGCCCTGTATCTCTGCGCCAGCAGCCAATTACACCGGGGAGCTGTTTTTTGGAGAA"	""	"TTCACCTACACACCCTGCAGCCAGAAGACTCGGCCCTGTATCTCTGCGCCAGCAGCCAATTACACCGGGGAGCTGTTTTTTGGAGAA"	""	"TCRBV4-3*1"	NA	"TCRBJ2-2*1"	-1	-1	59	61	0	2	NA	NA	"TTCACCTACACACCCTGCAGCCAGAAGACTCGGCCCTGTATCTCTGCGCCAGCAGCCAATTACACCGGGGAGCTGTTTTTTGGAGAA"	FALSE	FALSE	NA	NA	NA	NA
"CTGGAGTCTGCCAGGCCCTCACATACCTCTCAGTACCTCTGTGCCAGCAGTTTCTACAACCCCTCCTACGAGCAGTACTTCGGGCCG"	"CASSFYNPSYEQYF"	"CTGGAGTCTGCCAGGCCCTCACATACCTCTCAGTACCTCTGTGCCAGCAGTTTCTACAACCCCTCCTACGAGCAGTACTTCGGGCCG"	"CASSFYNPSYEQYF"	"TCRBV25-1*1"	NA	"TCRBJ2-7*1"	51	55	58	62	4	4	NA	NA	"CTGGAGTCTGCCAGGCCCTCACATACCTCTCAGTACCTCTGTGCCAGCAGTTTCTACAACCCCTCCTACGAGCAGTACTTCGGGCCG"	FALSE	TRUE	NA	NA	NA	NA
"ACAAAGCTGGAGGACTCAGCCATGTACTTCTGTGCCAGCAGTGAAGCGATGATAAGCGGGAGCTACAATGAGCAGTTCTTCGGGCCA"	"CASSEAMISGSYNEQFF"	"ACAAAGCTGGAGGACTCAGCCATGTACTTCTGTGCCAGCAGTGAAGCGATGATAAGCGGGAGCTACAATGAGCAGTTCTTCGGGCCA"	"CASSEAMISGSYNEQFF"	"TCRBV2-1"	"TCRBD2-1*2"	"TCRBJ2-1*1"	47	54	-1	62	7	63	NA	NA	"ACAAAGCTGGAGGACTCAGCCATGTACTTCTGTGCCAGCAGTGAAGCGATGATAAGCGGGAGCTACAATGAGCAGTTCTTCGGGCCA"	FALSE	TRUE	NA	NA	NA	NA
"GTTCATCCTGAGTTCTAAGAAGCTCCTTCTCAGTGACTCTGGCTTCTATCTCTGTGCCTGGCCACTTACGAGCAGTACTTCGGGCCG"	""	"GTTCATCCTGAGTTCTAAGAAGCTCCTTCTCAGTGACTCTGGCTTCTATCTCTGTGCCTGGCCACTTACGAGCAGTACTTCGGGCCG"	""	"TCRBV3-1"	"TCRBD2-1"	"TCRBJ2-7*1"	61	63	-1	66	2	67	NA	NA	"GTTCATCCTGAGTTCTAAGAAGCTCCTTCTCAGTGACTCTGGCTTCTATCTCTGTGCCTGGCCACTTACGAGCAGTACTTCGGGCCG"	FALSE	FALSE	NA	NA	NA	NA
"AAGATCCAGCCTGCAAAGCTTGAGGACTCGGCCGTGTATCTCTGTGCCAGCAGCTTCGGACATGGAGAAAAACTGTTTTTTGGCAGT"	"CASSFGHGEKLFF"	"AAGATCCAGCCTGCAAAGCTTGAGGACTCGGCCGTGTATCTCTGTGCCAGCAGCTTCGGACATGGAGAAAAACTGTTTTTTGGCAGT"	"CASSFGHGEKLFF"	"TCRBV11-2*1"	"TCRBD1-1*1"	"TCRBJ1-4*1"	56	57	62	66	1	4	NA	NA	"AAGATCCAGCCTGCAAAGCTTGAGGACTCGGCCGTGTATCTCTGTGCCAGCAGCTTCGGACATGGAGAAAAACTGTTTTTTGGCAGT"	FALSE	TRUE	NA	NA	NA	NA
"CCTTCTCAGTGACTCTGGCTTCTATCTCTGTGCCTGGAGTGTAATCGGCGTTGTTGAAGCTCTGGAAACACCATATATTTTGGAGAG"	""	"CCTTCTCAGTGACTCTGGCTTCTATCTCTGTGCCTGGAGTGTAATCGGCGTTGTTGAAGCTCTGGAAACACCATATATTTTGGAGAG"	""	"TCRBV3-1*1"	NA	"TCRBJ1-3*1"	42	46	49	59	4	10	NA	NA	"CCTTCTCAGTGACTCTGGCTTCTATCTCTGTGCCTGGAGTGTAATCGGCGTTGTTGAAGCTCTGGAAACACCATATATTTTGGAGAG"	FALSE	FALSE	NA	NA	NA	NA
"CTTGAGGACTCGGCCGTGTATCTCTGTGCCAGCAGTCCCGGGACAGGGGGCCGTTATTATGGCAATCAGCCCCAGCATTTTGGTGAT"	"CASSPGTGGRYYGNQPQHF"	"CTTGAGGACTCGGCCGTGTATCTCTGTGCCAGCAGTCCCGGGACAGGGGGCCGTTATTATGGCAATCAGCCCCAGCATTTTGGTGAT"	"CASSPGTGGRYYGNQPQHF"	"TCRBV11-2"	"TCRBD1-1*1"	"TCRBJ1-5*1"	35	39	51	61	4	10	NA	NA	"CTTGAGGACTCGGCCGTGTATCTCTGTGCCAGCAGTCCCGGGACAGGGGGCCGTTATTATGGCAATCAGCCCCAGCATTTTGGTGAT"	FALSE	TRUE	NA	NA	NA	NA
"ATCCGGTCCACAAAGCTGGAGGACTCAGCCATGTACTTCTGTGCCAGCATTTTTAGAAACAGGATCGATGGCTACACCTTCGGTTCG"	"CASIFRNRIDGYTF"	"ATCCGGTCCACAAAGCTGGAGGACTCAGCCATGTACTTCTGTGCCAGCATTTTTAGAAACAGGATCGATGGCTACACCTTCGGTTCG"	"CASIFRNRIDGYTF"	"TCRBV2-1"	"TCRBD1-1*1"	"TCRBJ1-2*1"	49	58	63	67	9	4	NA	NA	"ATCCGGTCCACAAAGCTGGAGGACTCAGCCATGTACTTCTGTGCCAGCATTTTTAGAAACAGGATCGATGGCTACACCTTCGGTTCG"	FALSE	TRUE	NA	NA	NA	NA
"GGAGTCCGCTACCAGCTCCCAGACATCTGTGTACTTCTGTGCCACCTCGGGCCTGGGACACCTGGAAACACCATATATTTTGGAGAG"	""	"GGAGTCCGCTACCAGCTCCCAGACATCTGTGTACTTCTGTGCCACCTCGGGCCTGGGACACCTGGAAACACCATATATTTTGGAGAG"	""	"TCRBV1-3*1"	"TCRBD1-1*1"	"TCRBJ1-3*1"	44	54	60	61	10	1	NA	NA	"GGAGTCCGCTACCAGCTCCCAGACATCTGTGTACTTCTGTGCCACCTCGGGCCTGGGACACCTGGAAACACCATATATTTTGGAGAG"	FALSE	FALSE	NA	NA	NA	NA
"GTGACCAGTGCCCATCCTGAAGACAGCAGCTTCTACATCTGCAGTGCTAGAAAGGAAGCCATGAACACTGAAGCTTTCTTTGGACAA"	"CSARKEAMNTEAFF"	"GTGACCAGTGCCCATCCTGAAGACAGCAGCTTCTACATCTGCAGTGCTAGAAAGGAAGCCATGAACACTGAAGCTTTCTTTGGACAA"	"CSARKEAMNTEAFF"	NA	NA	"TCRBJ1-1*1"	51	53	56	61	2	5	NA	NA	"GTGACCAGTGCCCATCCTGAAGACAGCAGCTTCTACATCTGCAGTGCTAGAAAGGAAGCCATGAACACTGAAGCTTTCTTTGGACAA"	FALSE	TRUE	NA	NA	NA	NA
"GTGCAGCCTGCAGAACTGGAGGATTCTGGAGTTTATTTCTGTGCCAGCAGCCACCGGACAGGAAATGAAAAACTGTTTTTTGGCAGT"	"CASSHRTGNEKLFF"	"GTGCAGCCTGCAGAACTGGAGGATTCTGGAGTTTATTTCTGTGCCAGCAGCCACCGGACAGGAAATGAAAAACTGTTTTTTGGCAGT"	"CASSHRTGNEKLFF"	"TCRBV14-1*1"	"TCRBD1-1*1"	"TCRBJ1-4*1"	53	55	62	63	2	1	NA	NA	"GTGCAGCCTGCAGAACTGGAGGATTCTGGAGTTTATTTCTGTGCCAGCAGCCACCGGACAGGAAATGAAAAACTGTTTTTTGGCAGT"	FALSE	TRUE	NA	NA	NA	NA
"CAGCGCACAGAGCAGGGGGACTCGGCCATGTATCTCTGTGCCAGCAGCTTAAGACAGGGCGTGACAGATACGCAGTATTTTGGCCCA"	"CASSLRQGVTDTQYF"	"CAGCGCACAGAGCAGGGGGACTCGGCCATGTATCTCTGTGCCAGCAGCTTAAGACAGGGCGTGACAGATACGCAGTATTTTGGCCCA"	"CASSLRQGVTDTQYF"	"TCRBV7-9*1"	"TCRBD1-1*1"	"TCRBJ2-3*1"	51	52	59	63	1	4	NA	NA	"CAGCGCACAGAGCAGGGGGACTCGGCCATGTATCTCTGTGCCAGCAGCTTAAGACAGGGCGTGACAGATACGCAGTATTTTGGCCCA"	FALSE	TRUE	NA	NA	NA	NA
"CTGACAGTGACCAGTGCCCATCCTGAAGACAGCAGCTTCTACATCTGCAGTGCTAGACCGGGAGGTCAGCCCCAGCATTTTGGTGAT"	"CSARPGGQPQHF"	"CTGACAGTGACCAGTGCCCATCCTGAAGACAGCAGCTTCTACATCTGCAGTGCTAGACCGGGAGGTCAGCCCCAGCATTTTGGTGAT"	"CSARPGGQPQHF"	NA	"TCRBD2-1*2"	"TCRBJ1-5*1"	57	58	-1	65	1	66	NA	NA	"CTGACAGTGACCAGTGCCCATCCTGAAGACAGCAGCTTCTACATCTGCAGTGCTAGACCGGGAGGTCAGCCCCAGCATTTTGGTGAT"	FALSE	TRUE	NA	NA	NA	NA
"ATCCAGCCCTCAGAACCCAGGGACTCAGCTGTGTACTTCTGTGCCAGCAGAGGACAGCCCTATAATTCACCCCTCCACTTTGGGAAT"	"CASRGQPYNSPLHF"	"ATCCAGCCCTCAGAACCCAGGGACTCAGCTGTGTACTTCTGTGCCAGCAGAGGACAGCCCTATAATTCACCCCTCCACTTTGGGAAT"	"CASRGQPYNSPLHF"	NA	"TCRBD1-1*1"	"TCRBJ1-6*1"	50	51	57	58	1	1	NA	NA	"ATCCAGCCCTCAGAACCCAGGGACTCAGCTGTGTACTTCTGTGCCAGCAGAGGACAGCCCTATAATTCACCCCTCCACTTTGGGAAT"	FALSE	TRUE	NA	NA	NA	NA
"AGCTGGGGGACTCGGCCCTTTATCTTTGCGCCAGCAGCTACCCCCGGGACTAGCGGGAAAGGTGGGGAGACCCAGTACTTCGGGCCA"	""	"AGCTGGGGGACTCGGCCCTTTATCTTTGCGCCAGCAGCTACCCCCGGGACTAGCGGGAAAGGTGGGGAGACCCAGTACTTCGGGCCA"	""	"TCRBV5-1*1"	"TCRBD2-1*2"	"TCRBJ2-5*1"	39	45	58	66	6	8	NA	NA	"AGCTGGGGGACTCGGCCCTTTATCTTTGCGCCAGCAGCTACCCCCGGGACTAGCGGGAAAGGTGGGGAGACCCAGTACTTCGGGCCA"	FALSE	FALSE	NA	NA	NA	NA
"ATCCAGCCCTCAGAACCCAGGGACTCAGCTGTGTACTTCTGTGCCAGCAGGCTGACAGGGATGAACACTGAAGCTTTCTTTGGACAA"	"CASRLTGMNTEAFF"	"ATCCAGCCCTCAGAACCCAGGGACTCAGCTGTGTACTTCTGTGCCAGCAGGCTGACAGGGATGAACACTGAAGCTTTCTTTGGACAA"	"CASRLTGMNTEAFF"	NA	"TCRBD1-1*1"	"TCRBJ1-1*1"	50	53	60	61	3	1	NA	NA	"ATCCAGCCCTCAGAACCCAGGGACTCAGCTGTGTACTTCTGTGCCAGCAGGCTGACAGGGATGAACACTGAAGCTTTCTTTGGACAA"	FALSE	TRUE	NA	NA	NA	NA
"CCAGTCCACGGAGTCAGGGGACACAGCACTGTATTTCTGTGCCAGCAGCACTAGGACAGGGTGCGAAACACCATATATTTTGGAGAG"	""	"CCAGTCCACGGAGTCAGGGGACACAGCACTGTATTTCTGTGCCAGCAGCACTAGGACAGGGTGCGAAACACCATATATTTTGGAGAG"	""	"TCRBV21-1*1"	"TCRBD1-1*1"	"TCRBJ1-3*1"	50	53	61	64	3	3	NA	NA	"CCAGTCCACGGAGTCAGGGGACACAGCACTGTATTTCTGTGCCAGCAGCACTAGGACAGGGTGCGAAACACCATATATTTTGGAGAG"	FALSE	FALSE	NA	NA	NA	NA
"GAGTCGCCCAGCCCCAACCAGACCTCTCTGTACTTCTGTGCCAGCAGGCAGGGGGACAGGGACACCGGGGAGCTGTTTTTTGGAGAA"	"CASRQGDRDTGELFF"	"GAGTCGCCCAGCCCCAACCAGACCTCTCTGTACTTCTGTGCCAGCAGGCAGGGGGACAGGGACACCGGGGAGCTGTTTTTTGGAGAA"	"CASRQGDRDTGELFF"	"TCRBV27-1*1"	"TCRBD1-1*1"	"TCRBJ2-2*1"	47	52	-1	61	5	62	NA	NA	"GAGTCGCCCAGCCCCAACCAGACCTCTCTGTACTTCTGTGCCAGCAGGCAGGGGGACAGGGACACCGGGGAGCTGTTTTTTGGAGAA"	FALSE	TRUE	NA	NA	NA	NA
"NNNNTGTCGGCTGCTCCCTCCCAGACATCTGTGTACTTCTGTGCCAGCAGTAAAGGGACTTATGGAAACACCATATATTTTGGAGAG"	"CASSKGTYGNTIYF"	"NNNNTGTCGGCTGCTCCCTCCCAGACATCTGTGTACTTCTGTGCCAGCAGTAAAGGGACTTATGGAAACACCATATATTTTGGAGAG"	"CASSKGTYGNTIYF"	NA	"TCRBD2-1"	"TCRBJ1-3*1"	-1	55	60	62	56	2	NA	NA	"NNNNTGTCGGCTGCTCCCTCCCAGACATCTGTGTACTTCTGTGCCAGCAGTAAAGGGACTTATGGAAACACCATATATTTTGGAGAG"	FALSE	TRUE	NA	NA	NA	NA
"ACTGGAGGATTCTGGAGTTTATTTCTGTGCCAGCAGCCAAGGGCATTGACTAGCAGGTCGAACACCGGGGAGCTGTTTTTTGGAGAA"	""	"ACTGGAGGATTCTGGAGTTTATTTCTGTGCCAGCAGCCAAGGGCATTGACTAGCAGGTCGAACACCGGGGAGCTGTTTTTTGGAGAA"	""	"TCRBV14-1*1"	"TCRBD2-1"	"TCRBJ2-2*1"	41	47	54	58	6	4	NA	NA	"ACTGGAGGATTCTGGAGTTTATTTCTGTGCCAGCAGCCAAGGGCATTGACTAGCAGGTCGAACACCGGGGAGCTGTTTTTTGGAGAA"	FALSE	FALSE	NA	NA	NA	NA
"NNNNTGTCGGCTGCTCCCTCCCAGACATCTGTGTACTTCTGTGCCAGCAGTGTGAGACTAGCGGGGAATGAGCAGTTCTTCGGGCCA"	"CASSVRLAGNEQFF"	"NNNNTGTCGGCTGCTCCCTCCCAGACATCTGTGTACTTCTGTGCCAGCAGTGTGAGACTAGCGGGGAATGAGCAGTTCTTCGGGCCA"	"CASSVRLAGNEQFF"	NA	"TCRBD2-1*1"	"TCRBJ2-1*1"	52	55	-1	66	3	67	NA	NA	"NNNNTGTCGGCTGCTCCCTCCCAGACATCTGTGTACTTCTGTGCCAGCAGTGTGAGACTAGCGGGGAATGAGCAGTTCTTCGGGCCA"	FALSE	TRUE	NA	NA	NA	NA
"ACATCGGCCCAAAAGAACCCGACAGCTTTCTATCTCTGTGCCAGTAGTATAGGTGGGAGCTCCTACAATGAGCAGTTCTTCGGGCCA"	"CASSIGGSSYNEQFF"	"ACATCGGCCCAAAAGAACCCGACAGCTTTCTATCTCTGTGCCAGTAGTATAGGTGGGAGCTCCTACAATGAGCAGTTCTTCGGGCCA"	"CASSIGGSSYNEQFF"	"TCRBV19-1*1"	"TCRBD2-1*2"	"TCRBJ2-1*1"	52	54	-1	59	2	60	NA	NA	"ACATCGGCCCAAAAGAACCCGACAGCTTTCTATCTCTGTGCCAGTAGTATAGGTGGGAGCTCCTACAATGAGCAGTTCTTCGGGCCA"	FALSE	TRUE	NA	NA	NA	NA
"AATGTGAACGCCTTGGAGCTGGACGACTCGGCCCTGTATCTCTGTGCCAGCAGCTTTGCGGGAGGAGCCGAGCAGTACTTCGGGCCG"	"CASSFAGGAEQYF"	"AATGTGAACGCCTTGGAGCTGGACGACTCGGCCCTGTATCTCTGTGCCAGCAGCTTTGCGGGAGGAGCCGAGCAGTACTTCGGGCCG"	"CASSFAGGAEQYF"	"TCRBV5-4*1"	"TCRBD2-1*2"	"TCRBJ2-7*1"	56	57	65	68	1	3	NA	NA	"AATGTGAACGCCTTGGAGCTGGACGACTCGGCCCTGTATCTCTGTGCCAGCAGCTTTGCGGGAGGAGCCGAGCAGTACTTCGGGCCG"	FALSE	TRUE	NA	NA	NA	NA
"ATCCAGCAGGTAGTGCGAGGAGATTCGGCAGCTTATTTCTGTGCCAGCTCACAGGGGATTACTAATGAAAAACTGTTTTTTGGCAGT"	"CASSQGITNEKLFF"	"ATCCAGCAGGTAGTGCGAGGAGATTCGGCAGCTTATTTCTGTGCCAGCTCACAGGGGATTACTAATGAAAAACTGTTTTTTGGCAGT"	"CASSQGITNEKLFF"	"TCRBV18-1*1"	"TCRBD1-1*1"	"TCRBJ1-4*1"	-1	52	57	60	53	3	NA	NA	"ATCCAGCAGGTAGTGCGAGGAGATTCGGCAGCTTATTTCTGTGCCAGCTCACAGGGGATTACTAATGAAAAACTGTTTTTTGGCAGT"	FALSE	TRUE	NA	NA	NA	NA
"GTACCCTCTCAGACATCTGTGTACTTCTGTGCCAGCAGTGACTCGAGCTTAGGCAGGGAGGGATACAATGAGCAGTTCTTCGGGCCA"	"CASSDSSLGREGYNEQFF"	"GTACCCTCTCAGACATCTGTGTACTTCTGTGCCAGCAGTGACTCGAGCTTAGGCAGGGAGGGATACAATGAGCAGTTCTTCGGGCCA"	"CASSDSSLGREGYNEQFF"	"TCRBV6-4*1"	"TCRBD2-1*2"	"TCRBJ2-1*1"	44	55	62	63	11	1	NA	NA	"GTACCCTCTCAGACATCTGTGTACTTCTGTGCCAGCAGTGACTCGAGCTTAGGCAGGGAGGGATACAATGAGCAGTTCTTCGGGCCA"	FALSE	TRUE	NA	NA	NA	NA
"AGCAGGTAGTGCGAGGAGATTCGGCAGCTTATTTCTGTGCCAGCTCACCCATGGACTAGCCGGTCCTACGAGCAGTACTTCGGGCCG"	""	"AGCAGGTAGTGCGAGGAGATTCGGCAGCTTATTTCTGTGCCAGCTCACCCATGGACTAGCCGGTCCTACGAGCAGTACTTCGGGCCG"	""	"TCRBV18-1*1"	"TCRBD2-1"	"TCRBJ2-7*1"	49	52	60	63	3	3	NA	NA	"AGCAGGTAGTGCGAGGAGATTCGGCAGCTTATTTCTGTGCCAGCTCACCCATGGACTAGCCGGTCCTACGAGCAGTACTTCGGGCCG"	FALSE	FALSE	NA	NA	NA	NA
"ATTCTGGAGTCCGCCAGCACCAACCAGACATCTATGTACCTCTGTGCCAGCAGCCAGGGACGAGAAGATACGCAGTATTTTGGCCCA"	"CASSQGREDTQYF"	"ATTCTGGAGTCCGCCAGCACCAACCAGACATCTATGTACCTCTGTGCCAGCAGCCAGGGACGAGAAGATACGCAGTATTTTGGCCCA"	"CASSQGREDTQYF"	"TCRBV28-1*1"	NA	"TCRBJ2-3*1"	53	56	61	65	3	4	NA	NA	"ATTCTGGAGTCCGCCAGCACCAACCAGACATCTATGTACCTCTGTGCCAGCAGCCAGGGACGAGAAGATACGCAGTATTTTGGCCCA"	FALSE	TRUE	NA	NA	NA	NA
"GAGATCCAGCGCACAGAGCAGGGGGACTCGGCCATGTATCTCTGTGCCAGCAGCCCGGACACCTCCTACGAGCAGTACTTCGGGCCG"	"CASSPDTSYEQYF"	"GAGATCCAGCGCACAGAGCAGGGGGACTCGGCCATGTATCTCTGTGCCAGCAGCCCGGACACCTCCTACGAGCAGTACTTCGGGCCG"	"CASSPDTSYEQYF"	"TCRBV7-9*1"	"TCRBD1-1*1"	"TCRBJ2-7*1"	54	56	61	62	2	1	NA	NA	"GAGATCCAGCGCACAGAGCAGGGGGACTCGGCCATGTATCTCTGTGCCAGCAGCCCGGACACCTCCTACGAGCAGTACTTCGGGCCG"	FALSE	TRUE	NA	NA	NA	NA
"TGACCAGTGCCCATCCTGAAGACAGCAGCTTCTACATCTGCAGTGCTAGAGATCAACAGGGTAAACTATGGCTACACCTTCGGTTCG"	""	"TGACCAGTGCCCATCCTGAAGACAGCAGCTTCTACATCTGCAGTGCTAGAGATCAACAGGGTAAACTATGGCTACACCTTCGGTTCG"	""	NA	"TCRBD1-1*1"	"TCRBJ1-2*1"	52	55	61	63	3	2	NA	NA	"TGACCAGTGCCCATCCTGAAGACAGCAGCTTCTACATCTGCAGTGCTAGAGATCAACAGGGTAAACTATGGCTACACCTTCGGTTCG"	FALSE	FALSE	NA	NA	NA	NA
"TCCACAAAGCTGGAGGACTCAGCCATGTACTTCTGTGCCAGCAGCGAAAGAGCGGGAGGCGCCTACAATGAGCAGTTCTTCGGGCCA"	"CASSERAGGAYNEQFF"	"TCCACAAAGCTGGAGGACTCAGCCATGTACTTCTGTGCCAGCAGCGAAAGAGCGGGAGGCGCCTACAATGAGCAGTTCTTCGGGCCA"	"CASSERAGGAYNEQFF"	"TCRBV2-1"	"TCRBD2-1*2"	"TCRBJ2-1*1"	48	50	59	61	2	2	NA	NA	"TCCACAAAGCTGGAGGACTCAGCCATGTACTTCTGTGCCAGCAGCGAAAGAGCGGGAGGCGCCTACAATGAGCAGTTCTTCGGGCCA"	FALSE	TRUE	NA	NA	NA	NA
"ATTCTGGAGTCCGCCAGCACCAACCAGACATCTATGTACCTCTGTGCCAGCAGTTTGCGGATCACAGATACGCAGTATTTTGGCCCA"	"CASSLRITDTQYF"	"ATTCTGGAGTCCGCCAGCACCAACCAGACATCTATGTACCTCTGTGCCAGCAGTTTGCGGATCACAGATACGCAGTATTTTGGCCCA"	"CASSLRITDTQYF"	"TCRBV28-1*1"	"TCRBD2-1"	"TCRBJ2-3*1"	-1	56	60	62	57	2	NA	NA	"ATTCTGGAGTCCGCCAGCACCAACCAGACATCTATGTACCTCTGTGCCAGCAGTTTGCGGATCACAGATACGCAGTATTTTGGCCCA"	FALSE	TRUE	NA	NA	NA	NA
"CGGGACTCAGCCATGTATCGCTGTGCTAGCAGCTTATTAAGTGGGGGTCGGGACTAGCGGTCCGGCGGGGAGCTGTTTTTTGGAGAA"	"CASSLLSGGRD*RSGGELFF"	"CGGGACTCAGCCATGTATCGCTGTGCTAGCAGCTTATTAAGTGGGGGTCGGGACTAGCGGTCCGGCGGGGAGCTGTTTTTTGGAGAA"	"CASSLLSGGRD*RSGGELFF"	"TCRBV7-7*1"	"TCRBD2-1"	"TCRBJ2-2*1"	36	49	60	65	13	5	NA	NA	"CGGGACTCAGCCATGTATCGCTGTGCTAGCAGCTTATTAAGTGGGGGTCGGGACTAGCGGTCCGGCGGGGAGCTGTTTTTTGGAGAA"	FALSE	TRUE	NA	NA	NA	NA
"TCCACAAAGCTGGAGGACTCAGCCATGTACTTCTGTGCCAGCAGCGTGAGGGGGCGGCTGGACACCGGGGAGCTGTTTTTTGGAGAA"	"CASSVRGRLDTGELFF"	"TCCACAAAGCTGGAGGACTCAGCCATGTACTTCTGTGCCAGCAGCGTGAGGGGGCGGCTGGACACCGGGGAGCTGTTTTTTGGAGAA"	"CASSVRGRLDTGELFF"	"TCRBV2-1"	"TCRBD1-1*1"	"TCRBJ2-2*1"	44	48	55	61	4	6	NA	NA	"TCCACAAAGCTGGAGGACTCAGCCATGTACTTCTGTGCCAGCAGCGTGAGGGGGCGGCTGGACACCGGGGAGCTGTTTTTTGGAGAA"	FALSE	TRUE	NA	NA	NA	NA
"CGGTCCACAAAGCTGGAGGACTCAGCCATGTACTTCTGTGCCAGCAGTGAAGGACACCGGAGCTCCTACGAGCAGTACTTCGGGCCG"	"CASSEGHRSSYEQYF"	"CGGTCCACAAAGCTGGAGGACTCAGCCATGTACTTCTGTGCCAGCAGTGAAGGACACCGGAGCTCCTACGAGCAGTACTTCGGGCCG"	"CASSEGHRSSYEQYF"	"TCRBV2-1"	NA	"TCRBJ2-7*1"	-1	52	56	62	53	6	NA	NA	"CGGTCCACAAAGCTGGAGGACTCAGCCATGTACTTCTGTGCCAGCAGTGAAGGACACCGGAGCTCCTACGAGCAGTACTTCGGGCCG"	FALSE	TRUE	NA	NA	NA	NA
"CTGGAGCTTGGTGACTCTGCTGTGTATTTCTGTGCCAGCAGCCAAGATAACCGGGAGGTCCCGAAAGTAGAGCAGTACTTCGGGCCG"	"CASSQDNREVPKVEQYF"	"CTGGAGCTTGGTGACTCTGCTGTGTATTTCTGTGCCAGCAGCCAAGATAACCGGGAGGTCCCGAAAGTAGAGCAGTACTTCGGGCCG"	"CASSQDNREVPKVEQYF"	"TCRBV3-1/3-2*1"	"TCRBD2-1*2"	"TCRBJ2-7*1"	47	51	58	69	4	11	NA	NA	"CTGGAGCTTGGTGACTCTGCTGTGTATTTCTGTGCCAGCAGCCAAGATAACCGGGAGGTCCCGAAAGTAGAGCAGTACTTCGGGCCG"	FALSE	TRUE	NA	NA	NA	NA
"ATCCTGGAGTCGCCCAGCCCCAACCAGACCTCTCTGTACTTCTGTGCCAGCAGTTGGGAACAGGGTTACGAGCAGTACTTCGGGCCG"	"CASSWEQGYEQYF"	"ATCCTGGAGTCGCCCAGCCCCAACCAGACCTCTCTGTACTTCTGTGCCAGCAGTTGGGAACAGGGTTACGAGCAGTACTTCGGGCCG"	"CASSWEQGYEQYF"	"TCRBV27-1*1"	"TCRBD1-1*1"	"TCRBJ2-7*1"	55	59	65	66	4	1	NA	NA	"ATCCTGGAGTCGCCCAGCCCCAACCAGACCTCTCTGTACTTCTGTGCCAGCAGTTGGGAACAGGGTTACGAGCAGTACTTCGGGCCG"	FALSE	TRUE	NA	NA	NA	NA
"CTGGAGTCTGCTGCCTCCTCCCAGACATCTGTATATTTCTGCGCCAGCAGTCTCAATTTAAGGAACACTGAAGCTTTCTTTGGACAA"	"CASSLNLRNTEAFF"	"CTGGAGTCTGCTGCCTCCTCCCAGACATCTGTATATTTCTGCGCCAGCAGTCTCAATTTAAGGAACACTGAAGCTTTCTTTGGACAA"	"CASSLNLRNTEAFF"	"TCRBV1-1*1"	NA	"TCRBJ1-1*1"	51	53	55	62	2	7	NA	NA	"CTGGAGTCTGCTGCCTCCTCCCAGACATCTGTATATTTCTGCGCCAGCAGTCTCAATTTAAGGAACACTGAAGCTTTCTTTGGACAA"	FALSE	TRUE	NA	NA	NA	NA
"GTGACCAGTGCCCATCCTGAAGACAGCAGCTTCTACATCTGCAGTGCATTCACCGGACTAGCGGGAGGAGAGCAGTACTTCGGGCCG"	"CSAFTGLAGGEQYF"	"GTGACCAGTGCCCATCCTGAAGACAGCAGCTTCTACATCTGCAGTGCATTCACCGGACTAGCGGGAGGAGAGCAGTACTTCGGGCCG"	"CSAFTGLAGGEQYF"	NA	"TCRBD2-1*2"	"TCRBJ2-7*1"	47	54	68	69	7	1	NA	NA	"GTGACCAGTGCCCATCCTGAAGACAGCAGCTTCTACATCTGCAGTGCATTCACCGGACTAGCGGGAGGAGAGCAGTACTTCGGGCCG"	FALSE	TRUE	NA	NA	NA	NA
"GAGTCTGCCAGGCCCTCACATACCTCTCAGTACCTCTGTGCCAGCAGTGAATTCGGGACAGCAGGGCACGAGCAGTACTTCGGGCCG"	"CASSEFGTAGHEQYF"	"GAGTCTGCCAGGCCCTCACATACCTCTCAGTACCTCTGTGCCAGCAGTGAATTCGGGACAGCAGGGCACGAGCAGTACTTCGGGCCG"	"CASSEFGTAGHEQYF"	"TCRBV25-1*1"	"TCRBD1-1*1"	"TCRBJ2-7*1"	52	54	61	67	2	6	NA	NA	"GAGTCTGCCAGGCCCTCACATACCTCTCAGTACCTCTGTGCCAGCAGTGAATTCGGGACAGCAGGGCACGAGCAGTACTTCGGGCCG"	FALSE	TRUE	NA	NA	NA	NA
"GCCCAGCCCCAACCAGACCTCTCTGTACTTCTGTGCCAGCAGTTTACAACTTTCTAGCGCTCCTACAATGAGCAGTTCTTCGGGCCA"	""	"GCCCAGCCCCAACCAGACCTCTCTGTACTTCTGTGCCAGCAGTTTACAACTTTCTAGCGCTCCTACAATGAGCAGTTCTTCGGGCCA"	""	"TCRBV27-1*1"	"TCRBD2-1"	"TCRBJ2-1*1"	46	53	-1	59	7	60	NA	NA	"GCCCAGCCCCAACCAGACCTCTCTGTACTTCTGTGCCAGCAGTTTACAACTTTCTAGCGCTCCTACAATGAGCAGTTCTTCGGGCCA"	FALSE	FALSE	NA	NA	NA	NA
"CTTCTCAGTGACTCTGGCTTCTATCTCTGTGCCTGGAGTGTAAAGGGAACTCCATTCCAAGCGAACACTGAAGCTTTCTTTGGACAA"	"CAWSVKGTPFQANTEAFF"	"CTTCTCAGTGACTCTGGCTTCTATCTCTGTGCCTGGAGTGTAAAGGGAACTCCATTCCAAGCGAACACTGAAGCTTTCTTTGGACAA"	"CAWSVKGTPFQANTEAFF"	"TCRBV3-1*1"	NA	"TCRBJ1-1*1"	41	44	48	62	3	14	NA	NA	"CTTCTCAGTGACTCTGGCTTCTATCTCTGTGCCTGGAGTGTAAAGGGAACTCCATTCCAAGCGAACACTGAAGCTTTCTTTGGACAA"	FALSE	TRUE	NA	NA	NA	NA
"CACATCAATTCCCTGGAGCTTGGTGACTCTGCTGTGTATTTCTGTGCCAGCAGCCCGACAGGGGATGCTGGCTACACCTTCGGTTCG"	"CASSPTGDAGYTF"	"CACATCAATTCCCTGGAGCTTGGTGACTCTGCTGTGTATTTCTGTGCCAGCAGCCCGACAGGGGATGCTGGCTACACCTTCGGTTCG"	"CASSPTGDAGYTF"	"TCRBV3-1/3-2*1"	"TCRBD1-1*1"	"TCRBJ1-2*1"	55	56	64	68	1	4	NA	NA	"CACATCAATTCCCTGGAGCTTGGTGACTCTGCTGTGTATTTCTGTGCCAGCAGCCCGACAGGGGATGCTGGCTACACCTTCGGTTCG"	FALSE	TRUE	NA	NA	NA	NA
"CTGCTGCCTCCTCCCAGACATCTGTATATTTCTGCGCCAGCTGAAAGGGCGGGAGGATATAACTACAATGAGCAGTTCTTCGGGCCA"	""	"CTGCTGCCTCCTCCCAGACATCTGTATATTTCTGCGCCAGCTGAAAGGGCGGGAGGATATAACTACAATGAGCAGTTCTTCGGGCCA"	""	"TCRBV1-1"	"TCRBD2-1*2"	"TCRBJ2-1*1"	41	48	56	62	7	6	NA	NA	"CTGCTGCCTCCTCCCAGACATCTGTATATTTCTGCGCCAGCTGAAAGGGCGGGAGGATATAACTACAATGAGCAGTTCTTCGGGCCA"	FALSE	FALSE	NA	NA	NA	NA
"CACACCCTGCAGCCAGAAGACTCGGCCCTGTATCTCTGCGCCAGCAGCCAAGATGGCCTAGCGGGAGGTGAGCAGTACTTCGGGCCG"	"CASSQDGLAGGEQYF"	"CACACCCTGCAGCCAGAAGACTCGGCCCTGTATCTCTGCGCCAGCAGCCAAGATGGCCTAGCGGGAGGTGAGCAGTACTTCGGGCCG"	"CASSQDGLAGGEQYF"	"TCRBV4-3*1"	"TCRBD2-1*2"	"TCRBJ2-7*1"	53	57	68	69	4	1	NA	NA	"CACACCCTGCAGCCAGAAGACTCGGCCCTGTATCTCTGCGCCAGCAGCCAAGATGGCCTAGCGGGAGGTGAGCAGTACTTCGGGCCG"	FALSE	TRUE	NA	NA	NA	NA
"CTAGAGTCTGCCATCCCCAACCAGACAGCTCTTTACTTCTGTGCCACCAGTCCTAGGTTTTTCGGCTATGGCTACACCTTCGGTTCG"	"CATSPRFFGYGYTF"	"CTAGAGTCTGCCATCCCCAACCAGACAGCTCTTTACTTCTGTGCCACCAGTCCTAGGTTTTTCGGCTATGGCTACACCTTCGGTTCG"	"CATSPRFFGYGYTF"	"TCRBV24-1*1"	"TCRBD2-1"	"TCRBJ1-2*1"	51	52	56	65	1	9	NA	NA	"CTAGAGTCTGCCATCCCCAACCAGACAGCTCTTTACTTCTGTGCCACCAGTCCTAGGTTTTTCGGCTATGGCTACACCTTCGGTTCG"	FALSE	TRUE	NA	NA	NA	NA
"AACGCCTTGGAGCTGGACGACTCGGCCCTGTATCTCTGTGCCAGCAGCTTGAAGGGGGCAGCCAAAAACATTCAGTACTTCGGCGCC"	"CASSLKGAAKNIQYF"	"AACGCCTTGGAGCTGGACGACTCGGCCCTGTATCTCTGTGCCAGCAGCTTGAAGGGGGCAGCCAAAAACATTCAGTACTTCGGCGCC"	"CASSLKGAAKNIQYF"	"TCRBV5-4*1"	"TCRBD1-1*1"	"TCRBJ2-4*1"	51	52	-1	59	1	60	NA	NA	"AACGCCTTGGAGCTGGACGACTCGGCCCTGTATCTCTGTGCCAGCAGCTTGAAGGGGGCAGCCAAAAACATTCAGTACTTCGGCGCC"	FALSE	TRUE	NA	NA	NA	NA
"TCACTGTGACATCGGCCCAAAAGAACCCGACAGCTTTCTATCTCTGTGCCAGGGCGAGGCTCCTACAATGAGCAGTTCTTCGGGCCA"	""	"TCACTGTGACATCGGCCCAAAAGAACCCGACAGCTTTCTATCTCTGTGCCAGGGCGAGGCTCCTACAATGAGCAGTTCTTCGGGCCA"	""	"TCRBV19-1*1"	"TCRBD2-1*2"	"TCRBJ2-1*1"	52	55	-1	59	3	60	NA	NA	"TCACTGTGACATCGGCCCAAAAGAACCCGACAGCTTTCTATCTCTGTGCCAGGGCGAGGCTCCTACAATGAGCAGTTCTTCGGGCCA"	FALSE	FALSE	NA	NA	NA	NA
"TTGGGGACTCGGCCGTGTATCTCTGTGCCAGCAGCAAAAGACTAGCGGGAGGGGACACCCGCCCGCAATGAGCAGTTCTTCGGGCCA"	""	"TTGGGGACTCGGCCGTGTATCTCTGTGCCAGCAGCAAAAGACTAGCGGGAGGGGACACCCGCCCGCAATGAGCAGTTCTTCGGGCCA"	""	"TCRBV11-3*1"	"TCRBD2-1*2"	"TCRBJ2-1*1"	35	39	53	65	4	12	NA	NA	"TTGGGGACTCGGCCGTGTATCTCTGTGCCAGCAGCAAAAGACTAGCGGGAGGGGACACCCGCCCGCAATGAGCAGTTCTTCGGGCCA"	FALSE	FALSE	NA	NA	NA	NA
"CTACACGCCCTGCAGCCAGAAGACTCAGCCCTGTATCTCTGCGCCAGCAGCCAGGGACCTGCTAACTATGGCTACACCTTCGGTTCG"	"CASSQGPANYGYTF"	"CTACACGCCCTGCAGCCAGAAGACTCAGCCCTGTATCTCTGCGCCAGCAGCCAGGGACCTGCTAACTATGGCTACACCTTCGGTTCG"	"CASSQGPANYGYTF"	"TCRBV4-1*1"	NA	"TCRBJ1-2*1"	-1	53	58	61	54	3	NA	NA	"CTACACGCCCTGCAGCCAGAAGACTCAGCCCTGTATCTCTGCGCCAGCAGCCAGGGACCTGCTAACTATGGCTACACCTTCGGTTCG"	FALSE	TRUE	NA	NA	NA	NA
"CCTGTCCCTAGAGTCTGCCATCCCCAACCAGACAGCTCTTTACTTCTGTGCCACCATTGAACAGGCCTGAAGCGATCTCCCGGTTCG"	""	"CCTGTCCCTAGAGTCTGCCATCCCCAACCAGACAGCTCTTTACTTCTGTGCCACCATTGAACAGGCCTGAAGCGATCTCCCGGTTCG"	""	"TCRBV24-1*1"	"TCRBD1-1*1"	"TCRBJ1-2*1"	-1	60	65	80	61	15	NA	NA	"CCTGTCCCTAGAGTCTGCCATCCCCAACCAGACAGCTCTTTACTTCTGTGCCACCATTGAACAGGCCTGAAGCGATCTCCCGGTTCG"	FALSE	FALSE	NA	NA	NA	NA
"CAGTCCACGGAGTCAGGGGACACAGCACTGTATTTCTGTGCCAGCAGCAACAAAGCAAGCTCTGGAAACACCATATATTTTGGAGAG"	"CASSNKASSGNTIYF"	"CAGTCCACGGAGTCAGGGGACACAGCACTGTATTTCTGTGCCAGCAGCAACAAAGCAAGCTCTGGAAACACCATATATTTTGGAGAG"	"CASSNKASSGNTIYF"	"TCRBV21-1*1"	"TCRBD2-1"	"TCRBJ1-3*1"	50	53	56	59	3	3	NA	NA	"CAGTCCACGGAGTCAGGGGACACAGCACTGTATTTCTGTGCCAGCAGCAACAAAGCAAGCTCTGGAAACACCATATATTTTGGAGAG"	FALSE	TRUE	NA	NA	NA	NA
"TGAGCACCTTGGAGCTGGGGGACTCGGCCCTTTATCTTTGCGCCAGCAGCTTGCACCGGGTACGATGGTGGCTACACCTTCGGTTCG"	""	"TGAGCACCTTGGAGCTGGGGGACTCGGCCCTTTATCTTTGCGCCAGCAGCTTGCACCGGGTACGATGGTGGCTACACCTTCGGTTCG"	""	"TCRBV5-1*1"	"TCRBD2-1"	"TCRBJ1-2*1"	53	56	60	68	3	8	NA	NA	"TGAGCACCTTGGAGCTGGGGGACTCGGCCCTTTATCTTTGCGCCAGCAGCTTGCACCGGGTACGATGGTGGCTACACCTTCGGTTCG"	FALSE	FALSE	NA	NA	NA	NA
"NTGTCGGCTGCTCCCTCCCAGACATCTGTGTACTTCTGTGCCAGTTCTAAGGGGGGGCGCTCCTACAATGAGCAGTTCTTCGGGCCA"	"CASSKGGRSYNEQFF"	"NTGTCGGCTGCTCCCTCCCAGACATCTGTGTACTTCTGTGCCAGTTCTAAGGGGGGGCGCTCCTACAATGAGCAGTTCTTCGGGCCA"	"CASSKGGRSYNEQFF"	"TCRBV6-5*1"	"TCRBD2-1*1"	"TCRBJ2-1*1"	44	50	57	59	6	2	NA	NA	"NTGTCGGCTGCTCCCTCCCAGACATCTGTGTACTTCTGTGCCAGTTCTAAGGGGGGGCGCTCCTACAATGAGCAGTTCTTCGGGCCA"	FALSE	TRUE	NA	NA	NA	NA
"ACTCTGACAGTGACCAGTGCCCATCCTGAAGACAGCAGCTTCTACATCTGCAGTGGGGACAGAGACTACGAGCAGTACTTCGGGCCG"	"CSGDRDYEQYF"	"ACTCTGACAGTGACCAGTGCCCATCCTGAAGACAGCAGCTTCTACATCTGCAGTGGGGACAGAGACTACGAGCAGTACTTCGGGCCG"	"CSGDRDYEQYF"	"TCRBV2-1"	"TCRBD1-1*1"	"TCRBJ2-7*1"	-1	55	62	65	56	3	NA	NA	"ACTCTGACAGTGACCAGTGCCCATCCTGAAGACAGCAGCTTCTACATCTGCAGTGGGGACAGAGACTACGAGCAGTACTTCGGGCCG"	FALSE	TRUE	NA	NA	NA	NA
"CTGGAGTCTGCCAGGCCCTCACATACCTCTCAGTACCTCTGTGCCACCTATAGCGGGAGGGAGGCCGGGGAGCTGTTTTTTGGAGAA"	"CATYSGREAGELFF"	"CTGGAGTCTGCCAGGCCCTCACATACCTCTCAGTACCTCTGTGCCACCTATAGCGGGAGGGAGGCCGGGGAGCTGTTTTTTGGAGAA"	"CATYSGREAGELFF"	"TCRBV25-1*1"	"TCRBD2-1*2"	"TCRBJ2-2*1"	46	50	61	64	4	3	NA	NA	"CTGGAGTCTGCCAGGCCCTCACATACCTCTCAGTACCTCTGTGCCACCTATAGCGGGAGGGAGGCCGGGGAGCTGTTTTTTGGAGAA"	FALSE	TRUE	NA	NA	NA	NA
"ATCCAGCCCTCAGAACCCAGGGACTCAGCTGTGTACTTCTGTGCCAGCAGAATGATGGGGGGGGACACTGAAGCTTTCTTTGGACAA"	"CASRMMGGDTEAFF"	"ATCCAGCCCTCAGAACCCAGGGACTCAGCTGTGTACTTCTGTGCCAGCAGAATGATGGGGGGGGACACTGAAGCTTTCTTTGGACAA"	"CASRMMGGDTEAFF"	NA	"TCRBD2-1*1"	"TCRBJ1-1*1"	50	56	63	64	6	1	NA	NA	"ATCCAGCCCTCAGAACCCAGGGACTCAGCTGTGTACTTCTGTGCCAGCAGAATGATGGGGGGGGACACTGAAGCTTTCTTTGGACAA"	FALSE	TRUE	NA	NA	NA	NA
"ACTCTGACAGTGACCAGTGCCCATCCTGAAGACAGCAGCTTCTACATCTGCAGTGCTCGGGGCAGGCACGAGCAGTACTTCGGGCCG"	"CSARGRHEQYF"	"ACTCTGACAGTGACCAGTGCCCATCCTGAAGACAGCAGCTTCTACATCTGCAGTGCTCGGGGCAGGCACGAGCAGTACTTCGGGCCG"	"CSARGRHEQYF"	"TCRBV2-1"	NA	"TCRBJ2-7*1"	57	58	63	67	1	4	NA	NA	"ACTCTGACAGTGACCAGTGCCCATCCTGAAGACAGCAGCTTCTACATCTGCAGTGCTCGGGGCAGGCACGAGCAGTACTTCGGGCCG"	FALSE	TRUE	NA	NA	NA	NA
"ACGTTGGCGTCTGCTGTACCCTCTCAGACATCTGTGTACTTCTGTGCCAGCAGCGTCGACAGGGGGGATGAAGCTTTCTTTGGACAA"	"CASSVDRGDEAFF"	"ACGTTGGCGTCTGCTGTACCCTCTCAGACATCTGTGTACTTCTGTGCCAGCAGCGTCGACAGGGGGGATGAAGCTTTCTTTGGACAA"	"CASSVDRGDEAFF"	"TCRBV6-4*1"	"TCRBD1-1*1"	"TCRBJ1-1*1"	53	57	66	68	4	2	NA	NA	"ACGTTGGCGTCTGCTGTACCCTCTCAGACATCTGTGTACTTCTGTGCCAGCAGCGTCGACAGGGGGGATGAAGCTTTCTTTGGACAA"	FALSE	TRUE	NA	NA	NA	NA
"GAGTCGCCCAGCCCCAACCAGACCTCTCTGTACTTCTGTGCCAGCAGTGGGTCTAGCGGGAGTCAGCACGAGCAGTACTTCGGGCCG"	"CASSGSSGSQHEQYF"	"GAGTCGCCCAGCCCCAACCAGACCTCTCTGTACTTCTGTGCCAGCAGTGGGTCTAGCGGGAGTCAGCACGAGCAGTACTTCGGGCCG"	"CASSGSSGSQHEQYF"	"TCRBV27-1*1"	"TCRBD2-1*2"	"TCRBJ2-7*1"	48	52	62	67	4	5	NA	NA	"GAGTCGCCCAGCCCCAACCAGACCTCTCTGTACTTCTGTGCCAGCAGTGGGTCTAGCGGGAGTCAGCACGAGCAGTACTTCGGGCCG"	FALSE	TRUE	NA	NA	NA	NA
"ATCCAGCAGGTAGTGCGAGGAGATTCGGCAGCTTATTTCTGTGCCAGCTCACCTATACCGACGTCCTACGAGCAGTACTTCGGGCCG"	"CASSPIPTSYEQYF"	"ATCCAGCAGGTAGTGCGAGGAGATTCGGCAGCTTATTTCTGTGCCAGCTCACCTATACCGACGTCCTACGAGCAGTACTTCGGGCCG"	"CASSPIPTSYEQYF"	"TCRBV18-1*1"	NA	"TCRBJ2-7*1"	53	59	62	63	6	1	NA	NA	"ATCCAGCAGGTAGTGCGAGGAGATTCGGCAGCTTATTTCTGTGCCAGCTCACCTATACCGACGTCCTACGAGCAGTACTTCGGGCCG"	FALSE	TRUE	NA	NA	NA	NA
"CTTGGTGACTCTGCTGTGTATTTCTGTGCCAGCAGCCAAGAAATTTTCCCTAAGGGAGGCTCGTACAATGAGCAGTTCTTCGGGCCA"	"CASSQEIFPKGGSYNEQFF"	"CTTGGTGACTCTGCTGTGTATTTCTGTGCCAGCAGCCAAGAAATTTTCCCTAAGGGAGGCTCGTACAATGAGCAGTTCTTCGGGCCA"	"CASSQEIFPKGGSYNEQFF"	"TCRBV3-1/3-2*1"	"TCRBD2-1*2"	"TCRBJ2-1*1"	41	53	59	63	12	4	NA	NA	"CTTGGTGACTCTGCTGTGTATTTCTGTGCCAGCAGCCAAGAAATTTTCCCTAAGGGAGGCTCGTACAATGAGCAGTTCTTCGGGCCA"	FALSE	TRUE	NA	NA	NA	NA
"GCGGGACTCGGCCATGTATCGCTGTGCCAGCAGCATTCCTAGCGGGAGGGTTAGTTTTGTCGCACAGATACGCAGTATTTTGGCCCA"	""	"GCGGGACTCGGCCATGTATCGCTGTGCCAGCAGCATTCCTAGCGGGAGGGTTAGTTTTGTCGCACAGATACGCAGTATTTTGGCCCA"	""	"TCRBV7-6*1"	"TCRBD2-1*2"	"TCRBJ2-3*1"	34	38	50	61	4	11	NA	NA	"GCGGGACTCGGCCATGTATCGCTGTGCCAGCAGCATTCCTAGCGGGAGGGTTAGTTTTGTCGCACAGATACGCAGTATTTTGGCCCA"	FALSE	FALSE	NA	NA	NA	NA
"CGGTCCACAAAGCTGGAGGACTCAGCCATGTACTTCTGTGCCAGCAGTGAACGCCCCACTAGCAATCAGCCCCAGCATTTTGGTGAT"	"CASSERPTSNQPQHF"	"CGGTCCACAAAGCTGGAGGACTCAGCCATGTACTTCTGTGCCAGCAGTGAACGCCCCACTAGCAATCAGCCCCAGCATTTTGGTGAT"	"CASSERPTSNQPQHF"	"TCRBV2-1"	NA	"TCRBJ1-5*1"	51	57	-1	59	6	60	NA	NA	"CGGTCCACAAAGCTGGAGGACTCAGCCATGTACTTCTGTGCCAGCAGTGAACGCCCCACTAGCAATCAGCCCCAGCATTTTGGTGAT"	FALSE	TRUE	NA	NA	NA	NA
"CAGCACCAACCAGACATCTATGTACCTCTGTGCCAGCAGTTCCCGGGACAGGTTCGACTAGCCAAAAACATTCAGTACTTCGGCGCC"	""	"CAGCACCAACCAGACATCTATGTACCTCTGTGCCAGCAGTTCCCGGGACAGGTTCGACTAGCCAAAAACATTCAGTACTTCGGCGCC"	""	"TCRBV28-1*1"	"TCRBD1-1*1"	"TCRBJ2-4*1"	41	44	52	59	3	7	NA	NA	"CAGCACCAACCAGACATCTATGTACCTCTGTGCCAGCAGTTCCCGGGACAGGTTCGACTAGCCAAAAACATTCAGTACTTCGGCGCC"	FALSE	FALSE	NA	NA	NA	NA
"AGTGCCCATCCTGAAGACAGCAGCTTCTACATCTGCAGTGCTAGAGTAGTAGCGGGAGGGCCAATGGAGACCCAGTACTTCGGGCCA"	"CSARVVAGGPMETQYF"	"AGTGCCCATCCTGAAGACAGCAGCTTCTACATCTGCAGTGCTAGAGTAGTAGCGGGAGGGCCAATGGAGACCCAGTACTTCGGGCCA"	"CSARVVAGGPMETQYF"	NA	"TCRBD2-1*2"	"TCRBJ2-5*1"	46	49	60	66	3	6	NA	NA	"AGTGCCCATCCTGAAGACAGCAGCTTCTACATCTGCAGTGCTAGAGTAGTAGCGGGAGGGCCAATGGAGACCCAGTACTTCGGGCCA"	FALSE	TRUE	NA	NA	NA	NA
"CTGATTCTGGAGTCCGCCAGCACCAACCAGACATCTATGTACCTCTGTGCCAGCAGTTCGGGACACAATACGCAGTATTTTGGCCCA"	"CASSSGHNTQYF"	"CTGATTCTGGAGTCCGCCAGCACCAACCAGACATCTATGTACCTCTGTGCCAGCAGTTCGGGACACAATACGCAGTATTTTGGCCCA"	"CASSSGHNTQYF"	"TCRBV28-1*1"	"TCRBD1-1*1"	"TCRBJ2-3*1"	58	59	65	67	1	2	NA	NA	"CTGATTCTGGAGTCCGCCAGCACCAACCAGACATCTATGTACCTCTGTGCCAGCAGTTCGGGACACAATACGCAGTATTTTGGCCCA"	FALSE	TRUE	NA	NA	NA	NA
"CGCTACCAGCTCCCAGACATCTGTGTACTTCTGTGCCATCAGTGTTCGGGGCTCGAGAGCTCCTACAATGAGCAGTTCTTCGGGCCA"	""	"CGCTACCAGCTCCCAGACATCTGTGTACTTCTGTGCCATCAGTGTTCGGGGCTCGAGAGCTCCTACAATGAGCAGTTCTTCGGGCCA"	""	"TCRBV1-3*1"	NA	"TCRBJ2-1*1"	44	47	52	59	3	7	NA	NA	"CGCTACCAGCTCCCAGACATCTGTGTACTTCTGTGCCATCAGTGTTCGGGGCTCGAGAGCTCCTACAATGAGCAGTTCTTCGGGCCA"	FALSE	FALSE	NA	NA	NA	NA
"AGCTCCCAGACATCTGTGTACTTCTGTGCCATCAGTGTGGCCCCCTCAACTAGCGGGAGGGCCCAAGAGACCCAGTACTTCGGGCCA"	"CAISVAPSTSGRAQETQYF"	"AGCTCCCAGACATCTGTGTACTTCTGTGCCATCAGTGTGGCCCCCTCAACTAGCGGGAGGGCCCAAGAGACCCAGTACTTCGGGCCA"	"CAISVAPSTSGRAQETQYF"	"TCRBV1-3*1"	"TCRBD2-1*2"	"TCRBJ2-5*1"	37	48	61	62	11	1	NA	NA	"AGCTCCCAGACATCTGTGTACTTCTGTGCCATCAGTGTGGCCCCCTCAACTAGCGGGAGGGCCCAAGAGACCCAGTACTTCGGGCCA"	FALSE	TRUE	NA	NA	NA	NA
"ATCCAGCCTGCAGAGCTTGGGGACTCGGCCGTGTATCTCTGTGCCAGCAGCTTCGACACAAGGACCGAGACCCAGTACTTCGGGCCA"	"CASSFDTRTETQYF"	"ATCCAGCCTGCAGAGCTTGGGGACTCGGCCGTGTATCTCTGTGCCAGCAGCTTCGACACAAGGACCGAGACCCAGTACTTCGGGCCA"	"CASSFDTRTETQYF"	"TCRBV11-3*1"	NA	"TCRBJ2-5*1"	53	61	65	66	8	1	NA	NA	"ATCCAGCCTGCAGAGCTTGGGGACTCGGCCGTGTATCTCTGTGCCAGCAGCTTCGACACAAGGACCGAGACCCAGTACTTCGGGCCA"	FALSE	TRUE	NA	NA	NA	NA
"AGCACCTTGGAGCTGGGGGACTCGGCCCTTTATCTTTGCGCCAGCAGCTTGACCCCGGGGGCTAGTGATGAGCAGTTCTTCGGGCCA"	"CASSLTPGASDEQFF"	"AGCACCTTGGAGCTGGGGGACTCGGCCCTTTATCTTTGCGCCAGCAGCTTGACCCCGGGGGCTAGTGATGAGCAGTTCTTCGGGCCA"	"CASSLTPGASDEQFF"	"TCRBV5-1*1"	NA	"TCRBJ2-1*1"	51	56	62	67	5	5	NA	NA	"AGCACCTTGGAGCTGGGGGACTCGGCCCTTTATCTTTGCGCCAGCAGCTTGACCCCGGGGGCTAGTGATGAGCAGTTCTTCGGGCCA"	FALSE	TRUE	NA	NA	NA	NA
"ATTCTGGAGTCCGCCAGCACCAACCAGACATCTATGTACCTCTGTGCCAGCAGGCCGGGACTTCTAGAGACCCAGTACTTCGGGCCA"	"CASRPGLLETQYF"	"ATTCTGGAGTCCGCCAGCACCAACCAGACATCTATGTACCTCTGTGCCAGCAGGCCGGGACTTCTAGAGACCCAGTACTTCGGGCCA"	"CASRPGLLETQYF"	"TCRBV28-1*1"	"TCRBD2-1"	"TCRBJ2-5*1"	53	56	62	65	3	3	NA	NA	"ATTCTGGAGTCCGCCAGCACCAACCAGACATCTATGTACCTCTGTGCCAGCAGGCCGGGACTTCTAGAGACCCAGTACTTCGGGCCA"	FALSE	TRUE	NA	NA	NA	NA
"TCGGCCCAAAAGAACCCGACAGCTTTCTATCTCTGTGCCTCCGACAGGGACGGATGGTTTAGGAACACTGAAGCTTTCTTTGGACAA"	"CASDRDGWFRNTEAFF"	"TCGGCCCAAAAGAACCCGACAGCTTTCTATCTCTGTGCCTCCGACAGGGACGGATGGTTTAGGAACACTGAAGCTTTCTTTGGACAA"	"CASDRDGWFRNTEAFF"	"TCRBV19-1*1"	"TCRBD1-1*1"	"TCRBJ1-1*1"	39	42	49	62	3	13	NA	NA	"TCGGCCCAAAAGAACCCGACAGCTTTCTATCTCTGTGCCTCCGACAGGGACGGATGGTTTAGGAACACTGAAGCTTTCTTTGGACAA"	FALSE	TRUE	NA	NA	NA	NA
"CTGAGCTCTCTGGAGCTGGGGGACTCAGCTTTGTATTTCTGTGCCAGCGCAAGGGGTAGGAAATCAGATACGCAGTATTTTGGCCCA"	"CASARGRKSDTQYF"	"CTGAGCTCTCTGGAGCTGGGGGACTCAGCTTTGTATTTCTGTGCCAGCGCAAGGGGTAGGAAATCAGATACGCAGTATTTTGGCCCA"	"CASARGRKSDTQYF"	"TCRBV9-1*1"	"TCRBD1-1*1"	"TCRBJ2-3*1"	48	51	56	64	3	8	NA	NA	"CTGAGCTCTCTGGAGCTGGGGGACTCAGCTTTGTATTTCTGTGCCAGCGCAAGGGGTAGGAAATCAGATACGCAGTATTTTGGCCCA"	FALSE	TRUE	NA	NA	NA	NA
"CTGGAGTCCGCTACCAGCTCCCAGACATCTGTGTACTTCTGTGCCATCGCTTCTTGGGAGAACCACAATGAGCAGTTCTTCGGGCCA"	"CAIASWENHNEQFF"	"CTGGAGTCCGCTACCAGCTCCCAGACATCTGTGTACTTCTGTGCCATCGCTTCTTGGGAGAACCACAATGAGCAGTTCTTCGGGCCA"	"CAIASWENHNEQFF"	"TCRBV1-3*1"	"TCRBD2-1*2"	"TCRBJ2-1*1"	48	55	60	64	7	4	NA	NA	"CTGGAGTCCGCTACCAGCTCCCAGACATCTGTGTACTTCTGTGCCATCGCTTCTTGGGAGAACCACAATGAGCAGTTCTTCGGGCCA"	FALSE	TRUE	NA	NA	NA	NA
"CCTGAAGACAGCAGCATATATCTCTGCAGCGTTGAAGATCCGTTTCGACGACGGATCTCTGGGGCCAACGTCCTGACTTTCGGGGCC"	"CSVEDPFRRRISGANVLTF"	"CCTGAAGACAGCAGCATATATCTCTGCAGCGTTGAAGATCCGTTTCGACGACGGATCTCTGGGGCCAACGTCCTGACTTTCGGGGCC"	"CSVEDPFRRRISGANVLTF"	"TCRBV29-1"	NA	"TCRBJ2-6*1"	38	52	55	56	14	1	NA	NA	"CCTGAAGACAGCAGCATATATCTCTGCAGCGTTGAAGATCCGTTTCGACGACGGATCTCTGGGGCCAACGTCCTGACTTTCGGGGCC"	FALSE	TRUE	NA	NA	NA	NA
"ACTCTGACAGTGACCAGTGCCCATCCTGAAGACAGCAGCTTCTACATCTGCAGTGCTATAGCCGGCTACGAGCAGTACTTCGGGCCG"	"CSAIAGYEQYF"	"ACTCTGACAGTGACCAGTGCCCATCCTGAAGACAGCAGCTTCTACATCTGCAGTGCTATAGCCGGCTACGAGCAGTACTTCGGGCCG"	"CSAIAGYEQYF"	"TCRBV2-1"	"TCRBD2-1"	"TCRBJ2-7*1"	-1	58	62	65	59	3	NA	NA	"ACTCTGACAGTGACCAGTGCCCATCCTGAAGACAGCAGCTTCTACATCTGCAGTGCTATAGCCGGCTACGAGCAGTACTTCGGGCCG"	FALSE	TRUE	NA	NA	NA	NA
"CAGCCCTCAGAACCCAGGGACTCAGCTGTGTACTTCTGTGCCAGCAGTTTGGGGGGGACAGGGTACTACGAGCAGTACTTCGGGCCG"	"CASSLGGTGYYEQYF"	"CAGCCCTCAGAACCCAGGGACTCAGCTGTGTACTTCTGTGCCAGCAGTTTGGGGGGGACAGGGTACTACGAGCAGTACTTCGGGCCG"	"CASSLGGTGYYEQYF"	NA	"TCRBD1-1*1"	"TCRBJ2-7*1"	50	54	63	65	4	2	NA	NA	"CAGCCCTCAGAACCCAGGGACTCAGCTGTGTACTTCTGTGCCAGCAGTTTGGGGGGGACAGGGTACTACGAGCAGTACTTCGGGCCG"	FALSE	TRUE	NA	NA	NA	NA
"ACACAGCAGGAGGACTCCGCCGTGTATCTCTGTGCCAGCAGCCCTTTTCTGAGCGGGAGAGACACCGGGGAGCTGTTTTTTGGAGAA"	"CASSPFLSGRDTGELFF"	"ACACAGCAGGAGGACTCCGCCGTGTATCTCTGTGCCAGCAGCCCTTTTCTGAGCGGGAGAGACACCGGGGAGCTGTTTTTTGGAGAA"	"CASSPFLSGRDTGELFF"	"TCRBV7-8*3"	"TCRBD2-1*2"	"TCRBJ2-2*1"	43	51	59	61	8	2	NA	NA	"ACACAGCAGGAGGACTCCGCCGTGTATCTCTGTGCCAGCAGCCCTTTTCTGAGCGGGAGAGACACCGGGGAGCTGTTTTTTGGAGAA"	FALSE	TRUE	NA	NA	NA	NA
"CAGCCTGCAGAGCTTGGGGACTCGGCCGTGTATCTCTGTGCCAGCAGCTTAGGTCGGTTGTCCTACAATGAGCAGTTCTTCGGGCCA"	"CASSLGRLSYNEQFF"	"CAGCCTGCAGAGCTTGGGGACTCGGCCGTGTATCTCTGTGCCAGCAGCTTAGGTCGGTTGTCCTACAATGAGCAGTTCTTCGGGCCA"	"CASSLGRLSYNEQFF"	"TCRBV11-3*1"	"TCRBD2-1"	"TCRBJ2-1*1"	52	54	57	60	2	3	NA	NA	"CAGCCTGCAGAGCTTGGGGACTCGGCCGTGTATCTCTGTGCCAGCAGCTTAGGTCGGTTGTCCTACAATGAGCAGTTCTTCGGGCCA"	FALSE	TRUE	NA	NA	NA	NA
"TGAACGCCTTGGAGCTGGACGACTCGGCCCTGTATCTCTGTGCCAGCAGCCATTAAAGAGAGGTGTCAGCCCCAGCATTTTGGTGAT"	""	"TGAACGCCTTGGAGCTGGACGACTCGGCCCTGTATCTCTGTGCCAGCAGCCATTAAAGAGAGGTGTCAGCCCCAGCATTTTGGTGAT"	""	"TCRBV5-4*1"	"TCRBD2-1*2"	"TCRBJ1-5*1"	50	59	63	65	9	2	NA	NA	"TGAACGCCTTGGAGCTGGACGACTCGGCCCTGTATCTCTGTGCCAGCAGCCATTAAAGAGAGGTGTCAGCCCCAGCATTTTGGTGAT"	FALSE	FALSE	NA	NA	NA	NA
"TCGCCCAGCCCCAACCAGACCTCTCTGTACTTCTGTGCCACCGGGATCAGGGGGCGCGAGGGGGCCAACGTCCTGACTTTCGGGGCC"	"CATGIRGREGANVLTF"	"TCGCCCAGCCCCAACCAGACCTCTCTGTACTTCTGTGCCACCGGGATCAGGGGGCGCGAGGGGGCCAACGTCCTGACTTTCGGGGCC"	"CATGIRGREGANVLTF"	"TCRBV27-1*1"	"TCRBD1-1*1"	"TCRBJ2-6*1"	40	47	55	60	7	5	NA	NA	"TCGCCCAGCCCCAACCAGACCTCTCTGTACTTCTGTGCCACCGGGATCAGGGGGCGCGAGGGGGCCAACGTCCTGACTTTCGGGGCC"	FALSE	TRUE	NA	NA	NA	NA
"ACATGAGCCCTGAAGACAGCAGCATATATCTCTGCAGCGTTGAATTAGTCGGCGGGGTTGCCTGGAAACACCATATATTTTGGAGAG"	""	"ACATGAGCCCTGAAGACAGCAGCATATATCTCTGCAGCGTTGAATTAGTCGGCGGGGTTGCCTGGAAACACCATATATTTTGGAGAG"	""	"TCRBV29-1"	"TCRBD2-1*1"	"TCRBJ1-3*1"	44	51	57	61	7	4	NA	NA	"ACATGAGCCCTGAAGACAGCAGCATATATCTCTGCAGCGTTGAATTAGTCGGCGGGGTTGCCTGGAAACACCATATATTTTGGAGAG"	FALSE	FALSE	NA	NA	NA	NA
"GAGTCCGCCAGCACCAACCAGACATCTATGTACCTCTGTGCCAGCAGTCCGAGAACCCCTAGCACAGATACGCAGTATTTTGGCCCA"	"CASSPRTPSTDTQYF"	"GAGTCCGCCAGCACCAACCAGACATCTATGTACCTCTGTGCCAGCAGTCCGAGAACCCCTAGCACAGATACGCAGTATTTTGGCCCA"	"CASSPRTPSTDTQYF"	"TCRBV28-1*1"	"TCRBD2-1*2"	"TCRBJ2-3*1"	48	50	53	60	2	7	NA	NA	"GAGTCCGCCAGCACCAACCAGACATCTATGTACCTCTGTGCCAGCAGTCCGAGAACCCCTAGCACAGATACGCAGTATTTTGGCCCA"	FALSE	TRUE	NA	NA	NA	NA
"GTGACCAGTGCCCATCCTGAAGACAGCAGCTTCTACATCTGCAGTGCTCAGCCCGGGGGCACTAACTATGGCTACACCTTCGGTTCG"	"CSAQPGGTNYGYTF"	"GTGACCAGTGCCCATCCTGAAGACAGCAGCTTCTACATCTGCAGTGCTCAGCCCGGGGGCACTAACTATGGCTACACCTTCGGTTCG"	"CSAQPGGTNYGYTF"	NA	NA	"TCRBJ1-2*1"	48	54	60	61	6	1	NA	NA	"GTGACCAGTGCCCATCCTGAAGACAGCAGCTTCTACATCTGCAGTGCTCAGCCCGGGGGCACTAACTATGGCTACACCTTCGGTTCG"	FALSE	TRUE	NA	NA	NA	NA
"GAGCTGAATGTGAACGCCTTGTTGCTGGGGGACTCGGCCCTCTATCTCTGTGCCAGCAGCATTCATTACGAGCAGTACTTCGGGCCG"	"CASSIHYEQYF"	"GAGCTGAATGTGAACGCCTTGTTGCTGGGGGACTCGGCCCTCTATCTCTGTGCCAGCAGCATTCATTACGAGCAGTACTTCGGGCCG"	"CASSIHYEQYF"	"TCRBV5-6*1"	"TCRBD1-1*1"	"TCRBJ2-7*1"	60	63	65	66	3	1	NA	NA	"GAGCTGAATGTGAACGCCTTGTTGCTGGGGGACTCGGCCCTCTATCTCTGTGCCAGCAGCATTCATTACGAGCAGTACTTCGGGCCG"	FALSE	TRUE	NA	NA	NA	NA
"CAGCCTGCAGAGCTTGGGGACTCGGCCGTGTATCTCTGTGCCAGCAGCTTAGACACAGGGTACGACTACGAGCAGTACTTCGGGCCG"	"CASSLDTGYDYEQYF"	"CAGCCTGCAGAGCTTGGGGACTCGGCCGTGTATCTCTGTGCCAGCAGCTTAGACACAGGGTACGACTACGAGCAGTACTTCGGGCCG"	"CASSLDTGYDYEQYF"	"TCRBV11-3*1"	"TCRBD1-1*1"	"TCRBJ2-7*1"	53	54	60	65	1	5	NA	NA	"CAGCCTGCAGAGCTTGGGGACTCGGCCGTGTATCTCTGTGCCAGCAGCTTAGACACAGGGTACGACTACGAGCAGTACTTCGGGCCG"	FALSE	TRUE	NA	NA	NA	NA
"AACGCCTTGTTGCTGGGGGACTCGGCCCTGTATCTCTGTGCCAGCAGCCTCCTTAGCGGAAGCTCCTACGAGCAGTACTTCGGGCCG"	"CASSLLSGSSYEQYF"	"AACGCCTTGTTGCTGGGGGACTCGGCCCTGTATCTCTGTGCCAGCAGCCTCCTTAGCGGAAGCTCCTACGAGCAGTACTTCGGGCCG"	"CASSLLSGSSYEQYF"	"TCRBV5-5*1"	"TCRBD2-1"	"TCRBJ2-7*1"	48	53	59	62	5	3	NA	NA	"AACGCCTTGTTGCTGGGGGACTCGGCCCTGTATCTCTGTGCCAGCAGCCTCCTTAGCGGAAGCTCCTACGAGCAGTACTTCGGGCCG"	FALSE	TRUE	NA	NA	NA	NA
"ACTGTGAGCAACATGAGCCCTGAAGACAGCAGCATATATCTCTGCAGCGTTGAACAGGTAACCTCCACTGAAGCTTTCTTTGGACAA"	"CSVEQVTSTEAFF"	"ACTGTGAGCAACATGAGCCCTGAAGACAGCAGCATATATCTCTGCAGCGTTGAACAGGTAACCTCCACTGAAGCTTTCTTTGGACAA"	"CSVEQVTSTEAFF"	"TCRBV29-1"	"TCRBD1-1*1"	"TCRBJ1-1*1"	-1	54	58	65	55	7	NA	NA	"ACTGTGAGCAACATGAGCCCTGAAGACAGCAGCATATATCTCTGCAGCGTTGAACAGGTAACCTCCACTGAAGCTTTCTTTGGACAA"	FALSE	TRUE	NA	NA	NA	NA
"AGCACCAACCAGACATCTATGTACCTCTGTGCCAGCAGTTCAACTGGGGGGGAATAGCGGAACACCGGGGAGCTGTTTTTTGGAGAA"	"CASSSTGGE*RNTGELFF"	"AGCACCAACCAGACATCTATGTACCTCTGTGCCAGCAGTTCAACTGGGGGGGAATAGCGGAACACCGGGGAGCTGTTTTTTGGAGAA"	"CASSSTGGE*RNTGELFF"	"TCRBV28-1*1"	"TCRBD2-1*1"	"TCRBJ2-2*1"	40	45	52	59	5	7	NA	NA	"AGCACCAACCAGACATCTATGTACCTCTGTGCCAGCAGTTCAACTGGGGGGGAATAGCGGAACACCGGGGAGCTGTTTTTTGGAGAA"	FALSE	TRUE	NA	NA	NA	NA
"TGGAGTCCGCCAGCACCAACCAGACATCTATGTACCTCTGTGCCAGCAGTTGGGACAGGGGCCCCTCAGCCCCAGCATTTTGGTGAT"	""	"TGGAGTCCGCCAGCACCAACCAGACATCTATGTACCTCTGTGCCAGCAGTTGGGACAGGGGCCCCTCAGCCCCAGCATTTTGGTGAT"	""	"TCRBV28-1*1"	"TCRBD1-1*1"	"TCRBJ1-5*1"	-1	51	61	65	52	4	NA	NA	"TGGAGTCCGCCAGCACCAACCAGACATCTATGTACCTCTGTGCCAGCAGTTGGGACAGGGGCCCCTCAGCCCCAGCATTTTGGTGAT"	FALSE	FALSE	NA	NA	NA	NA
"GAAGCTCCTTCTCAGTGACTCTGGCTTCTATCTCTGTGCCTGGAGTGTGAGGGGCTTTTCTATAATTCACCCCTCCACTTTGGGAAC"	""	"GAAGCTCCTTCTCAGTGACTCTGGCTTCTATCTCTGTGCCTGGAGTGTGAGGGGCTTTTCTATAATTCACCCCTCCACTTTGGGAAC"	""	"TCRBV3-1*1"	NA	"TCRBJ1-6*2"	48	49	54	59	1	5	NA	NA	"GAAGCTCCTTCTCAGTGACTCTGGCTTCTATCTCTGTGCCTGGAGTGTGAGGGGCTTTTCTATAATTCACCCCTCCACTTTGGGAAC"	FALSE	FALSE	NA	NA	NA	NA
"TCAGAACCCAGGGACTCAGCTGTGTACTTCTGTGCCAGCAGTTCCTTTTCGGCGGCAAGTAACCAAGAGACCCAGTACTTCGGGCCA"	"CASSSFSAASNQETQYF"	"TCAGAACCCAGGGACTCAGCTGTGTACTTCTGTGCCAGCAGTTCCTTTTCGGCGGCAAGTAACCAAGAGACCCAGTACTTCGGGCCA"	"CASSSFSAASNQETQYF"	NA	"TCRBD2-1"	"TCRBJ2-5*1"	43	51	55	61	8	6	NA	NA	"TCAGAACCCAGGGACTCAGCTGTGTACTTCTGTGCCAGCAGTTCCTTTTCGGCGGCAAGTAACCAAGAGACCCAGTACTTCGGGCCA"	FALSE	TRUE	NA	NA	NA	NA
"CGCTCACCAGGCCTGGGGGACGCAGCCATGTACCTGTGTGCCACCACTTACGGGACTTCGTACCAAGAGACCCAGTACTTCGGGCCA"	"CATTYGTSYQETQYF"	"CGCTCACCAGGCCTGGGGGACGCAGCCATGTACCTGTGTGCCACCACTTACGGGACTTCGTACCAAGAGACCCAGTACTTCGGGCCA"	"CATTYGTSYQETQYF"	"TCRBV15-1*2"	"TCRBD2-1"	"TCRBJ2-5*1"	46	51	57	61	5	4	NA	NA	"CGCTCACCAGGCCTGGGGGACGCAGCCATGTACCTGTGTGCCACCACTTACGGGACTTCGTACCAAGAGACCCAGTACTTCGGGCCA"	FALSE	TRUE	NA	NA	NA	NA
"TCCGCCAGCACCAACCAGACATCTATGTACCTCTGTGCCAGCACCCCTGGGTGGACAGGGGGAAGCTACGAGCAGTACTTCGGGCCG"	"CASTPGWTGGSYEQYF"	"TCCGCCAGCACCAACCAGACATCTATGTACCTCTGTGCCAGCACCCCTGGGTGGACAGGGGGAAGCTACGAGCAGTACTTCGGGCCG"	"CASTPGWTGGSYEQYF"	"TCRBV28-1*1"	"TCRBD1-1*1"	"TCRBJ2-7*1"	43	52	62	65	9	3	NA	NA	"TCCGCCAGCACCAACCAGACATCTATGTACCTCTGTGCCAGCACCCCTGGGTGGACAGGGGGAAGCTACGAGCAGTACTTCGGGCCG"	FALSE	TRUE	NA	NA	NA	NA
"CTCCTCACTCTGGAGTCCGCTACCAGCTCCCAGACATCTGTGTACTTCTGTGCCGCATCCCAAGGAGATAGCTACACCTTCGGTTCG"	"CAASQGDSYTF"	"CTCCTCACTCTGGAGTCCGCTACCAGCTCCCAGACATCTGTGTACTTCTGTGCCGCATCCCAAGGAGATAGCTACACCTTCGGTTCG"	"CAASQGDSYTF"	"TCRBV1-3*1"	"TCRBD2-1*2"	"TCRBJ1-2*1"	54	63	67	70	9	3	NA	NA	"CTCCTCACTCTGGAGTCCGCTACCAGCTCCCAGACATCTGTGTACTTCTGTGCCGCATCCCAAGGAGATAGCTACACCTTCGGTTCG"	FALSE	TRUE	NA	NA	NA	NA
"ATCCAGCGCACAGAGCAGGAGGACTCGGCCGTGTATCTCTGTGCCAGCAGCTTATTCTTCAAAGGGGGTGAGCAGTTCTTCGGGCCA"	"CASSLFFKGGEQFF"	"ATCCAGCGCACAGAGCAGGAGGACTCGGCCGTGTATCTCTGTGCCAGCAGCTTATTCTTCAAAGGGGGTGAGCAGTTCTTCGGGCCA"	"CASSLFFKGGEQFF"	"TCRBV7-2"	"TCRBD1-1*1"	"TCRBJ2-1*1"	54	62	-1	68	8	69	NA	NA	"ATCCAGCGCACAGAGCAGGAGGACTCGGCCGTGTATCTCTGTGCCAGCAGCTTATTCTTCAAAGGGGGTGAGCAGTTCTTCGGGCCA"	FALSE	TRUE	NA	NA	NA	NA
"CAGCCCTCAGAACCCAGGGACTCAGCTGTGTACTTCTGTGCCAGCAGTTTATTTGGGACAGGGAAAGAGACCCAGTACTTCGGGCCA"	"CASSLFGTGKETQYF"	"CAGCCCTCAGAACCCAGGGACTCAGCTGTGTACTTCTGTGCCAGCAGTTTATTTGGGACAGGGAAAGAGACCCAGTACTTCGGGCCA"	"CASSLFGTGKETQYF"	NA	"TCRBD1-1*1"	"TCRBJ2-5*1"	51	54	63	64	3	1	NA	NA	"CAGCCCTCAGAACCCAGGGACTCAGCTGTGTACTTCTGTGCCAGCAGTTTATTTGGGACAGGGAAAGAGACCCAGTACTTCGGGCCA"	FALSE	TRUE	NA	NA	NA	NA
"CCCTAGAGTCTGCCATCCCCAACCAGACAGCTCTTTACTTCTGTGCCACCATTCCCCAGGATCCCCTACGAGCAGTACTTCGGGCCG"	""	"CCCTAGAGTCTGCCATCCCCAACCAGACAGCTCTTTACTTCTGTGCCACCATTCCCCAGGATCCCCTACGAGCAGTACTTCGGGCCG"	""	"TCRBV24-1*1"	"TCRBD1-1*1"	"TCRBJ2-7*1"	51	56	60	64	5	4	NA	NA	"CCCTAGAGTCTGCCATCCCCAACCAGACAGCTCTTTACTTCTGTGCCACCATTCCCCAGGATCCCCTACGAGCAGTACTTCGGGCCG"	FALSE	FALSE	NA	NA	NA	NA
"ACTGTGAGCAACATGAGCCCTGAAGACAGCAGCATATATCTCTGCAGCGTTGCTAGCGGGAGGGGGGGTGAGCAGTTCTTCGGGCCA"	"CSVASGRGGEQFF"	"ACTGTGAGCAACATGAGCCCTGAAGACAGCAGCATATATCTCTGCAGCGTTGCTAGCGGGAGGGGGGGTGAGCAGTTCTTCGGGCCA"	"CSVASGRGGEQFF"	"TCRBV29-1"	"TCRBD2-1*2"	"TCRBJ2-1*1"	-1	52	64	68	53	4	NA	NA	"ACTGTGAGCAACATGAGCCCTGAAGACAGCAGCATATATCTCTGCAGCGTTGCTAGCGGGAGGGGGGGTGAGCAGTTCTTCGGGCCA"	FALSE	TRUE	NA	NA	NA	NA
"CTCAAGATCCAGCCTGCAAAGCTTGAGGACTCGGCCGTGTATCTCTGTGCCAGCAGCTTCCAGACGGGTGAAGCTTTCTTTGGACAA"	"CASSFQTGEAFF"	"CTCAAGATCCAGCCTGCAAAGCTTGAGGACTCGGCCGTGTATCTCTGTGCCAGCAGCTTCCAGACGGGTGAAGCTTTCTTTGGACAA"	"CASSFQTGEAFF"	"TCRBV11-2*1"	"TCRBD2-1"	"TCRBJ1-1*1"	59	64	-1	68	5	69	NA	NA	"CTCAAGATCCAGCCTGCAAAGCTTGAGGACTCGGCCGTGTATCTCTGTGCCAGCAGCTTCCAGACGGGTGAAGCTTTCTTTGGACAA"	FALSE	TRUE	NA	NA	NA	NA
"GCTGTACCCTCTCAGACATCTGTGTACTTCTGTGCCAGCAGTGATAGCCCAGGCGGGGAAAACACCGGGGAGCTGTTTTTTGGAGAA"	"CASSDSPGGENTGELFF"	"GCTGTACCCTCTCAGACATCTGTGTACTTCTGTGCCAGCAGTGATAGCCCAGGCGGGGAAAACACCGGGGAGCTGTTTTTTGGAGAA"	"CASSDSPGGENTGELFF"	"TCRBV6-4*1"	"TCRBD2-1*1"	"TCRBJ2-2*1"	44	52	58	60	8	2	NA	NA	"GCTGTACCCTCTCAGACATCTGTGTACTTCTGTGCCAGCAGTGATAGCCCAGGCGGGGAAAACACCGGGGAGCTGTTTTTTGGAGAA"	FALSE	TRUE	NA	NA	NA	NA
"ACCCTGCAGCCAGAAGACTCGGCCCTGTATCTCTGTGCCAGCAGCCTATCCGAGGACGAAAATCTCTACGAGCAGTACTTCGGGCCG"	"CASSLSEDENLYEQYF"	"ACCCTGCAGCCAGAAGACTCGGCCCTGTATCTCTGTGCCAGCAGCCTATCCGAGGACGAAAATCTCTACGAGCAGTACTTCGGGCCG"	"CASSLSEDENLYEQYF"	"TCRBV4-2*1"	NA	"TCRBJ2-7*1"	46	53	57	65	7	8	NA	NA	"ACCCTGCAGCCAGAAGACTCGGCCCTGTATCTCTGTGCCAGCAGCCTATCCGAGGACGAAAATCTCTACGAGCAGTACTTCGGGCCG"	FALSE	TRUE	NA	NA	NA	NA
"TCAGAACCCAGGGACTCAGCTGTGTACTTCTGTGCCAGCAGCTTATCGACGGGGACAAAGTACCAAGAGACCCAGTACTTCGGGCCA"	"CASSLSTGTKYQETQYF"	"TCAGAACCCAGGGACTCAGCTGTGTACTTCTGTGCCAGCAGCTTATCGACGGGGACAAAGTACCAAGAGACCCAGTACTTCGGGCCA"	"CASSLSTGTKYQETQYF"	NA	"TCRBD1-1*1"	"TCRBJ2-5*1"	45	51	57	61	6	4	NA	NA	"TCAGAACCCAGGGACTCAGCTGTGTACTTCTGTGCCAGCAGCTTATCGACGGGGACAAAGTACCAAGAGACCCAGTACTTCGGGCCA"	FALSE	TRUE	NA	NA	NA	NA
"CTGGAGTCGCCCAGCCCCAACCAGACCTCTCTGTACTTCTGTGCCAGCTCTGGCCTAGCGGATTACAATGAGCAGTTCTTCGGGCCA"	"CASSGLADYNEQFF"	"CTGGAGTCGCCCAGCCCCAACCAGACCTCTCTGTACTTCTGTGCCAGCTCTGGCCTAGCGGATTACAATGAGCAGTTCTTCGGGCCA"	"CASSGLADYNEQFF"	"TCRBV27-1*1"	"TCRBD2-1"	"TCRBJ2-1*1"	48	54	61	63	6	2	NA	NA	"CTGGAGTCGCCCAGCCCCAACCAGACCTCTCTGTACTTCTGTGCCAGCTCTGGCCTAGCGGATTACAATGAGCAGTTCTTCGGGCCA"	FALSE	TRUE	NA	NA	NA	NA
"NTGTCGGCTGCTCCCTCCCAGACATCTGTGTACTTCTGTGCCAGCAGTTACGGGGGCAGCGGGAGCTACGAGCAGTACTTCGGGCCG"	"CASSYGGSGSYEQYF"	"NTGTCGGCTGCTCCCTCCCAGACATCTGTGTACTTCTGTGCCAGCAGTTACGGGGGCAGCGGGAGCTACGAGCAGTACTTCGGGCCG"	"CASSYGGSGSYEQYF"	"TCRBV6-5*1"	"TCRBD2-1*2"	"TCRBJ2-7*1"	51	57	-1	65	6	66	NA	NA	"NTGTCGGCTGCTCCCTCCCAGACATCTGTGTACTTCTGTGCCAGCAGTTACGGGGGCAGCGGGAGCTACGAGCAGTACTTCGGGCCG"	FALSE	TRUE	NA	NA	NA	NA
"AACGCCTTGGAGCTGGACGACTCGGCCCTGTATCTCTGTGCCAGCAGCGGACTAGCGGGAGGGCGGGATACGCAGTATTTTGGCCCA"	"CASSGLAGGRDTQYF"	"AACGCCTTGGAGCTGGACGACTCGGCCCTGTATCTCTGTGCCAGCAGCGGACTAGCGGGAGGGCGGGATACGCAGTATTTTGGCCCA"	"CASSGLAGGRDTQYF"	"TCRBV5-4*1"	"TCRBD2-1*2"	"TCRBJ2-3*1"	-1	48	63	66	49	3	NA	NA	"AACGCCTTGGAGCTGGACGACTCGGCCCTGTATCTCTGTGCCAGCAGCGGACTAGCGGGAGGGCGGGATACGCAGTATTTTGGCCCA"	FALSE	TRUE	NA	NA	NA	NA
"AGCACCTTGGAGCTGGGGGACTCGGCCCTTTATCTTTGCGCCAGCAGCTTTCCCGGGACATTCTCCTACGAGCAGTACTTCGGGCCG"	"CASSFPGTFSYEQYF"	"AGCACCTTGGAGCTGGGGGACTCGGCCCTTTATCTTTGCGCCAGCAGCTTTCCCGGGACATTCTCCTACGAGCAGTACTTCGGGCCG"	"CASSFPGTFSYEQYF"	"TCRBV5-1*1"	"TCRBD1-1*1"	"TCRBJ2-7*1"	50	54	60	62	4	2	NA	NA	"AGCACCTTGGAGCTGGGGGACTCGGCCCTTTATCTTTGCGCCAGCAGCTTTCCCGGGACATTCTCCTACGAGCAGTACTTCGGGCCG"	FALSE	TRUE	NA	NA	NA	NA
"AATTCCCTGGAGCTTGGTGACTCTGCTGTGTATTTCTGTGCCAGCAGCCGAACCGGGACAGGGGTGGGCGAGCAGTACTTCGGGCCG"	"CASSRTGTGVGEQYF"	"AATTCCCTGGAGCTTGGTGACTCTGCTGTGTATTTCTGTGCCAGCAGCCGAACCGGGACAGGGGTGGGCGAGCAGTACTTCGGGCCG"	"CASSRTGTGVGEQYF"	"TCRBV3-1/3-2*1"	"TCRBD1-1*1"	"TCRBJ2-7*1"	49	54	64	68	5	4	NA	NA	"AATTCCCTGGAGCTTGGTGACTCTGCTGTGTATTTCTGTGCCAGCAGCCGAACCGGGACAGGGGTGGGCGAGCAGTACTTCGGGCCG"	FALSE	TRUE	NA	NA	NA	NA
"ACTGTGAGCAACATGAGCCCTGAAGACAGCAGCATATATCTCTGCAGCGTCGAGGGGGCGAACACCGGGGAGCTGTTTTTTGGAGAA"	"CSVEGANTGELFF"	"ACTGTGAGCAACATGAGCCCTGAAGACAGCAGCATATATCTCTGCAGCGTCGAGGGGGCGAACACCGGGGAGCTGTTTTTTGGAGAA"	"CSVEGANTGELFF"	"TCRBV29-1"	"TCRBD1-1*1"	"TCRBJ2-2*1"	50	52	-1	58	2	59	NA	NA	"ACTGTGAGCAACATGAGCCCTGAAGACAGCAGCATATATCTCTGCAGCGTCGAGGGGGCGAACACCGGGGAGCTGTTTTTTGGAGAA"	FALSE	TRUE	NA	NA	NA	NA
"ACATCGGCCCAAAAGAACCCGACAGCTTTCTATCTCTGTGCCAGTAGTATAGATTAGAGCGGGAGCTACGAGCAGTACTTCGGGCCG"	"CASSID*SGSYEQYF"	"ACATCGGCCCAAAAGAACCCGACAGCTTTCTATCTCTGTGCCAGTAGTATAGATTAGAGCGGGAGCTACGAGCAGTACTTCGGGCCG"	"CASSID*SGSYEQYF"	"TCRBV19-1*1"	"TCRBD2-1*2"	"TCRBJ2-7*1"	53	57	-1	65	4	66	NA	NA	"ACATCGGCCCAAAAGAACCCGACAGCTTTCTATCTCTGTGCCAGTAGTATAGATTAGAGCGGGAGCTACGAGCAGTACTTCGGGCCG"	FALSE	TRUE	NA	NA	NA	NA
"CCCAACCAGACAGCTCTTTACTTCTGTGCCACCAGTGATTTTGGGACTAGCGGGAGTTCGTCCTACAATGAGCAGTTCTTCGGGCCA"	"CATSDFGTSGSSSYNEQFF"	"CCCAACCAGACAGCTCTTTACTTCTGTGCCACCAGTGATTTTGGGACTAGCGGGAGTTCGTCCTACAATGAGCAGTTCTTCGGGCCA"	"CATSDFGTSGSSSYNEQFF"	"TCRBV24-1*1"	"TCRBD2-1*2"	"TCRBJ2-1*1"	41	42	56	60	1	4	NA	NA	"CCCAACCAGACAGCTCTTTACTTCTGTGCCACCAGTGATTTTGGGACTAGCGGGAGTTCGTCCTACAATGAGCAGTTCTTCGGGCCA"	FALSE	TRUE	NA	NA	NA	NA
"CTGACCCTGGAGTCTGCCAGGCCCTCACATACCTCTCAGTACCTCTGTGCCAGCAGTGAAAGGGAAGGGACCCAGTACTTCGGGCCA"	"CASSEREGTQYF"	"CTGACCCTGGAGTCTGCCAGGCCCTCACATACCTCTCAGTACCTCTGTGCCAGCAGTGAAAGGGAAGGGACCCAGTACTTCGGGCCA"	"CASSEREGTQYF"	"TCRBV25-1*1"	NA	"TCRBJ2-5*1"	60	61	65	68	1	3	NA	NA	"CTGACCCTGGAGTCTGCCAGGCCCTCACATACCTCTCAGTACCTCTGTGCCAGCAGTGAAAGGGAAGGGACCCAGTACTTCGGGCCA"	FALSE	TRUE	NA	NA	NA	NA
"CGCTCACCAGGCCTGGGGGACGCAGCCATGTACCTGTGTGCCACCAGCAGCTTGACAGGGTCTAATCAGCCCCAGCATTTTGGTGAT"	"CATSSLTGSNQPQHF"	"CGCTCACCAGGCCTGGGGGACGCAGCCATGTACCTGTGTGCCACCAGCAGCTTGACAGGGTCTAATCAGCCCCAGCATTTTGGTGAT"	"CATSSLTGSNQPQHF"	"TCRBV15-1*2"	"TCRBD1-1*1"	"TCRBJ1-5*1"	50	53	60	63	3	3	NA	NA	"CGCTCACCAGGCCTGGGGGACGCAGCCATGTACCTGTGTGCCACCAGCAGCTTGACAGGGTCTAATCAGCCCCAGCATTTTGGTGAT"	FALSE	TRUE	NA	NA	NA	NA
"AGCACCTTGGAGCTGGGGGACTCGGCCCTTTATCTTTGCGCCAGCAGTCTGGACTAGCGGGGTGACGGCGAGCAGTACTTCGGGCCG"	"CASSLD*RGDGEQYF"	"AGCACCTTGGAGCTGGGGGACTCGGCCCTTTATCTTTGCGCCAGCAGTCTGGACTAGCGGGGTGACGGCGAGCAGTACTTCGGGCCG"	"CASSLD*RGDGEQYF"	"TCRBV5-1*1"	"TCRBD2-1*1"	"TCRBJ2-7*1"	47	50	62	68	3	6	NA	NA	"AGCACCTTGGAGCTGGGGGACTCGGCCCTTTATCTTTGCGCCAGCAGTCTGGACTAGCGGGGTGACGGCGAGCAGTACTTCGGGCCG"	FALSE	TRUE	NA	NA	NA	NA
"AACGCCTTGTTGCTGGGGGACTCGGCCCTGTATCTCTGTGCCAGCAGCTTGGGTCCAGGGGTTGTTGAAAAACTGTTTTTTGGCAGT"	"CASSLGPGVVEKLFF"	"AACGCCTTGTTGCTGGGGGACTCGGCCCTGTATCTCTGTGCCAGCAGCTTGGGTCCAGGGGTTGTTGAAAAACTGTTTTTTGGCAGT"	"CASSLGPGVVEKLFF"	"TCRBV5-5*1"	"TCRBD1-1*1"	"TCRBJ1-4*1"	52	55	61	65	3	4	NA	NA	"AACGCCTTGTTGCTGGGGGACTCGGCCCTGTATCTCTGTGCCAGCAGCTTGGGTCCAGGGGTTGTTGAAAAACTGTTTTTTGGCAGT"	FALSE	TRUE	NA	NA	NA	NA
"CAGCGCACAGAGCGGGGGGACTCAGCCGTGTATCTCTGTGCCAGCAGCCCGCAAGCGGGAGCCTCTGATACGCAGTATTTTGGCCCA"	"CASSPQAGASDTQYF"	"CAGCGCACAGAGCGGGGGGACTCAGCCGTGTATCTCTGTGCCAGCAGCCCGCAAGCGGGAGCCTCTGATACGCAGTATTTTGGCCCA"	"CASSPQAGASDTQYF"	"TCRBV7-3*1"	"TCRBD2-1*2"	"TCRBJ2-3*1"	48	53	61	66	5	5	NA	NA	"CAGCGCACAGAGCGGGGGGACTCAGCCGTGTATCTCTGTGCCAGCAGCCCGCAAGCGGGAGCCTCTGATACGCAGTATTTTGGCCCA"	FALSE	TRUE	NA	NA	NA	NA
"AGCAACATGAGCCCTGAAGACAGCAGCATATATCTCTGCAGCGTTGAGGCGAGACAGGCTATGAACACTGAAGCTTTCTTTGGACAA"	"CSVEARQAMNTEAFF"	"AGCAACATGAGCCCTGAAGACAGCAGCATATATCTCTGCAGCGTTGAGGCGAGACAGGCTATGAACACTGAAGCTTTCTTTGGACAA"	"CSVEARQAMNTEAFF"	"TCRBV29-1"	"TCRBD1-1*1"	"TCRBJ1-1*1"	47	52	58	61	5	3	NA	NA	"AGCAACATGAGCCCTGAAGACAGCAGCATATATCTCTGCAGCGTTGAGGCGAGACAGGCTATGAACACTGAAGCTTTCTTTGGACAA"	FALSE	TRUE	NA	NA	NA	NA
"GTAGTGCGAGGAGATTCGGCAGCTTATTTCTGTGCCAGCTCCCCAAGCTTCCGACGGCGCTCCTACAATGAGCAGTTCTTCGGGCCA"	"CASSPSFRRRSYNEQFF"	"GTAGTGCGAGGAGATTCGGCAGCTTATTTCTGTGCCAGCTCCCCAAGCTTCCGACGGCGCTCCTACAATGAGCAGTTCTTCGGGCCA"	"CASSPSFRRRSYNEQFF"	"TCRBV18-1*1"	NA	"TCRBJ2-1*1"	45	52	55	59	7	4	NA	NA	"GTAGTGCGAGGAGATTCGGCAGCTTATTTCTGTGCCAGCTCCCCAAGCTTCCGACGGCGCTCCTACAATGAGCAGTTCTTCGGGCCA"	FALSE	TRUE	NA	NA	NA	NA
"ACAGAGCAGGGGGACTCGGCCATGTATCTCTGTGCCAGCAGCTTAGGGATTAGCGGGGAGTTATACAATGAGCAGTTCTTCGGGCCA"	"CASSLGISGELYNEQFF"	"ACAGAGCAGGGGGACTCGGCCATGTATCTCTGTGCCAGCAGCTTAGGGATTAGCGGGGAGTTATACAATGAGCAGTTCTTCGGGCCA"	"CASSLGISGELYNEQFF"	"TCRBV7-9*1"	"TCRBD2-1*1"	"TCRBJ2-1*1"	46	50	58	63	4	5	NA	NA	"ACAGAGCAGGGGGACTCGGCCATGTATCTCTGTGCCAGCAGCTTAGGGATTAGCGGGGAGTTATACAATGAGCAGTTCTTCGGGCCA"	FALSE	TRUE	NA	NA	NA	NA
"TTGGAGATCCAGCGCACAGAGCAGGGGGACTCGGCCATGTATCTCTGTGCCAGCAGCCCCAACGGCGACACCATATATTTTGGAGAG"	"CASSPNGDTIYF"	"TTGGAGATCCAGCGCACAGAGCAGGGGGACTCGGCCATGTATCTCTGTGCCAGCAGCCCCAACGGCGACACCATATATTTTGGAGAG"	"CASSPNGDTIYF"	"TCRBV7-9*1"	NA	"TCRBJ1-3*1"	57	63	66	67	6	1	NA	NA	"TTGGAGATCCAGCGCACAGAGCAGGGGGACTCGGCCATGTATCTCTGTGCCAGCAGCCCCAACGGCGACACCATATATTTTGGAGAG"	FALSE	TRUE	NA	NA	NA	NA
"AATGTGAACGCCTTGTTGCTGGGGGACTCGGCCCTGTATCTCTGTGCCAGCAGCCGGACGGGAGGGGAGACCCAGTACTTCGGGCCA"	"CASSRTGGETQYF"	"AATGTGAACGCCTTGTTGCTGGGGGACTCGGCCCTGTATCTCTGTGCCAGCAGCCGGACGGGAGGGGAGACCCAGTACTTCGGGCCA"	"CASSRTGGETQYF"	"TCRBV5-5*1"	"TCRBD2-1*2"	"TCRBJ2-5*1"	54	58	-1	66	4	67	NA	NA	"AATGTGAACGCCTTGTTGCTGGGGGACTCGGCCCTGTATCTCTGTGCCAGCAGCCGGACGGGAGGGGAGACCCAGTACTTCGGGCCA"	FALSE	TRUE	NA	NA	NA	NA
"ATCCAGCCTGCAAAGCTTGAGGACTCGGCCGTGTATCTCTGTGCCAGCAGCTTCGGGGCTTTCACAGATACGCAGTATTTTGGCCCA"	"CASSFGAFTDTQYF"	"ATCCAGCCTGCAAAGCTTGAGGACTCGGCCGTGTATCTCTGTGCCAGCAGCTTCGGGGCTTTCACAGATACGCAGTATTTTGGCCCA"	"CASSFGAFTDTQYF"	"TCRBV11-2*1"	NA	"TCRBJ2-3*1"	53	54	59	62	1	3	NA	NA	"ATCCAGCCTGCAAAGCTTGAGGACTCGGCCGTGTATCTCTGTGCCAGCAGCTTCGGGGCTTTCACAGATACGCAGTATTTTGGCCCA"	FALSE	TRUE	NA	NA	NA	NA
"AAGATCCAGCCTGCAGAGCTTGGGGACTCGGCCGTGTATCTCTGTGCCAGCAGCTTGCAGGCGAACTATGGCTACACCTTCGGTTCG"	"CASSLQANYGYTF"	"AAGATCCAGCCTGCAGAGCTTGGGGACTCGGCCGTGTATCTCTGTGCCAGCAGCTTGCAGGCGAACTATGGCTACACCTTCGGTTCG"	"CASSLQANYGYTF"	"TCRBV11-3*1"	"TCRBD1-1*1"	"TCRBJ1-2*1"	56	57	61	63	1	2	NA	NA	"AAGATCCAGCCTGCAGAGCTTGGGGACTCGGCCGTGTATCTCTGTGCCAGCAGCTTGCAGGCGAACTATGGCTACACCTTCGGTTCG"	FALSE	TRUE	NA	NA	NA	NA
"GAGTCCGCCAGCACCAACCAGACATCTATGTACCTCTGTGCCAGCAGTCGGGATGGCGGTATCGCCGGGGAGCTGTTTTTTGGAGAA"	"CASSRDGGIAGELFF"	"GAGTCCGCCAGCACCAACCAGACATCTATGTACCTCTGTGCCAGCAGTCGGGATGGCGGTATCGCCGGGGAGCTGTTTTTTGGAGAA"	"CASSRDGGIAGELFF"	"TCRBV28-1*1"	"TCRBD2-1*2"	"TCRBJ2-2*1"	-1	48	53	64	49	11	NA	NA	"GAGTCCGCCAGCACCAACCAGACATCTATGTACCTCTGTGCCAGCAGTCGGGATGGCGGTATCGCCGGGGAGCTGTTTTTTGGAGAA"	FALSE	TRUE	NA	NA	NA	NA
"GTGACCAGTGCCCATCCTGAAGACAGCAGCTTCTACATCTGCAGTGCTAGGACCTCGGTCCCACCAGATACGCAGTATTTTGGCCCA"	"CSARTSVPPDTQYF"	"GTGACCAGTGCCCATCCTGAAGACAGCAGCTTCTACATCTGCAGTGCTAGGACCTCGGTCCCACCAGATACGCAGTATTTTGGCCCA"	"CSARTSVPPDTQYF"	NA	NA	"TCRBJ2-3*1"	-1	50	53	64	51	11	NA	NA	"GTGACCAGTGCCCATCCTGAAGACAGCAGCTTCTACATCTGCAGTGCTAGGACCTCGGTCCCACCAGATACGCAGTATTTTGGCCCA"	FALSE	TRUE	NA	NA	NA	NA
"CCCATCCTGAAGACAGCAGCTTCTACATCTGCAGTGCTAAGGAAGACCCCATTCCGCTAGCGGGACAATGAGCAGTTCTTCGGGCCA"	""	"CCCATCCTGAAGACAGCAGCTTCTACATCTGCAGTGCTAAGGAAGACCCCATTCCGCTAGCGGGACAATGAGCAGTTCTTCGGGCCA"	""	NA	"TCRBD2-1"	"TCRBJ2-1*1"	39	56	-1	64	17	65	NA	NA	"CCCATCCTGAAGACAGCAGCTTCTACATCTGCAGTGCTAAGGAAGACCCCATTCCGCTAGCGGGACAATGAGCAGTTCTTCGGGCCA"	FALSE	FALSE	NA	NA	NA	NA
"GTCTGCTGTACCCTCTCAGACATCTGTGTACTTCTGTGCCAGCAGTGAGGGGGAGAACGACTGTACTAGGAGCAGTTCTTCGGGCCA"	""	"GTCTGCTGTACCCTCTCAGACATCTGTGTACTTCTGTGCCAGCAGTGAGGGGGAGAACGACTGTACTAGGAGCAGTTCTTCGGGCCA"	""	"TCRBV6-4*1"	NA	"TCRBJ2-1*1"	-1	48	53	69	49	16	NA	NA	"GTCTGCTGTACCCTCTCAGACATCTGTGTACTTCTGTGCCAGCAGTGAGGGGGAGAACGACTGTACTAGGAGCAGTTCTTCGGGCCA"	FALSE	FALSE	NA	NA	NA	NA
"CTGGAGTCTGCTGCCTCCTCCCAGACATCTGTATATTTCTGCGCCAGCAGTGGGGGACAGGGGAAAAGCGAGCAGTACTTCGGGCCG"	"CASSGGQGKSEQYF"	"CTGGAGTCTGCTGCCTCCTCCCAGACATCTGTATATTTCTGCGCCAGCAGTGGGGGACAGGGGAAAAGCGAGCAGTACTTCGGGCCG"	"CASSGGQGKSEQYF"	"TCRBV1-1*1"	"TCRBD1-1*1"	"TCRBJ2-7*1"	52	53	63	68	1	5	NA	NA	"CTGGAGTCTGCTGCCTCCTCCCAGACATCTGTATATTTCTGCGCCAGCAGTGGGGGACAGGGGAAAAGCGAGCAGTACTTCGGGCCG"	FALSE	TRUE	NA	NA	NA	NA
"CGGTCCACAAAGCTGGAGGACTCAGCCATGTACTTCTGTGCCAGCAGTGAACGGGAAATAGCCAAAAACATTCAGTACTTCGGCGCC"	"CASSEREIAKNIQYF"	"CGGTCCACAAAGCTGGAGGACTCAGCCATGTACTTCTGTGCCAGCAGTGAACGGGAAATAGCCAAAAACATTCAGTACTTCGGCGCC"	"CASSEREIAKNIQYF"	"TCRBV2-1"	"TCRBD2-1*2"	"TCRBJ2-4*1"	-1	51	56	59	52	3	NA	NA	"CGGTCCACAAAGCTGGAGGACTCAGCCATGTACTTCTGTGCCAGCAGTGAACGGGAAATAGCCAAAAACATTCAGTACTTCGGCGCC"	FALSE	TRUE	NA	NA	NA	NA
"ACACAGCAGGAGGACTCGGCCGTGTATCTCTGTGCCAGCAGCTTAGTCGCCGGTCAGGGGTTTTATCAGCCCCAGCATTTTGGTGAT"	"CASSLVAGQGFYQPQHF"	"ACACAGCAGGAGGACTCGGCCGTGTATCTCTGTGCCAGCAGCTTAGTCGCCGGTCAGGGGTTTTATCAGCCCCAGCATTTTGGTGAT"	"CASSLVAGQGFYQPQHF"	"TCRBV7-2"	"TCRBD1-1*1"	"TCRBJ1-5*1"	46	54	60	64	8	4	NA	NA	"ACACAGCAGGAGGACTCGGCCGTGTATCTCTGTGCCAGCAGCTTAGTCGCCGGTCAGGGGTTTTATCAGCCCCAGCATTTTGGTGAT"	FALSE	TRUE	NA	NA	NA	NA
"NTGTCGGCTGCTCCCTCCCAGACATCTGTGTACTTCTGTGCCAGCAGTGAAGAGGTAGAGGGCAATCAGCCCCAGCATTTTGGTGAT"	"CASSEEVEGNQPQHF"	"NTGTCGGCTGCTCCCTCCCAGACATCTGTGTACTTCTGTGCCAGCAGTGAAGAGGTAGAGGGCAATCAGCCCCAGCATTTTGGTGAT"	"CASSEEVEGNQPQHF"	"TCRBV6-1*1"	"TCRBD2-1*2"	"TCRBJ1-5*1"	52	57	-1	61	5	62	NA	NA	"NTGTCGGCTGCTCCCTCCCAGACATCTGTGTACTTCTGTGCCAGCAGTGAAGAGGTAGAGGGCAATCAGCCCCAGCATTTTGGTGAT"	FALSE	TRUE	NA	NA	NA	NA
"CGCCTTGTTGCTGGGGGACTCGGCCCTGTATCTCTGTGCCAGCAGCTGACCCAGGGTTACTCCTACAATGAGCAGTTCTTCGGGCCA"	""	"CGCCTTGTTGCTGGGGGACTCGGCCCTGTATCTCTGTGCCAGCAGCTGACCCAGGGTTACTCCTACAATGAGCAGTTCTTCGGGCCA"	""	"TCRBV5-5*1"	"TCRBD1-1*1"	"TCRBJ2-1*1"	47	51	56	59	4	3	NA	NA	"CGCCTTGTTGCTGGGGGACTCGGCCCTGTATCTCTGTGCCAGCAGCTGACCCAGGGTTACTCCTACAATGAGCAGTTCTTCGGGCCA"	FALSE	FALSE	NA	NA	NA	NA
"CAGCCTGCAGAGCTTGGGGACTCGGCCATGTATCTCTGTGCCAGCGCCCCTCCGGGACAGGGAGATTCACCCCTCCACTTTGGGAAT"	"CASAPPGQGDSPLHF"	"CAGCCTGCAGAGCTTGGGGACTCGGCCATGTATCTCTGTGCCAGCGCCCCTCCGGGACAGGGAGATTCACCCCTCCACTTTGGGAAT"	"CASAPPGQGDSPLHF"	"TCRBV11-1*1"	"TCRBD1-1*1"	"TCRBJ1-6*1"	45	53	62	64	8	2	NA	NA	"CAGCCTGCAGAGCTTGGGGACTCGGCCATGTATCTCTGTGCCAGCGCCCCTCCGGGACAGGGAGATTCACCCCTCCACTTTGGGAAT"	FALSE	TRUE	NA	NA	NA	NA
"GTGAGCACCTTGGAGCTGGGGGACTCGGCCCTTTATCTTTGCGCCAGCAGCTTGAGCACAGGCACAGATACGCAGTATTTTGGCCCA"	"CASSLSTGTDTQYF"	"GTGAGCACCTTGGAGCTGGGGGACTCGGCCCTTTATCTTTGCGCCAGCAGCTTGAGCACAGGCACAGATACGCAGTATTTTGGCCCA"	"CASSLSTGTDTQYF"	"TCRBV5-1*1"	"TCRBD1-1*1"	"TCRBJ2-3*1"	54	57	-1	61	3	62	NA	NA	"GTGAGCACCTTGGAGCTGGGGGACTCGGCCCTTTATCTTTGCGCCAGCAGCTTGAGCACAGGCACAGATACGCAGTATTTTGGCCCA"	FALSE	TRUE	NA	NA	NA	NA
"CAGGCTACGAAGCTTGAGGATTCAGCAGTGTATTTTTGTGCCAGCAGCCCCCGGGACAGGGGCAACTATGGCTACACCTTCGGTTCG"	"CASSPRDRGNYGYTF"	"CAGGCTACGAAGCTTGAGGATTCAGCAGTGTATTTTTGTGCCAGCAGCCCCCGGGACAGGGGCAACTATGGCTACACCTTCGGTTCG"	"CASSPRDRGNYGYTF"	"TCRBV16-1*1"	"TCRBD1-1*1"	"TCRBJ1-2*1"	49	52	62	63	3	1	NA	NA	"CAGGCTACGAAGCTTGAGGATTCAGCAGTGTATTTTTGTGCCAGCAGCCCCCGGGACAGGGGCAACTATGGCTACACCTTCGGTTCG"	FALSE	TRUE	NA	NA	NA	NA
"GCTACCAGCTCCCAGACATCTGTGTACTTCTGTGCCACCGCGGGACTAGCGGGAGGGCGCCTTCCGTACGAGCAGTACTTCGGGCCG"	"CATAGLAGGRLPYEQYF"	"GCTACCAGCTCCCAGACATCTGTGTACTTCTGTGCCACCGCGGGACTAGCGGGAGGGCGCCTTCCGTACGAGCAGTACTTCGGGCCG"	"CATAGLAGGRLPYEQYF"	"TCRBV1-3*1"	"TCRBD2-1*2"	"TCRBJ2-7*1"	37	41	57	66	4	9	NA	NA	"GCTACCAGCTCCCAGACATCTGTGTACTTCTGTGCCACCGCGGGACTAGCGGGAGGGCGCCTTCCGTACGAGCAGTACTTCGGGCCG"	FALSE	TRUE	NA	NA	NA	NA
"CCAGTGCCCATCCTGAAGACAGCAGCTTCTACATCTGCAGTGCTAGAGGGGACAGGGGCCTCAAACACTGAAGCTTTCTTTGGACAA"	""	"CCAGTGCCCATCCTGAAGACAGCAGCTTCTACATCTGCAGTGCTAGAGGGGACAGGGGCCTCAAACACTGAAGCTTTCTTTGGACAA"	""	NA	"TCRBD1-1*1"	"TCRBJ1-1*1"	-1	48	58	63	49	5	NA	NA	"CCAGTGCCCATCCTGAAGACAGCAGCTTCTACATCTGCAGTGCTAGAGGGGACAGGGGCCTCAAACACTGAAGCTTTCTTTGGACAA"	FALSE	FALSE	NA	NA	NA	NA
"ATTCAGCGCACAGAGCAGCGGGACTCGGCCATGTATCGCTGTGCCAGCAGCACACGGGACAGGGGGTATACGCAGTATTTTGGCCCA"	"CASSTRDRGYTQYF"	"ATTCAGCGCACAGAGCAGCGGGACTCGGCCATGTATCGCTGTGCCAGCAGCACACGGGACAGGGGGTATACGCAGTATTTTGGCCCA"	"CASSTRDRGYTQYF"	NA	"TCRBD1-1*1"	"TCRBJ2-3*1"	51	55	66	67	4	1	NA	NA	"ATTCAGCGCACAGAGCAGCGGGACTCGGCCATGTATCGCTGTGCCAGCAGCACACGGGACAGGGGGTATACGCAGTATTTTGGCCCA"	FALSE	TRUE	NA	NA	NA	NA
"TCCGCCAGCACCAACCAGACATCTATGTACCTCTGTGCCAGCAGTTTAATTGGCGGAAATAGCAATCAGCCCCAGCATTTTGGTGAT"	"CASSLIGGNSNQPQHF"	"TCCGCCAGCACCAACCAGACATCTATGTACCTCTGTGCCAGCAGTTTAATTGGCGGAAATAGCAATCAGCCCCAGCATTTTGGTGAT"	"CASSLIGGNSNQPQHF"	"TCRBV28-1*1"	"TCRBD2-1"	"TCRBJ1-5*1"	48	52	56	59	4	3	NA	NA	"TCCGCCAGCACCAACCAGACATCTATGTACCTCTGTGCCAGCAGTTTAATTGGCGGAAATAGCAATCAGCCCCAGCATTTTGGTGAT"	FALSE	TRUE	NA	NA	NA	NA
"CGGGACTCGGCCATGTATCGCTGTGCCAGCAGCTTAGCGCTGGGACTAGCGGGAGGAACTAGCACAGATACGCAGTATTTTGGCCCA"	"CASSLALGLAGGTSTDTQYF"	"CGGGACTCGGCCATGTATCGCTGTGCCAGCAGCTTAGCGCTGGGACTAGCGGGAGGAACTAGCACAGATACGCAGTATTTTGGCCCA"	"CASSLALGLAGGTSTDTQYF"	"TCRBV7-6*1"	"TCRBD2-1*2"	"TCRBJ2-3*1"	38	41	56	60	3	4	NA	NA	"CGGGACTCGGCCATGTATCGCTGTGCCAGCAGCTTAGCGCTGGGACTAGCGGGAGGAACTAGCACAGATACGCAGTATTTTGGCCCA"	FALSE	TRUE	NA	NA	NA	NA
"CTAGAGTCTGCCATCCCCAACCAGACAGCTCTTTACTTCTGTGCCACCAGGGGACTAGCACCACAAGAGACCCAGTACTTCGGGCCA"	"CATRGLAPQETQYF"	"CTAGAGTCTGCCATCCCCAACCAGACAGCTCTTTACTTCTGTGCCACCAGGGGACTAGCACCACAAGAGACCCAGTACTTCGGGCCA"	"CATRGLAPQETQYF"	"TCRBV24-1*1"	"TCRBD2-1"	"TCRBJ2-5*1"	-1	50	59	63	51	4	NA	NA	"CTAGAGTCTGCCATCCCCAACCAGACAGCTCTTTACTTCTGTGCCACCAGGGGACTAGCACCACAAGAGACCCAGTACTTCGGGCCA"	FALSE	TRUE	NA	NA	NA	NA
"CCCATCCTGAAGACAGCAGCTTCTACATCTGCAGTGCTAGTCTCCAGCGGGAGAGATCCGCGCACAGATACGCAGTATTTTGGCCCA"	""	"CCCATCCTGAAGACAGCAGCTTCTACATCTGCAGTGCTAGTCTCCAGCGGGAGAGATCCGCGCACAGATACGCAGTATTTTGGCCCA"	""	"TCRBV2-1*4"	"TCRBD2-1*2"	"TCRBJ2-3*1"	41	45	53	61	4	8	NA	NA	"CCCATCCTGAAGACAGCAGCTTCTACATCTGCAGTGCTAGTCTCCAGCGGGAGAGATCCGCGCACAGATACGCAGTATTTTGGCCCA"	FALSE	FALSE	NA	NA	NA	NA
"ACCAGTGCCCATCCTGAAGACAGCAGCTTCTACATCTGCAGTGCTCCAGCGAGCGGGAGGGCCACAGATACGCAGTATTTTGGCCCA"	"CSAPASGRATDTQYF"	"ACCAGTGCCCATCCTGAAGACAGCAGCTTCTACATCTGCAGTGCTCCAGCGAGCGGGAGGGCCACAGATACGCAGTATTTTGGCCCA"	"CSAPASGRATDTQYF"	NA	"TCRBD2-1*2"	"TCRBJ2-3*1"	45	51	61	62	6	1	NA	NA	"ACCAGTGCCCATCCTGAAGACAGCAGCTTCTACATCTGCAGTGCTCCAGCGAGCGGGAGGGCCACAGATACGCAGTATTTTGGCCCA"	FALSE	TRUE	NA	NA	NA	NA
"NNNNTGTCGGCTGCTCCCTCCCAGACATCTGTGTACTTCTGTGCCAGCAGAAAGACAGGGGGCTTGAACATTCAGTACTTCGGCGCC"	"CASRKTGGLNIQYF"	"NNNNTGTCGGCTGCTCCCTCCCAGACATCTGTGTACTTCTGTGCCAGCAGAAAGACAGGGGGCTTGAACATTCAGTACTTCGGCGCC"	"CASRKTGGLNIQYF"	"TCRBV6-5*1"	"TCRBD1-1*1"	"TCRBJ2-4*1"	50	53	63	66	3	3	NA	NA	"NNNNTGTCGGCTGCTCCCTCCCAGACATCTGTGTACTTCTGTGCCAGCAGAAAGACAGGGGGCTTGAACATTCAGTACTTCGGCGCC"	FALSE	TRUE	NA	NA	NA	NA
"CAGGTAGTGCGAGGAGATTCGGCAGCTTATTTCTGTGCCAGCTCACCACGTTGGGACAGGAACACCGGGGAGCTGTTTTTTGGAGAA"	"CASSPRWDRNTGELFF"	"CAGGTAGTGCGAGGAGATTCGGCAGCTTATTTCTGTGCCAGCTCACCACGTTGGGACAGGAACACCGGGGAGCTGTTTTTTGGAGAA"	"CASSPRWDRNTGELFF"	"TCRBV18-1*1"	"TCRBD1-1*1"	"TCRBJ2-2*1"	49	52	-1	59	3	60	NA	NA	"CAGGTAGTGCGAGGAGATTCGGCAGCTTATTTCTGTGCCAGCTCACCACGTTGGGACAGGAACACCGGGGAGCTGTTTTTTGGAGAA"	FALSE	TRUE	NA	NA	NA	NA
"AGGCCTGGGGGACGCAGCCATGTACCTGTGTGCCACCAGCAAGGTTCATCGGGACTAGCGCCGGAAGAGACCCAGTACTTCGGGCCA"	""	"AGGCCTGGGGGACGCAGCCATGTACCTGTGTGCCACCAGCAAGGTTCATCGGGACTAGCGCCGGAAGAGACCCAGTACTTCGGGCCA"	""	"TCRBV15-1*2"	"TCRBD2-1"	"TCRBJ2-5*1"	41	50	60	64	9	4	NA	NA	"AGGCCTGGGGGACGCAGCCATGTACCTGTGTGCCACCAGCAAGGTTCATCGGGACTAGCGCCGGAAGAGACCCAGTACTTCGGGCCA"	FALSE	FALSE	NA	NA	NA	NA
"GTGAACGCCTTGTTGCTGGGGGACTCGGCCCTCTATCTCTGTGCCAGCAGCTTGAACGCCGGCGTCTACGAGCAGTACTTCGGGCCG"	"CASSLNAGVYEQYF"	"GTGAACGCCTTGTTGCTGGGGGACTCGGCCCTCTATCTCTGTGCCAGCAGCTTGAACGCCGGCGTCTACGAGCAGTACTTCGGGCCG"	"CASSLNAGVYEQYF"	"TCRBV5-6*1"	NA	"TCRBJ2-7*1"	54	60	63	65	6	2	NA	NA	"GTGAACGCCTTGTTGCTGGGGGACTCGGCCCTCTATCTCTGTGCCAGCAGCTTGAACGCCGGCGTCTACGAGCAGTACTTCGGGCCG"	FALSE	TRUE	NA	NA	NA	NA
"AAGATCCAGCCTGCAAAGCTTGAGGACTCGGCCGTGTATCTCTGTGCCAGCAGCCCCGACACAGGGAATGGCTACACCTTCGGTTCG"	"CASSPDTGNGYTF"	"AAGATCCAGCCTGCAAAGCTTGAGGACTCGGCCGTGTATCTCTGTGCCAGCAGCCCCGACACAGGGAATGGCTACACCTTCGGTTCG"	"CASSPDTGNGYTF"	"TCRBV11-2*1"	"TCRBD1-1*1"	"TCRBJ1-2*1"	54	60	66	67	6	1	NA	NA	"AAGATCCAGCCTGCAAAGCTTGAGGACTCGGCCGTGTATCTCTGTGCCAGCAGCCCCGACACAGGGAATGGCTACACCTTCGGTTCG"	FALSE	TRUE	NA	NA	NA	NA
"CAGCCTGCAGAGCTTGGGGACTCGGCCGTGTATCTCTGTGCCAGCAGCTTAGGGGCCGGGAGGGAAGAGACCCAGTACTTCGGGCCA"	"CASSLGAGREETQYF"	"CAGCCTGCAGAGCTTGGGGACTCGGCCGTGTATCTCTGTGCCAGCAGCTTAGGGGCCGGGAGGGAAGAGACCCAGTACTTCGGGCCA"	"CASSLGAGREETQYF"	"TCRBV11-3*1"	"TCRBD2-1*2"	"TCRBJ2-5*1"	52	56	-1	64	4	65	NA	NA	"CAGCCTGCAGAGCTTGGGGACTCGGCCGTGTATCTCTGTGCCAGCAGCTTAGGGGCCGGGAGGGAAGAGACCCAGTACTTCGGGCCA"	FALSE	TRUE	NA	NA	NA	NA
"AACGCCTTGTTGCTGGGGGACTCGGCCCTGTATCTCTGTGCCAGCAGCTTAGTTGCAGGAGCTTCAGAGACCCAGTACTTCGGGCCA"	"CASSLVAGASETQYF"	"AACGCCTTGTTGCTGGGGGACTCGGCCCTGTATCTCTGTGCCAGCAGCTTAGTTGCAGGAGCTTCAGAGACCCAGTACTTCGGGCCA"	"CASSLVAGASETQYF"	"TCRBV5-5*1"	NA	"TCRBJ2-5*1"	50	55	59	65	5	6	NA	NA	"AACGCCTTGTTGCTGGGGGACTCGGCCCTGTATCTCTGTGCCAGCAGCTTAGTTGCAGGAGCTTCAGAGACCCAGTACTTCGGGCCA"	FALSE	TRUE	NA	NA	NA	NA
"ACAGTGACCAGTGCCCATCCTGAAGACAGCAGCTTCTACATCTGCAGTGCCCCCGAGGGGAGTGGAAGGGGGCAGTACTTCGGGCCG"	"CSAPEGSGRGQYF"	"ACAGTGACCAGTGCCCATCCTGAAGACAGCAGCTTCTACATCTGCAGTGCCCCCGAGGGGAGTGGAAGGGGGCAGTACTTCGGGCCG"	"CSAPEGSGRGQYF"	NA	NA	"TCRBJ2-7*1"	50	55	60	71	5	11	NA	NA	"ACAGTGACCAGTGCCCATCCTGAAGACAGCAGCTTCTACATCTGCAGTGCCCCCGAGGGGAGTGGAAGGGGGCAGTACTTCGGGCCG"	FALSE	TRUE	NA	NA	NA	NA
"NNNNNNNTGTCGGCTGCTCCCTCCCAGACATCTGTGTACTTCTGTGCCATCCTCCGGGGTTGGAATCAGCCCCAGCATTTTGGTGAT"	"CAILRGWNQPQHF"	"NNNNNNNTGTCGGCTGCTCCCTCCCAGACATCTGTGTACTTCTGTGCCATCCTCCGGGGTTGGAATCAGCCCCAGCATTTTGGTGAT"	"CAILRGWNQPQHF"	"TCRBV6-5*1"	"TCRBD2-1*1"	"TCRBJ1-5*1"	49	54	59	63	5	4	NA	NA	"NNNNNNNTGTCGGCTGCTCCCTCCCAGACATCTGTGTACTTCTGTGCCATCCTCCGGGGTTGGAATCAGCCCCAGCATTTTGGTGAT"	FALSE	TRUE	NA	NA	NA	NA
"CACCAGGCCTGGGGGACGCAGCCATGTACCTGTGTGCCACCAGCAGAGAGGGACAGACGCTACCGGCGAGCGCAGTATTTTGGCCCA"	""	"CACCAGGCCTGGGGGACGCAGCCATGTACCTGTGTGCCACCAGCAGAGAGGGACAGACGCTACCGGCGAGCGCAGTATTTTGGCCCA"	""	"TCRBV15-1*2"	"TCRBD1-1*1"	"TCRBJ2-3*1"	-1	49	56	70	50	14	NA	NA	"CACCAGGCCTGGGGGACGCAGCCATGTACCTGTGTGCCACCAGCAGAGAGGGACAGACGCTACCGGCGAGCGCAGTATTTTGGCCCA"	FALSE	FALSE	NA	NA	NA	NA
"GCTACCCGCTCCCAGACATCTGTGTATTTCTGCGCCAGCAGTGAGAGTGCCCGGCTAGTTCAATCTCTCGAGCAGTACTTCGGGCCG"	"CASSESARLVQSLEQYF"	"GCTACCCGCTCCCAGACATCTGTGTATTTCTGCGCCAGCAGTGAGAGTGCCCGGCTAGTTCAATCTCTCGAGCAGTACTTCGGGCCG"	"CASSESARLVQSLEQYF"	"TCRBV1-2*1"	"TCRBD2-1"	"TCRBJ2-7*1"	45	54	58	68	9	10	NA	NA	"GCTACCCGCTCCCAGACATCTGTGTATTTCTGCGCCAGCAGTGAGAGTGCCCGGCTAGTTCAATCTCTCGAGCAGTACTTCGGGCCG"	FALSE	TRUE	NA	NA	NA	NA
"GAGTCGCCCAGCCCCAACCAGACCTCTCTGTACTTCTGTGCCAGCGCCCCGGGGGCCTCGAGAAAAGAGACCCAGTACTTCGGGCCA"	"CASAPGASRKETQYF"	"GAGTCGCCCAGCCCCAACCAGACCTCTCTGTACTTCTGTGCCAGCGCCCCGGGGGCCTCGAGAAAAGAGACCCAGTACTTCGGGCCA"	"CASAPGASRKETQYF"	"TCRBV27-1*1"	NA	"TCRBJ2-5*1"	45	50	56	64	5	8	NA	NA	"GAGTCGCCCAGCCCCAACCAGACCTCTCTGTACTTCTGTGCCAGCGCCCCGGGGGCCTCGAGAAAAGAGACCCAGTACTTCGGGCCA"	FALSE	TRUE	NA	NA	NA	NA
"CTCACTGTGACATCGGCCCAAAAGAACCCGACAGCTTTCTATCTCTGTGCCAGTACTATACCGCCGGGGGGGGCTTTCTTTGGACAA"	"CASTIPPGGAFF"	"CTCACTGTGACATCGGCCCAAAAGAACCCGACAGCTTTCTATCTCTGTGCCAGTACTATACCGCCGGGGGGGGCTTTCTTTGGACAA"	"CASTIPPGGAFF"	"TCRBV19-1*1"	"TCRBD2-1*1"	"TCRBJ1-1*1"	60	64	-1	72	4	73	NA	NA	"CTCACTGTGACATCGGCCCAAAAGAACCCGACAGCTTTCTATCTCTGTGCCAGTACTATACCGCCGGGGGGGGCTTTCTTTGGACAA"	FALSE	TRUE	NA	NA	NA	NA
"CTACACGCCCTGCAGCCAGAAGACTCAGCCCTGTATCTCTGCGCCAGCAGCCAATGGGGCCAGGGGGCTGGCTACACCTTCGGTTCG"	"CASSQWGQGAGYTF"	"CTACACGCCCTGCAGCCAGAAGACTCAGCCCTGTATCTCTGCGCCAGCAGCCAATGGGGCCAGGGGGCTGGCTACACCTTCGGTTCG"	"CASSQWGQGAGYTF"	"TCRBV4-1*1"	"TCRBD1-1*1"	"TCRBJ1-2*1"	54	60	-1	68	6	69	NA	NA	"CTACACGCCCTGCAGCCAGAAGACTCAGCCCTGTATCTCTGCGCCAGCAGCCAATGGGGCCAGGGGGCTGGCTACACCTTCGGTTCG"	FALSE	TRUE	NA	NA	NA	NA
"CCTGCAGAGCTTGGGGACTCGGCCGTGTATCTCTGTGCCAGCAGCTCCCCGGCCGCTAGCGGGAGGGACGAGCAGTACTTCGGGCCG"	"CASSSPAASGRDEQYF"	"CCTGCAGAGCTTGGGGACTCGGCCGTGTATCTCTGTGCCAGCAGCTCCCCGGCCGCTAGCGGGAGGGACGAGCAGTACTTCGGGCCG"	"CASSSPAASGRDEQYF"	"TCRBV11-3*1"	"TCRBD2-1*2"	"TCRBJ2-7*1"	46	55	-1	67	9	68	NA	NA	"CCTGCAGAGCTTGGGGACTCGGCCGTGTATCTCTGTGCCAGCAGCTCCCCGGCCGCTAGCGGGAGGGACGAGCAGTACTTCGGGCCG"	FALSE	TRUE	NA	NA	NA	NA
"CACCTACACGCCCTGCAGCCAGAAGACTCAGCCCTGTATCTCTGCGCCAGCAGCCAAGAGGCTTGGGTTGAGCAGTTCTTCGGGCCA"	"CASSQEAWVEQFF"	"CACCTACACGCCCTGCAGCCAGAAGACTCAGCCCTGTATCTCTGCGCCAGCAGCCAAGAGGCTTGGGTTGAGCAGTTCTTCGGGCCA"	"CASSQEAWVEQFF"	"TCRBV4-1*1"	NA	"TCRBJ2-1*1"	59	64	67	68	5	1	NA	NA	"CACCTACACGCCCTGCAGCCAGAAGACTCAGCCCTGTATCTCTGCGCCAGCAGCCAAGAGGCTTGGGTTGAGCAGTTCTTCGGGCCA"	FALSE	TRUE	NA	NA	NA	NA
"TCCCAGACATCTGTGTACTTCTGTGCCATCAGGGGCAGGGCGGACCCTTCCCCGGGGGCGTCCTACAATGAGCAGTTCTTCGGGCCA"	"CAIRGRADPSPGASYNEQFF"	"TCCCAGACATCTGTGTACTTCTGTGCCATCAGGGGCAGGGCGGACCCTTCCCCGGGGGCGTCCTACAATGAGCAGTTCTTCGGGCCA"	"CAIRGRADPSPGASYNEQFF"	"TCRBV1-3*1"	NA	"TCRBJ2-1*1"	32	53	59	60	21	1	NA	NA	"TCCCAGACATCTGTGTACTTCTGTGCCATCAGGGGCAGGGCGGACCCTTCCCCGGGGGCGTCCTACAATGAGCAGTTCTTCGGGCCA"	FALSE	TRUE	NA	NA	NA	NA
"AGCACCTTGGAGCTGGGGGACTCGGCCCTTTATCTTTGCGCCACCGACCCGGGACCTCCGAACACCGGGGAGCTGTTTTTTGGAGAA"	"CATDPGPPNTGELFF"	"AGCACCTTGGAGCTGGGGGACTCGGCCCTTTATCTTTGCGCCACCGACCCGGGACCTCCGAACACCGGGGAGCTGTTTTTTGGAGAA"	"CATDPGPPNTGELFF"	"TCRBV5-1*1"	NA	"TCRBJ2-2*1"	43	50	55	58	7	3	NA	NA	"AGCACCTTGGAGCTGGGGGACTCGGCCCTTTATCTTTGCGCCACCGACCCGGGACCTCCGAACACCGGGGAGCTGTTTTTTGGAGAA"	FALSE	TRUE	NA	NA	NA	NA
"GCTGCTCCCTCCCAGACATCTGTGTACTTCTGTGCCAGCAGTTACTACCGACTACCCACCGGGTCCTACGAGCAGTACTTCGGGCCG"	"CASSYYRLPTGSYEQYF"	"GCTGCTCCCTCCCAGACATCTGTGTACTTCTGTGCCAGCAGTTACTACCGACTACCCACCGGGTCCTACGAGCAGTACTTCGGGCCG"	"CASSYYRLPTGSYEQYF"	NA	"TCRBD2-1"	"TCRBJ2-7*1"	46	49	54	63	3	9	NA	NA	"GCTGCTCCCTCCCAGACATCTGTGTACTTCTGTGCCAGCAGTTACTACCGACTACCCACCGGGTCCTACGAGCAGTACTTCGGGCCG"	FALSE	TRUE	NA	NA	NA	NA
"GAACTGGAGGATTCTGGAGTTTATTTCTGTGCCAGCAGCCCGTGGCAGGGAGGCTCATTCACGGACACTGAAGCTTTCTTTGGACAA"	"CASSPWQGGSFTDTEAFF"	"GAACTGGAGGATTCTGGAGTTTATTTCTGTGCCAGCAGCCCGTGGCAGGGAGGCTCATTCACGGACACTGAAGCTTTCTTTGGACAA"	"CASSPWQGGSFTDTEAFF"	"TCRBV14-1*1"	"TCRBD2-1*2"	"TCRBJ1-1*1"	40	47	53	64	7	11	NA	NA	"GAACTGGAGGATTCTGGAGTTTATTTCTGTGCCAGCAGCCCGTGGCAGGGAGGCTCATTCACGGACACTGAAGCTTTCTTTGGACAA"	FALSE	TRUE	NA	NA	NA	NA
"ATCCAGCCTGCAGAGTAGGGGGACTCGGCCGTGTATGTCTGTGCAAGTCGCTTTAGGCGGGAGCTCCACGAGCAGTACTTCGGGCCG"	"CASRFRRELHEQYF"	"ATCCAGCCTGCAGAGTAGGGGGACTCGGCCGTGTATGTCTGTGCAAGTCGCTTTAGGCGGGAGCTCCACGAGCAGTACTTCGGGCCG"	"CASRFRRELHEQYF"	"TCRBV12-2*1"	"TCRBD2-1*2"	"TCRBJ2-7*1"	53	56	63	67	3	4	NA	NA	"ATCCAGCCTGCAGAGTAGGGGGACTCGGCCGTGTATGTCTGTGCAAGTCGCTTTAGGCGGGAGCTCCACGAGCAGTACTTCGGGCCG"	FALSE	TRUE	NA	NA	NA	NA
"ATCCTGGAGTCGCCCAGCCCCAACCAGACCTCTCTGTACTTCTGTGCCAGCAGGGGTACTTCAAACACTGAAGCTTTCTTTGGACAA"	"CASRGTSNTEAFF"	"ATCCTGGAGTCGCCCAGCCCCAACCAGACCTCTCTGTACTTCTGTGCCAGCAGGGGTACTTCAAACACTGAAGCTTTCTTTGGACAA"	"CASRGTSNTEAFF"	"TCRBV27-1*1"	NA	"TCRBJ1-1*1"	-1	53	56	63	54	7	NA	NA	"ATCCTGGAGTCGCCCAGCCCCAACCAGACCTCTCTGTACTTCTGTGCCAGCAGGGGTACTTCAAACACTGAAGCTTTCTTTGGACAA"	FALSE	TRUE	NA	NA	NA	NA
"GTGACCAGTGCCCATCCTGAAGACAGCAGCTTCTACATCTGCAGTGCTCCATCGAGGACAGAGCTCACTGAAGCTTTCTTTGGACAA"	"CSAPSRTELTEAFF"	"GTGACCAGTGCCCATCCTGAAGACAGCAGCTTCTACATCTGCAGTGCTCCATCGAGGACAGAGCTCACTGAAGCTTTCTTTGGACAA"	"CSAPSRTELTEAFF"	NA	"TCRBD1-1*1"	"TCRBJ1-1*1"	48	55	61	65	7	4	NA	NA	"GTGACCAGTGCCCATCCTGAAGACAGCAGCTTCTACATCTGCAGTGCTCCATCGAGGACAGAGCTCACTGAAGCTTTCTTTGGACAA"	FALSE	TRUE	NA	NA	NA	NA
"TCCGCCAGCACCAACCAGACATCTATGTACCTCTGTGCCAGCAGTGCCCTTAGCGGGAGATTCCAAAACATTCAGTACTTCGGCGCC"	"CASSALSGRFQNIQYF"	"TCCGCCAGCACCAACCAGACATCTATGTACCTCTGTGCCAGCAGTGCCCTTAGCGGGAGATTCCAAAACATTCAGTACTTCGGCGCC"	"CASSALSGRFQNIQYF"	"TCRBV28-1*1"	"TCRBD2-1*2"	"TCRBJ2-4*1"	45	50	59	64	5	5	NA	NA	"TCCGCCAGCACCAACCAGACATCTATGTACCTCTGTGCCAGCAGTGCCCTTAGCGGGAGATTCCAAAACATTCAGTACTTCGGCGCC"	FALSE	TRUE	NA	NA	NA	NA
"AACGCCTTGGAGCTGGACGACTCGGCCCTGTATCTCTGTGCCAGCAGCCCGAGCGGGGACGCATACAATGAGCAGTTCTTCGGGCCA"	"CASSPSGDAYNEQFF"	"AACGCCTTGGAGCTGGACGACTCGGCCCTGTATCTCTGTGCCAGCAGCCCGAGCGGGGACGCATACAATGAGCAGTTCTTCGGGCCA"	"CASSPSGDAYNEQFF"	"TCRBV5-4*1"	"TCRBD2-1*1"	"TCRBJ2-1*1"	48	51	58	63	3	5	NA	NA	"AACGCCTTGGAGCTGGACGACTCGGCCCTGTATCTCTGTGCCAGCAGCCCGAGCGGGGACGCATACAATGAGCAGTTCTTCGGGCCA"	FALSE	TRUE	NA	NA	NA	NA
"ACAGTGACCAGTGCCCATCCTGAAGACAGCAGCTTCTACATCTGCAGTGCTAGAGATCCTAGGACAGATACGCAGTATTTTGGCCCA"	"CSARDPRTDTQYF"	"ACAGTGACCAGTGCCCATCCTGAAGACAGCAGCTTCTACATCTGCAGTGCTAGAGATCCTAGGACAGATACGCAGTATTTTGGCCCA"	"CSARDPRTDTQYF"	NA	"TCRBD2-1"	"TCRBJ2-3*1"	56	58	62	63	2	1	NA	NA	"ACAGTGACCAGTGCCCATCCTGAAGACAGCAGCTTCTACATCTGCAGTGCTAGAGATCCTAGGACAGATACGCAGTATTTTGGCCCA"	FALSE	TRUE	NA	NA	NA	NA
"NNNNNNNTGTCGGCTGCTCCCTCCCAGACATCTGTGTACTTCTGTGCCAGCAGTTACGAGGGAGGGGATGAGCAGTTCTTCGGGCCA"	"CASSYEGGDEQFF"	"NNNNNNNTGTCGGCTGCTCCCTCCCAGACATCTGTGTACTTCTGTGCCAGCAGTTACGAGGGAGGGGATGAGCAGTTCTTCGGGCCA"	"CASSYEGGDEQFF"	"TCRBV6-5*1"	"TCRBD2-1*2"	"TCRBJ2-1*1"	57	59	66	67	2	1	NA	NA	"NNNNNNNTGTCGGCTGCTCCCTCCCAGACATCTGTGTACTTCTGTGCCAGCAGTTACGAGGGAGGGGATGAGCAGTTCTTCGGGCCA"	FALSE	TRUE	NA	NA	NA	NA
"CACATCAATTCCCTGGAGCTTGGTGACTCTGCTGTGTATTTCTGTGCCAGCAGCCTCAGTGGGGGCCTCGAGCAGTACTTCGGGCCG"	"CASSLSGGLEQYF"	"CACATCAATTCCCTGGAGCTTGGTGACTCTGCTGTGTATTTCTGTGCCAGCAGCCTCAGTGGGGGCCTCGAGCAGTACTTCGGGCCG"	"CASSLSGGLEQYF"	"TCRBV3-1/3-2*1"	"TCRBD1-1*1"	"TCRBJ2-7*1"	55	60	66	68	5	2	NA	NA	"CACATCAATTCCCTGGAGCTTGGTGACTCTGCTGTGTATTTCTGTGCCAGCAGCCTCAGTGGGGGCCTCGAGCAGTACTTCGGGCCG"	FALSE	TRUE	NA	NA	NA	NA
"AAGCTCCTTCTCAGTGACTCTGGCTTCTATCTCTGTGCCTGGAGTCTAGGACTAGCGGGAGGTGCAGATACGCAGTATTTTGGCCCA"	"CAWSLGLAGGADTQYF"	"AAGCTCCTTCTCAGTGACTCTGGCTTCTATCTCTGTGCCTGGAGTCTAGGACTAGCGGGAGGTGCAGATACGCAGTATTTTGGCCCA"	"CAWSLGLAGGADTQYF"	"TCRBV3-1*1"	"TCRBD2-1*2"	"TCRBJ2-3*1"	45	48	62	64	3	2	NA	NA	"AAGCTCCTTCTCAGTGACTCTGGCTTCTATCTCTGTGCCTGGAGTCTAGGACTAGCGGGAGGTGCAGATACGCAGTATTTTGGCCCA"	FALSE	TRUE	NA	NA	NA	NA
"AATGTGAACGCCTTGGAGCTGGACGACTCGGCCCTGTATCTCTGTGCCAGCAGCTTGTCGGGACAGCTCCAGCAGTACTTCGGGCCG"	"CASSLSGQLQQYF"	"AATGTGAACGCCTTGGAGCTGGACGACTCGGCCCTGTATCTCTGTGCCAGCAGCTTGTCGGGACAGCTCCAGCAGTACTTCGGGCCG"	"CASSLSGQLQQYF"	"TCRBV5-4*1"	"TCRBD1-1*1"	"TCRBJ2-7*1"	57	59	66	70	2	4	NA	NA	"AATGTGAACGCCTTGGAGCTGGACGACTCGGCCCTGTATCTCTGTGCCAGCAGCTTGTCGGGACAGCTCCAGCAGTACTTCGGGCCG"	FALSE	TRUE	NA	NA	NA	NA
"CCTCCCAGACATCTGTATATTTCTGCGCCAGCAGTGACGTTACCTCCGTAGCGGGAGGGGGGTTACAATGAGCAGTTCTTCGGGCCA"	""	"CCTCCCAGACATCTGTATATTTCTGCGCCAGCAGTGACGTTACCTCCGTAGCGGGAGGGGGGTTACAATGAGCAGTTCTTCGGGCCA"	""	"TCRBV1-1"	"TCRBD2-1*2"	"TCRBJ2-1*1"	37	48	59	63	11	4	NA	NA	"CCTCCCAGACATCTGTATATTTCTGCGCCAGCAGTGACGTTACCTCCGTAGCGGGAGGGGGGTTACAATGAGCAGTTCTTCGGGCCA"	FALSE	FALSE	NA	NA	NA	NA
"CGCTCACCAGGCCTGGGGGACGCAGCCATGTACCTGTGTGCCACCAGCAGGGGACTAGCGGGAGGGAATGAGCAGTTCTTCGGGCCA"	"CATSRGLAGGNEQFF"	"CGCTCACCAGGCCTGGGGGACGCAGCCATGTACCTGTGTGCCACCAGCAGGGGACTAGCGGGAGGGAATGAGCAGTTCTTCGGGCCA"	"CATSRGLAGGNEQFF"	"TCRBV15-1*2"	"TCRBD2-1*2"	"TCRBJ2-1*1"	-1	50	-1	66	51	67	NA	NA	"CGCTCACCAGGCCTGGGGGACGCAGCCATGTACCTGTGTGCCACCAGCAGGGGACTAGCGGGAGGGAATGAGCAGTTCTTCGGGCCA"	FALSE	TRUE	NA	NA	NA	NA
"CTGAGCTCTCTGGAGCTGGGGGACTCAGCTTTGTATTTCTGTGCCAGCAAGGGTACAGGGCCTTCCTACGAGCAGTACTTCGGGCCG"	"CASKGTGPSYEQYF"	"CTGAGCTCTCTGGAGCTGGGGGACTCAGCTTTGTATTTCTGTGCCAGCAAGGGTACAGGGCCTTCCTACGAGCAGTACTTCGGGCCG"	"CASKGTGPSYEQYF"	"TCRBV9-1*1"	"TCRBD1-1*1"	"TCRBJ2-7*1"	49	54	60	63	5	3	NA	NA	"CTGAGCTCTCTGGAGCTGGGGGACTCAGCTTTGTATTTCTGTGCCAGCAAGGGTACAGGGCCTTCCTACGAGCAGTACTTCGGGCCG"	FALSE	TRUE	NA	NA	NA	NA
"TGATCCTGGAGTCGCCCAGCCCCAACCAGACCTCTCTGTACTTCTGTGCCAGCAGTTTACCCCGGAGATACGCAGTATTTTGGCCCA"	""	"TGATCCTGGAGTCGCCCAGCCCCAACCAGACCTCTCTGTACTTCTGTGCCAGCAGTTTACCCCGGAGATACGCAGTATTTTGGCCCA"	""	"TCRBV27-1*1"	"TCRBD2-1"	"TCRBJ2-3*1"	59	62	-1	65	3	66	NA	NA	"TGATCCTGGAGTCGCCCAGCCCCAACCAGACCTCTCTGTACTTCTGTGCCAGCAGTTTACCCCGGAGATACGCAGTATTTTGGCCCA"	FALSE	FALSE	NA	NA	NA	NA
"AACCTGAGCTCTCTGGAGCTGGGGGACTCAGCTTTGTATTTCTGTGCCAGCAGCGTAGCGGGCGTGACTGAAGCTTTCTTTGGACAA"	"CASSVAGVTEAFF"	"AACCTGAGCTCTCTGGAGCTGGGGGACTCAGCTTTGTATTTCTGTGCCAGCAGCGTAGCGGGCGTGACTGAAGCTTTCTTTGGACAA"	"CASSVAGVTEAFF"	"TCRBV9-1*1"	NA	"TCRBJ1-1*1"	58	59	63	66	1	3	NA	NA	"AACCTGAGCTCTCTGGAGCTGGGGGACTCAGCTTTGTATTTCTGTGCCAGCAGCGTAGCGGGCGTGACTGAAGCTTTCTTTGGACAA"	FALSE	TRUE	NA	NA	NA	NA
"CGAGGAGATTCGGCAGCTTATTTCTGTGCCAGCTCACCAATCGACAGGGGGCGAGGTTAATCTGGAAACACCATATATTTTGGAGAG"	"CASSPIDRGRG*SGNTIYF"	"CGAGGAGATTCGGCAGCTTATTTCTGTGCCAGCTCACCAATCGACAGGGGGCGAGGTTAATCTGGAAACACCATATATTTTGGAGAG"	"CASSPIDRGRG*SGNTIYF"	"TCRBV18-1*1"	"TCRBD1-1*1"	"TCRBJ1-3*1"	39	42	52	60	3	8	NA	NA	"CGAGGAGATTCGGCAGCTTATTTCTGTGCCAGCTCACCAATCGACAGGGGGCGAGGTTAATCTGGAAACACCATATATTTTGGAGAG"	FALSE	TRUE	NA	NA	NA	NA
"ACCTTGGAGCTGGGGGACTCGGCCCTTTATCTTTGCGCCAGCAGCTTGGCGCAGGGGATGAGCACAGATACGCAGTATTTTGGCCCA"	"CASSLAQGMSTDTQYF"	"ACCTTGGAGCTGGGGGACTCGGCCCTTTATCTTTGCGCCAGCAGCTTGGCGCAGGGGATGAGCACAGATACGCAGTATTTTGGCCCA"	"CASSLAQGMSTDTQYF"	"TCRBV5-1*1"	"TCRBD1-1*1"	"TCRBJ2-3*1"	49	51	57	60	2	3	NA	NA	"ACCTTGGAGCTGGGGGACTCGGCCCTTTATCTTTGCGCCAGCAGCTTGGCGCAGGGGATGAGCACAGATACGCAGTATTTTGGCCCA"	FALSE	TRUE	NA	NA	NA	NA
"CTTCACATCAATTCCCTGGAGCTTGGTGACTCTGCTGTGTATTTCTGTGCCAGCAGCCAAGATGGCAATGAGCAGTTCTTCGGGCCA"	"CASSQDGNEQFF"	"CTTCACATCAATTCCCTGGAGCTTGGTGACTCTGCTGTGTATTTCTGTGCCAGCAGCCAAGATGGCAATGAGCAGTTCTTCGGGCCA"	"CASSQDGNEQFF"	"TCRBV3-1/3-2*1"	NA	"TCRBJ2-1*1"	62	63	-1	65	1	66	NA	NA	"CTTCACATCAATTCCCTGGAGCTTGGTGACTCTGCTGTGTATTTCTGTGCCAGCAGCCAAGATGGCAATGAGCAGTTCTTCGGGCCA"	FALSE	TRUE	NA	NA	NA	NA
"NNNNNNNTGTCGGCTGCTCCCTCCCAAACATCTGTGTACTTCTGTGCCAGCAGTCCCCCCCCCTACAATGAGCAGTTCTTCGGGCCA"	"CASSPPPYNEQFF"	"NNNNNNNTGTCGGCTGCTCCCTCCCAAACATCTGTGTACTTCTGTGCCAGCAGTCCCCCCCCCTACAATGAGCAGTTCTTCGGGCCA"	"CASSPPPYNEQFF"	"TCRBV6-2/6-3*1"	NA	"TCRBJ2-1*1"	-1	-1	54	61	0	7	NA	NA	"NNNNNNNTGTCGGCTGCTCCCTCCCAAACATCTGTGTACTTCTGTGCCAGCAGTCCCCCCCCCTACAATGAGCAGTTCTTCGGGCCA"	FALSE	TRUE	NA	NA	NA	NA
"TCAGAACCGGGAGACACGGCACTGTATCTCTGCGCCAGCAGTCAATCCGGGGGGCTCAAGGATTCCCGGGAGCTGTTTTTTGGAGAA"	"CASSQSGGLKDSRELFF"	"TCAGAACCGGGAGACACGGCACTGTATCTCTGCGCCAGCAGTCAATCCGGGGGGCTCAAGGATTCCCGGGAGCTGTTTTTTGGAGAA"	"CASSQSGGLKDSRELFF"	"TCRBV23-1*1"	"TCRBD2-1*1"	"TCRBJ2-2*1"	-1	47	54	67	48	13	NA	NA	"TCAGAACCGGGAGACACGGCACTGTATCTCTGCGCCAGCAGTCAATCCGGGGGGCTCAAGGATTCCCGGGAGCTGTTTTTTGGAGAA"	FALSE	TRUE	NA	NA	NA	NA
"TCCCTGATTCTGGAGTCCGCCAGCACCAACCAGACATCTATGTACCTCTGTGCCAGCAGTTTAATGTACGAGCAGTACTTCGGGCCG"	"CASSLMYEQYF"	"TCCCTGATTCTGGAGTCCGCCAGCACCAACCAGACATCTATGTACCTCTGTGCCAGCAGTTTAATGTACGAGCAGTACTTCGGGCCG"	"CASSLMYEQYF"	"TCRBV28-1*1"	NA	"TCRBJ2-7*1"	-1	-1	63	66	0	3	NA	NA	"TCCCTGATTCTGGAGTCCGCCAGCACCAACCAGACATCTATGTACCTCTGTGCCAGCAGTTTAATGTACGAGCAGTACTTCGGGCCG"	FALSE	TRUE	NA	NA	NA	NA
"ATGTGAGCACCTTGGAGCTGGGGGACTCGGCCCTTTATCTTTGCGCCAGCAGCTTATGACAGGGACACTGAAGCTTTCTTTGGACAA"	""	"ATGTGAGCACCTTGGAGCTGGGGGACTCGGCCCTTTATCTTTGCGCCAGCAGCTTATGACAGGGACACTGAAGCTTTCTTTGGACAA"	""	"TCRBV5-1*1"	"TCRBD1-1*1"	"TCRBJ1-1*1"	55	57	-1	64	2	65	NA	NA	"ATGTGAGCACCTTGGAGCTGGGGGACTCGGCCCTTTATCTTTGCGCCAGCAGCTTATGACAGGGACACTGAAGCTTTCTTTGGACAA"	FALSE	FALSE	NA	NA	NA	NA
"GATCCAGCGCACAGAGCAGGGGGACTCAGCTGTGTATCTCTGTGCCAGCAGCGCGGACGGTTCAGCTATGGCTACACCTTCGGTTCG"	""	"GATCCAGCGCACAGAGCAGGGGGACTCAGCTGTGTATCTCTGTGCCAGCAGCGCGGACGGTTCAGCTATGGCTACACCTTCGGTTCG"	""	"TCRBV7-4*1"	NA	"TCRBJ1-2*1"	52	54	58	65	2	7	NA	NA	"GATCCAGCGCACAGAGCAGGGGGACTCAGCTGTGTATCTCTGTGCCAGCAGCGCGGACGGTTCAGCTATGGCTACACCTTCGGTTCG"	FALSE	FALSE	NA	NA	NA	NA
"CTGGAGTCTGCCAGGCCCTCACATACCTCTCAGTACCTCTGTGCCAGCAGTGGAGGACAACTGGACACTGAAGCTTTCTTTGGACAA"	"CASSGGQLDTEAFF"	"CTGGAGTCTGCCAGGCCCTCACATACCTCTCAGTACCTCTGTGCCAGCAGTGGAGGACAACTGGACACTGAAGCTTTCTTTGGACAA"	"CASSGGQLDTEAFF"	"TCRBV25-1*1"	"TCRBD1-1*1"	"TCRBJ1-1*1"	52	54	59	64	2	5	NA	NA	"CTGGAGTCTGCCAGGCCCTCACATACCTCTCAGTACCTCTGTGCCAGCAGTGGAGGACAACTGGACACTGAAGCTTTCTTTGGACAA"	FALSE	TRUE	NA	NA	NA	NA
"CCTGCAGAACTGGAGGATTCTGGAGTTTATTTCTGTGCCAGCAGCCGTGCGGGAGCGGGGCCCACAGATACGCAGTATTTTGGCCCA"	"CASSRAGAGPTDTQYF"	"CCTGCAGAACTGGAGGATTCTGGAGTTTATTTCTGTGCCAGCAGCCGTGCGGGAGCGGGGCCCACAGATACGCAGTATTTTGGCCCA"	"CASSRAGAGPTDTQYF"	"TCRBV14-1*1"	"TCRBD2-1"	"TCRBJ2-3*1"	46	53	60	62	7	2	NA	NA	"CCTGCAGAACTGGAGGATTCTGGAGTTTATTTCTGTGCCAGCAGCCGTGCGGGAGCGGGGCCCACAGATACGCAGTATTTTGGCCCA"	FALSE	TRUE	NA	NA	NA	NA
"GAATGTGAACGCCTTGTTGCTAGGGGACTCGGCCCTCTATCTCTGTGCCAGCAGCTTCGCTAGCGGCAGACCCAGTACTTCGGGCCA"	""	"GAATGTGAACGCCTTGTTGCTAGGGGACTCGGCCCTCTATCTCTGTGCCAGCAGCTTCGCTAGCGGCAGACCCAGTACTTCGGGCCA"	""	"TCRBV5-7*1"	"TCRBD2-1"	"TCRBJ2-5*1"	57	59	66	67	2	1	NA	NA	"GAATGTGAACGCCTTGTTGCTAGGGGACTCGGCCCTCTATCTCTGTGCCAGCAGCTTCGCTAGCGGCAGACCCAGTACTTCGGGCCA"	FALSE	FALSE	NA	NA	NA	NA
"GTGACCAGTGCCCATCCTGAAGACAGCAGCTTCTACATCTGCAGTGCTCCGACTAGCCTAAACTACAATGAGCAGTTCTTCGGGCCA"	"CSAPTSLNYNEQFF"	"GTGACCAGTGCCCATCCTGAAGACAGCAGCTTCTACATCTGCAGTGCTCCGACTAGCCTAAACTACAATGAGCAGTTCTTCGGGCCA"	"CSAPTSLNYNEQFF"	NA	"TCRBD2-1"	"TCRBJ2-1*1"	48	50	57	62	2	5	NA	NA	"GTGACCAGTGCCCATCCTGAAGACAGCAGCTTCTACATCTGCAGTGCTCCGACTAGCCTAAACTACAATGAGCAGTTCTTCGGGCCA"	FALSE	TRUE	NA	NA	NA	NA
"GTGAGCACCTTGGAGCTGGGGGACTCGGCCCTTTATCTTTGCGCCAGCAGCGTAACAAGCGGGAGCGATGAGCAGTTCTTCGGGCCA"	"CASSVTSGSDEQFF"	"GTGAGCACCTTGGAGCTGGGGGACTCGGCCCTTTATCTTTGCGCCAGCAGCGTAACAAGCGGGAGCGATGAGCAGTTCTTCGGGCCA"	"CASSVTSGSDEQFF"	"TCRBV5-1*1"	"TCRBD2-1*2"	"TCRBJ2-1*1"	51	57	65	67	6	2	NA	NA	"GTGAGCACCTTGGAGCTGGGGGACTCGGCCCTTTATCTTTGCGCCAGCAGCGTAACAAGCGGGAGCGATGAGCAGTTCTTCGGGCCA"	FALSE	TRUE	NA	NA	NA	NA
"ACTGTGACATCGGCCCAAAAGAACCCGACAGCTTTCTATCTCTGTGCCAGTATGTTCGGGGGAAATCAGCCCCAGCATTTTGGTGAT"	"CASMFGGNQPQHF"	"ACTGTGACATCGGCCCAAAAGAACCCGACAGCTTTCTATCTCTGTGCCAGTATGTTCGGGGGAAATCAGCCCCAGCATTTTGGTGAT"	"CASMFGGNQPQHF"	"TCRBV19-1*1"	"TCRBD2-1*1"	"TCRBJ1-5*1"	52	56	62	63	4	1	NA	NA	"ACTGTGACATCGGCCCAAAAGAACCCGACAGCTTTCTATCTCTGTGCCAGTATGTTCGGGGGAAATCAGCCCCAGCATTTTGGTGAT"	FALSE	TRUE	NA	NA	NA	NA
"CCAGCCCCAACCAGACCTCTCTGTACTTCTGTGCCAGCAGTCCCTGGACTAGCGGATAGCTCCTACAATGAGCAGTTCTTCGGGCCA"	""	"CCAGCCCCAACCAGACCTCTCTGTACTTCTGTGCCAGCAGTCCCTGGACTAGCGGATAGCTCCTACAATGAGCAGTTCTTCGGGCCA"	""	"TCRBV27-1*1"	"TCRBD2-1"	"TCRBJ2-1*1"	41	45	55	59	4	4	NA	NA	"CCAGCCCCAACCAGACCTCTCTGTACTTCTGTGCCAGCAGTCCCTGGACTAGCGGATAGCTCCTACAATGAGCAGTTCTTCGGGCCA"	FALSE	FALSE	NA	NA	NA	NA
"CTCCTCACTCTGGAGTCCGCTACCAGCTCCCAGACATCTGTGTACTTCTGTGCCATCAGTGAAATTAATGAGCAGTTCTTCGGGCCA"	"CAISEINEQFF"	"CTCCTCACTCTGGAGTCCGCTACCAGCTCCCAGACATCTGTGTACTTCTGTGCCATCAGTGAAATTAATGAGCAGTTCTTCGGGCCA"	"CAISEINEQFF"	"TCRBV1-3*1"	NA	"TCRBJ2-1*1"	-1	-1	62	66	0	4	NA	NA	"CTCCTCACTCTGGAGTCCGCTACCAGCTCCCAGACATCTGTGTACTTCTGTGCCATCAGTGAAATTAATGAGCAGTTCTTCGGGCCA"	FALSE	TRUE	NA	NA	NA	NA
"AAGATCCAGCGCACAGAGCGGGGGGACTCAGCCGTGTATCTCTGTGCCAGCAGTCTAAACAGTGACCAGCCCCAGCATTTTGGTGAT"	"CASSLNSDQPQHF"	"AAGATCCAGCGCACAGAGCGGGGGGACTCAGCCGTGTATCTCTGTGCCAGCAGTCTAAACAGTGACCAGCCCCAGCATTTTGGTGAT"	"CASSLNSDQPQHF"	"TCRBV7-3*1"	"TCRBD1-1*1"	"TCRBJ1-5*1"	53	58	62	66	5	4	NA	NA	"AAGATCCAGCGCACAGAGCGGGGGGACTCAGCCGTGTATCTCTGTGCCAGCAGTCTAAACAGTGACCAGCCCCAGCATTTTGGTGAT"	FALSE	TRUE	NA	NA	NA	NA
"AATGTGAGCACCTTGGAGCTGGGGGACTCGGCCCTTTATCTTTGCGCCAGCAGCTTCGAGGGGATCGAGACCCAGTACTTCGGGCCA"	"CASSFEGIETQYF"	"AATGTGAGCACCTTGGAGCTGGGGGACTCGGCCCTTTATCTTTGCGCCAGCAGCTTCGAGGGGATCGAGACCCAGTACTTCGGGCCA"	"CASSFEGIETQYF"	"TCRBV5-1*1"	NA	"TCRBJ2-5*1"	56	58	63	66	2	3	NA	NA	"AATGTGAGCACCTTGGAGCTGGGGGACTCGGCCCTTTATCTTTGCGCCAGCAGCTTCGAGGGGATCGAGACCCAGTACTTCGGGCCA"	FALSE	TRUE	NA	NA	NA	NA
"AACGCCTTGGAGCTGGACGACTCGGCCCTGTATCTCTGTGCCAGCAGCCCTAGGACAGGCGGGAACACTGAAGCTTTCTTTGGACAA"	"CASSPRTGGNTEAFF"	"AACGCCTTGGAGCTGGACGACTCGGCCCTGTATCTCTGTGCCAGCAGCCCTAGGACAGGCGGGAACACTGAAGCTTTCTTTGGACAA"	"CASSPRTGGNTEAFF"	"TCRBV5-4*1"	"TCRBD1-1*1"	"TCRBJ1-1*1"	48	52	59	62	4	3	NA	NA	"AACGCCTTGGAGCTGGACGACTCGGCCCTGTATCTCTGTGCCAGCAGCCCTAGGACAGGCGGGAACACTGAAGCTTTCTTTGGACAA"	FALSE	TRUE	NA	NA	NA	NA
"GTGCCTTGGAGCTGGGGGACTCGGCCCTGTATCTCTGTGCCAGAAGCTTGAAGACAGAGGCCGTTAGATACGCAGTATTTTGGCCCA"	""	"GTGCCTTGGAGCTGGGGGACTCGGCCCTGTATCTCTGTGCCAGAAGCTTGAAGACAGAGGCCGTTAGATACGCAGTATTTTGGCCCA"	""	"TCRBV5-3"	"TCRBD1-1*1"	"TCRBJ2-3*1"	50	52	57	65	2	8	NA	NA	"GTGCCTTGGAGCTGGGGGACTCGGCCCTGTATCTCTGTGCCAGAAGCTTGAAGACAGAGGCCGTTAGATACGCAGTATTTTGGCCCA"	FALSE	FALSE	NA	NA	NA	NA
"CAGCCTGCAAAGCTTGAGGACTCGGCCGTGTATCTCTGTGCCAGCACCTCGACAGGCGCGACTAACTATGGCTACACCTTCGGTTCG"	"CASTSTGATNYGYTF"	"CAGCCTGCAAAGCTTGAGGACTCGGCCGTGTATCTCTGTGCCAGCACCTCGACAGGCGCGACTAACTATGGCTACACCTTCGGTTCG"	"CASTSTGATNYGYTF"	"TCRBV11-2*1"	"TCRBD1-1*1"	"TCRBJ1-2*1"	46	50	56	61	4	5	NA	NA	"CAGCCTGCAAAGCTTGAGGACTCGGCCGTGTATCTCTGTGCCAGCACCTCGACAGGCGCGACTAACTATGGCTACACCTTCGGTTCG"	FALSE	TRUE	NA	NA	NA	NA
"CCAGCCCTCAGAACCCAGGGACTCAGCTGTGTACTTCTGTGCCAGCAGTTTAAACAGGTCCCCAATTCACCCCTCCACTTTGGGAAT"	""	"CCAGCCCTCAGAACCCAGGGACTCAGCTGTGTACTTCTGTGCCAGCAGTTTAAACAGGTCCCCAATTCACCCCTCCACTTTGGGAAT"	""	NA	"TCRBD1-1*1"	"TCRBJ1-6*1"	52	53	58	63	1	5	NA	NA	"CCAGCCCTCAGAACCCAGGGACTCAGCTGTGTACTTCTGTGCCAGCAGTTTAAACAGGTCCCCAATTCACCCCTCCACTTTGGGAAT"	FALSE	FALSE	NA	NA	NA	NA
"ATCCAGCCCTCAGAACCCAGGGACTCAGCTGTGTATTTTTGTGCTAGTGGTTTGGTGGCCTTTTGGGATGAGCAGTTCTTCGGGCCA"	"CASGLVAFWDEQFF"	"ATCCAGCCCTCAGAACCCAGGGACTCAGCTGTGTATTTTTGTGCTAGTGGTTTGGTGGCCTTTTGGGATGAGCAGTTCTTCGGGCCA"	"CASGLVAFWDEQFF"	"TCRBV12-5*1"	NA	"TCRBJ2-1*1"	56	64	-1	67	8	68	NA	NA	"ATCCAGCCCTCAGAACCCAGGGACTCAGCTGTGTATTTTTGTGCTAGTGGTTTGGTGGCCTTTTGGGATGAGCAGTTCTTCGGGCCA"	FALSE	TRUE	NA	NA	NA	NA
"CCTTTATCTTTGCGCCAGCAGCTCCCGATGCGCGCTACACCTAGCGGGAGGGCCTCGTAAGGGGCCAACGTCCTGACTTTCGGGGCC"	""	"CCTTTATCTTTGCGCCAGCAGCTCCCGATGCGCGCTACACCTAGCGGGAGGGCCTCGTAAGGGGCCAACGTCCTGACTTTCGGGGCC"	""	"TCRBV5-1*1"	"TCRBD2-1*2"	"TCRBJ2-6*1"	23	40	52	60	17	8	NA	NA	"CCTTTATCTTTGCGCCAGCAGCTCCCGATGCGCGCTACACCTAGCGGGAGGGCCTCGTAAGGGGCCAACGTCCTGACTTTCGGGGCC"	FALSE	FALSE	NA	NA	NA	NA
"GTGACCAGTGCCCATCCTGAAGACAGCAGCTTCTACATCTGCAGTGCTAGACTGGGTGGAAGTGAACATGAGCAGTTCTTCGGGCCA"	"CSARLGGSEHEQFF"	"GTGACCAGTGCCCATCCTGAAGACAGCAGCTTCTACATCTGCAGTGCTAGACTGGGTGGAAGTGAACATGAGCAGTTCTTCGGGCCA"	"CSARLGGSEHEQFF"	NA	NA	"TCRBJ2-1*1"	51	53	56	67	2	11	NA	NA	"GTGACCAGTGCCCATCCTGAAGACAGCAGCTTCTACATCTGCAGTGCTAGACTGGGTGGAAGTGAACATGAGCAGTTCTTCGGGCCA"	FALSE	TRUE	NA	NA	NA	NA
"GACTCAGCTTTGTATTTCTGTGCCAGCAGCGTATCGTTAAAGGGTGAGGGGAGCGGACTAGCGTCCAATGAGCAGTTCTTCGGGCCA"	"CASSVSLKGEGSGLASNEQFF"	"GACTCAGCTTTGTATTTCTGTGCCAGCAGCGTATCGTTAAAGGGTGAGGGGAGCGGACTAGCGTCCAATGAGCAGTTCTTCGGGCCA"	"CASSVSLKGEGSGLASNEQFF"	"TCRBV9-1*1"	"TCRBD2-1"	"TCRBJ2-1*1"	33	54	63	65	21	2	NA	NA	"GACTCAGCTTTGTATTTCTGTGCCAGCAGCGTATCGTTAAAGGGTGAGGGGAGCGGACTAGCGTCCAATGAGCAGTTCTTCGGGCCA"	FALSE	TRUE	NA	NA	NA	NA
"TGACCAGTGCCCATCCTGAAGACAGCAGCTTCTACATCTGCAGTGCACTTCGGGACCGTGAAATTATACGAGCAGTACTTCGGGCCG"	""	"TGACCAGTGCCCATCCTGAAGACAGCAGCTTCTACATCTGCAGTGCACTTCGGGACCGTGAAATTATACGAGCAGTACTTCGGGCCG"	""	NA	NA	"TCRBJ2-7*1"	46	51	56	66	5	10	NA	NA	"TGACCAGTGCCCATCCTGAAGACAGCAGCTTCTACATCTGCAGTGCACTTCGGGACCGTGAAATTATACGAGCAGTACTTCGGGCCG"	FALSE	FALSE	NA	NA	NA	NA
"NNNNTGTCGGCTGCTCCCTCCCAAACATCTGTGTACTTCTGTGCCAGCAGTCGGGACGGAGGCTCCTACGAGCAGTACTTCGGGCCG"	"CASSRDGGSYEQYF"	"NNNNTGTCGGCTGCTCCCTCCCAAACATCTGTGTACTTCTGTGCCAGCAGTCGGGACGGAGGCTCCTACGAGCAGTACTTCGGGCCG"	"CASSRDGGSYEQYF"	"TCRBV6-2/6-3*1"	NA	"TCRBJ2-7*1"	51	52	57	62	1	5	NA	NA	"NNNNTGTCGGCTGCTCCCTCCCAAACATCTGTGTACTTCTGTGCCAGCAGTCGGGACGGAGGCTCCTACGAGCAGTACTTCGGGCCG"	FALSE	TRUE	NA	NA	NA	NA
"GAAGACAGCAGCTTCTACATCTGCAGTGCTAGAGTCGTTAGGGGACTAGCGGGAGCAGGGCCCACAGATACGCAGTATTTTGGCCCA"	"CSARVVRGLAGAGPTDTQYF"	"GAAGACAGCAGCTTCTACATCTGCAGTGCTAGAGTCGTTAGGGGACTAGCGGGAGCAGGGCCCACAGATACGCAGTATTTTGGCCCA"	"CSARVVRGLAGAGPTDTQYF"	NA	"TCRBD2-1*2"	"TCRBJ2-3*1"	34	41	55	62	7	7	NA	NA	"GAAGACAGCAGCTTCTACATCTGCAGTGCTAGAGTCGTTAGGGGACTAGCGGGAGCAGGGCCCACAGATACGCAGTATTTTGGCCCA"	FALSE	TRUE	NA	NA	NA	NA
"ACACCCTGCAGCCAGAAGACTCGGCCCTGTATCTCTGTGCCAGCAGCCCTCCGGGAGCCGCCCCAGTACGAGCAGTACTTCGGGCCG"	""	"ACACCCTGCAGCCAGAAGACTCGGCCCTGTATCTCTGTGCCAGCAGCCCTCCGGGAGCCGCCCCAGTACGAGCAGTACTTCGGGCCG"	""	"TCRBV4-2*1"	"TCRBD2-1*2"	"TCRBJ2-7*1"	48	51	57	66	3	9	NA	NA	"ACACCCTGCAGCCAGAAGACTCGGCCCTGTATCTCTGTGCCAGCAGCCCTCCGGGAGCCGCCCCAGTACGAGCAGTACTTCGGGCCG"	FALSE	FALSE	NA	NA	NA	NA
"CGCACACAGCAGGAGGACTCCGCCGTGTATCTCTGTGCCAGCAGCTTAGCAGGGAGGGAGAACACCGGGGAGCTGTTTTTTGGAGAA"	"CASSLAGRENTGELFF"	"CGCACACAGCAGGAGGACTCCGCCGTGTATCTCTGTGCCAGCAGCTTAGCAGGGAGGGAGAACACCGGGGAGCTGTTTTTTGGAGAA"	"CASSLAGRENTGELFF"	"TCRBV7-8*1"	"TCRBD2-1*2"	"TCRBJ2-2*1"	50	51	58	59	1	1	NA	NA	"CGCACACAGCAGGAGGACTCCGCCGTGTATCTCTGTGCCAGCAGCTTAGCAGGGAGGGAGAACACCGGGGAGCTGTTTTTTGGAGAA"	FALSE	TRUE	NA	NA	NA	NA
"CCAGCCCCAACCAGACCTCTCTGTACTTCTGTGCCAGCAGCCGACCCGACAGGGGCAGTTAACGCAAACACCATATATTTTGGAGAG"	""	"CCAGCCCCAACCAGACCTCTCTGTACTTCTGTGCCAGCAGCCGACCCGACAGGGGCAGTTAACGCAAACACCATATATTTTGGAGAG"	""	"TCRBV27-1*1"	"TCRBD1-1*1"	"TCRBJ1-3*1"	40	47	55	65	7	10	NA	NA	"CCAGCCCCAACCAGACCTCTCTGTACTTCTGTGCCAGCAGCCGACCCGACAGGGGCAGTTAACGCAAACACCATATATTTTGGAGAG"	FALSE	FALSE	NA	NA	NA	NA
"GACTGTGAGCAACATGAGCCCTGAAGACAGCAGCATATATCTCTGCAGCGTTGAGTTTCGGGGGCCTACGAGCAGTACTTCGGGCCG"	""	"GACTGTGAGCAACATGAGCCCTGAAGACAGCAGCATATATCTCTGCAGCGTTGAGTTTCGGGGGCCTACGAGCAGTACTTCGGGCCG"	""	"TCRBV29-1"	"TCRBD2-1*1"	"TCRBJ2-7*1"	54	58	-1	64	4	65	NA	NA	"GACTGTGAGCAACATGAGCCCTGAAGACAGCAGCATATATCTCTGCAGCGTTGAGTTTCGGGGGCCTACGAGCAGTACTTCGGGCCG"	FALSE	FALSE	NA	NA	NA	NA
"ACTCTGACTGTGAGCAACATGAGCCCTGAAGACAGCAGCATATATCTCTGCAGCGCTCCAAGCGGCACTGAAGCTTTCTTTGGACAA"	"CSAPSGTEAFF"	"ACTCTGACTGTGAGCAACATGAGCCCTGAAGACAGCAGCATATATCTCTGCAGCGCTCCAAGCGGCACTGAAGCTTTCTTTGGACAA"	"CSAPSGTEAFF"	"TCRBV29-1*3"	"TCRBD2-1"	"TCRBJ1-1*1"	56	60	-1	65	4	66	NA	NA	"ACTCTGACTGTGAGCAACATGAGCCCTGAAGACAGCAGCATATATCTCTGCAGCGCTCCAAGCGGCACTGAAGCTTTCTTTGGACAA"	FALSE	TRUE	NA	NA	NA	NA
"CTGGAGCTGGGGGACTCAGCTTTGTATTTCTGTGCCAGCAGCGTAGGGCTAGCCGGGGGAAATGCGCATGAGCAGTTCTTCGGGCCA"	"CASSVGLAGGNAHEQFF"	"CTGGAGCTGGGGGACTCAGCTTTGTATTTCTGTGCCAGCAGCGTAGGGCTAGCCGGGGGAAATGCGCATGAGCAGTTCTTCGGGCCA"	"CASSVGLAGGNAHEQFF"	"TCRBV9-1*1"	"TCRBD2-1*1"	"TCRBJ2-1*1"	46	53	59	67	7	8	NA	NA	"CTGGAGCTGGGGGACTCAGCTTTGTATTTCTGTGCCAGCAGCGTAGGGCTAGCCGGGGGAAATGCGCATGAGCAGTTCTTCGGGCCA"	FALSE	TRUE	NA	NA	NA	NA
"CTGCTGTACCCTCTCAGACATCTGTGTACTTCTGTGCCAGCAGACCACTCTTAAGGGGACAGGGGGCTTACGCAGTATTTTGGCCCA"	""	"CTGCTGTACCCTCTCAGACATCTGTGTACTTCTGTGCCAGCAGACCACTCTTAAGGGGACAGGGGGCTTACGCAGTATTTTGGCCCA"	""	"TCRBV6-4*1"	"TCRBD1-1*1"	"TCRBJ2-3*1"	43	55	67	68	12	1	NA	NA	"CTGCTGTACCCTCTCAGACATCTGTGTACTTCTGTGCCAGCAGACCACTCTTAAGGGGACAGGGGGCTTACGCAGTATTTTGGCCCA"	FALSE	FALSE	NA	NA	NA	NA
"NNNNNNNTGTCGGCTGCTCCCTCCCAAACATCTGTGTACTTCTGTGCCAGCAGCCTACTTGGAGGCACTGAAGCTTTCTTTGGACAA"	"CASSLLGGTEAFF"	"NNNNNNNTGTCGGCTGCTCCCTCCCAAACATCTGTGTACTTCTGTGCCAGCAGCCTACTTGGAGGCACTGAAGCTTTCTTTGGACAA"	"CASSLLGGTEAFF"	"TCRBV6-2*2"	"TCRBD2-1*2"	"TCRBJ1-1*1"	55	60	-1	65	5	66	NA	NA	"NNNNNNNTGTCGGCTGCTCCCTCCCAAACATCTGTGTACTTCTGTGCCAGCAGCCTACTTGGAGGCACTGAAGCTTTCTTTGGACAA"	FALSE	TRUE	NA	NA	NA	NA
"AGCAGGTAGTGCGAGGAGATTCGGCAGCTTATTTCTGTGCCAGCTCACCACCGGGACTAGTGTAACAATGAGCAGTTCTTCGGGCCA"	""	"AGCAGGTAGTGCGAGGAGATTCGGCAGCTTATTTCTGTGCCAGCTCACCACCGGGACTAGTGTAACAATGAGCAGTTCTTCGGGCCA"	""	"TCRBV18-1*1"	"TCRBD2-1"	"TCRBJ2-1*1"	-1	52	60	64	53	4	NA	NA	"AGCAGGTAGTGCGAGGAGATTCGGCAGCTTATTTCTGTGCCAGCTCACCACCGGGACTAGTGTAACAATGAGCAGTTCTTCGGGCCA"	FALSE	FALSE	NA	NA	NA	NA
"GGAGTCCGCTACCAGCTCCCAGACATCTGTGTACTTCTGTGCCCCCGGACGGCAGGTCTTAACACCGGGGAGCTGTTTTTTGGAGAA"	""	"GGAGTCCGCTACCAGCTCCCAGACATCTGTGTACTTCTGTGCCCCCGGACGGCAGGTCTTAACACCGGGGAGCTGTTTTTTGGAGAA"	""	"TCRBV1-3*1"	NA	"TCRBJ2-2*1"	43	46	50	60	3	10	NA	NA	"GGAGTCCGCTACCAGCTCCCAGACATCTGTGTACTTCTGTGCCCCCGGACGGCAGGTCTTAACACCGGGGAGCTGTTTTTTGGAGAA"	FALSE	FALSE	NA	NA	NA	NA
"CTGACTGTGAGCAACATGAGCCCTGAAGACAGCAGCATATATCTCTGCAGCGCCCCCGGAGGAGGGGCTCAAGCTTTCTTTGGACAA"	"CSAPGGGAQAFF"	"CTGACTGTGAGCAACATGAGCCCTGAAGACAGCAGCATATATCTCTGCAGCGCCCCCGGAGGAGGGGCTCAAGCTTTCTTTGGACAA"	"CSAPGGGAQAFF"	"TCRBV29-1*3"	"TCRBD2-1*2"	"TCRBJ1-1*1"	53	60	66	70	7	4	NA	NA	"CTGACTGTGAGCAACATGAGCCCTGAAGACAGCAGCATATATCTCTGCAGCGCCCCCGGAGGAGGGGCTCAAGCTTTCTTTGGACAA"	FALSE	TRUE	NA	NA	NA	NA
"AAACCTGAGCTCTCTGGAGCTGGGGGACTCAGCTTTGTATTTCTGTGCCAGCAGCGTAGTGGGGAAGAGACCCAGTACTTCGGGCCA"	""	"AAACCTGAGCTCTCTGGAGCTGGGGGACTCAGCTTTGTATTTCTGTGCCAGCAGCGTAGTGGGGAAGAGACCCAGTACTTCGGGCCA"	""	"TCRBV9-1*1"	NA	"TCRBJ2-5*1"	59	60	-1	64	1	65	NA	NA	"AAACCTGAGCTCTCTGGAGCTGGGGGACTCAGCTTTGTATTTCTGTGCCAGCAGCGTAGTGGGGAAGAGACCCAGTACTTCGGGCCA"	FALSE	FALSE	NA	NA	NA	NA
"CCCAGCCCCAACCAGACCTCTCTGTACTTCTGTGCCAGCAGTTTAGGTGGCGGGAGGGCCAAGTACAATGAGCAGTTCTTCGGGCCA"	"CASSLGGGRAKYNEQFF"	"CCCAGCCCCAACCAGACCTCTCTGTACTTCTGTGCCAGCAGTTTAGGTGGCGGGAGGGCCAAGTACAATGAGCAGTTCTTCGGGCCA"	"CASSLGGGRAKYNEQFF"	"TCRBV27-1*1"	"TCRBD2-1*2"	"TCRBJ2-1*1"	45	49	58	63	4	5	NA	NA	"CCCAGCCCCAACCAGACCTCTCTGTACTTCTGTGCCAGCAGTTTAGGTGGCGGGAGGGCCAAGTACAATGAGCAGTTCTTCGGGCCA"	FALSE	TRUE	NA	NA	NA	NA
"ACAGTGACCAGTGCCCATCCTGAAGACAGCAGCTTCTACATCTGCAGTGCGCCGGGACTAGTGGGATACGAGCAGTACTTCGGGCCG"	"CSAPGLVGYEQYF"	"ACAGTGACCAGTGCCCATCCTGAAGACAGCAGCTTCTACATCTGCAGTGCGCCGGGACTAGTGGGATACGAGCAGTACTTCGGGCCG"	"CSAPGLVGYEQYF"	NA	"TCRBD2-1"	"TCRBJ2-7*1"	50	53	61	66	3	5	NA	NA	"ACAGTGACCAGTGCCCATCCTGAAGACAGCAGCTTCTACATCTGCAGTGCGCCGGGACTAGTGGGATACGAGCAGTACTTCGGGCCG"	FALSE	TRUE	NA	NA	NA	NA
"CCCTCAGAACCCAGGGACTCAGCTGTGTACTTCTGTGCCAAAGGGGACTAGCGGGAGGTATTCTACAATGAGCAGTTCTTCGGGCCA"	"CAKGD*REVFYNEQFF"	"CCCTCAGAACCCAGGGACTCAGCTGTGTACTTCTGTGCCAAAGGGGACTAGCGGGAGGTATTCTACAATGAGCAGTTCTTCGGGCCA"	"CAKGD*REVFYNEQFF"	NA	"TCRBD2-1*2"	"TCRBJ2-1*1"	40	43	58	62	3	4	NA	NA	"CCCTCAGAACCCAGGGACTCAGCTGTGTACTTCTGTGCCAAAGGGGACTAGCGGGAGGTATTCTACAATGAGCAGTTCTTCGGGCCA"	FALSE	TRUE	NA	NA	NA	NA
"GAGATCCAGCGCACAGAGCAGGGGGACTCGGCCATGTATCTCTGTGCCAGCAGCTCTCCGGTCCAAGAGACCCAGTACTTCGGGCCA"	"CASSSPVQETQYF"	"GAGATCCAGCGCACAGAGCAGGGGGACTCGGCCATGTATCTCTGTGCCAGCAGCTCTCCGGTCCAAGAGACCCAGTACTTCGGGCCA"	"CASSSPVQETQYF"	"TCRBV7-9*1"	"TCRBD2-1"	"TCRBJ2-5*1"	55	58	61	62	3	1	NA	NA	"GAGATCCAGCGCACAGAGCAGGGGGACTCGGCCATGTATCTCTGTGCCAGCAGCTCTCCGGTCCAAGAGACCCAGTACTTCGGGCCA"	FALSE	TRUE	NA	NA	NA	NA
"ATCCAGCCCTCAGAACCCAGGGACTCAGCTGTGTACTTCTGTGCCAGCAGTTTAACAGGGGCCCCCTACGAGCAGTACTTCGGGCCG"	"CASSLTGAPYEQYF"	"ATCCAGCCCTCAGAACCCAGGGACTCAGCTGTGTACTTCTGTGCCAGCAGTTTAACAGGGGCCCCCTACGAGCAGTACTTCGGGCCG"	"CASSLTGAPYEQYF"	NA	"TCRBD1-1*1"	"TCRBJ2-7*1"	-1	54	61	64	55	3	NA	NA	"ATCCAGCCCTCAGAACCCAGGGACTCAGCTGTGTACTTCTGTGCCAGCAGTTTAACAGGGGCCCCCTACGAGCAGTACTTCGGGCCG"	FALSE	TRUE	NA	NA	NA	NA
"ATCCAGCGCACAGAGCAGGAGGACTCGGCCGTGTATCTCTGTGCCAGCAGCTTAAGACCACCGAGGGAGACCCAGTACTTCGGGCCA"	"CASSLRPPRETQYF"	"ATCCAGCGCACAGAGCAGGAGGACTCGGCCGTGTATCTCTGTGCCAGCAGCTTAAGACCACCGAGGGAGACCCAGTACTTCGGGCCA"	"CASSLRPPRETQYF"	"TCRBV7-2"	"TCRBD2-1*2"	"TCRBJ2-5*1"	54	62	-1	66	8	67	NA	NA	"ATCCAGCGCACAGAGCAGGAGGACTCGGCCGTGTATCTCTGTGCCAGCAGCTTAAGACCACCGAGGGAGACCCAGTACTTCGGGCCA"	FALSE	TRUE	NA	NA	NA	NA
"CAGCAGGTAGTGCGAGGAGATTCGGCAGCTTATTTCTGTGCCAGCTCACCACCGAGGGACAGGGGAAATGAGCAGTTCTTCGGGCCA"	"CASSPPRDRGNEQFF"	"CAGCAGGTAGTGCGAGGAGATTCGGCAGCTTATTTCTGTGCCAGCTCACCACCGAGGGACAGGGGAAATGAGCAGTTCTTCGGGCCA"	"CASSPPRDRGNEQFF"	"TCRBV18-1*1"	"TCRBD1-1*1"	"TCRBJ2-1*1"	53	55	65	66	2	1	NA	NA	"CAGCAGGTAGTGCGAGGAGATTCGGCAGCTTATTTCTGTGCCAGCTCACCACCGAGGGACAGGGGAAATGAGCAGTTCTTCGGGCCA"	FALSE	TRUE	NA	NA	NA	NA
"TCTGCCAGGCCCTCACATACCTCTCAGTACCTCTGTGCCAGCAGTGACACAGACAGGGGGCTGCAAGAGACCCAGTACTTCGGGCCA"	"CASSDTDRGLQETQYF"	"TCTGCCAGGCCCTCACATACCTCTCAGTACCTCTGTGCCAGCAGTGACACAGACAGGGGGCTGCAAGAGACCCAGTACTTCGGGCCA"	"CASSDTDRGLQETQYF"	"TCRBV25-1*1"	"TCRBD1-1*1"	"TCRBJ2-5*1"	47	51	61	63	4	2	NA	NA	"TCTGCCAGGCCCTCACATACCTCTCAGTACCTCTGTGCCAGCAGTGACACAGACAGGGGGCTGCAAGAGACCCAGTACTTCGGGCCA"	FALSE	TRUE	NA	NA	NA	NA
"CACACCCTGCAGCCAGAAGACTCGGCCCTGTATCTCTGTGCCAGCAGCCCAGGGACTAGCGGAGCTTACGAGCAGTACTTCGGGCCG"	"CASSPGTSGAYEQYF"	"CACACCCTGCAGCCAGAAGACTCGGCCCTGTATCTCTGTGCCAGCAGCCCAGGGACTAGCGGAGCTTACGAGCAGTACTTCGGGCCG"	"CASSPGTSGAYEQYF"	"TCRBV4-2*1"	"TCRBD2-1"	"TCRBJ2-7*1"	49	51	62	66	2	4	NA	NA	"CACACCCTGCAGCCAGAAGACTCGGCCCTGTATCTCTGTGCCAGCAGCCCAGGGACTAGCGGAGCTTACGAGCAGTACTTCGGGCCG"	FALSE	TRUE	NA	NA	NA	NA
"AGTGCCCATCCTGAAGACAGCAGCTTCTACATCTGCAGTGCCCCGGTTGGCGGGAGGGCCCCCTACAATGAGCAGTTCTTCGGGCCA"	"CSAPVGGRAPYNEQFF"	"AGTGCCCATCCTGAAGACAGCAGCTTCTACATCTGCAGTGCCCCGGTTGGCGGGAGGGCCCCCTACAATGAGCAGTTCTTCGGGCCA"	"CSAPVGGRAPYNEQFF"	NA	"TCRBD2-1*2"	"TCRBJ2-1*1"	41	49	58	61	8	3	NA	NA	"AGTGCCCATCCTGAAGACAGCAGCTTCTACATCTGCAGTGCCCCGGTTGGCGGGAGGGCCCCCTACAATGAGCAGTTCTTCGGGCCA"	FALSE	TRUE	NA	NA	NA	NA
"CACGGAGTCAGGGGACACAGCACTGTATTTCTGTGCCAGCAGCTCCCGGGCCTAGTTTATAGCAATCAGCCCCAGCATTTTGGTGAT"	""	"CACGGAGTCAGGGGACACAGCACTGTATTTCTGTGCCAGCAGCTCCCGGGCCTAGTTTATAGCAATCAGCCCCAGCATTTTGGTGAT"	""	"TCRBV21-1*1"	NA	"TCRBJ1-5*1"	43	47	51	59	4	8	NA	NA	"CACGGAGTCAGGGGACACAGCACTGTATTTCTGTGCCAGCAGCTCCCGGGCCTAGTTTATAGCAATCAGCCCCAGCATTTTGGTGAT"	FALSE	FALSE	NA	NA	NA	NA
"ATTCAGCGCACAGAGCAGGAGGACTCGGCCGTGTATCTCTGTGCCAGCAGCCTTCAACTCCTAGCCGGGGAGCTGTTTTTTGGAGAA"	"CASSLQLLAGELFF"	"ATTCAGCGCACAGAGCAGGAGGACTCGGCCGTGTATCTCTGTGCCAGCAGCCTTCAACTCCTAGCCGGGGAGCTGTTTTTTGGAGAA"	"CASSLQLLAGELFF"	"TCRBV7-2"	"TCRBD2-1"	"TCRBJ2-2*1"	51	60	-1	64	9	65	NA	NA	"ATTCAGCGCACAGAGCAGGAGGACTCGGCCGTGTATCTCTGTGCCAGCAGCCTTCAACTCCTAGCCGGGGAGCTGTTTTTTGGAGAA"	FALSE	TRUE	NA	NA	NA	NA
"GTGACCAGTGCCCATCCTGAAGACAGCAGCTTCTACATCTGCAGTGCTAGATACCTGGGCTTAACCTACGAGCAGTACTTCGGGCCG"	"CSARYLGLTYEQYF"	"GTGACCAGTGCCCATCCTGAAGACAGCAGCTTCTACATCTGCAGTGCTAGATACCTGGGCTTAACCTACGAGCAGTACTTCGGGCCG"	"CSARYLGLTYEQYF"	NA	"TCRBD1-1*1"	"TCRBJ2-7*1"	51	56	60	64	5	4	NA	NA	"GTGACCAGTGCCCATCCTGAAGACAGCAGCTTCTACATCTGCAGTGCTAGATACCTGGGCTTAACCTACGAGCAGTACTTCGGGCCG"	FALSE	TRUE	NA	NA	NA	NA
"AAGATCCAGCCTGCAAAGCTTGAGGACTCGGCCGTGTATCTCTGTGCCAGCAGTCTTAAGATAGGGGAAAAACTGTTTTTTGGCAGT"	"CASSLKIGEKLFF"	"AAGATCCAGCCTGCAAAGCTTGAGGACTCGGCCGTGTATCTCTGTGCCAGCAGTCTTAAGATAGGGGAAAAACTGTTTTTTGGCAGT"	"CASSLKIGEKLFF"	"TCRBV11-2*1"	NA	"TCRBJ1-4*1"	53	62	-1	66	9	67	NA	NA	"AAGATCCAGCCTGCAAAGCTTGAGGACTCGGCCGTGTATCTCTGTGCCAGCAGTCTTAAGATAGGGGAAAAACTGTTTTTTGGCAGT"	FALSE	TRUE	NA	NA	NA	NA
"CCCCTGATCCTGGAGTCGCCCAGCCCCAACCAGACCTCTCTGTACTTCTGTGCCAGCAGTAAACAGGGGGCAGCTTTCTTTGGACAA"	"CASSKQGAAFF"	"CCCCTGATCCTGGAGTCGCCCAGCCCCAACCAGACCTCTCTGTACTTCTGTGCCAGCAGTAAACAGGGGGCAGCTTTCTTTGGACAA"	"CASSKQGAAFF"	"TCRBV27-1*1"	"TCRBD1-1*1"	"TCRBJ1-1*1"	60	62	-1	71	2	72	NA	NA	"CCCCTGATCCTGGAGTCGCCCAGCCCCAACCAGACCTCTCTGTACTTCTGTGCCAGCAGTAAACAGGGGGCAGCTTTCTTTGGACAA"	FALSE	TRUE	NA	NA	NA	NA
"AGTCTGCTGCCTCCTCCCAGACATCTGTATATTTCTGCGCCAGCAGTGAGTCTAGCGGGAGCCGGGTACGAGCAGTACTTCGGGCCG"	""	"AGTCTGCTGCCTCCTCCCAGACATCTGTATATTTCTGCGCCAGCAGTGAGTCTAGCGGGAGCCGGGTACGAGCAGTACTTCGGGCCG"	""	"TCRBV1-1"	"TCRBD2-1*2"	"TCRBJ2-7*1"	-1	52	61	66	53	5	NA	NA	"AGTCTGCTGCCTCCTCCCAGACATCTGTATATTTCTGCGCCAGCAGTGAGTCTAGCGGGAGCCGGGTACGAGCAGTACTTCGGGCCG"	FALSE	FALSE	NA	NA	NA	NA
"CAGAACCGGGAGACACGGCACTGTATCTCTGCGCCAGCAGCCGGGGGCCCACAGGTCGGTTACCAAGAGACCCAGTACTTCGGGCCA"	""	"CAGAACCGGGAGACACGGCACTGTATCTCTGCGCCAGCAGCCGGGGGCCCACAGGTCGGTTACCAAGAGACCCAGTACTTCGGGCCA"	""	"TCRBV23-1*1"	NA	"TCRBJ2-5*1"	40	42	48	61	2	13	NA	NA	"CAGAACCGGGAGACACGGCACTGTATCTCTGCGCCAGCAGCCGGGGGCCCACAGGTCGGTTACCAAGAGACCCAGTACTTCGGGCCA"	FALSE	FALSE	NA	NA	NA	NA
"TGCTGCCTCCTCCCAGACATCTGTATATTTCTGCGCCAGCAGTGAGTCGAAGGCTAGCGGCGCACAGATACGCAGTATTTTGGCCCA"	""	"TGCTGCCTCCTCCCAGACATCTGTATATTTCTGCGCCAGCAGTGAGTCGAAGGCTAGCGGCGCACAGATACGCAGTATTTTGGCCCA"	""	"TCRBV1-1"	"TCRBD2-1"	"TCRBJ2-3*1"	48	53	60	61	5	1	NA	NA	"TGCTGCCTCCTCCCAGACATCTGTATATTTCTGCGCCAGCAGTGAGTCGAAGGCTAGCGGCGCACAGATACGCAGTATTTTGGCCCA"	FALSE	FALSE	NA	NA	NA	NA
"TCCTGAAGACAGCAGCTTCTACATCTGCAGTGCTAGAGTCCAAAACCGGACTAGCGGGATAACTACAATGAGCAGTTCTTCGGGCCA"	""	"TCCTGAAGACAGCAGCTTCTACATCTGCAGTGCTAGAGTCCAAAACCGGACTAGCGGGATAACTACAATGAGCAGTTCTTCGGGCCA"	""	NA	"TCRBD2-1*2"	"TCRBJ2-1*1"	38	47	59	62	9	3	NA	NA	"TCCTGAAGACAGCAGCTTCTACATCTGCAGTGCTAGAGTCCAAAACCGGACTAGCGGGATAACTACAATGAGCAGTTCTTCGGGCCA"	FALSE	FALSE	NA	NA	NA	NA
"ATCCAGCCTGCAGAGCTTGGGGACTCGGCCGTGTATCTCTGTGCCAGCACTCCGGGAATGGGTCCGGAGACCCAGTACTTCGGGCCA"	"CASTPGMGPETQYF"	"ATCCAGCCTGCAGAGCTTGGGGACTCGGCCGTGTATCTCTGTGCCAGCACTCCGGGAATGGGTCCGGAGACCCAGTACTTCGGGCCA"	"CASTPGMGPETQYF"	"TCRBV11-3*1"	"TCRBD2-1*2"	"TCRBJ2-5*1"	49	52	57	66	3	9	NA	NA	"ATCCAGCCTGCAGAGCTTGGGGACTCGGCCGTGTATCTCTGTGCCAGCACTCCGGGAATGGGTCCGGAGACCCAGTACTTCGGGCCA"	FALSE	TRUE	NA	NA	NA	NA
"AAGATCCAGCCTGCAGAGCTTGGGGACTCGGCCGTGTATCTCTGTGCCAGCAGCTTAAGACTTGCCCATGAGCAGTTCTTCGGGCCA"	"CASSLRLAHEQFF"	"AAGATCCAGCCTGCAGAGCTTGGGGACTCGGCCGTGTATCTCTGTGCCAGCAGCTTAAGACTTGCCCATGAGCAGTTCTTCGGGCCA"	"CASSLRLAHEQFF"	"TCRBV11-3*1"	"TCRBD2-1"	"TCRBJ2-1*1"	57	58	62	67	1	5	NA	NA	"AAGATCCAGCCTGCAGAGCTTGGGGACTCGGCCGTGTATCTCTGTGCCAGCAGCTTAAGACTTGCCCATGAGCAGTTCTTCGGGCCA"	FALSE	TRUE	NA	NA	NA	NA
"GAGCTGGGGGACTCAGCTTTGTATTTCTGTGCCAGCAGCGTAGTCTAGTGAACCGACAAAGGGTGTGATACGCAGTATTTTGGCCCA"	"CASSVV**TDKGCDTQYF"	"GAGCTGGGGGACTCAGCTTTGTATTTCTGTGCCAGCAGCGTAGTCTAGTGAACCGACAAAGGGTGTGATACGCAGTATTTTGGCCCA"	"CASSVV**TDKGCDTQYF"	"TCRBV9-1*1"	NA	"TCRBJ2-3*1"	43	54	58	66	11	8	NA	NA	"GAGCTGGGGGACTCAGCTTTGTATTTCTGTGCCAGCAGCGTAGTCTAGTGAACCGACAAAGGGTGTGATACGCAGTATTTTGGCCCA"	FALSE	TRUE	NA	NA	NA	NA
"ACTGTGAGCAACATGAGCCCTGAAGACAGCAGCATATATCTCTGCAGCGTTTCAGACAGTCGCGTGCAGCCCCAGCATTTTGGTGAT"	"CSVSDSRVQPQHF"	"ACTGTGAGCAACATGAGCCCTGAAGACAGCAGCATATATCTCTGCAGCGTTTCAGACAGTCGCGTGCAGCCCCAGCATTTTGGTGAT"	"CSVSDSRVQPQHF"	"TCRBV29-1"	"TCRBD1-1*1"	"TCRBJ1-5*1"	51	54	59	66	3	7	NA	NA	"ACTGTGAGCAACATGAGCCCTGAAGACAGCAGCATATATCTCTGCAGCGTTTCAGACAGTCGCGTGCAGCCCCAGCATTTTGGTGAT"	FALSE	TRUE	NA	NA	NA	NA
"ACCCTGCAGCCAGAAGACTCGGCCCTGTATCTCTGTGCCAGCAGCCAAGATCTCGGGGACAACTCCTACGAGCAGTACTTCGGGCCG"	"CASSQDLGDNSYEQYF"	"ACCCTGCAGCCAGAAGACTCGGCCCTGTATCTCTGTGCCAGCAGCCAAGATCTCGGGGACAACTCCTACGAGCAGTACTTCGGGCCG"	"CASSQDLGDNSYEQYF"	"TCRBV4-2*1"	"TCRBD1-1*1"	"TCRBJ2-7*1"	50	55	61	62	5	1	NA	NA	"ACCCTGCAGCCAGAAGACTCGGCCCTGTATCTCTGTGCCAGCAGCCAAGATCTCGGGGACAACTCCTACGAGCAGTACTTCGGGCCG"	FALSE	TRUE	NA	NA	NA	NA
"NTGTCGGCTGCTCCCTCCCAGACATCTGTGTACTTCTGTGCCAGCAATGGTGGGACTAACGCTTTACGGGAGCAGTACTTCGGGCCG"	"CASNGGTNALREQYF"	"NTGTCGGCTGCTCCCTCCCAGACATCTGTGTACTTCTGTGCCAGCAATGGTGGGACTAACGCTTTACGGGAGCAGTACTTCGGGCCG"	"CASNGGTNALREQYF"	"TCRBV6-5*1"	"TCRBD2-1"	"TCRBJ2-7*1"	46	51	58	69	5	11	NA	NA	"NTGTCGGCTGCTCCCTCCCAGACATCTGTGTACTTCTGTGCCAGCAATGGTGGGACTAACGCTTTACGGGAGCAGTACTTCGGGCCG"	FALSE	TRUE	NA	NA	NA	NA
"CGCTCACCAGGCCTGGGGGACGCAGCCATGTACCTGTGTGCCACACAACCGGGACTAGCGATCTCCGGGGAGCTGTTTTTTGGAGAA"	"CATQPGLAISGELFF"	"CGCTCACCAGGCCTGGGGGACGCAGCCATGTACCTGTGTGCCACACAACCGGGACTAGCGATCTCCGGGGAGCTGTTTTTTGGAGAA"	"CATQPGLAISGELFF"	"TCRBV15-1*2"	"TCRBD2-1"	"TCRBJ2-2*1"	44	50	60	64	6	4	NA	NA	"CGCTCACCAGGCCTGGGGGACGCAGCCATGTACCTGTGTGCCACACAACCGGGACTAGCGATCTCCGGGGAGCTGTTTTTTGGAGAA"	FALSE	TRUE	NA	NA	NA	NA
"CTGAACATGAGCTCCTTGGAGCTGGGGGACTCAGCCCTGTACTTCTGTGCCAGCGCGGACAGTTCATATGAGCAGTTCTTCGGGCCA"	"CASADSSYEQFF"	"CTGAACATGAGCTCCTTGGAGCTGGGGGACTCAGCCCTGTACTTCTGTGCCAGCGCGGACAGTTCATATGAGCAGTTCTTCGGGCCA"	"CASADSSYEQFF"	"TCRBV13-1*1"	"TCRBD1-1*1"	"TCRBJ2-1*1"	54	56	62	67	2	5	NA	NA	"CTGAACATGAGCTCCTTGGAGCTGGGGGACTCAGCCCTGTACTTCTGTGCCAGCGCGGACAGTTCATATGAGCAGTTCTTCGGGCCA"	FALSE	TRUE	NA	NA	NA	NA
"GAGCTCTCTGGAGCTGGGGGACTCAGCTTTGTATTTCTGTGCCAGCAGCGCAGGGGGGGGCTGCGCTACGAGCAGTACTTCGGGCCG"	""	"GAGCTCTCTGGAGCTGGGGGACTCAGCTTTGTATTTCTGTGCCAGCAGCGCAGGGGGGGGCTGCGCTACGAGCAGTACTTCGGGCCG"	""	"TCRBV9-1*1"	NA	"TCRBJ2-7*1"	-1	50	57	65	51	8	NA	NA	"GAGCTCTCTGGAGCTGGGGGACTCAGCTTTGTATTTCTGTGCCAGCAGCGCAGGGGGGGGCTGCGCTACGAGCAGTACTTCGGGCCG"	FALSE	FALSE	NA	NA	NA	NA
"AATGTGAGCACCTTGGAGCTGGGGGACTCGGCCCTTTATCTTTGCGCCAGCAGCTTGGCCGGGACTTATGGCTACACCTTCGGTTCG"	"CASSLAGTYGYTF"	"AATGTGAGCACCTTGGAGCTGGGGGACTCGGCCCTTTATCTTTGCGCCAGCAGCTTGGCCGGGACTTATGGCTACACCTTCGGTTCG"	"CASSLAGTYGYTF"	"TCRBV5-1*1"	"TCRBD2-1"	"TCRBJ1-2*1"	58	60	-1	66	2	67	NA	NA	"AATGTGAGCACCTTGGAGCTGGGGGACTCGGCCCTTTATCTTTGCGCCAGCAGCTTGGCCGGGACTTATGGCTACACCTTCGGTTCG"	FALSE	TRUE	NA	NA	NA	NA
"TTCCCTGGAGCTTGGTGACTCTGCTGTGTATTTCTGTGCCAGCAGCCAAGCAGCGCGGGAGGGACCGGGGAGCTGTTTTTTGGAGAA"	""	"TTCCCTGGAGCTTGGTGACTCTGCTGTGTATTTCTGTGCCAGCAGCCAAGCAGCGCGGGAGGGACCGGGGAGCTGTTTTTTGGAGAA"	""	"TCRBV3-1/3-2*1"	"TCRBD2-1*2"	"TCRBJ2-2*1"	50	54	-1	63	4	64	NA	NA	"TTCCCTGGAGCTTGGTGACTCTGCTGTGTATTTCTGTGCCAGCAGCCAAGCAGCGCGGGAGGGACCGGGGAGCTGTTTTTTGGAGAA"	FALSE	FALSE	NA	NA	NA	NA
"CAGCCCTCAGAACCCAGGGACTCAGCTGTGTACTTCTGTGCCAGCACCGACCCAGGGTCTGGGACTTACGAGCAGTACTTCGGGCCG"	"CASTDPGSGTYEQYF"	"CAGCCCTCAGAACCCAGGGACTCAGCTGTGTACTTCTGTGCCAGCACCGACCCAGGGTCTGGGACTTACGAGCAGTACTTCGGGCCG"	"CASTDPGSGTYEQYF"	NA	"TCRBD2-1"	"TCRBJ2-7*1"	46	60	-1	66	14	67	NA	NA	"CAGCCCTCAGAACCCAGGGACTCAGCTGTGTACTTCTGTGCCAGCACCGACCCAGGGTCTGGGACTTACGAGCAGTACTTCGGGCCG"	FALSE	TRUE	NA	NA	NA	NA
"GCCAGGCCCTCACATACCTCTCAGTACCTCTGTGCCAGCAGTGAATTTGGGACAGGGGGCAGGAACACTGAAGCTTTCTTTGGACAA"	"CASSEFGTGGRNTEAFF"	"GCCAGGCCCTCACATACCTCTCAGTACCTCTGTGCCAGCAGTGAATTTGGGACAGGGGGCAGGAACACTGAAGCTTTCTTTGGACAA"	"CASSEFGTGGRNTEAFF"	"TCRBV25-1*1"	"TCRBD1-1*1"	"TCRBJ1-1*1"	46	48	60	62	2	2	NA	NA	"GCCAGGCCCTCACATACCTCTCAGTACCTCTGTGCCAGCAGTGAATTTGGGACAGGGGGCAGGAACACTGAAGCTTTCTTTGGACAA"	FALSE	TRUE	NA	NA	NA	NA
"TGGCTGCTCCCTCCCAGACATCTGTGTACTTCTGTGCCAGCACCTAAGATGGGACAGACACTAGACTACGAGCAGTACTTCGGGCCG"	""	"TGGCTGCTCCCTCCCAGACATCTGTGTACTTCTGTGCCAGCACCTAAGATGGGACAGACACTAGACTACGAGCAGTACTTCGGGCCG"	""	"TCRBV6-6"	"TCRBD1-1*1"	"TCRBJ2-7*1"	42	50	57	65	8	8	NA	NA	"TGGCTGCTCCCTCCCAGACATCTGTGTACTTCTGTGCCAGCACCTAAGATGGGACAGACACTAGACTACGAGCAGTACTTCGGGCCG"	FALSE	FALSE	NA	NA	NA	NA
"CTGAGTTCTAAGAAGCTCCTTCTCAGTGACTCTGGCTTCTATCTCTGTGCCTGGAGTACGACAGATCAGCCCCAGCATTTTGGTGAT"	"CAWSTTDQPQHF"	"CTGAGTTCTAAGAAGCTCCTTCTCAGTGACTCTGGCTTCTATCTCTGTGCCTGGAGTACGACAGATCAGCCCCAGCATTTTGGTGAT"	"CAWSTTDQPQHF"	"TCRBV3-1*1"	"TCRBD1-1*1"	"TCRBJ1-5*1"	57	59	-1	64	2	65	NA	NA	"CTGAGTTCTAAGAAGCTCCTTCTCAGTGACTCTGGCTTCTATCTCTGTGCCTGGAGTACGACAGATCAGCCCCAGCATTTTGGTGAT"	FALSE	TRUE	NA	NA	NA	NA
"TCCTGGAGTCGCCCAGCCCCAACCAGACCTCTCTGTACTTCTGTGCCAGCAGCCCCCCGCTCCCGTGGGACCCAGTACTTCGGGCCA"	""	"TCCTGGAGTCGCCCAGCCCCAACCAGACCTCTCTGTACTTCTGTGCCAGCAGCCCCCCGCTCCCGTGGGACCCAGTACTTCGGGCCA"	""	"TCRBV27-1*1"	NA	"TCRBJ2-5*1"	52	66	-1	68	14	69	NA	NA	"TCCTGGAGTCGCCCAGCCCCAACCAGACCTCTCTGTACTTCTGTGCCAGCAGCCCCCCGCTCCCGTGGGACCCAGTACTTCGGGCCA"	FALSE	FALSE	NA	NA	NA	NA
"ACAGTGACCAGTGCCCATCCTGAAGACAGCAGCTTCTACATCTGCAGTGCTAGACAGGGTGGCCTCAATGAGCAGTTCTTCGGGCCA"	"CSARQGGLNEQFF"	"ACAGTGACCAGTGCCCATCCTGAAGACAGCAGCTTCTACATCTGCAGTGCTAGACAGGGTGGCCTCAATGAGCAGTTCTTCGGGCCA"	"CSARQGGLNEQFF"	NA	"TCRBD1-1*1"	"TCRBJ2-1*1"	-1	54	59	65	55	6	NA	NA	"ACAGTGACCAGTGCCCATCCTGAAGACAGCAGCTTCTACATCTGCAGTGCTAGACAGGGTGGCCTCAATGAGCAGTTCTTCGGGCCA"	FALSE	TRUE	NA	NA	NA	NA
"CTTGGGGACTCGGCCGTGTATCTCTGTGCCAGCAGCAGCCCGACAGGGACCACATCCTCTGGGGCCAACGTCCTGACTTTCGGGGCC"	"CASSSPTGTTSSGANVLTF"	"CTTGGGGACTCGGCCGTGTATCTCTGTGCCAGCAGCAGCCCGACAGGGACCACATCCTCTGGGGCCAACGTCCTGACTTTCGGGGCC"	"CASSSPTGTTSSGANVLTF"	"TCRBV11-3*1"	"TCRBD1-1*1"	"TCRBJ2-6*1"	36	41	48	56	5	8	NA	NA	"CTTGGGGACTCGGCCGTGTATCTCTGTGCCAGCAGCAGCCCGACAGGGACCACATCCTCTGGGGCCAACGTCCTGACTTTCGGGGCC"	FALSE	TRUE	NA	NA	NA	NA
"AGTGCCCATCCTGAAGACAGCAGCTTCTACATCTGCAGTGCTAGAGATCCACTAGCGGGGGTCTACAATGAGCAGTTCTTCGGGCCA"	"CSARDPLAGVYNEQFF"	"AGTGCCCATCCTGAAGACAGCAGCTTCTACATCTGCAGTGCTAGAGATCCACTAGCGGGGGTCTACAATGAGCAGTTCTTCGGGCCA"	"CSARDPLAGVYNEQFF"	NA	"TCRBD2-1*1"	"TCRBJ2-1*1"	47	50	61	62	3	1	NA	NA	"AGTGCCCATCCTGAAGACAGCAGCTTCTACATCTGCAGTGCTAGAGATCCACTAGCGGGGGTCTACAATGAGCAGTTCTTCGGGCCA"	FALSE	TRUE	NA	NA	NA	NA
"AGCACCTTGGAGCTGGGGGACTCGGCCCTTTATCTTTGCGCCAGCACCACCAGGCGGGAGTTGTACAATGAGCAGTTCTTCGGGCCA"	"CASTTRRELYNEQFF"	"AGCACCTTGGAGCTGGGGGACTCGGCCCTTTATCTTTGCGCCAGCACCACCAGGCGGGAGTTGTACAATGAGCAGTTCTTCGGGCCA"	"CASTTRRELYNEQFF"	"TCRBV5-1*1"	"TCRBD2-1*2"	"TCRBJ2-1*1"	46	53	60	63	7	3	NA	NA	"AGCACCTTGGAGCTGGGGGACTCGGCCCTTTATCTTTGCGCCAGCACCACCAGGCGGGAGTTGTACAATGAGCAGTTCTTCGGGCCA"	FALSE	TRUE	NA	NA	NA	NA
"ACATCGGCCCAAAAGAACCCGACAGCTTTCTATCTCTGTGCCAGTAGTATAGGGCGAGACAGACTAGAGACCCAGTACTTCGGGCCA"	"CASSIGRDRLETQYF"	"ACATCGGCCCAAAAGAACCCGACAGCTTTCTATCTCTGTGCCAGTAGTATAGGGCGAGACAGACTAGAGACCCAGTACTTCGGGCCA"	"CASSIGRDRLETQYF"	"TCRBV19-1*1"	"TCRBD1-1*1"	"TCRBJ2-5*1"	52	57	62	65	5	3	NA	NA	"ACATCGGCCCAAAAGAACCCGACAGCTTTCTATCTCTGTGCCAGTAGTATAGGGCGAGACAGACTAGAGACCCAGTACTTCGGGCCA"	FALSE	TRUE	NA	NA	NA	NA
"CTGGAGTCGCCCAGCCCCAACCAGACCTCTCTGTACTTCTGTGCCAGCAGCACGGGACACCTGAACACTGAAGCTTTCTTTGGACAA"	"CASSTGHLNTEAFF"	"CTGGAGTCGCCCAGCCCCAACCAGACCTCTCTGTACTTCTGTGCCAGCAGCACGGGACACCTGAACACTGAAGCTTTCTTTGGACAA"	"CASSTGHLNTEAFF"	"TCRBV27-1*1"	"TCRBD1-1*1"	"TCRBJ1-1*1"	50	53	59	61	3	2	NA	NA	"CTGGAGTCGCCCAGCCCCAACCAGACCTCTCTGTACTTCTGTGCCAGCAGCACGGGACACCTGAACACTGAAGCTTTCTTTGGACAA"	FALSE	TRUE	NA	NA	NA	NA
"AAGAAGCTCCTTCTCAGTGACTCTGGCTTCTATCTCTGTGCCCAACAAGGGGGGGAGGACTCGGGGTATGGCTACACCTTCGGTTCG"	"CAQQGGEDSGYGYTF"	"AAGAAGCTCCTTCTCAGTGACTCTGGCTTCTATCTCTGTGCCCAACAAGGGGGGGAGGACTCGGGGTATGGCTACACCTTCGGTTCG"	"CAQQGGEDSGYGYTF"	"TCRBV3-1"	"TCRBD2-1*1"	"TCRBJ1-2*1"	42	48	55	66	6	11	NA	NA	"AAGAAGCTCCTTCTCAGTGACTCTGGCTTCTATCTCTGTGCCCAACAAGGGGGGGAGGACTCGGGGTATGGCTACACCTTCGGTTCG"	FALSE	TRUE	NA	NA	NA	NA
"GCCTTGGAGCTGGAGGACTCGGCCCTGTATCTCTGTGCCAGCGGCGGAGCGGGAGGATACTCCTACAATGAGCAGTTCTTCGGGCCA"	"CASGGAGGYSYNEQFF"	"GCCTTGGAGCTGGAGGACTCGGCCCTGTATCTCTGTGCCAGCGGCGGAGCGGGAGGATACTCCTACAATGAGCAGTTCTTCGGGCCA"	"CASGGAGGYSYNEQFF"	"TCRBV5-8*1"	"TCRBD2-1*2"	"TCRBJ2-1*1"	42	47	56	59	5	3	NA	NA	"GCCTTGGAGCTGGAGGACTCGGCCCTGTATCTCTGTGCCAGCGGCGGAGCGGGAGGATACTCCTACAATGAGCAGTTCTTCGGGCCA"	FALSE	TRUE	NA	NA	NA	NA
"NNNNTGTCGGCTGCTCCCTCCCAAACATCTGTGTACTTCTGTGCCAGCAGCTCGACAAGGGTCAATGAAAAACTGTTTTTTGGCAGT"	"CASSSTRVNEKLFF"	"NNNNTGTCGGCTGCTCCCTCCCAAACATCTGTGTACTTCTGTGCCAGCAGCTCGACAAGGGTCAATGAAAAACTGTTTTTTGGCAGT"	"CASSSTRVNEKLFF"	"TCRBV6-2*2"	NA	"TCRBJ1-4*1"	51	53	57	63	2	6	NA	NA	"NNNNTGTCGGCTGCTCCCTCCCAAACATCTGTGTACTTCTGTGCCAGCAGCTCGACAAGGGTCAATGAAAAACTGTTTTTTGGCAGT"	FALSE	TRUE	NA	NA	NA	NA
"TCGGCTGCTCCCTCCCAGACATCTGTGTACTTCTGTGCCAGCAATTCATTCCACGGGACAGGGTATTGGCCCCTCCACTTTGGGAAT"	"CASNSFHGTGYWPLHF"	"TCGGCTGCTCCCTCCCAGACATCTGTGTACTTCTGTGCCAGCAATTCATTCCACGGGACAGGGTATTGGCCCCTCCACTTTGGGAAT"	"CASNSFHGTGYWPLHF"	NA	"TCRBD1-1*1"	"TCRBJ1-6*1"	43	54	63	69	11	6	NA	NA	"TCGGCTGCTCCCTCCCAGACATCTGTGTACTTCTGTGCCAGCAATTCATTCCACGGGACAGGGTATTGGCCCCTCCACTTTGGGAAT"	FALSE	TRUE	NA	NA	NA	NA
"GAGTCCGCCAGCACCAACCAGACATCTATGTACCTCTGTGCCAGCAGTTCGGCCGGGACAGGGTTGAAGACCCAGTACTTCGGGCCA"	"CASSSAGTGLKTQYF"	"GAGTCCGCCAGCACCAACCAGACATCTATGTACCTCTGTGCCAGCAGTTCGGCCGGGACAGGGTTGAAGACCCAGTACTTCGGGCCA"	"CASSSAGTGLKTQYF"	"TCRBV28-1*1"	"TCRBD1-1*1"	"TCRBJ2-5*1"	49	54	63	67	5	4	NA	NA	"GAGTCCGCCAGCACCAACCAGACATCTATGTACCTCTGTGCCAGCAGTTCGGCCGGGACAGGGTTGAAGACCCAGTACTTCGGGCCA"	FALSE	TRUE	NA	NA	NA	NA
"AGCACCTTGGAGCTGGGGGACTCGGCCCTTTATCTTTGCGCCAGCAGCTGGGAGGAGTCTGGGGCCAACGTCCTGACTTTCGGGGCC"	"CASSWEESGANVLTF"	"AGCACCTTGGAGCTGGGGGACTCGGCCCTTTATCTTTGCGCCAGCAGCTGGGAGGAGTCTGGGGCCAACGTCCTGACTTTCGGGGCC"	"CASSWEESGANVLTF"	"TCRBV5-1*1"	"TCRBD2-1*2"	"TCRBJ2-6*1"	-1	49	55	57	50	2	NA	NA	"AGCACCTTGGAGCTGGGGGACTCGGCCCTTTATCTTTGCGCCAGCAGCTGGGAGGAGTCTGGGGCCAACGTCCTGACTTTCGGGGCC"	FALSE	TRUE	NA	NA	NA	NA
"AGCACCTTGGAGCTGGGGGACTCGGCCCTTTATCTTTGCGCCAGCAGCCTCGCCGGGTTGAACACCGGGGAGCTGTTTTTTGGAGAA"	"CASSLAGLNTGELFF"	"AGCACCTTGGAGCTGGGGGACTCGGCCCTTTATCTTTGCGCCAGCAGCCTCGCCGGGTTGAACACCGGGGAGCTGTTTTTTGGAGAA"	"CASSLAGLNTGELFF"	"TCRBV5-1*1"	"TCRBD2-1"	"TCRBJ2-2*1"	48	53	57	59	5	2	NA	NA	"AGCACCTTGGAGCTGGGGGACTCGGCCCTTTATCTTTGCGCCAGCAGCCTCGCCGGGTTGAACACCGGGGAGCTGTTTTTTGGAGAA"	FALSE	TRUE	NA	NA	NA	NA
"CTGAATGTGAACGCCTTGTTGCTGGGGGACTCGGCCCTGTATCTCTGTGCCAGCAGCGCAGTTAACTATGGCTACACCTTCGGTTCG"	"CASSAVNYGYTF"	"CTGAATGTGAACGCCTTGTTGCTGGGGGACTCGGCCCTGTATCTCTGTGCCAGCAGCGCAGTTAACTATGGCTACACCTTCGGTTCG"	"CASSAVNYGYTF"	"TCRBV5-5*1"	"TCRBD1-1*1"	"TCRBJ1-2*1"	57	58	61	62	1	1	NA	NA	"CTGAATGTGAACGCCTTGTTGCTGGGGGACTCGGCCCTGTATCTCTGTGCCAGCAGCGCAGTTAACTATGGCTACACCTTCGGTTCG"	FALSE	TRUE	NA	NA	NA	NA
"TCCCTAGAGTCTGCCATCCCCAACCAGACAGCTCTTTACTTCTGTGCCACCAGTGACAACAGCAACTATGGCTACACCTTCGGTTCG"	"CATSDNSNYGYTF"	"TCCCTAGAGTCTGCCATCCCCAACCAGACAGCTCTTTACTTCTGTGCCACCAGTGACAACAGCAACTATGGCTACACCTTCGGTTCG"	"CATSDNSNYGYTF"	"TCRBV24-1*1"	"TCRBD1-1*1"	"TCRBJ1-2*1"	56	58	62	63	2	1	NA	NA	"TCCCTAGAGTCTGCCATCCCCAACCAGACAGCTCTTTACTTCTGTGCCACCAGTGACAACAGCAACTATGGCTACACCTTCGGTTCG"	FALSE	TRUE	NA	NA	NA	NA
"GTGAGCACCTTGGAGCTGGGGGACTCGGCCCTTTATCTTTGCGCCAGCAGCTTGGTGGGGACAGACTACGAGCAGTACTTCGGGCCG"	"CASSLVGTDYEQYF"	"GTGAGCACCTTGGAGCTGGGGGACTCGGCCCTTTATCTTTGCGCCAGCAGCTTGGTGGGGACAGACTACGAGCAGTACTTCGGGCCG"	"CASSLVGTDYEQYF"	"TCRBV5-1*1"	"TCRBD1-1*1"	"TCRBJ2-7*1"	55	57	64	65	2	1	NA	NA	"GTGAGCACCTTGGAGCTGGGGGACTCGGCCCTTTATCTTTGCGCCAGCAGCTTGGTGGGGACAGACTACGAGCAGTACTTCGGGCCG"	FALSE	TRUE	NA	NA	NA	NA
"AGGCCCTCACATACCTCTCAGTACCTCTGTGCCAGCAGTGACTCCCGGGACAGGGGGCGGATAGGCTATGGCTACACCTTCGGTTCG"	"CASSDSRDRGRIGYGYTF"	"AGGCCCTCACATACCTCTCAGTACCTCTGTGCCAGCAGTGACTCCCGGGACAGGGGGCGGATAGGCTATGGCTACACCTTCGGTTCG"	"CASSDSRDRGRIGYGYTF"	"TCRBV25-1*1"	"TCRBD1-1*1"	"TCRBJ1-2*1"	41	46	58	65	5	7	NA	NA	"AGGCCCTCACATACCTCTCAGTACCTCTGTGCCAGCAGTGACTCCCGGGACAGGGGGCGGATAGGCTATGGCTACACCTTCGGTTCG"	FALSE	TRUE	NA	NA	NA	NA
"AGCAACATGAGCCCTGAAGACAGCAGCATATATCTCTGCAGCGCTAGACCGGGACTAGCGGGTTCCGGGGAGCTGTTTTTTGGAGAA"	"CSARPGLAGSGELFF"	"AGCAACATGAGCCCTGAAGACAGCAGCATATATCTCTGCAGCGCTAGACCGGGACTAGCGGGTTCCGGGGAGCTGTTTTTTGGAGAA"	"CSARPGLAGSGELFF"	"TCRBV29-1*3"	"TCRBD2-1"	"TCRBJ2-2*1"	44	50	62	64	6	2	NA	NA	"AGCAACATGAGCCCTGAAGACAGCAGCATATATCTCTGCAGCGCTAGACCGGGACTAGCGGGTTCCGGGGAGCTGTTTTTTGGAGAA"	FALSE	TRUE	NA	NA	NA	NA
"TCCTTGGAGCTGGGGGACTCAGCCCTGTACTTCTGTGCCAGCAGCTCCGGGTGGGGCAGGGCCAAAAACATTCAGTACTTCGGCGCC"	"CASSSGWGRAKNIQYF"	"TCCTTGGAGCTGGGGGACTCAGCCCTGTACTTCTGTGCCAGCAGCTCCGGGTGGGGCAGGGCCAAAAACATTCAGTACTTCGGCGCC"	"CASSSGWGRAKNIQYF"	"TCRBV13-1*1"	"TCRBD1-1*1"	"TCRBJ2-4*1"	46	52	57	60	6	3	NA	NA	"TCCTTGGAGCTGGGGGACTCAGCCCTGTACTTCTGTGCCAGCAGCTCCGGGTGGGGCAGGGCCAAAAACATTCAGTACTTCGGCGCC"	FALSE	TRUE	NA	NA	NA	NA
"ACTGTGACATCGGCCCAAAAGAACCCGACAGCTTTCTATCTCTGTGCCAGTAGTATCGGTTTGACCTACGAGCAGTACTTCGGGCCG"	"CASSIGLTYEQYF"	"ACTGTGACATCGGCCCAAAAGAACCCGACAGCTTTCTATCTCTGTGCCAGTAGTATCGGTTTGACCTACGAGCAGTACTTCGGGCCG"	"CASSIGLTYEQYF"	"TCRBV19-1*1"	"TCRBD2-1"	"TCRBJ2-7*1"	-1	56	59	64	57	5	NA	NA	"ACTGTGACATCGGCCCAAAAGAACCCGACAGCTTTCTATCTCTGTGCCAGTAGTATCGGTTTGACCTACGAGCAGTACTTCGGGCCG"	FALSE	TRUE	NA	NA	NA	NA
"CGCACACAGCAGGAGGACTCGGCCGTGTATCTCTGTGCCAGCAGCTTAGCTTTCGGGACGCGGTCCTACGAGCAGTACTTCGGGCCG"	"CASSLAFGTRSYEQYF"	"CGCACACAGCAGGAGGACTCGGCCGTGTATCTCTGTGCCAGCAGCTTAGCTTTCGGGACGCGGTCCTACGAGCAGTACTTCGGGCCG"	"CASSLAFGTRSYEQYF"	"TCRBV7-2"	NA	"TCRBJ2-7*1"	50	54	59	63	4	4	NA	NA	"CGCACACAGCAGGAGGACTCGGCCGTGTATCTCTGTGCCAGCAGCTTAGCTTTCGGGACGCGGTCCTACGAGCAGTACTTCGGGCCG"	FALSE	TRUE	NA	NA	NA	NA
"GAGTCTGCCATCCCCAACCAGACAGCTCTTTACTTCTGTGCCACCAGTGATCTGGCACTCCAGACAGATACGCAGTATTTTGGCCCA"	"CATSDLALQTDTQYF"	"GAGTCTGCCATCCCCAACCAGACAGCTCTTTACTTCTGTGCCACCAGTGATCTGGCACTCCAGACAGATACGCAGTATTTTGGCCCA"	"CATSDLALQTDTQYF"	"TCRBV24-1*1"	NA	"TCRBJ2-3*1"	51	60	-1	63	9	64	NA	NA	"GAGTCTGCCATCCCCAACCAGACAGCTCTTTACTTCTGTGCCACCAGTGATCTGGCACTCCAGACAGATACGCAGTATTTTGGCCCA"	FALSE	TRUE	NA	NA	NA	NA
"GAGCAGCGGGACTCGGCCATGTATCGCTGTGCCAGCAGCCCAGGGACTAGCGGGAGTTTCCCCTACAATGAGCAGTTCTTCGGGCCA"	"CASSPGTSGSFPYNEQFF"	"GAGCAGCGGGACTCGGCCATGTATCGCTGTGCCAGCAGCCCAGGGACTAGCGGGAGTTTCCCCTACAATGAGCAGTTCTTCGGGCCA"	"CASSPGTSGSFPYNEQFF"	"TCRBV7-6*1"	"TCRBD2-1*2"	"TCRBJ2-1*1"	39	42	56	61	3	5	NA	NA	"GAGCAGCGGGACTCGGCCATGTATCGCTGTGCCAGCAGCCCAGGGACTAGCGGGAGTTTCCCCTACAATGAGCAGTTCTTCGGGCCA"	FALSE	TRUE	NA	NA	NA	NA
"AGCTCTCTGGAGCTGGGGGACTCAGCTTTGTATTTCTGTGCCAGCAGTCCAGGACTAGCGGGTTACAATGAGCAGTTCTTCGGGCCA"	"CASSPGLAGYNEQFF"	"AGCTCTCTGGAGCTGGGGGACTCAGCTTTGTATTTCTGTGCCAGCAGTCCAGGACTAGCGGGTTACAATGAGCAGTTCTTCGGGCCA"	"CASSPGLAGYNEQFF"	"TCRBV9-1*1"	"TCRBD2-1"	"TCRBJ2-1*1"	47	51	62	63	4	1	NA	NA	"AGCTCTCTGGAGCTGGGGGACTCAGCTTTGTATTTCTGTGCCAGCAGTCCAGGACTAGCGGGTTACAATGAGCAGTTCTTCGGGCCA"	FALSE	TRUE	NA	NA	NA	NA
"CTGACTGTGAGCAACATGAGCCCTGAAGACAGCAGCATATATCTCTGCAGCGTTGCGTGGGGGAACGGGGAGCTGTTTTTTGGAGAA"	"CSVAWGNGELFF"	"CTGACTGTGAGCAACATGAGCCCTGAAGACAGCAGCATATATCTCTGCAGCGTTGCGTGGGGGAACGGGGAGCTGTTTTTTGGAGAA"	"CSVAWGNGELFF"	"TCRBV29-1"	NA	"TCRBJ2-2*1"	55	58	63	65	3	2	NA	NA	"CTGACTGTGAGCAACATGAGCCCTGAAGACAGCAGCATATATCTCTGCAGCGTTGCGTGGGGGAACGGGGAGCTGTTTTTTGGAGAA"	FALSE	TRUE	NA	NA	NA	NA
"CAGTGACCAGTGCCCATCCTGAAGACAGCAGCTTCTACATCTGCAGTGCTAGTTGGAGCCTAGGGTTCACCCCTCCACTTTGGGAAT"	""	"CAGTGACCAGTGCCCATCCTGAAGACAGCAGCTTCTACATCTGCAGTGCTAGTTGGAGCCTAGGGTTCACCCCTCCACTTTGGGAAT"	""	"TCRBV2-1*4"	NA	"TCRBJ1-6*1"	53	61	-1	65	8	66	NA	NA	"CAGTGACCAGTGCCCATCCTGAAGACAGCAGCTTCTACATCTGCAGTGCTAGTTGGAGCCTAGGGTTCACCCCTCCACTTTGGGAAT"	FALSE	FALSE	NA	NA	NA	NA
"TCGGCTGCTCCCTCCCAGACATCTGTGTACTTCTGTGCCAGCAGTGTGTCTAGCGGGAGTCGGACAGATACGCAGTATTTTGGCCCA"	"CASSVSSGSRTDTQYF"	"TCGGCTGCTCCCTCCCAGACATCTGTGTACTTCTGTGCCAGCAGTGTGTCTAGCGGGAGTCGGACAGATACGCAGTATTTTGGCCCA"	"CASSVSSGSRTDTQYF"	"TCRBV6-1*1"	"TCRBD2-1*2"	"TCRBJ2-3*1"	46	49	59	63	3	4	NA	NA	"TCGGCTGCTCCCTCCCAGACATCTGTGTACTTCTGTGCCAGCAGTGTGTCTAGCGGGAGTCGGACAGATACGCAGTATTTTGGCCCA"	FALSE	TRUE	NA	NA	NA	NA
"CGCACAGAGCAGGAGGACTCCGCCGTGTATCTCTGTGCCAGCAGCTTAGTTTTAGGCACAGGGATGGGAAAACTGTTTTTTGGCAGT"	"CASSLVLGTGMGKLFF"	"CGCACAGAGCAGGAGGACTCCGCCGTGTATCTCTGTGCCAGCAGCTTAGTTTTAGGCACAGGGATGGGAAAACTGTTTTTTGGCAGT"	"CASSLVLGTGMGKLFF"	"TCRBV7-8*1"	"TCRBD1-1*1"	"TCRBJ1-4*1"	49	57	63	68	8	5	NA	NA	"CGCACAGAGCAGGAGGACTCCGCCGTGTATCTCTGTGCCAGCAGCTTAGTTTTAGGCACAGGGATGGGAAAACTGTTTTTTGGCAGT"	FALSE	TRUE	NA	NA	NA	NA
"AGCCAGAAGACTCGGCCCTGTATCTCTGCGCCAGCAGCCAAGCTGGGGTTTTGCGGGAACAAAACAGATACGCAGTATTTTGGCCCA"	""	"AGCCAGAAGACTCGGCCCTGTATCTCTGCGCCAGCAGCCAAGCTGGGGTTTTGCGGGAACAAAACAGATACGCAGTATTTTGGCCCA"	""	"TCRBV4-3*1"	"TCRBD2-1*2"	"TCRBJ2-3*1"	42	52	58	63	10	5	NA	NA	"AGCCAGAAGACTCGGCCCTGTATCTCTGCGCCAGCAGCCAAGCTGGGGTTTTGCGGGAACAAAACAGATACGCAGTATTTTGGCCCA"	FALSE	FALSE	NA	NA	NA	NA
"AAGCTTGAGGACTCGGCCGTGTATCTCTGTGCCAGCAGCTTAGGGATGACTAGCGGGAGTAAGTCCTACGAGCAGTACTTCGGGCCA"	"CASSLGMTSGSKSYEQYF"	"AAGCTTGAGGACTCGGCCGTGTATCTCTGTGCCAGCAGCTTAGGGATGACTAGCGGGAGTAAGTCCTACGAGCAGTACTTCGGGCCA"	"CASSLGMTSGSKSYEQYF"	"TCRBV11-2"	"TCRBD2-1*2"	"TCRBJ2-5*1"	43	47	59	72	4	13	NA	NA	"AAGCTTGAGGACTCGGCCGTGTATCTCTGTGCCAGCAGCTTAGGGATGACTAGCGGGAGTAAGTCCTACGAGCAGTACTTCGGGCCA"	FALSE	TRUE	NA	NA	NA	NA
"CGCACAGAGCAGGGGGACTCGGCCATGTATCTCTGTGCCAGCAGTCAACCGGGACTAGCGGGAAGTGGTGAGCAGTTCTTCGGGCCA"	"CASSQPGLAGSGEQFF"	"CGCACAGAGCAGGGGGACTCGGCCATGTATCTCTGTGCCAGCAGTCAACCGGGACTAGCGGGAAGTGGTGAGCAGTTCTTCGGGCCA"	"CASSQPGLAGSGEQFF"	"TCRBV7-9*1"	"TCRBD2-1*2"	"TCRBJ2-1*1"	44	50	63	68	6	5	NA	NA	"CGCACAGAGCAGGGGGACTCGGCCATGTATCTCTGTGCCAGCAGTCAACCGGGACTAGCGGGAAGTGGTGAGCAGTTCTTCGGGCCA"	FALSE	TRUE	NA	NA	NA	NA
"NNNNNNNNNNTGTCGGCTGCTCCCTCCCAGACATCTGTGTACTTCTGTGCCAGCTCTCGCGGCTCCTACGAGCAGTACTTCGGGCCG"	"CASSRGSYEQYF"	"NNNNNNNNNNTGTCGGCTGCTCCCTCCCAGACATCTGTGTACTTCTGTGCCAGCTCTCGCGGCTCCTACGAGCAGTACTTCGGGCCG"	"CASSRGSYEQYF"	"TCRBV6-5*1"	"TCRBD2-1"	"TCRBJ2-7*1"	54	58	-1	62	4	63	NA	NA	"NNNNNNNNNNTGTCGGCTGCTCCCTCCCAGACATCTGTGTACTTCTGTGCCAGCTCTCGCGGCTCCTACGAGCAGTACTTCGGGCCG"	FALSE	TRUE	NA	NA	NA	NA
"TCCACGGAGTCAGGGGACACAGCACTGTATTTCTGTGCCAGCAGCAAAACCCTTGGGGACGGGAACACTGAAGCTTTCTTTGGACAA"	"CASSKTLGDGNTEAFF"	"TCCACGGAGTCAGGGGACACAGCACTGTATTTCTGTGCCAGCAGCAAAACCCTTGGGGACGGGAACACTGAAGCTTTCTTTGGACAA"	"CASSKTLGDGNTEAFF"	"TCRBV21-1*1"	NA	"TCRBJ1-1*1"	48	55	60	62	7	2	NA	NA	"TCCACGGAGTCAGGGGACACAGCACTGTATTTCTGTGCCAGCAGCAAAACCCTTGGGGACGGGAACACTGAAGCTTTCTTTGGACAA"	FALSE	TRUE	NA	NA	NA	NA
"NTGTCGGCTGCTCCCTCCCAAACATCTGTGTACTTCTGTGCCAGCAGTTACGGGACGCCGGCCCAAAACATTCAGTACTTCGGCGCC"	"CASSYGTPAQNIQYF"	"NTGTCGGCTGCTCCCTCCCAAACATCTGTGTACTTCTGTGCCAGCAGTTACGGGACGCCGGCCCAAAACATTCAGTACTTCGGCGCC"	"CASSYGTPAQNIQYF"	"TCRBV6-2/6-3*1"	NA	"TCRBJ2-4*1"	-1	51	56	64	52	8	NA	NA	"NTGTCGGCTGCTCCCTCCCAAACATCTGTGTACTTCTGTGCCAGCAGTTACGGGACGCCGGCCCAAAACATTCAGTACTTCGGCGCC"	FALSE	TRUE	NA	NA	NA	NA
"NNNNNNNTGTCGGCTGCTCCCTCCCAGACATCTGTGTACTTCTGTGCCAGCAGTTATATTTTTCCAGATACGCAGTATTTTGGCCCA"	"CASSYIFPDTQYF"	"NNNNNNNTGTCGGCTGCTCCCTCCCAGACATCTGTGTACTTCTGTGCCAGCAGTTATATTTTTCCAGATACGCAGTATTTTGGCCCA"	"CASSYIFPDTQYF"	"TCRBV6-5*1"	"TCRBD2-1"	"TCRBJ2-3*1"	-1	56	58	64	57	6	NA	NA	"NNNNNNNTGTCGGCTGCTCCCTCCCAGACATCTGTGTACTTCTGTGCCAGCAGTTATATTTTTCCAGATACGCAGTATTTTGGCCCA"	FALSE	TRUE	NA	NA	NA	NA
"CTGAGCTCTCTGGAGCTGGGGGACTCAGCTTTGTATTTCTGTGCCAGCAGCGTAGGGGCGAGGAACACTGAAGCTTTCTTTGGACAA"	"CASSVGARNTEAFF"	"CTGAGCTCTCTGGAGCTGGGGGACTCAGCTTTGTATTTCTGTGCCAGCAGCGTAGGGGCGAGGAACACTGAAGCTTTCTTTGGACAA"	"CASSVGARNTEAFF"	"TCRBV9-1*1"	"TCRBD1-1*1"	"TCRBJ1-1*1"	-1	55	59	62	56	3	NA	NA	"CTGAGCTCTCTGGAGCTGGGGGACTCAGCTTTGTATTTCTGTGCCAGCAGCGTAGGGGCGAGGAACACTGAAGCTTTCTTTGGACAA"	FALSE	TRUE	NA	NA	NA	NA
"CAGCGCACAGAGCAGCGGGACTCGGCCATGTATCGCTGTGCCAGCAGCAGCCCCCAGGGGCTGGGAGAGACCCAGTACTTCGGGCCA"	"CASSSPQGLGETQYF"	"CAGCGCACAGAGCAGCGGGACTCGGCCATGTATCGCTGTGCCAGCAGCAGCCCCCAGGGGCTGGGAGAGACCCAGTACTTCGGGCCA"	"CASSSPQGLGETQYF"	"TCRBV7-6*1"	"TCRBD1-1*1"	"TCRBJ2-5*1"	48	54	60	65	6	5	NA	NA	"CAGCGCACAGAGCAGCGGGACTCGGCCATGTATCGCTGTGCCAGCAGCAGCCCCCAGGGGCTGGGAGAGACCCAGTACTTCGGGCCA"	FALSE	TRUE	NA	NA	NA	NA
"AAGCTTGAGGACTCGGCCGTGTATCTCTGTGCCAGCAGCTTAGTAACAGGGGCGGAAGGCATGAACACTGAAGCTTTCTTTGGACAA"	"CASSLVTGAEGMNTEAFF"	"AAGCTTGAGGACTCGGCCGTGTATCTCTGTGCCAGCAGCTTAGTAACAGGGGCGGAAGGCATGAACACTGAAGCTTTCTTTGGACAA"	"CASSLVTGAEGMNTEAFF"	"TCRBV11-2"	"TCRBD1-1*1"	"TCRBJ1-1*1"	43	45	52	61	2	9	NA	NA	"AAGCTTGAGGACTCGGCCGTGTATCTCTGTGCCAGCAGCTTAGTAACAGGGGCGGAAGGCATGAACACTGAAGCTTTCTTTGGACAA"	FALSE	TRUE	NA	NA	NA	NA
"GAGTTGGCTGCTCCCTCCCAGACATCTGTGTACTTCTGTGCCAGCAGTTTCTCAAGGGCCTCCACAGATACGCAGTATTTTGGCCCA"	"CASSFSRASTDTQYF"	"GAGTTGGCTGCTCCCTCCCAGACATCTGTGTACTTCTGTGCCAGCAGTTTCTCAAGGGCCTCCACAGATACGCAGTATTTTGGCCCA"	"CASSFSRASTDTQYF"	"TCRBV6-6*1"	NA	"TCRBJ2-3*1"	53	54	58	62	1	4	NA	NA	"GAGTTGGCTGCTCCCTCCCAGACATCTGTGTACTTCTGTGCCAGCAGTTTCTCAAGGGCCTCCACAGATACGCAGTATTTTGGCCCA"	FALSE	TRUE	NA	NA	NA	NA
"ACATCGGCCCAAAAGAACCCGACAGCTTTCTATCTCTGTGCCAGTAGTATAGTTGGCGACAGGGGGCATGGCTACACCTTCGGTTCG"	"CASSIVGDRGHGYTF"	"ACATCGGCCCAAAAGAACCCGACAGCTTTCTATCTCTGTGCCAGTAGTATAGTTGGCGACAGGGGGCATGGCTACACCTTCGGTTCG"	"CASSIVGDRGHGYTF"	"TCRBV19-1*1"	"TCRBD1-1*1"	"TCRBJ1-2*1"	52	57	-1	67	5	68	NA	NA	"ACATCGGCCCAAAAGAACCCGACAGCTTTCTATCTCTGTGCCAGTAGTATAGTTGGCGACAGGGGGCATGGCTACACCTTCGGTTCG"	FALSE	TRUE	NA	NA	NA	NA
"CCTGTCCTCAGAACCGGGAGACACGGCACTGTATCTCTGCGCCAGCAGTCAATCGGGACAGAGCAAGAGACCCAGTACTTCGGGCCA"	""	"CCTGTCCTCAGAACCGGGAGACACGGCACTGTATCTCTGCGCCAGCAGTCAATCGGGACAGAGCAAGAGACCCAGTACTTCGGGCCA"	""	"TCRBV23-1*1"	"TCRBD1-1*1"	"TCRBJ2-5*1"	-1	54	61	63	55	2	NA	NA	"CCTGTCCTCAGAACCGGGAGACACGGCACTGTATCTCTGCGCCAGCAGTCAATCGGGACAGAGCAAGAGACCCAGTACTTCGGGCCA"	FALSE	FALSE	NA	NA	NA	NA
"ACATCGGCCCAAAAGAACCCGACAGCTTTCTATCTCTGTGCCAGTAGTGTCTACAGGGGGCGCGGAAACACCATATATTTTGGAGAG"	"CASSVYRGRGNTIYF"	"ACATCGGCCCAAAAGAACCCGACAGCTTTCTATCTCTGTGCCAGTAGTGTCTACAGGGGGCGCGGAAACACCATATATTTTGGAGAG"	"CASSVYRGRGNTIYF"	"TCRBV19-1*1"	"TCRBD1-1*1"	"TCRBJ1-3*1"	48	52	61	63	4	2	NA	NA	"ACATCGGCCCAAAAGAACCCGACAGCTTTCTATCTCTGTGCCAGTAGTGTCTACAGGGGGCGCGGAAACACCATATATTTTGGAGAG"	FALSE	TRUE	NA	NA	NA	NA
"GCCCAAAAGAACCCGACAGCTTTCTATCTCTGTGCCAGTAGTGGCGGACTAGCGGAGACGAACACCGGGGAGCTGTTTTTTGGAGAA"	"CASSGGLAETNTGELFF"	"GCCCAAAAGAACCCGACAGCTTTCTATCTCTGTGCCAGTAGTGGCGGACTAGCGGAGACGAACACCGGGGAGCTGTTTTTTGGAGAA"	"CASSGGLAETNTGELFF"	"TCRBV19-1*1"	"TCRBD2-1"	"TCRBJ2-2*1"	42	45	55	58	3	3	NA	NA	"GCCCAAAAGAACCCGACAGCTTTCTATCTCTGTGCCAGTAGTGGCGGACTAGCGGAGACGAACACCGGGGAGCTGTTTTTTGGAGAA"	FALSE	TRUE	NA	NA	NA	NA
"CAAAAGAACCCGACAGCTTTCTATCTCTGTGCCAGTAACAACCACGGAAGGACAGGGCCACGGGACAATGAGCAGTTCTTCGGGCCA"	"CASNNHGRTGPRDNEQFF"	"CAAAAGAACCCGACAGCTTTCTATCTCTGTGCCAGTAACAACCACGGAAGGACAGGGCCACGGGACAATGAGCAGTTCTTCGGGCCA"	"CASNNHGRTGPRDNEQFF"	"TCRBV19-1*1"	"TCRBD1-1*1"	"TCRBJ2-1*1"	37	49	57	64	12	7	NA	NA	"CAAAAGAACCCGACAGCTTTCTATCTCTGTGCCAGTAACAACCACGGAAGGACAGGGCCACGGGACAATGAGCAGTTCTTCGGGCCA"	FALSE	TRUE	NA	NA	NA	NA
"TGAAGACAGCAGCATATATCTCTGCAGCTCGCGACCGTCTCCCGGACTAGCGGGAGGGTTTGAAGCAATGAGCAGTTCTTCGGGCCA"	""	"TGAAGACAGCAGCATATATCTCTGCAGCTCGCGACCGTCTCCCGGACTAGCGGGAGGGTTTGAAGCAATGAGCAGTTCTTCGGGCCA"	""	"TCRBV29-1"	"TCRBD2-1*2"	"TCRBJ2-1*1"	28	43	58	65	15	7	NA	NA	"TGAAGACAGCAGCATATATCTCTGCAGCTCGCGACCGTCTCCCGGACTAGCGGGAGGGTTTGAAGCAATGAGCAGTTCTTCGGGCCA"	FALSE	FALSE	NA	NA	NA	NA
"CAGCCTGCAAAGCTTGAGGACTCGGCCGTGTATCTCTGTGCCAGCAGCTTGCTCGAGACAGGGGTTACTGAAGCTTTCTTTGGACAA"	"CASSLLETGVTEAFF"	"CAGCCTGCAAAGCTTGAGGACTCGGCCGTGTATCTCTGTGCCAGCAGCTTGCTCGAGACAGGGGTTACTGAAGCTTTCTTTGGACAA"	"CASSLLETGVTEAFF"	"TCRBV11-2*1"	"TCRBD1-1*1"	"TCRBJ1-1*1"	50	56	64	66	6	2	NA	NA	"CAGCCTGCAAAGCTTGAGGACTCGGCCGTGTATCTCTGTGCCAGCAGCTTGCTCGAGACAGGGGTTACTGAAGCTTTCTTTGGACAA"	FALSE	TRUE	NA	NA	NA	NA
"GTGAACGCCTTGGAGCTGGACGACTCGGCCCTGTATCTCTGTGCCAGCAGCTGGGACCTAAGCACAGATACGCAGTATTTTGGCCCA"	"CASSWDLSTDTQYF"	"GTGAACGCCTTGGAGCTGGACGACTCGGCCCTGTATCTCTGTGCCAGCAGCTGGGACCTAAGCACAGATACGCAGTATTTTGGCCCA"	"CASSWDLSTDTQYF"	"TCRBV5-4*1"	NA	"TCRBJ2-3*1"	-1	52	57	60	53	3	NA	NA	"GTGAACGCCTTGGAGCTGGACGACTCGGCCCTGTATCTCTGTGCCAGCAGCTGGGACCTAAGCACAGATACGCAGTATTTTGGCCCA"	FALSE	TRUE	NA	NA	NA	NA
"GTGAACGCCTTGTTGCTGGGGGACTCGGCCCTCTATCTCTGTGCCAGCAGCCGCCCCGGGGCTGGGGAAAAACTGTTTTTTGGCAGT"	"CASSRPGAGEKLFF"	"GTGAACGCCTTGTTGCTGGGGGACTCGGCCCTCTATCTCTGTGCCAGCAGCCGCCCCGGGGCTGGGGAAAAACTGTTTTTTGGCAGT"	"CASSRPGAGEKLFF"	"TCRBV5-6*1"	NA	"TCRBJ1-4*1"	51	57	62	66	6	4	NA	NA	"GTGAACGCCTTGTTGCTGGGGGACTCGGCCCTCTATCTCTGTGCCAGCAGCCGCCCCGGGGCTGGGGAAAAACTGTTTTTTGGCAGT"	FALSE	TRUE	NA	NA	NA	NA
"GCTGCTCCCTCCCAGACATCTGTGTACTTCTGTGCCAGCATTAGGACAGGGGGTTTTTACGGCAATCAGCCCCAGCATTTTGGTGAT"	"CASIRTGGFYGNQPQHF"	"GCTGCTCCCTCCCAGACATCTGTGTACTTCTGTGCCAGCATTAGGACAGGGGGTTTTTACGGCAATCAGCCCCAGCATTTTGGTGAT"	"CASIRTGGFYGNQPQHF"	NA	"TCRBD1-1*1"	"TCRBJ1-5*1"	40	43	53	61	3	8	NA	NA	"GCTGCTCCCTCCCAGACATCTGTGTACTTCTGTGCCAGCATTAGGACAGGGGGTTTTTACGGCAATCAGCCCCAGCATTTTGGTGAT"	FALSE	TRUE	NA	NA	NA	NA
"NNTGTCGGCTGCTCCCTCCCAGACATCTGTGTACTTCTGTGCCAGCAGTAAGAGGGGTACGGGGCCAACGTCCTGACTTTCGGGGCC"	""	"NNTGTCGGCTGCTCCCTCCCAGACATCTGTGTACTTCTGTGCCAGCAGTAAGAGGGGTACGGGGCCAACGTCCTGACTTTCGGGGCC"	""	"TCRBV6-5*1"	NA	"TCRBJ2-6*1"	49	52	57	60	3	3	NA	NA	"NNTGTCGGCTGCTCCCTCCCAGACATCTGTGTACTTCTGTGCCAGCAGTAAGAGGGGTACGGGGCCAACGTCCTGACTTTCGGGGCC"	FALSE	FALSE	NA	NA	NA	NA
"GAGTCCGCCAGCACCAACCAGACATCTATGTACCTCTGTGCCAGCAGTGGATAGTAGGGTGTGAATCAGCCCCAGCATTTTGGTGAT"	"CASSG**GVNQPQHF"	"GAGTCCGCCAGCACCAACCAGACATCTATGTACCTCTGTGCCAGCAGTGGATAGTAGGGTGTGAATCAGCCCCAGCATTTTGGTGAT"	"CASSG**GVNQPQHF"	"TCRBV28-1*1"	NA	"TCRBJ1-5*1"	48	55	59	63	7	4	NA	NA	"GAGTCCGCCAGCACCAACCAGACATCTATGTACCTCTGTGCCAGCAGTGGATAGTAGGGTGTGAATCAGCCCCAGCATTTTGGTGAT"	FALSE	TRUE	NA	NA	NA	NA
"GTGAGCACCTTGGAGCTGGGGGACTCGGCCCTTTATCTTTGCGCCAGCAGCTTGTATGGGACAGGGCATGGCTACACCTTCGGTTCG"	"CASSLYGTGHGYTF"	"GTGAGCACCTTGGAGCTGGGGGACTCGGCCCTTTATCTTTGCGCCAGCAGCTTGTATGGGACAGGGCATGGCTACACCTTCGGTTCG"	"CASSLYGTGHGYTF"	"TCRBV5-1*1"	"TCRBD1-1*1"	"TCRBJ1-2*1"	54	57	66	67	3	1	NA	NA	"GTGAGCACCTTGGAGCTGGGGGACTCGGCCCTTTATCTTTGCGCCAGCAGCTTGTATGGGACAGGGCATGGCTACACCTTCGGTTCG"	FALSE	TRUE	NA	NA	NA	NA
"NNNTGTCGGCTGCTCCCTCCCAGACATCTGTGTACTTCTGTGCCAGCTCTTGACAGTCGACCCCAAGAGACCCAGTACTTCGGGCCA"	""	"NNNTGTCGGCTGCTCCCTCCCAGACATCTGTGTACTTCTGTGCCAGCTCTTGACAGTCGACCCCAAGAGACCCAGTACTTCGGGCCA"	""	"TCRBV6-5*1"	"TCRBD1-1*1"	"TCRBJ2-5*1"	47	51	56	62	4	6	NA	NA	"NNNTGTCGGCTGCTCCCTCCCAGACATCTGTGTACTTCTGTGCCAGCTCTTGACAGTCGACCCCAAGAGACCCAGTACTTCGGGCCA"	FALSE	FALSE	NA	NA	NA	NA
"GCTACCAGCTCCCAGACATCTGTGTACTTCTGTGCCATCAGTGATGCTGACGTCCTTGGGGGGGCCAACGTCCTGACTTTCGGGGCC"	"CAISDADVLGGANVLTF"	"GCTACCAGCTCCCAGACATCTGTGTACTTCTGTGCCATCAGTGATGCTGACGTCCTTGGGGGGGCCAACGTCCTGACTTTCGGGGCC"	"CAISDADVLGGANVLTF"	"TCRBV1-3*1"	NA	"TCRBJ2-6*1"	44	57	-1	60	13	61	NA	NA	"GCTACCAGCTCCCAGACATCTGTGTACTTCTGTGCCATCAGTGATGCTGACGTCCTTGGGGGGGCCAACGTCCTGACTTTCGGGGCC"	FALSE	TRUE	NA	NA	NA	NA
"CAAAGCTTGAGGACTCGGCCGTGTATCTCTGTGCCAGCAGATCCGGGACTAGCGGGAGAATAAACCGGGGAGCTGTTTTTTGGAGAA"	""	"CAAAGCTTGAGGACTCGGCCGTGTATCTCTGTGCCAGCAGATCCGGGACTAGCGGGAGAATAAACCGGGGAGCTGTTTTTTGGAGAA"	""	"TCRBV11-2"	"TCRBD2-1*2"	"TCRBJ2-2*1"	40	44	58	63	4	5	NA	NA	"CAAAGCTTGAGGACTCGGCCGTGTATCTCTGTGCCAGCAGATCCGGGACTAGCGGGAGAATAAACCGGGGAGCTGTTTTTTGGAGAA"	FALSE	FALSE	NA	NA	NA	NA
"CTGACAGTGACCAGTGCCCATCCTGAAGACAGCAGCTTCTACATCTGCGGACTATCGTGGGACACCGGGGAGCTGTTTTTTGGAGAA"	"CGLSWDTGELFF"	"CTGACAGTGACCAGTGCCCATCCTGAAGACAGCAGCTTCTACATCTGCGGACTATCGTGGGACACCGGGGAGCTGTTTTTTGGAGAA"	"CGLSWDTGELFF"	NA	"TCRBD2-1"	"TCRBJ2-2*1"	-1	48	54	61	49	7	NA	NA	"CTGACAGTGACCAGTGCCCATCCTGAAGACAGCAGCTTCTACATCTGCGGACTATCGTGGGACACCGGGGAGCTGTTTTTTGGAGAA"	FALSE	TRUE	NA	NA	NA	NA
"AATTCCCTGGAGCTTGGTGACTCTGCTGTGTATTTCTGTGCCAGCAGCCGTGGACTAGCTGCCTACAATGAGCAGTTCTTCGGGCCA"	"CASSRGLAAYNEQFF"	"AATTCCCTGGAGCTTGGTGACTCTGCTGTGTATTTCTGTGCCAGCAGCCGTGGACTAGCTGCCTACAATGAGCAGTTCTTCGGGCCA"	"CASSRGLAAYNEQFF"	"TCRBV3-1/3-2*1"	"TCRBD2-1"	"TCRBJ2-1*1"	49	51	59	61	2	2	NA	NA	"AATTCCCTGGAGCTTGGTGACTCTGCTGTGTATTTCTGTGCCAGCAGCCGTGGACTAGCTGCCTACAATGAGCAGTTCTTCGGGCCA"	FALSE	TRUE	NA	NA	NA	NA
"GACTGTGAGCAACATGAGCCCTGAAGACAGCAGCATATATCTCTGCAGCGTTTCCGACGGACCAACACTGAAGCTTTCTTTGGACAA"	""	"GACTGTGAGCAACATGAGCCCTGAAGACAGCAGCATATATCTCTGCAGCGTTTCCGACGGACCAACACTGAAGCTTTCTTTGGACAA"	""	"TCRBV29-1"	NA	"TCRBJ1-1*1"	52	58	62	63	6	1	NA	NA	"GACTGTGAGCAACATGAGCCCTGAAGACAGCAGCATATATCTCTGCAGCGTTTCCGACGGACCAACACTGAAGCTTTCTTTGGACAA"	FALSE	FALSE	NA	NA	NA	NA
"CTGAATGTGAACGCCTTGGAGCTGGAGGACTCGGCCCTGTATCTCTGTGCCAGCAGCTCGATGGGCCCTGAAGCTTTCTTTGGACAA"	"CASSSMGPEAFF"	"CTGAATGTGAACGCCTTGGAGCTGGAGGACTCGGCCCTGTATCTCTGTGCCAGCAGCTCGATGGGCCCTGAAGCTTTCTTTGGACAA"	"CASSSMGPEAFF"	"TCRBV5-8*1"	"TCRBD1-1*1"	"TCRBJ1-1*1"	58	62	66	67	4	1	NA	NA	"CTGAATGTGAACGCCTTGGAGCTGGAGGACTCGGCCCTGTATCTCTGTGCCAGCAGCTCGATGGGCCCTGAAGCTTTCTTTGGACAA"	FALSE	TRUE	NA	NA	NA	NA
"AACATGAGCCCTGAAGACAGCAGCATATATCTCTGCAGCGTTGATACCCAGGGCTAGCGGACCTACAATGAGCAGTTCTTCGGGCCA"	"CSVDTQG*RTYNEQFF"	"AACATGAGCCCTGAAGACAGCAGCATATATCTCTGCAGCGTTGATACCCAGGGCTAGCGGACCTACAATGAGCAGTTCTTCGGGCCA"	"CSVDTQG*RTYNEQFF"	"TCRBV29-1"	"TCRBD2-1"	"TCRBJ2-1*1"	44	53	60	61	9	1	NA	NA	"AACATGAGCCCTGAAGACAGCAGCATATATCTCTGCAGCGTTGATACCCAGGGCTAGCGGACCTACAATGAGCAGTTCTTCGGGCCA"	FALSE	TRUE	NA	NA	NA	NA
"AACATGAGCCCTGAAGACAGCAGCATATATCTCTGCAGCGTTAGTTGGATTGGACAGGGGGATACCGGGGAGCTGTTTTTTGGAGAA"	"CSVSWIGQGDTGELFF"	"AACATGAGCCCTGAAGACAGCAGCATATATCTCTGCAGCGTTAGTTGGATTGGACAGGGGGATACCGGGGAGCTGTTTTTTGGAGAA"	"CSVSWIGQGDTGELFF"	"TCRBV29-1"	"TCRBD1-1*1"	"TCRBJ2-2*1"	42	51	61	63	9	2	NA	NA	"AACATGAGCCCTGAAGACAGCAGCATATATCTCTGCAGCGTTAGTTGGATTGGACAGGGGGATACCGGGGAGCTGTTTTTTGGAGAA"	FALSE	TRUE	NA	NA	NA	NA
"NNNNNNNNNNNNNTGTCGGCTGCTCCCTCCCAGACATCTGTGTACTTCTGTGCCAGCACAGAGCACTACGAGCAGTACTTCGGGCCG"	"CASTEHYEQYF"	"NNNNNNNNNNNNNTGTCGGCTGCTCCCTCCCAGACATCTGTGTACTTCTGTGCCAGCACAGAGCACTACGAGCAGTACTTCGGGCCG"	"CASTEHYEQYF"	"TCRBV6-5*1"	NA	"TCRBJ2-7*1"	-1	58	61	65	59	4	NA	NA	"NNNNNNNNNNNNNTGTCGGCTGCTCCCTCCCAGACATCTGTGTACTTCTGTGCCAGCACAGAGCACTACGAGCAGTACTTCGGGCCG"	FALSE	TRUE	NA	NA	NA	NA
"CTGGAGTCTGCTGCCTCCTCCCAGACATCTGTATATTTCTGCGCCACCCAGGCTGGGACCCTGTACAATGAGCAGTTCTTCGGGCCA"	"CATQAGTLYNEQFF"	"CTGGAGTCTGCTGCCTCCTCCCAGACATCTGTATATTTCTGCGCCACCCAGGCTGGGACCCTGTACAATGAGCAGTTCTTCGGGCCA"	"CATQAGTLYNEQFF"	"TCRBV1-1*1"	NA	"TCRBJ2-1*1"	46	54	59	63	8	4	NA	NA	"CTGGAGTCTGCTGCCTCCTCCCAGACATCTGTATATTTCTGCGCCACCCAGGCTGGGACCCTGTACAATGAGCAGTTCTTCGGGCCA"	FALSE	TRUE	NA	NA	NA	NA
"TTGGAGCTGGGGGACTCGGCCCTTTATCTTTGCGCCAGCAGCTTGGCGACAGGGGGACGAGGTGGAAACACCATATATTTTGGAGAG"	"CASSLATGGRGGNTIYF"	"TTGGAGCTGGGGGACTCGGCCCTTTATCTTTGCGCCAGCAGCTTGGCGACAGGGGGACGAGGTGGAAACACCATATATTTTGGAGAG"	"CASSLATGGRGGNTIYF"	"TCRBV5-1*1"	"TCRBD1-1*1"	"TCRBJ1-3*1"	46	47	56	62	1	6	NA	NA	"TTGGAGCTGGGGGACTCGGCCCTTTATCTTTGCGCCAGCAGCTTGGCGACAGGGGGACGAGGTGGAAACACCATATATTTTGGAGAG"	FALSE	TRUE	NA	NA	NA	NA
"GAGTCGCCCAGCCCCAACCAGACCTCTCTGTACTTCTGTGCCAGCAGTTTCCTAGCGGGAGGGCCCGATACGCAGTATTTTGGCCCA"	"CASSFLAGGPDTQYF"	"GAGTCGCCCAGCCCCAACCAGACCTCTCTGTACTTCTGTGCCAGCAGTTTCCTAGCGGGAGGGCCCGATACGCAGTATTTTGGCCCA"	"CASSFLAGGPDTQYF"	"TCRBV27-1*1"	"TCRBD2-1*2"	"TCRBJ2-3*1"	50	51	63	66	1	3	NA	NA	"GAGTCGCCCAGCCCCAACCAGACCTCTCTGTACTTCTGTGCCAGCAGTTTCCTAGCGGGAGGGCCCGATACGCAGTATTTTGGCCCA"	FALSE	TRUE	NA	NA	NA	NA
"ATCCAGCGCACAGAGCAGGGGGACTCGGCCATGTATCTCTGTGCCAGCATACAGGGGGCGCCCACCGGGGAGCTGTTTTTTGGAGAA"	"CASIQGAPTGELFF"	"ATCCAGCGCACAGAGCAGGGGGACTCGGCCATGTATCTCTGTGCCAGCATACAGGGGGCGCCCACCGGGGAGCTGTTTTTTGGAGAA"	"CASIQGAPTGELFF"	"TCRBV7-9"	"TCRBD1-1*1"	"TCRBJ2-2*1"	49	50	59	62	1	3	NA	NA	"ATCCAGCGCACAGAGCAGGGGGACTCGGCCATGTATCTCTGTGCCAGCATACAGGGGGCGCCCACCGGGGAGCTGTTTTTTGGAGAA"	FALSE	TRUE	NA	NA	NA	NA
"CGCACACAGCAGGAGGACTCCGCCGTGTATCTCTGTGCCAGCAGCATTGCCGGGGACAGGGATGATGAGACCCAGTACTTCGGGCCA"	"CASSIAGDRDDETQYF"	"CGCACACAGCAGGAGGACTCCGCCGTGTATCTCTGTGCCAGCAGCATTGCCGGGGACAGGGATGATGAGACCCAGTACTTCGGGCCA"	"CASSIAGDRDDETQYF"	"TCRBV7-8"	"TCRBD1-1*1"	"TCRBJ2-5*1"	45	52	61	66	7	5	NA	NA	"CGCACACAGCAGGAGGACTCCGCCGTGTATCTCTGTGCCAGCAGCATTGCCGGGGACAGGGATGATGAGACCCAGTACTTCGGGCCA"	FALSE	TRUE	NA	NA	NA	NA
"TCCCTGGAGCTTGGTGACTCTGCTGTGTATTTCTGTGCCAGCAGCCAAGACCCTTGGGGTTGCGACAATGAGCAGTTCTTCGGGCCA"	"CASSQDPWGCDNEQFF"	"TCCCTGGAGCTTGGTGACTCTGCTGTGTATTTCTGTGCCAGCAGCCAAGACCCTTGGGGTTGCGACAATGAGCAGTTCTTCGGGCCA"	"CASSQDPWGCDNEQFF"	"TCRBV3-1/3-2*1"	NA	"TCRBJ2-1*1"	50	55	59	64	5	5	NA	NA	"TCCCTGGAGCTTGGTGACTCTGCTGTGTATTTCTGTGCCAGCAGCCAAGACCCTTGGGGTTGCGACAATGAGCAGTTCTTCGGGCCA"	FALSE	TRUE	NA	NA	NA	NA
"ATCCAGCGCACAGAGCGGGGGGACTCAGCCGTGTATCTCTGTGCCAGCAGCTTAGAACATCCGAACACTGAAGCTTTCTTTGGACAA"	"CASSLEHPNTEAFF"	"ATCCAGCGCACAGAGCGGGGGGACTCAGCCGTGTATCTCTGTGCCAGCAGCTTAGAACATCCGAACACTGAAGCTTTCTTTGGACAA"	"CASSLEHPNTEAFF"	"TCRBV7-3*1"	"TCRBD1-1*1"	"TCRBJ1-1*1"	54	56	59	62	2	3	NA	NA	"ATCCAGCGCACAGAGCGGGGGGACTCAGCCGTGTATCTCTGTGCCAGCAGCTTAGAACATCCGAACACTGAAGCTTTCTTTGGACAA"	FALSE	TRUE	NA	NA	NA	NA
"ACAGAGCAGGGGGACTCGGCCATGTATCTCTGTGCCAGCAGCTTAGAGTGGGGCGGAAAGGAAAACAATGAGCAGTTCTTCGGGCCA"	"CASSLEWGGKENNEQFF"	"ACAGAGCAGGGGGACTCGGCCATGTATCTCTGTGCCAGCAGCTTAGAGTGGGGCGGAAAGGAAAACAATGAGCAGTTCTTCGGGCCA"	"CASSLEWGGKENNEQFF"	"TCRBV7-9*1"	"TCRBD1-1*1"	"TCRBJ2-1*1"	46	49	54	64	3	10	NA	NA	"ACAGAGCAGGGGGACTCGGCCATGTATCTCTGTGCCAGCAGCTTAGAGTGGGGCGGAAAGGAAAACAATGAGCAGTTCTTCGGGCCA"	FALSE	TRUE	NA	NA	NA	NA
"GAGTCTGCCATCCCCAACCAGACAGCTCTTTACTTCTGTGCCACCAGTGATATAAAGACCGTAGGTCAGCCCCAGCATTTTGGTGAT"	"CATSDIKTVGQPQHF"	"GAGTCTGCCATCCCCAACCAGACAGCTCTTTACTTCTGTGCCACCAGTGATATAAAGACCGTAGGTCAGCCCCAGCATTTTGGTGAT"	"CATSDIKTVGQPQHF"	"TCRBV24-1*1"	NA	"TCRBJ1-5*1"	51	56	59	65	5	6	NA	NA	"GAGTCTGCCATCCCCAACCAGACAGCTCTTTACTTCTGTGCCACCAGTGATATAAAGACCGTAGGTCAGCCCCAGCATTTTGGTGAT"	FALSE	TRUE	NA	NA	NA	NA
"GTGCAGCCTGCAGAACTGGAGGATTCTGGAGTTTATTTCTGTGCCAGCAGCCCGTACCTAGGATGGAATGAGCAGTTCTTCGGGCCA"	"CASSPYLGWNEQFF"	"GTGCAGCCTGCAGAACTGGAGGATTCTGGAGTTTATTTCTGTGCCAGCAGCCCGTACCTAGGATGGAATGAGCAGTTCTTCGGGCCA"	"CASSPYLGWNEQFF"	"TCRBV14-1*1"	"TCRBD2-1"	"TCRBJ2-1*1"	52	57	61	66	5	5	NA	NA	"GTGCAGCCTGCAGAACTGGAGGATTCTGGAGTTTATTTCTGTGCCAGCAGCCCGTACCTAGGATGGAATGAGCAGTTCTTCGGGCCA"	FALSE	TRUE	NA	NA	NA	NA
"TCCAGTCCACGGAGTCAGGGGACACAGCACTGTATTTCTGTGCCAGCACCCTACATCAGGGGCACCGGGGAGCTGTTTTTTGGAGAA"	""	"TCCAGTCCACGGAGTCAGGGGACACAGCACTGTATTTCTGTGCCAGCACCCTACATCAGGGGCACCGGGGAGCTGTTTTTTGGAGAA"	""	"TCRBV21-1*1"	"TCRBD1-1*1"	"TCRBJ2-2*1"	48	56	-1	62	8	63	NA	NA	"TCCAGTCCACGGAGTCAGGGGACACAGCACTGTATTTCTGTGCCAGCACCCTACATCAGGGGCACCGGGGAGCTGTTTTTTGGAGAA"	FALSE	FALSE	NA	NA	NA	NA
"AACGCCTTGTTGCTGGGGGACTCGGCCCTCTATCTCTGTGCCAGCAGCTACACCGGGACGGCGAACACTGAAGCTTTCTTTGGACAA"	"CASSYTGTANTEAFF"	"AACGCCTTGTTGCTGGGGGACTCGGCCCTCTATCTCTGTGCCAGCAGCTACACCGGGACGGCGAACACTGAAGCTTTCTTTGGACAA"	"CASSYTGTANTEAFF"	"TCRBV5-6*1"	NA	"TCRBJ1-1*1"	49	54	59	62	5	3	NA	NA	"AACGCCTTGTTGCTGGGGGACTCGGCCCTCTATCTCTGTGCCAGCAGCTACACCGGGACGGCGAACACTGAAGCTTTCTTTGGACAA"	FALSE	TRUE	NA	NA	NA	NA
"CTGATTCTGGAGTCCGCCAGCACCAACCAGACATCTATGTACCTCTGTGCCAGCAGTTTCGGGGTTCACATTCAGTACTTCGGCGCC"	"CASSFGVHIQYF"	"CTGATTCTGGAGTCCGCCAGCACCAACCAGACATCTATGTACCTCTGTGCCAGCAGTTTCGGGGTTCACATTCAGTACTTCGGCGCC"	"CASSFGVHIQYF"	"TCRBV28-1*1"	"TCRBD2-1*1"	"TCRBJ2-4*1"	-1	59	64	67	60	3	NA	NA	"CTGATTCTGGAGTCCGCCAGCACCAACCAGACATCTATGTACCTCTGTGCCAGCAGTTTCGGGGTTCACATTCAGTACTTCGGCGCC"	FALSE	TRUE	NA	NA	NA	NA
"GTGACATCGGCCCAAAAGAACCCGACAGCTTTCTATCTCTGTACCAGTAGTATGTCCAGGGTAGGCACTGAAGCTTTCTTTGGACAA"	"CTSSMSRVGTEAFF"	"GTGACATCGGCCCAAAAGAACCCGACAGCTTTCTATCTCTGTACCAGTAGTATGTCCAGGGTAGGCACTGAAGCTTTCTTTGGACAA"	"CTSSMSRVGTEAFF"	"TCRBV19-1*1"	"TCRBD1-1*1"	"TCRBJ1-1*1"	53	56	61	65	3	4	NA	NA	"GTGACATCGGCCCAAAAGAACCCGACAGCTTTCTATCTCTGTACCAGTAGTATGTCCAGGGTAGGCACTGAAGCTTTCTTTGGACAA"	FALSE	TRUE	NA	NA	NA	NA
"CGCACAGAGCAGGAGGACTCGGCCGTGTATCTCTGTGCCAGCAGCCCAGGGGAGACGGTCCCCTCCTACGAGCAGTACTTCGGGCCG"	"CASSPGETVPSYEQYF"	"CGCACAGAGCAGGAGGACTCGGCCGTGTATCTCTGTGCCAGCAGCCCAGGGGAGACGGTCCCCTCCTACGAGCAGTACTTCGGGCCG"	"CASSPGETVPSYEQYF"	"TCRBV7-2"	"TCRBD1-1*1"	"TCRBJ2-7*1"	45	46	52	62	1	10	NA	NA	"CGCACAGAGCAGGAGGACTCGGCCGTGTATCTCTGTGCCAGCAGCCCAGGGGAGACGGTCCCCTCCTACGAGCAGTACTTCGGGCCG"	FALSE	TRUE	NA	NA	NA	NA
"GCCAGCACCAACCAGACATCTATGTACCTCTGTGCCAGCAGCCATGAAAGACTAGCGGGAGTCTCCTACGAGCAGTACTTCGGGCCG"	"CASSHERLAGVSYEQYF"	"GCCAGCACCAACCAGACATCTATGTACCTCTGTGCCAGCAGCCATGAAAGACTAGCGGGAGTCTCCTACGAGCAGTACTTCGGGCCG"	"CASSHERLAGVSYEQYF"	"TCRBV28-1*1"	"TCRBD2-1*2"	"TCRBJ2-7*1"	41	49	61	62	8	1	NA	NA	"GCCAGCACCAACCAGACATCTATGTACCTCTGTGCCAGCAGCCATGAAAGACTAGCGGGAGTCTCCTACGAGCAGTACTTCGGGCCG"	FALSE	TRUE	NA	NA	NA	NA
"GTGCAGCCTGCAGAACTGGAGGATTCTGGAGTTTATTTCTGTGCCAGCAGCCGTAGCGGGATAGTTTACGAGCAGTACTTCGGGCCG"	"CASSRSGIVYEQYF"	"GTGCAGCCTGCAGAACTGGAGGATTCTGGAGTTTATTTCTGTGCCAGCAGCCGTAGCGGGATAGTTTACGAGCAGTACTTCGGGCCG"	"CASSRSGIVYEQYF"	"TCRBV14-1*1"	"TCRBD2-1*2"	"TCRBJ2-7*1"	52	53	61	66	1	5	NA	NA	"GTGCAGCCTGCAGAACTGGAGGATTCTGGAGTTTATTTCTGTGCCAGCAGCCGTAGCGGGATAGTTTACGAGCAGTACTTCGGGCCG"	FALSE	TRUE	NA	NA	NA	NA
"GCGTCTGCTGTACCCTCTCAGACATCTGTGTACTTCTGTGCCAGCAGTGGGACAGGGGTCCCAACAGATACGCAGTATTTTGGCCCA"	"CASSGTGVPTDTQYF"	"GCGTCTGCTGTACCCTCTCAGACATCTGTGTACTTCTGTGCCAGCAGTGGGACAGGGGTCCCAACAGATACGCAGTATTTTGGCCCA"	"CASSGTGVPTDTQYF"	"TCRBV6-4*1"	"TCRBD1-1*1"	"TCRBJ2-3*1"	-1	49	58	63	50	5	NA	NA	"GCGTCTGCTGTACCCTCTCAGACATCTGTGTACTTCTGTGCCAGCAGTGGGACAGGGGTCCCAACAGATACGCAGTATTTTGGCCCA"	FALSE	TRUE	NA	NA	NA	NA
"AGCTCCTTCTCAGTGACTCTGGCTTCTATCTCTGTGCCTGGTCACACTGGAGCAGGTGGGAACACCGGGGAGCTGTTTTTTGGAGAA"	""	"AGCTCCTTCTCAGTGACTCTGGCTTCTATCTCTGTGCCTGGTCACACTGGAGCAGGTGGGAACACCGGGGAGCTGTTTTTTGGAGAA"	""	"TCRBV3-1"	NA	"TCRBJ2-2*1"	41	52	56	59	11	3	NA	NA	"AGCTCCTTCTCAGTGACTCTGGCTTCTATCTCTGTGCCTGGTCACACTGGAGCAGGTGGGAACACCGGGGAGCTGTTTTTTGGAGAA"	FALSE	FALSE	NA	NA	NA	NA
"TCCGCCAGCACCAACCAGACATCTATGTACCTCTGTGCCAGCAGTCCCCCAGGAGATGATTATAATTCACCCCTCCACTTTGGGAAT"	"CASSPPGDDYNSPLHF"	"TCCGCCAGCACCAACCAGACATCTATGTACCTCTGTGCCAGCAGTCCCCCAGGAGATGATTATAATTCACCCCTCCACTTTGGGAAT"	"CASSPPGDDYNSPLHF"	"TCRBV28-1*1"	NA	"TCRBJ1-6*1"	45	49	53	60	4	7	NA	NA	"TCCGCCAGCACCAACCAGACATCTATGTACCTCTGTGCCAGCAGTCCCCCAGGAGATGATTATAATTCACCCCTCCACTTTGGGAAT"	FALSE	TRUE	NA	NA	NA	NA
"CTGAGCTCTCTGGAGCTGGGGGACTCAGCTTTGTATTTCTGTGCCAGCAGCGTAGGGATAGGGGGCACTGAAGCTTTCTTTGGACAA"	"CASSVGIGGTEAFF"	"CTGAGCTCTCTGGAGCTGGGGGACTCAGCTTTGTATTTCTGTGCCAGCAGCGTAGGGATAGGGGGCACTGAAGCTTTCTTTGGACAA"	"CASSVGIGGTEAFF"	"TCRBV9-1*1"	"TCRBD1-1*1"	"TCRBJ1-1*1"	55	59	-1	65	4	66	NA	NA	"CTGAGCTCTCTGGAGCTGGGGGACTCAGCTTTGTATTTCTGTGCCAGCAGCGTAGGGATAGGGGGCACTGAAGCTTTCTTTGGACAA"	FALSE	TRUE	NA	NA	NA	NA
"ACTGTGACATCGGCCCAAAAGAACCCGACAGCTTTCTATCTCTGTGCCAGTAGTATACGTTCCCGCACTGAAGCTTTCTTTGGACAA"	"CASSIRSRTEAFF"	"ACTGTGACATCGGCCCAAAAGAACCCGACAGCTTTCTATCTCTGTGCCAGTAGTATACGTTCCCGCACTGAAGCTTTCTTTGGACAA"	"CASSIRSRTEAFF"	"TCRBV19-1*1"	"TCRBD2-1"	"TCRBJ1-1*1"	-1	57	59	65	58	6	NA	NA	"ACTGTGACATCGGCCCAAAAGAACCCGACAGCTTTCTATCTCTGTGCCAGTAGTATACGTTCCCGCACTGAAGCTTTCTTTGGACAA"	FALSE	TRUE	NA	NA	NA	NA
"CTGAGCTCTCTGGAGCTGGGGGACTCAGCTTTGTATTTCTGTGCCAGCAGCATCCGGCGGGACGGGTATGGCTACACCTTCGGTTCG"	"CASSIRRDGYGYTF"	"CTGAGCTCTCTGGAGCTGGGGGACTCAGCTTTGTATTTCTGTGCCAGCAGCATCCGGCGGGACGGGTATGGCTACACCTTCGGTTCG"	"CASSIRRDGYGYTF"	"TCRBV9-1*1"	"TCRBD2-1*2"	"TCRBJ1-2*1"	51	56	62	66	5	4	NA	NA	"CTGAGCTCTCTGGAGCTGGGGGACTCAGCTTTGTATTTCTGTGCCAGCAGCATCCGGCGGGACGGGTATGGCTACACCTTCGGTTCG"	FALSE	TRUE	NA	NA	NA	NA
"CAGCAGGAGGACTCCGCCGTGTATCTCTGTGCCAGCAGCTTAGATCCGCCGACAGGGCATTCTAACTATGGCTACACCTTCGGTTCG"	"CASSLDPPTGHSNYGYTF"	"CAGCAGGAGGACTCCGCCGTGTATCTCTGTGCCAGCAGCTTAGATCCGCCGACAGGGCATTCTAACTATGGCTACACCTTCGGTTCG"	"CASSLDPPTGHSNYGYTF"	"TCRBV7-8*1"	"TCRBD1-1*1"	"TCRBJ1-2*1"	43	50	57	61	7	4	NA	NA	"CAGCAGGAGGACTCCGCCGTGTATCTCTGTGCCAGCAGCTTAGATCCGCCGACAGGGCATTCTAACTATGGCTACACCTTCGGTTCG"	FALSE	TRUE	NA	NA	NA	NA
"NTGTTGGCTGCTCCCTCCCAGACATCTGTGTACTTCTGTGCCAGCACCCTACCCGGACGGGGGAATCAGCCCCAGCATTTTGGTGAT"	"CASTLPGRGNQPQHF"	"NTGTTGGCTGCTCCCTCCCAGACATCTGTGTACTTCTGTGCCAGCACCCTACCCGGACGGGGGAATCAGCCCCAGCATTTTGGTGAT"	"CASTLPGRGNQPQHF"	"TCRBV6-6"	"TCRBD2-1*1"	"TCRBJ1-5*1"	46	57	-1	63	11	64	NA	NA	"NTGTTGGCTGCTCCCTCCCAGACATCTGTGTACTTCTGTGCCAGCACCCTACCCGGACGGGGGAATCAGCCCCAGCATTTTGGTGAT"	FALSE	TRUE	NA	NA	NA	NA
"CTGGAGTCCGCCAGCACCAACCAGACATCTATGTACCTCTGTGCCAGCAGGAACCCGAACAGGGTTGAAAAACTGTTTTTTGGCAGT"	"CASRNPNRVEKLFF"	"CTGGAGTCCGCCAGCACCAACCAGACATCTATGTACCTCTGTGCCAGCAGGAACCCGAACAGGGTTGAAAAACTGTTTTTTGGCAGT"	"CASRNPNRVEKLFF"	"TCRBV28-1*1"	"TCRBD1-1*1"	"TCRBJ1-4*1"	50	58	64	65	8	1	NA	NA	"CTGGAGTCCGCCAGCACCAACCAGACATCTATGTACCTCTGTGCCAGCAGGAACCCGAACAGGGTTGAAAAACTGTTTTTTGGCAGT"	FALSE	TRUE	NA	NA	NA	NA
"AATTCCCTGGAGCTTGGTGACTCTGCTGTGTATTTCTGTGCCAGCAGCCAGGGACTAGCGGGAGCGAGAACGCAGTATTTTGGCCCA"	"CASSQGLAGARTQYF"	"AATTCCCTGGAGCTTGGTGACTCTGCTGTGTATTTCTGTGCCAGCAGCCAGGGACTAGCGGGAGCGAGAACGCAGTATTTTGGCCCA"	"CASSQGLAGARTQYF"	"TCRBV3-1/3-2*1"	"TCRBD2-1*2"	"TCRBJ2-3*1"	-1	50	64	69	51	5	NA	NA	"AATTCCCTGGAGCTTGGTGACTCTGCTGTGTATTTCTGTGCCAGCAGCCAGGGACTAGCGGGAGCGAGAACGCAGTATTTTGGCCCA"	FALSE	TRUE	NA	NA	NA	NA
"ATGAATGTGAGCACCTTGGAGCTGGGGGACTCGGCCCTTTATCTTTGCGCCAGCAGCGGGGGGATCAATGAGCAGTTCTTCGGGCCA"	"CASSGGINEQFF"	"ATGAATGTGAGCACCTTGGAGCTGGGGGACTCGGCCCTTTATCTTTGCGCCAGCAGCGGGGGGATCAATGAGCAGTTCTTCGGGCCA"	"CASSGGINEQFF"	"TCRBV5-1*1"	"TCRBD2-1*1"	"TCRBJ2-1*1"	-1	57	63	65	58	2	NA	NA	"ATGAATGTGAGCACCTTGGAGCTGGGGGACTCGGCCCTTTATCTTTGCGCCAGCAGCGGGGGGATCAATGAGCAGTTCTTCGGGCCA"	FALSE	TRUE	NA	NA	NA	NA
"ACAGTGACCAGTGCCCATCCTGAAGACAGCAGCTTCTACATCTGCAGTGCTAGAGTAAGGGGGATCTATGGCTACACCTTCGGTTCG"	"CSARVRGIYGYTF"	"ACAGTGACCAGTGCCCATCCTGAAGACAGCAGCTTCTACATCTGCAGTGCTAGAGTAAGGGGGATCTATGGCTACACCTTCGGTTCG"	"CSARVRGIYGYTF"	NA	"TCRBD1-1*1"	"TCRBJ1-2*1"	55	57	63	65	2	2	NA	NA	"ACAGTGACCAGTGCCCATCCTGAAGACAGCAGCTTCTACATCTGCAGTGCTAGAGTAAGGGGGATCTATGGCTACACCTTCGGTTCG"	FALSE	TRUE	NA	NA	NA	NA
"CAGCCCTCAGAACCCAGGGACTCAGCTGTGTACTTCTGTGCCAGCAGTGCCGCCGACAGGGCTCGCTATGGCTACACCTTCGGTTCG"	"CASSAADRARYGYTF"	"CAGCCCTCAGAACCCAGGGACTCAGCTGTGTACTTCTGTGCCAGCAGTGCCGCCGACAGGGCTCGCTATGGCTACACCTTCGGTTCG"	"CASSAADRARYGYTF"	NA	"TCRBD1-1*1"	"TCRBJ1-2*1"	48	54	61	65	6	4	NA	NA	"CAGCCCTCAGAACCCAGGGACTCAGCTGTGTACTTCTGTGCCAGCAGTGCCGCCGACAGGGCTCGCTATGGCTACACCTTCGGTTCG"	FALSE	TRUE	NA	NA	NA	NA
"AACGCCTTGTTGCTGGGGGACTCGGCCCTCTATCTCTGTGCCAGCAGCCCCCCGGACGGAATGAACACTGAAGCTTTCTTTGGACAA"	"CASSPPDGMNTEAFF"	"AACGCCTTGTTGCTGGGGGACTCGGCCCTCTATCTCTGTGCCAGCAGCCCCCCGGACGGAATGAACACTGAAGCTTTCTTTGGACAA"	"CASSPPDGMNTEAFF"	"TCRBV5-6*1"	NA	"TCRBJ1-1*1"	48	53	57	61	5	4	NA	NA	"AACGCCTTGTTGCTGGGGGACTCGGCCCTCTATCTCTGTGCCAGCAGCCCCCCGGACGGAATGAACACTGAAGCTTTCTTTGGACAA"	FALSE	TRUE	NA	NA	NA	NA
"CAGCCTGCAGAGCTTGGGGACTCGGCCGTGTATCTCTGTGCCAGCAGCTCAAGCGGGAGTTTTACAGATACGCAGTATTTTGGCCCA"	"CASSSSGSFTDTQYF"	"CAGCCTGCAGAGCTTGGGGACTCGGCCGTGTATCTCTGTGCCAGCAGCTCAAGCGGGAGTTTTACAGATACGCAGTATTTTGGCCCA"	"CASSSSGSFTDTQYF"	"TCRBV11-3*1"	"TCRBD2-1*2"	"TCRBJ2-3*1"	49	51	59	63	2	4	NA	NA	"CAGCCTGCAGAGCTTGGGGACTCGGCCGTGTATCTCTGTGCCAGCAGCTCAAGCGGGAGTTTTACAGATACGCAGTATTTTGGCCCA"	FALSE	TRUE	NA	NA	NA	NA
"NNGCTCAGGCTGGAGTCAGCTGCTCCCTCCCAGACATCTGTGTACTTCTGTGCCAGCAGCCCGAATTATGGCTACACCTTCGGTTCG"	"CASSPNYGYTF"	"NNGCTCAGGCTGGAGTCAGCTGCTCCCTCCCAGACATCTGTGTACTTCTGTGCCAGCAGCCCGAATTATGGCTACACCTTCGGTTCG"	"CASSPNYGYTF"	NA	NA	"TCRBJ1-2*1"	59	62	64	66	3	2	NA	NA	"NNGCTCAGGCTGGAGTCAGCTGCTCCCTCCCAGACATCTGTGTACTTCTGTGCCAGCAGCCCGAATTATGGCTACACCTTCGGTTCG"	FALSE	TRUE	NA	NA	NA	NA
"CACGCCCTGCAGCCAGAAGACTCAGCCCTGTATCTCTGCGCCAGCAGCCCAGAGAGCGGTAGCAATCAGCCCCAGCATTTTGGTGAT"	"CASSPESGSNQPQHF"	"CACGCCCTGCAGCCAGAAGACTCAGCCCTGTATCTCTGCGCCAGCAGCCCAGAGAGCGGTAGCAATCAGCCCCAGCATTTTGGTGAT"	"CASSPESGSNQPQHF"	"TCRBV4-1*1"	"TCRBD2-1"	"TCRBJ1-5*1"	53	54	-1	59	1	60	NA	NA	"CACGCCCTGCAGCCAGAAGACTCAGCCCTGTATCTCTGCGCCAGCAGCCCAGAGAGCGGTAGCAATCAGCCCCAGCATTTTGGTGAT"	FALSE	TRUE	NA	NA	NA	NA
"CGCACAGAGCAGGGGGACTCGGCCATGTATCTCTGTGCCAGCAGCAACCCCACCCACGCAGGGAGCTACGAGCAGTACTTCGGGCCG"	"CASSNPTHAGSYEQYF"	"CGCACAGAGCAGGGGGACTCGGCCATGTATCTCTGTGCCAGCAGCAACCCCACCCACGCAGGGAGCTACGAGCAGTACTTCGGGCCG"	"CASSNPTHAGSYEQYF"	"TCRBV7-9*1"	NA	"TCRBJ2-7*1"	45	58	63	65	13	2	NA	NA	"CGCACAGAGCAGGGGGACTCGGCCATGTATCTCTGTGCCAGCAGCAACCCCACCCACGCAGGGAGCTACGAGCAGTACTTCGGGCCG"	FALSE	TRUE	NA	NA	NA	NA
"GCCTTGGAGCTGGAGGACTCGGCCCTGTATCTCTGTGCCAGCAGCACAGACATGGGGATACTCGGAAACACCATATATTTTGGAGAG"	"CASSTDMGILGNTIYF"	"GCCTTGGAGCTGGAGGACTCGGCCCTGTATCTCTGTGCCAGCAGCACAGACATGGGGATACTCGGAAACACCATATATTTTGGAGAG"	"CASSTDMGILGNTIYF"	"TCRBV5-8*1"	NA	"TCRBJ1-3*1"	45	54	58	63	9	5	NA	NA	"GCCTTGGAGCTGGAGGACTCGGCCCTGTATCTCTGTGCCAGCAGCACAGACATGGGGATACTCGGAAACACCATATATTTTGGAGAG"	FALSE	TRUE	NA	NA	NA	NA
"GAGATCCAGCGCACAGAGCAGGAGGACTCCGCCGTGTATCTCTGTGCCAGCAGCTCCCAGGTCGTGGGCGAGCAGTACTTCGGGCCG"	"CASSSQVVGEQYF"	"GAGATCCAGCGCACAGAGCAGGAGGACTCCGCCGTGTATCTCTGTGCCAGCAGCTCCCAGGTCGTGGGCGAGCAGTACTTCGGGCCG"	"CASSSQVVGEQYF"	"TCRBV7-8*1"	"TCRBD1-1*1"	"TCRBJ2-7*1"	55	57	61	68	2	7	NA	NA	"GAGATCCAGCGCACAGAGCAGGAGGACTCCGCCGTGTATCTCTGTGCCAGCAGCTCCCAGGTCGTGGGCGAGCAGTACTTCGGGCCG"	FALSE	TRUE	NA	NA	NA	NA
"CACGCCCTGCAGCCAGAAGACTCAGCCCTGTATCTCTGCGCCAGCAGCCGGCTGGGACTTAGCACAGATACGCAGTATTTTGGCCCA"	"CASSRLGLSTDTQYF"	"CACGCCCTGCAGCCAGAAGACTCAGCCCTGTATCTCTGCGCCAGCAGCCGGCTGGGACTTAGCACAGATACGCAGTATTTTGGCCCA"	"CASSRLGLSTDTQYF"	"TCRBV4-1*1"	"TCRBD2-1"	"TCRBJ2-3*1"	49	53	59	60	4	1	NA	NA	"CACGCCCTGCAGCCAGAAGACTCAGCCCTGTATCTCTGCGCCAGCAGCCGGCTGGGACTTAGCACAGATACGCAGTATTTTGGCCCA"	FALSE	TRUE	NA	NA	NA	NA
"CACAGAGCAGGGGGACTCGGCCATGTATCTCTGTGCCAGCAGCTTAGGACACACACGGCGTACACCGGGGAGCTGTTTTTTGGAGAA"	""	"CACAGAGCAGGGGGACTCGGCCATGTATCTCTGTGCCAGCAGCTTAGGACACACACGGCGTACACCGGGGAGCTGTTTTTTGGAGAA"	""	"TCRBV7-9*1"	"TCRBD1-1*1"	"TCRBJ2-2*1"	-1	47	51	61	48	10	NA	NA	"CACAGAGCAGGGGGACTCGGCCATGTATCTCTGTGCCAGCAGCTTAGGACACACACGGCGTACACCGGGGAGCTGTTTTTTGGAGAA"	FALSE	FALSE	NA	NA	NA	NA
"GCAGAGCTTGGGGACTCGGCCGTGTATCTCTGTGCCAGCAGCTTAGCAGCGTGGGTGGCGGGAAACAATGAGCAGTTCTTCGGGCCA"	"CASSLAAWVAGNNEQFF"	"GCAGAGCTTGGGGACTCGGCCGTGTATCTCTGTGCCAGCAGCTTAGCAGCGTGGGTGGCGGGAAACAATGAGCAGTTCTTCGGGCCA"	"CASSLAAWVAGNNEQFF"	"TCRBV11-3*1"	"TCRBD2-1*2"	"TCRBJ2-1*1"	46	57	63	64	11	1	NA	NA	"GCAGAGCTTGGGGACTCGGCCGTGTATCTCTGTGCCAGCAGCTTAGCAGCGTGGGTGGCGGGAAACAATGAGCAGTTCTTCGGGCCA"	FALSE	TRUE	NA	NA	NA	NA
"TCCCTGGAGCTTGGTGACTCTGCTGTGTATTTCTGTGCCAGCAGCCTAAGGGACTAGCGGAACTACAATGAGCAGTTCTTCGGGCCA"	"CASSLRD*RNYNEQFF"	"TCCCTGGAGCTTGGTGACTCTGCTGTGTATTTCTGTGCCAGCAGCCTAAGGGACTAGCGGAACTACAATGAGCAGTTCTTCGGGCCA"	"CASSLRD*RNYNEQFF"	"TCRBV3-1/3-2*1"	"TCRBD2-1"	"TCRBJ2-1*1"	46	49	60	62	3	2	NA	NA	"TCCCTGGAGCTTGGTGACTCTGCTGTGTATTTCTGTGCCAGCAGCCTAAGGGACTAGCGGAACTACAATGAGCAGTTCTTCGGGCCA"	FALSE	TRUE	NA	NA	NA	NA
"TTCTGGAGTCCGCCAGCACCAACCAGACATCTATGTACCTCTGTGCCACCCCCGGGACGGAGGATGGATGGCTACACCTTCGGTTCG"	""	"TTCTGGAGTCCGCCAGCACCAACCAGACATCTATGTACCTCTGTGCCACCCCCGGGACGGAGGATGGATGGCTACACCTTCGGTTCG"	""	"TCRBV28-1*1"	NA	"TCRBJ1-2*1"	48	53	58	67	5	9	NA	NA	"TTCTGGAGTCCGCCAGCACCAACCAGACATCTATGTACCTCTGTGCCACCCCCGGGACGGAGGATGGATGGCTACACCTTCGGTTCG"	FALSE	FALSE	NA	NA	NA	NA
"GGAGACACGGCACTGTATCTCTGCGCCAGCAGTCAAGCTCCGGGACAGGGGGCGCTTTTGAACACCGGGGAGCTGTTTTTTGGAGAA"	"CASSQAPGQGALLNTGELFF"	"GGAGACACGGCACTGTATCTCTGCGCCAGCAGTCAAGCTCCGGGACAGGGGGCGCTTTTGAACACCGGGGAGCTGTTTTTTGGAGAA"	"CASSQAPGQGALLNTGELFF"	"TCRBV23-1*1"	"TCRBD1-1*1"	"TCRBJ2-2*1"	36	41	53	59	5	6	NA	NA	"GGAGACACGGCACTGTATCTCTGCGCCAGCAGTCAAGCTCCGGGACAGGGGGCGCTTTTGAACACCGGGGAGCTGTTTTTTGGAGAA"	FALSE	TRUE	NA	NA	NA	NA
"GAGCAGGAGGACTCGGCCGTGTATCTCTGTGCCAGCAGCTTAGTAGGGGTGGAAGCGACCTTATATCCCGAGCAGTACTTCGGGCCG"	"CASSLVGVEATLYPEQYF"	"GAGCAGGAGGACTCGGCCGTGTATCTCTGTGCCAGCAGCTTAGTAGGGGTGGAAGCGACCTTATATCCCGAGCAGTACTTCGGGCCG"	"CASSLVGVEATLYPEQYF"	"TCRBV7-2"	"TCRBD1-1*1"	"TCRBJ2-7*1"	43	44	49	68	1	19	NA	NA	"GAGCAGGAGGACTCGGCCGTGTATCTCTGTGCCAGCAGCTTAGTAGGGGTGGAAGCGACCTTATATCCCGAGCAGTACTTCGGGCCG"	FALSE	TRUE	NA	NA	NA	NA
"GTGAGCACCTTGGAGCTGGGGGACTCGGCCCTTTATCTTTGCGCCAGCCAAAGTAGCGGGAGCACAGATACGCAGTATTTTGGCCCA"	"CASQSSGSTDTQYF"	"GTGAGCACCTTGGAGCTGGGGGACTCGGCCCTTTATCTTTGCGCCAGCCAAAGTAGCGGGAGCACAGATACGCAGTATTTTGGCCCA"	"CASQSSGSTDTQYF"	"TCRBV5-1*1"	"TCRBD2-1"	"TCRBJ2-3*1"	48	53	-1	60	5	61	NA	NA	"GTGAGCACCTTGGAGCTGGGGGACTCGGCCCTTTATCTTTGCGCCAGCCAAAGTAGCGGGAGCACAGATACGCAGTATTTTGGCCCA"	FALSE	TRUE	NA	NA	NA	NA
"GAGGACTCGGCCGTGTATCTCTGTGCCAGCAGCTTACGACAGGGGCTAGGCGGGAGGGCCGGTACAGATACGCAGTATTTTGGCCCA"	"CASSLRQGLGGRAGTDTQYF"	"GAGGACTCGGCCGTGTATCTCTGTGCCAGCAGCTTACGACAGGGGCTAGGCGGGAGGGCCGGTACAGATACGCAGTATTTTGGCCCA"	"CASSLRQGLGGRAGTDTQYF"	NA	"TCRBD2-1*2"	"TCRBJ2-3*1"	36	49	58	63	13	5	NA	NA	"GAGGACTCGGCCGTGTATCTCTGTGCCAGCAGCTTACGACAGGGGCTAGGCGGGAGGGCCGGTACAGATACGCAGTATTTTGGCCCA"	FALSE	TRUE	NA	NA	NA	NA
"AGTCTGCTGCCTCCTCCCAGACATCTGTATATTTCTGCGCCAGCAGTGAGTCTCTCGGGGCTGGCCTACGAGCAGTACTTCGGGCCG"	""	"AGTCTGCTGCCTCCTCCCAGACATCTGTATATTTCTGCGCCAGCAGTGAGTCTCTCGGGGCTGGCCTACGAGCAGTACTTCGGGCCG"	""	"TCRBV1-1"	NA	"TCRBJ2-7*1"	52	56	61	64	4	3	NA	NA	"AGTCTGCTGCCTCCTCCCAGACATCTGTATATTTCTGCGCCAGCAGTGAGTCTCTCGGGGCTGGCCTACGAGCAGTACTTCGGGCCG"	FALSE	FALSE	NA	NA	NA	NA
"CGCACAGAGCAGCGGGACTCGGCCATGTATCGCTGTGCCAGCAGCTTAGCGCCGGACAGGTGGAACACTGAAGCTTTCTTTGGACAA"	"CASSLAPDRWNTEAFF"	"CGCACAGAGCAGCGGGACTCGGCCATGTATCGCTGTGCCAGCAGCTTAGCGCCGGACAGGTGGAACACTGAAGCTTTCTTTGGACAA"	"CASSLAPDRWNTEAFF"	"TCRBV7-6*1"	"TCRBD1-1*1"	"TCRBJ1-1*1"	50	53	60	62	3	2	NA	NA	"CGCACAGAGCAGCGGGACTCGGCCATGTATCGCTGTGCCAGCAGCTTAGCGCCGGACAGGTGGAACACTGAAGCTTTCTTTGGACAA"	FALSE	TRUE	NA	NA	NA	NA
"ACCCTGCAGCCAGAAGACTCGGCCCTGTATCTCTGTGCCAGCAGCCAAGAGGAGACAGGGGGCTTTTACGAGCAGTACTTCGGGCCG"	"CASSQEETGGFYEQYF"	"ACCCTGCAGCCAGAAGACTCGGCCCTGTATCTCTGTGCCAGCAGCCAAGAGGAGACAGGGGGCTTTTACGAGCAGTACTTCGGGCCG"	"CASSQEETGGFYEQYF"	"TCRBV4-2*1"	"TCRBD1-1*1"	"TCRBJ2-7*1"	50	53	63	66	3	3	NA	NA	"ACCCTGCAGCCAGAAGACTCGGCCCTGTATCTCTGTGCCAGCAGCCAAGAGGAGACAGGGGGCTTTTACGAGCAGTACTTCGGGCCG"	FALSE	TRUE	NA	NA	NA	NA
"ACCTTGGAGCTGGGGGACTCGGCCCTTTATCTTTGCGCCAGCAGCTTGGGAGGGGGGCCACCCCCACTTGAAGCTTTCTTTGGACAA"	"CASSLGGGPPPLEAFF"	"ACCTTGGAGCTGGGGGACTCGGCCCTTTATCTTTGCGCCAGCAGCTTGGGAGGGGGGCCACCCCCACTTGAAGCTTTCTTTGGACAA"	"CASSLGGGPPPLEAFF"	"TCRBV5-1*1"	NA	"TCRBJ1-1*1"	49	50	56	68	1	12	NA	NA	"ACCTTGGAGCTGGGGGACTCGGCCCTTTATCTTTGCGCCAGCAGCTTGGGAGGGGGGCCACCCCCACTTGAAGCTTTCTTTGGACAA"	FALSE	TRUE	NA	NA	NA	NA
"CTGGGGGACTCGGCCCTTTATCTTTGCGCCAGCAGCTTGCCCGGGACAGGGGAGGACAGAGACACAGATACGCAGTATTTTGGCCCA"	"CASSLPGTGEDRDTDTQYF"	"CTGGGGGACTCGGCCCTTTATCTTTGCGCCAGCAGCTTGCCCGGGACAGGGGAGGACAGAGACACAGATACGCAGTATTTTGGCCCA"	"CASSLPGTGEDRDTDTQYF"	"TCRBV5-1*1"	"TCRBD1-1*1"	"TCRBJ2-3*1"	39	42	52	62	3	10	NA	NA	"CTGGGGGACTCGGCCCTTTATCTTTGCGCCAGCAGCTTGCCCGGGACAGGGGAGGACAGAGACACAGATACGCAGTATTTTGGCCCA"	FALSE	TRUE	NA	NA	NA	NA
"ACCAGTGCCCATCCTGAAGACAGCAGCTTCTACATCTGCAGTGCTCAACCTAGCGGGAGGGTCCTATTTGAGCAGTTCTTCGGGCCA"	"CSAQPSGRVLFEQFF"	"ACCAGTGCCCATCCTGAAGACAGCAGCTTCTACATCTGCAGTGCTCAACCTAGCGGGAGGGTCCTATTTGAGCAGTTCTTCGGGCCA"	"CSAQPSGRVLFEQFF"	NA	"TCRBD2-1*2"	"TCRBJ2-1*1"	45	49	61	68	4	7	NA	NA	"ACCAGTGCCCATCCTGAAGACAGCAGCTTCTACATCTGCAGTGCTCAACCTAGCGGGAGGGTCCTATTTGAGCAGTTCTTCGGGCCA"	FALSE	TRUE	NA	NA	NA	NA
"NTGTCGGCTGCTCCCTCCCAAACATCTGTGTACTTCTGTGCCAGCAGCCGAAGGGCCCCCTTTCTGGACGAGCAGTACTTCGGGCCG"	"CASSRRAPFLDEQYF"	"NTGTCGGCTGCTCCCTCCCAAACATCTGTGTACTTCTGTGCCAGCAGCCGAAGGGCCCCCTTTCTGGACGAGCAGTACTTCGGGCCG"	"CASSRRAPFLDEQYF"	"TCRBV6-2*2"	NA	"TCRBJ2-7*1"	49	51	55	67	2	12	NA	NA	"NTGTCGGCTGCTCCCTCCCAAACATCTGTGTACTTCTGTGCCAGCAGCCGAAGGGCCCCCTTTCTGGACGAGCAGTACTTCGGGCCG"	FALSE	TRUE	NA	NA	NA	NA
"CAGCGCACAGAGCAGGAGGACTCGGCCGTGTATCTCTGTGCCAGCAGCTCCATTCACAGGAACACCGGGGAGCTGTTTTTTGGAGAA"	"CASSSIHRNTGELFF"	"CAGCGCACAGAGCAGGAGGACTCGGCCGTGTATCTCTGTGCCAGCAGCTCCATTCACAGGAACACCGGGGAGCTGTTTTTTGGAGAA"	"CASSSIHRNTGELFF"	"TCRBV7-2"	"TCRBD1-1*1"	"TCRBJ2-2*1"	49	55	-1	59	6	60	NA	NA	"CAGCGCACAGAGCAGGAGGACTCGGCCGTGTATCTCTGTGCCAGCAGCTCCATTCACAGGAACACCGGGGAGCTGTTTTTTGGAGAA"	FALSE	TRUE	NA	NA	NA	NA
"TCCCTGATTCTGGAGTCCGCCAGCACCAACCAGACATCTATGTACCTCTGTGCCAGCAGTTACAGCTACGAGCAGTACTTCGGGCCG"	"CASSYSYEQYF"	"TCCCTGATTCTGGAGTCCGCCAGCACCAACCAGACATCTATGTACCTCTGTGCCAGCAGTTACAGCTACGAGCAGTACTTCGGGCCG"	"CASSYSYEQYF"	"TCRBV28-1*1"	"TCRBD1-1*1"	"TCRBJ2-7*1"	-1	61	-1	65	62	66	NA	NA	"TCCCTGATTCTGGAGTCCGCCAGCACCAACCAGACATCTATGTACCTCTGTGCCAGCAGTTACAGCTACGAGCAGTACTTCGGGCCG"	FALSE	TRUE	NA	NA	NA	NA
"GCCTTGTTGCTAGGGGACTCGGCCCTCTATCTCTGTGCCAGCAGCAAACGATCGGGAGAGAGAGCAGATACGCAGTATTTTGGCCCA"	"CASSKRSGERADTQYF"	"GCCTTGTTGCTAGGGGACTCGGCCCTCTATCTCTGTGCCAGCAGCAAACGATCGGGAGAGAGAGCAGATACGCAGTATTTTGGCCCA"	"CASSKRSGERADTQYF"	"TCRBV5-7*1"	"TCRBD2-1*2"	"TCRBJ2-3*1"	45	52	58	64	7	6	NA	NA	"GCCTTGTTGCTAGGGGACTCGGCCCTCTATCTCTGTGCCAGCAGCAAACGATCGGGAGAGAGAGCAGATACGCAGTATTTTGGCCCA"	FALSE	TRUE	NA	NA	NA	NA
"NNNNTGTCGGCTGCTCCCTCCCAGACATCTGTGTACTTCTGTGCCAGCAGTGGGGGCAGGGGGACCTACGAGCAGTACTTCGGGCCG"	"CASSGGRGTYEQYF"	"NNNNTGTCGGCTGCTCCCTCCCAGACATCTGTGTACTTCTGTGCCAGCAGTGGGGGCAGGGGGACCTACGAGCAGTACTTCGGGCCG"	"CASSGGRGTYEQYF"	NA	"TCRBD1-1*1"	"TCRBJ2-7*1"	52	56	63	64	4	1	NA	NA	"NNNNTGTCGGCTGCTCCCTCCCAGACATCTGTGTACTTCTGTGCCAGCAGTGGGGGCAGGGGGACCTACGAGCAGTACTTCGGGCCG"	FALSE	TRUE	NA	NA	NA	NA
"NNNNTGTCGGCTGCTCCCTCCCAGACATCTGTGTACTTCTGTGCCAGCAGTTACTACACCGACCACAATGAGCAGTTCTTCGGGCCA"	"CASSYYTDHNEQFF"	"NNNNTGTCGGCTGCTCCCTCCCAGACATCTGTGTACTTCTGTGCCAGCAGTTACTACACCGACCACAATGAGCAGTTCTTCGGGCCA"	"CASSYYTDHNEQFF"	"TCRBV6-5*1"	NA	"TCRBJ2-1*1"	55	60	63	64	5	1	NA	NA	"NNNNTGTCGGCTGCTCCCTCCCAGACATCTGTGTACTTCTGTGCCAGCAGTTACTACACCGACCACAATGAGCAGTTCTTCGGGCCA"	FALSE	TRUE	NA	NA	NA	NA
"GTGACATCGGCCCAAAAGAACCCGACAGCTTTCTATCTCTGTGCCAGTAGTATACGCACAGGGGGTGAGACCCAGTACTTCGGGCCA"	"CASSIRTGGETQYF"	"GTGACATCGGCCCAAAAGAACCCGACAGCTTTCTATCTCTGTGCCAGTAGTATACGCACAGGGGGTGAGACCCAGTACTTCGGGCCA"	"CASSIRTGGETQYF"	"TCRBV19-1*1"	"TCRBD1-1*1"	"TCRBJ2-5*1"	54	57	65	66	3	1	NA	NA	"GTGACATCGGCCCAAAAGAACCCGACAGCTTTCTATCTCTGTGCCAGTAGTATACGCACAGGGGGTGAGACCCAGTACTTCGGGCCA"	FALSE	TRUE	NA	NA	NA	NA
"ATCCAGCCTGCAAAGCTTGAGGACTCGGCCGTGTATCTCTGTGCCAGCAGCTTAGAAGGACAAGGCGTTGAAGCTTTCTTTGGACAA"	"CASSLEGQGVEAFF"	"ATCCAGCCTGCAAAGCTTGAGGACTCGGCCGTGTATCTCTGTGCCAGCAGCTTAGAAGGACAAGGCGTTGAAGCTTTCTTTGGACAA"	"CASSLEGQGVEAFF"	"TCRBV11-2*1"	"TCRBD1-1*1"	"TCRBJ1-1*1"	56	57	62	68	1	6	NA	NA	"ATCCAGCCTGCAAAGCTTGAGGACTCGGCCGTGTATCTCTGTGCCAGCAGCTTAGAAGGACAAGGCGTTGAAGCTTTCTTTGGACAA"	FALSE	TRUE	NA	NA	NA	NA
"CTGAAGATCCGGTCCACAAAGCTGGAGGACTCAGCCATGTACTTCTGTGCCAGCAGACCGGACAGGGGGGAGCTGTTTTTTGGAGAA"	"CASRPDRGELFF"	"CTGAAGATCCGGTCCACAAAGCTGGAGGACTCAGCCATGTACTTCTGTGCCAGCAGACCGGACAGGGGGGAGCTGTTTTTTGGAGAA"	"CASRPDRGELFF"	"TCRBV2-1"	"TCRBD1-1*1"	"TCRBJ2-2*1"	56	59	-1	66	3	67	NA	NA	"CTGAAGATCCGGTCCACAAAGCTGGAGGACTCAGCCATGTACTTCTGTGCCAGCAGACCGGACAGGGGGGAGCTGTTTTTTGGAGAA"	FALSE	TRUE	NA	NA	NA	NA
"CCGCTACCAGCTCCCAGACATCTGTGTACTTCTGTGCCATCAGGATTGGTTAGCGGGAGGTTTTAAGAGACCCAGTACTTCGGGCCA"	""	"CCGCTACCAGCTCCCAGACATCTGTGTACTTCTGTGCCATCAGGATTGGTTAGCGGGAGGTTTTAAGAGACCCAGTACTTCGGGCCA"	""	"TCRBV1-3*1"	"TCRBD2-1*2"	"TCRBJ2-5*1"	43	50	60	64	7	4	NA	NA	"CCGCTACCAGCTCCCAGACATCTGTGTACTTCTGTGCCATCAGGATTGGTTAGCGGGAGGTTTTAAGAGACCCAGTACTTCGGGCCA"	FALSE	FALSE	NA	NA	NA	NA
"CTGAGGATCCAGCAGGTAGTGCGAGGAGATTCGGCAGCTTATTTCTGTGCCAGCTCACCACAGGGCTATGAAGCTTTCTTTGGACAA"	"CASSPQGYEAFF"	"CTGAGGATCCAGCAGGTAGTGCGAGGAGATTCGGCAGCTTATTTCTGTGCCAGCTCACCACAGGGCTATGAAGCTTTCTTTGGACAA"	"CASSPQGYEAFF"	"TCRBV18-1*1"	NA	"TCRBJ1-1*1"	-1	61	65	68	62	3	NA	NA	"CTGAGGATCCAGCAGGTAGTGCGAGGAGATTCGGCAGCTTATTTCTGTGCCAGCTCACCACAGGGCTATGAAGCTTTCTTTGGACAA"	FALSE	TRUE	NA	NA	NA	NA
"AAGATCCAGCCCTCAGAACCCAGGGACTCAGCTGTGTACTTCTGTGCCAGCAGTTTAGCTCTTCGTCAGCCCCAGCATTTTGGTGAT"	"CASSLALRQPQHF"	"AAGATCCAGCCCTCAGAACCCAGGGACTCAGCTGTGTACTTCTGTGCCAGCAGTTTAGCTCTTCGTCAGCCCCAGCATTTTGGTGAT"	"CASSLALRQPQHF"	"TCRBV12-3/12-4*1"	"TCRBD2-1"	"TCRBJ1-5*1"	59	60	62	65	1	3	NA	NA	"AAGATCCAGCCCTCAGAACCCAGGGACTCAGCTGTGTACTTCTGTGCCAGCAGTTTAGCTCTTCGTCAGCCCCAGCATTTTGGTGAT"	FALSE	TRUE	NA	NA	NA	NA
"NNNNNNNTGTCGGCTGCTCCCTCCCAGACATCTGTGTACTTCTGTGCCAGCAGTCGACAGGATACCTACGAGCAGTACTTCGGGCCG"	"CASSRQDTYEQYF"	"NNNNNNNTGTCGGCTGCTCCCTCCCAGACATCTGTGTACTTCTGTGCCAGCAGTCGACAGGATACCTACGAGCAGTACTTCGGGCCG"	"CASSRQDTYEQYF"	"TCRBV6-5*1"	"TCRBD1-1*1"	"TCRBJ2-7*1"	54	55	61	64	1	3	NA	NA	"NNNNNNNTGTCGGCTGCTCCCTCCCAGACATCTGTGTACTTCTGTGCCAGCAGTCGACAGGATACCTACGAGCAGTACTTCGGGCCG"	FALSE	TRUE	NA	NA	NA	NA
"CCTGCAGAGCTTGGGGACTCGGCCATGTATCTCTGTGCCAGCAGCTTAAGGCGGGAGCCGTCCTACAATGAGCAGTTCTTCGGGCCA"	"CASSLRREPSYNEQFF"	"CCTGCAGAGCTTGGGGACTCGGCCATGTATCTCTGTGCCAGCAGCTTAAGGCGGGAGCCGTCCTACAATGAGCAGTTCTTCGGGCCA"	"CASSLRREPSYNEQFF"	"TCRBV11-1*1"	"TCRBD2-1*2"	"TCRBJ2-1*1"	48	50	57	60	2	3	NA	NA	"CCTGCAGAGCTTGGGGACTCGGCCATGTATCTCTGTGCCAGCAGCTTAAGGCGGGAGCCGTCCTACAATGAGCAGTTCTTCGGGCCA"	FALSE	TRUE	NA	NA	NA	NA
"CTAAACCTGAGCTCTCTGGAGCTGGGGGACTCAGCTTTGTATTTCTGTGCCAGCAGCGTATATGGTAATGAGCAGTTCTTCGGGCCA"	"CASSVYGNEQFF"	"CTAAACCTGAGCTCTCTGGAGCTGGGGGACTCAGCTTTGTATTTCTGTGCCAGCAGCGTATATGGTAATGAGCAGTTCTTCGGGCCA"	"CASSVYGNEQFF"	"TCRBV9-1*1"	NA	"TCRBJ2-1*1"	60	63	65	66	3	1	NA	NA	"CTAAACCTGAGCTCTCTGGAGCTGGGGGACTCAGCTTTGTATTTCTGTGCCAGCAGCGTATATGGTAATGAGCAGTTCTTCGGGCCA"	FALSE	TRUE	NA	NA	NA	NA
"ACCAGTGCCCATCCTGAAGACAGCAGCTTCTACATCTGCAGTGCTAGACTAGCGGAGACGAACACCGGGGAGCTGTTTTTTGGAGAA"	"CSARLAETNTGELFF"	"ACCAGTGCCCATCCTGAAGACAGCAGCTTCTACATCTGCAGTGCTAGACTAGCGGAGACGAACACCGGGGAGCTGTTTTTTGGAGAA"	"CSARLAETNTGELFF"	NA	"TCRBD2-1"	"TCRBJ2-2*1"	-1	48	55	58	49	3	NA	NA	"ACCAGTGCCCATCCTGAAGACAGCAGCTTCTACATCTGCAGTGCTAGACTAGCGGAGACGAACACCGGGGAGCTGTTTTTTGGAGAA"	FALSE	TRUE	NA	NA	NA	NA
"ACGATCCAGCGCACAGAGCAGCGGGACTCGGCCATGTATCGCTGTGCCAGCAGCTCACGGGACGACGGTGAAGCTTTCTTTGGACAA"	"CASSSRDDGEAFF"	"ACGATCCAGCGCACAGAGCAGCGGGACTCGGCCATGTATCGCTGTGCCAGCAGCTCACGGGACGACGGTGAAGCTTTCTTTGGACAA"	"CASSSRDDGEAFF"	"TCRBV7-6*1"	NA	"TCRBJ1-1*1"	55	58	63	68	3	5	NA	NA	"ACGATCCAGCGCACAGAGCAGCGGGACTCGGCCATGTATCGCTGTGCCAGCAGCTCACGGGACGACGGTGAAGCTTTCTTTGGACAA"	FALSE	TRUE	NA	NA	NA	NA
"CAGCAGGTAGTGCGAGGAGATTCGGCAGCTTATTTCTGTGCCAGCTCACCAGACAGGGGGAGCACAGATACGCAGTATTTTGGCCCA"	"CASSPDRGSTDTQYF"	"CAGCAGGTAGTGCGAGGAGATTCGGCAGCTTATTTCTGTGCCAGCTCACCAGACAGGGGGAGCACAGATACGCAGTATTTTGGCCCA"	"CASSPDRGSTDTQYF"	"TCRBV18-1*1"	"TCRBD1-1*1"	"TCRBJ2-3*1"	-1	51	-1	60	52	61	NA	NA	"CAGCAGGTAGTGCGAGGAGATTCGGCAGCTTATTTCTGTGCCAGCTCACCAGACAGGGGGAGCACAGATACGCAGTATTTTGGCCCA"	FALSE	TRUE	NA	NA	NA	NA
"NNNNNNNTGTCGGCTGCTCCCTCCCAGACATCTGTGTACTTCTGTGCCGCGGGGAGGGCCGCCTACAATGAGCAGTTCTTCGGGCCA"	"CAAGRAAYNEQFF"	"NNNNNNNTGTCGGCTGCTCCCTCCCAGACATCTGTGTACTTCTGTGCCGCGGGGAGGGCCGCCTACAATGAGCAGTTCTTCGGGCCA"	"CAAGRAAYNEQFF"	"TCRBV6-5*1"	"TCRBD2-1*2"	"TCRBJ2-1*1"	48	51	58	61	3	3	NA	NA	"NNNNNNNTGTCGGCTGCTCCCTCCCAGACATCTGTGTACTTCTGTGCCGCGGGGAGGGCCGCCTACAATGAGCAGTTCTTCGGGCCA"	FALSE	TRUE	NA	NA	NA	NA
"ACCAGGCCTGGGGGACGCAGCCATGTACCTGTGTGCCACCAGCAGGGAAACGGACAGGGCGACAATCAGCCCCAGCATTTTGGTGAT"	""	"ACCAGGCCTGGGGGACGCAGCCATGTACCTGTGTGCCACCAGCAGGGAAACGGACAGGGCGACAATCAGCCCCAGCATTTTGGTGAT"	""	"TCRBV15-1*2"	"TCRBD1-1*1"	"TCRBJ1-5*1"	45	51	59	62	6	3	NA	NA	"ACCAGGCCTGGGGGACGCAGCCATGTACCTGTGTGCCACCAGCAGGGAAACGGACAGGGCGACAATCAGCCCCAGCATTTTGGTGAT"	FALSE	FALSE	NA	NA	NA	NA
"AGCACCTTGGAGCTGGGGGACTCGGCCCTTTATCTTTGCGCCAGCAGCCCAACGGGACTAGCGGACTACGAGCAGTACTTCGGGCCG"	"CASSPTGLADYEQYF"	"AGCACCTTGGAGCTGGGGGACTCGGCCCTTTATCTTTGCGCCAGCAGCCCAACGGGACTAGCGGACTACGAGCAGTACTTCGGGCCG"	"CASSPTGLADYEQYF"	"TCRBV5-1*1"	"TCRBD2-1"	"TCRBJ2-7*1"	48	53	64	65	5	1	NA	NA	"AGCACCTTGGAGCTGGGGGACTCGGCCCTTTATCTTTGCGCCAGCAGCCCAACGGGACTAGCGGACTACGAGCAGTACTTCGGGCCG"	FALSE	TRUE	NA	NA	NA	NA
"GTGACCAGTGCCCATCCTGAAGACAGCAGCTTCTACATCTGCAGTGCTAGAGGGGGATTGGGCGACTATGGCTACACCTTCGGTTCG"	"CSARGGLGDYGYTF"	"GTGACCAGTGCCCATCCTGAAGACAGCAGCTTCTACATCTGCAGTGCTAGAGGGGGATTGGGCGACTATGGCTACACCTTCGGTTCG"	"CSARGGLGDYGYTF"	NA	NA	"TCRBJ1-2*1"	52	53	57	64	1	7	NA	NA	"GTGACCAGTGCCCATCCTGAAGACAGCAGCTTCTACATCTGCAGTGCTAGAGGGGGATTGGGCGACTATGGCTACACCTTCGGTTCG"	FALSE	TRUE	NA	NA	NA	NA
"CTGCTGTACCCTCTCAGACATCTGTGTACTTCTGTGCCAGCAGTGACTCCTTGATCGTCAGGGGGGGACGAGCAGTACTTCGGGCCG"	""	"CTGCTGTACCCTCTCAGACATCTGTGTACTTCTGTGCCAGCAGTGACTCCTTGATCGTCAGGGGGGGACGAGCAGTACTTCGGGCCG"	""	"TCRBV6-4*1"	NA	"TCRBJ2-7*1"	49	58	65	67	9	2	NA	NA	"CTGCTGTACCCTCTCAGACATCTGTGTACTTCTGTGCCAGCAGTGACTCCTTGATCGTCAGGGGGGGACGAGCAGTACTTCGGGCCG"	FALSE	FALSE	NA	NA	NA	NA
"ACGATTCAGCGCACAGAGCAGCGGGACTCGGCCATGTATCGCTGTGCCAGCAGCTTCGAAGTCACAGATACGCAGTATTTTGGCCCA"	"CASSFEVTDTQYF"	"ACGATTCAGCGCACAGAGCAGCGGGACTCGGCCATGTATCGCTGTGCCAGCAGCTTCGAAGTCACAGATACGCAGTATTTTGGCCCA"	"CASSFEVTDTQYF"	NA	NA	"TCRBJ2-3*1"	56	57	59	62	1	3	NA	NA	"ACGATTCAGCGCACAGAGCAGCGGGACTCGGCCATGTATCGCTGTGCCAGCAGCTTCGAAGTCACAGATACGCAGTATTTTGGCCCA"	FALSE	TRUE	NA	NA	NA	NA
"GCCCATCCTGAAGACAGCAGCTTCTACATCTGCAGTGCTAGAGCGGGGCTAGAACAGGGAATGTCAGAGACCCAGTACTTCGGGCCA"	"CSARAGLEQGMSETQYF"	"GCCCATCCTGAAGACAGCAGCTTCTACATCTGCAGTGCTAGAGCGGGGCTAGAACAGGGAATGTCAGAGACCCAGTACTTCGGGCCA"	"CSARAGLEQGMSETQYF"	NA	"TCRBD1-1*1"	"TCRBJ2-5*1"	43	53	59	65	10	6	NA	NA	"GCCCATCCTGAAGACAGCAGCTTCTACATCTGCAGTGCTAGAGCGGGGCTAGAACAGGGAATGTCAGAGACCCAGTACTTCGGGCCA"	FALSE	TRUE	NA	NA	NA	NA
"AACCTGAGCTCTCTGGAGCTGGGGGACTCAGCTTTGTATTTCTGTGCCAGCAGCGTCGATCATGTGGGCGTGCAGTACTTCGGGCCG"	"CASSVDHVGVQYF"	"AACCTGAGCTCTCTGGAGCTGGGGGACTCAGCTTTGTATTTCTGTGCCAGCAGCGTCGATCATGTGGGCGTGCAGTACTTCGGGCCG"	"CASSVDHVGVQYF"	"TCRBV9-1*1"	"TCRBD1-1*1"	"TCRBJ2-7*1"	56	65	69	71	9	2	NA	NA	"AACCTGAGCTCTCTGGAGCTGGGGGACTCAGCTTTGTATTTCTGTGCCAGCAGCGTCGATCATGTGGGCGTGCAGTACTTCGGGCCG"	FALSE	TRUE	NA	NA	NA	NA
"CTGATTCTGGAGTCCGCCAGCACCAACCAGACATCTATGTACCTCTGTGCCAGCAGTTTAAGGAACTATGGCTACACCTTCGGTTCG"	"CASSLRNYGYTF"	"CTGATTCTGGAGTCCGCCAGCACCAACCAGACATCTATGTACCTCTGTGCCAGCAGTTTAAGGAACTATGGCTACACCTTCGGTTCG"	"CASSLRNYGYTF"	"TCRBV28-1*1"	NA	"TCRBJ1-2*1"	-1	60	-1	63	61	64	NA	NA	"CTGATTCTGGAGTCCGCCAGCACCAACCAGACATCTATGTACCTCTGTGCCAGCAGTTTAAGGAACTATGGCTACACCTTCGGTTCG"	FALSE	TRUE	NA	NA	NA	NA
"GTGACATCGGCCCAAAAGAACCCGACAGCTTTCTATCTCTGTGCCAGTAGTGCGACGACAGCGAACACTGAAGCTTTCTTTGGACAA"	"CASSATTANTEAFF"	"GTGACATCGGCCCAAAAGAACCCGACAGCTTTCTATCTCTGTGCCAGTAGTGCGACGACAGCGAACACTGAAGCTTTCTTTGGACAA"	"CASSATTANTEAFF"	"TCRBV19-1*1"	"TCRBD1-1*1"	"TCRBJ1-1*1"	51	56	61	62	5	1	NA	NA	"GTGACATCGGCCCAAAAGAACCCGACAGCTTTCTATCTCTGTGCCAGTAGTGCGACGACAGCGAACACTGAAGCTTTCTTTGGACAA"	FALSE	TRUE	NA	NA	NA	NA
"ACTCTGACGATCCAGCGCACAGAGCAGGAGGACTCGGCCGTGTATCTCTGTGCCAGCAGCTCCGGACTAGAAGCTTTCTTTGGACAA"	"CASSSGLEAFF"	"ACTCTGACGATCCAGCGCACAGAGCAGGAGGACTCGGCCGTGTATCTCTGTGCCAGCAGCTCCGGACTAGAAGCTTTCTTTGGACAA"	"CASSSGLEAFF"	"TCRBV7-2"	"TCRBD2-1"	"TCRBJ1-1*1"	61	63	-1	69	2	70	NA	NA	"ACTCTGACGATCCAGCGCACAGAGCAGGAGGACTCGGCCGTGTATCTCTGTGCCAGCAGCTCCGGACTAGAAGCTTTCTTTGGACAA"	FALSE	TRUE	NA	NA	NA	NA
"AACGCCTTGGAGCTGGACGACTCGGCCCTGTATCTCTGTGCCAGCAAGAGGACTAGCGGGAGTTTCGATGAGCAGTTCTTCGGGCCA"	"CASKRTSGSFDEQFF"	"AACGCCTTGGAGCTGGACGACTCGGCCCTGTATCTCTGTGCCAGCAAGAGGACTAGCGGGAGTTTCGATGAGCAGTTCTTCGGGCCA"	"CASKRTSGSFDEQFF"	"TCRBV5-4*1"	"TCRBD2-1*2"	"TCRBJ2-1*1"	46	49	62	67	3	5	NA	NA	"AACGCCTTGGAGCTGGACGACTCGGCCCTGTATCTCTGTGCCAGCAAGAGGACTAGCGGGAGTTTCGATGAGCAGTTCTTCGGGCCA"	FALSE	TRUE	NA	NA	NA	NA
"AGCACCTTGGAGCTGGGGGACTCGGCCCTTTATCTTTGCGCCAGCAGCTTGAGCGCTGGGCAGGATCAGCCCCAGCATTTTGGTGAT"	"CASSLSAGQDQPQHF"	"AGCACCTTGGAGCTGGGGGACTCGGCCCTTTATCTTTGCGCCAGCAGCTTGAGCGCTGGGCAGGATCAGCCCCAGCATTTTGGTGAT"	"CASSLSAGQDQPQHF"	"TCRBV5-1*1"	NA	"TCRBJ1-5*1"	51	60	-1	64	9	65	NA	NA	"AGCACCTTGGAGCTGGGGGACTCGGCCCTTTATCTTTGCGCCAGCAGCTTGAGCGCTGGGCAGGATCAGCCCCAGCATTTTGGTGAT"	FALSE	TRUE	NA	NA	NA	NA
"CCTGCAAAGCTTGAGGACTCGGCCGTGTATCTCTGTGCCAGCAGCCCTATAGCTAGCCCCTACTACAATGAGCAGTTCTTCGGGCCA"	"CASSPIASPYYNEQFF"	"CCTGCAAAGCTTGAGGACTCGGCCGTGTATCTCTGTGCCAGCAGCCCTATAGCTAGCCCCTACTACAATGAGCAGTTCTTCGGGCCA"	"CASSPIASPYYNEQFF"	"TCRBV11-2"	"TCRBD2-1"	"TCRBJ2-1*1"	45	52	57	62	7	5	NA	NA	"CCTGCAAAGCTTGAGGACTCGGCCGTGTATCTCTGTGCCAGCAGCCCTATAGCTAGCCCCTACTACAATGAGCAGTTCTTCGGGCCA"	FALSE	TRUE	NA	NA	NA	NA
"AGTCGCCCAGCCCCAACCAGACCTCTCTGTACTTCTGTGCCAGCAGTTTTTAACCTAGGGGGCAATCAGCCCCAGCATTTTGGTGAT"	""	"AGTCGCCCAGCCCCAACCAGACCTCTCTGTACTTCTGTGCCAGCAGTTTTTAACCTAGGGGGCAATCAGCCCCAGCATTTTGGTGAT"	""	"TCRBV27-1*1"	"TCRBD1-1*1"	"TCRBJ1-5*1"	49	56	-1	61	7	62	NA	NA	"AGTCGCCCAGCCCCAACCAGACCTCTCTGTACTTCTGTGCCAGCAGTTTTTAACCTAGGGGGCAATCAGCCCCAGCATTTTGGTGAT"	FALSE	FALSE	NA	NA	NA	NA
"GAGTTGGCTGCTCCCTCCCAGACATCTGTGTACTTCTGTGCCAGCAGTTATCTGGACAGCGCTGGAAACACCATATATTTTGGAGAG"	"CASSYLDSAGNTIYF"	"GAGTTGGCTGCTCCCTCCCAGACATCTGTGTACTTCTGTGCCAGCAGTTATCTGGACAGCGCTGGAAACACCATATATTTTGGAGAG"	"CASSYLDSAGNTIYF"	"TCRBV6-6*1"	"TCRBD1-1*1"	"TCRBJ1-3*1"	50	53	59	61	3	2	NA	NA	"GAGTTGGCTGCTCCCTCCCAGACATCTGTGTACTTCTGTGCCAGCAGTTATCTGGACAGCGCTGGAAACACCATATATTTTGGAGAG"	FALSE	TRUE	NA	NA	NA	NA
"CGCCAGCACCAACCAGACATCTATGTACCTCTGTGCCAGCAGTTTCTAACCGACTAGTAGGGAGGGTACGAGCAGTACTTCGGGCCG"	""	"CGCCAGCACCAACCAGACATCTATGTACCTCTGTGCCAGCAGTTTCTAACCGACTAGTAGGGAGGGTACGAGCAGTACTTCGGGCCG"	""	"TCRBV28-1*1"	"TCRBD2-1*2"	"TCRBJ2-7*1"	45	59	-1	66	14	67	NA	NA	"CGCCAGCACCAACCAGACATCTATGTACCTCTGTGCCAGCAGTTTCTAACCGACTAGTAGGGAGGGTACGAGCAGTACTTCGGGCCG"	FALSE	FALSE	NA	NA	NA	NA
"TCCACGGAGTCAGGGGACACAGCACTGTATTTCTGTGCCAGCAGCAAAGCCTCCCGCGGAAGCGGGCGGGGGCGGTTCTTCGGGCCA"	"CASSKASRGSGRGRFF"	"TCCACGGAGTCAGGGGACACAGCACTGTATTTCTGTGCCAGCAGCAAAGCCTCCCGCGGAAGCGGGCGGGGGCGGTTCTTCGGGCCA"	"CASSKASRGSGRGRFF"	"TCRBV21-1*1"	"TCRBD2-1*1"	"TCRBJ2-1*1"	50	65	72	74	15	2	NA	NA	"TCCACGGAGTCAGGGGACACAGCACTGTATTTCTGTGCCAGCAGCAAAGCCTCCCGCGGAAGCGGGCGGGGGCGGTTCTTCGGGCCA"	FALSE	TRUE	NA	NA	NA	NA
"NTGTCGGCTGCTCCCTCCCAGACATCTGTGTACTTCTGTGCCAGCAGTGAAGGGGGGATCTACTACAATGAGCAGTTCTTCGGGCCA"	"CASSEGGIYYNEQFF"	"NTGTCGGCTGCTCCCTCCCAGACATCTGTGTACTTCTGTGCCAGCAGTGAAGGGGGGATCTACTACAATGAGCAGTTCTTCGGGCCA"	"CASSEGGIYYNEQFF"	"TCRBV6-1*1"	NA	"TCRBJ2-1*1"	-1	52	57	62	53	5	NA	NA	"NTGTCGGCTGCTCCCTCCCAGACATCTGTGTACTTCTGTGCCAGCAGTGAAGGGGGGATCTACTACAATGAGCAGTTCTTCGGGCCA"	FALSE	TRUE	NA	NA	NA	NA
"TCACTCTGGAGTCTGCTGCCTCCTCCCAGACATCTGTATATTTCTGCGCCAGCAGGGACAGCGCAAGAGACCCAGTACTTCGGGCCA"	""	"TCACTCTGGAGTCTGCTGCCTCCTCCCAGACATCTGTATATTTCTGCGCCAGCAGGGACAGCGCAAGAGACCCAGTACTTCGGGCCA"	""	"TCRBV1-1*1"	"TCRBD1-1*1"	"TCRBJ2-5*1"	-1	55	61	63	56	2	NA	NA	"TCACTCTGGAGTCTGCTGCCTCCTCCCAGACATCTGTATATTTCTGCGCCAGCAGGGACAGCGCAAGAGACCCAGTACTTCGGGCCA"	FALSE	FALSE	NA	NA	NA	NA
"CTTGACATCCGCTCACCAGGCCTGGGGGACGCAGCCATGTACCTGTGTGCCACCAGCAGAGCAGGAGCAACGCTGTTTTTTGGCAGT"	"CATSRAGATLFF"	"CTTGACATCCGCTCACCAGGCCTGGGGGACGCAGCCATGTACCTGTGTGCCACCAGCAGAGCAGGAGCAACGCTGTTTTTTGGCAGT"	"CATSRAGATLFF"	"TCRBV15-1*2"	NA	"TCRBJ1-4*1"	-1	61	65	72	62	7	NA	NA	"CTTGACATCCGCTCACCAGGCCTGGGGGACGCAGCCATGTACCTGTGTGCCACCAGCAGAGCAGGAGCAACGCTGTTTTTTGGCAGT"	FALSE	TRUE	NA	NA	NA	NA
"GTGACATCGGCCCAAAAGAACCCGACAGCTTTCTATCTCTGTGCCAGTAGTCTCGGACTAGTTAGGAATGAGCAGTTCTTCGGGCCA"	"CASSLGLVRNEQFF"	"GTGACATCGGCCCAAAAGAACCCGACAGCTTTCTATCTCTGTGCCAGTAGTCTCGGACTAGTTAGGAATGAGCAGTTCTTCGGGCCA"	"CASSLGLVRNEQFF"	"TCRBV19-1*1"	"TCRBD2-1"	"TCRBJ2-1*1"	51	54	61	66	3	5	NA	NA	"GTGACATCGGCCCAAAAGAACCCGACAGCTTTCTATCTCTGTGCCAGTAGTCTCGGACTAGTTAGGAATGAGCAGTTCTTCGGGCCA"	FALSE	TRUE	NA	NA	NA	NA
"GAAGATCCGGTCCACAAAGCTGGAGGACTCAGCCATGTACTTCTGTGCCAGCAGGGTAGGGCCAAAAACATTCAGTACTTCGGCGCC"	""	"GAAGATCCGGTCCACAAAGCTGGAGGACTCAGCCATGTACTTCTGTGCCAGCAGGGTAGGGCCAAAAACATTCAGTACTTCGGCGCC"	""	"TCRBV2-1"	NA	"TCRBJ2-4*1"	54	57	-1	60	3	61	NA	NA	"GAAGATCCGGTCCACAAAGCTGGAGGACTCAGCCATGTACTTCTGTGCCAGCAGGGTAGGGCCAAAAACATTCAGTACTTCGGCGCC"	FALSE	FALSE	NA	NA	NA	NA
"ACGCCTTGTTGCTGGGGGACTCGGCCCTGTATCTCTGTGCCAGCAGCTGGGACTGGCCATTCCTACAATGAGCAGTTCTTCGGGCCA"	""	"ACGCCTTGTTGCTGGGGGACTCGGCCCTGTATCTCTGTGCCAGCAGCTGGGACTGGCCATTCCTACAATGAGCAGTTCTTCGGGCCA"	""	"TCRBV5-5*1"	"TCRBD2-1"	"TCRBJ2-1*1"	-1	48	54	60	49	6	NA	NA	"ACGCCTTGTTGCTGGGGGACTCGGCCCTGTATCTCTGTGCCAGCAGCTGGGACTGGCCATTCCTACAATGAGCAGTTCTTCGGGCCA"	FALSE	FALSE	NA	NA	NA	NA
"GACTCCGCCGTGTATCTCTGTGCCAGCAGCTTAGGTTCGGCGGGAGTCGTGAATGGGAGCTCCTACAATGAGCAGTTCTTCGGGCCA"	"CASSLGSAGVVNGSSYNEQFF"	"GACTCCGCCGTGTATCTCTGTGCCAGCAGCTTAGGTTCGGCGGGAGTCGTGAATGGGAGCTCCTACAATGAGCAGTTCTTCGGGCCA"	"CASSLGSAGVVNGSSYNEQFF"	"TCRBV7-8"	"TCRBD2-1*2"	"TCRBJ2-1*1"	34	39	46	59	5	13	NA	NA	"GACTCCGCCGTGTATCTCTGTGCCAGCAGCTTAGGTTCGGCGGGAGTCGTGAATGGGAGCTCCTACAATGAGCAGTTCTTCGGGCCA"	FALSE	TRUE	NA	NA	NA	NA
"ACATCGGCCCAAAAGAACCCGACAGCTTTCTATCTCTGTGCCAGTAGTATAGAAGGGTTTCCTGTGTCTGGCTACACCTTCGGTTCG"	"CASSIEGFPVSGYTF"	"ACATCGGCCCAAAAGAACCCGACAGCTTTCTATCTCTGTGCCAGTAGTATAGAAGGGTTTCCTGTGTCTGGCTACACCTTCGGTTCG"	"CASSIEGFPVSGYTF"	"TCRBV19-1*1"	NA	"TCRBJ1-2*1"	-1	53	57	68	54	11	NA	NA	"ACATCGGCCCAAAAGAACCCGACAGCTTTCTATCTCTGTGCCAGTAGTATAGAAGGGTTTCCTGTGTCTGGCTACACCTTCGGTTCG"	FALSE	TRUE	NA	NA	NA	NA
"CTTGGTGACTCTGCTGTGTATTTCTGTGCCAGCAGCCAAGGTCCGCGGCTAGCGGGAGTTGGGACCGGGGAGCTGTTTTTTGGAGAA"	"CASSQGPRLAGVGTGELFF"	"CTTGGTGACTCTGCTGTGTATTTCTGTGCCAGCAGCCAAGGTCCGCGGCTAGCGGGAGTTGGGACCGGGGAGCTGTTTTTTGGAGAA"	"CASSQGPRLAGVGTGELFF"	"TCRBV3-1/3-2*1"	"TCRBD2-1*2"	"TCRBJ2-2*1"	40	48	58	63	8	5	NA	NA	"CTTGGTGACTCTGCTGTGTATTTCTGTGCCAGCAGCCAAGGTCCGCGGCTAGCGGGAGTTGGGACCGGGGAGCTGTTTTTTGGAGAA"	FALSE	TRUE	NA	NA	NA	NA
"GCGAGGAGATTCGGCAGCTTATTTCTGTGCCAGCTCAACCTCGGGACACTGTTCCACTCCTATAATTCACCCCTCCACTTTGGGAAT"	""	"GCGAGGAGATTCGGCAGCTTATTTCTGTGCCAGCTCAACCTCGGGACACTGTTCCACTCCTATAATTCACCCCTCCACTTTGGGAAT"	""	"TCRBV18-1*1"	"TCRBD1-1*1"	"TCRBJ1-6*1"	37	42	48	56	5	8	NA	NA	"GCGAGGAGATTCGGCAGCTTATTTCTGTGCCAGCTCAACCTCGGGACACTGTTCCACTCCTATAATTCACCCCTCCACTTTGGGAAT"	FALSE	FALSE	NA	NA	NA	NA
"ACTCGGCCGTGTATCTCTGTGCCAGCAGCTTAGTGGGGTTTGAACCCTCACCTAAGGCGGGACAGATTCGAGCAGTACTTCGGGCCG"	""	"ACTCGGCCGTGTATCTCTGTGCCAGCAGCTTAGTGGGGTTTGAACCCTCACCTAAGGCGGGACAGATTCGAGCAGTACTTCGGGCCG"	""	NA	"TCRBD1-1*1"	"TCRBJ2-7*1"	33	58	65	68	25	3	NA	NA	"ACTCGGCCGTGTATCTCTGTGCCAGCAGCTTAGTGGGGTTTGAACCCTCACCTAAGGCGGGACAGATTCGAGCAGTACTTCGGGCCG"	FALSE	FALSE	NA	NA	NA	NA
"GTGAGCACCTTGGAGCTGGGGGACTCGGCCCTTTATCTTTGCGCCAGCAGCACAGGACAGGGGATTCAGCCCCAGCATTTTGGTGAT"	"CASSTGQGIQPQHF"	"GTGAGCACCTTGGAGCTGGGGGACTCGGCCCTTTATCTTTGCGCCAGCAGCACAGGACAGGGGATTCAGCCCCAGCATTTTGGTGAT"	"CASSTGQGIQPQHF"	"TCRBV5-1*1"	"TCRBD1-1*1"	"TCRBJ1-5*1"	51	54	63	65	3	2	NA	NA	"GTGAGCACCTTGGAGCTGGGGGACTCGGCCCTTTATCTTTGCGCCAGCAGCACAGGACAGGGGATTCAGCCCCAGCATTTTGGTGAT"	FALSE	TRUE	NA	NA	NA	NA
"CAGCCCTCAGAACCCAGGGACTCAGCTGTGTACTTCTGTGCCAGCAGTCTAGCGGGAGCGAACACCGGGGAGCTGTTTTTTGGAGAA"	"CASSLAGANTGELFF"	"CAGCCCTCAGAACCCAGGGACTCAGCTGTGTACTTCTGTGCCAGCAGTCTAGCGGGAGCGAACACCGGGGAGCTGTTTTTTGGAGAA"	"CASSLAGANTGELFF"	NA	"TCRBD2-1*2"	"TCRBJ2-2*1"	-1	53	-1	58	54	59	NA	NA	"CAGCCCTCAGAACCCAGGGACTCAGCTGTGTACTTCTGTGCCAGCAGTCTAGCGGGAGCGAACACCGGGGAGCTGTTTTTTGGAGAA"	FALSE	TRUE	NA	NA	NA	NA
"CGCACAGAGCAGGAGGACTCGGCCGTGTATCTCTGTGCCAGCAGCCTCCGTCTAGGACAGGGATACAATGAGCAGTTCTTCGGGCCA"	"CASSLRLGQGYNEQFF"	"CGCACAGAGCAGGAGGACTCGGCCGTGTATCTCTGTGCCAGCAGCCTCCGTCTAGGACAGGGATACAATGAGCAGTTCTTCGGGCCA"	"CASSLRLGQGYNEQFF"	"TCRBV7-2"	"TCRBD1-1*1"	"TCRBJ2-1*1"	45	54	62	63	9	1	NA	NA	"CGCACAGAGCAGGAGGACTCGGCCGTGTATCTCTGTGCCAGCAGCCTCCGTCTAGGACAGGGATACAATGAGCAGTTCTTCGGGCCA"	FALSE	TRUE	NA	NA	NA	NA
"CTGCAGCCAGAAGACTCAGCCCTGTATCTCTGCGCCAGCAGCCAAGACTGGTCCAGGATTAGGTCCTACGAGCAGTACTTCGGGCCG"	"CASSQDWSRIRSYEQYF"	"CTGCAGCCAGAAGACTCAGCCCTGTATCTCTGCGCCAGCAGCCAAGACTGGTCCAGGATTAGGTCCTACGAGCAGTACTTCGGGCCG"	"CASSQDWSRIRSYEQYF"	"TCRBV4-1*1"	"TCRBD1-1*1"	"TCRBJ2-7*1"	47	53	57	63	6	6	NA	NA	"CTGCAGCCAGAAGACTCAGCCCTGTATCTCTGCGCCAGCAGCCAAGACTGGTCCAGGATTAGGTCCTACGAGCAGTACTTCGGGCCG"	FALSE	TRUE	NA	NA	NA	NA
"CGGAGTCAGGGGACACAGCACTGTATTTCTGTGCCAGCAGCAAAGTGCTGACAGGGTGTCAGTGGGACTGAAGCTTTCTTTGGACAA"	""	"CGGAGTCAGGGGACACAGCACTGTATTTCTGTGCCAGCAGCAAAGTGCTGACAGGGTGTCAGTGGGACTGAAGCTTTCTTTGGACAA"	""	"TCRBV21-1*1"	"TCRBD1-1*1"	"TCRBJ1-1*1"	45	49	56	66	4	10	NA	NA	"CGGAGTCAGGGGACACAGCACTGTATTTCTGTGCCAGCAGCAAAGTGCTGACAGGGTGTCAGTGGGACTGAAGCTTTCTTTGGACAA"	FALSE	FALSE	NA	NA	NA	NA
"ATCCAGCCTGCAAAGCTTGAGGACTCGGCCGTGTATCTCTGTGCCAGCAGACCAGACAGTCGTGGAAACACCATATATTTTGGAGAG"	"CASRPDSRGNTIYF"	"ATCCAGCCTGCAAAGCTTGAGGACTCGGCCGTGTATCTCTGTGCCAGCAGACCAGACAGTCGTGGAAACACCATATATTTTGGAGAG"	"CASRPDSRGNTIYF"	"TCRBV11-2*1"	"TCRBD1-1*1"	"TCRBJ1-3*1"	50	54	59	62	4	3	NA	NA	"ATCCAGCCTGCAAAGCTTGAGGACTCGGCCGTGTATCTCTGTGCCAGCAGACCAGACAGTCGTGGAAACACCATATATTTTGGAGAG"	FALSE	TRUE	NA	NA	NA	NA
"NNNNNNNNNNTGTCGGCTGCTCCCTCCCAGACATCTGTGTACTTCTGTGCCAGCAGTTACCGGGGGGGGGAGCAGTACTTCGGGCCG"	"CASSYRGGEQYF"	"NNNNNNNNNNTGTCGGCTGCTCCCTCCCAGACATCTGTGTACTTCTGTGCCAGCAGTTACCGGGGGGGGGAGCAGTACTTCGGGCCG"	"CASSYRGGEQYF"	"TCRBV6-5*1"	"TCRBD2-1*1"	"TCRBJ2-7*1"	-1	60	68	69	61	1	NA	NA	"NNNNNNNNNNTGTCGGCTGCTCCCTCCCAGACATCTGTGTACTTCTGTGCCAGCAGTTACCGGGGGGGGGAGCAGTACTTCGGGCCG"	FALSE	TRUE	NA	NA	NA	NA
"TAGAGTCTGCCATCCCCAACCAGACAGCTCTTTACTTCTGTGCCACCAGTGATCGGGCCCTCCTACAATGAGCAGTTCTTCGGGCCA"	""	"TAGAGTCTGCCATCCCCAACCAGACAGCTCTTTACTTCTGTGCCACCAGTGATCGGGCCCTCCTACAATGAGCAGTTCTTCGGGCCA"	""	"TCRBV24-1*1"	NA	"TCRBJ2-1*1"	53	54	58	59	1	1	NA	NA	"TAGAGTCTGCCATCCCCAACCAGACAGCTCTTTACTTCTGTGCCACCAGTGATCGGGCCCTCCTACAATGAGCAGTTCTTCGGGCCA"	FALSE	FALSE	NA	NA	NA	NA
"CAGTCCACGGAGTCAGGGGACACAGCACTGTATTTCTGTGCCAGTAAACTTCCAAGGACAGGTCGTAACGAGCAGTACTTCGGGCCG"	"CASKLPRTGRNEQYF"	"CAGTCCACGGAGTCAGGGGACACAGCACTGTATTTCTGTGCCAGTAAACTTCCAAGGACAGGTCGTAACGAGCAGTACTTCGGGCCG"	"CASKLPRTGRNEQYF"	"TCRBV21-1*1"	"TCRBD1-1*1"	"TCRBJ2-7*1"	44	55	62	67	11	5	NA	NA	"CAGTCCACGGAGTCAGGGGACACAGCACTGTATTTCTGTGCCAGTAAACTTCCAAGGACAGGTCGTAACGAGCAGTACTTCGGGCCG"	FALSE	TRUE	NA	NA	NA	NA
"NNNNNNNNNNTGTCGGCTGCTCCCTCCCAGACATCTGTGTACTTCTGTGCCAGCACCTTAAGGGCTTCTACGCAGTATTTTGGCCCA"	"CASTLRASTQYF"	"NNNNNNNNNNTGTCGGCTGCTCCCTCCCAGACATCTGTGTACTTCTGTGCCAGCACCTTAAGGGCTTCTACGCAGTATTTTGGCCCA"	"CASTLRASTQYF"	"TCRBV6-5*1"	NA	"TCRBJ2-3*1"	55	60	64	68	5	4	NA	NA	"NNNNNNNNNNTGTCGGCTGCTCCCTCCCAGACATCTGTGTACTTCTGTGCCAGCACCTTAAGGGCTTCTACGCAGTATTTTGGCCCA"	FALSE	TRUE	NA	NA	NA	NA
"TCCCTGGAGCTTGGTGACTCTGCTGTGTATTTCTGTGCCAGCAGCCAAGGACTAGCGGGATCAGGAGATACGCAGTATTTTGGCCCA"	"CASSQGLAGSGDTQYF"	"TCCCTGGAGCTTGGTGACTCTGCTGTGTATTTCTGTGCCAGCAGCCAAGGACTAGCGGGATCAGGAGATACGCAGTATTTTGGCCCA"	"CASSQGLAGSGDTQYF"	"TCRBV3-1/3-2*1"	"TCRBD2-1*2"	"TCRBJ2-3*1"	-1	49	60	65	50	5	NA	NA	"TCCCTGGAGCTTGGTGACTCTGCTGTGTATTTCTGTGCCAGCAGCCAAGGACTAGCGGGATCAGGAGATACGCAGTATTTTGGCCCA"	FALSE	TRUE	NA	NA	NA	NA
"CTGGAGTCCGCCAGCACCAACCAGACATCTATGTACCTCTGTGCCAGCAGAAAGGGTGGATGGGATGAAAAACTGTTTTTTGGCAGT"	"CASRKGGWDEKLFF"	"CTGGAGTCCGCCAGCACCAACCAGACATCTATGTACCTCTGTGCCAGCAGAAAGGGTGGATGGGATGAAAAACTGTTTTTTGGCAGT"	"CASRKGGWDEKLFF"	"TCRBV28-1*1"	NA	"TCRBJ1-4*1"	50	52	56	64	2	8	NA	NA	"CTGGAGTCCGCCAGCACCAACCAGACATCTATGTACCTCTGTGCCAGCAGAAAGGGTGGATGGGATGAAAAACTGTTTTTTGGCAGT"	FALSE	TRUE	NA	NA	NA	NA
"NTGTCGGCTGCTCCCTCCCAAACATCTGTGTACTTCTGTGCCAGCAGGTCGCGGGAGTTCCCCTACAATGAGCAGTTCTTCGGGCCA"	"CASRSREFPYNEQFF"	"NTGTCGGCTGCTCCCTCCCAAACATCTGTGTACTTCTGTGCCAGCAGGTCGCGGGAGTTCCCCTACAATGAGCAGTTCTTCGGGCCA"	"CASRSREFPYNEQFF"	NA	"TCRBD2-1*2"	"TCRBJ2-1*1"	47	50	57	61	3	4	NA	NA	"NTGTCGGCTGCTCCCTCCCAAACATCTGTGTACTTCTGTGCCAGCAGGTCGCGGGAGTTCCCCTACAATGAGCAGTTCTTCGGGCCA"	FALSE	TRUE	NA	NA	NA	NA
"AGCACCTTGGAGCTGGGGGACTCGGCCCTTTATCTTTGCGCCAGCAGCTTTGATCCGGGACAGCAAGAGACCCAGTACTTCGGGCCA"	"CASSFDPGQQETQYF"	"AGCACCTTGGAGCTGGGGGACTCGGCCCTTTATCTTTGCGCCAGCAGCTTTGATCCGGGACAGCAAGAGACCCAGTACTTCGGGCCA"	"CASSFDPGQQETQYF"	"TCRBV5-1*1"	"TCRBD1-1*1"	"TCRBJ2-5*1"	50	56	-1	63	6	64	NA	NA	"AGCACCTTGGAGCTGGGGGACTCGGCCCTTTATCTTTGCGCCAGCAGCTTTGATCCGGGACAGCAAGAGACCCAGTACTTCGGGCCA"	FALSE	TRUE	NA	NA	NA	NA
"GTTGGCGTCTGCTGTACCCTCTCAGACATCTGTGTACTTCTGTGCCAGCAGTTGGCCGGGAATAATTCACCCCTCCACTTTGGGAAT"	""	"GTTGGCGTCTGCTGTACCCTCTCAGACATCTGTGTACTTCTGTGCCAGCAGTTGGCCGGGAATAATTCACCCCTCCACTTTGGGAAT"	""	"TCRBV6-4*1"	"TCRBD2-1*2"	"TCRBJ1-6*1"	52	56	-1	61	4	62	NA	NA	"GTTGGCGTCTGCTGTACCCTCTCAGACATCTGTGTACTTCTGTGCCAGCAGTTGGCCGGGAATAATTCACCCCTCCACTTTGGGAAT"	FALSE	FALSE	NA	NA	NA	NA
"TCGCCCAGCCCCAACCAGACCTCTCTGTACTTCTGTGCCAGCAGTTTATCGTACGGGGGTGGGAACTATGGCTACACCTTCGGTTCG"	"CASSLSYGGGNYGYTF"	"TCGCCCAGCCCCAACCAGACCTCTCTGTACTTCTGTGCCAGCAGTTTATCGTACGGGGGTGGGAACTATGGCTACACCTTCGGTTCG"	"CASSLSYGGGNYGYTF"	"TCRBV27-1*1"	"TCRBD2-1*1"	"TCRBJ1-2*1"	50	53	59	63	3	4	NA	NA	"TCGCCCAGCCCCAACCAGACCTCTCTGTACTTCTGTGCCAGCAGTTTATCGTACGGGGGTGGGAACTATGGCTACACCTTCGGTTCG"	FALSE	TRUE	NA	NA	NA	NA
"GTGAGCACCTTGGAGCTGGGGGACTCGGCCCTTTATCTTTGCGCCAGCAGCTTGGTAGGGGGTATTGAGACCCAGTACTTCGGGCCA"	"CASSLVGGIETQYF"	"GTGAGCACCTTGGAGCTGGGGGACTCGGCCCTTTATCTTTGCGCCAGCAGCTTGGTAGGGGGTATTGAGACCCAGTACTTCGGGCCA"	"CASSLVGGIETQYF"	"TCRBV5-1*1"	"TCRBD1-1*1"	"TCRBJ2-5*1"	55	56	62	66	1	4	NA	NA	"GTGAGCACCTTGGAGCTGGGGGACTCGGCCCTTTATCTTTGCGCCAGCAGCTTGGTAGGGGGTATTGAGACCCAGTACTTCGGGCCA"	FALSE	TRUE	NA	NA	NA	NA
"GAGCACCTTGGAGCTGGGGGACTCGGCCCTTTATCTTTGCGCCAGCCAGACCCGAGGGAGCCCTAATATGGCTACACCTTCGGTTCG"	""	"GAGCACCTTGGAGCTGGGGGACTCGGCCCTTTATCTTTGCGCCAGCCAGACCCGAGGGAGCCCTAATATGGCTACACCTTCGGTTCG"	""	"TCRBV5-1*1"	"TCRBD2-1*2"	"TCRBJ1-2*1"	46	55	60	66	9	6	NA	NA	"GAGCACCTTGGAGCTGGGGGACTCGGCCCTTTATCTTTGCGCCAGCCAGACCCGAGGGAGCCCTAATATGGCTACACCTTCGGTTCG"	FALSE	FALSE	NA	NA	NA	NA
"GTGAGCACCTTGGAGCTGGGGGACTCGGCCCTTTATCTTTGCGCCAGTCAGTCGGACAACTTTAATGAAAAACTGTTTTTTGGCAGT"	"CASQSDNFNEKLFF"	"GTGAGCACCTTGGAGCTGGGGGACTCGGCCCTTTATCTTTGCGCCAGTCAGTCGGACAACTTTAATGAAAAACTGTTTTTTGGCAGT"	"CASQSDNFNEKLFF"	"TCRBV5-1*1"	"TCRBD1-1*1"	"TCRBJ1-4*1"	47	53	58	62	6	4	NA	NA	"GTGAGCACCTTGGAGCTGGGGGACTCGGCCCTTTATCTTTGCGCCAGTCAGTCGGACAACTTTAATGAAAAACTGTTTTTTGGCAGT"	FALSE	TRUE	NA	NA	NA	NA
"CAGCGCACAGAGCGGGGGGACTCAGCCGTGTATCTCTGTGCCAGCAGCAAGACTAGCGGGATCTACAATGAGCAGTTCTTCGGGCCA"	"CASSKTSGIYNEQFF"	"CAGCGCACAGAGCGGGGGGACTCAGCCGTGTATCTCTGTGCCAGCAGCAAGACTAGCGGGATCTACAATGAGCAGTTCTTCGGGCCA"	"CASSKTSGIYNEQFF"	"TCRBV7-3*1"	"TCRBD2-1*2"	"TCRBJ2-1*1"	48	50	61	62	2	1	NA	NA	"CAGCGCACAGAGCGGGGGGACTCAGCCGTGTATCTCTGTGCCAGCAGCAAGACTAGCGGGATCTACAATGAGCAGTTCTTCGGGCCA"	FALSE	TRUE	NA	NA	NA	NA
"GCTGCTCCCTCCCAGACATCTGTGTACTTCTGTGCCAGCAGTACGGCCTCTGGGCTAGCCGACACCGGGGAGCTGTTTTTTGGAGAA"	"CASSTASGLADTGELFF"	"GCTGCTCCCTCCCAGACATCTGTGTACTTCTGTGCCAGCAGTACGGCCTCTGGGCTAGCCGACACCGGGGAGCTGTTTTTTGGAGAA"	"CASSTASGLADTGELFF"	NA	"TCRBD2-1"	"TCRBJ2-2*1"	42	54	59	61	12	2	NA	NA	"GCTGCTCCCTCCCAGACATCTGTGTACTTCTGTGCCAGCAGTACGGCCTCTGGGCTAGCCGACACCGGGGAGCTGTTTTTTGGAGAA"	FALSE	TRUE	NA	NA	NA	NA
"AGCACCTTGGAGCTGGGGGACTCGGCCCTTTATCTTTGCGCCAGCAGCGACCGGGACAGGTCATACAATGAGCAGTTCTTCGGGCCA"	"CASSDRDRSYNEQFF"	"AGCACCTTGGAGCTGGGGGACTCGGCCCTTTATCTTTGCGCCAGCAGCGACCGGGACAGGTCATACAATGAGCAGTTCTTCGGGCCA"	"CASSDRDRSYNEQFF"	"TCRBV5-1*1"	"TCRBD1-1*1"	"TCRBJ2-1*1"	48	52	60	63	4	3	NA	NA	"AGCACCTTGGAGCTGGGGGACTCGGCCCTTTATCTTTGCGCCAGCAGCGACCGGGACAGGTCATACAATGAGCAGTTCTTCGGGCCA"	FALSE	TRUE	NA	NA	NA	NA
"AGGCTGGAGTTGGCTGCTCCCTCCCAGACATCTGTGTACTTCTGTGCCAGCAGTTACGAGGGACAGGGGAAAGCTTTCTTTGGACAA"	"CASSYEGQGKAFF"	"AGGCTGGAGTTGGCTGCTCCCTCCCAGACATCTGTGTACTTCTGTGCCAGCAGTTACGAGGGACAGGGGAAAGCTTTCTTTGGACAA"	"CASSYEGQGKAFF"	"TCRBV6-6*1"	"TCRBD1-1*1"	"TCRBJ1-1*1"	57	59	69	70	2	1	NA	NA	"AGGCTGGAGTTGGCTGCTCCCTCCCAGACATCTGTGTACTTCTGTGCCAGCAGTTACGAGGGACAGGGGAAAGCTTTCTTTGGACAA"	FALSE	TRUE	NA	NA	NA	NA
"TCCAGCGCACAGAGCAGCGGGACTCGGCCATGTATCGCTGTGCCAGCAGCTTAGTGGCGTTCCCAAGAGACCCAGTACTTCGGGCCA"	""	"TCCAGCGCACAGAGCAGCGGGACTCGGCCATGTATCGCTGTGCCAGCAGCTTAGTGGCGTTCCCAAGAGACCCAGTACTTCGGGCCA"	""	"TCRBV7-6*1"	NA	"TCRBJ2-5*1"	54	55	58	62	1	4	NA	NA	"TCCAGCGCACAGAGCAGCGGGACTCGGCCATGTATCGCTGTGCCAGCAGCTTAGTGGCGTTCCCAAGAGACCCAGTACTTCGGGCCA"	FALSE	FALSE	NA	NA	NA	NA
"AAGATCCAGCCCTCAGAACCCAGGGACTCAGCTGTGTACTTCTGTGCCAGCAGTCCTCGGGACTAGCGCCGTTTGGACTTCGGGCCA"	"CASSPRD*RRLDF"	"AAGATCCAGCCCTCAGAACCCAGGGACTCAGCTGTGTACTTCTGTGCCAGCAGTCCTCGGGACTAGCGCCGTTTGGACTTCGGGCCA"	"CASSPRD*RRLDF"	"TCRBV12-3/12-4*1"	"TCRBD2-1"	"TCRBJ2-5*1"	54	58	68	76	4	8	NA	NA	"AAGATCCAGCCCTCAGAACCCAGGGACTCAGCTGTGTACTTCTGTGCCAGCAGTCCTCGGGACTAGCGCCGTTTGGACTTCGGGCCA"	FALSE	TRUE	NA	NA	NA	NA
"AGTTCTAAGAAGCTCCTTCTCAGTGACTCTGGCTTCTATCTCTGTGCCTGGAGTGTACTATTGGGGACTGAAGCTTTCTTTGGACAA"	"CAWSVLLGTEAFF"	"AGTTCTAAGAAGCTCCTTCTCAGTGACTCTGGCTTCTATCTCTGTGCCTGGAGTGTACTATTGGGGACTGAAGCTTTCTTTGGACAA"	"CAWSVLLGTEAFF"	"TCRBV3-1*1"	NA	"TCRBJ1-1*1"	56	62	-1	66	6	67	NA	NA	"AGTTCTAAGAAGCTCCTTCTCAGTGACTCTGGCTTCTATCTCTGTGCCTGGAGTGTACTATTGGGGACTGAAGCTTTCTTTGGACAA"	FALSE	TRUE	NA	NA	NA	NA
"TGGCGTCTGCTGTACCCTCTCAGACATCTGTGTACTTCTGTGCCAGCAGCAACGGCGGACGGTGCGCATGGCTACACCTTCGGTTCG"	""	"TGGCGTCTGCTGTACCCTCTCAGACATCTGTGTACTTCTGTGCCAGCAGCAACGGCGGACGGTGCGCATGGCTACACCTTCGGTTCG"	""	"TCRBV6-4*1"	NA	"TCRBJ1-2*1"	49	56	60	67	7	7	NA	NA	"TGGCGTCTGCTGTACCCTCTCAGACATCTGTGTACTTCTGTGCCAGCAGCAACGGCGGACGGTGCGCATGGCTACACCTTCGGTTCG"	FALSE	FALSE	NA	NA	NA	NA
"GACATCCGCTCACCAGGCCTGGGGGACGCAGCCATGTACCTGTGTGCCACCGCCCGCGGGACAGACTACGAGCAGTACTTCGGGCCG"	"CATARGTDYEQYF"	"GACATCCGCTCACCAGGCCTGGGGGACGCAGCCATGTACCTGTGTGCCACCGCCCGCGGGACAGACTACGAGCAGTACTTCGGGCCG"	"CATARGTDYEQYF"	"TCRBV15-1*2"	"TCRBD1-1*1"	"TCRBJ2-7*1"	51	57	64	65	6	1	NA	NA	"GACATCCGCTCACCAGGCCTGGGGGACGCAGCCATGTACCTGTGTGCCACCGCCCGCGGGACAGACTACGAGCAGTACTTCGGGCCG"	FALSE	TRUE	NA	NA	NA	NA
"TTGGAGCTGGGGGACTCGGCCCTTTATCTTTGCGCCAGCAGCTTGGCAGGACAACTACCATCTGGAAACACCATATATTTTGGAGAG"	"CASSLAGQLPSGNTIYF"	"TTGGAGCTGGGGGACTCGGCCCTTTATCTTTGCGCCAGCAGCTTGGCAGGACAACTACCATCTGGAAACACCATATATTTTGGAGAG"	"CASSLAGQLPSGNTIYF"	"TCRBV5-1*1"	"TCRBD1-1*1"	"TCRBJ1-3*1"	46	48	53	60	2	7	NA	NA	"TTGGAGCTGGGGGACTCGGCCCTTTATCTTTGCGCCAGCAGCTTGGCAGGACAACTACCATCTGGAAACACCATATATTTTGGAGAG"	FALSE	TRUE	NA	NA	NA	NA
"GCGTCTGCTGTACCCTCTCAGACATCTGTGTACTTCTGTGCCAGCAGCTCCTTTAAGACAGGGTAAGAGACCCAGTACTTCGGGCCA"	"CASSSFKTG*ETQYF"	"GCGTCTGCTGTACCCTCTCAGACATCTGTGTACTTCTGTGCCAGCAGCTCCTTTAAGACAGGGTAAGAGACCCAGTACTTCGGGCCA"	"CASSSFKTG*ETQYF"	"TCRBV6-4*1"	"TCRBD1-1*1"	"TCRBJ2-5*1"	47	56	63	64	9	1	NA	NA	"GCGTCTGCTGTACCCTCTCAGACATCTGTGTACTTCTGTGCCAGCAGCTCCTTTAAGACAGGGTAAGAGACCCAGTACTTCGGGCCA"	FALSE	TRUE	NA	NA	NA	NA
"GCTGGGGGACTCAGCTTTGTATTTCTGTGCCAGCAGCACCCGGGACAGGCGATCCCTTCCACAAACTATGGCTACACCTTCGGTTCG"	""	"GCTGGGGGACTCAGCTTTGTATTTCTGTGCCAGCAGCACCCGGGACAGGCGATCCCTTCCACAAACTATGGCTACACCTTCGGTTCG"	""	"TCRBV9-1*1"	"TCRBD1-1*1"	"TCRBJ1-2*1"	37	41	49	63	4	14	NA	NA	"GCTGGGGGACTCAGCTTTGTATTTCTGTGCCAGCAGCACCCGGGACAGGCGATCCCTTCCACAAACTATGGCTACACCTTCGGTTCG"	FALSE	FALSE	NA	NA	NA	NA
"CTTCACCTACACACCCTGCAGCCAGAAGACTCGGCCCTGTATCTCTGTGCCAGCAGCCAAGGCGGAAACACCATATATTTTGGAGAG"	"CASSQGGNTIYF"	"CTTCACCTACACACCCTGCAGCCAGAAGACTCGGCCCTGTATCTCTGTGCCAGCAGCCAAGGCGGAAACACCATATATTTTGGAGAG"	"CASSQGGNTIYF"	"TCRBV4-2*1"	NA	"TCRBJ1-3*1"	-1	61	-1	63	62	64	NA	NA	"CTTCACCTACACACCCTGCAGCCAGAAGACTCGGCCCTGTATCTCTGTGCCAGCAGCCAAGGCGGAAACACCATATATTTTGGAGAG"	FALSE	TRUE	NA	NA	NA	NA
"TCCGCCAGCACCAACCAGACATCTATGTACCTCTGTGCCAGCAGTCGACTATCAGGAAAATCCTACAATGAGCAGTTCTTCGGGCCA"	"CASSRLSGKSYNEQFF"	"TCCGCCAGCACCAACCAGACATCTATGTACCTCTGTGCCAGCAGTCGACTATCAGGAAAATCCTACAATGAGCAGTTCTTCGGGCCA"	"CASSRLSGKSYNEQFF"	"TCRBV28-1*1"	"TCRBD2-1"	"TCRBJ2-1*1"	45	46	51	60	1	9	NA	NA	"TCCGCCAGCACCAACCAGACATCTATGTACCTCTGTGCCAGCAGTCGACTATCAGGAAAATCCTACAATGAGCAGTTCTTCGGGCCA"	FALSE	TRUE	NA	NA	NA	NA
"CAGCCCTCAGAACCCAGGGACTCAGCTGTGTACTTCTGTGCCAGCAGTCCTCCGGGACTAGCTCCCTACGAGCAGTACTTCGGGCCG"	"CASSPPGLAPYEQYF"	"CAGCCCTCAGAACCCAGGGACTCAGCTGTGTACTTCTGTGCCAGCAGTCCTCCGGGACTAGCTCCCTACGAGCAGTACTTCGGGCCG"	"CASSPPGLAPYEQYF"	NA	"TCRBD2-1"	"TCRBJ2-7*1"	48	53	62	64	5	2	NA	NA	"CAGCCCTCAGAACCCAGGGACTCAGCTGTGTACTTCTGTGCCAGCAGTCCTCCGGGACTAGCTCCCTACGAGCAGTACTTCGGGCCG"	FALSE	TRUE	NA	NA	NA	NA
"NTGTCGGCTGCTCCCTCCCAGACATCTGTGTACTTCTGTGCCAGCAGTCCCATCATGTTAGCGGAGCACGAGCAGTACTTCGGGCCG"	"CASSPIMLAEHEQYF"	"NTGTCGGCTGCTCCCTCCCAGACATCTGTGTACTTCTGTGCCAGCAGTCCCATCATGTTAGCGGAGCACGAGCAGTACTTCGGGCCG"	"CASSPIMLAEHEQYF"	"TCRBV6-5*1"	"TCRBD2-1"	"TCRBJ2-7*1"	48	58	64	67	10	3	NA	NA	"NTGTCGGCTGCTCCCTCCCAGACATCTGTGTACTTCTGTGCCAGCAGTCCCATCATGTTAGCGGAGCACGAGCAGTACTTCGGGCCG"	FALSE	TRUE	NA	NA	NA	NA
"CAGCGCACAGAGCAGGGGGACTCGGCCATGTATCTCTGTGCCAGCAGCTTAAGGCCGGGGCTCGGAAACACCATATATTTTGGAGAG"	"CASSLRPGLGNTIYF"	"CAGCGCACAGAGCAGGGGGACTCGGCCATGTATCTCTGTGCCAGCAGCTTAAGGCCGGGGCTCGGAAACACCATATATTTTGGAGAG"	"CASSLRPGLGNTIYF"	"TCRBV7-9*1"	NA	"TCRBJ1-3*1"	51	56	61	63	5	2	NA	NA	"CAGCGCACAGAGCAGGGGGACTCGGCCATGTATCTCTGTGCCAGCAGCTTAAGGCCGGGGCTCGGAAACACCATATATTTTGGAGAG"	FALSE	TRUE	NA	NA	NA	NA
"CACACCCTGCAGCCAGAAGACTCGGCCCTGTATCTCTGTGCCAGCAGCCAAAGACCCGGGGCCTGGGAGACCCAGTACTTCGGGCCA"	"CASSQRPGAWETQYF"	"CACACCCTGCAGCCAGAAGACTCGGCCCTGTATCTCTGTGCCAGCAGCCAAAGACCCGGGGCCTGGGAGACCCAGTACTTCGGGCCA"	"CASSQRPGAWETQYF"	"TCRBV4-2*1"	NA	"TCRBJ2-5*1"	51	57	62	66	6	4	NA	NA	"CACACCCTGCAGCCAGAAGACTCGGCCCTGTATCTCTGTGCCAGCAGCCAAAGACCCGGGGCCTGGGAGACCCAGTACTTCGGGCCA"	FALSE	TRUE	NA	NA	NA	NA
"NNNTGTCGGCTGCTCCCTCCCAGACATCTGTGTACTTCTGTGCCAGCCCAATCGGCGGGAGGAGGGAATGAGCAGTTCTTCGGGCCA"	""	"NNNTGTCGGCTGCTCCCTCCCAGACATCTGTGTACTTCTGTGCCAGCCCAATCGGCGGGAGGAGGGAATGAGCAGTTCTTCGGGCCA"	""	"TCRBV6-5*1"	"TCRBD2-1*2"	"TCRBJ2-1*1"	47	54	62	66	7	4	NA	NA	"NNNTGTCGGCTGCTCCCTCCCAGACATCTGTGTACTTCTGTGCCAGCCCAATCGGCGGGAGGAGGGAATGAGCAGTTCTTCGGGCCA"	FALSE	FALSE	NA	NA	NA	NA
"ATCCAGCCCTCAGAACCCAGGGACTCAGCTGTGTACTTCTGTGCCAGCAGTTTAACGGGGGCCTACAATGAGCAGTTCTTCGGGCCA"	"CASSLTGAYNEQFF"	"ATCCAGCCCTCAGAACCCAGGGACTCAGCTGTGTACTTCTGTGCCAGCAGTTTAACGGGGGCCTACAATGAGCAGTTCTTCGGGCCA"	"CASSLTGAYNEQFF"	NA	"TCRBD2-1*1"	"TCRBJ2-1*1"	54	55	-1	61	1	62	NA	NA	"ATCCAGCCCTCAGAACCCAGGGACTCAGCTGTGTACTTCTGTGCCAGCAGTTTAACGGGGGCCTACAATGAGCAGTTCTTCGGGCCA"	FALSE	TRUE	NA	NA	NA	NA
"AGTTCTAAGAAGCTCCTTCTCAGTGACTCTGGCTTCTATCTCTGTGCCTGGAATGCGGGACAGGTTTATGGCTACACCTTCGGTTCG"	"CAWNAGQVYGYTF"	"AGTTCTAAGAAGCTCCTTCTCAGTGACTCTGGCTTCTATCTCTGTGCCTGGAATGCGGGACAGGTTTATGGCTACACCTTCGGTTCG"	"CAWNAGQVYGYTF"	"TCRBV3-1*1"	"TCRBD1-1*1"	"TCRBJ1-2*1"	52	56	64	66	4	2	NA	NA	"AGTTCTAAGAAGCTCCTTCTCAGTGACTCTGGCTTCTATCTCTGTGCCTGGAATGCGGGACAGGTTTATGGCTACACCTTCGGTTCG"	FALSE	TRUE	NA	NA	NA	NA
"CAGGTAGTGCGAGGAGATTCGGCAGCTTATTTCTGTGCCAGCTCACCACTGGTAGCGGCGACCTACAATGAGCAGTTCTTCGGGCCA"	"CASSPLVAATYNEQFF"	"CAGGTAGTGCGAGGAGATTCGGCAGCTTATTTCTGTGCCAGCTCACCACTGGTAGCGGCGACCTACAATGAGCAGTTCTTCGGGCCA"	"CASSPLVAATYNEQFF"	"TCRBV18-1*1"	"TCRBD2-1"	"TCRBJ2-1*1"	49	52	58	61	3	3	NA	NA	"CAGGTAGTGCGAGGAGATTCGGCAGCTTATTTCTGTGCCAGCTCACCACTGGTAGCGGCGACCTACAATGAGCAGTTCTTCGGGCCA"	FALSE	TRUE	NA	NA	NA	NA
"CAGCCTGCAAAGCTTGAGGACTCGGCCGTGTATCTCTGTGCCAGCAGCCTGGACTAGCGGGTCTACAATGAGCAGTTCTTCGGGCCA"	"CASSLD*RVYNEQFF"	"CAGCCTGCAAAGCTTGAGGACTCGGCCGTGTATCTCTGTGCCAGCAGCCTGGACTAGCGGGTCTACAATGAGCAGTTCTTCGGGCCA"	"CASSLD*RVYNEQFF"	"TCRBV11-2*1"	"TCRBD2-1"	"TCRBJ2-1*1"	48	50	61	62	2	1	NA	NA	"CAGCCTGCAAAGCTTGAGGACTCGGCCGTGTATCTCTGTGCCAGCAGCCTGGACTAGCGGGTCTACAATGAGCAGTTCTTCGGGCCA"	FALSE	TRUE	NA	NA	NA	NA
"CTGGAGTCTGCCAGGCCCTCACATACCTCTCAGTACCTCTGTGCCAGCGGGGAGGACAGGGCGTTCTACGAGCAGTACTTCGGGCCG"	"CASGEDRAFYEQYF"	"CTGGAGTCTGCCAGGCCCTCACATACCTCTCAGTACCTCTGTGCCAGCGGGGAGGACAGGGCGTTCTACGAGCAGTACTTCGGGCCG"	"CASGEDRAFYEQYF"	"TCRBV25-1*1"	"TCRBD1-1*1"	"TCRBJ2-7*1"	48	53	61	65	5	4	NA	NA	"CTGGAGTCTGCCAGGCCCTCACATACCTCTCAGTACCTCTGTGCCAGCGGGGAGGACAGGGCGTTCTACGAGCAGTACTTCGGGCCG"	FALSE	TRUE	NA	NA	NA	NA
"AAGATCCGGTCCACAAAGCTGGAGGACTCAGCCATGTACTTCTGTGCCAGCAGTGCCAGGGGGGGGGAGACCCAGTACTTCGGGCCA"	"CASSARGGETQYF"	"AAGATCCGGTCCACAAAGCTGGAGGACTCAGCCATGTACTTCTGTGCCAGCAGTGCCAGGGGGGGGGAGACCCAGTACTTCGGGCCA"	"CASSARGGETQYF"	"TCRBV2-1"	NA	"TCRBJ2-5*1"	55	56	63	66	1	3	NA	NA	"AAGATCCGGTCCACAAAGCTGGAGGACTCAGCCATGTACTTCTGTGCCAGCAGTGCCAGGGGGGGGGAGACCCAGTACTTCGGGCCA"	FALSE	TRUE	NA	NA	NA	NA
"CAGCGCACAGAGCAGGGGGACTCGGCCATGTATCTCTGTGCCAGCAGCGACAGGACAGGGAGTGCTTCTGGCTACACCTTCGGTTCG"	"CASSDRTGSASGYTF"	"CAGCGCACAGAGCAGGGGGACTCGGCCATGTATCTCTGTGCCAGCAGCGACAGGACAGGGAGTGCTTCTGGCTACACCTTCGGTTCG"	"CASSDRTGSASGYTF"	"TCRBV7-9*1"	"TCRBD1-1*1"	"TCRBJ1-2*1"	48	52	60	68	4	8	NA	NA	"CAGCGCACAGAGCAGGGGGACTCGGCCATGTATCTCTGTGCCAGCAGCGACAGGACAGGGAGTGCTTCTGGCTACACCTTCGGTTCG"	FALSE	TRUE	NA	NA	NA	NA
"GTGACCAGTGCCCATCCTGAAGACAGCAGCTTCTACATCTGCAGTGCTAGAGGGCGGGGTGTGGGAAACACCATATATTTTGGAGAG"	"CSARGRGVGNTIYF"	"GTGACCAGTGCCCATCCTGAAGACAGCAGCTTCTACATCTGCAGTGCTAGAGGGCGGGGTGTGGGAAACACCATATATTTTGGAGAG"	"CSARGRGVGNTIYF"	NA	"TCRBD2-1*1"	"TCRBJ1-3*1"	52	53	59	63	1	4	NA	NA	"GTGACCAGTGCCCATCCTGAAGACAGCAGCTTCTACATCTGCAGTGCTAGAGGGCGGGGTGTGGGAAACACCATATATTTTGGAGAG"	FALSE	TRUE	NA	NA	NA	NA
"ACCAGTGCCCATCCTGAAGACAGCAGCTTCTACATCTGCAGTGCTAGAGGGCGGACAGGGTTCACAGATACGCAGTATTTTGGCCCA"	"CSARGRTGFTDTQYF"	"ACCAGTGCCCATCCTGAAGACAGCAGCTTCTACATCTGCAGTGCTAGAGGGCGGACAGGGTTCACAGATACGCAGTATTTTGGCCCA"	"CSARGRTGFTDTQYF"	NA	"TCRBD1-1*1"	"TCRBJ2-3*1"	49	52	60	62	3	2	NA	NA	"ACCAGTGCCCATCCTGAAGACAGCAGCTTCTACATCTGCAGTGCTAGAGGGCGGACAGGGTTCACAGATACGCAGTATTTTGGCCCA"	FALSE	TRUE	NA	NA	NA	NA
"GAGTCTGCCAGGCCCTCACATACCTCTCAGTACCTCTGTGCCAGCATGGGAGCAGCGGGAGTGGGTGAGACCCAGTACTTCGGGCCA"	"CASMGAAGVGETQYF"	"GAGTCTGCCAGGCCCTCACATACCTCTCAGTACCTCTGTGCCAGCATGGGAGCAGCGGGAGTGGGTGAGACCCAGTACTTCGGGCCA"	"CASMGAAGVGETQYF"	"TCRBV25-1*1"	"TCRBD2-1*2"	"TCRBJ2-5*1"	46	53	61	66	7	5	NA	NA	"GAGTCTGCCAGGCCCTCACATACCTCTCAGTACCTCTGTGCCAGCATGGGAGCAGCGGGAGTGGGTGAGACCCAGTACTTCGGGCCA"	FALSE	TRUE	NA	NA	NA	NA
"CACGCCCTGCAGCCAGAAGACTCAGCCCTGTATCTCTGCGCCAGCAGCCAAGGCAGGGGAGGGACCTACGAGCAGTACTTCGGGCCG"	"CASSQGRGGTYEQYF"	"CACGCCCTGCAGCCAGAAGACTCAGCCCTGTATCTCTGCGCCAGCAGCCAAGGCAGGGGAGGGACCTACGAGCAGTACTTCGGGCCG"	"CASSQGRGGTYEQYF"	"TCRBV4-1*1"	"TCRBD2-1*2"	"TCRBJ2-7*1"	52	56	63	64	4	1	NA	NA	"CACGCCCTGCAGCCAGAAGACTCAGCCCTGTATCTCTGCGCCAGCAGCCAAGGCAGGGGAGGGACCTACGAGCAGTACTTCGGGCCG"	FALSE	TRUE	NA	NA	NA	NA
"CCATCCCCAACCAGACAGCTCTTTACTTCTGTGCCACCAGTGATTTTAGGGAAGGGGCAGGGAGGTTACGAGCAGTACTTCGGGCCG"	""	"CCATCCCCAACCAGACAGCTCTTTACTTCTGTGCCACCAGTGATTTTAGGGAAGGGGCAGGGAGGTTACGAGCAGTACTTCGGGCCG"	""	"TCRBV24-1*1"	"TCRBD2-1*2"	"TCRBJ2-7*1"	46	59	65	66	13	1	NA	NA	"CCATCCCCAACCAGACAGCTCTTTACTTCTGTGCCACCAGTGATTTTAGGGAAGGGGCAGGGAGGTTACGAGCAGTACTTCGGGCCG"	FALSE	FALSE	NA	NA	NA	NA
"CTGAATGTGAACGCCTTGTTGCTGGGGGACTCGGCCCTCTATCTCTGTGCCAGCAGCCGGGACAACTATGGCTACACCTTCGGTTCG"	"CASSRDNYGYTF"	"CTGAATGTGAACGCCTTGTTGCTGGGGGACTCGGCCCTCTATCTCTGTGCCAGCAGCCGGGACAACTATGGCTACACCTTCGGTTCG"	"CASSRDNYGYTF"	"TCRBV5-6*1"	NA	"TCRBJ1-2*1"	57	58	-1	63	1	64	NA	NA	"CTGAATGTGAACGCCTTGTTGCTGGGGGACTCGGCCCTCTATCTCTGTGCCAGCAGCCGGGACAACTATGGCTACACCTTCGGTTCG"	FALSE	TRUE	NA	NA	NA	NA
"CACCTACACACCCTGCAGCCAGAAGACTCGGCCCTGTATCTCTGCGCCAGCAGCCAAGAAAGGAATCTGGCCCTCCACTTTGGGAAT"	"CASSQERNLALHF"	"CACCTACACACCCTGCAGCCAGAAGACTCGGCCCTGTATCTCTGCGCCAGCAGCCAAGAAAGGAATCTGGCCCTCCACTTTGGGAAT"	"CASSQERNLALHF"	"TCRBV4-3*1"	NA	"TCRBJ1-6*1"	59	61	64	70	2	6	NA	NA	"CACCTACACACCCTGCAGCCAGAAGACTCGGCCCTGTATCTCTGCGCCAGCAGCCAAGAAAGGAATCTGGCCCTCCACTTTGGGAAT"	FALSE	TRUE	NA	NA	NA	NA
"CTGAGGATCCAGCAGGTAGTGCGAGGAGATTCGGCAGCTTATTTCTGTGCCAGCTCACCACGGCAAGAGACCCAGTACTTCGGGCCA"	"CASSPRQETQYF"	"CTGAGGATCCAGCAGGTAGTGCGAGGAGATTCGGCAGCTTATTTCTGTGCCAGCTCACCACGGCAAGAGACCCAGTACTTCGGGCCA"	"CASSPRQETQYF"	"TCRBV18-1*1"	NA	"TCRBJ2-5*1"	-1	61	-1	63	62	64	NA	NA	"CTGAGGATCCAGCAGGTAGTGCGAGGAGATTCGGCAGCTTATTTCTGTGCCAGCTCACCACGGCAAGAGACCCAGTACTTCGGGCCA"	FALSE	TRUE	NA	NA	NA	NA
"GTGCGAGGAGATTCGGCAGCTTATTTCTGTGCCAGCTCACCCCTTCGCGAAAAGCCGACAGCTAACTATGGCTACACCTTCGGTTCG"	"CASSPLREKPTANYGYTF"	"GTGCGAGGAGATTCGGCAGCTTATTTCTGTGCCAGCTCACCCCTTCGCGAAAAGCCGACAGCTAACTATGGCTACACCTTCGGTTCG"	"CASSPLREKPTANYGYTF"	"TCRBV18-1*1"	"TCRBD1-1*1"	"TCRBJ1-2*1"	41	56	-1	61	15	62	NA	NA	"GTGCGAGGAGATTCGGCAGCTTATTTCTGTGCCAGCTCACCCCTTCGCGAAAAGCCGACAGCTAACTATGGCTACACCTTCGGTTCG"	FALSE	TRUE	NA	NA	NA	NA
"TTCATGTGGTCGCACTGCAGCAAGAAGACTCAGCTGCGTATCTCTGCACCAGCAGCCGTGGGGGCCGGGGAGCTGTTTTTTGGAGAA"	""	"TTCATGTGGTCGCACTGCAGCAAGAAGACTCAGCTGCGTATCTCTGCACCAGCAGCCGTGGGGGCCGGGGAGCTGTTTTTTGGAGAA"	""	"TCRBV1-1*1"	NA	"TCRBJ2-2*1"	57	59	-1	64	2	65	NA	NA	"TTCATGTGGTCGCACTGCAGCAAGAAGACTCAGCTGCGTATCTCTGCACCAGCAGCCGTGGGGGCCGGGGAGCTGTTTTTTGGAGAA"	FALSE	FALSE	NA	NA	NA	NA
"GAGCTGGACGACTCGGCCCTGTATCTCTGTGCCAGCAGCTTGGTGTCTAGCGGAGCCCTAGCCAAAAACATTCAGTACTTCGGCGCC"	"CASSLVSSGALAKNIQYF"	"GAGCTGGACGACTCGGCCCTGTATCTCTGTGCCAGCAGCTTGGTGTCTAGCGGAGCCCTAGCCAAAAACATTCAGTACTTCGGCGCC"	"CASSLVSSGALAKNIQYF"	"TCRBV5-4*1"	"TCRBD2-1"	"TCRBJ2-4*1"	43	46	53	59	3	6	NA	NA	"GAGCTGGACGACTCGGCCCTGTATCTCTGTGCCAGCAGCTTGGTGTCTAGCGGAGCCCTAGCCAAAAACATTCAGTACTTCGGCGCC"	FALSE	TRUE	NA	NA	NA	NA
"AAGCTCCTTCTCAGTGACTCTGGCTTCTATCTCTGTGCCTGGAGTGATCCGGAGGGAGTGATCTCCTACGAGCAGTACTTCGGGCCG"	"CAWSDPEGVISYEQYF"	"AAGCTCCTTCTCAGTGACTCTGGCTTCTATCTCTGTGCCTGGAGTGATCCGGAGGGAGTGATCTCCTACGAGCAGTACTTCGGGCCG"	"CAWSDPEGVISYEQYF"	"TCRBV3-1*1"	"TCRBD2-1*2"	"TCRBJ2-7*1"	46	50	56	62	4	6	NA	NA	"AAGCTCCTTCTCAGTGACTCTGGCTTCTATCTCTGTGCCTGGAGTGATCCGGAGGGAGTGATCTCCTACGAGCAGTACTTCGGGCCG"	FALSE	TRUE	NA	NA	NA	NA
"GTGACCAGTGCCCATCCTGAAGACAGCAGCTTCTACATCTGCAGTGCTAGAGGAGGGGACACCAGTATAGAGCAGTTCTTCGGGCCA"	"CSARGGDTSIEQFF"	"GTGACCAGTGCCCATCCTGAAGACAGCAGCTTCTACATCTGCAGTGCTAGAGGAGGGGACACCAGTATAGAGCAGTTCTTCGGGCCA"	"CSARGGDTSIEQFF"	NA	"TCRBD1-1*1"	"TCRBJ2-1*1"	52	55	61	69	3	8	NA	NA	"GTGACCAGTGCCCATCCTGAAGACAGCAGCTTCTACATCTGCAGTGCTAGAGGAGGGGACACCAGTATAGAGCAGTTCTTCGGGCCA"	FALSE	TRUE	NA	NA	NA	NA
"TCCTCAGAACCGGGAGACACGGCACTGTATCTCTGCGCCAGCAGTCAACACCGGGACTAGCGGGAGGATGAGCAGTTCTTCGGGCCA"	"CASSQHRD*REDEQFF"	"TCCTCAGAACCGGGAGACACGGCACTGTATCTCTGCGCCAGCAGTCAACACCGGGACTAGCGGGAGGATGAGCAGTTCTTCGGGCCA"	"CASSQHRD*REDEQFF"	"TCRBV23-1*1"	"TCRBD2-1*2"	"TCRBJ2-1*1"	48	52	-1	67	4	68	NA	NA	"TCCTCAGAACCGGGAGACACGGCACTGTATCTCTGCGCCAGCAGTCAACACCGGGACTAGCGGGAGGATGAGCAGTTCTTCGGGCCA"	FALSE	TRUE	NA	NA	NA	NA
"CAGAACCGGGAGACACGGCACTGTATCTCTGCGCCAGCAGTCAACCGGACAGCCGAAAACTGTTCCTACGAGCAGTACTTCGGGCCG"	""	"CAGAACCGGGAGACACGGCACTGTATCTCTGCGCCAGCAGTCAACCGGACAGCCGAAAACTGTTCCTACGAGCAGTACTTCGGGCCG"	""	"TCRBV23-1*1"	"TCRBD1-1*1"	"TCRBJ2-7*1"	44	46	52	63	2	11	NA	NA	"CAGAACCGGGAGACACGGCACTGTATCTCTGCGCCAGCAGTCAACCGGACAGCCGAAAACTGTTCCTACGAGCAGTACTTCGGGCCG"	FALSE	FALSE	NA	NA	NA	NA
"CAGCCTGCAGAACTGGAGGATTCTGGAGTTTATTTCTGTGCCAGTACCCGGTCGGGACTACCAATAAATGAGCAGTTCTTCGGGCCA"	"CASTRSGLPINEQFF"	"CAGCCTGCAGAACTGGAGGATTCTGGAGTTTATTTCTGTGCCAGTACCCGGTCGGGACTACCAATAAATGAGCAGTTCTTCGGGCCA"	"CASTRSGLPINEQFF"	"TCRBV14-1*1"	"TCRBD2-1"	"TCRBJ2-1*1"	44	53	60	66	9	6	NA	NA	"CAGCCTGCAGAACTGGAGGATTCTGGAGTTTATTTCTGTGCCAGTACCCGGTCGGGACTACCAATAAATGAGCAGTTCTTCGGGCCA"	FALSE	TRUE	NA	NA	NA	NA
"ACCAGTGCCCATCCTGAAGACAGCAGCTTCTACATCTGCAGTGCTTGCAACCCGGGACAGGGGTTTACTGAAGCTTTCTTTGGACAA"	"CSACNPGQGFTEAFF"	"ACCAGTGCCCATCCTGAAGACAGCAGCTTCTACATCTGCAGTGCTTGCAACCCGGGACAGGGGTTTACTGAAGCTTTCTTTGGACAA"	"CSACNPGQGFTEAFF"	NA	"TCRBD1-1*1"	"TCRBJ1-1*1"	45	53	63	66	8	3	NA	NA	"ACCAGTGCCCATCCTGAAGACAGCAGCTTCTACATCTGCAGTGCTTGCAACCCGGGACAGGGGTTTACTGAAGCTTTCTTTGGACAA"	FALSE	TRUE	NA	NA	NA	NA
"CTGGAGTCGCCCAGCCCCAACCAGACCTCTCTGTACTTCTGTGCCAGCAGTCCCGGGGGACTCACAGATACGCAGTATTTTGGCCCA"	"CASSPGGLTDTQYF"	"CTGGAGTCGCCCAGCCCCAACCAGACCTCTCTGTACTTCTGTGCCAGCAGTCCCGGGGGACTCACAGATACGCAGTATTTTGGCCCA"	"CASSPGGLTDTQYF"	"TCRBV27-1*1"	"TCRBD2-1"	"TCRBJ2-3*1"	51	56	-1	62	5	63	NA	NA	"CTGGAGTCGCCCAGCCCCAACCAGACCTCTCTGTACTTCTGTGCCAGCAGTCCCGGGGGACTCACAGATACGCAGTATTTTGGCCCA"	FALSE	TRUE	NA	NA	NA	NA
"CTACACACCCTGCAGCCAGAAGACTCGGCCCTGTATCTCTGCGCCAGCAGCCAATTATTGGATAATCAGCCCCAGCATTTTGGTGAT"	"CASSQLLDNQPQHF"	"CTACACACCCTGCAGCCAGAAGACTCGGCCCTGTATCTCTGCGCCAGCAGCCAATTATTGGATAATCAGCCCCAGCATTTTGGTGAT"	"CASSQLLDNQPQHF"	"TCRBV4-3*1"	NA	"TCRBJ1-5*1"	54	59	62	63	5	1	NA	NA	"CTACACACCCTGCAGCCAGAAGACTCGGCCCTGTATCTCTGCGCCAGCAGCCAATTATTGGATAATCAGCCCCAGCATTTTGGTGAT"	FALSE	TRUE	NA	NA	NA	NA
"CTGAGCTCTCTGGAGCTGGGGGACTCAGCTTTGTATTTCTGTGCCAGCAGCGCGACCCTCCACAGGCAGCCCCAGCATTTTGGTGAT"	"CASSATLHRQPQHF"	"CTGAGCTCTCTGGAGCTGGGGGACTCAGCTTTGTATTTCTGTGCCAGCAGCGCGACCCTCCACAGGCAGCCCCAGCATTTTGGTGAT"	"CASSATLHRQPQHF"	"TCRBV9-1*1"	"TCRBD1-1*1"	"TCRBJ1-5*1"	52	61	-1	66	9	67	NA	NA	"CTGAGCTCTCTGGAGCTGGGGGACTCAGCTTTGTATTTCTGTGCCAGCAGCGCGACCCTCCACAGGCAGCCCCAGCATTTTGGTGAT"	FALSE	TRUE	NA	NA	NA	NA
"ATCCAGCAGGTAGTGCGAGGAGATTCGGCAGCTTATTTCTGTGCCGGAGCTTGGACTGCCCGCTACAATGAGCAGTTCTTCGGGCCA"	"CAGAWTARYNEQFF"	"ATCCAGCAGGTAGTGCGAGGAGATTCGGCAGCTTATTTCTGTGCCGGAGCTTGGACTGCCCGCTACAATGAGCAGTTCTTCGGGCCA"	"CAGAWTARYNEQFF"	"TCRBV18-1*1"	"TCRBD2-1"	"TCRBJ2-1*1"	45	52	57	62	7	5	NA	NA	"ATCCAGCAGGTAGTGCGAGGAGATTCGGCAGCTTATTTCTGTGCCGGAGCTTGGACTGCCCGCTACAATGAGCAGTTCTTCGGGCCA"	FALSE	TRUE	NA	NA	NA	NA
"ATCCGGTCCACAAAGCTGGAGGACTCAGCCATGTACTTCTGTGCCAGCAGTGATGACGGGAGCAATCAGCCCCAGCATTTTGGTGAT"	"CASSDDGSNQPQHF"	"ATCCGGTCCACAAAGCTGGAGGACTCAGCCATGTACTTCTGTGCCAGCAGTGATGACGGGAGCAATCAGCCCCAGCATTTTGGTGAT"	"CASSDDGSNQPQHF"	"TCRBV2-1"	"TCRBD2-1"	"TCRBJ1-5*1"	53	56	-1	60	3	61	NA	NA	"ATCCGGTCCACAAAGCTGGAGGACTCAGCCATGTACTTCTGTGCCAGCAGTGATGACGGGAGCAATCAGCCCCAGCATTTTGGTGAT"	FALSE	TRUE	NA	NA	NA	NA
"AACTGGAGGATTCTGGAGTTTATTTCTGTGCCAGCAGTCGTTCCGGGACTAGCGGGACGGAACACCGGGGAGCTGTTTTTTGGAGAA"	""	"AACTGGAGGATTCTGGAGTTTATTTCTGTGCCAGCAGTCGTTCCGGGACTAGCGGGACGGAACACCGGGGAGCTGTTTTTTGGAGAA"	""	"TCRBV14-1*1"	"TCRBD2-1*2"	"TCRBJ2-2*1"	37	44	57	59	7	2	NA	NA	"AACTGGAGGATTCTGGAGTTTATTTCTGTGCCAGCAGTCGTTCCGGGACTAGCGGGACGGAACACCGGGGAGCTGTTTTTTGGAGAA"	FALSE	FALSE	NA	NA	NA	NA
"AAGACTCGGCCCTGTATCTCTGCGCCAGCAGCCAAGAACGGGCTAGCGGGAGGGCCCATTGGCACAGATACGCAGTATTTTGGCCCA"	""	"AAGACTCGGCCCTGTATCTCTGCGCCAGCAGCCAAGAACGGGCTAGCGGGAGGGCCCATTGGCACAGATACGCAGTATTTTGGCCCA"	""	"TCRBV4-3*1"	"TCRBD2-1*2"	"TCRBJ2-3*1"	37	42	54	61	5	7	NA	NA	"AAGACTCGGCCCTGTATCTCTGCGCCAGCAGCCAAGAACGGGCTAGCGGGAGGGCCCATTGGCACAGATACGCAGTATTTTGGCCCA"	FALSE	FALSE	NA	NA	NA	NA
"CTACACACCCTGCAGCCAGAAGACTCGGCCCTGTATCTCTGCGCCAGCAGCCAAGACAATTGGAACACTGAAGCTTTCTTTGGACAA"	"CASSQDNWNTEAFF"	"CTACACACCCTGCAGCCAGAAGACTCGGCCCTGTATCTCTGCGCCAGCAGCCAAGACAATTGGAACACTGAAGCTTTCTTTGGACAA"	"CASSQDNWNTEAFF"	"TCRBV4-3*1"	"TCRBD1-1*1"	"TCRBJ1-1*1"	-1	56	58	62	57	4	NA	NA	"CTACACACCCTGCAGCCAGAAGACTCGGCCCTGTATCTCTGCGCCAGCAGCCAAGACAATTGGAACACTGAAGCTTTCTTTGGACAA"	FALSE	TRUE	NA	NA	NA	NA
"AGTCGCCCAGCCCCAACCAGACCTCTCTGTACTTCTGTGCCAGCAGCAATAGCGGGAAGCTCCTACAATGAGCAGTTCTTCGGGCCA"	""	"AGTCGCCCAGCCCCAACCAGACCTCTCTGTACTTCTGTGCCAGCAGCAATAGCGGGAAGCTCCTACAATGAGCAGTTCTTCGGGCCA"	""	"TCRBV27-1*1"	"TCRBD2-1*2"	"TCRBJ2-1*1"	46	49	57	59	3	2	NA	NA	"AGTCGCCCAGCCCCAACCAGACCTCTCTGTACTTCTGTGCCAGCAGCAATAGCGGGAAGCTCCTACAATGAGCAGTTCTTCGGGCCA"	FALSE	FALSE	NA	NA	NA	NA
"CTGGAGTCCGCCAGCACCAACCAGACATCTATGTACCTCTGTGCCAGCAGTTTGGAGCAGGGGTCGGAAAAACTGTTTTTTGGCAGT"	"CASSLEQGSEKLFF"	"CTGGAGTCCGCCAGCACCAACCAGACATCTATGTACCTCTGTGCCAGCAGTTTGGAGCAGGGGTCGGAAAAACTGTTTTTTGGCAGT"	"CASSLEQGSEKLFF"	"TCRBV28-1*1"	"TCRBD1-1*1"	"TCRBJ1-4*1"	53	57	63	66	4	3	NA	NA	"CTGGAGTCCGCCAGCACCAACCAGACATCTATGTACCTCTGTGCCAGCAGTTTGGAGCAGGGGTCGGAAAAACTGTTTTTTGGCAGT"	FALSE	TRUE	NA	NA	NA	NA
"CACGCCCTGCAGCCAGAAGACTCAGCCCTGTATCTCTGCGCCAGCAGCCAAGATCGACAGGGCTTCTGGGGCTACACCTTCGGTTCG"	"CASSQDRQGFWGYTF"	"CACGCCCTGCAGCCAGAAGACTCAGCCCTGTATCTCTGCGCCAGCAGCCAAGATCGACAGGGCTTCTGGGGCTACACCTTCGGTTCG"	"CASSQDRQGFWGYTF"	"TCRBV4-1*1"	"TCRBD1-1*1"	"TCRBJ1-2*1"	53	55	62	69	2	7	NA	NA	"CACGCCCTGCAGCCAGAAGACTCAGCCCTGTATCTCTGCGCCAGCAGCCAAGATCGACAGGGCTTCTGGGGCTACACCTTCGGTTCG"	FALSE	TRUE	NA	NA	NA	NA
"GAGTCGGCTGCTCCCTCCCAGACATCTGTGTACTTCTGTGCCAGCATCCCGGGACACAGTTTCTGATGTGGCTACACCTTCGGTTCG"	"CASIPGHSF*CGYTF"	"GAGTCGGCTGCTCCCTCCCAGACATCTGTGTACTTCTGTGCCAGCATCCCGGGACACAGTTTCTGATGTGGCTACACCTTCGGTTCG"	"CASIPGHSF*CGYTF"	"TCRBV6-1*1"	"TCRBD1-1*1"	"TCRBJ1-2*1"	46	50	56	68	4	12	NA	NA	"GAGTCGGCTGCTCCCTCCCAGACATCTGTGTACTTCTGTGCCAGCATCCCGGGACACAGTTTCTGATGTGGCTACACCTTCGGTTCG"	FALSE	TRUE	NA	NA	NA	NA
"GTGACCAGTGCCCATCCTGAAGACAGCAGCTTCTACATCTGCAGTGCTAGAGAAGGGGGACACAACACTGAAGCTTTCTTTGGACAA"	"CSAREGGHNTEAFF"	"GTGACCAGTGCCCATCCTGAAGACAGCAGCTTCTACATCTGCAGTGCTAGAGAAGGGGGACACAACACTGAAGCTTTCTTTGGACAA"	"CSAREGGHNTEAFF"	NA	"TCRBD1-1*1"	"TCRBJ1-1*1"	53	56	62	63	3	1	NA	NA	"GTGACCAGTGCCCATCCTGAAGACAGCAGCTTCTACATCTGCAGTGCTAGAGAAGGGGGACACAACACTGAAGCTTTCTTTGGACAA"	FALSE	TRUE	NA	NA	NA	NA
"AACGCCTTGGAGCTGGACGACTCGGCCCTGTATCTCTGTGCCAGCAGCTCCGGACTAGCGGGATACAATGAGCAGTTCTTCGGGCCA"	"CASSSGLAGYNEQFF"	"AACGCCTTGGAGCTGGACGACTCGGCCCTGTATCTCTGTGCCAGCAGCTCCGGACTAGCGGGATACAATGAGCAGTTCTTCGGGCCA"	"CASSSGLAGYNEQFF"	"TCRBV5-4*1"	"TCRBD2-1*2"	"TCRBJ2-1*1"	49	51	-1	63	2	64	NA	NA	"AACGCCTTGGAGCTGGACGACTCGGCCCTGTATCTCTGTGCCAGCAGCTCCGGACTAGCGGGATACAATGAGCAGTTCTTCGGGCCA"	FALSE	TRUE	NA	NA	NA	NA
"ACATCGGCCCAAAAGAACCCGACAGCTTTCTATCTCTGTGCCAGTAGTATATTCGGGCAGTTCAATCAGCCCCAGCATTTTGGTGAT"	"CASSIFGQFNQPQHF"	"ACATCGGCCCAAAAGAACCCGACAGCTTTCTATCTCTGTGCCAGTAGTATATTCGGGCAGTTCAATCAGCCCCAGCATTTTGGTGAT"	"CASSIFGQFNQPQHF"	"TCRBV19-1*1"	NA	"TCRBJ1-5*1"	51	54	58	62	3	4	NA	NA	"ACATCGGCCCAAAAGAACCCGACAGCTTTCTATCTCTGTGCCAGTAGTATATTCGGGCAGTTCAATCAGCCCCAGCATTTTGGTGAT"	FALSE	TRUE	NA	NA	NA	NA
"TCCACAAAGCTGGAGGACTCAGCCATGTACTTCTGTGCCAGCAGAAATGTCCTAGCGGGCTTCCAAGAGACCCAGTACTTCGGGCCA"	"CASRNVLAGFQETQYF"	"TCCACAAAGCTGGAGGACTCAGCCATGTACTTCTGTGCCAGCAGAAATGTCCTAGCGGGCTTCCAAGAGACCCAGTACTTCGGGCCA"	"CASRNVLAGFQETQYF"	"TCRBV2-1"	"TCRBD2-1"	"TCRBJ2-5*1"	44	51	59	62	7	3	NA	NA	"TCCACAAAGCTGGAGGACTCAGCCATGTACTTCTGTGCCAGCAGAAATGTCCTAGCGGGCTTCCAAGAGACCCAGTACTTCGGGCCA"	FALSE	TRUE	NA	NA	NA	NA
"AGTCCACGGAGTCAGGGGACACAGCACTGTATTTCTGTGCCAGCAGCAAAGTTGGACAGGGCGGACTATGGCTACACCTTCGGTTCG"	""	"AGTCCACGGAGTCAGGGGACACAGCACTGTATTTCTGTGCCAGCAGCAAAGTTGGACAGGGCGGACTATGGCTACACCTTCGGTTCG"	""	"TCRBV21-1*1"	"TCRBD1-1*1"	"TCRBJ1-2*1"	51	53	61	64	2	3	NA	NA	"AGTCCACGGAGTCAGGGGACACAGCACTGTATTTCTGTGCCAGCAGCAAAGTTGGACAGGGCGGACTATGGCTACACCTTCGGTTCG"	FALSE	FALSE	NA	NA	NA	NA
"AACATGAGCTCCTTGGAGCTGGGGGACTCAGCCCTGTACTTCTGTGCCAGCAGCTTAGGCTTGTATGGGGGCTACACCTTCGGTTCG"	"CASSLGLYGGYTF"	"AACATGAGCTCCTTGGAGCTGGGGGACTCAGCCCTGTACTTCTGTGCCAGCAGCTTAGGCTTGTATGGGGGCTACACCTTCGGTTCG"	"CASSLGLYGGYTF"	"TCRBV13-1*1"	NA	"TCRBJ1-2*1"	59	66	-1	69	7	70	NA	NA	"AACATGAGCTCCTTGGAGCTGGGGGACTCAGCCCTGTACTTCTGTGCCAGCAGCTTAGGCTTGTATGGGGGCTACACCTTCGGTTCG"	FALSE	TRUE	NA	NA	NA	NA
"ATCCGGTCCACAAAGCTGGAGGACTCAGCCATGTACTTCTGTGCCAGCAGTGTAGGGGGTTCGGGAGATACGCAGTATTTTGGCCCA"	"CASSVGGSGDTQYF"	"ATCCGGTCCACAAAGCTGGAGGACTCAGCCATGTACTTCTGTGCCAGCAGTGTAGGGGGTTCGGGAGATACGCAGTATTTTGGCCCA"	"CASSVGGSGDTQYF"	"TCRBV2-1"	"TCRBD1-1*1"	"TCRBJ2-3*1"	52	53	59	65	1	6	NA	NA	"ATCCGGTCCACAAAGCTGGAGGACTCAGCCATGTACTTCTGTGCCAGCAGTGTAGGGGGTTCGGGAGATACGCAGTATTTTGGCCCA"	FALSE	TRUE	NA	NA	NA	NA
"ATCCAGCCCTCAGAACCCAGGGACTCAGCTGTGTACTTCTGTGCCAGCACCCGTAGCGGATCCCAGTGGGCCCAGTACTTCGGGCCA"	"CASTRSGSQWAQYF"	"ATCCAGCCCTCAGAACCCAGGGACTCAGCTGTGTACTTCTGTGCCAGCACCCGTAGCGGATCCCAGTGGGCCCAGTACTTCGGGCCA"	"CASTRSGSQWAQYF"	NA	"TCRBD2-1"	"TCRBJ2-5*1"	49	53	59	70	4	11	NA	NA	"ATCCAGCCCTCAGAACCCAGGGACTCAGCTGTGTACTTCTGTGCCAGCACCCGTAGCGGATCCCAGTGGGCCCAGTACTTCGGGCCA"	FALSE	TRUE	NA	NA	NA	NA
"CTGAGGATCCAGCAGGTAGTGCGAGGAGATTCGGCAGCTTATTTCTGTGCCAGCTCACCAGGGATCGGGGAGCTGTTTTTTGGAGAA"	"CASSPGIGELFF"	"CTGAGGATCCAGCAGGTAGTGCGAGGAGATTCGGCAGCTTATTTCTGTGCCAGCTCACCAGGGATCGGGGAGCTGTTTTTTGGAGAA"	"CASSPGIGELFF"	"TCRBV18-1*1"	NA	"TCRBJ2-2*1"	-1	60	64	65	61	1	NA	NA	"CTGAGGATCCAGCAGGTAGTGCGAGGAGATTCGGCAGCTTATTTCTGTGCCAGCTCACCAGGGATCGGGGAGCTGTTTTTTGGAGAA"	FALSE	TRUE	NA	NA	NA	NA
"GTCAGGGGACACAGCACTGTATTTCTCGAAACCCCAACGCCCGTTCCCGGAGGGGAACCGAACACCGGGGAGCTGTTTTTTGGAGAA"	""	"GTCAGGGGACACAGCACTGTATTTCTCGAAACCCCAACGCCCGTTCCCGGAGGGGAACCGAACACCGGGGAGCTGTTTTTTGGAGAA"	""	"TCRBV21-1*1"	"TCRBD2-1*2"	"TCRBJ2-2*1"	26	48	54	58	22	4	NA	NA	"GTCAGGGGACACAGCACTGTATTTCTCGAAACCCCAACGCCCGTTCCCGGAGGGGAACCGAACACCGGGGAGCTGTTTTTTGGAGAA"	FALSE	FALSE	NA	NA	NA	NA
"GAGTCGCCCAGCCCCAACCAGACCTCTCTGTACTTCTGTGCCAGCAGTTCAGCTCGAGGGGCCCGCCAGCCCCAGCATTTTGGTGAT"	"CASSSARGARQPQHF"	"GAGTCGCCCAGCCCCAACCAGACCTCTCTGTACTTCTGTGCCAGCAGTTCAGCTCGAGGGGCCCGCCAGCCCCAGCATTTTGGTGAT"	"CASSSARGARQPQHF"	"TCRBV27-1*1"	NA	"TCRBJ1-5*1"	49	56	61	66	7	5	NA	NA	"GAGTCGCCCAGCCCCAACCAGACCTCTCTGTACTTCTGTGCCAGCAGTTCAGCTCGAGGGGCCCGCCAGCCCCAGCATTTTGGTGAT"	FALSE	TRUE	NA	NA	NA	NA
"CTGGAGTCCGCCAGCACCAACCAGACATCTATGTACCTCTGTGCCAGCAGGAGACAGGGGAGGAATTCACCCCTCCACTTTGGGAAT"	"CASRRQGRNSPLHF"	"CTGGAGTCCGCCAGCACCAACCAGACATCTATGTACCTCTGTGCCAGCAGGAGACAGGGGAGGAATTCACCCCTCCACTTTGGGAAT"	"CASRRQGRNSPLHF"	"TCRBV28-1*1"	"TCRBD1-1*1"	"TCRBJ1-6*1"	50	52	60	63	2	3	NA	NA	"CTGGAGTCCGCCAGCACCAACCAGACATCTATGTACCTCTGTGCCAGCAGGAGACAGGGGAGGAATTCACCCCTCCACTTTGGGAAT"	FALSE	TRUE	NA	NA	NA	NA
"TCACCAGGCCTGGGGGACGCAGCCATGTACCTGTGTGCCACCAGCAGACCTAGCGGGAGGGCCACAGATACGCAGTATTTTGGCCCA"	"CATSRPSGRATDTQYF"	"TCACCAGGCCTGGGGGACGCAGCCATGTACCTGTGTGCCACCAGCAGACCTAGCGGGAGGGCCACAGATACGCAGTATTTTGGCCCA"	"CATSRPSGRATDTQYF"	"TCRBV15-1*2"	"TCRBD2-1*2"	"TCRBJ2-3*1"	48	49	61	62	1	1	NA	NA	"TCACCAGGCCTGGGGGACGCAGCCATGTACCTGTGTGCCACCAGCAGACCTAGCGGGAGGGCCACAGATACGCAGTATTTTGGCCCA"	FALSE	TRUE	NA	NA	NA	NA
"TCCAGTCCACGGAGTCAGGGGACACAGCACTGTATTTCTGTGCCAGCAGCTGACACACCGGGTTGAAACATTCAGTACTTCGGCGCC"	""	"TCCAGTCCACGGAGTCAGGGGACACAGCACTGTATTTCTGTGCCAGCAGCTGACACACCGGGTTGAAACATTCAGTACTTCGGCGCC"	""	"TCRBV21-1*1"	NA	"TCRBJ2-4*1"	50	51	55	65	1	10	NA	NA	"TCCAGTCCACGGAGTCAGGGGACACAGCACTGTATTTCTGTGCCAGCAGCTGACACACCGGGTTGAAACATTCAGTACTTCGGCGCC"	FALSE	FALSE	NA	NA	NA	NA
"AAGGTGCAGCCTGCAGAACTGGAGGATTCTGGAGTTTATTTCTGTGCCAGCAGCCCCCGAGGGACTAGCGTGCAGTTCTTCGGGCCA"	"CASSPRGTSVQFF"	"AAGGTGCAGCCTGCAGAACTGGAGGATTCTGGAGTTTATTTCTGTGCCAGCAGCCCCCGAGGGACTAGCGTGCAGTTCTTCGGGCCA"	"CASSPRGTSVQFF"	"TCRBV14-1*1"	"TCRBD2-1"	"TCRBJ2-1*1"	55	60	70	71	5	1	NA	NA	"AAGGTGCAGCCTGCAGAACTGGAGGATTCTGGAGTTTATTTCTGTGCCAGCAGCCCCCGAGGGACTAGCGTGCAGTTCTTCGGGCCA"	FALSE	TRUE	NA	NA	NA	NA
"AAGAAGCTCCTTCTCAGTGACTCTGGCTTCTATCTCTGTGCCTGGAGGGGGACAGGGGGAAGTAATTCACCCCTCCACTTTGGGAAT"	"CAWRGTGGSNSPLHF"	"AAGAAGCTCCTTCTCAGTGACTCTGGCTTCTATCTCTGTGCCTGGAGGGGGACAGGGGGAAGTAATTCACCCCTCCACTTTGGGAAT"	"CAWRGTGGSNSPLHF"	"TCRBV3-1*1"	"TCRBD1-1*1"	"TCRBJ1-6*1"	47	48	59	62	1	3	NA	NA	"AAGAAGCTCCTTCTCAGTGACTCTGGCTTCTATCTCTGTGCCTGGAGGGGGACAGGGGGAAGTAATTCACCCCTCCACTTTGGGAAT"	FALSE	TRUE	NA	NA	NA	NA
"ATCCAGCCCTCAGAACCCAGGGACTCAGCTGTGTATTTTTGTGCTAGTGGTTCTCCAGGGTTATGGGAGACCCAGTACTTCGGGCCA"	"CASGSPGLWETQYF"	"ATCCAGCCCTCAGAACCCAGGGACTCAGCTGTGTATTTTTGTGCTAGTGGTTCTCCAGGGTTATGGGAGACCCAGTACTTCGGGCCA"	"CASGSPGLWETQYF"	"TCRBV12-5*1"	"TCRBD1-1*1"	"TCRBJ2-5*1"	52	55	60	66	3	6	NA	NA	"ATCCAGCCCTCAGAACCCAGGGACTCAGCTGTGTATTTTTGTGCTAGTGGTTCTCCAGGGTTATGGGAGACCCAGTACTTCGGGCCA"	FALSE	TRUE	NA	NA	NA	NA
"CTGGAGCTGGGGGACTCAGCTTTGTATTTCTGTGCCAGCAGCGTAGGCCCAATTGGCGGGAGCTCCTACGAGCAGTACTTCGGGCCG"	"CASSVGPIGGSSYEQYF"	"CTGGAGCTGGGGGACTCAGCTTTGTATTTCTGTGCCAGCAGCGTAGGCCCAATTGGCGGGAGCTCCTACGAGCAGTACTTCGGGCCG"	"CASSVGPIGGSSYEQYF"	"TCRBV9-1*1"	"TCRBD2-1*2"	"TCRBJ2-7*1"	46	55	-1	62	9	63	NA	NA	"CTGGAGCTGGGGGACTCAGCTTTGTATTTCTGTGCCAGCAGCGTAGGCCCAATTGGCGGGAGCTCCTACGAGCAGTACTTCGGGCCG"	FALSE	TRUE	NA	NA	NA	NA
"TCTAAGAAGCTCCTTCTCAGTGACTCTGGCTTCTATCTCTGTGCCTGGACGGGGAGGCGGTACAATCAGCCCCAGCATTTTGGTGAT"	"CAWTGRRYNQPQHF"	"TCTAAGAAGCTCCTTCTCAGTGACTCTGGCTTCTATCTCTGTGCCTGGACGGGGAGGCGGTACAATCAGCCCCAGCATTTTGGTGAT"	"CAWTGRRYNQPQHF"	"TCRBV3-1*1"	"TCRBD2-1*2"	"TCRBJ1-5*1"	49	51	57	62	2	5	NA	NA	"TCTAAGAAGCTCCTTCTCAGTGACTCTGGCTTCTATCTCTGTGCCTGGACGGGGAGGCGGTACAATCAGCCCCAGCATTTTGGTGAT"	FALSE	TRUE	NA	NA	NA	NA
"CTGAGTTCTAAGAAGCTCCTTCTCAGTGACTCTGGCTTCTATCTCTGTGCCTGGAGTGGTATTTTAGGCGAGCAGTACTTCGGGCCG"	"CAWSGILGEQYF"	"CTGAGTTCTAAGAAGCTCCTTCTCAGTGACTCTGGCTTCTATCTCTGTGCCTGGAGTGGTATTTTAGGCGAGCAGTACTTCGGGCCG"	"CAWSGILGEQYF"	"TCRBV3-1*1"	NA	"TCRBJ2-7*1"	58	65	-1	68	7	69	NA	NA	"CTGAGTTCTAAGAAGCTCCTTCTCAGTGACTCTGGCTTCTATCTCTGTGCCTGGAGTGGTATTTTAGGCGAGCAGTACTTCGGGCCG"	FALSE	TRUE	NA	NA	NA	NA
"TCGCCCAGCCCCAACCAGACCTCTCTGTACTTCTGTGCCAGCAGTTTTAGGCGACAGGGCCGCAATCAGCCCCAGCATTTTGGTGAT"	"CASSFRRQGRNQPQHF"	"TCGCCCAGCCCCAACCAGACCTCTCTGTACTTCTGTGCCAGCAGTTTTAGGCGACAGGGCCGCAATCAGCCCCAGCATTTTGGTGAT"	"CASSFRRQGRNQPQHF"	"TCRBV27-1*1"	"TCRBD1-1*1"	"TCRBJ1-5*1"	47	52	59	61	5	2	NA	NA	"TCGCCCAGCCCCAACCAGACCTCTCTGTACTTCTGTGCCAGCAGTTTTAGGCGACAGGGCCGCAATCAGCCCCAGCATTTTGGTGAT"	FALSE	TRUE	NA	NA	NA	NA
"ATGAATGTGAGCACCTTGGAGCTGGGGGACTCGGCCCTTTATCTTTGCGCCAGCAGCTCACAGGGGAATGAAGCTTTCTTTGGACAA"	"CASSSQGNEAFF"	"ATGAATGTGAGCACCTTGGAGCTGGGGGACTCGGCCCTTTATCTTTGCGCCAGCAGCTCACAGGGGAATGAAGCTTTCTTTGGACAA"	"CASSSQGNEAFF"	"TCRBV5-1*1"	"TCRBD1-1*1"	"TCRBJ1-1*1"	58	59	66	68	1	2	NA	NA	"ATGAATGTGAGCACCTTGGAGCTGGGGGACTCGGCCCTTTATCTTTGCGCCAGCAGCTCACAGGGGAATGAAGCTTTCTTTGGACAA"	FALSE	TRUE	NA	NA	NA	NA
"TCCGCTACCAGCTCCCAGACATCTGTGTACTTCTGTGCCACCGCGTCGACTAGCGGGAGCTCCTACAATGAGCAGTTCTTCGGGCCA"	"CATASTSGSSYNEQFF"	"TCCGCTACCAGCTCCCAGACATCTGTGTACTTCTGTGCCACCGCGTCGACTAGCGGGAGCTCCTACAATGAGCAGTTCTTCGGGCCA"	"CATASTSGSSYNEQFF"	"TCRBV1-3*1"	"TCRBD2-1*2"	"TCRBJ2-1*1"	40	47	-1	59	7	60	NA	NA	"TCCGCTACCAGCTCCCAGACATCTGTGTACTTCTGTGCCACCGCGTCGACTAGCGGGAGCTCCTACAATGAGCAGTTCTTCGGGCCA"	FALSE	TRUE	NA	NA	NA	NA
"GACGACTCGGCCCTGTATCTCTGTGCCAGCAGCTTACCCGGGACTAGCGGGAGGGCCTTCTCCTACAATGAGCAGTTCTTCGGGCCA"	"CASSLPGTSGRAFSYNEQFF"	"GACGACTCGGCCCTGTATCTCTGTGCCAGCAGCTTACCCGGGACTAGCGGGAGGGCCTTCTCCTACAATGAGCAGTTCTTCGGGCCA"	"CASSLPGTSGRAFSYNEQFF"	"TCRBV5-4*1"	"TCRBD2-1*2"	"TCRBJ2-1*1"	35	39	55	59	4	4	NA	NA	"GACGACTCGGCCCTGTATCTCTGTGCCAGCAGCTTACCCGGGACTAGCGGGAGGGCCTTCTCCTACAATGAGCAGTTCTTCGGGCCA"	FALSE	TRUE	NA	NA	NA	NA
"GTGACCAGTGCCCATCCTGAAGACAGCAGCTTCTACATCTGCAGTGCTAGAGATCCCGGGAGCCTCTACGAGCAGTACTTCGGGCCG"	"CSARDPGSLYEQYF"	"GTGACCAGTGCCCATCCTGAAGACAGCAGCTTCTACATCTGCAGTGCTAGAGATCCCGGGAGCCTCTACGAGCAGTACTTCGGGCCG"	"CSARDPGSLYEQYF"	NA	"TCRBD2-1*2"	"TCRBJ2-7*1"	53	56	62	65	3	3	NA	NA	"GTGACCAGTGCCCATCCTGAAGACAGCAGCTTCTACATCTGCAGTGCTAGAGATCCCGGGAGCCTCTACGAGCAGTACTTCGGGCCG"	FALSE	TRUE	NA	NA	NA	NA
"AGACTCGGCCCTGTATCTCTGTGCCAGCAGCCAAGAATCCTCCCCCCGGGACTTCCCTGTAGCACAGATACGCAGTATTTTGGCCCA"	""	"AGACTCGGCCCTGTATCTCTGTGCCAGCAGCCAAGAATCCTCCCCCCGGGACTTCCCTGTAGCACAGATACGCAGTATTTTGGCCCA"	""	"TCRBV4-2*1"	"TCRBD2-1"	"TCRBJ2-3*1"	36	47	53	60	11	7	NA	NA	"AGACTCGGCCCTGTATCTCTGTGCCAGCAGCCAAGAATCCTCCCCCCGGGACTTCCCTGTAGCACAGATACGCAGTATTTTGGCCCA"	FALSE	FALSE	NA	NA	NA	NA
"ACCCTGCAGCCAGAAGACTCGGCCCTGTATCTCTGCGCCAGCAGCCAGACTCCCGCCAGGGCCTACAATGAGCAGTTCTTCGGGCCA"	"CASSQTPARAYNEQFF"	"ACCCTGCAGCCAGAAGACTCGGCCCTGTATCTCTGCGCCAGCAGCCAGACTCCCGCCAGGGCCTACAATGAGCAGTTCTTCGGGCCA"	"CASSQTPARAYNEQFF"	"TCRBV4-3*1"	"TCRBD1-1*1"	"TCRBJ2-1*1"	47	56	-1	61	9	62	NA	NA	"ACCCTGCAGCCAGAAGACTCGGCCCTGTATCTCTGCGCCAGCAGCCAGACTCCCGCCAGGGCCTACAATGAGCAGTTCTTCGGGCCA"	FALSE	TRUE	NA	NA	NA	NA
"CAGTCCACGGAGTCAGGGGACACAGCACTGTATTTCTGTGCCAGCCTCATTGGGACTAGCGGGGGAGATACGCAGTATTTTGGCCCA"	"CASLIGTSGGDTQYF"	"CAGTCCACGGAGTCAGGGGACACAGCACTGTATTTCTGTGCCAGCCTCATTGGGACTAGCGGGGGAGATACGCAGTATTTTGGCCCA"	"CASLIGTSGGDTQYF"	"TCRBV21-1*1"	"TCRBD2-1*1"	"TCRBJ2-3*1"	45	51	-1	65	6	66	NA	NA	"CAGTCCACGGAGTCAGGGGACACAGCACTGTATTTCTGTGCCAGCCTCATTGGGACTAGCGGGGGAGATACGCAGTATTTTGGCCCA"	FALSE	TRUE	NA	NA	NA	NA
"CCCTGATTCTGGAGTCCGCCAGCACCAACCAGACATCTATGTACCTCTGTGCCAGCAGTTCGGGGGTCACCCCTCCACTTTGGGAAT"	""	"CCCTGATTCTGGAGTCCGCCAGCACCAACCAGACATCTATGTACCTCTGTGCCAGCAGTTCGGGGGTCACCCCTCCACTTTGGGAAT"	""	"TCRBV28-1*1"	"TCRBD2-1*1"	"TCRBJ1-6*1"	-1	60	-1	66	61	67	NA	NA	"CCCTGATTCTGGAGTCCGCCAGCACCAACCAGACATCTATGTACCTCTGTGCCAGCAGTTCGGGGGTCACCCCTCCACTTTGGGAAT"	FALSE	FALSE	NA	NA	NA	NA
"GCGCACAGAGCAGGGGGACTCGGCCATGTATCTCTGTGCCAGCAGCTTTTAAAGACAGGGCGCTACAATGAGCAGTTCTTCGGGCCA"	""	"GCGCACAGAGCAGGGGGACTCGGCCATGTATCTCTGTGCCAGCAGCTTTTAAAGACAGGGCGCTACAATGAGCAGTTCTTCGGGCCA"	""	"TCRBV7-9*1"	"TCRBD1-1*1"	"TCRBJ2-1*1"	48	53	60	62	5	2	NA	NA	"GCGCACAGAGCAGGGGGACTCGGCCATGTATCTCTGTGCCAGCAGCTTTTAAAGACAGGGCGCTACAATGAGCAGTTCTTCGGGCCA"	FALSE	FALSE	NA	NA	NA	NA
"AATTCCCTGGAGCTTGGTGACTCTGCTGTGTATTTCTGTGCCAGCAGCCAATGGAGGGGGAACACCGGGGAGCTGTTTTTTGGAGAA"	"CASSQWRGNTGELFF"	"AATTCCCTGGAGCTTGGTGACTCTGCTGTGTATTTCTGTGCCAGCAGCCAATGGAGGGGGAACACCGGGGAGCTGTTTTTTGGAGAA"	"CASSQWRGNTGELFF"	"TCRBV3-1/3-2*1"	"TCRBD2-1*2"	"TCRBJ2-2*1"	51	52	58	59	1	1	NA	NA	"AATTCCCTGGAGCTTGGTGACTCTGCTGTGTATTTCTGTGCCAGCAGCCAATGGAGGGGGAACACCGGGGAGCTGTTTTTTGGAGAA"	FALSE	TRUE	NA	NA	NA	NA
"ATCCAGCAGGTAGTGCGAGGAGATTCGGCAGCTTATTTCTGTGCCAGCTCACCACGGGGGAGCTCCTACGAGCAGTACTTCGGGCCG"	"CASSPRGSSYEQYF"	"ATCCAGCAGGTAGTGCGAGGAGATTCGGCAGCTTATTTCTGTGCCAGCTCACCACGGGGGAGCTCCTACGAGCAGTACTTCGGGCCG"	"CASSPRGSSYEQYF"	"TCRBV18-1*1"	NA	"TCRBJ2-7*1"	-1	55	60	62	56	2	NA	NA	"ATCCAGCAGGTAGTGCGAGGAGATTCGGCAGCTTATTTCTGTGCCAGCTCACCACGGGGGAGCTCCTACGAGCAGTACTTCGGGCCG"	FALSE	TRUE	NA	NA	NA	NA
"CAGCGCACAGAGCAGGGGGACTCGGCCATGTATCTCTGTGCCAGCAGCTTAGAGGCAGACTCATCCTACGAGCAGTACTTCGGGCCG"	"CASSLEADSSYEQYF"	"CAGCGCACAGAGCAGGGGGACTCGGCCATGTATCTCTGTGCCAGCAGCTTAGAGGCAGACTCATCCTACGAGCAGTACTTCGGGCCG"	"CASSLEADSSYEQYF"	"TCRBV7-9*1"	"TCRBD2-1"	"TCRBJ2-7*1"	52	57	61	63	5	2	NA	NA	"CAGCGCACAGAGCAGGGGGACTCGGCCATGTATCTCTGTGCCAGCAGCTTAGAGGCAGACTCATCCTACGAGCAGTACTTCGGGCCG"	FALSE	TRUE	NA	NA	NA	NA
"GTCCGCCAGCACCAACCAGACATCTATGTACCTCTGTGCCAGCAGTCCTTCCGGACAGGGTAAAATTACGAGCAGTACTTCGGGCCG"	""	"GTCCGCCAGCACCAACCAGACATCTATGTACCTCTGTGCCAGCAGTCCTTCCGGACAGGGTAAAATTACGAGCAGTACTTCGGGCCG"	""	"TCRBV28-1*1"	"TCRBD1-1*1"	"TCRBJ2-7*1"	46	52	60	66	6	6	NA	NA	"GTCCGCCAGCACCAACCAGACATCTATGTACCTCTGTGCCAGCAGTCCTTCCGGACAGGGTAAAATTACGAGCAGTACTTCGGGCCG"	FALSE	FALSE	NA	NA	NA	NA
"AGTTCTAAGAAGCTCCTTCTCAGTGACTCTGGCTTCTATCTCTGTGCCTGTCATCGGGCCTATAATTCACCCCTCCACTTTGGGAAT"	"CACHRAYNSPLHF"	"AGTTCTAAGAAGCTCCTTCTCAGTGACTCTGGCTTCTATCTCTGTGCCTGTCATCGGGCCTATAATTCACCCCTCCACTTTGGGAAT"	"CACHRAYNSPLHF"	"TCRBV3-1"	"TCRBD2-1"	"TCRBJ1-6*1"	50	54	-1	58	4	59	NA	NA	"AGTTCTAAGAAGCTCCTTCTCAGTGACTCTGGCTTCTATCTCTGTGCCTGTCATCGGGCCTATAATTCACCCCTCCACTTTGGGAAT"	FALSE	TRUE	NA	NA	NA	NA
"GCCCATCCTGAAGACAGCAGCTTCTACATCTGCAGTGCCAGGGGGCAGGTGGGGACCCCACGGGAAAACGAGCAGTACTTCGGGCCG"	"CSARGQVGTPRENEQYF"	"GCCCATCCTGAAGACAGCAGCTTCTACATCTGCAGTGCCAGGGGGCAGGTGGGGACCCCACGGGAAAACGAGCAGTACTTCGGGCCG"	"CSARGQVGTPRENEQYF"	NA	"TCRBD1-1*1"	"TCRBJ2-7*1"	-1	38	46	67	39	21	NA	NA	"GCCCATCCTGAAGACAGCAGCTTCTACATCTGCAGTGCCAGGGGGCAGGTGGGGACCCCACGGGAAAACGAGCAGTACTTCGGGCCG"	FALSE	TRUE	NA	NA	NA	NA
"GTGACCAGTGCCCATCCTGAAGACAGCAGCTTCTACATCTGCAGTGCCCCCAAGACGGGGGGGGACCATGAGCAGTTCTTCGGGCCA"	"CSAPKTGGDHEQFF"	"GTGACCAGTGCCCATCCTGAAGACAGCAGCTTCTACATCTGCAGTGCCCCCAAGACGGGGGGGGACCATGAGCAGTTCTTCGGGCCA"	"CSAPKTGGDHEQFF"	NA	"TCRBD2-1*1"	"TCRBJ2-1*1"	47	55	63	67	8	4	NA	NA	"GTGACCAGTGCCCATCCTGAAGACAGCAGCTTCTACATCTGCAGTGCCCCCAAGACGGGGGGGGACCATGAGCAGTTCTTCGGGCCA"	FALSE	TRUE	NA	NA	NA	NA
"CTAAACCTGAGCTCTCTGGAGCTGGGGGACTCAGCTTTGTATTTCTGTGCCAGCAGCGTTAGGACGGGGGAAGCTTTCTTTGGACAA"	"CASSVRTGEAFF"	"CTAAACCTGAGCTCTCTGGAGCTGGGGGACTCAGCTTTGTATTTCTGTGCCAGCAGCGTTAGGACGGGGGAAGCTTTCTTTGGACAA"	"CASSVRTGEAFF"	"TCRBV9-1*1"	"TCRBD2-1*1"	"TCRBJ1-1*1"	59	64	-1	69	5	70	NA	NA	"CTAAACCTGAGCTCTCTGGAGCTGGGGGACTCAGCTTTGTATTTCTGTGCCAGCAGCGTTAGGACGGGGGAAGCTTTCTTTGGACAA"	FALSE	TRUE	NA	NA	NA	NA
"CTGGAGTCGCCCAGCCCCAACCAGACCTCTCTGTACTTCTGTGCCAGCAGTTGGTCCCATAGCAATCAGCCCCAGCATTTTGGTGAT"	"CASSWSHSNQPQHF"	"CTGGAGTCGCCCAGCCCCAACCAGACCTCTCTGTACTTCTGTGCCAGCAGTTGGTCCCATAGCAATCAGCCCCAGCATTTTGGTGAT"	"CASSWSHSNQPQHF"	"TCRBV27-1*1"	NA	"TCRBJ1-5*1"	-1	52	54	59	53	5	NA	NA	"CTGGAGTCGCCCAGCCCCAACCAGACCTCTCTGTACTTCTGTGCCAGCAGTTGGTCCCATAGCAATCAGCCCCAGCATTTTGGTGAT"	FALSE	TRUE	NA	NA	NA	NA
"AACGCCTTGTTGCTGGGGGACTCGGCCCTCTATCTCTGTGCCAGCAGCGTACAGGGGGCACCACACCATGAGCAGTTCTTCGGGCCA"	"CASSVQGAPHHEQFF"	"AACGCCTTGTTGCTGGGGGACTCGGCCCTCTATCTCTGTGCCAGCAGCGTACAGGGGGCACCACACCATGAGCAGTTCTTCGGGCCA"	"CASSVQGAPHHEQFF"	"TCRBV5-6*1"	"TCRBD1-1*1"	"TCRBJ2-1*1"	48	50	59	67	2	8	NA	NA	"AACGCCTTGTTGCTGGGGGACTCGGCCCTCTATCTCTGTGCCAGCAGCGTACAGGGGGCACCACACCATGAGCAGTTCTTCGGGCCA"	FALSE	TRUE	NA	NA	NA	NA
"CGCTCACCAGGCCTGGGGGACGCAGCCATGTACCTGTGTGCCACCAGCAGAGATGAGGACATTTTCTCTGAAGCTTTCTTTGGACAA"	"CATSRDEDIFSEAFF"	"CGCTCACCAGGCCTGGGGGACGCAGCCATGTACCTGTGTGCCACCAGCAGAGATGAGGACATTTTCTCTGAAGCTTTCTTTGGACAA"	"CATSRDEDIFSEAFF"	"TCRBV15-1*2"	"TCRBD1-1*1"	"TCRBJ1-1*1"	53	56	61	67	3	6	NA	NA	"CGCTCACCAGGCCTGGGGGACGCAGCCATGTACCTGTGTGCCACCAGCAGAGATGAGGACATTTTCTCTGAAGCTTTCTTTGGACAA"	FALSE	TRUE	NA	NA	NA	NA
"CACCTACACACCCTGCAGCCAGAAGACTCGGCCCTGTATCTCTGTGCCAGCAGCCAAGTAGATCGGTATGAGCAGTTCTTCGGGCCA"	"CASSQVDRYEQFF"	"CACCTACACACCCTGCAGCCAGAAGACTCGGCCCTGTATCTCTGTGCCAGCAGCCAAGTAGATCGGTATGAGCAGTTCTTCGGGCCA"	"CASSQVDRYEQFF"	"TCRBV4-2*1"	"TCRBD2-1"	"TCRBJ2-1*1"	-1	58	61	67	59	6	NA	NA	"CACCTACACACCCTGCAGCCAGAAGACTCGGCCCTGTATCTCTGTGCCAGCAGCCAAGTAGATCGGTATGAGCAGTTCTTCGGGCCA"	FALSE	TRUE	NA	NA	NA	NA
"CAGCCTGCAGAGCTTGGGGACTCGGCCGTGTATCTCTGTGCCAGCAGCTTAGTGACACCCACTGGGAATGAGCAGTTCTTCGGGCCA"	"CASSLVTPTGNEQFF"	"CAGCCTGCAGAGCTTGGGGACTCGGCCGTGTATCTCTGTGCCAGCAGCTTAGTGACACCCACTGGGAATGAGCAGTTCTTCGGGCCA"	"CASSLVTPTGNEQFF"	"TCRBV11-3*1"	"TCRBD1-1*1"	"TCRBJ2-1*1"	52	53	57	66	1	9	NA	NA	"CAGCCTGCAGAGCTTGGGGACTCGGCCGTGTATCTCTGTGCCAGCAGCTTAGTGACACCCACTGGGAATGAGCAGTTCTTCGGGCCA"	FALSE	TRUE	NA	NA	NA	NA
"ATCAATTCCCTGGAGCTTGGTGACTCTGCTGTGTATTTCTGTGCCAGCAGCCAAGATTTTGGCACAGATACGCAGTATTTTGGCCCA"	"CASSQDFGTDTQYF"	"ATCAATTCCCTGGAGCTTGGTGACTCTGCTGTGTATTTCTGTGCCAGCAGCCAAGATTTTGGCACAGATACGCAGTATTTTGGCCCA"	"CASSQDFGTDTQYF"	"TCRBV3-1/3-2*1"	NA	"TCRBJ2-3*1"	-1	-1	56	61	0	5	NA	NA	"ATCAATTCCCTGGAGCTTGGTGACTCTGCTGTGTATTTCTGTGCCAGCAGCCAAGATTTTGGCACAGATACGCAGTATTTTGGCCCA"	FALSE	TRUE	NA	NA	NA	NA
"GCCCTGGAGTCTGCCAGGCCCTCACATACCTCTCAGTACCTCTGTGCCAGCACCAGACAGGGGCAAGAGACCCAGTACTTCGGGCCA"	"CASTRQGQETQYF"	"GCCCTGGAGTCTGCCAGGCCCTCACATACCTCTCAGTACCTCTGTGCCAGCACCAGACAGGGGCAAGAGACCCAGTACTTCGGGCCA"	"CASTRQGQETQYF"	"TCRBV25-1*1"	"TCRBD1-1*1"	"TCRBJ2-5*1"	52	55	-1	63	3	64	NA	NA	"GCCCTGGAGTCTGCCAGGCCCTCACATACCTCTCAGTACCTCTGTGCCAGCACCAGACAGGGGCAAGAGACCCAGTACTTCGGGCCA"	FALSE	TRUE	NA	NA	NA	NA
"CCCTCAGAACCCAGGGACTCAGCTGTGTACTTCTGTGCCAGCAGTTTATAGGCGATCTTAGGTAATTCACCCCTCCACTTTGGGAAT"	"CASSL*AILGNSPLHF"	"CCCTCAGAACCCAGGGACTCAGCTGTGTACTTCTGTGCCAGCAGTTTATAGGCGATCTTAGGTAATTCACCCCTCCACTTTGGGAAT"	"CASSL*AILGNSPLHF"	NA	NA	"TCRBJ1-6*1"	48	49	52	62	1	10	NA	NA	"CCCTCAGAACCCAGGGACTCAGCTGTGTACTTCTGTGCCAGCAGTTTATAGGCGATCTTAGGTAATTCACCCCTCCACTTTGGGAAT"	FALSE	TRUE	NA	NA	NA	NA
"TTGGAGCTGGAGGACTCGGCCCTGTATCTCTGTGCCAGCAGCGTGCCCACCCCGGTATCTGGGGCCAACGTCCTGACTTTCGGGGCC"	"CASSVPTPVSGANVLTF"	"TTGGAGCTGGAGGACTCGGCCCTGTATCTCTGTGCCAGCAGCGTGCCCACCCCGGTATCTGGGGCCAACGTCCTGACTTTCGGGGCC"	"CASSVPTPVSGANVLTF"	"TCRBV5-8*1"	"TCRBD2-1"	"TCRBJ2-6*1"	42	52	55	57	10	2	NA	NA	"TTGGAGCTGGAGGACTCGGCCCTGTATCTCTGTGCCAGCAGCGTGCCCACCCCGGTATCTGGGGCCAACGTCCTGACTTTCGGGGCC"	FALSE	TRUE	NA	NA	NA	NA
"NNNNNNNTGTCGGCTGCTCCCTCCCAGACATCTGTGTACTTCTGTGCCAGCAGTGAATTACTAGCCTATGGCTACACCTTCGGTTCG"	"CASSELLAYGYTF"	"NNNNNNNTGTCGGCTGCTCCCTCCCAGACATCTGTGTACTTCTGTGCCAGCAGTGAATTACTAGCCTATGGCTACACCTTCGGTTCG"	"CASSELLAYGYTF"	"TCRBV6-1*1"	"TCRBD2-1"	"TCRBJ1-2*1"	57	59	-1	65	2	66	NA	NA	"NNNNNNNTGTCGGCTGCTCCCTCCCAGACATCTGTGTACTTCTGTGCCAGCAGTGAATTACTAGCCTATGGCTACACCTTCGGTTCG"	FALSE	TRUE	NA	NA	NA	NA
"CAGCAGGTAGTGCGAGGAGATTCGGCAGCTTATTTCTGTGCCAGCTCACCACCGGCGGGGTGGTACAATGAGCAGTTCTTCGGGCCA"	"CASSPPAGWYNEQFF"	"CAGCAGGTAGTGCGAGGAGATTCGGCAGCTTATTTCTGTGCCAGCTCACCACCGGCGGGGTGGTACAATGAGCAGTTCTTCGGGCCA"	"CASSPPAGWYNEQFF"	"TCRBV18-1*1"	"TCRBD2-1*1"	"TCRBJ2-1*1"	53	54	60	63	1	3	NA	NA	"CAGCAGGTAGTGCGAGGAGATTCGGCAGCTTATTTCTGTGCCAGCTCACCACCGGCGGGGTGGTACAATGAGCAGTTCTTCGGGCCA"	FALSE	TRUE	NA	NA	NA	NA
"CACGCCCTGCAGCCAGAAGACTCAGCCCTGTATCTCTGCGCCAGCAGTCCCGGCGGCTTAAAAGGGGGGACCCAGTACTTCGGGCCA"	"CASSPGGLKGGTQYF"	"CACGCCCTGCAGCCAGAAGACTCAGCCCTGTATCTCTGCGCCAGCAGTCCCGGCGGCTTAAAAGGGGGGACCCAGTACTTCGGGCCA"	"CASSPGGLKGGTQYF"	"TCRBV4-1*1"	"TCRBD1-1*1"	"TCRBJ2-5*1"	47	62	-1	68	15	69	NA	NA	"CACGCCCTGCAGCCAGAAGACTCAGCCCTGTATCTCTGCGCCAGCAGTCCCGGCGGCTTAAAAGGGGGGACCCAGTACTTCGGGCCA"	FALSE	TRUE	NA	NA	NA	NA
"TGACATCGGCCCAAAAGAACCCGACAGCTTTCTATCTCTGTGCCAGTAGTATGACAGGGCTCTAATTCACCCCTCCACTTTGGGAAT"	""	"TGACATCGGCCCAAAAGAACCCGACAGCTTTCTATCTCTGTGCCAGTAGTATGACAGGGCTCTAATTCACCCCTCCACTTTGGGAAT"	""	"TCRBV19-1*1"	"TCRBD1-1*1"	"TCRBJ1-6*1"	-1	52	59	62	53	3	NA	NA	"TGACATCGGCCCAAAAGAACCCGACAGCTTTCTATCTCTGTGCCAGTAGTATGACAGGGCTCTAATTCACCCCTCCACTTTGGGAAT"	FALSE	FALSE	NA	NA	NA	NA
"AATGTGAGCACCTTGGAGCTGGGGGACTCGGCCCTTTATCTTTGCGCCAGCAGCTTGCCGGCCCCCTACGAGCAGTACTTCGGGCCG"	"CASSLPAPYEQYF"	"AATGTGAGCACCTTGGAGCTGGGGGACTCGGCCCTTTATCTTTGCGCCAGCAGCTTGCCGGCCCCCTACGAGCAGTACTTCGGGCCG"	"CASSLPAPYEQYF"	"TCRBV5-1*1"	NA	"TCRBJ2-7*1"	57	59	62	64	2	2	NA	NA	"AATGTGAGCACCTTGGAGCTGGGGGACTCGGCCCTTTATCTTTGCGCCAGCAGCTTGCCGGCCCCCTACGAGCAGTACTTCGGGCCG"	FALSE	TRUE	NA	NA	NA	NA
"ACCAGTGCCCATCCTGAAGACAGCAGCTTCTACATCTGCAGTGCCAGTCTAGCGGAGAGGGGCTACAATGAGCAGTTCTTCGGGCCA"	"CSASLAERGYNEQFF"	"ACCAGTGCCCATCCTGAAGACAGCAGCTTCTACATCTGCAGTGCCAGTCTAGCGGAGAGGGGCTACAATGAGCAGTTCTTCGGGCCA"	"CSASLAERGYNEQFF"	"TCRBV2-1*4"	"TCRBD2-1"	"TCRBJ2-1*1"	-1	48	55	62	49	7	NA	NA	"ACCAGTGCCCATCCTGAAGACAGCAGCTTCTACATCTGCAGTGCCAGTCTAGCGGAGAGGGGCTACAATGAGCAGTTCTTCGGGCCA"	FALSE	TRUE	NA	NA	NA	NA
"AGTGCCCATCCTGAAGACAGCAGCTTCTACATCTGCAGTGCTAGAGTGGCAGGGAGGACCAGGAACACTGAAGCTTTCTTTGGACAA"	"CSARVAGRTRNTEAFF"	"AGTGCCCATCCTGAAGACAGCAGCTTCTACATCTGCAGTGCTAGAGTGGCAGGGAGGACCAGGAACACTGAAGCTTTCTTTGGACAA"	"CSARVAGRTRNTEAFF"	NA	"TCRBD2-1*2"	"TCRBJ1-1*1"	46	51	57	62	5	5	NA	NA	"AGTGCCCATCCTGAAGACAGCAGCTTCTACATCTGCAGTGCTAGAGTGGCAGGGAGGACCAGGAACACTGAAGCTTTCTTTGGACAA"	FALSE	TRUE	NA	NA	NA	NA
"ATCCTGGAGTCGCCCAGCCCCAACCAGACCTCTCTGTACTTCTGTGCCAGCAGTTTATCGCCCCCTCACCCCCAGCATTTTGGTGAT"	"CASSLSPPHPQHF"	"ATCCTGGAGTCGCCCAGCCCCAACCAGACCTCTCTGTACTTCTGTGCCAGCAGTTTATCGCCCCCTCACCCCCAGCATTTTGGTGAT"	"CASSLSPPHPQHF"	"TCRBV27-1*1"	NA	"TCRBJ1-5*1"	59	67	-1	69	8	70	NA	NA	"ATCCTGGAGTCGCCCAGCCCCAACCAGACCTCTCTGTACTTCTGTGCCAGCAGTTTATCGCCCCCTCACCCCCAGCATTTTGGTGAT"	FALSE	TRUE	NA	NA	NA	NA
"ACCTTGGAGCTGGGGGACTCGGCCCTTTATCTTTGCGCCAGCAGCCCTGGGGGGACAGGCCTCAATCAGCCCCAGCATTTTGGTGAT"	"CASSPGGTGLNQPQHF"	"ACCTTGGAGCTGGGGGACTCGGCCCTTTATCTTTGCGCCAGCAGCCCTGGGGGGACAGGCCTCAATCAGCCCCAGCATTTTGGTGAT"	"CASSPGGTGLNQPQHF"	"TCRBV5-1*1"	"TCRBD1-1*1"	"TCRBJ1-5*1"	45	51	59	62	6	3	NA	NA	"ACCTTGGAGCTGGGGGACTCGGCCCTTTATCTTTGCGCCAGCAGCCCTGGGGGGACAGGCCTCAATCAGCCCCAGCATTTTGGTGAT"	FALSE	TRUE	NA	NA	NA	NA
"ACCTTGGAGCTGGGGGACTCGGCCCTTTATCTTTGCGCCAGCAGCAGGGATGAGGGACTAGCTGGGGAGACCCAGTACTTCGGGCCA"	"CASSRDEGLAGETQYF"	"ACCTTGGAGCTGGGGGACTCGGCCCTTTATCTTTGCGCCAGCAGCAGGGATGAGGGACTAGCTGGGGAGACCCAGTACTTCGGGCCA"	"CASSRDEGLAGETQYF"	"TCRBV5-1*1"	"TCRBD2-1"	"TCRBJ2-5*1"	45	53	62	66	8	4	NA	NA	"ACCTTGGAGCTGGGGGACTCGGCCCTTTATCTTTGCGCCAGCAGCAGGGATGAGGGACTAGCTGGGGAGACCCAGTACTTCGGGCCA"	FALSE	TRUE	NA	NA	NA	NA
"GCCCAAAAGAACCCGACAGCTTTCTATCTCTGTGCCAGTAGTATAGGGGAGAGAGTCCTTGCCAAAAACATTCAGTACTTCGGCGCC"	"CASSIGERVLAKNIQYF"	"GCCCAAAAGAACCCGACAGCTTTCTATCTCTGTGCCAGTAGTATAGGGGAGAGAGTCCTTGCCAAAAACATTCAGTACTTCGGCGCC"	"CASSIGERVLAKNIQYF"	"TCRBV19-1*1"	"TCRBD2-1*2"	"TCRBJ2-4*1"	-1	46	51	60	47	9	NA	NA	"GCCCAAAAGAACCCGACAGCTTTCTATCTCTGTGCCAGTAGTATAGGGGAGAGAGTCCTTGCCAAAAACATTCAGTACTTCGGCGCC"	FALSE	TRUE	NA	NA	NA	NA
"ATCCAGCCCTCAGAACCCAGGGACTCAGCTGTGTACTTCTGTGCCAGCAGTTTCTTTGGAATGAACACTGAAGCTTTCTTTGGACAA"	"CASSFFGMNTEAFF"	"ATCCAGCCCTCAGAACCCAGGGACTCAGCTGTGTACTTCTGTGCCAGCAGTTTCTTTGGAATGAACACTGAAGCTTTCTTTGGACAA"	"CASSFFGMNTEAFF"	NA	NA	"TCRBJ1-1*1"	53	57	60	61	4	1	NA	NA	"ATCCAGCCCTCAGAACCCAGGGACTCAGCTGTGTACTTCTGTGCCAGCAGTTTCTTTGGAATGAACACTGAAGCTTTCTTTGGACAA"	FALSE	TRUE	NA	NA	NA	NA
"GTGACCAGTGCCCATCCTGAAGACAGCAGCTTCTACATCTGCAGTGCCAGAGGACAGGGGGCGCCGGGGGAGCAGTACTTCGGGCCG"	"CSARGQGAPGEQYF"	"GTGACCAGTGCCCATCCTGAAGACAGCAGCTTCTACATCTGCAGTGCCAGAGGACAGGGGGCGCCGGGGGAGCAGTACTTCGGGCCG"	"CSARGQGAPGEQYF"	NA	"TCRBD1-1*1"	"TCRBJ2-7*1"	-1	52	62	69	53	7	NA	NA	"GTGACCAGTGCCCATCCTGAAGACAGCAGCTTCTACATCTGCAGTGCCAGAGGACAGGGGGCGCCGGGGGAGCAGTACTTCGGGCCG"	FALSE	TRUE	NA	NA	NA	NA
"TGAAGATCCAGCGCACAGAGCGGGGGGACTCAGCCGTGTATCTCTGTGCCAGAAGGGGGCAGTAATGAAAAACTGTTTTTTGGCAGT"	""	"TGAAGATCCAGCGCACAGAGCGGGGGGACTCAGCCGTGTATCTCTGTGCCAGAAGGGGGCAGTAATGAAAAACTGTTTTTTGGCAGT"	""	"TCRBV7-3*1"	"TCRBD1-1*1"	"TCRBJ1-4*1"	52	53	60	62	1	2	NA	NA	"TGAAGATCCAGCGCACAGAGCGGGGGGACTCAGCCGTGTATCTCTGTGCCAGAAGGGGGCAGTAATGAAAAACTGTTTTTTGGCAGT"	FALSE	FALSE	NA	NA	NA	NA
"ATGAATGTGAGCACCTTGGAGCTGGGGGACTCGGCCCTTTATCTTTGCGCCAGCAGCTTCGGCACCGGGGAGCTGTTTTTTGGAGAA"	"CASSFGTGELFF"	"ATGAATGTGAGCACCTTGGAGCTGGGGGACTCGGCCCTTTATCTTTGCGCCAGCAGCTTCGGCACCGGGGAGCTGTTTTTTGGAGAA"	"CASSFGTGELFF"	"TCRBV5-1*1"	"TCRBD2-1"	"TCRBJ2-2*1"	-1	59	-1	62	60	63	NA	NA	"ATGAATGTGAGCACCTTGGAGCTGGGGGACTCGGCCCTTTATCTTTGCGCCAGCAGCTTCGGCACCGGGGAGCTGTTTTTTGGAGAA"	FALSE	TRUE	NA	NA	NA	NA
"NTGTCGGCTGCTCCCTCCCAGACATCTGTGTACTTCTGTGCCAGCAGTGATTTCTTGAGTGTTGGAGAAAAACTGTTTTTTGGCAGT"	"CASSDFLSVGEKLFF"	"NTGTCGGCTGCTCCCTCCCAGACATCTGTGTACTTCTGTGCCAGCAGTGATTTCTTGAGTGTTGGAGAAAAACTGTTTTTTGGCAGT"	"CASSDFLSVGEKLFF"	"TCRBV6-1*1"	NA	"TCRBJ1-4*1"	50	63	-1	66	13	67	NA	NA	"NTGTCGGCTGCTCCCTCCCAGACATCTGTGTACTTCTGTGCCAGCAGTGATTTCTTGAGTGTTGGAGAAAAACTGTTTTTTGGCAGT"	FALSE	TRUE	NA	NA	NA	NA
"ATCCAGCGCACAGAGCAGGGGGACTCGGCCATGTATCTCTGTGCCAGCAGCATGACAGGGGAGGGACAGCCCCAGCATTTTGGTGAT"	"CASSMTGEGQPQHF"	"ATCCAGCGCACAGAGCAGGGGGACTCGGCCATGTATCTCTGTGCCAGCAGCATGACAGGGGAGGGACAGCCCCAGCATTTTGGTGAT"	"CASSMTGEGQPQHF"	"TCRBV7-9*1"	"TCRBD1-1*1"	"TCRBJ1-5*1"	51	53	61	66	2	5	NA	NA	"ATCCAGCGCACAGAGCAGGGGGACTCGGCCATGTATCTCTGTGCCAGCAGCATGACAGGGGAGGGACAGCCCCAGCATTTTGGTGAT"	FALSE	TRUE	NA	NA	NA	NA
"TCTCCCTGATTCTGGAGTCCGCCAGCACCAACCAGACATCTATGTACCTCTGTGCCAGCAGTTTTAAACGAGCAGTACTTCGGGCCG"	""	"TCTCCCTGATTCTGGAGTCCGCCAGCACCAACCAGACATCTATGTACCTCTGTGCCAGCAGTTTTAAACGAGCAGTACTTCGGGCCG"	""	"TCRBV28-1*1"	"TCRBD2-1"	"TCRBJ2-7*1"	-1	64	66	67	65	1	NA	NA	"TCTCCCTGATTCTGGAGTCCGCCAGCACCAACCAGACATCTATGTACCTCTGTGCCAGCAGTTTTAAACGAGCAGTACTTCGGGCCG"	FALSE	FALSE	NA	NA	NA	NA
"CAGCGCACAGAGCAGGGGGACTCGGCCATGTATCTCTGTGCCAGCAGCCCCTTCCGAGCGGGAGGAGATACGCAGTATTTTGGCCCA"	"CASSPFRAGGDTQYF"	"CAGCGCACAGAGCAGGGGGACTCGGCCATGTATCTCTGTGCCAGCAGCCCCTTCCGAGCGGGAGGAGATACGCAGTATTTTGGCCCA"	"CASSPFRAGGDTQYF"	"TCRBV7-9*1"	"TCRBD2-1*2"	"TCRBJ2-3*1"	48	56	-1	65	8	66	NA	NA	"CAGCGCACAGAGCAGGGGGACTCGGCCATGTATCTCTGTGCCAGCAGCCCCTTCCGAGCGGGAGGAGATACGCAGTATTTTGGCCCA"	FALSE	TRUE	NA	NA	NA	NA
"TGCAAAGCTTGAGGACTCGGCCGTGTATCTCTGTGCCAGCAGCTTCTCGACAGGGGACGGTACCAAGAGACCCAGTACTTCGGGCCA"	""	"TGCAAAGCTTGAGGACTCGGCCGTGTATCTCTGTGCCAGCAGCTTCTCGACAGGGGACGGTACCAAGAGACCCAGTACTTCGGGCCA"	""	"TCRBV11-2"	"TCRBD1-1*1"	"TCRBJ2-5*1"	45	48	56	61	3	5	NA	NA	"TGCAAAGCTTGAGGACTCGGCCGTGTATCTCTGTGCCAGCAGCTTCTCGACAGGGGACGGTACCAAGAGACCCAGTACTTCGGGCCA"	FALSE	FALSE	NA	NA	NA	NA
"TCTAAGAAGCTCCTTCTCAGTGACTCTGGCTTCTATCTCTGTGCCTGGAGGCCGAACTCGGCGTCCCGTACGCAGTATTTTGGCCCA"	"CAWRPNSASRTQYF"	"TCTAAGAAGCTCCTTCTCAGTGACTCTGGCTTCTATCTCTGTGCCTGGAGGCCGAACTCGGCGTCCCGTACGCAGTATTTTGGCCCA"	"CAWRPNSASRTQYF"	"TCRBV3-1*1"	NA	"TCRBJ2-3*1"	50	59	62	68	9	6	NA	NA	"TCTAAGAAGCTCCTTCTCAGTGACTCTGGCTTCTATCTCTGTGCCTGGAGGCCGAACTCGGCGTCCCGTACGCAGTATTTTGGCCCA"	FALSE	TRUE	NA	NA	NA	NA
"GAGTCGCCCAGCCCCAACCAGACCTCTCTGTACTTCTGTGCCAGCAGCTACAGAAAATCCATGAACACTGAAGCTTTCTTTGGACAA"	"CASSYRKSMNTEAFF"	"GAGTCGCCCAGCCCCAACCAGACCTCTCTGTACTTCTGTGCCAGCAGCTACAGAAAATCCATGAACACTGAAGCTTTCTTTGGACAA"	"CASSYRKSMNTEAFF"	"TCRBV27-1*1"	"TCRBD1-1*1"	"TCRBJ1-1*1"	47	49	53	61	2	8	NA	NA	"GAGTCGCCCAGCCCCAACCAGACCTCTCTGTACTTCTGTGCCAGCAGCTACAGAAAATCCATGAACACTGAAGCTTTCTTTGGACAA"	FALSE	TRUE	NA	NA	NA	NA
"ACAGTGACCAGTGCCCATCCTGAAGACAGCAGCTTCTACATCTGCAGTGCTTCAGAGGACCTCATTTACGAGCAGTACTTCGGGCCG"	"CSASEDLIYEQYF"	"ACAGTGACCAGTGCCCATCCTGAAGACAGCAGCTTCTACATCTGCAGTGCTTCAGAGGACCTCATTTACGAGCAGTACTTCGGGCCG"	"CSASEDLIYEQYF"	NA	NA	"TCRBJ2-7*1"	51	56	60	66	5	6	NA	NA	"ACAGTGACCAGTGCCCATCCTGAAGACAGCAGCTTCTACATCTGCAGTGCTTCAGAGGACCTCATTTACGAGCAGTACTTCGGGCCG"	FALSE	TRUE	NA	NA	NA	NA
"ATCCAGCCCTCAGAACCCAGGGACTCAGCTGTGTACTTCTGTGCCAGCAGTTTAGTAGGGGGACGGGAAAAACTGTTTTTTGGCAGT"	"CASSLVGGREKLFF"	"ATCCAGCCCTCAGAACCCAGGGACTCAGCTGTGTACTTCTGTGCCAGCAGTTTAGTAGGGGGACGGGAAAAACTGTTTTTTGGCAGT"	"CASSLVGGREKLFF"	NA	"TCRBD1-1*1"	"TCRBJ1-4*1"	55	56	62	66	1	4	NA	NA	"ATCCAGCCCTCAGAACCCAGGGACTCAGCTGTGTACTTCTGTGCCAGCAGTTTAGTAGGGGGACGGGAAAAACTGTTTTTTGGCAGT"	FALSE	TRUE	NA	NA	NA	NA
"CTGGAGTCCGCCAGCACCAACCAGACATCTATGTACCTCTGTGCCACAAAATATGGAGACACCACAGATACGCAGTATTTTGGCCCA"	"CATKYGDTTDTQYF"	"CTGGAGTCCGCCAGCACCAACCAGACATCTATGTACCTCTGTGCCACAAAATATGGAGACACCACAGATACGCAGTATTTTGGCCCA"	"CATKYGDTTDTQYF"	"TCRBV28-1*1"	NA	"TCRBJ2-3*1"	46	57	61	62	11	1	NA	NA	"CTGGAGTCCGCCAGCACCAACCAGACATCTATGTACCTCTGTGCCACAAAATATGGAGACACCACAGATACGCAGTATTTTGGCCCA"	FALSE	TRUE	NA	NA	NA	NA
"TCAGCTACCCGCTCCCAGACATCTGTGTATTTCTGCGCCAGCAGTGATGGGGGGCAGGACTCTGGAAACACCATATATTTTGGAGAG"	"CASSDGGQDSGNTIYF"	"TCAGCTACCCGCTCCCAGACATCTGTGTATTTCTGCGCCAGCAGTGATGGGGGGCAGGACTCTGGAAACACCATATATTTTGGAGAG"	"CASSDGGQDSGNTIYF"	"TCRBV1-2*1"	NA	"TCRBJ1-3*1"	47	49	55	59	2	4	NA	NA	"TCAGCTACCCGCTCCCAGACATCTGTGTATTTCTGCGCCAGCAGTGATGGGGGGCAGGACTCTGGAAACACCATATATTTTGGAGAG"	FALSE	TRUE	NA	NA	NA	NA
"CATCCTGAAGACAGCAGCTTCTACATCTGCAGTGCTAGGTTGGGGCTAGCGGGAGATCGAGGCACCGGGGAGCTGTTTTTTGGAGAA"	"CSARLGLAGDRGTGELFF"	"CATCCTGAAGACAGCAGCTTCTACATCTGCAGTGCTAGGTTGGGGCTAGCGGGAGATCGAGGCACCGGGGAGCTGTTTTTTGGAGAA"	"CSARLGLAGDRGTGELFF"	NA	"TCRBD2-1*2"	"TCRBJ2-2*1"	38	45	55	62	7	7	NA	NA	"CATCCTGAAGACAGCAGCTTCTACATCTGCAGTGCTAGGTTGGGGCTAGCGGGAGATCGAGGCACCGGGGAGCTGTTTTTTGGAGAA"	FALSE	TRUE	NA	NA	NA	NA
"TCCTGAAGACAGCAGCTTCTACATCTGCAGTGCTAGAGCCCCCGGGACAGGGGTATACGGCTCTACAATGAGCAGTTCTTCGGGCCA"	""	"TCCTGAAGACAGCAGCTTCTACATCTGCAGTGCTAGAGCCCCCGGGACAGGGGTATACGGCTCTACAATGAGCAGTTCTTCGGGCCA"	""	NA	"TCRBD1-1*1"	"TCRBJ2-1*1"	38	43	53	62	5	9	NA	NA	"TCCTGAAGACAGCAGCTTCTACATCTGCAGTGCTAGAGCCCCCGGGACAGGGGTATACGGCTCTACAATGAGCAGTTCTTCGGGCCA"	FALSE	FALSE	NA	NA	NA	NA
"CAGCCTGCAAAGCTTGAGGACTCGGCCGTGTATCTCTGTACCAGCAGCTTACCCGGGACTAGCTGGTACGAGCAGTACTTCGGGCCG"	"CTSSLPGTSWYEQYF"	"CAGCCTGCAAAGCTTGAGGACTCGGCCGTGTATCTCTGTACCAGCAGCTTACCCGGGACTAGCTGGTACGAGCAGTACTTCGGGCCG"	"CTSSLPGTSWYEQYF"	"TCRBV11-2*1"	"TCRBD2-1"	"TCRBJ2-7*1"	51	54	63	66	3	3	NA	NA	"CAGCCTGCAAAGCTTGAGGACTCGGCCGTGTATCTCTGTACCAGCAGCTTACCCGGGACTAGCTGGTACGAGCAGTACTTCGGGCCG"	FALSE	TRUE	NA	NA	NA	NA
"NNNNTGTCGGCTGCTCCCTCCCAGACATCTGTGTACTTCTGTGCCAGCAGTTGGGGGGAGACGGAGACTGAAGCTTTCTTTGGACAA"	"CASSWGETETEAFF"	"NNNNTGTCGGCTGCTCCCTCCCAGACATCTGTGTACTTCTGTGCCAGCAGTTGGGGGGAGACGGAGACTGAAGCTTTCTTTGGACAA"	"CASSWGETETEAFF"	"TCRBV6-5*1"	"TCRBD2-1*1"	"TCRBJ1-1*1"	-1	52	58	66	53	8	NA	NA	"NNNNTGTCGGCTGCTCCCTCCCAGACATCTGTGTACTTCTGTGCCAGCAGTTGGGGGGAGACGGAGACTGAAGCTTTCTTTGGACAA"	FALSE	TRUE	NA	NA	NA	NA
"GTGACCAGTGCCCATCCTGAAGACAGCAGCTTCTACATCTGCAGTGCCCCGAGGCTGGGGGATCCCTACGAGCAGTACTTCGGGCCG"	"CSAPRLGDPYEQYF"	"GTGACCAGTGCCCATCCTGAAGACAGCAGCTTCTACATCTGCAGTGCCCCGAGGCTGGGGGATCCCTACGAGCAGTACTTCGGGCCG"	"CSAPRLGDPYEQYF"	NA	NA	"TCRBJ2-7*1"	47	56	61	64	9	3	NA	NA	"GTGACCAGTGCCCATCCTGAAGACAGCAGCTTCTACATCTGCAGTGCCCCGAGGCTGGGGGATCCCTACGAGCAGTACTTCGGGCCG"	FALSE	TRUE	NA	NA	NA	NA
"GATCCAGCCCTCAGAACCCAGGGACTCAGCTGTGTACTTCTGTGCCAGCGGGGGACAGGCTCTGGAAACACCATATATTTTGGAGAG"	""	"GATCCAGCCCTCAGAACCCAGGGACTCAGCTGTGTACTTCTGTGCCAGCGGGGGACAGGCTCTGGAAACACCATATATTTTGGAGAG"	""	NA	"TCRBD1-1*1"	"TCRBJ1-3*1"	49	51	-1	59	2	60	NA	NA	"GATCCAGCCCTCAGAACCCAGGGACTCAGCTGTGTACTTCTGTGCCAGCGGGGGACAGGCTCTGGAAACACCATATATTTTGGAGAG"	FALSE	FALSE	NA	NA	NA	NA
"ATCCGCTCACCAGGCCTGGGGGACGCAGCCATGTACCTGTGTGCCACCTCTAGCGGGGATGGCACAGATACGCAGTATTTTGGCCCA"	"CATSSGDGTDTQYF"	"ATCCGCTCACCAGGCCTGGGGGACGCAGCCATGTACCTGTGTGCCACCTCTAGCGGGGATGGCACAGATACGCAGTATTTTGGCCCA"	"CATSSGDGTDTQYF"	"TCRBV15-1*2"	"TCRBD2-1*1"	"TCRBJ2-3*1"	48	49	58	61	1	3	NA	NA	"ATCCGCTCACCAGGCCTGGGGGACGCAGCCATGTACCTGTGTGCCACCTCTAGCGGGGATGGCACAGATACGCAGTATTTTGGCCCA"	FALSE	TRUE	NA	NA	NA	NA
"CTACACGCCCTGCAGCCAGAAGACTCAGCCCTGTATCTCTGCGCCAGCAGCCAATGGCCGAGGGGCCCTGAAGCTTTCTTTGGACAA"	"CASSQWPRGPEAFF"	"CTACACGCCCTGCAGCCAGAAGACTCAGCCCTGTATCTCTGCGCCAGCAGCCAATGGCCGAGGGGCCCTGAAGCTTTCTTTGGACAA"	"CASSQWPRGPEAFF"	"TCRBV4-1*1"	NA	"TCRBJ1-1*1"	54	60	65	67	6	2	NA	NA	"CTACACGCCCTGCAGCCAGAAGACTCAGCCCTGTATCTCTGCGCCAGCAGCCAATGGCCGAGGGGCCCTGAAGCTTTCTTTGGACAA"	FALSE	TRUE	NA	NA	NA	NA
"CAGCCTGCAAAGCTTGAGGACTCGGCCGTGTATCTCTGTGCCAGCAGCCGTGTGCGTCCAGGGATGGCCGAGCAGTACTTCGGGCCG"	"CASSRVRPGMAEQYF"	"CAGCCTGCAAAGCTTGAGGACTCGGCCGTGTATCTCTGTGCCAGCAGCCGTGTGCGTCCAGGGATGGCCGAGCAGTACTTCGGGCCG"	"CASSRVRPGMAEQYF"	"TCRBV11-2*1"	"TCRBD1-1*1"	"TCRBJ2-7*1"	48	58	63	68	10	5	NA	NA	"CAGCCTGCAAAGCTTGAGGACTCGGCCGTGTATCTCTGTGCCAGCAGCCGTGTGCGTCCAGGGATGGCCGAGCAGTACTTCGGGCCG"	FALSE	TRUE	NA	NA	NA	NA
"AGCTCTCTGGAGCTGGGGGACTCAGCTTTGTATTTCTGTGCCAGCAGCGTGACAGGGGGCGCTAGGGACGAGCAGTACTTCGGGCCG"	"CASSVTGGARDEQYF"	"AGCTCTCTGGAGCTGGGGGACTCAGCTTTGTATTTCTGTGCCAGCAGCGTGACAGGGGGCGCTAGGGACGAGCAGTACTTCGGGCCG"	"CASSVTGGARDEQYF"	"TCRBV9-1*1"	"TCRBD1-1*1"	"TCRBJ2-7*1"	-1	50	60	67	51	7	NA	NA	"AGCTCTCTGGAGCTGGGGGACTCAGCTTTGTATTTCTGTGCCAGCAGCGTGACAGGGGGCGCTAGGGACGAGCAGTACTTCGGGCCG"	FALSE	TRUE	NA	NA	NA	NA
"NCTCTCACTGTGACATCGGCCCAAAAGAACCCGACAGCTTTCTATCTCTGTGCCAGTAGGGCCGGGGGGGAAGCTTTCTTTGGACAA"	"CASRAGGEAFF"	"NCTCTCACTGTGACATCGGCCCAAAAGAACCCGACAGCTTTCTATCTCTGTGCCAGTAGGGCCGGGGGGGAAGCTTTCTTTGGACAA"	"CASRAGGEAFF"	"TCRBV19-1*1"	"TCRBD2-1*1"	"TCRBJ1-1*1"	59	62	-1	69	3	70	NA	NA	"NCTCTCACTGTGACATCGGCCCAAAAGAACCCGACAGCTTTCTATCTCTGTGCCAGTAGGGCCGGGGGGGAAGCTTTCTTTGGACAA"	FALSE	TRUE	NA	NA	NA	NA
"AGCACCTTGGAGCTGGGGGACTCGGCCCTTTATCTTTGCGCCAGCAGCTTTTCCGGGACTAACCAAGAGACCCAGTACTTCGGGCCA"	"CASSFSGTNQETQYF"	"AGCACCTTGGAGCTGGGGGACTCGGCCCTTTATCTTTGCGCCAGCAGCTTTTCCGGGACTAACCAAGAGACCCAGTACTTCGGGCCA"	"CASSFSGTNQETQYF"	"TCRBV5-1*1"	"TCRBD2-1"	"TCRBJ2-5*1"	50	54	-1	61	4	62	NA	NA	"AGCACCTTGGAGCTGGGGGACTCGGCCCTTTATCTTTGCGCCAGCAGCTTTTCCGGGACTAACCAAGAGACCCAGTACTTCGGGCCA"	FALSE	TRUE	NA	NA	NA	NA
"AATGTGAGCACCTTGGAGCTGGGGGACTCGGCCCTTTATCTTTGCGCCAGCAGCCTGGACGGAGGATATGGCTACACCTTCGGTTCG"	"CASSLDGGYGYTF"	"AATGTGAGCACCTTGGAGCTGGGGGACTCGGCCCTTTATCTTTGCGCCAGCAGCCTGGACGGAGGATATGGCTACACCTTCGGTTCG"	"CASSLDGGYGYTF"	"TCRBV5-1*1"	"TCRBD2-1*2"	"TCRBJ1-2*1"	58	60	65	66	2	1	NA	NA	"AATGTGAGCACCTTGGAGCTGGGGGACTCGGCCCTTTATCTTTGCGCCAGCAGCCTGGACGGAGGATATGGCTACACCTTCGGTTCG"	FALSE	TRUE	NA	NA	NA	NA
"GCTGCTCCCTCCCAAACATCTGTGTACTTCTGTGCCAGCAGTTACTCCTCTAGCGGGAGTTTCTACAATGAGCAGTTCTTCGGGCCA"	"CASSYSSSGSFYNEQFF"	"GCTGCTCCCTCCCAAACATCTGTGTACTTCTGTGCCAGCAGTTACTCCTCTAGCGGGAGTTTCTACAATGAGCAGTTCTTCGGGCCA"	"CASSYSSSGSFYNEQFF"	"TCRBV6-2/6-3*1"	"TCRBD2-1*2"	"TCRBJ2-1*1"	47	49	59	62	2	3	NA	NA	"GCTGCTCCCTCCCAAACATCTGTGTACTTCTGTGCCAGCAGTTACTCCTCTAGCGGGAGTTTCTACAATGAGCAGTTCTTCGGGCCA"	FALSE	TRUE	NA	NA	NA	NA
"GCCCTCACATACCTCTCAGTACCTCTGTGCCAGCAGGGTTTGACTAGCGGGAGCGCGTCCCACTCCTACGAGCAGTACTTCGGGCCG"	""	"GCCCTCACATACCTCTCAGTACCTCTGTGCCAGCAGGGTTTGACTAGCGGGAGCGCGTCCCACTCCTACGAGCAGTACTTCGGGCCG"	""	"TCRBV25-1*1"	"TCRBD2-1*2"	"TCRBJ2-7*1"	36	41	53	62	5	9	NA	NA	"GCCCTCACATACCTCTCAGTACCTCTGTGCCAGCAGGGTTTGACTAGCGGGAGCGCGTCCCACTCCTACGAGCAGTACTTCGGGCCG"	FALSE	FALSE	NA	NA	NA	NA
"CTGGAGTCGCCCAGCCCCAACCAGACCTCTCTGTACTTCTGTGCCAGCCGGGGTTACTCCTATAATTCACCCCTCCACTTTGGGAAT"	"CASRGYSYNSPLHF"	"CTGGAGTCGCCCAGCCCCAACCAGACCTCTCTGTACTTCTGTGCCAGCCGGGGTTACTCCTATAATTCACCCCTCCACTTTGGGAAT"	"CASRGYSYNSPLHF"	"TCRBV27-1*1"	"TCRBD2-1*1"	"TCRBJ1-6*1"	-1	48	53	56	49	3	NA	NA	"CTGGAGTCGCCCAGCCCCAACCAGACCTCTCTGTACTTCTGTGCCAGCCGGGGTTACTCCTATAATTCACCCCTCCACTTTGGGAAT"	FALSE	TRUE	NA	NA	NA	NA
"TGTCCTCAGAACCGGGAGACACGGCACTGTATCTCTGCGCCAGCAGGAGGTCCAGGCTTCCAAACCTACGAGCAGTACTTCGGGCCG"	""	"TGTCCTCAGAACCGGGAGACACGGCACTGTATCTCTGCGCCAGCAGGAGGTCCAGGCTTCCAAACCTACGAGCAGTACTTCGGGCCG"	""	"TCRBV23-1*1"	NA	"TCRBJ2-7*1"	46	52	56	64	6	8	NA	NA	"TGTCCTCAGAACCGGGAGACACGGCACTGTATCTCTGCGCCAGCAGGAGGTCCAGGCTTCCAAACCTACGAGCAGTACTTCGGGCCG"	FALSE	FALSE	NA	NA	NA	NA
"GTGACCAGTGCCCATCCTGAAGACAGCAGCTTCTACATCTGCAGTGCTAGAGAGAGCGGGCTCTCCTACGAGCAGTACTTCGGGCCG"	"CSARESGLSYEQYF"	"GTGACCAGTGCCCATCCTGAAGACAGCAGCTTCTACATCTGCAGTGCTAGAGAGAGCGGGCTCTCCTACGAGCAGTACTTCGGGCCG"	"CSARESGLSYEQYF"	NA	"TCRBD2-1"	"TCRBJ2-7*1"	53	54	60	62	1	2	NA	NA	"GTGACCAGTGCCCATCCTGAAGACAGCAGCTTCTACATCTGCAGTGCTAGAGAGAGCGGGCTCTCCTACGAGCAGTACTTCGGGCCG"	FALSE	TRUE	NA	NA	NA	NA
"ATCCGGTCCACAAAGCTGGAGGACTCAGCCATGTACTTCTGTGCCAGCAACCAGGGCACAATGAACACTGAAGCTTTCTTTGGACAA"	"CASNQGTMNTEAFF"	"ATCCGGTCCACAAAGCTGGAGGACTCAGCCATGTACTTCTGTGCCAGCAACCAGGGCACAATGAACACTGAAGCTTTCTTTGGACAA"	"CASNQGTMNTEAFF"	"TCRBV2-1"	"TCRBD1-1*1"	"TCRBJ1-1*1"	49	51	56	61	2	5	NA	NA	"ATCCGGTCCACAAAGCTGGAGGACTCAGCCATGTACTTCTGTGCCAGCAACCAGGGCACAATGAACACTGAAGCTTTCTTTGGACAA"	FALSE	TRUE	NA	NA	NA	NA
"NNNNNNNNNNTGTCGGCTGCTCCCTCCCAAACATCTGTGTACTTCTGTGCCAGCCGCCGAGAAACCTACGAGCAGTACTTCGGGCCG"	"CASRRETYEQYF"	"NNNNNNNNNNTGTCGGCTGCTCCCTCCCAAACATCTGTGTACTTCTGTGCCAGCCGCCGAGAAACCTACGAGCAGTACTTCGGGCCG"	"CASRRETYEQYF"	"TCRBV6-2*2"	"TCRBD2-1*2"	"TCRBJ2-7*1"	-1	58	61	64	59	3	NA	NA	"NNNNNNNNNNTGTCGGCTGCTCCCTCCCAAACATCTGTGTACTTCTGTGCCAGCCGCCGAGAAACCTACGAGCAGTACTTCGGGCCG"	FALSE	TRUE	NA	NA	NA	NA
"ACCTTGGAGCTGGGGGACTCGGCCCTTTATCTTTGCGCCAGCAGCGCCCTAGCGGGAGGGCGGGGAGAGACCCAGTACTTCGGGCCA"	"CASSALAGGRGETQYF"	"ACCTTGGAGCTGGGGGACTCGGCCCTTTATCTTTGCGCCAGCAGCGCCCTAGCGGGAGGGCGGGGAGAGACCCAGTACTTCGGGCCA"	"CASSALAGGRGETQYF"	"TCRBV5-1*1"	"TCRBD2-1*2"	"TCRBJ2-5*1"	45	48	60	65	3	5	NA	NA	"ACCTTGGAGCTGGGGGACTCGGCCCTTTATCTTTGCGCCAGCAGCGCCCTAGCGGGAGGGCGGGGAGAGACCCAGTACTTCGGGCCA"	FALSE	TRUE	NA	NA	NA	NA
"CTGGAGTCAGCTACCAGCTCCCAGACATCTGTGTACTTCTGTGCCATCAGTCCGACAGTCAGCAATCAGCCCCAGCATTTTGGTGAT"	"CAISPTVSNQPQHF"	"CTGGAGTCAGCTACCAGCTCCCAGACATCTGTGTACTTCTGTGCCATCAGTCCGACAGTCAGCAATCAGCCCCAGCATTTTGGTGAT"	"CAISPTVSNQPQHF"	"TCRBV1-3*1"	"TCRBD1-1*1"	"TCRBJ1-5*1"	51	53	58	60	2	2	NA	NA	"CTGGAGTCAGCTACCAGCTCCCAGACATCTGTGTACTTCTGTGCCATCAGTCCGACAGTCAGCAATCAGCCCCAGCATTTTGGTGAT"	FALSE	TRUE	NA	NA	NA	NA
"TCTCTGGAGCTGGGGGACTCAGCTTTGTATTTCTGTGCCAGCAGCGTAGGTGCGGGAACTGGGGCCAACGTCCTGACTTTCGGGGCC"	"CASSVGAGTGANVLTF"	"TCTCTGGAGCTGGGGGACTCAGCTTTGTATTTCTGTGCCAGCAGCGTAGGTGCGGGAACTGGGGCCAACGTCCTGACTTTCGGGGCC"	"CASSVGAGTGANVLTF"	"TCRBV9-1*1"	"TCRBD2-1*2"	"TCRBJ2-6*1"	49	51	57	58	2	1	NA	NA	"TCTCTGGAGCTGGGGGACTCAGCTTTGTATTTCTGTGCCAGCAGCGTAGGTGCGGGAACTGGGGCCAACGTCCTGACTTTCGGGGCC"	FALSE	TRUE	NA	NA	NA	NA
"CTGACTGTGAGCAACATGAGCCCTGAAGACAGCAGCATATATCTCTGCAGCTCGTCAGGGGGGACCTATGGCTACACCTTCGGTTCG"	"CSSSGGTYGYTF"	"CTGACTGTGAGCAACATGAGCCCTGAAGACAGCAGCATATATCTCTGCAGCTCGTCAGGGGGGACCTATGGCTACACCTTCGGTTCG"	"CSSSGGTYGYTF"	"TCRBV29-1"	"TCRBD1-1*1"	"TCRBJ1-2*1"	51	55	62	65	4	3	NA	NA	"CTGACTGTGAGCAACATGAGCCCTGAAGACAGCAGCATATATCTCTGCAGCTCGTCAGGGGGGACCTATGGCTACACCTTCGGTTCG"	FALSE	TRUE	NA	NA	NA	NA
"CTGGAGTCCGCCAGCACCAACCAGACATCTATGTACCTCTGTGCCAGCAGTTTATGGATATCTGGAAACACCATATATTTTGGAGAG"	"CASSLWISGNTIYF"	"CTGGAGTCCGCCAGCACCAACCAGACATCTATGTACCTCTGTGCCAGCAGTTTATGGATATCTGGAAACACCATATATTTTGGAGAG"	"CASSLWISGNTIYF"	"TCRBV28-1*1"	NA	"TCRBJ1-3*1"	-1	56	58	60	57	2	NA	NA	"CTGGAGTCCGCCAGCACCAACCAGACATCTATGTACCTCTGTGCCAGCAGTTTATGGATATCTGGAAACACCATATATTTTGGAGAG"	FALSE	TRUE	NA	NA	NA	NA
"ATCCAGCGCACAGAGCAGGGGGACTCGGCCATGTATCTCTGTGCCAGCAGCTTATTAGGGAGTAATGAAAAACTGTTTTTTGGCAGT"	"CASSLLGSNEKLFF"	"ATCCAGCGCACAGAGCAGGGGGACTCGGCCATGTATCTCTGTGCCAGCAGCTTATTAGGGAGTAATGAAAAACTGTTTTTTGGCAGT"	"CASSLLGSNEKLFF"	"TCRBV7-9*1"	"TCRBD2-1*2"	"TCRBJ1-4*1"	54	57	-1	62	3	63	NA	NA	"ATCCAGCGCACAGAGCAGGGGGACTCGGCCATGTATCTCTGTGCCAGCAGCTTATTAGGGAGTAATGAAAAACTGTTTTTTGGCAGT"	FALSE	TRUE	NA	NA	NA	NA
"GAGTTGGCTGCTCCCTCCCAGACATCTGTGTACTTCTGTGCCAGCAGTTGGGATAGCGGATTCACAGATACGCAGTATTTTGGCCCA"	"CASSWDSGFTDTQYF"	"GAGTTGGCTGCTCCCTCCCAGACATCTGTGTACTTCTGTGCCAGCAGTTGGGATAGCGGATTCACAGATACGCAGTATTTTGGCCCA"	"CASSWDSGFTDTQYF"	"TCRBV6-6*1"	"TCRBD2-1"	"TCRBJ2-3*1"	49	53	59	62	4	3	NA	NA	"GAGTTGGCTGCTCCCTCCCAGACATCTGTGTACTTCTGTGCCAGCAGTTGGGATAGCGGATTCACAGATACGCAGTATTTTGGCCCA"	FALSE	TRUE	NA	NA	NA	NA
"CTACACGCCCTGCAGCCAGAAGACTCAGCCCTGTATCTCTGCGCCAGCAGCCCCGGGACTAGCGCTAGTGAGCAGTTCTTCGGGCCA"	"CASSPGTSASEQFF"	"CTACACGCCCTGCAGCCAGAAGACTCAGCCCTGTATCTCTGCGCCAGCAGCCCCGGGACTAGCGCTAGTGAGCAGTTCTTCGGGCCA"	"CASSPGTSASEQFF"	"TCRBV4-1*1"	"TCRBD2-1"	"TCRBJ2-1*1"	52	54	64	68	2	4	NA	NA	"CTACACGCCCTGCAGCCAGAAGACTCAGCCCTGTATCTCTGCGCCAGCAGCCCCGGGACTAGCGCTAGTGAGCAGTTCTTCGGGCCA"	FALSE	TRUE	NA	NA	NA	NA
"TCACCAGGCCTGGGGGACGCAGCCATGTACCTGTGTGCCACCAGCAGAGATCGGGAATATAGCAATCAGCCCCAGCATTTTGGTGAT"	"CATSRDREYSNQPQHF"	"TCACCAGGCCTGGGGGACGCAGCCATGTACCTGTGTGCCACCAGCAGAGATCGGGAATATAGCAATCAGCCCCAGCATTTTGGTGAT"	"CATSRDREYSNQPQHF"	"TCRBV15-1*2"	"TCRBD2-1*2"	"TCRBJ1-5*1"	50	51	56	59	1	3	NA	NA	"TCACCAGGCCTGGGGGACGCAGCCATGTACCTGTGTGCCACCAGCAGAGATCGGGAATATAGCAATCAGCCCCAGCATTTTGGTGAT"	FALSE	TRUE	NA	NA	NA	NA
"CACCTACACACCCTGCAGCCAGAAGACTCGGCCCTGTATCTCTGCGCCAGCAGCCAGACATTTTTCGGGGAGCTGTTTTTTGGAGAA"	"CASSQTFFGELFF"	"CACCTACACACCCTGCAGCCAGAAGACTCGGCCCTGTATCTCTGCGCCAGCAGCCAGACATTTTTCGGGGAGCTGTTTTTTGGAGAA"	"CASSQTFFGELFF"	"TCRBV4-3*1"	"TCRBD1-1*1"	"TCRBJ2-2*1"	-1	56	60	65	57	5	NA	NA	"CACCTACACACCCTGCAGCCAGAAGACTCGGCCCTGTATCTCTGCGCCAGCAGCCAGACATTTTTCGGGGAGCTGTTTTTTGGAGAA"	FALSE	TRUE	NA	NA	NA	NA
"GAGCTGGACGACTCGGCCCTGTATCTCTGTGCCAGCAGCTCGGGGACAGGGGCTGGGGCGAACACCGGGGAGCTGTTTTTTGGAGAA"	"CASSSGTGAGANTGELFF"	"GAGCTGGACGACTCGGCCCTGTATCTCTGTGCCAGCAGCTCGGGGACAGGGGCTGGGGCGAACACCGGGGAGCTGTTTTTTGGAGAA"	"CASSSGTGAGANTGELFF"	"TCRBV5-4*1"	"TCRBD1-1*1"	"TCRBJ2-2*1"	40	42	52	58	2	6	NA	NA	"GAGCTGGACGACTCGGCCCTGTATCTCTGTGCCAGCAGCTCGGGGACAGGGGCTGGGGCGAACACCGGGGAGCTGTTTTTTGGAGAA"	FALSE	TRUE	NA	NA	NA	NA
"CTGCTCCCTCCCAGACATCTGTGTACTTCTGTGCCAGCAGTGTCAGGGAGCTGGACTGATAGCAATCAGCCCCAGCATTTTGGTGAT"	""	"CTGCTCCCTCCCAGACATCTGTGTACTTCTGTGCCAGCAGTGTCAGGGAGCTGGACTGATAGCAATCAGCCCCAGCATTTTGGTGAT"	""	"TCRBV6-1*1"	NA	"TCRBJ1-5*1"	42	43	48	59	1	11	NA	NA	"CTGCTCCCTCCCAGACATCTGTGTACTTCTGTGCCAGCAGTGTCAGGGAGCTGGACTGATAGCAATCAGCCCCAGCATTTTGGTGAT"	FALSE	FALSE	NA	NA	NA	NA
"CCTGCAAAGCTTGAGGACTCGGCCGTGTATCTCTGTGCCAGCAGCTTAGGGACCCCTTTCGAACCAGAGACCCAGTACTTCGGGCCA"	"CASSLGTPFEPETQYF"	"CCTGCAAAGCTTGAGGACTCGGCCGTGTATCTCTGTGCCAGCAGCTTAGGGACCCCTTTCGAACCAGAGACCCAGTACTTCGGGCCA"	"CASSLGTPFEPETQYF"	"TCRBV11-2"	NA	"TCRBJ2-5*1"	-1	49	53	65	50	12	NA	NA	"CCTGCAAAGCTTGAGGACTCGGCCGTGTATCTCTGTGCCAGCAGCTTAGGGACCCCTTTCGAACCAGAGACCCAGTACTTCGGGCCA"	FALSE	TRUE	NA	NA	NA	NA
"CGCACAGAGCAGCGGGACTCGGCCATGTATCGCTGTGCCAGCAGCGACGGACTAGCGGGCTCCTACAATGAGCAGTTCTTCGGGCCA"	"CASSDGLAGSYNEQFF"	"CGCACAGAGCAGCGGGACTCGGCCATGTATCGCTGTGCCAGCAGCGACGGACTAGCGGGCTCCTACAATGAGCAGTTCTTCGGGCCA"	"CASSDGLAGSYNEQFF"	"TCRBV7-6*1"	"TCRBD2-1"	"TCRBJ2-1*1"	45	48	-1	59	3	60	NA	NA	"CGCACAGAGCAGCGGGACTCGGCCATGTATCGCTGTGCCAGCAGCGACGGACTAGCGGGCTCCTACAATGAGCAGTTCTTCGGGCCA"	FALSE	TRUE	NA	NA	NA	NA
"NNNNNNNNNNTGTCGGCTGCTCCCTCCCAGACATCTGTGTACTTCTGTGCCAGCAGTGAGGCCGCGGGAGTCGGATACTTCGGCGCC"	"CASSEAAGVGYF"	"NNNNNNNNNNTGTCGGCTGCTCCCTCCCAGACATCTGTGTACTTCTGTGCCAGCAGTGAGGCCGCGGGAGTCGGATACTTCGGCGCC"	"CASSEAAGVGYF"	"TCRBV6-1*1"	"TCRBD2-1*2"	"TCRBJ2-4*1"	59	63	70	75	4	5	NA	NA	"NNNNNNNNNNTGTCGGCTGCTCCCTCCCAGACATCTGTGTACTTCTGTGCCAGCAGTGAGGCCGCGGGAGTCGGATACTTCGGCGCC"	FALSE	TRUE	NA	NA	NA	NA
"GGATCCAGCGCACAGAGCGGGGGGACTCAGCCGTGTATCTCTGTGCCCACCCGGACCGGGAGGGGGGAGACCCAGTACTTCGGGCCA"	""	"GGATCCAGCGCACAGAGCGGGGGGACTCAGCCGTGTATCTCTGTGCCCACCCGGACCGGGAGGGGGGAGACCCAGTACTTCGGGCCA"	""	"TCRBV7-3*1"	"TCRBD2-1*2"	"TCRBJ2-5*1"	47	56	64	66	9	2	NA	NA	"GGATCCAGCGCACAGAGCGGGGGGACTCAGCCGTGTATCTCTGTGCCCACCCGGACCGGGAGGGGGGAGACCCAGTACTTCGGGCCA"	FALSE	FALSE	NA	NA	NA	NA
"CAGCCTGCAGAGCTTGGGGACTCGGCCGTGTATCTCTGTGCCAGCAGCTTGGACAGGGGGCGCACAGATACGCAGTATTTTGGCCCA"	"CASSLDRGRTDTQYF"	"CAGCCTGCAGAGCTTGGGGACTCGGCCGTGTATCTCTGTGCCAGCAGCTTGGACAGGGGGCGCACAGATACGCAGTATTTTGGCCCA"	"CASSLDRGRTDTQYF"	"TCRBV11-3*1"	"TCRBD1-1*1"	"TCRBJ2-3*1"	-1	50	-1	61	51	62	NA	NA	"CAGCCTGCAGAGCTTGGGGACTCGGCCGTGTATCTCTGTGCCAGCAGCTTGGACAGGGGGCGCACAGATACGCAGTATTTTGGCCCA"	FALSE	TRUE	NA	NA	NA	NA
"CGCACAGAGCAGGGGGACTCGGCCATGTATCTCTGTGCCAGCAGCTTAGAGACAGGGCTCTCGAACACTGAAGCTTTCTTTGGACAA"	"CASSLETGLSNTEAFF"	"CGCACAGAGCAGGGGGACTCGGCCATGTATCTCTGTGCCAGCAGCTTAGAGACAGGGCTCTCGAACACTGAAGCTTTCTTTGGACAA"	"CASSLETGLSNTEAFF"	"TCRBV7-9*1"	"TCRBD1-1*1"	"TCRBJ1-1*1"	49	50	57	62	1	5	NA	NA	"CGCACAGAGCAGGGGGACTCGGCCATGTATCTCTGTGCCAGCAGCTTAGAGACAGGGCTCTCGAACACTGAAGCTTTCTTTGGACAA"	FALSE	TRUE	NA	NA	NA	NA
"CTGCTGCCTCCTCCCAGACATCTGTATATTTCTGCGCCAGCATTCCAGGGCAGGGGTCGCTGCCCGAAAGAAGCTTTCTTTGGACAA"	""	"CTGCTGCCTCCTCCCAGACATCTGTATATTTCTGCGCCAGCATTCCAGGGCAGGGGTCGCTGCCCGAAAGAAGCTTTCTTTGGACAA"	""	"TCRBV1-1"	"TCRBD1-1*1"	"TCRBJ1-1*1"	42	50	56	69	8	13	NA	NA	"CTGCTGCCTCCTCCCAGACATCTGTATATTTCTGCGCCAGCATTCCAGGGCAGGGGTCGCTGCCCGAAAGAAGCTTTCTTTGGACAA"	FALSE	FALSE	NA	NA	NA	NA
"NNNNNNNNTGTCGGCTGCTCCCTCCCAGACATCTGTGTACTTCTGTGCCAGCAGTTCATCGCCCTAAGGCCCCAGCATTTTGGTGAT"	""	"NNNNNNNNTGTCGGCTGCTCCCTCCCAGACATCTGTGTACTTCTGTGCCAGCAGTTCATCGCCCTAAGGCCCCAGCATTTTGGTGAT"	""	"TCRBV6-5*1"	"TCRBD2-1"	"TCRBJ1-5*1"	56	63	66	68	7	2	NA	NA	"NNNNNNNNTGTCGGCTGCTCCCTCCCAGACATCTGTGTACTTCTGTGCCAGCAGTTCATCGCCCTAAGGCCCCAGCATTTTGGTGAT"	FALSE	FALSE	NA	NA	NA	NA
"CAGCCCTCAGAACCCAGGGACTCAGCTGTGTACTTCTGTGCCAGCAGCTGGGCTGGAATGTGGGACACTGAAGCTTTCTTTGGACAA"	"CASSWAGMWDTEAFF"	"CAGCCCTCAGAACCCAGGGACTCAGCTGTGTACTTCTGTGCCAGCAGCTGGGCTGGAATGTGGGACACTGAAGCTTTCTTTGGACAA"	"CASSWAGMWDTEAFF"	NA	"TCRBD1-1*1"	"TCRBJ1-1*1"	47	49	53	64	2	11	NA	NA	"CAGCCCTCAGAACCCAGGGACTCAGCTGTGTACTTCTGTGCCAGCAGCTGGGCTGGAATGTGGGACACTGAAGCTTTCTTTGGACAA"	FALSE	TRUE	NA	NA	NA	NA
"AAGATCCAGCCTGCAGAGCTTGGGGACTCGGCCATGTATCTCTGTGCCAGCAGCTATGCAGGGAAACGAGGCTACACCTTCGGTTCG"	"CASSYAGKRGYTF"	"AAGATCCAGCCTGCAGAGCTTGGGGACTCGGCCATGTATCTCTGTGCCAGCAGCTATGCAGGGAAACGAGGCTACACCTTCGGTTCG"	"CASSYAGKRGYTF"	"TCRBV11-1*1"	"TCRBD1-1*1"	"TCRBJ1-2*1"	55	58	63	69	3	6	NA	NA	"AAGATCCAGCCTGCAGAGCTTGGGGACTCGGCCATGTATCTCTGTGCCAGCAGCTATGCAGGGAAACGAGGCTACACCTTCGGTTCG"	FALSE	TRUE	NA	NA	NA	NA
"AGTGCCCATCCTGAAGACAGCAGCTTCTACATCTGCAGTGCTAGAGAAGGGCTCGGGACAGCAAATGAAAAACTGTTTTTTGGCAGT"	"CSAREGLGTANEKLFF"	"AGTGCCCATCCTGAAGACAGCAGCTTCTACATCTGCAGTGCTAGAGAAGGGCTCGGGACAGCAAATGAAAAACTGTTTTTTGGCAGT"	"CSAREGLGTANEKLFF"	NA	"TCRBD1-1*1"	"TCRBJ1-4*1"	47	54	61	63	7	2	NA	NA	"AGTGCCCATCCTGAAGACAGCAGCTTCTACATCTGCAGTGCTAGAGAAGGGCTCGGGACAGCAAATGAAAAACTGTTTTTTGGCAGT"	FALSE	TRUE	NA	NA	NA	NA
"CTGGAGTCCGCTACCAGCTCCCAGACATCTGTGTACTTCTGTGCCATCAGTGAGACGGACAGAGGAGGGACCCAGTACTTCGGGCCA"	"CAISETDRGGTQYF"	"CTGGAGTCCGCTACCAGCTCCCAGACATCTGTGTACTTCTGTGCCATCAGTGAGACGGACAGAGGAGGGACCCAGTACTTCGGGCCA"	"CAISETDRGGTQYF"	"TCRBV1-3*1"	"TCRBD1-1*1"	"TCRBJ2-5*1"	54	56	62	68	2	6	NA	NA	"CTGGAGTCCGCTACCAGCTCCCAGACATCTGTGTACTTCTGTGCCATCAGTGAGACGGACAGAGGAGGGACCCAGTACTTCGGGCCA"	FALSE	TRUE	NA	NA	NA	NA
"ATCAATTCCCTGGAGCTTGGTGACTCTGCTGTGTATTTCTGTGCCAGCAGCCCGACAGGGCTAAATGAAAAACTGTTTTTTGGCAGT"	"CASSPTGLNEKLFF"	"ATCAATTCCCTGGAGCTTGGTGACTCTGCTGTGTATTTCTGTGCCAGCAGCCCGACAGGGCTAAATGAAAAACTGTTTTTTGGCAGT"	"CASSPTGLNEKLFF"	"TCRBV3-1/3-2*1"	"TCRBD1-1*1"	"TCRBJ1-4*1"	52	53	60	63	1	3	NA	NA	"ATCAATTCCCTGGAGCTTGGTGACTCTGCTGTGTATTTCTGTGCCAGCAGCCCGACAGGGCTAAATGAAAAACTGTTTTTTGGCAGT"	FALSE	TRUE	NA	NA	NA	NA
"GTGACCAGTGCCCATCCTGAAGACAGCAGCTTCTACATCTGCAGTGCCCAAACTAGCGGGAGTACCTACGAGCAGTACTTCGGGCCG"	"CSAQTSGSTYEQYF"	"GTGACCAGTGCCCATCCTGAAGACAGCAGCTTCTACATCTGCAGTGCCCAAACTAGCGGGAGTACCTACGAGCAGTACTTCGGGCCG"	"CSAQTSGSTYEQYF"	NA	"TCRBD2-1*2"	"TCRBJ2-7*1"	47	51	62	64	4	2	NA	NA	"GTGACCAGTGCCCATCCTGAAGACAGCAGCTTCTACATCTGCAGTGCCCAAACTAGCGGGAGTACCTACGAGCAGTACTTCGGGCCG"	FALSE	TRUE	NA	NA	NA	NA
"TCACCAGGCCTGGGGGACGCAGCCATGTACCTGTGTGCCACCAGCAGAATAGCGGGAGAAGGTACAGATACGCAGTATTTTGGCCCA"	"CATSRIAGEGTDTQYF"	"TCACCAGGCCTGGGGGACGCAGCCATGTACCTGTGTGCCACCAGCAGAATAGCGGGAGAAGGTACAGATACGCAGTATTTTGGCCCA"	"CATSRIAGEGTDTQYF"	"TCRBV15-1*2"	"TCRBD2-1*2"	"TCRBJ2-3*1"	48	49	58	63	1	5	NA	NA	"TCACCAGGCCTGGGGGACGCAGCCATGTACCTGTGTGCCACCAGCAGAATAGCGGGAGAAGGTACAGATACGCAGTATTTTGGCCCA"	FALSE	TRUE	NA	NA	NA	NA
"CTGGGGGACGCAGCCATGTACCTGTGTGCCACAGCTCGGTGGCCGTTAGCTGAAACCGCGAACACCGGGGAGCTGTTTTTTGGAGAA"	"CATARWPLAETANTGELFF"	"CTGGGGGACGCAGCCATGTACCTGTGTGCCACAGCTCGGTGGCCGTTAGCTGAAACCGCGAACACCGGGGAGCTGTTTTTTGGAGAA"	"CATARWPLAETANTGELFF"	"TCRBV15-1*2"	"TCRBD2-1"	"TCRBJ2-2*1"	32	46	50	58	14	8	NA	NA	"CTGGGGGACGCAGCCATGTACCTGTGTGCCACAGCTCGGTGGCCGTTAGCTGAAACCGCGAACACCGGGGAGCTGTTTTTTGGAGAA"	FALSE	TRUE	NA	NA	NA	NA
"CTGACAGTGACCAGTGCCCATCCTGAAGACAGCAGCTTCTACATCTGCAGTGCTAGATTCGTTGACTATGGCTACACCTTCGGTTCG"	"CSARFVDYGYTF"	"CTGACAGTGACCAGTGCCCATCCTGAAGACAGCAGCTTCTACATCTGCAGTGCTAGATTCGTTGACTATGGCTACACCTTCGGTTCG"	"CSARFVDYGYTF"	NA	"TCRBD2-1"	"TCRBJ1-2*1"	57	59	61	64	2	3	NA	NA	"CTGACAGTGACCAGTGCCCATCCTGAAGACAGCAGCTTCTACATCTGCAGTGCTAGATTCGTTGACTATGGCTACACCTTCGGTTCG"	FALSE	TRUE	NA	NA	NA	NA
"GAGTCCGCCAGCACCAACCAGACATCTATGTACCTCTGTGCCAGCAGTCCTTCTATCGGGGGCAGGAATGAGCAGTTCTTCGGGCCA"	"CASSPSIGGRNEQFF"	"GAGTCCGCCAGCACCAACCAGACATCTATGTACCTCTGTGCCAGCAGTCCTTCTATCGGGGGCAGGAATGAGCAGTTCTTCGGGCCA"	"CASSPSIGGRNEQFF"	"TCRBV28-1*1"	NA	"TCRBJ2-1*1"	48	57	63	66	9	3	NA	NA	"GAGTCCGCCAGCACCAACCAGACATCTATGTACCTCTGTGCCAGCAGTCCTTCTATCGGGGGCAGGAATGAGCAGTTCTTCGGGCCA"	FALSE	TRUE	NA	NA	NA	NA
"AACGCCTTGTTGCTGGGGGACTCGGCCCTCTATCTCTGTGCCAGCAGCTTGGCCGGACAGGGGAACTATGGCTACACCTTCGGTTCG"	"CASSLAGQGNYGYTF"	"AACGCCTTGTTGCTGGGGGACTCGGCCCTCTATCTCTGTGCCAGCAGCTTGGCCGGACAGGGGAACTATGGCTACACCTTCGGTTCG"	"CASSLAGQGNYGYTF"	"TCRBV5-6*1"	"TCRBD1-1*1"	"TCRBJ1-2*1"	52	54	-1	63	2	64	NA	NA	"AACGCCTTGTTGCTGGGGGACTCGGCCCTCTATCTCTGTGCCAGCAGCTTGGCCGGACAGGGGAACTATGGCTACACCTTCGGTTCG"	FALSE	TRUE	NA	NA	NA	NA
"TTTGCCTTGGGCCCAAAGAACCCGACAGCTTTCTATCTCTGTGCCAGTAGTATAGATCTGCAGGGGCGGGCCCAGTACTTCGGGCCA"	"CASSIDLQGRAQYF"	"TTTGCCTTGGGCCCAAAGAACCCGACAGCTTTCTATCTCTGTGCCAGTAGTATAGATCTGCAGGGGCGGGCCCAGTACTTCGGGCCA"	"CASSIDLQGRAQYF"	"TCRBV19-1*1"	"TCRBD1-1*1"	"TCRBJ2-5*1"	56	60	66	70	4	4	NA	NA	"TTTGCCTTGGGCCCAAAGAACCCGACAGCTTTCTATCTCTGTGCCAGTAGTATAGATCTGCAGGGGCGGGCCCAGTACTTCGGGCCA"	FALSE	TRUE	NA	NA	NA	NA
"GAGTCGCCCAGCCCCAACCAGACCTCTCTGTACTTCTGTGCCAGCAGTTTGGCCCCGAGCTCTGGAAACACCATATATTTTGGAGAG"	"CASSLAPSSGNTIYF"	"GAGTCGCCCAGCCCCAACCAGACCTCTCTGTACTTCTGTGCCAGCAGTTTGGCCCCGAGCTCTGGAAACACCATATATTTTGGAGAG"	"CASSLAPSSGNTIYF"	"TCRBV27-1*1"	NA	"TCRBJ1-3*1"	-1	50	53	59	51	6	NA	NA	"GAGTCGCCCAGCCCCAACCAGACCTCTCTGTACTTCTGTGCCAGCAGTTTGGCCCCGAGCTCTGGAAACACCATATATTTTGGAGAG"	FALSE	TRUE	NA	NA	NA	NA
"AAGATCCAGCCTGCAAAGCTTGAGGACTCGGCCGTGTATCTCTGTGCCAGCAGCTTGGGGACAGGGGTCGAGCAGTACTTCGGGCCG"	"CASSLGTGVEQYF"	"AAGATCCAGCCTGCAAAGCTTGAGGACTCGGCCGTGTATCTCTGTGCCAGCAGCTTGGGGACAGGGGTCGAGCAGTACTTCGGGCCG"	"CASSLGTGVEQYF"	"TCRBV11-2*1"	"TCRBD1-1*1"	"TCRBJ2-7*1"	56	57	67	68	1	1	NA	NA	"AAGATCCAGCCTGCAAAGCTTGAGGACTCGGCCGTGTATCTCTGTGCCAGCAGCTTGGGGACAGGGGTCGAGCAGTACTTCGGGCCG"	FALSE	TRUE	NA	NA	NA	NA
"GAGCTTGGTGACTCTGCTGTGTATTTCTGTGCCAGCAGCCGCGGACTAGCGGGAGGCGCCCACAGCAATGAGCAGTTCTTCGGGCCA"	"CASSRGLAGGAHSNEQFF"	"GAGCTTGGTGACTCTGCTGTGTATTTCTGTGCCAGCAGCCGCGGACTAGCGGGAGGCGCCCACAGCAATGAGCAGTTCTTCGGGCCA"	"CASSRGLAGGAHSNEQFF"	"TCRBV3-1/3-2*1"	"TCRBD2-1*2"	"TCRBJ2-1*1"	40	42	56	65	2	9	NA	NA	"GAGCTTGGTGACTCTGCTGTGTATTTCTGTGCCAGCAGCCGCGGACTAGCGGGAGGCGCCCACAGCAATGAGCAGTTCTTCGGGCCA"	FALSE	TRUE	NA	NA	NA	NA
"ATCCAGCGCACAGAGCAGGGGGACTCGGCCATGTATCTCTGTGCCAGCAGCTTAGCGGGACAGGGGAATGAGCAGTTCTTCGGGCCA"	"CASSLAGQGNEQFF"	"ATCCAGCGCACAGAGCAGGGGGACTCGGCCATGTATCTCTGTGCCAGCAGCTTAGCGGGACAGGGGAATGAGCAGTTCTTCGGGCCA"	"CASSLAGQGNEQFF"	"TCRBV7-9*1"	"TCRBD1-1*1"	"TCRBJ2-1*1"	-1	56	-1	66	57	67	NA	NA	"ATCCAGCGCACAGAGCAGGGGGACTCGGCCATGTATCTCTGTGCCAGCAGCTTAGCGGGACAGGGGAATGAGCAGTTCTTCGGGCCA"	FALSE	TRUE	NA	NA	NA	NA
"CTGAGCTCTCTGGAGCTGGGGGACTCAGCTTTGTATTTCTGTGCCAGCAGCACGGGACAGGGGTCCTACGAGCAGTACTTCGGGCCG"	"CASSTGQGSYEQYF"	"CTGAGCTCTCTGGAGCTGGGGGACTCAGCTTTGTATTTCTGTGCCAGCAGCACGGGACAGGGGTCCTACGAGCAGTACTTCGGGCCG"	"CASSTGQGSYEQYF"	"TCRBV9-1*1"	"TCRBD1-1*1"	"TCRBJ2-7*1"	51	53	-1	63	2	64	NA	NA	"CTGAGCTCTCTGGAGCTGGGGGACTCAGCTTTGTATTTCTGTGCCAGCAGCACGGGACAGGGGTCCTACGAGCAGTACTTCGGGCCG"	FALSE	TRUE	NA	NA	NA	NA
"GAACCGGGAGACACGGCACTGTATCTCTGCGCCAGCAGTCCCCGCCCCTCTCTAGCGGGGGGCACAGATACGCAGTATTTTGGCCCA"	"CASSPRPSLAGGTDTQYF"	"GAACCGGGAGACACGGCACTGTATCTCTGCGCCAGCAGTCCCCGCCCCTCTCTAGCGGGGGGCACAGATACGCAGTATTTTGGCCCA"	"CASSPRPSLAGGTDTQYF"	"TCRBV23-1*1"	"TCRBD2-1*1"	"TCRBJ2-3*1"	40	51	-1	61	11	62	NA	NA	"GAACCGGGAGACACGGCACTGTATCTCTGCGCCAGCAGTCCCCGCCCCTCTCTAGCGGGGGGCACAGATACGCAGTATTTTGGCCCA"	FALSE	TRUE	NA	NA	NA	NA
"GTGACATCGGCCCAAAAGAACCCGACAGCTTTCTATCTCTGTGCCAGTACCCAAGGGGGCATCACCGGGGAGCTGTTTTTTGGAGAA"	"CASTQGGITGELFF"	"GTGACATCGGCCCAAAAGAACCCGACAGCTTTCTATCTCTGTGCCAGTACCCAAGGGGGCATCACCGGGGAGCTGTTTTTTGGAGAA"	"CASTQGGITGELFF"	"TCRBV19-1*1"	"TCRBD1-1*1"	"TCRBJ2-2*1"	49	53	60	62	4	2	NA	NA	"GTGACATCGGCCCAAAAGAACCCGACAGCTTTCTATCTCTGTGCCAGTACCCAAGGGGGCATCACCGGGGAGCTGTTTTTTGGAGAA"	FALSE	TRUE	NA	NA	NA	NA
"TGTCGGCTGCTCCCTCCCAAACATCTGTGTACTTCTGTGCCAGCAGTTAGGGTAAGAACAGGACAAGAGACCCAGTACTTCGGGCCA"	""	"TGTCGGCTGCTCCCTCCCAAACATCTGTGTACTTCTGTGCCAGCAGTTAGGGTAAGAACAGGACAAGAGACCCAGTACTTCGGGCCA"	""	"TCRBV6-2/6-3*1"	"TCRBD1-1*1"	"TCRBJ2-5*1"	49	57	62	63	8	1	NA	NA	"TGTCGGCTGCTCCCTCCCAAACATCTGTGTACTTCTGTGCCAGCAGTTAGGGTAAGAACAGGACAAGAGACCCAGTACTTCGGGCCA"	FALSE	FALSE	NA	NA	NA	NA
"CAGAACTGGAGGATTCTGGAGTTTATTTCTGTGCCAGCAGCCAAGACTTTAGCGGACTAGCGCACCGGGGAGCTGTTTTTTGGAGAA"	""	"CAGAACTGGAGGATTCTGGAGTTTATTTCTGTGCCAGCAGCCAAGACTTTAGCGGACTAGCGCACCGGGGAGCTGTTTTTTGGAGAA"	""	"TCRBV14-1*1"	"TCRBD2-1"	"TCRBJ2-2*1"	46	53	-1	62	7	63	NA	NA	"CAGAACTGGAGGATTCTGGAGTTTATTTCTGTGCCAGCAGCCAAGACTTTAGCGGACTAGCGCACCGGGGAGCTGTTTTTTGGAGAA"	FALSE	FALSE	NA	NA	NA	NA
"GAGTCCGCCAGCACCAACCAGACATCTATGTACCTCTGTGCCAGCAGTAATTGGGCGGGACCCACAGATACGCAGTATTTTGGCCCA"	"CASSNWAGPTDTQYF"	"GAGTCCGCCAGCACCAACCAGACATCTATGTACCTCTGTGCCAGCAGTAATTGGGCGGGACCCACAGATACGCAGTATTTTGGCCCA"	"CASSNWAGPTDTQYF"	"TCRBV28-1*1"	"TCRBD2-1*2"	"TCRBJ2-3*1"	48	54	60	62	6	2	NA	NA	"GAGTCCGCCAGCACCAACCAGACATCTATGTACCTCTGTGCCAGCAGTAATTGGGCGGGACCCACAGATACGCAGTATTTTGGCCCA"	FALSE	TRUE	NA	NA	NA	NA
"CTGAGTTCTAAGAAGCTCCTTCTCAGTGACTCTGGCTTCTATCTCTGTGCCTGGAGAACATCGAACTATGGCTACACCTTCGGTTCG"	"CAWRTSNYGYTF"	"CTGAGTTCTAAGAAGCTCCTTCTCAGTGACTCTGGCTTCTATCTCTGTGCCTGGAGAACATCGAACTATGGCTACACCTTCGGTTCG"	"CAWRTSNYGYTF"	"TCRBV3-1*1"	"TCRBD1-1*1"	"TCRBJ1-2*1"	56	57	60	63	1	3	NA	NA	"CTGAGTTCTAAGAAGCTCCTTCTCAGTGACTCTGGCTTCTATCTCTGTGCCTGGAGAACATCGAACTATGGCTACACCTTCGGTTCG"	FALSE	TRUE	NA	NA	NA	NA
"GAGTCGCCCAGCCCCAACCAGACCTCTCTGTACTTCTGTGCCAGCAGTTTGTCCGCAGGGTACACCGGGGAGCTGTTTTTTGGAGAA"	"CASSLSAGYTGELFF"	"GAGTCGCCCAGCCCCAACCAGACCTCTCTGTACTTCTGTGCCAGCAGTTTGTCCGCAGGGTACACCGGGGAGCTGTTTTTTGGAGAA"	"CASSLSAGYTGELFF"	"TCRBV27-1*1"	"TCRBD1-1*1"	"TCRBJ2-2*1"	50	55	60	61	5	1	NA	NA	"GAGTCGCCCAGCCCCAACCAGACCTCTCTGTACTTCTGTGCCAGCAGTTTGTCCGCAGGGTACACCGGGGAGCTGTTTTTTGGAGAA"	FALSE	TRUE	NA	NA	NA	NA
"CTGAGCTCTCTGGAGCTGGGGGACTCAGCTTTGTATTTCTGTGCCAGCAGCACCCGGCCTAGCGGGAGCGAGCAGTTCTTCGGGCCA"	"CASSTRPSGSEQFF"	"CTGAGCTCTCTGGAGCTGGGGGACTCAGCTTTGTATTTCTGTGCCAGCAGCACCCGGCCTAGCGGGAGCGAGCAGTTCTTCGGGCCA"	"CASSTRPSGSEQFF"	"TCRBV9-1*1"	"TCRBD2-1*2"	"TCRBJ2-1*1"	51	58	68	69	7	1	NA	NA	"CTGAGCTCTCTGGAGCTGGGGGACTCAGCTTTGTATTTCTGTGCCAGCAGCACCCGGCCTAGCGGGAGCGAGCAGTTCTTCGGGCCA"	FALSE	TRUE	NA	NA	NA	NA
"CTGAGCTCTCTGGAGCTGGGGGACTCAGCTTTGTATTTCTGTGCCAGCAGCGCGACAGACACTAACTATGGCTACACCTTCGGTTCG"	"CASSATDTNYGYTF"	"CTGAGCTCTCTGGAGCTGGGGGACTCAGCTTTGTATTTCTGTGCCAGCAGCGCGACAGACACTAACTATGGCTACACCTTCGGTTCG"	"CASSATDTNYGYTF"	"TCRBV9-1*1"	"TCRBD1-1*1"	"TCRBJ1-2*1"	52	53	58	61	1	3	NA	NA	"CTGAGCTCTCTGGAGCTGGGGGACTCAGCTTTGTATTTCTGTGCCAGCAGCGCGACAGACACTAACTATGGCTACACCTTCGGTTCG"	FALSE	TRUE	NA	NA	NA	NA
"ATCCTGGAGTCGCCCAGCCCCAACCAGACCTCTCTGTACTTCTGTGCCAGCAGTTTGATGGGGAATCAGCCCCAGCATTTTGGTGAT"	"CASSLMGNQPQHF"	"ATCCTGGAGTCGCCCAGCCCCAACCAGACCTCTCTGTACTTCTGTGCCAGCAGTTTGATGGGGAATCAGCCCCAGCATTTTGGTGAT"	"CASSLMGNQPQHF"	"TCRBV27-1*1"	NA	"TCRBJ1-5*1"	56	59	-1	63	3	64	NA	NA	"ATCCTGGAGTCGCCCAGCCCCAACCAGACCTCTCTGTACTTCTGTGCCAGCAGTTTGATGGGGAATCAGCCCCAGCATTTTGGTGAT"	FALSE	TRUE	NA	NA	NA	NA
"TCGCCCAGCCCCAACCAGACCTCTCTGTACTTCTGTGCCAGCAGTCTCCGGCTGGGACAGGGGATAGGTACGCAGTATTTTGGCCCA"	"CASSLRLGQGIGTQYF"	"TCGCCCAGCCCCAACCAGACCTCTCTGTACTTCTGTGCCAGCAGTCTCCGGCTGGGACAGGGGATAGGTACGCAGTATTTTGGCCCA"	"CASSLRLGQGIGTQYF"	"TCRBV27-1*1"	"TCRBD1-1*1"	"TCRBJ2-3*1"	45	53	63	68	8	5	NA	NA	"TCGCCCAGCCCCAACCAGACCTCTCTGTACTTCTGTGCCAGCAGTCTCCGGCTGGGACAGGGGATAGGTACGCAGTATTTTGGCCCA"	FALSE	TRUE	NA	NA	NA	NA
"AATCCTGTCCTCAGAACCGGGAGACACGGCACTGTATCTCTGCGCCCGCCTAAAGGGAACTTCACAGATACGCAGTATTTTGGCCCA"	""	"AATCCTGTCCTCAGAACCGGGAGACACGGCACTGTATCTCTGCGCCCGCCTAAAGGGAACTTCACAGATACGCAGTATTTTGGCCCA"	""	"TCRBV23-1*1"	NA	"TCRBJ2-3*1"	46	54	58	62	8	4	NA	NA	"AATCCTGTCCTCAGAACCGGGAGACACGGCACTGTATCTCTGCGCCCGCCTAAAGGGAACTTCACAGATACGCAGTATTTTGGCCCA"	FALSE	FALSE	NA	NA	NA	NA
"TCCACAAAGCTGGAGGACTCAGCCATGTACTTCTGTGCCAGCAGGGATATTACTAGCGCCGCTTACAATGAGCAGTTCTTCGGGCCA"	"CASRDITSAAYNEQFF"	"TCCACAAAGCTGGAGGACTCAGCCATGTACTTCTGTGCCAGCAGGGATATTACTAGCGCCGCTTACAATGAGCAGTTCTTCGGGCCA"	"CASRDITSAAYNEQFF"	"TCRBV2-1"	"TCRBD2-1"	"TCRBJ2-1*1"	44	51	58	63	7	5	NA	NA	"TCCACAAAGCTGGAGGACTCAGCCATGTACTTCTGTGCCAGCAGGGATATTACTAGCGCCGCTTACAATGAGCAGTTCTTCGGGCCA"	FALSE	TRUE	NA	NA	NA	NA
"AGCAGGAGGACTCGGCCGTGTATCTCTGTGCCAGCAGCTTTTAGTGGATACAGGCAGGTCGGAAACTATGGCTACACCTTCGGTTCG"	""	"AGCAGGAGGACTCGGCCGTGTATCTCTGTGCCAGCAGCTTTTAGTGGATACAGGCAGGTCGGAAACTATGGCTACACCTTCGGTTCG"	""	"TCRBV7-2"	"TCRBD1-1*1"	"TCRBJ1-2*1"	40	49	54	63	9	9	NA	NA	"AGCAGGAGGACTCGGCCGTGTATCTCTGTGCCAGCAGCTTTTAGTGGATACAGGCAGGTCGGAAACTATGGCTACACCTTCGGTTCG"	FALSE	FALSE	NA	NA	NA	NA
"CTACACACCCTGCAGCCAGAAGACTCGGCCCTGTATCTCTGCGCCAGCAGCCTGGGACTAGGAACCTACGAGCAGTACTTCGGGCCG"	"CASSLGLGTYEQYF"	"CTACACACCCTGCAGCCAGAAGACTCGGCCCTGTATCTCTGCGCCAGCAGCCTGGGACTAGGAACCTACGAGCAGTACTTCGGGCCG"	"CASSLGLGTYEQYF"	"TCRBV4-3*1"	"TCRBD2-1"	"TCRBJ2-7*1"	52	53	61	64	1	3	NA	NA	"CTACACACCCTGCAGCCAGAAGACTCGGCCCTGTATCTCTGCGCCAGCAGCCTGGGACTAGGAACCTACGAGCAGTACTTCGGGCCG"	FALSE	TRUE	NA	NA	NA	NA
"TTGGAGATCCAGTCCACGGAGTCAGGGGACACAGCACTGTATTTCTGTGCCAGCAGAGAGGGGAGTGATGAGCAGTTCTTCGGGCCA"	"CASREGSDEQFF"	"TTGGAGATCCAGTCCACGGAGTCAGGGGACACAGCACTGTATTTCTGTGCCAGCAGAGAGGGGAGTGATGAGCAGTTCTTCGGGCCA"	"CASREGSDEQFF"	"TCRBV21-1*1"	NA	"TCRBJ2-1*1"	56	58	63	67	2	4	NA	NA	"TTGGAGATCCAGTCCACGGAGTCAGGGGACACAGCACTGTATTTCTGTGCCAGCAGAGAGGGGAGTGATGAGCAGTTCTTCGGGCCA"	FALSE	TRUE	NA	NA	NA	NA
"ACATCTGTGTACTTCTGTGCCAGCAGTTCTACCCCGGGACAAAGGTCTAGCAGATCGAGCTCCTACAATGAGCAGTTCTTCGGGCCA"	"CASSSTPGQRSSRSSSYNEQFF"	"ACATCTGTGTACTTCTGTGCCAGCAGTTCTACCCCGGGACAAAGGTCTAGCAGATCGAGCTCCTACAATGAGCAGTTCTTCGGGCCA"	"CASSSTPGQRSSRSSSYNEQFF"	NA	"TCRBD1-1*1"	"TCRBJ2-1*1"	28	35	41	59	7	18	NA	NA	"ACATCTGTGTACTTCTGTGCCAGCAGTTCTACCCCGGGACAAAGGTCTAGCAGATCGAGCTCCTACAATGAGCAGTTCTTCGGGCCA"	FALSE	TRUE	NA	NA	NA	NA
"AATGTGAGCACCTTGGAGCTGGGGGACTCGGCCCTTTATCTTTGCGCCAGCAGCTCCAGGCCCAATCAGCCCCAGCATTTTGGTGAT"	"CASSSRPNQPQHF"	"AATGTGAGCACCTTGGAGCTGGGGGACTCGGCCCTTTATCTTTGCGCCAGCAGCTCCAGGCCCAATCAGCCCCAGCATTTTGGTGAT"	"CASSSRPNQPQHF"	"TCRBV5-1*1"	"TCRBD1-1*1"	"TCRBJ1-5*1"	55	56	60	62	1	2	NA	NA	"AATGTGAGCACCTTGGAGCTGGGGGACTCGGCCCTTTATCTTTGCGCCAGCAGCTCCAGGCCCAATCAGCCCCAGCATTTTGGTGAT"	FALSE	TRUE	NA	NA	NA	NA
"TTGGAGATCCAGCGCACAGAGCAGGGGGACTCGGCCATGTATCTCTGTGCCAGCAGTGTCTTCCAAGAGACCCAGTACTTCGGGCCA"	"CASSVFQETQYF"	"TTGGAGATCCAGCGCACAGAGCAGGGGGACTCGGCCATGTATCTCTGTGCCAGCAGTGTCTTCCAAGAGACCCAGTACTTCGGGCCA"	"CASSVFQETQYF"	"TCRBV7-9*1"	"TCRBD2-1"	"TCRBJ2-5*1"	56	59	61	62	3	1	NA	NA	"TTGGAGATCCAGCGCACAGAGCAGGGGGACTCGGCCATGTATCTCTGTGCCAGCAGTGTCTTCCAAGAGACCCAGTACTTCGGGCCA"	FALSE	TRUE	NA	NA	NA	NA
"AGTGCCCATCCTGAAGACAGCAGCTTCTACATCTGCAGTGCTAGAGCCCCTAGCGGGAGGGTTAGAGATACGCAGTATTTTGGCCCA"	"CSARAPSGRVRDTQYF"	"AGTGCCCATCCTGAAGACAGCAGCTTCTACATCTGCAGTGCTAGAGCCCCTAGCGGGAGGGTTAGAGATACGCAGTATTTTGGCCCA"	"CSARAPSGRVRDTQYF"	NA	"TCRBD2-1*2"	"TCRBJ2-3*1"	46	49	61	65	3	4	NA	NA	"AGTGCCCATCCTGAAGACAGCAGCTTCTACATCTGCAGTGCTAGAGCCCCTAGCGGGAGGGTTAGAGATACGCAGTATTTTGGCCCA"	FALSE	TRUE	NA	NA	NA	NA
"AACCGGGAGACACGGCACTGTATCTCTGCGCCAGCAGTCAGTAGGGGACAGAGTCCCCATAGCAATCAGCCCCAGCATTTTGGTGAT"	""	"AACCGGGAGACACGGCACTGTATCTCTGCGCCAGCAGTCAGTAGGGGACAGAGTCCCCATAGCAATCAGCCCCAGCATTTTGGTGAT"	""	"TCRBV23-1*1"	"TCRBD1-1*1"	"TCRBJ1-5*1"	40	44	51	59	4	8	NA	NA	"AACCGGGAGACACGGCACTGTATCTCTGCGCCAGCAGTCAGTAGGGGACAGAGTCCCCATAGCAATCAGCCCCAGCATTTTGGTGAT"	FALSE	FALSE	NA	NA	NA	NA
"TCACTCTGGAGTCAGCTACCAGCTCCCAGACATCTGTGTACTTCTGTGCCATCAGGGGACTAGGCCTACGAGCAGTACTTCGGGCCG"	""	"TCACTCTGGAGTCAGCTACCAGCTCCCAGACATCTGTGTACTTCTGTGCCATCAGGGGACTAGGCCTACGAGCAGTACTTCGGGCCG"	""	"TCRBV1-3*1"	"TCRBD2-1"	"TCRBJ2-7*1"	-1	55	63	64	56	1	NA	NA	"TCACTCTGGAGTCAGCTACCAGCTCCCAGACATCTGTGTACTTCTGTGCCATCAGGGGACTAGGCCTACGAGCAGTACTTCGGGCCG"	FALSE	FALSE	NA	NA	NA	NA
"GTAGTGCGAGGAGATTCGGCAGCTTATTTCTGTGCCAGCTCACCACAGGCCCTCCGGGAACTCACAGATACGCAGTATTTTGGCCCA"	"CASSPQALRELTDTQYF"	"GTAGTGCGAGGAGATTCGGCAGCTTATTTCTGTGCCAGCTCACCACAGGCCCTCCGGGAACTCACAGATACGCAGTATTTTGGCCCA"	"CASSPQALRELTDTQYF"	"TCRBV18-1*1"	"TCRBD2-1*2"	"TCRBJ2-3*1"	46	54	59	62	8	3	NA	NA	"GTAGTGCGAGGAGATTCGGCAGCTTATTTCTGTGCCAGCTCACCACAGGCCCTCCGGGAACTCACAGATACGCAGTATTTTGGCCCA"	FALSE	TRUE	NA	NA	NA	NA
"GATCCAGCGCACACAGCAGGAGGACTCCGCCGTGTATCTCTGTGCCAGCAGCTGACAGGGAAAGGTGGCGAGCAGTACTTCGGGCCG"	""	"GATCCAGCGCACACAGCAGGAGGACTCCGCCGTGTATCTCTGTGCCAGCAGCTGACAGGGAAAGGTGGCGAGCAGTACTTCGGGCCG"	""	"TCRBV7-8*1"	"TCRBD1-1*1"	"TCRBJ2-7*1"	-1	53	60	68	54	8	NA	NA	"GATCCAGCGCACACAGCAGGAGGACTCCGCCGTGTATCTCTGTGCCAGCAGCTGACAGGGAAAGGTGGCGAGCAGTACTTCGGGCCG"	FALSE	FALSE	NA	NA	NA	NA
"AGGATCCAGCGCACAGAGCAGGAGGACTCGGCCGTGTATCTCTGTGCCAGCAGCTTAGGACGGGAAAACATTCAGTACTTCGGCGCC"	"CASSLGRENIQYF"	"AGGATCCAGCGCACAGAGCAGGAGGACTCGGCCGTGTATCTCTGTGCCAGCAGCTTAGGACGGGAAAACATTCAGTACTTCGGCGCC"	"CASSLGRENIQYF"	"TCRBV7-2"	"TCRBD2-1"	"TCRBJ2-4*1"	58	60	-1	64	2	65	NA	NA	"AGGATCCAGCGCACAGAGCAGGAGGACTCGGCCGTGTATCTCTGTGCCAGCAGCTTAGGACGGGAAAACATTCAGTACTTCGGCGCC"	FALSE	TRUE	NA	NA	NA	NA
"GTGACCAGTGCCCATCCTGAAGACAGCAGCTTCTACATCTGCAGTGCTATATGGACTAGCTCCTACAATGAGCAGTTCTTCGGGCCA"	"CSAIWTSSYNEQFF"	"GTGACCAGTGCCCATCCTGAAGACAGCAGCTTCTACATCTGCAGTGCTATATGGACTAGCTCCTACAATGAGCAGTTCTTCGGGCCA"	"CSAIWTSSYNEQFF"	NA	"TCRBD2-1"	"TCRBJ2-1*1"	49	52	-1	59	3	60	NA	NA	"GTGACCAGTGCCCATCCTGAAGACAGCAGCTTCTACATCTGCAGTGCTATATGGACTAGCTCCTACAATGAGCAGTTCTTCGGGCCA"	FALSE	TRUE	NA	NA	NA	NA
"ACTATAGCTCTGAGCTGAATGTGAACGCCTTGTTGCTGGGGGACTCGGCCCTGTATCTCTGTGCCAGCAGCCTAACAGGGGGGCGCC"	""	"ACTATAGCTCTGAGCTGAATGTGAACGCCTTGTTGCTGGGGGACTCGGCCCTGTATCTCTGTGCCAGCAGCCTAACAGGGGGGCGCC"	""	"TCRBV5-5*1"	"TCRBD1-1*1"	"TCRBJ2-4*1"	71	74	-1	81	3	82	NA	NA	"ACTATAGCTCTGAGCTGAATGTGAACGCCTTGTTGCTGGGGGACTCGGCCCTGTATCTCTGTGCCAGCAGCCTAACAGGGGGGCGCC"	FALSE	FALSE	NA	NA	NA	NA
"CAGCCTGCAGAGCTTGGGGACTCGGCCGTGTATCTCTGTGCCAGCAGCTTAGATGGGAAGGGGAACACTGAAGCTTTCTTTGGACAA"	"CASSLDGKGNTEAFF"	"CAGCCTGCAGAGCTTGGGGACTCGGCCGTGTATCTCTGTGCCAGCAGCTTAGATGGGAAGGGGAACACTGAAGCTTTCTTTGGACAA"	"CASSLDGKGNTEAFF"	"TCRBV11-3*1"	NA	"TCRBJ1-1*1"	53	54	58	62	1	4	NA	NA	"CAGCCTGCAGAGCTTGGGGACTCGGCCGTGTATCTCTGTGCCAGCAGCTTAGATGGGAAGGGGAACACTGAAGCTTTCTTTGGACAA"	FALSE	TRUE	NA	NA	NA	NA
"CTGGAGCTTGGTGACTCTGCTGTGTATTTCTGTGCCAGCAGCCAAGATCGAGCAAGAGCTACCCCCCACGAGCAGTACTTCGGGCCG"	"CASSQDRARATPHEQYF"	"CTGGAGCTTGGTGACTCTGCTGTGTATTTCTGTGCCAGCAGCCAAGATCGAGCAAGAGCTACCCCCCACGAGCAGTACTTCGGGCCG"	"CASSQDRARATPHEQYF"	"TCRBV3-1/3-2*1"	"TCRBD2-1"	"TCRBJ2-7*1"	47	58	61	67	11	6	NA	NA	"CTGGAGCTTGGTGACTCTGCTGTGTATTTCTGTGCCAGCAGCCAAGATCGAGCAAGAGCTACCCCCCACGAGCAGTACTTCGGGCCG"	FALSE	TRUE	NA	NA	NA	NA
"TCAATTCCCTGGAGCTTGGTGACTCTGCTGTGTATTTCTGTGCCAGCAGCCAAGAACTAGTGCCAGGAGACCCAGTACTTCGGGCCA"	""	"TCAATTCCCTGGAGCTTGGTGACTCTGCTGTGTATTTCTGTGCCAGCAGCCAAGAACTAGTGCCAGGAGACCCAGTACTTCGGGCCA"	""	"TCRBV3-1/3-2*1"	"TCRBD2-1"	"TCRBJ2-5*1"	-1	55	60	66	56	6	NA	NA	"TCAATTCCCTGGAGCTTGGTGACTCTGCTGTGTATTTCTGTGCCAGCAGCCAAGAACTAGTGCCAGGAGACCCAGTACTTCGGGCCA"	FALSE	FALSE	NA	NA	NA	NA
"AGCTCTCTGGAGCTGGGGGACTCAGCTTTGTATTTCTGTGCCAGCAGCCCCCGGGACAAGTCGTACAATGAGCAGTTCTTCGGGCCA"	"CASSPRDKSYNEQFF"	"AGCTCTCTGGAGCTGGGGGACTCAGCTTTGTATTTCTGTGCCAGCAGCCCCCGGGACAAGTCGTACAATGAGCAGTTCTTCGGGCCA"	"CASSPRDKSYNEQFF"	"TCRBV9-1*1"	"TCRBD1-1*1"	"TCRBJ2-1*1"	48	52	58	63	4	5	NA	NA	"AGCTCTCTGGAGCTGGGGGACTCAGCTTTGTATTTCTGTGCCAGCAGCCCCCGGGACAAGTCGTACAATGAGCAGTTCTTCGGGCCA"	FALSE	TRUE	NA	NA	NA	NA
"CAGCGCACACAGCAGGAGGACTCGGCCGTGTATCTCTGTGCCAGCAGCTTACAGGGGGGAGGGTTCGAGACCCAGTACTTCGGGCCA"	"CASSLQGGGFETQYF"	"CAGCGCACACAGCAGGAGGACTCGGCCGTGTATCTCTGTGCCAGCAGCTTACAGGGGGGAGGGTTCGAGACCCAGTACTTCGGGCCA"	"CASSLQGGGFETQYF"	"TCRBV7-2"	NA	"TCRBJ2-5*1"	-1	51	58	66	52	8	NA	NA	"CAGCGCACACAGCAGGAGGACTCGGCCGTGTATCTCTGTGCCAGCAGCTTACAGGGGGGAGGGTTCGAGACCCAGTACTTCGGGCCA"	FALSE	TRUE	NA	NA	NA	NA
"ACTGTGAGCAACATGAGCCCTGAAGACAGCAGCATATATCTCTGCAGCGCTACCGGGACGGTCTACGCTGAAGCTTTCTTTGGACAA"	"CSATGTVYAEAFF"	"ACTGTGAGCAACATGAGCCCTGAAGACAGCAGCATATATCTCTGCAGCGCTACCGGGACGGTCTACGCTGAAGCTTTCTTTGGACAA"	"CSATGTVYAEAFF"	"TCRBV29-1*3"	NA	"TCRBJ1-1*1"	50	54	59	67	4	8	NA	NA	"ACTGTGAGCAACATGAGCCCTGAAGACAGCAGCATATATCTCTGCAGCGCTACCGGGACGGTCTACGCTGAAGCTTTCTTTGGACAA"	FALSE	TRUE	NA	NA	NA	NA
"ACTCAGCCGTGTATCTCTACAGTAGTACCGGGACAGGGCCCTCCTGTAACGGGAGGGCACCCCTACAATGAGCAGTTCTTCGGGCCA"	""	"ACTCAGCCGTGTATCTCTACAGTAGTACCGGGACAGGGCCCTCCTGTAACGGGAGGGCACCCCTACAATGAGCAGTTCTTCGGGCCA"	""	"TCRBV17-1*1"	"TCRBD1-1*1"	"TCRBJ2-1*1"	25	29	38	61	4	23	NA	NA	"ACTCAGCCGTGTATCTCTACAGTAGTACCGGGACAGGGCCCTCCTGTAACGGGAGGGCACCCCTACAATGAGCAGTTCTTCGGGCCA"	FALSE	FALSE	NA	NA	NA	NA
"TGGAGTCTGCTGCCTCCTCCCAGACATCTGTATATTTCTGCGCCAGCAGTTGTTAGCGGGGCTCCCTACGAGCAGTACTTCGGGCCG"	""	"TGGAGTCTGCTGCCTCCTCCCAGACATCTGTATATTTCTGCGCCAGCAGTTGTTAGCGGGGCTCCCTACGAGCAGTACTTCGGGCCG"	""	"TCRBV1-1*1"	"TCRBD2-1*1"	"TCRBJ2-7*1"	50	53	61	64	3	3	NA	NA	"TGGAGTCTGCTGCCTCCTCCCAGACATCTGTATATTTCTGCGCCAGCAGTTGTTAGCGGGGCTCCCTACGAGCAGTACTTCGGGCCG"	FALSE	FALSE	NA	NA	NA	NA
"ACTCGGCCGTGTATGTCTGTGCAAGTCGTCAAAAAGGGAGGAGGGGGCGTGGGTTGTGGGGCATATCAGCCCCAGCATTTTGGTGAT"	""	"ACTCGGCCGTGTATGTCTGTGCAAGTCGTCAAAAAGGGAGGAGGGGGCGTGGGTTGTGGGGCATATCAGCCCCAGCATTTTGGTGAT"	""	"TCRBV12-2*1"	"TCRBD1-1*1"	"TCRBJ1-5*1"	28	41	48	64	13	16	NA	NA	"ACTCGGCCGTGTATGTCTGTGCAAGTCGTCAAAAAGGGAGGAGGGGGCGTGGGTTGTGGGGCATATCAGCCCCAGCATTTTGGTGAT"	FALSE	FALSE	NA	NA	NA	NA
"TCTAAGAAGCTCCTTCTCAGTGACTCTGGCTTCTATCTCTGTGCCTGGACCACGGGACAGGGGTTTGAAAAACTGTTTTTTGGCAGT"	"CAWTTGQGFEKLFF"	"TCTAAGAAGCTCCTTCTCAGTGACTCTGGCTTCTATCTCTGTGCCTGGACCACGGGACAGGGGTTTGAAAAACTGTTTTTTGGCAGT"	"CAWTTGQGFEKLFF"	"TCRBV3-1*1"	"TCRBD1-1*1"	"TCRBJ1-4*1"	49	53	63	65	4	2	NA	NA	"TCTAAGAAGCTCCTTCTCAGTGACTCTGGCTTCTATCTCTGTGCCTGGACCACGGGACAGGGGTTTGAAAAACTGTTTTTTGGCAGT"	FALSE	TRUE	NA	NA	NA	NA
"GAGCTTGGGGACTCGGCCATGTATCTCTGTGCCAGCAGCTTAGCGGCGGTAGGGACAGGTCCAGGAGATACGCAGTATTTTGGCCCA"	"CASSLAAVGTGPGDTQYF"	"GAGCTTGGGGACTCGGCCATGTATCTCTGTGCCAGCAGCTTAGCGGCGGTAGGGACAGGTCCAGGAGATACGCAGTATTTTGGCCCA"	"CASSLAAVGTGPGDTQYF"	"TCRBV11-1*1"	"TCRBD1-1*1"	"TCRBJ2-3*1"	44	51	59	65	7	6	NA	NA	"GAGCTTGGGGACTCGGCCATGTATCTCTGTGCCAGCAGCTTAGCGGCGGTAGGGACAGGTCCAGGAGATACGCAGTATTTTGGCCCA"	FALSE	TRUE	NA	NA	NA	NA
"ACAGTGACCAGTGCCCATCCTGAAGACAGCAGCTTCTACATCTGCAGTGCTAGAGCTCCGACCTACAATGAGCAGTTCTTCGGGCCA"	"CSARAPTYNEQFF"	"ACAGTGACCAGTGCCCATCCTGAAGACAGCAGCTTCTACATCTGCAGTGCTAGAGCTCCGACCTACAATGAGCAGTTCTTCGGGCCA"	"CSARAPTYNEQFF"	NA	NA	"TCRBJ2-1*1"	55	59	-1	61	4	62	NA	NA	"ACAGTGACCAGTGCCCATCCTGAAGACAGCAGCTTCTACATCTGCAGTGCTAGAGCTCCGACCTACAATGAGCAGTTCTTCGGGCCA"	FALSE	TRUE	NA	NA	NA	NA
"CAGCGCACAGAGCAGGGGGACTCGGCCATGTATCTCTGTGCCAGCAGCTTAGAATCTAGCGGGAGAACTGAGCAGTTCTTCGGGCCA"	"CASSLESSGRTEQFF"	"CAGCGCACAGAGCAGGGGGACTCGGCCATGTATCTCTGTGCCAGCAGCTTAGAATCTAGCGGGAGAACTGAGCAGTTCTTCGGGCCA"	"CASSLESSGRTEQFF"	"TCRBV7-9*1"	"TCRBD2-1*2"	"TCRBJ2-1*1"	52	55	65	68	3	3	NA	NA	"CAGCGCACAGAGCAGGGGGACTCGGCCATGTATCTCTGTGCCAGCAGCTTAGAATCTAGCGGGAGAACTGAGCAGTTCTTCGGGCCA"	FALSE	TRUE	NA	NA	NA	NA
"AGAAGACTCGGCCCTGTATCTCTGCGCCAGCAGCCACCCCTATCGGACTAGCGGGAGGGCCCTCTCTACGAGCAGTACTTCGGGCCG"	""	"AGAAGACTCGGCCCTGTATCTCTGCGCCAGCAGCCACCCCTATCGGACTAGCGGGAGGGCCCTCTCTACGAGCAGTACTTCGGGCCG"	""	"TCRBV4-3*1"	"TCRBD2-1*2"	"TCRBJ2-7*1"	36	44	59	65	8	6	NA	NA	"AGAAGACTCGGCCCTGTATCTCTGCGCCAGCAGCCACCCCTATCGGACTAGCGGGAGGGCCCTCTCTACGAGCAGTACTTCGGGCCG"	FALSE	FALSE	NA	NA	NA	NA
"NNNNTGTCGGCTGCTCCCTCCCAGACATCTGTGTACTTCTGTGCCAGCAGCCCGACTGGGAGCACAGATACGCAGTATTTTGGCCCA"	"CASSPTGSTDTQYF"	"NNNNTGTCGGCTGCTCCCTCCCAGACATCTGTGTACTTCTGTGCCAGCAGCCCGACTGGGAGCACAGATACGCAGTATTTTGGCCCA"	"CASSPTGSTDTQYF"	"TCRBV6-5*1"	"TCRBD2-1"	"TCRBJ2-3*1"	50	53	57	60	3	3	NA	NA	"NNNNTGTCGGCTGCTCCCTCCCAGACATCTGTGTACTTCTGTGCCAGCAGCCCGACTGGGAGCACAGATACGCAGTATTTTGGCCCA"	FALSE	TRUE	NA	NA	NA	NA
"ATCCAGCCCTCAGAACCCAGGGACTCAGCTGTGTACTTCTGTGCCAGCAGTTGGGACTCTGGACGTCAGCCCCAGCATTTTGGTGAT"	"CASSWDSGRQPQHF"	"ATCCAGCCCTCAGAACCCAGGGACTCAGCTGTGTACTTCTGTGCCAGCAGTTGGGACTCTGGACGTCAGCCCCAGCATTTTGGTGAT"	"CASSWDSGRQPQHF"	NA	"TCRBD2-1"	"TCRBJ1-5*1"	-1	52	58	65	53	7	NA	NA	"ATCCAGCCCTCAGAACCCAGGGACTCAGCTGTGTACTTCTGTGCCAGCAGTTGGGACTCTGGACGTCAGCCCCAGCATTTTGGTGAT"	FALSE	TRUE	NA	NA	NA	NA
"GCGCACAGAGCGGGGGGACTCAGCCGTGTATCTCTGTGCCAGCAGCTCGAACTAGTACCGACCGCAGGGGCGCAGTATTTTGGCCCA"	""	"GCGCACAGAGCGGGGGGACTCAGCCGTGTATCTCTGTGCCAGCAGCTCGAACTAGTACCGACCGCAGGGGCGCAGTATTTTGGCCCA"	""	"TCRBV7-3*1"	"TCRBD1-1*1"	"TCRBJ2-3*1"	47	64	-1	70	17	71	NA	NA	"GCGCACAGAGCGGGGGGACTCAGCCGTGTATCTCTGTGCCAGCAGCTCGAACTAGTACCGACCGCAGGGGCGCAGTATTTTGGCCCA"	FALSE	FALSE	NA	NA	NA	NA
"CCCTCAGAACCCAGGGACTCAGCTGTGTACTTCTGTGCCAGCAGTCCAGGGCCGGGACAGGTATCCAATGAGCAGTTCTTCGGGCCA"	"CASSPGPGQVSNEQFF"	"CCCTCAGAACCCAGGGACTCAGCTGTGTACTTCTGTGCCAGCAGTCCAGGGCCGGGACAGGTATCCAATGAGCAGTTCTTCGGGCCA"	"CASSPGPGQVSNEQFF"	NA	"TCRBD1-1*1"	"TCRBJ2-1*1"	45	53	61	65	8	4	NA	NA	"CCCTCAGAACCCAGGGACTCAGCTGTGTACTTCTGTGCCAGCAGTCCAGGGCCGGGACAGGTATCCAATGAGCAGTTCTTCGGGCCA"	FALSE	TRUE	NA	NA	NA	NA
"CACAGAGCAGGGGGACTCGGCCATGTATCTCTGTGCCAGCAGCTTAGAGGTCCTGGAGGGTCCAATTCACCCCTCCACTTTGGGAAT"	""	"CACAGAGCAGGGGGACTCGGCCATGTATCTCTGTGCCAGCAGCTTAGAGGTCCTGGAGGGTCCAATTCACCCCTCCACTTTGGGAAT"	""	"TCRBV7-9*1"	"TCRBD2-1*2"	"TCRBJ1-6*1"	47	54	60	63	7	3	NA	NA	"CACAGAGCAGGGGGACTCGGCCATGTATCTCTGTGCCAGCAGCTTAGAGGTCCTGGAGGGTCCAATTCACCCCTCCACTTTGGGAAT"	FALSE	FALSE	NA	NA	NA	NA
"ACTGTGAGCAACATGAGCCCTGAAGACAGCAGCATATATCTCTGCAGCGTTGTCGACAGGGTCCGGTACGAGCAGTACTTCGGGCCG"	"CSVVDRVRYEQYF"	"ACTGTGAGCAACATGAGCCCTGAAGACAGCAGCATATATCTCTGCAGCGTTGTCGACAGGGTCCGGTACGAGCAGTACTTCGGGCCG"	"CSVVDRVRYEQYF"	"TCRBV29-1"	"TCRBD1-1*1"	"TCRBJ2-7*1"	52	54	61	66	2	5	NA	NA	"ACTGTGAGCAACATGAGCCCTGAAGACAGCAGCATATATCTCTGCAGCGTTGTCGACAGGGTCCGGTACGAGCAGTACTTCGGGCCG"	FALSE	TRUE	NA	NA	NA	NA
"CGCACACAGCAGGAGGACTCCGCCGTGTATCTCTGTGCCAGCAGCTTAAGGGCTAGCGGGAGGTTATCTGAGCAGTTCTTCGGGCCA"	"CASSLRASGRLSEQFF"	"CGCACACAGCAGGAGGACTCCGCCGTGTATCTCTGTGCCAGCAGCTTAAGGGCTAGCGGGAGGTTATCTGAGCAGTTCTTCGGGCCA"	"CASSLRASGRLSEQFF"	"TCRBV7-8*1"	"TCRBD2-1*2"	"TCRBJ2-1*1"	48	52	63	68	4	5	NA	NA	"CGCACACAGCAGGAGGACTCCGCCGTGTATCTCTGTGCCAGCAGCTTAAGGGCTAGCGGGAGGTTATCTGAGCAGTTCTTCGGGCCA"	FALSE	TRUE	NA	NA	NA	NA
"TCCCTAGAGTCTGCCATCCCCAACCAGACAGCTCTTTACTTCTGTGCCACCCAGGGTTTTTTCGATTCACCCCTCCACTTTGGGAAT"	"CATQGFFDSPLHF"	"TCCCTAGAGTCTGCCATCCCCAACCAGACAGCTCTTTACTTCTGTGCCACCCAGGGTTTTTTCGATTCACCCCTCCACTTTGGGAAT"	"CATQGFFDSPLHF"	"TCRBV24-1*1"	"TCRBD1-1*1"	"TCRBJ1-6*1"	-1	51	56	64	52	8	NA	NA	"TCCCTAGAGTCTGCCATCCCCAACCAGACAGCTCTTTACTTCTGTGCCACCCAGGGTTTTTTCGATTCACCCCTCCACTTTGGGAAT"	FALSE	TRUE	NA	NA	NA	NA
"CTGAGTTCTAAGAAGCTCCTTCTCAGTGACTCTGGCTTCTATCTCTGTGCCTGGAGTGTAGACACAGATACGCAGTATTTTGGCCCA"	"CAWSVDTDTQYF"	"CTGAGTTCTAAGAAGCTCCTTCTCAGTGACTCTGGCTTCTATCTCTGTGCCTGGAGTGTAGACACAGATACGCAGTATTTTGGCCCA"	"CAWSVDTDTQYF"	"TCRBV3-1*1"	NA	"TCRBJ2-3*1"	59	60	-1	62	1	63	NA	NA	"CTGAGTTCTAAGAAGCTCCTTCTCAGTGACTCTGGCTTCTATCTCTGTGCCTGGAGTGTAGACACAGATACGCAGTATTTTGGCCCA"	FALSE	TRUE	NA	NA	NA	NA
"ACTCTGACAGTGACCAGTGCCCATCCTGAAGACAGCAGCTTCTACATCTGCAGTGCTCCTCGCCCGCACGAGCAGTACTTCGGGCCG"	"CSAPRPHEQYF"	"ACTCTGACAGTGACCAGTGCCCATCCTGAAGACAGCAGCTTCTACATCTGCAGTGCTCCTCGCCCGCACGAGCAGTACTTCGGGCCG"	"CSAPRPHEQYF"	"TCRBV2-1"	NA	"TCRBJ2-7*1"	57	61	63	67	4	4	NA	NA	"ACTCTGACAGTGACCAGTGCCCATCCTGAAGACAGCAGCTTCTACATCTGCAGTGCTCCTCGCCCGCACGAGCAGTACTTCGGGCCG"	FALSE	TRUE	NA	NA	NA	NA
"CCGCTCAGGCTGGAGTTGGCTGCTCCCTCCCAGACATCTGTGTACTTCTGTGCCAGCAGTTACGTTGATAGGTTATATTTTGGAGAG"	"CASSYVDRLYF"	"CCGCTCAGGCTGGAGTTGGCTGCTCCCTCCCAGACATCTGTGTACTTCTGTGCCAGCAGTTACGTTGATAGGTTATATTTTGGAGAG"	"CASSYVDRLYF"	"TCRBV6-6*1"	NA	"TCRBJ1-3*1"	63	69	72	73	6	1	NA	NA	"CCGCTCAGGCTGGAGTTGGCTGCTCCCTCCCAGACATCTGTGTACTTCTGTGCCAGCAGTTACGTTGATAGGTTATATTTTGGAGAG"	FALSE	TRUE	NA	NA	NA	NA
"GTGACCAGTGCCCATCCTGAAGACAGCAGCTTCTACATCTGCAGTGCTACAGAACAGGGGTTAGGCTACGAGCAGTACTTCGGGCCG"	"CSATEQGLGYEQYF"	"GTGACCAGTGCCCATCCTGAAGACAGCAGCTTCTACATCTGCAGTGCTACAGAACAGGGGTTAGGCTACGAGCAGTACTTCGGGCCG"	"CSATEQGLGYEQYF"	NA	"TCRBD1-1*1"	"TCRBJ2-7*1"	-1	53	60	65	54	5	NA	NA	"GTGACCAGTGCCCATCCTGAAGACAGCAGCTTCTACATCTGCAGTGCTACAGAACAGGGGTTAGGCTACGAGCAGTACTTCGGGCCG"	FALSE	TRUE	NA	NA	NA	NA
"ACAGAGCAGGGGGACTCGGCCATGTATCTCTGTGCCAGCAGCCCTACCCTTAGCGGGAGGCACCAAGAGACCCAGTACTTCGGGCCA"	"CASSPTLSGRHQETQYF"	"ACAGAGCAGGGGGACTCGGCCATGTATCTCTGTGCCAGCAGCCCTACCCTTAGCGGGAGGCACCAAGAGACCCAGTACTTCGGGCCA"	"CASSPTLSGRHQETQYF"	"TCRBV7-9*1"	"TCRBD2-1*2"	"TCRBJ2-5*1"	42	50	60	61	8	1	NA	NA	"ACAGAGCAGGGGGACTCGGCCATGTATCTCTGTGCCAGCAGCCCTACCCTTAGCGGGAGGCACCAAGAGACCCAGTACTTCGGGCCA"	FALSE	TRUE	NA	NA	NA	NA
"CCCTCAGAACCCAGGGACTCAGCTGTGTACTTCTGTGCCAGCAGTCAGCTCACTAGCGACCTTAGGAATGAGCAGTTCTTCGGGCCA"	"CASSQLTSDLRNEQFF"	"CCCTCAGAACCCAGGGACTCAGCTGTGTACTTCTGTGCCAGCAGTCAGCTCACTAGCGACCTTAGGAATGAGCAGTTCTTCGGGCCA"	"CASSQLTSDLRNEQFF"	NA	"TCRBD2-1"	"TCRBJ2-1*1"	45	51	58	66	6	8	NA	NA	"CCCTCAGAACCCAGGGACTCAGCTGTGTACTTCTGTGCCAGCAGTCAGCTCACTAGCGACCTTAGGAATGAGCAGTTCTTCGGGCCA"	FALSE	TRUE	NA	NA	NA	NA
"CCTGAGTTCTAAGAAGCTCCTTCTCAGTGACTCTGGCTTCTATCTCTGTGCCTGGACAGAAGCGACACTGAAGCTTTCTTTGGACAA"	""	"CCTGAGTTCTAAGAAGCTCCTTCTCAGTGACTCTGGCTTCTATCTCTGTGCCTGGACAGAAGCGACACTGAAGCTTTCTTTGGACAA"	""	"TCRBV3-1*1"	"TCRBD2-1"	"TCRBJ1-1*1"	56	60	-1	64	4	65	NA	NA	"CCTGAGTTCTAAGAAGCTCCTTCTCAGTGACTCTGGCTTCTATCTCTGTGCCTGGACAGAAGCGACACTGAAGCTTTCTTTGGACAA"	FALSE	FALSE	NA	NA	NA	NA
"AGTCCACGGAGTCAGGGGACACAGCACTGTATTTCTGTGCCAGCAGCACAGGACTAGCGGGAGGAAGATACGCAGTATTTTGGCCCA"	""	"AGTCCACGGAGTCAGGGGACACAGCACTGTATTTCTGTGCCAGCAGCACAGGACTAGCGGGAGGAAGATACGCAGTATTTTGGCCCA"	""	"TCRBV21-1*1"	"TCRBD2-1*2"	"TCRBJ2-3*1"	48	50	64	65	2	1	NA	NA	"AGTCCACGGAGTCAGGGGACACAGCACTGTATTTCTGTGCCAGCAGCACAGGACTAGCGGGAGGAAGATACGCAGTATTTTGGCCCA"	FALSE	FALSE	NA	NA	NA	NA
"CTGAGCTCTCTGGAGCTGGGGGACTCAGCTTTGTATTTCTGTGCCAGCAGCGGACTAGCGGGCCTGGGGGAGCAGTACTTCGGGCCG"	"CASSGLAGLGEQYF"	"CTGAGCTCTCTGGAGCTGGGGGACTCAGCTTTGTATTTCTGTGCCAGCAGCGGACTAGCGGGCCTGGGGGAGCAGTACTTCGGGCCG"	"CASSGLAGLGEQYF"	"TCRBV9-1*1"	"TCRBD2-1"	"TCRBJ2-7*1"	-1	52	62	69	53	7	NA	NA	"CTGAGCTCTCTGGAGCTGGGGGACTCAGCTTTGTATTTCTGTGCCAGCAGCGGACTAGCGGGCCTGGGGGAGCAGTACTTCGGGCCG"	FALSE	TRUE	NA	NA	NA	NA
"AACGCCTTGGAGCTGGACGACTCGGCCCTGTATCTCTGTGCCAGCAGCTGGACAGGGGGCGCCACAGATACGCAGTATTTTGGCCCA"	"CASSWTGGATDTQYF"	"AACGCCTTGGAGCTGGACGACTCGGCCCTGTATCTCTGTGCCAGCAGCTGGACAGGGGGCGCCACAGATACGCAGTATTTTGGCCCA"	"CASSWTGGATDTQYF"	"TCRBV5-4*1"	"TCRBD1-1*1"	"TCRBJ2-3*1"	-1	49	60	62	50	2	NA	NA	"AACGCCTTGGAGCTGGACGACTCGGCCCTGTATCTCTGTGCCAGCAGCTGGACAGGGGGCGCCACAGATACGCAGTATTTTGGCCCA"	FALSE	TRUE	NA	NA	NA	NA
"GTCTGCCATCCCCAACCAGACAGCTCTTTACTTCTGTGCCACCAGGTCGGGAGGGAGTCTTGCAATCAGCCCCAGCATTTTGGTGAT"	""	"GTCTGCCATCCCCAACCAGACAGCTCTTTACTTCTGTGCCACCAGGTCGGGAGGGAGTCTTGCAATCAGCCCCAGCATTTTGGTGAT"	""	"TCRBV24-1*1"	"TCRBD2-1*2"	"TCRBJ1-5*1"	45	47	55	61	2	6	NA	NA	"GTCTGCCATCCCCAACCAGACAGCTCTTTACTTCTGTGCCACCAGGTCGGGAGGGAGTCTTGCAATCAGCCCCAGCATTTTGGTGAT"	FALSE	FALSE	NA	NA	NA	NA
"ACTGTGAGCAACATGAGCCCTGAAGACAGCAGCATATATCTCTGCAGCGCCGAAGACAGTTCCTACAATGAGCAGTTCTTCGGGCCA"	"CSAEDSSYNEQFF"	"ACTGTGAGCAACATGAGCCCTGAAGACAGCAGCATATATCTCTGCAGCGCCGAAGACAGTTCCTACAATGAGCAGTTCTTCGGGCCA"	"CSAEDSSYNEQFF"	"TCRBV29-1"	"TCRBD1-1*1"	"TCRBJ2-1*1"	-1	56	59	60	57	1	NA	NA	"ACTGTGAGCAACATGAGCCCTGAAGACAGCAGCATATATCTCTGCAGCGCCGAAGACAGTTCCTACAATGAGCAGTTCTTCGGGCCA"	FALSE	TRUE	NA	NA	NA	NA
"CCCTCAGAACCCAGGGACTCAGCTGTGTACTTCTGTGCCAGCAGGCGGACCGGGACTACAAAGATCTACGAGCAGTACTTCGGGCCG"	"CASRRTGTTKIYEQYF"	"CCCTCAGAACCCAGGGACTCAGCTGTGTACTTCTGTGCCAGCAGGCGGACCGGGACTACAAAGATCTACGAGCAGTACTTCGGGCCG"	"CASRRTGTTKIYEQYF"	NA	"TCRBD2-1"	"TCRBJ2-7*1"	44	51	58	65	7	7	NA	NA	"CCCTCAGAACCCAGGGACTCAGCTGTGTACTTCTGTGCCAGCAGGCGGACCGGGACTACAAAGATCTACGAGCAGTACTTCGGGCCG"	FALSE	TRUE	NA	NA	NA	NA
"ACAGAGCAGGAGGACTCGGCCGTGTATCTCTGTGCCAGCAGCTTATTTACCGGGACTAGACCCTACAATGAGCAGTTCTTCGGGCCA"	"CASSLFTGTRPYNEQFF"	"ACAGAGCAGGAGGACTCGGCCGTGTATCTCTGTGCCAGCAGCTTATTTACCGGGACTAGACCCTACAATGAGCAGTTCTTCGGGCCA"	"CASSLFTGTRPYNEQFF"	"TCRBV7-2"	"TCRBD2-1"	"TCRBJ2-1*1"	45	51	59	61	6	2	NA	NA	"ACAGAGCAGGAGGACTCGGCCGTGTATCTCTGTGCCAGCAGCTTATTTACCGGGACTAGACCCTACAATGAGCAGTTCTTCGGGCCA"	FALSE	TRUE	NA	NA	NA	NA
"CCCCCTGATCCTGGAGTCGCCCAGCCCCAACCAGACCTCTCTGTACTTCTGTGCCAGTCCGAGACGGGAGAGCAGTACTTCGGGCCG"	""	"CCCCCTGATCCTGGAGTCGCCCAGCCCCAACCAGACCTCTCTGTACTTCTGTGCCAGTCCGAGACGGGAGAGCAGTACTTCGGGCCG"	""	"TCRBV27-1*1"	"TCRBD2-1*2"	"TCRBJ2-7*1"	57	64	-1	69	7	70	NA	NA	"CCCCCTGATCCTGGAGTCGCCCAGCCCCAACCAGACCTCTCTGTACTTCTGTGCCAGTCCGAGACGGGAGAGCAGTACTTCGGGCCG"	FALSE	FALSE	NA	NA	NA	NA
"GAGTCTGCTGCCTCCTCCCAGACATCTGTATATTTCTGCGCCAGCAGCCCATGGGAGGGAGGTTGGCTCGAGCAGTACTTCGGGCCG"	"CASSPWEGGWLEQYF"	"GAGTCTGCTGCCTCCTCCCAGACATCTGTATATTTCTGCGCCAGCAGCCCATGGGAGGGAGGTTGGCTCGAGCAGTACTTCGGGCCG"	"CASSPWEGGWLEQYF"	"TCRBV1-1*1"	"TCRBD2-1*2"	"TCRBJ2-7*1"	47	52	59	68	5	9	NA	NA	"GAGTCTGCTGCCTCCTCCCAGACATCTGTATATTTCTGCGCCAGCAGCCCATGGGAGGGAGGTTGGCTCGAGCAGTACTTCGGGCCG"	FALSE	TRUE	NA	NA	NA	NA
"CCACAAAGCTGGAGGACTCAGCCATGTACTTCTGTGCCAGCCTAAGGCTAGCGGGAGCCCCTGCGAAATGAGCAGTTCTTCGGGCCA"	""	"CCACAAAGCTGGAGGACTCAGCCATGTACTTCTGTGCCAGCCTAAGGCTAGCGGGAGCCCCTGCGAAATGAGCAGTTCTTCGGGCCA"	""	"TCRBV2-1"	"TCRBD2-1*2"	"TCRBJ2-1*1"	41	47	57	66	6	9	NA	NA	"CCACAAAGCTGGAGGACTCAGCCATGTACTTCTGTGCCAGCCTAAGGCTAGCGGGAGCCCCTGCGAAATGAGCAGTTCTTCGGGCCA"	FALSE	FALSE	NA	NA	NA	NA
"CTGGAGTCGCCCAGCCCCAACCAGACCTCTCTGTACTTCTGTGCCAGCAGTTTGCAGGGGGGCAATCAGCCCCAGCATTTTGGTGAT"	"CASSLQGGNQPQHF"	"CTGGAGTCGCCCAGCCCCAACCAGACCTCTCTGTACTTCTGTGCCAGCAGTTTGCAGGGGGGCAATCAGCCCCAGCATTTTGGTGAT"	"CASSLQGGNQPQHF"	"TCRBV27-1*1"	"TCRBD1-1*1"	"TCRBJ1-5*1"	53	54	-1	61	1	62	NA	NA	"CTGGAGTCGCCCAGCCCCAACCAGACCTCTCTGTACTTCTGTGCCAGCAGTTTGCAGGGGGGCAATCAGCCCCAGCATTTTGGTGAT"	FALSE	TRUE	NA	NA	NA	NA
"TCGGCCCAAAAGAACCCGACAGCTTTCTATCTCTGTGCCAGTAGCCTCGGACTAGCGGGAGTACAAGATACGCAGTATTTTGGCCCA"	"CASSLGLAGVQDTQYF"	"TCGGCCCAAAAGAACCCGACAGCTTTCTATCTCTGTGCCAGTAGCCTCGGACTAGCGGGAGTACAAGATACGCAGTATTTTGGCCCA"	"CASSLGLAGVQDTQYF"	"TCRBV19-1*1"	"TCRBD2-1*2"	"TCRBJ2-3*1"	44	48	61	65	4	4	NA	NA	"TCGGCCCAAAAGAACCCGACAGCTTTCTATCTCTGTGCCAGTAGCCTCGGACTAGCGGGAGTACAAGATACGCAGTATTTTGGCCCA"	FALSE	TRUE	NA	NA	NA	NA
"ATCCAGCGCACAGAGCAGGAGGACTCGGCCGTGTATCTCTGTGCCAGCAGCTTTTCCCCCGACGGATACGAGCAGTACTTCGGGCCG"	"CASSFSPDGYEQYF"	"ATCCAGCGCACAGAGCAGGAGGACTCGGCCGTGTATCTCTGTGCCAGCAGCTTTTCCCCCGACGGATACGAGCAGTACTTCGGGCCG"	"CASSFSPDGYEQYF"	"TCRBV7-2"	NA	"TCRBJ2-7*1"	53	63	-1	66	10	67	NA	NA	"ATCCAGCGCACAGAGCAGGAGGACTCGGCCGTGTATCTCTGTGCCAGCAGCTTTTCCCCCGACGGATACGAGCAGTACTTCGGGCCG"	FALSE	TRUE	NA	NA	NA	NA
"CGCTCACCAGGCCTGGGGGACGCAGCCATGTACCTGTGTGCCACCAGCAGAGAAGCGGGAGGGGCAGATACGCAGTATTTTGGCCCA"	"CATSREAGGADTQYF"	"CGCTCACCAGGCCTGGGGGACGCAGCCATGTACCTGTGTGCCACCAGCAGAGAAGCGGGAGGGGCAGATACGCAGTATTTTGGCCCA"	"CATSREAGGADTQYF"	"TCRBV15-1*2"	"TCRBD2-1*2"	"TCRBJ2-3*1"	-1	53	63	64	54	1	NA	NA	"CGCTCACCAGGCCTGGGGGACGCAGCCATGTACCTGTGTGCCACCAGCAGAGAAGCGGGAGGGGCAGATACGCAGTATTTTGGCCCA"	FALSE	TRUE	NA	NA	NA	NA
"AAGATCCAGCCTGCAGAGCTTGGGGACTCGGCCGTGTATCTCTGTGCCAGCAGCTTAGGCGACCGGGAGACCCAGTACTTCGGGCCA"	"CASSLGDRETQYF"	"AAGATCCAGCCTGCAGAGCTTGGGGACTCGGCCGTGTATCTCTGTGCCAGCAGCTTAGGCGACCGGGAGACCCAGTACTTCGGGCCA"	"CASSLGDRETQYF"	"TCRBV11-3*1"	NA	"TCRBJ2-5*1"	58	60	63	66	2	3	NA	NA	"AAGATCCAGCCTGCAGAGCTTGGGGACTCGGCCGTGTATCTCTGTGCCAGCAGCTTAGGCGACCGGGAGACCCAGTACTTCGGGCCA"	FALSE	TRUE	NA	NA	NA	NA
"TGAAGGTGCAGCCTGCAGAACTGGAGGATTCTGGAGTTTATTTCTGTGCCAGCAGCGGAGACCGCCTACGAGCAGTACTTCGGGCCG"	""	"TGAAGGTGCAGCCTGCAGAACTGGAGGATTCTGGAGTTTATTTCTGTGCCAGCAGCGGAGACCGCCTACGAGCAGTACTTCGGGCCG"	""	"TCRBV14-1*1"	"TCRBD2-1*2"	"TCRBJ2-7*1"	-1	56	60	64	57	4	NA	NA	"TGAAGGTGCAGCCTGCAGAACTGGAGGATTCTGGAGTTTATTTCTGTGCCAGCAGCGGAGACCGCCTACGAGCAGTACTTCGGGCCG"	FALSE	FALSE	NA	NA	NA	NA
"AATGTGAGCACCTTGGAGCTGGGGGACTCGGCCCTTTATCTTTGCGCCAGCAGCTTGGCTCGGACAGGTGGCTACACCTTCGGTTCG"	"CASSLARTGGYTF"	"AATGTGAGCACCTTGGAGCTGGGGGACTCGGCCCTTTATCTTTGCGCCAGCAGCTTGGCTCGGACAGGTGGCTACACCTTCGGTTCG"	"CASSLARTGGYTF"	"TCRBV5-1*1"	"TCRBD1-1*1"	"TCRBJ1-2*1"	58	61	-1	68	3	69	NA	NA	"AATGTGAGCACCTTGGAGCTGGGGGACTCGGCCCTTTATCTTTGCGCCAGCAGCTTGGCTCGGACAGGTGGCTACACCTTCGGTTCG"	FALSE	TRUE	NA	NA	NA	NA
"GTCTGCCATCCCCAACCAGACAGCTCTTTACTTCTGTGCCACCAGGGCGAAAGGACTTATAGCAATCAGCCCCAGCATTTTGGTGAT"	""	"GTCTGCCATCCCCAACCAGACAGCTCTTTACTTCTGTGCCACCAGGGCGAAAGGACTTATAGCAATCAGCCCCAGCATTTTGGTGAT"	""	"TCRBV24-1*1"	"TCRBD2-1"	"TCRBJ1-5*1"	45	52	57	59	7	2	NA	NA	"GTCTGCCATCCCCAACCAGACAGCTCTTTACTTCTGTGCCACCAGGGCGAAAGGACTTATAGCAATCAGCCCCAGCATTTTGGTGAT"	FALSE	FALSE	NA	NA	NA	NA
"CGCACACAGCAGGAGGACTCGGCCGTGTATCTCTGTGCCAGCAGCCCCAGGAGGGGCGTTAGCACAGATACGCAGTATTTTGGCCCA"	"CASSPRRGVSTDTQYF"	"CGCACACAGCAGGAGGACTCGGCCGTGTATCTCTGTGCCAGCAGCCCCAGGAGGGGCGTTAGCACAGATACGCAGTATTTTGGCCCA"	"CASSPRRGVSTDTQYF"	"TCRBV7-2"	"TCRBD2-1*2"	"TCRBJ2-3*1"	45	49	55	60	4	5	NA	NA	"CGCACACAGCAGGAGGACTCGGCCGTGTATCTCTGTGCCAGCAGCCCCAGGAGGGGCGTTAGCACAGATACGCAGTATTTTGGCCCA"	FALSE	TRUE	NA	NA	NA	NA
"CTGGAGCTTGGTGACTCTGCTGTGTATTTCTGTGCCAGCAGCCCAAGGAATAGGGGACAGGGGAATTCACCCCTCCACTTTGGGAAT"	"CASSPRNRGQGNSPLHF"	"CTGGAGCTTGGTGACTCTGCTGTGTATTTCTGTGCCAGCAGCCCAAGGAATAGGGGACAGGGGAATTCACCCCTCCACTTTGGGAAT"	"CASSPRNRGQGNSPLHF"	"TCRBV3-1/3-2*1"	"TCRBD1-1*1"	"TCRBJ1-6*1"	43	53	-1	63	10	64	NA	NA	"CTGGAGCTTGGTGACTCTGCTGTGTATTTCTGTGCCAGCAGCCCAAGGAATAGGGGACAGGGGAATTCACCCCTCCACTTTGGGAAT"	FALSE	TRUE	NA	NA	NA	NA
"TCCCTCCCAGACATCTGTGTACTTCTGTGCCAGCAGTGAAGGAGGGGATATGTGAATAGTGGAACCGGGGAGCTGTTTTTTGGAGAA"	""	"TCCCTCCCAGACATCTGTGTACTTCTGTGCCAGCAGTGAAGGAGGGGATATGTGAATAGTGGAACCGGGGAGCTGTTTTTTGGAGAA"	""	"TCRBV6-1*1"	NA	"TCRBJ2-2*1"	41	42	47	63	1	16	NA	NA	"TCCCTCCCAGACATCTGTGTACTTCTGTGCCAGCAGTGAAGGAGGGGATATGTGAATAGTGGAACCGGGGAGCTGTTTTTTGGAGAA"	FALSE	FALSE	NA	NA	NA	NA
"GTGAGCACCTTGGAGCTGGGGGACTCGGCCCTTTATCTTTGCGCCAGCAGCTTTTCAAGCGGCTCCTACGAGCAGTACTTCGGGCCG"	"CASSFSSGSYEQYF"	"GTGAGCACCTTGGAGCTGGGGGACTCGGCCCTTTATCTTTGCGCCAGCAGCTTTTCAAGCGGCTCCTACGAGCAGTACTTCGGGCCG"	"CASSFSSGSYEQYF"	"TCRBV5-1*1"	"TCRBD2-1"	"TCRBJ2-7*1"	53	57	-1	62	4	63	NA	NA	"GTGAGCACCTTGGAGCTGGGGGACTCGGCCCTTTATCTTTGCGCCAGCAGCTTTTCAAGCGGCTCCTACGAGCAGTACTTCGGGCCG"	FALSE	TRUE	NA	NA	NA	NA
"CTGGAGTCCGCCAGCACCAACCAGACATCTATGTACCTCTGTGCCAGCAGCCACCCGGGAACTGGAAACACCATATATTTTGGAGAG"	"CASSHPGTGNTIYF"	"CTGGAGTCCGCCAGCACCAACCAGACATCTATGTACCTCTGTGCCAGCAGCCACCCGGGAACTGGAAACACCATATATTTTGGAGAG"	"CASSHPGTGNTIYF"	"TCRBV28-1*1"	"TCRBD2-1*2"	"TCRBJ1-3*1"	50	55	60	61	5	1	NA	NA	"CTGGAGTCCGCCAGCACCAACCAGACATCTATGTACCTCTGTGCCAGCAGCCACCCGGGAACTGGAAACACCATATATTTTGGAGAG"	FALSE	TRUE	NA	NA	NA	NA
"CTTGAGATCCAGGCTACGAAGCTTGAGGATTCAGCAGTGTATTTTTGTGCCAGCAGCCAATCGACCTACGAGCAGTACTTCGGGCCG"	"CASSQSTYEQYF"	"CTTGAGATCCAGGCTACGAAGCTTGAGGATTCAGCAGTGTATTTTTGTGCCAGCAGCCAATCGACCTACGAGCAGTACTTCGGGCCG"	"CASSQSTYEQYF"	"TCRBV16-1*1"	NA	"TCRBJ2-7*1"	-1	62	-1	64	63	65	NA	NA	"CTTGAGATCCAGGCTACGAAGCTTGAGGATTCAGCAGTGTATTTTTGTGCCAGCAGCCAATCGACCTACGAGCAGTACTTCGGGCCG"	FALSE	TRUE	NA	NA	NA	NA
"CGCACAGAGCAGCGGGACTCGGCCATGTATCGCTGTGCCAGCAGCCCATCCTGGGGACAGGGATACAATGAGCAGTTCTTCGGGCCA"	"CASSPSWGQGYNEQFF"	"CGCACAGAGCAGCGGGACTCGGCCATGTATCGCTGTGCCAGCAGCCCATCCTGGGGACAGGGATACAATGAGCAGTTCTTCGGGCCA"	"CASSPSWGQGYNEQFF"	"TCRBV7-6*1"	"TCRBD1-1*1"	"TCRBJ2-1*1"	45	53	62	63	8	1	NA	NA	"CGCACAGAGCAGCGGGACTCGGCCATGTATCGCTGTGCCAGCAGCCCATCCTGGGGACAGGGATACAATGAGCAGTTCTTCGGGCCA"	FALSE	TRUE	NA	NA	NA	NA
"GCTCCCTCCCAGACATCTGTGTACTTCTGTGCCAGCAGATTAACTCCACCGGGACCGAAGAGCTCCTACGAGCAGTACTTCGGGCCG"	"CASRLTPPGPKSSYEQYF"	"GCTCCCTCCCAGACATCTGTGTACTTCTGTGCCAGCAGATTAACTCCACCGGGACCGAAGAGCTCCTACGAGCAGTACTTCGGGCCG"	"CASRLTPPGPKSSYEQYF"	NA	NA	"TCRBJ2-7*1"	38	50	55	62	12	7	NA	NA	"GCTCCCTCCCAGACATCTGTGTACTTCTGTGCCAGCAGATTAACTCCACCGGGACCGAAGAGCTCCTACGAGCAGTACTTCGGGCCG"	FALSE	TRUE	NA	NA	NA	NA
"ACAGTGACCAGTGCCCATCCTGAAGACAGCAGCTTCTACATCTGCAGTGCGGTTGTGGCGAGCCAAGAGACCCAGTACTTCGGGCCA"	"CSAVVASQETQYF"	"ACAGTGACCAGTGCCCATCCTGAAGACAGCAGCTTCTACATCTGCAGTGCGGTTGTGGCGAGCCAAGAGACCCAGTACTTCGGGCCA"	"CSAVVASQETQYF"	NA	NA	"TCRBJ2-5*1"	50	56	59	62	6	3	NA	NA	"ACAGTGACCAGTGCCCATCCTGAAGACAGCAGCTTCTACATCTGCAGTGCGGTTGTGGCGAGCCAAGAGACCCAGTACTTCGGGCCA"	FALSE	TRUE	NA	NA	NA	NA
"CGCACAGAGCAGCGGGACTCGGCCATGTATCGCTGTGCCAGCAGCTTACGACTAGCCCATAACACCGGGGAGCTGTTTTTTGGAGAA"	"CASSLRLAHNTGELFF"	"CGCACAGAGCAGCGGGACTCGGCCATGTATCGCTGTGCCAGCAGCTTACGACTAGCCCATAACACCGGGGAGCTGTTTTTTGGAGAA"	"CASSLRLAHNTGELFF"	"TCRBV7-6*1"	"TCRBD2-1"	"TCRBJ2-2*1"	48	49	56	60	1	4	NA	NA	"CGCACAGAGCAGCGGGACTCGGCCATGTATCGCTGTGCCAGCAGCTTACGACTAGCCCATAACACCGGGGAGCTGTTTTTTGGAGAA"	FALSE	TRUE	NA	NA	NA	NA
"NNNNNNNTGTCGGCTGCTCCCTCCCAAACATCTGTGTACTTCTGTGCCACCGCGGGCCTTAGCTCCTACGAGCAGTACTTCGGGCCG"	"CATAGLSSYEQYF"	"NNNNNNNTGTCGGCTGCTCCCTCCCAAACATCTGTGTACTTCTGTGCCACCGCGGGCCTTAGCTCCTACGAGCAGTACTTCGGGCCG"	"CATAGLSSYEQYF"	NA	"TCRBD2-1"	"TCRBJ2-7*1"	49	51	56	62	2	6	NA	NA	"NNNNNNNTGTCGGCTGCTCCCTCCCAAACATCTGTGTACTTCTGTGCCACCGCGGGCCTTAGCTCCTACGAGCAGTACTTCGGGCCG"	FALSE	TRUE	NA	NA	NA	NA
"CTGCAGCCAGAAGACTCAGCCCTGTATCTCTGCGCCAGCAGCCAAAGATTTACTAGCGGTTGGGAGAATGAGCAGTTCTTCGGGCCA"	"CASSQRFTSGWENEQFF"	"CTGCAGCCAGAAGACTCAGCCCTGTATCTCTGCGCCAGCAGCCAAAGATTTACTAGCGGTTGGGAGAATGAGCAGTTCTTCGGGCCA"	"CASSQRFTSGWENEQFF"	"TCRBV4-1*1"	"TCRBD2-1"	"TCRBJ2-1*1"	45	51	59	66	6	7	NA	NA	"CTGCAGCCAGAAGACTCAGCCCTGTATCTCTGCGCCAGCAGCCAAAGATTTACTAGCGGTTGGGAGAATGAGCAGTTCTTCGGGCCA"	FALSE	TRUE	NA	NA	NA	NA
"TTGGCGTCTGCTGTACCCTCTCAGACATCTGTGTACTTCTGTGCCAGCAGTGACTCAGGAACTTACAATGAGCAGTTCTTCGGGCCA"	"CASSDSGTYNEQFF"	"TTGGCGTCTGCTGTACCCTCTCAGACATCTGTGTACTTCTGTGCCAGCAGTGACTCAGGAACTTACAATGAGCAGTTCTTCGGGCCA"	"CASSDSGTYNEQFF"	"TCRBV6-4*1"	NA	"TCRBJ2-1*1"	56	57	60	63	1	3	NA	NA	"TTGGCGTCTGCTGTACCCTCTCAGACATCTGTGTACTTCTGTGCCAGCAGTGACTCAGGAACTTACAATGAGCAGTTCTTCGGGCCA"	FALSE	TRUE	NA	NA	NA	NA
"GAGTCTGCTGCCTCCTCCCAGACATCTGTATATTTCTGCGCCAGCAGTGAAGGGTCTACAGAGGCCAATGAGCAGTTCTTCGGGCCA"	"CASSEGSTEANEQFF"	"GAGTCTGCTGCCTCCTCCCAGACATCTGTATATTTCTGCGCCAGCAGTGAAGGGTCTACAGAGGCCAATGAGCAGTTCTTCGGGCCA"	"CASSEGSTEANEQFF"	"TCRBV1-1*1"	NA	"TCRBJ2-1*1"	50	57	61	65	7	4	NA	NA	"GAGTCTGCTGCCTCCTCCCAGACATCTGTATATTTCTGCGCCAGCAGTGAAGGGTCTACAGAGGCCAATGAGCAGTTCTTCGGGCCA"	FALSE	TRUE	NA	NA	NA	NA
"CTCTCTGGAGCTGGGGGACTCAGCTTTGTATTTCTGTGCCAGCCGGGGCGGGACTAGCGGTACCAAGAGACCCAGTACTTCGGGCCA"	""	"CTCTCTGGAGCTGGGGGACTCAGCTTTGTATTTCTGTGCCAGCCGGGGCGGGACTAGCGGTACCAAGAGACCCAGTACTTCGGGCCA"	""	"TCRBV9-1*1"	"TCRBD2-1"	"TCRBJ2-5*1"	43	49	60	61	6	1	NA	NA	"CTCTCTGGAGCTGGGGGACTCAGCTTTGTATTTCTGTGCCAGCCGGGGCGGGACTAGCGGTACCAAGAGACCCAGTACTTCGGGCCA"	FALSE	FALSE	NA	NA	NA	NA
"ACCCTGCAGCCAGAAGACTCGGCCCTGTATCTCTGTGCCAGCAGCCAAGCCTCCGTTGCCGGAGTCAATGAGCAGTTCTTCGGGCCA"	"CASSQASVAGVNEQFF"	"ACCCTGCAGCCAGAAGACTCGGCCCTGTATCTCTGTGCCAGCAGCCAAGCCTCCGTTGCCGGAGTCAATGAGCAGTTCTTCGGGCCA"	"CASSQASVAGVNEQFF"	"TCRBV4-2*1"	"TCRBD2-1*2"	"TCRBJ2-1*1"	49	60	64	65	11	1	NA	NA	"ACCCTGCAGCCAGAAGACTCGGCCCTGTATCTCTGTGCCAGCAGCCAAGCCTCCGTTGCCGGAGTCAATGAGCAGTTCTTCGGGCCA"	FALSE	TRUE	NA	NA	NA	NA
"CAGGGGGACTCGGCCATGTATCTCTGTGCCAGCAGCTTAGTACGGATTCTAGCGGGAGTTATTTTAGGGGAGCTGTTTTTTGGAGAA"	"CASSLVRILAGVILGELFF"	"CAGGGGGACTCGGCCATGTATCTCTGTGCCAGCAGCTTAGTACGGATTCTAGCGGGAGTTATTTTAGGGGAGCTGTTTTTTGGAGAA"	"CASSLVRILAGVILGELFF"	"TCRBV7-9*1"	"TCRBD2-1*2"	"TCRBJ2-2*1"	40	48	58	66	8	8	NA	NA	"CAGGGGGACTCGGCCATGTATCTCTGTGCCAGCAGCTTAGTACGGATTCTAGCGGGAGTTATTTTAGGGGAGCTGTTTTTTGGAGAA"	FALSE	TRUE	NA	NA	NA	NA
"ACAGAGCAGGGGGACTCGGCCATGTATCTCTGTGCCAGCAGCTTAGGAGGAGGAGGCAGCCATCAAGAGACCCAGTACTTCGGGCCA"	"CASSLGGGGSHQETQYF"	"ACAGAGCAGGGGGACTCGGCCATGTATCTCTGTGCCAGCAGCTTAGGAGGAGGAGGCAGCCATCAAGAGACCCAGTACTTCGGGCCA"	"CASSLGGGGSHQETQYF"	"TCRBV7-9*1"	"TCRBD2-1*2"	"TCRBJ2-5*1"	46	48	53	63	2	10	NA	NA	"ACAGAGCAGGGGGACTCGGCCATGTATCTCTGTGCCAGCAGCTTAGGAGGAGGAGGCAGCCATCAAGAGACCCAGTACTTCGGGCCA"	FALSE	TRUE	NA	NA	NA	NA
"AGCCCCAACCAGACCTCTCTGTACTTCTGTGCCAGCCGGCCCCCCTGGGCGCTAGCCGGAATCACAGATACGCAGTATTTTGGCCCA"	"CASRPPWALAGITDTQYF"	"AGCCCCAACCAGACCTCTCTGTACTTCTGTGCCAGCCGGCCCCCCTGGGCGCTAGCCGGAATCACAGATACGCAGTATTTTGGCCCA"	"CASRPPWALAGITDTQYF"	"TCRBV27-1*1"	"TCRBD2-1"	"TCRBJ2-3*1"	36	51	56	62	15	6	NA	NA	"AGCCCCAACCAGACCTCTCTGTACTTCTGTGCCAGCCGGCCCCCCTGGGCGCTAGCCGGAATCACAGATACGCAGTATTTTGGCCCA"	FALSE	TRUE	NA	NA	NA	NA
"CCCTCAGAACCCAGGGACTCAGCTGTGTACTTCTGTGCCAGCAGTTACCTTTGGACAGGGTCCTCCTACGAGCAGTACTTCGGGCCG"	"CASSYLWTGSSYEQYF"	"CCCTCAGAACCCAGGGACTCAGCTGTGTACTTCTGTGCCAGCAGTTACCTTTGGACAGGGTCCTCCTACGAGCAGTACTTCGGGCCG"	"CASSYLWTGSSYEQYF"	NA	"TCRBD1-1*1"	"TCRBJ2-7*1"	46	52	60	62	6	2	NA	NA	"CCCTCAGAACCCAGGGACTCAGCTGTGTACTTCTGTGCCAGCAGTTACCTTTGGACAGGGTCCTCCTACGAGCAGTACTTCGGGCCG"	FALSE	TRUE	NA	NA	NA	NA
"ATCCTGGAGTCGCCCAGCCCCAACCAGACCTCTCTGTACTTCTGTGCCAGCAGTTTATCAAGACAGGGTGCGTCTTTCTTTGGACAA"	"CASSLSRQGASFF"	"ATCCTGGAGTCGCCCAGCCCCAACCAGACCTCTCTGTACTTCTGTGCCAGCAGTTTATCAAGACAGGGTGCGTCTTTCTTTGGACAA"	"CASSLSRQGASFF"	"TCRBV27-1*1"	"TCRBD1-1*1"	"TCRBJ1-1*1"	59	61	68	73	2	5	NA	NA	"ATCCTGGAGTCGCCCAGCCCCAACCAGACCTCTCTGTACTTCTGTGCCAGCAGTTTATCAAGACAGGGTGCGTCTTTCTTTGGACAA"	FALSE	TRUE	NA	NA	NA	NA
"NTGTCGGCTGCTCCCTCCCAGACATCTGTGTACTTCTGTGCCAGCAGTGAAGAAAGCGGGAGTGTCCACGAGCAGTACTTCGGGCCG"	"CASSEESGSVHEQYF"	"NTGTCGGCTGCTCCCTCCCAGACATCTGTGTACTTCTGTGCCAGCAGTGAAGAAAGCGGGAGTGTCCACGAGCAGTACTTCGGGCCG"	"CASSEESGSVHEQYF"	"TCRBV6-1*1"	"TCRBD2-1*2"	"TCRBJ2-7*1"	52	54	62	67	2	5	NA	NA	"NTGTCGGCTGCTCCCTCCCAGACATCTGTGTACTTCTGTGCCAGCAGTGAAGAAAGCGGGAGTGTCCACGAGCAGTACTTCGGGCCG"	FALSE	TRUE	NA	NA	NA	NA
"CTGAAGGTGCAGCCTGCAGAACTGGAGGATTCTGGAGTTTATTTCTGTGCCAGCAGCCAGGGGACCTACGAGCAGTACTTCGGGCCG"	"CASSQGTYEQYF"	"CTGAAGGTGCAGCCTGCAGAACTGGAGGATTCTGGAGTTTATTTCTGTGCCAGCAGCCAGGGGACCTACGAGCAGTACTTCGGGCCG"	"CASSQGTYEQYF"	"TCRBV14-1*1"	NA	"TCRBJ2-7*1"	59	60	-1	64	1	65	NA	NA	"CTGAAGGTGCAGCCTGCAGAACTGGAGGATTCTGGAGTTTATTTCTGTGCCAGCAGCCAGGGGACCTACGAGCAGTACTTCGGGCCG"	FALSE	TRUE	NA	NA	NA	NA
"TCGCCCAGCCCCAACCAGACCTCTCTGTACTTCTGTGCCAGCAGTTTAGGGCAGCCTTTAGCCAAAAACATTCAGTACTTCGGCGCC"	"CASSLGQPLAKNIQYF"	"TCGCCCAGCCCCAACCAGACCTCTCTGTACTTCTGTGCCAGCAGTTTAGGGCAGCCTTTAGCCAAAAACATTCAGTACTTCGGCGCC"	"CASSLGQPLAKNIQYF"	"TCRBV27-1*1"	"TCRBD1-1*1"	"TCRBJ2-4*1"	-1	48	52	59	49	7	NA	NA	"TCGCCCAGCCCCAACCAGACCTCTCTGTACTTCTGTGCCAGCAGTTTAGGGCAGCCTTTAGCCAAAAACATTCAGTACTTCGGCGCC"	FALSE	TRUE	NA	NA	NA	NA
"CAGCCCTCAGAACCCAGGGACTCAGCTGTGTACTTCTGTGCCAGCAGTGTACAGCCACGGGGGTACAATGAGCAGTTCTTCGGGCCA"	"CASSVQPRGYNEQFF"	"CAGCCCTCAGAACCCAGGGACTCAGCTGTGTACTTCTGTGCCAGCAGTGTACAGCCACGGGGGTACAATGAGCAGTTCTTCGGGCCA"	"CASSVQPRGYNEQFF"	NA	"TCRBD2-1*1"	"TCRBJ2-1*1"	48	57	-1	63	9	64	NA	NA	"CAGCCCTCAGAACCCAGGGACTCAGCTGTGTACTTCTGTGCCAGCAGTGTACAGCCACGGGGGTACAATGAGCAGTTCTTCGGGCCA"	FALSE	TRUE	NA	NA	NA	NA
"CAGCCTGCAAAGCTTGAGGACTCGGCCGTGTATCTCTGTGCCAGCAGCTTAGAAGGGGCTGTGGCCGGGGAGCTGTTTTTTGGAGAA"	"CASSLEGAVAGELFF"	"CAGCCTGCAAAGCTTGAGGACTCGGCCGTGTATCTCTGTGCCAGCAGCTTAGAAGGGGCTGTGGCCGGGGAGCTGTTTTTTGGAGAA"	"CASSLEGAVAGELFF"	"TCRBV11-2*1"	"TCRBD1-1*1"	"TCRBJ2-2*1"	-1	53	58	64	54	6	NA	NA	"CAGCCTGCAAAGCTTGAGGACTCGGCCGTGTATCTCTGTGCCAGCAGCTTAGAAGGGGCTGTGGCCGGGGAGCTGTTTTTTGGAGAA"	FALSE	TRUE	NA	NA	NA	NA
"CTAAGAAGCTCCTTCTCAGTGACTCTGGCTTCTATCTCTGTGCCTGGAAGTAGGACGGACCGTTACAATGAGCAGTTCTTCGGGCCA"	""	"CTAAGAAGCTCCTTCTCAGTGACTCTGGCTTCTATCTCTGTGCCTGGAAGTAGGACGGACCGTTACAATGAGCAGTTCTTCGGGCCA"	""	"TCRBV3-1*1"	NA	"TCRBJ2-1*1"	48	52	56	63	4	7	NA	NA	"CTAAGAAGCTCCTTCTCAGTGACTCTGGCTTCTATCTCTGTGCCTGGAAGTAGGACGGACCGTTACAATGAGCAGTTCTTCGGGCCA"	FALSE	FALSE	NA	NA	NA	NA
"ATCCTGGAGTCGCCCAGCCCCAACCAGACCTCTCTGTACTTCTGTGCCAGCAGCCGGCCCTAGGGAGCCGAGCAGTACTTCGGGCCG"	"CASSRP*GAEQYF"	"ATCCTGGAGTCGCCCAGCCCCAACCAGACCTCTCTGTACTTCTGTGCCAGCAGCCGGCCCTAGGGAGCCGAGCAGTACTTCGGGCCG"	"CASSRP*GAEQYF"	"TCRBV27-1*1"	"TCRBD2-1*2"	"TCRBJ2-7*1"	53	62	67	68	9	1	NA	NA	"ATCCTGGAGTCGCCCAGCCCCAACCAGACCTCTCTGTACTTCTGTGCCAGCAGCCGGCCCTAGGGAGCCGAGCAGTACTTCGGGCCG"	FALSE	TRUE	NA	NA	NA	NA
"GTGAGCACCTTGGAGCTGGGGGACTCGGCCCTTTATCTTTGCGCCAGCAGCTTGTTGGAGGGAGGGAGTGAGCAGTTCTTCGGGCCA"	"CASSLLEGGSEQFF"	"GTGAGCACCTTGGAGCTGGGGGACTCGGCCCTTTATCTTTGCGCCAGCAGCTTGTTGGAGGGAGGGAGTGAGCAGTTCTTCGGGCCA"	"CASSLLEGGSEQFF"	"TCRBV5-1*1"	"TCRBD2-1*2"	"TCRBJ2-1*1"	54	59	66	68	5	2	NA	NA	"GTGAGCACCTTGGAGCTGGGGGACTCGGCCCTTTATCTTTGCGCCAGCAGCTTGTTGGAGGGAGGGAGTGAGCAGTTCTTCGGGCCA"	FALSE	TRUE	NA	NA	NA	NA
"GTGACCAGTGCCCATCCTGAAGACAGCAGCTTCTACATCTGCAGTGCTAGTCGAGGGGGAAACACAGATACGCAGTATTTTGGCCCA"	"CSASRGGNTDTQYF"	"GTGACCAGTGCCCATCCTGAAGACAGCAGCTTCTACATCTGCAGTGCTAGTCGAGGGGGAAACACAGATACGCAGTATTTTGGCCCA"	"CSASRGGNTDTQYF"	"TCRBV2-1*4"	"TCRBD1-1*1"	"TCRBJ2-3*1"	51	53	59	62	2	3	NA	NA	"GTGACCAGTGCCCATCCTGAAGACAGCAGCTTCTACATCTGCAGTGCTAGTCGAGGGGGAAACACAGATACGCAGTATTTTGGCCCA"	FALSE	TRUE	NA	NA	NA	NA
"CGGTCCACAAAGCTGGAGGACTCAGCCATGTACTTCTGTGCCAGCAGGAGCAGACTAGCGGGAGACAATGAGCAGTTCTTCGGGCCA"	"CASRSRLAGDNEQFF"	"CGGTCCACAAAGCTGGAGGACTCAGCCATGTACTTCTGTGCCAGCAGGAGCAGACTAGCGGGAGACAATGAGCAGTTCTTCGGGCCA"	"CASRSRLAGDNEQFF"	"TCRBV2-1"	"TCRBD2-1*2"	"TCRBJ2-1*1"	47	52	-1	64	5	65	NA	NA	"CGGTCCACAAAGCTGGAGGACTCAGCCATGTACTTCTGTGCCAGCAGGAGCAGACTAGCGGGAGACAATGAGCAGTTCTTCGGGCCA"	FALSE	TRUE	NA	NA	NA	NA
"CCTGGAGCTTGGTGACTCTGCTGTGTATTTCTGTGCCAGCAGCCCCCCTTTTGTCGGGAGCTTAACGACGAGCAGTACTTCGGGCCG"	""	"CCTGGAGCTTGGTGACTCTGCTGTGTATTTCTGTGCCAGCAGCCCCCCTTTTGTCGGGAGCTTAACGACGAGCAGTACTTCGGGCCG"	""	"TCRBV3-1/3-2*1"	"TCRBD2-1*2"	"TCRBJ2-7*1"	44	54	60	67	10	7	NA	NA	"CCTGGAGCTTGGTGACTCTGCTGTGTATTTCTGTGCCAGCAGCCCCCCTTTTGTCGGGAGCTTAACGACGAGCAGTACTTCGGGCCG"	FALSE	FALSE	NA	NA	NA	NA
"CGCCCTGCAGCCAGAAGACTCAGCCCTGTATCTCTGCGCCAGCAGCCAAGATAAGGCAGGGAGATATCCAACCTCCACTTTGGGAAT"	""	"CGCCCTGCAGCCAGAAGACTCAGCCCTGTATCTCTGCGCCAGCAGCCAAGATAAGGCAGGGAGATATCCAACCTCCACTTTGGGAAT"	""	"TCRBV4-1*1"	NA	"TCRBJ1-6*1"	51	56	61	71	5	10	NA	NA	"CGCCCTGCAGCCAGAAGACTCAGCCCTGTATCTCTGCGCCAGCAGCCAAGATAAGGCAGGGAGATATCCAACCTCCACTTTGGGAAT"	FALSE	FALSE	NA	NA	NA	NA
"GTGAGCACCTTGGAGCTGGGGGACTCGGCCCTTTATCTTTGCGCCAGCAGCTGGGGGGACTCCTCCTACGAGCAGTACTTCGGGCCG"	"CASSWGDSSYEQYF"	"GTGAGCACCTTGGAGCTGGGGGACTCGGCCCTTTATCTTTGCGCCAGCAGCTGGGGGGACTCCTCCTACGAGCAGTACTTCGGGCCG"	"CASSWGDSSYEQYF"	"TCRBV5-1*1"	"TCRBD2-1"	"TCRBJ2-7*1"	52	55	61	62	3	1	NA	NA	"GTGAGCACCTTGGAGCTGGGGGACTCGGCCCTTTATCTTTGCGCCAGCAGCTGGGGGGACTCCTCCTACGAGCAGTACTTCGGGCCG"	FALSE	TRUE	NA	NA	NA	NA
"GTGAGCAACATGAGCCCTGAAGACAGCAGCATATATCTCTGCAGCGTTGAAGATGGATCAACTAATGAAAAACTGTTTTTTGGCAGT"	"CSVEDGSTNEKLFF"	"GTGAGCAACATGAGCCCTGAAGACAGCAGCATATATCTCTGCAGCGTTGAAGATGGATCAACTAATGAAAAACTGTTTTTTGGCAGT"	"CSVEDGSTNEKLFF"	"TCRBV29-1"	NA	"TCRBJ1-4*1"	53	54	57	58	1	1	NA	NA	"GTGAGCAACATGAGCCCTGAAGACAGCAGCATATATCTCTGCAGCGTTGAAGATGGATCAACTAATGAAAAACTGTTTTTTGGCAGT"	FALSE	TRUE	NA	NA	NA	NA
"CTGAGCTCTCTGGAGCTGGGGGACTCAGCTTTGTATTTCTGTGCCAGCAGCGTAGGTACGGCCAAAAACATTCAGTACTTCGGCGCC"	"CASSVGTAKNIQYF"	"CTGAGCTCTCTGGAGCTGGGGGACTCAGCTTTGTATTTCTGTGCCAGCAGCGTAGGTACGGCCAAAAACATTCAGTACTTCGGCGCC"	"CASSVGTAKNIQYF"	"TCRBV9-1*1"	NA	"TCRBJ2-4*1"	55	57	59	60	2	1	NA	NA	"CTGAGCTCTCTGGAGCTGGGGGACTCAGCTTTGTATTTCTGTGCCAGCAGCGTAGGTACGGCCAAAAACATTCAGTACTTCGGCGCC"	FALSE	TRUE	NA	NA	NA	NA
"ACATCGGCCCAAAAGAACCCGACAGCGTTCTATCTCTGTGCCAGTAGCACCTTGGGGCGGAACCCTGGCGAGCAGTACTTCGGGCCG"	"CASSTLGRNPGEQYF"	"ACATCGGCCCAAAAGAACCCGACAGCGTTCTATCTCTGTGCCAGTAGCACCTTGGGGCGGAACCCTGGCGAGCAGTACTTCGGGCCG"	"CASSTLGRNPGEQYF"	"TCRBV19-1*1"	"TCRBD1-1*1"	"TCRBJ2-7*1"	47	53	58	68	6	10	NA	NA	"ACATCGGCCCAAAAGAACCCGACAGCGTTCTATCTCTGTGCCAGTAGCACCTTGGGGCGGAACCCTGGCGAGCAGTACTTCGGGCCG"	FALSE	TRUE	NA	NA	NA	NA
"CTGGAGTCGCCCAGCCCCAACCAGACCTCTCTGTACTTCTGTGCCAGCAGTCATCGGGATAGCAATCAGCCCCAGCATTTTGGTGAT"	"CASSHRDSNQPQHF"	"CTGGAGTCGCCCAGCCCCAACCAGACCTCTCTGTACTTCTGTGCCAGCAGTCATCGGGATAGCAATCAGCCCCAGCATTTTGGTGAT"	"CASSHRDSNQPQHF"	"TCRBV27-1*1"	"TCRBD2-1*2"	"TCRBJ1-5*1"	51	54	-1	59	3	60	NA	NA	"CTGGAGTCGCCCAGCCCCAACCAGACCTCTCTGTACTTCTGTGCCAGCAGTCATCGGGATAGCAATCAGCCCCAGCATTTTGGTGAT"	FALSE	TRUE	NA	NA	NA	NA
"CAGCAGGTAGTGCGAGGAGATTCGGCAGCTTATTTCTGTGCCAGCTCACCCTAAACAGGGGAGGGAGAGACCCAGTACTTCGGGCCA"	"CASSP*TGEGETQYF"	"CAGCAGGTAGTGCGAGGAGATTCGGCAGCTTATTTCTGTGCCAGCTCACCCTAAACAGGGGAGGGAGAGACCCAGTACTTCGGGCCA"	"CASSP*TGEGETQYF"	"TCRBV18-1*1"	NA	"TCRBJ2-5*1"	50	54	61	65	4	4	NA	NA	"CAGCAGGTAGTGCGAGGAGATTCGGCAGCTTATTTCTGTGCCAGCTCACCCTAAACAGGGGAGGGAGAGACCCAGTACTTCGGGCCA"	FALSE	TRUE	NA	NA	NA	NA
"AGAAGCTCCTTCTCAGTGACTCTGGCTTCTATCTCTGTGCCCCTAGTGAGGGGGGGACTCAACACAGATACGCAGTATTTTGGCCCA"	""	"AGAAGCTCCTTCTCAGTGACTCTGGCTTCTATCTCTGTGCCCCTAGTGAGGGGGGGACTCAACACAGATACGCAGTATTTTGGCCCA"	""	"TCRBV3-1"	"TCRBD2-1*1"	"TCRBJ2-3*1"	41	49	56	62	8	6	NA	NA	"AGAAGCTCCTTCTCAGTGACTCTGGCTTCTATCTCTGTGCCCCTAGTGAGGGGGGGACTCAACACAGATACGCAGTATTTTGGCCCA"	FALSE	FALSE	NA	NA	NA	NA
"NNNNTGTCGGCTGCTCCCTCCCAGACATCTGTGTACTTCTGTGCCAGCAGCCAAGGGGCAACTAATGAAAAACTGTTTTTTGGCAGT"	"CASSQGATNEKLFF"	"NNNNTGTCGGCTGCTCCCTCCCAGACATCTGTGTACTTCTGTGCCAGCAGCCAAGGGGCAACTAATGAAAAACTGTTTTTTGGCAGT"	"CASSQGATNEKLFF"	"TCRBV6-5*1"	"TCRBD1-1*1"	"TCRBJ1-4*1"	50	53	-1	58	3	59	NA	NA	"NNNNTGTCGGCTGCTCCCTCCCAGACATCTGTGTACTTCTGTGCCAGCAGCCAAGGGGCAACTAATGAAAAACTGTTTTTTGGCAGT"	FALSE	TRUE	NA	NA	NA	NA
"CACACCCTGCAGCCAGAAGACTCGGCCCTGTATCTCTGCGCCAGCAGCCTAGGGGACAGGGCGAACACTGAAGCTTTCTTTGGACAA"	"CASSLGDRANTEAFF"	"CACACCCTGCAGCCAGAAGACTCGGCCCTGTATCTCTGCGCCAGCAGCCTAGGGGACAGGGCGAACACTGAAGCTTTCTTTGGACAA"	"CASSLGDRANTEAFF"	"TCRBV4-3*1"	"TCRBD1-1*1"	"TCRBJ1-1*1"	49	52	61	62	3	1	NA	NA	"CACACCCTGCAGCCAGAAGACTCGGCCCTGTATCTCTGCGCCAGCAGCCTAGGGGACAGGGCGAACACTGAAGCTTTCTTTGGACAA"	FALSE	TRUE	NA	NA	NA	NA
"GTGAGCACCTTGGAGCTGGGGGACTCGGCCCTTTATCTTTGCGCCAGCAGCTTGGACGGAAGCTCCTACGAGCAGTACTTCGGGCCG"	"CASSLDGSSYEQYF"	"GTGAGCACCTTGGAGCTGGGGGACTCGGCCCTTTATCTTTGCGCCAGCAGCTTGGACGGAAGCTCCTACGAGCAGTACTTCGGGCCG"	"CASSLDGSSYEQYF"	"TCRBV5-1*1"	NA	"TCRBJ2-7*1"	55	57	60	62	2	2	NA	NA	"GTGAGCACCTTGGAGCTGGGGGACTCGGCCCTTTATCTTTGCGCCAGCAGCTTGGACGGAAGCTCCTACGAGCAGTACTTCGGGCCG"	FALSE	TRUE	NA	NA	NA	NA
"CAGCCTGCAAAGCTTGAGGACTCGGCCGTGTATCTCTGTGCCAGCAGCTTAGTTTCCAGGCTCACAGATACGCAGTATTTTGGCCCA"	"CASSLVSRLTDTQYF"	"CAGCCTGCAAAGCTTGAGGACTCGGCCGTGTATCTCTGTGCCAGCAGCTTAGTTTCCAGGCTCACAGATACGCAGTATTTTGGCCCA"	"CASSLVSRLTDTQYF"	"TCRBV11-2*1"	"TCRBD1-1*1"	"TCRBJ2-3*1"	52	56	60	62	4	2	NA	NA	"CAGCCTGCAAAGCTTGAGGACTCGGCCGTGTATCTCTGTGCCAGCAGCTTAGTTTCCAGGCTCACAGATACGCAGTATTTTGGCCCA"	FALSE	TRUE	NA	NA	NA	NA
"CCATGTACTTCTGTGCCAGCAGTGCTCTTACCGGGACAGGGGGCGCCGGATGGCGGGTTCTCCTACAATGAGCAGTTCTTCGGGCCA"	""	"CCATGTACTTCTGTGCCAGCAGTGCTCTTACCGGGACAGGGGGCGCCGGATGGCGGGTTCTCCTACAATGAGCAGTTCTTCGGGCCA"	""	"TCRBV2-1"	"TCRBD1-1*1"	"TCRBJ2-1*1"	24	32	44	59	8	15	NA	NA	"CCATGTACTTCTGTGCCAGCAGTGCTCTTACCGGGACAGGGGGCGCCGGATGGCGGGTTCTCCTACAATGAGCAGTTCTTCGGGCCA"	FALSE	FALSE	NA	NA	NA	NA
"ACCAGTGCCCATCCTGAAGACAGCAGCTTCTACATCTGCAGTGCTAGAGGGAGGGGGTCTCGTTACAATGAGCAGTTCTTCGGGCCA"	"CSARGRGSRYNEQFF"	"ACCAGTGCCCATCCTGAAGACAGCAGCTTCTACATCTGCAGTGCTAGAGGGAGGGGGTCTCGTTACAATGAGCAGTTCTTCGGGCCA"	"CSARGRGSRYNEQFF"	NA	NA	"TCRBJ2-1*1"	49	51	57	63	2	6	NA	NA	"ACCAGTGCCCATCCTGAAGACAGCAGCTTCTACATCTGCAGTGCTAGAGGGAGGGGGTCTCGTTACAATGAGCAGTTCTTCGGGCCA"	FALSE	TRUE	NA	NA	NA	NA
"CAGCAGGTAGTGCGAGGAGATTCGGCAGCTTATTTCTGTGCCAGCTCAGAAACTAGCGGGAGCGCCTACGAGCAGTACTTCGGGCCG"	"CASSETSGSAYEQYF"	"CAGCAGGTAGTGCGAGGAGATTCGGCAGCTTATTTCTGTGCCAGCTCAGAAACTAGCGGGAGCGCCTACGAGCAGTACTTCGGGCCG"	"CASSETSGSAYEQYF"	"TCRBV18-1*1"	"TCRBD2-1*2"	"TCRBJ2-7*1"	48	51	62	64	3	2	NA	NA	"CAGCAGGTAGTGCGAGGAGATTCGGCAGCTTATTTCTGTGCCAGCTCAGAAACTAGCGGGAGCGCCTACGAGCAGTACTTCGGGCCG"	FALSE	TRUE	NA	NA	NA	NA
"CTTCTCAGTGACTCTGGCTTCTATCTCTGTGCCTGGAACCGTGACAGGAGGGGGAGGCCTTTACCCCATGAAGCTTTCTTTGGACAA"	"CAWNRDRRGRPLPHEAFF"	"CTTCTCAGTGACTCTGGCTTCTATCTCTGTGCCTGGAACCGTGACAGGAGGGGGAGGCCTTTACCCCATGAAGCTTTCTTTGGACAA"	"CAWNRDRRGRPLPHEAFF"	"TCRBV3-1*1"	NA	"TCRBJ1-1*1"	37	42	48	68	5	20	NA	NA	"CTTCTCAGTGACTCTGGCTTCTATCTCTGTGCCTGGAACCGTGACAGGAGGGGGAGGCCTTTACCCCATGAAGCTTTCTTTGGACAA"	FALSE	TRUE	NA	NA	NA	NA
"TCCCTCCCAGACATCTGTGTACTTCTGTGCCAGCAGTTACTCGAGTTTGAAGGGAGCCATTTGGCCGGGGAGCTGTTTTTTGGAGAA"	""	"TCCCTCCCAGACATCTGTGTACTTCTGTGCCAGCAGTTACTCGAGTTTGAAGGGAGCCATTTGGCCGGGGAGCTGTTTTTTGGAGAA"	""	NA	"TCRBD2-1*2"	"TCRBJ2-2*1"	42	51	56	64	9	8	NA	NA	"TCCCTCCCAGACATCTGTGTACTTCTGTGCCAGCAGTTACTCGAGTTTGAAGGGAGCCATTTGGCCGGGGAGCTGTTTTTTGGAGAA"	FALSE	FALSE	NA	NA	NA	NA
"CTACACGCCCTGCAGCCAGAAGACTCAGCCCTGTATCTCTGCGCCAGCGGTGAAGGGACAGGGAATTCACCCCTCCACTTTGGGAAT"	"CASGEGTGNSPLHF"	"CTACACGCCCTGCAGCCAGAAGACTCAGCCCTGTATCTCTGCGCCAGCGGTGAAGGGACAGGGAATTCACCCCTCCACTTTGGGAAT"	"CASGEGTGNSPLHF"	"TCRBV4-1*1"	"TCRBD1-1*1"	"TCRBJ1-6*1"	48	54	-1	63	6	64	NA	NA	"CTACACGCCCTGCAGCCAGAAGACTCAGCCCTGTATCTCTGCGCCAGCGGTGAAGGGACAGGGAATTCACCCCTCCACTTTGGGAAT"	FALSE	TRUE	NA	NA	NA	NA
"CAGCGCACACAGCAGGAGGACTCGGCCGTGTATCTCTGTGCCAGCAGCTTATACGGGAAGACAGGGTACGAGCAGTACTTCGGGCCG"	"CASSLYGKTGYEQYF"	"CAGCGCACACAGCAGGAGGACTCGGCCGTGTATCTCTGTGCCAGCAGCTTATACGGGAAGACAGGGTACGAGCAGTACTTCGGGCCG"	"CASSLYGKTGYEQYF"	"TCRBV7-2"	"TCRBD1-1*1"	"TCRBJ2-7*1"	51	59	-1	66	8	67	NA	NA	"CAGCGCACACAGCAGGAGGACTCGGCCGTGTATCTCTGTGCCAGCAGCTTATACGGGAAGACAGGGTACGAGCAGTACTTCGGGCCG"	FALSE	TRUE	NA	NA	NA	NA
"CTGGAGTCGCCCAGCCCCAACCAGACCTCTCTGTACTTCTGTGCCAGCAGTCGCGACAGGGCCACCTACGAGCAGTACTTCGGGCCG"	"CASSRDRATYEQYF"	"CTGGAGTCGCCCAGCCCCAACCAGACCTCTCTGTACTTCTGTGCCAGCAGTCGCGACAGGGCCACCTACGAGCAGTACTTCGGGCCG"	"CASSRDRATYEQYF"	"TCRBV27-1*1"	"TCRBD1-1*1"	"TCRBJ2-7*1"	51	54	61	64	3	3	NA	NA	"CTGGAGTCGCCCAGCCCCAACCAGACCTCTCTGTACTTCTGTGCCAGCAGTCGCGACAGGGCCACCTACGAGCAGTACTTCGGGCCG"	FALSE	TRUE	NA	NA	NA	NA
"ACCCTGCAGCCAGAAGACTCGGCCCTGTATCTCTGCGCCAGCAGCCAAGTCGGGACAGGAAAGACCGGGGAGCTGTTTTTTGGAGAA"	"CASSQVGTGKTGELFF"	"ACCCTGCAGCCAGAAGACTCGGCCCTGTATCTCTGCGCCAGCAGCCAAGTCGGGACAGGAAAGACCGGGGAGCTGTTTTTTGGAGAA"	"CASSQVGTGKTGELFF"	"TCRBV4-3*1"	"TCRBD1-1*1"	"TCRBJ2-2*1"	49	51	59	63	2	4	NA	NA	"ACCCTGCAGCCAGAAGACTCGGCCCTGTATCTCTGCGCCAGCAGCCAAGTCGGGACAGGAAAGACCGGGGAGCTGTTTTTTGGAGAA"	FALSE	TRUE	NA	NA	NA	NA
"GGATCCAGCAGGTAGTGCGAGGAGATTCGGCAGCTCAACGCGGTGACCCACGGCGGCGGGAGGGCCAATGAGCAGTTCTTCGGGCCA"	""	"GGATCCAGCAGGTAGTGCGAGGAGATTCGGCAGCTCAACGCGGTGACCCACGGCGGCGGGAGGGCCAATGAGCAGTTCTTCGGGCCA"	""	"TCRBV18-1*1"	"TCRBD2-1*2"	"TCRBJ2-1*1"	35	55	64	65	20	1	NA	NA	"GGATCCAGCAGGTAGTGCGAGGAGATTCGGCAGCTCAACGCGGTGACCCACGGCGGCGGGAGGGCCAATGAGCAGTTCTTCGGGCCA"	FALSE	FALSE	NA	NA	NA	NA
"ATCCTGGAGTCGCCCAGCCCCAACCAGACCTCTCTGTACTTCTGTGCCAGTTATAGCGGGAGACCCTACGAGCAGTACTTCGGGCCG"	"CASYSGRPYEQYF"	"ATCCTGGAGTCGCCCAGCCCCAACCAGACCTCTCTGTACTTCTGTGCCAGTTATAGCGGGAGACCCTACGAGCAGTACTTCGGGCCG"	"CASYSGRPYEQYF"	"TCRBV27-1*1"	"TCRBD2-1*2"	"TCRBJ2-7*1"	50	53	62	64	3	2	NA	NA	"ATCCTGGAGTCGCCCAGCCCCAACCAGACCTCTCTGTACTTCTGTGCCAGTTATAGCGGGAGACCCTACGAGCAGTACTTCGGGCCG"	FALSE	TRUE	NA	NA	NA	NA
"CCTGCAAAGCTTGAGGACTCGGCCGTGTATCTCTGTGCCAGCAGCTTTTTGGCGGGAGGCGGGGTTGGGACCCAGTACTTCGGGCCA"	"CASSFLAGGGVGTQYF"	"CCTGCAAAGCTTGAGGACTCGGCCGTGTATCTCTGTGCCAGCAGCTTTTTGGCGGGAGGCGGGGTTGGGACCCAGTACTTCGGGCCA"	"CASSFLAGGGVGTQYF"	"TCRBV11-2"	"TCRBD2-1*2"	"TCRBJ2-5*1"	47	51	59	68	4	9	NA	NA	"CCTGCAAAGCTTGAGGACTCGGCCGTGTATCTCTGTGCCAGCAGCTTTTTGGCGGGAGGCGGGGTTGGGACCCAGTACTTCGGGCCA"	FALSE	TRUE	NA	NA	NA	NA
"AATTCCCTGGAGCTTGGTGACTCTGCTGTGTATTTCTGTGCCAGCAGCCAAGATCAGGGATTTAATGAAAAACTGTTTTTTGGCAGT"	"CASSQDQGFNEKLFF"	"AATTCCCTGGAGCTTGGTGACTCTGCTGTGTATTTCTGTGCCAGCAGCCAAGATCAGGGATTTAATGAAAAACTGTTTTTTGGCAGT"	"CASSQDQGFNEKLFF"	"TCRBV3-1/3-2*1"	"TCRBD1-1*1"	"TCRBJ1-4*1"	53	54	59	62	1	3	NA	NA	"AATTCCCTGGAGCTTGGTGACTCTGCTGTGTATTTCTGTGCCAGCAGCCAAGATCAGGGATTTAATGAAAAACTGTTTTTTGGCAGT"	FALSE	TRUE	NA	NA	NA	NA
"CACAGAGCGGGGGGACTCAGCCGTGTATCTCTGTGCCAGCAGCTTAACGTTAGAAGGGGTCTAGGCTACGAGCAGTACTTCGGGCCG"	""	"CACAGAGCGGGGGGACTCAGCCGTGTATCTCTGTGCCAGCAGCTTAACGTTAGAAGGGGTCTAGGCTACGAGCAGTACTTCGGGCCG"	""	"TCRBV7-3*1"	"TCRBD1-1*1"	"TCRBJ2-7*1"	48	54	59	65	6	6	NA	NA	"CACAGAGCGGGGGGACTCAGCCGTGTATCTCTGTGCCAGCAGCTTAACGTTAGAAGGGGTCTAGGCTACGAGCAGTACTTCGGGCCG"	FALSE	FALSE	NA	NA	NA	NA
"NNNNTGTCGGCTGCTCCCTCCCAGACATCTGTGTACTTCTGTGCCAGCAGTGAGATGAACACCCTCTCGGTAGCTTTCTTTGGACAA"	"CASSEMNTLSVAFF"	"NNNNTGTCGGCTGCTCCCTCCCAGACATCTGTGTACTTCTGTGCCAGCAGTGAGATGAACACCCTCTCGGTAGCTTTCTTTGGACAA"	"CASSEMNTLSVAFF"	"TCRBV6-1*1"	NA	"TCRBJ1-1*1"	53	58	61	71	5	10	NA	NA	"NNNNTGTCGGCTGCTCCCTCCCAGACATCTGTGTACTTCTGTGCCAGCAGTGAGATGAACACCCTCTCGGTAGCTTTCTTTGGACAA"	FALSE	TRUE	NA	NA	NA	NA
"NNNNTGTCGGCTGCTCCCTCCCAGACATCTGTGTACTTCTGTGCCAGCACCCACAGGGAATTTGACTATGGCTACACCTTCGGTTCG"	"CASTHREFDYGYTF"	"NNNNTGTCGGCTGCTCCCTCCCAGACATCTGTGTACTTCTGTGCCAGCACCCACAGGGAATTTGACTATGGCTACACCTTCGGTTCG"	"CASTHREFDYGYTF"	"TCRBV6-5*1"	"TCRBD1-1*1"	"TCRBJ1-2*1"	49	52	58	64	3	6	NA	NA	"NNNNTGTCGGCTGCTCCCTCCCAGACATCTGTGTACTTCTGTGCCAGCACCCACAGGGAATTTGACTATGGCTACACCTTCGGTTCG"	FALSE	TRUE	NA	NA	NA	NA
"AGCAACATGAGCCCTGAAGACAGCAGCATATATCTCTGCAGCGACGTCGGTCGGGACTAGCTAGCCTACGAGCAGTACTTCGGGCCG"	"CSDVGRD*LAYEQYF"	"AGCAACATGAGCCCTGAAGACAGCAGCATATATCTCTGCAGCGACGTCGGTCGGGACTAGCTAGCCTACGAGCAGTACTTCGGGCCG"	"CSDVGRD*LAYEQYF"	"TCRBV29-1"	"TCRBD2-1"	"TCRBJ2-7*1"	43	52	61	64	9	3	NA	NA	"AGCAACATGAGCCCTGAAGACAGCAGCATATATCTCTGCAGCGACGTCGGTCGGGACTAGCTAGCCTACGAGCAGTACTTCGGGCCG"	FALSE	TRUE	NA	NA	NA	NA
"ATCCAGCCTGCAGAGCTTGGGGACTCGGCCGTGTATCTCTGTGCCAGCAGCTTAGATCGGGGCACCTACGAGCAGTACTTCGGGCCG"	"CASSLDRGTYEQYF"	"ATCCAGCCTGCAGAGCTTGGGGACTCGGCCGTGTATCTCTGTGCCAGCAGCTTAGATCGGGGCACCTACGAGCAGTACTTCGGGCCG"	"CASSLDRGTYEQYF"	"TCRBV11-3*1"	NA	"TCRBJ2-7*1"	56	58	63	64	2	1	NA	NA	"ATCCAGCCTGCAGAGCTTGGGGACTCGGCCGTGTATCTCTGTGCCAGCAGCTTAGATCGGGGCACCTACGAGCAGTACTTCGGGCCG"	FALSE	TRUE	NA	NA	NA	NA
"CCACGGAGTCAGGGGACACAGCACTGTATTTCTGTGCCAGCAGCAAACTAGCGGGGGTTTAGCACAGATACGCAGTATTTTGGCCCA"	""	"CCACGGAGTCAGGGGACACAGCACTGTATTTCTGTGCCAGCAGCAAACTAGCGGGGGTTTAGCACAGATACGCAGTATTTTGGCCCA"	""	"TCRBV21-1*1"	"TCRBD2-1*1"	"TCRBJ2-3*1"	-1	47	57	60	48	3	NA	NA	"CCACGGAGTCAGGGGACACAGCACTGTATTTCTGTGCCAGCAGCAAACTAGCGGGGGTTTAGCACAGATACGCAGTATTTTGGCCCA"	FALSE	FALSE	NA	NA	NA	NA
"AATTCCCTGGAGCTTGGTGACTCTGCTGTGTATTTCTGTGCCAGCAGCCAAGAACGGATATTTAATGAAAAACTGTTTTTTGGCAGT"	"CASSQERIFNEKLFF"	"AATTCCCTGGAGCTTGGTGACTCTGCTGTGTATTTCTGTGCCAGCAGCCAAGAACGGATATTTAATGAAAAACTGTTTTTTGGCAGT"	"CASSQERIFNEKLFF"	"TCRBV3-1/3-2*1"	NA	"TCRBJ1-4*1"	53	55	58	62	2	4	NA	NA	"AATTCCCTGGAGCTTGGTGACTCTGCTGTGTATTTCTGTGCCAGCAGCCAAGAACGGATATTTAATGAAAAACTGTTTTTTGGCAGT"	FALSE	TRUE	NA	NA	NA	NA
"AAGATCCAGCCTGCAGAGCTTGGGGACTCGGCCATGTATCTCTGTGCCAGCAGCGGGACAGGCGTTGTAGAGCAGTACTTCGGGCCG"	"CASSGTGVVEQYF"	"AAGATCCAGCCTGCAGAGCTTGGGGACTCGGCCATGTATCTCTGTGCCAGCAGCGGGACAGGCGTTGTAGAGCAGTACTTCGGGCCG"	"CASSGTGVVEQYF"	"TCRBV11-1*1"	"TCRBD1-1*1"	"TCRBJ2-7*1"	-1	54	62	69	55	7	NA	NA	"AAGATCCAGCCTGCAGAGCTTGGGGACTCGGCCATGTATCTCTGTGCCAGCAGCGGGACAGGCGTTGTAGAGCAGTACTTCGGGCCG"	FALSE	TRUE	NA	NA	NA	NA
"CTGGGGGACTCGGCCCTTTATCTTTGCGCCAGCAGCTTCGGGACTAGCGGGAGGGCCCTCCAAACAGATACGCAGTATTTTGGCCCA"	"CASSFGTSGRALQTDTQYF"	"CTGGGGGACTCGGCCCTTTATCTTTGCGCCAGCAGCTTCGGGACTAGCGGGAGGGCCCTCCAAACAGATACGCAGTATTTTGGCCCA"	"CASSFGTSGRALQTDTQYF"	"TCRBV5-1*1"	"TCRBD2-1*2"	"TCRBJ2-3*1"	38	39	55	63	1	8	NA	NA	"CTGGGGGACTCGGCCCTTTATCTTTGCGCCAGCAGCTTCGGGACTAGCGGGAGGGCCCTCCAAACAGATACGCAGTATTTTGGCCCA"	FALSE	TRUE	NA	NA	NA	NA
"CTGAATGTGAACGCCTTGGAGCTGGACGACTCGGCCCTGTATCTCTGTGCCAGCAGCTTGATAGGGGGGGAAGCTTTCTTTGGACAA"	"CASSLIGGEAFF"	"CTGAATGTGAACGCCTTGGAGCTGGACGACTCGGCCCTGTATCTCTGTGCCAGCAGCTTGATAGGGGGGGAAGCTTTCTTTGGACAA"	"CASSLIGGEAFF"	"TCRBV5-4*1"	NA	"TCRBJ1-1*1"	60	62	68	69	2	1	NA	NA	"CTGAATGTGAACGCCTTGGAGCTGGACGACTCGGCCCTGTATCTCTGTGCCAGCAGCTTGATAGGGGGGGAAGCTTTCTTTGGACAA"	FALSE	TRUE	NA	NA	NA	NA
"CTCACGTTGGCGTCTGCTGTACCCTCTCAGACATCTGTGTACTTCTGTGCCAGCAGTGCAGGGGTCGGGGAGCTGTTTTTTGGAGAA"	"CASSAGVGELFF"	"CTCACGTTGGCGTCTGCTGTACCCTCTCAGACATCTGTGTACTTCTGTGCCAGCAGTGCAGGGGTCGGGGAGCTGTTTTTTGGAGAA"	"CASSAGVGELFF"	"TCRBV6-4*1"	"TCRBD1-1*1"	"TCRBJ2-2*1"	-1	58	64	65	59	1	NA	NA	"CTCACGTTGGCGTCTGCTGTACCCTCTCAGACATCTGTGTACTTCTGTGCCAGCAGTGCAGGGGTCGGGGAGCTGTTTTTTGGAGAA"	FALSE	TRUE	NA	NA	NA	NA
"ATCCAGCGCACAGAGCAGGGGGACTCGGCCATGTATCTCTGTGCCGGCACCCGGGGGCGGGAAGCAGATACGCAGTATTTTGGCCCA"	"CAGTRGREADTQYF"	"ATCCAGCGCACAGAGCAGGGGGACTCGGCCATGTATCTCTGTGCCGGCACCCGGGGGCGGGAAGCAGATACGCAGTATTTTGGCCCA"	"CAGTRGREADTQYF"	"TCRBV7-9*5"	NA	"TCRBJ2-3*1"	51	52	58	64	1	6	NA	NA	"ATCCAGCGCACAGAGCAGGGGGACTCGGCCATGTATCTCTGTGCCGGCACCCGGGGGCGGGAAGCAGATACGCAGTATTTTGGCCCA"	FALSE	TRUE	NA	NA	NA	NA
"CAGCGCACAGAGCAGGGGGACTCGGCCATGTATCTCTGTGCCAGCAGCTCTGAGACAGGGGCGGAGGAAAAACTGTTTTTTGGCAGT"	"CASSSETGAEEKLFF"	"CAGCGCACAGAGCAGGGGGACTCGGCCATGTATCTCTGTGCCAGCAGCTCTGAGACAGGGGCGGAGGAAAAACTGTTTTTTGGCAGT"	"CASSSETGAEEKLFF"	"TCRBV7-9*1"	"TCRBD1-1*1"	"TCRBJ1-4*1"	49	53	61	66	4	5	NA	NA	"CAGCGCACAGAGCAGGGGGACTCGGCCATGTATCTCTGTGCCAGCAGCTCTGAGACAGGGGCGGAGGAAAAACTGTTTTTTGGCAGT"	FALSE	TRUE	NA	NA	NA	NA
"GCTTGGTGACTCTGCTGTGTATTTCTGTGCCAGCAGCCGTAACGGGACAGGGACTCCTCTGGGGCCAACGTCCTGACTTTCGGGGCC"	""	"GCTTGGTGACTCTGCTGTGTATTTCTGTGCCAGCAGCCGTAACGGGACAGGGACTCCTCTGGGGCCAACGTCCTGACTTTCGGGGCC"	""	"TCRBV3-1/3-2*1"	"TCRBD1-1*1"	"TCRBJ2-6*1"	38	43	52	56	5	4	NA	NA	"GCTTGGTGACTCTGCTGTGTATTTCTGTGCCAGCAGCCGTAACGGGACAGGGACTCCTCTGGGGCCAACGTCCTGACTTTCGGGGCC"	FALSE	FALSE	NA	NA	NA	NA
"CGCCCAGCCCCAACCAGACCTCTCTGTACTTCTGTGCCAGCAGTCCGAAGGACAGGGGATGGTAATGAAAAACTGTTTTTTGGCAGT"	""	"CGCCCAGCCCCAACCAGACCTCTCTGTACTTCTGTGCCAGCAGTCCGAAGGACAGGGGATGGTAATGAAAAACTGTTTTTTGGCAGT"	""	"TCRBV27-1*1"	"TCRBD1-1*1"	"TCRBJ1-4*1"	44	49	58	62	5	4	NA	NA	"CGCCCAGCCCCAACCAGACCTCTCTGTACTTCTGTGCCAGCAGTCCGAAGGACAGGGGATGGTAATGAAAAACTGTTTTTTGGCAGT"	FALSE	FALSE	NA	NA	NA	NA
"ATTCTGGAGTCCGCCAGCACCAACCAGACATCTATGTACCTCTGTGCCAGCTTGTCCCTAGTACCCTACGAGCAGTACTTCGGGCCG"	"CASLSLVPYEQYF"	"ATTCTGGAGTCCGCCAGCACCAACCAGACATCTATGTACCTCTGTGCCAGCTTGTCCCTAGTACCCTACGAGCAGTACTTCGGGCCG"	"CASLSLVPYEQYF"	"TCRBV28-1*1"	"TCRBD2-1"	"TCRBJ2-7*1"	51	57	61	64	6	3	NA	NA	"ATTCTGGAGTCCGCCAGCACCAACCAGACATCTATGTACCTCTGTGCCAGCTTGTCCCTAGTACCCTACGAGCAGTACTTCGGGCCG"	FALSE	TRUE	NA	NA	NA	NA
"GTGAGCAACATGAGCCCTGAAGACAGCAGCATATATCTCTGCAGCGTTGAAAGGGGGACCAACGGGCATGGCTACACCTTCGGTTCG"	"CSVERGTNGHGYTF"	"GTGAGCAACATGAGCCCTGAAGACAGCAGCATATATCTCTGCAGCGTTGAAAGGGGGACCAACGGGCATGGCTACACCTTCGGTTCG"	"CSVERGTNGHGYTF"	"TCRBV29-1"	"TCRBD1-1*1"	"TCRBJ1-2*1"	-1	51	57	67	52	10	NA	NA	"GTGAGCAACATGAGCCCTGAAGACAGCAGCATATATCTCTGCAGCGTTGAAAGGGGGACCAACGGGCATGGCTACACCTTCGGTTCG"	FALSE	TRUE	NA	NA	NA	NA
"CAGAACTGGAGGATTCTGGAGTTTATTTCTGTGCCAGCAGCCAAGATCGACCTACTAGCGAATACAGATACGCAGTATTTTGGCCCA"	""	"CAGAACTGGAGGATTCTGGAGTTTATTTCTGTGCCAGCAGCCAAGATCGACCTACTAGCGAATACAGATACGCAGTATTTTGGCCCA"	""	"TCRBV14-1*1"	"TCRBD2-1"	"TCRBJ2-3*1"	46	53	60	63	7	3	NA	NA	"CAGAACTGGAGGATTCTGGAGTTTATTTCTGTGCCAGCAGCCAAGATCGACCTACTAGCGAATACAGATACGCAGTATTTTGGCCCA"	FALSE	FALSE	NA	NA	NA	NA
"AAGAACCCGACAGCTTTCTATCTCTGTGCCAGTAGTACAGACTCCGGACTAGCGGGAGGATTTTATGGGACCCAGTACTTCGGGCCA"	"CASSTDSGLAGGFYGTQYF"	"AAGAACCCGACAGCTTTCTATCTCTGTGCCAGTAGTACAGACTCCGGACTAGCGGGAGGATTTTATGGGACCCAGTACTTCGGGCCA"	"CASSTDSGLAGGFYGTQYF"	"TCRBV19-1*1"	"TCRBD2-1*2"	"TCRBJ2-5*1"	41	45	59	68	4	9	NA	NA	"AAGAACCCGACAGCTTTCTATCTCTGTGCCAGTAGTACAGACTCCGGACTAGCGGGAGGATTTTATGGGACCCAGTACTTCGGGCCA"	FALSE	TRUE	NA	NA	NA	NA
"CTGATTCTGGAGTCCGCCAGCACCAACCAGACATCTATGTACCTCTGTGCCAGCACTCATGGGAACAATGAGCAGTTCTTCGGGCCA"	"CASTHGNNEQFF"	"CTGATTCTGGAGTCCGCCAGCACCAACCAGACATCTATGTACCTCTGTGCCAGCACTCATGGGAACAATGAGCAGTTCTTCGGGCCA"	"CASTHGNNEQFF"	"TCRBV28-1*1"	NA	"TCRBJ2-1*1"	55	60	-1	64	5	65	NA	NA	"CTGATTCTGGAGTCCGCCAGCACCAACCAGACATCTATGTACCTCTGTGCCAGCACTCATGGGAACAATGAGCAGTTCTTCGGGCCA"	FALSE	TRUE	NA	NA	NA	NA
"ACGTTGGCGTCTGCTGTACCCTCTCAGACATCTGTGTACTTCTGTGCCAGCAGTGATAGGACAGGCTATGGCTACACCTTCGGTTCG"	"CASSDRTGYGYTF"	"ACGTTGGCGTCTGCTGTACCCTCTCAGACATCTGTGTACTTCTGTGCCAGCAGTGATAGGACAGGCTATGGCTACACCTTCGGTTCG"	"CASSDRTGYGYTF"	"TCRBV6-4*1"	"TCRBD1-1*1"	"TCRBJ1-2*1"	56	58	-1	65	2	66	NA	NA	"ACGTTGGCGTCTGCTGTACCCTCTCAGACATCTGTGTACTTCTGTGCCAGCAGTGATAGGACAGGCTATGGCTACACCTTCGGTTCG"	FALSE	TRUE	NA	NA	NA	NA
"CTCACTCTGGAGTCCGCTACCAGCTCCCAGACATCTGTGTACTTCTGTGCCGTCGTCGGGGTTAACACTGAAGCTTTCTTTGGACAA"	"CAVVGVNTEAFF"	"CTCACTCTGGAGTCCGCTACCAGCTCCCAGACATCTGTGTACTTCTGTGCCGTCGTCGGGGTTAACACTGAAGCTTTCTTTGGACAA"	"CAVVGVNTEAFF"	"TCRBV1-3*1"	"TCRBD2-1*1"	"TCRBJ1-1*1"	51	56	61	63	5	2	NA	NA	"CTCACTCTGGAGTCCGCTACCAGCTCCCAGACATCTGTGTACTTCTGTGCCGTCGTCGGGGTTAACACTGAAGCTTTCTTTGGACAA"	FALSE	TRUE	NA	NA	NA	NA
"NTGTCGGCTGCTCCCTCCCAGACATCTGTGTACTTCTGTGCCAGCAGTGAAGGAATCGGGAGTCTCTACGAGCAGTACTTCGGGCCG"	"CASSEGIGSLYEQYF"	"NTGTCGGCTGCTCCCTCCCAGACATCTGTGTACTTCTGTGCCAGCAGTGAAGGAATCGGGAGTCTCTACGAGCAGTACTTCGGGCCG"	"CASSEGIGSLYEQYF"	"TCRBV6-1*1"	"TCRBD2-1*2"	"TCRBJ2-7*1"	52	56	62	65	4	3	NA	NA	"NTGTCGGCTGCTCCCTCCCAGACATCTGTGTACTTCTGTGCCAGCAGTGAAGGAATCGGGAGTCTCTACGAGCAGTACTTCGGGCCG"	FALSE	TRUE	NA	NA	NA	NA
"CTCCTTCTCAGTGACTCTGGCTTCTATCTCTGTGCCTGGAGTGGCGGTACTAGCGGGAGGACCACAGATACGCAGTATTTTGGCCCA"	"CAWSGGTSGRTTDTQYF"	"CTCCTTCTCAGTGACTCTGGCTTCTATCTCTGTGCCTGGAGTGGCGGTACTAGCGGGAGGACCACAGATACGCAGTATTTTGGCCCA"	"CAWSGGTSGRTTDTQYF"	"TCRBV3-1*1"	"TCRBD2-1*2"	"TCRBJ2-3*1"	43	48	60	62	5	2	NA	NA	"CTCCTTCTCAGTGACTCTGGCTTCTATCTCTGTGCCTGGAGTGGCGGTACTAGCGGGAGGACCACAGATACGCAGTATTTTGGCCCA"	FALSE	TRUE	NA	NA	NA	NA
"TCGCACTGCAGCAAGAAGACTCAGCTGCGTATCTCTGCACCAGCAGCCCAGGCACCGCGGGAGCGCAATACGCAGTATTTTGGCCCA"	""	"TCGCACTGCAGCAAGAAGACTCAGCTGCGTATCTCTGCACCAGCAGCCCAGGCACCGCGGGAGCGCAATACGCAGTATTTTGGCCCA"	""	"TCRBV1-1*1"	"TCRBD2-1*2"	"TCRBJ2-3*1"	48	56	63	67	8	4	NA	NA	"TCGCACTGCAGCAAGAAGACTCAGCTGCGTATCTCTGCACCAGCAGCCCAGGCACCGCGGGAGCGCAATACGCAGTATTTTGGCCCA"	FALSE	FALSE	NA	NA	NA	NA
"ACCAGTGCCCATCCTGAAGACAGCAGCTTCTACATCTGCAGTACTTACTTGCGGGAGGGCCGGGGCAATGAGCAGTTCTTCGGGCCA"	"CSTYLREGRGNEQFF"	"ACCAGTGCCCATCCTGAAGACAGCAGCTTCTACATCTGCAGTACTTACTTGCGGGAGGGCCGGGGCAATGAGCAGTTCTTCGGGCCA"	"CSTYLREGRGNEQFF"	NA	"TCRBD2-1*2"	"TCRBJ2-1*1"	42	50	59	65	8	6	NA	NA	"ACCAGTGCCCATCCTGAAGACAGCAGCTTCTACATCTGCAGTACTTACTTGCGGGAGGGCCGGGGCAATGAGCAGTTCTTCGGGCCA"	FALSE	TRUE	NA	NA	NA	NA
"TGGAGTCGCCCAGCCCCAACCAGACCTCTCTGTACTTCTGTGCCAGCAACCCAGGGCAATTGAGCAAATGAGCAGTTCTTCGGGCCA"	""	"TGGAGTCGCCCAGCCCCAACCAGACCTCTCTGTACTTCTGTGCCAGCAACCCAGGGCAATTGAGCAAATGAGCAGTTCTTCGGGCCA"	""	"TCRBV27-1*1"	"TCRBD1-1*1"	"TCRBJ2-1*1"	48	51	56	66	3	10	NA	NA	"TGGAGTCGCCCAGCCCCAACCAGACCTCTCTGTACTTCTGTGCCAGCAACCCAGGGCAATTGAGCAAATGAGCAGTTCTTCGGGCCA"	FALSE	FALSE	NA	NA	NA	NA
"CTGGAGTCGCCCAGCCCCAACCAGACCTCTCTGTACTTCTGTGCCAGCAGTTTAGGGGGGGTGGGGACTGAAGCTTTCTTTGGACAA"	"CASSLGGVGTEAFF"	"CTGGAGTCGCCCAGCCCCAACCAGACCTCTCTGTACTTCTGTGCCAGCAGTTTAGGGGGGGTGGGGACTGAAGCTTTCTTTGGACAA"	"CASSLGGVGTEAFF"	"TCRBV27-1*1"	"TCRBD2-1*1"	"TCRBJ1-1*1"	-1	54	61	66	55	5	NA	NA	"CTGGAGTCGCCCAGCCCCAACCAGACCTCTCTGTACTTCTGTGCCAGCAGTTTAGGGGGGGTGGGGACTGAAGCTTTCTTTGGACAA"	FALSE	TRUE	NA	NA	NA	NA
"CTGATTCTGGAGTCCGCCAGCACCAACCAGACATCTATGTACCTCTGTGCCAGCGCCCTTGGACCCGGGGAGCTGTTTTTTGGAGAA"	"CASALGPGELFF"	"CTGATTCTGGAGTCCGCCAGCACCAACCAGACATCTATGTACCTCTGTGCCAGCGCCCTTGGACCCGGGGAGCTGTTTTTTGGAGAA"	"CASALGPGELFF"	"TCRBV28-1*1"	NA	"TCRBJ2-2*1"	54	60	-1	64	6	65	NA	NA	"CTGATTCTGGAGTCCGCCAGCACCAACCAGACATCTATGTACCTCTGTGCCAGCGCCCTTGGACCCGGGGAGCTGTTTTTTGGAGAA"	FALSE	TRUE	NA	NA	NA	NA
"ACAGTGACCAGTGCCCATCCTGAAGACAGCAGCTTCTACATCTGCAGTGCTAGCCGGACAGTCACCGGGGAGCTGTTTTTTGGAGAA"	"CSASRTVTGELFF"	"ACAGTGACCAGTGCCCATCCTGAAGACAGCAGCTTCTACATCTGCAGTGCTAGCCGGACAGTCACCGGGGAGCTGTTTTTTGGAGAA"	"CSASRTVTGELFF"	NA	"TCRBD1-1*1"	"TCRBJ2-2*1"	53	55	61	62	2	1	NA	NA	"ACAGTGACCAGTGCCCATCCTGAAGACAGCAGCTTCTACATCTGCAGTGCTAGCCGGACAGTCACCGGGGAGCTGTTTTTTGGAGAA"	FALSE	TRUE	NA	NA	NA	NA
"TCCACGGAGTCAGGGGACACAGCACTGTATTTCTGTGCCAGCAGCAAAGATGGACCGACCATTCTCTACGAGCAGTACTTCGGGCCG"	"CASSKDGPTILYEQYF"	"TCCACGGAGTCAGGGGACACAGCACTGTATTTCTGTGCCAGCAGCAAAGATGGACCGACCATTCTCTACGAGCAGTACTTCGGGCCG"	"CASSKDGPTILYEQYF"	"TCRBV21-1*1"	NA	"TCRBJ2-7*1"	49	51	55	65	2	10	NA	NA	"TCCACGGAGTCAGGGGACACAGCACTGTATTTCTGTGCCAGCAGCAAAGATGGACCGACCATTCTCTACGAGCAGTACTTCGGGCCG"	FALSE	TRUE	NA	NA	NA	NA
"CTGAGGATCCAGCAGGTAGTGCGAGGAGATTCGGCAGCTTATTTCTGTGCCAGCTTCAGGACTAGGAATGAGCAGTTCTTCGGGCCA"	"CASFRTRNEQFF"	"CTGAGGATCCAGCAGGTAGTGCGAGGAGATTCGGCAGCTTATTTCTGTGCCAGCTTCAGGACTAGGAATGAGCAGTTCTTCGGGCCA"	"CASFRTRNEQFF"	"TCRBV18-1*1"	"TCRBD2-1"	"TCRBJ2-1*1"	55	58	65	66	3	1	NA	NA	"CTGAGGATCCAGCAGGTAGTGCGAGGAGATTCGGCAGCTTATTTCTGTGCCAGCTTCAGGACTAGGAATGAGCAGTTCTTCGGGCCA"	FALSE	TRUE	NA	NA	NA	NA
"CTGACAGTGACCAGTGCCCATCCTGAAGACAGCAGCTTCTACATCTGCAGTGCAACAGGGGGAAGGGGGGAGCTGTTTTTTGGAGAA"	"CSATGGRGELFF"	"CTGACAGTGACCAGTGCCCATCCTGAAGACAGCAGCTTCTACATCTGCAGTGCAACAGGGGGAAGGGGGGAGCTGTTTTTTGGAGAA"	"CSATGGRGELFF"	NA	"TCRBD1-1*1"	"TCRBJ2-2*1"	53	54	62	66	1	4	NA	NA	"CTGACAGTGACCAGTGCCCATCCTGAAGACAGCAGCTTCTACATCTGCAGTGCAACAGGGGGAAGGGGGGAGCTGTTTTTTGGAGAA"	FALSE	TRUE	NA	NA	NA	NA
"GTGACATCGGCCCAAAAGAACCCGACAGCTTTCTATCTCTGTGCCAGTAGGGCTAACACCAGGAATTCACCCCTCCACTTTGGGAAT"	"CASRANTRNSPLHF"	"GTGACATCGGCCCAAAAGAACCCGACAGCTTTCTATCTCTGTGCCAGTAGGGCTAACACCAGGAATTCACCCCTCCACTTTGGGAAT"	"CASRANTRNSPLHF"	"TCRBV19-1*1"	"TCRBD1-1*1"	"TCRBJ1-6*1"	50	59	-1	63	9	64	NA	NA	"GTGACATCGGCCCAAAAGAACCCGACAGCTTTCTATCTCTGTGCCAGTAGGGCTAACACCAGGAATTCACCCCTCCACTTTGGGAAT"	FALSE	TRUE	NA	NA	NA	NA
"CAGGTAGTGCGAGGAGATTCGGCAGCTTATTTCTGTGCCAGCTCACCGGCTAGCGGAACTTACCAAGAGACCCAGTACTTCGGGCCA"	"CASSPASGTYQETQYF"	"CAGGTAGTGCGAGGAGATTCGGCAGCTTATTTCTGTGCCAGCTCACCGGCTAGCGGAACTTACCAAGAGACCCAGTACTTCGGGCCA"	"CASSPASGTYQETQYF"	"TCRBV18-1*1"	"TCRBD2-1"	"TCRBJ2-5*1"	47	49	56	61	2	5	NA	NA	"CAGGTAGTGCGAGGAGATTCGGCAGCTTATTTCTGTGCCAGCTCACCGGCTAGCGGAACTTACCAAGAGACCCAGTACTTCGGGCCA"	FALSE	TRUE	NA	NA	NA	NA
"ATCCAGCGCACAGAGCAGGAGGACTCGGCCGTGTATCTCTGTGCCAGCAGGGGACAGGGGACCTTCTACGAGCAGTACTTCGGGCCG"	"CASRGQGTFYEQYF"	"ATCCAGCGCACAGAGCAGGAGGACTCGGCCGTGTATCTCTGTGCCAGCAGGGGACAGGGGACCTTCTACGAGCAGTACTTCGGGCCG"	"CASRGQGTFYEQYF"	"TCRBV7-2"	"TCRBD1-1*1"	"TCRBJ2-7*1"	-1	50	60	65	51	5	NA	NA	"ATCCAGCGCACAGAGCAGGAGGACTCGGCCGTGTATCTCTGTGCCAGCAGGGGACAGGGGACCTTCTACGAGCAGTACTTCGGGCCG"	FALSE	TRUE	NA	NA	NA	NA
"TCGGCCCAAAAGAACCCGACAGCTTTCTATCTCTGTGCCAGTAGTCTTCACAGGGGGTGGGGCACAGATACGCAGTATTTTGGCCCA"	"CASSLHRGWGTDTQYF"	"TCGGCCCAAAAGAACCCGACAGCTTTCTATCTCTGTGCCAGTAGTCTTCACAGGGGGTGGGGCACAGATACGCAGTATTTTGGCCCA"	"CASSLHRGWGTDTQYF"	"TCRBV19-1*1"	"TCRBD1-1*1"	"TCRBJ2-3*1"	45	49	57	61	4	4	NA	NA	"TCGGCCCAAAAGAACCCGACAGCTTTCTATCTCTGTGCCAGTAGTCTTCACAGGGGGTGGGGCACAGATACGCAGTATTTTGGCCCA"	FALSE	TRUE	NA	NA	NA	NA
"AATTCCCTGGAGCTTGGTGACTCTGCTGTGTATTTCTGTGCCAGCAGCCAAGCAGAATTACCCTACAATGAGCAGTTCTTCGGGCCA"	"CASSQAELPYNEQFF"	"AATTCCCTGGAGCTTGGTGACTCTGCTGTGTATTTCTGTGCCAGCAGCCAAGCAGAATTACCCTACAATGAGCAGTTCTTCGGGCCA"	"CASSQAELPYNEQFF"	"TCRBV3-1/3-2*1"	"TCRBD1-1*1"	"TCRBJ2-1*1"	-1	52	55	61	53	6	NA	NA	"AATTCCCTGGAGCTTGGTGACTCTGCTGTGTATTTCTGTGCCAGCAGCCAAGCAGAATTACCCTACAATGAGCAGTTCTTCGGGCCA"	FALSE	TRUE	NA	NA	NA	NA
"NNTGTCGGCTGCTCCCTCCCAGACATCTGTGTACTTCTGTGCCAGCAGTGACCAGGGTGGAGCTCCTACGAGCAGTACTTCGGGCCG"	""	"NNTGTCGGCTGCTCCCTCCCAGACATCTGTGTACTTCTGTGCCAGCAGTGACCAGGGTGGAGCTCCTACGAGCAGTACTTCGGGCCG"	""	"TCRBV6-1*1"	"TCRBD1-1*1"	"TCRBJ2-7*1"	51	52	57	62	1	5	NA	NA	"NNTGTCGGCTGCTCCCTCCCAGACATCTGTGTACTTCTGTGCCAGCAGTGACCAGGGTGGAGCTCCTACGAGCAGTACTTCGGGCCG"	FALSE	FALSE	NA	NA	NA	NA
"ACCAGTGCCCATCCTGAAGACAGCAGCTTCTACATCTGCAGTGCTAGAATGGCGGGAGTTTTCACAGATACGCAGTATTTTGGCCCA"	"CSARMAGVFTDTQYF"	"ACCAGTGCCCATCCTGAAGACAGCAGCTTCTACATCTGCAGTGCTAGAATGGCGGGAGTTTTCACAGATACGCAGTATTTTGGCCCA"	"CSARMAGVFTDTQYF"	NA	"TCRBD2-1*2"	"TCRBJ2-3*1"	48	51	58	62	3	4	NA	NA	"ACCAGTGCCCATCCTGAAGACAGCAGCTTCTACATCTGCAGTGCTAGAATGGCGGGAGTTTTCACAGATACGCAGTATTTTGGCCCA"	FALSE	TRUE	NA	NA	NA	NA
"CCCAGGGACTCAGCTGTGTACTTCTGTGCCAGCAGTTTATATATTCCCCCAGGGACTAGCCGAGCCTACGAGCAGTACTTCGGGCCG"	"CASSLYIPPGTSRAYEQYF"	"CCCAGGGACTCAGCTGTGTACTTCTGTGCCAGCAGTTTATATATTCCCCCAGGGACTAGCCGAGCCTACGAGCAGTACTTCGGGCCG"	"CASSLYIPPGTSRAYEQYF"	NA	"TCRBD2-1"	"TCRBJ2-7*1"	39	51	60	64	12	4	NA	NA	"CCCAGGGACTCAGCTGTGTACTTCTGTGCCAGCAGTTTATATATTCCCCCAGGGACTAGCCGAGCCTACGAGCAGTACTTCGGGCCG"	FALSE	TRUE	NA	NA	NA	NA
"CCTGCAAAGCTTGAGGACTCGGCCGTGTATCTCTGTGCCAGCAGCATTAGGGGGTGGGATCCCCTCTACGAGCAGTACTTCGGGCCG"	"CASSIRGWDPLYEQYF"	"CCTGCAAAGCTTGAGGACTCGGCCGTGTATCTCTGTGCCAGCAGCATTAGGGGGTGGGATCCCCTCTACGAGCAGTACTTCGGGCCG"	"CASSIRGWDPLYEQYF"	"TCRBV11-2"	"TCRBD1-1*1"	"TCRBJ2-7*1"	45	48	54	65	3	11	NA	NA	"CCTGCAAAGCTTGAGGACTCGGCCGTGTATCTCTGTGCCAGCAGCATTAGGGGGTGGGATCCCCTCTACGAGCAGTACTTCGGGCCG"	FALSE	TRUE	NA	NA	NA	NA
"CTCACTCTGGAGTCCGCTACCAGCTCCCAGACATCTGTGTACTTCTGTGCCATCAGTGACAGCGATCAGCCCCAGCATTTTGGTGAT"	"CAISDSDQPQHF"	"CTCACTCTGGAGTCCGCTACCAGCTCCCAGACATCTGTGTACTTCTGTGCCATCAGTGACAGCGATCAGCCCCAGCATTTTGGTGAT"	"CAISDSDQPQHF"	"TCRBV1-3*1"	"TCRBD2-1"	"TCRBJ1-5*1"	59	60	-1	64	1	65	NA	NA	"CTCACTCTGGAGTCCGCTACCAGCTCCCAGACATCTGTGTACTTCTGTGCCATCAGTGACAGCGATCAGCCCCAGCATTTTGGTGAT"	FALSE	TRUE	NA	NA	NA	NA
"ATCCAGCGCACAGAGCGGGGGGACTCAGCCGTGTATCTCTGTGCCAGCTATGGGGGCTTAGAAAATTCACCCCTCCACTTTGGGAAT"	"CASYGGLENSPLHF"	"ATCCAGCGCACAGAGCGGGGGGACTCAGCCGTGTATCTCTGTGCCAGCTATGGGGGCTTAGAAAATTCACCCCTCCACTTTGGGAAT"	"CASYGGLENSPLHF"	"TCRBV7-3*1"	"TCRBD1-1*1"	"TCRBJ1-6*1"	48	51	57	63	3	6	NA	NA	"ATCCAGCGCACAGAGCGGGGGGACTCAGCCGTGTATCTCTGTGCCAGCTATGGGGGCTTAGAAAATTCACCCCTCCACTTTGGGAAT"	FALSE	TRUE	NA	NA	NA	NA
"GTGAGCAACATGAGCCCTGAAGACAGCAGCATATATCTCTGCAGCGTAGGGGGGCGGACAGGGCAAGAGACCCAGTACTTCGGGCCA"	"CSVGGRTGQETQYF"	"GTGAGCAACATGAGCCCTGAAGACAGCAGCATATATCTCTGCAGCGTAGGGGGGCGGACAGGGCAAGAGACCCAGTACTTCGGGCCA"	"CSVGGRTGQETQYF"	"TCRBV29-1"	"TCRBD1-1*1"	"TCRBJ2-5*1"	47	55	-1	63	8	64	NA	NA	"GTGAGCAACATGAGCCCTGAAGACAGCAGCATATATCTCTGCAGCGTAGGGGGGCGGACAGGGCAAGAGACCCAGTACTTCGGGCCA"	FALSE	TRUE	NA	NA	NA	NA
"ATCCAGCGCACAGAGCGGGGGGACTCAGCCGTGTATCTCTGTGCCAGCAGCTTATACTTCCCCCTCCGTGAGCAGTTCTTCGGGCCA"	"CASSLYFPLREQFF"	"ATCCAGCGCACAGAGCGGGGGGACTCAGCCGTGTATCTCTGTGCCAGCAGCTTATACTTCCCCCTCCGTGAGCAGTTCTTCGGGCCA"	"CASSLYFPLREQFF"	"TCRBV7-3*1"	"TCRBD2-1"	"TCRBJ2-1*1"	54	55	58	68	1	10	NA	NA	"ATCCAGCGCACAGAGCGGGGGGACTCAGCCGTGTATCTCTGTGCCAGCAGCTTATACTTCCCCCTCCGTGAGCAGTTCTTCGGGCCA"	FALSE	TRUE	NA	NA	NA	NA
"GTGCGAGGAGATTCGGCAGCTTATTTCTGTGCCAGCTCATCCGACAGGGTCGGGGGTTCCACCTACAATGAGCAGTTCTTCGGGCCA"	"CASSSDRVGGSTYNEQFF"	"GTGCGAGGAGATTCGGCAGCTTATTTCTGTGCCAGCTCATCCGACAGGGTCGGGGGTTCCACCTACAATGAGCAGTTCTTCGGGCCA"	"CASSSDRVGGSTYNEQFF"	"TCRBV18-1*1"	"TCRBD1-1*1"	"TCRBJ2-1*1"	39	42	49	61	3	12	NA	NA	"GTGCGAGGAGATTCGGCAGCTTATTTCTGTGCCAGCTCATCCGACAGGGTCGGGGGTTCCACCTACAATGAGCAGTTCTTCGGGCCA"	FALSE	TRUE	NA	NA	NA	NA
"ATCAATTCCCTGGAGCTTGGTGACTCTGCTGTGTATTTCTGTGCCAGCAGCCTTTCATCTGGGGCCAACGTCCTGACTTTCGGGGCC"	"CASSLSSGANVLTF"	"ATCAATTCCCTGGAGCTTGGTGACTCTGCTGTGTATTTCTGTGCCAGCAGCCTTTCATCTGGGGCCAACGTCCTGACTTTCGGGGCC"	"CASSLSSGANVLTF"	"TCRBV3-1/3-2*1"	"TCRBD1-1*1"	"TCRBJ2-6*1"	52	55	-1	57	3	58	NA	NA	"ATCAATTCCCTGGAGCTTGGTGACTCTGCTGTGTATTTCTGTGCCAGCAGCCTTTCATCTGGGGCCAACGTCCTGACTTTCGGGGCC"	FALSE	TRUE	NA	NA	NA	NA
